id,smirks,sources
EVODEX-N1,[O:45]=[C:46]([C:47])[H:83]>>[H][O:45][C:46]([H])([C:47])[H:83],"EVODEX-P2,EVODEX-P9,EVODEX-P16,EVODEX-P24,EVODEX-P58,EVODEX-P60,EVODEX-P96,EVODEX-P112,EVODEX-P114,EVODEX-P230,EVODEX-P232,EVODEX-P242,EVODEX-P244,EVODEX-P250,EVODEX-P262,EVODEX-P266,EVODEX-P274,EVODEX-P335,EVODEX-P341,EVODEX-P366,EVODEX-P384,EVODEX-P389,EVODEX-P411,EVODEX-P443,EVODEX-P495,EVODEX-P521,EVODEX-P523,EVODEX-P551,EVODEX-P607,EVODEX-P619,EVODEX-P634,EVODEX-P636,EVODEX-P664,EVODEX-P674,EVODEX-P708,EVODEX-P724,EVODEX-P804,EVODEX-P810,EVODEX-P844,EVODEX-P882,EVODEX-P924,EVODEX-P932,EVODEX-P950,EVODEX-P957,EVODEX-P1018,EVODEX-P1055,EVODEX-P1098,EVODEX-P1280,EVODEX-P1315,EVODEX-P1322,EVODEX-P1405,EVODEX-P1418,EVODEX-P1444,EVODEX-P2436"
EVODEX-N2,[H][C:3]([C:2])([O:4][H])[H:56]>>[C:2][C:3](=[O:4])[H:56],"EVODEX-P5,EVODEX-P12,EVODEX-P14,EVODEX-P22,EVODEX-P56,EVODEX-P62,EVODEX-P94,EVODEX-P110,EVODEX-P228,EVODEX-P234,EVODEX-P240,EVODEX-P246,EVODEX-P248,EVODEX-P260,EVODEX-P264,EVODEX-P272,EVODEX-P337,EVODEX-P339,EVODEX-P364,EVODEX-P387,EVODEX-P409,EVODEX-P441,EVODEX-P493,EVODEX-P553,EVODEX-P555,EVODEX-P557,EVODEX-P605,EVODEX-P617,EVODEX-P666,EVODEX-P672,EVODEX-P706,EVODEX-P806,EVODEX-P808,EVODEX-P850,EVODEX-P884,EVODEX-P897,EVODEX-P920,EVODEX-P922,EVODEX-P934,EVODEX-P952,EVODEX-P1016,EVODEX-P1057,EVODEX-P1059,EVODEX-P1100,EVODEX-P1159,EVODEX-P1167,EVODEX-P1243,EVODEX-P1249,EVODEX-P1251,EVODEX-P1259,EVODEX-P1278,EVODEX-P1284,EVODEX-P1306,EVODEX-P1313,EVODEX-P1320,EVODEX-P1324,EVODEX-P1326,EVODEX-P1328,EVODEX-P1336,EVODEX-P1340,EVODEX-P1390,EVODEX-P1394,EVODEX-P1403,EVODEX-P1408,EVODEX-P1416,EVODEX-P1442,EVODEX-P3319,EVODEX-P4410,EVODEX-P4433,EVODEX-P4435,EVODEX-P8010,EVODEX-P30401,EVODEX-P30404,EVODEX-P30406,EVODEX-P30429,EVODEX-P30795,EVODEX-P30862,EVODEX-P31165,EVODEX-P31759"
EVODEX-N3,[H][C@@:6]([C:5])([O:7][H])[C:8]>>[C:5][C:6](=[O:7])[C:8],"EVODEX-P18,EVODEX-P26,EVODEX-P30,EVODEX-P36,EVODEX-P40,EVODEX-P44,EVODEX-P48,EVODEX-P52,EVODEX-P86,EVODEX-P90,EVODEX-P98,EVODEX-P104,EVODEX-P106,EVODEX-P131,EVODEX-P135,EVODEX-P175,EVODEX-P191,EVODEX-P212,EVODEX-P218,EVODEX-P220,EVODEX-P226,EVODEX-P236,EVODEX-P254,EVODEX-P256,EVODEX-P276,EVODEX-P287,EVODEX-P311,EVODEX-P352,EVODEX-P356,EVODEX-P362,EVODEX-P368,EVODEX-P372,EVODEX-P378,EVODEX-P394,EVODEX-P398,EVODEX-P402,EVODEX-P406,EVODEX-P435,EVODEX-P439,EVODEX-P445,EVODEX-P449,EVODEX-P468,EVODEX-P479,EVODEX-P483,EVODEX-P487,EVODEX-P497,EVODEX-P501,EVODEX-P507,EVODEX-P509,EVODEX-P515,EVODEX-P519,EVODEX-P527,EVODEX-P532,EVODEX-P536,EVODEX-P542,EVODEX-P547,EVODEX-P549,EVODEX-P559,EVODEX-P563,EVODEX-P571,EVODEX-P587,EVODEX-P593,EVODEX-P601,EVODEX-P609,EVODEX-P623,EVODEX-P628,EVODEX-P654,EVODEX-P656,EVODEX-P662,EVODEX-P668,EVODEX-P680,EVODEX-P686,EVODEX-P690,EVODEX-P693,EVODEX-P700,EVODEX-P704,EVODEX-P712,EVODEX-P714,EVODEX-P720,EVODEX-P726,EVODEX-P728,EVODEX-P734,EVODEX-P738,EVODEX-P742,EVODEX-P744,EVODEX-P748,EVODEX-P750,EVODEX-P752,EVODEX-P761,EVODEX-P765,EVODEX-P769,EVODEX-P779,EVODEX-P783,EVODEX-P794,EVODEX-P800,EVODEX-P812,EVODEX-P818,EVODEX-P820,EVODEX-P834,EVODEX-P838,EVODEX-P848,EVODEX-P861,EVODEX-P880,EVODEX-P886,EVODEX-P888,EVODEX-P891,EVODEX-P893,EVODEX-P904,EVODEX-P936,EVODEX-P940,EVODEX-P979,EVODEX-P983,EVODEX-P986,EVODEX-P995,EVODEX-P997,EVODEX-P1001,EVODEX-P1009,EVODEX-P1014,EVODEX-P1024,EVODEX-P1026,EVODEX-P1031,EVODEX-P1040,EVODEX-P1050,EVODEX-P1052,EVODEX-P1077,EVODEX-P1079,EVODEX-P1081,EVODEX-P1090,EVODEX-P1094,EVODEX-P1102,EVODEX-P1107,EVODEX-P1120,EVODEX-P1122,EVODEX-P1124,EVODEX-P1141,EVODEX-P1149,EVODEX-P1151,EVODEX-P1153,EVODEX-P1155,EVODEX-P1157,EVODEX-P1169,EVODEX-P1171,EVODEX-P1173,EVODEX-P1176,EVODEX-P1191,EVODEX-P1193,EVODEX-P1216,EVODEX-P1224,EVODEX-P1238,EVODEX-P1245,EVODEX-P1253,EVODEX-P1255,EVODEX-P1262,EVODEX-P1274,EVODEX-P1276,EVODEX-P1288,EVODEX-P1302,EVODEX-P1330,EVODEX-P1332,EVODEX-P1334,EVODEX-P1342,EVODEX-P1344,EVODEX-P1359,EVODEX-P1399,EVODEX-P1410,EVODEX-P1412,EVODEX-P1426,EVODEX-P1428,EVODEX-P1432,EVODEX-P2519,EVODEX-P2725,EVODEX-P4417,EVODEX-P4492,EVODEX-P29626,EVODEX-P30350,EVODEX-P30353,EVODEX-P30356,EVODEX-P30370,EVODEX-P30381,EVODEX-P30409,EVODEX-P30425,EVODEX-P30432,EVODEX-P30435,EVODEX-P30438,EVODEX-P30441,EVODEX-P30443,EVODEX-P30446,EVODEX-P30541,EVODEX-P30561,EVODEX-P30631,EVODEX-P30656,EVODEX-P30707,EVODEX-P30757,EVODEX-P30766,EVODEX-P30832,EVODEX-P31190,EVODEX-P31302,EVODEX-P31663,EVODEX-P31671,EVODEX-P31673,EVODEX-P31679,EVODEX-P31683,EVODEX-P31875"
EVODEX-N4,[C:1][C:2](=[O:3])[C:4]>>[H][C:2]([C:1])([O:3][H])[C:4],"EVODEX-P20,EVODEX-P28,EVODEX-P32,EVODEX-P34,EVODEX-P42,EVODEX-P46,EVODEX-P50,EVODEX-P54,EVODEX-P88,EVODEX-P92,EVODEX-P100,EVODEX-P102,EVODEX-P108,EVODEX-P129,EVODEX-P137,EVODEX-P177,EVODEX-P193,EVODEX-P214,EVODEX-P216,EVODEX-P222,EVODEX-P224,EVODEX-P238,EVODEX-P252,EVODEX-P258,EVODEX-P278,EVODEX-P282,EVODEX-P289,EVODEX-P354,EVODEX-P358,EVODEX-P360,EVODEX-P370,EVODEX-P374,EVODEX-P376,EVODEX-P380,EVODEX-P382,EVODEX-P396,EVODEX-P400,EVODEX-P404,EVODEX-P437,EVODEX-P447,EVODEX-P451,EVODEX-P466,EVODEX-P470,EVODEX-P481,EVODEX-P485,EVODEX-P489,EVODEX-P499,EVODEX-P503,EVODEX-P505,EVODEX-P511,EVODEX-P513,EVODEX-P517,EVODEX-P525,EVODEX-P534,EVODEX-P538,EVODEX-P540,EVODEX-P544,EVODEX-P561,EVODEX-P565,EVODEX-P567,EVODEX-P569,EVODEX-P585,EVODEX-P595,EVODEX-P603,EVODEX-P621,EVODEX-P626,EVODEX-P660,EVODEX-P670,EVODEX-P682,EVODEX-P684,EVODEX-P688,EVODEX-P695,EVODEX-P697,EVODEX-P702,EVODEX-P710,EVODEX-P716,EVODEX-P718,EVODEX-P722,EVODEX-P730,EVODEX-P732,EVODEX-P736,EVODEX-P740,EVODEX-P746,EVODEX-P759,EVODEX-P763,EVODEX-P767,EVODEX-P781,EVODEX-P790,EVODEX-P792,EVODEX-P802,EVODEX-P814,EVODEX-P816,EVODEX-P822,EVODEX-P824,EVODEX-P836,EVODEX-P846,EVODEX-P853,EVODEX-P855,EVODEX-P857,EVODEX-P875,EVODEX-P878,EVODEX-P902,EVODEX-P938,EVODEX-P942,EVODEX-P981,EVODEX-P993,EVODEX-P999,EVODEX-P1003,EVODEX-P1012,EVODEX-P1020,EVODEX-P1022,EVODEX-P1033,EVODEX-P1038,EVODEX-P1042,EVODEX-P1046,EVODEX-P1048,EVODEX-P1061,EVODEX-P1063,EVODEX-P1066,EVODEX-P1083,EVODEX-P1085,EVODEX-P1092,EVODEX-P1105,EVODEX-P1116,EVODEX-P1118,EVODEX-P1126,EVODEX-P1143,EVODEX-P1145,EVODEX-P1147,EVODEX-P1218,EVODEX-P1222,EVODEX-P1240,EVODEX-P1430,EVODEX-P2521,EVODEX-P4084,EVODEX-P4086,EVODEX-P4097,EVODEX-P12342,EVODEX-P12344"
EVODEX-N5,[H][C:111]([H])([C:110])[O:112]>>O=[C:111]([C:110])[O:112],"EVODEX-P64,EVODEX-P81,EVODEX-P454,EVODEX-P460,EVODEX-P475,EVODEX-P642,EVODEX-P926,EVODEX-P1292,EVODEX-P1298"
EVODEX-N6,[H][C:111]([H])([C:110])[O:112].[H][O:89][H]>>[O:89]=[C:111]([C:110])[O:112],"EVODEX-P65,EVODEX-P82,EVODEX-P455,EVODEX-P461,EVODEX-P477,EVODEX-P644,EVODEX-P927"
EVODEX-N7,[H][O:89][H]>>[H]OC([C@@]1([H])O[C@]([H])(OP(=O)(O[H])OP(=O)(O[H])OC([H])([H])[C@@]2([H])O[C@@]([H])(N3:C([H]):C([H]):C(=O):N([H]):C:3=O)[C@]([H])(O[H])[C@]2([H])O[H])[C@]([H])(O[H])[C@@]([H])(O[H])[C@]1([H])O[H])=[O:89],EVODEX-P68
EVODEX-N8,O=[C:90]([O:91])[C:92]>>[H][C:90]([H])([O:91])[C:92],"EVODEX-P71,EVODEX-P647"
EVODEX-N9,[O:89]=[C:90]([O:91])[C:92]>>[H][C:90]([H])([O:91])[C:92].[H][O:89][H],"EVODEX-P73,EVODEX-P649"
EVODEX-N10,[H]OC([C@@]1([H])O[C@]([H])(OP(=O)(O[H])OP(=O)(O[H])OC([H])([H])[C@@]2([H])O[C@@]([H])(N3:C([H]):C([H]):C(=O):N([H]):C:3=O)[C@]([H])(O[H])[C@]2([H])O[H])[C@]([H])(O[H])[C@@]([H])(O[H])[C@]1([H])O[H])=[O:89]>>[H][O:89][H],EVODEX-P74
EVODEX-N11,[H][C:47](=[O:46])[C:48].[H][O:45][H:90]>>[O:45]([C:47](=[O:46])[C:48])[H:90],"EVODEX-P77,EVODEX-P205,EVODEX-P414,EVODEX-P945,EVODEX-P1160,EVODEX-P1445,EVODEX-P1457,EVODEX-P1466,EVODEX-P1480,EVODEX-P1486,EVODEX-P1490,EVODEX-P1543,EVODEX-P1576,EVODEX-P1582,EVODEX-P1588,EVODEX-P1597,EVODEX-P1607,EVODEX-P1616,EVODEX-P1630,EVODEX-P1660,EVODEX-P1697,EVODEX-P1701,EVODEX-P1709,EVODEX-P1753,EVODEX-P1765,EVODEX-P1775,EVODEX-P1781,EVODEX-P1787,EVODEX-P1807,EVODEX-P1813,EVODEX-P1865,EVODEX-P1876,EVODEX-P1946,EVODEX-P1955,EVODEX-P1961,EVODEX-P1970,EVODEX-P1976,EVODEX-P1980,EVODEX-P1986,EVODEX-P1992,EVODEX-P2006,EVODEX-P2012,EVODEX-P2018,EVODEX-P2025,EVODEX-P2049,EVODEX-P2060,EVODEX-P2094,EVODEX-P2100,EVODEX-P2108,EVODEX-P2126,EVODEX-P2130,EVODEX-P2136,EVODEX-P2144,EVODEX-P2156,EVODEX-P2165,EVODEX-P2172,EVODEX-P2187,EVODEX-P2193,EVODEX-P2232,EVODEX-P2237,EVODEX-P2245,EVODEX-P2255,EVODEX-P2277,EVODEX-P2314,EVODEX-P2323,EVODEX-P2335,EVODEX-P2352,EVODEX-P2358"
EVODEX-N12,[H][C:47](=[O:46])[C:48]>>[H]O[C:47](=[O:46])[C:48],"EVODEX-P79,EVODEX-P207,EVODEX-P416,EVODEX-P947,EVODEX-P1161,EVODEX-P1446,EVODEX-P1458,EVODEX-P1467,EVODEX-P1482,EVODEX-P1488,EVODEX-P1491,EVODEX-P1545,EVODEX-P1578,EVODEX-P1584,EVODEX-P1590,EVODEX-P1599,EVODEX-P1608,EVODEX-P1617,EVODEX-P1632,EVODEX-P1662,EVODEX-P1699,EVODEX-P1702,EVODEX-P1711,EVODEX-P1755,EVODEX-P1767,EVODEX-P1776,EVODEX-P1782,EVODEX-P1788,EVODEX-P1809,EVODEX-P1815,EVODEX-P1866,EVODEX-P1878,EVODEX-P1948,EVODEX-P1957,EVODEX-P1963,EVODEX-P1972,EVODEX-P1978,EVODEX-P1981,EVODEX-P1987,EVODEX-P1993,EVODEX-P2008,EVODEX-P2014,EVODEX-P2020,EVODEX-P2026,EVODEX-P2050,EVODEX-P2062,EVODEX-P2095,EVODEX-P2101,EVODEX-P2110,EVODEX-P2128,EVODEX-P2131,EVODEX-P2137,EVODEX-P2146,EVODEX-P2158,EVODEX-P2167,EVODEX-P2173,EVODEX-P2188,EVODEX-P2194,EVODEX-P2234,EVODEX-P2238,EVODEX-P2247,EVODEX-P2256,EVODEX-P2278,EVODEX-P2315,EVODEX-P2324,EVODEX-P2334,EVODEX-P2351,EVODEX-P2359,EVODEX-P2412,EVODEX-P4619,EVODEX-P8014,EVODEX-P9027"
EVODEX-N13,[H][O:55][H:93]>>[H]C1:N:C([H]):N([H]):C:1C([H])([H])[C@@]([H])(C(=O)[O:55][H:93])N([H])[H],EVODEX-P80
EVODEX-N14,[H]O[C@]1([H])[C@]([H])(OP(=O)(O[H])O[H])[C@@]([H])(C([H])([H])OP(=O)(O[H])OP(=O)(O[H])OC([H])([H])C(C([H])([H])[H])(C([H])([H])[H])[C@@]([H])(O[H])C(=O)N([H])C([H])([H])C([H])([H])C(=O)N([H])C([H])([H])C([H])([H])S[C:49](=[O:50])[C:51])O[C@@]1([H])N1:C([H]):N:C2:C(N([H])[H]):N:C([H]):N:C:2:1>>[H][C:49]([H])([O:50][H])[C:51],"EVODEX-P119,EVODEX-P2114,EVODEX-P2120"
EVODEX-N15,[S:48][C:49](=[O:50])[C:51]>>[H][C:49]([H])([O:50][H])[C:51].[H][S:48],"EVODEX-P120,EVODEX-P2116,EVODEX-P2122"
EVODEX-N16,[H]OC(=O)C([H])([H])[C@@](O[H])(C([H])([H])[H])C([H])([H])C(=O)[S:48][C:47]>>[H][S:48][C:47],EVODEX-P121
EVODEX-N17,[H][S:48][C:47].[H][C:53]([H])([C:52])[O:54][H]>>[C:47][S:48][C:53]([C:52])=[O:54],EVODEX-P122
EVODEX-N18,[H][S:48][C:47]>>[H]OC(=O)C([H])([H])[C@@](O[H])(C([H])([H])[H])C([H])([H])C(=O)[S:48][C:47],EVODEX-P126
EVODEX-N19,[H][C:53]([H])([C:52])[O:54][H]>>[H]O[C@]1([H])[C@]([H])(OP(=O)(O[H])O[H])[C@@]([H])(C([H])([H])OP(=O)(O[H])OP(=O)(O[H])OC([H])([H])C(C([H])([H])[H])(C([H])([H])[H])[C@@]([H])(O[H])C(=O)N([H])C([H])([H])C([H])([H])C(=O)N([H])C([H])([H])C([H])([H])S[C:53]([C:52])=[O:54])O[C@@]1([H])N1:C([H]):N:C2:C(N([H])[H]):N:C([H]):N:C:2:1,EVODEX-P127
EVODEX-N20,[H]OC(=O)C(=O)C([H])([H])[C:2](=[O:1])[O:3][H]>>[O:1]=[C:2]=[O:3],EVODEX-P138
EVODEX-N21,[H][O:3][C:2](=[O:1])[C:4]>>[O:1]=[C:2]=[O:3].[H][C:4],"EVODEX-P139,EVODEX-P1128,EVODEX-P1182,EVODEX-P11577,EVODEX-P29446,EVODEX-P29450,EVODEX-P29452,EVODEX-P29455,EVODEX-P29458,EVODEX-P29461,EVODEX-P29463,EVODEX-P29468,EVODEX-P29473,EVODEX-P29476,EVODEX-P29478,EVODEX-P29480,EVODEX-P29482,EVODEX-P29485,EVODEX-P29488,EVODEX-P29491,EVODEX-P29493,EVODEX-P29495,EVODEX-P29498,EVODEX-P29504,EVODEX-P29507,EVODEX-P29510,EVODEX-P29513,EVODEX-P29516,EVODEX-P29519,EVODEX-P29521,EVODEX-P29524,EVODEX-P29527,EVODEX-P29529,EVODEX-P29532,EVODEX-P29535,EVODEX-P29586,EVODEX-P29588,EVODEX-P29591,EVODEX-P29594,EVODEX-P29597,EVODEX-P29628,EVODEX-P29631,EVODEX-P29633,EVODEX-P29636,EVODEX-P29642,EVODEX-P29648,EVODEX-P29657,EVODEX-P29663,EVODEX-P29666,EVODEX-P29669,EVODEX-P29672,EVODEX-P29674,EVODEX-P29677,EVODEX-P29680,EVODEX-P29683,EVODEX-P29685,EVODEX-P29688,EVODEX-P29691,EVODEX-P29694,EVODEX-P29697,EVODEX-P29700,EVODEX-P29705,EVODEX-P29741,EVODEX-P29747,EVODEX-P29749,EVODEX-P29751,EVODEX-P29753,EVODEX-P29755,EVODEX-P29757,EVODEX-P29759,EVODEX-P29762,EVODEX-P29765,EVODEX-P29768,EVODEX-P29771,EVODEX-P29777,EVODEX-P29779,EVODEX-P29782,EVODEX-P29785,EVODEX-P29788,EVODEX-P29791,EVODEX-P29794,EVODEX-P29799,EVODEX-P29802,EVODEX-P29805,EVODEX-P29807,EVODEX-P29835,EVODEX-P29841,EVODEX-P29853,EVODEX-P29856,EVODEX-P29857,EVODEX-P29863,EVODEX-P29869,EVODEX-P29872,EVODEX-P29894,EVODEX-P29897,EVODEX-P29900,EVODEX-P29903,EVODEX-P29909,EVODEX-P30000,EVODEX-P30003,EVODEX-P30006,EVODEX-P30009,EVODEX-P30012,EVODEX-P30015"
EVODEX-N22,[H]OC(=O)[C:4]([C:5])([H:11])[H:12]>>[H][C:4]([C:5])([H:11])[H:12],"EVODEX-P140,EVODEX-P11576,EVODEX-P20789,EVODEX-P29449,EVODEX-P29451,EVODEX-P29475,EVODEX-P29596,EVODEX-P29630,EVODEX-P29679,EVODEX-P29792,EVODEX-P29795,EVODEX-P29895,EVODEX-P30001,EVODEX-P30007"
EVODEX-N23,[H][O:47][C:46](=[O:45])[C:48][C@:49]([H])([O:50][H])[C:51]>>[H][C:48][C:49](=[O:50])[C:51].[O:45]=[C:46]=[O:47],"EVODEX-P141,EVODEX-P156,EVODEX-P178,EVODEX-P293,EVODEX-P305,EVODEX-P316,EVODEX-P573,EVODEX-P579,EVODEX-P905,EVODEX-P1109,EVODEX-P1184,EVODEX-P1202"
EVODEX-N24,[H]OC(=O)[C:48]([C@:49]([H])([O:50][H])[C:51])([H:83])[H:84]>>[H][C:48]([C:49](=[O:50])[C:51])([H:83])[H:84],EVODEX-P144
EVODEX-N25,[H]OC(=O)[C@@]([H])(O[H])C([H])([H])[C:46](=[O:45])[O:47][H]>>[O:45]=[C:46]=[O:47],EVODEX-P145
EVODEX-N26,[O:51]=[C:52]=[O:53]>>[H]OC(=O)[C@@]([H])(O[H])C([H])([H])[C:52]([O:51][H])=[O:53],EVODEX-P147
EVODEX-N27,[H][C:1]([C:2](=[O:3])[C:4])([H:54])[H:55]>>[H]OC(=O)[C:1]([C@:2]([H])([O:3][H])[C:4])([H:54])[H:55],EVODEX-P149
EVODEX-N28,[H][C:1]([C:2](=[O:3])[C:4])([H:54])[H:55].[O:51]=[C:52]=[O:53]>>[H][C@@:2]([C:1]([C:52]([O:51][H])=[O:53])([H:54])[H:55])([O:3][H])[C:4],EVODEX-P152
EVODEX-N29,[H][C:1]([C:2])([H:10])[H:11].[O:7]=[C:8]=[O:9]>>[H][O:7][C:8]([C:1]([C:2])([H:10])[H:11])=[O:9],"EVODEX-P153,EVODEX-P29470"
EVODEX-N30,[O:7]=[C:8]=[O:9]>>[H]OC(=O)C(=O)C([H])([H])[C:8]([O:7][H])=[O:9],EVODEX-P154
EVODEX-N31,[H][C:1]([C:2])([H:10])[H:11]>>[H]OC(=O)[C:1]([C:2])([H:10])[H:11],"EVODEX-P155,EVODEX-P20792,EVODEX-P35003,EVODEX-P35017"
EVODEX-N32,[H]OC(=O)C([H])([H])C([H])(C([H])(O[H])C(=O)O[H])[C:50](=[O:51])[O:52][H]>>[C:50](=[O:51])=[O:52],EVODEX-P159
EVODEX-N33,[H]OC(=O)[C:49]([C:48])([C:53]([H])([O:54][H])[C:55])[H:89]>>[H][C:49]([C:48])([C:53](=[O:54])[C:55])[H:89],"EVODEX-P160,EVODEX-P306,EVODEX-P320,EVODEX-P580,EVODEX-P1203"
EVODEX-N34,[H][C:49]([C:48])([C:50](=[O:51])[C:52])[H:90]>>[H]OC(=O)[C:49]([C:48])([C:50]([H])([O:51][H])[C:52])[H:90],"EVODEX-P162,EVODEX-P322"
EVODEX-N35,[O:55]=[C:56]=[O:57]>>[H]OC(=O)C([H])([H])C([H])(C([H])(O[H])C(=O)O[H])[C:56]([O:55][H])=[O:57],EVODEX-P163
EVODEX-N36,[H][C:49]([C:48])([C:50](=[O:51])[C:52])[H:90].[O:55]=[C:56]=[O:57]>>[H][C:50]([C:49]([C:48])([C:56]([O:55][H])=[O:57])[H:90])([O:51][H])[C:52],"EVODEX-P166,EVODEX-P326"
EVODEX-N37,[H]OC(=O)[C@:52]([O:53])([C@@:54]([H])([O:55][H])[C:56])[H:96]>>[H][C:52]([O:53])([C:54](=[O:55])[C:56])[H:96],"EVODEX-P181,EVODEX-P908"
EVODEX-N38,[H]O[C@@]([H])([C@]([H])(O[H])[C@@]([H])(O[H])[C:50](=[O:49])[O:51][H])[C@]([H])(O[H])C([H])([H])OP(=O)(O[H])O[H]>>[O:49]=[C:50]=[O:51],EVODEX-P182
EVODEX-N39,[H][C:51]([C:50](=[O:49])[C:53])([O:52])[H:96]>>[H]OC(=O)[C@@:51]([C@@:50]([H])([O:49][H])[C:53])([O:52])[H:96],"EVODEX-P184,EVODEX-P911"
EVODEX-N40,[O:63]=[C:64]=[O:65]>>[H]O[C@@]([H])([C@]([H])(O[H])[C@@]([H])(O[H])[C:64]([O:63][H])=[O:65])[C@]([H])(O[H])C([H])([H])OP(=O)(O[H])O[H],EVODEX-P185
EVODEX-N41,[H][C:51]([C:50](=[O:49])[C:53])([O:52])[H:96].[O:63]=[C:64]=[O:65]>>[H][O:49][C@:50]([H])([C@@:51]([O:52])([C:64]([O:63][H])=[O:65])[H:96])[C:53],"EVODEX-P188,EVODEX-P915"
EVODEX-N42,[H][C:49]([O:48])([O:50][H])[C:51]>>[O:48][C:49](=[O:50])[C:51],"EVODEX-P195,EVODEX-P198,EVODEX-P210,EVODEX-P431,EVODEX-P597,EVODEX-P632,EVODEX-P676,EVODEX-P755,EVODEX-P757,EVODEX-P1137,EVODEX-P1196,EVODEX-P1208,EVODEX-P1236,EVODEX-P1338"
EVODEX-N43,[O:45]=[C:46]([O:47])[C:55]>>[H][O:45][C:46]([H])([O:47])[C:55],"EVODEX-P200,EVODEX-P599,EVODEX-P630,EVODEX-P678,EVODEX-P1088,EVODEX-P1139,EVODEX-P1198,EVODEX-P1210"
EVODEX-N44,[H][C:46](=[O:45])[C:47].[H][O:52][C:51]>>[O:45]=[C:46]([C:47])[O:52][C:51],"EVODEX-P202,EVODEX-P391,EVODEX-P425,EVODEX-P429,EVODEX-P589,EVODEX-P1200,EVODEX-P1220"
EVODEX-N45,[H][O:49][H:108]>>[H]O[C@@]([H])([C@]([H])(O[H])[C@]([H])(O[H])C([H])([H])OP(=O)(O[H])O[H])[C@@]([H])(O[H])C(=O)[O:49][H:108],EVODEX-P208
EVODEX-N46,[H]OC(=O)[C@]([H])(O[H])C(C([H])([H])[H])(C([H])([H])[H])[C:4](=[O:5])[O:6][H]>>[C:4](=[O:5])=[O:6],EVODEX-P292
EVODEX-N47,[H]OC(=O)[C:2]([C:1])([C:3])[C@@:7]([H])([O:8][H])[C:9]>>[H][C:2]([C:1])([C:3])[C:7](=[O:8])[C:9],"EVODEX-P294,EVODEX-P574"
EVODEX-N48,[O:53]=[C:54]=[O:55]>>[H]OC(=O)[C@]([H])(O[H])C(C([H])([H])[H])(C([H])([H])[H])[C:54]([O:53][H])=[O:55],EVODEX-P298
EVODEX-N49,[H][C:2]([C:1])([C:3])[C:4](=[O:5])[C:6]>>[H]OC(=O)[C:2]([C:1])([C:3])[C@@:4]([H])([O:5][H])[C:6],EVODEX-P300
EVODEX-N50,[H][C:2]([C:1])([C:3])[C:4](=[O:5])[C:6].[O:53]=[C:54]=[O:55]>>[H][C@:4]([C:2]([C:1])([C:3])[C:54]([O:53][H])=[O:55])([O:5][H])[C:6],EVODEX-P303
EVODEX-N51,[H]OC(=O)[C@]([H])(O[H])[C@]([H])(C([H])(C([H])([H])[H])C([H])([H])[H])[C:5](=[O:6])[O:7][H]>>[C:5](=[O:6])=[O:7],EVODEX-P304
EVODEX-N52,[C:1][C:2](=[O:3])[C:4][C:5]([H:61])([H:62])[H:63]>>[H][O:3][C:2]([C:1])([C:4][H])[C:5]([H:61])([H:62])[H:63],EVODEX-P313
EVODEX-N53,[H][O:4][C:2]([C:1]([H:58])([H:59])[H:60])([C:3])[C:5]([H])([O:6])[C:7]>>[C:1]([C:5]([C:2]([C:3])=[O:4])([O:6])[C:7])([H:58])([H:59])[H:60],EVODEX-P315
EVODEX-N54,[H]OC(=O)C([H])([H])C([H])([H])[C@@]([H])([C@@]([H])(O[H])C(=O)O[H])[C:51](=[O:52])[O:53][H]>>[C:51](=[O:52])=[O:53],EVODEX-P319
EVODEX-N55,[O:56]=[C:57]=[O:58]>>[H]OC(=O)C([H])([H])C([H])([H])[C@@]([H])([C@@]([H])(O[H])C(=O)O[H])[C:57]([O:56][H])=[O:58],EVODEX-P323
EVODEX-N56,[H][O:54][C:52]([C:50][C:48]([C:46])=[O:49])=[O:53]>>[C:52](=[O:53])=[O:54].[H][C@@:48]([C:46])([O:49][H])[C:50][H],EVODEX-P342
EVODEX-N57,[H]OC(=O)C(=O)C([H])(O[H])[C:52](=[O:53])[O:54][H]>>[C:52](=[O:53])=[O:54],EVODEX-P346
EVODEX-N58,[H]OC(=O)[C:50]([C:48]([C:46])=[O:49])([O:51])[H:85]>>[H][C@@:48]([C:46])([O:49][H])[C:50]([H])([O:51])[H:85],EVODEX-P347
EVODEX-N59,[H][O:49][H:99]>>[H]OC([H])([H])[C@@]([H])(O[H])[C@@]([H])(O[H])[C@@]([H])(O[H])C(=O)[O:49][H:99],EVODEX-P417
EVODEX-N60,[H][O:49][H:108].[H][C:51]1([O:50])[O:52][C@@:53]([C:54])([H:112])[C:75][C:77]1>>[O:49]([C@:53]([C:54])([C:75][C:77][C:51]([O:50])=[O:52])[H:112])[H:108],EVODEX-P420
EVODEX-N61,[H][O:49][H:108]>>[H]OC(=O)[C@]([H])(O[H])[C@]([H])(O[H])[C@@]([H])(C([H])([H])OC(C1:C([H]):C([H]):C([H]):C([H]):C:1[H])(C1:C([H]):C([H]):C([H]):C([H]):C:1[H])C1:C([H]):C([H]):C([H]):C([H]):C:1[H])[O:49][H:108],EVODEX-P422
EVODEX-N62,[H][C:51]([O:50])([O:52][C:53])[C:77]>>[H]O[C:53].[O:50][C:51](=[O:52])[C:77],"EVODEX-P423,EVODEX-P773,EVODEX-P1072,EVODEX-P2183"
EVODEX-N63,[H][O:128][H]>>[H]OC([C@@]1([H])O[C@]([H])(OP(=O)(O[H])OP(=O)(O[H])OC([H])([H])[C@@]2([H])O[C@@]([H])(N3:C([H]):N:C4:C(=O):N([H]):C(N([H])[H]):N:C:4:3)[C@]([H])(O[H])[C@]2([H])O[H])[C@@]([H])(O[H])[C@@]([H])(O[H])[C@]1([H])O[H])=[O:128],EVODEX-P458
EVODEX-N64,[H][O:127][H]>>[H]N=C1:N([H]):C(=O):C2:N:C([H]):N([C@]3([H])O[C@]([H])(C([H])([H])OP(=O)(O[H])OP(=O)(O[H])OC4([H])O[C@]([H])(C(O[H])=[O:127])[C@@]([H])(O[H])[C@]([H])(O[H])[C@]4([H])O[H])[C@]([H])(O[H])C3([H])[H]):C:2:N:1[H],EVODEX-P464
EVODEX-N65,[H][O:128][H]>>[H]OC([C@@]1([H])O[C@]([H])(OP(=O)(O[H])OP(=O)(O[H])OC([H])([H])[C@@]2([H])O[C@@]([H])(N3:C([H]):C([H]):C(=O):N([H]):C:3=O)[C@]([H])(O[H])[C@]2([H])O[H])[C@]([H])(N([H])C(=O)C([H])([H])[H])[C@@]([H])(O[H])[C@]1([H])O[H])=[O:128],EVODEX-P474
EVODEX-N66,[H][C@:5]([N:4])([O:6][H])[C:7]>>[N:4][C:5](=[O:6])[C:7],EVODEX-P529
EVODEX-N67,[H]O[C@@]1([H])C([H])([H])C([H])([H])[C@@]2(C([H])([H])[H])[C@@]([H])(C([H])([H])C([H])=C3[C@]4([H])C([H])([H])C([H])([H])[C@@]([H])([C@@]([H])(C([H])([H])[H])C([H])([H])C([H])([H])C([H])([H])C([H])(C([H])([H])[H])C([H])([H])[H])[C@@]4(C([H])([H])[H])C([H])([H])C([H])([H])[C@@]32[H])[C@]1(C([H])([H])[H])[C:25](=[O:26])[O:27][H]>>[C:25](=[O:26])=[O:27],EVODEX-P572
EVODEX-N68,[H]O[C@@]1([H])C([H])([H])C([H])([H])[C@@]2(C([H])([H])[H])C([H])(C([H])([H])C([H])([H])[C@@]3([H])[C@]4([H])C([H])([H])C([H])([H])C([H])([H])C4([H])C([H])([H])C([H])([H])[C@]23[H])[C@]1([H])[C:8](=[O:9])[O:10][H]>>[C:8](=[O:9])=[O:10],EVODEX-P578
EVODEX-N69,>>,"EVODEX-P591,EVODEX-P652,EVODEX-P868,EVODEX-P899,EVODEX-P955,EVODEX-P973,EVODEX-P1373,EVODEX-P1380,EVODEX-P1455,EVODEX-P1476,EVODEX-P1505,EVODEX-P1521,EVODEX-P1529,EVODEX-P1561,EVODEX-P1567,EVODEX-P1601,EVODEX-P1626,EVODEX-P1757,EVODEX-P1797,EVODEX-P1823,EVODEX-P1833,EVODEX-P1845,EVODEX-P1859,EVODEX-P1884,EVODEX-P1924,EVODEX-P2047,EVODEX-P2067,EVODEX-P2077,EVODEX-P2084,EVODEX-P2249,EVODEX-P2327,EVODEX-P2343,EVODEX-P2408,EVODEX-P2570,EVODEX-P3241,EVODEX-P3712,EVODEX-P4069,EVODEX-P4103,EVODEX-P4124,EVODEX-P4136,EVODEX-P4146,EVODEX-P4155,EVODEX-P4183,EVODEX-P4210,EVODEX-P4214,EVODEX-P4223,EVODEX-P4226,EVODEX-P4232,EVODEX-P4235,EVODEX-P4239,EVODEX-P4242,EVODEX-P4248,EVODEX-P4256,EVODEX-P4262,EVODEX-P4281,EVODEX-P4338,EVODEX-P4403,EVODEX-P4412,EVODEX-P4453,EVODEX-P4489,EVODEX-P9143,EVODEX-P9145,EVODEX-P9163,EVODEX-P9169,EVODEX-P9206,EVODEX-P9215,EVODEX-P9255,EVODEX-P9272,EVODEX-P9278,EVODEX-P9284,EVODEX-P9292,EVODEX-P9294,EVODEX-P9296,EVODEX-P15947,EVODEX-P19682,EVODEX-P19683,EVODEX-P19684,EVODEX-P30427,EVODEX-P31195,EVODEX-P31506,EVODEX-P31511,EVODEX-P31513,EVODEX-P31515,EVODEX-P31516,EVODEX-P31517,EVODEX-P31518,EVODEX-P31519,EVODEX-P31520,EVODEX-P31521,EVODEX-P31522,EVODEX-P31523,EVODEX-P31524,EVODEX-P31525,EVODEX-P31526,EVODEX-P31527,EVODEX-P31528,EVODEX-P31529,EVODEX-P31530,EVODEX-P31563,EVODEX-P31564,EVODEX-P31565,EVODEX-P31566,EVODEX-P31567,EVODEX-P31568,EVODEX-P31569,EVODEX-P31570,EVODEX-P31571,EVODEX-P31572,EVODEX-P31573,EVODEX-P31574,EVODEX-P31575,EVODEX-P31576,EVODEX-P31577,EVODEX-P31578,EVODEX-P31579,EVODEX-P31580,EVODEX-P31581,EVODEX-P31583,EVODEX-P31584,EVODEX-P31585,EVODEX-P31586,EVODEX-P31587,EVODEX-P31588,EVODEX-P31590,EVODEX-P31591,EVODEX-P31592,EVODEX-P31593,EVODEX-P31594,EVODEX-P31595,EVODEX-P31596,EVODEX-P31597,EVODEX-P31598,EVODEX-P31601,EVODEX-P31603,EVODEX-P31604,EVODEX-P31605,EVODEX-P31606,EVODEX-P31607,EVODEX-P31609,EVODEX-P31610,EVODEX-P31611,EVODEX-P31612,EVODEX-P31613,EVODEX-P31614,EVODEX-P31615,EVODEX-P31616,EVODEX-P31617,EVODEX-P31618,EVODEX-P31619,EVODEX-P31620,EVODEX-P31621,EVODEX-P31622,EVODEX-P31623,EVODEX-P31624,EVODEX-P31625,EVODEX-P31626,EVODEX-P31627,EVODEX-P31628,EVODEX-P31629,EVODEX-P31630,EVODEX-P31631,EVODEX-P31632,EVODEX-P31633,EVODEX-P31634,EVODEX-P31635,EVODEX-P31636,EVODEX-P31652,EVODEX-P31668,EVODEX-P31740,EVODEX-P31747,EVODEX-P31755"
EVODEX-N70,[H][C:18]([C:17](=[C:16]([C:14])[H:100])[C:23])([C@@:19]([H])([O:20][H])[C:21])[H:101]>>[H][C:16]([C:14])([C:17](=[C:18]([C:19](=[O:20])[C:21])[H:101])[C:23])[H:100],EVODEX-P613
EVODEX-N71,[H][C:16]([C:14])([C:17](=[C:18]([C:19](=[O:20])[C:21])[H:102])[C:23])[H:100]>>[H][C:18]([C:17](=[C:16]([C:14])[H:100])[C:23])([C@@:19]([H])([O:20][H])[C:21])[H:102],EVODEX-P615
EVODEX-N72,[H][O:106][H]>>[H]OC(C([H])([H])C([H])([H])C([H])([H])C([H])([H])C([H])([H])C([H])([H])C([H])([H])C([H])([H])C([H])([H])C([H])([H])C([H])([H])C([H])([H])C([H])([H])C([H])([H])C([H])([H])[H])=[O:106],EVODEX-P641
EVODEX-N73,[H]OC(C([H])([H])C([H])([H])C([H])([H])C([H])([H])C([H])([H])C([H])([H])C([H])([H])C([H])([H])C([H])([H])C([H])([H])C([H])([H])C([H])([H])C([H])([H])C([H])([H])C([H])([H])[H])=[O:17]>>[H][O:17][H],EVODEX-P650
EVODEX-N74,[H][C:6]([C:5])([O:7])[O:8][C@:9]([C:10])([C:12])[H:68].[H][O:60][H:104]>>[C:5][C:6]([O:7])=[O:8].[C@:9]([C:10])([C:12])([O:60][H:104])[H:68],"EVODEX-P772,EVODEX-P1069,EVODEX-P2180"
EVODEX-N75,[H][O:60][H:104]>>[H]OC(=O)[C@@]([H])(N([H])C(=O)C([H])([H])[H])[C@@]([H])(O[H])[C@]([H])(O[H])[C@@]([H])(C([H])([H])O[H])[O:60][H:104],EVODEX-P777
EVODEX-N76,[H][C:1]([O:2][H])([H:47])[H:48]>>[C:1](=[O:2])([H:47])[H:48],EVODEX-P786
EVODEX-N77,[C:1](=[O:2])([H:47])[H:48]>>[H][C:1]([O:2][H])([H:47])[H:48],EVODEX-P788
EVODEX-N78,[H][O:53][C:52]1:[C:51]([H:94]):[C:50]([O:49]):[C:62]([H:100]):[C:61](:[C:60]):[C:54]:1:[C:55]>>[H][C@:50]1([O:49])[C:51]([H])([H:94])[C:52](=[O:53])[C:54](:[C:55]):[C:61](:[C:60])[C:62]1([H])[H:100],"EVODEX-P796,EVODEX-P798"
EVODEX-N79,[H][C:1]([C:2][C:4]([C:5])=[O:6])([H:55])[H:56]>>[H][C:4]([H])([C:2][C:1]([O:6][H])([H:55])[H:56])[C:5],EVODEX-P826
EVODEX-N80,[C:1][C:2](=[O:3])[C:4][C@:6]([O:7])([C:8])[H:67]>>[H][O:3][C@@:2]([C:1])([C:4][H])[C@:6]([O:7])([C:8])[H:67],EVODEX-P830
EVODEX-N81,[H][O:3][C@@:2]([C:1])([C:4]([H])([O:5])[H:66])[C@:6]([O:7])([C:8])[H:69]>>[C:1][C:2](=[O:3])[C@@:4]([O:5])([C@:6]([O:7])([C:8])[H:69])[H:66],EVODEX-P832
EVODEX-N82,[H][C@@:6]([C:4][C:2]([C:1])=[O:3])([N:7])[C:8]>>[H][C:2]([H])([C:1])[C:4][C@:6]([O:3][H])([N:7])[C:8],EVODEX-P840
EVODEX-N83,[H][C:2]([H])([C:1])[C:3][C:5][O:7][H]>>[H][C:5][C:3][C:2]([C:1])=[O:7],EVODEX-P842
EVODEX-N84,[H][C:1](=[O:2])[H:67].[H][S:56][C:55]>>[C:1](=[O:2])([S:56][C:55])[H:67],EVODEX-P862
EVODEX-N85,[H][C:1](=[O:2])[H:67]>>[H]OC(=O)C([H])([H])N([H])C(=O)[C@@]([H])(N([H])C(=O)C([H])([H])C([H])([H])[C@@]([H])(C(=O)O[H])N([H])[H])C([H])([H])S[C:1](=[O:2])[H:67],EVODEX-P863
EVODEX-N86,[H][S:56][C:55]>>[H]C(=O)[S:56][C:55],EVODEX-P867
EVODEX-N87,[H]OC(=O)C([H])([H])N([H])C(=O)[C@@]([H])(N([H])C(=O)C([H])([H])C([H])([H])[C@@]([H])(C(=O)O[H])N([H])[H])C([H])([H])S[C:55](=[O:56])[H:107]>>[H][C:55](=[O:56])[H:107],EVODEX-P872
EVODEX-N88,[H]C(=O)[S:54][C:53]>>[H][S:54][C:53],"EVODEX-P873,EVODEX-P21784,EVODEX-P21789"
EVODEX-N89,[H]O[C@]1([H])[C@@]([H])(O[H])[C@@]([H])(OP(=O)(O[H])OP(=O)(O[H])OC([H])([H])[C@@]2([H])O[C@@]([H])(N3:C([H]):C([H]):C(=O):N([H]):C:3=O)[C@]([H])(O[H])[C@]2([H])O[H])O[C@]([H])([C:46](=[O:45])[O:47][H])[C@@]1([H])O[H]>>[O:45]=[C:46]=[O:47],EVODEX-P909
EVODEX-N90,[O:79]=[C:80]=[O:81]>>[H]O[C@]1([H])[C@@]([H])(O[H])[C@@]([H])(OP(=O)(O[H])OP(=O)(O[H])OC([H])([H])[C@@]2([H])O[C@@]([H])(N3:C([H]):C([H]):C(=O):N([H]):C:3=O)[C@]([H])(O[H])[C@]2([H])O[H])O[C@]([H])([C:80]([O:79][H])=[O:81])[C@@]1([H])O[H],EVODEX-P912
EVODEX-N91,[H][C:8]([S:7])([O:9][H])[H:86]>>[S:7][C:8](=[O:9])[H:86],EVODEX-P918
EVODEX-N92,[H][O:89][H]>>[H]OC([C@@]([H])(O[H])C([H])([H])S(=O)(=O)O[H])=[O:89],EVODEX-P930
EVODEX-N93,[H][O:49][H:98]>>[H]OC(=O)/C(O[H])=C([H])\C(C(=O)O[H])=C(\[H])C(=O)[O:49][H:98],EVODEX-P948
EVODEX-N94,[H]C([H])([H])C(=O)O[C:8](/[C:7](=[C:6](/[C:5])[H:69])[H:70])([H:71])[H:72]>>[H][C:6]([C:5])([C:7](=[C:8]([H:71])[H:72])[H:70])[H:69],EVODEX-P959
EVODEX-N95,[H]OC1:C([H]):C([H]):C(/C([H])=C(\[H])C([H])([H])[O:9][C:10]):C([H]):C:1OC([H])([H])[H]>>[H][O:9][C:10],EVODEX-P960
EVODEX-N96,[C:5]/[C:6](=[C:7](/[C:8]([O:9])([H:71])[H:72])[H:70])[H:69]>>[H][C:6]([C:5])([C:7](=[C:8]([H:71])[H:72])[H:70])[H:69].[H][O:9],EVODEX-P962
EVODEX-N97,[H][C:3]([C:2](=[C:1]([H:65])[H:66])[H:67])([C:4])[H:68]>>[H]C([H])([H])C(=O)O[C:1](/[C:2](=[C:3](/[C:4])[H:68])[H:67])([H:65])[H:66],EVODEX-P964
EVODEX-N98,[H][C:3]([C:2](=[C:1]([H:65])[H:66])[H:67])([C:4])[H:68].[H][O:16][C:14]>>[C:1](/[C:2](=[C:3](/[C:4])[H:68])[H:67])([O:16][C:14])([H:65])[H:66],EVODEX-P967
EVODEX-N99,[H][O:16][C:14]>>[H]OC1:C([H]):C([H]):C(/C([H])=C(\[H])C([H])([H])[O:16][C:14]):C([H]):C:1OC([H])([H])[H],EVODEX-P968
EVODEX-N100,[H]C([H])([H])C(=O)O[C:8]([C:7])([H:71])[H:72]>>[H][C:8]([C:7])([H:71])[H:72],EVODEX-P971
EVODEX-N101,[H][O:16][C:14].[H][C:1]([C:2])([H:69])[H:70]>>[C:1]([C:2])([O:16][C:14])([H:69])[H:70],EVODEX-P975
EVODEX-N102,[H][C:1]([C:2])([H:69])[H:70]>>[H]C([H])([H])C(=O)O[C:1]([C:2])([H:69])[H:70],EVODEX-P976
EVODEX-N103,[H][C:11]([C:2])([O:12][H])[H:124].[H][C:9]([C:8])([O:10][H])[H:121]>>[C:2][C:11](=[O:12])[H:124].[C:8][C:9](=[O:10])[H:121],EVODEX-P988
EVODEX-N104,[C:10][C:11](=[O:12])[H:122].[C:2][C:3](=[O:4])[H:112]>>[H][C:11]([C:10])([O:12][H])[H:122].[H][C:3]([C:2])([O:4][H])[H:112],EVODEX-P990
EVODEX-N105,[O:49]=[C:50]1[C:51]([H:91])=[C:52]([H:92])[C:53](=[O:54])[C:55](:[C:56]):[C:60]1:[C:59]>>[H][O:49][C:50]1:[C:51]([H:91]):[C:52]([H:92]):[C:53]([O:54][H]):[C:55](:[C:56]):[C:60]:1:[C:59],EVODEX-P1005
EVODEX-N106,[O:49]=[C:50]1[C:51]([H:87])=[C:52]([H:88])[C:53](=[O:54])[C:55]([H:89])=[C:56]1[H:90]>>[H][O:49][C:50]1:[C:51]([H:87]):[C:52]([H:88]):[C:53]([O:54][H]):[C:55]([H:89]):[C:56]:1[H:90],EVODEX-P1007
EVODEX-N107,[H][O:45][H:86]>>[H]OC(=O)[C@]([H])(O[H])[C@@]([H])(O[H])[C@]([H])(O[H])[C@@]([H])(C([H])([H])O[H])[O:45][H:86],EVODEX-P1071
EVODEX-N108,[H]O[C@@]([H])(C([H])([H])[H])[C@]([H])(N([H])[H])[C:6](=[O:7])[O:8][H]>>[C:6](=[O:7])=[O:8],EVODEX-P1108
EVODEX-N109,[H]OC(=O)[C@:4]([C@:2]([H])([C:1])[O:3][H])([N:5])[H:62]>>[H][C:4]([C:2]([C:1])=[O:3])([N:5])[H:62],"EVODEX-P1110,EVODEX-P1188"
EVODEX-N110,[H]OC(=O)[C@@:2]([N:1])([C:3])[H:12]>>[H][C:2]([N:1])([C:3])[H:12],"EVODEX-P1127,EVODEX-P16882,EVODEX-P29472,EVODEX-P29477,EVODEX-P29479,EVODEX-P29484,EVODEX-P29487,EVODEX-P29490,EVODEX-P29492,EVODEX-P29494,EVODEX-P29503,EVODEX-P29506,EVODEX-P29520,EVODEX-P29523,EVODEX-P29526,EVODEX-P29528,EVODEX-P29531,EVODEX-P29534,EVODEX-P29593,EVODEX-P29656,EVODEX-P29671,EVODEX-P29682,EVODEX-P29684,EVODEX-P29781,EVODEX-P29784,EVODEX-P29801,EVODEX-P29862,EVODEX-P29908"
EVODEX-N111,[H]C(=O)[C@]([H])(N([H])[H])[C:5](=[O:6])[O:7][H]>>[C:5](=[O:6])=[O:7],EVODEX-P1129
EVODEX-N112,[H][C:47]([C:46][C:49](=[O:50])[O:51][H])([O:48][H])[H:83]>>[C:49](=[O:50])=[O:51].[H][C:46][C:47](=[O:48])[H:83],EVODEX-P1130
EVODEX-N113,[H]OC([H])([H])[C@@]([H])(N([H])[H])[C:49](=[O:50])[O:51][H]>>[C:49](=[O:50])=[O:51],EVODEX-P1133
EVODEX-N114,[H]OC(=O)[C@:46]([N:45])([C:47]([H])([O:48][H])[H:83])[H:82]>>[H][C:46]([N:45])([C:47](=[O:48])[H:83])[H:82],EVODEX-P1134
EVODEX-N115,[H][O:71][H:123]>>[H]OC(=O)C([H])([H])N([H])C(=O)[C@@]([H])(N([H])C(=O)C([H])([H])C([H])([H])[C@@]([H])(C(=O)O[H])N([H])C(C(=O)[O:71][H:123])(C([H])=C([H])[H])C([H])([H])[H])C([H])([H])S[H],EVODEX-P1165
EVODEX-N116,[O:45]=[C:46]1[C:47]([Cl:48])=[C:49]([Cl:50])[C:51](=[O:52])[C:53]([Cl:54])=[C:55]1[Cl:56]>>[H][O:45][C:46]1:[C:47]([Cl:48]):[C:49]([Cl:50]):[C:51]([O:52][H]):[C:53]([Cl:54]):[C:55]:1[Cl:56],EVODEX-P1178
EVODEX-N117,[H]O[C@]([H])(C(=O)C([H])([H])OP(=O)(O[H])O[H])[C:2](=[O:1])[O:3][H]>>[O:1]=[C:2]=[O:3],EVODEX-P1181
EVODEX-N118,[H]OC(=O)[C@:4]([O:5])([C:6])[H:15]>>[H][C:4]([O:5])([C:6])[H:15],"EVODEX-P1183,EVODEX-P29587,EVODEX-P29589,EVODEX-P29590,EVODEX-P29758,EVODEX-P29800"
EVODEX-N119,[H]O[C@]([H])(C([H])([H])OP(=O)(O[H])O[H])[C@]([H])(N([H])[H])[C:47](=[O:48])[O:49][H]>>[C:47](=[O:48])=[O:49],EVODEX-P1187
EVODEX-N120,[H]O[C@@]1([H])C([H])([H])C([H])([H])[C@]2(C([H])([H])[H])[C@@]3([H])C([H])([H])C([H])([H])[C@@]4(C([H])([H])[H])[C@@]([H])(C([H])([H])C([H])([H])[C@]4([H])[C@]([H])(C([H])([H])[H])C([H])([H])C([H])([H])[C@@]([H])(C([H])([H])C([H])([H])[H])C([H])(C([H])([H])[H])C([H])([H])[H])[C@]3([H])C([H])([H])C([H])([H])[C@@]2([H])[C@]1([H])[C:17](=[O:18])[O:19][H]>>[C:17](=[O:18])=[O:19],EVODEX-P1201
EVODEX-N121,[H][C@@:48]([C:46])([O:49])[C:50]([O:51][H])([C:52]([O:53])([H:88])[H:89])[C:54]>>[C:46][C@:48]([O:49])([C:50](=[O:51])[C:54])[C:52]([O:53])([H:88])[H:89],EVODEX-P1212
EVODEX-N122,[C:48]([C:50]([O:51])([H:87])[H:88])[C:52](=[O:53])[C:54]>>[H][C:48][C:52]([C:50]([O:51])([H:87])[H:88])([O:53][H])[C:54],EVODEX-P1214
EVODEX-N123,[H][C@:2]([C:1])([O:3][H])[C:4].[O:7]=[C:8]1[C:9]([H:30])=[C:10]([H:31])[C:11](=[N:12][C:13])[C:22]([H:35])=[C:23]1[H:36]>>[C:1][C:2](=[O:3])[C:4].[H][O:7][C:8]1:[C:9]([H:30]):[C:10]([H:31]):[C:11]([N:12]([H])[C:13]):[C:22]([H:35]):[C:23]:1[H:36],"EVODEX-P1225,EVODEX-P1362,EVODEX-P1397,EVODEX-P1398,EVODEX-P1406,EVODEX-P1409,EVODEX-P1411,EVODEX-P1422,EVODEX-P1433,EVODEX-P1438"
EVODEX-N124,[O:7]=[C:8]1[C:9]([H:30])=[C:10]([H:31])[C:11](=[N:12][C:13])[C:22]([H:35])=[C:23]1[H:36]>>[H][O:7][C:8]1:[C:9]([H:30]):[C:10]([H:31]):[C:11]([N:12]([H])[C:13]):[C:22]([H:35]):[C:23]:1[H:36],EVODEX-P1226
EVODEX-N125,[H][C:4]([C:3])([O:5][H])[H:30].[O:6]=[C:7]1[C:8]([H:33])=[C:9]([H:34])[C:10](=[N:11][C:12])[C:21]([H:38])=[C:22]1[H:39]>>[C:3][C:4](=[O:5])[H:30].[H][O:6][C:7]1:[C:8]([H:33]):[C:9]([H:34]):[C:10]([N:11]([H])[C:12]):[C:21]([H:38]):[C:22]:1[H:39],"EVODEX-P1227,EVODEX-P1228,EVODEX-P1229,EVODEX-P1396,EVODEX-P1407,EVODEX-P1413,EVODEX-P1415"
EVODEX-N126,[H][C@@:2]([C:1])([O:3][H])[C:4].[O:7]=[O:8]>>[C:1][C:2](=[O:3])[C:4].[H][O:7][O:8][H],"EVODEX-P1230,EVODEX-P1232,EVODEX-P1237,EVODEX-P1244,EVODEX-P1252,EVODEX-P1254,EVODEX-P1256,EVODEX-P1261,EVODEX-P1273,EVODEX-P1275,EVODEX-P1281,EVODEX-P1285,EVODEX-P1287,EVODEX-P1301,EVODEX-P1329,EVODEX-P1331,EVODEX-P1333,EVODEX-P1341,EVODEX-P1343,EVODEX-P1366,EVODEX-P29625"
EVODEX-N127,[O:7]=[O:8]>>[H][O:7][O:8][H],"EVODEX-P1231,EVODEX-P2329,EVODEX-P2344,EVODEX-P4071"
EVODEX-N128,[O:1]=[O:2].[H][C@:7]([O:6])([O:8][H])[C:9]>>[H][O:1][O:2][H].[O:6][C:7](=[O:8])[C:9],"EVODEX-P1233,EVODEX-P1235,EVODEX-P1300,EVODEX-P1337"
EVODEX-N129,[O:1]=[C:2]([O:3])[C:11].[H][O:13][O:14][H]>>[O:13]=[O:14].[H][O:1][C:2]([H])([O:3])[C:11],EVODEX-P1234
EVODEX-N130,[C:17][C:18](=[O:19])[C:20].[H][O:29][O:30][H]>>[H][C@:18]([C:17])([O:19][H])[C:20].[O:29]=[O:30],"EVODEX-P1239,EVODEX-P1286"
EVODEX-N131,[O:1]=[O:2].[H][O:3][C:4]([H])([C:5])[H:16]>>[O:3]=[C:4]([C:5])[H:16].[H][O:1][O:2][H],"EVODEX-P1241,EVODEX-P1242,EVODEX-P1248,EVODEX-P1250,EVODEX-P1257,EVODEX-P1258,EVODEX-P1272,EVODEX-P1277,EVODEX-P1282,EVODEX-P1283,EVODEX-P1305,EVODEX-P1312,EVODEX-P1316,EVODEX-P1317,EVODEX-P1318,EVODEX-P1319,EVODEX-P1323,EVODEX-P1325,EVODEX-P1327,EVODEX-P1335,EVODEX-P1339,EVODEX-P1402,EVODEX-P3318,EVODEX-P9263"
EVODEX-N132,[O:13]=[O:14].[H][C@@:9]([C:4])([O:10])[C@@:11]([H])([C:2])[O:12]>>[C:2][C:11](=[C:9]([C:4])[O:10])[O:12].[H][O:13][O:14][H],"EVODEX-P1246,EVODEX-P1303"
EVODEX-N133,[H][C@@:9]([C:4])([O:10])[C@@:11]([H])([C:2])[O:12]>>[C:2][C:11](=[C:9]([C:4])[O:10])[O:12],"EVODEX-P1247,EVODEX-P1304,EVODEX-P2456,EVODEX-P4415"
EVODEX-N134,[H][C:1]([O:2][H])([H:5])[H:6].[O:3]=[O:4]>>[C:1](=[O:2])([H:5])[H:6].[H][O:3][O:4][H],EVODEX-P1260
EVODEX-N135,[H][C@@:5]([C:4])([O:6])[C:7](=[O:8])[O:9].[O:10]=[O:11]>>[H][O:10][C:7](=[O:8])[O:9].[C:4][C:5]([O:6])=[O:11],EVODEX-P1263
EVODEX-N136,[H]OC(=O)[C@:5]([H])([C:4])[O:6].O=[O:11]>>[C:4][C:5]([O:6])=[O:11],"EVODEX-P1264,EVODEX-P5016,EVODEX-P5085,EVODEX-P8761"
EVODEX-N137,O=[O:11]>>[H]OC(C([H])([H])C([H])([H])SC([H])([H])[H])=[O:11],EVODEX-P1265
EVODEX-N138,[H]OC(=O)[C@:5]([H])([C:4])[O:6]>>O=[C:5]([C:4])[O:6],"EVODEX-P1266,EVODEX-P5013,EVODEX-P5082,EVODEX-P8758"
EVODEX-N139,[H]O[C@@]([H])(C([H])([H])C([H])([H])SC([H])([H])[H])[C:7](=[O:8])[O:9].O=[O:10]>>[H][O:10][C:7](=[O:8])[O:9],EVODEX-P1267
EVODEX-N140,O=[O:10]>>[H]OC(=O)[O:10][H],EVODEX-P1268
EVODEX-N141,[H]O[C@@]([H])(C([H])([H])C([H])([H])SC([H])([H])[H])[C:7](=[O:8])[O:9]>>[H]O[C:7](=[O:8])[O:9],EVODEX-P1269
EVODEX-N142,[O:10]=[O:11]>>[H]OC(=O)[O:10][H].[H]OC(C([H])([H])C([H])([H])SC([H])([H])[H])=[O:11],EVODEX-P1270
EVODEX-N143,[H][C@@:5]([C:4])([O:6])[C:7]>>[H]O[C:7].O=[C:5]([C:4])[O:6],"EVODEX-P1271,EVODEX-P29623"
EVODEX-N144,[C:5][C:6](=[O:7])[H:21].[H][O:8][O:9][H]>>[H][C:6]([C:5])([O:7][H])[H:21].[O:8]=[O:9],"EVODEX-P1279,EVODEX-P1314,EVODEX-P1321,EVODEX-P1404"
EVODEX-N145,[O:1]=[O:2].[H][C:16]([H])([C:15])[O:17]>>[O:1]=[C:16]([C:15])[O:17].[H][O:2][H],"EVODEX-P1289,EVODEX-P1295"
EVODEX-N146,O=[O:2]>>[H][O:2][H],EVODEX-P1290
EVODEX-N147,O=[O:1].[H][C:16]([H])([C:15])[O:17]>>[O:1]=[C:16]([C:15])[O:17],"EVODEX-P1291,EVODEX-P1296"
EVODEX-N148,O=[O:1]>>[H]OC([C@@]1([H])O[C@@]([H])(N2:C([H]):N:C3:C(=O):N([H]):C([H]):N:C:3:2)[C@]([H])(O[H])[C@]1([H])O[H])=[O:1],EVODEX-P1293
EVODEX-N149,[O:1]=[O:2]>>[H]OC([C@@]1([H])O[C@@]([H])(N2:C([H]):N:C3:C(=O):N([H]):C([H]):N:C:3:2)[C@]([H])(O[H])[C@]1([H])O[H])=[O:1].[H][O:2][H],EVODEX-P1294
EVODEX-N150,O=[O:20]>>[H]OC([C@@]1([H])O[C@@]([H])(N2:C([H]):N:C3:C(N([H])[H]):N:C([H]):N:C:3:2)[C@]([H])(O[H])[C@]1([H])O[H])=[O:20],EVODEX-P1297
EVODEX-N151,[O:20]=[O:21]>>[H]OC([C@@]1([H])O[C@@]([H])(N2:C([H]):N:C3:C(N([H])[H]):N:C([H]):N:C:3:2)[C@]([H])(O[H])[C@]1([H])O[H])=[O:20].[H][O:21][H],EVODEX-P1299
EVODEX-N152,[H][C:1]([H])([C:2])[H:12].[O:10]=[O:11]>>[C:1]([C:2])(=[O:10])[H:12].[H][O:11][H],"EVODEX-P1307,EVODEX-P5086,EVODEX-P5091,EVODEX-P17865"
EVODEX-N153,[H][C:1]([H])([C:2])[H:12].O=[O:10]>>[C:1]([C:2])(=[O:10])[H:12],"EVODEX-P1308,EVODEX-P5087,EVODEX-P5092,EVODEX-P17866"
EVODEX-N154,O=[O:10]>>[H]OC1:C([H]):C([H]):C(C([H])([H])C([H])=[O:10]):C([H]):C:1[H],EVODEX-P1309
EVODEX-N155,[H][C:1]([H])([C:2])[H:12]>>O=[C:1]([C:2])[H:12],"EVODEX-P1310,EVODEX-P5089,EVODEX-P5094,EVODEX-P17868"
EVODEX-N156,[O:10]=[O:11]>>[H]OC1:C([H]):C([H]):C(C([H])([H])C([H])=[O:10]):C([H]):C:1[H].[H][O:11][H],EVODEX-P1311
EVODEX-N157,[O:2][C:3]1=[C:4]([O:5])[C:7](=[O:8])[C:9]([C:10])=[C:60]([C:61])[C:62]1=[O:63].[H][C:68]([O:67])([O:69][H])[C:70]>>[H][O:8][C:7]1:[C:4]([O:5]):[C:3]([O:2]):[C:62]([O:63][H]):[C:60]([C:61]):[C:9]:1[C:10].[O:67][C:68](=[O:69])[C:70],"EVODEX-P1345,EVODEX-P1347"
EVODEX-N158,[O:2][C:3]1=[C:4]([O:5])[C:7](=[O:8])[C:9]([C:10])=[C:60]([C:61])[C:62]1=[O:63]>>[H][O:8][C:7]1:[C:4]([O:5]):[C:3]([O:2]):[C:62]([O:63][H]):[C:60]([C:61]):[C:9]:1[C:10],"EVODEX-P1346,EVODEX-P1348,EVODEX-P2400"
EVODEX-N159,[O:2][C:3]1=[C:4]([O:5])[C:7](=[O:8])[C:9]([C:10])=[C:60]([C:61])[C:62]1=[O:63].[H][C@@:70]([C:69])([O:71][H])[C:72]>>[H][O:8][C:7]1:[C:4]([O:5]):[C:3]([O:2]):[C:62]([O:63][H]):[C:60]([C:61]):[C:9]:1[C:10].[C:69][C:70](=[O:71])[C:72],"EVODEX-P1349,EVODEX-P1353,EVODEX-P1364,EVODEX-P1365,EVODEX-P1367,EVODEX-P1368,EVODEX-P1369,EVODEX-P1419"
EVODEX-N160,[O:2][C:3]1=[C:4]([O:5])[C:7](=[O:8])[C:9]([C:10])=[C:11]([H:33])[C:12]1=[O:13].[H][C@@:20]([C:19])([O:21][H])[C:22]>>[H][O:8][C:7]1:[C:4]([O:5]):[C:3]([O:2]):[C:12]([O:13][H]):[C:11]([H:33]):[C:9]:1[C:10].[C:19][C:20](=[O:21])[C:22],EVODEX-P1350
EVODEX-N161,[O:2][C:3]1=[C:4]([O:5])[C:7](=[O:8])[C:9]([C:10])=[C:11]([H:33])[C:12]1=[O:13]>>[H][O:8][C:7]1:[C:4]([O:5]):[C:3]([O:2]):[C:12]([O:13][H]):[C:11]([H:33]):[C:9]:1[C:10],EVODEX-P1351
EVODEX-N162,[O:10]=[C:11]1[C:12]([H:18])=[C:13]([H:19])[C:14](=[O:15])[C:16]([H:20])=[C:17]1[H:21].[H][C@@:5]([C:4])([O:6][H])[C:7]>>[C:4][C:5](=[O:6])[C:7].[H][O:10][C:11]1:[C:12]([H:18]):[C:13]([H:19]):[C:14]([O:15][H]):[C:16]([H:20]):[C:17]:1[H:21],"EVODEX-P1352,EVODEX-P1425,EVODEX-P1427"
EVODEX-N163,[H][C:2]([C:1])([O:3][H])[H:70].[O:5][C:6]1=[C:7]([O:8])[C:10](=[O:11])[C:12]([C:13])=[C:63]([C:64])[C:65]1=[O:66]>>[C:1][C:2](=[O:3])[H:70].[H][O:11][C:10]1:[C:7]([O:8]):[C:6]([O:5]):[C:65]([O:66][H]):[C:63]([C:64]):[C:12]:1[C:13],"EVODEX-P1354,EVODEX-P1355,EVODEX-P1395"
EVODEX-N164,[H][C:3]([C:2])([C:4])[O:5][H].[C:11]:[C:15]1:[C:16](:[N:17])[C:18](=[O:19])[C:20](=[O:21])[C:22](:[C:23]):[C:29]1:[N:28]>>[C:2][C:3]([C:4])=[O:5].[H][O:19][C:18]1:[C:16](:[N:17]):[C:15](:[C:11]):[C:29](:[N:28]):[C:22](:[C:23]):[C:20]:1[O:21][H],"EVODEX-P1356,EVODEX-P1358,EVODEX-P1360"
EVODEX-N165,[C:11]:[C:15]1:[C:16](:[N:17])[C:18](=[O:19])[C:20](=[O:21])[C:22](:[C:23]):[C:29]1:[N:28]>>[H][O:19][C:18]1:[C:16](:[N:17]):[C:15](:[C:11]):[C:29](:[N:28]):[C:22](:[C:23]):[C:20]:1[O:21][H],EVODEX-P1357
EVODEX-N166,[H][O:14][C:13]1:[C:11](:[N:12]):[C:10](:[C:6]):[C:24](:[N:23]):[C:17](:[C:18]):[C:15]:1[O:16][H].[O:25]=[C:26]([C:27])[C:36]>>[C:6]:[C:10]1:[C:11](:[N:12])[C:13](=[O:14])[C:15](=[O:16])[C:17](:[C:18]):[C:24]1:[N:23].[H][O:25][C@:26]([H])([C:27])[C:36],EVODEX-P1361
EVODEX-N167,[O:1]=[C:2]1[C:3]([H:30])=[C:4]([H:31])[C:5](=[N:6][C:7])[C:16]([H:35])=[C:17]1[H:36].[H][C:22]([O:21])([O:23][H])[C:24]>>[O:21][C:22](=[O:23])[C:24].[H][O:1][C:2]1:[C:3]([H:30]):[C:4]([H:31]):[C:5]([N:6]([H])[C:7]):[C:16]([H:35]):[C:17]:1[H:36],"EVODEX-P1363,EVODEX-P1414,EVODEX-P1434"
EVODEX-N168,[C:1][C:2](=[O:3])[H:24].[H][O:4][C:5]1:[C:6]([H:26]):[C:7]([H:27]):[C:8]([N:9]([H])[C:10]):[C:19]([H:32]):[C:20]:1[H:33]>>[H][C:2]([C:1])([O:3][H])[H:24].[O:4]=[C:5]1[C:6]([H:26])=[C:7]([H:27])[C:8](=[N:9][C:10])[C:19]([H:32])=[C:20]1[H:33],"EVODEX-P1370,EVODEX-P1417"
EVODEX-N169,[H][C:2](=[O:1])[O:3][H].[H]O[C@@:28]([C:9])([C:26])[H:47]>>[O:1]=[C:2]=[O:3].[H][C:28]([C:9])([C:26])[H:47],"EVODEX-P1371,EVODEX-P1379"
EVODEX-N170,[H][C:2](=[O:1])[O:3][H].[H]O[C@@]1([H])[C@@]([H])([O:29][H:48])[C@]([H])(N2:C([H]):C([H]):C(=O):N([H]):C:2=O)O[C@]1([H])C([H])([H])OP(=O)(O[H])OP(=O)(O[H])OP(=O)(O[H])O[H]>>[O:1]=[C:2]=[O:3].[H][O:29][H:48],EVODEX-P1372
EVODEX-N171,[H]O[C@@:28]([C:9])([C:26])[H:47]>>[H][C:28]([C:9])([C:26])[H:47],"EVODEX-P1374,EVODEX-P1383,EVODEX-P5314,EVODEX-P9140,EVODEX-P9150,EVODEX-P9170,EVODEX-P16906,EVODEX-P16909,EVODEX-P20986,EVODEX-P21001,EVODEX-P21009,EVODEX-P21029"
EVODEX-N172,[H][C:2](=[O:1])[O:3][H]>>[O:1]=[C:2]=[O:3].[H].[H],"EVODEX-P1375,EVODEX-P1376,EVODEX-P1382"
EVODEX-N173,[H]O[C@@]1([H])[C@@]([H])([O:29][H:48])[C@]([H])(N2:C([H]):C([H]):C(=O):N([H]):C:2=O)O[C@]1([H])C([H])([H])OP(=O)(O[H])OP(=O)(O[H])OP(=O)(O[H])O[H]>>[H][O:29][H:48],EVODEX-P1377
EVODEX-N174,[H]O[C@@]1([H])[C@@]([H])([O:31][H:50])[C@]([H])(N2:C([H]):N:C3:C(N([H])[H]):N:C([H]):N:C:3:2)O[C@]1([H])C([H])([H])OP(=O)(O[H])OP(=O)(O[H])OP(=O)(O[H])O[H]>>[H][O:31][H:50],EVODEX-P1378
EVODEX-N175,[H]O[C@@]1([H])[C@@]([H])([O:31][H:50])[C@]([H])(N2:C([H]):N:C3:C(N([H])[H]):N:C([H]):N:C:3:2)O[C@]1([H])C([H])([H])OP(=O)(O[H])OP(=O)(O[H])OP(=O)(O[H])O[H].[H][C:33](=[O:32])[O:34][H]>>[O:32]=[C:33]=[O:34].[H][O:31][H:50],EVODEX-P1381
EVODEX-N176,[#6:140]-[#16&+:141](-[#6:142])-[#6](-[#85])(-[#85])-[#6@@]1(-[#85])-[#8]-[#6@@](-[#85])(-[#7]2:[#6](-[#85]):[#7]:[#6]3:[#6](-[#7](-[#85])-[#85]):[#7]:[#6](-[#85]):[#7]:[#6]:2:3)-[#6@](-[#85])(-[#8]-[#85])-[#6@]-1(-[#85])-[#8]-[#85]>>[#6:140]-[#16:141]-[#6:142],"EVODEX-P1384,EVODEX-P16534"
EVODEX-N177,[#6:140]-[#16&+:141](-[#6:142])-[#6:149]>>[#6:140]-[#16:141]-[#6:142].[#6:149]-[#85],EVODEX-P1385
EVODEX-N178,[#6:140]-[#16&+:141](-[#6:142])-[#6:149].[#6:44](-[#6@:43])(-[#85:234])(-[#85])-[#8:45]-[#85]>>[#6:140]-[#16:141]-[#6:142].[#6:149]-[#85].[#6:44](-[#6@:43])(-[#85:234])=[#8:45],"EVODEX-P1386,EVODEX-P1391,EVODEX-P4407"
EVODEX-N179,[#6:140]-[#16&+:141](-[#6:142])-[#6](-[#85])(-[#85])-[#6@@]1(-[#85])-[#8]-[#6@@](-[#85])(-[#7]2:[#6](-[#85]):[#7]:[#6]3:[#6](-[#7](-[#85])-[#85]):[#7]:[#6](-[#85]):[#7]:[#6]:2:3)-[#6@](-[#85])(-[#8]-[#85])-[#6@]-1(-[#85])-[#8]-[#85].[#6:44](-[#6@:43])(-[#85:234])(-[#85])-[#8:45]-[#85]>>[#6:140]-[#16:141]-[#6:142].[#6:44](-[#6@:43])(-[#85:234])=[#8:45],"EVODEX-P1387,EVODEX-P1392,EVODEX-P4408"
EVODEX-N180,[#85]-[#6](-[#85])(-[#85])-[#16&+](-[#6](-[#85])(-[#85])-[#6](-[#85])(-[#85])-[#6@](-[#85])(-[#7](-[#85])-[#85])-[#6](=[#8])-[#8]-[#85])-[#6:149](-[#85:178])(-[#85:179])-[#6@@:150]>>[#85:178]-[#6:149](-[#85:179])(-[#85])-[#6@@:150],EVODEX-P1388
EVODEX-N181,[#85]-[#6](-[#85])(-[#85])-[#16&+](-[#6](-[#85])(-[#85])-[#6](-[#85])(-[#85])-[#6@](-[#85])(-[#7](-[#85])-[#85])-[#6](=[#8])-[#8]-[#85])-[#6:149](-[#85:178])(-[#85:179])-[#6@@:150].[#6:44](-[#6@:43])(-[#85:234])(-[#85])-[#8:45]-[#85]>>[#85:178]-[#6:149](-[#85:179])(-[#85])-[#6@@:150].[#6:44](-[#6@:43])(-[#85:234])=[#8:45],"EVODEX-P1389,EVODEX-P1393,EVODEX-P4409"
EVODEX-N182,[H][C@@:2]([C:1])([O:3][H])[C:4].[C:10][C:11](=[O:12])[C:13]>>[C:1][C:2](=[O:3])[C:4].[H][C:11]([C:10])([O:12][H])[C:13],"EVODEX-P1400,EVODEX-P1401,EVODEX-P1429,EVODEX-P1431,EVODEX-P1439,EVODEX-P1440"
EVODEX-N183,[H][C:16]([C:15])([O:17][H])[H:23].[C:5][C:6](=[O:7])[C:8]>>[C:15][C:16](=[O:17])[H:23].[H][C@:6]([C:5])([O:7][H])[C:8],EVODEX-P1420
EVODEX-N184,[O:11]=[C:12]([C:13])[H:18].[H][C@:6]([C:5])([O:7][H])[C:8]>>[C:5][C:6](=[O:7])[C:8].[H][O:11][C:12]([H])([C:13])[H:18],EVODEX-P1421
EVODEX-N185,[O:1]=[C:2]([C:3])[C:5].[H][C:17]([O:16])([O:18][H])[C:19]>>[O:16][C:17](=[O:18])[C:19].[H][O:1][C@:2]([H])([C:3])[C:5],EVODEX-P1423
EVODEX-N186,[O:1]=[C:2]([C:3])[H:23].[H][C:15]([O:14])([O:16][H])[C:17]>>[O:14][C:15](=[O:16])[C:17].[H][O:1][C:2]([H])([C:3])[H:23],EVODEX-P1424
EVODEX-N187,[#85]-[#6](-[#85])(-[#85])-[#16&+](-[#6](-[#85])(-[#85])-[#6](-[#85])(-[#85])-[#6@](-[#85])(-[#7](-[#85])-[#85])-[#6](=[#8])-[#8]-[#85])-[#6:10](-[#85:50])(-[#85:51])-[#6@@:11].[#6:30]-[#6@@:31](-[#85])(-[#8:32]-[#85])-[#6@:33]>>[#85:50]-[#6:10](-[#85:51])(-[#85])-[#6@@:11].[#6:30]-[#6:31](=[#8:32])-[#6@:33],EVODEX-P1435
EVODEX-N188,[#6:1]-[#16&+:2](-[#6:3])-[#6](-[#85])(-[#85])-[#6@@]1(-[#85])-[#8]-[#6@@](-[#85])(-[#7]2:[#6](-[#85]):[#7]:[#6]3:[#6](-[#7](-[#85])-[#85]):[#7]:[#6](-[#85]):[#7]:[#6]:2:3)-[#6@](-[#85])(-[#8]-[#85])-[#6@]-1(-[#85])-[#8]-[#85].[#6:30]-[#6@@:31](-[#85])(-[#8:32]-[#85])-[#6@:33]>>[#6:1]-[#16:2]-[#6:3].[#6:30]-[#6:31](=[#8:32])-[#6@:33],EVODEX-P1436
EVODEX-N189,[#6:1]-[#16&+:2](-[#6:3])-[#6:10].[#6:30]-[#6@@:31](-[#85])(-[#8:32]-[#85])-[#6@:33]>>[#6:10]-[#85].[#6:1]-[#16:2]-[#6:3].[#6:30]-[#6:31](=[#8:32])-[#6@:33],EVODEX-P1437
EVODEX-N190,[H][O:56][H:101]>>[H]OC([H])(/C([H])=C(\[H])C(=O)[O:56][H:101])C([H])([H])C([H])([H])C([H])([H])C([H])([H])C([H])([H])[H],EVODEX-P1450
EVODEX-N191,[H]O[C:46](=[O:45])[C:48]>>[H][C:46](=[O:45])[C:48],"EVODEX-P1452,EVODEX-P1473,EVODEX-P1602,EVODEX-P1623,EVODEX-P1716,EVODEX-P1736,EVODEX-P1758,EVODEX-P2068,EVODEX-P2215,EVODEX-P2250,EVODEX-P2268,EVODEX-P2330"
EVODEX-N192,[H]OC([H])(/C([H])=C(\[H])C(=O)[O:12][H:72])C([H])([H])C([H])([H])C([H])([H])C([H])([H])C([H])([H])[H]>>[H][O:12][H:72],EVODEX-P1453
EVODEX-N193,[H][O:52][H:86]>>[H]C([H])([H])C(=O)[O:52][H:86],EVODEX-P1462
EVODEX-N194,[H][O:49][H:84]>>[H]C([H])([H])C([H])([H])C(=O)[O:49][H:84],EVODEX-P1471
EVODEX-N195,[H]C([H])([H])C([H])([H])C(=O)[O:5][H:55]>>[H][O:5][H:55],EVODEX-P1474
EVODEX-N196,[H][O:49][H:93]>>[H]C1:C([H]):C([H]):C(C(=O)[O:49][H:93]):C([H]):C:1[H],EVODEX-P1483
EVODEX-N197,[H][O:49][H:94]>>[H]OC1:C([H]):C([H]):C(C(=O)[O:49][H:94]):C([H]):C:1[H],EVODEX-P1489
EVODEX-N198,[H][C:50](=[O:49])[C:51].[H][O:61][P:60]>>[O:49]=[C:50]([C:51])[O:61][P:60],"EVODEX-P1501,EVODEX-P1525,EVODEX-P1799,EVODEX-P1819"
EVODEX-N199,[H][C:50](=[O:49])[C:51]>>[H]OP(=O)(O[H])O[C:50](=[O:49])[C:51],"EVODEX-P1503,EVODEX-P1527,EVODEX-P1800,EVODEX-P1821"
EVODEX-N200,[H][O:61][P:60]>>[H]O[C@@]([H])(C(=O)[O:61][P:60])C([H])([H])OP(=O)(O[H])O[H],EVODEX-P1504
EVODEX-N201,[H]OP(=O)(O[H])O[C:50](=[O:49])[C:56]>>[H][C:50](=[O:49])[C:56],"EVODEX-P1506,EVODEX-P1530,EVODEX-P1794,EVODEX-P1824"
EVODEX-N202,[H]O[C@@]([H])(C(=O)[O:51][P:52])C([H])([H])OP(=O)(O[H])O[H]>>[H][O:51][P:52],EVODEX-P1510
EVODEX-N203,[H][S:48][C:47]>>[H]C([H])([H])C(=O)[S:48][C:47],"EVODEX-P1511,EVODEX-P11316"
EVODEX-N204,[H][S:48][C:47].[H][C:98](=[O:97])[C:99]>>[C:47][S:48][C:98](=[O:97])[C:99],"EVODEX-P1514,EVODEX-P1553,EVODEX-P1670,EVODEX-P1838,EVODEX-P1850,EVODEX-P1929,EVODEX-P2001,EVODEX-P2031,EVODEX-P2040,EVODEX-P2088"
EVODEX-N205,[H][C:98](=[O:97])[C:99]>>[H]O[C@]1([H])[C@]([H])(OP(=O)(O[H])O[H])[C@@]([H])(C([H])([H])OP(=O)(O[H])OP(=O)(O[H])OC([H])([H])C(C([H])([H])[H])(C([H])([H])[H])[C@@]([H])(O[H])C(=O)N([H])C([H])([H])C([H])([H])C(=O)N([H])C([H])([H])C([H])([H])S[C:98](=[O:97])[C:99])O[C@@]1([H])N1:C([H]):N:C2:C(N([H])[H]):N:C([H]):N:C:2:1,"EVODEX-P1515,EVODEX-P1558,EVODEX-P1671,EVODEX-P1839,EVODEX-P1851,EVODEX-P1930,EVODEX-P2002,EVODEX-P2036,EVODEX-P2041,EVODEX-P2093"
EVODEX-N206,[H]O[C@]1([H])[C@]([H])(OP(=O)(O[H])O[H])[C@@]([H])(C([H])([H])OP(=O)(O[H])OP(=O)(O[H])OC([H])([H])C(C([H])([H])[H])(C([H])([H])[H])[C@@]([H])(O[H])C(=O)N([H])C([H])([H])C([H])([H])C(=O)N([H])C([H])([H])C([H])([H])S[C:49](=[O:50])[C:51])O[C@@]1([H])N1:C([H]):N:C2:C(N([H])[H]):N:C([H]):N:C:2:1>>[H][C:49](=[O:50])[C:51],"EVODEX-P1518,EVODEX-P1564,EVODEX-P1570,EVODEX-P1830,EVODEX-P1842,EVODEX-P1881,EVODEX-P1921,EVODEX-P2044,EVODEX-P2074,EVODEX-P2087"
EVODEX-N207,[H]C([H])([H])C(=O)[S:4][C:5]>>[H][S:4][C:5],"EVODEX-P1519,EVODEX-P11320,EVODEX-P21127,EVODEX-P21772"
EVODEX-N208,[H][O:59][P:58]>>[H]OC(=O)[C@@]([H])(N([H])[H])C([H])([H])C(=O)[O:59][P:58],EVODEX-P1528
EVODEX-N209,[H]OC(=O)[C@@]([H])(N([H])[H])C([H])([H])C(=O)[O:54][P:55]>>[H][O:54][P:55],EVODEX-P1534
EVODEX-N210,[H][O:45][H:84]>>[H]OC(=O)C([H])([H])C(=O)[O:45][H:84],EVODEX-P1546
EVODEX-N211,[H][S:48][C:47]>>[H]OC(=O)C(=O)[S:48][C:47],EVODEX-P1554
EVODEX-N212,[H]OC(=O)C(=O)[S:48][C:47]>>[H][S:48][C:47],EVODEX-P1560
EVODEX-N213,[H]OC(=O)C([H])([H])C(=O)[S:48][C:47]>>[H][S:48][C:47],EVODEX-P1566
EVODEX-N214,[H][O:51][H:89]>>[H]N([H])C([H])([H])C([H])([H])C([H])([H])C(=O)[O:51][H:89],EVODEX-P1579
EVODEX-N215,[H][O:54][H:94]>>[H]N=C(N([H])[H])N([H])C([H])([H])C([H])([H])C([H])([H])C(=O)[O:54][H:94],EVODEX-P1585
EVODEX-N216,[H][O:45][H:90]>>[H]OC(=O)C([H])([H])C([H])([H])C([H])([H])C(=O)[O:45][H:90],EVODEX-P1591
EVODEX-N217,[H][O:45][H:82]>>[H]OC([H])([H])C(=O)[O:45][H:82],EVODEX-P1600
EVODEX-N218,[H]OC([H])([H])C(=O)[O:47][H:79]>>[H][O:47][H:79],EVODEX-P1606
EVODEX-N219,[H][O:50][H:85]>>[H]O[C@]([H])(C(=O)[O:50][H:85])C([H])([H])[H],EVODEX-P1612
EVODEX-N220,[H][O:50][H:83]>>[H]C([H])([H])C(=O)C(=O)[O:50][H:83],EVODEX-P1621
EVODEX-N221,[H]C([H])([H])C(=O)C(=O)[O:6][H:54]>>[H][O:6][H:54],EVODEX-P1624
EVODEX-N222,[H][O:45][H:87]>>[H]OC(=O)C([H])([H])C([H])([H])C(=O)[O:45][H:87],EVODEX-P1633
EVODEX-N223,[H]OC(=O)[C:52]([C:50])=[O:53]>>[H]O[C@]1([H])[C@]([H])(OP(=O)(O[H])O[H])[C@@]([H])(C([H])([H])OP(=O)(O[H])OP(=O)(O[H])OC([H])([H])C(C([H])([H])[H])(C([H])([H])[H])[C@@]([H])(O[H])C(=O)N([H])C([H])([H])C([H])([H])C(=O)N([H])C([H])([H])C([H])([H])S[C:52]([C:50])=[O:53])O[C@@]1([H])N1:C([H]):N:C2:C(N([H])[H]):N:C([H]):N:C:2:1,"EVODEX-P1634,EVODEX-P1646,EVODEX-P1891,EVODEX-P1914,EVODEX-P1934,EVODEX-P2368,EVODEX-P2380"
EVODEX-N224,[H][S:48][C:47]>>[H]C([H])([H])C([H])(C(=O)[S:48][C:47])C([H])([H])[H],EVODEX-P1638
EVODEX-N225,[H]C([H])([H])C([H])(C(=O)[C:54](=[O:55])[O:56][H])C([H])([H])[H]>>[C:54](=[O:55])=[O:56],EVODEX-P1640
EVODEX-N226,[H][S:48][C:47].[H]OC(=O)[C:52]([C:50])=[O:53]>>[C:47][S:48][C:52]([C:50])=[O:53],"EVODEX-P1642,EVODEX-P1654,EVODEX-P1895,EVODEX-P1918,EVODEX-P1937,EVODEX-P2376,EVODEX-P2386"
EVODEX-N227,[H][S:48][C:47].[H][O:56][C:54]([C:52]([C:50])=[O:53])=[O:55]>>[C:54](=[O:55])=[O:56].[C:47][S:48][C:52]([C:50])=[O:53],"EVODEX-P1644,EVODEX-P1656,EVODEX-P1896,EVODEX-P1908,EVODEX-P1938,EVODEX-P2378,EVODEX-P2388"
EVODEX-N228,[H][O:56][C:54]([C:52])=[O:55]>>[C:54](=[O:55])=[O:56].[H]O[C@]1([H])[C@]([H])(OP(=O)(O[H])O[H])[C@@]([H])(C([H])([H])OP(=O)(O[H])OP(=O)(O[H])OC([H])([H])C(C([H])([H])[H])(C([H])([H])[H])[C@@]([H])(O[H])C(=O)N([H])C([H])([H])C([H])([H])C(=O)N([H])C([H])([H])C([H])([H])S[C:52])O[C@@]1([H])N1:C([H]):N:C2:C(N([H])[H]):N:C([H]):N:C:2:1,"EVODEX-P1645,EVODEX-P1657,EVODEX-P1889,EVODEX-P1916,EVODEX-P1935,EVODEX-P2379,EVODEX-P2389"
EVODEX-N229,[H][S:48][C:47]>>[H]C([H])([H])C([H])([H])C([H])(C(=O)[S:48][C:47])C([H])([H])[H],EVODEX-P1650
EVODEX-N230,[H]C([H])([H])C([H])([H])C([H])(C(=O)[C:55](=[O:56])[O:57][H])C([H])([H])[H]>>[C:55](=[O:56])=[O:57],EVODEX-P1652
EVODEX-N231,[H][O:45][H:89]>>[H]OC(=O)C(=O)C([H])([H])C([H])([H])C(=O)[O:45][H:89],EVODEX-P1663
EVODEX-N232,[H][S:48][C:47]>>[H]OC(=O)C([H])(C(=O)[S:48][C:47])C([H])([H])[H],EVODEX-P1667
EVODEX-N233,[H]OC(=O)[C:50]([C:49])([C:51]([H])=[O:52])[H:140]>>[H]O[C@]1([H])[C@]([H])(OP(=O)(O[H])O[H])[C@@]([H])(C([H])([H])OP(=O)(O[H])OP(=O)(O[H])OC([H])([H])C(C([H])([H])[H])(C([H])([H])[H])[C@@]([H])(O[H])C(=O)N([H])C([H])([H])C([H])([H])C(=O)N([H])C([H])([H])C([H])([H])S[C:51]([C:50]([H])([C:49])[H:140])=[O:52])O[C@@]1([H])N1:C([H]):N:C2:C(N([H])[H]):N:C([H]):N:C:2:1,EVODEX-P1673
EVODEX-N234,[H]C(=O)C([H])(C([H])([H])[H])[C:53](=[O:54])[O:55].[H][O:100][H:171]>>[C:53](=[O:54])([O:55])[O:100][H:171],EVODEX-P1676
EVODEX-N235,[H][S:48][C:47]>>[H]C([H])([H])C([H])([H])C(=O)[S:48][C:47],EVODEX-P1678
EVODEX-N236,[H][O:100][H:171]>>[H]OC(=O)[O:100][H:171],EVODEX-P1680
EVODEX-N237,[H]C(=O)C([H])(C([H])([H])[H])[C:53](=[O:54])[O:55]>>[H]O[C:53](=[O:54])[O:55],EVODEX-P1681
EVODEX-N238,[H][C:51]([C:50][C:53](=[O:54])[O:55])=[O:52].[H][O:100][H:171]>>[C:53](=[O:54])([O:55])[O:100][H:171].[H]O[C@]1([H])[C@]([H])(OP(=O)(O[H])O[H])[C@@]([H])(C([H])([H])OP(=O)(O[H])OP(=O)(O[H])OC([H])([H])C(C([H])([H])[H])(C([H])([H])[H])[C@@]([H])(O[H])C(=O)N([H])C([H])([H])C([H])([H])C(=O)N([H])C([H])([H])C([H])([H])S[C:51]([C:50][H])=[O:52])O[C@@]1([H])N1:C([H]):N:C2:C(N([H])[H]):N:C([H]):N:C:2:1,EVODEX-P1684
EVODEX-N239,[H][S:48][C:47].[H]OC(=O)[C:50]([C:49])([C:51]([H])=[O:52])[H:140]>>[H][C:50]([C:49])([C:51]([S:48][C:47])=[O:52])[H:140],EVODEX-P1685
EVODEX-N240,[H][S:48][C:47].[H][C:51]([C:50])=[O:52]>>[H]O.[H][C:50][C:51]([S:48][C:47])=[O:52],EVODEX-P1689
EVODEX-N241,[H][S:48][C:47].[H][C:51]([C:50][C:53](=[O:54])[O:55])=[O:52].[H][O:100][H:171]>>[C:53](=[O:54])([O:55])[O:100][H:171].[H][C:50][C:51]([S:48][C:47])=[O:52],EVODEX-P1691
EVODEX-N242,[H][C:51]([C:50])=[O:52]>>[H]O.[H]O[C@]1([H])[C@]([H])(OP(=O)(O[H])O[H])[C@@]([H])(C([H])([H])OP(=O)(O[H])OP(=O)(O[H])OC([H])([H])C(C([H])([H])[H])(C([H])([H])[H])[C@@]([H])(O[H])C(=O)N([H])C([H])([H])C([H])([H])C(=O)N([H])C([H])([H])C([H])([H])S[C:51]([C:50][H])=[O:52])O[C@@]1([H])N1:C([H]):N:C2:C(N([H])[H]):N:C([H]):N:C:2:1,EVODEX-P1693
EVODEX-N243,[H][S:48][C:47].[H][O:100][H:171]>>[H]OC(=O)[O:100][H:171].[H]C([H])([H])C([H])([H])C(=O)[S:48][C:47],EVODEX-P1694
EVODEX-N244,[H][O:45][H:88]>>[H]C1:C([H]):C([H]):C(C(=O)[O:45][H:88]):C(Cl):C:1[H],EVODEX-P1700
EVODEX-N245,[H][O:59][H:100]>>[H]C1:C(OC([H])([H])[H]):C(OC([H])([H])[H]):C(OC([H])([H])[H]):C([H]):C:1C(=O)[O:59][H:100],EVODEX-P1706
EVODEX-N246,[H][O:45][H:90]>>[H]OC1:C([H]):C([H]):C(C(=O)[O:45][H:90]):C([H]):C:1O[H],EVODEX-P1712
EVODEX-N247,[H]O[C@@]1([H])[C@@]([H])(O[H])[C@]([H])(N2:C([H]):N:C3:C(N([H])[H]):N:C([H]):N:C:3:2)O[C@]1([H])C([H])([H])OP(=O)(O[H])[O:19][P:20]>>[H][O:19][P:20],"EVODEX-P1715,EVODEX-P19619,EVODEX-P19629,EVODEX-P19639,EVODEX-P19656,EVODEX-P19725,EVODEX-P19763,EVODEX-P28857,EVODEX-P28918,EVODEX-P29047,EVODEX-P29052"
EVODEX-N248,[C:6][O:8][H:96].[O:75][P:76](=[O:77])([O:78])[O:79]>>[H][C:6].[H][O:79].[O:8]([P:76]([O:75])(=[O:77])[O:78])[H:96],"EVODEX-P1719,EVODEX-P1735,EVODEX-P2200,EVODEX-P2214,EVODEX-P2262"
EVODEX-N249,[H]OP(=O)(O[H])OP(=O)(O[H])O[P:17]([O:16])(=[O:18])[O:19]>>[H]O[P:17]([O:16])(=[O:18])[O:19],"EVODEX-P1720,EVODEX-P15898,EVODEX-P28543,EVODEX-P28813,EVODEX-P28819,EVODEX-P29016,EVODEX-P29070,EVODEX-P29081,EVODEX-P29087,EVODEX-P29093,EVODEX-P29098,EVODEX-P29104,EVODEX-P32209"
EVODEX-N250,[C:6][O:8][H:96].[H]OP(=O)(O[H])OP(=O)(O[H])O[P:76]([O:75])(=[O:77])[O:78]>>[H][C:6].[O:8]([P:76]([O:75])(=[O:77])[O:78])[H:96],"EVODEX-P1723,EVODEX-P1743,EVODEX-P2207,EVODEX-P2222,EVODEX-P2270"
EVODEX-N251,[H]OC1:C([H]):C([H]):C(C(=O)[O:8][H:96]):C([H]):C:1OC([H])([H])[H]>>[H]O[C@@]1([H])[C@@]([H])(O[H])[C@]([H])(N2:C([H]):N:C3:C(N([H])[H]):N:C([H]):N:C:3:2)O[C@]1([H])C([H])([H])OP(=O)(O[H])[O:8][H:96],EVODEX-P1724
EVODEX-N252,[H]OC1:C([H]):C([H]):C(C(=O)[O:8][H:96]):C([H]):C:1OC([H])([H])[H].[O:75][P:76](=[O:77])([O:78])[O:79]>>[H][O:79].[O:8]([P:76]([O:75])(=[O:77])[O:78])[H:96],EVODEX-P1725
EVODEX-N253,>>[H]O.[H],"EVODEX-P1728,EVODEX-P3517,EVODEX-P4748,EVODEX-P4756,EVODEX-P4767,EVODEX-P4775,EVODEX-P4793,EVODEX-P4801,EVODEX-P4822,EVODEX-P4846,EVODEX-P4855,EVODEX-P4864,EVODEX-P4873,EVODEX-P4881,EVODEX-P4901,EVODEX-P4908,EVODEX-P4935,EVODEX-P4946,EVODEX-P4954,EVODEX-P6692,EVODEX-P6698,EVODEX-P6762,EVODEX-P6995,EVODEX-P7005,EVODEX-P7015,EVODEX-P7114,EVODEX-P7189,EVODEX-P7204,EVODEX-P7218,EVODEX-P7224,EVODEX-P7234,EVODEX-P7491,EVODEX-P7501,EVODEX-P7586,EVODEX-P7596,EVODEX-P7750,EVODEX-P7760,EVODEX-P11362,EVODEX-P12938,EVODEX-P12954,EVODEX-P13112,EVODEX-P13306,EVODEX-P13419,EVODEX-P13459,EVODEX-P15278,EVODEX-P15899,EVODEX-P16664,EVODEX-P19609,EVODEX-P21063,EVODEX-P21069,EVODEX-P21075,EVODEX-P21080,EVODEX-P21084,EVODEX-P21090,EVODEX-P21096,EVODEX-P21101,EVODEX-P21106,EVODEX-P21111,EVODEX-P21116,EVODEX-P21121,EVODEX-P21125,EVODEX-P21130,EVODEX-P21136,EVODEX-P21141,EVODEX-P21147,EVODEX-P21158,EVODEX-P21164,EVODEX-P21166,EVODEX-P21168,EVODEX-P21183,EVODEX-P21192,EVODEX-P21198,EVODEX-P21207,EVODEX-P21210,EVODEX-P21216,EVODEX-P21220,EVODEX-P21225,EVODEX-P21234,EVODEX-P21236,EVODEX-P21238,EVODEX-P21244,EVODEX-P21250,EVODEX-P21255,EVODEX-P21260,EVODEX-P21265,EVODEX-P21271,EVODEX-P21274,EVODEX-P21278,EVODEX-P21287,EVODEX-P21293,EVODEX-P21302,EVODEX-P21307,EVODEX-P21312,EVODEX-P21317,EVODEX-P21322,EVODEX-P21328,EVODEX-P21333,EVODEX-P21342,EVODEX-P21345,EVODEX-P21353,EVODEX-P21359,EVODEX-P21365,EVODEX-P21371,EVODEX-P21377,EVODEX-P21382,EVODEX-P21387,EVODEX-P21393,EVODEX-P21398,EVODEX-P21403,EVODEX-P21408,EVODEX-P21413,EVODEX-P21418,EVODEX-P21423,EVODEX-P21429,EVODEX-P21434,EVODEX-P21440,EVODEX-P21444,EVODEX-P21448,EVODEX-P21457,EVODEX-P21463,EVODEX-P21477,EVODEX-P21483,EVODEX-P21489,EVODEX-P21494,EVODEX-P21499,EVODEX-P21504,EVODEX-P21519,EVODEX-P21524,EVODEX-P21529,EVODEX-P21533,EVODEX-P21537,EVODEX-P21553,EVODEX-P21559,EVODEX-P21565,EVODEX-P21568,EVODEX-P21571,EVODEX-P21585,EVODEX-P21591,EVODEX-P21596,EVODEX-P21607,EVODEX-P21616,EVODEX-P21621,EVODEX-P21626,EVODEX-P21632,EVODEX-P21635,EVODEX-P21641,EVODEX-P21647,EVODEX-P21650,EVODEX-P21656,EVODEX-P21659,EVODEX-P21664,EVODEX-P21669,EVODEX-P21672,EVODEX-P21675,EVODEX-P21678,EVODEX-P21684,EVODEX-P21689,EVODEX-P21694,EVODEX-P21699,EVODEX-P21702,EVODEX-P21708,EVODEX-P21713,EVODEX-P21718,EVODEX-P21724,EVODEX-P21729,EVODEX-P21733,EVODEX-P21737,EVODEX-P21741,EVODEX-P21746,EVODEX-P21749,EVODEX-P21755,EVODEX-P21759,EVODEX-P21764,EVODEX-P21775,EVODEX-P21780,EVODEX-P21785,EVODEX-P21790,EVODEX-P21795,EVODEX-P21799,EVODEX-P21804,EVODEX-P21809,EVODEX-P21813,EVODEX-P21819,EVODEX-P21822,EVODEX-P21828,EVODEX-P21832,EVODEX-P21836,EVODEX-P21840,EVODEX-P21849,EVODEX-P21853,EVODEX-P21859,EVODEX-P21864,EVODEX-P21870,EVODEX-P21876,EVODEX-P21881,EVODEX-P21886,EVODEX-P21890,EVODEX-P21895,EVODEX-P21901,EVODEX-P21908,EVODEX-P21914,EVODEX-P21923,EVODEX-P21928,EVODEX-P21934,EVODEX-P21940,EVODEX-P21945,EVODEX-P21951,EVODEX-P21956,EVODEX-P21962,EVODEX-P21967,EVODEX-P21972,EVODEX-P21978,EVODEX-P21983,EVODEX-P21989,EVODEX-P21994,EVODEX-P21997,EVODEX-P22001,EVODEX-P22009,EVODEX-P22015,EVODEX-P22021,EVODEX-P22027,EVODEX-P22033,EVODEX-P22039,EVODEX-P22045,EVODEX-P22051,EVODEX-P22055,EVODEX-P22060,EVODEX-P22066,EVODEX-P22072,EVODEX-P22077,EVODEX-P22083,EVODEX-P22089,EVODEX-P22095,EVODEX-P22101,EVODEX-P22107,EVODEX-P22112,EVODEX-P22118,EVODEX-P22124,EVODEX-P22130,EVODEX-P22135,EVODEX-P22141,EVODEX-P22147,EVODEX-P22152,EVODEX-P22158,EVODEX-P22164,EVODEX-P22170,EVODEX-P22176,EVODEX-P22182,EVODEX-P22186,EVODEX-P22191,EVODEX-P22195,EVODEX-P22204,EVODEX-P22210,EVODEX-P22215,EVODEX-P22221,EVODEX-P22226,EVODEX-P22232,EVODEX-P22237,EVODEX-P22244,EVODEX-P22250,EVODEX-P22256,EVODEX-P22262,EVODEX-P22267,EVODEX-P22272,EVODEX-P22278,EVODEX-P22283,EVODEX-P22289,EVODEX-P22295,EVODEX-P22301,EVODEX-P22306,EVODEX-P22311,EVODEX-P22317,EVODEX-P22323,EVODEX-P22329,EVODEX-P22334,EVODEX-P22340,EVODEX-P22346,EVODEX-P22351,EVODEX-P22356,EVODEX-P22361,EVODEX-P22367,EVODEX-P22373,EVODEX-P22378,EVODEX-P22383,EVODEX-P22389,EVODEX-P22395,EVODEX-P22401,EVODEX-P22407,EVODEX-P22413,EVODEX-P22424,EVODEX-P22429,EVODEX-P22435,EVODEX-P22441,EVODEX-P22448,EVODEX-P22454,EVODEX-P22460,EVODEX-P22466,EVODEX-P22477,EVODEX-P22483,EVODEX-P22494,EVODEX-P22500,EVODEX-P22506,EVODEX-P22511,EVODEX-P22517,EVODEX-P22523,EVODEX-P22528,EVODEX-P22534,EVODEX-P22539,EVODEX-P22544,EVODEX-P22550,EVODEX-P22555,EVODEX-P22561,EVODEX-P22567,EVODEX-P22573,EVODEX-P22578,EVODEX-P22582,EVODEX-P22587,EVODEX-P22590,EVODEX-P22593,EVODEX-P22596,EVODEX-P22598,EVODEX-P22601,EVODEX-P22604,EVODEX-P22609,EVODEX-P22621,EVODEX-P22626,EVODEX-P22630,EVODEX-P22635,EVODEX-P22640,EVODEX-P22643,EVODEX-P22646,EVODEX-P22651,EVODEX-P22658,EVODEX-P22664,EVODEX-P22669,EVODEX-P22673,EVODEX-P22678,EVODEX-P22681,EVODEX-P22686,EVODEX-P22692,EVODEX-P22697,EVODEX-P22700,EVODEX-P22703,EVODEX-P22706,EVODEX-P22709,EVODEX-P22715,EVODEX-P22718,EVODEX-P22723,EVODEX-P22729,EVODEX-P22734,EVODEX-P22740,EVODEX-P22746,EVODEX-P22751,EVODEX-P22757,EVODEX-P22762,EVODEX-P22767,EVODEX-P22773,EVODEX-P22778,EVODEX-P22784,EVODEX-P22789,EVODEX-P22795,EVODEX-P22801,EVODEX-P22807,EVODEX-P22813,EVODEX-P22818,EVODEX-P22823,EVODEX-P22828,EVODEX-P22834,EVODEX-P22840,EVODEX-P22846,EVODEX-P22851,EVODEX-P22857,EVODEX-P22863,EVODEX-P22869,EVODEX-P22874,EVODEX-P22879,EVODEX-P22884,EVODEX-P22890,EVODEX-P22896,EVODEX-P22902,EVODEX-P22908,EVODEX-P22914,EVODEX-P22920,EVODEX-P22926,EVODEX-P22931,EVODEX-P22936,EVODEX-P22941,EVODEX-P22953,EVODEX-P22958,EVODEX-P22963,EVODEX-P22968,EVODEX-P22984,EVODEX-P22990,EVODEX-P22996,EVODEX-P23002,EVODEX-P23010,EVODEX-P23015,EVODEX-P23021,EVODEX-P23026,EVODEX-P23032,EVODEX-P23037,EVODEX-P23043,EVODEX-P23049,EVODEX-P23054,EVODEX-P23060,EVODEX-P23066,EVODEX-P23071,EVODEX-P23075,EVODEX-P23082,EVODEX-P23089,EVODEX-P23094,EVODEX-P23100,EVODEX-P23105,EVODEX-P23115,EVODEX-P23121,EVODEX-P23127,EVODEX-P23134,EVODEX-P23140,EVODEX-P23148,EVODEX-P23156,EVODEX-P23162,EVODEX-P23168,EVODEX-P23173,EVODEX-P23179,EVODEX-P23185,EVODEX-P23190,EVODEX-P23195,EVODEX-P23199,EVODEX-P23208,EVODEX-P23213,EVODEX-P23221,EVODEX-P23234,EVODEX-P23240,EVODEX-P23247,EVODEX-P23252,EVODEX-P23257,EVODEX-P23261,EVODEX-P23277,EVODEX-P23283,EVODEX-P23288,EVODEX-P23293,EVODEX-P23298,EVODEX-P23303,EVODEX-P23307,EVODEX-P23312,EVODEX-P23317,EVODEX-P23322,EVODEX-P23328,EVODEX-P23334,EVODEX-P23339,EVODEX-P23344,EVODEX-P23349,EVODEX-P23355,EVODEX-P23360,EVODEX-P23366,EVODEX-P23371,EVODEX-P23376,EVODEX-P23381,EVODEX-P23387,EVODEX-P23393,EVODEX-P23398,EVODEX-P23403,EVODEX-P23408,EVODEX-P23412,EVODEX-P23418,EVODEX-P23422,EVODEX-P23427,EVODEX-P23432,EVODEX-P23438,EVODEX-P23443,EVODEX-P23448,EVODEX-P23456,EVODEX-P23476,EVODEX-P23481,EVODEX-P23489,EVODEX-P23494,EVODEX-P23499,EVODEX-P23504,EVODEX-P23506,EVODEX-P23513,EVODEX-P23518,EVODEX-P23523,EVODEX-P23529,EVODEX-P23534,EVODEX-P23540,EVODEX-P23547,EVODEX-P23552,EVODEX-P23567,EVODEX-P23573,EVODEX-P23578,EVODEX-P23583,EVODEX-P23589,EVODEX-P23595,EVODEX-P23601,EVODEX-P23606,EVODEX-P23612,EVODEX-P23618,EVODEX-P23624,EVODEX-P23629,EVODEX-P23640,EVODEX-P23645,EVODEX-P23651,EVODEX-P23657,EVODEX-P23663,EVODEX-P23668,EVODEX-P23674,EVODEX-P23680,EVODEX-P23685,EVODEX-P23691,EVODEX-P23696,EVODEX-P23701,EVODEX-P23706,EVODEX-P23712,EVODEX-P23718,EVODEX-P23723,EVODEX-P23729,EVODEX-P23734,EVODEX-P23740,EVODEX-P23745,EVODEX-P23751,EVODEX-P23756,EVODEX-P23762,EVODEX-P23768,EVODEX-P23774,EVODEX-P23780,EVODEX-P23786,EVODEX-P23791,EVODEX-P23797,EVODEX-P23803,EVODEX-P23809,EVODEX-P23814,EVODEX-P23819,EVODEX-P23824,EVODEX-P23829,EVODEX-P23834,EVODEX-P23839,EVODEX-P23852,EVODEX-P23857,EVODEX-P23862,EVODEX-P23877,EVODEX-P23882,EVODEX-P23888,EVODEX-P23894,EVODEX-P23899,EVODEX-P23904,EVODEX-P23910,EVODEX-P23915,EVODEX-P23922,EVODEX-P23927,EVODEX-P23933,EVODEX-P23939,EVODEX-P23945,EVODEX-P23951,EVODEX-P23956,EVODEX-P23961,EVODEX-P23968,EVODEX-P23974,EVODEX-P23980,EVODEX-P23986,EVODEX-P23991,EVODEX-P23996,EVODEX-P24001,EVODEX-P24007,EVODEX-P24011,EVODEX-P24022,EVODEX-P24029,EVODEX-P24035,EVODEX-P24041,EVODEX-P24048,EVODEX-P24054,EVODEX-P24060,EVODEX-P24066,EVODEX-P24072,EVODEX-P24078,EVODEX-P24084,EVODEX-P24089,EVODEX-P24094,EVODEX-P24100,EVODEX-P24106,EVODEX-P24122,EVODEX-P24126,EVODEX-P24132,EVODEX-P24137,EVODEX-P24143,EVODEX-P24148,EVODEX-P24153,EVODEX-P24158,EVODEX-P24164,EVODEX-P24168,EVODEX-P24175,EVODEX-P24180,EVODEX-P24186,EVODEX-P24191,EVODEX-P24195,EVODEX-P24201,EVODEX-P24207,EVODEX-P24213,EVODEX-P24219,EVODEX-P24260,EVODEX-P24270,EVODEX-P24299,EVODEX-P24308,EVODEX-P24311,EVODEX-P24314,EVODEX-P24317,EVODEX-P24320,EVODEX-P24323,EVODEX-P24326,EVODEX-P24328,EVODEX-P24332,EVODEX-P24343,EVODEX-P24354,EVODEX-P24363,EVODEX-P24366,EVODEX-P24384,EVODEX-P24389,EVODEX-P24395,EVODEX-P24401,EVODEX-P24407,EVODEX-P24413,EVODEX-P24418,EVODEX-P24423,EVODEX-P24429,EVODEX-P24434,EVODEX-P24439,EVODEX-P24445,EVODEX-P24450,EVODEX-P24456,EVODEX-P24461,EVODEX-P24466,EVODEX-P24471,EVODEX-P24476,EVODEX-P24481,EVODEX-P24486,EVODEX-P24491,EVODEX-P24496,EVODEX-P24502,EVODEX-P24507,EVODEX-P24513,EVODEX-P24518,EVODEX-P24524,EVODEX-P24529,EVODEX-P24534,EVODEX-P24539,EVODEX-P24544,EVODEX-P24555,EVODEX-P24561,EVODEX-P24566,EVODEX-P24571,EVODEX-P24576,EVODEX-P24581,EVODEX-P24585,EVODEX-P24592,EVODEX-P24597,EVODEX-P24604,EVODEX-P24611,EVODEX-P24616,EVODEX-P24621,EVODEX-P24627,EVODEX-P24632,EVODEX-P24637,EVODEX-P24642,EVODEX-P24647,EVODEX-P24653,EVODEX-P24659,EVODEX-P24665,EVODEX-P24671,EVODEX-P24677,EVODEX-P24683,EVODEX-P24689,EVODEX-P24695,EVODEX-P24700,EVODEX-P24712,EVODEX-P24718,EVODEX-P24724,EVODEX-P24730,EVODEX-P24735,EVODEX-P24741,EVODEX-P24747,EVODEX-P24752,EVODEX-P24758,EVODEX-P24763,EVODEX-P24769,EVODEX-P24775,EVODEX-P24791,EVODEX-P24796,EVODEX-P24802,EVODEX-P24808,EVODEX-P24814,EVODEX-P24820,EVODEX-P24826,EVODEX-P24832,EVODEX-P24838,EVODEX-P24844,EVODEX-P24849,EVODEX-P24854,EVODEX-P24859,EVODEX-P24865,EVODEX-P24871,EVODEX-P24876,EVODEX-P24882,EVODEX-P24888,EVODEX-P24894,EVODEX-P24900,EVODEX-P24906,EVODEX-P24911,EVODEX-P24917,EVODEX-P24923,EVODEX-P24929,EVODEX-P24934,EVODEX-P24939,EVODEX-P24945,EVODEX-P24950,EVODEX-P24956,EVODEX-P24962,EVODEX-P24968,EVODEX-P24974,EVODEX-P24980,EVODEX-P24986,EVODEX-P24992,EVODEX-P24998,EVODEX-P25004,EVODEX-P25010,EVODEX-P25016,EVODEX-P25022,EVODEX-P25028,EVODEX-P25034,EVODEX-P25039,EVODEX-P25045,EVODEX-P25050,EVODEX-P25055,EVODEX-P25059,EVODEX-P25064,EVODEX-P25069,EVODEX-P25074,EVODEX-P25079,EVODEX-P25084,EVODEX-P25090,EVODEX-P25096,EVODEX-P25101,EVODEX-P25105,EVODEX-P25112,EVODEX-P25118,EVODEX-P25123,EVODEX-P25128,EVODEX-P25133,EVODEX-P25138,EVODEX-P25144,EVODEX-P25149,EVODEX-P25161,EVODEX-P25167,EVODEX-P25173,EVODEX-P25179,EVODEX-P25185,EVODEX-P25191,EVODEX-P25197,EVODEX-P25203,EVODEX-P25209,EVODEX-P25215,EVODEX-P25221,EVODEX-P25227,EVODEX-P25233,EVODEX-P25239,EVODEX-P25245,EVODEX-P25251,EVODEX-P25256,EVODEX-P25261,EVODEX-P25267,EVODEX-P25272,EVODEX-P25278,EVODEX-P25284,EVODEX-P25290,EVODEX-P25296,EVODEX-P25302,EVODEX-P25308,EVODEX-P25314,EVODEX-P25320,EVODEX-P25325,EVODEX-P25330,EVODEX-P25336,EVODEX-P25342,EVODEX-P25347,EVODEX-P25353,EVODEX-P25358,EVODEX-P25364,EVODEX-P25369,EVODEX-P25374,EVODEX-P25380,EVODEX-P25386,EVODEX-P25392,EVODEX-P25398,EVODEX-P25404,EVODEX-P25410,EVODEX-P25416,EVODEX-P25422,EVODEX-P25428,EVODEX-P25434,EVODEX-P25440,EVODEX-P25446,EVODEX-P25458,EVODEX-P25464,EVODEX-P25469,EVODEX-P25475,EVODEX-P25481,EVODEX-P25487,EVODEX-P25493,EVODEX-P25498,EVODEX-P25504,EVODEX-P25510,EVODEX-P25516,EVODEX-P25522,EVODEX-P25528,EVODEX-P25533,EVODEX-P25539,EVODEX-P25545,EVODEX-P25551,EVODEX-P25557,EVODEX-P25563,EVODEX-P25569,EVODEX-P25575,EVODEX-P25581,EVODEX-P25587,EVODEX-P25593,EVODEX-P25599,EVODEX-P25604,EVODEX-P25610,EVODEX-P25616,EVODEX-P25622,EVODEX-P25628,EVODEX-P25634,EVODEX-P25640,EVODEX-P25646,EVODEX-P25652,EVODEX-P25658,EVODEX-P25664,EVODEX-P25670,EVODEX-P25676,EVODEX-P25682,EVODEX-P25688,EVODEX-P25694,EVODEX-P25700,EVODEX-P25706,EVODEX-P25712,EVODEX-P25718,EVODEX-P25724,EVODEX-P25730,EVODEX-P25736,EVODEX-P25742,EVODEX-P25748,EVODEX-P25753,EVODEX-P25759,EVODEX-P25765,EVODEX-P25771,EVODEX-P25777,EVODEX-P25783,EVODEX-P25789,EVODEX-P25795,EVODEX-P25801,EVODEX-P25807,EVODEX-P25813,EVODEX-P25819,EVODEX-P25824,EVODEX-P25830,EVODEX-P25836,EVODEX-P25841,EVODEX-P25847,EVODEX-P25852,EVODEX-P25858,EVODEX-P25863,EVODEX-P25868,EVODEX-P25874,EVODEX-P25889,EVODEX-P25894,EVODEX-P25900,EVODEX-P25906,EVODEX-P25911,EVODEX-P25917,EVODEX-P25922,EVODEX-P25927,EVODEX-P25933,EVODEX-P25939,EVODEX-P25945,EVODEX-P25951,EVODEX-P25956,EVODEX-P25962,EVODEX-P25967,EVODEX-P25972,EVODEX-P25978,EVODEX-P25984,EVODEX-P25990,EVODEX-P25996,EVODEX-P26002,EVODEX-P26008,EVODEX-P26014,EVODEX-P26020,EVODEX-P26026,EVODEX-P26032,EVODEX-P26038,EVODEX-P26044,EVODEX-P26050,EVODEX-P26056,EVODEX-P26061,EVODEX-P26067,EVODEX-P26073,EVODEX-P26079,EVODEX-P26085,EVODEX-P26091,EVODEX-P26097,EVODEX-P26103,EVODEX-P26109,EVODEX-P26115,EVODEX-P26121,EVODEX-P26127,EVODEX-P26132,EVODEX-P26138,EVODEX-P26143,EVODEX-P26149,EVODEX-P26155,EVODEX-P26161,EVODEX-P26167,EVODEX-P26173,EVODEX-P26179,EVODEX-P26185,EVODEX-P26191,EVODEX-P26208,EVODEX-P26214,EVODEX-P26220,EVODEX-P26226,EVODEX-P26231,EVODEX-P26237,EVODEX-P26243,EVODEX-P26247,EVODEX-P26265,EVODEX-P26271,EVODEX-P26277,EVODEX-P26283,EVODEX-P26289,EVODEX-P26294,EVODEX-P26299,EVODEX-P26305,EVODEX-P26311,EVODEX-P26317,EVODEX-P26323,EVODEX-P26327,EVODEX-P26345,EVODEX-P26351,EVODEX-P26357,EVODEX-P26363,EVODEX-P26369,EVODEX-P26375,EVODEX-P26388,EVODEX-P26393,EVODEX-P26399,EVODEX-P26405,EVODEX-P26411,EVODEX-P26417,EVODEX-P26423,EVODEX-P26429,EVODEX-P26435,EVODEX-P26441,EVODEX-P26447,EVODEX-P26453,EVODEX-P26459,EVODEX-P26465,EVODEX-P26471,EVODEX-P26477,EVODEX-P26483,EVODEX-P26489,EVODEX-P26495,EVODEX-P26501,EVODEX-P26507,EVODEX-P26513,EVODEX-P26519,EVODEX-P26525,EVODEX-P26531,EVODEX-P26537,EVODEX-P26543,EVODEX-P26549,EVODEX-P26555,EVODEX-P26561,EVODEX-P26567,EVODEX-P26573,EVODEX-P26579,EVODEX-P26584,EVODEX-P26590,EVODEX-P26596,EVODEX-P26602,EVODEX-P26608,EVODEX-P26614,EVODEX-P26620,EVODEX-P26626,EVODEX-P26631,EVODEX-P26637,EVODEX-P26643,EVODEX-P26649,EVODEX-P26655,EVODEX-P26661,EVODEX-P26673,EVODEX-P26678,EVODEX-P26684,EVODEX-P26690,EVODEX-P26696,EVODEX-P26702,EVODEX-P26708,EVODEX-P26714,EVODEX-P26720,EVODEX-P26725,EVODEX-P26730,EVODEX-P26736,EVODEX-P26741,EVODEX-P26747,EVODEX-P26753,EVODEX-P26756,EVODEX-P26772,EVODEX-P26778,EVODEX-P26784,EVODEX-P26790,EVODEX-P26795,EVODEX-P26801,EVODEX-P26807,EVODEX-P26813,EVODEX-P26819,EVODEX-P26824,EVODEX-P26830,EVODEX-P26836,EVODEX-P26842,EVODEX-P26847,EVODEX-P26853,EVODEX-P26859,EVODEX-P26865,EVODEX-P26870,EVODEX-P26876,EVODEX-P26882,EVODEX-P26888,EVODEX-P26894,EVODEX-P26900,EVODEX-P26905,EVODEX-P26911,EVODEX-P26916,EVODEX-P26922,EVODEX-P26928,EVODEX-P26933,EVODEX-P26939,EVODEX-P26944,EVODEX-P26950,EVODEX-P26956,EVODEX-P26961,EVODEX-P26967,EVODEX-P26973,EVODEX-P26979,EVODEX-P26985,EVODEX-P26991,EVODEX-P26996,EVODEX-P27002,EVODEX-P27008,EVODEX-P27014,EVODEX-P27020,EVODEX-P27026,EVODEX-P27032,EVODEX-P27038,EVODEX-P27048,EVODEX-P27058,EVODEX-P27111,EVODEX-P27117,EVODEX-P27122,EVODEX-P27127,EVODEX-P27132,EVODEX-P27144,EVODEX-P27149,EVODEX-P27154,EVODEX-P27159,EVODEX-P27164,EVODEX-P27169,EVODEX-P27173,EVODEX-P27178,EVODEX-P27183,EVODEX-P27188,EVODEX-P27193,EVODEX-P27199,EVODEX-P27221,EVODEX-P27226,EVODEX-P27232,EVODEX-P27244,EVODEX-P27255,EVODEX-P27260,EVODEX-P27265,EVODEX-P27274,EVODEX-P27286,EVODEX-P27291,EVODEX-P27325,EVODEX-P27336,EVODEX-P27341,EVODEX-P27346,EVODEX-P27351,EVODEX-P27356,EVODEX-P27361,EVODEX-P27367,EVODEX-P27373,EVODEX-P27378,EVODEX-P27384,EVODEX-P27389,EVODEX-P27394,EVODEX-P27399,EVODEX-P27405,EVODEX-P27411,EVODEX-P27416,EVODEX-P27424,EVODEX-P27429,EVODEX-P27434,EVODEX-P27439,EVODEX-P27444,EVODEX-P27449,EVODEX-P27454,EVODEX-P27459,EVODEX-P27462,EVODEX-P27489,EVODEX-P27494,EVODEX-P27499,EVODEX-P27504,EVODEX-P27510,EVODEX-P27515,EVODEX-P27533,EVODEX-P27549,EVODEX-P27554,EVODEX-P27559,EVODEX-P27586,EVODEX-P27621,EVODEX-P27626,EVODEX-P27631,EVODEX-P27636,EVODEX-P27641,EVODEX-P27646,EVODEX-P27652,EVODEX-P27657,EVODEX-P27662,EVODEX-P27668,EVODEX-P27673,EVODEX-P27679,EVODEX-P27706,EVODEX-P27711,EVODEX-P27739,EVODEX-P27765,EVODEX-P27770,EVODEX-P27776,EVODEX-P27781,EVODEX-P27786,EVODEX-P27791,EVODEX-P27796,EVODEX-P27802,EVODEX-P27807,EVODEX-P27812,EVODEX-P27823,EVODEX-P27828,EVODEX-P27833,EVODEX-P27838,EVODEX-P27843,EVODEX-P27848,EVODEX-P27853,EVODEX-P27859,EVODEX-P27865,EVODEX-P27871,EVODEX-P27876,EVODEX-P27881,EVODEX-P27886,EVODEX-P27892,EVODEX-P27898,EVODEX-P27903,EVODEX-P27908,EVODEX-P27913,EVODEX-P27918,EVODEX-P27921,EVODEX-P27926,EVODEX-P27931,EVODEX-P27937,EVODEX-P27942,EVODEX-P27952,EVODEX-P27957,EVODEX-P27984,EVODEX-P27989,EVODEX-P27994,EVODEX-P28000,EVODEX-P28006,EVODEX-P28012,EVODEX-P28017,EVODEX-P28023,EVODEX-P28029,EVODEX-P28034,EVODEX-P28046,EVODEX-P28051,EVODEX-P28057,EVODEX-P28062,EVODEX-P28067,EVODEX-P28077,EVODEX-P28083,EVODEX-P28088,EVODEX-P28094,EVODEX-P28100,EVODEX-P28105,EVODEX-P28110,EVODEX-P28113,EVODEX-P28127,EVODEX-P28130,EVODEX-P28136,EVODEX-P28141,EVODEX-P28146,EVODEX-P28152,EVODEX-P28155,EVODEX-P28158,EVODEX-P28161,EVODEX-P28168,EVODEX-P28171,EVODEX-P28194,EVODEX-P28199,EVODEX-P28202,EVODEX-P28204,EVODEX-P28207,EVODEX-P28209,EVODEX-P28210,EVODEX-P28217,EVODEX-P28228,EVODEX-P28231,EVODEX-P28242,EVODEX-P28245,EVODEX-P28248,EVODEX-P28251,EVODEX-P28254,EVODEX-P28257,EVODEX-P28286,EVODEX-P28466,EVODEX-P28484,EVODEX-P28544,EVODEX-P28552,EVODEX-P28641,EVODEX-P28727,EVODEX-P28756,EVODEX-P28770,EVODEX-P28775,EVODEX-P28778,EVODEX-P28784,EVODEX-P28787,EVODEX-P28790,EVODEX-P28794,EVODEX-P28799,EVODEX-P28804,EVODEX-P28809,EVODEX-P28814,EVODEX-P28820,EVODEX-P28824,EVODEX-P28830,EVODEX-P28841,EVODEX-P28846,EVODEX-P28852,EVODEX-P28855,EVODEX-P28860,EVODEX-P28865,EVODEX-P28870,EVODEX-P28875,EVODEX-P28885,EVODEX-P28890,EVODEX-P28895,EVODEX-P28901,EVODEX-P28907,EVODEX-P28911,EVODEX-P28916,EVODEX-P28921,EVODEX-P28926,EVODEX-P28931,EVODEX-P28936,EVODEX-P28942,EVODEX-P28948,EVODEX-P28955,EVODEX-P28960,EVODEX-P28965,EVODEX-P28971,EVODEX-P28977,EVODEX-P28980,EVODEX-P28989,EVODEX-P28995,EVODEX-P28998,EVODEX-P29004,EVODEX-P29009,EVODEX-P29014,EVODEX-P29017,EVODEX-P29025,EVODEX-P29031,EVODEX-P29039,EVODEX-P29045,EVODEX-P29050,EVODEX-P29054,EVODEX-P29060,EVODEX-P29065,EVODEX-P29071,EVODEX-P29077,EVODEX-P29082,EVODEX-P29088,EVODEX-P29094,EVODEX-P29099,EVODEX-P29105,EVODEX-P29111,EVODEX-P29117,EVODEX-P29123,EVODEX-P29129,EVODEX-P29135,EVODEX-P29139,EVODEX-P29144,EVODEX-P29149,EVODEX-P29154,EVODEX-P29164,EVODEX-P29169,EVODEX-P29175,EVODEX-P29181,EVODEX-P29187,EVODEX-P29192,EVODEX-P29197,EVODEX-P29202,EVODEX-P29206,EVODEX-P29211,EVODEX-P29216,EVODEX-P29219,EVODEX-P29222,EVODEX-P29227,EVODEX-P29232,EVODEX-P29243,EVODEX-P29246,EVODEX-P29249,EVODEX-P29255,EVODEX-P29258,EVODEX-P29264,EVODEX-P29268,EVODEX-P29273,EVODEX-P29278,EVODEX-P29283,EVODEX-P29288,EVODEX-P29293,EVODEX-P29304,EVODEX-P29309,EVODEX-P29314,EVODEX-P29320,EVODEX-P29326,EVODEX-P29332,EVODEX-P29337,EVODEX-P29341,EVODEX-P29345,EVODEX-P29350,EVODEX-P29355,EVODEX-P29360,EVODEX-P29365,EVODEX-P29370,EVODEX-P29375,EVODEX-P29380,EVODEX-P29385,EVODEX-P29409,EVODEX-P29414,EVODEX-P29438,EVODEX-P30396,EVODEX-P30507,EVODEX-P30695,EVODEX-P30801,EVODEX-P30806,EVODEX-P31460,EVODEX-P31463,EVODEX-P31474,EVODEX-P31478,EVODEX-P31484,EVODEX-P31489,EVODEX-P32204,EVODEX-P33001,EVODEX-P33625,EVODEX-P33649,EVODEX-P33695,EVODEX-P33781,EVODEX-P33819,EVODEX-P33942,EVODEX-P34018,EVODEX-P34806,EVODEX-P34958,EVODEX-P34977"
EVODEX-N254,[H]O[C@@]1([H])[C@@]([H])(O[H])[C@]([H])(N2:C([H]):N:C3:C(N([H])[H]):N:C([H]):N:C:3:2)O[C@]1([H])C([H])([H])OP(=O)(O[H])[O:67][P:68].[H]O[C:81](=[O:80])[C:83]>>[H][C:81](=[O:80])[C:83].[H][O:67][P:68],"EVODEX-P1730,EVODEX-P1750,EVODEX-P2208,EVODEX-P2229,EVODEX-P2271"
EVODEX-N255,>>[H].[H]OP(=O)OC([H])([H])[C@@]1([H])O[C@@]([H])(N2:C([H]):N:C3:C(N([H])[H]):N:C([H]):N:C:3:2)[C@]([H])(O[H])[C@]1([H])O[H],"EVODEX-P1731,EVODEX-P1738,EVODEX-P2199,EVODEX-P2217,EVODEX-P2261"
EVODEX-N256,[H]OC1:C([H]):C([H]):C(C(=O)[O:8][H:96]):C([H]):C:1OC([H])([H])[H].[H]OP(=O)(O[H])OP(=O)(O[H])O[P:76]([O:75])(=[O:77])[O:78]>>[O:8]([P:76]([O:75])(=[O:77])[O:78])[H:96],EVODEX-P1734
EVODEX-N257,[H]OP(=O)(O[H])OP(=O)(O[H])O[P:64]([O:63])(=[O:65])[O:66].[H]C1:C([H]):C([H]):C(C(=O)[O:82][H:135]):C([H]):C:1[H]>>[O:63][P:64](=[O:65])([O:66])[O:82][H:135],EVODEX-P1741
EVODEX-N258,[O:63][P:64](=[O:65])([O:66])[O:67].[H]C1:C([H]):C([H]):C(C(=O)[O:82][H:135]):C([H]):C:1[H]>>[O:63][P:64](=[O:65])([O:66])[O:82][H:135].[H][O:67],EVODEX-P1744
EVODEX-N259,[H]C1:C([H]):C([H]):C(C(=O)[O:82][H:135]):C([H]):C:1[H]>>[H]O[C@@]1([H])[C@@]([H])(O[H])[C@]([H])(N2:C([H]):N:C3:C(N([H])[H]):N:C([H]):N:C:3:2)O[C@]1([H])C([H])([H])OP(=O)(O[H])[O:82][H:135],EVODEX-P1748
EVODEX-N260,[H][O:55][H:95]>>[H]OC(=O)[C@@]([H])(N([H])[H])C([H])([H])C([H])([H])C([H])([H])C(=O)[O:55][H:95],EVODEX-P1756
EVODEX-N261,[H]OC(=O)[C@@]([H])(N([H])[H])C([H])([H])C([H])([H])C([H])([H])C(=O)[O:52][H:94]>>[H][O:52][H:94],EVODEX-P1762
EVODEX-N262,[H][O:45][H:90]>>[H]OC(=O)/C(O[H])=C([H])\C([H])=C(\[H])C(=O)[O:45][H:90],EVODEX-P1768
EVODEX-N263,[H][C:53]([C:52])=[C:54].[H][O:45][H:90]>>[O:45]([C:53]([C:52])=[C:54])[H:90],EVODEX-P1771
EVODEX-N264,[H][C:53]([C:52])=[C:54]>>[H]O[C:53]([C:52])=[C:54],EVODEX-P1773
EVODEX-N265,[H][O:45][H:90]>>[H]OC(=O)C(=O)/C([H])=C([H])/C(=C(/[H])O[H])[O:45][H:90],EVODEX-P1774
EVODEX-N266,[H][O:55][H:94]>>[H]OC(=O)[C@]([H])(O[H])C(C(=O)[O:55][H:94])(C([H])([H])[H])C([H])([H])[H],EVODEX-P1780
EVODEX-N267,[H][O:66][H:123]>>[H]/C(C1=C(C([H])([H])[H])C([H])([H])C([H])([H])C([H])([H])C1(C([H])([H])[H])C([H])([H])[H])=C([H])\C(=C([H])\C([H])=C([H])\C(=C(/[H])C(=O)[O:66][H:123])C([H])([H])[H])C([H])([H])[H],EVODEX-P1786
EVODEX-N268,[H][O:52][H:93]>>[H]C([H])([H])C([H])([H])C([H])([H])C([H])([H])C([H])([H])C(=O)[O:52][H:93],EVODEX-P1792
EVODEX-N269,[H]OC(=O)[C@@]([H])(N([H])C(=O)C([H])([H])[H])C([H])([H])C([H])([H])C(=O)[O:10][P:11]>>[H][O:10][P:11],EVODEX-P1795
EVODEX-N270,[H][O:63][P:62]>>[H]OC(=O)[C@@]([H])(N([H])C(=O)C([H])([H])[H])C([H])([H])C([H])([H])C(=O)[O:63][P:62],EVODEX-P1804
EVODEX-N271,[H][O:45][H:92]>>[H]OC1:C([H]):C([H]):C(C([H])([H])C(=O)[O:45][H:92]):C([H]):C:1[H],EVODEX-P1810
EVODEX-N272,[H][O:45][H:91]>>[H]C1:C([H]):C([H]):C(C([H])([H])C(=O)[O:45][H:91]):C([H]):C:1[H],EVODEX-P1816
EVODEX-N273,[H][O:60][P:59]>>[H]OC(=O)[C@@]([H])(N([H])[H])C([H])([H])C([H])([H])C(=O)[O:60][P:59],EVODEX-P1822
EVODEX-N274,[H]OC(=O)[C@@]([H])(N([H])[H])C([H])([H])C([H])([H])C(=O)[O:55][P:56]>>[H][O:55][P:56],EVODEX-P1828
EVODEX-N275,[H]C([H])([H])C([H])([H])C([H])([H])C([H])([H])C([H])([H])C([H])([H])C([H])([H])C([H])([H])C([H])([H])C([H])([H])C([H])([H])C([H])([H])C([H])([H])C([H])([H])C([H])([H])C(=O)[S:18][C:19]>>[H][S:18][C:19],"EVODEX-P1831,EVODEX-P12731"
EVODEX-N276,[H][S:48][C:47]>>[H]C([H])([H])C([H])([H])C([H])([H])C([H])([H])C([H])([H])C([H])([H])C([H])([H])C([H])([H])C([H])([H])C([H])([H])C([H])([H])C([H])([H])C([H])([H])C([H])([H])C([H])([H])C(=O)[S:48][C:47],"EVODEX-P1835,EVODEX-P12728"
EVODEX-N277,[H]OC1:C(OC([H])([H])[H]):C([H]):C(/C([H])=C(\[H])C(=O)[S:10][C:11]):C([H]):C:1OC([H])([H])[H]>>[H][S:10][C:11],EVODEX-P1843
EVODEX-N278,[H][S:48][C:47]>>[H]OC1:C(OC([H])([H])[H]):C([H]):C(/C([H])=C(\[H])C(=O)[S:48][C:47]):C([H]):C:1OC([H])([H])[H],EVODEX-P1847
EVODEX-N279,[H][C:1](=[O:2])[H:48].[H][O:47][H:78]>>[C:1](=[O:2])([O:47][H:78])[H:48],EVODEX-P1853
EVODEX-N280,[H][C:1](=[O:2])[H:48]>>[H]O[C:1](=[O:2])[H:48],EVODEX-P1854
EVODEX-N281,[H][O:47][H:78]>>[H]C(=O)[O:47][H:78],EVODEX-P1858
EVODEX-N282,[H]O[C:46](=[O:45])[H:77]>>[H][C:46](=[O:45])[H:77],EVODEX-P1860
EVODEX-N283,[H]C(=O)[O:47][H:78]>>[H][O:47][H:78],EVODEX-P1864
EVODEX-N284,[H][O:49][H:100]>>[H]OC([H])([H])[C@@]([H])(O[H])[C@]([H])(O[H])C([H])([H])C(=O)C(=O)[O:49][H:100],EVODEX-P1879
EVODEX-N285,[H]C([H])([H])C([H])([H])C([H])([H])C([H])([H])C([H])([H])C([H])([H])C([H])([H])C([H])([H])C([H])([H])C([H])([H])C([H])([H])C([H])([H])C([H])([H])C(=O)[S:16][C:17]>>[H][S:16][C:17],EVODEX-P1882
EVODEX-N286,[H]C([H])([H])C(=O)[C:4](=[O:5])[O:6][H]>>[C:4](=[O:5])=[O:6],EVODEX-P1886
EVODEX-N287,[H]O[C@]1([H])[C@]([H])(OP(=O)(O[H])O[H])[C@@]([H])(C([H])([H])OP(=O)(O[H])OP(=O)(O[H])OC([H])([H])C(C([H])([H])[H])(C([H])([H])[H])[C@@]([H])(O[H])C(=O)N([H])C([H])([H])C([H])([H])C(=O)N([H])C([H])([H])C([H])([H])S[C:2]([C:1])=[O:3])O[C@@]1([H])N1:C([H]):N:C2:C(N([H])[H]):N:C([H]):N:C:2:1>>[H]OC(=O)[C:2]([C:1])=[O:3],EVODEX-P1898
EVODEX-N288,>>[H]OC=O.[H],"EVODEX-P1901,EVODEX-P4202,EVODEX-P19227,EVODEX-P20942"
EVODEX-N289,[H]O[C@]1([H])[C@]([H])(OP(=O)(O[H])O[H])[C@@]([H])(C([H])([H])OP(=O)(O[H])OP(=O)(O[H])OC([H])([H])C(C([H])([H])[H])(C([H])([H])[H])[C@@]([H])(O[H])C(=O)N([H])C([H])([H])C([H])([H])C(=O)N([H])C([H])([H])C([H])([H])S[C:2]([C:1])=[O:3])O[C@@]1([H])N1:C([H]):N:C2:C(N([H])[H]):N:C([H]):N:C:2:1.[O:100]=[C:101]=[O:102]>>[H][O:100][C:101]([C:2]([C:1])=[O:3])=[O:102],EVODEX-P1904
EVODEX-N290,[O:100]=[C:101]=[O:102]>>[H]C([H])([H])C(=O)[C:101]([O:100][H])=[O:102],EVODEX-P1905
EVODEX-N291,[C:1][C:2](=[O:3])[S:4].[O:100]=[C:101]=[O:102]>>[H][O:100][C:101]([C:2]([C:1])=[O:3])=[O:102].[H][S:4],EVODEX-P1907
EVODEX-N292,[H]OC(=O)C([H])([H])C([H])([H])C(=O)[C:104](=[O:105])[O:106][H]>>[C:104](=[O:105])=[O:106],EVODEX-P1910
EVODEX-N293,[H][S:48][C:47]>>[H]OC(=O)C([H])([H])C([H])([H])C(=O)[S:48][C:47],"EVODEX-P1912,EVODEX-P11733,EVODEX-P11738"
EVODEX-N294,[H]C([H])([H])C([H])([H])C([H])([H])C(=O)[S:6][C:7]>>[H][S:6][C:7],EVODEX-P1922
EVODEX-N295,[H][S:48][C:47]>>[H]C([H])([H])C([H])([H])C([H])([H])C(=O)[S:48][C:47],EVODEX-P1926
EVODEX-N296,[H][S:48][C:47]>>[H]C1:C([H]):C([H]):C(C(=O)[S:48][C:47]):C([H]):C:1[H],EVODEX-P1932
EVODEX-N297,[H]C1:C([H]):C([H]):C(C(=O)[C:94](=[O:93])[O:95][H]):C([H]):C:1[H]>>[O:93]=[C:94]=[O:95],EVODEX-P1942
EVODEX-N298,[H][O:45][H:96]>>[H]OC(=O)/C(O[H])=C([H])\C([H])=C(/C(=O)[O:45][H:96])C([H])([H])C(=O)O[H],EVODEX-P1949
EVODEX-N299,[H][O:45][H:92]>>[H]OS(=O)(=O)C1:C([H]):C([H]):C(C(=O)[O:45][H:92]):C([H]):C:1[H],EVODEX-P1958
EVODEX-N300,[H][O:49][H:98]>>[H]OC(=O)C([H])([H])C([H])([H])C([H])([H])C([H])([H])C(=O)[O:49][H:98],EVODEX-P1964
EVODEX-N301,[H][O:45][H:89]>>[H]OC1:C([H]):C([H]):C([H]):C([H]):C:1C(=O)[O:45][H:89],EVODEX-P1973
EVODEX-N302,[H][O:45][H:88]>>[H]C1:C([H]):C(Cl):C([H]):C(C(=O)[O:45][H:88]):C:1[H],EVODEX-P1979
EVODEX-N303,[H][O:56][H:93]>>[H]OC1:C([H]):C([H]):C(C(=O)[O:56][H:93]):C([H]):C:1OC([H])([H])[H],EVODEX-P1985
EVODEX-N304,[H][O:58][H:97]>>[H]OC1:C(OC([H])([H])[H]):C([H]):C(C(=O)[O:58][H:97]):C([H]):C:1OC([H])([H])[H],EVODEX-P1991
EVODEX-N305,[H][O:58][H:97]>>[H]OC1:C([H]):C([H]):C(/C([H])=C(\[H])C(=O)[O:58][H:97]):C([H]):C:1OC([H])([H])[H],EVODEX-P1997
EVODEX-N306,[H][S:48][C:47]>>[H]OC1:C([H]):C([H]):C(/C([H])=C(\[H])C(=O)[S:48][C:47]):C([H]):C:1OC([H])([H])[H],EVODEX-P1998
EVODEX-N307,[H][O:45][H:81]>>[H]C([H])(F)C(=O)[O:45][H:81],EVODEX-P2009
EVODEX-N308,[H][O:45][H:103]>>[H]OC(=O)C([H])([H])C([H])([H])C(=O)N([H])[C@]([H])(C(=O)O[H])C([H])([H])C([H])([H])C(=O)[O:45][H:103],EVODEX-P2015
EVODEX-N309,[H][O:45][H:85]>>[H]OS(=O)(=O)C([H])([H])C(=O)[O:45][H:85],EVODEX-P2021
EVODEX-N310,[H][O:66][H:125]>>[H]C1=C(C([H])(C([H])([H])[H])C([H])([H])[H])C([H])([H])C([H])([H])[C@@]2([H])C1=C([H])C([H])([H])[C@@]1([H])[C@@](C(=O)[O:66][H:125])(C([H])([H])[H])C([H])([H])C([H])([H])C([H])([H])[C@@]12C([H])([H])[H],EVODEX-P2030
EVODEX-N311,[H][S:48][C:47]>>[H]OC(=O)C([H])([H])C(=O)[S:48][C:47],"EVODEX-P2032,EVODEX-P11568,EVODEX-P11574"
EVODEX-N312,[H][S:48][C:47]>>[H]C([H])([H])C([H])([H])C([H])([H])C([H])([H])C([H])([H])C(=O)[S:48][C:47],EVODEX-P2037
EVODEX-N313,[H]C([H])([H])C([H])([H])C([H])([H])C([H])([H])C([H])([H])C(=O)[S:8][C:9]>>[H][S:8][C:9],EVODEX-P2045
EVODEX-N314,[H][O:105][H:177]>>[H]O[C@]1([H])[C@]([H])(OP(=O)(O[H])O[H])[C@@]([H])(C([H])([H])OP(=O)(O[H])OP(=O)(O[H])OC([H])([H])C(C([H])([H])[H])(C([H])([H])[H])[C@@]([H])(O[H])C(=O)N([H])C([H])([H])C([H])([H])C(=O)N([H])C([H])([H])C([H])([H])SC(=O)C([H])([H])/C([H])=C(\[H])C([H])([H])C(=O)[O:105][H:177])O[C@@]1([H])N1:C([H]):N:C2:C(N([H])[H]):N:C([H]):N:C:2:1,EVODEX-P2054
EVODEX-N315,[H][O:45][H:91]>>[H]OC(=O)C1:C([H]):C([H]):C([H]):C([H]):C:1C(=O)[O:45][H:91],EVODEX-P2063
EVODEX-N316,[H]OC(=O)C([H])([H])C([H])([H])C(=O)[O:51][H:87]>>[H][O:51][H:87],EVODEX-P2072
EVODEX-N317,[H]C([H])([H])C([H])([H])C([H])([H])C([H])([H])C([H])([H])C([H])([H])C([H])([H])C([H])([H])C([H])([H])C([H])([H])C([H])([H])C([H])([H])C([H])([H])C([H])([H])C([H])([H])C([H])([H])C([H])([H])C(=O)[S:20][C:21]>>[H][S:20][C:21],EVODEX-P2075
EVODEX-N318,[H]OS(=O)(=O)C([H])([H])C(=O)[S:48][C:47]>>[H][S:48][C:47],EVODEX-P2083
EVODEX-N319,[H][S:48][C:47]>>[H]OS(=O)(=O)C([H])([H])C(=O)[S:48][C:47],EVODEX-P2089
EVODEX-N320,[H][O:81][H:156]>>[H]/C(C1=C(C([H])([H])[H])C([H])([H])C([H])([H])C([H])([H])C1(C([H])([H])[H])C([H])([H])[H])=C([H])\C(=C([H])\C([H])=C([H])\C(=C([H])\C([H])=C([H])\C([H])=C(C(\[H])=C([H])\C([H])=C(C(\[H])=C([H])\C([H])=C(\C(=O)[O:81][H:156])C([H])([H])[H])/C([H])([H])[H])/C([H])([H])[H])C([H])([H])[H])C([H])([H])[H],EVODEX-P2099
EVODEX-N321,[H][O:81][H:156]>>[H]C(=C(C([H])([H])[H])C([H])([H])[H])C([H])([H])C([H])([H])/C(=C([H])/C([H])=C([H])/C(=C([H])/C([H])=C([H])/C(=C([H])/C([H])=C([H])/C([H])=C(C(/[H])=C([H])/C([H])=C(C(/[H])=C([H])/C([H])=C(/C(=O)[O:81][H:156])C([H])([H])[H])\C([H])([H])[H])\C([H])([H])[H])C([H])([H])[H])C([H])([H])[H])C([H])([H])[H],EVODEX-P2105
EVODEX-N322,[H][O:49][H:100]>>[H]C1:N:C([H]):C(C(=O)C([H])([H])C([H])([H])C(=O)[O:49][H:100]):C([H]):C:1[H],EVODEX-P2111
EVODEX-N323,[H]C([H])([H])C([H])([H])C([H])([H])C([H])([H])C([H])([H])C([H])([H])C([H])([H])C([H])([H])C([H])([H])C([H])([H])C([H])([H])C([H])([H])C([H])([H])C([H])([H])C([H])([H])C([H])([H])C([H])([H])C([H])([H])C([H])([H])C([H])([H])C([H])([H])C(=O)[S:24][C:25]>>[H][S:24][C:25],EVODEX-P2117
EVODEX-N324,[H]C([H])([H])C([H])([H])C([H])([H])C([H])([H])C([H])([H])C([H])([H])C([H])([H])C([H])([H])C([H])([H])C([H])([H])C([H])([H])C([H])([H])C([H])([H])C([H])([H])C([H])([H])C([H])([H])C([H])([H])C([H])([H])C([H])([H])C(=O)[S:22][C:23]>>[H][S:22][C:23],EVODEX-P2123
EVODEX-N325,[H][O:45][H:90]>>[H]OC(=O)/C(O[H])=C([H])/C([H])=C(\Cl)C(=O)[O:45][H:90],EVODEX-P2129
EVODEX-N326,[H][O:56][H:101]>>[H]C(=C(C([H])([H])[H])C([H])([H])[H])C([H])([H])C([H])([H])/C(=C(\[H])C(=O)[O:56][H:101])C([H])([H])[H],EVODEX-P2135
EVODEX-N327,[H][O:56][H:95]>>[H]/C(=C(/C(=O)[O:56][H:95])C([H])([H])[H])C1:C([H]):C([H]):C([H]):C([H]):C:1[H],EVODEX-P2141
EVODEX-N328,[H][O:54][H:92]>>[H]OC(=O)[C@@]([H])(N([H])[H])C([H])([H])C([H])([H])C(=O)[O:54][H:92],EVODEX-P2147
EVODEX-N329,[H][C:52]([C:51])=[N:53].[H][O:45][H:89]>>[O:45]([C:52]([C:51])=[N:53])[H:89],"EVODEX-P2150,EVODEX-P30487,EVODEX-P30546"
EVODEX-N330,[H][C:52]([C:51])=[N:53]>>[H]O[C:52]([C:51])=[N:53],"EVODEX-P2152,EVODEX-P30489,EVODEX-P30548"
EVODEX-N331,[H][O:45][H:89]>>[H]OC(=O)[C@@]1([H])N=C([O:45][H:89])C([H])([H])C1([H])[H],EVODEX-P2153
EVODEX-N332,[H][O:49][H:91]>>[H]OC([H])([H])[C@@]([H])(O[H])C(=O)[O:49][H:91],EVODEX-P2159
EVODEX-N333,[H][O:45][H:91]>>[H]O[C@@]([H])(C(=O)[O:45][H:91])C([H])([H])OP(=O)(O[H])O[H],EVODEX-P2168
EVODEX-N334,[H][O:108][H:182]>>[H]O[C@]1([H])[C@]([H])(OP(=O)(O[H])O[H])[C@@]([H])(C([H])([H])OP(=O)(O[H])OP(=O)(O[H])OC([H])([H])C(C([H])([H])[H])(C([H])([H])[H])[C@@]([H])(O[H])C(=O)N([H])C([H])([H])C([H])([H])C(=O)N([H])C([H])([H])C([H])([H])SC(=O)C([H])([H])C(=O)C([H])([H])/C([H])=C(\[H])C([H])([H])C(=O)[O:108][H:182])O[C@@]1([H])N1:C([H]):N:C2:C(N([H])[H]):N:C([H]):N:C:2:1,EVODEX-P2177
EVODEX-N335,[H][O:45][H:85]>>[H]OC(=O)[C@@]([H])(O[H])[C@]1([H])OC([H])([H])[C@]([H])([O:45][H:85])[C@@]1([H])O[H],EVODEX-P2182
EVODEX-N336,[H][O:61][H:114]>>[H]C(=C(C([H])([H])[H])C([H])([H])[H])C([H])([H])C([H])([H])/C(=C(\[H])C([H])([H])C([H])([H])/C(=C(\[H])C(=O)[O:61][H:114])C([H])([H])[H])C([H])([H])[H],EVODEX-P2192
EVODEX-N337,[H][O:54][H:99]>>[H]C([H])([H])C([H])([H])C([H])([H])C([H])([H])C([H])([H])C([H])([H])C([H])([H])C(=O)[O:54][H:99],EVODEX-P2198
EVODEX-N338,[H]OC(=O)[C@@]([H])(N([H])[H])C([H])([H])C([H])([H])C([H])([H])C(=O)[O:56][H:130].[H]OP(=O)(O[H])OP(=O)(O[H])O[P:75]([O:74])(=[O:76])[O:77]>>[O:56]([P:75]([O:74])(=[O:76])[O:77])[H:130],EVODEX-P2206
EVODEX-N339,[H]OC(=O)[C@@]([H])(N([H])[H])C([H])([H])C([H])([H])C([H])([H])C(=O)[O:56][H:130]>>[H]O[C@@]1([H])[C@@]([H])(O[H])[C@]([H])(N2:C([H]):N:C3:C(N([H])[H]):N:C([H]):N:C:3:2)O[C@]1([H])C([H])([H])OP(=O)(O[H])[O:56][H:130],EVODEX-P2209
EVODEX-N340,[H]OC(=O)[C@@]([H])(N([H])[H])C([H])([H])C([H])([H])C([H])([H])C(=O)[O:56][H:130].[O:74][P:75](=[O:76])([O:77])[O:78]>>[O:56]([P:75]([O:74])(=[O:76])[O:77])[H:130].[H][O:78],EVODEX-P2213
EVODEX-N341,[H]OP(=O)(O[H])OP(=O)(O[H])O[P:64]([O:63])(=[O:65])[O:66].[H]OC(=O)C([H])([H])C([H])([H])C([H])([H])C([H])([H])C(=O)[O:82][H:136]>>[O:63][P:64](=[O:65])([O:66])[O:82][H:136],EVODEX-P2220
EVODEX-N342,[O:63][P:64](=[O:65])([O:66])[O:67].[H]OC(=O)C([H])([H])C([H])([H])C([H])([H])C([H])([H])C(=O)[O:82][H:136]>>[O:63][P:64](=[O:65])([O:66])[O:82][H:136].[H][O:67],EVODEX-P2223
EVODEX-N343,[H]OC(=O)C([H])([H])C([H])([H])C([H])([H])C([H])([H])C(=O)[O:82][H:136]>>[H]O[C@@]1([H])[C@@]([H])(O[H])[C@]([H])(N2:C([H]):N:C3:C(N([H])[H]):N:C([H]):N:C:3:2)O[C@]1([H])C([H])([H])OP(=O)(O[H])[O:82][H:136],EVODEX-P2227
EVODEX-N344,[H][O:51][H:88]>>[H]OC(C(=O)[O:51][H:88])(C([H])([H])[H])C([H])([H])[H],EVODEX-P2242
EVODEX-N345,[H][O:45][H:85]>>[H]OC([H])([H])C([H])([H])C(=O)[O:45][H:85],EVODEX-P2248
EVODEX-N346,[H]OC([H])([H])C([H])([H])C(=O)[O:47][H:80]>>[H][O:47][H:80],EVODEX-P2254
EVODEX-N347,[H][O:58][H:94]>>[H]OC(=O)C1:C(O[H]):C(C([H])([H])[H]):N:C([H]):C:1C(=O)[O:58][H:94],EVODEX-P2260
EVODEX-N348,[H]OC1:C([H]):C([H]):C(C([H])([H])[C@@]([H])(C(=O)[O:61][H:133])N([H])[H]):C([H]):C:1[H].[H]OP(=O)(O[H])OP(=O)(O[H])O[P:77]([O:76])(=[O:78])[O:79]>>[O:61]([P:77]([O:76])(=[O:78])[O:79])[H:133],EVODEX-P2269
EVODEX-N349,[H]OC1:C([H]):C([H]):C(C([H])([H])[C@@]([H])(C(=O)[O:61][H:133])N([H])[H]):C([H]):C:1[H]>>[H]O[C@@]1([H])[C@@]([H])(O[H])[C@]([H])(N2:C([H]):N:C3:C(N([H])[H]):N:C([H]):N:C:3:2)O[C@]1([H])C([H])([H])OP(=O)(O[H])[O:61][H:133],EVODEX-P2272
EVODEX-N350,[H]OC1:C([H]):C([H]):C(C([H])([H])[C@@]([H])(C(=O)[O:61][H:133])N([H])[H]):C([H]):C:1[H].[O:76][P:77](=[O:78])([O:79])[O:80]>>[O:61]([P:77]([O:76])(=[O:78])[O:79])[H:133].[H][O:80],EVODEX-P2276
EVODEX-N351,[H][O:57][H:95]>>[H]OC1:C(C([H])([H])[H]):N:C([H]):C(C(=O)[O:57][H:95]):C:1C([H])([H])O[H],EVODEX-P2282
EVODEX-N352,[H][O:6][C:4]([C:2]([C:1])=[O:3])=[O:5].[C:14][S:18][S:17]>>[C:4](=[O:5])=[O:6].[C:1][C:2](=[O:3])[S:18][C:14].[H][S:17],"EVODEX-P2288,EVODEX-P2299,EVODEX-P2363"
EVODEX-N353,[H]OC(=O)[C:2]([C:1])=[O:3].[C:14][S:18][S:17]>>[C:1][C:2](=[O:3])[S:18][C:14].[H][S:17],"EVODEX-P2289,EVODEX-P2300,EVODEX-P2364"
EVODEX-N354,>>[H].[H]C([H])([H])C=O,EVODEX-P2290
EVODEX-N355,[H]OC(=O)[C:2]([C:1])=[O:3]>>[H]SC([H])([H])C([H])([H])C([H])(S[C:2]([C:1])=[O:3])C([H])([H])C([H])([H])C([H])([H])C([H])([H])C(=O)N([H])[H],"EVODEX-P2291,EVODEX-P2365"
EVODEX-N356,[H][O:6][C:4]([C:2])=[O:5]>>[C:4](=[O:5])=[O:6].[H]SC([H])([H])C([H])([H])C([H])(S[C:2])C([H])([H])C([H])([H])C([H])([H])C([H])([H])C(=O)N([H])[H],"EVODEX-P2292,EVODEX-P2367"
EVODEX-N357,[H]OC(=O)[C:18]([C:17])=[O:19]>>[H]SC([H])(C([H])([H])C([H])([H])S[C:18]([C:17])=[O:19])C([H])([H])C([H])([H])C([H])([H])C([H])([H])C(=O)N([H])[H],EVODEX-P2301
EVODEX-N358,>>[H].[H]OC(=O)C([H])([H])C([H])([H])C=O,"EVODEX-P2302,EVODEX-P2366,EVODEX-P16885"
EVODEX-N359,[H][O:22][C:20]([C:18])=[O:21]>>[C:20](=[O:21])=[O:22].[H]SC([H])(C([H])([H])C([H])([H])S[C:18])C([H])([H])C([H])([H])C([H])([H])C([H])([H])C(=O)N([H])[H],EVODEX-P2303
EVODEX-N360,[H][C:46](=[O:45])[C:47].[H][O:57][As:56]>>[O:45]=[C:46]([C:47])[O:57][As:56],EVODEX-P2306
EVODEX-N361,[H][C:46](=[O:45])[C:47]>>[H]O[As](=O)(O[H])O[C:46](=[O:45])[C:47],EVODEX-P2308
EVODEX-N362,[H][O:57][As:56]>>[H]O[C@@]([H])(C(=O)[O:57][As:56])C([H])([H])OP(=O)(O[H])O[H],EVODEX-P2309
EVODEX-N363,[H][C:17]([C:16])=[O:18].[O:20]=[O:21]>>[H]O[C:17]([C:16])=[O:18].[H][O:20][O:21][H],"EVODEX-P2310,EVODEX-P2316,EVODEX-P2319,EVODEX-P2331,EVODEX-P2337,EVODEX-P2345,EVODEX-P2348,EVODEX-P2354,EVODEX-P2360"
EVODEX-N364,[H][C:17]([C:16])=[O:18].[O:20]=[O:21].[H][O:19][H:42]>>[C:16][C:17](=[O:18])[O:19][H:42].[H][O:20][O:21][H],"EVODEX-P2311,EVODEX-P2317,EVODEX-P2320,EVODEX-P2333,EVODEX-P2338,EVODEX-P2347,EVODEX-P2350,EVODEX-P2355,EVODEX-P2361"
EVODEX-N365,[O:20]=[O:21].[H][O:19][H:42]>>[H]O[C@]1(/C([H])=C([H])/C(=C(/[H])C(=O)[O:19][H:42])C([H])([H])[H])C(C([H])([H])[H])=C([H])C(=O)C([H])([H])C1(C([H])([H])[H])C([H])([H])[H].[H][O:20][O:21][H],EVODEX-P2312
EVODEX-N366,[H][O:19][H:42]>>[H]O[C@]1(/C([H])=C([H])/C(=C(/[H])C(=O)[O:19][H:42])C([H])([H])[H])C(C([H])([H])[H])=C([H])C(=O)C([H])([H])C1(C([H])([H])[H])C([H])([H])[H],EVODEX-P2313
EVODEX-N367,[O:23]=[O:24].[H][O:22][H:53]>>[H]/C(C1=C(C([H])([H])[H])C([H])([H])C([H])([H])C([H])([H])C1(C([H])([H])[H])C([H])([H])[H])=C([H])\C(=C([H])\C([H])=C([H])\C(=C(/[H])C(=O)[O:22][H:53])C([H])([H])[H])C([H])([H])[H].[H][O:23][O:24][H],EVODEX-P2318
EVODEX-N368,[O:7]=[O:8].[H][O:1][H:11]>>[H]OC(=O)C(=O)[O:1][H:11].[H][O:7][O:8][H],EVODEX-P2321
EVODEX-N369,[H][O:1][H:11]>>[H]OC(=O)C(=O)[O:1][H:11],EVODEX-P2322
EVODEX-N370,[H]OC(=O)C(=O)[O:3][H:9]>>[H][O:3][H:9],EVODEX-P2325
EVODEX-N371,[H]O[C:2](=[O:1])[C:4].[H][O:7][O:8][H]>>[H][C:2](=[O:1])[C:4].[O:7]=[O:8],"EVODEX-P2326,EVODEX-P2341"
EVODEX-N372,[H]OC(=O)C(=O)[O:3][H:9].[H][O:7][O:8][H]>>[O:7]=[O:8].[H][O:3][H:9],EVODEX-P2328
EVODEX-N373,[O:14]=[O:15].[H][O:1][H:25]>>[H][O:14][O:15][H].[H]C1:C([H]):C([H]):C2:C(:C:1[H]):C(C([H])([H])C(=O)[O:1][H:25]):C([H]):N:2[H],EVODEX-P2332
EVODEX-N374,[H][O:1][H:25]>>[H]C1:C([H]):C([H]):C2:C(:C:1[H]):C(C([H])([H])C(=O)[O:1][H:25]):C([H]):N:2[H],EVODEX-P2336
EVODEX-N375,[O:5]=[O:6].[H][O:4][H:11]>>[H]C([H])([H])C(=O)[O:4][H:11].[H][O:5][O:6][H],EVODEX-P2339
EVODEX-N376,[H]C1:C([H]):C([H]):C(C(=O)[O:3][H:12]):C([H]):C:1[H]>>[H][O:3][H:12],EVODEX-P2340
EVODEX-N377,[H]C1:C([H]):C([H]):C(C(=O)[O:3][H:12]):C([H]):C:1[H].[H][O:10][O:11][H]>>[O:10]=[O:11].[H][O:3][H:12],EVODEX-P2342
EVODEX-N378,[O:10]=[O:11].[H][O:1][H:18]>>[H][O:10][O:11][H].[H]C1:C([H]):C([H]):C(C(=O)[O:1][H:18]):C([H]):C:1[H],EVODEX-P2346
EVODEX-N379,[O:13]=[O:14].[H][O:1][H:22]>>[H][O:13][O:14][H].[H]C1:C([H]):C([H]):C2:C(:C:1[H]):C(C(=O)[O:1][H:22]):C([H]):N:2[H],EVODEX-P2349
EVODEX-N380,[H][O:1][H:22]>>[H]C1:C([H]):C([H]):C2:C(:C:1[H]):C(C(=O)[O:1][H:22]):C([H]):N:2[H],EVODEX-P2353
EVODEX-N381,[O:6]=[O:7].[H][O:1][H:10]>>[H]C(=O)C(=O)[O:1][H:10].[H][O:6][O:7][H],EVODEX-P2356
EVODEX-N382,[H][O:1][H:10]>>[H]C(=O)C(=O)[O:1][H:10],EVODEX-P2357
EVODEX-N383,[O:7]=[O:8].[H][O:6][H:13]>>[H]C([H])([H])C(=O)C(=O)[O:6][H:13].[H][O:7][O:8][H],EVODEX-P2362
EVODEX-N384,[H][S:48][C:47]>>[H]C([H])([H])C([H])(C([H])([H])[H])C([H])([H])C(=O)[S:48][C:47],EVODEX-P2372
EVODEX-N385,[H]C([H])([H])C([H])(C([H])([H])[H])C([H])([H])C(=O)[C:55](=[O:56])[O:57][H]>>[C:55](=[O:56])=[O:57],EVODEX-P2374
EVODEX-N386,[H]C([H])([H])C([H])([H])C([H])([H])C(=O)[C:54](=[O:55])[O:56][H]>>[C:54](=[O:55])=[O:56],EVODEX-P2384
EVODEX-N387,[H][O:6][C:4]([C:2]([C:1])=[O:3])=[O:5].[O:8][C:9]1=[C:10]([O:11])[C:13](=[O:14])[C:15]([C:16])=[C:46]([C:47])[C:48]1=[O:49].[H][O:50][H:113]>>[C:4](=[O:5])=[O:6].[C:1][C:2](=[O:3])[O:50][H:113].[H][O:14][C:13]1:[C:10]([O:11]):[C:9]([O:8]):[C:48]([O:49][H]):[C:46]([C:47]):[C:15]:1[C:16],"EVODEX-P2390,EVODEX-P2401"
EVODEX-N388,[H]OC(=O)[C:2]([C:1])=[O:3].[O:8][C:9]1=[C:10]([O:11])[C:13](=[O:14])[C:15]([C:16])=[C:46]([C:47])[C:48]1=[O:49].[H][O:50][H:113]>>[C:1][C:2](=[O:3])[O:50][H:113].[H][O:14][C:13]1:[C:10]([O:11]):[C:9]([O:8]):[C:48]([O:49][H]):[C:46]([C:47]):[C:15]:1[C:16],"EVODEX-P2391,EVODEX-P2402"
EVODEX-N389,[H][O:47][C:46](=[O:45])[C:48]>>[O:45]=[C:46]=[O:47].[H]O[C:48],"EVODEX-P2392,EVODEX-P5113,EVODEX-P6518,EVODEX-P6535,EVODEX-P6829,EVODEX-P7084,EVODEX-P7270,EVODEX-P7290,EVODEX-P7361,EVODEX-P7553,EVODEX-P7573,EVODEX-P8917"
EVODEX-N390,[H][O:6][C:4]([C:2]([C:1])=[O:3])=[O:5].[H][O:50][H:113]>>[C:4](=[O:5])=[O:6].[C:1][C:2](=[O:3])[O:50][H:113],EVODEX-P2393
EVODEX-N391,[H][O:6][C:4]([C:2])=[O:5].[O:8][C:9]1=[C:10]([O:11])[C:13](=[O:14])[C:15]([C:16])=[C:46]([C:47])[C:48]1=[O:49]>>[C:4](=[O:5])=[O:6].[H]O[C:2].[H][O:14][C:13]1:[C:10]([O:11]):[C:9]([O:8]):[C:48]([O:49][H]):[C:46]([C:47]):[C:15]:1[C:16],"EVODEX-P2394,EVODEX-P2403"
EVODEX-N392,[H]C([H])([H])C(=O)[C:4](=[O:5])[O:6][H].[O:8][C:9]1=[C:10]([O:11])[C:13](=[O:14])[C:15]([C:16])=[C:46]([C:47])[C:48]1=[O:49]>>[C:4](=[O:5])=[O:6].[H][O:14][C:13]1:[C:10]([O:11]):[C:9]([O:8]):[C:48]([O:49][H]):[C:46]([C:47]):[C:15]:1[C:16],"EVODEX-P2395,EVODEX-P2404"
EVODEX-N393,[H]OC(=O)[C:2]([C:1])=[O:3].[H][O:50][H:113]>>[C:1][C:2](=[O:3])[O:50][H:113],EVODEX-P2396
EVODEX-N394,[H]OC(=O)[C:52](=[O:53])[C:54]>>[H]O[C:52](=[O:53])[C:54],"EVODEX-P2397,EVODEX-P5112,EVODEX-P7548,EVODEX-P7568,EVODEX-P8916"
EVODEX-N395,[H]OC(=O)[C:2]([C:1])=[O:3].[O:8][C:9]1=[C:10]([O:11])[C:13](=[O:14])[C:15]([C:16])=[C:46]([C:47])[C:48]1=[O:49]>>[H]O[C:2]([C:1])=[O:3].[H][O:14][C:13]1:[C:10]([O:11]):[C:9]([O:8]):[C:48]([O:49][H]):[C:46]([C:47]):[C:15]:1[C:16],"EVODEX-P2398,EVODEX-P2405"
EVODEX-N396,[O:8][C:9]1=[C:10]([O:11])[C:13](=[O:14])[C:15]([C:16])=[C:46]([C:47])[C:48]1=[O:49].[H][O:50][H:113]>>[H]C([H])([H])C(=O)[O:50][H:113].[H][O:14][C:13]1:[C:10]([O:11]):[C:9]([O:8]):[C:48]([O:49][H]):[C:46]([C:47]):[C:15]:1[C:16],"EVODEX-P2399,EVODEX-P2406"
EVODEX-N397,[H][C:1]([H])([H])[C:2][S:4][C:5]([H])([H])[C:6]([H])([H])[N:7]([H])[C:8][C:10]([H])([H])[C:11]([H])([H])[N:12]([H])[C:13][C@:15]([H])([O:16][H])[C:17]([C:18]([H])([H])[H])([C:19]([H])([H])[H])[C:20]([H])([H])[O:21][P:22][O:24][H].[H][N:39]([H])[C:38]:[N:40]:[C:41]([H]):[N:42].[H][O:28][P:26][O:29][C:30]([H])([H])[C@@:31]1([H])[O:32][C@@:33]([H])([N:34]:[C:35]([H]):[N:36])[C@:44]([H])([O:45][H])[C@:46]1([H])[O:47][P:48]([O:50][H])[O:51][H]>>[H][C:1]([H])([H])[C:2][S:4][C:5]([H])([H])[C:6]([H])([H])[N:7]([H])[C:8][C:10]([H])([H])[C:11]([H])([H])[N:12]([H])[C:13][C@:15]([H])([O:16][H])[C:17]([C:18]([H])([H])[H])([C:19]([H])([H])[H])[C:20]([H])([H])[O:21][P:22][O:24][H].[H][N:39]([H])[C:38]:[N:40]:[C:41]([H]):[N:42].[H][O:28][P:26][O:29][C:30]([H])([H])[C@@:31]1([H])[O:32][C@@:33]([H])([N:34]:[C:35]([H]):[N:36])[C@:44]([H])([O:45][H])[C@:46]1([H])[O:47][P:48]([O:50][H])[O:51][H],"EVODEX-P2407,EVODEX-P2409"
EVODEX-N398,[H][C:1]([H])([H])[C:2][S:4][C:5]([H])([H])[C:6]([H])([H])[N:7]([H])[C:8][C:10]([H])([H])[C:11]([H])([H])[N:12]([H])[C:13][C@:15]([H])([O:16][H])[C:17]([C:18]([H])([H])[H])([C:19]([H])([H])[H])[C:20]([H])([H])[O:21][P:22][O:24][H].[H][N:39]([H])[C:38]:[N:40]:[C:41]([H]):[N:42].[H][O:28][P:26][O:29][C:30]([H])([H])[C@@:31]1([H])[O:32][C@@:33]([H])([N:34]:[C:35]([H]):[N:36])[C@:44]([H])([O:45][H])[C@:46]1([H])[O:47][P:48]([O:50][H])[O:51][H].[H][C:52]([H])([H])[C:53]([C:54]([H])([H])[H])([C:55]([H])([H])[O:56][P:57][O:59][H])[C@@:87]([H])([O:88][H])[C:89][N:91]([H])[C:92]([H])([H])[C:93]([H])([H])[C:94][N:96]([H])[C:97]([H])([H])[C:98]([H])([H])[S:99][H].[H][N:74]([H])[C:73]:[N:75]:[C:76]([H]):[N:77].[H][O:63][P:61][O:64][C:65]([H])([H])[C@@:66]1([H])[O:67][C@@:68]([H])([N:69]:[C:70]([H]):[N:71])[C@:79]([H])([O:80][H])[C@:81]1([H])[O:82][P:83]([O:85][H])[O:86][H]>>[H][C:1]([H])([H])[C:2][S:4][C:5]([H])([H])[C:6]([H])([H])[N:7]([H])[C:8][C:10]([H])([H])[C:11]([H])([H])[N:12]([H])[C:13][C@:15]([H])([O:16][H])[C:17]([C:18]([H])([H])[H])([C:19]([H])([H])[H])[C:20]([H])([H])[O:21][P:22][O:24][H].[H][N:39]([H])[C:38]:[N:40]:[C:41]([H]):[N:42].[H][O:28][P:26][O:29][C:30]([H])([H])[C@@:31]1([H])[O:32][C@@:33]([H])([N:34]:[C:35]([H]):[N:36])[C@:44]([H])([O:45][H])[C@:46]1([H])[O:47][P:48]([O:50][H])[O:51][H].[H][C:52]([H])([H])[C:53]([C:54]([H])([H])[H])([C:55]([H])([H])[O:56][P:57][O:59][H])[C@@:87]([H])([O:88][H])[C:89][N:91]([H])[C:92]([H])([H])[C:93]([H])([H])[C:94][N:96]([H])[C:97]([H])([H])[C:98]([H])([H])[S:99][H].[H][N:74]([H])[C:73]:[N:75]:[C:76]([H]):[N:77].[H][O:63][P:61][O:64][C:65]([H])([H])[C@@:66]1([H])[O:67][C@@:68]([H])([N:69]:[C:70]([H]):[N:71])[C@:79]([H])([O:80][H])[C@:81]1([H])[O:82][P:83]([O:85][H])[O:86][H],EVODEX-P2410
EVODEX-N399,[H][C:52]([H])([H])[C:53]([C:54]([H])([H])[H])([C:55]([H])([H])[O:56][P:57][O:59][H])[C@@:87]([H])([O:88][H])[C:89][N:91]([H])[C:92]([H])([H])[C:93]([H])([H])[C:94][N:96]([H])[C:97]([H])([H])[C:98]([H])([H])[S:99][H].[H][N:74]([H])[C:73]:[N:75]:[C:76]([H]):[N:77].[H][O:63][P:61][O:64][C:65]([H])([H])[C@@:66]1([H])[O:67][C@@:68]([H])([N:69]:[C:70]([H]):[N:71])[C@:79]([H])([O:80][H])[C@:81]1([H])[O:82][P:83]([O:85][H])[O:86][H]>>[H][C:52]([H])([H])[C:53]([C:54]([H])([H])[H])([C:55]([H])([H])[O:56][P:57][O:59][H])[C@@:87]([H])([O:88][H])[C:89][N:91]([H])[C:92]([H])([H])[C:93]([H])([H])[C:94][N:96]([H])[C:97]([H])([H])[C:98]([H])([H])[S:99][H].[H][N:74]([H])[C:73]:[N:75]:[C:76]([H]):[N:77].[H][O:63][P:61][O:64][C:65]([H])([H])[C@@:66]1([H])[O:67][C@@:68]([H])([N:69]:[C:70]([H]):[N:71])[C@:79]([H])([O:80][H])[C@:81]1([H])[O:82][P:83]([O:85][H])[O:86][H],EVODEX-P2411
EVODEX-N400,[H][C:9]([C:8])=[O:10].[H][O:25][H:53].[H][O:26][H:55]>>[H]/C(C(=O)[O:25][H:53])=C(/[H])C([H])([H])[H].[C:8][C:9](=[O:10])[O:26][H:55],EVODEX-P2413
EVODEX-N401,[H][O:25][H:53]>>[H]/C(C(=O)[O:25][H:53])=C(/[H])C([H])([H])[H],EVODEX-P2417
EVODEX-N402,[H][C:1](=[O:2])[H:6].[C:3](=[O:4])([H:8])[H:9]>>[H][C:3]([O:4][H])([H:8])[H:9].[H]O[C:1](=[O:2])[H:6],EVODEX-P2431
EVODEX-N403,[H][C:1](=[O:2])[H:6].[C:3](=[O:4])([H:8])[H:9].[H][O:5][H:10]>>[H][C:3]([O:4][H])([H:8])[H:9].[C:1](=[O:2])([O:5][H:10])[H:6],EVODEX-P2432
EVODEX-N404,[H][C:1](=[O:2])[H:8].[C:4][C:5](=[O:6])[H:15]>>[H][C:5]([C:4])([O:6][H])[H:15].[H]O[C:1](=[O:2])[H:8],EVODEX-P2433
EVODEX-N405,[H][C:1](=[O:2])[H:8].[C:4][C:5](=[O:6])[H:15].[H][O:7][H:16]>>[H][C:5]([C:4])([O:6][H])[H:15].[C:1](=[O:2])([O:7][H:16])[H:8],EVODEX-P2434
EVODEX-N406,[C:4][C:5](=[O:6])[H:15].[H][O:7][H:16]>>[H][C:5]([C:4])([O:6][H])[H:15].[H]C(=O)[O:7][H:16],EVODEX-P2435
EVODEX-N407,[O:49]=[C:50]1:[N:51]([H:88]):[C:52]([H:90]):[C:53]([F:54]):[C:55](=[O:56]):[N:57]:1[H:89]>>[H][C:52]1([H:90])[N:51]([H:88])[C:50](=[O:49])[N:57]([H:89])[C:55](=[O:56])[C:53]1([H])[F:54],EVODEX-P2438
EVODEX-N408,[C:1][C:2]1:[C:3]([H:61]):[N:4]([H:62]):[C:5](=[O:6]):[N:7]([H:63]):[C:8]:1=[O:9]>>[H][C:2]1([C:1])[C:3]([H])([H:61])[N:4]([H:62])[C:5](=[O:6])[N:7]([H:63])[C:8]1=[O:9],EVODEX-P2441
EVODEX-N409,[H][C:2]1([C:1])[C:3]([H])([H:62])[N:4]([H:64])[C:5](=[O:6])[N:7]([H:65])[C:8]1=[O:9]>>[C:1][C:2]1:[C:3]([H:62]):[N:4]([H:64]):[C:5](=[O:6]):[N:7]([H:65]):[C:8]:1=[O:9],EVODEX-P2443
EVODEX-N410,[C:10][C:11](=[C:12]([C:13])[C:17])[H:97]>>[H][C:11]([C:10])([C@@:12]([H])([C:13])[C:17])[H:97],"EVODEX-P2445,EVODEX-P2468,EVODEX-P2470,EVODEX-P2505,EVODEX-P2629,EVODEX-P2631,EVODEX-P2633,EVODEX-P2641,EVODEX-P2643,EVODEX-P2659,EVODEX-P2661,EVODEX-P2683,EVODEX-P2688,EVODEX-P2695,EVODEX-P2700,EVODEX-P2810"
EVODEX-N411,[C:50][C:51](=[C:52]([C:53])[H:87])[H:86]>>[H][C:51]([C:50])([C:52]([H])([C:53])[H:87])[H:86],"EVODEX-P2447,EVODEX-P2449,EVODEX-P2454,EVODEX-P2460,EVODEX-P2464,EVODEX-P2466,EVODEX-P2472,EVODEX-P2515,EVODEX-P2529,EVODEX-P2531,EVODEX-P2534,EVODEX-P2536,EVODEX-P2540,EVODEX-P2542,EVODEX-P2544,EVODEX-P2546,EVODEX-P2549,EVODEX-P2553,EVODEX-P2566,EVODEX-P2578,EVODEX-P2647,EVODEX-P2686,EVODEX-P2702,EVODEX-P2704,EVODEX-P2710,EVODEX-P2731,EVODEX-P2733,EVODEX-P2818,EVODEX-P4102,EVODEX-P6956"
EVODEX-N412,[H][C:48]([C:46])([C:49]([H])([C:50])[H:84])[H:82]>>[C:46]/[C:48](=[C:49](/[C:50])[H:84])[H:82],"EVODEX-P2452,EVODEX-P2462,EVODEX-P2517,EVODEX-P2555,EVODEX-P2580,EVODEX-P2607,EVODEX-P2721,EVODEX-P2756,EVODEX-P2774,EVODEX-P2792,EVODEX-P2795,EVODEX-P2797,EVODEX-P2803,EVODEX-P2805,EVODEX-P2807,EVODEX-P2815,EVODEX-P2817,EVODEX-P8763,EVODEX-P8767,EVODEX-P8771,EVODEX-P8785,EVODEX-P8787,EVODEX-P8789,EVODEX-P8793"
EVODEX-N413,[C:46]/[C:48]([O:49])=[C:50](\[O:51])[C:52]>>[H][C@:48]([C:46])([O:49])[C@@:50]([H])([O:51])[C:52],EVODEX-P2458
EVODEX-N414,[H][O:54][C:52]([C@@:51]1([C:50])[C:55]([H:93])=[C:56]([H:94])[C@@:57]([H])([O:58])[C:59]([H:97])=[C:60]1[H:98])=[O:53]>>[C:52](=[O:53])=[O:54].[C:50][C:51]1:[C:55]([H:93]):[C:56]([H:94]):[C:57]([O:58]):[C:59]([H:97]):[C:60]:1[H:98],"EVODEX-P2473,EVODEX-P2556"
EVODEX-N415,[H]OC(=O)C(=O)C([H])([H])[C@]1([C:52](=[O:53])[O:54][H])C([H])=C([H])[C@@]([H])(O[H])C([H])=C1[H]>>[C:52](=[O:53])=[O:54],EVODEX-P2476
EVODEX-N416,[H]OC(=O)[C@@:51]1([C:50])[C:55]([H:93])=[C:56]([H:94])[C@@:57]([H])([O:58])[C:59]([H:97])=[C:60]1[H:98]>>[C:50][C:51]1:[C:55]([H:93]):[C:56]([H:94]):[C:57]([O:58]):[C:59]([H:97]):[C:60]:1[H:98],"EVODEX-P2477,EVODEX-P2560"
EVODEX-N417,[H][C:47]1([H:84])[C:46](=[O:45])[N:55]([H:86])[C:53](=[O:54])[N:52]([H:87])[C:48]1([H])[C:49]>>[O:45]=[C:46]1:[C:47]([H:84]):[C:48]([C:49]):[N:52]([H:87]):[C:53](=[O:54]):[N:55]:1[H:86],EVODEX-P2483
EVODEX-N418,[C:46][C:48]1:[C:49]([H:86]):[C:50](=[O:51]):[N:52]([H:87]):[C:53](=[O:54]):[N:55]:1[H:88]>>[H][C:48]1([C:46])[C:49]([H])([H:86])[C:50](=[O:51])[N:52]([H:87])[C:53](=[O:54])[N:55]1[H:88],EVODEX-P2485
EVODEX-N419,[C:50][C:52]1:[N:53]([H:92]):[C:54](=[O:55]):[N:56]([H:93]):[C:57](=[O:58]):[C:59]:1[F:60]>>[H][C@@:52]1([C:50])[N:53]([H:92])[C:54](=[O:55])[N:56]([H:93])[C:57](=[O:58])[C:59]1([H])[F:60],EVODEX-P2488
EVODEX-N420,[#6:50]/[#6:52](-[#85:88])=[#6:53](\[#85:89])-[#7&+:54]>>[#6:50]-[#6:52](-[#85:88])(-[#85])-[#6:53](-[#85:89])(-[#85])-[#7&+:54],EVODEX-P2490
EVODEX-N421,[#6:8]/[#6:9](-[#85:89])=[#6:10](\[#6:11])-[#7&+:21]>>[#6:8]-[#6:9](-[#85:89])(-[#85])-[#6:10](-[#85])(-[#6:11])-[#7&+:21],"EVODEX-P2492,EVODEX-P2801,EVODEX-P3807"
EVODEX-N422,[C:1](=[C:2]([C:3])[C:11])([H:60])[H:61]>>[H][C:1]([C:2]([H])([C:3])[C:11])([H:60])[H:61],"EVODEX-P2494,EVODEX-P2527,EVODEX-P2635,EVODEX-P2681"
EVODEX-N423,[H][C:55]1([O:56])[C:53](:[N:54]):[C:52](:[C:50])[C:60]([H:97])=[C:59]([H:96])[C:57]1([H])[O:58]>>[C:50]:[C:52]1:[C:53](:[N:54]):[C:55]([O:56]):[C:57]([O:58]):[C:59]([H:96]):[C:60]:1[H:97],EVODEX-P2496
EVODEX-N424,[H][C@@:46]1([O:45])[C:47]([H:83])=[C:48]([H:84])[C:49]([H:85])=[C:50]([H:86])[C@:51]1([H])[O:52]>>[O:45][C:46]1:[C:47]([H:83]):[C:48]([H:84]):[C:49]([H:85]):[C:50]([H:86]):[C:51]:1[O:52],EVODEX-P2498
EVODEX-N425,[H][C:2]([C:1])([O:3])[C:4]([H])([O:5])[H:55]>>[C:1]/[C:2]([O:3])=[C:4](/[O:5])[H:55],EVODEX-P2500
EVODEX-N426,[H][C@@:13]([C:12])([C:14]([H])([C:15])[H:99])[C:24]>>[C:12][C:13](=[C:14]([C:15])[H:99])[C:24],"EVODEX-P2503,EVODEX-P2507,EVODEX-P2639,EVODEX-P2645,EVODEX-P2723,EVODEX-P2727,EVODEX-P2729,EVODEX-P2740,EVODEX-P2812,EVODEX-P8777,EVODEX-P8781"
EVODEX-N427,[H][O:47][C:46](=[O:45])[C@:48]1([O:49])[C:50]([H:86])=[C:51]([H:87])[C:52]([H:88])=[C:53]([H:89])[C@@:54]1([H])[O:55]>>[O:45]=[C:46]=[O:47].[C:48]1([O:49]):[C:50]([H:86]):[C:51]([H:87]):[C:52]([H:88]):[C:53]([H:89]):[C:54]:1[O:55],EVODEX-P2508
EVODEX-N428,[H]OC(=O)[C@:48]1([O:49])[C:50]([H:86])=[C:51]([H:87])[C:52]([H:88])=[C:53]([H:89])[C@@:54]1([H])[O:55]>>[C:48]1([O:49]):[C:50]([H:86]):[C:51]([H:87]):[C:52]([H:88]):[C:53]([H:89]):[C:54]:1[O:55],EVODEX-P2511
EVODEX-N429,[H]O[C@]1([H])C([H])=C([H])C([H])=C([H])[C@@]1(O[H])[C:46](=[O:45])[O:47][H]>>[O:45]=[C:46]=[O:47],EVODEX-P2512
EVODEX-N430,[H][C@@:46]1([O:45])[C:47](:[C:48]):[C:52](:[C:51])[C:53]([H:91])=[C:54]([H:92])[C@:55]1([H])[O:56]>>[O:45][C:46]1:[C:47](:[C:48]):[C:52](:[C:51]):[C:53]([H:91]):[C:54]([H:92]):[C:55]:1[O:56],"EVODEX-P2523,EVODEX-P2582"
EVODEX-N431,[H][C:46]1([O:45])[C:47]([Cl:48])=[C:49]([H:93])[C:50]([C:51])=[C:59]([Cl:60])[C:61]1([H])[O:62]>>[O:45][C:46]1:[C:47]([Cl:48]):[C:49]([H:93]):[C:50]([C:51]):[C:59]([Cl:60]):[C:61]:1[O:62],EVODEX-P2525
EVODEX-N432,[C:5]=[C:6]=[C:7]([C:8])[H:70]>>[H][C:6](=[C:5])[C:7]([H])([C:8])[H:70],EVODEX-P2551
EVODEX-N433,[H]OC(=O)[C@@]([H])(N([H])[H])C([H])([H])C1([C:49](=[O:50])[O:51][H])C([H])=C([H])C([H])(O[H])C([H])=C1[H]>>[C:49](=[O:50])=[O:51],EVODEX-P2559
EVODEX-N434,[C:6][C:7]1:[C:8]([H:75]):[O:9]:[C:10](:[C:11]):[C:16](:[C:15]):[C:17]:1=[O:18]>>[H][C@@:7]1([C:6])[C:8]([H])([H:75])[O:9][C:10](:[C:11]):[C:16](:[C:15])[C:17]1=[O:18],"EVODEX-P2568,EVODEX-P2572,EVODEX-P2574,EVODEX-P2585"
EVODEX-N435,[C:1][C:2](=[C:3]([C:4])[C:13])[C:17]([C:16])=[O:18]>>[H][C:3]([C:2]([C:1])=[C:17]([C:16])[O:18][H])([C:4])[C:13],EVODEX-P2576
EVODEX-N436,[H][C@:50]1([O:51])[C:49]([H:88])=[C:48]([C:46])[C:58]([H:94])=[C:57]([H:93])[C@:52]1([O:53])[C:54](=[O:55])[O:56][H]>>[C:54](=[O:55])=[O:56].[C:46][C:48]1:[C:49]([H:88]):[C:50]([O:51]):[C:52]([O:53]):[C:57]([H:93]):[C:58]:1[H:94],"EVODEX-P2587,EVODEX-P2617"
EVODEX-N437,[H]OC(=O)C1=C([H])[C@]([H])(O[H])[C@@](O[H])([C:54](=[O:55])[O:56][H])C([H])=C1[H]>>[C:54](=[O:55])=[O:56],EVODEX-P2590
EVODEX-N438,[H]OC(=O)[C@:52]1([O:53])[C@@:50]([H])([O:51])[C:49]([H:88])=[C:48]([C:46])[C:58]([H:94])=[C:57]1[H:93]>>[C:46][C:48]1:[C:49]([H:88]):[C:50]([O:51]):[C:52]([O:53]):[C:57]([H:93]):[C:58]:1[H:94],"EVODEX-P2591,EVODEX-P2618"
EVODEX-N439,[C:2][C:11](=[C:10]([N:9])[C:16])[C:12]>>[H][C@@:10]([N:9])([C@:11]([H])([C:2])[C:12])[C:16],EVODEX-P2594
EVODEX-N440,[H][C@@:46]1([O:45])[C:47]([C:48])=[C:54]([H:94])[C:55]([H:95])=[C:56]([H:96])[C@:57]1([H])[O:58]>>[O:45][C:46]1:[C:47]([C:48]):[C:54]([H:94]):[C:55]([H:95]):[C:56]([H:96]):[C:57]:1[O:58],"EVODEX-P2596,EVODEX-P2615,EVODEX-P2679"
EVODEX-N441,[H][O:49][C:50]1:[C:51]([H:89]):[C:52]([O:53]):[C:54]([H:91]):[C:55]([O:56]):[C:57]:1[H:93]>>[H][C:51]1([H:89])[C:50](=[O:49])[C:57]([H:93])=[C:55]([O:56])[C:54]([H])([H:91])[C:52]1([H])[O:53],EVODEX-P2599
EVODEX-N442,[H][C:54]1([H:89])[C:52]([O:53])=[C:51]([H:87])[C:50](=[O:49])[C:57]([H])([H:93])[C:55]1([H])[O:56]>>[H][O:49][C:50]1:[C:51]([H:87]):[C:52]([O:53]):[C:54]([H:89]):[C:55]([O:56]):[C:57]:1[H:93],EVODEX-P2601
EVODEX-N443,[H][C@@:11]1([O:12])[C:7]([C:8])=[C:6]([H:67])[C:5]([H:66])=[C:4]([C:2])[C@:13]1([H])[O:14]>>[C:2][C:4]1:[C:5]([H:66]):[C:6]([H:67]):[C:7]([C:8]):[C:11]([O:12]):[C:13]:1[O:14],EVODEX-P2603
EVODEX-N444,[H][C@@:46]1([O:45])[C:47](:[C:55]):[C:48](:[S:49])[C:56]([H:94])=[C:57]([H:95])[C@:58]1([H])[O:59]>>[O:45][C:46]1:[C:47](:[C:55]):[C:48](:[S:49]):[C:56]([H:94]):[C:57]([H:95]):[C:58]:1[O:59],EVODEX-P2605
EVODEX-N445,[H][C@@:50]1([O:51])[C:49]([H:88])=[C:48]([C:46])[C:55]([C:56])=[C:54]([H:93])[C@:52]1([H])[O:53]>>[C:46][C:48]1:[C:49]([H:88]):[C:50]([O:51]):[C:52]([O:53]):[C:54]([H:93]):[C:55]:1[C:56],EVODEX-P2609
EVODEX-N446,[C:3]:[C:4]1:[C:5]([O:6]):[C:7]([O:8]):[C:9]([H:65]):[C:10]([H:66]):[C:11]:1:[N:12]>>[H][C:5]1([O:6])[C:4](:[C:3]):[C:11](:[N:12])[C:10]([H:66])=[C:9]([H:65])[C:7]1([H])[O:8],EVODEX-P2611
EVODEX-N447,[H][C:11]1([O:12])[C:10]([H:65])=[C:9]([H:64])[C:5](:[N:6]):[C:4](:[C:3])[C:13]1([H])[O:14]>>[C:3]:[C:4]1:[C:5](:[N:6]):[C:9]([H:64]):[C:10]([H:65]):[C:11]([O:12]):[C:13]:1[O:14],EVODEX-P2613
EVODEX-N448,[H]O[C@]1([H])C([H])=C(C([H])([H])[H])C([H])=C([H])[C@@]1(O[H])[C:8](=[O:9])[O:10][H]>>[C:8](=[O:9])=[O:10],EVODEX-P2616
EVODEX-N449,[H]OC1([H])C([H])=C([H])C([H])=C(C([H])([H])[H])C1(O[H])[C:10](=[O:11])[O:12][H]>>[C:10](=[O:11])=[O:12],EVODEX-P2622
EVODEX-N450,[H][C:6]1([O:7])[C:5]([H:62])=[C:4]([H:61])[C:3]([H:60])=[C:2]([C:1])[C:8]1([O:9])[C:10](=[O:11])[O:12][H]>>[C:10](=[O:11])=[O:12].[C:1][C:2]1:[C:3]([H:60]):[C:4]([H:61]):[C:5]([H:62]):[C:6]([O:7]):[C:8]:1[O:9],EVODEX-P2623
EVODEX-N451,[H]OC(=O)[C:8]1([O:9])[C:2]([C:1])=[C:3]([H:60])[C:4]([H:61])=[C:5]([H:62])[C:6]1([H])[O:7]>>[C:1][C:2]1:[C:3]([H:60]):[C:4]([H:61]):[C:5]([H:62]):[C:6]([O:7]):[C:8]:1[O:9],EVODEX-P2624
EVODEX-N452,[H][C@:4]([C:2])([C:5]([H])([H:86])[H:87])[C:6]>>[C:2][C:4](=[C:5]([H:86])[H:87])[C:6],EVODEX-P2637
EVODEX-N453,[C:1](=[C:2]([C:3])[H:53])([H:51])[H:52]>>[H][C:1]([C:2]([H])([C:3])[H:53])([H:51])[H:52],"EVODEX-P2649,EVODEX-P2651,EVODEX-P2663"
EVODEX-N454,[H][C:25]([C:24])([C:26]([H])([H:109])[H:110])[H:107]>>[C:24][C:25](=[C:26]([H:109])[H:110])[H:107],"EVODEX-P2653,EVODEX-P2665,EVODEX-P8797,EVODEX-P8801"
EVODEX-N455,[C:1][C:2]([C:3])=[C:4]([C:5])[C:10]>>[H][C:2]([C:1])([C:3])[C:4]([H])([C:5])[C:10],"EVODEX-P2655,EVODEX-P2719"
EVODEX-N456,[H][C:2]([C:1])([C:3])[C:4]([H])([C:5])[C:10]>>[C:1][C:2]([C:3])=[C:4]([C:5])[C:10],EVODEX-P2657
EVODEX-N457,[O:102]=[C:103]=[O:104]>>[H]O[C@]1([H])[C@]([H])(OP(=O)(O[H])O[H])[C@@]([H])(C([H])([H])OP(=O)(O[H])OP(=O)(O[H])OC([H])([H])C(C([H])([H])[H])(C([H])([H])[H])[C@@]([H])(O[H])C(=O)N([H])C([H])([H])C([H])([H])C(=O)N([H])C([H])([H])C([H])([H])SC(=O)[C@@]([H])(C([H])([H])C([H])([H])[H])[C:103]([O:102][H])=[O:104])O[C@@]1([H])N1:C([H]):N:C2:C(N([H])[H]):N:C([H]):N:C:2:1,EVODEX-P2666
EVODEX-N458,[C:1]/[C:2](=[C:3](/[C:4])[H:109])[H:108]>>[H]OC(=O)[C@:3]([C:2]([H])([C:1])[H:108])([C:4])[H:109],EVODEX-P2668
EVODEX-N459,[C:1]/[C:2](=[C:3](/[C:4])[H:109])[H:108].[O:102]=[C:103]=[O:104]>>[H][C:2]([C:1])([C@:3]([C:4])([C:103]([O:102][H])=[O:104])[H:109])[H:108],EVODEX-P2671
EVODEX-N460,[H]O[C@]1([H])[C@]([H])(OP(=O)(O[H])O[H])[C@@]([H])(C([H])([H])OP(=O)(O[H])OP(=O)(O[H])OC([H])([H])C(C([H])([H])[H])(C([H])([H])[H])[C@@]([H])(O[H])C(=O)N([H])C([H])([H])C([H])([H])C(=O)N([H])C([H])([H])C([H])([H])SC(=O)[C@@]([H])(C([H])([H])C([H])([H])[H])[C:4](=[O:5])[O:6][H])O[C@@]1([H])N1:C([H]):N:C2:C(N([H])[H]):N:C([H]):N:C:2:1>>[C:4](=[O:5])=[O:6],EVODEX-P2672
EVODEX-N461,[H][C:2]([C:1])([C@@:3]([C:4](=[O:5])[O:6][H])([C:7])[H:110])[H:108]>>[C:4](=[O:5])=[O:6].[C:1]/[C:2](=[C:3](/[C:7])[H:110])[H:108],EVODEX-P2673
EVODEX-N462,[H]OC(=O)[C@:3]([C:2]([H])([C:1])[H:108])([C:7])[H:110]>>[C:1]/[C:2](=[C:3](/[C:7])[H:110])[H:108],EVODEX-P2674
EVODEX-N463,[C:1](=[C:2]([O:3])[C:42])([H:93])[H:94]>>[H][C:1]([C@@:2]([H])([O:3])[C:42])([H:93])[H:94],"EVODEX-P2691,EVODEX-P2712"
EVODEX-N464,[H][C@@:40]([O:39])([C:41]([H])([H:120])[H:121])[C:42]>>[O:39][C:40](=[C:41]([H:120])[H:121])[C:42],EVODEX-P2693
EVODEX-N465,[C:15]/[C:16](=[C:17](\[C:18])[C:19])[H:154].[C:1]/[C:2](=[C:3](\[C:4])[H:142])[C:35]>>[H][C:16]([C:15])([C@@:17]([H])([C:18])[C:19])[H:154].[H][C@:2]([C:1])([C:3]([H])([C:4])[H:142])[C:35],EVODEX-P2697
EVODEX-N466,[C:1](=[C:2]([Br:3])[C:4])([H:55])[H:56]>>[H][C:1]([C@:2]([H])([Br:3])[C:4])([H:55])[H:56],EVODEX-P2706
EVODEX-N467,[C:1](=[C:2]([Cl:3])[C:4])([H:55])[H:56]>>[H][C:1]([C@:2]([H])([Cl:3])[C:4])([H:55])[H:56],EVODEX-P2708
EVODEX-N468,[C:3]/[C:4](=[C:5](\[O:6])[C:11])[H:64]>>[H][C:4]([C:3])([C:5]([H])([O:6])[C:11])[H:64],EVODEX-P2714
EVODEX-N469,[H][C@@:46]1([O:45])[C:47]([H:85])=[C:48]([H:86])[C:49]([Cl:50])=[C:51]([Cl:52])[C@:53]1([H])[O:54]>>[O:45][C:46]1:[C:47]([H:85]):[C:48]([H:86]):[C:49]([Cl:50]):[C:51]([Cl:52]):[C:53]:1[O:54],EVODEX-P2736
EVODEX-N470,[H][C@@:46]1([O:45])[C:47]([H:85])=[C:48]([Cl:49])[C:50]([H:86])=[C:51]([Cl:52])[C@:53]1([H])[O:54]>>[O:45][C:46]1:[C:47]([H:85]):[C:48]([Cl:49]):[C:50]([H:86]):[C:51]([Cl:52]):[C:53]:1[O:54],EVODEX-P2738
EVODEX-N471,[H][C@:46]1([N:45])[C:47]([H:92])=[C:48]([H:93])[C@@:49]([C:50])([C:56](=[O:57])[O:58][H])[C:59]([H:98])=[C:60]1[H:99]>>[C:56](=[O:57])=[O:58].[N:45][C:46]1:[C:47]([H:92]):[C:48]([H:93]):[C:49]([C:50]):[C:59]([H:98]):[C:60]:1[H:99],EVODEX-P2741
EVODEX-N472,[H]OC(=O)C(=O)C([H])([H])[C@]1([C:56](=[O:57])[O:58][H])C([H])=C([H])[C@@]([H])(N([H])[H])C([H])=C1[H]>>[C:56](=[O:57])=[O:58],EVODEX-P2744
EVODEX-N473,[H]OC(=O)[C@:49]1([C:50])[C:48]([H:93])=[C:47]([H:92])[C@:46]([H])([N:45])[C:60]([H:99])=[C:59]1[H:98]>>[N:45][C:46]1:[C:47]([H:92]):[C:48]([H:93]):[C:49]([C:50]):[C:59]([H:98]):[C:60]:1[H:99],EVODEX-P2745
EVODEX-N474,[C:7]/[C:8]([C:9])=[C:10](/[C:11](=[O:12])[H:70])[H:69]>>[H][C@@:8]([C:7])([C:9])/[C:10](=[C:11](/[O:12][H])[H:70])[H:69],EVODEX-P2748
EVODEX-N475,[C:1]/[C:2](=[C:3]([C:4](=[C:5](/[C:6])[H:110])/[H:109])\[H:108])[H:107]>>[H][C:2]([C:1])(/[C:3](=[C:4](/[C:5]([H])([C:6])[H:110])[H:109])[H:108])[H:107],EVODEX-P2751
EVODEX-N476,[H][C:2]([C:1])(/[C:3](=[C:4](/[C:5]([H])([C:6])[H:111])[H:110])[H:109])[H:107]>>[C:1]/[C:2](=[C:3]([C:4](=[C:5](/[C:6])[H:111])/[H:110])\[H:109])[H:107],EVODEX-P2753
EVODEX-N477,[O:1]=[C:2]1[C:3]([H:21])=[C:4]([H:22])[C:5](=[O:6])[C:7]([H:23])=[C:8]1[H:24].[H][C@:17]([C:12])([O:18])[C@@:19]([H])([C:10])[O:20]>>[C:10][C:19](=[C:17]([C:12])[O:18])[O:20].[H][O:1][C:2]1:[C:3]([H:21]):[C:4]([H:22]):[C:5]([O:6][H]):[C:7]([H:23]):[C:8]:1[H:24],EVODEX-P2754
EVODEX-N478,[H][C:14]([C:13])([C:15]([H])([C:16])[H:97])[H:95].[O:66]=[O:67]>>[C:13][C:14](=[C:15]([C:16])[H:97])[H:95].[H][O:66][O:67][H],"EVODEX-P2755,EVODEX-P2773,EVODEX-P2802,EVODEX-P2804,EVODEX-P2806"
EVODEX-N479,[C:13][C:14](=[C:15]([C:16])[H:96])[H:95].[H][O:66][O:67][H]>>[H][C:14]([C:13])([C:15]([H])([C:16])[H:96])[H:95].[O:66]=[O:67],EVODEX-P2757
EVODEX-N480,[H][C:3]1([H:11])[C:2](=[O:1])[N:8]([H:13])[C:6](=[O:7])[N:5]([H:14])[C:4]1([H])[H:15].[O:9]=[O:10]>>[O:1]=[C:2]1:[C:3]([H:11]):[C:4]([H:15]):[N:5]([H:14]):[C:6](=[O:7]):[N:8]:1[H:13].[H][O:9][O:10][H],EVODEX-P2758
EVODEX-N481,[H][C:3]1([H:11])[C:2](=[O:1])[N:8]([H:13])[C:6](=[O:7])[N:5]([H:14])[C:4]1([H])[H:15]>>[O:1]=[C:2]1:[C:3]([H:11]):[C:4]([H:15]):[N:5]([H:14]):[C:6](=[O:7]):[N:8]:1[H:13],EVODEX-P2759
EVODEX-N482,[H][C:2]1([C:1])[C:3]([H])([H:16])[N:4]([H:18])[C:5](=[O:6])[N:7]([H:19])[C:8]1=[O:9].[O:10]=[O:11]>>[C:1][C:2]1:[C:3]([H:16]):[N:4]([H:18]):[C:5](=[O:6]):[N:7]([H:19]):[C:8]:1=[O:9].[H][O:10][O:11][H],EVODEX-P2760
EVODEX-N483,[H][C@:5]([N:4])([C:6]([H])([C:7])[H:26])[C:16].[O:19]=[O:20]>>[N:4][C:5](=[C:6]([C:7])[H:26])[C:16].[H][O:19][O:20][H],"EVODEX-P2765,EVODEX-P2767,EVODEX-P2771"
EVODEX-N484,[H][C@:5]([N:4])([C:6]([H])([C:7])[H:26])[C:16]>>[N:4][C:5](=[C:6]([C:7])[H:26])[C:16],"EVODEX-P2766,EVODEX-P2768,EVODEX-P2772,EVODEX-P2799,EVODEX-P3809,EVODEX-P8834,EVODEX-P8919"
EVODEX-N485,[H][C:4]([C:2])([C@:5]1([H])[N:6]([H:34])[C:7](=[O:8])[C@:9]([H])([C:10]([H])([C:11])[H:36])[N:17]([H:43])[C:18]1=[O:19])[H:31].[O:20]=[O:21].[O:22]=[O:23]>>[C:2][C:4](=[C:5]1:[N:6]([H:34]):[C:7](=[O:8]):[C:9](=[C:10]([C:11])[H:36]):[N:17]([H:43]):[C:18]:1=[O:19])[H:31].[H][O:20][O:21][H].[H][O:22][O:23][H],EVODEX-P2769
EVODEX-N486,[H][C:4]([C:2])([C@:5]1([H])[N:6]([H:34])[C:7](=[O:8])[C@:9]([H])([C:10]([H])([C:11])[H:36])[N:17]([H:43])[C:18]1=[O:19])[H:31]>>[C:2][C:4](=[C:5]1:[N:6]([H:34]):[C:7](=[O:8]):[C:9](=[C:10]([C:11])[H:36]):[N:17]([H:43]):[C:18]:1=[O:19])[H:31],EVODEX-P2770
EVODEX-N487,[H][C:60]1([C:61])[N:59]=[C:58]([C:57])[S:90][C:89]1([H])[H:169].[O:91]=[O:92]>>[C:57][C:58]1:[N:59]:[C:60]([C:61]):[C:89]([H:169]):[S:90]:1.[H][O:91][O:92][H],EVODEX-P2775
EVODEX-N488,[H][C:60]1([C:61])[N:59]=[C:58]([C:57])[S:90][C:89]1([H])[H:169]>>[C:57][C:58]1:[N:59]:[C:60]([C:61]):[C:89]([H:169]):[S:90]:1,EVODEX-P2776
EVODEX-N489,[H][C:60]1([C:61])[N:59]=[C:58]([C:57])[O:90][C:89]1([H])[H:169].[O:91]=[O:92]>>[C:57][C:58]1:[N:59]:[C:60]([C:61]):[C:89]([H:169]):[O:90]:1.[H][O:91][O:92][H],EVODEX-P2777
EVODEX-N490,[H][C:60]1([C:61])[N:59]=[C:58]([C:57])[O:90][C:89]1([H])[H:169]>>[C:57][C:58]1:[N:59]:[C:60]([C:61]):[C:89]([H:169]):[O:90]:1,EVODEX-P2778
EVODEX-N491,[H][O:15][C:14]1:[C:12]([C:13]):[C:11]([C:10]):[C:22]([O:23][H]):[C:21](:[C:20]):[C:16]:1:[C:17].[C:25]/[C:27](=[C:28](/[C:29])[H:60])[H:59]>>[C:10][C:11]1=[C:12]([C:13])[C:14](=[O:15])[C:16](:[C:17]):[C:21](:[C:20])[C:22]1=[O:23].[H][C:27]([C:25])([C:28]([H])([C:29])[H:60])[H:59],"EVODEX-P2779,EVODEX-P2786"
EVODEX-N492,[H][O:15][C:14]1:[C:12]([C:13]):[C:11]([C:10]):[C:22]([O:23][H]):[C:21](:[C:20]):[C:16]:1:[C:17]>>[C:10][C:11]1=[C:12]([C:13])[C:14](=[O:15])[C:16](:[C:17]):[C:21](:[C:20])[C:22]1=[O:23],"EVODEX-P2780,EVODEX-P2787,EVODEX-P4057"
EVODEX-N493,[C:10][C:11]1=[C:12]([C:13])[C:14](=[O:15])[C:16](:[C:17]):[C:21](:[C:20])[C:22]1=[O:23].[H][C:27]([C:25])([C:28]([H])([C:29])[H:59])[H:57]>>[H][O:15][C:14]1:[C:12]([C:13]):[C:11]([C:10]):[C:22]([O:23][H]):[C:21](:[C:20]):[C:16]:1:[C:17].[C:25]/[C:27](=[C:28](/[C:29])[H:59])[H:57],EVODEX-P2781
EVODEX-N494,[O:2][C:3]1=[C:4]([O:5])[C:7](=[O:8])[C:9]([C:10])=[C:60]([C:61])[C:62]1=[O:63].[H][C:66]1([H:165])[C:65](=[O:64])[N:74]([H:167])[C:72](=[O:73])[N:71]([H:168])[C@:67]1([H])[C:68]>>[H][O:8][C:7]1:[C:4]([O:5]):[C:3]([O:2]):[C:62]([O:63][H]):[C:60]([C:61]):[C:9]:1[C:10].[O:64]=[C:65]1:[C:66]([H:165]):[C:67]([C:68]):[N:71]([H:168]):[C:72](=[O:73]):[N:74]:1[H:167],"EVODEX-P2782,EVODEX-P2783"
EVODEX-N495,[O:2][C:3]1=[C:4]([N:5])[C:6](=[O:7])[C:8]([C:9])=[C:10]([C:11])[C:26]1=[O:27].[H][C:31]([C:29])([C:32]([H])([C:33])[H:72])[H:70]>>[H][O:7][C:6]1:[C:4]([N:5]):[C:3]([O:2]):[C:26]([O:27][H]):[C:10]([C:11]):[C:8]:1[C:9].[C:29]/[C:31](=[C:32](/[C:33])[H:72])[H:70],EVODEX-P2784
EVODEX-N496,[O:2][C:3]1=[C:4]([N:5])[C:6](=[O:7])[C:8]([C:9])=[C:10]([C:11])[C:26]1=[O:27]>>[H][O:7][C:6]1:[C:4]([N:5]):[C:3]([O:2]):[C:26]([O:27][H]):[C:10]([C:11]):[C:8]:1[C:9],EVODEX-P2785
EVODEX-N497,[H][C:15]([C:14])([C:16]([H])([C:17])[H:176])[H:174].[H][C:25]([C:23])([C:26]([H])([C:27])[H:190])[H:188].[C:85][C:86]1=[C:87]([H:288])[C:88](=[O:89])[C:90]([C:91])=[C:92]([C:93])[C:94]1=[O:95].[C:140][C:141]1=[C:142]([H:368])[C:143](=[O:144])[C:145]([C:146])=[C:147]([C:148])[C:149]1=[O:150]>>[C:14]/[C:15](=[C:16](/[C:17])[H:176])[H:174].[C:23]/[C:25](=[C:26](/[C:27])[H:190])[H:188].[H][O:89][C:88]1:[C:87]([H:288]):[C:86]([C:85]):[C:94]([O:95][H]):[C:92]([C:93]):[C:90]:1[C:91].[H][O:144][C:143]1:[C:142]([H:368]):[C:141]([C:140]):[C:149]([O:150][H]):[C:147]([C:148]):[C:145]:1[C:146],EVODEX-P2788
EVODEX-N498,[C:85][C:86]1=[C:87]([H:288])[C:88](=[O:89])[C:90]([C:91])=[C:92]([C:93])[C:94]1=[O:95]>>[H][O:89][C:88]1:[C:87]([H:288]):[C:86]([C:85]):[C:94]([O:95][H]):[C:92]([C:93]):[C:90]:1[C:91],"EVODEX-P2789,EVODEX-P2794,EVODEX-P3805,EVODEX-P4099"
EVODEX-N499,[H][C:15]([C:14])([C:16]([H])([C:17])[H:176])[H:174].[H][C:25]([C:23])([C:26]([H])([C:27])[H:190])[H:188]>>[C:14]/[C:15](=[C:16](/[C:17])[H:176])[H:174].[C:23]/[C:25](=[C:26](/[C:27])[H:190])[H:188],EVODEX-P2790
EVODEX-N500,[H][C:15]([C:14])([C:16]([H])([C:17])[H:121])[H:119].[C:85][C:86]1=[C:87]([H:233])[C:88](=[O:89])[C:90]([C:91])=[C:92]([C:93])[C:94]1=[O:95]>>[C:14][C:15](=[C:16]([C:17])[H:121])[H:119].[H][O:89][C:88]1:[C:87]([H:233]):[C:86]([C:85]):[C:94]([O:95][H]):[C:92]([C:93]):[C:90]:1[C:91],"EVODEX-P2791,EVODEX-P2793,EVODEX-P2796,EVODEX-P2814,EVODEX-P2816"
EVODEX-N501,[O:12]=[O:13].[H][C:3]1([H:14])[C:2](=[O:1])[N:11]([H:16])[C:9](=[O:10])[N:8]([H:17])[C@:4]1([H])[C:5]>>[O:1]=[C:2]1:[C:3]([H:14]):[C:4]([C:5]):[N:8]([H:17]):[C:9](=[O:10]):[N:11]:1[H:16].[H][O:12][O:13][H],EVODEX-P2808
EVODEX-N502,[H]N([H])[C@@:5]([H])([C:4])[C:7]>>O=[C:5]([C:4])[C:7],"EVODEX-P2823,EVODEX-P2848,EVODEX-P2876,EVODEX-P2906,EVODEX-P2912,EVODEX-P2930,EVODEX-P2977,EVODEX-P3001,EVODEX-P3057,EVODEX-P3126,EVODEX-P3150,EVODEX-P3162,EVODEX-P3180,EVODEX-P3204,EVODEX-P3231,EVODEX-P3260,EVODEX-P3376,EVODEX-P3388,EVODEX-P3412,EVODEX-P3502,EVODEX-P5049,EVODEX-P5055,EVODEX-P5785,EVODEX-P11644,EVODEX-P16694,EVODEX-P16715,EVODEX-P16731,EVODEX-P16745,EVODEX-P16760,EVODEX-P16769,EVODEX-P16785,EVODEX-P16862,EVODEX-P16919,EVODEX-P16934,EVODEX-P17035,EVODEX-P17051,EVODEX-P17107,EVODEX-P17115,EVODEX-P17285,EVODEX-P17329,EVODEX-P17369,EVODEX-P17391,EVODEX-P17427,EVODEX-P17464,EVODEX-P17483,EVODEX-P17496,EVODEX-P17548,EVODEX-P17570,EVODEX-P17623,EVODEX-P17631,EVODEX-P17684,EVODEX-P17710,EVODEX-P17752,EVODEX-P17760,EVODEX-P17783,EVODEX-P17815,EVODEX-P17831,EVODEX-P17883,EVODEX-P31327,EVODEX-P31340,EVODEX-P31427"
EVODEX-N503,[H]N([H])[C@@:2]([H])([C:1])[C:4].[H][O:51][H]>>[C:1][C:2]([C:4])=[O:51],"EVODEX-P2825,EVODEX-P2846,EVODEX-P2880,EVODEX-P2904,EVODEX-P2916,EVODEX-P2934,EVODEX-P2981,EVODEX-P3005,EVODEX-P3055,EVODEX-P3124,EVODEX-P3148,EVODEX-P3160,EVODEX-P3184,EVODEX-P3208,EVODEX-P3234,EVODEX-P3259,EVODEX-P3375,EVODEX-P3387,EVODEX-P3411,EVODEX-P3501,EVODEX-P31185,EVODEX-P31319,EVODEX-P31331,EVODEX-P31417"
EVODEX-N504,[H]OC(=O)[C@]([H])(C([H])([H])[H])[N:3]([H:56])[H:57]>>[H][N:3]([H:56])[H:57],EVODEX-P2826
EVODEX-N505,[H][C@@:2]([C:1])([N:3])[C:4].[H][O:51][H]>>[C:1][C:2]([C:4])=[O:51].[H][N:3],"EVODEX-P2827,EVODEX-P2849,EVODEX-P2882,EVODEX-P2907,EVODEX-P2918,EVODEX-P2936,EVODEX-P2983,EVODEX-P3007,EVODEX-P3058,EVODEX-P3087,EVODEX-P3127,EVODEX-P3151,EVODEX-P3163,EVODEX-P3186,EVODEX-P3210,EVODEX-P3237,EVODEX-P3253,EVODEX-P3263,EVODEX-P3379,EVODEX-P3391,EVODEX-P3415,EVODEX-P3505,EVODEX-P3577,EVODEX-P3637,EVODEX-P3649,EVODEX-P3679,EVODEX-P3731,EVODEX-P3741,EVODEX-P3783,EVODEX-P31326,EVODEX-P31338,EVODEX-P31424"
EVODEX-N506,[H][C@@:5]([C:4])([N:6])[C:7]>>O=[C:5]([C:4])[C:7].[H][N:6],"EVODEX-P2831,EVODEX-P2845,EVODEX-P2886,EVODEX-P2903,EVODEX-P2922,EVODEX-P2940,EVODEX-P2987,EVODEX-P3011,EVODEX-P3054,EVODEX-P3089,EVODEX-P3123,EVODEX-P3147,EVODEX-P3159,EVODEX-P3190,EVODEX-P3214,EVODEX-P3236,EVODEX-P3252,EVODEX-P3262,EVODEX-P3378,EVODEX-P3390,EVODEX-P3414,EVODEX-P3504,EVODEX-P3573,EVODEX-P3641,EVODEX-P3653,EVODEX-P3683,EVODEX-P3735,EVODEX-P3745,EVODEX-P3787,EVODEX-P5052,EVODEX-P5058,EVODEX-P5792,EVODEX-P31325,EVODEX-P31336,EVODEX-P31422"
EVODEX-N507,O=[C:14]([C:12])[C:16]>>[H]N([H])[C@:14]([H])([C:12])[C:16],"EVODEX-P2834,EVODEX-P2860,EVODEX-P2889,EVODEX-P2943,EVODEX-P2990,EVODEX-P3066,EVODEX-P3115,EVODEX-P3139,EVODEX-P3175,EVODEX-P3193,EVODEX-P3226,EVODEX-P3525,EVODEX-P5804,EVODEX-P11646,EVODEX-P16699,EVODEX-P16720,EVODEX-P16739,EVODEX-P16774,EVODEX-P16851,EVODEX-P16939,EVODEX-P17027,EVODEX-P17043,EVODEX-P17096,EVODEX-P17120,EVODEX-P17217,EVODEX-P17248,EVODEX-P17256,EVODEX-P17274,EVODEX-P17321,EVODEX-P17367,EVODEX-P17382,EVODEX-P17469,EVODEX-P17501,EVODEX-P17537,EVODEX-P17612,EVODEX-P17639,EVODEX-P17692,EVODEX-P17718,EVODEX-P17728,EVODEX-P17736,EVODEX-P17741,EVODEX-P17775,EVODEX-P17823"
EVODEX-N508,[C:4][C:5](=[O:6])[C:7]>>[H]N([H])[C@@:5]([H])([C:4])[C:7].[H][O:6][H],"EVODEX-P2837,EVODEX-P2862,EVODEX-P2892,EVODEX-P2946,EVODEX-P2993,EVODEX-P3069,EVODEX-P3117,EVODEX-P3141,EVODEX-P3177,EVODEX-P3196,EVODEX-P3219,EVODEX-P3528"
EVODEX-N509,O=[C:2]([C:1])[C:4].[H][N:7]([H:85])[H:86]>>[H][C@:2]([C:1])([C:4])[N:7]([H:85])[H:86],"EVODEX-P2839,EVODEX-P2854,EVODEX-P2895,EVODEX-P2949,EVODEX-P2996,EVODEX-P3063,EVODEX-P3109,EVODEX-P3133,EVODEX-P3169,EVODEX-P3199,EVODEX-P3220,EVODEX-P3531,EVODEX-P5813"
EVODEX-N510,[H][N:7]([H:85])[H:86]>>[H]OC(=O)[C@]([H])(C([H])([H])[H])[N:7]([H:85])[H:86],EVODEX-P2840
EVODEX-N511,[C:1][C:2](=[O:3])[C:4].[H][N:7]([H:85])[H:86]>>[H][C@:2]([C:1])([C:4])[N:7]([H:85])[H:86].[H][O:3][H],"EVODEX-P2842,EVODEX-P2858,EVODEX-P2899,EVODEX-P2953,EVODEX-P3000,EVODEX-P3067,EVODEX-P3113,EVODEX-P3137,EVODEX-P3173,EVODEX-P3203,EVODEX-P3223,EVODEX-P3535"
EVODEX-N512,[H]OC(=O)C([H])([H])C([H])([H])[C@@]([H])(C(=O)O[H])[N:45]([H:84])[H:85]>>[H][N:45]([H:84])[H:85],EVODEX-P2843
EVODEX-N513,[H]OC(=O)C(C([H])([H])C([H])([H])C(=O)O[H])=[O:52]>>[H][O:52][H],EVODEX-P2853
EVODEX-N514,[H][N:1]([H:85])[H:86]>>[H]OC(=O)C([H])([H])C([H])([H])[C@@]([H])(C(=O)O[H])[N:1]([H:85])[H:86],EVODEX-P2857
EVODEX-N515,[H][O:54][H]>>[H]OC(=O)C(C([H])(C([H])([H])[H])C([H])([H])C([H])([H])[H])=[O:54],EVODEX-P2879
EVODEX-N516,[H]OC(=O)[C@]([H])([C@@]([H])(C([H])([H])[H])C([H])([H])C([H])([H])[H])[N:6]([H:65])[H:66]>>[H][N:6]([H:65])[H:66],EVODEX-P2881
EVODEX-N517,[H][N:10]([H:94])[H:95]>>[H]OC(=O)[C@]([H])([C@@]([H])(C([H])([H])[H])C([H])([H])C([H])([H])[H])[N:10]([H:94])[H:95],EVODEX-P2896
EVODEX-N518,[H]OC(=O)C(C([H])(C([H])([H])[H])C([H])([H])C([H])([H])[H])=[O:6]>>[H][O:6][H],EVODEX-P2898
EVODEX-N519,[H]OC(=O)[C@]([H])(C([H])([H])O[H])[N:45]([H:81])[H:82]>>[H][N:45]([H:81])[H:82],EVODEX-P2900
EVODEX-N520,[H][O:52][H]>>[H]OC(=O)C(C([H])([H])O[H])=[O:52],EVODEX-P2902
EVODEX-N521,[H][O:53][H]>>[H]OC(=O)C(C([H])(C([H])([H])[H])C([H])([H])[H])=[O:53],EVODEX-P2915
EVODEX-N522,[H]OC(=O)[C@]([H])(C([H])(C([H])([H])[H])C([H])([H])[H])[N:5]([H:62])[H:63]>>[H][N:5]([H:62])[H:63],EVODEX-P2917
EVODEX-N523,[H][O:54][H]>>[H]OC(=O)C(C([H])([H])C([H])(C([H])([H])[H])C([H])([H])[H])=[O:54],EVODEX-P2933
EVODEX-N524,[H]OC(=O)[C@]([H])(C([H])([H])C([H])(C([H])([H])[H])C([H])([H])[H])[N:6]([H:65])[H:66]>>[H][N:6]([H:65])[H:66],EVODEX-P2935
EVODEX-N525,[H][N:10]([H:94])[H:95]>>[H]OC(=O)[C@]([H])(C([H])([H])C([H])(C([H])([H])[H])C([H])([H])[H])[N:10]([H:94])[H:95],EVODEX-P2950
EVODEX-N526,[H]OC(=O)C(C([H])([H])C([H])(C([H])([H])[H])C([H])([H])[H])=[O:6]>>[H][O:6][H],EVODEX-P2952
EVODEX-N527,[H]OC(=O)C([H])=[O:46]>>[H][O:46][H],EVODEX-P2954
EVODEX-N528,[H][N:1]([H:80])[H:81].O=[C:47]([C:48])[H:83]>>[H][C:47]([N:1]([H:80])[H:81])([C:48])[H:83],"EVODEX-P2955,EVODEX-P3096"
EVODEX-N529,[H][N:1]([H:80])[H:81]>>[H]OC(=O)C([H])([H])[N:1]([H:80])[H:81],EVODEX-P2958
EVODEX-N530,[H][N:1]([H:80])[H:81].[O:46]=[C:47]([C:48])[H:83]>>[H][C:47]([N:1]([H:80])[H:81])([C:48])[H:83].[H][O:46][H],"EVODEX-P2959,EVODEX-P3100"
EVODEX-N531,O=[C:8]([C:9])[H:21]>>[H]N([H])[C:8]([H])([C:9])[H:21],"EVODEX-P2961,EVODEX-P3099,EVODEX-P16798,EVODEX-P16819,EVODEX-P16867,EVODEX-P16899,EVODEX-P16997,EVODEX-P17088,EVODEX-P17167,EVODEX-P17209,EVODEX-P17233,EVODEX-P17300,EVODEX-P17313,EVODEX-P17645,EVODEX-P17673,EVODEX-P17788,EVODEX-P17796,EVODEX-P17804,EVODEX-P17935"
EVODEX-N532,[O:46]=[C:47]([C:48])[H:83]>>[H]N([H])[C:47]([H])([C:48])[H:83].[H][O:46][H],"EVODEX-P2963,EVODEX-P3102"
EVODEX-N533,[H]OC(=O)C([H])([H])[N:45]([H:79])[H:80]>>[H][N:45]([H:79])[H:80],EVODEX-P2966
EVODEX-N534,[H][C:2]([N:1])([C:3])[H:15]>>O=[C:2]([C:3])[H:15].[H][N:1],"EVODEX-P2968,EVODEX-P3030,EVODEX-P3042,EVODEX-P3286,EVODEX-P3298,EVODEX-P3310,EVODEX-P3330,EVODEX-P3342,EVODEX-P3354,EVODEX-P3366,EVODEX-P3402,EVODEX-P3426,EVODEX-P3436,EVODEX-P3452,EVODEX-P3464,EVODEX-P3476,EVODEX-P3491,EVODEX-P3598,EVODEX-P3842,EVODEX-P3891,EVODEX-P3957,EVODEX-P3969,EVODEX-P3979,EVODEX-P3991,EVODEX-P4001,EVODEX-P4031,EVODEX-P4042,EVODEX-P4052,EVODEX-P7917,EVODEX-P30856,EVODEX-P31066"
EVODEX-N535,[H]N([H])[C:2]([H])([C:3])[H:15].[H][O:10][H]>>[C:2]([C:3])(=[O:10])[H:15],"EVODEX-P2969,EVODEX-P3031,EVODEX-P3043,EVODEX-P3283,EVODEX-P3295,EVODEX-P3307,EVODEX-P3327,EVODEX-P3339,EVODEX-P3351,EVODEX-P3363,EVODEX-P3399,EVODEX-P3449,EVODEX-P3461,EVODEX-P3473,EVODEX-P4028,EVODEX-P30852,EVODEX-P31062"
EVODEX-N536,[H]N([H])[C:8]([H])([C:9])[H:21]>>O=[C:8]([C:9])[H:21],"EVODEX-P2971,EVODEX-P3033,EVODEX-P3045,EVODEX-P3284,EVODEX-P3296,EVODEX-P3308,EVODEX-P3328,EVODEX-P3340,EVODEX-P3352,EVODEX-P3364,EVODEX-P3400,EVODEX-P3450,EVODEX-P3462,EVODEX-P3474,EVODEX-P4029,EVODEX-P16875,EVODEX-P16891,EVODEX-P16989,EVODEX-P17080,EVODEX-P17201,EVODEX-P17228,EVODEX-P17308,EVODEX-P17453,EVODEX-P17578,EVODEX-P17586,EVODEX-P17655,EVODEX-P17661,EVODEX-P17851,EVODEX-P17859,EVODEX-P17874,EVODEX-P17891,EVODEX-P17920,EVODEX-P17928,EVODEX-P17941,EVODEX-P30853,EVODEX-P31063"
EVODEX-N537,[H][C:2]([N:1])([C:3])[H:15].[H][O:10][H]>>[C:2]([C:3])(=[O:10])[H:15].[H][N:1],"EVODEX-P2972,EVODEX-P3034,EVODEX-P3046,EVODEX-P3287,EVODEX-P3299,EVODEX-P3311,EVODEX-P3331,EVODEX-P3343,EVODEX-P3355,EVODEX-P3367,EVODEX-P3403,EVODEX-P3427,EVODEX-P3437,EVODEX-P3453,EVODEX-P3465,EVODEX-P3477,EVODEX-P3493,EVODEX-P3599,EVODEX-P3846,EVODEX-P3892,EVODEX-P3958,EVODEX-P3970,EVODEX-P3980,EVODEX-P3992,EVODEX-P4002,EVODEX-P4032,EVODEX-P4043,EVODEX-P30858,EVODEX-P31068"
EVODEX-N538,[H][O:55][H]>>[H]OC(=O)C([H])([H])C(C([H])([H])[C@@]([H])(N([H])[H])C([H])([H])[H])=[O:55],EVODEX-P2980
EVODEX-N539,[H]OC(=O)C([H])([H])[C@]([H])(C([H])([H])[C@@]([H])(N([H])[H])C([H])([H])[H])[N:6]([H:65])[H:66]>>[H][N:6]([H:65])[H:66],EVODEX-P2982
EVODEX-N540,[H][N:11]([H:96])[H:97]>>[H]OC(=O)C([H])([H])[C@]([H])(C([H])([H])[C@@]([H])(N([H])[H])C([H])([H])[H])[N:11]([H:96])[H:97],EVODEX-P2997
EVODEX-N541,[H]OC(=O)C([H])([H])C(C([H])([H])[C@@]([H])(N([H])[H])C([H])([H])[H])=[O:6]>>[H][O:6][H],EVODEX-P2999
EVODEX-N542,[H][O:54][H]>>[H]OC(=O)C([H])(N([H])[H])C([H])([H])C(C([H])([H])[H])=[O:54],EVODEX-P3004
EVODEX-N543,[H]OC(=O)C([H])(N([H])[H])C([H])([H])C([H])(C([H])([H])[H])[N:3]([H:59])[H:60]>>[H][N:3]([H:59])[H:60],EVODEX-P3006
EVODEX-N544,[H]N([H])[C:46](=[O:47])[C:48].[H]OC(=O)C(C([H])([H])C([H])([H])C(=O)O[H])=[O:61]>>[H][O:61][C:46](=[O:47])[C:48],EVODEX-P3019
EVODEX-N545,[H]N([H])[C:2](=[O:3])[C:4]>>[H]O[C:2](=[O:3])[C:4],"EVODEX-P3022,EVODEX-P24501,EVODEX-P24506,EVODEX-P25058,EVODEX-P25586,EVODEX-P25866,EVODEX-P25977,EVODEX-P26013,EVODEX-P26019,EVODEX-P27047,EVODEX-P27198,EVODEX-P27324,EVODEX-P27404,EVODEX-P27410,EVODEX-P27415,EVODEX-P27443,EVODEX-P27453,EVODEX-P27509,EVODEX-P27620,EVODEX-P27667,EVODEX-P27775,EVODEX-P27885,EVODEX-P27891,EVODEX-P27897,EVODEX-P27902,EVODEX-P27907,EVODEX-P27936,EVODEX-P28022,EVODEX-P28028,EVODEX-P28050,EVODEX-P28087"
EVODEX-N546,[H]O[C:49]([C:48])=[O:50].[H]OC(=O)C([H])([H])C([H])([H])[C@@]([H])(C(=O)O[H])[N:55]([H:102])[H:103]>>[C:48][C:49](=[O:50])[N:55]([H:102])[H:103],EVODEX-P3024
EVODEX-N547,[H][C@:56]([N:55])([C:57])[C:62]>>[H]OC(=O)[C@@]([H])(N([H])[H])C([H])([H])C([H])([H])C(=O)[N:55].O=[C:56]([C:57])[C:62],"EVODEX-P3026,EVODEX-P17385,EVODEX-P17714"
EVODEX-N548,[H]OC(=O)[C@@]([H])(N([H])[H])C([H])([H])C([H])([H])C([H])([H])C([H])([H])[N:45]([H:84])[H:85]>>[H][N:45]([H:84])[H:85],EVODEX-P3027
EVODEX-N549,[H][O:55][H]>>[H]OC(=O)[C@@]([H])(N([H])[H])C([H])([H])C([H])([H])C([H])([H])C([H])=[O:55],EVODEX-P3029
EVODEX-N550,[H]OC(=O)[C@@]([H])(N([H])[H])C([H])([H])SC([H])([H])C([H])([H])[N:49]([H:89])[H:90]>>[H][N:49]([H:89])[H:90],EVODEX-P3039
EVODEX-N551,[H][O:59][H]>>[H]OC(=O)[C@@]([H])(N([H])[H])C([H])([H])SC([H])([H])C([H])=[O:59],EVODEX-P3041
EVODEX-N552,[H]OC(=O)[C@@]([H])(N([H])[H])C([H])([H])C([H])([H])C([H])([H])[C@]([H])(C(=O)O[H])[N:49]([H:92])[H:93]>>[H][N:49]([H:92])[H:93],EVODEX-P3051
EVODEX-N553,[H][O:62][H]>>[H]OC(=O)C(C([H])([H])C([H])([H])C([H])([H])[C@@]([H])(C(=O)O[H])N([H])[H])=[O:62],EVODEX-P3053
EVODEX-N554,[H][N:1]([H:104])[H:105]>>[H]OC(=O)[C@@]([H])(N([H])[H])C([H])([H])C([H])([H])C([H])([H])[C@]([H])(C(=O)O[H])[N:1]([H:104])[H:105],EVODEX-P3070
EVODEX-N555,[H]OC(=O)C(C([H])([H])C([H])([H])C([H])([H])[C@@]([H])(C(=O)O[H])N([H])[H])=[O:56]>>[H][O:56][H],EVODEX-P3072
EVODEX-N556,O=[C:2]([C:1])[C:4]>>[H]N(C([H])([H])[H])[C@@:2]([H])([C:1])[C:4],EVODEX-P3075
EVODEX-N557,[C:1][C:2](=[O:3])[C:4]>>[H]N(C([H])([H])[H])[C@@:2]([H])([C:1])[C:4].[H][O:3][H],EVODEX-P3077
EVODEX-N558,O=[C:2]([C:1])[C:4].[H][N:8]([C:7])[H:64]>>[H][C@:2]([C:1])([C:4])[N:8]([C:7])[H:64],"EVODEX-P3078,EVODEX-P3584,EVODEX-P3629,EVODEX-P3661,EVODEX-P3667,EVODEX-P3692,EVODEX-P3702,EVODEX-P3723,EVODEX-P3753,EVODEX-P3763,EVODEX-P3773,EVODEX-P3795,EVODEX-P3867"
EVODEX-N559,[C:1][C:2](=[O:3])[C:4].[H][N:8]([C:7])[H:64]>>[H][C@:2]([C:1])([C:4])[N:8]([C:7])[H:64].[H][O:3][H],"EVODEX-P3080,EVODEX-P3587,EVODEX-P3632,EVODEX-P3663,EVODEX-P3669,EVODEX-P3695,EVODEX-P3705,EVODEX-P3725,EVODEX-P3755,EVODEX-P3765,EVODEX-P3775,EVODEX-P3797,EVODEX-P3870"
EVODEX-N560,[H][N:8]([C:7])[H:64]>>[H]OC(=O)[C@]([H])(C([H])([H])[H])[N:8]([C:7])[H:64],"EVODEX-P3081,EVODEX-P3630,EVODEX-P3657,EVODEX-P3670,EVODEX-P3719,EVODEX-P3749,EVODEX-P3759,EVODEX-P3769,EVODEX-P3791,EVODEX-P12973"
EVODEX-N561,[H]N(C([H])([H])[H])[C@@:3]([H])([C:4])[C:5]>>O=[C:3]([C:4])[C:5],"EVODEX-P3086,EVODEX-P3250"
EVODEX-N562,[H]OC(=O)[C@]([H])(C([H])([H])[H])[N:2]([C:1])[H:60]>>[H][N:2]([C:1])[H:60],"EVODEX-P3092,EVODEX-P3636,EVODEX-P3648,EVODEX-P3678,EVODEX-P3730,EVODEX-P3740,EVODEX-P3782"
EVODEX-N563,[H]N(C([H])([H])[H])[C@@:3]([H])([C:4])[C:5].[H][O:56][H]>>[C:3]([C:4])([C:5])=[O:56],"EVODEX-P3094,EVODEX-P3249"
EVODEX-N564,[H][N:1]([H:96])[H:97]>>[H]OC(=O)[C@@]([H])(N([H])[H])C([H])([H])C([H])([H])C([H])([H])C([H])([H])[N:1]([H:96])[H:97],EVODEX-P3103
EVODEX-N565,[H]OC(=O)[C@@]([H])(N([H])[H])C([H])([H])C([H])([H])C([H])([H])C([H])=[O:52]>>[H][O:52][H],EVODEX-P3105
EVODEX-N566,[H]OC(=O)C(C([H])([H])C1:C([H]):N([H]):C2:C([H]):C([H]):C([H]):C([H]):C:1:2)=[O:50]>>[H][O:50][H],EVODEX-P3108
EVODEX-N567,[H][N:1]([H:90])[H:91]>>[H]OC(=O)[C@]([H])(C([H])([H])C1:C([H]):N([H]):C2:C([H]):C([H]):C([H]):C([H]):C:1:2)[N:1]([H:90])[H:91],EVODEX-P3112
EVODEX-N568,[H]OC(=O)[C@]([H])(C([H])([H])C1:C([H]):N([H]):C2:C([H]):C([H]):C([H]):C([H]):C:1:2)[N:45]([H:89])[H:90]>>[H][N:45]([H:89])[H:90],EVODEX-P3120
EVODEX-N569,[H][O:60][H]>>[H]OC(=O)C(C([H])([H])C1:C([H]):N([H]):C2:C([H]):C([H]):C([H]):C([H]):C:1:2)=[O:60],EVODEX-P3122
EVODEX-N570,[H]OC(=O)C(C([H])([H])C1:C([H]):C([H]):C([H]):C([H]):C:1[H])=[O:50]>>[H][O:50][H],EVODEX-P3132
EVODEX-N571,[H][N:1]([H:87])[H:88]>>[H]OC(=O)[C@]([H])(C([H])([H])C1:C([H]):C([H]):C([H]):C([H]):C:1[H])[N:1]([H:87])[H:88],EVODEX-P3136
EVODEX-N572,[H]OC(=O)[C@]([H])(C([H])([H])C1:C([H]):C([H]):C([H]):C([H]):C:1[H])[N:45]([H:86])[H:87]>>[H][N:45]([H:86])[H:87],EVODEX-P3144
EVODEX-N573,[H][O:57][H]>>[H]OC(=O)C(C([H])([H])C1:C([H]):C([H]):C([H]):C([H]):C:1[H])=[O:57],EVODEX-P3146
EVODEX-N574,[H]OC(=O)C([H])([H])[C@@]([H])(C(=O)O[H])[N:45]([H:83])[H:84]>>[H][N:45]([H:83])[H:84],EVODEX-P3156
EVODEX-N575,[H][O:54][H]>>[H]OC(=O)C(C([H])([H])C(=O)O[H])=[O:54],EVODEX-P3158
EVODEX-N576,[H]OC(=O)C(C([H])([H])C(=O)O[H])=[O:51]>>[H][O:51][H],EVODEX-P3168
EVODEX-N577,[H][N:1]([H:84])[H:85]>>[H]OC(=O)C([H])([H])[C@@]([H])(C(=O)O[H])[N:1]([H:84])[H:85],EVODEX-P3172
EVODEX-N578,[H][O:52][H]>>[H]OC(=O)C(C([H])([H])C([H])([H])[H])=[O:52],EVODEX-P3183
EVODEX-N579,[H]OC(=O)[C@]([H])(C([H])([H])C([H])([H])[H])[N:4]([H:59])[H:60]>>[H][N:4]([H:59])[H:60],EVODEX-P3185
EVODEX-N580,[H][N:8]([H:88])[H:89]>>[H]OC(=O)[C@]([H])(C([H])([H])C([H])([H])[H])[N:8]([H:88])[H:89],EVODEX-P3200
EVODEX-N581,[H]OC(=O)C(C([H])([H])C([H])([H])[H])=[O:4]>>[H][O:4][H],EVODEX-P3202
EVODEX-N582,[H][O:58][H]>>[H]OC(=O)C(C([H])([H])[C@]([H])(O[H])C([H])(O[H])C(=O)C([H])([H])[H])=[O:58],EVODEX-P3207
EVODEX-N583,[H]OC(=O)[C@]([H])(C([H])([H])[C@]([H])(O[H])C([H])(O[H])C(=O)C([H])([H])[H])[N:10]([H:69])[H:70]>>[H][N:10]([H:69])[H:70],EVODEX-P3209
EVODEX-N584,[H]N=C(N([H])[H])N([H])C([H])([H])C([H])([H])C([H])([H])C(C(=O)O[H])=[O:10]>>[H][O:10][H],EVODEX-P3216
EVODEX-N585,[H][N:1]([H:87])[H:88]>>[H]N=C(N([H])[H])N([H])C([H])([H])C([H])([H])C([H])([H])[C@@]([H])(C(=O)O[H])[N:1]([H:87])[H:88],EVODEX-P3222
EVODEX-N586,[H]N=C(N([H])[H])N([H])C([H])([H])C([H])([H])C([H])([H])[C@@]([H])(C(=O)O[H])[N:9]([H:97])[H:98]>>[H][N:9]([H:97])[H:98],EVODEX-P3232
EVODEX-N587,[H][O:57][H]>>[H]N=C(N([H])[H])N([H])C([H])([H])C([H])([H])C([H])([H])C(C(=O)O[H])=[O:57],EVODEX-P3239
EVODEX-N588,[H][C@@:2]([N:1])([C:3])[C:7].[O:11]=[O:12].[H][O:10][H]>>[C:2]([C:3])([C:7])=[O:10].[H][N:1].[H][O:11][O:12][H],"EVODEX-P3242,EVODEX-P3248,EVODEX-P3258,EVODEX-P3270,EVODEX-P3276,EVODEX-P3320,EVODEX-P3374,EVODEX-P3386,EVODEX-P3410,EVODEX-P3500,EVODEX-P4022"
EVODEX-N589,[H]N([H])[C@:2]([H])([C:3])[C:7].[O:11]=[O:12].[H][O:10][H]>>[C:2]([C:3])([C:7])=[O:10].[H][O:11][O:12][H],"EVODEX-P3243,EVODEX-P3261,EVODEX-P3271,EVODEX-P3277,EVODEX-P3321,EVODEX-P3377,EVODEX-P3389,EVODEX-P3413,EVODEX-P3503"
EVODEX-N590,[H][C@@:2]([N:1])([C:3])[C:7].[O:11]=[O:12]>>O=[C:2]([C:3])[C:7].[H][N:1].[H][O:11][O:12][H],"EVODEX-P3244,EVODEX-P3254,EVODEX-P3264,EVODEX-P3272,EVODEX-P3278,EVODEX-P3322,EVODEX-P3380,EVODEX-P3392,EVODEX-P3416,EVODEX-P3506,EVODEX-P4024"
EVODEX-N591,[H]N([H])[C@:2]([H])([C:3])[C:7].[O:11]=[O:12]>>O=[C:2]([C:3])[C:7].[H][O:11][O:12][H],"EVODEX-P3245,EVODEX-P3265,EVODEX-P3273,EVODEX-P3280,EVODEX-P3323,EVODEX-P3381,EVODEX-P3393,EVODEX-P3417,EVODEX-P3507"
EVODEX-N592,[H]OC(=O)C([H])([H])[C@]([H])(C(=O)O[H])[N:1]([H:13])[H:14].[O:11]=[O:12]>>[H][N:1]([H:13])[H:14].[H][O:11][O:12][H],EVODEX-P3246
EVODEX-N593,[O:11]=[O:12].[H][O:10][H]>>[H]OC(=O)C(C([H])([H])C(=O)O[H])=[O:10].[H][O:11][O:12][H],EVODEX-P3247
EVODEX-N594,[H]N(C([H])([H])[H])[C@:3]([H])([C:4])[C:8].[O:12]=[O:13].[H][O:11][H]>>[C:3]([C:4])([C:8])=[O:11].[H][O:12][O:13][H],"EVODEX-P3251,EVODEX-P4023"
EVODEX-N595,[H]N(C([H])([H])[H])[C@:3]([H])([C:4])[C:8].[O:12]=[O:13]>>O=[C:3]([C:4])[C:8].[H][O:12][O:13][H],"EVODEX-P3255,EVODEX-P4025"
EVODEX-N596,[H]OC(=O)C([H])([H])[C@]([H])(C(=O)O[H])[N:2]([C:1])[H:17]>>[H][N:2]([C:1])[H:17],"EVODEX-P3256,EVODEX-P31217,EVODEX-P31220"
EVODEX-N597,[H]OC(=O)C([H])([H])[C@]([H])(C(=O)O[H])[N:2]([C:1])[H:17].[O:12]=[O:13]>>[H][N:2]([C:1])[H:17].[H][O:12][O:13][H],EVODEX-P3257
EVODEX-N598,[H]OC(=O)[C@]([H])(C([H])([H])C(=O)N([H])[H])[N:6]([H:18])[H:19]>>[H][N:6]([H:18])[H:19],EVODEX-P3266
EVODEX-N599,[H]OC(=O)[C@]([H])(C([H])([H])C(=O)N([H])[H])[N:6]([H:18])[H:19].[O:11]=[O:12]>>[H][N:6]([H:18])[H:19].[H][O:11][O:12][H],EVODEX-P3267
EVODEX-N600,[O:11]=[O:12].[H][O:10][H]>>[H]OC(=O)C(C([H])([H])C(=O)N([H])[H])=[O:10].[H][O:11][O:12][H],EVODEX-P3268
EVODEX-N601,[H][O:10][H]>>[H]OC(=O)C(C([H])([H])C(=O)N([H])[H])=[O:10],EVODEX-P3269
EVODEX-N602,[H]OC(=O)[C@]([H])(C([H])([H])C1:C([H]):N([H]):C2:C([H]):C([H]):C([H]):C([H]):C:1:2)[N:1]([H:19])[H:20].[O:17]=[O:18]>>[H][N:1]([H:19])[H:20].[H][O:17][O:18][H],EVODEX-P3274
EVODEX-N603,[O:17]=[O:18].[H][O:16][H]>>[H]OC(=O)C(C([H])([H])C1:C([H]):N([H]):C2:C([H]):C([H]):C([H]):C([H]):C:1:2)=[O:16].[H][O:17][O:18][H],EVODEX-P3275
EVODEX-N604,[H]N=C(N([H])[H])N([H])C([H])([H])C([H])([H])C([H])([H])[C@]([H])(C(=O)O[H])[N:9]([H:27])[H:28].[O:14]=[O:15]>>[H][N:9]([H:27])[H:28].[H][O:14][O:15][H],EVODEX-P3279
EVODEX-N605,[O:14]=[O:15].[H][O:13][H]>>[H]N=C(N([H])[H])N([H])C([H])([H])C([H])([H])C([H])([H])C(C(=O)O[H])=[O:13].[H][O:14][O:15][H],EVODEX-P3281
EVODEX-N606,[H][C:2]([N:1])([C:3])[H:15].[O:11]=[O:12].[H][O:10][H]>>[C:2]([C:3])(=[O:10])[H:15].[H][N:1].[H][O:11][O:12][H],"EVODEX-P3282,EVODEX-P3294,EVODEX-P3306,EVODEX-P3326,EVODEX-P3338,EVODEX-P3350,EVODEX-P3362,EVODEX-P3398,EVODEX-P3423,EVODEX-P3433,EVODEX-P3443,EVODEX-P3448,EVODEX-P3460,EVODEX-P3472,EVODEX-P3488,EVODEX-P3887,EVODEX-P3953,EVODEX-P3965,EVODEX-P3975,EVODEX-P3987,EVODEX-P3997,EVODEX-P4007,EVODEX-P4027,EVODEX-P4039"
EVODEX-N607,[H]N([H])[C:2]([H])([C:3])[H:15].[O:11]=[O:12].[H][O:10][H]>>[C:2]([C:3])(=[O:10])[H:15].[H][O:11][O:12][H],"EVODEX-P3285,EVODEX-P3297,EVODEX-P3309,EVODEX-P3329,EVODEX-P3341,EVODEX-P3353,EVODEX-P3365,EVODEX-P3401,EVODEX-P3444,EVODEX-P3451,EVODEX-P3463,EVODEX-P3475,EVODEX-P4030"
EVODEX-N608,[H][C:2]([N:1])([C:3])[H:15].[O:11]=[O:12]>>O=[C:2]([C:3])[H:15].[H][N:1].[H][O:11][O:12][H],"EVODEX-P3288,EVODEX-P3300,EVODEX-P3312,EVODEX-P3332,EVODEX-P3344,EVODEX-P3356,EVODEX-P3368,EVODEX-P3404,EVODEX-P3428,EVODEX-P3438,EVODEX-P3445,EVODEX-P3454,EVODEX-P3466,EVODEX-P3478,EVODEX-P3494,EVODEX-P3893,EVODEX-P3959,EVODEX-P3971,EVODEX-P3981,EVODEX-P3993,EVODEX-P4003,EVODEX-P4009,EVODEX-P4033,EVODEX-P4044"
EVODEX-N609,[H]N([H])[C:2]([H])([C:3])[H:15].[O:11]=[O:12]>>O=[C:2]([C:3])[H:15].[H][O:11][O:12][H],"EVODEX-P3289,EVODEX-P3301,EVODEX-P3313,EVODEX-P3333,EVODEX-P3345,EVODEX-P3357,EVODEX-P3369,EVODEX-P3405,EVODEX-P3446,EVODEX-P3455,EVODEX-P3467,EVODEX-P3479,EVODEX-P4034"
EVODEX-N610,[H]C1:C([H]):C([H]):C(C([H])([H])C([H])([H])[N:1]([H:13])[H:14]):C([H]):C:1[H]>>[H][N:1]([H:13])[H:14],EVODEX-P3290
EVODEX-N611,[H]C1:C([H]):C([H]):C(C([H])([H])C([H])([H])[N:1]([H:13])[H:14]):C([H]):C:1[H].[O:11]=[O:12]>>[H][N:1]([H:13])[H:14].[H][O:11][O:12][H],EVODEX-P3291
EVODEX-N612,[O:11]=[O:12].[H][O:10][H]>>[H]C(C([H])([H])C1:C([H]):C([H]):C([H]):C([H]):C:1[H])=[O:10].[H][O:11][O:12][H],EVODEX-P3292
EVODEX-N613,[H][O:10][H]>>[H]C(C([H])([H])C1:C([H]):C([H]):C([H]):C([H]):C:1[H])=[O:10],EVODEX-P3293
EVODEX-N614,[H]C1:C([H]):C([H]):C2:C(:C:1[H]):C(C([H])([H])C([H])([H])[N:1]([H:16])[H:17]):C([H]):N:2[H]>>[H][N:1]([H:16])[H:17],EVODEX-P3302
EVODEX-N615,[H]C1:C([H]):C([H]):C2:C(:C:1[H]):C(C([H])([H])C([H])([H])[N:1]([H:16])[H:17]):C([H]):N:2[H].[O:14]=[O:15]>>[H][N:1]([H:16])[H:17].[H][O:14][O:15][H],EVODEX-P3303
EVODEX-N616,[O:14]=[O:15].[H][O:13][H]>>[H]C(C([H])([H])C1:C([H]):N([H]):C2:C([H]):C([H]):C([H]):C([H]):C:1:2)=[O:13].[H][O:14][O:15][H],EVODEX-P3304
EVODEX-N617,[H][O:13][H]>>[H]C(C([H])([H])C1:C([H]):N([H]):C2:C([H]):C([H]):C([H]):C([H]):C:1:2)=[O:13],EVODEX-P3305
EVODEX-N618,[H]OC1:C(C([H])([H])[H]):N:C([H]):C(C([H])([H])OP(=O)(O[H])O[H]):C:1C([H])([H])[N:14]([H:30])[H:31]>>[H][N:14]([H:30])[H:31],EVODEX-P3314
EVODEX-N619,[H]OC1:C(C([H])([H])[H]):N:C([H]):C(C([H])([H])OP(=O)(O[H])O[H]):C:1C([H])([H])[N:14]([H:30])[H:31].[O:18]=[O:19]>>[H][N:14]([H:30])[H:31].[H][O:18][O:19][H],EVODEX-P3315
EVODEX-N620,[O:18]=[O:19].[H][O:17][H]>>[H]OC1:C(C([H])([H])[H]):N:C([H]):C(C([H])([H])OP(=O)(O[H])O[H]):C:1C([H])=[O:17].[H][O:18][O:19][H],EVODEX-P3316
EVODEX-N621,[H][O:17][H]>>[H]OC1:C(C([H])([H])[H]):N:C([H]):C(C([H])([H])OP(=O)(O[H])O[H]):C:1C([H])=[O:17],EVODEX-P3317
EVODEX-N622,[H]OC(=O)C([H])([H])C([H])([H])[C@]([H])(C(=O)O[H])[N:1]([H:14])[H:15].[O:12]=[O:13]>>[H][N:1]([H:14])[H:15].[H][O:12][O:13][H],EVODEX-P3324
EVODEX-N623,[O:12]=[O:13].[H][O:11][H]>>[H]OC(=O)C(C([H])([H])C([H])([H])C(=O)O[H])=[O:11].[H][O:12][O:13][H],EVODEX-P3325
EVODEX-N624,[H]OC([H])([H])C([H])([H])[N:1]([H:8])[H:9]>>[H][N:1]([H:8])[H:9],EVODEX-P3334
EVODEX-N625,[H]OC([H])([H])C([H])([H])[N:1]([H:8])[H:9].[O:6]=[O:7]>>[H][N:1]([H:8])[H:9].[H][O:6][O:7][H],EVODEX-P3335
EVODEX-N626,[O:6]=[O:7].[H][O:5][H]>>[H]OC([H])([H])C([H])=[O:5].[H][O:6][O:7][H],EVODEX-P3336
EVODEX-N627,[H][O:5][H]>>[H]OC([H])([H])C([H])=[O:5],EVODEX-P3337
EVODEX-N628,[H]OC([H])([H])C([H])([H])C([H])([H])[N:1]([H:9])[H:10]>>[H][N:1]([H:9])[H:10],EVODEX-P3346
EVODEX-N629,[H]OC([H])([H])C([H])([H])C([H])([H])[N:1]([H:9])[H:10].[O:7]=[O:8]>>[H][N:1]([H:9])[H:10].[H][O:7][O:8][H],EVODEX-P3347
EVODEX-N630,[O:7]=[O:8].[H][O:6][H]>>[H]OC([H])([H])C([H])([H])C([H])=[O:6].[H][O:7][O:8][H],EVODEX-P3348
EVODEX-N631,[H][O:6][H]>>[H]OC([H])([H])C([H])([H])C([H])=[O:6],EVODEX-P3349
EVODEX-N632,[H]N([H])C([H])([H])C([H])([H])C([H])([H])C([H])([H])[N:1]([H:10])[H:11]>>[H][N:1]([H:10])[H:11],EVODEX-P3358
EVODEX-N633,[H]N([H])C([H])([H])C([H])([H])C([H])([H])C([H])([H])[N:1]([H:10])[H:11].[O:8]=[O:9]>>[H][N:1]([H:10])[H:11].[H][O:8][O:9][H],EVODEX-P3359
EVODEX-N634,[O:8]=[O:9].[H][O:7][H]>>[H]C(C([H])([H])C([H])([H])C([H])([H])N([H])[H])=[O:7].[H][O:8][O:9][H],EVODEX-P3360
EVODEX-N635,[H][O:7][H]>>[H]C(C([H])([H])C([H])([H])C([H])([H])N([H])[H])=[O:7],EVODEX-P3361
EVODEX-N636,[H]N([H])C([H])([H])C([H])([H])C([H])([H])[N:1]([H:9])[H:10]>>[H][N:1]([H:9])[H:10],EVODEX-P3370
EVODEX-N637,[H]N([H])C([H])([H])C([H])([H])C([H])([H])[N:1]([H:9])[H:10].[O:7]=[O:8]>>[H][N:1]([H:9])[H:10].[H][O:7][O:8][H],EVODEX-P3371
EVODEX-N638,[O:7]=[O:8].[H][O:6][H]>>[H]C(C([H])([H])C([H])([H])N([H])[H])=[O:6].[H][O:7][O:8][H],EVODEX-P3372
EVODEX-N639,[H][O:6][H]>>[H]C(C([H])([H])C([H])([H])N([H])[H])=[O:6],EVODEX-P3373
EVODEX-N640,[H]C1([H])C([H])([H])C([H])([H])C([H])([N:1]([H:11])[H:12])C([H])([H])C1([H])[H]>>[H][N:1]([H:11])[H:12],EVODEX-P3382
EVODEX-N641,[H]C1([H])C([H])([H])C([H])([H])C([H])([N:1]([H:11])[H:12])C([H])([H])C1([H])[H].[O:9]=[O:10]>>[H][N:1]([H:11])[H:12].[H][O:9][O:10][H],EVODEX-P3383
EVODEX-N642,[O:9]=[O:10].[H][O:8][H]>>[H]C1([H])C(=[O:8])C([H])([H])C([H])([H])C([H])([H])C1([H])[H].[H][O:9][O:10][H],EVODEX-P3384
EVODEX-N643,[H][O:8][H]>>[H]C1([H])C(=[O:8])C([H])([H])C([H])([H])C([H])([H])C1([H])[H],EVODEX-P3385
EVODEX-N644,[H]C1([H])C([H])([H])C([H])([H])C([H])([N:1]([H:10])[H:11])C1([H])[H]>>[H][N:1]([H:10])[H:11],EVODEX-P3394
EVODEX-N645,[H]C1([H])C([H])([H])C([H])([H])C([H])([N:1]([H:10])[H:11])C1([H])[H].[O:8]=[O:9]>>[H][N:1]([H:10])[H:11].[H][O:8][O:9][H],EVODEX-P3395
EVODEX-N646,[O:8]=[O:9].[H][O:7][H]>>[H]C1([H])C(=[O:7])C([H])([H])C([H])([H])C1([H])[H].[H][O:8][O:9][H],EVODEX-P3396
EVODEX-N647,[H][O:7][H]>>[H]C1([H])C(=[O:7])C([H])([H])C([H])([H])C1([H])[H],EVODEX-P3397
EVODEX-N648,[H]C1:C([H]):C([H]):C(C([H])([H])[N:1]([H:12])[H:13]):C([H]):C:1[H]>>[H][N:1]([H:12])[H:13],EVODEX-P3406
EVODEX-N649,[H]C1:C([H]):C([H]):C(C([H])([H])[N:1]([H:12])[H:13]):C([H]):C:1[H].[O:10]=[O:11]>>[H][N:1]([H:12])[H:13].[H][O:10][O:11][H],EVODEX-P3407
EVODEX-N650,[O:10]=[O:11].[H][O:9][H]>>[H]C(C1:C([H]):C([H]):C([H]):C([H]):C:1[H])=[O:9].[H][O:10][O:11][H],EVODEX-P3408
EVODEX-N651,[H][O:9][H]>>[H]C(C1:C([H]):C([H]):C([H]):C([H]):C:1[H])=[O:9],EVODEX-P3409
EVODEX-N652,[H]OC(=O)[C@]([H])(C([H])([H])C([H])([H])C([H])([H])C([H])([H])N([H])[H])[N:7]([H:25])[H:26].[O:12]=[O:13]>>[H][N:7]([H:25])[H:26].[H][O:12][O:13][H],EVODEX-P3418
EVODEX-N653,[O:12]=[O:13].[H][O:11][H]>>[H]OC(=O)C(C([H])([H])C([H])([H])C([H])([H])C([H])([H])N([H])[H])=[O:11].[H][O:12][O:13][H],EVODEX-P3419
EVODEX-N654,[H][O:11][H]>>[H]OC(=O)C(C([H])([H])C([H])([H])C([H])([H])C([H])([H])N([H])[H])=[O:11],EVODEX-P3420
EVODEX-N655,[H][N:1]([C@@:2]([H])([C:3])[C:7])[H:12].[O:10]=[O:11]>>[N:1](=[C:2]([C:3])[C:7])[H:12].[H][O:10][O:11][H],"EVODEX-P3421,EVODEX-P3484,EVODEX-P3486,EVODEX-P3512"
EVODEX-N656,[H][N:1]([C@@:2]([H])([C:3])[C:7])[H:12]>>[N:1](=[C:2]([C:3])[C:7])[H:12],"EVODEX-P3422,EVODEX-P3485,EVODEX-P3487,EVODEX-P3513"
EVODEX-N657,[H]OC(=O)C([H])([H])[N:2]([C:1])[H:13]>>[H][N:2]([C:1])[H:13],"EVODEX-P3424,EVODEX-P3434,EVODEX-P4049"
EVODEX-N658,[H]N(C([H])([H])[H])[C:3]([H])([C:4])[H:14].[O:8]=[O:9].[H][O:7][H]>>[C:3]([C:4])(=[O:7])[H:14].[H][O:8][O:9][H],"EVODEX-P3425,EVODEX-P3490,EVODEX-P4041"
EVODEX-N659,[H]OC(=O)C([H])([H])[N:2]([C:1])[H:13].[O:8]=[O:9]>>[H][N:2]([C:1])[H:13].[H][O:8][O:9][H],"EVODEX-P3429,EVODEX-P3439"
EVODEX-N660,[H]N(C([H])([H])[H])[C:3]([H])([C:4])[H:14].[H][O:7][H]>>[C:3]([C:4])(=[O:7])[H:14],"EVODEX-P3430,EVODEX-P3496,EVODEX-P4046"
EVODEX-N661,[H]N(C([H])([H])[H])[C:3]([H])([C:4])[H:14]>>O=[C:3]([C:4])[H:14],"EVODEX-P3431,EVODEX-P3497,EVODEX-P4047"
EVODEX-N662,[H]N(C([H])([H])[H])[C:3]([H])([C:4])[H:14].[O:8]=[O:9]>>O=[C:3]([C:4])[H:14].[H][O:8][O:9][H],"EVODEX-P3432,EVODEX-P3498,EVODEX-P4048"
EVODEX-N663,[H]N(C([H])([H])C([H])([H])[H])[C:4]([H])([C:5])[H:17].[O:9]=[O:10].[H][O:8][H]>>[C:4]([C:5])(=[O:8])[H:17].[H][O:9][O:10][H],EVODEX-P3435
EVODEX-N664,[H]N(C([H])([H])C([H])([H])[H])[C:4]([H])([C:5])[H:17].[H][O:8][H]>>[C:4]([C:5])(=[O:8])[H:17],EVODEX-P3440
EVODEX-N665,[H]N(C([H])([H])C([H])([H])[H])[C:4]([H])([C:5])[H:17]>>O=[C:4]([C:5])[H:17],EVODEX-P3441
EVODEX-N666,[H]N(C([H])([H])C([H])([H])[H])[C:4]([H])([C:5])[H:17].[O:9]=[O:10]>>O=[C:4]([C:5])[H:17].[H][O:9][O:10][H],EVODEX-P3442
EVODEX-N667,[O:12]=[O:13].[H][O:11][H]>>[H]OC(=O)[C@@]([H])(N([H])[H])C([H])([H])C([H])([H])C([H])([H])C([H])=[O:11].[H][O:12][O:13][H],EVODEX-P3447
EVODEX-N668,[H]OC(=O)[C@@]([H])(N([H])[H])C([H])([H])C([H])([H])C([H])([H])[N:1]([H:13])[H:14]>>[H][N:1]([H:13])[H:14],EVODEX-P3456
EVODEX-N669,[H]OC(=O)[C@@]([H])(N([H])[H])C([H])([H])C([H])([H])C([H])([H])[N:1]([H:13])[H:14].[O:11]=[O:12]>>[H][N:1]([H:13])[H:14].[H][O:11][O:12][H],EVODEX-P3457
EVODEX-N670,[O:11]=[O:12].[H][O:10][H]>>[H]OC(=O)[C@@]([H])(N([H])[H])C([H])([H])C([H])([H])C([H])=[O:10].[H][O:11][O:12][H],EVODEX-P3458
EVODEX-N671,[H][O:10][H]>>[H]OC(=O)[C@@]([H])(N([H])[H])C([H])([H])C([H])([H])C([H])=[O:10],EVODEX-P3459
EVODEX-N672,[H]C([H])([H])C([H])([H])[N:3]([H:12])[H:13]>>[H][N:3]([H:12])[H:13],EVODEX-P3468
EVODEX-N673,[H]C([H])([H])C([H])([H])[N:3]([H:12])[H:13].[O:5]=[O:6]>>[H][N:3]([H:12])[H:13].[H][O:5][O:6][H],EVODEX-P3469
EVODEX-N674,[O:5]=[O:6].[H][O:4][H]>>[H]C(C([H])([H])[H])=[O:4].[H][O:5][O:6][H],EVODEX-P3470
EVODEX-N675,[H][O:4][H]>>[H]C(C([H])([H])[H])=[O:4],EVODEX-P3471
EVODEX-N676,[H]C1:N:C([H]):N([H]):C:1C([H])([H])C([H])([H])[N:1]([H:12])[H:13]>>[H][N:1]([H:12])[H:13],EVODEX-P3480
EVODEX-N677,[H]C1:N:C([H]):N([H]):C:1C([H])([H])C([H])([H])[N:1]([H:12])[H:13].[O:10]=[O:11]>>[H][N:1]([H:12])[H:13].[H][O:10][O:11][H],EVODEX-P3481
EVODEX-N678,[O:10]=[O:11].[H][O:9][H]>>[H]C(C([H])([H])C1:C([H]):N:C([H]):N:1[H])=[O:9].[H][O:10][O:11][H],EVODEX-P3482
EVODEX-N679,[H][O:9][H]>>[H]C(C([H])([H])C1:C([H]):N:C([H]):N:1[H])=[O:9],EVODEX-P3483
EVODEX-N680,[H]C1:N:C([H]):C(C(=O)C([H])([H])C([H])([H])C([H])([H])[N:2]([C:1])[H:20]):C([H]):C:1[H]>>[H][N:2]([C:1])[H:20],EVODEX-P3489
EVODEX-N681,[H][O:14][H]>>[H]C(C([H])([H])C([H])([H])C(=O)C1:C([H]):N:C([H]):C([H]):C:1[H])=[O:14],EVODEX-P3492
EVODEX-N682,[H]C1:N:C([H]):C(C(=O)C([H])([H])C([H])([H])C([H])([H])[N:2]([C:1])[H:20]):C([H]):C:1[H].[O:15]=[O:16]>>[H][N:2]([C:1])[H:20].[H][O:15][O:16][H],EVODEX-P3495
EVODEX-N683,[O:15]=[O:16].[H][O:14][H]>>[H]C(C([H])([H])C([H])([H])C(=O)C1:C([H]):N:C([H]):C([H]):C:1[H])=[O:14].[H][O:15][O:16][H],EVODEX-P3499
EVODEX-N684,[H]OC1:C([H]):C([H]):C(C([H])([H])C2([H])N([H])C(=O)C([H])([N:17]([H:37])[H:38])C2(C([H])([H])[H])C([H])([H])[H]):C([H]):C:1[H]>>[H][N:17]([H:37])[H:38],EVODEX-P3508
EVODEX-N685,[H]OC1:C([H]):C([H]):C(C([H])([H])C2([H])N([H])C(=O)C([H])([N:17]([H:37])[H:38])C2(C([H])([H])[H])C([H])([H])[H]):C([H]):C:1[H].[O:19]=[O:20]>>[H][N:17]([H:37])[H:38].[H][O:19][O:20][H],EVODEX-P3509
EVODEX-N686,[O:19]=[O:20].[H][O:18][H]>>[H]OC1:C([H]):C([H]):C(C([H])([H])C2([H])N([H])C(=O)C(=[O:18])C2(C([H])([H])[H])C([H])([H])[H]):C([H]):C:1[H].[H][O:19][O:20][H],EVODEX-P3510
EVODEX-N687,[H][O:18][H]>>[H]OC1:C([H]):C([H]):C(C([H])([H])C2([H])N([H])C(=O)C(=[O:18])C2(C([H])([H])[H])C([H])([H])[H]):C([H]):C:1[H],EVODEX-P3511
EVODEX-N688,[C:8][C:28](=[O:29])[N:30].[H][O:40][H:75]>>[H][N:30].[C:8][C:28](=[O:29])[O:40][H:75],"EVODEX-P3514,EVODEX-P12935,EVODEX-P12950,EVODEX-P21064,EVODEX-P21419,EVODEX-P21651,EVODEX-P21776,EVODEX-P24303,EVODEX-P24349,EVODEX-P24355,EVODEX-P24358,EVODEX-P24380,EVODEX-P24385,EVODEX-P24390,EVODEX-P24396,EVODEX-P24402,EVODEX-P24408,EVODEX-P24414,EVODEX-P24419,EVODEX-P24424,EVODEX-P24430,EVODEX-P24435,EVODEX-P24440,EVODEX-P24446,EVODEX-P24451,EVODEX-P24457,EVODEX-P24462,EVODEX-P24467,EVODEX-P24472,EVODEX-P24477,EVODEX-P24482,EVODEX-P24487,EVODEX-P24492,EVODEX-P24497,EVODEX-P24503,EVODEX-P24508,EVODEX-P24514,EVODEX-P24519,EVODEX-P24525,EVODEX-P24530,EVODEX-P24535,EVODEX-P24540,EVODEX-P24551,EVODEX-P24556,EVODEX-P24562,EVODEX-P24567,EVODEX-P24572,EVODEX-P24577,EVODEX-P24582,EVODEX-P24586,EVODEX-P24588,EVODEX-P24593,EVODEX-P24598,EVODEX-P24600,EVODEX-P24605,EVODEX-P24607,EVODEX-P24612,EVODEX-P24617,EVODEX-P24622,EVODEX-P24628,EVODEX-P24633,EVODEX-P24638,EVODEX-P24643,EVODEX-P24648,EVODEX-P24654,EVODEX-P24660,EVODEX-P24666,EVODEX-P24672,EVODEX-P24678,EVODEX-P24684,EVODEX-P24690,EVODEX-P24696,EVODEX-P24701,EVODEX-P24707,EVODEX-P24713,EVODEX-P24719,EVODEX-P24725,EVODEX-P24731,EVODEX-P24736,EVODEX-P24742,EVODEX-P24748,EVODEX-P24753,EVODEX-P24759,EVODEX-P24764,EVODEX-P24786,EVODEX-P24792,EVODEX-P24797,EVODEX-P24803,EVODEX-P24809,EVODEX-P24815,EVODEX-P24821,EVODEX-P24827,EVODEX-P24833,EVODEX-P24839,EVODEX-P24845,EVODEX-P24855,EVODEX-P24860,EVODEX-P24866,EVODEX-P24872,EVODEX-P24877,EVODEX-P24883,EVODEX-P24889,EVODEX-P24895,EVODEX-P24901,EVODEX-P24907,EVODEX-P24912,EVODEX-P24918,EVODEX-P24924,EVODEX-P24935,EVODEX-P24940,EVODEX-P24946,EVODEX-P24951,EVODEX-P24957,EVODEX-P24963,EVODEX-P24969,EVODEX-P24975,EVODEX-P24981,EVODEX-P24987,EVODEX-P24993,EVODEX-P24999,EVODEX-P25005,EVODEX-P25011,EVODEX-P25017,EVODEX-P25023,EVODEX-P25029,EVODEX-P25035,EVODEX-P25040,EVODEX-P25046,EVODEX-P25051,EVODEX-P25056,EVODEX-P25060,EVODEX-P25065,EVODEX-P25070,EVODEX-P25075,EVODEX-P25080,EVODEX-P25085,EVODEX-P25091,EVODEX-P25097,EVODEX-P25119,EVODEX-P25124,EVODEX-P25139,EVODEX-P25156,EVODEX-P25162,EVODEX-P25168,EVODEX-P25174,EVODEX-P25180,EVODEX-P25186,EVODEX-P25192,EVODEX-P25198,EVODEX-P25204,EVODEX-P25222,EVODEX-P25228,EVODEX-P25234,EVODEX-P25240,EVODEX-P25246,EVODEX-P25252,EVODEX-P25257,EVODEX-P25262,EVODEX-P25273,EVODEX-P25279,EVODEX-P25285,EVODEX-P25291,EVODEX-P25297,EVODEX-P25303,EVODEX-P25309,EVODEX-P25315,EVODEX-P25348,EVODEX-P25354,EVODEX-P25359,EVODEX-P25375,EVODEX-P25381,EVODEX-P25387,EVODEX-P25393,EVODEX-P25399,EVODEX-P25405,EVODEX-P25411,EVODEX-P25417,EVODEX-P25423,EVODEX-P25429,EVODEX-P25435,EVODEX-P25441,EVODEX-P25453,EVODEX-P25459,EVODEX-P25470,EVODEX-P25476,EVODEX-P25482,EVODEX-P25488,EVODEX-P25505,EVODEX-P25511,EVODEX-P25517,EVODEX-P25534,EVODEX-P25540,EVODEX-P25546,EVODEX-P25552,EVODEX-P25558,EVODEX-P25564,EVODEX-P25570,EVODEX-P25576,EVODEX-P25582,EVODEX-P25588,EVODEX-P25594,EVODEX-P25600,EVODEX-P25605,EVODEX-P25617,EVODEX-P25623,EVODEX-P25629,EVODEX-P25635,EVODEX-P25641,EVODEX-P25647,EVODEX-P25653,EVODEX-P25659,EVODEX-P25665,EVODEX-P25671,EVODEX-P25677,EVODEX-P25683,EVODEX-P25689,EVODEX-P25695,EVODEX-P25701,EVODEX-P25707,EVODEX-P25713,EVODEX-P25719,EVODEX-P25725,EVODEX-P25731,EVODEX-P25737,EVODEX-P25743,EVODEX-P25749,EVODEX-P25754,EVODEX-P25760,EVODEX-P25766,EVODEX-P25772,EVODEX-P25784,EVODEX-P25790,EVODEX-P25796,EVODEX-P25802,EVODEX-P25808,EVODEX-P25814,EVODEX-P25820,EVODEX-P25825,EVODEX-P25831,EVODEX-P25837,EVODEX-P25842,EVODEX-P25848,EVODEX-P25853,EVODEX-P25864,EVODEX-P25869,EVODEX-P25912,EVODEX-P25918,EVODEX-P25923,EVODEX-P25928,EVODEX-P25934,EVODEX-P25940,EVODEX-P25946,EVODEX-P25957,EVODEX-P25963,EVODEX-P25968,EVODEX-P25973,EVODEX-P25985,EVODEX-P25991,EVODEX-P25997,EVODEX-P26003,EVODEX-P26009,EVODEX-P26015,EVODEX-P26021,EVODEX-P26027,EVODEX-P26033,EVODEX-P26039,EVODEX-P26045,EVODEX-P26051,EVODEX-P26057,EVODEX-P26062,EVODEX-P26068,EVODEX-P26074,EVODEX-P26080,EVODEX-P26086,EVODEX-P26092,EVODEX-P26098,EVODEX-P26104,EVODEX-P26110,EVODEX-P26116,EVODEX-P26122,EVODEX-P26128,EVODEX-P26133,EVODEX-P26139,EVODEX-P26144,EVODEX-P26150,EVODEX-P26156,EVODEX-P26162,EVODEX-P26168,EVODEX-P26174,EVODEX-P26180,EVODEX-P26186,EVODEX-P26203,EVODEX-P26209,EVODEX-P26215,EVODEX-P26221,EVODEX-P26227,EVODEX-P26232,EVODEX-P26238,EVODEX-P26260,EVODEX-P26266,EVODEX-P26272,EVODEX-P26278,EVODEX-P26284,EVODEX-P26290,EVODEX-P26295,EVODEX-P26300,EVODEX-P26306,EVODEX-P26312,EVODEX-P26318,EVODEX-P26340,EVODEX-P26346,EVODEX-P26352,EVODEX-P26358,EVODEX-P26364,EVODEX-P26386,EVODEX-P26389,EVODEX-P26394,EVODEX-P26400,EVODEX-P26406,EVODEX-P26412,EVODEX-P26418,EVODEX-P26424,EVODEX-P26430,EVODEX-P26436,EVODEX-P26442,EVODEX-P26448,EVODEX-P26454,EVODEX-P26460,EVODEX-P26472,EVODEX-P26478,EVODEX-P26484,EVODEX-P26490,EVODEX-P26496,EVODEX-P26502,EVODEX-P26508,EVODEX-P26514,EVODEX-P26520,EVODEX-P26532,EVODEX-P26538,EVODEX-P26544,EVODEX-P26550,EVODEX-P26556,EVODEX-P26562,EVODEX-P26568,EVODEX-P26574,EVODEX-P26585,EVODEX-P26591,EVODEX-P26597,EVODEX-P26603,EVODEX-P26609,EVODEX-P26615,EVODEX-P26621,EVODEX-P26627,EVODEX-P26632,EVODEX-P26638,EVODEX-P26644,EVODEX-P26650,EVODEX-P26656,EVODEX-P26668,EVODEX-P26674,EVODEX-P26679,EVODEX-P26685,EVODEX-P26691,EVODEX-P26697,EVODEX-P26703,EVODEX-P26709,EVODEX-P26715,EVODEX-P26721,EVODEX-P26726,EVODEX-P26731,EVODEX-P26737,EVODEX-P26742,EVODEX-P26748,EVODEX-P26767,EVODEX-P26773,EVODEX-P26779,EVODEX-P26785,EVODEX-P26791,EVODEX-P26796,EVODEX-P26802,EVODEX-P26808,EVODEX-P26814,EVODEX-P26820,EVODEX-P26825,EVODEX-P26831,EVODEX-P26837,EVODEX-P26843,EVODEX-P26848,EVODEX-P26854,EVODEX-P26860,EVODEX-P26866,EVODEX-P26871,EVODEX-P26877,EVODEX-P26883,EVODEX-P26889,EVODEX-P26895,EVODEX-P26901,EVODEX-P26906,EVODEX-P26912,EVODEX-P26917,EVODEX-P26923,EVODEX-P26929,EVODEX-P26934,EVODEX-P26940,EVODEX-P26945,EVODEX-P26951,EVODEX-P26957,EVODEX-P26962,EVODEX-P26968,EVODEX-P26974,EVODEX-P26980,EVODEX-P26986,EVODEX-P26992,EVODEX-P26997,EVODEX-P27003,EVODEX-P27009,EVODEX-P27015,EVODEX-P27021,EVODEX-P27027,EVODEX-P27033,EVODEX-P27044,EVODEX-P27054,EVODEX-P27112,EVODEX-P27128,EVODEX-P27139,EVODEX-P27145,EVODEX-P27150,EVODEX-P27155,EVODEX-P27160,EVODEX-P27165,EVODEX-P27170,EVODEX-P27174,EVODEX-P27179,EVODEX-P27184,EVODEX-P27189,EVODEX-P27194,EVODEX-P27217,EVODEX-P27222,EVODEX-P27227,EVODEX-P27239,EVODEX-P27251,EVODEX-P27256,EVODEX-P27261,EVODEX-P27270,EVODEX-P27281,EVODEX-P27287,EVODEX-P27320,EVODEX-P27342,EVODEX-P27347,EVODEX-P27352,EVODEX-P27368,EVODEX-P27374,EVODEX-P27379,EVODEX-P27385,EVODEX-P27390,EVODEX-P27395,EVODEX-P27400,EVODEX-P27406,EVODEX-P27412,EVODEX-P27417,EVODEX-P27420,EVODEX-P27425,EVODEX-P27430,EVODEX-P27435,EVODEX-P27440,EVODEX-P27450,EVODEX-P27455,EVODEX-P27485,EVODEX-P27490,EVODEX-P27505,EVODEX-P27511,EVODEX-P27545,EVODEX-P27550,EVODEX-P27555,EVODEX-P27582,EVODEX-P27616,EVODEX-P27627,EVODEX-P27632,EVODEX-P27637,EVODEX-P27642,EVODEX-P27647,EVODEX-P27653,EVODEX-P27658,EVODEX-P27663,EVODEX-P27669,EVODEX-P27674,EVODEX-P27702,EVODEX-P27707,EVODEX-P27734,EVODEX-P27766,EVODEX-P27771,EVODEX-P27787,EVODEX-P27792,EVODEX-P27797,EVODEX-P27803,EVODEX-P27818,EVODEX-P27824,EVODEX-P27829,EVODEX-P27834,EVODEX-P27839,EVODEX-P27844,EVODEX-P27849,EVODEX-P27854,EVODEX-P27860,EVODEX-P27866,EVODEX-P27872,EVODEX-P27877,EVODEX-P27882,EVODEX-P27887,EVODEX-P27893,EVODEX-P27899,EVODEX-P27904,EVODEX-P27914,EVODEX-P27919,EVODEX-P27922,EVODEX-P27932,EVODEX-P27938,EVODEX-P27948,EVODEX-P27953,EVODEX-P27980,EVODEX-P27985,EVODEX-P27990,EVODEX-P27995,EVODEX-P28001,EVODEX-P28007,EVODEX-P28013,EVODEX-P28018,EVODEX-P28024,EVODEX-P28030,EVODEX-P28042,EVODEX-P28047,EVODEX-P28052,EVODEX-P28058,EVODEX-P28063,EVODEX-P28073,EVODEX-P28084,EVODEX-P28089,EVODEX-P28095,EVODEX-P28101,EVODEX-P28106,EVODEX-P28111"
EVODEX-N689,[H]OC(=O)[C@@]([H])(N([H])[H])C([H])([H])C([H])([H])C(=O)[N:1]([H:12])[H:13]>>[H][N:1]([H:12])[H:13],EVODEX-P3515
EVODEX-N690,[H]N([H])[C:2](=[O:3])[C:4].[H][O:11][H:22]>>[C:2](=[O:3])([C:4])[O:11][H:22],"EVODEX-P3516,EVODEX-P24499,EVODEX-P24505,EVODEX-P25057,EVODEX-P25584,EVODEX-P25865,EVODEX-P25975,EVODEX-P26011,EVODEX-P26017,EVODEX-P27046,EVODEX-P27196,EVODEX-P27322,EVODEX-P27402,EVODEX-P27408,EVODEX-P27414,EVODEX-P27442,EVODEX-P27452,EVODEX-P27507,EVODEX-P27618,EVODEX-P27665,EVODEX-P27773,EVODEX-P27884,EVODEX-P27889,EVODEX-P27895,EVODEX-P27901,EVODEX-P27906,EVODEX-P27934,EVODEX-P28020,EVODEX-P28026,EVODEX-P28049,EVODEX-P28086"
EVODEX-N691,[H][N:9]([H:96])[H:97]>>[H]OC(=O)[C@@]([H])(C([H])(C([H])([H])[H])C([H])([H])[H])[N:9]([H:96])[H:97],EVODEX-P3532
EVODEX-N692,[H]OC(=O)C(C([H])(C([H])([H])[H])C([H])([H])[H])=[O:5]>>[H][O:5][H],EVODEX-P3534
EVODEX-N693,[C:46][C:48](=[N:49][C:50])[C:52]>>[H][C@:48]([C:46])([N:49]([H])[C:50])[C:52],"EVODEX-P3537,EVODEX-P3544,EVODEX-P3714,EVODEX-P3778,EVODEX-P3811,EVODEX-P3854,EVODEX-P3857,EVODEX-P3863,EVODEX-P8603"
EVODEX-N694,[C:48][N:52]=[C:51]([C:50])[H:88]>>[H][C:51]([C:50])([N:52]([H])[C:48])[H:88],EVODEX-P3540
EVODEX-N695,[H][C:51]([C:50])([N:52]([H])[C:48])[H:87]>>[C:48][N:52]=[C:51]([C:50])[H:87],"EVODEX-P3542,EVODEX-P3688,EVODEX-P3938,EVODEX-P4056,EVODEX-P8629,EVODEX-P16122,EVODEX-P30787"
EVODEX-N696,[H][N:9]([C:5])[C@@:10]([H])([C:11])[C:31]>>[C:5][N:9]=[C:10]([C:11])[C:31],"EVODEX-P3546,EVODEX-P3686,EVODEX-P3716,EVODEX-P3813,EVODEX-P3859,EVODEX-P3861,EVODEX-P8577,EVODEX-P8589,EVODEX-P30515"
EVODEX-N697,[H]C(=O)[N:12]([C:11])[C:15]>>[H][N:12]([C:11])[C:15],"EVODEX-P3551,EVODEX-P3561,EVODEX-P11998,EVODEX-P27498"
EVODEX-N698,[H][C:13]([N:12])=[O:14]>>O=[C:13]=[O:14].[H][N:12],"EVODEX-P3553,EVODEX-P3563"
EVODEX-N699,[H]N=C1:N([H]):C2:C(:C(=O):N:1[H])N([H])C([H])(C([H])([H])N(C1:C([H]):C([H]):C(C(=O)N([H])[C@]([H])(C(=O)O[H])C([H])([H])C([H])([H])C(=O)O[H]):C([H]):C:1[H])[C:13]([H])=[O:14])C([H])([H])N2[H].[H][O:83][H]>>[C:13](=[O:14])=[O:83],EVODEX-P3554
EVODEX-N700,[H]N=C1:N([H]):C2:C(:C(=O):N:1[H])N([H])C([H])(C([H])([H])N(C1:C([H]):C([H]):C(C(=O)N([H])[C@]([H])(C(=O)O[H])C([H])([H])C([H])([H])C(=O)O[H]):C([H]):C:1[H])[C:13]([H])=[O:14])C([H])([H])N2[H]>>O=[C:13]=[O:14],EVODEX-P3556
EVODEX-N701,[H][C:13]([N:12])=[O:14].[H][O:83][H]>>[C:13](=[O:14])=[O:83].[H][N:12],"EVODEX-P3557,EVODEX-P3567,EVODEX-P27107,EVODEX-P27118,EVODEX-P27123,EVODEX-P27332,EVODEX-P27337,EVODEX-P27445,EVODEX-P27495,EVODEX-P27500,EVODEX-P27622,EVODEX-P27777,EVODEX-P27782,EVODEX-P27808,EVODEX-P27909,EVODEX-P27927"
EVODEX-N702,[H]N=C1:N([H]):C2:C(:C(=O):N:1[H])N([H])C([H])(C([H])([H])N(C1:C([H]):C([H]):C(C(=O)N([H])[C@]([H])(C(=O)N([H])[C@]([H])(C(=O)N([H])[C@]([H])(C(=O)N([H])[C@]([H])(C(=O)N([H])[C@]([H])(C(=O)O[H])C([H])([H])C([H])([H])C(=O)O[H])C([H])([H])C([H])([H])C(=O)O[H])C([H])([H])C([H])([H])C(=O)O[H])C([H])([H])C([H])([H])C(=O)O[H])C([H])([H])C([H])([H])C(=O)O[H]):C([H]):C:1[H])[C:13]([H])=[O:14])C([H])([H])N2[H].[H][O:119][H]>>[C:13](=[O:14])=[O:119],EVODEX-P3564
EVODEX-N703,[H]N=C1:N([H]):C2:C(:C(=O):N:1[H])N([H])C([H])(C([H])([H])N(C1:C([H]):C([H]):C(C(=O)N([H])[C@]([H])(C(=O)N([H])[C@]([H])(C(=O)N([H])[C@]([H])(C(=O)N([H])[C@]([H])(C(=O)N([H])[C@]([H])(C(=O)O[H])C([H])([H])C([H])([H])C(=O)O[H])C([H])([H])C([H])([H])C(=O)O[H])C([H])([H])C([H])([H])C(=O)O[H])C([H])([H])C([H])([H])C(=O)O[H])C([H])([H])C([H])([H])C(=O)O[H]):C([H]):C:1[H])[C:13]([H])=[O:14])C([H])([H])N2[H]>>O=[C:13]=[O:14],EVODEX-P3566
EVODEX-N704,[H]OC(=O)C([H])([H])C([H])([H])[C@@]([H])(C(=O)O[H])[N:51]([C:50])[H:104]>>[H][N:51]([C:50])[H:104],"EVODEX-P3571,EVODEX-P9453"
EVODEX-N705,[H]OC(=O)[C@@]([H])(N([H])[H])C([H])([H])C([H])([H])C([H])([H])C([H])([H])N([H])[C@@:52]([H])([C:53])[C:58].[H][O:64][H]>>[C:52]([C:53])([C:58])=[O:64],EVODEX-P3574
EVODEX-N706,[H]OC(=O)[C@@]([H])(N([H])[H])C([H])([H])C([H])([H])C([H])([H])C([H])([H])N([H])[C@@:52]([H])([C:53])[C:58]>>O=[C:52]([C:53])[C:58],EVODEX-P3576
EVODEX-N707,[C:59][C:60](=[O:61])[C:62]>>[H]OC(=O)[C@@]([H])(N([H])[H])C([H])([H])C([H])([H])C([H])([H])C([H])([H])N([H])[C@@:60]([H])([C:59])[C:62].[H][O:61][H],"EVODEX-P3583,EVODEX-P3771"
EVODEX-N708,[H][N:45]([C:46])[H:94]>>[H]OC(=O)C([H])([H])C([H])([H])[C@@]([H])(C(=O)O[H])[N:45]([C:46])[H:94],"EVODEX-P3586,EVODEX-P3694,EVODEX-P3704,EVODEX-P3869,EVODEX-P9447"
EVODEX-N709,O=[C:60]([C:59])[C:62]>>[H]OC(=O)[C@@]([H])(N([H])[H])C([H])([H])C([H])([H])C([H])([H])C([H])([H])N([H])[C@@:60]([H])([C:59])[C:62],"EVODEX-P3589,EVODEX-P3768"
EVODEX-N710,[H]OC(=O)C([H])([H])C([H])([H])[C@@]([H])(C(=O)O[H])N([H])[C:50]([H])([C:49])[H:102].[H][O:64][H]>>[C:49][C:50](=[O:64])[H:102],EVODEX-P3592
EVODEX-N711,[H]OC(=O)[C@@]([H])(N([H])[H])C([H])([H])C([H])([H])C([H])([H])C([H])([H])[N:51]([C:52])[H:104]>>[H][N:51]([C:52])[H:104],EVODEX-P3594
EVODEX-N712,[H]OC(=O)C([H])([H])C([H])([H])[C@@]([H])(C(=O)O[H])N([H])[C:50]([H])([C:49])[H:102]>>O=[C:50]([C:49])[H:102],EVODEX-P3595
EVODEX-N713,[C:59][C:60](=[O:61])[H:112]>>[H]OC(=O)C([H])([H])C([H])([H])[C@@]([H])(C(=O)O[H])N([H])[C:60]([H])([C:59])[H:112].[H][O:61][H],EVODEX-P3603
EVODEX-N714,[H][N:45]([C:46])[H:94].O=[C:60]([C:59])[H:112]>>[H][C:60]([N:45]([C:46])[H:94])([C:59])[H:112],"EVODEX-P3604,EVODEX-P3831"
EVODEX-N715,[H][N:45]([C:46])[H:94]>>[H]OC(=O)[C@@]([H])(N([H])[H])C([H])([H])C([H])([H])C([H])([H])C([H])([H])[N:45]([C:46])[H:94],EVODEX-P3606
EVODEX-N716,[H][N:45]([C:46])[H:94].[C:59][C:60](=[O:61])[H:112]>>[H][C:60]([N:45]([C:46])[H:94])([C:59])[H:112].[H][O:61][H],"EVODEX-P3607,EVODEX-P3834"
EVODEX-N717,O=[C:60]([C:59])[H:112]>>[H]OC(=O)C([H])([H])C([H])([H])[C@@]([H])(C(=O)O[H])N([H])[C:60]([H])([C:59])[H:112],EVODEX-P3609
EVODEX-N718,O=[C:2]([C:1])[C:4]>>[H]N=C(N([H])[H])N([H])C([H])([H])C([H])([H])C([H])([H])[C@@]([H])(C(=O)O[H])N([H])[C@:2]([H])([C:1])[C:4],"EVODEX-P3624,EVODEX-P3697"
EVODEX-N719,[C:1][C:2](=[O:3])[C:4]>>[H]N=C(N([H])[H])N([H])C([H])([H])C([H])([H])C([H])([H])[C@@]([H])(C(=O)O[H])N([H])[C@:2]([H])([C:1])[C:4].[H][O:3][H],"EVODEX-P3627,EVODEX-P3691"
EVODEX-N720,[H]N=C(N([H])[H])N([H])C([H])([H])C([H])([H])C([H])([H])[C@@]([H])(C(=O)O[H])N([H])[C@:2]([H])([C:1])[C:15]>>O=[C:2]([C:1])[C:15],EVODEX-P3633
EVODEX-N721,[H]N=C(N([H])[H])N([H])C([H])([H])C([H])([H])C([H])([H])[C@@]([H])(C(=O)O[H])N([H])[C@:2]([H])([C:1])[C:15].[H][O:62][H]>>[C:1][C:2]([C:15])=[O:62],EVODEX-P3635
EVODEX-N722,[H]OC(=O)[C@@]([H])(N([H])[C@:2]([H])([C:1])[C:13])C([H])([H])C([H])([H])C([H])([H])C([H])([H])N([H])[H]>>O=[C:2]([C:1])[C:13],EVODEX-P3645
EVODEX-N723,[H]OC(=O)[C@@]([H])(N([H])[C@:2]([H])([C:1])[C:13])C([H])([H])C([H])([H])C([H])([H])C([H])([H])N([H])[H].[H][O:64][H]>>[C:1][C:2]([C:13])=[O:64],EVODEX-P3647
EVODEX-N724,O=[C:2]([C:1])[C:4]>>[H]OC(=O)[C@@]([H])(N([H])[C@:2]([H])([C:1])[C:4])C([H])([H])C([H])([H])C([H])([H])C([H])([H])N([H])[H],EVODEX-P3656
EVODEX-N725,[C:1][C:2](=[O:3])[C:4]>>[H]OC(=O)[C@@]([H])(N([H])[C@:2]([H])([C:1])[C:4])C([H])([H])C([H])([H])C([H])([H])C([H])([H])N([H])[H].[H][O:3][H],EVODEX-P3659
EVODEX-N726,O=[C:2]([C:1])[C:4]>>[H]OC(=O)[C@@]([H])(N([H])[C@:2]([H])([C:1])[C:4])C([H])([H])[H],EVODEX-P3665
EVODEX-N727,[C:1][C:2](=[O:3])[C:4]>>[H]OC(=O)[C@@]([H])(N([H])[C@:2]([H])([C:1])[C:4])C([H])([H])[H].[H][O:3][H],EVODEX-P3666
EVODEX-N728,[H]OC(=O)[C@]([H])(N([H])[C@@:2]([H])([C:1])[C:9])C([H])([H])[H]>>O=[C:2]([C:1])[C:9],EVODEX-P3675
EVODEX-N729,[H]OC(=O)[C@]([H])(N([H])[C@@:2]([H])([C:1])[C:9])C([H])([H])[H].[H][O:56][H]>>[C:1][C:2]([C:9])=[O:56],EVODEX-P3677
EVODEX-N730,[C:62][C:63](=[O:64])[C:65]>>[H]OC(=O)[C@@]([H])(N([H])[C:63]([H])([C:62])[C:65])C([H])([H])C([H])([H])C([H])([H])N([H])[H].[H][O:64][H],EVODEX-P3701
EVODEX-N731,O=[C:63]([C:62])[C:65]>>[H]OC(=O)[C@@]([H])(N([H])[C:63]([H])([C:62])[C:65])C([H])([H])C([H])([H])C([H])([H])N([H])[H],EVODEX-P3707
EVODEX-N732,[H][C:1]([N:2])([H:82])[H:83].[H][N:15]([C:14])[C:16]>>[C:1]([N:2])([N:15]([C:14])[C:16])([H:82])[H:83],EVODEX-P3710
EVODEX-N733,O=[C:2]([C:1])[C:4]>>[H]OC(=O)C([H])([H])N([H])[C@:2]([H])([C:1])[C:4],EVODEX-P3718
EVODEX-N734,[C:1][C:2](=[O:3])[C:4]>>[H]OC(=O)C([H])([H])N([H])[C@:2]([H])([C:1])[C:4].[H][O:3][H],EVODEX-P3721
EVODEX-N735,[H]OC(=O)C([H])([H])N([H])[C@:2]([H])([C:1])[C:8]>>O=[C:2]([C:1])[C:8],EVODEX-P3727
EVODEX-N736,[H]OC(=O)C([H])([H])N([H])[C@:2]([H])([C:1])[C:8].[H][O:55][H]>>[C:1][C:2]([C:8])=[O:55],EVODEX-P3729
EVODEX-N737,[H]OS(=O)(=O)C([H])([H])C([H])([H])N([H])[C@:2]([H])([C:1])[C:10]>>O=[C:2]([C:1])[C:10],EVODEX-P3737
EVODEX-N738,[H]OS(=O)(=O)C([H])([H])C([H])([H])N([H])[C@:2]([H])([C:1])[C:10].[H][O:57][H]>>[C:1][C:2]([C:10])=[O:57],EVODEX-P3739
EVODEX-N739,O=[C:2]([C:1])[C:4]>>[H]OS(=O)(=O)C([H])([H])C([H])([H])N([H])[C@:2]([H])([C:1])[C:4],EVODEX-P3748
EVODEX-N740,[C:1][C:2](=[O:3])[C:4]>>[H]OS(=O)(=O)C([H])([H])C([H])([H])N([H])[C@:2]([H])([C:1])[C:4].[H][O:3][H],EVODEX-P3751
EVODEX-N741,O=[C:2]([C:1])[C:4]>>[H]OC(=O)[C@@]([H])(N([H])[H])C([H])([H])C([H])([H])C([H])([H])N([H])[C@@:2]([H])([C:1])[C:4],EVODEX-P3758
EVODEX-N742,[C:1][C:2](=[O:3])[C:4]>>[H]OC(=O)[C@@]([H])(N([H])[H])C([H])([H])C([H])([H])C([H])([H])N([H])[C@@:2]([H])([C:1])[C:4].[H][O:3][H],EVODEX-P3761
EVODEX-N743,[H]OC(=O)C([H])([H])C([H])([H])N([H])[C@:2]([H])([C:1])[C:9]>>O=[C:2]([C:1])[C:9],EVODEX-P3779
EVODEX-N744,[H]OC(=O)C([H])([H])C([H])([H])N([H])[C@:2]([H])([C:1])[C:9].[H][O:56][H]>>[C:1][C:2]([C:9])=[O:56],EVODEX-P3781
EVODEX-N745,O=[C:2]([C:1])[C:4]>>[H]OC(=O)C([H])([H])C([H])([H])N([H])[C@:2]([H])([C:1])[C:4],EVODEX-P3790
EVODEX-N746,[C:1][C:2](=[O:3])[C:4]>>[H]OC(=O)C([H])([H])C([H])([H])N([H])[C@:2]([H])([C:1])[C:4].[H][O:3][H],EVODEX-P3793
EVODEX-N747,[C:4][C:6]1:[C:7]([H:73]):[N:8]:[C:9](:[N:10]):[C:16](:[C:14]):[N:17]:1>>[H][C:7]1([H:73])[C:6]([C:4])=[N:17][C:16](:[C:14]):[C:9](:[N:10])[N:8]1[H],"EVODEX-P3815,EVODEX-P3817"
EVODEX-N748,[C:6]1[C:7][N:8]=[C:9](:[N:10]):[C:16](:[C:14])=[N:17]1>>[H][N:8]1[C:7][C:6][N:17]([H])[C:16](:[C:14]):[C:9]1:[N:10],EVODEX-P3819
EVODEX-N749,[H][C:23]12[N:9]([C:10])[C:5](:[C:6]):[C:4](:[C:3])[N:31]=[C:30]1[C:28](=[O:29])[N:27]([H:102])[C:25](=[O:26])[N:24]2[H]>>[C:3]:[C:4]1:[C:5](:[C:6]):[N:9]([C:10]):[C:23]2:[N:24]:[C:25](=[O:26]):[N:27]([H:102]):[C:28](=[O:29]):[C:30]2:[N:31]:1,EVODEX-P3822
EVODEX-N750,[C:3]:[C:4]1:[N:5]:[C:6]2:[C:7](=[O:8]):[N:9]([H:84]):[C:10](=[O:11]):[N:12]:[C:13]2:[N:14]([C:15]):[C:28]:1:[C:29]>>[H][N:12]1[C:10](=[O:11])[N:9]([H:84])[C:7](=[O:8])[C:6]2=[N:5][C:4](:[C:3]):[C:28](:[C:29])[N:14]([C:15])[C:13]21[H],EVODEX-P3824
EVODEX-N751,[H]OC(=O)[C@@]([H])(N([H])[H])C([H])([H])C([H])=[O:59]>>[H][O:59][H],EVODEX-P3827
EVODEX-N752,[C:57][C:58](=[O:59])[H:110]>>[H]N([H])C([H])([H])C([H])([H])C([H])([H])C([H])([H])N([H])[C:58]([H])([C:57])[H:110].[H][O:59][H],EVODEX-P3830
EVODEX-N753,[H][N:49]([C:50])[H:93]>>[H]OC(=O)[C@@]([H])(N([H])[H])C([H])([H])C([H])([H])[N:49]([C:50])[H:93],"EVODEX-P3833,EVODEX-P16651"
EVODEX-N754,O=[C:58]([C:57])[H:110]>>[H]N([H])C([H])([H])C([H])([H])C([H])([H])C([H])([H])N([H])[C:58]([H])([C:57])[H:110],EVODEX-P3837
EVODEX-N755,[H]OC(=O)[C@@]([H])(N([H])[H])C([H])([H])C([H])([H])[N:54]([C:53])[H:102]>>[H][N:54]([C:53])[H:102],EVODEX-P3839
EVODEX-N756,[H][O:62][H]>>[H]OC(=O)[C@@]([H])(N([H])[H])C([H])([H])C([H])=[O:62],EVODEX-P3841
EVODEX-N757,[H]N([H])C([H])([H])C([H])([H])C([H])([H])C([H])([H])N([H])[C:55]([H])([C:56])[H:103].[H][O:62][H]>>[C:55]([C:56])(=[O:62])[H:103],"EVODEX-P3843,EVODEX-P3954"
EVODEX-N758,[H]N([H])C([H])([H])C([H])([H])C([H])([H])C([H])([H])N([H])[C:55]([H])([C:56])[H:103]>>O=[C:55]([C:56])[H:103],"EVODEX-P3845,EVODEX-P3955"
EVODEX-N759,[C:56][C:57](=[O:58])[C:59]>>[H]OC(=O)[C@@]([H])(N([H])[H])C([H])([H])N([H])[C@@:57]([H])([C:56])[C:59].[H][O:58][H],EVODEX-P3866
EVODEX-N760,O=[C:57]([C:56])[C:59]>>[H]OC(=O)[C@@]([H])(N([H])[H])C([H])([H])N([H])[C@@:57]([H])([C:56])[C:59],EVODEX-P3872
EVODEX-N761,[H][C:1]([N:2])([H:10])[H:11].[O:8]=[O:9].[H][O:7][H]>>[C:1](=[O:7])([H:10])[H:11].[H][N:2].[H][O:8][O:9][H],"EVODEX-P3875,EVODEX-P3897,EVODEX-P3907,EVODEX-P3917,EVODEX-P3939,EVODEX-P4012"
EVODEX-N762,[H]OC(=O)C([H])([H])N([H])[C:1]([H])([H:10])[H:11].[H][O:7][H]>>[C:1](=[O:7])([H:10])[H:11],EVODEX-P3876
EVODEX-N763,[H]OC(=O)C([H])([H])N([H])[C:1]([H])([H:10])[H:11]>>O=[C:1]([H:10])[H:11],EVODEX-P3877
EVODEX-N764,[H]OC(=O)C([H])([H])N([H])[C:1]([H])([H:10])[H:11].[O:8]=[O:9].[H][O:7][H]>>[C:1](=[O:7])([H:10])[H:11].[H][O:8][O:9][H],EVODEX-P3878
EVODEX-N765,[H][C:1]([N:2])([H:10])[H:11]>>O=[C:1]([H:10])[H:11].[H][N:2],"EVODEX-P3879,EVODEX-P3901,EVODEX-P3911,EVODEX-P3921,EVODEX-P3943,EVODEX-P4016,EVODEX-P5606,EVODEX-P5763,EVODEX-P7899"
EVODEX-N766,[H][C:1]([N:2])([H:10])[H:11].[H][O:7][H]>>[C:1](=[O:7])([H:10])[H:11].[H][N:2],"EVODEX-P3880,EVODEX-P3902,EVODEX-P3912,EVODEX-P3922,EVODEX-P3944,EVODEX-P4017"
EVODEX-N767,[H][C:1]([N:2])([H:10])[H:11].[O:8]=[O:9]>>O=[C:1]([H:10])[H:11].[H][N:2].[H][O:8][O:9][H],"EVODEX-P3881,EVODEX-P3903,EVODEX-P3913,EVODEX-P3923,EVODEX-P3945,EVODEX-P4018"
EVODEX-N768,[H]OC(=O)C([H])([H])N([H])[C:1]([H])([H:10])[H:11].[O:8]=[O:9]>>O=[C:1]([H:10])[H:11].[H][O:8][O:9][H],EVODEX-P3882
EVODEX-N769,[H]C([H])([H])[N:2]([C:3])[H:13]>>[H][N:2]([C:3])[H:13],"EVODEX-P3883,EVODEX-P3905,EVODEX-P3915,EVODEX-P3925,EVODEX-P4020,EVODEX-P5762,EVODEX-P7902,EVODEX-P9450"
EVODEX-N770,[H]C([H])([H])[N:2]([C:3])[H:13].[O:8]=[O:9]>>[H][N:2]([C:3])[H:13].[H][O:8][O:9][H],"EVODEX-P3884,EVODEX-P3906,EVODEX-P3916,EVODEX-P3926,EVODEX-P4021"
EVODEX-N771,[O:8]=[O:9].[H][O:7][H]>>[H]C([H])=[O:7].[H][O:8][O:9][H],EVODEX-P3885
EVODEX-N772,[H][O:7][H]>>[H]C([H])=[O:7],EVODEX-P3886
EVODEX-N773,[H]OC(=O)C([H])([H])N([H])[C:2]([H])([C:1])[H:14].[H][O:8][H]>>[C:1][C:2](=[O:8])[H:14],EVODEX-P3888
EVODEX-N774,[H]OC(=O)C([H])([H])N([H])[C:2]([H])([C:1])[H:14]>>O=[C:2]([C:1])[H:14],EVODEX-P3889
EVODEX-N775,[H]OC(=O)C([H])([H])N([H])[C:2]([H])([C:1])[H:14].[O:9]=[O:10].[H][O:8][H]>>[C:1][C:2](=[O:8])[H:14].[H][O:9][O:10][H],EVODEX-P3890
EVODEX-N776,[H]OC(=O)C([H])([H])N([H])[C:2]([H])([C:1])[H:14].[O:9]=[O:10]>>O=[C:2]([C:1])[H:14].[H][O:9][O:10][H],EVODEX-P3894
EVODEX-N777,[H]C([H])([H])C([H])([H])[N:3]([C:4])[H:16]>>[H][N:3]([C:4])[H:16],EVODEX-P3895
EVODEX-N778,[H]C([H])([H])C([H])([H])[N:3]([C:4])[H:16].[O:9]=[O:10]>>[H][N:3]([C:4])[H:16].[H][O:9][O:10][H],EVODEX-P3896
EVODEX-N779,[H]OC(=O)[C@@]([H])(N([H])[C:1]([H])([H:20])[H:21])C([H])([H])C1:C([H]):N([H]):C2:C([H]):C([H]):C([H]):C([H]):C:1:2.[H][O:17][H]>>[C:1](=[O:17])([H:20])[H:21],EVODEX-P3898
EVODEX-N780,[H]OC(=O)[C@@]([H])(N([H])[C:1]([H])([H:20])[H:21])C([H])([H])C1:C([H]):N([H]):C2:C([H]):C([H]):C([H]):C([H]):C:1:2>>O=[C:1]([H:20])[H:21],EVODEX-P3899
EVODEX-N781,[H]OC(=O)[C@@]([H])(N([H])[C:1]([H])([H:20])[H:21])C([H])([H])C1:C([H]):N([H]):C2:C([H]):C([H]):C([H]):C([H]):C:1:2.[O:18]=[O:19].[H][O:17][H]>>[C:1](=[O:17])([H:20])[H:21].[H][O:18][O:19][H],EVODEX-P3900
EVODEX-N782,[H]OC(=O)[C@@]([H])(N([H])[C:1]([H])([H:20])[H:21])C([H])([H])C1:C([H]):N([H]):C2:C([H]):C([H]):C([H]):C([H]):C:1:2.[O:18]=[O:19]>>O=[C:1]([H:20])[H:21].[H][O:18][O:19][H],EVODEX-P3904
EVODEX-N783,[H]OC(=O)[C@@]([H])(N([H])[C:1]([H])([H:18])[H:19])C([H])([H])C1:C([H]):C([H]):C(O[H]):C([H]):C:1[H].[H][O:15][H]>>[C:1](=[O:15])([H:18])[H:19],EVODEX-P3908
EVODEX-N784,[H]OC(=O)[C@@]([H])(N([H])[C:1]([H])([H:18])[H:19])C([H])([H])C1:C([H]):C([H]):C(O[H]):C([H]):C:1[H]>>O=[C:1]([H:18])[H:19],EVODEX-P3909
EVODEX-N785,[H]OC(=O)[C@@]([H])(N([H])[C:1]([H])([H:18])[H:19])C([H])([H])C1:C([H]):C([H]):C(O[H]):C([H]):C:1[H].[O:16]=[O:17].[H][O:15][H]>>[C:1](=[O:15])([H:18])[H:19].[H][O:16][O:17][H],EVODEX-P3910
EVODEX-N786,[H]OC(=O)[C@@]([H])(N([H])[C:1]([H])([H:18])[H:19])C([H])([H])C1:C([H]):C([H]):C(O[H]):C([H]):C:1[H].[O:16]=[O:17]>>O=[C:1]([H:18])[H:19].[H][O:16][O:17][H],EVODEX-P3914
EVODEX-N787,[H]OC(=O)[C@@]([H])(N([H])[H])C([H])([H])C([H])([H])C([H])([H])C([H])([H])N([H])[C:1]([H])([H:15])[H:16].[H][O:12][H]>>[C:1](=[O:12])([H:15])[H:16],EVODEX-P3918
EVODEX-N788,[H]OC(=O)[C@@]([H])(N([H])[H])C([H])([H])C([H])([H])C([H])([H])C([H])([H])N([H])[C:1]([H])([H:15])[H:16]>>O=[C:1]([H:15])[H:16],EVODEX-P3919
EVODEX-N789,[H]OC(=O)[C@@]([H])(N([H])[H])C([H])([H])C([H])([H])C([H])([H])C([H])([H])N([H])[C:1]([H])([H:15])[H:16].[O:13]=[O:14].[H][O:12][H]>>[C:1](=[O:12])([H:15])[H:16].[H][O:13][O:14][H],EVODEX-P3920
EVODEX-N790,[H]OC(=O)[C@@]([H])(N([H])[H])C([H])([H])C([H])([H])C([H])([H])C([H])([H])N([H])[C:1]([H])([H:15])[H:16].[O:13]=[O:14]>>O=[C:1]([H:15])[H:16].[H][O:13][O:14][H],EVODEX-P3924
EVODEX-N791,[H][C:1]([N:2][C:3]([H])([H:22])[H:23])([H:19])[H:20].[O:15]=[O:16].[O:17]=[O:18]>>O=[C:1]([H:19])[H:20].O=[C:3]([H:22])[H:23].[H][N:2][H].[H][O:15][O:16][H].[H][O:17][O:18][H],EVODEX-P3927
EVODEX-N792,[H][C:1]([N:2][C:3]([H])([H:22])[H:23])([H:19])[H:20]>>O=[C:1]([H:19])[H:20].O=[C:3]([H:22])[H:23].[H][N:2][H],EVODEX-P3928
EVODEX-N793,[H][C:1]([N:2][C:3]([H])([H:22])[H:23])([H:19])[H:20].[O:17]=[O:18].[H][O:13][H].[H][O:14][H]>>[C:1](=[O:13])([H:19])[H:20].[C:3](=[O:14])([H:22])[H:23].[H][N:2][H].[H][O:17][O:18][H],EVODEX-P3929
EVODEX-N794,[H]OC(=O)[C@@]([H])(N([H])[H])C([H])([H])C([H])([H])C([H])([H])C([H])([H])N([C:1]([H])([H:19])[H:20])[C:3]([H])([H:22])[H:23].[O:15]=[O:16].[O:17]=[O:18].[H][O:13][H]>>[C:1](=[O:13])([H:19])[H:20].O=[C:3]([H:22])[H:23].[H][O:15][O:16][H].[H][O:17][O:18][H],EVODEX-P3930
EVODEX-N795,[H]C([H])([H])[N:2](C([H])([H])[H])[C:4]>>[H][N:2]([H])[C:4],EVODEX-P3931
EVODEX-N796,[H]OC(=O)[C@@]([H])(N([H])[H])C([H])([H])C([H])([H])C([H])([H])C([H])([H])N([C:1]([H])([H:19])[H:20])[C:3]([H])([H:22])[H:23].[O:15]=[O:16].[O:17]=[O:18]>>O=[C:1]([H:19])[H:20].O=[C:3]([H:22])[H:23].[H][O:15][O:16][H].[H][O:17][O:18][H],EVODEX-P3932
EVODEX-N797,[H]C([H])([H])[N:2](C([H])([H])[H])[C:4].[O:15]=[O:16]>>[H][N:2]([H])[C:4].[H][O:15][O:16][H],EVODEX-P3933
EVODEX-N798,[H][C:1]([N:2][C:3]([H])([H:22])[H:23])([H:19])[H:20].[H][O:13][H]>>[C:1](=[O:13])([H:19])[H:20].O=[C:3]([H:22])[H:23].[H][N:2][H],EVODEX-P3934
EVODEX-N799,[H]OC(=O)[C@@]([H])(N([H])[H])C([H])([H])C([H])([H])C([H])([H])C([H])([H])N(C([H])([H])[H])[C:3]([H])([H:22])[H:23].[H][O:14][H]>>[C:3](=[O:14])([H:22])[H:23],EVODEX-P3935
EVODEX-N800,[H]OC(=O)[C@@]([H])(N([H])[H])C([H])([H])C([H])([H])C([H])([H])C([H])([H])N(C([H])([H])[H])[C:1]([H])([H:19])[H:20]>>O=[C:1]([H:19])[H:20],EVODEX-P3936
EVODEX-N801,[O:10]=[O:11].[H][C:8]([C:7])([N:9]([H])[C:4])[H:20]>>[C:4][N:9]=[C:8]([C:7])[H:20].[H][O:10][O:11][H],EVODEX-P3937
EVODEX-N802,[H]OC(=O)C([H])([H])N(C([H])([H])[H])[C:1]([H])([H:11])[H:12].[H][O:8][H]>>[C:1](=[O:8])([H:11])[H:12],EVODEX-P3940
EVODEX-N803,[H]OC(=O)C([H])([H])N(C([H])([H])[H])[C:1]([H])([H:11])[H:12]>>O=[C:1]([H:11])[H:12],EVODEX-P3941
EVODEX-N804,[H]OC(=O)C([H])([H])N(C([H])([H])[H])[C:1]([H])([H:11])[H:12].[O:9]=[O:10].[H][O:8][H]>>[C:1](=[O:8])([H:11])[H:12].[H][O:9][O:10][H],EVODEX-P3942
EVODEX-N805,[H]OC(=O)C([H])([H])N(C([H])([H])[H])[C:1]([H])([H:11])[H:12].[O:9]=[O:10]>>O=[C:1]([H:11])[H:12].[H][O:9][O:10][H],EVODEX-P3946
EVODEX-N806,[H]C([H])([H])[N:2]([C:3])[C:13]>>[H][N:2]([C:3])[C:13],"EVODEX-P3947,EVODEX-P5605,EVODEX-P9408,EVODEX-P9413,EVODEX-P9418,EVODEX-P9783"
EVODEX-N807,[H]C([H])([H])[N:2]([C:3])[C:4].[O:9]=[O:10]>>[H][N:2]([C:3])[C:4].[H][O:9][O:10][H],EVODEX-P3948
EVODEX-N808,[H]N([H])C([H])([H])C([H])([H])C([H])([H])C([H])([H])N([H])[C:7]([H])([C:6])[H:25].[O:15]=[O:16].[H][O:14][H]>>[C:6][C:7](=[O:14])[H:25].[H][O:15][O:16][H],EVODEX-P3956
EVODEX-N809,[H]N([H])C([H])([H])C([H])([H])C([H])([H])C([H])([H])N([H])[C:7]([H])([C:6])[H:25].[O:15]=[O:16]>>O=[C:7]([C:6])[H:25].[H][O:15][O:16][H],EVODEX-P3960
EVODEX-N810,[H]N(C(=O)C([H])([H])[H])C([H])([H])C([H])([H])C([H])([H])[N:8]([C:9])[H:27]>>[H][N:8]([C:9])[H:27],"EVODEX-P3961,EVODEX-P3973"
EVODEX-N811,[H]N(C(=O)C([H])([H])[H])C([H])([H])C([H])([H])C([H])([H])[N:8]([C:9])[H:27].[O:15]=[O:16]>>[H][N:8]([C:9])[H:27].[H][O:15][O:16][H],"EVODEX-P3962,EVODEX-P3974"
EVODEX-N812,[O:15]=[O:16].[H][O:14][H]>>[H]C(C([H])([H])C([H])([H])N([H])C(=O)C([H])([H])[H])=[O:14].[H][O:15][O:16][H],EVODEX-P3963
EVODEX-N813,[H][O:14][H]>>[H]C(C([H])([H])C([H])([H])N([H])C(=O)C([H])([H])[H])=[O:14],EVODEX-P3964
EVODEX-N814,[H]N([H])C([H])([H])C([H])([H])C([H])([H])N([H])C([H])([H])C([H])([H])C([H])([H])C([H])([H])N([H])[C:7]([H])([C:6])[H:29].[H][O:18][H]>>[C:6][C:7](=[O:18])[H:29],"EVODEX-P3966,EVODEX-P3998"
EVODEX-N815,[H]N([H])C([H])([H])C([H])([H])C([H])([H])N([H])C([H])([H])C([H])([H])C([H])([H])C([H])([H])N([H])[C:7]([H])([C:6])[H:29]>>O=[C:7]([C:6])[H:29],"EVODEX-P3967,EVODEX-P3999"
EVODEX-N816,[H]N([H])C([H])([H])C([H])([H])C([H])([H])N([H])C([H])([H])C([H])([H])C([H])([H])C([H])([H])N([H])[C:7]([H])([C:6])[H:29].[O:19]=[O:20].[H][O:18][H]>>[C:6][C:7](=[O:18])[H:29].[H][O:19][O:20][H],"EVODEX-P3968,EVODEX-P4000"
EVODEX-N817,[H]N([H])C([H])([H])C([H])([H])C([H])([H])N([H])C([H])([H])C([H])([H])C([H])([H])C([H])([H])N([H])[C:7]([H])([C:6])[H:29].[O:19]=[O:20]>>O=[C:7]([C:6])[H:29].[H][O:19][O:20][H],"EVODEX-P3972,EVODEX-P4004"
EVODEX-N818,[H]N([H])C([H])([H])C([H])([H])C([H])([H])N([H])[C:6]([H])([C:7])[H:27].[H][O:15][H]>>[C:6]([C:7])(=[O:15])[H:27],"EVODEX-P3976,EVODEX-P3988"
EVODEX-N819,[H]N([H])C([H])([H])C([H])([H])C([H])([H])N([H])[C:6]([H])([C:7])[H:27]>>O=[C:6]([C:7])[H:27],"EVODEX-P3977,EVODEX-P3989"
EVODEX-N820,[H]N([H])C([H])([H])C([H])([H])C([H])([H])N([H])[C:6]([H])([C:7])[H:27].[O:16]=[O:17].[H][O:15][H]>>[C:6]([C:7])(=[O:15])[H:27].[H][O:16][O:17][H],"EVODEX-P3978,EVODEX-P3990"
EVODEX-N821,[H]N([H])C([H])([H])C([H])([H])C([H])([H])N([H])[C:6]([H])([C:7])[H:27].[O:16]=[O:17]>>O=[C:6]([C:7])[H:27].[H][O:16][O:17][H],"EVODEX-P3982,EVODEX-P3994"
EVODEX-N822,[H]N([H])C([H])([H])C([H])([H])C([H])([H])N([H])C([H])([H])C([H])([H])C([H])([H])C([H])([H])[N:5]([C:4])[H:26]>>[H][N:5]([C:4])[H:26],EVODEX-P3983
EVODEX-N823,[H]N([H])C([H])([H])C([H])([H])C([H])([H])N([H])C([H])([H])C([H])([H])C([H])([H])C([H])([H])[N:5]([C:4])[H:26].[O:16]=[O:17]>>[H][N:5]([C:4])[H:26].[H][O:16][O:17][H],EVODEX-P3984
EVODEX-N824,[O:16]=[O:17].[H][O:15][H]>>[H]C(C([H])([H])C([H])([H])C([H])([H])N([H])C([H])([H])C([H])([H])C([H])([H])N([H])[H])=[O:15].[H][O:16][O:17][H],EVODEX-P3985
EVODEX-N825,[H][O:15][H]>>[H]C(C([H])([H])C([H])([H])C([H])([H])N([H])C([H])([H])C([H])([H])C([H])([H])N([H])[H])=[O:15],EVODEX-P3986
EVODEX-N826,[H]N([H])C([H])([H])C([H])([H])C([H])([H])C([H])([H])[N:6]([C:7])[H:24]>>[H][N:6]([C:7])[H:24],EVODEX-P3995
EVODEX-N827,[H]N([H])C([H])([H])C([H])([H])C([H])([H])C([H])([H])[N:6]([C:7])[H:24].[O:12]=[O:13]>>[H][N:6]([C:7])[H:24].[H][O:12][O:13][H],EVODEX-P3996
EVODEX-N828,[H]N([H])C([H])([H])C([H])([H])C([H])([H])[N:10]([C:9])[H:35]>>[H][N:10]([C:9])[H:35],EVODEX-P4005
EVODEX-N829,[H]N([H])C([H])([H])C([H])([H])C([H])([H])[N:10]([C:9])[H:35].[O:16]=[O:17]>>[H][N:10]([C:9])[H:35].[H][O:16][O:17][H],EVODEX-P4006
EVODEX-N830,[H]OC(=O)C([H])([H])C([H])([H])[C@@]([H])(C(=O)O[H])N([H])[C:6]([H])([C:5])[H:32].[O:21]=[O:22].[H][O:20][H]>>[C:5][C:6](=[O:20])[H:32].[H][O:21][O:22][H],EVODEX-P4008
EVODEX-N831,[H]OC(=O)C([H])([H])C([H])([H])[C@@]([H])(C(=O)O[H])N([H])[C:6]([H])([C:5])[H:32].[O:21]=[O:22]>>O=[C:6]([C:5])[H:32].[H][O:21][O:22][H],EVODEX-P4010
EVODEX-N832,[H]OC(=O)[C@@]([H])(N([H])[H])C([H])([H])C([H])([H])C([H])([H])C([H])([H])[N:7]([C:8])[H:34].[O:21]=[O:22]>>[H][N:7]([C:8])[H:34].[H][O:21][O:22][H],EVODEX-P4011
EVODEX-N833,[H]OC(=O)C([H])([H])C([H])([H])C([H])([H])N([H])[C:1]([H])([H:12])[H:13].[H][O:9][H]>>[C:1](=[O:9])([H:12])[H:13],EVODEX-P4013
EVODEX-N834,[H]OC(=O)C([H])([H])C([H])([H])C([H])([H])N([H])[C:1]([H])([H:12])[H:13]>>O=[C:1]([H:12])[H:13],EVODEX-P4014
EVODEX-N835,[H]OC(=O)C([H])([H])C([H])([H])C([H])([H])N([H])[C:1]([H])([H:12])[H:13].[O:10]=[O:11].[H][O:9][H]>>[C:1](=[O:9])([H:12])[H:13].[H][O:10][O:11][H],EVODEX-P4015
EVODEX-N836,[H]OC(=O)C([H])([H])C([H])([H])C([H])([H])N([H])[C:1]([H])([H:12])[H:13].[O:10]=[O:11]>>O=[C:1]([H:12])[H:13].[H][O:10][O:11][H],EVODEX-P4019
EVODEX-N837,[H]OC(=O)[C@]([H])(C([H])([H])[H])[N:2]([C:1])[H:14].[O:9]=[O:10]>>[H][N:2]([C:1])[H:14].[H][O:9][O:10][H],EVODEX-P4026
EVODEX-N838,[H]OC(=O)C([H])([H])C([H])([H])C([H])([H])[N:1]([H:11])[H:12]>>[H][N:1]([H:11])[H:12],EVODEX-P4035
EVODEX-N839,[H]OC(=O)C([H])([H])C([H])([H])C([H])([H])[N:1]([H:11])[H:12].[O:9]=[O:10]>>[H][N:1]([H:11])[H:12].[H][O:9][O:10][H],EVODEX-P4036
EVODEX-N840,[O:9]=[O:10].[H][O:8][H]>>[H]OC(=O)C([H])([H])C([H])([H])C([H])=[O:8].[H][O:9][O:10][H],EVODEX-P4037
EVODEX-N841,[H][O:8][H]>>[H]OC(=O)C([H])([H])C([H])([H])C([H])=[O:8],EVODEX-P4038
EVODEX-N842,[H]OC(=O)C([H])([H])C([H])([H])C([H])([H])[N:2]([C:1])[H:15]>>[H][N:2]([C:1])[H:15],EVODEX-P4040
EVODEX-N843,[H]OC(=O)C([H])([H])C([H])([H])C([H])([H])[N:2]([C:1])[H:15].[O:10]=[O:11]>>[H][N:2]([C:1])[H:15].[H][O:10][O:11][H],EVODEX-P4045
EVODEX-N844,[H][C:14]([C:12])([N:15])[H:24].[O:21]=[O:22]>>[H][N:15].[C:12][C:14](=[O:22])[H:24].[H]OC(=O)C([H])=[O:21],EVODEX-P4050
EVODEX-N845,[H]OP(=O)(O[H])C([H])([H])N([H])[C:14]([H])([C:12])[H:24].O=[O:22]>>[C:12][C:14](=[O:22])[H:24],EVODEX-P4051
EVODEX-N846,[H]OP(=O)(O[H])C([H])([H])N([H])[C:4]([H])([C:2])[H:32]>>O=[C:4]([C:2])[H:32],EVODEX-P4053
EVODEX-N847,>>[H]OC(=O)C([H])[H].[H],"EVODEX-P4054,EVODEX-P16134,EVODEX-P16580,EVODEX-P19194,EVODEX-P19275,EVODEX-P20778,EVODEX-P20834,EVODEX-P20838,EVODEX-P20865,EVODEX-P20919,EVODEX-P20970,EVODEX-P29159"
EVODEX-N848,[C:1][C:2]1=[C:3]([C:4])[C:5](=[O:6])[C:7]([C:8])=[C:9]([C:10])[C:11]1=[O:12].[H][C:20]([C:18])([N:21]([H])[C:16])[H:40]>>[H][O:6][C:5]1:[C:3]([C:4]):[C:2]([C:1]):[C:11]([O:12][H]):[C:9]([C:10]):[C:7]:1[C:8].[C:16][N:21]=[C:20]([C:18])[H:40],EVODEX-P4055
EVODEX-N849,[H][C:3](:[C:2]):[C:4].[O:33]=[O:34]>>[H]O[C:3](:[C:2]):[C:4].[H][O:33][O:34][H],EVODEX-P4061
EVODEX-N850,[H][C:3](:[C:2]):[C:4].[O:33]=[O:34].[H][O:32][H:56]>>[C:2]:[C:3](:[C:4])[O:32][H:56].[H][O:33][O:34][H],EVODEX-P4062
EVODEX-N851,[O:33]=[O:34].[H][O:32][H:56]>>[H]O[C@@]([H])([C@@]([H])(O[H])C([H])([H])N1:C2:N:C(=O):N([H]):C(=O):C2:N:C2:C([O:32][H:56]):C(C([H])([H])[H]):C(C([H])([H])[H]):C([H]):C:2:1)[C@]([H])(O[H])C([H])([H])OP(=O)(O[H])O[H].[H][O:33][O:34][H],EVODEX-P4063
EVODEX-N852,[H][O:32][H:56]>>[H]O[C@@]([H])([C@@]([H])(O[H])C([H])([H])N1:C2:N:C(=O):N([H]):C(=O):C2:N:C2:C([O:32][H:56]):C(C([H])([H])[H]):C(C([H])([H])[H]):C([H]):C:2:1)[C@]([H])(O[H])C([H])([H])OP(=O)(O[H])O[H],EVODEX-P4064
EVODEX-N853,[H][C:3](:[C:2]):[C:4].[H][O:32][H:56]>>[C:2]:[C:3](:[C:4])[O:32][H:56],EVODEX-P4065
EVODEX-N854,[H][C:51](:[C:50]):[C:52]>>[H]O[C:51](:[C:50]):[C:52],"EVODEX-P4066,EVODEX-P4440,EVODEX-P4445,EVODEX-P4529,EVODEX-P4540,EVODEX-P4545,EVODEX-P4550,EVODEX-P6110,EVODEX-P6124,EVODEX-P6138,EVODEX-P6382,EVODEX-P6392,EVODEX-P6481,EVODEX-P6553,EVODEX-P6566,EVODEX-P6587,EVODEX-P6597,EVODEX-P6607,EVODEX-P6617,EVODEX-P6651,EVODEX-P6668,EVODEX-P6682,EVODEX-P6727,EVODEX-P6738,EVODEX-P6748,EVODEX-P6780,EVODEX-P6791,EVODEX-P6852,EVODEX-P6867,EVODEX-P6959,EVODEX-P6985,EVODEX-P7025,EVODEX-P7050,EVODEX-P7060,EVODEX-P7077,EVODEX-P7312,EVODEX-P7531,EVODEX-P7609,EVODEX-P7617,EVODEX-P7627,EVODEX-P7657,EVODEX-P7682,EVODEX-P7717,EVODEX-P7744,EVODEX-P7830,EVODEX-P7860,EVODEX-P7866,EVODEX-P7975,EVODEX-P8072,EVODEX-P8078,EVODEX-P8113,EVODEX-P8126,EVODEX-P8137,EVODEX-P8410,EVODEX-P8445,EVODEX-P8575,EVODEX-P8616,EVODEX-P9052,EVODEX-P9074,EVODEX-P9077"
EVODEX-N855,[H]O[C@@]([H])([C@@]([H])(O[H])C([H])([H])N1:C2:N:C(=O):N([H]):C(=O):C2:N:C2:C([O:30][H:52]):C(C([H])([H])[H]):C(C([H])([H])[H]):C([H]):C:2:1)[C@]([H])(O[H])C([H])([H])OP(=O)(O[H])O[H]>>[H][O:30][H:52],EVODEX-P4067
EVODEX-N856,[H]O[C:29](:[C:5]):[C:31].[H][O:33][O:34][H]>>[H][C:29](:[C:5]):[C:31].[O:33]=[O:34],EVODEX-P4068
EVODEX-N857,[H]O[C@@]([H])([C@@]([H])(O[H])C([H])([H])N1:C2:N:C(=O):N([H]):C(=O):C2:N:C2:C([O:30][H:52]):C(C([H])([H])[H]):C(C([H])([H])[H]):C([H]):C:2:1)[C@]([H])(O[H])C([H])([H])OP(=O)(O[H])O[H].[H][O:33][O:34][H]>>[O:33]=[O:34].[H][O:30][H:52],EVODEX-P4070
EVODEX-N858,[H]O[C:29](:[C:5]):[C:31]>>[H][C:29](:[C:5]):[C:31],"EVODEX-P4072,EVODEX-P6660,EVODEX-P6799,EVODEX-P8417,EVODEX-P8602"
EVODEX-N859,[O:23][P:24](=[O:25])([O:26])[O:27].[H][O:32][C:33]>>[H][O:23].[P:24](=[O:25])([O:26])([O:27])[O:32][C:33],"EVODEX-P4073,EVODEX-P4078,EVODEX-P5017,EVODEX-P5023,EVODEX-P11025,EVODEX-P11030,EVODEX-P11556,EVODEX-P11561,EVODEX-P12498,EVODEX-P12502,EVODEX-P17966,EVODEX-P17971,EVODEX-P17976,EVODEX-P17981,EVODEX-P17986,EVODEX-P17991,EVODEX-P17996,EVODEX-P18001,EVODEX-P18006,EVODEX-P18016,EVODEX-P18021,EVODEX-P18026,EVODEX-P18031,EVODEX-P18036,EVODEX-P18041,EVODEX-P18046,EVODEX-P18051,EVODEX-P18061,EVODEX-P18066,EVODEX-P18071,EVODEX-P18076,EVODEX-P18081,EVODEX-P18086,EVODEX-P18091,EVODEX-P18096,EVODEX-P18101,EVODEX-P18106,EVODEX-P18115,EVODEX-P18120,EVODEX-P18125,EVODEX-P18130,EVODEX-P18135,EVODEX-P18143,EVODEX-P18147,EVODEX-P18152,EVODEX-P18162,EVODEX-P18167,EVODEX-P18172,EVODEX-P18177,EVODEX-P18182,EVODEX-P18192,EVODEX-P18202,EVODEX-P18207,EVODEX-P18212,EVODEX-P18217,EVODEX-P18222,EVODEX-P18227,EVODEX-P18232,EVODEX-P18237,EVODEX-P18242,EVODEX-P18247,EVODEX-P18257,EVODEX-P18262,EVODEX-P18278,EVODEX-P18279,EVODEX-P18281,EVODEX-P18285,EVODEX-P18295,EVODEX-P18300,EVODEX-P18310,EVODEX-P18315,EVODEX-P18320,EVODEX-P18325,EVODEX-P18330,EVODEX-P18340,EVODEX-P18345,EVODEX-P18350,EVODEX-P18355,EVODEX-P18360,EVODEX-P18365,EVODEX-P18370,EVODEX-P18374,EVODEX-P18377,EVODEX-P18380,EVODEX-P18385,EVODEX-P18394,EVODEX-P18399,EVODEX-P18413,EVODEX-P18417,EVODEX-P18421,EVODEX-P18426,EVODEX-P18430,EVODEX-P18435,EVODEX-P18441,EVODEX-P18446,EVODEX-P18451,EVODEX-P18456,EVODEX-P18462,EVODEX-P18472,EVODEX-P18477,EVODEX-P18482,EVODEX-P18487,EVODEX-P18492,EVODEX-P18497,EVODEX-P18502,EVODEX-P18507,EVODEX-P18512,EVODEX-P18518,EVODEX-P18522,EVODEX-P18527,EVODEX-P18532,EVODEX-P18537,EVODEX-P18542,EVODEX-P18547,EVODEX-P18551,EVODEX-P18556,EVODEX-P18561,EVODEX-P18566,EVODEX-P18571,EVODEX-P18576,EVODEX-P18580,EVODEX-P18585,EVODEX-P18590,EVODEX-P18595,EVODEX-P18600,EVODEX-P18610,EVODEX-P18615,EVODEX-P18620,EVODEX-P18625,EVODEX-P18630,EVODEX-P18635,EVODEX-P18640,EVODEX-P18645,EVODEX-P18655,EVODEX-P18660,EVODEX-P18665,EVODEX-P18670,EVODEX-P18675,EVODEX-P18680,EVODEX-P18685,EVODEX-P18695,EVODEX-P18700,EVODEX-P18705,EVODEX-P18715,EVODEX-P18720,EVODEX-P18724,EVODEX-P18729,EVODEX-P18733,EVODEX-P18737,EVODEX-P18741,EVODEX-P18746,EVODEX-P18756,EVODEX-P18766,EVODEX-P18771,EVODEX-P18776,EVODEX-P18781,EVODEX-P18786,EVODEX-P18791,EVODEX-P18796,EVODEX-P18799,EVODEX-P18803,EVODEX-P18807,EVODEX-P18812,EVODEX-P18816,EVODEX-P18820,EVODEX-P18829,EVODEX-P18833,EVODEX-P18837,EVODEX-P18842,EVODEX-P18847,EVODEX-P18850,EVODEX-P18856,EVODEX-P18861,EVODEX-P18866,EVODEX-P18871,EVODEX-P18875,EVODEX-P18879,EVODEX-P18884,EVODEX-P18889,EVODEX-P18894,EVODEX-P18898,EVODEX-P18903,EVODEX-P18919,EVODEX-P18924,EVODEX-P18929,EVODEX-P18934,EVODEX-P18939,EVODEX-P18944,EVODEX-P18949,EVODEX-P18954,EVODEX-P18959,EVODEX-P18963,EVODEX-P18968,EVODEX-P18973,EVODEX-P18978,EVODEX-P18983,EVODEX-P18988,EVODEX-P18993,EVODEX-P18997,EVODEX-P19002,EVODEX-P19007,EVODEX-P19030,EVODEX-P19035,EVODEX-P19040,EVODEX-P19045,EVODEX-P19050,EVODEX-P19055,EVODEX-P19060,EVODEX-P19065,EVODEX-P19070,EVODEX-P19075,EVODEX-P19080,EVODEX-P19085,EVODEX-P19090,EVODEX-P19095,EVODEX-P19100,EVODEX-P19104,EVODEX-P19109,EVODEX-P19114,EVODEX-P19119,EVODEX-P19124,EVODEX-P19129,EVODEX-P19134,EVODEX-P19139,EVODEX-P19144,EVODEX-P19149,EVODEX-P19154,EVODEX-P19159,EVODEX-P19163,EVODEX-P19167,EVODEX-P19172,EVODEX-P19190,EVODEX-P19200,EVODEX-P19205,EVODEX-P19213,EVODEX-P19223,EVODEX-P19233,EVODEX-P19243,EVODEX-P19258,EVODEX-P19262,EVODEX-P19267,EVODEX-P19272,EVODEX-P19280,EVODEX-P19285,EVODEX-P19295,EVODEX-P19300,EVODEX-P19305,EVODEX-P19437,EVODEX-P19442,EVODEX-P19561,EVODEX-P19570,EVODEX-P19574,EVODEX-P19579,EVODEX-P19584,EVODEX-P19589,EVODEX-P19594,EVODEX-P19599,EVODEX-P19804,EVODEX-P19844,EVODEX-P19868,EVODEX-P19878,EVODEX-P19883,EVODEX-P19968,EVODEX-P19989,EVODEX-P19994,EVODEX-P20049,EVODEX-P20064,EVODEX-P20083,EVODEX-P20088,EVODEX-P20123,EVODEX-P20129,EVODEX-P20134,EVODEX-P20140,EVODEX-P20145,EVODEX-P20168,EVODEX-P20174,EVODEX-P20180,EVODEX-P20185,EVODEX-P20191,EVODEX-P20214,EVODEX-P20219,EVODEX-P20230,EVODEX-P20236,EVODEX-P20251,EVODEX-P20279,EVODEX-P20285,EVODEX-P20290,EVODEX-P20296,EVODEX-P20302,EVODEX-P20359,EVODEX-P20372,EVODEX-P20377,EVODEX-P20382,EVODEX-P20387,EVODEX-P20392,EVODEX-P20397,EVODEX-P20402,EVODEX-P20407,EVODEX-P20412,EVODEX-P20417,EVODEX-P20422,EVODEX-P20427,EVODEX-P20432,EVODEX-P20437,EVODEX-P20442,EVODEX-P20447,EVODEX-P20452,EVODEX-P20457,EVODEX-P20462,EVODEX-P20467,EVODEX-P20472,EVODEX-P31764,EVODEX-P31769,EVODEX-P31897,EVODEX-P32964,EVODEX-P32969,EVODEX-P32974,EVODEX-P33013,EVODEX-P33018,EVODEX-P33102,EVODEX-P33107,EVODEX-P33112,EVODEX-P33139,EVODEX-P33144,EVODEX-P33149,EVODEX-P33154,EVODEX-P33159,EVODEX-P33169,EVODEX-P33550,EVODEX-P34836"
EVODEX-N860,[H]O[C@@]1([H])[C@@]([H])(O[H])[C@]([H])(N2C([H])=C([H])C([H])([H])C(C(=O)N([H])[H])=C2[H])O[C@]1([H])C([H])([H])OP(=O)(O[H])OP(=O)(O[H])OC([H])([H])[C@@]1([H])O[C@@]([H])(N2:C([H]):N:C3:C(N([H])[H]):N:C([H]):N:C:3:2)[C@]([H])(O[P:36](=[O:37])([O:38])[O:39])[C@]1([H])O[H].[H][O:85][C:84]>>[P:36](=[O:37])([O:38])([O:39])[O:85][C:84],EVODEX-P4074
EVODEX-N861,[H][O:32][C:33]>>[H]OP(=O)(O[H])[O:32][C:33],"EVODEX-P4075,EVODEX-P4081,EVODEX-P11027,EVODEX-P11033,EVODEX-P12504,EVODEX-P17968,EVODEX-P17973,EVODEX-P17978,EVODEX-P17983,EVODEX-P17988,EVODEX-P17993,EVODEX-P17999,EVODEX-P18004,EVODEX-P18008,EVODEX-P18018,EVODEX-P18028,EVODEX-P18033,EVODEX-P18038,EVODEX-P18043,EVODEX-P18048,EVODEX-P18053,EVODEX-P18063,EVODEX-P18068,EVODEX-P18073,EVODEX-P18078,EVODEX-P18089,EVODEX-P18093,EVODEX-P18098,EVODEX-P18117,EVODEX-P18122,EVODEX-P18127,EVODEX-P18132,EVODEX-P18154,EVODEX-P18165,EVODEX-P18174,EVODEX-P18179,EVODEX-P18184,EVODEX-P18194,EVODEX-P18209,EVODEX-P18215,EVODEX-P18220,EVODEX-P18225,EVODEX-P18230,EVODEX-P18235,EVODEX-P18240,EVODEX-P18245,EVODEX-P18250,EVODEX-P18260,EVODEX-P18265,EVODEX-P18288,EVODEX-P18297,EVODEX-P18302,EVODEX-P18312,EVODEX-P18317,EVODEX-P18322,EVODEX-P18327,EVODEX-P18333,EVODEX-P18343,EVODEX-P18348,EVODEX-P18352,EVODEX-P18358,EVODEX-P18367,EVODEX-P18376,EVODEX-P18379,EVODEX-P18383,EVODEX-P18410,EVODEX-P18423,EVODEX-P18432,EVODEX-P18437,EVODEX-P18444,EVODEX-P18449,EVODEX-P18454,EVODEX-P18464,EVODEX-P18475,EVODEX-P18479,EVODEX-P18484,EVODEX-P18489,EVODEX-P18495,EVODEX-P18500,EVODEX-P18504,EVODEX-P18509,EVODEX-P18516,EVODEX-P18525,EVODEX-P18535,EVODEX-P18539,EVODEX-P18544,EVODEX-P18554,EVODEX-P18558,EVODEX-P18564,EVODEX-P18568,EVODEX-P18573,EVODEX-P18583,EVODEX-P18588,EVODEX-P18593,EVODEX-P18598,EVODEX-P18613,EVODEX-P18618,EVODEX-P18622,EVODEX-P18628,EVODEX-P18633,EVODEX-P18643,EVODEX-P18648,EVODEX-P18658,EVODEX-P18662,EVODEX-P18667,EVODEX-P18672,EVODEX-P18677,EVODEX-P18682,EVODEX-P18687,EVODEX-P18702,EVODEX-P18718,EVODEX-P18726,EVODEX-P18744,EVODEX-P18748,EVODEX-P18758,EVODEX-P18769,EVODEX-P18774,EVODEX-P18779,EVODEX-P18784,EVODEX-P18789,EVODEX-P18794,EVODEX-P18798,EVODEX-P18810,EVODEX-P18840,EVODEX-P18845,EVODEX-P18849,EVODEX-P18852,EVODEX-P18859,EVODEX-P18864,EVODEX-P18868,EVODEX-P18881,EVODEX-P18887,EVODEX-P18891,EVODEX-P18900,EVODEX-P18906,EVODEX-P18921,EVODEX-P18927,EVODEX-P18931,EVODEX-P18937,EVODEX-P18946,EVODEX-P18952,EVODEX-P18956,EVODEX-P18966,EVODEX-P18971,EVODEX-P18975,EVODEX-P18980,EVODEX-P18985,EVODEX-P18991,EVODEX-P18999,EVODEX-P19004,EVODEX-P19010,EVODEX-P19033,EVODEX-P19038,EVODEX-P19042,EVODEX-P19048,EVODEX-P19053,EVODEX-P19058,EVODEX-P19063,EVODEX-P19067,EVODEX-P19072,EVODEX-P19077,EVODEX-P19087,EVODEX-P19092,EVODEX-P19098,EVODEX-P19106,EVODEX-P19112,EVODEX-P19116,EVODEX-P19121,EVODEX-P19126,EVODEX-P19132,EVODEX-P19136,EVODEX-P19142,EVODEX-P19146,EVODEX-P19152,EVODEX-P19156,EVODEX-P19170,EVODEX-P19174,EVODEX-P19193,EVODEX-P19203,EVODEX-P19215,EVODEX-P19225,EVODEX-P19236,EVODEX-P19246,EVODEX-P19264,EVODEX-P19269,EVODEX-P19283,EVODEX-P19288,EVODEX-P19297,EVODEX-P19303,EVODEX-P19308,EVODEX-P19439,EVODEX-P19444,EVODEX-P20356,EVODEX-P20380,EVODEX-P20385,EVODEX-P20390,EVODEX-P20395,EVODEX-P20400,EVODEX-P20410,EVODEX-P20415,EVODEX-P20420,EVODEX-P20425,EVODEX-P20430,EVODEX-P20435,EVODEX-P20440,EVODEX-P20445,EVODEX-P20450,EVODEX-P20460,EVODEX-P20465,EVODEX-P20470,EVODEX-P20475,EVODEX-P31766,EVODEX-P31771"
EVODEX-N862,[H]OP(=O)(O[H])[O:4][C:2]>>[H][O:4][C:2],"EVODEX-P4076,EVODEX-P4079,EVODEX-P11028,EVODEX-P11031,EVODEX-P12499,EVODEX-P12506,EVODEX-P18012,EVODEX-P18057,EVODEX-P18158,EVODEX-P18198,EVODEX-P18255,EVODEX-P18280,EVODEX-P18306,EVODEX-P18392,EVODEX-P18397,EVODEX-P18468,EVODEX-P18513,EVODEX-P18608,EVODEX-P18653,EVODEX-P18691,EVODEX-P18698,EVODEX-P18752,EVODEX-P18762,EVODEX-P18854,EVODEX-P19198,EVODEX-P19221,EVODEX-P19229,EVODEX-P19241,EVODEX-P19251,EVODEX-P19293,EVODEX-P21980,EVODEX-P22190"
EVODEX-N863,>>[H]O[C@@]1([H])[C@@]([H])(O)[C@]([H])(N2:C([H]):N:C3:C(N([H])[H]):N:C([H]):N:C:3:2)O[C@]1([H])C([H])([H])OP(=O)(O[H])OP(=O)(O[H])OC([H])([H])[C@@]1([H])O[C@@]([H])(N2C([H])=C([H])C([H])([H])C(C(=O)N([H])[H])=C2[H])[C@]([H])(O[H])[C@]1([H])O[H].[H],"EVODEX-P4082,EVODEX-P18579"
EVODEX-N864,[O:2]=[C:3]=[O:4].[H][O:1][H:5]>>[H][O:2][C:3]([O:1][H:5])=[O:4],EVODEX-P4089
EVODEX-N865,[O:2]=[C:3]=[O:4]>>[H]O[C:3]([O:2][H])=[O:4],EVODEX-P4090
EVODEX-N866,[C:1][C:2]1=[C:3]([H:61])[C:4](=[O:5])[C:6]([H:62])=[C:7]([H:63])[C:8]1=[O:9]>>[H][O:5][C:4]1:[C:3]([H:61]):[C:2]([C:1]):[C:8]([O:9][H]):[C:7]([H:63]):[C:6]:1[H:62],EVODEX-P4092
EVODEX-N867,[O:45]=[C:46]1[C:47]([H:84])=[C:48]([Cl:49])[C:50](=[O:51])[C:52]([H:85])=[C:53]1[O:54]>>[H][O:45][C:46]1:[C:47]([H:84]):[C:48]([Cl:49]):[C:50]([O:51][H]):[C:52]([H:85]):[C:53]:1[O:54],EVODEX-P4094
EVODEX-N868,[H]O[N:45]([H:76])[H:77]>>[H][N:45]([H:76])[H:77],EVODEX-P4104
EVODEX-N869,[H]N([H])[O:46][H:78]>>[H][O:46][H:78],EVODEX-P4108
EVODEX-N870,[H]C1:C([H]):C([H]):C(N=[N:8][C:7]):C([H]):C:1[H]>>[H][N:8]([H])[C:7],EVODEX-P4114
EVODEX-N871,[C:7][N:8]=[N:9][C:10]>>[H][N:8]([H])[C:7].[H][N:9]([H])[C:10],"EVODEX-P4116,EVODEX-P4165"
EVODEX-N872,[H]C1:C([H]):C(N(C([H])([H])[H])C([H])([H])[H]):C([H]):C([H]):C:1N=[N:9][C:10]>>[H][N:9]([H])[C:10],"EVODEX-P4117,EVODEX-P4166"
EVODEX-N873,[H][N:8]([H])[C:7].[H][N:107]([H])[C:108]>>[C:7][N:8]=[N:107][C:108],EVODEX-P4118
EVODEX-N874,[H][N:8]([H])[C:7]>>[H]C1:C([H]):C([H]):C(N=[N:8][C:7]):C([H]):C:1[H],EVODEX-P4122
EVODEX-N875,[H][N:107]([H])[C:108]>>[H]C1:C([H]):C(N(C([H])([H])[H])C([H])([H])[H]):C([H]):C([H]):C:1N=[N:107][C:108],EVODEX-P4123
EVODEX-N876,[H]O[C@@]1([H])[C@@]([H])(O[H])[C@]([H])(N2:C([H]):N:C3:C(=O):N([H]):C([N:49]([H:103])[H:104]):N:C:3:2)O[C@]1([H])C([H])([H])OP(=O)(O[H])O[H]>>[H][N:49]([H:103])[H:104],EVODEX-P4125
EVODEX-N877,[H]N([H])[C:50](:[N:51]):[N:72]>>[H][C:50](:[N:51]):[N:72],EVODEX-P4129
EVODEX-N878,[H][N:1]([H:102])[H:103]>>[H]O[C@@]1([H])[C@@]([H])(O[H])[C@]([H])(N2:C([H]):N:C3:C(=O):N([H]):C([N:1]([H:102])[H:103]):N:C:3:2)O[C@]1([H])C([H])([H])OP(=O)(O[H])O[H],EVODEX-P4130
EVODEX-N879,[H][C:53](:[N:52]):[N:54]>>[H]N([H])[C:53](:[N:52]):[N:54],EVODEX-P4132
EVODEX-N880,[H][N:1]([H:102])[H:103].[H][C:53](:[N:52]):[N:54]>>[N:1]([C:53](:[N:52]):[N:54])([H:102])[H:103],EVODEX-P4135
EVODEX-N881,[H]O[N:54]([C:52])[H:91]>>[H][N:54]([C:52])[H:91],"EVODEX-P4137,EVODEX-P4156"
EVODEX-N882,[H]C1:C([H]):C([H]):C(N([H])[H]):C(C(=O)N([H])[O:55][H:92]):C:1[H]>>[H][O:55][H:92],EVODEX-P4141
EVODEX-N883,[H]O[N:4]([C:2])[C:6]>>[H][N:4]([C:2])[C:6],"EVODEX-P4143,EVODEX-P8467"
EVODEX-N884,[H]C1:C([H]):C([H]):C2:C(:C:1[H])C1:C([H]):C([H]):C(N(C(=O)C([H])([H])[H])[O:5][H:66]):C([H]):C:1C2([H])[H]>>[H][O:5][H:66],EVODEX-P4144
EVODEX-N885,[N:1]#[C:2][C:3]>>[H][N:1]([H])[C:2]([H])([H])[C:3],"EVODEX-P4152,EVODEX-P4154"
EVODEX-N886,[H]OC(=O)C1:C([H]):C([H]):C([H]):C([H]):C:1/N=[N:8]/[C:7]>>[H][N:8]([H])[C:7],EVODEX-P4163
EVODEX-N887,[C:47][S:48](=[O:49])[O:50].[H][O:51][H]>>[C:47][S:48](=[O:49])([O:50])=[O:51],EVODEX-P4178
EVODEX-N888,[C:47][S:48](=[O:49])[O:50]>>O=[S:48]([C:47])(=[O:49])[O:50],EVODEX-P4180
EVODEX-N889,[H][O:51][H]>>[H]OS(=O)(C([H])([H])C([H])([H])N([H])[H])=[O:51],EVODEX-P4181
EVODEX-N890,[H][S:21][C:20].[H][S:24][C:23]>>[C:20][S:21][S:24][C:23],"EVODEX-P4185,EVODEX-P4237,EVODEX-P4241,EVODEX-P9213,EVODEX-P9214"
EVODEX-N891,[H]C([H])([H])C(=O)C([H])([H])[C:5](=[O:6])[O:7][H]>>[C:5](=[O:6])=[O:7],EVODEX-P4186
EVODEX-N892,[H][O:7][C:5]([C:4]([C:2])([H:66])[H:67])=[O:6].[H][S:62][C:61]>>[C:5](=[O:6])=[O:7].[C:2][C:4]([S:62][C:61])([H:66])[H:67],EVODEX-P4187
EVODEX-N893,[H][O:7][C:5]([C:4])=[O:6]>>[C:5](=[O:6])=[O:7].[H]OS(=O)(=O)C([H])([H])C([H])([H])S[C:4],EVODEX-P4190
EVODEX-N894,[H]OC(=O)[C:4]([C:2])([H:66])[H:67]>>[H]OS(=O)(=O)C([H])([H])C([H])([H])S[C:4]([C:2])([H:66])[H:67],EVODEX-P4192
EVODEX-N895,[H][S:62][C:61]>>[H]C([H])([H])C(=O)C([H])([H])[S:62][C:61],EVODEX-P4195
EVODEX-N896,[H]OC(=O)[C:4]([C:2])([H:66])[H:67].[H][S:62][C:61]>>[C:2][C:4]([S:62][C:61])([H:66])[H:67],EVODEX-P4196
EVODEX-N897,[H]OS(=O)(=O)C([H])([H])C([H])([H])S[C:4]([C:2])([H:66])[H:67]>>[H]OC(=O)[C:4]([C:2])([H:66])[H:67],EVODEX-P4199
EVODEX-N898,[H]OS(=O)(=O)C([H])([H])C([H])([H])S[C:4]([C:2])([H:66])[H:67].[O:60]=[C:61]=[O:62]>>[H][O:60][C:61]([C:4]([C:2])([H:66])[H:67])=[O:62],EVODEX-P4205
EVODEX-N899,[O:60]=[C:61]=[O:62]>>[H]C([H])([H])C(=O)C([H])([H])[C:61]([O:60][H])=[O:62],EVODEX-P4206
EVODEX-N900,[H]C([H])([H])C(=O)C([H])([H])[S:5][C:6]>>[H][S:5][C:6],EVODEX-P4208
EVODEX-N901,[C:2][C:4]([S:5])([H:66])[H:67].[O:60]=[C:61]=[O:62]>>[H][O:60][C:61]([C:4]([C:2])([H:66])[H:67])=[O:62].[H][S:5],EVODEX-P4209
EVODEX-N902,[H][S:10][C:9].[H][S:30][C:29]>>[C:9][S:10][S:30][C:29].[H].[H],"EVODEX-P4212,EVODEX-P4264,EVODEX-P4337,EVODEX-P4339,EVODEX-P4398,EVODEX-P4447,EVODEX-P4448,EVODEX-P4472,EVODEX-P9275,EVODEX-P9281,EVODEX-P21055,EVODEX-P31735,EVODEX-P31742"
EVODEX-N903,[H][S:10][C:9]>>[H]OC(=O)C([H])([H])N([H])C(=O)[C@@]([H])(N([H])C(=O)C([H])([H])C([H])([H])[C@@]([H])(C(=O)O[H])N([H])[H])C([H])([H])S[S:10][C:9],EVODEX-P4213
EVODEX-N904,[H]O[C@]1([H])[C@]([H])(OP(=O)(O[H])O[H])[C@@]([H])(C([H])([H])OP(=O)(O[H])OP(=O)(O[H])OC([H])([H])C(C([H])([H])[H])(C([H])([H])[H])[C@@]([H])(O[H])C(=O)N([H])C([H])([H])C([H])([H])C(=O)N([H])C([H])([H])C([H])([H])S[S:48][C:47])O[C@@]1([H])N1:C([H]):N:C2:C(N([H])[H]):N:C([H]):N:C:2:1>>[H][S:48][C:47],"EVODEX-P4218,EVODEX-P4220,EVODEX-P4230"
EVODEX-N905,[H]OC([H])(C(=O)N([H])C([H])([H])C([H])([H])C(=O)N([H])C([H])([H])C([H])([H])S[S:23][C:24])C(C([H])([H])[H])(C([H])([H])[H])C([H])([H])OP(=O)(O[H])O[H]>>[H][S:23][C:24],EVODEX-P4221
EVODEX-N906,[H]OC(=O)C([H])([H])N([H])C(=O)[C@@]([H])(N([H])C(=O)C([H])([H])C([H])([H])[C@@]([H])(C(=O)O[H])N([H])[H])C([H])([H])S[S:48][C:47]>>[H][S:48][C:47],EVODEX-P4229
EVODEX-N907,[H]OC([H])([H])[C@@]1([H])O[C@]([H])(OC2([H])[C@]([H])(O[H])[C@@]([H])(O[H])C([H])(O[H])[C@@]([H])(O[H])[C@@]2([H])O[H])[C@]([H])(N([H])C(=O)[C@@]([H])(N([H])C(=O)C([H])([H])[H])C([H])([H])S[S:7][C:6])[C@@]([H])(O[H])[C@]1([H])O[H]>>[H][S:7][C:6],EVODEX-P4246
EVODEX-N908,O=[S:2]([C:1])([C:3])=[O:5]>>[C:1][S:2]([C:3])=[O:5],EVODEX-P4251
EVODEX-N909,[H]C([H])([H])S(=O)(C([H])([H])[H])=[O:4]>>[H][O:4][H],EVODEX-P4252
EVODEX-N910,[C:1][S:2]([C:3])(=[O:4])=[O:5]>>[C:1][S:2]([C:3])=[O:5].[H][O:4][H],EVODEX-P4254
EVODEX-N911,[H]SSSSS[S:49][H:85]>>[H][S:49][H:85],EVODEX-P4257
EVODEX-N912,[H]S[S:50][S:51]>>[H][S:50][S:51],EVODEX-P4261
EVODEX-N913,[O:2]=[O:3].[O:4]=[S:5]([O:6])[O:7]>>O=[S:5](=[O:4])([O:6])[O:7].[H][O:2][O:3][H],EVODEX-P4266
EVODEX-N914,[O:2]=[O:3].[H][O:1][H]>>[H]OS(=O)(O[H])=[O:1].[H][O:2][O:3][H],EVODEX-P4267
EVODEX-N915,[O:2]=[O:3].[O:4]=[S:5]([O:6])[O:7].[H][O:1][H]>>[O:1]=[S:5](=[O:4])([O:6])[O:7].[H][O:2][O:3][H],EVODEX-P4268
EVODEX-N916,[H][O:1][H]>>[H]OS(=O)(O[H])=[O:1],EVODEX-P4269
EVODEX-N917,[O:4]=[S:5]([O:6])[O:7]>>O=[S:5](=[O:4])([O:6])[O:7],EVODEX-P4270
EVODEX-N918,[O:4]=[S:5]([O:6])[O:7].[H][O:1][H]>>[O:1]=[S:5](=[O:4])([O:6])[O:7],EVODEX-P4271
EVODEX-N919,O=[S:2](=[O:3])([O:4])[O:5]>>[S:2](=[O:3])([O:4])[O:5],EVODEX-P4272
EVODEX-N920,[H]OS(=O)(O[H])=[O:1].[H][O:6][O:7][H]>>[O:6]=[O:7].[H][O:1][H],EVODEX-P4273
EVODEX-N921,O=[S:2](=[O:3])([O:4])[O:5].[H][O:6][O:7][H]>>[O:6]=[O:7].[S:2](=[O:3])([O:4])[O:5],EVODEX-P4274
EVODEX-N922,[O:1]=[S:2](=[O:3])([O:4])[O:5]>>[H][O:1][H].[S:2](=[O:3])([O:4])[O:5],EVODEX-P4275
EVODEX-N923,[H]OS(=O)(O[H])=[O:1]>>[H][O:1][H],EVODEX-P4276
EVODEX-N924,[O:1]=[S:2](=[O:3])([O:4])[O:5].[H][O:6][O:7][H]>>[O:6]=[O:7].[H][O:1][H].[S:2](=[O:3])([O:4])[O:5],EVODEX-P4277
EVODEX-N925,[O:1]=[O:2].[H][S:14][C:13]>>[H][O:1][O:2][H].[H]O[C@]([H])(C([H])([H])S[H])[C@]([H])(O[H])C([H])([H])S[S:14][C:13],EVODEX-P4278
EVODEX-N926,[H][S:14][C:13]>>[H]O[C@]([H])(C([H])([H])S[H])[C@]([H])(O[H])C([H])([H])S[S:14][C:13],EVODEX-P4279
EVODEX-N927,[H][O:1][O:2][H].[H]O[C@]([H])(C([H])([H])S[H])[C@]([H])(O[H])C([H])([H])S[S:10][C:9]>>[O:1]=[O:2].[H][S:10][C:9],EVODEX-P4280
EVODEX-N928,[H][S:10][C:9].[O:41]=[O:42]>>[H]OC(=O)C([H])([H])N([H])C(=O)[C@@]([H])(N([H])C(=O)C([H])([H])C([H])([H])[C@@]([H])(C(=O)O[H])N([H])[H])C([H])([H])S[S:10][C:9].[H][O:41][O:42][H],EVODEX-P4282
EVODEX-N929,[H][C:1]([S:2])([H:6])[H:7].[O:4]=[O:5].[H][O:3][H]>>[C:1](=[O:3])([H:6])[H:7].[H][O:4][O:5][H].[H][S:2],EVODEX-P4283
EVODEX-N930,[H]S[C:1]([H])([H:6])[H:7].[O:4]=[O:5].[H][O:3][H]>>[C:1](=[O:3])([H:6])[H:7].[H][O:4][O:5][H],EVODEX-P4284
EVODEX-N931,[H]S[C:1]([H])([H:6])[H:7].[H][O:3][H]>>[C:1](=[O:3])([H:6])[H:7],EVODEX-P4285
EVODEX-N932,[H]S[C:1]([H])([H:6])[H:7]>>O=[C:1]([H:6])[H:7],EVODEX-P4286
EVODEX-N933,[H]C([H])([H])[S:2][H:9]>>[H][S:2][H:9],EVODEX-P4287
EVODEX-N934,[H][C:1]([S:2])([H:6])[H:7].[H][O:3][H]>>[C:1](=[O:3])([H:6])[H:7].[H][S:2],EVODEX-P4288
EVODEX-N935,[H][C:1]([S:2])([H:6])[H:7]>>O=[C:1]([H:6])[H:7].[H][S:2],"EVODEX-P4289,EVODEX-P7338"
EVODEX-N936,[H][C:1]([S:2])([H:6])[H:7].[O:4]=[O:5]>>O=[C:1]([H:6])[H:7].[H][O:4][O:5][H].[H][S:2],EVODEX-P4290
EVODEX-N937,[H]S[C:1]([H])([H:6])[H:7].[O:4]=[O:5]>>O=[C:1]([H:6])[H:7].[H][O:4][O:5][H],EVODEX-P4291
EVODEX-N938,[H]C([H])([H])[S:2][H:9].[O:4]=[O:5]>>[H][O:4][O:5][H].[H][S:2][H:9],EVODEX-P4292
EVODEX-N939,[H][C:2]([C:1])([S:3])[H:10].[O:5]=[O:6].[H][O:4][H]>>[C:1][C:2](=[O:4])[H:10].[H][O:5][O:6][H].[H][S:3],"EVODEX-P4293,EVODEX-P4303,EVODEX-P4315,EVODEX-P4327"
EVODEX-N940,[H]S[C:2]([H])([C:1])[H:10].[O:5]=[O:6].[H][O:4][H]>>[C:1][C:2](=[O:4])[H:10].[H][O:5][O:6][H],EVODEX-P4294
EVODEX-N941,[H]S[C:2]([H])([C:1])[H:10].[H][O:4][H]>>[C:1][C:2](=[O:4])[H:10],EVODEX-P4295
EVODEX-N942,[H]S[C:2]([H])([C:1])[H:10]>>O=[C:2]([C:1])[H:10],EVODEX-P4296
EVODEX-N943,[H]C([H])([H])C([H])([H])[S:3][H:12]>>[H][S:3][H:12],EVODEX-P4297
EVODEX-N944,[H][C:2]([C:1])([S:3])[H:10].[H][O:4][H]>>[C:1][C:2](=[O:4])[H:10].[H][S:3],"EVODEX-P4298,EVODEX-P4308,EVODEX-P4320,EVODEX-P4331"
EVODEX-N945,[H][C:2]([C:1])([S:3])[H:10]>>O=[C:2]([C:1])[H:10].[H][S:3],"EVODEX-P4299,EVODEX-P4309,EVODEX-P4321,EVODEX-P4330,EVODEX-P7345"
EVODEX-N946,[H][C:2]([C:1])([S:3])[H:10].[O:5]=[O:6]>>O=[C:2]([C:1])[H:10].[H][O:5][O:6][H].[H][S:3],"EVODEX-P4300,EVODEX-P4310,EVODEX-P4322,EVODEX-P4332"
EVODEX-N947,[H]S[C:2]([H])([C:1])[H:10].[O:5]=[O:6]>>O=[C:2]([C:1])[H:10].[H][O:5][O:6][H],EVODEX-P4301
EVODEX-N948,[H]C([H])([H])C([H])([H])[S:3][H:12].[O:5]=[O:6]>>[H][O:5][O:6][H].[H][S:3][H:12],EVODEX-P4302
EVODEX-N949,[H]OC(=O)[C@@]([H])(N([H])[H])C([H])([H])S[C:5]([H])([C:4])[H:23].[O:14]=[O:15].[H][O:13][H]>>[C:4][C:5](=[O:13])[H:23].[H][O:14][O:15][H],"EVODEX-P4304,EVODEX-P4316"
EVODEX-N950,[H]OC(=O)[C@@]([H])(N([H])[H])C([H])([H])S[C:5]([H])([C:4])[H:23].[H][O:13][H]>>[C:4][C:5](=[O:13])[H:23],"EVODEX-P4305,EVODEX-P4317"
EVODEX-N951,[H]OC(=O)[C@@]([H])(N([H])[H])C([H])([H])S[C:5]([H])([C:4])[H:23]>>O=[C:5]([C:4])[H:23],"EVODEX-P4306,EVODEX-P4318"
EVODEX-N952,[H]C(=C(C([H])([H])[H])C([H])([H])[H])C([H])([H])[S:6][C:7]>>[H][S:6][C:7],EVODEX-P4307
EVODEX-N953,[H]OC(=O)[C@@]([H])(N([H])[H])C([H])([H])S[C:5]([H])([C:4])[H:23].[O:14]=[O:15]>>O=[C:5]([C:4])[H:23].[H][O:14][O:15][H],"EVODEX-P4311,EVODEX-P4323"
EVODEX-N954,[O:14]=[O:15].[H][O:13][H]>>[H]C(=C(C([H])([H])[H])C([H])([H])[H])C([H])=[O:13].[H][O:14][O:15][H],EVODEX-P4312
EVODEX-N955,[H]C(=C(C([H])([H])[H])C([H])([H])[H])C([H])([H])[S:6][C:7].[O:14]=[O:15]>>[H][O:14][O:15][H].[H][S:6][C:7],EVODEX-P4313
EVODEX-N956,[H][O:13][H]>>[H]C(=C(C([H])([H])[H])C([H])([H])[H])C([H])=[O:13],EVODEX-P4314
EVODEX-N957,[H]C(=C(C([H])([H])[H])C([H])([H])[H])C([H])([H])C([H])([H])/C(=C(\[H])C([H])([H])C([H])([H])/C(=C(\[H])C([H])([H])[S:16][C:17])C([H])([H])[H])C([H])([H])[H]>>[H][S:16][C:17],"EVODEX-P4319,EVODEX-P4328"
EVODEX-N958,[O:24]=[O:25].[H][O:23][H]>>[H]C(=C(C([H])([H])[H])C([H])([H])[H])C([H])([H])C([H])([H])/C(=C(\[H])C([H])([H])C([H])([H])/C(=C(\[H])C([H])=[O:23])C([H])([H])[H])C([H])([H])[H].[H][O:24][O:25][H],EVODEX-P4324
EVODEX-N959,[H]C(=C(C([H])([H])[H])C([H])([H])[H])C([H])([H])C([H])([H])/C(=C(\[H])C([H])([H])C([H])([H])/C(=C(\[H])C([H])([H])[S:16][C:17])C([H])([H])[H])C([H])([H])[H].[O:24]=[O:25]>>[H][O:24][O:25][H].[H][S:16][C:17],"EVODEX-P4325,EVODEX-P4333"
EVODEX-N960,[H][O:23][H]>>[H]C(=C(C([H])([H])[H])C([H])([H])[H])C([H])([H])C([H])([H])/C(=C(\[H])C([H])([H])C([H])([H])/C(=C(\[H])C([H])=[O:23])C([H])([H])[H])C([H])([H])[H],EVODEX-P4326
EVODEX-N961,[H]OC(=O)[C@@]([H])(N([H])C(=O)C([H])([H])[H])C([H])([H])S[C:8]([H])([C:9])[H:36].[O:27]=[O:28].[H][O:26][H]>>[C:8]([C:9])(=[O:26])[H:36].[H][O:27][O:28][H],EVODEX-P4329
EVODEX-N962,[H]OC(=O)[C@@]([H])(N([H])C(=O)C([H])([H])[H])C([H])([H])S[C:8]([H])([C:9])[H:36].[H][O:26][H]>>[C:8]([C:9])(=[O:26])[H:36],EVODEX-P4334
EVODEX-N963,[H]OC(=O)[C@@]([H])(N([H])C(=O)C([H])([H])[H])C([H])([H])S[C:8]([H])([C:9])[H:36]>>O=[C:8]([C:9])[H:36],EVODEX-P4335
EVODEX-N964,[H]OC(=O)[C@@]([H])(N([H])C(=O)C([H])([H])[H])C([H])([H])S[C:8]([H])([C:9])[H:36].[O:27]=[O:28]>>O=[C:8]([C:9])[H:36].[H][O:27][O:28][H],EVODEX-P4336
EVODEX-N965,[H][S:45][C:44]>>[H]OC(=O)[C@@]([H])(N([H])[H])C([H])([H])C([H])([H])S[S:45][C:44],EVODEX-P4340
EVODEX-N966,[C:46][C:47]([S:48][S:49])([H:122])[H:123].[C:76][C:77]([S:78][H:151])([H:149])[H:150]>>[C:46][C:47]([S:78][H:151])([H:122])[H:123].[S:48]([S:49])[C:77]([C:76])([H:149])[H:150],"EVODEX-P4341,EVODEX-P4348"
EVODEX-N967,[H]O[C@]1([H])[C@]([H])(OP(=O)(O[H])O[H])[C@@]([H])(C([H])([H])OP(=O)(O[H])OP(=O)(O[H])OC([H])([H])C(C([H])([H])[H])(C([H])([H])[H])[C@@]([H])(O[H])C(=O)N([H])C([H])([H])C([H])([H])C(=O)N([H])C([H])([H])C([H])([H])[S:48][S:49])O[C@@]1([H])N1:C([H]):N:C2:C(N([H])[H]):N:C([H]):N:C:2:1.[H]S[C:77]([C:76])([H:149])[H:150]>>[S:48]([S:49])[C:77]([C:76])([H:149])[H:150],EVODEX-P4342
EVODEX-N968,[H]O[C@]1([H])[C@]([H])(OP(=O)(O[H])O[H])[C@@]([H])(C([H])([H])OP(=O)(O[H])OP(=O)(O[H])OC([H])([H])C(C([H])([H])[H])(C([H])([H])[H])[C@@]([H])(O[H])C(=O)N([H])C([H])([H])C([H])([H])C(=O)N([H])C([H])([H])C([H])([H])[S:48][S:49])O[C@@]1([H])N1:C([H]):N:C2:C(N([H])[H]):N:C([H]):N:C:2:1>>[H]OC(=O)C([H])([H])N([H])C(=O)[C@@]([H])(N([H])C(=O)C([H])([H])C([H])([H])[C@@]([H])(C(=O)O[H])N([H])[H])C([H])([H])[S:48][S:49],EVODEX-P4343
EVODEX-N969,[H]OC(=O)C([H])([H])N([H])C(=O)[C@@]([H])(N([H])C(=O)C([H])([H])C([H])([H])[C@@]([H])(C(=O)O[H])N([H])[H])C([H])([H])SS[C:47]([C:46])([H:122])[H:123].[H]OC(=O)C([H])([H])N([H])C(=O)[C@@]([H])(N([H])C(=O)C([H])([H])C([H])([H])[C@@]([H])(C(=O)O[H])N([H])[H])C([H])([H])[S:78][H:151]>>[C:46][C:47]([S:78][H:151])([H:122])[H:123],EVODEX-P4344
EVODEX-N970,[H]OC(=O)C([H])([H])N([H])C(=O)[C@@]([H])(N([H])C(=O)C([H])([H])C([H])([H])[C@@]([H])(C(=O)O[H])N([H])[H])C([H])([H])[S:78][H:151]>>[H]O[C@]1([H])[C@]([H])(OP(=O)(O[H])O[H])[C@@]([H])(C([H])([H])OP(=O)(O[H])OP(=O)(O[H])OC([H])([H])C(C([H])([H])[H])(C([H])([H])[H])[C@@]([H])(O[H])C(=O)N([H])C([H])([H])C([H])([H])C(=O)N([H])C([H])([H])C([H])([H])[S:78][H:151])O[C@@]1([H])N1:C([H]):N:C2:C(N([H])[H]):N:C([H]):N:C:2:1,EVODEX-P4345
EVODEX-N971,>>[H]O[C@]1([H])[C@]([H])(OP(=O)(O[H])O[H])[C@@]([H])(C([H])([H])OP(=O)(O[H])OP(=O)(O[H])OC([H])([H])C(C([H])([H])[H])(C([H])([H])[H])[C@@]([H])(O[H])C(=O)N([H])C([H])([H])C([H])([H])C(=O)N([H])C([H])([H])C([H])[H])O[C@@]1([H])N1:C([H]):N:C2:C(N([H])[H]):N:C([H]):N:C:2:1.[H]OC(=O)C([H])([H])N([H])C(=O)[C@@]([H])(N([H])C(=O)C([H])([H])C([H])([H])[C@@]([H])(C(=O)O[H])N([H])[H])C([H])([H])SS,EVODEX-P4346
EVODEX-N972,>>[H]S.[H]OC(=O)C([H])([H])N([H])C(=O)[C@]([H])(C([H])[H])N([H])C(=O)C([H])([H])C([H])([H])[C@@]([H])(C(=O)O[H])N([H])[H],EVODEX-P4347
EVODEX-N973,[H]O[C@]1([H])[C@]([H])(OP(=O)(O[H])O[H])[C@@]([H])(C([H])([H])OP(=O)(O[H])OP(=O)(O[H])OC([H])([H])C(C([H])([H])[H])(C([H])([H])[H])[C@@]([H])(O[H])C(=O)N([H])C([H])([H])C([H])([H])C(=O)N([H])C([H])([H])C([H])([H])[S:48][H:124])O[C@@]1([H])N1:C([H]):N:C2:C(N([H])[H]):N:C([H]):N:C:2:1.[H]OC(=O)C([H])([H])N([H])C(=O)[C@@]([H])(N([H])C(=O)C([H])([H])C([H])([H])[C@@]([H])(C(=O)O[H])N([H])[H])C([H])([H])SS[C:60]([C:61])([H:136])[H:137]>>[S:48]([C:60]([C:61])([H:136])[H:137])[H:124],EVODEX-P4349
EVODEX-N974,[H]O[C@]1([H])[C@]([H])(OP(=O)(O[H])O[H])[C@@]([H])(C([H])([H])OP(=O)(O[H])OP(=O)(O[H])OC([H])([H])C(C([H])([H])[H])(C([H])([H])[H])[C@@]([H])(O[H])C(=O)N([H])C([H])([H])C([H])([H])C(=O)N([H])C([H])([H])C([H])([H])[S:48][H:124])O[C@@]1([H])N1:C([H]):N:C2:C(N([H])[H]):N:C([H]):N:C:2:1>>[H]OC(=O)C([H])([H])N([H])C(=O)[C@@]([H])(N([H])C(=O)C([H])([H])C([H])([H])[C@@]([H])(C(=O)O[H])N([H])[H])C([H])([H])[S:48][H:124],EVODEX-P4350
EVODEX-N975,[H]S[C:47]([C:46])([H:122])[H:123].[H]OC(=O)C([H])([H])N([H])C(=O)[C@@]([H])(N([H])C(=O)C([H])([H])C([H])([H])[C@@]([H])(C(=O)O[H])N([H])[H])C([H])([H])[S:59][S:58]>>[C:46][C:47]([S:59][S:58])([H:122])[H:123],EVODEX-P4351
EVODEX-N976,[H]OC(=O)C([H])([H])N([H])C(=O)[C@@]([H])(N([H])C(=O)C([H])([H])C([H])([H])[C@@]([H])(C(=O)O[H])N([H])[H])C([H])([H])[S:59][S:58]>>[H]O[C@]1([H])[C@]([H])(OP(=O)(O[H])O[H])[C@@]([H])(C([H])([H])OP(=O)(O[H])OP(=O)(O[H])OC([H])([H])C(C([H])([H])[H])(C([H])([H])[H])[C@@]([H])(O[H])C(=O)N([H])C([H])([H])C([H])([H])C(=O)N([H])C([H])([H])C([H])([H])[S:59][S:58])O[C@@]1([H])N1:C([H]):N:C2:C(N([H])[H]):N:C([H]):N:C:2:1,EVODEX-P4352
EVODEX-N977,[H]S[C:47]([C:46])([H:122])[H:123]>>[H]OC(=O)C([H])([H])N([H])C(=O)[C@@]([H])(N([H])C(=O)C([H])([H])C([H])([H])[C@@]([H])(C(=O)O[H])N([H])[H])C([H])([H])SS[C:47]([C:46])([H:122])[H:123],EVODEX-P4353
EVODEX-N978,>>[H]O[C@]1([H])[C@]([H])(OP(=O)(O[H])O[H])[C@@]([H])(C([H])([H])OP(=O)(O[H])OP(=O)(O[H])OC([H])([H])C(C([H])([H])[H])(C([H])([H])[H])[C@@]([H])(O[H])C(=O)N([H])C([H])([H])C([H])([H])C(=O)N([H])C([H])([H])C([H])[H])O[C@@]1([H])N1:C([H]):N:C2:C(N([H])[H]):N:C([H]):N:C:2:1.[H]S,EVODEX-P4354
EVODEX-N979,>>[H]OC(=O)C([H])([H])N([H])C(=O)[C@@]([H])(N([H])C(=O)C([H])([H])C([H])([H])[C@@]([H])(C(=O)O[H])N([H])[H])C([H])([H])SS.[H]OC(=O)C([H])([H])N([H])C(=O)[C@]([H])(C([H])[H])N([H])C(=O)C([H])([H])C([H])([H])[C@@]([H])(C(=O)O[H])N([H])[H],EVODEX-P4355
EVODEX-N980,[C:3][S:4][S:5].[H][S:32][C:31]>>[C:3][S:4][S:32][C:31].[H][S:5],EVODEX-P4356
EVODEX-N981,[H]OC(=O)C([H])([H])N([H])C(=O)C([H])(N([H])[H])C([H])([H])S[S:5][C:6]>>[H][S:5][C:6],EVODEX-P4357
EVODEX-N982,[H]OC(=O)C([H])([H])N([H])C(=O)C([H])(N([H])[H])C([H])([H])S[S:4][C:3].[H][S:32][C:31]>>[C:3][S:4][S:32][C:31],EVODEX-P4358
EVODEX-N983,[H][S:32][C:31]>>[H]OC(=O)C([H])([H])N([H])C(=O)C([H])(N([H])[H])C([H])([H])S[S:32][C:31],EVODEX-P4359
EVODEX-N984,[H]OC(=O)C([H])([H])N([H])C(=O)C([H])(N([H])[H])C([H])([H])S[S:4][C:3]>>[H]OC(=O)C([H])([H])N([H])C(=O)[C@@]([H])(N([H])C(=O)C([H])([H])C([H])([H])[C@@]([H])(C(=O)O[H])N([H])[H])C([H])([H])S[S:4][C:3],EVODEX-P4360
EVODEX-N985,>>[H]OC(=O)C([H])([H])N([H])C(=O)[C@@]([H])(N([H])C(=O)C([H])([H])C([H])([H])[C@@]([H])(C(=O)O[H])N([H])[H])C([H])([H])S.[H],"EVODEX-P4361,EVODEX-P4388,EVODEX-P4393,EVODEX-P15953,EVODEX-P15959,EVODEX-P21057,EVODEX-P21770,EVODEX-P31349,EVODEX-P31384,EVODEX-P31387"
EVODEX-N986,O=[S@:21]([C:20])[C:22]>>[C:20][S:21][C:22],"EVODEX-P4363,EVODEX-P4369,EVODEX-P4375,EVODEX-P6891"
EVODEX-N987,[H]OC(=O)[C@@]([H])(N([H])S(=O)(=O)C1:C([H]):C([H]):C(N=NC2:C([H]):C([H]):C(N(C([H])([H])[H])C([H])([H])[H]):C([H]):C:2[H]):C([H]):C:1[H])C([H])([H])C([H])([H])[S@](C([H])([H])[H])=[O:23]>>[H][O:23][H],EVODEX-P4364
EVODEX-N988,[C:20][S@:21]([C:22])=[O:23]>>[C:20][S:21][C:22].[H][O:23][H],"EVODEX-P4366,EVODEX-P4372,EVODEX-P4378"
EVODEX-N989,[H]OC(=O)[C@@]([H])(N([H])[H])C([H])([H])C([H])([H])[S@](C([H])([H])[H])=[O:3]>>[H][O:3][H],EVODEX-P4370
EVODEX-N990,[H]OC(=O)C([H])([H])C1=C(C([H])([H])[H])/C(=C(\[H])C2:C([H]):C([H]):C(S(C([H])([H])[H])=[O:23]):C([H]):C:2[H])C2:C([H]):C([H]):C(F):C([H]):C:21>>[H][O:23][H],EVODEX-P4376
EVODEX-N991,[H][N:1]([H])[C@@:2]([H])([C:3]([H])([H])[C:4]([H])([H])[C:5][N:7]([H])[C@@:8]([H])([C:9]([H])([H])[S:10][H])[C:11][N:13]([H])[C:14]([H])([H])[C:15][O:17][H])[C:18][O:20][H].[H][S:21][H]>>[H][N:1]([H])[C@@:2]([H])([C:3]([H])([H])[C:4]([H])([H])[C:5][N:7]([H])[C@@:8]([H])([C:9]([H])([H])[S:10][H])[C:11][N:13]([H])[C:14]([H])([H])[C:15][O:17][H])[C:18][O:20][H].[H][S:21][H],EVODEX-P4380
EVODEX-N992,[H][S:21][H]>>[H][S:21][H],EVODEX-P4381
EVODEX-N993,[H][N:1]([H])[C@@:2]([H])([C:3]([H])([H])[C:4]([H])([H])[C:5][N:7]([H])[C@@:8]([H])([C:9]([H])([H])[S:10][H])[C:11][N:13]([H])[C:14]([H])([H])[C:15][O:17][H])[C:18][O:20][H]>>[H][N:1]([H])[C@@:2]([H])([C:3]([H])([H])[C:4]([H])([H])[C:5][N:7]([H])[C@@:8]([H])([C:9]([H])([H])[S:10][H])[C:11][N:13]([H])[C:14]([H])([H])[C:15][O:17][H])[C:18][O:20][H],EVODEX-P4382
EVODEX-N994,[H][C:10]([H])([C:9]=[C:60][C:61]([H])([H])[H])/[C:11]([H])=[C:12](\[C:13]([H])([H])[H])[C:14]([H])([H])[C:15]([H])([H])/[C:16]([H])=[C:17](\[C:18]([H])([H])[H])[C:19]([H])([H])[C:20]([H])([H])/[C:21]([H])=[C:22](\[C:23]([H])([H])[H])[C:24]([H])([H])[C:25]([H])([H])/[C:26]([H])=[C:27](\[C:28]([H])([H])[H])[C:29]([H])([H])[C:30]([H])([H])/[C:31]([H])=[C:32](\[C:33]([H])([H])[H])[C:34]([H])([H])[C:35]([H])([H])/[C:36]([H])=[C:37](\[C:38]([H])([H])[H])[C:39]([H])([H])[C:40]([H])([H])/[C:41]([H])=[C:42](\[C:43]([H])([H])[H])[C:44]([H])([H])[C:45]([H])([H])/[C:46]([H])=[C:47](\[C:48]([H])([H])[H])[C:49]([H])([H])[C:50]([H])([H])/[C:51]([H])=[C:52](\[C:53]([H])([H])[H])[C:54]([H])([H])[C:55]([H])([H])[C:56]([H])=[C:57]([C:58]([H])([H])[H])[C:59]([H])([H])[H].[H][C:1]([H])([H])[O:2].[H][C:6]([H])([H])[O:5].[H][S:64][H]>>[H][C:10]([H])([C:9]=[C:60][C:61]([H])([H])[H])/[C:11]([H])=[C:12](\[C:13]([H])([H])[H])[C:14]([H])([H])[C:15]([H])([H])/[C:16]([H])=[C:17](\[C:18]([H])([H])[H])[C:19]([H])([H])[C:20]([H])([H])/[C:21]([H])=[C:22](\[C:23]([H])([H])[H])[C:24]([H])([H])[C:25]([H])([H])/[C:26]([H])=[C:27](\[C:28]([H])([H])[H])[C:29]([H])([H])[C:30]([H])([H])/[C:31]([H])=[C:32](\[C:33]([H])([H])[H])[C:34]([H])([H])[C:35]([H])([H])/[C:36]([H])=[C:37](\[C:38]([H])([H])[H])[C:39]([H])([H])[C:40]([H])([H])/[C:41]([H])=[C:42](\[C:43]([H])([H])[H])[C:44]([H])([H])[C:45]([H])([H])/[C:46]([H])=[C:47](\[C:48]([H])([H])[H])[C:49]([H])([H])[C:50]([H])([H])/[C:51]([H])=[C:52](\[C:53]([H])([H])[H])[C:54]([H])([H])[C:55]([H])([H])[C:56]([H])=[C:57]([C:58]([H])([H])[H])[C:59]([H])([H])[H].[H][C:1]([H])([H])[O:2].[H][C:6]([H])([H])[O:5].[H][S:64][H],EVODEX-P4383
EVODEX-N995,[H][S:10][C:9].[C:29][S:30][C:31]>>[C:9][S:10][S:30][C:29].[H][C:31],"EVODEX-P4384,EVODEX-P4389,EVODEX-P21042,EVODEX-P21052"
EVODEX-N996,[H]OC(=O)C([H])([H])N([H])C(=O)[C@@]([H])(N([H])C(=O)C([H])([H])C([H])([H])[C@@]([H])(C(=O)O[H])N([H])[H])C([H])([H])S[C:31](:[C:32]):[C:37]>>[H][C:31](:[C:32]):[C:37],"EVODEX-P4385,EVODEX-P4392"
EVODEX-N997,[H][S:10][C:9].[H]OC1:C([H]):C([H]):C(O[H]):C([S:30][C:29]):C:1[H]>>[C:9][S:10][S:30][C:29],EVODEX-P4386
EVODEX-N998,[H]OC1:C([H]):C([H]):C(O[H]):C([S:30][C:29]):C:1[H]>>[H]OC(=O)C([H])([H])N([H])C(=O)[C@@]([H])(N([H])C(=O)C([H])([H])C([H])([H])[C@@]([H])(C(=O)O[H])N([H])[H])C([H])([H])S[S:30][C:29],EVODEX-P4387
EVODEX-N999,[H]OC1:C(C([H])([H])[H]):C([S:4][C:5]):C(O[H]):C2:C([H]):C([H]):C([H]):C([H]):C:1:2.[H][S:43][C:42]>>[S:4]([C:5])[S:43][C:42],EVODEX-P4390
EVODEX-N1000,[H]OC1:C(C([H])([H])[H]):C([S:4][C:5]):C(O[H]):C2:C([H]):C([H]):C([H]):C([H]):C:1:2>>[H]OC(=O)C([H])([H])N([H])C(=O)[C@@]([H])(N([H])C(=O)C([H])([H])C([H])([H])[C@@]([H])(C(=O)O[H])N([H])[H])C([H])([H])S[S:4][C:5],EVODEX-P4391
EVODEX-N1001,[C:29]:[C:30]1:[N:31]:[C:32](:[C:33]):[C:37](:[C:36]):[N:38]:[C:39]:1:[C:40].[H][S:58][C:57]>>[H][N:31]1[C:30](:[C:29]):[C:39](:[C:40])[N:38]([H])[C:37](:[C:36]):[C:32]1:[C:33].[H]OS(=O)(=O)C([H])([H])C([H])([H])S[S:58][C:57],EVODEX-P4394
EVODEX-N1002,[C:29]:[C:30]1:[N:31]:[C:32](:[C:33]):[C:37](:[C:36]):[N:38]:[C:39]:1:[C:40].[H][S:68][C:67]>>[H][N:31]1[C:30](:[C:29]):[C:39](:[C:40])[N:38]([H])[C:37](:[C:36]):[C:32]1:[C:33].[H]OC(=O)[C@@]([H])(N([H])C(=O)C([H])([H])C([H])([H])C([H])([H])C([H])([H])C([H])([H])C([H])([H])S[S:68][C:67])[C@]([H])(OP(=O)(O[H])O[H])C([H])([H])[H],EVODEX-P4395
EVODEX-N1003,[C:29]:[C:30]1:[N:31]:[C:32](:[C:33]):[C:37](:[C:36]):[N:38]:[C:39]:1:[C:40].[H][S:58][C:57].[H][S:68][C:67]>>[H][N:31]1[C:30](:[C:29]):[C:39](:[C:40])[N:38]([H])[C:37](:[C:36]):[C:32]1:[C:33].[C:57][S:58][S:68][C:67],EVODEX-P4396
EVODEX-N1004,[H][S:58][C:57]>>[H]OS(=O)(=O)C([H])([H])C([H])([H])S[S:58][C:57],EVODEX-P4397
EVODEX-N1005,[C:29]:[C:30]1:[N:31]:[C:32](:[C:33]):[C:37](:[C:36]):[N:38]:[C:39]:1:[C:40]>>[H][N:31]1[C:30](:[C:29]):[C:39](:[C:40])[N:38]([H])[C:37](:[C:36]):[C:32]1:[C:33],"EVODEX-P4399,EVODEX-P4405"
EVODEX-N1006,[H][S:68][C:67]>>[H]OC(=O)[C@@]([H])(N([H])C(=O)C([H])([H])C([H])([H])C([H])([H])C([H])([H])C([H])([H])C([H])([H])S[S:68][C:67])[C@]([H])(OP(=O)(O[H])O[H])C([H])([H])[H],EVODEX-P4400
EVODEX-N1007,[H][N:33]1[C:31](:[C:32]):[C:30](:[C:29])[N:40]([H])[C:39](:[C:38]):[C:34]1:[C:35].[H]OS(=O)(=O)C([H])([H])C([H])([H])S[S:58][C:57]>>[C:29]:[C:30]1:[C:31](:[C:32]):[N:33]:[C:34](:[C:35]):[C:39](:[C:38]):[N:40]:1.[H][S:58][C:57],EVODEX-P4401
EVODEX-N1008,[H][N:33]1[C:31](:[C:32]):[C:30](:[C:29])[N:40]([H])[C:39](:[C:38]):[C:34]1:[C:35].[H]OC(=O)[C@@]([H])(N([H])C(=O)C([H])([H])C([H])([H])C([H])([H])C([H])([H])C([H])([H])C([H])([H])S[S:59][C:60])[C@]([H])(OP(=O)(O[H])O[H])C([H])([H])[H]>>[C:29]:[C:30]1:[C:31](:[C:32]):[N:33]:[C:34](:[C:35]):[C:39](:[C:38]):[N:40]:1.[H][S:59][C:60],EVODEX-P4402
EVODEX-N1009,[H]OS(=O)(=O)C([H])([H])C([H])([H])S[S:58][C:57]>>[H][S:58][C:57],EVODEX-P4404
EVODEX-N1010,[H]OC(=O)[C@@]([H])(N([H])C(=O)C([H])([H])C([H])([H])C([H])([H])C([H])([H])C([H])([H])C([H])([H])S[S:59][C:60])[C@]([H])(OP(=O)(O[H])O[H])C([H])([H])[H]>>[H][S:59][C:60],EVODEX-P4406
EVODEX-N1011,[H][C:1]([H])=[C:2]([H])[C:3]1=[C:4]([C:5]([H])([H])[H])[C:6]:[C:7]([H]):[C:8]2:[N:9]([H]):[C:10](:[C:11]([H]):[C:12][C:36]([C:37]([H])([H])[H])=[C:30]([C:31]([H])([H])[C:32]([H])([H])[C:33][C:34]([H])([H])[H])[C:14]:[C:15]([H]):[C:16]3:[N:17]([H]):[C:18](:[C:19]([H]):[C:20]1):[C:22]([C:23]([H])([H])[H]):[C:24]:3[C:25]([H])([H])[C:26]([H])([H])[C:27][C:28]([H])([H])[H]):[C:38]([C:39]([H])([H])[H]):[C:40]:2[C:41]([H])=[C:42]([H])[H].>>[H][C:1]([H])=[C:2]([H])[C:3]1=[C:4]([C:5]([H])([H])[H])[C:6]:[C:7]([H]):[C:8]2:[N:9]([H]):[C:10](:[C:11]([H]):[C:12][C:36]([C:37]([H])([H])[H])=[C:30]([C:31]([H])([H])[C:32]([H])([H])[C:33][C:34]([H])([H])[H])[C:14]:[C:15]([H]):[C:16]3:[N:17]([H]):[C:18](:[C:19]([H]):[C:20]1):[C:22]([C:23]([H])([H])[H]):[C:24]:3[C:25]([H])([H])[C:26]([H])([H])[C:27][C:28]([H])([H])[H]):[C:38]([C:39]([H])([H])[H]):[C:40]:2[C:41]([H])=[C:42]([H])[H].,"EVODEX-P4411,EVODEX-P4413"
EVODEX-N1012,[H][C@@:31]1([C:20])[C:32]([H:58])=[C:33]([O:34])[C:35]([O:36])=[C:37]([H:61])[C:38]1([H])[C:9].[O:39]=[O:40]>>[C:9][C:38]1:[C:31]([C:20]):[C:32]([H:58]):[C:33]([O:34]):[C:35]([O:36]):[C:37]:1[H:61].[H][O:39][O:40][H],EVODEX-P4418
EVODEX-N1013,[H][C@@:31]1([C:20])[C:32]([H:58])=[C:33]([O:34])[C:35]([O:36])=[C:37]([H:61])[C:38]1([H])[C:9]>>[C:9][C:38]1:[C:31]([C:20]):[C:32]([H:58]):[C:33]([O:34]):[C:35]([O:36]):[C:37]:1[H:61],EVODEX-P4419
EVODEX-N1014,[H][C:12]1([H:27])[C:11][C:19][C@:15]([H])([C:16])[C:14]([H:30])=[C:13]1[H:29].[O:21]=[O:22]>>[C:11]1[C:12]([H:27])=[C:13]([H:29])[C:14]([H:30])=[C:15]([C:16])[C:19]1.[H][O:21][O:22][H],"EVODEX-P4420,EVODEX-P4422"
EVODEX-N1015,[H][C:12]1([H:27])[C:11][C:19][C@:15]([H])([C:16])[C:14]([H:30])=[C:13]1[H:29]>>[C:11]1[C:12]([H:27])=[C:13]([H:29])[C:14]([H:30])=[C:15]([C:16])[C:19]1,"EVODEX-P4421,EVODEX-P4423"
EVODEX-N1016,[H][O:45][H:75].[H][O:46][H:77]>>[O:45]([O:46][H:77])[H:75],EVODEX-P4430
EVODEX-N1017,[H][C:7]([C:5])([O:8][H])[H:18].[H]O[O:13][H:23]>>[C:5][C:7](=[O:8])[H:18].[H][O:13][H:23],"EVODEX-P4432,EVODEX-P4434,EVODEX-P4469,EVODEX-P6040,EVODEX-P6199,EVODEX-P6285,EVODEX-P6315,EVODEX-P8012"
EVODEX-N1018,[H][C:1]([O:2][H])([H:5])[H:6].[H]O[O:3][H:9]>>[C:1](=[O:2])([H:5])[H:6].[H][O:3][H:9],"EVODEX-P4436,EVODEX-P5674,EVODEX-P5703,EVODEX-P7144,EVODEX-P7150,EVODEX-P9010,EVODEX-P9015"
EVODEX-N1019,[O:45]=[O:46].[H][C:49](:[C:48]):[C:50]>>[H][O:46][H].[H][O:45][C:49](:[C:48]):[C:50],"EVODEX-P4437,EVODEX-P4442,EVODEX-P4527,EVODEX-P4537,EVODEX-P4542,EVODEX-P4547,EVODEX-P6389,EVODEX-P6399,EVODEX-P6488,EVODEX-P6554,EVODEX-P6567,EVODEX-P6594,EVODEX-P6601,EVODEX-P6611,EVODEX-P6621,EVODEX-P6652,EVODEX-P6672,EVODEX-P6683,EVODEX-P6728,EVODEX-P6742,EVODEX-P6752,EVODEX-P6781,EVODEX-P6792,EVODEX-P6856,EVODEX-P6871,EVODEX-P6963,EVODEX-P6989,EVODEX-P7032,EVODEX-P7054,EVODEX-P7064,EVODEX-P7078,EVODEX-P7313,EVODEX-P7535,EVODEX-P7610,EVODEX-P7624,EVODEX-P7634,EVODEX-P7664,EVODEX-P7689,EVODEX-P7724,EVODEX-P7745,EVODEX-P7837,EVODEX-P7864,EVODEX-P7873,EVODEX-P7982,EVODEX-P8073,EVODEX-P8085,EVODEX-P8114,EVODEX-P8132,EVODEX-P8142,EVODEX-P8411,EVODEX-P8452,EVODEX-P8582,EVODEX-P8621,EVODEX-P9055"
EVODEX-N1020,O=[O:45].[H][C:49](:[C:48]):[C:50]>>[H][O:45][C:49](:[C:48]):[C:50],"EVODEX-P4438,EVODEX-P4443,EVODEX-P4528,EVODEX-P4538,EVODEX-P4543,EVODEX-P4548,EVODEX-P6109,EVODEX-P6123,EVODEX-P6137,EVODEX-P6387,EVODEX-P6397,EVODEX-P6486,EVODEX-P6551,EVODEX-P6564,EVODEX-P6592,EVODEX-P6600,EVODEX-P6610,EVODEX-P6620,EVODEX-P6649,EVODEX-P6671,EVODEX-P6680,EVODEX-P6725,EVODEX-P6741,EVODEX-P6751,EVODEX-P6779,EVODEX-P6789,EVODEX-P6855,EVODEX-P6870,EVODEX-P6962,EVODEX-P6988,EVODEX-P7030,EVODEX-P7053,EVODEX-P7063,EVODEX-P7076,EVODEX-P7311,EVODEX-P7534,EVODEX-P7607,EVODEX-P7622,EVODEX-P7632,EVODEX-P7662,EVODEX-P7687,EVODEX-P7722,EVODEX-P7742,EVODEX-P7835,EVODEX-P7863,EVODEX-P7871,EVODEX-P7980,EVODEX-P8070,EVODEX-P8083,EVODEX-P8111,EVODEX-P8133,EVODEX-P8143,EVODEX-P8408,EVODEX-P8450,EVODEX-P8583,EVODEX-P8622,EVODEX-P9054,EVODEX-P9073,EVODEX-P9076"
EVODEX-N1021,[H]O[O:15][H:30]>>[H]OC(=O)[C@@]([H])(N([H])[H])C([H])([H])C1:C([H]):C(C([H])([H])[H]):C(O[H]):C([O:15][H:30]):C:1[H],EVODEX-P4439
EVODEX-N1022,>>[H]OC(=O)[C@@]([H])(N([H])[H])C([H])([H])C1:C([H]):C:C(O[H]):C(C([H])([H])[H]):C:1[H].[H],EVODEX-P4441
EVODEX-N1023,[H]O[O:10][H:20]>>[H]OC1:C(OC([H])([H])[H]):C([H]):C([H]):C([H]):C:1[O:10][H:20],EVODEX-P4444
EVODEX-N1024,>>[H]OC1:C:C([H]):C([H]):C([H]):C:1OC([H])([H])[H].[H],EVODEX-P4446
EVODEX-N1025,[H]O[O:5][C:2].[H][S:36][C:35].[H][S:16][C:15]>>[H][O:5][C:2].[C:15][S:16][S:36][C:35],"EVODEX-P4449,EVODEX-P31736,EVODEX-P31743"
EVODEX-N1026,[H]O[O:5][C:2]>>[H][O:5][C:2],"EVODEX-P4450,EVODEX-P4486,EVODEX-P31737,EVODEX-P31744"
EVODEX-N1027,[H]C([H])([H])C(O[O:6][H:56])(C([H])([H])[H])C([H])([H])[H].[H][S:36][C:35].[H][S:16][C:15]>>[C:15][S:16][S:36][C:35].[H][O:6][H:56],EVODEX-P4451
EVODEX-N1028,[H]C([H])([H])C(O[O:6][H:56])(C([H])([H])[H])C([H])([H])[H]>>[H][O:6][H:56],EVODEX-P4452
EVODEX-N1029,[H][O:2][O:1].[H][C:8]1:[N:7]([H:17]):[C:6](:[C:5]):[C:10](:[C:11]):[C:9]:1[H:19]>>[H][C:9]1([H:19])[C:8](=[O:2])[N:7]([H:17])[C:6](:[C:5]):[C:10]1:[C:11].[H][O:1],EVODEX-P4454
EVODEX-N1030,[H]O[O:2][H].[H][C:8]1:[N:7]([H:17]):[C:6](:[C:5]):[C:10](:[C:11]):[C:9]:1[H:19]>>[H][C:9]1([H:19])[C:8](=[O:2])[N:7]([H:17])[C:6](:[C:5]):[C:10]1:[C:11],EVODEX-P4455
EVODEX-N1031,[H][C:8]1:[N:7]([H:17]):[C:6](:[C:5]):[C:10](:[C:11]):[C:9]:1[H:19]>>[H][C:9]1([H:19])[C:8](=O)[N:7]([H:17])[C:6](:[C:5]):[C:10]1:[C:11],EVODEX-P4456
EVODEX-N1032,[H]O[O:2][H]>>[H]C1:C([H]):C([H]):C2:C(:C:1[H])N([H])C(=[O:2])C2([H])[H],EVODEX-P4457
EVODEX-N1033,[H][O:2][O:1]>>[H]C1:C([H]):C([H]):C2:C(:C:1[H])N([H])C(=[O:2])C2([H])[H].[H][O:1],EVODEX-P4458
EVODEX-N1034,[H][I:1].[H][C:4](:[C:3]):[C:5]>>[I:1][C:4](:[C:3]):[C:5].[H].[H],"EVODEX-P4459,EVODEX-P4462,EVODEX-P4474,EVODEX-P4475"
EVODEX-N1035,[H][I:1]>>[H]C1:C([I:1]):C(=O):N([H]):C(=O):N:1[H].[H].[H],"EVODEX-P4460,EVODEX-P4461"
EVODEX-N1036,[H][C:4](:[C:3]):[C:5]>>I[C:4](:[C:3]):[C:5].[H].[H],"EVODEX-P4463,EVODEX-P4464,EVODEX-P4478,EVODEX-P4479"
EVODEX-N1037,[H]O[O:1][H:12].[H][O:3][C:4]1:[C:5]([H:15]):[C:6]([H:16]):[C:7]([H:17]):[C:8]([O:9]):[C:10]:1[O:11][H]>>[O:3]=[C:4]1[C:5]([H:15])=[C:6]([H:16])[C:7]([H:17])=[C:8]([O:9])[C:10]1=[O:11].[H][O:1][H:12],EVODEX-P4465
EVODEX-N1038,[H][O:3][C:4]1:[C:5]([H:15]):[C:6]([H:16]):[C:7]([H:17]):[C:8]([O:9]):[C:10]:1[O:11][H]>>[O:3]=[C:4]1[C:5]([H:15])=[C:6]([H:16])[C:7]([H:17])=[C:8]([O:9])[C:10]1=[O:11],EVODEX-P4466
EVODEX-N1039,[H]O[O:1][H:11].[H][O:3][C:4]1:[C:5]([H:14]):[C:6]([H:15]):[C:7]([H:16]):[C:8]([H:17]):[C:9]:1[O:10][H]>>[O:3]=[C:4]1[C:5]([H:14])=[C:6]([H:15])[C:7]([H:16])=[C:8]([H:17])[C:9]1=[O:10].[H][O:1][H:11],EVODEX-P4467
EVODEX-N1040,[H][O:3][C:4]1:[C:5]([H:14]):[C:6]([H:15]):[C:7]([H:16]):[C:8]([H:17]):[C:9]:1[O:10][H]>>[O:3]=[C:4]1[C:5]([H:14])=[C:6]([H:15])[C:7]([H:16])=[C:8]([H:17])[C:9]1=[O:10],EVODEX-P4468
EVODEX-N1041,.[H][O:1][C:2]1([H])[C:3]=[C:4][C:5]([H])([O:6][H])[C:7]=[C:8]1>>[O:1]=[C:2]1[C:3]=[C:4][C:5](=[O:6])[C:7]=[C:8]1.[H].[H].[H].[H],"EVODEX-P4470,EVODEX-P4471"
EVODEX-N1042,[H][S:10][C:9]>>[H]OC(=O)[C@@]([H])(N([H])[H])C([H])([H])C([H])([H])C(=O)N([H])[C@]([H])(C(=O)N([H])C([H])([H])C(=O)N([H])[H])C([H])([H])S[S:10][C:9],EVODEX-P4473
EVODEX-N1043,[H][I:1]>>[H]C1:N:N([H]):C([H]):C:1[I:1],"EVODEX-P4476,EVODEX-P4477"
EVODEX-N1044,[C:2][S:4][C:5].[H][O:25][O:24]>>[C:2][S@:4]([C:5])=[O:25].[H][O:24],"EVODEX-P4480,EVODEX-P6775,EVODEX-P6889,EVODEX-P7428,EVODEX-P7883,EVODEX-P7893,EVODEX-P7997"
EVODEX-N1045,[C:2][S:4][C:5].[H]O[O:25][H]>>[C:2][S@:4]([C:5])=[O:25],"EVODEX-P4481,EVODEX-P6250,EVODEX-P6773,EVODEX-P6887,EVODEX-P7426,EVODEX-P7881,EVODEX-P7891,EVODEX-P7995"
EVODEX-N1046,[H]O[O:25][H]>>[H]OC(=O)[C@]1([H])N2C(=O)[C@@]([H])(N([H])C(=O)C([H])([H])C3:C([H]):C([H]):C([H]):C([H]):C:3[H])[C@@]2([H])[S@](=[O:25])C1(C([H])([H])[H])C([H])([H])[H],EVODEX-P4482
EVODEX-N1047,[C:1][S:2][C:3]>>O=[S:2]([C:1])[C:3],"EVODEX-P4483,EVODEX-P6251,EVODEX-P6768,EVODEX-P6882,EVODEX-P7421,EVODEX-P7876,EVODEX-P7886,EVODEX-P7990"
EVODEX-N1048,[H][O:25][O:24]>>[H]OC(=O)[C@]1([H])N2C(=O)[C@@]([H])(N([H])C(=O)C([H])([H])C3:C([H]):C([H]):C([H]):C([H]):C:3[H])[C@@]2([H])[S@](=[O:25])C1(C([H])([H])[H])C([H])([H])[H].[H][O:24],EVODEX-P4484
EVODEX-N1049,[H]/C(=C(\[H])C([H])([H])C([H])([H])C([H])([H])C([H])([H])C([H])([H])C([H])([H])C([H])([H])C([H])([H])[H])C([H])([H])C([H])([H])C([H])([H])C([H])([H])C([H])([H])C([H])([H])C([H])([H])C(=O)O[O:21][H:103]>>[H][O:21][H:103],EVODEX-P4487
EVODEX-N1050,[H][C@@:2]([C:1])([O:3][H])[C:4].[H]O[O:10][H:21]>>[C:1][C:2](=[O:3])[C:4].[H][O:10][H:21],"EVODEX-P4491,EVODEX-P5891,EVODEX-P5938"
EVODEX-N1051,[H][C:15]([C:14])([C:16])[H:104].[O:78]=[O:79]>>[H][O:78][C@@:15]([C:14])([C:16])[H:104].[H][O:79][H],"EVODEX-P4495,EVODEX-P4503,EVODEX-P4510,EVODEX-P4532,EVODEX-P7398,EVODEX-P7408,EVODEX-P7448,EVODEX-P7488,EVODEX-P7528,EVODEX-P7654,EVODEX-P7777,EVODEX-P7847,EVODEX-P8207,EVODEX-P8217,EVODEX-P8233,EVODEX-P8243,EVODEX-P8273,EVODEX-P8283,EVODEX-P8293,EVODEX-P8343,EVODEX-P8363,EVODEX-P8482,EVODEX-P8505,EVODEX-P8530,EVODEX-P8540,EVODEX-P8550,EVODEX-P8594,EVODEX-P8634,EVODEX-P8644,EVODEX-P8655,EVODEX-P8666,EVODEX-P8720,EVODEX-P8730,EVODEX-P8974,EVODEX-P8984,EVODEX-P8994,EVODEX-P9004"
EVODEX-N1052,[H][C:6]([C:5])([C:7])[H:34].O=[O:21]>>[H][O:21][C@@:6]([C:5])([C:7])[H:34],"EVODEX-P4496,EVODEX-P4511,EVODEX-P4512,EVODEX-P4533,EVODEX-P5107,EVODEX-P5125,EVODEX-P5139,EVODEX-P5153,EVODEX-P5167,EVODEX-P5195,EVODEX-P5209,EVODEX-P5251,EVODEX-P5265,EVODEX-P5279,EVODEX-P5293,EVODEX-P5307,EVODEX-P5341,EVODEX-P5355,EVODEX-P5369,EVODEX-P5383,EVODEX-P5457,EVODEX-P5471,EVODEX-P5485,EVODEX-P5527,EVODEX-P5541,EVODEX-P5555,EVODEX-P5629,EVODEX-P5654,EVODEX-P5668,EVODEX-P5842,EVODEX-P5856,EVODEX-P5870,EVODEX-P5884,EVODEX-P5967,EVODEX-P5995,EVODEX-P6009,EVODEX-P6046,EVODEX-P6067,EVODEX-P6084,EVODEX-P6095,EVODEX-P6151,EVODEX-P6165,EVODEX-P6264,EVODEX-P6278,EVODEX-P7396,EVODEX-P7406,EVODEX-P7446,EVODEX-P7486,EVODEX-P7526,EVODEX-P7652,EVODEX-P7775,EVODEX-P7845,EVODEX-P8205,EVODEX-P8215,EVODEX-P8231,EVODEX-P8241,EVODEX-P8271,EVODEX-P8281,EVODEX-P8291,EVODEX-P8341,EVODEX-P8361,EVODEX-P8480,EVODEX-P8503,EVODEX-P8528,EVODEX-P8538,EVODEX-P8548,EVODEX-P8595,EVODEX-P8632,EVODEX-P8642,EVODEX-P8653,EVODEX-P8664,EVODEX-P8718,EVODEX-P8728,EVODEX-P8972,EVODEX-P8982,EVODEX-P8992,EVODEX-P9002"
EVODEX-N1053,[H]O[O:9][H:21]>>[H]C1:C([H]):C([H]):C(C([H])(C([H])([H])[H])[O:9][H:21]):C([H]):C:1[H],EVODEX-P4497
EVODEX-N1054,[H][C:6]([C:5])([C:7])[H:34]>>[H]O[C@@:6]([C:5])([C:7])[H:34],"EVODEX-P4498,EVODEX-P4500,EVODEX-P4504,EVODEX-P4514,EVODEX-P4535,EVODEX-P5108,EVODEX-P5126,EVODEX-P5140,EVODEX-P5154,EVODEX-P5168,EVODEX-P5196,EVODEX-P5210,EVODEX-P5252,EVODEX-P5266,EVODEX-P5280,EVODEX-P5294,EVODEX-P5308,EVODEX-P5342,EVODEX-P5356,EVODEX-P5370,EVODEX-P5384,EVODEX-P5458,EVODEX-P5472,EVODEX-P5486,EVODEX-P5528,EVODEX-P5542,EVODEX-P5556,EVODEX-P5625,EVODEX-P5655,EVODEX-P5669,EVODEX-P5843,EVODEX-P5857,EVODEX-P5871,EVODEX-P5885,EVODEX-P5968,EVODEX-P5996,EVODEX-P6010,EVODEX-P6056,EVODEX-P6068,EVODEX-P6080,EVODEX-P6096,EVODEX-P6152,EVODEX-P6166,EVODEX-P6265,EVODEX-P6279,EVODEX-P7391,EVODEX-P7401,EVODEX-P7441,EVODEX-P7481,EVODEX-P7521,EVODEX-P7647,EVODEX-P7770,EVODEX-P7840,EVODEX-P8200,EVODEX-P8210,EVODEX-P8226,EVODEX-P8236,EVODEX-P8266,EVODEX-P8276,EVODEX-P8286,EVODEX-P8336,EVODEX-P8356,EVODEX-P8475,EVODEX-P8498,EVODEX-P8523,EVODEX-P8533,EVODEX-P8543,EVODEX-P8587,EVODEX-P8633,EVODEX-P8643,EVODEX-P8654,EVODEX-P8665,EVODEX-P8713,EVODEX-P8723,EVODEX-P8967,EVODEX-P8977,EVODEX-P8987,EVODEX-P8997,EVODEX-P9134,EVODEX-P9156,EVODEX-P9179,EVODEX-P16904,EVODEX-P16912,EVODEX-P20989,EVODEX-P21003,EVODEX-P21007,EVODEX-P21032"
EVODEX-N1055,>>[H]C(C1:C([H]):C([H]):C([H]):C([H]):C:1[H])C([H])([H])[H].[H],EVODEX-P4499
EVODEX-N1056,[H]O[O:30][H:82]>>[H]OC(=O)C([H])([H])C([H])([H])C([H])([H])C([H])([H])C([H])([H])C([H])([H])C([H])([H])C([H])([H])C([H])C([H])([H])C([H])([H])[H].[H][O:30][H:82].[H],EVODEX-P4501
EVODEX-N1057,[H][C:16]([C:15])([C:17])[H:36].[O:29]([O:30])[H:81].[H]O[O:31][H:83]>>[C:15][C:16]([C:17])([O:29][H:81])[H:36].[H]OC(=O)C([H])([H])C([H])([H])C([H])([H])C([H])([H])C([H])([H])C([H])([H])C([H])([H])C([H])([H])C([H])(C([H])([H])C([H])([H])[H])[O:31][H:83].[H][O:30],EVODEX-P4502
EVODEX-N1058,.[H]O[O:31][H:83]>>[H]OC(=O)C([H])([H])C([H])([H])C([H])([H])C([H])([H])C([H])([H])C([H])([H])C([H])([H])C([H])([H])C([H])([H])C([H])C([H])([H])[H].[H]OC(=O)C([H])([H])C([H])([H])C([H])([H])C([H])([H])C([H])([H])C([H])([H])C([H])([H])C([H])([H])C([H])(C([H])([H])C([H])([H])[H])[O:31][H:83].[H],EVODEX-P4505
EVODEX-N1059,[H][C:3]([C:2])([C:4])[H:62].[H]O[O:29][H:81].[H]O[O:31][H:83]>>[H]OC(=O)C([H])([H])C([H])([H])C([H])([H])C([H])([H])C([H])([H])C([H])([H])C([H])([H])C([H])([H])C([H])([H])C([H])(C([H])([H])[H])[O:29][H:81].[C:2][C:3]([C:4])([O:31][H:83])[H:62],EVODEX-P4506
EVODEX-N1060,[H]O[O:29][H:81]>>[H]OC(=O)C([H])([H])C([H])([H])C([H])([H])C([H])([H])C([H])([H])C([H])([H])C([H])([H])C([H])([H])C([H])([H])C([H])(C([H])([H])[H])[O:29][H:81],EVODEX-P4507
EVODEX-N1061,[H]O[O:29][H:81].[H]O[O:31][H:83]>>[H]OC(=O)C([H])([H])C([H])([H])C([H])([H])C([H])([H])C([H])([H])C([H])([H])C([H])([H])C([H])([H])C([H])([H])C([H])(C([H])([H])[H])[O:29][H:81].[H]OC(=O)C([H])([H])C([H])([H])C([H])([H])C([H])([H])C([H])([H])C([H])([H])C([H])([H])C([H])([H])C([H])(C([H])([H])C([H])([H])[H])[O:31][H:83],EVODEX-P4508
EVODEX-N1062,>>[H]OC(=O)C([H])([H])C([H])([H])C([H])([H])C([H])([H])C([H])([H])C([H])([H])C([H])([H])C([H])([H])C([H])([H])C([H])C([H])([H])[H].[H],EVODEX-P4509
EVODEX-N1063,[H]O[O:31][H:83]>>[H]OC(=O)C([H])([H])C([H])([H])C([H])([H])C([H])([H])C([H])([H])C([H])([H])C([H])([H])C([H])([H])C([H])(C([H])([H])C([H])([H])[H])[O:31][H:83],EVODEX-P4513
EVODEX-N1064,[H][S:3][C:2].[O:4][O:5][H:8]>>[C:2][S:3][O:5][H:8].[H][O:4],EVODEX-P4515
EVODEX-N1065,[H][S:3][C:2].[H]O[O:5][H:8]>>[C:2][S:3][O:5][H:8],EVODEX-P4516
EVODEX-N1066,[H]O[O:5][H:8]>>N#CS[O:5][H:8],EVODEX-P4517
EVODEX-N1067,[H][S:3][C:2]>>[H]O[S:3][C:2],EVODEX-P4518
EVODEX-N1068,>>N#CS.[H],EVODEX-P4519
EVODEX-N1069,[H][O:10][C:9]1:[C:8]([H:27]):[C:7]([H:26]):[C:6]([C:5]):[C:13]([H:30]):[C:11]:1[O:12][H].[H]O[O:23][H:35]>>[C:5][C:6]1=[C:13]([H:30])[C:11](=[O:12])[C:9](=[O:10])[C:8]([H:27])=[C:7]1[H:26].[H][O:23][H:35],EVODEX-P4520
EVODEX-N1070,[H][O:10][C:9]1:[C:8]([H:27]):[C:7]([H:26]):[C:6]([C:5]):[C:13]([H:30]):[C:11]:1[O:12][H]>>[C:5][C:6]1=[C:13]([H:30])[C:11](=[O:12])[C:9](=[O:10])[C:8]([H:27])=[C:7]1[H:26],EVODEX-P4521
EVODEX-N1071,[C:5]/[C:6](=[C:7](\[C:8])[H:37])[H:36].[H][O:23][O:24]>>[C:5][C:6]1([H:36])[C:7]([C:8])([H:37])[O:23]1.[H][O:24],EVODEX-P4522
EVODEX-N1072,[C:5]/[C:6](=[C:7](\[C:8])[H:37])[H:36].[H]O[O:23][H]>>[C:5][C:6]1([H:36])[C:7]([C:8])([H:37])[O:23]1,"EVODEX-P4523,EVODEX-P5643,EVODEX-P8953"
EVODEX-N1073,[H]O[O:23][H]>>[H]OO[C@]([H])(/C([H])=C(\[H])C1([H])C([H])(C([H])([H])C([H])([H])C([H])([H])C([H])([H])C([H])([H])[H])[O:23]1)C([H])([H])C([H])([H])C([H])([H])C([H])([H])C([H])([H])C([H])([H])C([H])([H])C(=O)O[H],EVODEX-P4524
EVODEX-N1074,[C:5]/[C:6](=[C:7](\[C:8])[H:37])[H:36]>>O1[C:6]([C:5])([H:36])[C:7]1([C:8])[H:37],"EVODEX-P4525,EVODEX-P5639,EVODEX-P8954"
EVODEX-N1075,[H][O:23][O:24]>>[H]OO[C@]([H])(/C([H])=C(\[H])C1([H])C([H])(C([H])([H])C([H])([H])C([H])([H])C([H])([H])C([H])([H])[H])[O:23]1)C([H])([H])C([H])([H])C([H])([H])C([H])([H])C([H])([H])C([H])([H])C([H])([H])C(=O)O[H].[H][O:24],EVODEX-P4526
EVODEX-N1076,[H]O[O:1][H:12]>>[H]C1:C([H]):C([H]):C2:C(:C:1[H]):C([O:1][H:12]):C([H]):N:2[H],EVODEX-P4530
EVODEX-N1077,>>[H]C1:C([H]):C([H]):C2:C(:C:C([H]):N:2[H]):C:1[H].[H],"EVODEX-P4531,EVODEX-P30321,EVODEX-P30689"
EVODEX-N1078,[H]O[O:17][H:47]>>[H]OC(=O)C([H])(C([H])([H])C([H])([H])C([H])([H])C([H])([H])C([H])([H])C([H])([H])C([H])([H])C([H])([H])C([H])([H])C([H])([H])C([H])([H])C([H])([H])[H])[O:17][H:47],EVODEX-P4534
EVODEX-N1079,>>[H]OC(=O)C([H])C([H])([H])C([H])([H])C([H])([H])C([H])([H])C([H])([H])C([H])([H])C([H])([H])C([H])([H])C([H])([H])C([H])([H])C([H])([H])C([H])([H])[H].[H],"EVODEX-P4536,EVODEX-P19309"
EVODEX-N1080,[H]O[O:13][H:25]>>[H]C1:C([H]):C([H]):C2:C([O:13][H:25]):C([H]):C([H]):C(OC([H])([H])[H]):C:2:C:1[H],EVODEX-P4539
EVODEX-N1081,>>[H]C1:C:C2:C([H]):C([H]):C([H]):C([H]):C:2:C(OC([H])([H])[H]):C:1[H].[H],EVODEX-P4541
EVODEX-N1082,[H]O[O:14][H:27]>>[H]OC(=O)[C@@]([H])(N([H])[H])C([H])([H])C1:C([H]):C([H]):C(O[H]):C([O:14][H:27]):C:1[H],EVODEX-P4544
EVODEX-N1083,>>[H]OC(=O)[C@@]([H])(N([H])[H])C([H])([H])C1:C([H]):C:C(O[H]):C([H]):C:1[H].[H],"EVODEX-P4546,EVODEX-P16502"
EVODEX-N1084,[H]O[O:9][H:19]>>[H]OC1:C([H]):C([H]):C(C([H])([H])[H]):C([H]):C:1[O:9][H:19],EVODEX-P4549
EVODEX-N1085,>>[H]OC1:C:C([H]):C(C([H])([H])[H]):C([H]):C:1[H].[H],EVODEX-P4551
EVODEX-N1086,[O:1]=[O:2].[O:3][C:4]1:[C:5]([H:14]):[C:6]([Cl:7]):[C:8]([H:15]):[C:9]([Cl:10]):[C:11]:1[O:12]>>[O:1]=[C:4]([O:3])/[C:5](=[C:6]([Cl:7])\[C:8](=[C:9](\[Cl:10])[C:11](=[O:2])[O:12])[H:15])[H:14],EVODEX-P4552
EVODEX-N1087,[O:3][C:4]1:[C:5]([H:14]):[C:6]([Cl:7]):[C:8]([H:15]):[C:9]([Cl:10]):[C:11]:1[O:12]>>O=[C:4]([O:3])/[C:5](=[C:6]([Cl:7])\[C:8](=[C:9](\[Cl:10])[C:11](=O)[O:12])[H:15])[H:14],EVODEX-P4553
EVODEX-N1088,>>[H]OC/C([H])=C(Cl)\C([H])=C(\Cl)CO[H],EVODEX-P4554
EVODEX-N1089,[C:1][C:2]1:[C:3]([H:16]):[C:4]([O:5]):[C:6]([O:7]):[C:8]([Cl:9]):[C:10]:1[H:19].[O:11]=[O:12]>>[C:1][C:2](=[C:3](\[C:4]([O:5])=[O:11])[H:16])/[C:10](=[C:8](/[C:6]([O:7])=[O:12])[Cl:9])[H:19],EVODEX-P4555
EVODEX-N1090,>>[H]OC/C(Cl)=C([H])/C(=C(\[H])CO[H])C([H])([H])[H],EVODEX-P4556
EVODEX-N1091,[C:1][C:2]1:[C:3]([H:16]):[C:4]([O:5]):[C:6]([O:7]):[C:8]([Cl:9]):[C:10]:1[H:19]>>O=[C:4](/[C:3](=[C:2]([C:1])/[C:10](=[C:8](/[C:6](=O)[O:7])[Cl:9])[H:19])[H:16])[O:5],EVODEX-P4557
EVODEX-N1092,[O:1]=[O:2].[O:3][C:4]1:[C:5]([H:12]):[C:6]([H:13]):[C:7]([H:14]):[C:8]([H:15]):[C:9]:1[O:10]>>[O:1]=[C:4]([O:3])/[C:9](=[C:8]([C:7](=[C:6](/[C:5](=[O:2])[H:12])[H:13])\[H:14])/[H:15])[O:10],EVODEX-P4558
EVODEX-N1093,[O:3][C:4]1:[C:5]([H:12]):[C:6]([H:13]):[C:7]([H:14]):[C:8]([H:15]):[C:9]:1[O:10]>>O=[C:4]([O:3])/[C:9](=[C:8]([C:7](=[C:6](/[C:5](=O)[H:12])[H:13])\[H:14])/[H:15])[O:10],EVODEX-P4559
EVODEX-N1094,>>[H]C/C([H])=C([H])\C([H])=C(/CO[H])O[H],EVODEX-P4560
EVODEX-N1095,[C:1][C:2]1:[C:3]([H:16]):[C:4]([C:5]):[C:6]([O:7]):[C:8]([O:9]):[C:10]:1[H:22].[O:11]=[O:12]>>[C:1]/[C:2](=[C:3]([C:4](\[C:5])=[C:6](/[O:7])[C:8]([O:9])=[O:11])/[H:16])[C:10](=[O:12])[H:22],EVODEX-P4561
EVODEX-N1096,>>[H]C/C(=C([H])/C(=C(/CO[H])O[H])C([H])([H])[H])C([H])([H])[H],EVODEX-P4562
EVODEX-N1097,[C:1][C:2]1:[C:3]([H:16]):[C:4]([C:5]):[C:6]([O:7]):[C:8]([O:9]):[C:10]:1[H:22]>>O=[C:8](/[C:6](=[C:4]([C:3](=[C:2](\[C:1])[C:10](=O)[H:22])/[H:16])\[C:5])[O:7])[O:9],EVODEX-P4563
EVODEX-N1098,[O:12]=[O:13].[C:2][C:4]1:[C:5]([H:15]):[C:6]([H:16]):[C:7]([O:8]):[C:9]([O:10]):[C:11]:1[H:19]>>[C:2][C:4](/[C:5](=[C:6](\[C:7]([O:8])=[O:12])[H:16])[H:15])=[C:11](/[C:9]([O:10])=[O:13])[H:19],"EVODEX-P4564,EVODEX-P4633"
EVODEX-N1099,[C:2][C:4]1:[C:5]([H:15]):[C:6]([H:16]):[C:7]([O:8]):[C:9]([O:10]):[C:11]:1[H:19]>>O=[C:7](/[C:6](=[C:5]([C:4](\[C:2])=[C:11](/[C:9](=O)[O:10])[H:19])/[H:15])[H:16])[O:8],"EVODEX-P4565,EVODEX-P4634"
EVODEX-N1100,>>[H]OC/C([H])=C([H])\C(C(=O)O[H])=C(\[H])CO[H],EVODEX-P4566
EVODEX-N1101,[O:13]=[O:14].[C:2][C:4]1:[C:5]([H:16]):[C:6]([O:7]):[C:8]([O:9]):[C:10]([F:11]):[C:12]:1[H:19]>>[C:2][C:4](=[C:5](/[C:6]([O:7])=[O:13])[H:16])/[C:12](=[C:10](\[C:8]([O:9])=[O:14])[F:11])[H:19],EVODEX-P4567
EVODEX-N1102,[C:2][C:4]1:[C:5]([H:16]):[C:6]([O:7]):[C:8]([O:9]):[C:10]([F:11]):[C:12]:1[H:19]>>O=[C:6](/[C:5](=[C:4]([C:2])\[C:12](=[C:10](/[C:8](=O)[O:9])[F:11])[H:19])[H:16])[O:7],EVODEX-P4568
EVODEX-N1103,>>[H]OC/C([H])=C(C(=O)O[H])\C([H])=C(\F)CO[H],EVODEX-P4569
EVODEX-N1104,[O:12]=[O:13].[H][O:7][C:6]1:[C:5]([H:15]):[C:4]([C:2]):[C:10]([O:11]):[C:9]([H:18]):[C:8]:1[H:17]>>[H][C:5]([C:4]([C:2])=[O:13])([C:6](=[O:7])/[C:8](=[C:9](\[C:10]([O:11])=[O:12])[H:18])[H:17])[H:15],"EVODEX-P4570,EVODEX-P4576,EVODEX-P4836"
EVODEX-N1105,[H][O:7][C:6]1:[C:5]([H:15]):[C:4]([C:2]):[C:10]([O:11]):[C:9]([H:18]):[C:8]:1[H:17]>>[H][C:5]([C:4](=O)[C:2])([C:6](=[O:7])/[C:8](=[C:9](\[C:10](=O)[O:11])[H:18])[H:17])[H:15],"EVODEX-P4571,EVODEX-P4577,EVODEX-P4838"
EVODEX-N1106,>>[H]OC/C([H])=C(/[H])C(=O)C([H])([H])CC(=O)O[H],EVODEX-P4572
EVODEX-N1107,[O:11]=[O:12].[C:2][C:4]1:[C:5]([H:14]):[C:6]([H:15]):[C:7]([H:16]):[C:8]([H:17]):[C:9]:1[O:10]>>[C:2][C:4](/[C:5](=[C:6]([C:7](=[C:8](/[C:9]([O:10])=[O:12])[H:17])/[H:16])\[H:15])[H:14])=[O:11],"EVODEX-P4573,EVODEX-P4699"
EVODEX-N1108,[C:2][C:4]1:[C:5]([H:14]):[C:6]([H:15]):[C:7]([H:16]):[C:8]([H:17]):[C:9]:1[O:10]>>O=[C:4]([C:2])/[C:5](=[C:6]([C:7](=[C:8](/[C:9](=O)[O:10])[H:17])/[H:16])\[H:15])[H:14],"EVODEX-P4574,EVODEX-P4700"
EVODEX-N1109,>>[H]OC/C([H])=C([H])/C([H])=C(\[H])CC(=O)O[H],EVODEX-P4575
EVODEX-N1110,>>[H]OC/C([H])=C(/[H])C(=O)C([H])([H])CC([H])([H])C(=O)O[H],EVODEX-P4578
EVODEX-N1111,[N:1][C:2]1:[C:3]([O:4]):[C:5]([H:17]):[C:6]([H:18]):[C:7]([H:19]):[C:8]:1[C:9].[O:12]=[O:13]>>[N:1]/[C:2]([C:3]([O:4])=[O:12])=[C:8]([C:7](=[C:6](\[C:5](=[O:13])[H:17])[H:18])/[H:19])\[C:9],EVODEX-P4579
EVODEX-N1112,>>[H]C/C([H])=C([H])\C(C(=O)O[H])=C(/CO[H])N([H])[H],EVODEX-P4580
EVODEX-N1113,[N:1][C:2]1:[C:3]([O:4]):[C:5]([H:17]):[C:6]([H:18]):[C:7]([H:19]):[C:8]:1[C:9]>>O=[C:3](/[C:2]([N:1])=[C:8]([C:7](=[C:6](/[C:5](=O)[H:17])[H:18])\[H:19])/[C:9])[O:4],EVODEX-P4581
EVODEX-N1114,[H]OC(=O)C(/C([H])=C(/[H])C([H])=[O:10])=C(/C(O[H])=[O:4])N([H])[H]>>[O:4]=[O:10],EVODEX-P4582
EVODEX-N1115,[N:1]/[C:2]([C:3](=[O:4])[O:5])=[C:6]([C:7](=[C:8](\[C:9](=[O:10])[H:19])[H:18])/[H:17])\[C:11]>>[N:1][C:2]1:[C:3]([O:5]):[C:9]([H:19]):[C:8]([H:18]):[C:7]([H:17]):[C:6]:1[C:11].[O:4]=[O:10],EVODEX-P4583
EVODEX-N1116,O=[C:3](/[C:2]([N:1])=[C:6]([C:7](=[C:8](/[C:9](=O)[H:19])[H:18])\[H:17])/[C:11])[O:5]>>[N:1][C:2]1:[C:3]([O:5]):[C:9]([H:19]):[C:8]([H:18]):[C:7]([H:17]):[C:6]:1[C:11],EVODEX-P4584
EVODEX-N1117,[O:12]=[O:13].[C:2][C:4]1:[C:5]([H:15]):[C:6]([H:16]):[C:7]([O:8]):[C:9]([O:10]):[C:11]:1[H:19]>>[C:2][C:4](=[C:5](/[C:6](=[O:12])[H:16])[H:15])/[C:11](=[C:9](\[C:7]([O:8])=[O:13])[O:10])[H:19],"EVODEX-P4585,EVODEX-P4657"
EVODEX-N1118,[C:2][C:4]1:[C:5]([H:15]):[C:6]([H:16]):[C:7]([O:8]):[C:9]([O:10]):[C:11]:1[H:19]>>O=[C:6](/[C:5](=[C:4]([C:2])\[C:11](=[C:9](/[C:7](=O)[O:8])[O:10])[H:19])[H:15])[H:16],"EVODEX-P4586,EVODEX-P4659"
EVODEX-N1119,>>[H]C/C([H])=C(C(=O)O[H])\C([H])=C(/CO[H])O[H],EVODEX-P4587
EVODEX-N1120,[O:1]=[O:2].[S:4][C:7]1:[C:8]([H:16]):[C:9]([H:17]):[C:10]([O:11]):[C:12]([O:13]):[C:14]:1[H:20]>>[O:1]=[C:9](/[C:8](=[C:7]([S:4])/[C:14](=[C:12](/[C:10](=[O:2])[O:11])[O:13])[H:20])[H:16])[H:17],EVODEX-P4588
EVODEX-N1121,[S:4][C:7]1:[C:8]([H:16]):[C:9]([H:17]):[C:10]([O:11]):[C:12]([O:13]):[C:14]:1[H:20]>>O=[C:9](/[C:8](=[C:7]([S:4])/[C:14](=[C:12](/[C:10](=O)[O:11])[O:13])[H:20])[H:16])[H:17],EVODEX-P4589
EVODEX-N1122,>>[H]C/C([H])=C(C(/[H])=C(/CO[H])O[H])\S(=O)(=O)O[H],EVODEX-P4590
EVODEX-N1123,[C:3][C:4]1:[C:5]([H:23]):[N:6]([H:24]):[C:7](:[C:8]):[C:12]:1:[C:11].[O:16]=[O:17]>>[C:3][C:4]([C:12](:[C:7]([N:6]([C:5](=[O:17])[H:23])[H:24]):[C:8]):[C:11])=[O:16],"EVODEX-P4591,EVODEX-P4639,EVODEX-P4757"
EVODEX-N1124,>>[H]CN([H])C1:C([H]):C([H]):C([H]):C([H]):C:1CC([H])([H])[C@@]([H])(C(=O)O[H])N([H])[H],EVODEX-P4592
EVODEX-N1125,[C:3][C:4]1:[C:5]([H:23]):[N:6]([H:24]):[C:7](:[C:8]):[C:12]:1:[C:11]>>O=[C:4]([C:3])[C:12](:[C:7]([N:6]([C:5](=O)[H:23])[H:24]):[C:8]):[C:11],"EVODEX-P4593,EVODEX-P4641,EVODEX-P4759"
EVODEX-N1126,[O:43]=[O:44]>>[H]OC(=O)C([H])([H])C([H])([H])C([H])([H])C([H])([H])C([H])([H])C([H])([H])C([H])([H])C([H])(/C([H])=C([H])/C([H])=C(/[H])C([H])([H])C([H])([H])C([H])([H])C([H])([H])C([H])([H])[H])[O:43][O:44][H],EVODEX-P4594
EVODEX-N1127,[H][C:8]([C:7])(/[C:9](=[C:10](\[C:11])[H:61])[H:60])[H:58].[H][C:28](/[C:27](=[C:26](\[C:25])[H:88])[H:89])([C:29])[H:90].[O:41]=[O:42]>>[H]OO[C:10](/[C:9](=[C:8](/[C:7])[H:58])[H:60])([C:11])[H:61].[H][O:41][O:42][C:26]([C:25])([C:27](=[C:28]([C:29])[H:90])[H:89])[H:88],"EVODEX-P4595,EVODEX-P4601,EVODEX-P4602,EVODEX-P4663,EVODEX-P4666,EVODEX-P4669,EVODEX-P4672,EVODEX-P4702,EVODEX-P4705,EVODEX-P4782,EVODEX-P4808,EVODEX-P4811,EVODEX-P4912"
EVODEX-N1128,[H][C:11](/[C:10](=[C:9](\[C:8])[H:40])[H:41])([C:12])[H:42]>>[H]OO[C@@:9]([C:8])(/[C:10](=[C:11](/[C:12])[H:42])[H:41])[H:40],"EVODEX-P4596,EVODEX-P4597,EVODEX-P4600,EVODEX-P4665,EVODEX-P4668,EVODEX-P4671,EVODEX-P4674,EVODEX-P4704,EVODEX-P4707,EVODEX-P4784,EVODEX-P4810,EVODEX-P4813,EVODEX-P4914"
EVODEX-N1129,[O:41]=[O:42]>>[H]OC(=O)C([H])([H])C([H])([H])C([H])([H])C([H])([H])C([H])([H])C([H])([H])C([H])([H])/C([H])=C(/[H])C([H])=C([H])C([H])(C([H])([H])C([H])([H])C([H])([H])C([H])([H])C([H])([H])[H])[O:42][O:41][H],EVODEX-P4598
EVODEX-N1130,[O:41]=[O:42].[O:43]=[O:44]>>[H]OC(=O)C([H])([H])C([H])([H])C([H])([H])C([H])([H])C([H])([H])C([H])([H])C([H])([H])C([H])(/C([H])=C([H])/C([H])=C(/[H])C([H])([H])C([H])([H])C([H])([H])C([H])([H])C([H])([H])[H])[O:43][O:44][H].[H]OC(=O)C([H])([H])C([H])([H])C([H])([H])C([H])([H])C([H])([H])C([H])([H])C([H])([H])/C([H])=C(/[H])C([H])=C([H])C([H])(C([H])([H])C([H])([H])C([H])([H])C([H])([H])C([H])([H])[H])[O:42][O:41][H],EVODEX-P4599
EVODEX-N1131,[O:13]=[O:14].[C:4][C:5]1:[C:6]([H:18]):[C:7]([H:19]):[C:8]([O:9]):[C:10]([O:11]):[C:12]:1[H:22]>>[C:4]/[C:5](=[C:6]([C:7](=[C:8](/[O:9])[C:10]([O:11])=[O:13])/[H:19])\[H:18])[C:12](=[O:14])[H:22],"EVODEX-P4603,EVODEX-P4606,EVODEX-P4660"
EVODEX-N1132,[C:4][C:5]1:[C:6]([H:18]):[C:7]([H:19]):[C:8]([O:9]):[C:10]([O:11]):[C:12]:1[H:22]>>O=[C:10](/[C:8](=[C:7]([C:6](=[C:5](\[C:4])[C:12](=O)[H:22])\[H:18])/[H:19])[O:9])[O:11],"EVODEX-P4604,EVODEX-P4607,EVODEX-P4662"
EVODEX-N1133,>>[H]C/C(=C([H])\C([H])=C(/CO[H])O[H])C([H])([H])C(=O)O[H],EVODEX-P4605
EVODEX-N1134,>>[H]C/C(=C([H])/C([H])=C(/CO[H])O[H])C([H])([H])C([H])([H])C(=O)O[H],EVODEX-P4608
EVODEX-N1135,[O:14]=[O:15].[C:5][C:6]1:[C:7]([H:21]):[C:8]([H:22]):[C:9]([H:23]):[C:10]([O:11]):[C:12]:1[O:13]>>[C:5][C:6](/[C:7](=[C:8]([C:9](=[C:10](\[O:11])[C:12]([O:13])=[O:15])\[H:23])/[H:22])[H:21])=[O:14],"EVODEX-P4609,EVODEX-P4612,EVODEX-P4696"
EVODEX-N1136,[C:5][C:6]1:[C:7]([H:21]):[C:8]([H:22]):[C:9]([H:23]):[C:10]([O:11]):[C:12]:1[O:13]>>O=[C:6]([C:5])/[C:7](=[C:8]([C:9](=[C:10](\[O:11])[C:12](=O)[O:13])\[H:23])/[H:22])[H:21],"EVODEX-P4610,EVODEX-P4614,EVODEX-P4697"
EVODEX-N1137,>>[H]OC/C(O[H])=C([H])\C([H])=C(\[H])CC([H])([H])C([H])([H])C(=O)O[H],EVODEX-P4611
EVODEX-N1138,>>[H]OC/C(O[H])=C([H])/C([H])=C(\[H])CC([H])([H])[H],EVODEX-P4613
EVODEX-N1139,[C:4]:[C:5]1:[N:6]([H:18]):[C:7]([H:19]):[C:8]([H:20]):[C:9]:1:[C:10].[O:11]=[O:12]>>[C:4]:[C:5]([N:6]([C:7](=[O:12])[H:19])[H:18]):[C:9]([C:8](=[O:11])[H:20]):[C:10],EVODEX-P4615
EVODEX-N1140,>>[H]CC1:C([H]):C(C([H])([H])[H]):C([H]):C([H]):C:1N([H])C[H],EVODEX-P4616
EVODEX-N1141,[C:4]:[C:5]1:[N:6]([H:18]):[C:7]([H:19]):[C:8]([H:20]):[C:9]:1:[C:10]>>O=[C:7]([N:6]([C:5](:[C:4]):[C:9]([C:8](=O)[H:20]):[C:10])[H:18])[H:19],EVODEX-P4617
EVODEX-N1142,[H][C:17]([C:16])=[O:18].[H][C:8]([C:7])=[O:9].[O:19]=[O:20]>>[H][O:20][C:17]([C:16])=[O:18].[H][O:19][C:8]([C:7])=[O:9],"EVODEX-P4618,EVODEX-P8019,EVODEX-P9025"
EVODEX-N1143,O=[O:19]>>[H]C1:C([H]):C([H]):C(N([H])[H]):C(C(=O)[O:19][H]):C:1[H],EVODEX-P4620
EVODEX-N1144,[H][S:4][C:3].[O:5]=[O:6]>>[H][O:6][S:4]([C:3])=[O:5],"EVODEX-P4621,EVODEX-P4624,EVODEX-P4627,EVODEX-P4630"
EVODEX-N1145,[O:5]=[O:6]>>[H]N([H])C([H])([H])C([H])([H])S(=[O:5])[O:6][H],EVODEX-P4622
EVODEX-N1146,[H][S:4][C:3]>>[H]O[S:4](=O)[C:3],"EVODEX-P4623,EVODEX-P4626,EVODEX-P4629,EVODEX-P4632"
EVODEX-N1147,[O:19]=[O:20]>>[H]OC([H])([H])C(C([H])([H])[H])(C([H])([H])[H])[C@@]([H])(O[H])C(=O)N([H])C([H])([H])C([H])([H])C(=O)N([H])C([H])([H])C([H])([H])S(=[O:19])[O:20][H],EVODEX-P4625
EVODEX-N1148,[O:8]=[O:9]>>[H]OC(=O)[C@@]([H])(N([H])[H])C([H])([H])S(=[O:8])[O:9][H],EVODEX-P4628
EVODEX-N1149,[O:7]=[O:8]>>[H]OC(=O)C([H])([H])C([H])([H])S(=[O:7])[O:8][H],EVODEX-P4631
EVODEX-N1150,>>[H]OC/C([H])=C(C(/[H])=C(\[H])CO[H])\C([H])=C(/[H])C(=O)O[H],EVODEX-P4635
EVODEX-N1151,[C:1][C:2]1:[C:3]([H:29]):[C:4]([H:30]):[C:5]([O:6]):[C:7]([O:8]):[C:9]:1[C:10].[O:24]=[O:25]>>[C:1]/[C:2](=[C:3]([C:4](=[C:5](\[O:6])[C:7]([O:8])=[O:24])/[H:30])\[H:29])[C:9]([C:10])=[O:25],EVODEX-P4636
EVODEX-N1152,>>[H]OC/C(O[H])=C([H])/C([H])=C(\CC([H])([H])C([H])([H])[C@]1([H])C(=O)C([H])([H])C([H])([H])[C@]2(C([H])([H])[H])C(=O)C([H])([H])C([H])([H])[C@]21[H])C([H])([H])[H],EVODEX-P4637
EVODEX-N1153,[C:1][C:2]1:[C:3]([H:29]):[C:4]([H:30]):[C:5]([O:6]):[C:7]([O:8]):[C:9]:1[C:10]>>O=[C:7](/[C:5](=[C:4]([C:3](=[C:2](/[C:1])[C:9](=O)[C:10])/[H:29])\[H:30])[O:6])[O:8],EVODEX-P4638
EVODEX-N1154,>>[H]CN([H])C1:C([H]):C([H]):C([H]):C([H]):C:1CC([H])([H])C([H])(C(=O)O[H])N([H])C(=O)C([H])([H])[H],EVODEX-P4640
EVODEX-N1155,[O:14]=[O:15].[H][O:3][C:2](=[O:1])[C:4](=[O:5])[C:6][C:7]:[C:8]([H]):[C:9]>>[H][O:14][C:8](:[C:7][C:6][C:4](=[O:5])[O:15][H]):[C:9].[O:1]=[C:2]=[O:3],"EVODEX-P4642,EVODEX-P4648"
EVODEX-N1156,[H]OC1:C([H]):C([H]):C(C([H])([H])C(=O)[C:2](=[O:1])[O:3][H]):C([H]):C:1[H]>>[O:1]=[C:2]=[O:3],EVODEX-P4643
EVODEX-N1157,[O:14]=[O:15].[H]OC(=O)[C:4](=[O:5])[C:6][C:7]:[C:8]([H]):[C:9]>>[H][O:14][C:8](:[C:7][C:6][C:4](=[O:5])[O:15][H]):[C:9],"EVODEX-P4644,EVODEX-P4650"
EVODEX-N1158,[H]OC(=O)[C:4](=[O:5])[C:6][C:7]:[C:8]([H]):[C:9]>>[H]O[C:4](=[O:5])[C:6][C:7]:[C:8](O[H]):[C:9],"EVODEX-P4645,EVODEX-P4651"
EVODEX-N1159,[O:14]=[O:15]>>[H]OC1:C([H]):C([H]):C(C([H])([H])C(=O)[O:15][H]):C([O:14][H]):C:1[H],EVODEX-P4646
EVODEX-N1160,[H][C:8](:[C:7]):[C:9].[H][O:3][C:2](=[O:1])[C:4]>>[H]O[C:4].[H]O[C:8](:[C:7]):[C:9].[O:1]=[C:2]=[O:3],"EVODEX-P4647,EVODEX-P4653"
EVODEX-N1161,[H]C1:C([H]):C(C([H])([H])C(=O)[C:2](=[O:1])[O:3][H]):C([H]):C([H]):C:1F>>[O:1]=[C:2]=[O:3],EVODEX-P4649
EVODEX-N1162,[O:14]=[O:15]>>[H]C1:C([H]):C(C([H])([H])C(=O)[O:15][H]):C([O:14][H]):C([H]):C:1F,EVODEX-P4652
EVODEX-N1163,[O:12]=[O:13].[C:2][C:4]1:[C:5]([H:15]):[C:6]([H:16]):[C:7]([H:17]):[C:8]([O:9]):[C:10]:1[O:11]>>[C:2][C:4](=[C:5](/[C:6](=[C:7](\[C:8]([O:9])=[O:12])[H:17])[H:16])[H:15])[C:10]([O:11])=[O:13],EVODEX-P4654
EVODEX-N1164,[C:2][C:4]1:[C:5]([H:15]):[C:6]([H:16]):[C:7]([H:17]):[C:8]([O:9]):[C:10]:1[O:11]>>O=[C:8](/[C:7](=[C:6](\[C:5](=[C:4]([C:2])[C:10](=O)[O:11])[H:15])[H:16])[H:17])[O:9],EVODEX-P4655
EVODEX-N1165,>>[H]OCC(C(=O)O[H])=C([H])/C([H])=C(/[H])CO[H],EVODEX-P4656
EVODEX-N1166,>>[H]C/C([H])=C(C(\[H])=C(/CO[H])O[H])/C([H])([H])[C@@]([H])(C(=O)O[H])N([H])[H],EVODEX-P4658
EVODEX-N1167,>>[H]C/C(=C([H])\C([H])=C(/CO[H])O[H])C([H])([H])[C@@]([H])(C(=O)O[H])N([H])[H],EVODEX-P4661
EVODEX-N1168,[O:23]=[O:24]>>[H]OC(=O)C([H])([H])C([H])([H])C([H])([H])/C([H])=C(/[H])C([H])([H])/C([H])=C([H])\C([H])=C(/[H])[C@]([H])(C([H])([H])/C([H])=C(/[H])C([H])([H])C([H])([H])C([H])([H])C([H])([H])C([H])([H])[H])[O:23][O:24][H],EVODEX-P4664
EVODEX-N1169,[O:24]=[O:25]>>[H]OC(=O)C([H])([H])C([H])([H])C([H])([H])[C@]1([H])O[C@@]1([H])/C([H])=C([H])/C([H])=C([H])/C([H])=C([H])\C([H])=C(\[H])C([H])(C([H])([H])C([H])([H])C([H])([H])C([H])([H])C([H])([H])[H])[O:24][O:25][H],EVODEX-P4667
EVODEX-N1170,[O:23]=[O:24]>>[H]OC(=O)C([H])([H])C([H])([H])C([H])([H])/C([H])=C(/[H])C([H])([H])/C([H])=C(/[H])C([H])([H])/C([H])=C([H])\C([H])=C(/[H])[C@]([H])(C([H])([H])C([H])([H])C([H])([H])C([H])([H])C([H])([H])[H])[O:23][O:24][H],EVODEX-P4670
EVODEX-N1171,[O:23]=[O:24]>>[H]OC(=O)C([H])([H])C([H])([H])C([H])([H])[C@@]([H])(/C([H])=C([H])/C([H])=C(/[H])C([H])([H])/C([H])=C(/[H])C([H])([H])/C([H])=C(/[H])C([H])([H])C([H])([H])C([H])([H])C([H])([H])C([H])([H])[H])[O:23][O:24][H],EVODEX-P4673
EVODEX-N1172,[O:1]=[O:2].[H][O:3][C:4]1:[C:5]([H:13]):[C:6]([H:14]):[C:7]([H:15]):[C:8]([O:9]):[C:10]:1[O:11]>>[H][C:5]([C:4](=[O:3])[C:10](=[O:2])[O:11])(/[C:6](=[C:7](\[C:8](=[O:1])[O:9])[H:15])[H:14])[H:13],EVODEX-P4675
EVODEX-N1173,[H][O:3][C:4]1:[C:5]([H:13]):[C:6]([H:14]):[C:7]([H:15]):[C:8]([O:9]):[C:10]:1[O:11]>>[H][C:5]([C:4](=[O:3])[C:10](=O)[O:11])(/[C:6](=[C:7](\[C:8](=O)[O:9])[H:15])[H:14])[H:13],EVODEX-P4676
EVODEX-N1174,>>[H]OCC(=O)C([H])([H])/C([H])=C(/[H])CO[H],EVODEX-P4677
EVODEX-N1175,[N:5][C:6]1:[C:7]([H:23]):[C:8]([H:24]):[C:9]([H:25]):[C:10]([O:11]):[C:12]:1[O:13].[O:18]=[O:19]>>[N:5][C:6](/[C:7](=[C:8]([C:9](=[C:10](\[O:11])[C:12]([O:13])=[O:19])\[H:25])/[H:24])[H:23])=[O:18],EVODEX-P4678
EVODEX-N1176,>>[H]OC/C(O[H])=C([H])\C([H])=C(\[H])CN1:N:C([H]):C(N([H])[H]):C(Cl):C:1=O,EVODEX-P4679
EVODEX-N1177,[N:5][C:6]1:[C:7]([H:23]):[C:8]([H:24]):[C:9]([H:25]):[C:10]([O:11]):[C:12]:1[O:13]>>O=[C:6]([N:5])/[C:7](=[C:8]([C:9](=[C:10](\[O:11])[C:12](=O)[O:13])\[H:25])/[H:24])[H:23],EVODEX-P4680
EVODEX-N1178,[C:1][C:2]1:[C:3]([H:15]):[C:4]([H:16]):[C:5]([H:17]):[C:6]([O:7]):[C:8]:1[O:9].[O:10]=[O:11]>>[C:1][C:2](/[C:3](=[C:4](/[C:5](=[O:10])[H:17])[H:16])[H:15])=[C:8](\[C:6]([O:7])=[O:11])[O:9],EVODEX-P4681
EVODEX-N1179,>>[H]C/C([H])=C([H])/C(=C(/CO[H])O[H])C([H])([H])[H],EVODEX-P4682
EVODEX-N1180,[C:1][C:2]1:[C:3]([H:15]):[C:4]([H:16]):[C:5]([H:17]):[C:6]([O:7]):[C:8]:1[O:9]>>O=[C:5](/[C:4](=[C:3]([C:2](/[C:1])=[C:8](/[C:6](=O)[O:7])[O:9])\[H:15])[H:16])[H:17],EVODEX-P4683
EVODEX-N1181,[O:1]=[O:2].[H][O:3][C:4]1:[C:5]([H:13]):[C:6]([H:14]):[C:7]([O:8]):[C:9]([O:10]):[C:11]:1[H:17]>>[H][C:11]([C:4](=[O:3])/[C:5](=[C:6](\[C:7](=[O:1])[O:8])[H:14])[H:13])([C:9](=[O:2])[O:10])[H:17],EVODEX-P4684
EVODEX-N1182,[H][O:3][C:4]1:[C:5]([H:13]):[C:6]([H:14]):[C:7]([O:8]):[C:9]([O:10]):[C:11]:1[H:17]>>[H][C:11]([C:4](=[O:3])/[C:5](=[C:6](\[C:7](=O)[O:8])[H:14])[H:13])([C:9](=O)[O:10])[H:17],EVODEX-P4685
EVODEX-N1183,>>[H]OC/C([H])=C(/[H])C(=O)C([H])([H])CO[H],EVODEX-P4686
EVODEX-N1184,[O:1]=[O:2].[O:3][C:4]1:[C:5]([H:13]):[C:6]([H:14]):[C:7]([O:8]):[C:9]([O:10]):[C:11]:1[H:17]>>[O:1]=[C:7](/[C:6](=[C:5]([C:4](\[O:3])=[C:11](/[C:9](=[O:2])[O:10])[H:17])/[H:13])[H:14])[O:8],EVODEX-P4687
EVODEX-N1185,[O:3][C:4]1:[C:5]([H:13]):[C:6]([H:14]):[C:7]([O:8]):[C:9]([O:10]):[C:11]:1[H:17]>>O=[C:7](/[C:6](=[C:5]([C:4](\[O:3])=[C:11](/[C:9](=O)[O:10])[H:17])/[H:13])[H:14])[O:8],EVODEX-P4688
EVODEX-N1186,>>[H]OC/C([H])=C([H])\C(O[H])=C(\[H])CO[H],EVODEX-P4689
EVODEX-N1187,[O:15]=[O:16].[C:2][C:4]1:[C:5]([H:18]):[C:6]([H:19]):[C:7](:[C:8]):[C:12](:[C:11]):[C:13]:1[O:14]>>[C:2][C:4](/[C:5](=[C:6](/[C:7](:[C:8]):[C:12](:[C:11])[C:13]([O:14])=[O:16])[H:19])[H:18])=[O:15],EVODEX-P4690
EVODEX-N1188,[C:2][C:4]1:[C:5]([H:18]):[C:6]([H:19]):[C:7](:[C:8]):[C:12](:[C:11]):[C:13]:1[O:14]>>O=[C:4]([C:2])/[C:5](=[C:6](/[C:7](:[C:8]):[C:12](:[C:11])[C:13](=O)[O:14])[H:19])[H:18],EVODEX-P4691
EVODEX-N1189,>>[H]OCC1:C([H]):C([H]):C([H]):C([H]):C:1/C([H])=C(\[H])CC(=O)O[H],EVODEX-P4692
EVODEX-N1190,[H]OC(=O)C(/C([H])=C(/[H])C1:C([H]):C([H]):C([H]):C([H]):C:1C(O[H])=[O:15])=[O:5]>>[O:5]=[O:15],EVODEX-P4693
EVODEX-N1191,[C:2][C:4](=[O:5])/[C:6](=[C:7](\[C:8](:[C:9]):[C:13](:[C:12])[C:14](=[O:15])[O:16])[H:19])[H:18]>>[C:2][C:4]1:[C:6]([H:18]):[C:7]([H:19]):[C:8](:[C:9]):[C:13](:[C:12]):[C:14]:1[O:16].[O:5]=[O:15],EVODEX-P4694
EVODEX-N1192,O=[C:4]([C:2])/[C:6](=[C:7](\[C:8](:[C:9]):[C:13](:[C:12])[C:14](=O)[O:16])[H:19])[H:18]>>[C:2][C:4]1:[C:6]([H:18]):[C:7]([H:19]):[C:8](:[C:9]):[C:13](:[C:12]):[C:14]:1[O:16],EVODEX-P4695
EVODEX-N1193,>>[H]OC/C(O[H])=C([H])/C([H])=C(\[H])CC1:C([H]):C([H]):C([H]):C([H]):C:1[H],EVODEX-P4698
EVODEX-N1194,>>[H]OC/C([H])=C([H])/C([H])=C(\[H])CC1:C([H]):C([H]):C([H]):C([H]):C:1O[H],EVODEX-P4701
EVODEX-N1195,[O:23]=[O:24]>>[H]OC(=O)C([H])([H])C([H])([H])C([H])([H])/C([H])=C(/[H])C([H])([H])[C@]([H])(/C([H])=C([H])/C([H])=C(/[H])C([H])([H])/C([H])=C(/[H])C([H])([H])C([H])([H])C([H])([H])C([H])([H])C([H])([H])[H])[O:23][O:24][H],EVODEX-P4703
EVODEX-N1196,[O:25]=[O:26]>>[H]OO[C@@]([H])(/C([H])=C([H])/C([H])=C([H])/C([H])=C(\[H])[C@]([H])(C([H])([H])C([H])([H])C([H])([H])C([H])([H])C([H])([H])[H])[O:26][O:25][H])C([H])([H])/C([H])=C(\[H])C([H])([H])C([H])([H])C([H])([H])C(=O)O[H],EVODEX-P4706
EVODEX-N1197,[O:12]=[O:13].[H][C:3]([C:2](=[O:1])[C:5])([O:4])[H:14]>>[C:3]([O:4])(=[O:13])[H:14].[H][O:12][C:2](=[O:1])[C:5],EVODEX-P4708
EVODEX-N1198,O=[O:12].[H]OC([H])([H])[C:2](=[O:1])[C:5]>>[H][O:12][C:2](=[O:1])[C:5],EVODEX-P4709
EVODEX-N1199,[H]OC([H])([H])[C:2](=[O:1])[C:5]>>[H]O[C:2](=[O:1])[C:5],EVODEX-P4710
EVODEX-N1200,O=[O:12]>>[H]OC1:C([H]):C([H]):C(C(=O)[O:12][H]):C([H]):C:1[H],EVODEX-P4711
EVODEX-N1201,O=[O:13].[H]OC1:C([H]):C([H]):C(C(=O)[C:3]([H])([O:4])[H:14]):C([H]):C:1[H]>>[C:3]([O:4])(=[O:13])[H:14],EVODEX-P4712
EVODEX-N1202,[H]OC1:C([H]):C([H]):C(C(=O)[C:3]([H])([O:4])[H:14]):C([H]):C:1[H]>>O=[C:3]([O:4])[H:14],EVODEX-P4713
EVODEX-N1203,O=[O:13]>>[H]OC([H])=[O:13],EVODEX-P4714
EVODEX-N1204,[H][C:3]([C:2])([O:4])[H:14]>>O=[C:3]([O:4])[H:14].[H]O[C:2],"EVODEX-P4715,EVODEX-P4888"
EVODEX-N1205,[O:12]=[O:13]>>[H]OC([H])=[O:13].[H]OC1:C([H]):C([H]):C(C(=O)[O:12][H]):C([H]):C:1[H],EVODEX-P4716
EVODEX-N1206,[C:4]/[C:5](=[C:6](/[C:7])[H:51])[H:50].[O:41]=[O:42]>>[C:4][C:5](=[O:41])[H:50].[C:6]([C:7])(=[O:42])[H:51],"EVODEX-P4717,EVODEX-P4740,EVODEX-P4749,EVODEX-P4785,EVODEX-P4794,EVODEX-P4814,EVODEX-P4831,EVODEX-P4839,EVODEX-P4893,EVODEX-P4902,EVODEX-P4930,EVODEX-P4939,EVODEX-P4940"
EVODEX-N1207,O=[O:21]>>[H]OC1:C([H]):C([H]):C(C([H])=[O:21]):C([H]):C:1OC([H])([H])[H],EVODEX-P4718
EVODEX-N1208,[H]OC1:C([H]):C([H]):C(/C([H])=[C:7](/[C:8])[H:28]):C([H]):C:1OC([H])([H])[H]>>O=[C:7]([C:8])[H:28],"EVODEX-P4719,EVODEX-P4944"
EVODEX-N1209,[H][C:14]([C:13])([C:15])[H:47].[O:23]=[O:24]>>[H][O:24][O:23][C:14]([C:13])([C:15])[H:47],"EVODEX-P4720,EVODEX-P4723,EVODEX-P4802,EVODEX-P4805,EVODEX-P4955"
EVODEX-N1210,[O:23]=[O:24]>>[H]OO[C@@]([H])(/C([H])=C(/[H])C([H])([H])C([H])([H])C([H])([H])C([H])([H])C([H])([H])[H])/C([H])=C(/[H])C([H])([H])C([H])([H])C([H])([H])C([H])(C([H])([H])C([H])([H])C([H])([H])C(=O)O[H])[O:23][O:24][H],EVODEX-P4721
EVODEX-N1211,[H][C:14]([C:13])([C:15])[H:47]>>[H]OO[C:14]([C:13])([C:15])[H:47],"EVODEX-P4722,EVODEX-P4725,EVODEX-P4804,EVODEX-P4807,EVODEX-P4957"
EVODEX-N1212,[O:21]=[O:22]>>[H]OC(=O)C([H])([H])C([H])([H])C([H])([H])C([H])([H])C([H])([H])C([H])([H])C([H])([H])/C([H])=C(/[H])[C@]([H])(/C([H])=C(/[H])C([H])([H])C([H])([H])C([H])([H])C([H])([H])C([H])([H])[H])[O:21][O:22][H],EVODEX-P4724
EVODEX-N1213,[O:14]=[O:15].[H][O:3][C:2](=[O:1])[C:4](=[O:5])[C:6]([H])([C:7])[H:17]>>[H][O:14][C:6]([C:4](=[O:5])[O:15][H])([C:7])[H:17].[O:1]=[C:2]=[O:3],"EVODEX-P4726,EVODEX-P4915"
EVODEX-N1214,[O:14]=[O:15].[H]OC(=O)[C:4](=[O:5])[C:6]([H])([C:7])[H:17]>>[H][O:14][C:6]([C:4](=[O:5])[O:15][H])([C:7])[H:17],"EVODEX-P4727,EVODEX-P4916"
EVODEX-N1215,[H]OC(=O)[C:4](=[O:5])[C:6]([H])([C:7])[H:17]>>[H]O[C:4](=[O:5])[C:6](O[H])([C:7])[H:17],"EVODEX-P4728,EVODEX-P4918"
EVODEX-N1216,[O:14]=[O:15]>>[H]OC1:C([H]):C([H]):C(C([H])(C(=O)[O:15][H])[O:14][H]):C([H]):C:1[H],EVODEX-P4729
EVODEX-N1217,[H][O:3][C:2](=[O:1])[C:4][C:6]([H])([C:7])[H:17]>>[H]O[C:4][C:6](O[H])([C:7])[H:17].[O:1]=[C:2]=[O:3],"EVODEX-P4730,EVODEX-P4920"
EVODEX-N1218,[H][C:4]([C:2])([C:5]([C:6])=[O:7])[H:13].[O:8]=[O:9]>>[H][O:8][C:5]([C:6])=[O:7].[C:2][C:4](=[O:9])[H:13],EVODEX-P4731
EVODEX-N1219,[H]C([H])([H])C(=O)[C:4]([H])([C:2])[H:13].O=[O:9]>>[C:2][C:4](=[O:9])[H:13],EVODEX-P4732
EVODEX-N1220,O=[O:9]>>[H]C(C(=O)C([H])([H])[H])=[O:9],EVODEX-P4733
EVODEX-N1221,[H]C([H])([H])C(=O)[C:4]([H])([C:2])[H:13]>>O=[C:4]([C:2])[H:13],EVODEX-P4734
EVODEX-N1222,[H]C([H])([H])C(=O)C([H])([H])[C:5]([C:6])=[O:7].O=[O:8]>>[H][O:8][C:5]([C:6])=[O:7],EVODEX-P4735
EVODEX-N1223,O=[O:8]>>[H]C([H])([H])C(=O)[O:8][H],EVODEX-P4736
EVODEX-N1224,[H]C([H])([H])C(=O)C([H])([H])[C:5]([C:6])=[O:7]>>[H]O[C:5]([C:6])=[O:7],EVODEX-P4737
EVODEX-N1225,[O:8]=[O:9]>>[H]C([H])([H])C(=O)[O:8][H].[H]C(C(=O)C([H])([H])[H])=[O:9],EVODEX-P4738
EVODEX-N1226,[H][C:4]([C:2])([C:5])[H:13]>>[H]O[C:5].O=[C:4]([C:2])[H:13],EVODEX-P4739
EVODEX-N1227,[H]O[C@@]1([H])C([H])([H])C(C([H])([H])[H])(C([H])([H])[H])[C@]2(/C([H])=C([H])/C(=C([H])\C([H])=C([H])\C(=C([H])\C([H])=C([H])\C([H])=C(C(\[H])=[C:15](\[C:16])[H:64])/C([H])([H])[H])C([H])([H])[H])C([H])([H])[H])O[C@]2(C([H])([H])[H])C1([H])[H].O=[O:45]>>[C:15]([C:16])(=[O:45])[H:64],"EVODEX-P4741,EVODEX-P4752"
EVODEX-N1228,O=[O:45]>>[H]O[C@@]1([H])C([H])([H])C(C([H])([H])[H])(C([H])([H])[H])C(=C=C([H])C(=C([H])C([H])=[O:45])C([H])([H])[H])[C@@](O[H])(C([H])([H])[H])C1([H])[H],EVODEX-P4742
EVODEX-N1229,[H]O[C@@]1([H])C([H])([H])C(C([H])([H])[H])(C([H])([H])[H])[C@]2(/C([H])=C([H])/C(=C([H])\C([H])=C([H])\C(=C([H])\C([H])=C([H])\C([H])=C(C(\[H])=[C:15](\[C:16])[H:64])/C([H])([H])[H])C([H])([H])[H])C([H])([H])[H])O[C@]2(C([H])([H])[H])C1([H])[H]>>O=[C:15]([C:16])[H:64],"EVODEX-P4743,EVODEX-P4754"
EVODEX-N1230,[H]O[C@@]1([H])C([H])([H])C(C([H])([H])[H])(C([H])([H])[H])C(=C=C([H])/C(=C([H])/C([H])=[C:14](/[C:12])[H:63])C([H])([H])[H])[C@@](O[H])(C([H])([H])[H])C1([H])[H].O=[O:46]>>[C:12][C:14](=[O:46])[H:63],EVODEX-P4744
EVODEX-N1231,O=[O:46]>>[H]O[C@@]1([H])C([H])([H])C(C([H])([H])[H])(C([H])([H])[H])[C@]2(/C([H])=C([H])/C(=C([H])\C([H])=C([H])\C(=C([H])\C([H])=C([H])\C([H])=C(\C([H])=[O:46])C([H])([H])[H])C([H])([H])[H])C([H])([H])[H])O[C@]2(C([H])([H])[H])C1([H])[H],EVODEX-P4745
EVODEX-N1232,[H]O[C@@]1([H])C([H])([H])C(C([H])([H])[H])(C([H])([H])[H])C(=C=C([H])/C(=C([H])/C([H])=[C:14](/[C:12])[H:63])C([H])([H])[H])[C@@](O[H])(C([H])([H])[H])C1([H])[H]>>O=[C:14]([C:12])[H:63],EVODEX-P4746
EVODEX-N1233,>>[H]C/C(=C([H])/C([H])=C([H])/C([H])=C(C(/[H])=C([H])/C([H])=C(C(\[H])=C(/[H])[C@@]12O[C@]1(C([H])([H])[H])C([H])([H])[C@@]([H])(O[H])C([H])([H])C2(C([H])([H])[H])C([H])([H])[H])/C([H])([H])[H])\C([H])([H])[H])C([H])([H])[H].[H]CC([H])=C(C([H])=C=C1C(C([H])([H])[H])(C([H])([H])[H])C([H])([H])[C@]([H])(O[H])C([H])([H])[C@]1(O[H])C([H])([H])[H])C([H])([H])[H],EVODEX-P4747
EVODEX-N1234,[H]O[C@@]1([H])C([H])([H])C(C([H])([H])[H])(C([H])([H])[H])[C@]2(/C([H])=C([H])/C(=C([H])\C([H])=[C:5](\[C:6])[H:52])C([H])([H])[H])O[C@]2(C([H])([H])[H])C1([H])[H].O=[O:45]>>[C:5]([C:6])(=[O:45])[H:52],EVODEX-P4750
EVODEX-N1235,[H]O[C@@]1([H])C([H])([H])C(C([H])([H])[H])(C([H])([H])[H])[C@]2(/C([H])=C([H])/C(=C([H])\C([H])=[C:5](\[C:6])[H:52])C([H])([H])[H])O[C@]2(C([H])([H])[H])C1([H])[H]>>O=[C:5]([C:6])[H:52],EVODEX-P4751
EVODEX-N1236,O=[O:46]>>[H]O[C@@]1([H])C([H])([H])C(C([H])([H])[H])(C([H])([H])[H])[C@]2(/C([H])=C([H])/C(=C(/[H])C([H])=[O:46])C([H])([H])[H])O[C@]2(C([H])([H])[H])C1([H])[H],EVODEX-P4753
EVODEX-N1237,>>[H]C/C([H])=C(C(\[H])=C(/[H])[C@@]12O[C@]1(C([H])([H])[H])C([H])([H])[C@@]([H])(O[H])C([H])([H])C2(C([H])([H])[H])C([H])([H])[H])/C([H])([H])[H].[H]C/C(=C([H])/C([H])=C([H])/C([H])=C(C(/[H])=C([H])/C([H])=C(C(/[H])=C(\[H])[C@@]12O[C@]1(C([H])([H])[H])C([H])([H])[C@@]([H])(O[H])C([H])([H])C2(C([H])([H])[H])C([H])([H])[H])\C([H])([H])[H])\C([H])([H])[H])C([H])([H])[H],EVODEX-P4755
EVODEX-N1238,>>[H]CN([H])C1:C([H]):C([H]):C(O[H]):C([H]):C:1CC([H])([H])[C@@]([H])(C(=O)O[H])N([H])[H],EVODEX-P4758
EVODEX-N1239,[C:5]/[C:7]([O:8])=[C:9](/[O:10])[H:21].[O:11]=[O:12]>>[C:5][C:7]([O:8])=[O:11].[C:9]([O:10])(=[O:12])[H:21],"EVODEX-P4760,EVODEX-P4768"
EVODEX-N1240,[H]O/C(C(=O)C([H])([H])C([H])([H])SC([H])([H])[H])=[C:9](\[O:10])[H:21].O=[O:12]>>[C:9]([O:10])(=[O:12])[H:21],EVODEX-P4761
EVODEX-N1241,[H]O/C(C(=O)C([H])([H])C([H])([H])SC([H])([H])[H])=[C:9](\[O:10])[H:21]>>O=[C:9]([O:10])[H:21],EVODEX-P4762
EVODEX-N1242,[H]O/C([H])=[C:7](/[C:5])[O:8].O=[O:11]>>[C:5][C:7]([O:8])=[O:11],"EVODEX-P4763,EVODEX-P4771"
EVODEX-N1243,O=[O:11]>>[H]OC(C(=O)C([H])([H])C([H])([H])SC([H])([H])[H])=[O:11],EVODEX-P4764
EVODEX-N1244,[H]O/C([H])=[C:7](/[C:5])[O:8]>>O=[C:7]([C:5])[O:8],"EVODEX-P4765,EVODEX-P4773"
EVODEX-N1245,>>[H]OCC(=O)C([H])([H])C([H])([H])SC([H])([H])[H].[H]CO[H],EVODEX-P4766
EVODEX-N1246,[H]O/C(C(=O)C([H])([H])C([H])([H])C([H])([H])[H])=[C:8](\[O:9])[H:20].O=[O:11]>>[C:8]([O:9])(=[O:11])[H:20],EVODEX-P4769
EVODEX-N1247,[H]O/C(C(=O)C([H])([H])C([H])([H])C([H])([H])[H])=[C:8](\[O:9])[H:20]>>O=[C:8]([O:9])[H:20],EVODEX-P4770
EVODEX-N1248,O=[O:10]>>[H]OC(C(=O)C([H])([H])C([H])([H])C([H])([H])[H])=[O:10],EVODEX-P4772
EVODEX-N1249,>>[H]OCC(=O)C([H])([H])C([H])([H])C([H])([H])[H].[H]CO[H],EVODEX-P4774
EVODEX-N1250,[O:1]=[O:2].[O:3][C:4]1:[C:5]([H:16]):[C:6]([H:17]):[C:7](:[C:8]):[C:12](:[C:11]):[C:13]:1[O:14]>>[O:1]=[C:13]([C:4]1([O:3])[O:2][C:12](:[C:11]):[C:7](:[C:8])[C:6]([H:17])=[C:5]1[H:16])[O:14],EVODEX-P4776
EVODEX-N1251,[O:3][C:4]1:[C:5]([H:16]):[C:6]([H:17]):[C:7](:[C:8]):[C:12]:[C:13]:1[O:14]>>O=[C:13]([C:4]1([O:3])O[C:12]:[C:7](:[C:8])[C:6]([H:17])=[C:5]1[H:16])[O:14],EVODEX-P4777
EVODEX-N1252,[O:1]=[O:2]>>[H]OC(C1(O[H])C([H])=C([H])C2:C([H]):C([H]):C([H]):C([H]):C:2[O:2]1)=[O:1],EVODEX-P4778
EVODEX-N1253,[O:13]=[O:14].[H][O:11][C:10]1:[C:8]([O:9]):[C:6]([O:7]):[C:5]([H:16]):[C:4]([C:2]):[C:12]:1[H:20]>>[H][C:12](/[C:4]([C:2])=[C:5](\[C:6]([O:7])=[O:13])[H:16])([C:10]([C:8]([O:9])=[O:14])=[O:11])[H:20],EVODEX-P4779
EVODEX-N1254,[H][O:11][C:10]1:[C:8]([O:9]):[C:6]([O:7]):[C:5]([H:16]):[C:4]([C:2]):[C:12]:1[H:20]>>[H][C:12](/[C:4]([C:2])=[C:5](\[C:6](=O)[O:7])[H:16])([C:10]([C:8](=O)[O:9])=[O:11])[H:20],EVODEX-P4780
EVODEX-N1255,>>[H]OCC(=O)C([H])([H])/C(C(=O)O[H])=C(/[H])CO[H],EVODEX-P4781
EVODEX-N1256,[O:21]=[O:22]>>[H]OC(=O)C([H])([H])C([H])([H])C([H])([H])C([H])([H])C([H])([H])C([H])([H])C([H])([H])C([H])(/C([H])=C([H])/C([H])=C(/[H])C([H])([H])/C([H])=C(/[H])C([H])([H])C([H])([H])[H])[O:21][O:22][H],EVODEX-P4783
EVODEX-N1257,[H]C(=C(C([H])([H])[H])C([H])([H])[H])/C([H])=[C:6](/[C:7])[H:51].O=[O:42]>>[C:6]([C:7])(=[O:42])[H:51],"EVODEX-P4786,EVODEX-P4795"
EVODEX-N1258,O=[O:42]>>[H]C(=C(C([H])([H])[H])C([H])([H])[H])C([H])([H])C([H])([H])/C(=C([H])/C([H])=C([H])/C(=C([H])/C([H])=C([H])/C(=C([H])/C([H])=C([H])/C([H])=C(C(/[H])=C([H])/C([H])=C(C(/[H])=C([H])/C([H])=C(/C([H])=[O:42])C([H])([H])[H])\C([H])([H])[H])\C([H])([H])[H])C([H])([H])[H])C([H])([H])[H])C([H])([H])[H],EVODEX-P4787
EVODEX-N1259,[H]C(=C(C([H])([H])[H])C([H])([H])[H])/C([H])=[C:6](/[C:7])[H:51]>>O=[C:6]([C:7])[H:51],"EVODEX-P4788,EVODEX-P4797"
EVODEX-N1260,[H]C(=C(C([H])([H])[H])C([H])([H])[H])C([H])([H])C([H])([H])/C(=C([H])/C([H])=C([H])/C(=C([H])/C([H])=C([H])/C(=C([H])/C([H])=C([H])/C([H])=C(C(/[H])=C([H])/C([H])=C(C(/[H])=C([H])/C([H])=C(C(/[H])=[C:5](/[C:4])[H:50])\C([H])([H])[H])\C([H])([H])[H])\C([H])([H])[H])C([H])([H])[H])C([H])([H])[H])C([H])([H])[H].O=[O:41]>>[C:4][C:5](=[O:41])[H:50],EVODEX-P4789
EVODEX-N1261,O=[O:41]>>[H]C(=C(C([H])([H])[H])C([H])([H])[H])C([H])=[O:41],EVODEX-P4790
EVODEX-N1262,[H]C(=C(C([H])([H])[H])C([H])([H])[H])C([H])([H])C([H])([H])/C(=C([H])/C([H])=C([H])/C(=C([H])/C([H])=C([H])/C(=C([H])/C([H])=C([H])/C([H])=C(C(/[H])=C([H])/C([H])=C(C(/[H])=C([H])/C([H])=C(C(/[H])=[C:5](/[C:4])[H:50])\C([H])([H])[H])\C([H])([H])[H])\C([H])([H])[H])C([H])([H])[H])C([H])([H])[H])C([H])([H])[H]>>O=[C:5]([C:4])[H:50],EVODEX-P4791
EVODEX-N1263,>>[H]CC([H])=C(C([H])([H])[H])C([H])([H])[H].[H]C/C(=C([H])/C([H])=C([H])/C(=C([H])/C([H])=C([H])/C(=C([H])/C([H])=C([H])/C([H])=C(C(/[H])=C([H])/C([H])=C(C(/[H])=C([H])/C([H])=C(\C([H])([H])[H])C([H])([H])C([H])([H])C([H])=C(C([H])([H])[H])C([H])([H])[H])\C([H])([H])[H])\C([H])([H])[H])C([H])([H])[H])C([H])([H])[H])C([H])([H])[H],EVODEX-P4792
EVODEX-N1264,O=[O:42]>>[H]C(/C(=C([H])/C([H])=C([H])/C(=C([H])/C([H])=C([H])/C(=C([H])/C([H])=C([H])/C([H])=C(C(/[H])=C([H])/C([H])=C(C(/[H])=C(\[H])C1=C(C([H])([H])[H])C([H])([H])C([H])([H])C([H])([H])C1(C([H])([H])[H])C([H])([H])[H])\C([H])([H])[H])\C([H])([H])[H])C([H])([H])[H])C([H])([H])[H])C([H])([H])[H])=[O:42],EVODEX-P4796
EVODEX-N1265,[H]/C(C1=C(C([H])([H])[H])C([H])([H])C([H])([H])C([H])([H])C1(C([H])([H])[H])C([H])([H])[H])=C([H])\C(=C([H])\C([H])=C([H])\C(=C([H])\C([H])=C([H])\C([H])=C(C(\[H])=C([H])\C([H])=C(C(\[H])=C([H])\C([H])=C(C(\[H])=[C:5](\[C:4])[H:50])/C([H])([H])[H])/C([H])([H])[H])/C([H])([H])[H])C([H])([H])[H])C([H])([H])[H].O=[O:41]>>[C:4][C:5](=[O:41])[H:50],EVODEX-P4798
EVODEX-N1266,[H]/C(C1=C(C([H])([H])[H])C([H])([H])C([H])([H])C([H])([H])C1(C([H])([H])[H])C([H])([H])[H])=C([H])\C(=C([H])\C([H])=C([H])\C(=C([H])\C([H])=C([H])\C([H])=C(C(\[H])=C([H])\C([H])=C(C(\[H])=C([H])\C([H])=C(C(\[H])=[C:5](\[C:4])[H:50])/C([H])([H])[H])/C([H])([H])[H])/C([H])([H])[H])C([H])([H])[H])C([H])([H])[H]>>O=[C:5]([C:4])[H:50],EVODEX-P4799
EVODEX-N1267,>>[H]CC([H])=C(C([H])([H])[H])C([H])([H])[H].[H]C/C(=C([H])/C([H])=C([H])/C(=C([H])/C([H])=C([H])/C(=C([H])/C([H])=C([H])/C([H])=C(C(/[H])=C([H])/C([H])=C(C(/[H])=C(\[H])C1=C(C([H])([H])[H])C([H])([H])C([H])([H])C([H])([H])C1(C([H])([H])[H])C([H])([H])[H])\C([H])([H])[H])\C([H])([H])[H])C([H])([H])[H])C([H])([H])[H])C([H])([H])[H],EVODEX-P4800
EVODEX-N1268,[O:21]=[O:22]>>[H]OC(=O)C([H])([H])C([H])([H])C([H])([H])C([H])([H])C([H])([H])C([H])([H])[C@]([H])(/C([H])=C(/[H])C([H])([H])/C([H])=C(/[H])C([H])([H])C([H])([H])C([H])([H])C([H])([H])C([H])([H])[H])[O:21][O:22][H],EVODEX-P4803
EVODEX-N1269,[O:21]=[O:22]>>[H]OC(=O)C([H])([H])C([H])([H])C([H])([H])C([H])([H])C([H])([H])C([H])([H])C([H])(/C([H])=C(/[H])C([H])([H])C([H])([H])C([H])([H])C([H])([H])C([H])([H])C([H])([H])C([H])([H])C([H])([H])[H])[O:21][O:22][H],EVODEX-P4806
EVODEX-N1270,[O:21]=[O:22]>>[H]OC(=O)C([H])([H])C([H])([H])C([H])([H])C([H])([H])C([H])([H])C([H])([H])/C([H])=C(\[H])[C@@]([H])(C([H])([H])/C([H])=C(/[H])C([H])([H])/C([H])=C(/[H])C([H])([H])C([H])([H])[H])[O:21][O:22][H],EVODEX-P4809
EVODEX-N1271,[O:21]=[O:22]>>[H]OC(=O)C([H])([H])C([H])([H])C([H])([H])C([H])([H])C([H])([H])C([H])([H])/C([H])=C(\[H])[C@@]([H])(C([H])([H])/C([H])=C(/[H])C([H])([H])C([H])([H])C([H])([H])C([H])([H])C([H])([H])[H])[O:21][O:22][H],EVODEX-P4812
EVODEX-N1272,O=[O:41]>>[H]C(/C([H])=C(C(/[H])=C([H])/C([H])=C(C(/[H])=C(\[H])C1=C(C([H])([H])[H])C([H])([H])C([H])([H])C([H])([H])C1(C([H])([H])[H])C([H])([H])[H])\C([H])([H])[H])\C([H])([H])[H])=[O:41],EVODEX-P4815
EVODEX-N1273,[H]/C(C1=C(C([H])([H])[H])C([H])([H])C([H])([H])C([H])([H])C1(C([H])([H])[H])C([H])([H])[H])=C([H])\C(=C([H])\C([H])=C([H])\C(=C([H])\C([H])=[C:15](\[C:16])[H:59])C([H])([H])[H])C([H])([H])[H]>>O=[C:15]([C:16])[H:59],"EVODEX-P4816,EVODEX-P4823,EVODEX-P4842"
EVODEX-N1274,[C:13]/[C:14](=[C:15](/[C:16])[H:103])[H:102].O=[O:83].[O:85]=[O:86]>>[C:13][C:14](=[O:86])[H:102].[H]C(/C([H])=C(C(/[H])=C([H])/C([H])=C(C(/[H])=C(\[H])C1=C(C([H])([H])[H])C([H])([H])C([H])([H])C([H])([H])C1(C([H])([H])[H])C([H])([H])[H])\C([H])([H])[H])\C([H])([H])[H])=[O:83].[C:15]([C:16])(=[O:85])[H:103],EVODEX-P4817
EVODEX-N1275,.O=[O:85]>>[H]C/C([H])=C(C(/[H])=C([H])/C([H])=C(C(/[H])=C(\[H])C1=C(C([H])([H])[H])C([H])([H])C([H])([H])C([H])([H])C1(C([H])([H])[H])C([H])([H])[H])\C([H])([H])[H])\C([H])([H])[H].[H]O[C@]1([H])C([H])([H])C(C([H])([H])[H])=C(/C([H])=C([H])/C(=C([H])/C([H])=C([H])/C(=C(\[H])C([H])=[O:85])C([H])([H])[H])C([H])([H])[H])C(C([H])([H])[H])(C([H])([H])[H])C1([H])[H].[H]C/C([H])=C(C(/[H])=C([H])/C([H])=C(C(/[H])=C(\[H])C1=C(C([H])([H])[H])C([H])([H])[C@@]([H])(O[H])C([H])([H])C1(C([H])([H])[H])C([H])([H])[H])\C([H])([H])[H])\C([H])([H])[H],EVODEX-P4818
EVODEX-N1276,[H]O[C@]1([H])C([H])([H])C(C([H])([H])[H])=C(/C([H])=C([H])/C(=C([H])/C([H])=C([H])/C(=C([H])/C([H])=[C:55](/[C:54])[H:158])C([H])([H])[H])C([H])([H])[H])C(C([H])([H])[H])(C([H])([H])[H])C1([H])[H]>>O=[C:55]([C:54])[H:158],"EVODEX-P4819,EVODEX-P4832,EVODEX-P4904"
EVODEX-N1277,O=[O:85]>>[H]O[C@]1([H])C([H])([H])C(C([H])([H])[H])=C(/C([H])=C([H])/C(=C([H])/C([H])=C([H])/C(=C(\[H])C([H])=[O:85])C([H])([H])[H])C([H])([H])[H])C(C([H])([H])[H])(C([H])([H])[H])C1([H])[H],EVODEX-P4820
EVODEX-N1278,[H]O[C@]1([H])C([H])([H])C(C([H])([H])[H])=C(/C([H])=C([H])/C(=C([H])/C([H])=C([H])/C(=C([H])/C([H])=[C:14](/[C:13])[H:102])C([H])([H])[H])C([H])([H])[H])C(C([H])([H])[H])(C([H])([H])[H])C1([H])[H].O=[O:83]>>O=[C:14]([C:13])[H:102].[H]C(/C([H])=C(C(/[H])=C([H])/C([H])=C(C(/[H])=C(\[H])C1=C(C([H])([H])[H])C([H])([H])C([H])([H])C([H])([H])C1(C([H])([H])[H])C([H])([H])[H])\C([H])([H])[H])\C([H])([H])[H])=[O:83],EVODEX-P4821
EVODEX-N1279,[H]/C(C1=C(C([H])([H])[H])C([H])([H])C([H])([H])C([H])([H])C1(C([H])([H])[H])C([H])([H])[H])=C([H])\C(=C([H])\C([H])=C([H])\C(=C([H])\C([H])=[C:15](\[C:16])[H:103])C([H])([H])[H])C([H])([H])[H].[H]/C(C1=C(C([H])([H])[H])C([H])([H])C([H])([H])C([H])([H])C1(C([H])([H])[H])C([H])([H])[H])=C([H])\C(=C([H])\C([H])=C([H])\C(=C([H])\C([H])=[C:56](\[C:57])[H:159])C([H])([H])[H])C([H])([H])[H].O=[O:85]>>[C:15]([C:16])(=[O:85])[H:103].O=[C:56]([C:57])[H:159],"EVODEX-P4824,EVODEX-P4840"
EVODEX-N1280,[O:12]=[O:13].[C:2][C:4]1:[C:5]([H:15]):[C:6]([Cl:7]):[C:8]([H:16]):[C:9]([H:17]):[C:10]:1[O:11]>>[C:2][C:4](/[C:5](=[C:6]([Cl:7])\[C:8](=[C:9](\[C:10]([O:11])=[O:13])[H:17])[H:16])[H:15])=[O:12],EVODEX-P4825
EVODEX-N1281,[C:2][C:4]1:[C:5]([H:15]):[C:6]([Cl:7]):[C:8]([H:16]):[C:9]([H:17]):[C:10]:1[O:11]>>O=[C:4]([C:2])/[C:5](=[C:6]([Cl:7])\[C:8](=[C:9](\[C:10](=O)[O:11])[H:17])[H:16])[H:15],EVODEX-P4826
EVODEX-N1282,>>[H]OC/C([H])=C([H])/C(Cl)=C(/[H])CC(=O)O[H],EVODEX-P4827
EVODEX-N1283,[#8:14]=[#8:15].[#6:2]-[#6:4]1:[#6:5](-[#85:17]):[#6:6](-[#7&+:7]):[#6:10](-[#85:18]):[#6:11](-[#85:19]):[#6:12]:1-[#8:13]>>[#6:2]-[#6:4](/[#6:5](-[#85:17])=[#6:6](-[#7&+:7])\[#6:10](-[#85:18])=[#6:11](/[#85:19])-[#6:12](-[#8:13])=[#8:15])=[#8:14],"EVODEX-P4828,EVODEX-P4936"
EVODEX-N1284,[#6:2]-[#6:4]1:[#6:5](-[#85:17]):[#6:6](-[#7&+:7]):[#6:10](-[#85:18]):[#6:11](-[#85:19]):[#6:12]:1-[#8:13]>>[#6:2]-[#6:4](/[#6:5](-[#85:17])=[#6:6](-[#7&+:7])\[#6:10](-[#85:18])=[#6:11](/[#85:19])-[#6:12](-[#8:13])=[#8])=[#8],"EVODEX-P4829,EVODEX-P4938"
EVODEX-N1285,[O:1]=[O:2].[O:3][C:4]1:[C:5]([H:12]):[C:6]([H:13]):[C:7]([O:8]):[C:9]([H:15]):[C:10]:1[H:16]>>[O:1]=[C:4]([O:3])/[C:5](=[C:6]([C:7](\[O:8])=[C:9](/[C:10](=[O:2])[H:16])[H:15])/[H:13])[H:12],EVODEX-P4833
EVODEX-N1286,[O:3][C:4]1:[C:5]([H:12]):[C:6]([H:13]):[C:7]([O:8]):[C:9]([H:15]):[C:10]:1[H:16]>>O=[C:4]([O:3])/[C:5](=[C:6]([C:7](\[O:8])=[C:9](/[C:10](=O)[H:16])[H:15])/[H:13])[H:12],EVODEX-P4834
EVODEX-N1287,>>[H]C/C([H])=C(O[H])\C([H])=C(\[H])CO[H],EVODEX-P4835
EVODEX-N1288,>>[H]OC/C([H])=C(/[H])C(=O)C([H])([H])CC([H])([H])[H],EVODEX-P4837
EVODEX-N1289,O=[O:32]>>[H]C(=O)/C(=C([H])/C([H])=C([H])/C(=C(\[H])C([H])=[O:32])C([H])([H])[H])C([H])([H])[H],EVODEX-P4841
EVODEX-N1290,[H]C(=O)/C(=C([H])/C([H])=C([H])/C(=C([H])/C([H])=[C:14](/[C:13])[H:49])C([H])([H])[H])C([H])([H])[H].O=[O:33]>>[C:13][C:14](=[O:33])[H:49],"EVODEX-P4843,EVODEX-P4905"
EVODEX-N1291,[H]C(=O)/C(=C([H])/C([H])=C([H])/C(=C([H])/C([H])=[C:14](/[C:13])[H:49])C([H])([H])[H])C([H])([H])[H]>>O=[C:14]([C:13])[H:49],"EVODEX-P4844,EVODEX-P4906"
EVODEX-N1292,>>[H]C/C([H])=C(C(/[H])=C([H])/C([H])=C(C(/[H])=C(\[H])C1=C(C([H])([H])[H])C([H])([H])C([H])([H])C([H])([H])C1(C([H])([H])[H])C([H])([H])[H])\C([H])([H])[H])\C([H])([H])[H].[H]C/C([H])=C(C(/[H])=C([H])/C([H])=C(/C([H])=O)C([H])([H])[H])\C([H])([H])[H],EVODEX-P4845
EVODEX-N1293,[C:5]/[C:6]([C:7])=[C:8](\[C:9])[H:53].[O:43]=[O:44]>>[C:5][C:6]([C:7])=[O:44].[C:8]([C:9])(=[O:43])[H:53],"EVODEX-P4847,EVODEX-P4856,EVODEX-P4865,EVODEX-P4874"
EVODEX-N1294,[H]O[C@]1([H])C([H])([H])C(C([H])([H])[H])=C(/C([H])=C([H])/C(C([H])([H])[H])=[C:8](\[C:9])[H:53])C(C([H])([H])[H])(C([H])([H])[H])C1([H])[H].O=[O:43]>>[C:8]([C:9])(=[O:43])[H:53],EVODEX-P4848
EVODEX-N1295,O=[O:43]>>[H]O[C@]1([H])C([H])([H])C(C([H])([H])[H])=C(/C([H])=C([H])/C(=C([H])/C([H])=C([H])/C(=C([H])/C([H])=C([H])/C([H])=C(C(/[H])=C(\[H])C([H])=[O:43])\C([H])([H])[H])C([H])([H])[H])C([H])([H])[H])C(C([H])([H])[H])(C([H])([H])[H])C1([H])[H],EVODEX-P4849
EVODEX-N1296,[H]O[C@]1([H])C([H])([H])C(C([H])([H])[H])=C(/C([H])=C([H])/C(C([H])([H])[H])=[C:8](\[C:9])[H:53])C(C([H])([H])[H])(C([H])([H])[H])C1([H])[H]>>O=[C:8]([C:9])[H:53],EVODEX-P4850
EVODEX-N1297,[H]O[C@]1([H])C([H])([H])C(C([H])([H])[H])=C(/C([H])=C([H])/C(=C([H])/C([H])=C([H])/C(=C([H])/C([H])=C([H])/C([H])=C(C(/[H])=C([H])/C([H])=[C:6](\[C:5])[C:7])\C([H])([H])[H])C([H])([H])[H])C([H])([H])[H])C(C([H])([H])[H])(C([H])([H])[H])C1([H])[H].O=[O:44]>>[C:5][C:6]([C:7])=[O:44],EVODEX-P4851
EVODEX-N1298,O=[O:44]>>[H]O[C@]1([H])C([H])([H])C(C([H])([H])[H])=C(/C([H])=C(\[H])C(C([H])([H])[H])=[O:44])C(C([H])([H])[H])(C([H])([H])[H])C1([H])[H],EVODEX-P4852
EVODEX-N1299,[H]O[C@]1([H])C([H])([H])C(C([H])([H])[H])=C(/C([H])=C([H])/C(=C([H])/C([H])=C([H])/C(=C([H])/C([H])=C([H])/C([H])=C(C(/[H])=C([H])/C([H])=[C:6](\[C:5])[C:7])\C([H])([H])[H])C([H])([H])[H])C([H])([H])[H])C(C([H])([H])[H])(C([H])([H])[H])C1([H])[H]>>O=[C:6]([C:5])[C:7],EVODEX-P4853
EVODEX-N1300,>>[H]O[C@]1([H])C([H])([H])C(C([H])([H])[H])=C(/C([H])=C(\[H])CC([H])([H])[H])C(C([H])([H])[H])(C([H])([H])[H])C1([H])[H].[H]C/C([H])=C([H])/C(=C([H])/C([H])=C([H])/C([H])=C(C(/[H])=C([H])/C([H])=C(C(/[H])=C(\[H])C1=C(C([H])([H])[H])C([H])([H])[C@@]([H])(O[H])C([H])([H])C1(C([H])([H])[H])C([H])([H])[H])\C([H])([H])[H])\C([H])([H])[H])C([H])([H])[H],EVODEX-P4854
EVODEX-N1301,[H]/C(C1=C(C([H])([H])[H])C([H])([H])C([H])([H])C([H])([H])C1(C([H])([H])[H])C([H])([H])[H])=C([H])\C(C([H])([H])[H])=[C:8](/[C:9])[H:51].O=[O:41]>>[C:8]([C:9])(=[O:41])[H:51],"EVODEX-P4857,EVODEX-P4875"
EVODEX-N1302,O=[O:41]>>[H]C(/C([H])=C([H])/C(=C([H])/C([H])=C([H])/C([H])=C(C(/[H])=C([H])/C([H])=C(C(/[H])=C(\[H])C1=C(C([H])([H])[H])C([H])([H])C([H])([H])C([H])([H])C1(C([H])([H])[H])C([H])([H])[H])\C([H])([H])[H])\C([H])([H])[H])C([H])([H])[H])=[O:41],EVODEX-P4858
EVODEX-N1303,[H]/C(C1=C(C([H])([H])[H])C([H])([H])C([H])([H])C([H])([H])C1(C([H])([H])[H])C([H])([H])[H])=C([H])\C(C([H])([H])[H])=[C:8](/[C:9])[H:51]>>O=[C:8]([C:9])[H:51],"EVODEX-P4859,EVODEX-P4877"
EVODEX-N1304,[H]/C(C1=C(C([H])([H])[H])C([H])([H])C([H])([H])C([H])([H])C1(C([H])([H])[H])C([H])([H])[H])=C([H])\C(=C([H])\C([H])=C([H])\C(=C([H])\C([H])=C([H])\C([H])=C(C(\[H])=C([H])\C([H])=[C:6](/[C:5])[C:7])/C([H])([H])[H])C([H])([H])[H])C([H])([H])[H].O=[O:42]>>[C:5][C:6]([C:7])=[O:42],EVODEX-P4860
EVODEX-N1305,O=[O:42]>>[H]/C(C1=C(C([H])([H])[H])C([H])([H])C([H])([H])C([H])([H])C1(C([H])([H])[H])C([H])([H])[H])=C(/[H])C(C([H])([H])[H])=[O:42],EVODEX-P4861
EVODEX-N1306,[H]/C(C1=C(C([H])([H])[H])C([H])([H])C([H])([H])C([H])([H])C1(C([H])([H])[H])C([H])([H])[H])=C([H])\C(=C([H])\C([H])=C([H])\C(=C([H])\C([H])=C([H])\C([H])=C(C(\[H])=C([H])\C([H])=[C:6](/[C:5])[C:7])/C([H])([H])[H])C([H])([H])[H])C([H])([H])[H]>>O=[C:6]([C:5])[C:7],EVODEX-P4862
EVODEX-N1307,>>[H]/C(CC([H])([H])[H])=C(/[H])C1=C(C([H])([H])[H])C([H])([H])C([H])([H])C([H])([H])C1(C([H])([H])[H])C([H])([H])[H].[H]C/C([H])=C([H])/C(=C([H])/C([H])=C([H])/C([H])=C(C(/[H])=C([H])/C([H])=C(C(/[H])=C(\[H])C1=C(C([H])([H])[H])C([H])([H])C([H])([H])C([H])([H])C1(C([H])([H])[H])C([H])([H])[H])\C([H])([H])[H])\C([H])([H])[H])C([H])([H])[H],EVODEX-P4863
EVODEX-N1308,[H]/C(C1=C(C([H])([H])[H])C([H])([H])C([H])([H])C([H])([H])C1(C([H])([H])[H])C([H])([H])[H])=C([H])\C(=C([H])\C([H])=C([H])\C(C([H])([H])[H])=[C:13](\[C:14])[H:45])C([H])([H])[H].O=[O:29]>>[C:13]([C:14])(=[O:29])[H:45],EVODEX-P4866
EVODEX-N1309,O=[O:29]>>[H]C(=O)/C([H])=C([H])/C(=C([H])/C([H])=C(\[H])C([H])=[O:29])C([H])([H])[H],EVODEX-P4867
EVODEX-N1310,[H]/C(C1=C(C([H])([H])[H])C([H])([H])C([H])([H])C([H])([H])C1(C([H])([H])[H])C([H])([H])[H])=C([H])\C(=C([H])\C([H])=C([H])\C(C([H])([H])[H])=[C:13](\[C:14])[H:45])C([H])([H])[H]>>O=[C:13]([C:14])[H:45],EVODEX-P4868
EVODEX-N1311,[H]C(=O)/C([H])=C([H])/C(=C([H])/C([H])=C([H])/C([H])=[C:11](/[C:10])[C:12])C([H])([H])[H].O=[O:30]>>[C:10][C:11]([C:12])=[O:30],EVODEX-P4869
EVODEX-N1312,O=[O:30]>>[H]/C(C(C([H])([H])[H])=[O:30])=C([H])\C([H])=C(C(\[H])=C(/[H])C1=C(C([H])([H])[H])C([H])([H])C([H])([H])C([H])([H])C1(C([H])([H])[H])C([H])([H])[H])/C([H])([H])[H],EVODEX-P4870
EVODEX-N1313,[H]C(=O)/C([H])=C([H])/C(=C([H])/C([H])=C([H])/C([H])=[C:11](/[C:10])[C:12])C([H])([H])[H]>>O=[C:11]([C:10])[C:12],EVODEX-P4871
EVODEX-N1314,>>[H]/C(CC([H])([H])[H])=C([H])\C([H])=C(C(\[H])=C(/[H])C1=C(C([H])([H])[H])C([H])([H])C([H])([H])C([H])([H])C1(C([H])([H])[H])C([H])([H])[H])/C([H])([H])[H].[H]C/C([H])=C([H])/C([H])=C(C(/[H])=C(\[H])C([H])=O)\C([H])([H])[H],EVODEX-P4872
EVODEX-N1315,O=[O:41]>>[H]C1=C(C([H])([H])[H])[C@]([H])(/C([H])=C([H])/C(=C([H])/C([H])=C([H])/C(=C([H])/C([H])=C([H])/C([H])=C(C(/[H])=C(\[H])C([H])=[O:41])\C([H])([H])[H])C([H])([H])[H])C([H])([H])[H])C(C([H])([H])[H])(C([H])([H])[H])C([H])([H])C1([H])[H],EVODEX-P4876
EVODEX-N1316,[H]C1=C(C([H])([H])[H])[C@]([H])(/C([H])=C([H])/C(=C([H])/C([H])=C([H])/C(=C([H])/C([H])=C([H])/C([H])=C(C(/[H])=C([H])/C([H])=[C:28](\[C:29])[C:30])\C([H])([H])[H])C([H])([H])[H])C([H])([H])[H])C(C([H])([H])[H])(C([H])([H])[H])C([H])([H])C1([H])[H].O=[O:42]>>[C:28]([C:29])([C:30])=[O:42],EVODEX-P4878
EVODEX-N1317,[H]C1=C(C([H])([H])[H])[C@]([H])(/C([H])=C([H])/C(=C([H])/C([H])=C([H])/C(=C([H])/C([H])=C([H])/C([H])=C(C(/[H])=C([H])/C([H])=[C:28](\[C:29])[C:30])\C([H])([H])[H])C([H])([H])[H])C([H])([H])[H])C(C([H])([H])[H])(C([H])([H])[H])C([H])([H])C1([H])[H]>>O=[C:28]([C:29])[C:30],EVODEX-P4879
EVODEX-N1318,>>[H]/C(CC([H])([H])[H])=C(/[H])C1=C(C([H])([H])[H])C([H])([H])C([H])([H])C([H])([H])C1(C([H])([H])[H])C([H])([H])[H].[H]C/C([H])=C([H])/C(=C([H])/C([H])=C([H])/C([H])=C(C(/[H])=C([H])/C([H])=C(C(/[H])=C(\[H])[C@@]1([H])C(C([H])([H])[H])=C([H])C([H])([H])C([H])([H])C1(C([H])([H])[H])C([H])([H])[H])\C([H])([H])[H])\C([H])([H])[H])C([H])([H])[H],EVODEX-P4880
EVODEX-N1319,[O:1]=[O:2].[H][C:8]([C:7]([P:4])([H:12])[H:13])([O:9])[H:14]>>[O:2]=[C:8]([O:9])[H:14].[H][O:1][C:7]([P:4])([H:12])[H:13],EVODEX-P4882
EVODEX-N1320,O=[O:1].[H]OC([H])([H])[C:7]([P:4])([H:12])[H:13]>>[H][O:1][C:7]([P:4])([H:12])[H:13],EVODEX-P4883
EVODEX-N1321,[H]OC([H])([H])[C:7]([P:4])([H:12])[H:13]>>[H]O[C:7]([P:4])([H:12])[H:13],EVODEX-P4884
EVODEX-N1322,O=[O:1]>>[H]OP(=O)(O[H])C([H])([H])[O:1][H],EVODEX-P4885
EVODEX-N1323,O=[O:2].[H]OP(=O)(O[H])C([H])([H])[C:8]([H])([O:9])[H:14]>>[O:2]=[C:8]([O:9])[H:14],EVODEX-P4886
EVODEX-N1324,[H]OP(=O)(O[H])C([H])([H])[C:8]([H])([O:9])[H:14]>>O=[C:8]([O:9])[H:14],EVODEX-P4887
EVODEX-N1325,[O:1]=[O:2]>>[H]OC([H])=[O:2].[H]OP(=O)(O[H])C([H])([H])[O:1][H],EVODEX-P4889
EVODEX-N1326,[N:1][C:2]1:[C:3]([H:13]):[C:4]([H:14]):[C:5]([H:15]):[C:6]([H:16]):[C:7]:1[O:8].[O:9]=[O:10]>>[N:1]/[C:2](=[C:3]([C:4](=[C:5](\[C:6](=[O:9])[H:16])[H:15])/[H:14])\[H:13])[C:7]([O:8])=[O:10],EVODEX-P4890
EVODEX-N1327,>>[H]C/C([H])=C([H])\C([H])=C(/CO[H])N([H])[H],EVODEX-P4891
EVODEX-N1328,[N:1][C:2]1:[C:3]([H:13]):[C:4]([H:14]):[C:5]([H:15]):[C:6]([H:16]):[C:7]:1[O:8]>>O=[C:6](/[C:5](=[C:4]([C:3](=[C:2](\[N:1])[C:7](=O)[O:8])\[H:13])/[H:14])[H:15])[H:16],EVODEX-P4892
EVODEX-N1329,[H]/C(C1=C(C([H])([H])[H])C([H])([H])C([H])([H])C([H])([H])C1(C([H])([H])[H])C([H])([H])[H])=C([H])\C(=C([H])\C([H])=[C:10](\[C:11])[H:44])C([H])([H])[H].O=[O:32]>>[C:10]([C:11])(=[O:32])[H:44],EVODEX-P4894
EVODEX-N1330,O=[O:32]>>[H]OC([H])([H])/C(=C([H])/C([H])=C([H])/C(=C([H])/C([H])=C([H])/C([H])=C(/C([H])=[O:32])C([H])([H])[H])C([H])([H])[H])C([H])([H])[H],EVODEX-P4895
EVODEX-N1331,[H]/C(C1=C(C([H])([H])[H])C([H])([H])C([H])([H])C([H])([H])C1(C([H])([H])[H])C([H])([H])[H])=C([H])\C(=C([H])\C([H])=[C:10](\[C:11])[H:44])C([H])([H])[H]>>O=[C:10]([C:11])[H:44],EVODEX-P4896
EVODEX-N1332,[H]OC([H])([H])/C(=C([H])/C([H])=C([H])/C(=C([H])/C([H])=C([H])/C([H])=C(C(/[H])=[C:9](/[C:8])[H:43])\C([H])([H])[H])C([H])([H])[H])C([H])([H])[H].O=[O:33]>>[C:8][C:9](=[O:33])[H:43],EVODEX-P4897
EVODEX-N1333,O=[O:33]>>[H]C(/C([H])=C(C(/[H])=C(\[H])C1=C(C([H])([H])[H])C([H])([H])C([H])([H])C([H])([H])C1(C([H])([H])[H])C([H])([H])[H])\C([H])([H])[H])=[O:33],EVODEX-P4898
EVODEX-N1334,[H]OC([H])([H])/C(=C([H])/C([H])=C([H])/C(=C([H])/C([H])=C([H])/C([H])=C(C(/[H])=[C:9](/[C:8])[H:43])\C([H])([H])[H])C([H])([H])[H])C([H])([H])[H]>>O=[C:9]([C:8])[H:43],EVODEX-P4899
EVODEX-N1335,>>[H]C/C([H])=C(C(/[H])=C(\[H])C1=C(C([H])([H])[H])C([H])([H])C([H])([H])C([H])([H])C1(C([H])([H])[H])C([H])([H])[H])\C([H])([H])[H].[H]C/C(=C([H])/C([H])=C([H])/C([H])=C(C(/[H])=C([H])/C([H])=C(\C([H])([H])[H])C([H])([H])O[H])\C([H])([H])[H])C([H])([H])[H],EVODEX-P4900
EVODEX-N1336,[H]O[C@]1([H])C([H])([H])C(C([H])([H])[H])=C(/C([H])=C([H])/C(=C([H])/C([H])=C([H])/C(=C([H])/C([H])=[C:15](/[C:16])[H:51])C([H])([H])[H])C([H])([H])[H])C(C([H])([H])[H])(C([H])([H])[H])C1([H])[H].O=[O:33]>>[C:15]([C:16])(=[O:33])[H:51],EVODEX-P4903
EVODEX-N1337,>>[H]C/C([H])=C(C(/[H])=C([H])/C([H])=C(C(/[H])=C(\[H])C1=C(C([H])([H])[H])C([H])([H])[C@@]([H])(O[H])C([H])([H])C1(C([H])([H])[H])C([H])([H])[H])\C([H])([H])[H])\C([H])([H])[H].[H]C/C([H])=C(C(/[H])=C([H])/C([H])=C(/C([H])=O)C([H])([H])[H])\C([H])([H])[H],EVODEX-P4907
EVODEX-N1338,[N:1][C:2]1:[C:3]([H:14]):[C:4]([H:15]):[C:5]([Cl:6]):[C:7]([H:16]):[C:8]:1[O:9].[O:10]=[O:11]>>[N:1]/[C:2](=[C:3]([C:4](=[C:5](/[Cl:6])[C:7](=[O:10])[H:16])/[H:15])\[H:14])[C:8]([O:9])=[O:11],EVODEX-P4909
EVODEX-N1339,>>[H]C/C(Cl)=C([H])\C([H])=C(/CO[H])N([H])[H],EVODEX-P4910
EVODEX-N1340,[N:1][C:2]1:[C:3]([H:14]):[C:4]([H:15]):[C:5]([Cl:6]):[C:7]([H:16]):[C:8]:1[O:9]>>O=[C:7](/[C:5](=[C:4]([C:3](=[C:2](\[N:1])[C:8](=O)[O:9])\[H:14])/[H:15])[Cl:6])[H:16],EVODEX-P4911
EVODEX-N1341,[O:21]=[O:22]>>[H]OC(=O)C([H])([H])C([H])([H])C([H])([H])C([H])([H])C([H])([H])C([H])([H])/C([H])=C(\[H])[C@]([H])(C([H])([H])C([H])([H])C([H])([H])C([H])([H])C([H])([H])C([H])([H])C([H])([H])C([H])([H])[H])[O:21][O:22][H],EVODEX-P4913
EVODEX-N1342,[O:19]=[O:20]>>[H]OC1:C([H]):C([H]):C(C([H])(C(=O)[O:20][H])[O:19][H]):C([H]):C:1C([H])([H])C([H])=C(C([H])([H])[H])C([H])([H])[H],EVODEX-P4917
EVODEX-N1343,[H]OC1:C([H]):C([H]):C(C([H])([H])C(=O)[C:12](=[O:13])[O:14][H]):C([H]):C:1C([H])([H])C([H])=C(C([H])([H])[H])C([H])([H])[H]>>[C:12](=[O:13])=[O:14],EVODEX-P4919
EVODEX-N1344,[C:22]/[C:24](=[C:25](/[C:26])[H:75])[H:74].[C:3]/[C:4](=[C:5](/[C:6])[H:51])[H:50].[O:43]=[O:44].[O:45]=[O:46]>>[C:3][C:4](=[O:45])[H:50].[C:25]([C:26])(=[O:46])[H:75].[C:22][C:24](=[O:44])[H:74].[C:5]([C:6])(=[O:43])[H:51],EVODEX-P4921
EVODEX-N1345,[H]O[C@]1([H])C([H])([H])C(C([H])([H])[H])=C(/C([H])=C([H])/C(=C([H])/C([H])=C([H])/C(=C([H])/C([H])=C([H])/C([H])=C(C(/[H])=C([H])/C([H])=C(C(/[H])=[C:4](/[C:3])[H:50])\C([H])([H])[H])\C([H])([H])[H])C([H])([H])[H])C([H])([H])[H])C(C([H])([H])[H])(C([H])([H])[H])C1([H])[H].O=[O:45]>>[C:3][C:4](=[O:45])[H:50],EVODEX-P4922
EVODEX-N1346,[H]O[C@]1([H])C([H])([H])C(C([H])([H])[H])=C(/C([H])=C([H])/C(=C([H])/C([H])=C([H])/C(=C([H])/C([H])=C([H])/C([H])=C(C(/[H])=C([H])/C([H])=C(C(/[H])=[C:4](/[C:3])[H:50])\C([H])([H])[H])\C([H])([H])[H])C([H])([H])[H])C([H])([H])[H])C(C([H])([H])[H])(C([H])([H])[H])C1([H])[H]>>O=[C:4]([C:3])[H:50],EVODEX-P4923
EVODEX-N1347,>>O.O.O.O,EVODEX-P4924
EVODEX-N1348,O=[O:46]>>[H]O[C@]1([H])C([H])([H])C(C([H])([H])[H])=C(C([H])=[O:46])C(C([H])([H])[H])(C([H])([H])[H])C1([H])[H],EVODEX-P4925
EVODEX-N1349,[H]O[C@]1([H])C([H])([H])C(C([H])([H])[H])=C(/C([H])=[C:24](/[C:22])[H:74])C(C([H])([H])[H])(C([H])([H])[H])C1([H])[H].[H]O[C@]1([H])C([H])([H])C(C([H])([H])[H])=C(/C([H])=[C:5](/[C:6])[H:51])C(C([H])([H])[H])(C([H])([H])[H])C1([H])[H]>>O=[C:24]([C:22])[H:74].O=[C:5]([C:6])[H:51],EVODEX-P4926
EVODEX-N1350,[H]O[C@]1([H])C([H])([H])C(C([H])([H])[H])=C(/C([H])=[C:24](/[C:22])[H:74])C(C([H])([H])[H])(C([H])([H])[H])C1([H])[H].[H]O[C@]1([H])C([H])([H])C(C([H])([H])[H])=C(/C([H])=[C:5](/[C:6])[H:51])C(C([H])([H])[H])(C([H])([H])[H])C1([H])[H].[O:43]=[O:44]>>[C:22][C:24](=[O:44])[H:74].[C:5]([C:6])(=[O:43])[H:51],EVODEX-P4927
EVODEX-N1351,>>[H]CC1=C(C([H])([H])[H])C([H])([H])[C@@]([H])(O[H])C([H])([H])C1(C([H])([H])[H])C([H])([H])[H].[H]CC1=C(C([H])([H])[H])C([H])([H])[C@@]([H])(O[H])C([H])([H])C1(C([H])([H])[H])C([H])([H])[H].[H]C/C(=C([H])/C([H])=C([H])/C(=C([H])/C([H])=C([H])/C([H])=C(C(/[H])=C([H])/C([H])=C(/C[H])C([H])([H])[H])\C([H])([H])[H])C([H])([H])[H])C([H])([H])[H],EVODEX-P4928
EVODEX-N1352,>>[H]C/C(=C([H])/C([H])=C([H])/C(=C([H])/C([H])=C([H])/C([H])=C(C(/[H])=C([H])/C([H])=C(/C[H])C([H])([H])[H])\C([H])([H])[H])C([H])([H])[H])C([H])([H])[H],EVODEX-P4929
EVODEX-N1353,[H]O[C@]1([H])C([H])([H])C(C([H])([H])[H])=C(/C([H])=[C:5](/[C:6])[H:39])C(C([H])([H])[H])(C([H])([H])[H])C1([H])[H].O=[O:33]>>[C:5]([C:6])(=[O:33])[H:39],EVODEX-P4931
EVODEX-N1354,[H]O[C@]1([H])C([H])([H])C(C([H])([H])[H])=C(/C([H])=[C:5](/[C:6])[H:39])C(C([H])([H])[H])(C([H])([H])[H])C1([H])[H]>>O=[C:5]([C:6])[H:39],EVODEX-P4932
EVODEX-N1355,[H]C(=O)/C(=C([H])/C([H])=C([H])/C(=C([H])/C([H])=C([H])/C([H])=C(C(/[H])=C([H])/C([H])=C(C(/[H])=[C:4](/[C:3])[H:38])\C([H])([H])[H])\C([H])([H])[H])C([H])([H])[H])C([H])([H])[H].O=[O:34]>>[C:3][C:4](=[O:34])[H:38],EVODEX-P4933
EVODEX-N1356,[H]C(=O)/C(=C([H])/C([H])=C([H])/C(=C([H])/C([H])=C([H])/C([H])=C(C(/[H])=C([H])/C([H])=C(C(/[H])=[C:4](/[C:3])[H:38])\C([H])([H])[H])\C([H])([H])[H])C([H])([H])[H])C([H])([H])[H]>>O=[C:4]([C:3])[H:38],EVODEX-P4934
EVODEX-N1357,>>[H]OC/C([H])=C([H])\C(=C(\[H])CC(=O)O[H])N([H])[H],EVODEX-P4937
EVODEX-N1358,[H]/C(C([H])([H])[H])=[C:3](\[C:4])[H:19]>>O=[C:3]([C:4])[H:19],EVODEX-P4941
EVODEX-N1359,[H]OC1:C([H]):C([H]):C(/C([H])=[C:2](/[C:1])[H:18]):C([H]):C:1OC([H])([H])[H].O=[O:13]>>[C:1][C:2](=[O:13])[H:18],EVODEX-P4942
EVODEX-N1360,O=[O:13]>>[H]C(C([H])([H])[H])=[O:13],EVODEX-P4943
EVODEX-N1361,>>[H]CC([H])([H])[H].[H]CC1:C([H]):C([H]):C(O[H]):C(OC([H])([H])[H]):C:1[H],EVODEX-P4945
EVODEX-N1362,[C:1](=[C:2]([C:3])[H:16])([H:14])[H:15].[O:12]=[O:13]>>[C:1](=[O:12])([H:14])[H:15].[C:2]([C:3])(=[O:13])[H:16],EVODEX-P4947
EVODEX-N1363,[H]C([H])=[C:2]([C:3])[H:16].O=[O:13]>>[C:2]([C:3])(=[O:13])[H:16],EVODEX-P4948
EVODEX-N1364,[H]C([H])=[C:2]([C:3])[H:16]>>O=[C:2]([C:3])[H:16],EVODEX-P4949
EVODEX-N1365,[H]OC1:C([H]):C([H]):C(C([H])=[C:1]([H:14])[H:15]):C([H]):C:1OC([H])([H])[H].O=[O:12]>>[C:1](=[O:12])([H:14])[H:15],EVODEX-P4950
EVODEX-N1366,O=[O:12]>>[H]C([H])=[O:12],EVODEX-P4951
EVODEX-N1367,[H]OC1:C([H]):C([H]):C(C([H])=[C:1]([H:14])[H:15]):C([H]):C:1OC([H])([H])[H]>>O=[C:1]([H:14])[H:15],EVODEX-P4952
EVODEX-N1368,>>[H]C[H].[H]CC1:C([H]):C([H]):C(O[H]):C(OC([H])([H])[H]):C:1[H],EVODEX-P4953
EVODEX-N1369,[O:15]=[O:16]>>[H]OC(=O)[C@@]([H])(C([H])([H])C([H])([H])C([H])([H])C([H])([H])C([H])([H])C([H])([H])C([H])([H])C([H])([H])C([H])([H])C([H])([H])[H])[O:15][O:16][H],EVODEX-P4956
EVODEX-N1370,O=[O:13]>>[H]N=C(N([H])[H])N([H])C([H])([H])C([H])([H])C([H])([H])C(N([H])[H])=[O:13],EVODEX-P4958
EVODEX-N1371,[H]N=C(N([H])[H])N([H])C([H])([H])C([H])([H])C([H])([H])[C@]([H])(N([H])[H])[C:10](=[O:11])[O:12][H]>>[C:10](=[O:11])=[O:12],EVODEX-P4959
EVODEX-N1372,[H][C@@:8]([C:7])([N:9])[C:10](=[O:11])[O:12][H]>>[C:10](=[O:11])=[O:12].O=[C:8]([C:7])[N:9],"EVODEX-P4960,EVODEX-P4970,EVODEX-P4980,EVODEX-P4990,EVODEX-P5000,EVODEX-P5031,EVODEX-P5041"
EVODEX-N1373,[H][C@@:8]([C:7])([N:9])[C:10](=[O:11])[O:12][H].[O:13]=[O:14]>>[C:10](=[O:11])=[O:12].[C:7][C:8]([N:9])=[O:13].[H][O:14][H],"EVODEX-P4961,EVODEX-P4971,EVODEX-P4981,EVODEX-P4991,EVODEX-P5001,EVODEX-P5032,EVODEX-P5042"
EVODEX-N1374,[H][C@@:8]([C:7])([N:9])[C:10](=[O:11])[O:12][H].O=[O:13]>>[C:10](=[O:11])=[O:12].[C:7][C:8]([N:9])=[O:13],"EVODEX-P4962,EVODEX-P4972,EVODEX-P4982,EVODEX-P4992,EVODEX-P5002,EVODEX-P5033,EVODEX-P5043"
EVODEX-N1375,[H]N=C(N([H])[H])N([H])C([H])([H])C([H])([H])C([H])([H])[C@]([H])(N([H])[H])[C:10](=[O:11])[O:12][H].O=[O:14]>>[C:10](=[O:11])=[O:12].[H][O:14][H],EVODEX-P4963
EVODEX-N1376,[H]OC(=O)[C@@:2]([H])([N:1])[C:3]>>O=[C:2]([N:1])[C:3],"EVODEX-P4964,EVODEX-P4974,EVODEX-P4984,EVODEX-P4994,EVODEX-P5004,EVODEX-P5035,EVODEX-P5045"
EVODEX-N1377,[H]OC(=O)[C@:8]([H])([C:7])[N:9].[O:13]=[O:14]>>[C:7][C:8]([N:9])=[O:13].[H][O:14][H],"EVODEX-P4965,EVODEX-P4975,EVODEX-P4985,EVODEX-P4995,EVODEX-P5005,EVODEX-P5036,EVODEX-P5046"
EVODEX-N1378,[O:13]=[O:14]>>[H]N=C(N([H])[H])N([H])C([H])([H])C([H])([H])C([H])([H])C(N([H])[H])=[O:13].[H][O:14][H],EVODEX-P4966
EVODEX-N1379,[H]OC(=O)[C@:8]([H])([C:7])[N:9].O=[O:13]>>[C:7][C:8]([N:9])=[O:13],"EVODEX-P4967,EVODEX-P4977,EVODEX-P4987,EVODEX-P4997,EVODEX-P5007,EVODEX-P5038,EVODEX-P5048"
EVODEX-N1380,O=[O:13]>>[H]N=C(N([H])[H])N([H])OC([H])([H])C([H])([H])C(N([H])[H])=[O:13],EVODEX-P4968
EVODEX-N1381,[H]N=C(N([H])[H])N([H])OC([H])([H])C([H])([H])[C@]([H])(N([H])[H])[C:10](=[O:11])[O:12][H]>>[C:10](=[O:11])=[O:12],EVODEX-P4969
EVODEX-N1382,[H]N=C(N([H])[H])N([H])OC([H])([H])C([H])([H])[C@]([H])(N([H])[H])[C:10](=[O:11])[O:12][H].O=[O:14]>>[C:10](=[O:11])=[O:12].[H][O:14][H],EVODEX-P4973
EVODEX-N1383,[O:13]=[O:14]>>[H]N=C(N([H])[H])N([H])OC([H])([H])C([H])([H])C(N([H])[H])=[O:13].[H][O:14][H],EVODEX-P4976
EVODEX-N1384,O=[O:11]>>[H]N([H])C(C([H])([H])C([H])([H])C([H])([H])C([H])([H])N([H])[H])=[O:11],EVODEX-P4978
EVODEX-N1385,[H]N([H])C([H])([H])C([H])([H])C([H])([H])C([H])([H])[C@]([H])(N([H])[H])[C:8](=[O:9])[O:10][H]>>[C:8](=[O:9])=[O:10],EVODEX-P4979
EVODEX-N1386,[H]N([H])C([H])([H])C([H])([H])C([H])([H])C([H])([H])[C@]([H])(N([H])[H])[C:8](=[O:9])[O:10][H].O=[O:12]>>[C:8](=[O:9])=[O:10].[H][O:12][H],EVODEX-P4983
EVODEX-N1387,[O:11]=[O:12]>>[H]N([H])C(C([H])([H])C([H])([H])C([H])([H])C([H])([H])N([H])[H])=[O:11].[H][O:12][H],EVODEX-P4986
EVODEX-N1388,O=[O:16]>>[H]C1:C([H]):C([H]):C2:C(:C:1[H]):C(C([H])([H])C(N([H])[H])=[O:16]):C([H]):N:2[H],EVODEX-P4988
EVODEX-N1389,[H]C1:C([H]):C([H]):C2:C(:C:1[H]):C(C([H])([H])[C@]([H])(N([H])[H])[C:13](=[O:14])[O:15][H]):C([H]):N:2[H]>>[C:13](=[O:14])=[O:15],EVODEX-P4989
EVODEX-N1390,[H]C1:C([H]):C([H]):C2:C(:C:1[H]):C(C([H])([H])[C@]([H])(N([H])[H])[C:13](=[O:14])[O:15][H]):C([H]):N:2[H].O=[O:17]>>[C:13](=[O:14])=[O:15].[H][O:17][H],EVODEX-P4993
EVODEX-N1391,[O:16]=[O:17]>>[H]C1:C([H]):C([H]):C2:C(:C:1[H]):C(C([H])([H])C(N([H])[H])=[O:16]):C([H]):N:2[H].[H][O:17][H],EVODEX-P4996
EVODEX-N1392,O=[O:17]>>[H]OC1:C([H]):C([H]):C2:C(:C:1[H]):C(C([H])([H])C(N([H])[H])=[O:17]):C([H]):N:2[H],EVODEX-P4998
EVODEX-N1393,[H]OC1:C([H]):C([H]):C2:C(:C:1[H]):C(C([H])([H])[C@]([H])(N([H])[H])[C:14](=[O:15])[O:16][H]):C([H]):N:2[H]>>[C:14](=[O:15])=[O:16],EVODEX-P4999
EVODEX-N1394,[H]OC1:C([H]):C([H]):C2:C(:C:1[H]):C(C([H])([H])[C@]([H])(N([H])[H])[C:14](=[O:15])[O:16][H]):C([H]):N:2[H].O=[O:18]>>[C:14](=[O:15])=[O:16].[H][O:18][H],EVODEX-P5003
EVODEX-N1395,[O:17]=[O:18]>>[H]OC1:C([H]):C([H]):C2:C(:C:1[H]):C(C([H])([H])C(N([H])[H])=[O:17]):C([H]):N:2[H].[H][O:18][H],EVODEX-P5006
EVODEX-N1396,[H]O[C@@]([H])(C([H])([H])[H])[C:4](=[O:5])[O:6][H]>>[C:4](=[O:5])=[O:6],EVODEX-P5008
EVODEX-N1397,[H][C@@:2]([C:1])([O:3])[C:4](=[O:5])[O:6][H]>>[C:4](=[O:5])=[O:6].O=[C:2]([C:1])[O:3],"EVODEX-P5009,EVODEX-P5078,EVODEX-P8754"
EVODEX-N1398,[H][C@@:2]([C:1])([O:3])[C:4](=[O:5])[O:6][H].[O:7]=[O:8]>>[C:4](=[O:5])=[O:6].[C:1][C:2]([O:3])=[O:7].[H][O:8][H],"EVODEX-P5010,EVODEX-P5079,EVODEX-P8755"
EVODEX-N1399,[H][C@@:2]([C:1])([O:3])[C:4](=[O:5])[O:6][H].O=[O:7]>>[C:4](=[O:5])=[O:6].[C:1][C:2]([O:3])=[O:7],"EVODEX-P5011,EVODEX-P5080,EVODEX-P8756"
EVODEX-N1400,[H]O[C@@]([H])(C([H])([H])[H])[C:4](=[O:5])[O:6][H].O=[O:8]>>[C:4](=[O:5])=[O:6].[H][O:8][H],EVODEX-P5012
EVODEX-N1401,[H]OC(=O)[C@:2]([H])([C:1])[O:3].[O:7]=[O:8]>>[C:1][C:2]([O:3])=[O:7].[H][O:8][H],"EVODEX-P5014,EVODEX-P5083,EVODEX-P8759"
EVODEX-N1402,[O:7]=[O:8]>>[H]OC(C([H])([H])[H])=[O:7].[H][O:8][H],EVODEX-P5015
EVODEX-N1403,[H]O[C@@]1([H])[C@@]([H])(O[H])[C@]([H])(N2:C([H]):N:C3:C(N([H])[H]):N:C([H]):N:C:3:2)O[C@]1([H])C([H])([H])OP(=O)(O[H])OP(=O)(O[H])[O:23][P:24]>>[H][O:23][P:24],"EVODEX-P5018,EVODEX-P13110,EVODEX-P28862,EVODEX-P28950,EVODEX-P28952"
EVODEX-N1404,[H]OP(=O)(O[H])OP(=O)(O[H])O[P:16]([O:15])(=[O:17])[O:18].[H][O:34][C:33]>>[O:15][P:16](=[O:17])([O:18])[O:34][C:33],"EVODEX-P5019,EVODEX-P19805,EVODEX-P19845,EVODEX-P19869,EVODEX-P19879,EVODEX-P19884,EVODEX-P19990,EVODEX-P19995,EVODEX-P20050,EVODEX-P20065,EVODEX-P20084,EVODEX-P20089,EVODEX-P31898,EVODEX-P32965,EVODEX-P32970,EVODEX-P32975,EVODEX-P33014,EVODEX-P33019,EVODEX-P33103,EVODEX-P33108,EVODEX-P33113,EVODEX-P33140,EVODEX-P33145,EVODEX-P33150,EVODEX-P33155,EVODEX-P33160,EVODEX-P33170,EVODEX-P33551,EVODEX-P34837"
EVODEX-N1405,[H][O:38][C:37]>>[H]O[C@@]1([H])[C@@]([H])(O[H])[C@]([H])(N2:C([H]):N:C3:C(N([H])[H]):N:C([H]):N:C:3:2)O[C@]1([H])C([H])([H])OP(=O)(O[H])OP(=O)(O[H])[O:38][C:37],EVODEX-P5020
EVODEX-N1406,[H]OP(=O)(O[H])OP(=O)(O[H])O[P:20]([O:19])(=[O:21])[O:22]>>[H]OC1:C([H]):C([H]):C2:N:C(C3=N[C@@]([H])(C(=O)O[P:20]([O:19])(=[O:21])[O:22])C([H])([H])S3):S:C:2:C:1[H],EVODEX-P5021
EVODEX-N1407,>>[H]OC1:C([H]):C([H]):C2:N:C(C3=N[C@@]([H])(C(O)=O)C([H])([H])S3):S:C:2:C:1[H].[H],"EVODEX-P5022,EVODEX-P5028"
EVODEX-N1408,[H]O[C@@]1([H])[C@@]([H])(O[H])[C@]([H])(N2:C([H]):N:C3:C(N([H])[H]):N:C([H]):N:C:3:2)O[C@]1([H])C([H])([H])OP(=O)(O[H])OP(=O)(O[H])OP(=O)(O[H])OP(=O)(O[H])[O:31][P:32]>>[H][O:31][P:32],EVODEX-P5024
EVODEX-N1409,[H]O[C@@]1([H])[C@@]([H])(O[H])[C@]([H])(N2:C([H]):N:C3:C(N([H])[H]):N:C([H]):N:C:3:2)O[C@]1([H])C([H])([H])OP(=O)(O[H])O[P:20](=[O:21])([O:22])[O:23].[H][O:39][C:38]>>[P:20](=[O:21])([O:22])([O:23])[O:39][C:38],"EVODEX-P5025,EVODEX-P18082,EVODEX-P18107,EVODEX-P18169,EVODEX-P18203,EVODEX-P18636,EVODEX-P18706,EVODEX-P18738,EVODEX-P18821,EVODEX-P18830,EVODEX-P18834,EVODEX-P18895,EVODEX-P18940,EVODEX-P19071,EVODEX-P19076,EVODEX-P19164,EVODEX-P19562,EVODEX-P19571,EVODEX-P19575,EVODEX-P19580,EVODEX-P19585,EVODEX-P19590,EVODEX-P19595,EVODEX-P19600,EVODEX-P20238,EVODEX-P20373,EVODEX-P20403,EVODEX-P20453"
EVODEX-N1410,[H][O:71][C:70]>>[H]O[C@@]1([H])[C@@]([H])(O[H])[C@]([H])(N2:C([H]):N:C3:C(N([H])[H]):N:C([H]):N:C:3:2)O[C@]1([H])C([H])([H])OP(=O)(O[H])OP(=O)(O[H])OP(=O)(O[H])OP(=O)(O[H])[O:71][C:70],EVODEX-P5026
EVODEX-N1411,[H]O[C@@]1([H])[C@@]([H])(O[H])[C@]([H])(N2:C([H]):N:C3:C(N([H])[H]):N:C([H]):N:C:3:2)O[C@]1([H])C([H])([H])OP(=O)(O[H])O[P:28]([O:27])(=[O:29])[O:30]>>[H]OC(=O)[C@]1([H])N=C(C2:N:C3:C([H]):C([H]):C(O[P:28]([O:27])(=[O:29])[O:30]):C([H]):C:3:S:2)SC1([H])[H],EVODEX-P5027
EVODEX-N1412,O=[O:13]>>[H]C1:C([H]):C([H]):C(C([H])([H])C(N([H])[H])=[O:13]):C([H]):C:1[H],EVODEX-P5029
EVODEX-N1413,[H]C1:C([H]):C([H]):C(C([H])([H])[C@]([H])(N([H])[H])[C:10](=[O:11])[O:12][H]):C([H]):C:1[H]>>[C:10](=[O:11])=[O:12],EVODEX-P5030
EVODEX-N1414,[H]C1:C([H]):C([H]):C(C([H])([H])[C@]([H])(N([H])[H])[C:10](=[O:11])[O:12][H]):C([H]):C:1[H].O=[O:14]>>[C:10](=[O:11])=[O:12].[H][O:14][H],EVODEX-P5034
EVODEX-N1415,[O:13]=[O:14]>>[H]C1:C([H]):C([H]):C(C([H])([H])C(N([H])[H])=[O:13]):C([H]):C:1[H].[H][O:14][H],EVODEX-P5037
EVODEX-N1416,O=[O:10]>>[H]N([H])C(C([H])([H])C([H])([H])SC([H])([H])[H])=[O:10],EVODEX-P5039
EVODEX-N1417,[H]N([H])[C@@]([H])(C([H])([H])C([H])([H])SC([H])([H])[H])[C:7](=[O:8])[O:9][H]>>[C:7](=[O:8])=[O:9],EVODEX-P5040
EVODEX-N1418,[H]N([H])[C@@]([H])(C([H])([H])C([H])([H])SC([H])([H])[H])[C:7](=[O:8])[O:9][H].O=[O:11]>>[C:7](=[O:8])=[O:9].[H][O:11][H],EVODEX-P5044
EVODEX-N1419,[O:10]=[O:11]>>[H]N([H])C(C([H])([H])C([H])([H])SC([H])([H])[H])=[O:10].[H][O:11][H],EVODEX-P5047
EVODEX-N1420,[H]C1:C([H]):C([H]):C2:C(:C:1[H]):C(C([H])([H])[C@]([H])(C(=O)OC([H])([H])[H])[N:22]([H:39])[H:40]):C([H]):N:2[H].[H]N([H])[C@@:5]([H])([C:3])[C:7].O=[O:33]>>[C:3][C:5]([C:7])=[O:33].[H][N:22]([H:39])[H:40],EVODEX-P5050
EVODEX-N1421,[H]N([H])[C@@:21]([H])([C:19])[C:23].[O:33]=[O:34]>>[C:19][C:21]([C:23])=[O:34].[H]C1:C([H]):C([H]):C2:C(:C:1[H]):C(C([H])([H])C(C(=O)OC([H])([H])[H])=[O:33]):C([H]):N:2[H],EVODEX-P5051
EVODEX-N1422,[H]C1:C([H]):C([H]):C2:C(:C:1[H]):C(C([H])([H])[C@]([H])(C(=O)OC([H])([H])[H])[N:6]([H:53])[H:54]):C([H]):N:2[H]>>[H][N:6]([H:53])[H:54],EVODEX-P5053
EVODEX-N1423,O=[O:34]>>[H]C1:C([H]):C([H]):C2:C(:C:1[H]):C(C([H])([H])C(C(=O)OC([H])([H])[H])=[O:34]):C([H]):N:2[H],EVODEX-P5054
EVODEX-N1424,[H]OC(=O)[C@]([H])(C([H])([H])C1:C([H]):C([H]):C(O[H]):C(O[H]):C:1[H])[N:15]([H:31])[H:32].[H]N([H])[C@@:2]([H])([C:3])[C:12].O=[O:29]>>[C:2]([C:3])([C:12])=[O:29].[H][N:15]([H:31])[H:32],EVODEX-P5056
EVODEX-N1425,[H]N([H])[C@@:16]([H])([C:17])[C:26].[O:29]=[O:30]>>[C:16]([C:17])([C:26])=[O:30].[H]OC(=O)C(C([H])([H])C1:C([H]):C([H]):C(O[H]):C(O[H]):C:1[H])=[O:29],EVODEX-P5057
EVODEX-N1426,[H]OC(=O)[C@]([H])(C([H])([H])C1:C([H]):C([H]):C(O[H]):C(O[H]):C:1[H])[N:1]([H:42])[H:43]>>[H][N:1]([H:42])[H:43],EVODEX-P5059
EVODEX-N1427,O=[O:30]>>[H]OC(=O)C(C([H])([H])C1:C([H]):C([H]):C(O[H]):C(O[H]):C:1[H])=[O:30],EVODEX-P5060
EVODEX-N1428,[H][C:26]([H])([C:12])[C:25].[O:27]=[O:28]>>[C:12][C:26]([C:25])=[O:27].[H][O:28][H],"EVODEX-P5061,EVODEX-P5066,EVODEX-P5071,EVODEX-P9128"
EVODEX-N1429,[H][C:26]([H])([C:12])[C:25].O=[O:27]>>[C:12][C:26]([C:25])=[O:27],"EVODEX-P5062,EVODEX-P5067,EVODEX-P5072,EVODEX-P9129"
EVODEX-N1430,O=[O:27]>>[H]OC1:C([H]):C(O[H]):C2:C(:C:1[H])C(=[O:27])C1:C([H]):C(O[H]):C(C(=O)C([H])([H])C([H])([H])C([H])([H])C([H])([H])C([H])([H])[H]):C(O[H]):C:1C2=O,EVODEX-P5063
EVODEX-N1431,[H][C:26]([H])([C:12])[C:25]>>O=[C:26]([C:12])[C:25],"EVODEX-P5064,EVODEX-P5069,EVODEX-P5074,EVODEX-P9131"
EVODEX-N1432,[O:27]=[O:28]>>[H]OC1:C([H]):C(O[H]):C2:C(:C:1[H])C(=[O:27])C1:C([H]):C(O[H]):C(C(=O)C([H])([H])C([H])([H])C([H])([H])C([H])([H])C([H])([H])[H]):C(O[H]):C:1C2=O.[H][O:28][H],EVODEX-P5065
EVODEX-N1433,O=[O:28]>>[H]OC(=O)C1:C(O[H]):C([H]):C2:C([H]):C3:C(:C(O[H]):C:2:C:1C([H])([H])[H])C(=O)C1:C(O[H]):C([H]):C(O[H]):C([H]):C:1C3=[O:28],EVODEX-P5068
EVODEX-N1434,[O:28]=[O:29]>>[H]OC(=O)C1:C(O[H]):C([H]):C2:C([H]):C3:C(:C(O[H]):C:2:C:1C([H])([H])[H])C(=O)C1:C(O[H]):C([H]):C(O[H]):C([H]):C:1C3=[O:28].[H][O:29][H],EVODEX-P5070
EVODEX-N1435,O=[O:28]>>[H]OC(=O)C([H])([H])C1:C([H]):C2:C(:C(O[H]):C:1C(=O)C([H])([H])C(=O)C([H])([H])[H])C(=O)C1:C(O[H]):C([H]):C([H]):C([H]):C:1C2=[O:28],EVODEX-P5073
EVODEX-N1436,[O:28]=[O:29]>>[H]OC(=O)C([H])([H])C1:C([H]):C2:C(:C(O[H]):C:1C(=O)C([H])([H])C(=O)C([H])([H])[H])C(=O)C1:C(O[H]):C([H]):C([H]):C([H]):C:1C2=[O:28].[H][O:29][H],EVODEX-P5075
EVODEX-N1437,O=[O:18]>>[H]OC(C1:C([H]):C([H]):C(O[H]):C(C([H])([H])C([H])=C(C([H])([H])[H])C([H])([H])[H]):C:1[H])=[O:18],EVODEX-P5076
EVODEX-N1438,[H]OC1:C([H]):C([H]):C(C([H])(O[H])[C:11](=[O:12])[O:13][H]):C([H]):C:1C([H])([H])C([H])=C(C([H])([H])[H])C([H])([H])[H]>>[C:11](=[O:12])=[O:13],EVODEX-P5077
EVODEX-N1439,[H]OC1:C([H]):C([H]):C(C([H])(O[H])[C:11](=[O:12])[O:13][H]):C([H]):C:1C([H])([H])C([H])=C(C([H])([H])[H])C([H])([H])[H].O=[O:19]>>[C:11](=[O:12])=[O:13].[H][O:19][H],EVODEX-P5081
EVODEX-N1440,[O:18]=[O:19]>>[H]OC(C1:C([H]):C([H]):C(O[H]):C(C([H])([H])C([H])=C(C([H])([H])[H])C([H])([H])[H]):C:1[H])=[O:18].[H][O:19][H],EVODEX-P5084
EVODEX-N1441,O=[O:24]>>[H]OC(=O)[C@@]([H])(N([H])C(=O)[C@@]([H])(N([H])[H])C([H])([H])C([H])(C([H])=[O:24])C([H])([H])[H])C([H])([H])C1:C([H]):N([H]):C2:C([H]):C([H]):C([H]):C([H]):C:1:2,EVODEX-P5088
EVODEX-N1442,[O:24]=[O:25]>>[H]OC(=O)[C@@]([H])(N([H])C(=O)[C@@]([H])(N([H])[H])C([H])([H])C([H])(C([H])=[O:24])C([H])([H])[H])C([H])([H])C1:C([H]):N([H]):C2:C([H]):C([H]):C([H]):C([H]):C:1:2.[H][O:25][H],EVODEX-P5090
EVODEX-N1443,O=[O:11]>>[H]C(C1:C([H]):N([H]):C2:C([H]):C([H]):C([H]):C([H]):C:1:2)=[O:11],EVODEX-P5093
EVODEX-N1444,[O:11]=[O:12]>>[H]C(C1:C([H]):N([H]):C2:C([H]):C([H]):C([H]):C([H]):C:1:2)=[O:11].[H][O:12][H],EVODEX-P5095
EVODEX-N1445,[H][C:6]([C:5])([C:7])[H:34].[H][O:20][C:18]([C:16]([C:15])=[O:17])=[O:19].[O:21]=[O:22]>>[C:18](=[O:19])=[O:20].[H][O:21][C@@:6]([C:5])([C:7])[H:34].[H][O:22][C:16]([C:15])=[O:17],"EVODEX-P5096,EVODEX-P5115,EVODEX-P5129,EVODEX-P5143,EVODEX-P5157,EVODEX-P5185,EVODEX-P5199,EVODEX-P5241,EVODEX-P5255,EVODEX-P5269,EVODEX-P5283,EVODEX-P5297,EVODEX-P5331,EVODEX-P5345,EVODEX-P5359,EVODEX-P5373,EVODEX-P5447,EVODEX-P5461,EVODEX-P5475,EVODEX-P5517,EVODEX-P5531,EVODEX-P5545,EVODEX-P5616,EVODEX-P5644,EVODEX-P5658,EVODEX-P5832,EVODEX-P5846,EVODEX-P5860,EVODEX-P5874,EVODEX-P5957,EVODEX-P5985,EVODEX-P5999,EVODEX-P6043,EVODEX-P6057,EVODEX-P6071,EVODEX-P6085,EVODEX-P6141,EVODEX-P6155,EVODEX-P6254,EVODEX-P6268"
EVODEX-N1446,[H][C:6]([C:5])([C:7])[H:34].[H]OC(=O)C([H])([H])C([H])([H])C(=O)[C:18](=[O:19])[O:20][H].O=[O:21]>>[C:18](=[O:19])=[O:20].[H][O:21][C@@:6]([C:5])([C:7])[H:34],"EVODEX-P5098,EVODEX-P5117,EVODEX-P5131,EVODEX-P5145,EVODEX-P5159,EVODEX-P5187,EVODEX-P5201,EVODEX-P5243,EVODEX-P5257,EVODEX-P5271,EVODEX-P5285,EVODEX-P5299,EVODEX-P5333,EVODEX-P5347,EVODEX-P5361,EVODEX-P5375,EVODEX-P5449,EVODEX-P5463,EVODEX-P5477,EVODEX-P5519,EVODEX-P5533,EVODEX-P5547,EVODEX-P5617,EVODEX-P5646,EVODEX-P5660,EVODEX-P5834,EVODEX-P5848,EVODEX-P5862,EVODEX-P5876,EVODEX-P5959,EVODEX-P5987,EVODEX-P6001,EVODEX-P6044,EVODEX-P6059,EVODEX-P6072,EVODEX-P6087,EVODEX-P6143,EVODEX-P6157,EVODEX-P6256,EVODEX-P6270"
EVODEX-N1447,[H][C:6]([C:5])([C:7])[H:34].[H]OC(=O)[C:16]([C:15])=[O:17].[O:21]=[O:22]>>[H][O:21][C@@:6]([C:5])([C:7])[H:34].[H][O:22][C:16]([C:15])=[O:17],"EVODEX-P5099,EVODEX-P5118,EVODEX-P5132,EVODEX-P5146,EVODEX-P5160,EVODEX-P5188,EVODEX-P5202,EVODEX-P5244,EVODEX-P5258,EVODEX-P5272,EVODEX-P5286,EVODEX-P5300,EVODEX-P5334,EVODEX-P5348,EVODEX-P5362,EVODEX-P5376,EVODEX-P5450,EVODEX-P5464,EVODEX-P5478,EVODEX-P5520,EVODEX-P5534,EVODEX-P5548,EVODEX-P5620,EVODEX-P5647,EVODEX-P5661,EVODEX-P5835,EVODEX-P5849,EVODEX-P5863,EVODEX-P5877,EVODEX-P5960,EVODEX-P5988,EVODEX-P6002,EVODEX-P6045,EVODEX-P6060,EVODEX-P6075,EVODEX-P6088,EVODEX-P6144,EVODEX-P6158,EVODEX-P6257,EVODEX-P6271"
EVODEX-N1448,[H][C:6]([C:5])([C:7])[H:34].[O:21]=[O:22]>>[H][O:21][C@@:6]([C:5])([C:7])[H:34].[H]OC(=O)C([H])([H])C([H])([H])C(=O)[O:22][H],"EVODEX-P5101,EVODEX-P5120,EVODEX-P5134,EVODEX-P5148,EVODEX-P5162,EVODEX-P5190,EVODEX-P5204,EVODEX-P5246,EVODEX-P5260,EVODEX-P5274,EVODEX-P5288,EVODEX-P5302,EVODEX-P5336,EVODEX-P5350,EVODEX-P5364,EVODEX-P5378,EVODEX-P5452,EVODEX-P5466,EVODEX-P5480,EVODEX-P5522,EVODEX-P5536,EVODEX-P5550,EVODEX-P5626,EVODEX-P5649,EVODEX-P5663,EVODEX-P5837,EVODEX-P5851,EVODEX-P5865,EVODEX-P5879,EVODEX-P5962,EVODEX-P5990,EVODEX-P6004,EVODEX-P6049,EVODEX-P6062,EVODEX-P6081,EVODEX-P6090,EVODEX-P6146,EVODEX-P6160,EVODEX-P6259,EVODEX-P6273"
EVODEX-N1449,[H][C:6]([C:5])([C:7])[H:34].[H][O:20][C:18]([C:16])=[O:19]>>[C:18](=[O:19])=[O:20].[H]O[C@@:6]([C:5])([C:7])[H:34].[H]O[C:16],"EVODEX-P5102,EVODEX-P5121,EVODEX-P5135,EVODEX-P5149,EVODEX-P5163,EVODEX-P5191,EVODEX-P5205,EVODEX-P5247,EVODEX-P5261,EVODEX-P5275,EVODEX-P5289,EVODEX-P5303,EVODEX-P5337,EVODEX-P5351,EVODEX-P5365,EVODEX-P5379,EVODEX-P5453,EVODEX-P5467,EVODEX-P5481,EVODEX-P5523,EVODEX-P5537,EVODEX-P5551,EVODEX-P5619,EVODEX-P5650,EVODEX-P5664,EVODEX-P5838,EVODEX-P5852,EVODEX-P5866,EVODEX-P5880,EVODEX-P5963,EVODEX-P5991,EVODEX-P6005,EVODEX-P6051,EVODEX-P6063,EVODEX-P6074,EVODEX-P6091,EVODEX-P6147,EVODEX-P6161,EVODEX-P6260,EVODEX-P6274"
EVODEX-N1450,[H][C:6]([C:5])([C:7])[H:34].[H]OC(=O)C([H])([H])C([H])([H])C(=O)[C:18](=[O:19])[O:20][H]>>[C:18](=[O:19])=[O:20].[H]O[C@@:6]([C:5])([C:7])[H:34],"EVODEX-P5103,EVODEX-P5122,EVODEX-P5136,EVODEX-P5150,EVODEX-P5164,EVODEX-P5192,EVODEX-P5206,EVODEX-P5248,EVODEX-P5262,EVODEX-P5276,EVODEX-P5290,EVODEX-P5304,EVODEX-P5338,EVODEX-P5352,EVODEX-P5366,EVODEX-P5380,EVODEX-P5454,EVODEX-P5468,EVODEX-P5482,EVODEX-P5524,EVODEX-P5538,EVODEX-P5552,EVODEX-P5621,EVODEX-P5651,EVODEX-P5665,EVODEX-P5839,EVODEX-P5853,EVODEX-P5867,EVODEX-P5881,EVODEX-P5964,EVODEX-P5992,EVODEX-P6006,EVODEX-P6054,EVODEX-P6064,EVODEX-P6076,EVODEX-P6092,EVODEX-P6148,EVODEX-P6162,EVODEX-P6261,EVODEX-P6275"
EVODEX-N1451,[H]OC(=O)[C:16]([C:15])=[O:17].O=[O:22]>>[H][O:22][C:16]([C:15])=[O:17],"EVODEX-P5105,EVODEX-P7545,EVODEX-P7565,EVODEX-P8910"
EVODEX-N1452,[H][C:6]([C:5])([C:7])[H:34].[H]OC(=O)[C:16]([C:15])=[O:17]>>[H]O[C@@:6]([C:5])([C:7])[H:34].[H]O[C:16]([C:15])=[O:17],"EVODEX-P5109,EVODEX-P5127,EVODEX-P5141,EVODEX-P5155,EVODEX-P5169,EVODEX-P5197,EVODEX-P5211,EVODEX-P5253,EVODEX-P5267,EVODEX-P5281,EVODEX-P5295,EVODEX-P5309,EVODEX-P5343,EVODEX-P5357,EVODEX-P5371,EVODEX-P5385,EVODEX-P5459,EVODEX-P5473,EVODEX-P5487,EVODEX-P5529,EVODEX-P5543,EVODEX-P5557,EVODEX-P5622,EVODEX-P5656,EVODEX-P5670,EVODEX-P5844,EVODEX-P5858,EVODEX-P5872,EVODEX-P5886,EVODEX-P5969,EVODEX-P5997,EVODEX-P6011,EVODEX-P6055,EVODEX-P6069,EVODEX-P6077,EVODEX-P6097,EVODEX-P6153,EVODEX-P6167,EVODEX-P6266,EVODEX-P6280"
EVODEX-N1453,[H][O:20][C:18]([C:16]([C:15])=[O:17])=[O:19].O=[O:22]>>[C:18](=[O:19])=[O:20].[H][O:22][C:16]([C:15])=[O:17],"EVODEX-P5110,EVODEX-P7551,EVODEX-P7571,EVODEX-P8914"
EVODEX-N1454,O=[O:22]>>[H]OC(=O)C([H])([H])C([H])([H])C(=O)[O:22][H],EVODEX-P5114
EVODEX-N1455,[#8:21]=[#8:22]>>[#85]-[#6](-[#85])(-[#85])-[#33&+](-[#6](-[#85])(-[#85])-[#85])(-[#6](-[#85])(-[#85])-[#85])-[#6](-[#85])(-[#85])-[#6@@](-[#85])(-[#6](-[#85])(-[#85])-[#6](=[#8])-[#8]-[#85])-[#8:21]-[#85].[#85]-[#8]-[#6](=[#8])-[#6](-[#85])(-[#85])-[#6](-[#85])(-[#85])-[#6](=[#8])-[#8:22]-[#85],EVODEX-P5116
EVODEX-N1456,[#8:21]=[#8]>>[#85]-[#6](-[#85])(-[#85])-[#33&+](-[#6](-[#85])(-[#85])-[#85])(-[#6](-[#85])(-[#85])-[#85])-[#6](-[#85])(-[#85])-[#6@@](-[#85])(-[#6](-[#85])(-[#85])-[#6](=[#8])-[#8]-[#85])-[#8:21]-[#85],EVODEX-P5119
EVODEX-N1457,[#6:15]-[#6:16](=[#8:17])-[#6:18](=[#8:19])-[#8:20]-[#85].[#8:21]=[#8:22]>>[#6:18](=[#8:19])=[#8:20].[#85]-[#6](-[#85])(-[#85])-[#33&+](-[#6](-[#85])(-[#85])-[#85])(-[#6](-[#85])(-[#85])-[#85])-[#6](-[#85])(-[#85])-[#6@@](-[#85])(-[#6](-[#85])(-[#85])-[#6](=[#8])-[#8]-[#85])-[#8:21]-[#85].[#6:15]-[#6:16](=[#8:17])-[#8:22]-[#85],EVODEX-P5123
EVODEX-N1458,[#85]-[#8]-[#6](=[#8])-[#6](-[#85])(-[#85])-[#6](-[#85])(-[#85])-[#6](=[#8])-[#6:18](=[#8:19])-[#8:20]-[#85].[#8:21]=[#8]>>[#6:18](=[#8:19])=[#8:20].[#85]-[#6](-[#85])(-[#85])-[#33&+](-[#6](-[#85])(-[#85])-[#85])(-[#6](-[#85])(-[#85])-[#85])-[#6](-[#85])(-[#85])-[#6@@](-[#85])(-[#6](-[#85])(-[#85])-[#6](=[#8])-[#8]-[#85])-[#8:21]-[#85],EVODEX-P5124
EVODEX-N1459,[#6:15]-[#6:16](=[#8:17])-[#6](=[#8])-[#8]-[#85].[#8:21]=[#8:22]>>[#85]-[#6](-[#85])(-[#85])-[#33&+](-[#6](-[#85])(-[#85])-[#85])(-[#6](-[#85])(-[#85])-[#85])-[#6](-[#85])(-[#85])-[#6@@](-[#85])(-[#6](-[#85])(-[#85])-[#6](=[#8])-[#8]-[#85])-[#8:21]-[#85].[#6:15]-[#6:16](=[#8:17])-[#8:22]-[#85],EVODEX-P5128
EVODEX-N1460,[O:44]=[O:45]>>[H]OC(=O)[C@@]([H])(N([H])C(=O)C([H])([H])N([H])C(=O)[C@@]1([H])N(C(=O)[C@@]([H])(N([H])C(=O)OC(C([H])([H])[H])(C([H])([H])[H])C([H])([H])[H])C([H])(C([H])([H])[H])C([H])([H])[H])C([H])([H])C([H])([H])C1([H])[O:44][H])C([H])(C([H])([H])[H])C([H])([H])[H].[H]OC(=O)C([H])([H])C([H])([H])C(=O)[O:45][H],EVODEX-P5130
EVODEX-N1461,O=[O:44]>>[H]OC(=O)[C@@]([H])(N([H])C(=O)C([H])([H])N([H])C(=O)[C@@]1([H])N(C(=O)[C@@]([H])(N([H])C(=O)OC(C([H])([H])[H])(C([H])([H])[H])C([H])([H])[H])C([H])(C([H])([H])[H])C([H])([H])[H])C([H])([H])C([H])([H])C1([H])[O:44][H])C([H])(C([H])([H])[H])C([H])([H])[H],EVODEX-P5133
EVODEX-N1462,[H][O:43][C:41]([C:39]([C:38])=[O:40])=[O:42].[O:44]=[O:45]>>[C:41](=[O:42])=[O:43].[H]OC(=O)[C@@]([H])(N([H])C(=O)C([H])([H])N([H])C(=O)[C@@]1([H])N(C(=O)[C@@]([H])(N([H])C(=O)OC(C([H])([H])[H])(C([H])([H])[H])C([H])([H])[H])C([H])(C([H])([H])[H])C([H])([H])[H])C([H])([H])C([H])([H])C1([H])[O:44][H])C([H])(C([H])([H])[H])C([H])([H])[H].[H][O:45][C:39]([C:38])=[O:40],EVODEX-P5137
EVODEX-N1463,[H]OC(=O)C([H])([H])C([H])([H])C(=O)[C:41](=[O:42])[O:43][H].O=[O:44]>>[C:41](=[O:42])=[O:43].[H]OC(=O)[C@@]([H])(N([H])C(=O)C([H])([H])N([H])C(=O)[C@@]1([H])N(C(=O)[C@@]([H])(N([H])C(=O)OC(C([H])([H])[H])(C([H])([H])[H])C([H])([H])[H])C([H])(C([H])([H])[H])C([H])([H])[H])C([H])([H])C([H])([H])C1([H])[O:44][H])C([H])(C([H])([H])[H])C([H])([H])[H],EVODEX-P5138
EVODEX-N1464,[H]OC(=O)[C:39]([C:38])=[O:40].[O:44]=[O:45]>>[H]OC(=O)[C@@]([H])(N([H])C(=O)C([H])([H])N([H])C(=O)[C@@]1([H])N(C(=O)[C@@]([H])(N([H])C(=O)OC(C([H])([H])[H])(C([H])([H])[H])C([H])([H])[H])C([H])(C([H])([H])[H])C([H])([H])[H])C([H])([H])C([H])([H])C1([H])[O:44][H])C([H])(C([H])([H])[H])C([H])([H])[H].[H][O:45][C:39]([C:38])=[O:40],EVODEX-P5142
EVODEX-N1465,[O:48]=[O:49]>>[H]OC(=O)[C@@]([H])(N([H])C(=O)C([H])([H])N([H])C(=O)[C@@]1([H])N(C(=O)[C@@]([H])(N([H])C(=O)C([H])([H])N([H])C(=O)OC(C([H])([H])[H])(C([H])([H])[H])C([H])([H])[H])C([H])(C([H])([H])[H])C([H])([H])[H])C([H])([H])C([H])([H])C1([H])[O:48][H])C([H])(C([H])([H])[H])C([H])([H])[H].[H]OC(=O)C([H])([H])C([H])([H])C(=O)[O:49][H],EVODEX-P5144
EVODEX-N1466,O=[O:48]>>[H]OC(=O)[C@@]([H])(N([H])C(=O)C([H])([H])N([H])C(=O)[C@@]1([H])N(C(=O)[C@@]([H])(N([H])C(=O)C([H])([H])N([H])C(=O)OC(C([H])([H])[H])(C([H])([H])[H])C([H])([H])[H])C([H])(C([H])([H])[H])C([H])([H])[H])C([H])([H])C([H])([H])C1([H])[O:48][H])C([H])(C([H])([H])[H])C([H])([H])[H],EVODEX-P5147
EVODEX-N1467,[H][O:47][C:45]([C:43]([C:42])=[O:44])=[O:46].[O:48]=[O:49]>>[C:45](=[O:46])=[O:47].[H]OC(=O)[C@@]([H])(N([H])C(=O)C([H])([H])N([H])C(=O)[C@@]1([H])N(C(=O)[C@@]([H])(N([H])C(=O)C([H])([H])N([H])C(=O)OC(C([H])([H])[H])(C([H])([H])[H])C([H])([H])[H])C([H])(C([H])([H])[H])C([H])([H])[H])C([H])([H])C([H])([H])C1([H])[O:48][H])C([H])(C([H])([H])[H])C([H])([H])[H].[H][O:49][C:43]([C:42])=[O:44],EVODEX-P5151
EVODEX-N1468,[H]OC(=O)C([H])([H])C([H])([H])C(=O)[C:45](=[O:46])[O:47][H].O=[O:48]>>[C:45](=[O:46])=[O:47].[H]OC(=O)[C@@]([H])(N([H])C(=O)C([H])([H])N([H])C(=O)[C@@]1([H])N(C(=O)[C@@]([H])(N([H])C(=O)C([H])([H])N([H])C(=O)OC(C([H])([H])[H])(C([H])([H])[H])C([H])([H])[H])C([H])(C([H])([H])[H])C([H])([H])[H])C([H])([H])C([H])([H])C1([H])[O:48][H])C([H])(C([H])([H])[H])C([H])([H])[H],EVODEX-P5152
EVODEX-N1469,[H]OC(=O)[C:43]([C:42])=[O:44].[O:48]=[O:49]>>[H]OC(=O)[C@@]([H])(N([H])C(=O)C([H])([H])N([H])C(=O)[C@@]1([H])N(C(=O)[C@@]([H])(N([H])C(=O)C([H])([H])N([H])C(=O)OC(C([H])([H])[H])(C([H])([H])[H])C([H])([H])[H])C([H])(C([H])([H])[H])C([H])([H])[H])C([H])([H])C([H])([H])C1([H])[O:48][H])C([H])(C([H])([H])[H])C([H])([H])[H].[H][O:49][C:43]([C:42])=[O:44],EVODEX-P5156
EVODEX-N1470,[O:28]=[O:29]>>[H]OC([H])([H])[C@@]1([H])O[C@@]([H])(N2:C([H]):C(C([H])([H])[H]):C(=O):N([H]):C:2=O)[C@]([H])([O:28][H])[C@]1([H])O[H].[H]OC(=O)C([H])([H])C([H])([H])C(=O)[O:29][H],EVODEX-P5158
EVODEX-N1471,O=[O:28]>>[H]OC([H])([H])[C@@]1([H])O[C@@]([H])(N2:C([H]):C(C([H])([H])[H]):C(=O):N([H]):C:2=O)[C@]([H])([O:28][H])[C@]1([H])O[H],EVODEX-P5161
EVODEX-N1472,[H][O:27][C:25]([C:23]([C:22])=[O:24])=[O:26].[O:28]=[O:29]>>[C:25](=[O:26])=[O:27].[H]OC([H])([H])[C@@]1([H])O[C@@]([H])(N2:C([H]):C(C([H])([H])[H]):C(=O):N([H]):C:2=O)[C@]([H])([O:28][H])[C@]1([H])O[H].[H][O:29][C:23]([C:22])=[O:24],EVODEX-P5165
EVODEX-N1473,[H]OC(=O)C([H])([H])C([H])([H])C(=O)[C:25](=[O:26])[O:27][H].O=[O:28]>>[C:25](=[O:26])=[O:27].[H]OC([H])([H])[C@@]1([H])O[C@@]([H])(N2:C([H]):C(C([H])([H])[H]):C(=O):N([H]):C:2=O)[C@]([H])([O:28][H])[C@]1([H])O[H],EVODEX-P5166
EVODEX-N1474,[H]OC(=O)[C:23]([C:22])=[O:24].[O:28]=[O:29]>>[H]OC([H])([H])[C@@]1([H])O[C@@]([H])(N2:C([H]):C(C([H])([H])[H]):C(=O):N([H]):C:2=O)[C@]([H])([O:28][H])[C@]1([H])O[H].[H][O:29][C:23]([C:22])=[O:24],EVODEX-P5170
EVODEX-N1475,[H][C:1]([C:2])([H:42])[H:43].[H][C:6]([C:5])([C:7])[H:47].[H][O:27][C:25]([C:23])=[O:26].[O:40]=[O:41]>>[C:25](=[O:26])=[O:27].[H]O[C:1]([C:2])([H:42])[H:43].[H][O:40][C@@:6]([C:5])([C:7])[H:47].[H]O[C:23].[H]OC(=O)C([H])([H])C([H])([H])C(=O)[O:41][H],EVODEX-P5171
EVODEX-N1476,[H][C:1]([C:2])([H:42])[H:43].[H][C:6]([C:5])([C:7])[H:47].[H][O:27][C:25]([C:23])=[O:26].[H][O:37][C:35]([C:33])=[O:36]>>[C:25](=[O:26])=[O:27].[C:35](=[O:36])=[O:37].[H]O[C:1]([C:2])([H:42])[H:43].[H]O[C@@:6]([C:5])([C:7])[H:47].[H]O[C:23].[H]O[C:33],EVODEX-P5172
EVODEX-N1477,O=[O:38]>>[H]OC([H])([H])[C@@]1([H])O[C@@]([H])(N2:C([H]):C(C([H])([H])[O:38][H]):C(=O):N([H]):C:2=O)[C@]([H])(O[H])[C@]1([H])O[H],EVODEX-P5173
EVODEX-N1478,[H]OC(=O)C([H])([H])C([H])([H])C(=O)[C:25](=[O:26])[O:27][H].O=[O:38].O=[O:40]>>[C:25](=[O:26])=[O:27].[H]OC([H])([H])[C@@]1([H])O[C@@]([H])(N2:C([H]):C(C([H])([H])[O:38][H]):C(=O):N([H]):C:2=O)[C@]([H])([O:40][H])[C@]1([H])O[H],EVODEX-P5174
EVODEX-N1479,[H][C:1]([C:2])([H:42])[H:43].[H][C:6]([C:5])([C:7])[H:47].O=[O:40]>>[H]O[C:1]([C:2])([H:42])[H:43].[H][O:40][C@@:6]([C:5])([C:7])[H:47],EVODEX-P5175
EVODEX-N1480,[H][C:1]([C:2])([H:42])[H:43].[H][C:6]([C:5])([C:7])[H:47].[H]OC(=O)[C:33]([C:32])=[O:34].[O:38]=[O:39]>>[H]O[C@@:6]([C:5])([C:7])[H:47].[H][O:38][C:1]([C:2])([H:42])[H:43].[H]OC(=O)C([H])([H])C([H])([H])C(=O)[O:39][H].[H]O[C:33]([C:32])=[O:34],EVODEX-P5176
EVODEX-N1481,[H]OC(=O)C([H])([H])C([H])([H])C(=O)[C:25](=[O:26])[O:27][H].[H]OC(=O)[C:33]([C:32])=[O:34].O=[O:38]>>[C:25](=[O:26])=[O:27].[H]OC([H])([H])[C@@]1([H])O[C@@]([H])(N2:C([H]):C(C([H])([H])[O:38][H]):C(=O):N([H]):C:2=O)[C@]([H])(O[H])[C@]1([H])O[H].[H]O[C:33]([C:32])=[O:34],EVODEX-P5177
EVODEX-N1482,[H][C:1]([C:2])([H:42])[H:43].[H][C:6]([C:5])([C:7])[H:47].[H]OC(=O)C([H])([H])C([H])([H])C(=O)[C:35](=[O:36])[O:37][H]>>[C:35](=[O:36])=[O:37].[H]O[C:1]([C:2])([H:42])[H:43].[H]O[C@@:6]([C:5])([C:7])[H:47],EVODEX-P5178
EVODEX-N1483,[H]OC(=O)[C:33]([C:32])=[O:34].[O:40]=[O:41]>>[H]OC([H])([H])C1:C([H]):N([C@]2([H])O[C@]([H])(C([H])([H])O[H])[C@@]([H])(O[H])[C@@]2([H])[O:40][H]):C(=O):N([H]):C:1=O.[H][O:41][C:33]([C:32])=[O:34],EVODEX-P5179
EVODEX-N1484,[H][C:1]([C:2])([H:42])[H:43].[H][C:6]([C:5])([C:7])[H:47].[H]OC(=O)C([H])([H])C([H])([H])C(=O)[C:35](=[O:36])[O:37][H].O=[O:38]>>[C:35](=[O:36])=[O:37].[H]O[C@@:6]([C:5])([C:7])[H:47].[H][O:38][C:1]([C:2])([H:42])[H:43],EVODEX-P5180
EVODEX-N1485,[H][C:1]([C:2])([H:42])[H:43].[H][C:6]([C:5])([C:7])[H:47].[O:38]=[O:39]>>[H]O[C@@:6]([C:5])([C:7])[H:47].[H][O:38][C:1]([C:2])([H:42])[H:43].[H]OC(=O)C([H])([H])C([H])([H])C(=O)[O:39][H],EVODEX-P5181
EVODEX-N1486,[H][C:1]([C:2])([H:42])[H:43].[H][C:6]([C:5])([C:7])[H:47]>>[H]O[C:1]([C:2])([H:42])[H:43].[H]O[C@@:6]([C:5])([C:7])[H:47],EVODEX-P5182
EVODEX-N1487,O=[O:38].[O:40]=[O:41]>>[H]OC([H])([H])[C@@]1([H])O[C@@]([H])(N2:C([H]):C(C([H])([H])[O:38][H]):C(=O):N([H]):C:2=O)[C@]([H])([O:40][H])[C@]1([H])O[H].[H]OC(=O)C([H])([H])C([H])([H])C(=O)[O:41][H],EVODEX-P5183
EVODEX-N1488,[H][C:1]([C:2])([H:42])[H:43].[H][C:6]([C:5])([C:7])[H:47].[H]OC(=O)[C:23]([C:22])=[O:24]>>[H]O[C:1]([C:2])([H:42])[H:43].[H]O[C@@:6]([C:5])([C:7])[H:47].[H]O[C:23]([C:22])=[O:24],EVODEX-P5184
EVODEX-N1489,[O:150]=[O:151]>>[H]N=C(N([H])[H])N([H])C([H])([H])C([H])([H])C([H])([H])[C@@]([H])(C(=O)N([H])C([H])([H])C(=O)N([H])[C@]([H])(C(=O)N([H])[C@]([H])(C(=O)N([H])C([H])([H])C(=O)N([H])[C@]([H])(C(=O)N([H])[C@]([H])(C(=O)N([H])C([H])([H])C(=O)N1C([H])([H])C([H])([H])C([H])([H])[C@@]1([H])C(=O)N1C([H])([H])C([H])([H])C([H])([H])[C@@]1([H])C(=O)N([H])C([H])([H])C(=O)N1C([H])([H])C([H])([H])C([H])([H])C1([H])C(=O)N1C([H])([H])C([H])([H])C([H])([H])C1([H])C(=O)N([H])C([H])([H])C(=O)N1C([H])([H])C([H])([H])C([H])([H])[C@@]1([H])C(=O)N1C([H])([H])C([H])([H])C([H])([H])[C@@]1([H])C(=O)N([H])C([H])([H])C(=O)N1C([H])([H])C([H])([H])C([H])([H])C1([H])C(=O)N1C([H])([H])C([H])([H])C([H])([H])C1([H])C(=O)N([H])C([H])([H])C(=O)O[H])C([H])([H])C([H])([H])C([H])([H])N([H])C(=N[H])N([H])[H])C([H])([H])C1:C([H]):N:C([H]):N:1[H])C([H])([H])C([H])([H])C([H])(C([H])([H])N([H])[H])[O:150][H])C([H])([H])C([H])([H])SC([H])([H])[H])N([H])C(=O)[C@@]([H])(N([H])[H])C([H])([H])[H].[H]OC(=O)C([H])([H])C([H])([H])C(=O)[O:151][H],EVODEX-P5186
EVODEX-N1490,O=[O:150]>>[H]N=C(N([H])[H])N([H])C([H])([H])C([H])([H])C([H])([H])[C@@]([H])(C(=O)N([H])C([H])([H])C(=O)N([H])[C@]([H])(C(=O)N([H])[C@]([H])(C(=O)N([H])C([H])([H])C(=O)N([H])[C@]([H])(C(=O)N([H])[C@]([H])(C(=O)N([H])C([H])([H])C(=O)N1C([H])([H])C([H])([H])C([H])([H])[C@@]1([H])C(=O)N1C([H])([H])C([H])([H])C([H])([H])[C@@]1([H])C(=O)N([H])C([H])([H])C(=O)N1C([H])([H])C([H])([H])C([H])([H])C1([H])C(=O)N1C([H])([H])C([H])([H])C([H])([H])C1([H])C(=O)N([H])C([H])([H])C(=O)N1C([H])([H])C([H])([H])C([H])([H])[C@@]1([H])C(=O)N1C([H])([H])C([H])([H])C([H])([H])[C@@]1([H])C(=O)N([H])C([H])([H])C(=O)N1C([H])([H])C([H])([H])C([H])([H])C1([H])C(=O)N1C([H])([H])C([H])([H])C([H])([H])C1([H])C(=O)N([H])C([H])([H])C(=O)O[H])C([H])([H])C([H])([H])C([H])([H])N([H])C(=N[H])N([H])[H])C([H])([H])C1:C([H]):N:C([H]):N:1[H])C([H])([H])C([H])([H])C([H])(C([H])([H])N([H])[H])[O:150][H])C([H])([H])C([H])([H])SC([H])([H])[H])N([H])C(=O)[C@@]([H])(N([H])[H])C([H])([H])[H],EVODEX-P5189
EVODEX-N1491,[H][O:149][C:147]([C:145]([C:144])=[O:146])=[O:148].[O:150]=[O:151]>>[C:147](=[O:148])=[O:149].[H]N=C(N([H])[H])N([H])C([H])([H])C([H])([H])C([H])([H])[C@@]([H])(C(=O)N([H])C([H])([H])C(=O)N([H])[C@]([H])(C(=O)N([H])[C@]([H])(C(=O)N([H])C([H])([H])C(=O)N([H])[C@]([H])(C(=O)N([H])[C@]([H])(C(=O)N([H])C([H])([H])C(=O)N1C([H])([H])C([H])([H])C([H])([H])[C@@]1([H])C(=O)N1C([H])([H])C([H])([H])C([H])([H])[C@@]1([H])C(=O)N([H])C([H])([H])C(=O)N1C([H])([H])C([H])([H])C([H])([H])C1([H])C(=O)N1C([H])([H])C([H])([H])C([H])([H])C1([H])C(=O)N([H])C([H])([H])C(=O)N1C([H])([H])C([H])([H])C([H])([H])[C@@]1([H])C(=O)N1C([H])([H])C([H])([H])C([H])([H])[C@@]1([H])C(=O)N([H])C([H])([H])C(=O)N1C([H])([H])C([H])([H])C([H])([H])C1([H])C(=O)N1C([H])([H])C([H])([H])C([H])([H])C1([H])C(=O)N([H])C([H])([H])C(=O)O[H])C([H])([H])C([H])([H])C([H])([H])N([H])C(=N[H])N([H])[H])C([H])([H])C1:C([H]):N:C([H]):N:1[H])C([H])([H])C([H])([H])C([H])(C([H])([H])N([H])[H])[O:150][H])C([H])([H])C([H])([H])SC([H])([H])[H])N([H])C(=O)[C@@]([H])(N([H])[H])C([H])([H])[H].[H][O:151][C:145]([C:144])=[O:146],EVODEX-P5193
EVODEX-N1492,[H]OC(=O)C([H])([H])C([H])([H])C(=O)[C:147](=[O:148])[O:149][H].O=[O:150]>>[C:147](=[O:148])=[O:149].[H]N=C(N([H])[H])N([H])C([H])([H])C([H])([H])C([H])([H])[C@@]([H])(C(=O)N([H])C([H])([H])C(=O)N([H])[C@]([H])(C(=O)N([H])[C@]([H])(C(=O)N([H])C([H])([H])C(=O)N([H])[C@]([H])(C(=O)N([H])[C@]([H])(C(=O)N([H])C([H])([H])C(=O)N1C([H])([H])C([H])([H])C([H])([H])[C@@]1([H])C(=O)N1C([H])([H])C([H])([H])C([H])([H])[C@@]1([H])C(=O)N([H])C([H])([H])C(=O)N1C([H])([H])C([H])([H])C([H])([H])C1([H])C(=O)N1C([H])([H])C([H])([H])C([H])([H])C1([H])C(=O)N([H])C([H])([H])C(=O)N1C([H])([H])C([H])([H])C([H])([H])[C@@]1([H])C(=O)N1C([H])([H])C([H])([H])C([H])([H])[C@@]1([H])C(=O)N([H])C([H])([H])C(=O)N1C([H])([H])C([H])([H])C([H])([H])C1([H])C(=O)N1C([H])([H])C([H])([H])C([H])([H])C1([H])C(=O)N([H])C([H])([H])C(=O)O[H])C([H])([H])C([H])([H])C([H])([H])N([H])C(=N[H])N([H])[H])C([H])([H])C1:C([H]):N:C([H]):N:1[H])C([H])([H])C([H])([H])C([H])(C([H])([H])N([H])[H])[O:150][H])C([H])([H])C([H])([H])SC([H])([H])[H])N([H])C(=O)[C@@]([H])(N([H])[H])C([H])([H])[H],EVODEX-P5194
EVODEX-N1493,[H]OC(=O)[C:145]([C:144])=[O:146].[O:150]=[O:151]>>[H]N=C(N([H])[H])N([H])C([H])([H])C([H])([H])C([H])([H])[C@@]([H])(C(=O)N([H])C([H])([H])C(=O)N([H])[C@]([H])(C(=O)N([H])[C@]([H])(C(=O)N([H])C([H])([H])C(=O)N([H])[C@]([H])(C(=O)N([H])[C@]([H])(C(=O)N([H])C([H])([H])C(=O)N1C([H])([H])C([H])([H])C([H])([H])[C@@]1([H])C(=O)N1C([H])([H])C([H])([H])C([H])([H])[C@@]1([H])C(=O)N([H])C([H])([H])C(=O)N1C([H])([H])C([H])([H])C([H])([H])C1([H])C(=O)N1C([H])([H])C([H])([H])C([H])([H])C1([H])C(=O)N([H])C([H])([H])C(=O)N1C([H])([H])C([H])([H])C([H])([H])[C@@]1([H])C(=O)N1C([H])([H])C([H])([H])C([H])([H])[C@@]1([H])C(=O)N([H])C([H])([H])C(=O)N1C([H])([H])C([H])([H])C([H])([H])C1([H])C(=O)N1C([H])([H])C([H])([H])C([H])([H])C1([H])C(=O)N([H])C([H])([H])C(=O)O[H])C([H])([H])C([H])([H])C([H])([H])N([H])C(=N[H])N([H])[H])C([H])([H])C1:C([H]):N:C([H]):N:1[H])C([H])([H])C([H])([H])C([H])(C([H])([H])N([H])[H])[O:150][H])C([H])([H])C([H])([H])SC([H])([H])[H])N([H])C(=O)[C@@]([H])(N([H])[H])C([H])([H])[H].[H][O:151][C:145]([C:144])=[O:146],EVODEX-P5198
EVODEX-N1494,[O:97]=[O:98]>>[H]N=C(N([H])[H])N([H])C([H])([H])C([H])([H])C([H])([H])[C@@]([H])(C(=O)N([H])C([H])([H])C(=O)N([H])[C@]([H])(C(=O)N([H])[C@]([H])(C(=O)N([H])C([H])([H])C(=O)N([H])[C@]([H])(C(=O)N([H])[C@]([H])(C(=O)N([H])C([H])([H])C(=O)N([H])[C@]([H])(C(=O)N([H])[C@]([H])(C(=O)N([H])C([H])([H])C(=O)O[H])C([H])([H])O[H])C([H])([H])C1:C([H]):C([H]):C([H]):C([H]):C:1[H])C([H])([H])C([H])([H])C([H])([H])N([H])C(=N[H])N([H])[H])[C@@]([H])(C([H])([H])[H])C([H])([H])C([H])([H])[H])C([H])([H])C([H])([H])C([H])(C([H])([H])N([H])[H])[O:97][H])[C@@]([H])(C([H])([H])[H])C([H])([H])C([H])([H])[H])N([H])C(=O)[C@@]([H])(N([H])[H])C([H])([H])[H].[H]OC(=O)C([H])([H])C([H])([H])C(=O)[O:98][H],EVODEX-P5200
EVODEX-N1495,O=[O:97]>>[H]N=C(N([H])[H])N([H])C([H])([H])C([H])([H])C([H])([H])[C@@]([H])(C(=O)N([H])C([H])([H])C(=O)N([H])[C@]([H])(C(=O)N([H])[C@]([H])(C(=O)N([H])C([H])([H])C(=O)N([H])[C@]([H])(C(=O)N([H])[C@]([H])(C(=O)N([H])C([H])([H])C(=O)N([H])[C@]([H])(C(=O)N([H])[C@]([H])(C(=O)N([H])C([H])([H])C(=O)O[H])C([H])([H])O[H])C([H])([H])C1:C([H]):C([H]):C([H]):C([H]):C:1[H])C([H])([H])C([H])([H])C([H])([H])N([H])C(=N[H])N([H])[H])[C@@]([H])(C([H])([H])[H])C([H])([H])C([H])([H])[H])C([H])([H])C([H])([H])C([H])(C([H])([H])N([H])[H])[O:97][H])[C@@]([H])(C([H])([H])[H])C([H])([H])C([H])([H])[H])N([H])C(=O)[C@@]([H])(N([H])[H])C([H])([H])[H],EVODEX-P5203
EVODEX-N1496,[H][O:96][C:94]([C:92]([C:91])=[O:93])=[O:95].[O:97]=[O:98]>>[C:94](=[O:95])=[O:96].[H]N=C(N([H])[H])N([H])C([H])([H])C([H])([H])C([H])([H])[C@@]([H])(C(=O)N([H])C([H])([H])C(=O)N([H])[C@]([H])(C(=O)N([H])[C@]([H])(C(=O)N([H])C([H])([H])C(=O)N([H])[C@]([H])(C(=O)N([H])[C@]([H])(C(=O)N([H])C([H])([H])C(=O)N([H])[C@]([H])(C(=O)N([H])[C@]([H])(C(=O)N([H])C([H])([H])C(=O)O[H])C([H])([H])O[H])C([H])([H])C1:C([H]):C([H]):C([H]):C([H]):C:1[H])C([H])([H])C([H])([H])C([H])([H])N([H])C(=N[H])N([H])[H])[C@@]([H])(C([H])([H])[H])C([H])([H])C([H])([H])[H])C([H])([H])C([H])([H])C([H])(C([H])([H])N([H])[H])[O:97][H])[C@@]([H])(C([H])([H])[H])C([H])([H])C([H])([H])[H])N([H])C(=O)[C@@]([H])(N([H])[H])C([H])([H])[H].[H][O:98][C:92]([C:91])=[O:93],EVODEX-P5207
EVODEX-N1497,[H]OC(=O)C([H])([H])C([H])([H])C(=O)[C:94](=[O:95])[O:96][H].O=[O:97]>>[C:94](=[O:95])=[O:96].[H]N=C(N([H])[H])N([H])C([H])([H])C([H])([H])C([H])([H])[C@@]([H])(C(=O)N([H])C([H])([H])C(=O)N([H])[C@]([H])(C(=O)N([H])[C@]([H])(C(=O)N([H])C([H])([H])C(=O)N([H])[C@]([H])(C(=O)N([H])[C@]([H])(C(=O)N([H])C([H])([H])C(=O)N([H])[C@]([H])(C(=O)N([H])[C@]([H])(C(=O)N([H])C([H])([H])C(=O)O[H])C([H])([H])O[H])C([H])([H])C1:C([H]):C([H]):C([H]):C([H]):C:1[H])C([H])([H])C([H])([H])C([H])([H])N([H])C(=N[H])N([H])[H])[C@@]([H])(C([H])([H])[H])C([H])([H])C([H])([H])[H])C([H])([H])C([H])([H])C([H])(C([H])([H])N([H])[H])[O:97][H])[C@@]([H])(C([H])([H])[H])C([H])([H])C([H])([H])[H])N([H])C(=O)[C@@]([H])(N([H])[H])C([H])([H])[H],EVODEX-P5208
EVODEX-N1498,[H]OC(=O)[C:92]([C:91])=[O:93].[O:97]=[O:98]>>[H]N=C(N([H])[H])N([H])C([H])([H])C([H])([H])C([H])([H])[C@@]([H])(C(=O)N([H])C([H])([H])C(=O)N([H])[C@]([H])(C(=O)N([H])[C@]([H])(C(=O)N([H])C([H])([H])C(=O)N([H])[C@]([H])(C(=O)N([H])[C@]([H])(C(=O)N([H])C([H])([H])C(=O)N([H])[C@]([H])(C(=O)N([H])[C@]([H])(C(=O)N([H])C([H])([H])C(=O)O[H])C([H])([H])O[H])C([H])([H])C1:C([H]):C([H]):C([H]):C([H]):C:1[H])C([H])([H])C([H])([H])C([H])([H])N([H])C(=N[H])N([H])[H])[C@@]([H])(C([H])([H])[H])C([H])([H])C([H])([H])[H])C([H])([H])C([H])([H])C([H])(C([H])([H])N([H])[H])[O:97][H])[C@@]([H])(C([H])([H])[H])C([H])([H])C([H])([H])[H])N([H])C(=O)[C@@]([H])(N([H])[H])C([H])([H])[H].[H][O:98][C:92]([C:91])=[O:93],EVODEX-P5212
EVODEX-N1499,[H][C:1]([C:2])([H:22])[H:23].[H][O:19][C:17]([C:15]([C:14])=[O:16])=[O:18].[O:20]=[O:21]>>[C:17](=[O:18])=[O:19].[H][O:20][C:1]([C:2])([H:22])[H:23].[H][O:21][C:15]([C:14])=[O:16],"EVODEX-P5213,EVODEX-P5559,EVODEX-P5573,EVODEX-P6226"
EVODEX-N1500,[O:20]=[O:21]>>[H]C1:C(C([H])([H])[O:20][H]):C(=O):N([H]):C(=O):N:1[H].[H]OC(=O)C([H])([H])C([H])([H])C(=O)[O:21][H],EVODEX-P5214
EVODEX-N1501,[H][C:1]([C:2])([H:22])[H:23].[H]OC(=O)C([H])([H])C([H])([H])C(=O)[C:17](=[O:18])[O:19][H].O=[O:20]>>[C:17](=[O:18])=[O:19].[H][O:20][C:1]([C:2])([H:22])[H:23],"EVODEX-P5215,EVODEX-P5561,EVODEX-P5575,EVODEX-P6228"
EVODEX-N1502,[H][C:1]([C:2])([H:22])[H:23].[H]OC(=O)[C:15]([C:14])=[O:16].[O:20]=[O:21]>>[H][O:20][C:1]([C:2])([H:22])[H:23].[H][O:21][C:15]([C:14])=[O:16],"EVODEX-P5216,EVODEX-P5562,EVODEX-P5576,EVODEX-P6229"
EVODEX-N1503,O=[O:20]>>[H]C1:C(C([H])([H])[O:20][H]):C(=O):N([H]):C(=O):N:1[H],EVODEX-P5217
EVODEX-N1504,[H][C:1]([C:2])([H:22])[H:23].[O:20]=[O:21]>>[H][O:20][C:1]([C:2])([H:22])[H:23].[H]OC(=O)C([H])([H])C([H])([H])C(=O)[O:21][H],"EVODEX-P5218,EVODEX-P5564,EVODEX-P5578,EVODEX-P6231"
EVODEX-N1505,[H][C:1]([C:2])([H:22])[H:23].[H][O:19][C:17]([C:15])=[O:18]>>[C:17](=[O:18])=[O:19].[H]O[C:1]([C:2])([H:22])[H:23].[H]O[C:15],"EVODEX-P5219,EVODEX-P5565,EVODEX-P5579,EVODEX-P6232"
EVODEX-N1506,[H][C:1]([C:2])([H:22])[H:23].[H]OC(=O)C([H])([H])C([H])([H])C(=O)[C:17](=[O:18])[O:19][H]>>[C:17](=[O:18])=[O:19].[H]O[C:1]([C:2])([H:22])[H:23],"EVODEX-P5220,EVODEX-P5566,EVODEX-P5580,EVODEX-P6233"
EVODEX-N1507,[H][O:19][C:17]([C:15]([C:14])=[O:16])=[O:18].[O:20]=[O:21]>>[C:17](=[O:18])=[O:19].[H]C1:C(C([H])([H])[O:20][H]):C(=O):N([H]):C(=O):N:1[H].[H][O:21][C:15]([C:14])=[O:16],EVODEX-P5221
EVODEX-N1508,[H]OC(=O)C([H])([H])C([H])([H])C(=O)[C:17](=[O:18])[O:19][H].O=[O:20]>>[C:17](=[O:18])=[O:19].[H]C1:C(C([H])([H])[O:20][H]):C(=O):N([H]):C(=O):N:1[H],EVODEX-P5222
EVODEX-N1509,[H][C:1]([C:2])([H:75])[H:76].O=[O:73]>>[H][O:73][C:1]([C:2])([H:75])[H:76],"EVODEX-P5223,EVODEX-P5569,EVODEX-P5583,EVODEX-P6236,EVODEX-P6476,EVODEX-P6907,EVODEX-P6917,EVODEX-P7516,EVODEX-P7642,EVODEX-P7785,EVODEX-P7795,EVODEX-P7805,EVODEX-P8093,EVODEX-P8150,EVODEX-P8160,EVODEX-P8247,EVODEX-P8257,EVODEX-P8301,EVODEX-P8371,EVODEX-P8381,EVODEX-P8391,EVODEX-P8493,EVODEX-P8518,EVODEX-P8703,EVODEX-P8738,EVODEX-P8748"
EVODEX-N1510,[H][C:1]([C:2])([H:75])[H:76]>>[H]O[C:1]([C:2])([H:75])[H:76],"EVODEX-P5224,EVODEX-P5570,EVODEX-P5584,EVODEX-P6237,EVODEX-P6471,EVODEX-P6902,EVODEX-P6912,EVODEX-P7511,EVODEX-P7637,EVODEX-P7780,EVODEX-P7790,EVODEX-P7800,EVODEX-P8088,EVODEX-P8145,EVODEX-P8155,EVODEX-P8248,EVODEX-P8258,EVODEX-P8296,EVODEX-P8366,EVODEX-P8376,EVODEX-P8386,EVODEX-P8488,EVODEX-P8513,EVODEX-P8698,EVODEX-P8733,EVODEX-P8743,EVODEX-P9230,EVODEX-P17265,EVODEX-P17270"
EVODEX-N1511,[H][C:1]([C:2])([H:22])[H:23].[H]OC(=O)[C:15]([C:14])=[O:16]>>[H]O[C:1]([C:2])([H:22])[H:23].[H]O[C:15]([C:14])=[O:16],"EVODEX-P5225,EVODEX-P5571,EVODEX-P5585,EVODEX-P6238"
EVODEX-N1512,[H]OC(=O)[C:15]([C:14])=[O:16].[O:20]=[O:21]>>[H]C1:C(C([H])([H])[O:20][H]):C(=O):N([H]):C(=O):N:1[H].[H][O:21][C:15]([C:14])=[O:16],EVODEX-P5226
EVODEX-N1513,[O:11]=[O:12].[H][C:18]([C:17])([O:19])[H:25].[H][O:10][C:8]([C:6]([C:5])=[O:7])=[O:9]>>[C:8](=[O:9])=[O:10].[H][O:12][C:6]([C:5])=[O:7].[H][O:11][C:18]([C:17])([O:19])[H:25],EVODEX-P5227
EVODEX-N1514,[O:11]=[O:12].[H][O:10][C:8]([C:6]([C:5])=[O:7])=[O:9]>>[C:8](=[O:9])=[O:10].[H][O:12][C:6]([C:5])=[O:7].[H]OC([H])(C1:C([H]):N([H]):C(=O):N([H]):C:1=O)[O:11][H],EVODEX-P5228
EVODEX-N1515,O=[O:11].[H][C:18]([C:17])([O:19])[H:25].[H]OC(=O)C([H])([H])C([H])([H])C(=O)[C:8](=[O:9])[O:10][H]>>[C:8](=[O:9])=[O:10].[H][O:11][C:18]([C:17])([O:19])[H:25],EVODEX-P5229
EVODEX-N1516,[O:11]=[O:12].[H][C:18]([C:17])([O:19])[H:25].[H]OC(=O)[C:6]([C:5])=[O:7]>>[H][O:12][C:6]([C:5])=[O:7].[H][O:11][C:18]([C:17])([O:19])[H:25],EVODEX-P5230
EVODEX-N1517,O=[O:11]>>[H]OC([H])(C1:C([H]):N([H]):C(=O):N([H]):C:1=O)[O:11][H],EVODEX-P5231
EVODEX-N1518,O=[O:11].[H]OC(=O)C([H])([H])C([H])([H])C(=O)[C:8](=[O:9])[O:10][H]>>[C:8](=[O:9])=[O:10].[H]OC([H])(C1:C([H]):N([H]):C(=O):N([H]):C:1=O)[O:11][H],EVODEX-P5232
EVODEX-N1519,[O:11]=[O:12]>>[H]OC(=O)C([H])([H])C([H])([H])C(=O)[O:12][H].[H]OC([H])(C1:C([H]):N([H]):C(=O):N([H]):C:1=O)[O:11][H],EVODEX-P5233
EVODEX-N1520,[O:11]=[O:12].[H]OC(=O)[C:6]([C:5])=[O:7]>>[H][O:12][C:6]([C:5])=[O:7].[H]OC([H])(C1:C([H]):N([H]):C(=O):N([H]):C:1=O)[O:11][H],EVODEX-P5234
EVODEX-N1521,O=[O:11].[H][C:18]([C:17])([O:19])[H:25]>>[H][O:11][C:18]([C:17])([O:19])[H:25],EVODEX-P5235
EVODEX-N1522,[H][C:18]([C:17])([O:19])[H:25].[H][O:10][C:8]([C:6])=[O:9]>>[C:8](=[O:9])=[O:10].[H]O[C:6].[H]O[C:18]([C:17])([O:19])[H:25],EVODEX-P5236
EVODEX-N1523,[O:11]=[O:12].[H][C:18]([C:17])([O:19])[H:25]>>[H]OC(=O)C([H])([H])C([H])([H])C(=O)[O:12][H].[H][O:11][C:18]([C:17])([O:19])[H:25],EVODEX-P5237
EVODEX-N1524,[H][C:18]([C:17])([O:19])[H:25].[H]OC(=O)C([H])([H])C([H])([H])C(=O)[C:8](=[O:9])[O:10][H]>>[C:8](=[O:9])=[O:10].[H]O[C:18]([C:17])([O:19])[H:25],EVODEX-P5238
EVODEX-N1525,[H][C:18]([C:17])([O:19])[H:25].[H]OC(=O)[C:6]([C:5])=[O:7]>>[H]O[C:6]([C:5])=[O:7].[H]O[C:18]([C:17])([O:19])[H:25],EVODEX-P5239
EVODEX-N1526,[H][C:18]([C:17])([O:19])[H:25]>>[H]O[C:18]([C:17])([O:19])[H:25],EVODEX-P5240
EVODEX-N1527,[O:28]=[O:29]>>[H]C1:C([H]):C([H]):C([C@@]2([H])OC3:C([H]):C([H]):C([H]):C([H]):C:3C(=O)[C@]2([H])[O:28][H]):C([H]):C:1[H].[H]OC(=O)C([H])([H])C([H])([H])C(=O)[O:29][H],EVODEX-P5270
EVODEX-N1528,O=[O:28]>>[H]C1:C([H]):C([H]):C([C@@]2([H])OC3:C([H]):C([H]):C([H]):C([H]):C:3C(=O)[C@]2([H])[O:28][H]):C([H]):C:1[H],EVODEX-P5273
EVODEX-N1529,[H][O:10][C:8]([C:6]([C:5])=[O:7])=[O:9].[O:28]=[O:29]>>[C:8](=[O:9])=[O:10].[H]C1:C([H]):C([H]):C([C@@]2([H])OC3:C([H]):C([H]):C([H]):C([H]):C:3C(=O)[C@]2([H])[O:28][H]):C([H]):C:1[H].[H][O:29][C:6]([C:5])=[O:7],EVODEX-P5277
EVODEX-N1530,[H]OC(=O)C([H])([H])C([H])([H])C(=O)[C:8](=[O:9])[O:10][H].O=[O:28]>>[C:8](=[O:9])=[O:10].[H]C1:C([H]):C([H]):C([C@@]2([H])OC3:C([H]):C([H]):C([H]):C([H]):C:3C(=O)[C@]2([H])[O:28][H]):C([H]):C:1[H],EVODEX-P5278
EVODEX-N1531,[H]OC(=O)[C:6]([C:5])=[O:7].[O:28]=[O:29]>>[H]C1:C([H]):C([H]):C([C@@]2([H])OC3:C([H]):C([H]):C([H]):C([H]):C:3C(=O)[C@]2([H])[O:28][H]):C([H]):C:1[H].[H][O:29][C:6]([C:5])=[O:7],EVODEX-P5282
EVODEX-N1532,[O:32]=[O:33]>>[H]OC1:C([H]):C(O[H]):C2:C(:C:1[H])O[C@@]([H])(C1:C([H]):C([H]):C(O[H]):C(O[H]):C:1[H])[C@@]([H])([O:32][H])C2=O.[H]OC(=O)C([H])([H])C([H])([H])C(=O)[O:33][H],EVODEX-P5284
EVODEX-N1533,O=[O:32]>>[H]OC1:C([H]):C(O[H]):C2:C(:C:1[H])O[C@@]([H])(C1:C([H]):C([H]):C(O[H]):C(O[H]):C:1[H])[C@@]([H])([O:32][H])C2=O,EVODEX-P5287
EVODEX-N1534,[H][O:10][C:8]([C:6]([C:5])=[O:7])=[O:9].[O:32]=[O:33]>>[C:8](=[O:9])=[O:10].[H]OC1:C([H]):C(O[H]):C2:C(:C:1[H])O[C@@]([H])(C1:C([H]):C([H]):C(O[H]):C(O[H]):C:1[H])[C@@]([H])([O:32][H])C2=O.[H][O:33][C:6]([C:5])=[O:7],EVODEX-P5291
EVODEX-N1535,[H]OC(=O)C([H])([H])C([H])([H])C(=O)[C:8](=[O:9])[O:10][H].O=[O:32]>>[C:8](=[O:9])=[O:10].[H]OC1:C([H]):C(O[H]):C2:C(:C:1[H])O[C@@]([H])(C1:C([H]):C([H]):C(O[H]):C(O[H]):C:1[H])[C@@]([H])([O:32][H])C2=O,EVODEX-P5292
EVODEX-N1536,[H]OC(=O)[C:6]([C:5])=[O:7].[O:32]=[O:33]>>[H]OC1:C([H]):C(O[H]):C2:C(:C:1[H])O[C@@]([H])(C1:C([H]):C([H]):C(O[H]):C(O[H]):C:1[H])[C@@]([H])([O:32][H])C2=O.[H][O:33][C:6]([C:5])=[O:7],EVODEX-P5296
EVODEX-N1537,[O:32]=[O:33]>>[H]OC([H])([H])[C@@]([H])(C(=O)O[C@@]1([H])C([H])([H])[C@]2([H])N(C([H])([H])[H])[C@]([H])(C1([H])[H])[C@@]([H])([O:32][H])C2([H])[H])C1:C([H]):C([H]):C([H]):C([H]):C:1[H].[H]OC(=O)C([H])([H])C([H])([H])C(=O)[O:33][H],EVODEX-P5298
EVODEX-N1538,O=[O:32]>>[H]OC([H])([H])[C@@]([H])(C(=O)O[C@@]1([H])C([H])([H])[C@]2([H])N(C([H])([H])[H])[C@]([H])(C1([H])[H])[C@@]([H])([O:32][H])C2([H])[H])C1:C([H]):C([H]):C([H]):C([H]):C:1[H],EVODEX-P5301
EVODEX-N1539,[H][O:31][C:29]([C:27]([C:26])=[O:28])=[O:30].[O:32]=[O:33]>>[C:29](=[O:30])=[O:31].[H]OC([H])([H])[C@@]([H])(C(=O)O[C@@]1([H])C([H])([H])[C@]2([H])N(C([H])([H])[H])[C@]([H])(C1([H])[H])[C@@]([H])([O:32][H])C2([H])[H])C1:C([H]):C([H]):C([H]):C([H]):C:1[H].[H][O:33][C:27]([C:26])=[O:28],EVODEX-P5305
EVODEX-N1540,[H]OC(=O)C([H])([H])C([H])([H])C(=O)[C:29](=[O:30])[O:31][H].O=[O:32]>>[C:29](=[O:30])=[O:31].[H]OC([H])([H])[C@@]([H])(C(=O)O[C@@]1([H])C([H])([H])[C@]2([H])N(C([H])([H])[H])[C@]([H])(C1([H])[H])[C@@]([H])([O:32][H])C2([H])[H])C1:C([H]):C([H]):C([H]):C([H]):C:1[H],EVODEX-P5306
EVODEX-N1541,[H]OC(=O)[C:27]([C:26])=[O:28].[O:32]=[O:33]>>[H]OC([H])([H])[C@@]([H])(C(=O)O[C@@]1([H])C([H])([H])[C@]2([H])N(C([H])([H])[H])[C@]([H])(C1([H])[H])[C@@]([H])([O:32][H])C2([H])[H])C1:C([H]):C([H]):C([H]):C([H]):C:1[H].[H][O:33][C:27]([C:26])=[O:28],EVODEX-P5310
EVODEX-N1542,[H][O:21][C:20].[H][O:30][C:28]([C:27])=[O:29].[O:31]=[C:32]=[O:33]>>[H][C:20].[O:21]=[O:30].[H][O:31][C:32]([C:28]([C:27])=[O:29])=[O:33],EVODEX-P5311
EVODEX-N1543,[H]OC(=O)C([H])([H])C([H])([H])C(=O)[O:30][H]>>O=[O:30],EVODEX-P5312
EVODEX-N1544,[H][O:21][C:20].[O:31]=[C:32]=[O:33]>>[H][C:20].O=[O:21].[H]OC(=O)C([H])([H])C([H])([H])C(=O)[C:32]([O:31][H])=[O:33],EVODEX-P5313
EVODEX-N1545,[H]O[C@:20]([C:19])([C:22])[H:53].[H]O[C:28]([C:27])=[O:29].[O:31]=[C:32]=[O:33]>>[H][C:20]([C:19])([C:22])[H:53].[H][O:31][C:32]([C:28]([C:27])=[O:29])=[O:33],EVODEX-P5315
EVODEX-N1546,[H]OC([H])([H])[C@@]([H])(C(=O)O[C@@]1([H])C([H])([H])[C@]2([H])N(C([H])([H])[H])[C@]([H])(C1([H])[H])[C@@]([H])([O:21][H])C2([H])[H])C1:C([H]):C([H]):C([H]):C([H]):C:1[H].[H][O:30][C:28]([C:27])=[O:29].[O:31]=[C:32]=[O:33]>>[O:21]=[O:30].[H][O:31][C:32]([C:28]([C:27])=[O:29])=[O:33],EVODEX-P5316
EVODEX-N1547,[H][O:21][C:20]>>[H][C:20].O=[O:21],"EVODEX-P5317,EVODEX-P6664,EVODEX-P6803,EVODEX-P8403,EVODEX-P8421,EVODEX-P8612"
EVODEX-N1548,[H]O[C@:20]([C:19])([C:22])[H:53].[O:31]=[C:32]=[O:33]>>[H][C:20]([C:19])([C:22])[H:53].[H]OC(=O)C([H])([H])C([H])([H])C(=O)[C:32]([O:31][H])=[O:33],EVODEX-P5318
EVODEX-N1549,[H]OC([H])([H])[C@@]([H])(C(=O)O[C@@]1([H])C([H])([H])[C@]2([H])N(C([H])([H])[H])[C@]([H])(C1([H])[H])[C@@]([H])([O:21][H])C2([H])[H])C1:C([H]):C([H]):C([H]):C([H]):C:1[H].[O:31]=[C:32]=[O:33]>>O=[O:21].[H]OC(=O)C([H])([H])C([H])([H])C(=O)[C:32]([O:31][H])=[O:33],EVODEX-P5319
EVODEX-N1550,[H][O:21][C:20].[H][O:30][C:28]>>[H][C:20].[O:21]=[O:30].[H]OC(=O)[C:28],EVODEX-P5320
EVODEX-N1551,[H][O:21][C:20].[H]OC(=O)C([H])([H])C([H])([H])C(=O)[O:30][H]>>[H][C:20].[O:21]=[O:30],EVODEX-P5321
EVODEX-N1552,[H]O[C:28]([C:27])=[O:29].[O:31]=[C:32]=[O:33]>>[H][O:31][C:32]([C:28]([C:27])=[O:29])=[O:33],EVODEX-P5322
EVODEX-N1553,[H]O[C@:20]([C:19])([C:22])[H:53].[H]O[C:28]([C:27])=[O:29]>>[H][C:20]([C:19])([C:22])[H:53].[H]OC(=O)[C:28]([C:27])=[O:29],EVODEX-P5323
EVODEX-N1554,[H]OC([H])([H])[C@@]([H])(C(=O)O[C@@]1([H])C([H])([H])[C@]2([H])N(C([H])([H])[H])[C@]([H])(C1([H])[H])[C@@]([H])([O:21][H])C2([H])[H])C1:C([H]):C([H]):C([H]):C([H]):C:1[H]>>O=[O:21],EVODEX-P5324
EVODEX-N1555,[H]OC([H])([H])[C@@]([H])(C(=O)O[C@@]1([H])C([H])([H])[C@]2([H])N(C([H])([H])[H])[C@]([H])(C1([H])[H])[C@@]([H])([O:21][H])C2([H])[H])C1:C([H]):C([H]):C([H]):C([H]):C:1[H].[H][O:30][C:28]>>[O:21]=[O:30].[H]OC(=O)[C:28],EVODEX-P5325
EVODEX-N1556,[H][O:30][C:28]([C:27])=[O:29].[O:31]=[C:32]=[O:33]>>O=[O:30].[H][O:31][C:32]([C:28]([C:27])=[O:29])=[O:33],EVODEX-P5326
EVODEX-N1557,[H]O[C:28]([C:27])=[O:29]>>[H]OC(=O)[C:28]([C:27])=[O:29],EVODEX-P5327
EVODEX-N1558,[H][O:30][C:28]>>O=[O:30].[H]OC(=O)[C:28],EVODEX-P5328
EVODEX-N1559,[H]OC([H])([H])[C@@]([H])(C(=O)O[C@@]1([H])C([H])([H])[C@]2([H])N(C([H])([H])[H])[C@]([H])(C1([H])[H])[C@@]([H])([O:21][H])C2([H])[H])C1:C([H]):C([H]):C([H]):C([H]):C:1[H].[H]OC(=O)C([H])([H])C([H])([H])C(=O)[O:30][H]>>[O:21]=[O:30],EVODEX-P5329
EVODEX-N1560,[O:31]=[C:32]=[O:33]>>[H]OC(=O)C([H])([H])C([H])([H])C(=O)[C:32]([O:31][H])=[O:33],EVODEX-P5330
EVODEX-N1561,[O:36]=[O:37]>>[H]OC(=O)[C@]1([H])[C@]23C([H])([H])C(=C([H])[H])[C@](O[H])(C([H])([H])C([H])([H])[C@@]2([H])[C@]24OC(=O)[C@](C([H])([H])[H])([C@@]([H])(O[H])[C@@]([H])([O:36][H])C2([H])[H])[C@@]14[H])C3([H])[H].[H]OC(=O)C([H])([H])C([H])([H])C(=O)[O:37][H],EVODEX-P5332
EVODEX-N1562,O=[O:36]>>[H]OC(=O)[C@]1([H])[C@]23C([H])([H])C(=C([H])[H])[C@](O[H])(C([H])([H])C([H])([H])[C@@]2([H])[C@]24OC(=O)[C@](C([H])([H])[H])([C@@]([H])(O[H])[C@@]([H])([O:36][H])C2([H])[H])[C@@]14[H])C3([H])[H],EVODEX-P5335
EVODEX-N1563,[H][O:35][C:33]([C:31]([C:30])=[O:32])=[O:34].[O:36]=[O:37]>>[C:33](=[O:34])=[O:35].[H]OC(=O)[C@]1([H])[C@]23C([H])([H])C(=C([H])[H])[C@](O[H])(C([H])([H])C([H])([H])[C@@]2([H])[C@]24OC(=O)[C@](C([H])([H])[H])([C@@]([H])(O[H])[C@@]([H])([O:36][H])C2([H])[H])[C@@]14[H])C3([H])[H].[H][O:37][C:31]([C:30])=[O:32],EVODEX-P5339
EVODEX-N1564,[H]OC(=O)C([H])([H])C([H])([H])C(=O)[C:33](=[O:34])[O:35][H].O=[O:36]>>[C:33](=[O:34])=[O:35].[H]OC(=O)[C@]1([H])[C@]23C([H])([H])C(=C([H])[H])[C@](O[H])(C([H])([H])C([H])([H])[C@@]2([H])[C@]24OC(=O)[C@](C([H])([H])[H])([C@@]([H])(O[H])[C@@]([H])([O:36][H])C2([H])[H])[C@@]14[H])C3([H])[H],EVODEX-P5340
EVODEX-N1565,[H]OC(=O)[C:31]([C:30])=[O:32].[O:36]=[O:37]>>[H]OC(=O)[C@]1([H])[C@]23C([H])([H])C(=C([H])[H])[C@](O[H])(C([H])([H])C([H])([H])[C@@]2([H])[C@]24OC(=O)[C@](C([H])([H])[H])([C@@]([H])(O[H])[C@@]([H])([O:36][H])C2([H])[H])[C@@]14[H])C3([H])[H].[H][O:37][C:31]([C:30])=[O:32],EVODEX-P5344
EVODEX-N1566,[O:35]=[O:36]>>[H]OC(=O)[C@]1(C([H])([H])[H])C([H])([H])[C@]([H])([O:36][H])C([H])([H])[C@@]2(C([H])([H])[H])[C@]3([H])C([H])([H])C([H])([H])[C@@]4([H])C(=C([H])[H])C([H])([H])[C@@]3(C4([H])[H])[C@@]([H])(C(=O)O[H])[C@]12[H].[H]OC(=O)C([H])([H])C([H])([H])C(=O)[O:35][H],EVODEX-P5346
EVODEX-N1567,O=[O:36]>>[H]OC(=O)[C@]1(C([H])([H])[H])C([H])([H])[C@]([H])([O:36][H])C([H])([H])[C@@]2(C([H])([H])[H])[C@]3([H])C([H])([H])C([H])([H])[C@@]4([H])C(=C([H])[H])C([H])([H])[C@@]3(C4([H])[H])[C@@]([H])(C(=O)O[H])[C@]12[H],EVODEX-P5349
EVODEX-N1568,[H][O:34][C:32]([C:30]([C:29])=[O:31])=[O:33].[O:35]=[O:36]>>[C:32](=[O:33])=[O:34].[H]OC(=O)[C@]1(C([H])([H])[H])C([H])([H])[C@]([H])([O:36][H])C([H])([H])[C@@]2(C([H])([H])[H])[C@]3([H])C([H])([H])C([H])([H])[C@@]4([H])C(=C([H])[H])C([H])([H])[C@@]3(C4([H])[H])[C@@]([H])(C(=O)O[H])[C@]12[H].[H][O:35][C:30]([C:29])=[O:31],EVODEX-P5353
EVODEX-N1569,[H]OC(=O)C([H])([H])C([H])([H])C(=O)[C:32](=[O:33])[O:34][H].O=[O:36]>>[C:32](=[O:33])=[O:34].[H]OC(=O)[C@]1(C([H])([H])[H])C([H])([H])[C@]([H])([O:36][H])C([H])([H])[C@@]2(C([H])([H])[H])[C@]3([H])C([H])([H])C([H])([H])[C@@]4([H])C(=C([H])[H])C([H])([H])[C@@]3(C4([H])[H])[C@@]([H])(C(=O)O[H])[C@]12[H],EVODEX-P5354
EVODEX-N1570,[H]OC(=O)[C:30]([C:29])=[O:31].[O:35]=[O:36]>>[H]OC(=O)[C@]1(C([H])([H])[H])C([H])([H])[C@]([H])([O:36][H])C([H])([H])[C@@]2(C([H])([H])[H])[C@]3([H])C([H])([H])C([H])([H])[C@@]4([H])C(=C([H])[H])C([H])([H])[C@@]3(C4([H])[H])[C@@]([H])(C(=O)O[H])[C@]12[H].[H][O:35][C:30]([C:29])=[O:31],EVODEX-P5358
EVODEX-N1571,[O:35]=[O:36]>>[H]OC(=O)[C@]1([H])[C@]23C([H])([H])C(=C([H])[H])[C@](O[H])(C([H])([H])C([H])([H])[C@@]2([H])[C@@]24OC(=O)[C@@](C([H])([H])[H])([C@@]12[H])[C@@]([H])([O:35][H])C([H])([H])C4([H])[H])C3([H])[H].[H]OC(=O)C([H])([H])C([H])([H])C(=O)[O:36][H],EVODEX-P5360
EVODEX-N1572,O=[O:35]>>[H]OC(=O)[C@]1([H])[C@]23C([H])([H])C(=C([H])[H])[C@](O[H])(C([H])([H])C([H])([H])[C@@]2([H])[C@@]24OC(=O)[C@@](C([H])([H])[H])([C@@]12[H])[C@@]([H])([O:35][H])C([H])([H])C4([H])[H])C3([H])[H],EVODEX-P5363
EVODEX-N1573,[H][O:34][C:32]([C:30]([C:29])=[O:31])=[O:33].[O:35]=[O:36]>>[C:32](=[O:33])=[O:34].[H]OC(=O)[C@]1([H])[C@]23C([H])([H])C(=C([H])[H])[C@](O[H])(C([H])([H])C([H])([H])[C@@]2([H])[C@@]24OC(=O)[C@@](C([H])([H])[H])([C@@]12[H])[C@@]([H])([O:35][H])C([H])([H])C4([H])[H])C3([H])[H].[H][O:36][C:30]([C:29])=[O:31],EVODEX-P5367
EVODEX-N1574,[H]OC(=O)C([H])([H])C([H])([H])C(=O)[C:32](=[O:33])[O:34][H].O=[O:35]>>[C:32](=[O:33])=[O:34].[H]OC(=O)[C@]1([H])[C@]23C([H])([H])C(=C([H])[H])[C@](O[H])(C([H])([H])C([H])([H])[C@@]2([H])[C@@]24OC(=O)[C@@](C([H])([H])[H])([C@@]12[H])[C@@]([H])([O:35][H])C([H])([H])C4([H])[H])C3([H])[H],EVODEX-P5368
EVODEX-N1575,[H]OC(=O)[C:30]([C:29])=[O:31].[O:35]=[O:36]>>[H]OC(=O)[C@]1([H])[C@]23C([H])([H])C(=C([H])[H])[C@](O[H])(C([H])([H])C([H])([H])[C@@]2([H])[C@@]24OC(=O)[C@@](C([H])([H])[H])([C@@]12[H])[C@@]([H])([O:35][H])C([H])([H])C4([H])[H])C3([H])[H].[H][O:36][C:30]([C:29])=[O:31],EVODEX-P5372
EVODEX-N1576,[O:34]=[O:35]>>[H]OC(=O)[C@]1([H])[C@]23C([H])([H])C(=C([H])[H])[C@]([H])(C([H])([H])C([H])([H])[C@@]2([H])[C@@]24OC(=O)[C@@](C([H])([H])[H])([C@@]12[H])[C@@]([H])([O:34][H])C([H])([H])C4([H])[H])C3([H])[H].[H]OC(=O)C([H])([H])C([H])([H])C(=O)[O:35][H],EVODEX-P5374
EVODEX-N1577,O=[O:34]>>[H]OC(=O)[C@]1([H])[C@]23C([H])([H])C(=C([H])[H])[C@]([H])(C([H])([H])C([H])([H])[C@@]2([H])[C@@]24OC(=O)[C@@](C([H])([H])[H])([C@@]12[H])[C@@]([H])([O:34][H])C([H])([H])C4([H])[H])C3([H])[H],EVODEX-P5377
EVODEX-N1578,[H][O:33][C:31]([C:29]([C:28])=[O:30])=[O:32].[O:34]=[O:35]>>[C:31](=[O:32])=[O:33].[H]OC(=O)[C@]1([H])[C@]23C([H])([H])C(=C([H])[H])[C@]([H])(C([H])([H])C([H])([H])[C@@]2([H])[C@@]24OC(=O)[C@@](C([H])([H])[H])([C@@]12[H])[C@@]([H])([O:34][H])C([H])([H])C4([H])[H])C3([H])[H].[H][O:35][C:29]([C:28])=[O:30],EVODEX-P5381
EVODEX-N1579,[H]OC(=O)C([H])([H])C([H])([H])C(=O)[C:31](=[O:32])[O:33][H].O=[O:34]>>[C:31](=[O:32])=[O:33].[H]OC(=O)[C@]1([H])[C@]23C([H])([H])C(=C([H])[H])[C@]([H])(C([H])([H])C([H])([H])[C@@]2([H])[C@@]24OC(=O)[C@@](C([H])([H])[H])([C@@]12[H])[C@@]([H])([O:34][H])C([H])([H])C4([H])[H])C3([H])[H],EVODEX-P5382
EVODEX-N1580,[H]OC(=O)[C:29]([C:28])=[O:30].[O:34]=[O:35]>>[H]OC(=O)[C@]1([H])[C@]23C([H])([H])C(=C([H])[H])[C@]([H])(C([H])([H])C([H])([H])[C@@]2([H])[C@@]24OC(=O)[C@@](C([H])([H])[H])([C@@]12[H])[C@@]([H])([O:34][H])C([H])([H])C4([H])[H])C3([H])[H].[H][O:35][C:29]([C:28])=[O:30],EVODEX-P5386
EVODEX-N1581,O=[O:19]>>[H]C(C([H])([H])N([H])[H])=[O:19],EVODEX-P5387
EVODEX-N1582,[H]N([H])C([H])([H])C([H])([H])[S:4](=[O:5])(=[O:6])[O:7].[H][O:17][C:15]([C:13])=[O:16]>>[C:15](=[O:16])=[O:17].[H]O[C:13].[H][O:5][S:4](=[O:6])[O:7],EVODEX-P5388
EVODEX-N1583,[H]OS(=O)(=O)[C:3]([H])([C:2])[H:24].[O:18]=[O:19].[H]OC(=O)[C:13]([C:12])=[O:14]>>[C:2][C:3](=[O:19])[H:24].[H][O:18][C:13]([C:12])=[O:14],"EVODEX-P5389,EVODEX-P5419"
EVODEX-N1584,[H]OS(=O)(=O)[C:3]([H])([C:2])[H:24].[H]OC(=O)C([H])([H])C([H])([H])C(=O)[C:15](=[O:16])[O:17][H]>>[C:15](=[O:16])=[O:17].O=[C:3]([C:2])[H:24],"EVODEX-P5390,EVODEX-P5420"
EVODEX-N1585,O=[O:19].[H]OC(=O)C([H])([H])C([H])([H])C(=O)[C:15](=[O:16])[O:17][H]>>[C:15](=[O:16])=[O:17].[H]C(C([H])([H])N([H])[H])=[O:19],EVODEX-P5391
EVODEX-N1586,[H]OS(=O)(=O)[C:3]([H])([C:2])[H:24].[O:18]=[O:19]>>[C:2][C:3](=[O:19])[H:24].[H]OC(=O)C([H])([H])C([H])([H])C(=O)[O:18][H],"EVODEX-P5392,EVODEX-P5422"
EVODEX-N1587,[H]N([H])C([H])([H])C([H])([H])[S:4](=[O:5])(=[O:6])[O:7].O=[O:18]>>[H]OC(=O)C([H])([H])C([H])([H])C(=O)[O:18][H].[H][O:5][S:4](=[O:6])[O:7],EVODEX-P5393
EVODEX-N1588,[O:18]=[O:19]>>[H]C(C([H])([H])N([H])[H])=[O:19].[H]OC(=O)C([H])([H])C([H])([H])C(=O)[O:18][H],EVODEX-P5394
EVODEX-N1589,[H][C:3]([C:2])([S:4](=[O:5])(=[O:6])[O:7])[H:24].[H][O:17][C:15]([C:13])=[O:16]>>[C:15](=[O:16])=[O:17].O=[C:3]([C:2])[H:24].[H]O[C:13].[H][O:5][S:4](=[O:6])[O:7],"EVODEX-P5395,EVODEX-P5425"
EVODEX-N1590,[H][C:3]([C:2])([S:4](=[O:5])(=[O:6])[O:7])[H:24].[O:18]=[O:19]>>[C:2][C:3](=[O:19])[H:24].[H]OC(=O)C([H])([H])C([H])([H])C(=O)[O:18][H].[H][O:5][S:4](=[O:6])[O:7],"EVODEX-P5396,EVODEX-P5426"
EVODEX-N1591,[H]OS(=O)(=O)[C:3]([H])([C:2])[H:24].[H]OC(=O)[C:13]([C:12])=[O:14]>>O=[C:3]([C:2])[H:24].[H]O[C:13]([C:12])=[O:14],"EVODEX-P5397,EVODEX-P5427"
EVODEX-N1592,[H]N([H])C([H])([H])C([H])([H])[S:4](=[O:5])(=[O:6])[O:7].O=[O:18].[H]OC(=O)[C:13]([C:12])=[O:14]>>[H][O:18][C:13]([C:12])=[O:14].[H][O:5][S:4](=[O:6])[O:7],EVODEX-P5398
EVODEX-N1593,[H]N([H])C([H])([H])C([H])([H])[S:4](=[O:5])(=[O:6])[O:7].[H]OC(=O)[C:13]([C:12])=[O:14]>>[H]O[C:13]([C:12])=[O:14].[H][O:5][S:4](=[O:6])[O:7],EVODEX-P5399
EVODEX-N1594,[H][C:3]([C:2])([S:4](=[O:5])(=[O:6])[O:7])[H:24].O=[O:19].[H]OC(=O)C([H])([H])C([H])([H])C(=O)[C:15](=[O:16])[O:17][H]>>[C:15](=[O:16])=[O:17].[C:2][C:3](=[O:19])[H:24].[H][O:5][S:4](=[O:6])[O:7],"EVODEX-P5400,EVODEX-P5430"
EVODEX-N1595,[H]OS(=O)(=O)[C:3]([H])([C:2])[H:24]>>O=[C:3]([C:2])[H:24],"EVODEX-P5401,EVODEX-P5431"
EVODEX-N1596,[O:18]=[O:19].[H]OC(=O)[C:13]([C:12])=[O:14]>>[H]C(C([H])([H])N([H])[H])=[O:19].[H][O:18][C:13]([C:12])=[O:14],EVODEX-P5402
EVODEX-N1597,[H][C:3]([C:2])([S:4](=[O:5])(=[O:6])[O:7])[H:24].[H]OC(=O)C([H])([H])C([H])([H])C(=O)[C:15](=[O:16])[O:17][H]>>[C:15](=[O:16])=[O:17].O=[C:3]([C:2])[H:24].[H][O:5][S:4](=[O:6])[O:7],"EVODEX-P5403,EVODEX-P5433"
EVODEX-N1598,[H][C:3]([C:2])([S:4](=[O:5])(=[O:6])[O:7])[H:24].[O:18]=[O:19].[H]OC(=O)[C:13]([C:12])=[O:14]>>[C:2][C:3](=[O:19])[H:24].[H][O:18][C:13]([C:12])=[O:14].[H][O:5][S:4](=[O:6])[O:7],"EVODEX-P5404,EVODEX-P5434"
EVODEX-N1599,[H][C:3]([C:2])([S:4](=[O:5])(=[O:6])[O:7])[H:24].[H]OC(=O)[C:13]([C:12])=[O:14]>>O=[C:3]([C:2])[H:24].[H]O[C:13]([C:12])=[O:14].[H][O:5][S:4](=[O:6])[O:7],"EVODEX-P5405,EVODEX-P5435"
EVODEX-N1600,[H]OS(=O)(=O)[C:3]([H])([C:2])[H:24].[O:18]=[O:19].[H][O:17][C:15]([C:13]([C:12])=[O:14])=[O:16]>>[C:15](=[O:16])=[O:17].[C:2][C:3](=[O:19])[H:24].[H][O:18][C:13]([C:12])=[O:14],"EVODEX-P5406,EVODEX-P5436"
EVODEX-N1601,[H]OS(=O)(=O)[C:3]([H])([C:2])[H:24].[H][O:17][C:15]([C:13])=[O:16]>>[C:15](=[O:16])=[O:17].O=[C:3]([C:2])[H:24].[H]O[C:13],"EVODEX-P5407,EVODEX-P5437"
EVODEX-N1602,[H]N([H])C([H])([H])C([H])([H])[S:4](=[O:5])(=[O:6])[O:7]>>[H][O:5][S:4](=[O:6])[O:7],EVODEX-P5408
EVODEX-N1603,[H]N([H])C([H])([H])C([H])([H])[S:4](=[O:5])(=[O:6])[O:7].[H]OC(=O)C([H])([H])C([H])([H])C(=O)[C:15](=[O:16])[O:17][H]>>[C:15](=[O:16])=[O:17].[H][O:5][S:4](=[O:6])[O:7],EVODEX-P5409
EVODEX-N1604,[H][C:3]([C:2])([S:4](=[O:5])(=[O:6])[O:7])[H:24]>>O=[C:3]([C:2])[H:24].[H][O:5][S:4](=[O:6])[O:7],"EVODEX-P5410,EVODEX-P5440"
EVODEX-N1605,[H]OS(=O)(=O)[C:3]([H])([C:2])[H:24].O=[O:19]>>[C:2][C:3](=[O:19])[H:24],"EVODEX-P5411,EVODEX-P5441"
EVODEX-N1606,[H]OS(=O)(=O)[C:3]([H])([C:2])[H:24].O=[O:19].[H]OC(=O)C([H])([H])C([H])([H])C(=O)[C:15](=[O:16])[O:17][H]>>[C:15](=[O:16])=[O:17].[C:2][C:3](=[O:19])[H:24],"EVODEX-P5412,EVODEX-P5442"
EVODEX-N1607,[O:18]=[O:19].[H][O:17][C:15]([C:13]([C:12])=[O:14])=[O:16]>>[C:15](=[O:16])=[O:17].[H]C(C([H])([H])N([H])[H])=[O:19].[H][O:18][C:13]([C:12])=[O:14],EVODEX-P5413
EVODEX-N1608,[H][C:3]([C:2])([S:4](=[O:5])(=[O:6])[O:7])[H:24].O=[O:19]>>[C:2][C:3](=[O:19])[H:24].[H][O:5][S:4](=[O:6])[O:7],"EVODEX-P5414,EVODEX-P5444"
EVODEX-N1609,[H][C:3]([C:2])([S:4](=[O:5])(=[O:6])[O:7])[H:24].[O:18]=[O:19].[H][O:17][C:15]([C:13]([C:12])=[O:14])=[O:16]>>[C:15](=[O:16])=[O:17].[C:2][C:3](=[O:19])[H:24].[H][O:18][C:13]([C:12])=[O:14].[H][O:5][S:4](=[O:6])[O:7],"EVODEX-P5415,EVODEX-P5445"
EVODEX-N1610,[H]N([H])C([H])([H])C([H])([H])[S:4](=[O:5])(=[O:6])[O:7].O=[O:18].[H][O:17][C:15]([C:13]([C:12])=[O:14])=[O:16]>>[C:15](=[O:16])=[O:17].[H][O:18][C:13]([C:12])=[O:14].[H][O:5][S:4](=[O:6])[O:7],EVODEX-P5416
EVODEX-N1611,O=[O:20]>>[H]C(C([H])([H])C([H])([H])C([H])([H])[H])=[O:20],EVODEX-P5417
EVODEX-N1612,[H]C([H])([H])C([H])([H])C([H])([H])C([H])([H])[S:5](=[O:6])(=[O:7])[O:8].[H][O:18][C:16]([C:14])=[O:17]>>[C:16](=[O:17])=[O:18].[H]O[C:14].[H][O:6][S:5](=[O:7])[O:8],EVODEX-P5418
EVODEX-N1613,O=[O:20].[H]OC(=O)C([H])([H])C([H])([H])C(=O)[C:16](=[O:17])[O:18][H]>>[C:16](=[O:17])=[O:18].[H]C(C([H])([H])C([H])([H])C([H])([H])[H])=[O:20],EVODEX-P5421
EVODEX-N1614,[H]C([H])([H])C([H])([H])C([H])([H])C([H])([H])[S:5](=[O:6])(=[O:7])[O:8].O=[O:19]>>[H]OC(=O)C([H])([H])C([H])([H])C(=O)[O:19][H].[H][O:6][S:5](=[O:7])[O:8],EVODEX-P5423
EVODEX-N1615,[O:19]=[O:20]>>[H]C(C([H])([H])C([H])([H])C([H])([H])[H])=[O:20].[H]OC(=O)C([H])([H])C([H])([H])C(=O)[O:19][H],EVODEX-P5424
EVODEX-N1616,[H]C([H])([H])C([H])([H])C([H])([H])C([H])([H])[S:5](=[O:6])(=[O:7])[O:8].O=[O:19].[H]OC(=O)[C:14]([C:13])=[O:15]>>[H][O:19][C:14]([C:13])=[O:15].[H][O:6][S:5](=[O:7])[O:8],EVODEX-P5428
EVODEX-N1617,[H]C([H])([H])C([H])([H])C([H])([H])C([H])([H])[S:5](=[O:6])(=[O:7])[O:8].[H]OC(=O)[C:14]([C:13])=[O:15]>>[H]O[C:14]([C:13])=[O:15].[H][O:6][S:5](=[O:7])[O:8],EVODEX-P5429
EVODEX-N1618,[O:19]=[O:20].[H]OC(=O)[C:14]([C:13])=[O:15]>>[H]C(C([H])([H])C([H])([H])C([H])([H])[H])=[O:20].[H][O:19][C:14]([C:13])=[O:15],EVODEX-P5432
EVODEX-N1619,[H]C([H])([H])C([H])([H])C([H])([H])C([H])([H])[S:5](=[O:6])(=[O:7])[O:8]>>[H][O:6][S:5](=[O:7])[O:8],EVODEX-P5438
EVODEX-N1620,[H]C([H])([H])C([H])([H])C([H])([H])C([H])([H])[S:5](=[O:6])(=[O:7])[O:8].[H]OC(=O)C([H])([H])C([H])([H])C(=O)[C:16](=[O:17])[O:18][H]>>[C:16](=[O:17])=[O:18].[H][O:6][S:5](=[O:7])[O:8],EVODEX-P5439
EVODEX-N1621,[O:19]=[O:20].[H][O:18][C:16]([C:14]([C:13])=[O:15])=[O:17]>>[C:16](=[O:17])=[O:18].[H]C(C([H])([H])C([H])([H])C([H])([H])[H])=[O:20].[H][O:19][C:14]([C:13])=[O:15],EVODEX-P5443
EVODEX-N1622,[H]C([H])([H])C([H])([H])C([H])([H])C([H])([H])[S:5](=[O:6])(=[O:7])[O:8].O=[O:19].[H][O:18][C:16]([C:14]([C:13])=[O:15])=[O:17]>>[C:16](=[O:17])=[O:18].[H][O:19][C:14]([C:13])=[O:15].[H][O:6][S:5](=[O:7])[O:8],EVODEX-P5446
EVODEX-N1623,[O:80]=[O:81]>>[H]O[C@]1([H])[C@]([H])(OP(=O)(O[H])O[H])[C@@]([H])(C([H])([H])OP(=O)(O[H])OP(=O)(O[H])OC([H])([H])C(C([H])([H])[H])(C([H])([H])[H])[C@@]([H])(O[H])C(=O)N([H])C([H])([H])C([H])([H])C(=O)N([H])C([H])([H])C([H])([H])SC(=O)C([H])([C@@]([H])(C([H])([H])[H])C([H])([H])C([H])([H])C([H])([H])[C@]([H])(C([H])([H])[H])C([H])([H])C([H])([H])C([H])([H])[C@]([H])(C([H])([H])[H])C([H])([H])C([H])([H])C([H])([H])C([H])(C([H])([H])[H])C([H])([H])[H])[O:80][H])O[C@@]1([H])N1:C([H]):N:C2:C(N([H])[H]):N:C([H]):N:C:2:1.[H]OC(=O)C([H])([H])C([H])([H])C(=O)[O:81][H],EVODEX-P5448
EVODEX-N1624,O=[O:80]>>[H]O[C@]1([H])[C@]([H])(OP(=O)(O[H])O[H])[C@@]([H])(C([H])([H])OP(=O)(O[H])OP(=O)(O[H])OC([H])([H])C(C([H])([H])[H])(C([H])([H])[H])[C@@]([H])(O[H])C(=O)N([H])C([H])([H])C([H])([H])C(=O)N([H])C([H])([H])C([H])([H])SC(=O)C([H])([C@@]([H])(C([H])([H])[H])C([H])([H])C([H])([H])C([H])([H])[C@]([H])(C([H])([H])[H])C([H])([H])C([H])([H])C([H])([H])[C@]([H])(C([H])([H])[H])C([H])([H])C([H])([H])C([H])([H])C([H])(C([H])([H])[H])C([H])([H])[H])[O:80][H])O[C@@]1([H])N1:C([H]):N:C2:C(N([H])[H]):N:C([H]):N:C:2:1,EVODEX-P5451
EVODEX-N1625,[H][O:79][C:77]([C:75]([C:74])=[O:76])=[O:78].[O:80]=[O:81]>>[C:77](=[O:78])=[O:79].[H]O[C@]1([H])[C@]([H])(OP(=O)(O[H])O[H])[C@@]([H])(C([H])([H])OP(=O)(O[H])OP(=O)(O[H])OC([H])([H])C(C([H])([H])[H])(C([H])([H])[H])[C@@]([H])(O[H])C(=O)N([H])C([H])([H])C([H])([H])C(=O)N([H])C([H])([H])C([H])([H])SC(=O)C([H])([C@@]([H])(C([H])([H])[H])C([H])([H])C([H])([H])C([H])([H])[C@]([H])(C([H])([H])[H])C([H])([H])C([H])([H])C([H])([H])[C@]([H])(C([H])([H])[H])C([H])([H])C([H])([H])C([H])([H])C([H])(C([H])([H])[H])C([H])([H])[H])[O:80][H])O[C@@]1([H])N1:C([H]):N:C2:C(N([H])[H]):N:C([H]):N:C:2:1.[H][O:81][C:75]([C:74])=[O:76],EVODEX-P5455
EVODEX-N1626,[H]OC(=O)C([H])([H])C([H])([H])C(=O)[C:77](=[O:78])[O:79][H].O=[O:80]>>[C:77](=[O:78])=[O:79].[H]O[C@]1([H])[C@]([H])(OP(=O)(O[H])O[H])[C@@]([H])(C([H])([H])OP(=O)(O[H])OP(=O)(O[H])OC([H])([H])C(C([H])([H])[H])(C([H])([H])[H])[C@@]([H])(O[H])C(=O)N([H])C([H])([H])C([H])([H])C(=O)N([H])C([H])([H])C([H])([H])SC(=O)C([H])([C@@]([H])(C([H])([H])[H])C([H])([H])C([H])([H])C([H])([H])[C@]([H])(C([H])([H])[H])C([H])([H])C([H])([H])C([H])([H])[C@]([H])(C([H])([H])[H])C([H])([H])C([H])([H])C([H])([H])C([H])(C([H])([H])[H])C([H])([H])[H])[O:80][H])O[C@@]1([H])N1:C([H]):N:C2:C(N([H])[H]):N:C([H]):N:C:2:1,EVODEX-P5456
EVODEX-N1627,[H]OC(=O)[C:75]([C:74])=[O:76].[O:80]=[O:81]>>[H]O[C@]1([H])[C@]([H])(OP(=O)(O[H])O[H])[C@@]([H])(C([H])([H])OP(=O)(O[H])OP(=O)(O[H])OC([H])([H])C(C([H])([H])[H])(C([H])([H])[H])[C@@]([H])(O[H])C(=O)N([H])C([H])([H])C([H])([H])C(=O)N([H])C([H])([H])C([H])([H])SC(=O)C([H])([C@@]([H])(C([H])([H])[H])C([H])([H])C([H])([H])C([H])([H])[C@]([H])(C([H])([H])[H])C([H])([H])C([H])([H])C([H])([H])[C@]([H])(C([H])([H])[H])C([H])([H])C([H])([H])C([H])([H])C([H])(C([H])([H])[H])C([H])([H])[H])[O:80][H])O[C@@]1([H])N1:C([H]):N:C2:C(N([H])[H]):N:C([H]):N:C:2:1.[H][O:81][C:75]([C:74])=[O:76],EVODEX-P5460
EVODEX-N1628,[O:70]=[O:71]>>[H]O[C@]1([H])[C@]([H])(OP(=O)(O[H])O[H])[C@@]([H])(C([H])([H])OP(=O)(O[H])OP(=O)(O[H])OC([H])([H])C(C([H])([H])[H])(C([H])([H])[H])[C@@]([H])(O[H])C(=O)N([H])C([H])([H])C([H])([H])C(=O)N([H])C([H])([H])C([H])([H])SC(=O)C([H])(C([H])(C([H])([H])[H])C([H])([H])C([H])([H])C([H])=C(C([H])([H])[H])C([H])([H])[H])[O:70][H])O[C@@]1([H])N1:C([H]):N:C2:C(N([H])[H]):N:C([H]):N:C:2:1.[H]OC(=O)C([H])([H])C([H])([H])C(=O)[O:71][H],EVODEX-P5462
EVODEX-N1629,O=[O:70]>>[H]O[C@]1([H])[C@]([H])(OP(=O)(O[H])O[H])[C@@]([H])(C([H])([H])OP(=O)(O[H])OP(=O)(O[H])OC([H])([H])C(C([H])([H])[H])(C([H])([H])[H])[C@@]([H])(O[H])C(=O)N([H])C([H])([H])C([H])([H])C(=O)N([H])C([H])([H])C([H])([H])SC(=O)C([H])(C([H])(C([H])([H])[H])C([H])([H])C([H])([H])C([H])=C(C([H])([H])[H])C([H])([H])[H])[O:70][H])O[C@@]1([H])N1:C([H]):N:C2:C(N([H])[H]):N:C([H]):N:C:2:1,EVODEX-P5465
EVODEX-N1630,[H][O:69][C:67]([C:65]([C:64])=[O:66])=[O:68].[O:70]=[O:71]>>[C:67](=[O:68])=[O:69].[H]O[C@]1([H])[C@]([H])(OP(=O)(O[H])O[H])[C@@]([H])(C([H])([H])OP(=O)(O[H])OP(=O)(O[H])OC([H])([H])C(C([H])([H])[H])(C([H])([H])[H])[C@@]([H])(O[H])C(=O)N([H])C([H])([H])C([H])([H])C(=O)N([H])C([H])([H])C([H])([H])SC(=O)C([H])(C([H])(C([H])([H])[H])C([H])([H])C([H])([H])C([H])=C(C([H])([H])[H])C([H])([H])[H])[O:70][H])O[C@@]1([H])N1:C([H]):N:C2:C(N([H])[H]):N:C([H]):N:C:2:1.[H][O:71][C:65]([C:64])=[O:66],EVODEX-P5469
EVODEX-N1631,[H]OC(=O)C([H])([H])C([H])([H])C(=O)[C:67](=[O:68])[O:69][H].O=[O:70]>>[C:67](=[O:68])=[O:69].[H]O[C@]1([H])[C@]([H])(OP(=O)(O[H])O[H])[C@@]([H])(C([H])([H])OP(=O)(O[H])OP(=O)(O[H])OC([H])([H])C(C([H])([H])[H])(C([H])([H])[H])[C@@]([H])(O[H])C(=O)N([H])C([H])([H])C([H])([H])C(=O)N([H])C([H])([H])C([H])([H])SC(=O)C([H])(C([H])(C([H])([H])[H])C([H])([H])C([H])([H])C([H])=C(C([H])([H])[H])C([H])([H])[H])[O:70][H])O[C@@]1([H])N1:C([H]):N:C2:C(N([H])[H]):N:C([H]):N:C:2:1,EVODEX-P5470
EVODEX-N1632,[H]OC(=O)[C:65]([C:64])=[O:66].[O:70]=[O:71]>>[H]O[C@]1([H])[C@]([H])(OP(=O)(O[H])O[H])[C@@]([H])(C([H])([H])OP(=O)(O[H])OP(=O)(O[H])OC([H])([H])C(C([H])([H])[H])(C([H])([H])[H])[C@@]([H])(O[H])C(=O)N([H])C([H])([H])C([H])([H])C(=O)N([H])C([H])([H])C([H])([H])SC(=O)C([H])(C([H])(C([H])([H])[H])C([H])([H])C([H])([H])C([H])=C(C([H])([H])[H])C([H])([H])[H])[O:70][H])O[C@@]1([H])N1:C([H]):N:C2:C(N([H])[H]):N:C([H]):N:C:2:1.[H][O:71][C:65]([C:64])=[O:66],EVODEX-P5474
EVODEX-N1633,[O:40]=[O:41]>>[H]O[C@@]1(C(=O)OC([H])([H])[H])[C@]2([H])N(C([H])([H])[H])C3:C([H]):C(OC([H])([H])[H]):C([H]):C([H]):C:3[C@@]23C([H])([H])C([H])([H])N2C([H])([H])C([H])=C([H])[C@](C([H])([H])C([H])([H])[H])([C@]23[H])[C@@]1([H])[O:40][H].[H]OC(=O)C([H])([H])C([H])([H])C(=O)[O:41][H],EVODEX-P5476
EVODEX-N1634,O=[O:40]>>[H]O[C@@]1(C(=O)OC([H])([H])[H])[C@]2([H])N(C([H])([H])[H])C3:C([H]):C(OC([H])([H])[H]):C([H]):C([H]):C:3[C@@]23C([H])([H])C([H])([H])N2C([H])([H])C([H])=C([H])[C@](C([H])([H])C([H])([H])[H])([C@]23[H])[C@@]1([H])[O:40][H],EVODEX-P5479
EVODEX-N1635,[H][O:39][C:37]([C:35]([C:34])=[O:36])=[O:38].[O:40]=[O:41]>>[C:37](=[O:38])=[O:39].[H]O[C@@]1(C(=O)OC([H])([H])[H])[C@]2([H])N(C([H])([H])[H])C3:C([H]):C(OC([H])([H])[H]):C([H]):C([H]):C:3[C@@]23C([H])([H])C([H])([H])N2C([H])([H])C([H])=C([H])[C@](C([H])([H])C([H])([H])[H])([C@]23[H])[C@@]1([H])[O:40][H].[H][O:41][C:35]([C:34])=[O:36],EVODEX-P5483
EVODEX-N1636,[H]OC(=O)C([H])([H])C([H])([H])C(=O)[C:37](=[O:38])[O:39][H].O=[O:40]>>[C:37](=[O:38])=[O:39].[H]O[C@@]1(C(=O)OC([H])([H])[H])[C@]2([H])N(C([H])([H])[H])C3:C([H]):C(OC([H])([H])[H]):C([H]):C([H]):C:3[C@@]23C([H])([H])C([H])([H])N2C([H])([H])C([H])=C([H])[C@](C([H])([H])C([H])([H])[H])([C@]23[H])[C@@]1([H])[O:40][H],EVODEX-P5484
EVODEX-N1637,[H]OC(=O)[C:35]([C:34])=[O:36].[O:40]=[O:41]>>[H]O[C@@]1(C(=O)OC([H])([H])[H])[C@]2([H])N(C([H])([H])[H])C3:C([H]):C(OC([H])([H])[H]):C([H]):C([H]):C:3[C@@]23C([H])([H])C([H])([H])N2C([H])([H])C([H])=C([H])[C@](C([H])([H])C([H])([H])[H])([C@]23[H])[C@@]1([H])[O:40][H].[H][O:41][C:35]([C:34])=[O:36],EVODEX-P5488
EVODEX-N1638,[H][C:13]([N:12])([C:14])[H:41].[H][O:11][C:9].[H]OC(=O)[C:22]([C:21])=[O:23].O=[O:27]>>[C:9][O:11][C:13]([N:12])([C:14])[H:41].[H][O:27][C:22]([C:21])=[O:23],EVODEX-P5489
EVODEX-N1639,[H][C:13]([N:12])([C:14])[H:41].[H][O:11][C:9].O=[O:28]>>[C:9][O:11][C:13]([N:12])([C:14])[H:41].[H][O:28][H],EVODEX-P5490
EVODEX-N1640,[H][C:13]([N:12])([C:14])[H:41].[H][O:11][C:9].[H]OC(=O)[C:22]([C:21])=[O:23]>>[C:9][O:11][C:13]([N:12])([C:14])[H:41].[H]O[C:22]([C:21])=[O:23],EVODEX-P5491
EVODEX-N1641,[O:27]=[O:28]>>[H]OC(=O)C([H])([H])C([H])([H])C(=O)[O:27][H].[H][O:28][H],EVODEX-P5492
EVODEX-N1642,[H][C:13]([N:12])([C:14])[H:41].[H][O:11][C:9].O=[O:27]>>[C:9][O:11][C:13]([N:12])([C:14])[H:41].[H]OC(=O)C([H])([H])C([H])([H])C(=O)[O:27][H],EVODEX-P5493
EVODEX-N1643,[H][C:13]([N:12])([C:14])[H:41].[H][O:11][C:9].[H][O:26][C:24]([C:22])=[O:25]>>[C:24](=[O:25])=[O:26].[C:9][O:11][C:13]([N:12])([C:14])[H:41].[H]O[C:22],EVODEX-P5494
EVODEX-N1644,[H][O:26][C:24]([C:22]([C:21])=[O:23])=[O:25].[O:27]=[O:28]>>[C:24](=[O:25])=[O:26].[H][O:27][C:22]([C:21])=[O:23].[H][O:28][H],"EVODEX-P5495,EVODEX-P7555,EVODEX-P7575"
EVODEX-N1645,[H][C:13]([N:12])([C:14])[H:41].[H][O:11][C:9].[H]OC(=O)C([H])([H])C([H])([H])C(=O)[C:24](=[O:25])[O:26][H].O=[O:28]>>[C:24](=[O:25])=[O:26].[C:9][O:11][C:13]([N:12])([C:14])[H:41].[H][O:28][H],EVODEX-P5496
EVODEX-N1646,[H][C:13]([N:12])([C:14])[H:41].[H][O:11][C:9]>>[C:9][O:11][C:13]([N:12])([C:14])[H:41],EVODEX-P5497
EVODEX-N1647,[H][C:13]([N:12])([C:14])[H:41].[H][O:11][C:9].[H]OC(=O)[C:22]([C:21])=[O:23].[O:27]=[O:28]>>[C:9][O:11][C:13]([N:12])([C:14])[H:41].[H][O:27][C:22]([C:21])=[O:23].[H][O:28][H],EVODEX-P5498
EVODEX-N1648,[H][C:13]([N:12])([C:14])[H:41].[H][O:11][C:9].[O:27]=[O:28]>>[C:9][O:11][C:13]([N:12])([C:14])[H:41].[H]OC(=O)C([H])([H])C([H])([H])C(=O)[O:27][H].[H][O:28][H],EVODEX-P5499
EVODEX-N1649,[H][C:13]([N:12])([C:14])[H:41].[H][O:11][C:9].[H][O:26][C:24]([C:22]([C:21])=[O:23])=[O:25].O=[O:27]>>[C:24](=[O:25])=[O:26].[C:9][O:11][C:13]([N:12])([C:14])[H:41].[H][O:27][C:22]([C:21])=[O:23],EVODEX-P5500
EVODEX-N1650,[H]OC(=O)C([H])([H])C([H])([H])C(=O)[C:24](=[O:25])[O:26][H].O=[O:28]>>[C:24](=[O:25])=[O:26].[H][O:28][H],EVODEX-P5501
EVODEX-N1651,[H]OC(=O)[C:22]([C:21])=[O:23].[O:27]=[O:28]>>[H][O:27][C:22]([C:21])=[O:23].[H][O:28][H],"EVODEX-P5502,EVODEX-P7563,EVODEX-P7583"
EVODEX-N1652,[H][C:13]([N:12])([C:14])[H:41].[H][O:11][C:9].[H]OC(=O)C([H])([H])C([H])([H])C(=O)[C:24](=[O:25])[O:26][H]>>[C:24](=[O:25])=[O:26].[C:9][O:11][C:13]([N:12])([C:14])[H:41],EVODEX-P5503
EVODEX-N1653,[H][C:13]([N:12])([C:14])[H:41].[H][O:11][C:9].[H][O:26][C:24]([C:22]([C:21])=[O:23])=[O:25].[O:27]=[O:28]>>[C:24](=[O:25])=[O:26].[C:9][O:11][C:13]([N:12])([C:14])[H:41].[H][O:27][C:22]([C:21])=[O:23].[H][O:28][H],EVODEX-P5504
EVODEX-N1654,[H][C:3]([C:2])([C@@:4]([H])([O:5])[C:11])[H:31].[H]OC(=O)[C:20]([C:19])=[O:21].O=[O:25]>>[C:2]/[C:3](=[C:4](\[O:5])[C:11])[H:31].[H][O:25][C:20]([C:19])=[O:21],EVODEX-P5505
EVODEX-N1655,[H][C:3]([C:2])([C@@:4]([H])([O:5])[C:11])[H:31].O=[O:26]>>[C:2]/[C:3](=[C:4](\[O:5])[C:11])[H:31].[H][O:26][H],EVODEX-P5506
EVODEX-N1656,[H][C:3]([C:2])([C@@:4]([H])([O:5])[C:11])[H:31].[H]OC(=O)[C:20]([C:19])=[O:21]>>[C:2]/[C:3](=[C:4](\[O:5])[C:11])[H:31].[H]O[C:20]([C:19])=[O:21],EVODEX-P5507
EVODEX-N1657,[H][C:3]([C:2])([C@@:4]([H])([O:5])[C:11])[H:31].O=[O:25]>>[C:2]/[C:3](=[C:4](\[O:5])[C:11])[H:31].[H]OC(=O)C([H])([H])C([H])([H])C(=O)[O:25][H],EVODEX-P5508
EVODEX-N1658,[H][C:3]([C:2])([C@@:4]([H])([O:5])[C:11])[H:31].[H][O:24][C:22]([C:20])=[O:23]>>[C:22](=[O:23])=[O:24].[C:2]/[C:3](=[C:4](\[O:5])[C:11])[H:31].[H]O[C:20],EVODEX-P5509
EVODEX-N1659,[H][C:3]([C:2])([C@@:4]([H])([O:5])[C:11])[H:31].[H]OC(=O)C([H])([H])C([H])([H])C(=O)[C:22](=[O:23])[O:24][H].O=[O:26]>>[C:22](=[O:23])=[O:24].[C:2]/[C:3](=[C:4](\[O:5])[C:11])[H:31].[H][O:26][H],EVODEX-P5510
EVODEX-N1660,[H][C:3]([C:2])([C@@:4]([H])([O:5])[C:11])[H:31]>>[C:2]/[C:3](=[C:4](\[O:5])[C:11])[H:31],EVODEX-P5511
EVODEX-N1661,[H][C:3]([C:2])([C@@:4]([H])([O:5])[C:11])[H:31].[H]OC(=O)[C:20]([C:19])=[O:21].[O:25]=[O:26]>>[C:2]/[C:3](=[C:4](\[O:5])[C:11])[H:31].[H][O:25][C:20]([C:19])=[O:21].[H][O:26][H],EVODEX-P5512
EVODEX-N1662,[H][C:3]([C:2])([C@@:4]([H])([O:5])[C:11])[H:31].[O:25]=[O:26]>>[C:2]/[C:3](=[C:4](\[O:5])[C:11])[H:31].[H]OC(=O)C([H])([H])C([H])([H])C(=O)[O:25][H].[H][O:26][H],EVODEX-P5513
EVODEX-N1663,[H][C:3]([C:2])([C@@:4]([H])([O:5])[C:11])[H:31].[H][O:24][C:22]([C:20]([C:19])=[O:21])=[O:23].O=[O:25]>>[C:22](=[O:23])=[O:24].[C:2]/[C:3](=[C:4](\[O:5])[C:11])[H:31].[H][O:25][C:20]([C:19])=[O:21],EVODEX-P5514
EVODEX-N1664,[H][C:3]([C:2])([C@@:4]([H])([O:5])[C:11])[H:31].[H]OC(=O)C([H])([H])C([H])([H])C(=O)[C:22](=[O:23])[O:24][H]>>[C:22](=[O:23])=[O:24].[C:2]/[C:3](=[C:4](\[O:5])[C:11])[H:31],EVODEX-P5515
EVODEX-N1665,[H][C:3]([C:2])([C@@:4]([H])([O:5])[C:11])[H:31].[H][O:24][C:22]([C:20]([C:19])=[O:21])=[O:23].[O:25]=[O:26]>>[C:22](=[O:23])=[O:24].[C:2]/[C:3](=[C:4](\[O:5])[C:11])[H:31].[H][O:25][C:20]([C:19])=[O:21].[H][O:26][H],EVODEX-P5516
EVODEX-N1666,[O:32]=[O:33]>>[H]OC(=O)[C@@]1([H])N(C([H])([H])[C@@]([H])([C@@]([H])(C(=O)O[H])N([H])C([H])([H])C([H])([H])[C@]([H])(O[H])C(=O)O[H])[O:32][H])C([H])([H])C1([H])[H].[H]OC(=O)C([H])([H])C([H])([H])C(=O)[O:33][H],EVODEX-P5518
EVODEX-N1667,O=[O:32]>>[H]OC(=O)[C@@]1([H])N(C([H])([H])[C@@]([H])([C@@]([H])(C(=O)O[H])N([H])C([H])([H])C([H])([H])[C@]([H])(O[H])C(=O)O[H])[O:32][H])C([H])([H])C1([H])[H],EVODEX-P5521
EVODEX-N1668,[H][O:10][C:8]([C:6]([C:5])=[O:7])=[O:9].[O:32]=[O:33]>>[C:8](=[O:9])=[O:10].[H]OC(=O)[C@@]1([H])N(C([H])([H])[C@@]([H])([C@@]([H])(C(=O)O[H])N([H])C([H])([H])C([H])([H])[C@]([H])(O[H])C(=O)O[H])[O:32][H])C([H])([H])C1([H])[H].[H][O:33][C:6]([C:5])=[O:7],EVODEX-P5525
EVODEX-N1669,[H]OC(=O)C([H])([H])C([H])([H])C(=O)[C:8](=[O:9])[O:10][H].O=[O:32]>>[C:8](=[O:9])=[O:10].[H]OC(=O)[C@@]1([H])N(C([H])([H])[C@@]([H])([C@@]([H])(C(=O)O[H])N([H])C([H])([H])C([H])([H])[C@]([H])(O[H])C(=O)O[H])[O:32][H])C([H])([H])C1([H])[H],EVODEX-P5526
EVODEX-N1670,[H]OC(=O)[C:6]([C:5])=[O:7].[O:32]=[O:33]>>[H]OC(=O)[C@@]1([H])N(C([H])([H])[C@@]([H])([C@@]([H])(C(=O)O[H])N([H])C([H])([H])C([H])([H])[C@]([H])(O[H])C(=O)O[H])[O:32][H])C([H])([H])C1([H])[H].[H][O:33][C:6]([C:5])=[O:7],EVODEX-P5530
EVODEX-N1671,[O:32]=[O:33]>>[H]OC(=O)[C@@]([H])(N([H])C([H])([H])C([H])([H])[C@]([H])(O[H])C(=O)O[H])C([H])([H])C([H])([H])N1C([H])([H])[C@]([H])([O:32][H])[C@@]1([H])C(=O)O[H].[H]OC(=O)C([H])([H])C([H])([H])C(=O)[O:33][H],EVODEX-P5532
EVODEX-N1672,O=[O:32]>>[H]OC(=O)[C@@]([H])(N([H])C([H])([H])C([H])([H])[C@]([H])(O[H])C(=O)O[H])C([H])([H])C([H])([H])N1C([H])([H])[C@]([H])([O:32][H])[C@@]1([H])C(=O)O[H],EVODEX-P5535
EVODEX-N1673,[H][O:10][C:8]([C:6]([C:5])=[O:7])=[O:9].[O:32]=[O:33]>>[C:8](=[O:9])=[O:10].[H]OC(=O)[C@@]([H])(N([H])C([H])([H])C([H])([H])[C@]([H])(O[H])C(=O)O[H])C([H])([H])C([H])([H])N1C([H])([H])[C@]([H])([O:32][H])[C@@]1([H])C(=O)O[H].[H][O:33][C:6]([C:5])=[O:7],EVODEX-P5539
EVODEX-N1674,[H]OC(=O)C([H])([H])C([H])([H])C(=O)[C:8](=[O:9])[O:10][H].O=[O:32]>>[C:8](=[O:9])=[O:10].[H]OC(=O)[C@@]([H])(N([H])C([H])([H])C([H])([H])[C@]([H])(O[H])C(=O)O[H])C([H])([H])C([H])([H])N1C([H])([H])[C@]([H])([O:32][H])[C@@]1([H])C(=O)O[H],EVODEX-P5540
EVODEX-N1675,[H]OC(=O)[C:6]([C:5])=[O:7].[O:32]=[O:33]>>[H]OC(=O)[C@@]([H])(N([H])C([H])([H])C([H])([H])[C@]([H])(O[H])C(=O)O[H])C([H])([H])C([H])([H])N1C([H])([H])[C@]([H])([O:32][H])[C@@]1([H])C(=O)O[H].[H][O:33][C:6]([C:5])=[O:7],EVODEX-P5544
EVODEX-N1676,[O:33]=[O:34]>>[H]OC(=O)[C@@]([H])(N([H])C([H])([H])C([H])([H])[C@]([H])(O[H])C(=O)O[H])[C@@]([H])(O[H])C([H])([H])N1C([H])([H])[C@]([H])([O:33][H])[C@@]1([H])C(=O)O[H].[H]OC(=O)C([H])([H])C([H])([H])C(=O)[O:34][H],EVODEX-P5546
EVODEX-N1677,O=[O:33]>>[H]OC(=O)[C@@]([H])(N([H])C([H])([H])C([H])([H])[C@]([H])(O[H])C(=O)O[H])[C@@]([H])(O[H])C([H])([H])N1C([H])([H])[C@]([H])([O:33][H])[C@@]1([H])C(=O)O[H],EVODEX-P5549
EVODEX-N1678,[H][O:10][C:8]([C:6]([C:5])=[O:7])=[O:9].[O:33]=[O:34]>>[C:8](=[O:9])=[O:10].[H]OC(=O)[C@@]([H])(N([H])C([H])([H])C([H])([H])[C@]([H])(O[H])C(=O)O[H])[C@@]([H])(O[H])C([H])([H])N1C([H])([H])[C@]([H])([O:33][H])[C@@]1([H])C(=O)O[H].[H][O:34][C:6]([C:5])=[O:7],EVODEX-P5553
EVODEX-N1679,[H]OC(=O)C([H])([H])C([H])([H])C(=O)[C:8](=[O:9])[O:10][H].O=[O:33]>>[C:8](=[O:9])=[O:10].[H]OC(=O)[C@@]([H])(N([H])C([H])([H])C([H])([H])[C@]([H])(O[H])C(=O)O[H])[C@@]([H])(O[H])C([H])([H])N1C([H])([H])[C@]([H])([O:33][H])[C@@]1([H])C(=O)O[H],EVODEX-P5554
EVODEX-N1680,[H]OC(=O)[C:6]([C:5])=[O:7].[O:33]=[O:34]>>[H]OC(=O)[C@@]([H])(N([H])C([H])([H])C([H])([H])[C@]([H])(O[H])C(=O)O[H])[C@@]([H])(O[H])C([H])([H])N1C([H])([H])[C@]([H])([O:33][H])[C@@]1([H])C(=O)O[H].[H][O:34][C:6]([C:5])=[O:7],EVODEX-P5558
EVODEX-N1681,[O:35]=[O:36]>>[H]OC(=O)C1=C(C([H])([H])[O:35][H])C([H])([H])S[C@@]2([H])N1C(=O)[C@@]2([H])N([H])C(=O)C([H])([H])C([H])([H])C([H])([H])[C@]([H])(C(=O)O[H])N([H])[H].[H]OC(=O)C([H])([H])C([H])([H])C(=O)[O:36][H],EVODEX-P5560
EVODEX-N1682,O=[O:35]>>[H]OC(=O)C1=C(C([H])([H])[O:35][H])C([H])([H])S[C@@]2([H])N1C(=O)[C@@]2([H])N([H])C(=O)C([H])([H])C([H])([H])C([H])([H])[C@]([H])(C(=O)O[H])N([H])[H],EVODEX-P5563
EVODEX-N1683,[H][O:34][C:32]([C:30]([C:29])=[O:31])=[O:33].[O:35]=[O:36]>>[C:32](=[O:33])=[O:34].[H]OC(=O)C1=C(C([H])([H])[O:35][H])C([H])([H])S[C@@]2([H])N1C(=O)[C@@]2([H])N([H])C(=O)C([H])([H])C([H])([H])C([H])([H])[C@]([H])(C(=O)O[H])N([H])[H].[H][O:36][C:30]([C:29])=[O:31],EVODEX-P5567
EVODEX-N1684,[H]OC(=O)C([H])([H])C([H])([H])C(=O)[C:32](=[O:33])[O:34][H].O=[O:35]>>[C:32](=[O:33])=[O:34].[H]OC(=O)C1=C(C([H])([H])[O:35][H])C([H])([H])S[C@@]2([H])N1C(=O)[C@@]2([H])N([H])C(=O)C([H])([H])C([H])([H])C([H])([H])[C@]([H])(C(=O)O[H])N([H])[H],EVODEX-P5568
EVODEX-N1685,[H]OC(=O)[C:30]([C:29])=[O:31].[O:35]=[O:36]>>[H]OC(=O)C1=C(C([H])([H])[O:35][H])C([H])([H])S[C@@]2([H])N1C(=O)[C@@]2([H])N([H])C(=O)C([H])([H])C([H])([H])C([H])([H])[C@]([H])(C(=O)O[H])N([H])[H].[H][O:36][C:30]([C:29])=[O:31],EVODEX-P5572
EVODEX-N1686,[O:21]=[O:22]>>[H]C1=C(C([H])([H])[O:21][H])C([H])([H])S[C@@]2([H])N1C(=O)C2([H])[H].[H]OC(=O)C([H])([H])C([H])([H])C(=O)[O:22][H],EVODEX-P5574
EVODEX-N1687,O=[O:21]>>[H]C1=C(C([H])([H])[O:21][H])C([H])([H])S[C@@]2([H])N1C(=O)C2([H])[H],EVODEX-P5577
EVODEX-N1688,[H][O:20][C:18]([C:16]([C:15])=[O:17])=[O:19].[O:21]=[O:22]>>[C:18](=[O:19])=[O:20].[H]C1=C(C([H])([H])[O:21][H])C([H])([H])S[C@@]2([H])N1C(=O)C2([H])[H].[H][O:22][C:16]([C:15])=[O:17],EVODEX-P5581
EVODEX-N1689,[H]OC(=O)C([H])([H])C([H])([H])C(=O)[C:18](=[O:19])[O:20][H].O=[O:21]>>[C:18](=[O:19])=[O:20].[H]C1=C(C([H])([H])[O:21][H])C([H])([H])S[C@@]2([H])N1C(=O)C2([H])[H],EVODEX-P5582
EVODEX-N1690,[H]OC(=O)[C:16]([C:15])=[O:17].[O:21]=[O:22]>>[H]C1=C(C([H])([H])[O:21][H])C([H])([H])S[C@@]2([H])N1C(=O)C2([H])[H].[H][O:22][C:16]([C:15])=[O:17],EVODEX-P5586
EVODEX-N1691,[O:62]=[O:63]>>[H]C([H])=[O:63].[H]OC(=O)C([H])([H])C([H])([H])C(=O)[O:62][H],EVODEX-P5587
EVODEX-N1692,[H][C:14]([N:13])([H:80])[H:81].[H][O:61][C:59]([C:57])=[O:60]>>[C:59](=[O:60])=[O:61].O=[C:14]([H:80])[H:81].[H][N:13].[H]O[C:57],"EVODEX-P5588,EVODEX-P5747"
EVODEX-N1693,[H]OC(=O)C([H])(N([H])C(=O)[C@@]([H])(N([H])C(=O)[C@@]([H])(N([H])C(=O)[C@@]([H])(N([H])C(=O)[C@@]([H])(N([H])C(=O)[C@@]([H])(N([H])[H])C([H])([H])S[H])C([H])([H])C(=O)N([H])[H])C([H])([H])O[H])C([H])([H])C1:C([H]):C([H]):C(O[H]):C([H]):C:1[H])C([H])([H])C([H])([H])C([H])([H])C([H])([H])N(C([H])([H])[H])[C:14]([H])([H:80])[H:81])C([H])(O[H])C([H])([H])[H].[H]OC(=O)[C:57]([C:56])=[O:58].[O:62]=[O:63]>>[C:14](=[O:63])([H:80])[H:81].[H][O:62][C:57]([C:56])=[O:58],EVODEX-P5589
EVODEX-N1694,[H]OC(=O)C([H])(N([H])C(=O)[C@@]([H])(N([H])C(=O)[C@@]([H])(N([H])C(=O)[C@@]([H])(N([H])C(=O)[C@@]([H])(N([H])C(=O)[C@@]([H])(N([H])[H])C([H])([H])S[H])C([H])([H])C(=O)N([H])[H])C([H])([H])O[H])C([H])([H])C1:C([H]):C([H]):C(O[H]):C([H]):C:1[H])C([H])([H])C([H])([H])C([H])([H])C([H])([H])N(C([H])([H])[H])[C:14]([H])([H:80])[H:81])C([H])(O[H])C([H])([H])[H].[O:62]=[O:63]>>[C:14](=[O:63])([H:80])[H:81].[H]OC(=O)C([H])([H])C([H])([H])C(=O)[O:62][H],EVODEX-P5590
EVODEX-N1695,[H]OC(=O)C([H])([H])C([H])([H])C(=O)[C:59](=[O:60])[O:61][H].O=[O:63]>>[C:59](=[O:60])=[O:61].[H]C([H])=[O:63],EVODEX-P5591
EVODEX-N1696,[H]C([H])([H])[N:13]([C:12])[C:15].[H]OC(=O)[C:57]([C:56])=[O:58]>>[H][N:13]([C:12])[C:15].[H]O[C:57]([C:56])=[O:58],EVODEX-P5592
EVODEX-N1697,[H]OC(=O)C([H])(N([H])C(=O)[C@@]([H])(N([H])C(=O)[C@@]([H])(N([H])C(=O)[C@@]([H])(N([H])C(=O)[C@@]([H])(N([H])C(=O)[C@@]([H])(N([H])[H])C([H])([H])S[H])C([H])([H])C(=O)N([H])[H])C([H])([H])O[H])C([H])([H])C1:C([H]):C([H]):C(O[H]):C([H]):C:1[H])C([H])([H])C([H])([H])C([H])([H])C([H])([H])N(C([H])([H])[H])[C:14]([H])([H:80])[H:81])C([H])(O[H])C([H])([H])[H].[H][O:61][C:59]([C:57])=[O:60]>>[C:59](=[O:60])=[O:61].O=[C:14]([H:80])[H:81].[H]O[C:57],EVODEX-P5593
EVODEX-N1698,[H][C:14]([N:13])([H:80])[H:81].[H]OC(=O)[C:57]([C:56])=[O:58]>>O=[C:14]([H:80])[H:81].[H][N:13].[H]O[C:57]([C:56])=[O:58],"EVODEX-P5594,EVODEX-P5752"
EVODEX-N1699,[H][C:14]([N:13])([H:80])[H:81].O=[O:63]>>[C:14](=[O:63])([H:80])[H:81].[H][N:13],"EVODEX-P5595,EVODEX-P5753,EVODEX-P7912"
EVODEX-N1700,[H]C([H])([H])[N:13]([C:12])[C:15].[H]OC(=O)[C:57]([C:56])=[O:58].O=[O:62]>>[H][N:13]([C:12])[C:15].[H][O:62][C:57]([C:56])=[O:58],EVODEX-P5596
EVODEX-N1701,[H][C:14]([N:13])([H:80])[H:81].[H]OC(=O)C([H])([H])C([H])([H])C(=O)[C:59](=[O:60])[O:61][H]>>[C:59](=[O:60])=[O:61].O=[C:14]([H:80])[H:81].[H][N:13],"EVODEX-P5597,EVODEX-P5755"
EVODEX-N1702,[H]C([H])([H])[N:13]([C:12])[C:15].O=[O:62]>>[H][N:13]([C:12])[C:15].[H]OC(=O)C([H])([H])C([H])([H])C(=O)[O:62][H],EVODEX-P5598
EVODEX-N1703,[H]OC(=O)C([H])(N([H])C(=O)[C@@]([H])(N([H])C(=O)[C@@]([H])(N([H])C(=O)[C@@]([H])(N([H])C(=O)[C@@]([H])(N([H])C(=O)[C@@]([H])(N([H])[H])C([H])([H])S[H])C([H])([H])C(=O)N([H])[H])C([H])([H])O[H])C([H])([H])C1:C([H]):C([H]):C(O[H]):C([H]):C:1[H])C([H])([H])C([H])([H])C([H])([H])C([H])([H])N(C([H])([H])[H])[C:14]([H])([H:80])[H:81])C([H])(O[H])C([H])([H])[H].[H][O:61][C:59]([C:57]([C:56])=[O:58])=[O:60].[O:62]=[O:63]>>[C:59](=[O:60])=[O:61].[C:14](=[O:63])([H:80])[H:81].[H][O:62][C:57]([C:56])=[O:58],EVODEX-P5599
EVODEX-N1704,[H]OC(=O)C([H])(N([H])C(=O)[C@@]([H])(N([H])C(=O)[C@@]([H])(N([H])C(=O)[C@@]([H])(N([H])C(=O)[C@@]([H])(N([H])C(=O)[C@@]([H])(N([H])[H])C([H])([H])S[H])C([H])([H])C(=O)N([H])[H])C([H])([H])O[H])C([H])([H])C1:C([H]):C([H]):C(O[H]):C([H]):C:1[H])C([H])([H])C([H])([H])C([H])([H])C([H])([H])N(C([H])([H])[H])[C:14]([H])([H:80])[H:81])C([H])(O[H])C([H])([H])[H]>>O=[C:14]([H:80])[H:81],EVODEX-P5600
EVODEX-N1705,[H][C:14]([N:13])([H:80])[H:81].[H]OC(=O)[C:57]([C:56])=[O:58].[O:62]=[O:63]>>[C:14](=[O:63])([H:80])[H:81].[H][N:13].[H][O:62][C:57]([C:56])=[O:58],"EVODEX-P5601,EVODEX-P5759"
EVODEX-N1706,[H]OC(=O)[C:57]([C:56])=[O:58].[O:62]=[O:63]>>[H]C([H])=[O:63].[H][O:62][C:57]([C:56])=[O:58],EVODEX-P5602
EVODEX-N1707,[H][C:14]([N:13])([H:80])[H:81].[O:62]=[O:63]>>[C:14](=[O:63])([H:80])[H:81].[H][N:13].[H]OC(=O)C([H])([H])C([H])([H])C(=O)[O:62][H],"EVODEX-P5603,EVODEX-P5760"
EVODEX-N1708,[H][C:14]([N:13])([H:80])[H:81].[H]OC(=O)C([H])([H])C([H])([H])C(=O)[C:59](=[O:60])[O:61][H].O=[O:63]>>[C:59](=[O:60])=[O:61].[C:14](=[O:63])([H:80])[H:81].[H][N:13],"EVODEX-P5604,EVODEX-P5761"
EVODEX-N1709,[H]C([H])([H])[N:13]([C:12])[C:15].[H]OC(=O)C([H])([H])C([H])([H])C(=O)[C:59](=[O:60])[O:61][H]>>[C:59](=[O:60])=[O:61].[H][N:13]([C:12])[C:15],EVODEX-P5607
EVODEX-N1710,[H]OC(=O)C([H])(N([H])C(=O)[C@@]([H])(N([H])C(=O)[C@@]([H])(N([H])C(=O)[C@@]([H])(N([H])C(=O)[C@@]([H])(N([H])C(=O)[C@@]([H])(N([H])[H])C([H])([H])S[H])C([H])([H])C(=O)N([H])[H])C([H])([H])O[H])C([H])([H])C1:C([H]):C([H]):C(O[H]):C([H]):C:1[H])C([H])([H])C([H])([H])C([H])([H])C([H])([H])N(C([H])([H])[H])[C:14]([H])([H:80])[H:81])C([H])(O[H])C([H])([H])[H].[H]OC(=O)C([H])([H])C([H])([H])C(=O)[C:59](=[O:60])[O:61][H].O=[O:63]>>[C:59](=[O:60])=[O:61].[C:14](=[O:63])([H:80])[H:81],EVODEX-P5608
EVODEX-N1711,[H][O:61][C:59]([C:57]([C:56])=[O:58])=[O:60].[O:62]=[O:63]>>[C:59](=[O:60])=[O:61].[H]C([H])=[O:63].[H][O:62][C:57]([C:56])=[O:58],EVODEX-P5609
EVODEX-N1712,[H]C([H])([H])[N:13]([C:12])[C:15].[H][O:61][C:59]([C:57])=[O:60]>>[C:59](=[O:60])=[O:61].[H][N:13]([C:12])[C:15].[H]O[C:57],EVODEX-P5610
EVODEX-N1713,[H]OC(=O)C([H])(N([H])C(=O)[C@@]([H])(N([H])C(=O)[C@@]([H])(N([H])C(=O)[C@@]([H])(N([H])C(=O)[C@@]([H])(N([H])C(=O)[C@@]([H])(N([H])[H])C([H])([H])S[H])C([H])([H])C(=O)N([H])[H])C([H])([H])O[H])C([H])([H])C1:C([H]):C([H]):C(O[H]):C([H]):C:1[H])C([H])([H])C([H])([H])C([H])([H])C([H])([H])N(C([H])([H])[H])[C:14]([H])([H:80])[H:81])C([H])(O[H])C([H])([H])[H].[H]OC(=O)C([H])([H])C([H])([H])C(=O)[C:59](=[O:60])[O:61][H]>>[C:59](=[O:60])=[O:61].O=[C:14]([H:80])[H:81],EVODEX-P5611
EVODEX-N1714,[H]OC(=O)C([H])(N([H])C(=O)[C@@]([H])(N([H])C(=O)[C@@]([H])(N([H])C(=O)[C@@]([H])(N([H])C(=O)[C@@]([H])(N([H])C(=O)[C@@]([H])(N([H])[H])C([H])([H])S[H])C([H])([H])C(=O)N([H])[H])C([H])([H])O[H])C([H])([H])C1:C([H]):C([H]):C(O[H]):C([H]):C:1[H])C([H])([H])C([H])([H])C([H])([H])C([H])([H])N(C([H])([H])[H])[C:14]([H])([H:80])[H:81])C([H])(O[H])C([H])([H])[H].O=[O:63]>>[C:14](=[O:63])([H:80])[H:81],EVODEX-P5612
EVODEX-N1715,[H]OC(=O)C([H])(N([H])C(=O)[C@@]([H])(N([H])C(=O)[C@@]([H])(N([H])C(=O)[C@@]([H])(N([H])C(=O)[C@@]([H])(N([H])C(=O)[C@@]([H])(N([H])[H])C([H])([H])S[H])C([H])([H])C(=O)N([H])[H])C([H])([H])O[H])C([H])([H])C1:C([H]):C([H]):C(O[H]):C([H]):C:1[H])C([H])([H])C([H])([H])C([H])([H])C([H])([H])N(C([H])([H])[H])[C:14]([H])([H:80])[H:81])C([H])(O[H])C([H])([H])[H].[H]OC(=O)[C:57]([C:56])=[O:58]>>O=[C:14]([H:80])[H:81].[H]O[C:57]([C:56])=[O:58],EVODEX-P5613
EVODEX-N1716,[H][C:14]([N:13])([H:80])[H:81].[H][O:61][C:59]([C:57]([C:56])=[O:58])=[O:60].[O:62]=[O:63]>>[C:59](=[O:60])=[O:61].[C:14](=[O:63])([H:80])[H:81].[H][N:13].[H][O:62][C:57]([C:56])=[O:58],"EVODEX-P5614,EVODEX-P5770"
EVODEX-N1717,[H]C([H])([H])[N:13]([C:12])[C:15].[H][O:61][C:59]([C:57]([C:56])=[O:58])=[O:60].O=[O:62]>>[C:59](=[O:60])=[O:61].[H][N:13]([C:12])[C:15].[H][O:62][C:57]([C:56])=[O:58],EVODEX-P5615
EVODEX-N1718,O=[O:19]>>[H]OC(=O)[C@@]1([H])N([H])C([H])([H])C([H])([H])[C@@]1([H])[O:19][H],EVODEX-P5618
EVODEX-N1719,[O:19]=[O:20].[H][O:10][C:8]([C:6]([C:5])=[O:7])=[O:9]>>[C:8](=[O:9])=[O:10].[H]OC(=O)[C@@]1([H])N([H])C([H])([H])C([H])([H])[C@@]1([H])[O:19][H].[H][O:20][C:6]([C:5])=[O:7],EVODEX-P5623
EVODEX-N1720,O=[O:19].[H]OC(=O)C([H])([H])C([H])([H])C(=O)[C:8](=[O:9])[O:10][H]>>[C:8](=[O:9])=[O:10].[H]OC(=O)[C@@]1([H])N([H])C([H])([H])C([H])([H])[C@@]1([H])[O:19][H],EVODEX-P5624
EVODEX-N1721,[O:19]=[O:20].[H]OC(=O)[C:6]([C:5])=[O:7]>>[H]OC(=O)[C@@]1([H])N([H])C([H])([H])C([H])([H])[C@@]1([H])[O:19][H].[H][O:20][C:6]([C:5])=[O:7],EVODEX-P5627
EVODEX-N1722,[O:19]=[O:20]>>[H]OC(=O)[C@@]1([H])N([H])C([H])([H])C([H])([H])[C@@]1([H])[O:19][H].[H]OC(=O)C([H])([H])C([H])([H])C(=O)[O:20][H],EVODEX-P5628
EVODEX-N1723,[C:14][C:15](=[C:16]([C:17])[H:24])[H:23].[O:19]=[O:20].[H][O:10][C:8]([C:6]([C:5])=[O:7])=[O:9]>>[C:8](=[O:9])=[O:10].[C:14][C@@:15]1([H:23])[C@:16]([C:17])([H:24])[O:20]1.[H][O:19][C:6]([C:5])=[O:7],"EVODEX-P5630,EVODEX-P8943"
EVODEX-N1724,[C:14][C:15](=[C:16]([C:17])[H:24])[H:23].O=[O:20].[H]OC(=O)C([H])([H])C([H])([H])C(=O)[C:8](=[O:9])[O:10][H]>>[C:8](=[O:9])=[O:10].[C:14][C@@:15]1([H:23])[C@:16]([C:17])([H:24])[O:20]1,"EVODEX-P5631,EVODEX-P8945"
EVODEX-N1725,O=[O:20]>>[H]OC(=O)[C@@]1([H])N([H])C([H])([H])[C@]2([H])[C@@]1([H])[O:20]2,EVODEX-P5632
EVODEX-N1726,[C:14][C:15](=[C:16]([C:17])[H:24])[H:23].[H][O:10][C:8]([C:6])=[O:9]>>[C:8](=[O:9])=[O:10].O1[C@:15]([C:14])([H:23])[C@:16]1([C:17])[H:24].[H]O[C:6],"EVODEX-P5633,EVODEX-P8949"
EVODEX-N1727,[C:14][C:15](=[C:16]([C:17])[H:24])[H:23].[O:19]=[O:20].[H]OC(=O)[C:6]([C:5])=[O:7]>>[C:14][C@@:15]1([H:23])[C@:16]([C:17])([H:24])[O:20]1.[H][O:19][C:6]([C:5])=[O:7],"EVODEX-P5634,EVODEX-P8946"
EVODEX-N1728,[C:14][C:15](=[C:16]([C:17])[H:24])[H:23].[H]OC(=O)C([H])([H])C([H])([H])C(=O)[C:8](=[O:9])[O:10][H]>>[C:8](=[O:9])=[O:10].O1[C@:15]([C:14])([H:23])[C@:16]1([C:17])[H:24],"EVODEX-P5635,EVODEX-P8950"
EVODEX-N1729,[C:14][C:15](=[C:16]([C:17])[H:24])[H:23].[H]OC(=O)[C:6]([C:5])=[O:7]>>O1[C@:15]([C:14])([H:23])[C@:16]1([C:17])[H:24].[H]O[C:6]([C:5])=[O:7],"EVODEX-P5636,EVODEX-P8955"
EVODEX-N1730,[O:19]=[O:20].[H][O:10][C:8]([C:6]([C:5])=[O:7])=[O:9]>>[C:8](=[O:9])=[O:10].[H]OC(=O)[C@@]1([H])N([H])C([H])([H])[C@]2([H])[C@@]1([H])[O:20]2.[H][O:19][C:6]([C:5])=[O:7],EVODEX-P5637
EVODEX-N1731,O=[O:20].[H]OC(=O)C([H])([H])C([H])([H])C(=O)[C:8](=[O:9])[O:10][H]>>[C:8](=[O:9])=[O:10].[H]OC(=O)[C@@]1([H])N([H])C([H])([H])[C@]2([H])[C@@]1([H])[O:20]2,EVODEX-P5638
EVODEX-N1732,[C:14][C:15](=[C:16]([C:17])[H:24])[H:23].[O:19]=[O:20]>>[C:14][C@@:15]1([H:23])[C@:16]([C:17])([H:24])[O:20]1.[H]OC(=O)C([H])([H])C([H])([H])C(=O)[O:19][H],"EVODEX-P5640,EVODEX-P8948"
EVODEX-N1733,[O:19]=[O:20].[H]OC(=O)[C:6]([C:5])=[O:7]>>[H]OC(=O)[C@@]1([H])N([H])C([H])([H])[C@]2([H])[C@@]1([H])[O:20]2.[H][O:19][C:6]([C:5])=[O:7],EVODEX-P5641
EVODEX-N1734,[O:19]=[O:20]>>[H]OC(=O)[C@@]1([H])N([H])C([H])([H])[C@]2([H])[C@@]1([H])[O:20]2.[H]OC(=O)C([H])([H])C([H])([H])C(=O)[O:19][H],EVODEX-P5642
EVODEX-N1735,[O:179]=[O:180]>>[H]OC(=O)[C@@]([H])(N([H])[H])C([H])([H])C(=O)N([H])OC(=O)[C@@]([H])(N([H])OC(=O)[C@@]([H])(N([H])[H])C([H])([H])C(=O)N([H])OC(=O)[C@@]([H])(N([H])OC(=O)[C@@]([H])(N([H])[H])C([H])([H])C([H])([H])C(=O)N([H])OC(=O)[C@@]([H])(N([H])OC(=O)[C@@]([H])(N([H])OC(=O)[C@@]([H])(N([H])OC(=O)[C@@]1([H])N(OC(=O)[C@@]([H])(N([H])OC(=O)[C@@]([H])(N([H])OC(=O)[C@@]2([H])N(OC(=O)[C@@]([H])(N([H])OC(=O)[C@@]([H])(N([H])[H])C([H])([H])C(=O)N([H])OC(=O)[C@@]([H])(N([H])[H])C([H])([H])C(=O)N([H])OC(=O)[C@@]([H])(N([H])[H])C([H])([H])C(=O)N([H])OC(=O)[C@@]([H])(N([H])OC(=O)[C@@]([H])(N([H])[H])C([H])([H])C([H])([H])C(=O)N([H])OC(=O)[C@@]([H])(N([H])[H])C([H])([H])C([H])(C([H])([H])[H])C([H])([H])[H])C([H])([H])C3:C([H]):C([H]):C([H]):C([H]):C:3[H])C([H])([H])C([H])([H])SC([H])([H])[H])C([H])([H])C([H])([O:179][H])C2([H])[H])[C@@]([H])(C([H])([H])[H])C([H])([H])C([H])([H])[H])C([H])([H])[H])C([H])([H])C([H])([H])C1([H])[H])C([H])([H])[H])C([H])([H])C([H])(C([H])([H])[H])C([H])([H])[H])C([H])([H])C([H])([H])SC([H])([H])[H])C([H])([H])C([H])(C([H])([H])[H])C([H])([H])[H])C([H])([H])C([H])(C([H])([H])[H])C([H])([H])[H].[H]OC(=O)C([H])([H])C([H])([H])C(=O)[O:180][H],EVODEX-P5645
EVODEX-N1736,O=[O:179]>>[H]OC(=O)[C@@]([H])(N([H])[H])C([H])([H])C(=O)N([H])OC(=O)[C@@]([H])(N([H])OC(=O)[C@@]([H])(N([H])[H])C([H])([H])C(=O)N([H])OC(=O)[C@@]([H])(N([H])OC(=O)[C@@]([H])(N([H])[H])C([H])([H])C([H])([H])C(=O)N([H])OC(=O)[C@@]([H])(N([H])OC(=O)[C@@]([H])(N([H])OC(=O)[C@@]([H])(N([H])OC(=O)[C@@]1([H])N(OC(=O)[C@@]([H])(N([H])OC(=O)[C@@]([H])(N([H])OC(=O)[C@@]2([H])N(OC(=O)[C@@]([H])(N([H])OC(=O)[C@@]([H])(N([H])[H])C([H])([H])C(=O)N([H])OC(=O)[C@@]([H])(N([H])[H])C([H])([H])C(=O)N([H])OC(=O)[C@@]([H])(N([H])[H])C([H])([H])C(=O)N([H])OC(=O)[C@@]([H])(N([H])OC(=O)[C@@]([H])(N([H])[H])C([H])([H])C([H])([H])C(=O)N([H])OC(=O)[C@@]([H])(N([H])[H])C([H])([H])C([H])(C([H])([H])[H])C([H])([H])[H])C([H])([H])C3:C([H]):C([H]):C([H]):C([H]):C:3[H])C([H])([H])C([H])([H])SC([H])([H])[H])C([H])([H])C([H])([O:179][H])C2([H])[H])[C@@]([H])(C([H])([H])[H])C([H])([H])C([H])([H])[H])C([H])([H])[H])C([H])([H])C([H])([H])C1([H])[H])C([H])([H])[H])C([H])([H])C([H])(C([H])([H])[H])C([H])([H])[H])C([H])([H])C([H])([H])SC([H])([H])[H])C([H])([H])C([H])(C([H])([H])[H])C([H])([H])[H])C([H])([H])C([H])(C([H])([H])[H])C([H])([H])[H],EVODEX-P5648
EVODEX-N1737,[H][O:178][C:176]([C:174]([C:173])=[O:175])=[O:177].[O:179]=[O:180]>>[C:176](=[O:177])=[O:178].[H]OC(=O)[C@@]([H])(N([H])[H])C([H])([H])C(=O)N([H])OC(=O)[C@@]([H])(N([H])OC(=O)[C@@]([H])(N([H])[H])C([H])([H])C(=O)N([H])OC(=O)[C@@]([H])(N([H])OC(=O)[C@@]([H])(N([H])[H])C([H])([H])C([H])([H])C(=O)N([H])OC(=O)[C@@]([H])(N([H])OC(=O)[C@@]([H])(N([H])OC(=O)[C@@]([H])(N([H])OC(=O)[C@@]1([H])N(OC(=O)[C@@]([H])(N([H])OC(=O)[C@@]([H])(N([H])OC(=O)[C@@]2([H])N(OC(=O)[C@@]([H])(N([H])OC(=O)[C@@]([H])(N([H])[H])C([H])([H])C(=O)N([H])OC(=O)[C@@]([H])(N([H])[H])C([H])([H])C(=O)N([H])OC(=O)[C@@]([H])(N([H])[H])C([H])([H])C(=O)N([H])OC(=O)[C@@]([H])(N([H])OC(=O)[C@@]([H])(N([H])[H])C([H])([H])C([H])([H])C(=O)N([H])OC(=O)[C@@]([H])(N([H])[H])C([H])([H])C([H])(C([H])([H])[H])C([H])([H])[H])C([H])([H])C3:C([H]):C([H]):C([H]):C([H]):C:3[H])C([H])([H])C([H])([H])SC([H])([H])[H])C([H])([H])C([H])([O:179][H])C2([H])[H])[C@@]([H])(C([H])([H])[H])C([H])([H])C([H])([H])[H])C([H])([H])[H])C([H])([H])C([H])([H])C1([H])[H])C([H])([H])[H])C([H])([H])C([H])(C([H])([H])[H])C([H])([H])[H])C([H])([H])C([H])([H])SC([H])([H])[H])C([H])([H])C([H])(C([H])([H])[H])C([H])([H])[H])C([H])([H])C([H])(C([H])([H])[H])C([H])([H])[H].[H][O:180][C:174]([C:173])=[O:175],EVODEX-P5652
EVODEX-N1738,[H]OC(=O)C([H])([H])C([H])([H])C(=O)[C:176](=[O:177])[O:178][H].O=[O:179]>>[C:176](=[O:177])=[O:178].[H]OC(=O)[C@@]([H])(N([H])[H])C([H])([H])C(=O)N([H])OC(=O)[C@@]([H])(N([H])OC(=O)[C@@]([H])(N([H])[H])C([H])([H])C(=O)N([H])OC(=O)[C@@]([H])(N([H])OC(=O)[C@@]([H])(N([H])[H])C([H])([H])C([H])([H])C(=O)N([H])OC(=O)[C@@]([H])(N([H])OC(=O)[C@@]([H])(N([H])OC(=O)[C@@]([H])(N([H])OC(=O)[C@@]1([H])N(OC(=O)[C@@]([H])(N([H])OC(=O)[C@@]([H])(N([H])OC(=O)[C@@]2([H])N(OC(=O)[C@@]([H])(N([H])OC(=O)[C@@]([H])(N([H])[H])C([H])([H])C(=O)N([H])OC(=O)[C@@]([H])(N([H])[H])C([H])([H])C(=O)N([H])OC(=O)[C@@]([H])(N([H])[H])C([H])([H])C(=O)N([H])OC(=O)[C@@]([H])(N([H])OC(=O)[C@@]([H])(N([H])[H])C([H])([H])C([H])([H])C(=O)N([H])OC(=O)[C@@]([H])(N([H])[H])C([H])([H])C([H])(C([H])([H])[H])C([H])([H])[H])C([H])([H])C3:C([H]):C([H]):C([H]):C([H]):C:3[H])C([H])([H])C([H])([H])SC([H])([H])[H])C([H])([H])C([H])([O:179][H])C2([H])[H])[C@@]([H])(C([H])([H])[H])C([H])([H])C([H])([H])[H])C([H])([H])[H])C([H])([H])C([H])([H])C1([H])[H])C([H])([H])[H])C([H])([H])C([H])(C([H])([H])[H])C([H])([H])[H])C([H])([H])C([H])([H])SC([H])([H])[H])C([H])([H])C([H])(C([H])([H])[H])C([H])([H])[H])C([H])([H])C([H])(C([H])([H])[H])C([H])([H])[H],EVODEX-P5653
EVODEX-N1739,[H]OC(=O)[C:174]([C:173])=[O:175].[O:179]=[O:180]>>[H]OC(=O)[C@@]([H])(N([H])[H])C([H])([H])C(=O)N([H])OC(=O)[C@@]([H])(N([H])OC(=O)[C@@]([H])(N([H])[H])C([H])([H])C(=O)N([H])OC(=O)[C@@]([H])(N([H])OC(=O)[C@@]([H])(N([H])[H])C([H])([H])C([H])([H])C(=O)N([H])OC(=O)[C@@]([H])(N([H])OC(=O)[C@@]([H])(N([H])OC(=O)[C@@]([H])(N([H])OC(=O)[C@@]1([H])N(OC(=O)[C@@]([H])(N([H])OC(=O)[C@@]([H])(N([H])OC(=O)[C@@]2([H])N(OC(=O)[C@@]([H])(N([H])OC(=O)[C@@]([H])(N([H])[H])C([H])([H])C(=O)N([H])OC(=O)[C@@]([H])(N([H])[H])C([H])([H])C(=O)N([H])OC(=O)[C@@]([H])(N([H])[H])C([H])([H])C(=O)N([H])OC(=O)[C@@]([H])(N([H])OC(=O)[C@@]([H])(N([H])[H])C([H])([H])C([H])([H])C(=O)N([H])OC(=O)[C@@]([H])(N([H])[H])C([H])([H])C([H])(C([H])([H])[H])C([H])([H])[H])C([H])([H])C3:C([H]):C([H]):C([H]):C([H]):C:3[H])C([H])([H])C([H])([H])SC([H])([H])[H])C([H])([H])C([H])([O:179][H])C2([H])[H])[C@@]([H])(C([H])([H])[H])C([H])([H])C([H])([H])[H])C([H])([H])[H])C([H])([H])C([H])([H])C1([H])[H])C([H])([H])[H])C([H])([H])C([H])(C([H])([H])[H])C([H])([H])[H])C([H])([H])C([H])([H])SC([H])([H])[H])C([H])([H])C([H])(C([H])([H])[H])C([H])([H])[H])C([H])([H])C([H])(C([H])([H])[H])C([H])([H])[H].[H][O:180][C:174]([C:173])=[O:175],EVODEX-P5657
EVODEX-N1740,[O:204]=[O:205]>>[H]OC(=O)C([H])([H])C([H])([H])[C@@]([H])(C(=O)ON([H])[C@]([H])(C(=O)ON([H])[C@]([H])(C(=O)ON([H])[C@]([H])(C(=O)ON1C([H])([H])C([H])([O:204][H])C([H])([H])[C@@]1([H])C(=O)ON([H])[C@]([H])(C(=O)ON([H])[C@]([H])(C(=O)ON1C([H])([H])C([H])([H])C([H])([H])[C@@]1([H])C(=O)ON([H])[C@]([H])(C(=O)ON([H])[C@]([H])(C(=O)ON([H])[C@]([H])(C(=O)O[H])C([H])([H])C(=O)ON([H])[C@]([H])(C(=O)ON([H])[C@]([H])(C(=O)ON([H])C(=O)C([H])([H])C([H])([H])[C@@]([H])(C(=O)ON([H])[C@]([H])(C(=O)O[H])C([H])([H])C([H])(C([H])([H])[H])C([H])([H])[H])N([H])[H])C([H])([H])C1:C([H]):C([H]):C([H]):C([H]):C:1[H])C([H])([H])C(=O)O[H])C([H])([H])C(=O)O[H])C([H])([H])C([H])([H])SC([H])([H])[H])[C@@]([H])(C([H])([H])[H])C([H])([H])C([H])([H])[H])C([H])([H])C1:C([H]):C([H]):C(O[H]):C([H]):C:1[H])C([H])([H])[H])C([H])([H])C([H])(C([H])([H])[H])C([H])([H])[H])C([H])([H])C([H])([H])SC([H])([H])[H])N([H])OC(=O)[C@@]([H])(N([H])OC(=O)[C@@]([H])(N([H])OC(=O)[C@@]([H])(N([H])OC(=O)[C@@]([H])(N([H])OC(=O)[C@@]([H])(N([H])OC(=O)[C@@]([H])(N([H])[H])C([H])([H])C(=O)O[H])C([H])([H])C([H])(C([H])([H])[H])C([H])([H])[H])C([H])([H])C(=O)O[H])C([H])([H])C([H])(C([H])([H])[H])C([H])([H])[H])C([H])([H])C(=O)O[H])C([H])([H])C([H])(C([H])([H])[H])C([H])([H])[H].[H]OC(=O)C([H])([H])C([H])([H])C(=O)[O:205][H],EVODEX-P5659
EVODEX-N1741,O=[O:204]>>[H]OC(=O)C([H])([H])C([H])([H])[C@@]([H])(C(=O)ON([H])[C@]([H])(C(=O)ON([H])[C@]([H])(C(=O)ON([H])[C@]([H])(C(=O)ON1C([H])([H])C([H])([O:204][H])C([H])([H])[C@@]1([H])C(=O)ON([H])[C@]([H])(C(=O)ON([H])[C@]([H])(C(=O)ON1C([H])([H])C([H])([H])C([H])([H])[C@@]1([H])C(=O)ON([H])[C@]([H])(C(=O)ON([H])[C@]([H])(C(=O)ON([H])[C@]([H])(C(=O)O[H])C([H])([H])C(=O)ON([H])[C@]([H])(C(=O)ON([H])[C@]([H])(C(=O)ON([H])C(=O)C([H])([H])C([H])([H])[C@@]([H])(C(=O)ON([H])[C@]([H])(C(=O)O[H])C([H])([H])C([H])(C([H])([H])[H])C([H])([H])[H])N([H])[H])C([H])([H])C1:C([H]):C([H]):C([H]):C([H]):C:1[H])C([H])([H])C(=O)O[H])C([H])([H])C(=O)O[H])C([H])([H])C([H])([H])SC([H])([H])[H])[C@@]([H])(C([H])([H])[H])C([H])([H])C([H])([H])[H])C([H])([H])C1:C([H]):C([H]):C(O[H]):C([H]):C:1[H])C([H])([H])[H])C([H])([H])C([H])(C([H])([H])[H])C([H])([H])[H])C([H])([H])C([H])([H])SC([H])([H])[H])N([H])OC(=O)[C@@]([H])(N([H])OC(=O)[C@@]([H])(N([H])OC(=O)[C@@]([H])(N([H])OC(=O)[C@@]([H])(N([H])OC(=O)[C@@]([H])(N([H])OC(=O)[C@@]([H])(N([H])[H])C([H])([H])C(=O)O[H])C([H])([H])C([H])(C([H])([H])[H])C([H])([H])[H])C([H])([H])C(=O)O[H])C([H])([H])C([H])(C([H])([H])[H])C([H])([H])[H])C([H])([H])C(=O)O[H])C([H])([H])C([H])(C([H])([H])[H])C([H])([H])[H],EVODEX-P5662
EVODEX-N1742,[H][O:203][C:201]([C:199]([C:198])=[O:200])=[O:202].[O:204]=[O:205]>>[C:201](=[O:202])=[O:203].[H]OC(=O)C([H])([H])C([H])([H])[C@@]([H])(C(=O)ON([H])[C@]([H])(C(=O)ON([H])[C@]([H])(C(=O)ON([H])[C@]([H])(C(=O)ON1C([H])([H])C([H])([O:204][H])C([H])([H])[C@@]1([H])C(=O)ON([H])[C@]([H])(C(=O)ON([H])[C@]([H])(C(=O)ON1C([H])([H])C([H])([H])C([H])([H])[C@@]1([H])C(=O)ON([H])[C@]([H])(C(=O)ON([H])[C@]([H])(C(=O)ON([H])[C@]([H])(C(=O)O[H])C([H])([H])C(=O)ON([H])[C@]([H])(C(=O)ON([H])[C@]([H])(C(=O)ON([H])C(=O)C([H])([H])C([H])([H])[C@@]([H])(C(=O)ON([H])[C@]([H])(C(=O)O[H])C([H])([H])C([H])(C([H])([H])[H])C([H])([H])[H])N([H])[H])C([H])([H])C1:C([H]):C([H]):C([H]):C([H]):C:1[H])C([H])([H])C(=O)O[H])C([H])([H])C(=O)O[H])C([H])([H])C([H])([H])SC([H])([H])[H])[C@@]([H])(C([H])([H])[H])C([H])([H])C([H])([H])[H])C([H])([H])C1:C([H]):C([H]):C(O[H]):C([H]):C:1[H])C([H])([H])[H])C([H])([H])C([H])(C([H])([H])[H])C([H])([H])[H])C([H])([H])C([H])([H])SC([H])([H])[H])N([H])OC(=O)[C@@]([H])(N([H])OC(=O)[C@@]([H])(N([H])OC(=O)[C@@]([H])(N([H])OC(=O)[C@@]([H])(N([H])OC(=O)[C@@]([H])(N([H])OC(=O)[C@@]([H])(N([H])[H])C([H])([H])C(=O)O[H])C([H])([H])C([H])(C([H])([H])[H])C([H])([H])[H])C([H])([H])C(=O)O[H])C([H])([H])C([H])(C([H])([H])[H])C([H])([H])[H])C([H])([H])C(=O)O[H])C([H])([H])C([H])(C([H])([H])[H])C([H])([H])[H].[H][O:205][C:199]([C:198])=[O:200],EVODEX-P5666
EVODEX-N1743,[H]OC(=O)C([H])([H])C([H])([H])C(=O)[C:201](=[O:202])[O:203][H].O=[O:204]>>[C:201](=[O:202])=[O:203].[H]OC(=O)C([H])([H])C([H])([H])[C@@]([H])(C(=O)ON([H])[C@]([H])(C(=O)ON([H])[C@]([H])(C(=O)ON([H])[C@]([H])(C(=O)ON1C([H])([H])C([H])([O:204][H])C([H])([H])[C@@]1([H])C(=O)ON([H])[C@]([H])(C(=O)ON([H])[C@]([H])(C(=O)ON1C([H])([H])C([H])([H])C([H])([H])[C@@]1([H])C(=O)ON([H])[C@]([H])(C(=O)ON([H])[C@]([H])(C(=O)ON([H])[C@]([H])(C(=O)O[H])C([H])([H])C(=O)ON([H])[C@]([H])(C(=O)ON([H])[C@]([H])(C(=O)ON([H])C(=O)C([H])([H])C([H])([H])[C@@]([H])(C(=O)ON([H])[C@]([H])(C(=O)O[H])C([H])([H])C([H])(C([H])([H])[H])C([H])([H])[H])N([H])[H])C([H])([H])C1:C([H]):C([H]):C([H]):C([H]):C:1[H])C([H])([H])C(=O)O[H])C([H])([H])C(=O)O[H])C([H])([H])C([H])([H])SC([H])([H])[H])[C@@]([H])(C([H])([H])[H])C([H])([H])C([H])([H])[H])C([H])([H])C1:C([H]):C([H]):C(O[H]):C([H]):C:1[H])C([H])([H])[H])C([H])([H])C([H])(C([H])([H])[H])C([H])([H])[H])C([H])([H])C([H])([H])SC([H])([H])[H])N([H])OC(=O)[C@@]([H])(N([H])OC(=O)[C@@]([H])(N([H])OC(=O)[C@@]([H])(N([H])OC(=O)[C@@]([H])(N([H])OC(=O)[C@@]([H])(N([H])OC(=O)[C@@]([H])(N([H])[H])C([H])([H])C(=O)O[H])C([H])([H])C([H])(C([H])([H])[H])C([H])([H])[H])C([H])([H])C(=O)O[H])C([H])([H])C([H])(C([H])([H])[H])C([H])([H])[H])C([H])([H])C(=O)O[H])C([H])([H])C([H])(C([H])([H])[H])C([H])([H])[H],EVODEX-P5667
EVODEX-N1744,[H]OC(=O)[C:199]([C:198])=[O:200].[O:204]=[O:205]>>[H]OC(=O)C([H])([H])C([H])([H])[C@@]([H])(C(=O)ON([H])[C@]([H])(C(=O)ON([H])[C@]([H])(C(=O)ON([H])[C@]([H])(C(=O)ON1C([H])([H])C([H])([O:204][H])C([H])([H])[C@@]1([H])C(=O)ON([H])[C@]([H])(C(=O)ON([H])[C@]([H])(C(=O)ON1C([H])([H])C([H])([H])C([H])([H])[C@@]1([H])C(=O)ON([H])[C@]([H])(C(=O)ON([H])[C@]([H])(C(=O)ON([H])[C@]([H])(C(=O)O[H])C([H])([H])C(=O)ON([H])[C@]([H])(C(=O)ON([H])[C@]([H])(C(=O)ON([H])C(=O)C([H])([H])C([H])([H])[C@@]([H])(C(=O)ON([H])[C@]([H])(C(=O)O[H])C([H])([H])C([H])(C([H])([H])[H])C([H])([H])[H])N([H])[H])C([H])([H])C1:C([H]):C([H]):C([H]):C([H]):C:1[H])C([H])([H])C(=O)O[H])C([H])([H])C(=O)O[H])C([H])([H])C([H])([H])SC([H])([H])[H])[C@@]([H])(C([H])([H])[H])C([H])([H])C([H])([H])[H])C([H])([H])C1:C([H]):C([H]):C(O[H]):C([H]):C:1[H])C([H])([H])[H])C([H])([H])C([H])(C([H])([H])[H])C([H])([H])[H])C([H])([H])C([H])([H])SC([H])([H])[H])N([H])OC(=O)[C@@]([H])(N([H])OC(=O)[C@@]([H])(N([H])OC(=O)[C@@]([H])(N([H])OC(=O)[C@@]([H])(N([H])OC(=O)[C@@]([H])(N([H])OC(=O)[C@@]([H])(N([H])[H])C([H])([H])C(=O)O[H])C([H])([H])C([H])(C([H])([H])[H])C([H])([H])[H])C([H])([H])C(=O)O[H])C([H])([H])C([H])(C([H])([H])[H])C([H])([H])[H])C([H])([H])C(=O)O[H])C([H])([H])C([H])(C([H])([H])[H])C([H])([H])[H].[H][O:205][C:199]([C:198])=[O:200],EVODEX-P5671
EVODEX-N1745,[H]O[C@@]1([H])C([H])=C([H])[C@]2([H])[C@]34C5:C(:C(O[C:1]([H])([H:35])[H:36]):C([H]):C([H]):C:5C([H])([H])[C@@]2([H])N(C([H])([H])[H])C([H])([H])C3([H])[H])O[C@]41[H].[H]OC(=O)[C:28]([C:27])=[O:29].[O:33]=[O:34]>>[C:1](=[O:34])([H:35])[H:36].[H][O:33][C:28]([C:27])=[O:29],EVODEX-P5672
EVODEX-N1746,[H][C:1]([O:2])([H:35])[H:36].[H][O:32][C:30]([C:28])=[O:31]>>[C:30](=[O:31])=[O:32].O=[C:1]([H:35])[H:36].[H]O[C:28].[H][O:2],"EVODEX-P5673,EVODEX-P5697"
EVODEX-N1747,[H]O[C@@]1([H])C([H])=C([H])[C@]2([H])[C@]34C5:C(:C(O[C:1]([H])([H:35])[H:36]):C([H]):C([H]):C:5C([H])([H])[C@@]2([H])N(C([H])([H])[H])C([H])([H])C3([H])[H])O[C@]41[H].[H]OC(=O)[C:28]([C:27])=[O:29]>>O=[C:1]([H:35])[H:36].[H]O[C:28]([C:27])=[O:29],EVODEX-P5675
EVODEX-N1748,[H]C([H])([H])[O:2][C:3].[H]OC(=O)[C:28]([C:27])=[O:29]>>[H]O[C:28]([C:27])=[O:29].[H][O:2][C:3],"EVODEX-P5676,EVODEX-P5700"
EVODEX-N1749,[H][C:1]([O:2])([H:35])[H:36].[H]OC(=O)C([H])([H])C([H])([H])C(=O)[C:30](=[O:31])[O:32][H]>>[C:30](=[O:31])=[O:32].O=[C:1]([H:35])[H:36].[H][O:2],"EVODEX-P5677,EVODEX-P5705"
EVODEX-N1750,[H][C:1]([O:2])([H:35])[H:36].[H]OC(=O)[C:28]([C:27])=[O:29]>>O=[C:1]([H:35])[H:36].[H]O[C:28]([C:27])=[O:29].[H][O:2],"EVODEX-P5678,EVODEX-P5702"
EVODEX-N1751,[H]O[C@@]1([H])C([H])=C([H])[C@]2([H])[C@]34C5:C(:C(O[C:1]([H])([H:35])[H:36]):C([H]):C([H]):C:5C([H])([H])[C@@]2([H])N(C([H])([H])[H])C([H])([H])C3([H])[H])O[C@]41[H].[O:33]=[O:34]>>[C:1](=[O:34])([H:35])[H:36].[H]OC(=O)C([H])([H])C([H])([H])C(=O)[O:33][H],EVODEX-P5679
EVODEX-N1752,[H]C([H])([H])[O:2][C:3].[H]OC(=O)[C:28]([C:27])=[O:29].O=[O:33]>>[H][O:33][C:28]([C:27])=[O:29].[H][O:2][C:3],"EVODEX-P5680,EVODEX-P5704"
EVODEX-N1753,[H]O[C@@]1([H])C([H])=C([H])[C@]2([H])[C@]34C5:C(:C(O[C:1]([H])([H:35])[H:36]):C([H]):C([H]):C:5C([H])([H])[C@@]2([H])N(C([H])([H])[H])C([H])([H])C3([H])[H])O[C@]41[H].[H][O:32][C:30]([C:28])=[O:31]>>[C:30](=[O:31])=[O:32].O=[C:1]([H:35])[H:36].[H]O[C:28],EVODEX-P5681
EVODEX-N1754,[H]C([H])([H])[O:2][C:3].O=[O:33]>>[H]OC(=O)C([H])([H])C([H])([H])C(=O)[O:33][H].[H][O:2][C:3],"EVODEX-P5682,EVODEX-P5706"
EVODEX-N1755,[H][C:1]([O:2])([H:35])[H:36].[H]OC(=O)C([H])([H])C([H])([H])C(=O)[C:30](=[O:31])[O:32][H].O=[O:34]>>[C:30](=[O:31])=[O:32].[C:1](=[O:34])([H:35])[H:36].[H][O:2],"EVODEX-P5683,EVODEX-P5711"
EVODEX-N1756,[H]O[C@@]1([H])C([H])=C([H])[C@]2([H])[C@]34C5:C(:C(O[C:1]([H])([H:35])[H:36]):C([H]):C([H]):C:5C([H])([H])[C@@]2([H])N(C([H])([H])[H])C([H])([H])C3([H])[H])O[C@]41[H]>>O=[C:1]([H:35])[H:36],EVODEX-P5684
EVODEX-N1757,[H]C([H])([H])[O:2][C:3].[H]OC(=O)C([H])([H])C([H])([H])C(=O)[C:30](=[O:31])[O:32][H]>>[C:30](=[O:31])=[O:32].[H][O:2][C:3],"EVODEX-P5685,EVODEX-P5714"
EVODEX-N1758,[H][C:1]([O:2])([H:35])[H:36].[H]OC(=O)[C:28]([C:27])=[O:29].[O:33]=[O:34]>>[C:1](=[O:34])([H:35])[H:36].[H][O:33][C:28]([C:27])=[O:29].[H][O:2],"EVODEX-P5686,EVODEX-P5709"
EVODEX-N1759,[H][C:1]([O:2])([H:35])[H:36].[O:33]=[O:34]>>[C:1](=[O:34])([H:35])[H:36].[H]OC(=O)C([H])([H])C([H])([H])C(=O)[O:33][H].[H][O:2],"EVODEX-P5687,EVODEX-P5710"
EVODEX-N1760,[H]O[C@@]1([H])C([H])=C([H])[C@]2([H])[C@]34C5:C(:C(O[C:1]([H])([H:35])[H:36]):C([H]):C([H]):C:5C([H])([H])[C@@]2([H])N(C([H])([H])[H])C([H])([H])C3([H])[H])O[C@]41[H].[H][O:32][C:30]([C:28]([C:27])=[O:29])=[O:31].[O:33]=[O:34]>>[C:30](=[O:31])=[O:32].[C:1](=[O:34])([H:35])[H:36].[H][O:33][C:28]([C:27])=[O:29],EVODEX-P5688
EVODEX-N1761,[H]C([H])([H])[O:2][C:3]>>[H][O:2][C:3],"EVODEX-P5689,EVODEX-P5712,EVODEX-P7151,EVODEX-P9016,EVODEX-P10004,EVODEX-P10054,EVODEX-P10736,EVODEX-P21059,EVODEX-P21319,EVODEX-P21350,EVODEX-P21431,EVODEX-P21496,EVODEX-P21501,EVODEX-P21696,EVODEX-P21710,EVODEX-P21715,EVODEX-P23816,EVODEX-P24340,EVODEX-P25146,EVODEX-P25327,EVODEX-P25344,EVODEX-P25366,EVODEX-P25371,EVODEX-P25908,EVODEX-P25953"
EVODEX-N1762,[H][C:1]([O:2])([H:35])[H:36]>>O=[C:1]([H:35])[H:36].[H][O:2],"EVODEX-P5690,EVODEX-P5713,EVODEX-P7155,EVODEX-P9019"
EVODEX-N1763,[H]O[C@@]1([H])C([H])=C([H])[C@]2([H])[C@]34C5:C(:C(O[C:1]([H])([H:35])[H:36]):C([H]):C([H]):C:5C([H])([H])[C@@]2([H])N(C([H])([H])[H])C([H])([H])C3([H])[H])O[C@]41[H].[H]OC(=O)C([H])([H])C([H])([H])C(=O)[C:30](=[O:31])[O:32][H].O=[O:34]>>[C:30](=[O:31])=[O:32].[C:1](=[O:34])([H:35])[H:36],EVODEX-P5691
EVODEX-N1764,[H]C([H])([H])[O:2][C:3].[H][O:32][C:30]([C:28])=[O:31]>>[C:30](=[O:31])=[O:32].[H]O[C:28].[H][O:2][C:3],"EVODEX-P5692,EVODEX-P5716"
EVODEX-N1765,[H]O[C@@]1([H])C([H])=C([H])[C@]2([H])[C@]34C5:C(:C(O[C:1]([H])([H:35])[H:36]):C([H]):C([H]):C:5C([H])([H])[C@@]2([H])N(C([H])([H])[H])C([H])([H])C3([H])[H])O[C@]41[H].[H]OC(=O)C([H])([H])C([H])([H])C(=O)[C:30](=[O:31])[O:32][H]>>[C:30](=[O:31])=[O:32].O=[C:1]([H:35])[H:36],EVODEX-P5693
EVODEX-N1766,[H]O[C@@]1([H])C([H])=C([H])[C@]2([H])[C@]34C5:C(:C(O[C:1]([H])([H:35])[H:36]):C([H]):C([H]):C:5C([H])([H])[C@@]2([H])N(C([H])([H])[H])C([H])([H])C3([H])[H])O[C@]41[H].O=[O:34]>>[C:1](=[O:34])([H:35])[H:36],EVODEX-P5694
EVODEX-N1767,[H][C:1]([O:2])([H:35])[H:36].[H][O:32][C:30]([C:28]([C:27])=[O:29])=[O:31].[O:33]=[O:34]>>[C:30](=[O:31])=[O:32].[C:1](=[O:34])([H:35])[H:36].[H][O:33][C:28]([C:27])=[O:29].[H][O:2],"EVODEX-P5695,EVODEX-P5720"
EVODEX-N1768,[H]C([H])([H])[O:2][C:3].[H][O:32][C:30]([C:28]([C:27])=[O:29])=[O:31].O=[O:33]>>[C:30](=[O:31])=[O:32].[H][O:33][C:28]([C:27])=[O:29].[H][O:2][C:3],"EVODEX-P5696,EVODEX-P5721"
EVODEX-N1769,[H]C1=C(OC([H])([H])[H])[C@]2([H])OC3:C(O[C:14]([H])([H:46])[H:47]):C([H]):C([H]):C4:C:3[C@]23C(=C1[H])[C@]([H])(N(C([H])([H])[H])C([H])([H])C3([H])[H])C4([H])[H].[H]OC(=O)[C:29]([C:28])=[O:30].[O:34]=[O:35]>>[C:14](=[O:35])([H:46])[H:47].[H][O:34][C:29]([C:28])=[O:30],EVODEX-P5698
EVODEX-N1770,[H]C1=C(OC([H])([H])[H])[C@]2([H])OC3:C(O[C:14]([H])([H:46])[H:47]):C([H]):C([H]):C4:C:3[C@]23C(=C1[H])[C@]([H])(N(C([H])([H])[H])C([H])([H])C3([H])[H])C4([H])[H].[O:34]=[O:35]>>[C:14](=[O:35])([H:46])[H:47].[H]OC(=O)C([H])([H])C([H])([H])C(=O)[O:34][H],EVODEX-P5699
EVODEX-N1771,[H]C1=C(OC([H])([H])[H])[C@]2([H])OC3:C(O[C:14]([H])([H:46])[H:47]):C([H]):C([H]):C4:C:3[C@]23C(=C1[H])[C@]([H])(N(C([H])([H])[H])C([H])([H])C3([H])[H])C4([H])[H].[H][O:33][C:31]([C:29])=[O:32]>>[C:31](=[O:32])=[O:33].O=[C:14]([H:46])[H:47].[H]O[C:29],EVODEX-P5701
EVODEX-N1772,[H]C1=C(OC([H])([H])[H])[C@]2([H])OC3:C(O[C:14]([H])([H:46])[H:47]):C([H]):C([H]):C4:C:3[C@]23C(=C1[H])[C@]([H])(N(C([H])([H])[H])C([H])([H])C3([H])[H])C4([H])[H].[H][O:33][C:31]([C:29]([C:28])=[O:30])=[O:32].[O:34]=[O:35]>>[C:31](=[O:32])=[O:33].[C:14](=[O:35])([H:46])[H:47].[H][O:34][C:29]([C:28])=[O:30],EVODEX-P5707
EVODEX-N1773,[H]C1=C(OC([H])([H])[H])[C@]2([H])OC3:C(O[C:14]([H])([H:46])[H:47]):C([H]):C([H]):C4:C:3[C@]23C(=C1[H])[C@]([H])(N(C([H])([H])[H])C([H])([H])C3([H])[H])C4([H])[H]>>O=[C:14]([H:46])[H:47],EVODEX-P5708
EVODEX-N1774,[H]C1=C(OC([H])([H])[H])[C@]2([H])OC3:C(O[C:14]([H])([H:46])[H:47]):C([H]):C([H]):C4:C:3[C@]23C(=C1[H])[C@]([H])(N(C([H])([H])[H])C([H])([H])C3([H])[H])C4([H])[H].[H]OC(=O)C([H])([H])C([H])([H])C(=O)[C:31](=[O:32])[O:33][H].O=[O:35]>>[C:31](=[O:32])=[O:33].[C:14](=[O:35])([H:46])[H:47],EVODEX-P5715
EVODEX-N1775,[H]C1=C(OC([H])([H])[H])[C@]2([H])OC3:C(O[C:14]([H])([H:46])[H:47]):C([H]):C([H]):C4:C:3[C@]23C(=C1[H])[C@]([H])(N(C([H])([H])[H])C([H])([H])C3([H])[H])C4([H])[H].[H]OC(=O)C([H])([H])C([H])([H])C(=O)[C:31](=[O:32])[O:33][H]>>[C:31](=[O:32])=[O:33].O=[C:14]([H:46])[H:47],EVODEX-P5717
EVODEX-N1776,[H]C1=C(OC([H])([H])[H])[C@]2([H])OC3:C(O[C:14]([H])([H:46])[H:47]):C([H]):C([H]):C4:C:3[C@]23C(=C1[H])[C@]([H])(N(C([H])([H])[H])C([H])([H])C3([H])[H])C4([H])[H].O=[O:35]>>[C:14](=[O:35])([H:46])[H:47],EVODEX-P5718
EVODEX-N1777,[H]C1=C(OC([H])([H])[H])[C@]2([H])OC3:C(O[C:14]([H])([H:46])[H:47]):C([H]):C([H]):C4:C:3[C@]23C(=C1[H])[C@]([H])(N(C([H])([H])[H])C([H])([H])C3([H])[H])C4([H])[H].[H]OC(=O)[C:29]([C:28])=[O:30]>>O=[C:14]([H:46])[H:47].[H]O[C:29]([C:28])=[O:30],EVODEX-P5719
EVODEX-N1778,[H]N=C1:C2:C(:N:C([H]):N:1[C:1]([H])([H:24])[H:25]):N:C([H]):N:2[H].[H]OC(=O)[C:17]([C:16])=[O:18].[O:22]=[O:23]>>[C:1](=[O:23])([H:24])[H:25].[H][O:22][C:17]([C:16])=[O:18],EVODEX-P5722
EVODEX-N1779,[H][C:1]([N:2](:[C:3]):[C:10](:[C:9])=[N:11][H:30])([H:24])[H:25].[H][O:21][C:19]([C:17])=[O:20]>>[C:19](=[O:20])=[O:21].O=[C:1]([H:24])[H:25].[H]O[C:17].[H][N:11]([C:10](:[N:2]:[C:3]):[C:9])[H:30],EVODEX-P5723
EVODEX-N1780,[H][C:1]([N:2](:[C:3]):[C:10](:[C:9])=[N:11][H:30])([H:24])[H:25].O=[O:23]>>[C:1](=[O:23])([H:24])[H:25].[H][N:11]([C:10](:[N:2]:[C:3]):[C:9])[H:30],EVODEX-P5724
EVODEX-N1781,[H]N=C1:C2:C(:N:C([H]):N:1[C:1]([H])([H:24])[H:25]):N:C([H]):N:2[H].[H]OC(=O)[C:17]([C:16])=[O:18]>>O=[C:1]([H:24])[H:25].[H]O[C:17]([C:16])=[O:18],EVODEX-P5725
EVODEX-N1782,[H]C([H])([H])[N:2](:[C:3]):[C:10](:[C:9])=[N:11][H:30].[H]OC(=O)[C:17]([C:16])=[O:18]>>[H]O[C:17]([C:16])=[O:18].[H][N:11]([C:10](:[N:2]:[C:3]):[C:9])[H:30],EVODEX-P5726
EVODEX-N1783,[H][C:1]([N:2](:[C:3]):[C:10](:[C:9])=[N:11][H:30])([H:24])[H:25].[H]OC(=O)C([H])([H])C([H])([H])C(=O)[C:19](=[O:20])[O:21][H]>>[C:19](=[O:20])=[O:21].O=[C:1]([H:24])[H:25].[H][N:11]([C:10](:[N:2]:[C:3]):[C:9])[H:30],EVODEX-P5727
EVODEX-N1784,[H][C:1]([N:2](:[C:3]):[C:10](:[C:9])=[N:11][H:30])([H:24])[H:25].[H]OC(=O)[C:17]([C:16])=[O:18]>>O=[C:1]([H:24])[H:25].[H]O[C:17]([C:16])=[O:18].[H][N:11]([C:10](:[N:2]:[C:3]):[C:9])[H:30],EVODEX-P5728
EVODEX-N1785,[H]N=C1:C2:C(:N:C([H]):N:1[C:1]([H])([H:24])[H:25]):N:C([H]):N:2[H].[O:22]=[O:23]>>[C:1](=[O:23])([H:24])[H:25].[H]OC(=O)C([H])([H])C([H])([H])C(=O)[O:22][H],EVODEX-P5729
EVODEX-N1786,[H]C([H])([H])[N:2](:[C:3]):[C:10](:[C:9])=[N:11][H:30].[H]OC(=O)[C:17]([C:16])=[O:18].O=[O:22]>>[H][O:22][C:17]([C:16])=[O:18].[H][N:11]([C:10](:[N:2]:[C:3]):[C:9])[H:30],EVODEX-P5730
EVODEX-N1787,[H]N=C1:C2:C(:N:C([H]):N:1[C:1]([H])([H:24])[H:25]):N:C([H]):N:2[H].[H][O:21][C:19]([C:17])=[O:20]>>[C:19](=[O:20])=[O:21].O=[C:1]([H:24])[H:25].[H]O[C:17],EVODEX-P5731
EVODEX-N1788,[H]C([H])([H])[N:2](:[C:3]):[C:10](:[C:9])=[N:11][H:30].O=[O:22]>>[H]OC(=O)C([H])([H])C([H])([H])C(=O)[O:22][H].[H][N:11]([C:10](:[N:2]:[C:3]):[C:9])[H:30],EVODEX-P5732
EVODEX-N1789,[H][C:1]([N:2](:[C:3]):[C:10](:[C:9])=[N:11][H:30])([H:24])[H:25].[H]OC(=O)C([H])([H])C([H])([H])C(=O)[C:19](=[O:20])[O:21][H].O=[O:23]>>[C:19](=[O:20])=[O:21].[C:1](=[O:23])([H:24])[H:25].[H][N:11]([C:10](:[N:2]:[C:3]):[C:9])[H:30],EVODEX-P5733
EVODEX-N1790,[H]N=C1:C2:C(:N:C([H]):N:1[C:1]([H])([H:24])[H:25]):N:C([H]):N:2[H]>>O=[C:1]([H:24])[H:25],EVODEX-P5734
EVODEX-N1791,[H]C([H])([H])[N:2](:[C:3]):[C:10](:[C:9])=[N:11][H:30].[H]OC(=O)C([H])([H])C([H])([H])C(=O)[C:19](=[O:20])[O:21][H]>>[C:19](=[O:20])=[O:21].[H][N:11]([C:10](:[N:2]:[C:3]):[C:9])[H:30],EVODEX-P5735
EVODEX-N1792,[H][C:1]([N:2](:[C:3]):[C:10](:[C:9])=[N:11][H:30])([H:24])[H:25].[H]OC(=O)[C:17]([C:16])=[O:18].[O:22]=[O:23]>>[C:1](=[O:23])([H:24])[H:25].[H][O:22][C:17]([C:16])=[O:18].[H][N:11]([C:10](:[N:2]:[C:3]):[C:9])[H:30],EVODEX-P5736
EVODEX-N1793,[H][C:1]([N:2](:[C:3]):[C:10](:[C:9])=[N:11][H:30])([H:24])[H:25].[O:22]=[O:23]>>[C:1](=[O:23])([H:24])[H:25].[H]OC(=O)C([H])([H])C([H])([H])C(=O)[O:22][H].[H][N:11]([C:10](:[N:2]:[C:3]):[C:9])[H:30],EVODEX-P5737
EVODEX-N1794,[H]N=C1:C2:C(:N:C([H]):N:1[C:1]([H])([H:24])[H:25]):N:C([H]):N:2[H].[H][O:21][C:19]([C:17]([C:16])=[O:18])=[O:20].[O:22]=[O:23]>>[C:19](=[O:20])=[O:21].[C:1](=[O:23])([H:24])[H:25].[H][O:22][C:17]([C:16])=[O:18],EVODEX-P5738
EVODEX-N1795,[H]C([H])([H])[N:2](:[C:3]):[C:10](:[C:9])=[N:11][H:30]>>[H][N:11]([C:10](:[N:2]:[C:3]):[C:9])[H:30],EVODEX-P5739
EVODEX-N1796,[H][C:1]([N:2](:[C:3]):[C:10](:[C:9])=[N:11][H:30])([H:24])[H:25]>>O=[C:1]([H:24])[H:25].[H][N:11]([C:10](:[N:2]:[C:3]):[C:9])[H:30],EVODEX-P5740
EVODEX-N1797,[H]N=C1:C2:C(:N:C([H]):N:1[C:1]([H])([H:24])[H:25]):N:C([H]):N:2[H].[H]OC(=O)C([H])([H])C([H])([H])C(=O)[C:19](=[O:20])[O:21][H].O=[O:23]>>[C:19](=[O:20])=[O:21].[C:1](=[O:23])([H:24])[H:25],EVODEX-P5741
EVODEX-N1798,[H]C([H])([H])[N:2](:[C:3]):[C:10](:[C:9])=[N:11][H:30].[H][O:21][C:19]([C:17])=[O:20]>>[C:19](=[O:20])=[O:21].[H]O[C:17].[H][N:11]([C:10](:[N:2]:[C:3]):[C:9])[H:30],EVODEX-P5742
EVODEX-N1799,[H]N=C1:C2:C(:N:C([H]):N:1[C:1]([H])([H:24])[H:25]):N:C([H]):N:2[H].[H]OC(=O)C([H])([H])C([H])([H])C(=O)[C:19](=[O:20])[O:21][H]>>[C:19](=[O:20])=[O:21].O=[C:1]([H:24])[H:25],EVODEX-P5743
EVODEX-N1800,[H]N=C1:C2:C(:N:C([H]):N:1[C:1]([H])([H:24])[H:25]):N:C([H]):N:2[H].O=[O:23]>>[C:1](=[O:23])([H:24])[H:25],EVODEX-P5744
EVODEX-N1801,[H][C:1]([N:2](:[C:3]):[C:10](:[C:9])=[N:11][H:30])([H:24])[H:25].[H][O:21][C:19]([C:17]([C:16])=[O:18])=[O:20].[O:22]=[O:23]>>[C:19](=[O:20])=[O:21].[C:1](=[O:23])([H:24])[H:25].[H][O:22][C:17]([C:16])=[O:18].[H][N:11]([C:10](:[N:2]:[C:3]):[C:9])[H:30],EVODEX-P5745
EVODEX-N1802,[H]C([H])([H])[N:2](:[C:3]):[C:10](:[C:9])=[N:11][H:30].[H][O:21][C:19]([C:17]([C:16])=[O:18])=[O:20].O=[O:22]>>[C:19](=[O:20])=[O:21].[H][O:22][C:17]([C:16])=[O:18].[H][N:11]([C:10](:[N:2]:[C:3]):[C:9])[H:30],EVODEX-P5746
EVODEX-N1803,[H]C1:N:C(N([H])[C:1]([H])([H:24])[H:25]):C2:C(:N:1):N:C([H]):N:2[H].[H]OC(=O)[C:17]([C:16])=[O:18].[O:22]=[O:23]>>[C:1](=[O:23])([H:24])[H:25].[H][O:22][C:17]([C:16])=[O:18],EVODEX-P5748
EVODEX-N1804,[H]C1:N:C(N([H])[C:1]([H])([H:24])[H:25]):C2:C(:N:1):N:C([H]):N:2[H].[O:22]=[O:23]>>[C:1](=[O:23])([H:24])[H:25].[H]OC(=O)C([H])([H])C([H])([H])C(=O)[O:22][H],EVODEX-P5749
EVODEX-N1805,[H]C([H])([H])[N:2]([C:3])[H:27].[H]OC(=O)[C:17]([C:16])=[O:18]>>[H][N:2]([C:3])[H:27].[H]O[C:17]([C:16])=[O:18],EVODEX-P5750
EVODEX-N1806,[H]C1:N:C(N([H])[C:1]([H])([H:24])[H:25]):C2:C(:N:1):N:C([H]):N:2[H].[H][O:21][C:19]([C:17])=[O:20]>>[C:19](=[O:20])=[O:21].O=[C:1]([H:24])[H:25].[H]O[C:17],EVODEX-P5751
EVODEX-N1807,[H]C([H])([H])[N:2]([C:3])[H:27].[H]OC(=O)[C:17]([C:16])=[O:18].O=[O:22]>>[H][N:2]([C:3])[H:27].[H][O:22][C:17]([C:16])=[O:18],EVODEX-P5754
EVODEX-N1808,[H]C([H])([H])[N:2]([C:3])[H:27].O=[O:22]>>[H][N:2]([C:3])[H:27].[H]OC(=O)C([H])([H])C([H])([H])C(=O)[O:22][H],EVODEX-P5756
EVODEX-N1809,[H]C1:N:C(N([H])[C:1]([H])([H:24])[H:25]):C2:C(:N:1):N:C([H]):N:2[H].[H][O:21][C:19]([C:17]([C:16])=[O:18])=[O:20].[O:22]=[O:23]>>[C:19](=[O:20])=[O:21].[C:1](=[O:23])([H:24])[H:25].[H][O:22][C:17]([C:16])=[O:18],EVODEX-P5757
EVODEX-N1810,[H]C1:N:C(N([H])[C:1]([H])([H:24])[H:25]):C2:C(:N:1):N:C([H]):N:2[H]>>O=[C:1]([H:24])[H:25],EVODEX-P5758
EVODEX-N1811,[H]C([H])([H])[N:2]([C:3])[H:27].[H]OC(=O)C([H])([H])C([H])([H])C(=O)[C:19](=[O:20])[O:21][H]>>[C:19](=[O:20])=[O:21].[H][N:2]([C:3])[H:27],EVODEX-P5764
EVODEX-N1812,[H]C1:N:C(N([H])[C:1]([H])([H:24])[H:25]):C2:C(:N:1):N:C([H]):N:2[H].[H]OC(=O)C([H])([H])C([H])([H])C(=O)[C:19](=[O:20])[O:21][H].O=[O:23]>>[C:19](=[O:20])=[O:21].[C:1](=[O:23])([H:24])[H:25],EVODEX-P5765
EVODEX-N1813,[H]C([H])([H])[N:2]([C:3])[H:27].[H][O:21][C:19]([C:17])=[O:20]>>[C:19](=[O:20])=[O:21].[H][N:2]([C:3])[H:27].[H]O[C:17],EVODEX-P5766
EVODEX-N1814,[H]C1:N:C(N([H])[C:1]([H])([H:24])[H:25]):C2:C(:N:1):N:C([H]):N:2[H].[H]OC(=O)C([H])([H])C([H])([H])C(=O)[C:19](=[O:20])[O:21][H]>>[C:19](=[O:20])=[O:21].O=[C:1]([H:24])[H:25],EVODEX-P5767
EVODEX-N1815,[H]C1:N:C(N([H])[C:1]([H])([H:24])[H:25]):C2:C(:N:1):N:C([H]):N:2[H].O=[O:23]>>[C:1](=[O:23])([H:24])[H:25],EVODEX-P5768
EVODEX-N1816,[H]C1:N:C(N([H])[C:1]([H])([H:24])[H:25]):C2:C(:N:1):N:C([H]):N:2[H].[H]OC(=O)[C:17]([C:16])=[O:18]>>O=[C:1]([H:24])[H:25].[H]O[C:17]([C:16])=[O:18],EVODEX-P5769
EVODEX-N1817,[H]C([H])([H])[N:2]([C:3])[H:27].[H][O:21][C:19]([C:17]([C:16])=[O:18])=[O:20].O=[O:22]>>[C:19](=[O:20])=[O:21].[H][N:2]([C:3])[H:27].[H][O:22][C:17]([C:16])=[O:18],EVODEX-P5771
EVODEX-N1818,[O:44]=[O:45]>>[H]OC([H])([H])[C@@]1([H])O[C@]([H])(O[C@]2([H])[C@@]([H])(O[H])[C@]([H])(O[C@@]3([H])O[C@]([H])(C([H])([H])N([H])[H])[C@@]([H])(O[H])[C@]([H])(O[H])C3=[O:45])[C@@]([H])(N([H])[H])C([H])([H])[C@@]2([H])N([H])[H])[C@]([H])(O[H])[C@@]([H])(N([H])[H])[C@]1([H])O[H].[H]OC(=O)C([H])([H])C([H])([H])C(=O)[O:44][H],EVODEX-P5772
EVODEX-N1819,[H][C@@:28]([C:5])([N:29])[C:30].[H][O:43][C:41]([C:39])=[O:42]>>[C:41](=[O:42])=[O:43].O=[C:28]([C:5])[C:30].[H][N:29].[H]O[C:39],EVODEX-P5773
EVODEX-N1820,[H]N([H])[C@@:28]([H])([C:5])[C:30].[H]OC(=O)[C:39]([C:38])=[O:40].[O:44]=[O:45]>>[C:5][C:28]([C:30])=[O:45].[H][O:44][C:39]([C:38])=[O:40],EVODEX-P5774
EVODEX-N1821,[H]N([H])[C@@:28]([H])([C:5])[C:30].[O:44]=[O:45]>>[C:5][C:28]([C:30])=[O:45].[H]OC(=O)C([H])([H])C([H])([H])C(=O)[O:44][H],EVODEX-P5775
EVODEX-N1822,[H]OC(=O)C([H])([H])C([H])([H])C(=O)[C:41](=[O:42])[O:43][H].O=[O:45]>>[C:41](=[O:42])=[O:43].[H]OC([H])([H])[C@@]1([H])O[C@]([H])(O[C@]2([H])[C@@]([H])(O[H])[C@]([H])(O[C@@]3([H])O[C@]([H])(C([H])([H])N([H])[H])[C@@]([H])(O[H])[C@]([H])(O[H])C3=[O:45])[C@@]([H])(N([H])[H])C([H])([H])[C@@]2([H])N([H])[H])[C@]([H])(O[H])[C@@]([H])(N([H])[H])[C@]1([H])O[H],EVODEX-P5776
EVODEX-N1823,[H]OC([H])([H])[C@@]1([H])O[C@]([H])(O[C@]2([H])[C@@]([H])(O[H])[C@]([H])(O[C@@]3([H])O[C@]([H])(C([H])([H])N([H])[H])[C@@]([H])(O[H])[C@]([H])(O[H])[C@@]3([H])[N:29]([H:77])[H:78])[C@@]([H])(N([H])[H])C([H])([H])[C@@]2([H])N([H])[H])[C@]([H])(O[H])[C@@]([H])(N([H])[H])[C@]1([H])O[H].[H]OC(=O)[C:39]([C:38])=[O:40]>>[H][N:29]([H:77])[H:78].[H]O[C:39]([C:38])=[O:40],EVODEX-P5777
EVODEX-N1824,[H]N([H])[C@@:28]([H])([C:5])[C:30].[H][O:43][C:41]([C:39])=[O:42]>>[C:41](=[O:42])=[O:43].O=[C:28]([C:5])[C:30].[H]O[C:39],EVODEX-P5778
EVODEX-N1825,[H][C@@:28]([C:5])([N:29])[C:30].[H]OC(=O)[C:39]([C:38])=[O:40]>>O=[C:28]([C:5])[C:30].[H][N:29].[H]O[C:39]([C:38])=[O:40],EVODEX-P5779
EVODEX-N1826,[H][C@@:28]([C:5])([N:29])[C:30].O=[O:45]>>[C:5][C:28]([C:30])=[O:45].[H][N:29],EVODEX-P5780
EVODEX-N1827,[H]OC([H])([H])[C@@]1([H])O[C@]([H])(O[C@]2([H])[C@@]([H])(O[H])[C@]([H])(O[C@@]3([H])O[C@]([H])(C([H])([H])N([H])[H])[C@@]([H])(O[H])[C@]([H])(O[H])[C@@]3([H])[N:29]([H:77])[H:78])[C@@]([H])(N([H])[H])C([H])([H])[C@@]2([H])N([H])[H])[C@]([H])(O[H])[C@@]([H])(N([H])[H])[C@]1([H])O[H].[H]OC(=O)[C:39]([C:38])=[O:40].O=[O:44]>>[H][N:29]([H:77])[H:78].[H][O:44][C:39]([C:38])=[O:40],EVODEX-P5781
EVODEX-N1828,[H][C@@:28]([C:5])([N:29])[C:30].[H]OC(=O)C([H])([H])C([H])([H])C(=O)[C:41](=[O:42])[O:43][H]>>[C:41](=[O:42])=[O:43].O=[C:28]([C:5])[C:30].[H][N:29],EVODEX-P5782
EVODEX-N1829,[H]OC([H])([H])[C@@]1([H])O[C@]([H])(O[C@]2([H])[C@@]([H])(O[H])[C@]([H])(O[C@@]3([H])O[C@]([H])(C([H])([H])N([H])[H])[C@@]([H])(O[H])[C@]([H])(O[H])[C@@]3([H])[N:29]([H:77])[H:78])[C@@]([H])(N([H])[H])C([H])([H])[C@@]2([H])N([H])[H])[C@]([H])(O[H])[C@@]([H])(N([H])[H])[C@]1([H])O[H].O=[O:44]>>[H][N:29]([H:77])[H:78].[H]OC(=O)C([H])([H])C([H])([H])C(=O)[O:44][H],EVODEX-P5783
EVODEX-N1830,[H]N([H])[C@@:28]([H])([C:5])[C:30].[H][O:43][C:41]([C:39]([C:38])=[O:40])=[O:42].[O:44]=[O:45]>>[C:41](=[O:42])=[O:43].[C:5][C:28]([C:30])=[O:45].[H][O:44][C:39]([C:38])=[O:40],EVODEX-P5784
EVODEX-N1831,[H][C@@:28]([C:5])([N:29])[C:30].[H]OC(=O)[C:39]([C:38])=[O:40].[O:44]=[O:45]>>[C:5][C:28]([C:30])=[O:45].[H][N:29].[H][O:44][C:39]([C:38])=[O:40],EVODEX-P5786
EVODEX-N1832,[H]OC(=O)[C:39]([C:38])=[O:40].[O:44]=[O:45]>>[H]OC([H])([H])[C@@]1([H])O[C@]([H])(O[C@]2([H])[C@@]([H])(O[H])[C@]([H])(O[C@@]3([H])O[C@]([H])(C([H])([H])N([H])[H])[C@@]([H])(O[H])[C@]([H])(O[H])C3=[O:45])[C@@]([H])(N([H])[H])C([H])([H])[C@@]2([H])N([H])[H])[C@]([H])(O[H])[C@@]([H])(N([H])[H])[C@]1([H])O[H].[H][O:44][C:39]([C:38])=[O:40],EVODEX-P5787
EVODEX-N1833,[H][C@@:28]([C:5])([N:29])[C:30].[O:44]=[O:45]>>[C:5][C:28]([C:30])=[O:45].[H][N:29].[H]OC(=O)C([H])([H])C([H])([H])C(=O)[O:44][H],EVODEX-P5788
EVODEX-N1834,[H][C@@:28]([C:5])([N:29])[C:30].[H]OC(=O)C([H])([H])C([H])([H])C(=O)[C:41](=[O:42])[O:43][H].O=[O:45]>>[C:41](=[O:42])=[O:43].[C:5][C:28]([C:30])=[O:45].[H][N:29],EVODEX-P5789
EVODEX-N1835,O=[O:45]>>[H]OC([H])([H])[C@@]1([H])O[C@]([H])(O[C@]2([H])[C@@]([H])(O[H])[C@]([H])(O[C@@]3([H])O[C@]([H])(C([H])([H])N([H])[H])[C@@]([H])(O[H])[C@]([H])(O[H])C3=[O:45])[C@@]([H])(N([H])[H])C([H])([H])[C@@]2([H])N([H])[H])[C@]([H])(O[H])[C@@]([H])(N([H])[H])[C@]1([H])O[H],EVODEX-P5790
EVODEX-N1836,[H]OC([H])([H])[C@@]1([H])O[C@]([H])(O[C@]2([H])[C@@]([H])(O[H])[C@]([H])(O[C@@]3([H])O[C@]([H])(C([H])([H])N([H])[H])[C@@]([H])(O[H])[C@]([H])(O[H])[C@@]3([H])[N:29]([H:77])[H:78])[C@@]([H])(N([H])[H])C([H])([H])[C@@]2([H])N([H])[H])[C@]([H])(O[H])[C@@]([H])(N([H])[H])[C@]1([H])O[H]>>[H][N:29]([H:77])[H:78],EVODEX-P5791
EVODEX-N1837,[H]OC([H])([H])[C@@]1([H])O[C@]([H])(O[C@]2([H])[C@@]([H])(O[H])[C@]([H])(O[C@@]3([H])O[C@]([H])(C([H])([H])N([H])[H])[C@@]([H])(O[H])[C@]([H])(O[H])[C@@]3([H])[N:29]([H:77])[H:78])[C@@]([H])(N([H])[H])C([H])([H])[C@@]2([H])N([H])[H])[C@]([H])(O[H])[C@@]([H])(N([H])[H])[C@]1([H])O[H].[H]OC(=O)C([H])([H])C([H])([H])C(=O)[C:41](=[O:42])[O:43][H]>>[C:41](=[O:42])=[O:43].[H][N:29]([H:77])[H:78],EVODEX-P5793
EVODEX-N1838,[H]N([H])[C@@:28]([H])([C:5])[C:30].[H]OC(=O)C([H])([H])C([H])([H])C(=O)[C:41](=[O:42])[O:43][H].O=[O:45]>>[C:41](=[O:42])=[O:43].[C:5][C:28]([C:30])=[O:45],EVODEX-P5794
EVODEX-N1839,[H][O:43][C:41]([C:39]([C:38])=[O:40])=[O:42].[O:44]=[O:45]>>[C:41](=[O:42])=[O:43].[H]OC([H])([H])[C@@]1([H])O[C@]([H])(O[C@]2([H])[C@@]([H])(O[H])[C@]([H])(O[C@@]3([H])O[C@]([H])(C([H])([H])N([H])[H])[C@@]([H])(O[H])[C@]([H])(O[H])C3=[O:45])[C@@]([H])(N([H])[H])C([H])([H])[C@@]2([H])N([H])[H])[C@]([H])(O[H])[C@@]([H])(N([H])[H])[C@]1([H])O[H].[H][O:44][C:39]([C:38])=[O:40],EVODEX-P5795
EVODEX-N1840,[H]OC([H])([H])[C@@]1([H])O[C@]([H])(O[C@]2([H])[C@@]([H])(O[H])[C@]([H])(O[C@@]3([H])O[C@]([H])(C([H])([H])N([H])[H])[C@@]([H])(O[H])[C@]([H])(O[H])[C@@]3([H])[N:29]([H:77])[H:78])[C@@]([H])(N([H])[H])C([H])([H])[C@@]2([H])N([H])[H])[C@]([H])(O[H])[C@@]([H])(N([H])[H])[C@]1([H])O[H].[H][O:43][C:41]([C:39])=[O:42]>>[C:41](=[O:42])=[O:43].[H][N:29]([H:77])[H:78].[H]O[C:39],EVODEX-P5796
EVODEX-N1841,[H]N([H])[C@@:28]([H])([C:5])[C:30].[H]OC(=O)C([H])([H])C([H])([H])C(=O)[C:41](=[O:42])[O:43][H]>>[C:41](=[O:42])=[O:43].O=[C:28]([C:5])[C:30],EVODEX-P5797
EVODEX-N1842,[H]N([H])[C@@:28]([H])([C:5])[C:30].O=[O:45]>>[C:5][C:28]([C:30])=[O:45],EVODEX-P5798
EVODEX-N1843,[H]N([H])[C@@:28]([H])([C:5])[C:30].[H]OC(=O)[C:39]([C:38])=[O:40]>>O=[C:28]([C:5])[C:30].[H]O[C:39]([C:38])=[O:40],EVODEX-P5799
EVODEX-N1844,[H][C@@:28]([C:5])([N:29])[C:30].[H][O:43][C:41]([C:39]([C:38])=[O:40])=[O:42].[O:44]=[O:45]>>[C:41](=[O:42])=[O:43].[C:5][C:28]([C:30])=[O:45].[H][N:29].[H][O:44][C:39]([C:38])=[O:40],EVODEX-P5800
EVODEX-N1845,[H]OC([H])([H])[C@@]1([H])O[C@]([H])(O[C@]2([H])[C@@]([H])(O[H])[C@]([H])(O[C@@]3([H])O[C@]([H])(C([H])([H])N([H])[H])[C@@]([H])(O[H])[C@]([H])(O[H])[C@@]3([H])[N:29]([H:77])[H:78])[C@@]([H])(N([H])[H])C([H])([H])[C@@]2([H])N([H])[H])[C@]([H])(O[H])[C@@]([H])(N([H])[H])[C@]1([H])O[H].[H][O:43][C:41]([C:39]([C:38])=[O:40])=[O:42].O=[O:44]>>[C:41](=[O:42])=[O:43].[H][N:29]([H:77])[H:78].[H][O:44][C:39]([C:38])=[O:40],EVODEX-P5801
EVODEX-N1846,[C:6][C:29](=[O:30])[C:31].[H][O:42][C:40]([C:39])=[O:41].[O:43]=[C:44]=[O:45]>>[H]N([H])[C@@:29]([H])([C:6])[C:31].[O:30]=[O:42].[H][O:45][C:44]([C:40]([C:39])=[O:41])=[O:43],EVODEX-P5802
EVODEX-N1847,O=[C:29]([C:6])[C:31].[H]O[C:40]([C:39])=[O:41].[O:43]=[C:44]=[O:45]>>[H]N([H])[C@@:29]([H])([C:6])[C:31].[H][O:45][C:44]([C:40]([C:39])=[O:41])=[O:43],EVODEX-P5803
EVODEX-N1848,[C:6][C:29](=[O:30])[C:31].[H]OC(=O)C([H])([H])C([H])([H])C(=O)[O:42][H]>>[H]N([H])[C@@:29]([H])([C:6])[C:31].[O:30]=[O:42],EVODEX-P5805
EVODEX-N1849,[H][N:1]([H:80])[H:81].[H]OC(=O)C([H])([H])C([H])([H])C(=O)[O:42][H]>>[H]OC([H])([H])[C@@]1([H])O[C@]([H])(O[C@]2([H])[C@@]([H])(O[H])[C@]([H])(O[C@@]3([H])O[C@]([H])(C([H])([H])N([H])[H])[C@@]([H])(O[H])[C@]([H])(O[H])[C@@]3([H])[N:1]([H:80])[H:81])[C@@]([H])(N([H])[H])C([H])([H])[C@@]2([H])N([H])[H])[C@]([H])(O[H])[C@@]([H])(N([H])[H])[C@]1([H])O[H].O=[O:42],EVODEX-P5806
EVODEX-N1850,[H][N:1]([H:80])[H:81].[H]O[C:40]([C:39])=[O:41].[O:43]=[C:44]=[O:45]>>[H]OC([H])([H])[C@@]1([H])O[C@]([H])(O[C@]2([H])[C@@]([H])(O[H])[C@]([H])(O[C@@]3([H])O[C@]([H])(C([H])([H])N([H])[H])[C@@]([H])(O[H])[C@]([H])(O[H])[C@@]3([H])[N:1]([H:80])[H:81])[C@@]([H])(N([H])[H])C([H])([H])[C@@]2([H])N([H])[H])[C@]([H])(O[H])[C@@]([H])(N([H])[H])[C@]1([H])O[H].[H][O:45][C:44]([C:40]([C:39])=[O:41])=[O:43],EVODEX-P5807
EVODEX-N1851,[H][N:1]([H:80])[H:81].[H]O[C:40]([C:39])=[O:41]>>[H]OC([H])([H])[C@@]1([H])O[C@]([H])(O[C@]2([H])[C@@]([H])(O[H])[C@]([H])(O[C@@]3([H])O[C@]([H])(C([H])([H])N([H])[H])[C@@]([H])(O[H])[C@]([H])(O[H])[C@@]3([H])[N:1]([H:80])[H:81])[C@@]([H])(N([H])[H])C([H])([H])[C@@]2([H])N([H])[H])[C@]([H])(O[H])[C@@]([H])(N([H])[H])[C@]1([H])O[H].[H]OC(=O)[C:40]([C:39])=[O:41],EVODEX-P5808
EVODEX-N1852,O=[C:29]([C:6])[C:31].[H][N:1]([H:80])[H:81].[H]O[C:40]([C:39])=[O:41].[O:43]=[C:44]=[O:45]>>[H][C@:29]([N:1]([H:80])[H:81])([C:6])[C:31].[H][O:45][C:44]([C:40]([C:39])=[O:41])=[O:43],EVODEX-P5809
EVODEX-N1853,[H]OC([H])([H])[C@@]1([H])O[C@]([H])(O[C@]2([H])[C@@]([H])(O[H])[C@]([H])(O[C@@]3([H])O[C@]([H])(C([H])([H])N([H])[H])[C@@]([H])(O[H])[C@]([H])(O[H])C3=[O:30])[C@@]([H])(N([H])[H])C([H])([H])[C@@]2([H])N([H])[H])[C@]([H])(O[H])[C@@]([H])(N([H])[H])[C@]1([H])O[H].[O:43]=[C:44]=[O:45]>>O=[O:30].[H]OC(=O)C([H])([H])C([H])([H])C(=O)[C:44](=[O:43])[O:45][H],EVODEX-P5810
EVODEX-N1854,[C:6][C:29](=[O:30])[C:31]>>[H]N([H])[C@@:29]([H])([C:6])[C:31].O=[O:30],EVODEX-P5811
EVODEX-N1855,[H]OC([H])([H])[C@@]1([H])O[C@]([H])(O[C@]2([H])[C@@]([H])(O[H])[C@]([H])(O[C@@]3([H])O[C@]([H])(C([H])([H])N([H])[H])[C@@]([H])(O[H])[C@]([H])(O[H])C3=[O:30])[C@@]([H])(N([H])[H])C([H])([H])[C@@]2([H])N([H])[H])[C@]([H])(O[H])[C@@]([H])(N([H])[H])[C@]1([H])O[H].[H][O:42][C:40]>>[O:30]=[O:42].[H]OC(=O)[C:40],EVODEX-P5812
EVODEX-N1856,[C:6][C:29](=[O:30])[C:31].[H][N:1]([H:80])[H:81].[O:43]=[C:44]=[O:45]>>[H][C@:29]([N:1]([H:80])[H:81])([C:6])[C:31].O=[O:30].[H]OC(=O)C([H])([H])C([H])([H])C(=O)[C:44](=[O:43])[O:45][H],EVODEX-P5814
EVODEX-N1857,[H]OC([H])([H])[C@@]1([H])O[C@]([H])(O[C@]2([H])[C@@]([H])(O[H])[C@]([H])(O[C@@]3([H])O[C@]([H])(C([H])([H])N([H])[H])[C@@]([H])(O[H])[C@]([H])(O[H])C3=[O:30])[C@@]([H])(N([H])[H])C([H])([H])[C@@]2([H])N([H])[H])[C@]([H])(O[H])[C@@]([H])(N([H])[H])[C@]1([H])O[H]>>O=[O:30],EVODEX-P5815
EVODEX-N1858,[C:6][C:29](=[O:30])[C:31].[H][N:1]([H:80])[H:81].[H][O:42][C:40]>>[H][C@:29]([N:1]([H:80])[H:81])([C:6])[C:31].[O:30]=[O:42].[H]OC(=O)[C:40],EVODEX-P5816
EVODEX-N1859,[C:6][C:29](=[O:30])[C:31].[H][O:42][C:40]>>[H]N([H])[C@@:29]([H])([C:6])[C:31].[O:30]=[O:42].[H]OC(=O)[C:40],EVODEX-P5817
EVODEX-N1860,[H]OC([H])([H])[C@@]1([H])O[C@]([H])(O[C@]2([H])[C@@]([H])(O[H])[C@]([H])(O[C@@]3([H])O[C@]([H])(C([H])([H])N([H])[H])[C@@]([H])(O[H])[C@]([H])(O[H])C3=[O:30])[C@@]([H])(N([H])[H])C([H])([H])[C@@]2([H])N([H])[H])[C@]([H])(O[H])[C@@]([H])(N([H])[H])[C@]1([H])O[H].[H][O:42][C:40]([C:39])=[O:41].[O:43]=[C:44]=[O:45]>>[O:30]=[O:42].[H][O:45][C:44]([C:40]([C:39])=[O:41])=[O:43],EVODEX-P5818
EVODEX-N1861,O=[C:29]([C:6])[C:31].[H][N:1]([H:80])[H:81].[O:43]=[C:44]=[O:45]>>[H][C@:29]([N:1]([H:80])[H:81])([C:6])[C:31].[H]OC(=O)C([H])([H])C([H])([H])C(=O)[C:44](=[O:43])[O:45][H],EVODEX-P5819
EVODEX-N1862,[H][N:1]([H:80])[H:81]>>[H]OC([H])([H])[C@@]1([H])O[C@]([H])(O[C@]2([H])[C@@]([H])(O[H])[C@]([H])(O[C@@]3([H])O[C@]([H])(C([H])([H])N([H])[H])[C@@]([H])(O[H])[C@]([H])(O[H])[C@@]3([H])[N:1]([H:80])[H:81])[C@@]([H])(N([H])[H])C([H])([H])[C@@]2([H])N([H])[H])[C@]([H])(O[H])[C@@]([H])(N([H])[H])[C@]1([H])O[H],EVODEX-P5820
EVODEX-N1863,[C:6][C:29](=[O:30])[C:31].[O:43]=[C:44]=[O:45]>>[H]N([H])[C@@:29]([H])([C:6])[C:31].O=[O:30].[H]OC(=O)C([H])([H])C([H])([H])C(=O)[C:44](=[O:43])[O:45][H],EVODEX-P5821
EVODEX-N1864,[H][N:1]([H:80])[H:81].[O:43]=[C:44]=[O:45]>>[H]OC([H])([H])[C@@]1([H])O[C@]([H])(O[C@]2([H])[C@@]([H])(O[H])[C@]([H])(O[C@@]3([H])O[C@]([H])(C([H])([H])N([H])[H])[C@@]([H])(O[H])[C@]([H])(O[H])[C@@]3([H])[N:1]([H:80])[H:81])[C@@]([H])(N([H])[H])C([H])([H])[C@@]2([H])N([H])[H])[C@]([H])(O[H])[C@@]([H])(N([H])[H])[C@]1([H])O[H].[H]OC(=O)C([H])([H])C([H])([H])C(=O)[C:44](=[O:43])[O:45][H],EVODEX-P5822
EVODEX-N1865,O=[C:29]([C:6])[C:31].[O:43]=[C:44]=[O:45]>>[H]N([H])[C@@:29]([H])([C:6])[C:31].[H]OC(=O)C([H])([H])C([H])([H])C(=O)[C:44](=[O:43])[O:45][H],EVODEX-P5823
EVODEX-N1866,[C:6][C:29](=[O:30])[C:31].[H][N:1]([H:80])[H:81].[H]OC(=O)C([H])([H])C([H])([H])C(=O)[O:42][H]>>[H][C@:29]([N:1]([H:80])[H:81])([C:6])[C:31].[O:30]=[O:42],EVODEX-P5824
EVODEX-N1867,O=[C:29]([C:6])[C:31].[H][N:1]([H:80])[H:81].[H]O[C:40]([C:39])=[O:41]>>[H][C@:29]([N:1]([H:80])[H:81])([C:6])[C:31].[H]OC(=O)[C:40]([C:39])=[O:41],EVODEX-P5825
EVODEX-N1868,O=[C:29]([C:6])[C:31].[H]O[C:40]([C:39])=[O:41]>>[H]N([H])[C@@:29]([H])([C:6])[C:31].[H]OC(=O)[C:40]([C:39])=[O:41],EVODEX-P5826
EVODEX-N1869,[C:6][C:29](=[O:30])[C:31].[H][N:1]([H:80])[H:81]>>[H][C@:29]([N:1]([H:80])[H:81])([C:6])[C:31].O=[O:30],EVODEX-P5827
EVODEX-N1870,[H][N:1]([H:80])[H:81].[H][O:42][C:40]([C:39])=[O:41].[O:43]=[C:44]=[O:45]>>[H]OC([H])([H])[C@@]1([H])O[C@]([H])(O[C@]2([H])[C@@]([H])(O[H])[C@]([H])(O[C@@]3([H])O[C@]([H])(C([H])([H])N([H])[H])[C@@]([H])(O[H])[C@]([H])(O[H])[C@@]3([H])[N:1]([H:80])[H:81])[C@@]([H])(N([H])[H])C([H])([H])[C@@]2([H])N([H])[H])[C@]([H])(O[H])[C@@]([H])(N([H])[H])[C@]1([H])O[H].O=[O:42].[H][O:45][C:44]([C:40]([C:39])=[O:41])=[O:43],EVODEX-P5828
EVODEX-N1871,[H][N:1]([H:80])[H:81].[H][O:42][C:40]>>[H]OC([H])([H])[C@@]1([H])O[C@]([H])(O[C@]2([H])[C@@]([H])(O[H])[C@]([H])(O[C@@]3([H])O[C@]([H])(C([H])([H])N([H])[H])[C@@]([H])(O[H])[C@]([H])(O[H])[C@@]3([H])[N:1]([H:80])[H:81])[C@@]([H])(N([H])[H])C([H])([H])[C@@]2([H])N([H])[H])[C@]([H])(O[H])[C@@]([H])(N([H])[H])[C@]1([H])O[H].O=[O:42].[H]OC(=O)[C:40],EVODEX-P5829
EVODEX-N1872,[H]OC([H])([H])[C@@]1([H])O[C@]([H])(O[C@]2([H])[C@@]([H])(O[H])[C@]([H])(O[C@@]3([H])O[C@]([H])(C([H])([H])N([H])[H])[C@@]([H])(O[H])[C@]([H])(O[H])C3=[O:30])[C@@]([H])(N([H])[H])C([H])([H])[C@@]2([H])N([H])[H])[C@]([H])(O[H])[C@@]([H])(N([H])[H])[C@]1([H])O[H].[H]OC(=O)C([H])([H])C([H])([H])C(=O)[O:42][H]>>[O:30]=[O:42],EVODEX-P5830
EVODEX-N1873,[C:6][C:29](=[O:30])[C:31].[H][N:1]([H:80])[H:81].[H][O:42][C:40]([C:39])=[O:41].[O:43]=[C:44]=[O:45]>>[H][C@:29]([N:1]([H:80])[H:81])([C:6])[C:31].[O:30]=[O:42].[H][O:45][C:44]([C:40]([C:39])=[O:41])=[O:43],EVODEX-P5831
EVODEX-N1874,[O:20]=[O:21]>>[H]OC(=O)[C@@]([H])(N([H])[H])[C@@]([H])(C(=O)N([H])[H])[O:20][H].[H]OC(=O)C([H])([H])C([H])([H])C(=O)[O:21][H],EVODEX-P5833
EVODEX-N1875,O=[O:20]>>[H]OC(=O)[C@@]([H])(N([H])[H])[C@@]([H])(C(=O)N([H])[H])[O:20][H],EVODEX-P5836
EVODEX-N1876,[H][O:19][C:17]([C:15]([C:14])=[O:16])=[O:18].[O:20]=[O:21]>>[C:17](=[O:18])=[O:19].[H]OC(=O)[C@@]([H])(N([H])[H])[C@@]([H])(C(=O)N([H])[H])[O:20][H].[H][O:21][C:15]([C:14])=[O:16],EVODEX-P5840
EVODEX-N1877,[H]OC(=O)C([H])([H])C([H])([H])C(=O)[C:17](=[O:18])[O:19][H].O=[O:20]>>[C:17](=[O:18])=[O:19].[H]OC(=O)[C@@]([H])(N([H])[H])[C@@]([H])(C(=O)N([H])[H])[O:20][H],EVODEX-P5841
EVODEX-N1878,[H]OC(=O)[C:15]([C:14])=[O:16].[O:20]=[O:21]>>[H]OC(=O)[C@@]([H])(N([H])[H])[C@@]([H])(C(=O)N([H])[H])[O:20][H].[H][O:21][C:15]([C:14])=[O:16],EVODEX-P5845
EVODEX-N1879,[O:23]=[O:24]>>[H]N=C1N([H])C([H])([H])[C@@]([H])([C@@]([H])([C@@]([H])(C(=O)O[H])N([H])[H])[O:23][H])N1[H].[H]OC(=O)C([H])([H])C([H])([H])C(=O)[O:24][H],EVODEX-P5847
EVODEX-N1880,O=[O:23]>>[H]N=C1N([H])C([H])([H])[C@@]([H])([C@@]([H])([C@@]([H])(C(=O)O[H])N([H])[H])[O:23][H])N1[H],EVODEX-P5850
EVODEX-N1881,[H][O:22][C:20]([C:18]([C:17])=[O:19])=[O:21].[O:23]=[O:24]>>[C:20](=[O:21])=[O:22].[H]N=C1N([H])C([H])([H])[C@@]([H])([C@@]([H])([C@@]([H])(C(=O)O[H])N([H])[H])[O:23][H])N1[H].[H][O:24][C:18]([C:17])=[O:19],EVODEX-P5854
EVODEX-N1882,[H]OC(=O)C([H])([H])C([H])([H])C(=O)[C:20](=[O:21])[O:22][H].O=[O:23]>>[C:20](=[O:21])=[O:22].[H]N=C1N([H])C([H])([H])[C@@]([H])([C@@]([H])([C@@]([H])(C(=O)O[H])N([H])[H])[O:23][H])N1[H],EVODEX-P5855
EVODEX-N1883,[H]OC(=O)[C:18]([C:17])=[O:19].[O:23]=[O:24]>>[H]N=C1N([H])C([H])([H])[C@@]([H])([C@@]([H])([C@@]([H])(C(=O)O[H])N([H])[H])[O:23][H])N1[H].[H][O:24][C:18]([C:17])=[O:19],EVODEX-P5859
EVODEX-N1884,[O:23]=[O:24]>>[H]N=C(N([H])[H])N([H])C([H])([H])C([H])([H])[C@@]([H])([C@@]([H])(C(=O)O[H])N([H])[H])[O:23][H].[H]OC(=O)C([H])([H])C([H])([H])C(=O)[O:24][H],EVODEX-P5861
EVODEX-N1885,O=[O:23]>>[H]N=C(N([H])[H])N([H])C([H])([H])C([H])([H])[C@@]([H])([C@@]([H])(C(=O)O[H])N([H])[H])[O:23][H],EVODEX-P5864
EVODEX-N1886,[H][O:22][C:20]([C:18]([C:17])=[O:19])=[O:21].[O:23]=[O:24]>>[C:20](=[O:21])=[O:22].[H]N=C(N([H])[H])N([H])C([H])([H])C([H])([H])[C@@]([H])([C@@]([H])(C(=O)O[H])N([H])[H])[O:23][H].[H][O:24][C:18]([C:17])=[O:19],EVODEX-P5868
EVODEX-N1887,[H]OC(=O)C([H])([H])C([H])([H])C(=O)[C:20](=[O:21])[O:22][H].O=[O:23]>>[C:20](=[O:21])=[O:22].[H]N=C(N([H])[H])N([H])C([H])([H])C([H])([H])[C@@]([H])([C@@]([H])(C(=O)O[H])N([H])[H])[O:23][H],EVODEX-P5869
EVODEX-N1888,[H]OC(=O)[C:18]([C:17])=[O:19].[O:23]=[O:24]>>[H]N=C(N([H])[H])N([H])C([H])([H])C([H])([H])[C@@]([H])([C@@]([H])(C(=O)O[H])N([H])[H])[O:23][H].[H][O:24][C:18]([C:17])=[O:19],EVODEX-P5873
EVODEX-N1889,[O:24]=[O:25]>>[H]N=C(N([H])[H])N([H])C([H])([H])C([H])([H])C([H])([H])[C@@]([H])([C@@]([H])(C(=O)O[H])N([H])[H])[O:24][H].[H]OC(=O)C([H])([H])C([H])([H])C(=O)[O:25][H],EVODEX-P5875
EVODEX-N1890,O=[O:24]>>[H]N=C(N([H])[H])N([H])C([H])([H])C([H])([H])C([H])([H])[C@@]([H])([C@@]([H])(C(=O)O[H])N([H])[H])[O:24][H],EVODEX-P5878
EVODEX-N1891,[H][O:23][C:21]([C:19]([C:18])=[O:20])=[O:22].[O:24]=[O:25]>>[C:21](=[O:22])=[O:23].[H]N=C(N([H])[H])N([H])C([H])([H])C([H])([H])C([H])([H])[C@@]([H])([C@@]([H])(C(=O)O[H])N([H])[H])[O:24][H].[H][O:25][C:19]([C:18])=[O:20],EVODEX-P5882
EVODEX-N1892,[H]OC(=O)C([H])([H])C([H])([H])C(=O)[C:21](=[O:22])[O:23][H].O=[O:24]>>[C:21](=[O:22])=[O:23].[H]N=C(N([H])[H])N([H])C([H])([H])C([H])([H])C([H])([H])[C@@]([H])([C@@]([H])(C(=O)O[H])N([H])[H])[O:24][H],EVODEX-P5883
EVODEX-N1893,[H]OC(=O)[C:19]([C:18])=[O:20].[O:24]=[O:25]>>[H]N=C(N([H])[H])N([H])C([H])([H])C([H])([H])C([H])([H])[C@@]([H])([C@@]([H])(C(=O)O[H])N([H])[H])[O:24][H].[H][O:25][C:19]([C:18])=[O:20],EVODEX-P5887
EVODEX-N1894,[O:25]=[O:26]>>[H]OC(=O)C(C([H])([H])[H])=[O:26].[H]OC(=O)C([H])([H])C([H])([H])C(=O)[O:25][H],EVODEX-P5888
EVODEX-N1895,[H]C1:C([H]):C(O[C@:2]([H])([C:1])[C:12]):C(Cl):C([H]):C:1Cl.[H]OC(=O)[C:20]([C:19])=[O:21].[O:25]=[O:26]>>[C:1][C:2]([C:12])=[O:26].[H][O:25][C:20]([C:19])=[O:21],EVODEX-P5889
EVODEX-N1896,[H][C@:2]([C:1])([O:3])[C:12].[H][O:24][C:22]([C:20])=[O:23]>>[C:22](=[O:23])=[O:24].O=[C:2]([C:1])[C:12].[H]O[C:20].[H][O:3],"EVODEX-P5890,EVODEX-P5920"
EVODEX-N1897,[H]OC(=O)C([H])([H])C([H])([H])C(=O)[C:22](=[O:23])[O:24][H].O=[O:26]>>[C:22](=[O:23])=[O:24].[H]OC(=O)C(C([H])([H])[H])=[O:26],EVODEX-P5892
EVODEX-N1898,[H]C1:C([H]):C(O[C@:2]([H])([C:1])[C:12]):C(Cl):C([H]):C:1Cl.[H]OC(=O)[C:20]([C:19])=[O:21]>>O=[C:2]([C:1])[C:12].[H]O[C:20]([C:19])=[O:21],EVODEX-P5893
EVODEX-N1899,[H]OC(=O)[C@@]([H])(C([H])([H])[H])[O:3][C:4].[H]OC(=O)[C:20]([C:19])=[O:21]>>[H]O[C:20]([C:19])=[O:21].[H][O:3][C:4],"EVODEX-P5894,EVODEX-P5922"
EVODEX-N1900,[H][C@:2]([C:1])([O:3])[C:12].[H]OC(=O)C([H])([H])C([H])([H])C(=O)[C:22](=[O:23])[O:24][H]>>[C:22](=[O:23])=[O:24].O=[C:2]([C:1])[C:12].[H][O:3],"EVODEX-P5895,EVODEX-P5928"
EVODEX-N1901,[H][C@:2]([C:1])([O:3])[C:12].[H]OC(=O)[C:20]([C:19])=[O:21]>>O=[C:2]([C:1])[C:12].[H]O[C:20]([C:19])=[O:21].[H][O:3],"EVODEX-P5896,EVODEX-P5939"
EVODEX-N1902,[H]C1:C([H]):C(O[C@:2]([H])([C:1])[C:12]):C(Cl):C([H]):C:1Cl.[O:25]=[O:26]>>[C:1][C:2]([C:12])=[O:26].[H]OC(=O)C([H])([H])C([H])([H])C(=O)[O:25][H],EVODEX-P5897
EVODEX-N1903,[H]OC(=O)[C@@]([H])(C([H])([H])[H])[O:3][C:4].[H]OC(=O)[C:20]([C:19])=[O:21].O=[O:25]>>[H][O:25][C:20]([C:19])=[O:21].[H][O:3][C:4],"EVODEX-P5898,EVODEX-P5927"
EVODEX-N1904,[H]C1:C([H]):C(O[C@:2]([H])([C:1])[C:12]):C(Cl):C([H]):C:1Cl.[H][O:24][C:22]([C:20])=[O:23]>>[C:22](=[O:23])=[O:24].O=[C:2]([C:1])[C:12].[H]O[C:20],EVODEX-P5899
EVODEX-N1905,[H]OC(=O)[C@@]([H])(C([H])([H])[H])[O:3][C:4].O=[O:25]>>[H]OC(=O)C([H])([H])C([H])([H])C(=O)[O:25][H].[H][O:3][C:4],"EVODEX-P5900,EVODEX-P5929"
EVODEX-N1906,[H][C@:2]([C:1])([O:3])[C:12].[H]OC(=O)C([H])([H])C([H])([H])C(=O)[C:22](=[O:23])[O:24][H].O=[O:26]>>[C:22](=[O:23])=[O:24].[C:1][C:2]([C:12])=[O:26].[H][O:3],"EVODEX-P5901,EVODEX-P5933"
EVODEX-N1907,[H]C1:C([H]):C(O[C@:2]([H])([C:1])[C:12]):C(Cl):C([H]):C:1Cl>>O=[C:2]([C:1])[C:12],EVODEX-P5902
EVODEX-N1908,[H]OC(=O)[C:20]([C:19])=[O:21].[O:25]=[O:26]>>[H]OC(=O)C(C([H])([H])[H])=[O:26].[H][O:25][C:20]([C:19])=[O:21],EVODEX-P5903
EVODEX-N1909,[H]OC(=O)[C@@]([H])(C([H])([H])[H])[O:3][C:4].[H]OC(=O)C([H])([H])C([H])([H])C(=O)[C:22](=[O:23])[O:24][H]>>[C:22](=[O:23])=[O:24].[H][O:3][C:4],"EVODEX-P5904,EVODEX-P5921"
EVODEX-N1910,[H][C@:2]([C:1])([O:3])[C:12].[H]OC(=O)[C:20]([C:19])=[O:21].[O:25]=[O:26]>>[C:1][C:2]([C:12])=[O:26].[H][O:25][C:20]([C:19])=[O:21].[H][O:3],"EVODEX-P5905,EVODEX-P5942"
EVODEX-N1911,[H][C@:2]([C:1])([O:3])[C:12].[O:25]=[O:26]>>[C:1][C:2]([C:12])=[O:26].[H]OC(=O)C([H])([H])C([H])([H])C(=O)[O:25][H].[H][O:3],"EVODEX-P5906,EVODEX-P5918"
EVODEX-N1912,[H]C1:C([H]):C(O[C@:2]([H])([C:1])[C:12]):C(Cl):C([H]):C:1Cl.[H][O:24][C:22]([C:20]([C:19])=[O:21])=[O:23].[O:25]=[O:26]>>[C:22](=[O:23])=[O:24].[C:1][C:2]([C:12])=[O:26].[H][O:25][C:20]([C:19])=[O:21],EVODEX-P5907
EVODEX-N1913,[H]OC(=O)[C@@]([H])(C([H])([H])[H])[O:3][C:4]>>[H][O:3][C:4],"EVODEX-P5908,EVODEX-P5935"
EVODEX-N1914,O=[O:26]>>[H]OC(=O)C(C([H])([H])[H])=[O:26],EVODEX-P5909
EVODEX-N1915,[H][C@:2]([C:1])([O:3])[C:12]>>O=[C:2]([C:1])[C:12].[H][O:3],"EVODEX-P5910,EVODEX-P5926"
EVODEX-N1916,[H]C1:C([H]):C(O[C@:2]([H])([C:1])[C:12]):C(Cl):C([H]):C:1Cl.[H]OC(=O)C([H])([H])C([H])([H])C(=O)[C:22](=[O:23])[O:24][H].O=[O:26]>>[C:22](=[O:23])=[O:24].[C:1][C:2]([C:12])=[O:26],EVODEX-P5911
EVODEX-N1917,[H]OC(=O)[C@@]([H])(C([H])([H])[H])[O:3][C:4].[H][O:24][C:22]([C:20])=[O:23]>>[C:22](=[O:23])=[O:24].[H]O[C:20].[H][O:3][C:4],"EVODEX-P5912,EVODEX-P5924"
EVODEX-N1918,[H]C1:C([H]):C(O[C@:2]([H])([C:1])[C:12]):C(Cl):C([H]):C:1Cl.[H]OC(=O)C([H])([H])C([H])([H])C(=O)[C:22](=[O:23])[O:24][H]>>[C:22](=[O:23])=[O:24].O=[C:2]([C:1])[C:12],EVODEX-P5913
EVODEX-N1919,[H][O:24][C:22]([C:20]([C:19])=[O:21])=[O:23].[O:25]=[O:26]>>[C:22](=[O:23])=[O:24].[H]OC(=O)C(C([H])([H])[H])=[O:26].[H][O:25][C:20]([C:19])=[O:21],EVODEX-P5914
EVODEX-N1920,[H]C1:C([H]):C(O[C@:2]([H])([C:1])[C:12]):C(Cl):C([H]):C:1Cl.O=[O:26]>>[C:1][C:2]([C:12])=[O:26],EVODEX-P5915
EVODEX-N1921,[H][C@:2]([C:1])([O:3])[C:12].[H][O:24][C:22]([C:20]([C:19])=[O:21])=[O:23].[O:25]=[O:26]>>[C:22](=[O:23])=[O:24].[C:1][C:2]([C:12])=[O:26].[H][O:25][C:20]([C:19])=[O:21].[H][O:3],"EVODEX-P5916,EVODEX-P5941"
EVODEX-N1922,[H]OC(=O)[C@@]([H])(C([H])([H])[H])[O:3][C:4].[H][O:24][C:22]([C:20]([C:19])=[O:21])=[O:23].O=[O:25]>>[C:22](=[O:23])=[O:24].[H][O:25][C:20]([C:19])=[O:21].[H][O:3][C:4],"EVODEX-P5917,EVODEX-P5932"
EVODEX-N1923,[H]C1:C([H]):C(O[C@:10]([H])([C:11])[C:12]):C(C([H])([H])[H]):C([H]):C:1Cl>>O=[C:10]([C:11])[C:12],EVODEX-P5919
EVODEX-N1924,[H]C1:C([H]):C(O[C@:10]([H])([C:11])[C:12]):C(C([H])([H])[H]):C([H]):C:1Cl.[H][O:24][C:22]([C:20])=[O:23]>>O=[C:10]([C:11])[C:12].[C:22](=[O:23])=[O:24].[H]O[C:20],EVODEX-P5923
EVODEX-N1925,[H]C1:C([H]):C(O[C@:10]([H])([C:11])[C:12]):C(C([H])([H])[H]):C([H]):C:1Cl.[H]OC(=O)[C:20]([C:19])=[O:21].[O:25]=[O:26]>>[C:10]([C:11])([C:12])=[O:26].[H][O:25][C:20]([C:19])=[O:21],EVODEX-P5925
EVODEX-N1926,[H]C1:C([H]):C(O[C@:10]([H])([C:11])[C:12]):C(C([H])([H])[H]):C([H]):C:1Cl.[H][O:24][C:22]([C:20]([C:19])=[O:21])=[O:23].[O:25]=[O:26]>>[C:10]([C:11])([C:12])=[O:26].[C:22](=[O:23])=[O:24].[H][O:25][C:20]([C:19])=[O:21],EVODEX-P5930
EVODEX-N1927,[H]C1:C([H]):C(O[C@:10]([H])([C:11])[C:12]):C(C([H])([H])[H]):C([H]):C:1Cl.[H]OC(=O)[C:20]([C:19])=[O:21]>>O=[C:10]([C:11])[C:12].[H]O[C:20]([C:19])=[O:21],EVODEX-P5931
EVODEX-N1928,[H]C1:C([H]):C(O[C@:10]([H])([C:11])[C:12]):C(C([H])([H])[H]):C([H]):C:1Cl.O=[O:26]>>[C:10]([C:11])([C:12])=[O:26],EVODEX-P5934
EVODEX-N1929,[H]C1:C([H]):C(O[C@:10]([H])([C:11])[C:12]):C(C([H])([H])[H]):C([H]):C:1Cl.[O:25]=[O:26]>>[C:10]([C:11])([C:12])=[O:26].[H]OC(=O)C([H])([H])C([H])([H])C(=O)[O:25][H],EVODEX-P5936
EVODEX-N1930,[H]C1:C([H]):C(O[C@:10]([H])([C:11])[C:12]):C(C([H])([H])[H]):C([H]):C:1Cl.[H]OC(=O)C([H])([H])C([H])([H])C(=O)[C:22](=[O:23])[O:24][H].O=[O:26]>>[C:10]([C:11])([C:12])=[O:26].[C:22](=[O:23])=[O:24],EVODEX-P5937
EVODEX-N1931,[H]C1:C([H]):C(O[C@:10]([H])([C:11])[C:12]):C(C([H])([H])[H]):C([H]):C:1Cl.[H]OC(=O)C([H])([H])C([H])([H])C(=O)[C:22](=[O:23])[O:24][H]>>O=[C:10]([C:11])[C:12].[C:22](=[O:23])=[O:24],EVODEX-P5940
EVODEX-N1932,[H][C@:2]([C:1])([C:3])[C:6].[H][O:20][C:18]([C:16]([C:15])=[O:17])=[O:19].[O:21]=[O:22]>>[C:18](=[O:19])=[O:20].[H][O:22][C@@:2]([C:1])([C:3])[C:6].[H][O:21][C:16]([C:15])=[O:17],EVODEX-P5943
EVODEX-N1933,[O:21]=[O:22]>>[H]OC(=O)[C@@]([H])(N([H])[H])[C@](C([H])([H])[H])([C@@]([H])(O[H])C([H])([H])[H])[O:22][H].[H]OC(=O)C([H])([H])C([H])([H])C(=O)[O:21][H],EVODEX-P5944
EVODEX-N1934,[H][C@:2]([C:1])([C:3])[C:6].[H]OC(=O)C([H])([H])C([H])([H])C(=O)[C:18](=[O:19])[O:20][H].O=[O:22]>>[C:18](=[O:19])=[O:20].[H][O:22][C@@:2]([C:1])([C:3])[C:6],EVODEX-P5945
EVODEX-N1935,[H][C@:2]([C:1])([C:3])[C:6].[H]OC(=O)[C:16]([C:15])=[O:17].[O:21]=[O:22]>>[H][O:22][C@@:2]([C:1])([C:3])[C:6].[H][O:21][C:16]([C:15])=[O:17],EVODEX-P5946
EVODEX-N1936,O=[O:22]>>[H]OC(=O)[C@@]([H])(N([H])[H])[C@](C([H])([H])[H])([C@@]([H])(O[H])C([H])([H])[H])[O:22][H],EVODEX-P5947
EVODEX-N1937,[H][C@:2]([C:1])([C:3])[C:6].[O:21]=[O:22]>>[H][O:22][C@@:2]([C:1])([C:3])[C:6].[H]OC(=O)C([H])([H])C([H])([H])C(=O)[O:21][H],EVODEX-P5948
EVODEX-N1938,[H][C@:2]([C:1])([C:3])[C:6].[H][O:20][C:18]([C:16])=[O:19]>>[C:18](=[O:19])=[O:20].[H]O[C@@:2]([C:1])([C:3])[C:6].[H]O[C:16],EVODEX-P5949
EVODEX-N1939,[H][C@:2]([C:1])([C:3])[C:6].[H]OC(=O)C([H])([H])C([H])([H])C(=O)[C:18](=[O:19])[O:20][H]>>[C:18](=[O:19])=[O:20].[H]O[C@@:2]([C:1])([C:3])[C:6],EVODEX-P5950
EVODEX-N1940,[H][O:20][C:18]([C:16]([C:15])=[O:17])=[O:19].[O:21]=[O:22]>>[C:18](=[O:19])=[O:20].[H]OC(=O)[C@@]([H])(N([H])[H])[C@](C([H])([H])[H])([C@@]([H])(O[H])C([H])([H])[H])[O:22][H].[H][O:21][C:16]([C:15])=[O:17],EVODEX-P5951
EVODEX-N1941,[H]OC(=O)C([H])([H])C([H])([H])C(=O)[C:18](=[O:19])[O:20][H].O=[O:22]>>[C:18](=[O:19])=[O:20].[H]OC(=O)[C@@]([H])(N([H])[H])[C@](C([H])([H])[H])([C@@]([H])(O[H])C([H])([H])[H])[O:22][H],EVODEX-P5952
EVODEX-N1942,[H][C@:2]([C:1])([C:3])[C:6].O=[O:22]>>[H][O:22][C@@:2]([C:1])([C:3])[C:6],"EVODEX-P5953,EVODEX-P6979,EVODEX-P7456,EVODEX-P7466,EVODEX-P8190,EVODEX-P8351,EVODEX-P8558,EVODEX-P8568,EVODEX-P9038"
EVODEX-N1943,[H][C@:2]([C:1])([C:3])[C:6]>>[H]O[C@@:2]([C:1])([C:3])[C:6],"EVODEX-P5954,EVODEX-P6974,EVODEX-P7451,EVODEX-P7461,EVODEX-P8185,EVODEX-P8346,EVODEX-P8553,EVODEX-P8563,EVODEX-P9033"
EVODEX-N1944,[H][C@:2]([C:1])([C:3])[C:6].[H]OC(=O)[C:16]([C:15])=[O:17]>>[H]O[C@@:2]([C:1])([C:3])[C:6].[H]O[C:16]([C:15])=[O:17],EVODEX-P5955
EVODEX-N1945,[H]OC(=O)[C:16]([C:15])=[O:17].[O:21]=[O:22]>>[H]OC(=O)[C@@]([H])(N([H])[H])[C@](C([H])([H])[H])([C@@]([H])(O[H])C([H])([H])[H])[O:22][H].[H][O:21][C:16]([C:15])=[O:17],EVODEX-P5956
EVODEX-N1946,[O:20]=[O:21]>>[H]OC(=O)[C@@]([H])(N([H])[H])[C@@]([H])(C([H])([H])[H])[C@]([H])(C([H])([H])[H])[O:20][H].[H]OC(=O)C([H])([H])C([H])([H])C(=O)[O:21][H],EVODEX-P5958
EVODEX-N1947,O=[O:20]>>[H]OC(=O)[C@@]([H])(N([H])[H])[C@@]([H])(C([H])([H])[H])[C@]([H])(C([H])([H])[H])[O:20][H],EVODEX-P5961
EVODEX-N1948,[H][O:19][C:17]([C:15]([C:14])=[O:16])=[O:18].[O:20]=[O:21]>>[C:17](=[O:18])=[O:19].[H]OC(=O)[C@@]([H])(N([H])[H])[C@@]([H])(C([H])([H])[H])[C@]([H])(C([H])([H])[H])[O:20][H].[H][O:21][C:15]([C:14])=[O:16],EVODEX-P5965
EVODEX-N1949,[H]OC(=O)C([H])([H])C([H])([H])C(=O)[C:17](=[O:18])[O:19][H].O=[O:20]>>[C:17](=[O:18])=[O:19].[H]OC(=O)[C@@]([H])(N([H])[H])[C@@]([H])(C([H])([H])[H])[C@]([H])(C([H])([H])[H])[O:20][H],EVODEX-P5966
EVODEX-N1950,[H]OC(=O)[C:15]([C:14])=[O:16].[O:20]=[O:21]>>[H]OC(=O)[C@@]([H])(N([H])[H])[C@@]([H])(C([H])([H])[H])[C@]([H])(C([H])([H])[H])[O:20][H].[H][O:21][C:15]([C:14])=[O:16],EVODEX-P5970
EVODEX-N1951,[H][C:3]([C:2])([P:4])[H:24].[O:18]=[O:19].[H][O:17][C:15]([C:13]([C:12])=[O:14])=[O:16]>>[C:15](=[O:16])=[O:17].[H][O:18][C:3]([C:2])([P:4])[H:24].[H][O:19][C:13]([C:12])=[O:14],"EVODEX-P5971,EVODEX-P6182"
EVODEX-N1952,[H][C:3]([C:2])([P:4])[H:24].O=[O:18].[H]OC(=O)C([H])([H])C([H])([H])C(=O)[C:15](=[O:16])[O:17][H]>>[C:15](=[O:16])=[O:17].[H][O:18][C:3]([C:2])([P:4])[H:24],"EVODEX-P5972,EVODEX-P6184"
EVODEX-N1953,O=[O:18]>>[H]OP(=O)(O[H])C([H])(C([H])([H])N([H])[H])[O:18][H],EVODEX-P5973
EVODEX-N1954,[H][C:3]([C:2])([P:4])[H:24].[H][O:17][C:15]([C:13])=[O:16]>>[C:15](=[O:16])=[O:17].[H]O[C:3]([C:2])([P:4])[H:24].[H]O[C:13],"EVODEX-P5974,EVODEX-P6188"
EVODEX-N1955,[H][C:3]([C:2])([P:4])[H:24].[O:18]=[O:19].[H]OC(=O)[C:13]([C:12])=[O:14]>>[H][O:18][C:3]([C:2])([P:4])[H:24].[H][O:19][C:13]([C:12])=[O:14],"EVODEX-P5975,EVODEX-P6185"
EVODEX-N1956,[H][C:3]([C:2])([P:4])[H:24].[H]OC(=O)C([H])([H])C([H])([H])C(=O)[C:15](=[O:16])[O:17][H]>>[C:15](=[O:16])=[O:17].[H]O[C:3]([C:2])([P:4])[H:24],"EVODEX-P5976,EVODEX-P6189"
EVODEX-N1957,[H][C:3]([C:2])([P:4])[H:24].[H]OC(=O)[C:13]([C:12])=[O:14]>>[H]O[C:3]([C:2])([P:4])[H:24].[H]O[C:13]([C:12])=[O:14],"EVODEX-P5977,EVODEX-P6194"
EVODEX-N1958,[O:18]=[O:19].[H][O:17][C:15]([C:13]([C:12])=[O:14])=[O:16]>>[C:15](=[O:16])=[O:17].[H]OP(=O)(O[H])C([H])(C([H])([H])N([H])[H])[O:18][H].[H][O:19][C:13]([C:12])=[O:14],EVODEX-P5978
EVODEX-N1959,O=[O:18].[H]OC(=O)C([H])([H])C([H])([H])C(=O)[C:15](=[O:16])[O:17][H]>>[C:15](=[O:16])=[O:17].[H]OP(=O)(O[H])C([H])(C([H])([H])N([H])[H])[O:18][H],EVODEX-P5979
EVODEX-N1960,[H][C:3]([C:2])([P:4])[H:24]>>[H]O[C:3]([C:2])([P:4])[H:24],"EVODEX-P5980,EVODEX-P6193"
EVODEX-N1961,[H][C:3]([C:2])([P:4])[H:24].[O:18]=[O:19]>>[H][O:18][C:3]([C:2])([P:4])[H:24].[H]OC(=O)C([H])([H])C([H])([H])C(=O)[O:19][H],"EVODEX-P5981,EVODEX-P6187"
EVODEX-N1962,[O:18]=[O:19].[H]OC(=O)[C:13]([C:12])=[O:14]>>[H]OP(=O)(O[H])C([H])(C([H])([H])N([H])[H])[O:18][H].[H][O:19][C:13]([C:12])=[O:14],EVODEX-P5982
EVODEX-N1963,[O:18]=[O:19]>>[H]OP(=O)(O[H])C([H])(C([H])([H])N([H])[H])[O:18][H].[H]OC(=O)C([H])([H])C([H])([H])C(=O)[O:19][H],EVODEX-P5983
EVODEX-N1964,[H][C:3]([C:2])([P:4])[H:24].O=[O:18]>>[H][O:18][C:3]([C:2])([P:4])[H:24],"EVODEX-P5984,EVODEX-P6192"
EVODEX-N1965,[O:70]=[O:71]>>[H]N=C(N([H])[H])N([H])C([H])([H])C([H])([H])[C@]([H])([C@@]([H])(C(=O)O[H])N([H])C(=O)[C@@]([H])(N([H])C(=O)[C@@]([H])(N([H])C(=O)[C@@]([H])(N([H])C(=O)[C@@]([H])(N([H])C(=O)[C@@]([H])(N([H])C(=O)[C@@]([H])(N([H])C(=O)[C@@]([H])(N([H])[H])C([H])([H])[H])C([H])(C([H])([H])[H])C([H])([H])[H])C([H])([H])O[H])C([H])([H])C([H])([H])C(=O)O[H])C([H])([H])[H])[C@]([H])(O[H])C([H])([H])[H])[C@@]([H])(C([H])([H])[H])C([H])([H])C([H])([H])[H])[O:70][H].[H]OC(=O)C([H])([H])C([H])([H])C(=O)[O:71][H],EVODEX-P5986
EVODEX-N1966,O=[O:70]>>[H]N=C(N([H])[H])N([H])C([H])([H])C([H])([H])[C@]([H])([C@@]([H])(C(=O)O[H])N([H])C(=O)[C@@]([H])(N([H])C(=O)[C@@]([H])(N([H])C(=O)[C@@]([H])(N([H])C(=O)[C@@]([H])(N([H])C(=O)[C@@]([H])(N([H])C(=O)[C@@]([H])(N([H])C(=O)[C@@]([H])(N([H])[H])C([H])([H])[H])C([H])(C([H])([H])[H])C([H])([H])[H])C([H])([H])O[H])C([H])([H])C([H])([H])C(=O)O[H])C([H])([H])[H])[C@]([H])(O[H])C([H])([H])[H])[C@@]([H])(C([H])([H])[H])C([H])([H])C([H])([H])[H])[O:70][H],EVODEX-P5989
EVODEX-N1967,[H][O:69][C:67]([C:65]([C:64])=[O:66])=[O:68].[O:70]=[O:71]>>[C:67](=[O:68])=[O:69].[H]N=C(N([H])[H])N([H])C([H])([H])C([H])([H])[C@]([H])([C@@]([H])(C(=O)O[H])N([H])C(=O)[C@@]([H])(N([H])C(=O)[C@@]([H])(N([H])C(=O)[C@@]([H])(N([H])C(=O)[C@@]([H])(N([H])C(=O)[C@@]([H])(N([H])C(=O)[C@@]([H])(N([H])C(=O)[C@@]([H])(N([H])[H])C([H])([H])[H])C([H])(C([H])([H])[H])C([H])([H])[H])C([H])([H])O[H])C([H])([H])C([H])([H])C(=O)O[H])C([H])([H])[H])[C@]([H])(O[H])C([H])([H])[H])[C@@]([H])(C([H])([H])[H])C([H])([H])C([H])([H])[H])[O:70][H].[H][O:71][C:65]([C:64])=[O:66],EVODEX-P5993
EVODEX-N1968,[H]OC(=O)C([H])([H])C([H])([H])C(=O)[C:67](=[O:68])[O:69][H].O=[O:70]>>[C:67](=[O:68])=[O:69].[H]N=C(N([H])[H])N([H])C([H])([H])C([H])([H])[C@]([H])([C@@]([H])(C(=O)O[H])N([H])C(=O)[C@@]([H])(N([H])C(=O)[C@@]([H])(N([H])C(=O)[C@@]([H])(N([H])C(=O)[C@@]([H])(N([H])C(=O)[C@@]([H])(N([H])C(=O)[C@@]([H])(N([H])C(=O)[C@@]([H])(N([H])[H])C([H])([H])[H])C([H])(C([H])([H])[H])C([H])([H])[H])C([H])([H])O[H])C([H])([H])C([H])([H])C(=O)O[H])C([H])([H])[H])[C@]([H])(O[H])C([H])([H])[H])[C@@]([H])(C([H])([H])[H])C([H])([H])C([H])([H])[H])[O:70][H],EVODEX-P5994
EVODEX-N1969,[H]OC(=O)[C:65]([C:64])=[O:66].[O:70]=[O:71]>>[H]N=C(N([H])[H])N([H])C([H])([H])C([H])([H])[C@]([H])([C@@]([H])(C(=O)O[H])N([H])C(=O)[C@@]([H])(N([H])C(=O)[C@@]([H])(N([H])C(=O)[C@@]([H])(N([H])C(=O)[C@@]([H])(N([H])C(=O)[C@@]([H])(N([H])C(=O)[C@@]([H])(N([H])C(=O)[C@@]([H])(N([H])[H])C([H])([H])[H])C([H])(C([H])([H])[H])C([H])([H])[H])C([H])([H])O[H])C([H])([H])C([H])([H])C(=O)O[H])C([H])([H])[H])[C@]([H])(O[H])C([H])([H])[H])[C@@]([H])(C([H])([H])[H])C([H])([H])C([H])([H])[H])[O:70][H].[H][O:71][C:65]([C:64])=[O:66],EVODEX-P5998
EVODEX-N1970,[O:161]=[O:162]>>[H]N=C(N([H])[H])N([H])C([H])([H])C([H])([H])[C@]([H])([C@@]([H])(C(=O)N([H])[C@]([H])(C(=O)N([H])C([H])([H])C(=O)N([H])[C@]([H])(C(=O)N([H])C([H])([H])C(=O)N([H])[C@]([H])(C(=O)N([H])C([H])([H])C(=O)N([H])[C@]([H])(C(=O)N([H])[C@]([H])(C(=O)N([H])[C@]([H])(C(=O)O[H])C([H])([H])C([H])([H])C(=O)O[H])C([H])(C([H])([H])[H])C([H])([H])[H])C([H])([H])C(=O)N([H])[H])C([H])([H])C([H])([H])C([H])([H])C([H])([H])N([H])[H])C([H])([H])C([H])([H])C([H])([H])C([H])([H])N([H])[H])C([H])([H])C([H])([H])SC([H])([H])[H])N([H])C(=O)[C@@]([H])(N([H])C(=O)[C@@]([H])(N([H])C(=O)[C@@]([H])(N([H])C(=O)[C@@]1([H])N(C(=O)[C@@]([H])(N([H])C(=O)[C@@]([H])(N([H])C(=O)[C@@]([H])(N([H])C(=O)[C@@]([H])(N([H])C(=O)[C@@]2([H])N(C(=O)[C@@]([H])(N([H])[H])C([H])([H])C([H])([H])C([H])([H])C([H])([H])N([H])[H])C([H])([H])C([H])([H])C2([H])[H])[C@@]([H])(C([H])([H])[H])C([H])([H])C([H])([H])[H])[C@]([H])(O[H])C([H])([H])[H])C([H])([H])C([H])([H])C(=O)O[H])C([H])([H])C([H])([H])C([H])([H])C([H])([H])N([H])[H])C([H])([H])C([H])([H])C1([H])[H])C([H])([H])C([H])(C([H])([H])[H])C([H])([H])[H])C([H])([H])[H])C([H])(C([H])([H])[H])C([H])([H])[H])[O:161][H].[H]OC(=O)C([H])([H])C([H])([H])C(=O)[O:162][H],EVODEX-P6000
EVODEX-N1971,O=[O:161]>>[H]N=C(N([H])[H])N([H])C([H])([H])C([H])([H])[C@]([H])([C@@]([H])(C(=O)N([H])[C@]([H])(C(=O)N([H])C([H])([H])C(=O)N([H])[C@]([H])(C(=O)N([H])C([H])([H])C(=O)N([H])[C@]([H])(C(=O)N([H])C([H])([H])C(=O)N([H])[C@]([H])(C(=O)N([H])[C@]([H])(C(=O)N([H])[C@]([H])(C(=O)O[H])C([H])([H])C([H])([H])C(=O)O[H])C([H])(C([H])([H])[H])C([H])([H])[H])C([H])([H])C(=O)N([H])[H])C([H])([H])C([H])([H])C([H])([H])C([H])([H])N([H])[H])C([H])([H])C([H])([H])C([H])([H])C([H])([H])N([H])[H])C([H])([H])C([H])([H])SC([H])([H])[H])N([H])C(=O)[C@@]([H])(N([H])C(=O)[C@@]([H])(N([H])C(=O)[C@@]([H])(N([H])C(=O)[C@@]1([H])N(C(=O)[C@@]([H])(N([H])C(=O)[C@@]([H])(N([H])C(=O)[C@@]([H])(N([H])C(=O)[C@@]([H])(N([H])C(=O)[C@@]2([H])N(C(=O)[C@@]([H])(N([H])[H])C([H])([H])C([H])([H])C([H])([H])C([H])([H])N([H])[H])C([H])([H])C([H])([H])C2([H])[H])[C@@]([H])(C([H])([H])[H])C([H])([H])C([H])([H])[H])[C@]([H])(O[H])C([H])([H])[H])C([H])([H])C([H])([H])C(=O)O[H])C([H])([H])C([H])([H])C([H])([H])C([H])([H])N([H])[H])C([H])([H])C([H])([H])C1([H])[H])C([H])([H])C([H])(C([H])([H])[H])C([H])([H])[H])C([H])([H])[H])C([H])(C([H])([H])[H])C([H])([H])[H])[O:161][H],EVODEX-P6003
EVODEX-N1972,[H][O:160][C:158]([C:156]([C:155])=[O:157])=[O:159].[O:161]=[O:162]>>[C:158](=[O:159])=[O:160].[H]N=C(N([H])[H])N([H])C([H])([H])C([H])([H])[C@]([H])([C@@]([H])(C(=O)N([H])[C@]([H])(C(=O)N([H])C([H])([H])C(=O)N([H])[C@]([H])(C(=O)N([H])C([H])([H])C(=O)N([H])[C@]([H])(C(=O)N([H])C([H])([H])C(=O)N([H])[C@]([H])(C(=O)N([H])[C@]([H])(C(=O)N([H])[C@]([H])(C(=O)O[H])C([H])([H])C([H])([H])C(=O)O[H])C([H])(C([H])([H])[H])C([H])([H])[H])C([H])([H])C(=O)N([H])[H])C([H])([H])C([H])([H])C([H])([H])C([H])([H])N([H])[H])C([H])([H])C([H])([H])C([H])([H])C([H])([H])N([H])[H])C([H])([H])C([H])([H])SC([H])([H])[H])N([H])C(=O)[C@@]([H])(N([H])C(=O)[C@@]([H])(N([H])C(=O)[C@@]([H])(N([H])C(=O)[C@@]1([H])N(C(=O)[C@@]([H])(N([H])C(=O)[C@@]([H])(N([H])C(=O)[C@@]([H])(N([H])C(=O)[C@@]([H])(N([H])C(=O)[C@@]2([H])N(C(=O)[C@@]([H])(N([H])[H])C([H])([H])C([H])([H])C([H])([H])C([H])([H])N([H])[H])C([H])([H])C([H])([H])C2([H])[H])[C@@]([H])(C([H])([H])[H])C([H])([H])C([H])([H])[H])[C@]([H])(O[H])C([H])([H])[H])C([H])([H])C([H])([H])C(=O)O[H])C([H])([H])C([H])([H])C([H])([H])C([H])([H])N([H])[H])C([H])([H])C([H])([H])C1([H])[H])C([H])([H])C([H])(C([H])([H])[H])C([H])([H])[H])C([H])([H])[H])C([H])(C([H])([H])[H])C([H])([H])[H])[O:161][H].[H][O:162][C:156]([C:155])=[O:157],EVODEX-P6007
EVODEX-N1973,[H]OC(=O)C([H])([H])C([H])([H])C(=O)[C:158](=[O:159])[O:160][H].O=[O:161]>>[C:158](=[O:159])=[O:160].[H]N=C(N([H])[H])N([H])C([H])([H])C([H])([H])[C@]([H])([C@@]([H])(C(=O)N([H])[C@]([H])(C(=O)N([H])C([H])([H])C(=O)N([H])[C@]([H])(C(=O)N([H])C([H])([H])C(=O)N([H])[C@]([H])(C(=O)N([H])C([H])([H])C(=O)N([H])[C@]([H])(C(=O)N([H])[C@]([H])(C(=O)N([H])[C@]([H])(C(=O)O[H])C([H])([H])C([H])([H])C(=O)O[H])C([H])(C([H])([H])[H])C([H])([H])[H])C([H])([H])C(=O)N([H])[H])C([H])([H])C([H])([H])C([H])([H])C([H])([H])N([H])[H])C([H])([H])C([H])([H])C([H])([H])C([H])([H])N([H])[H])C([H])([H])C([H])([H])SC([H])([H])[H])N([H])C(=O)[C@@]([H])(N([H])C(=O)[C@@]([H])(N([H])C(=O)[C@@]([H])(N([H])C(=O)[C@@]1([H])N(C(=O)[C@@]([H])(N([H])C(=O)[C@@]([H])(N([H])C(=O)[C@@]([H])(N([H])C(=O)[C@@]([H])(N([H])C(=O)[C@@]2([H])N(C(=O)[C@@]([H])(N([H])[H])C([H])([H])C([H])([H])C([H])([H])C([H])([H])N([H])[H])C([H])([H])C([H])([H])C2([H])[H])[C@@]([H])(C([H])([H])[H])C([H])([H])C([H])([H])[H])[C@]([H])(O[H])C([H])([H])[H])C([H])([H])C([H])([H])C(=O)O[H])C([H])([H])C([H])([H])C([H])([H])C([H])([H])N([H])[H])C([H])([H])C([H])([H])C1([H])[H])C([H])([H])C([H])(C([H])([H])[H])C([H])([H])[H])C([H])([H])[H])C([H])(C([H])([H])[H])C([H])([H])[H])[O:161][H],EVODEX-P6008
EVODEX-N1974,[H]OC(=O)[C:156]([C:155])=[O:157].[O:161]=[O:162]>>[H]N=C(N([H])[H])N([H])C([H])([H])C([H])([H])[C@]([H])([C@@]([H])(C(=O)N([H])[C@]([H])(C(=O)N([H])C([H])([H])C(=O)N([H])[C@]([H])(C(=O)N([H])C([H])([H])C(=O)N([H])[C@]([H])(C(=O)N([H])C([H])([H])C(=O)N([H])[C@]([H])(C(=O)N([H])[C@]([H])(C(=O)N([H])[C@]([H])(C(=O)O[H])C([H])([H])C([H])([H])C(=O)O[H])C([H])(C([H])([H])[H])C([H])([H])[H])C([H])([H])C(=O)N([H])[H])C([H])([H])C([H])([H])C([H])([H])C([H])([H])N([H])[H])C([H])([H])C([H])([H])C([H])([H])C([H])([H])N([H])[H])C([H])([H])C([H])([H])SC([H])([H])[H])N([H])C(=O)[C@@]([H])(N([H])C(=O)[C@@]([H])(N([H])C(=O)[C@@]([H])(N([H])C(=O)[C@@]1([H])N(C(=O)[C@@]([H])(N([H])C(=O)[C@@]([H])(N([H])C(=O)[C@@]([H])(N([H])C(=O)[C@@]([H])(N([H])C(=O)[C@@]2([H])N(C(=O)[C@@]([H])(N([H])[H])C([H])([H])C([H])([H])C([H])([H])C([H])([H])N([H])[H])C([H])([H])C([H])([H])C2([H])[H])[C@@]([H])(C([H])([H])[H])C([H])([H])C([H])([H])[H])[C@]([H])(O[H])C([H])([H])[H])C([H])([H])C([H])([H])C(=O)O[H])C([H])([H])C([H])([H])C([H])([H])C([H])([H])N([H])[H])C([H])([H])C([H])([H])C1([H])[H])C([H])([H])C([H])(C([H])([H])[H])C([H])([H])[H])C([H])([H])[H])C([H])(C([H])([H])[H])C([H])([H])[H])[O:161][H].[H][O:162][C:156]([C:155])=[O:157],EVODEX-P6012
EVODEX-N1975,[H]OP(=O)(O[H])O[C:21]([H])([C:20])[H:38]>>O=[C:21]([C:20])[H:38],"EVODEX-P6013,EVODEX-P6210"
EVODEX-N1976,[O:11]=[O:12].[H]OP(=O)(O[H])O[C:21]([H])([C:20])[H:38].[H]OC(=O)[C:6]([C:5])=[O:7]>>[O:12]=[C:21]([C:20])[H:38].[H][O:11][C:6]([C:5])=[O:7],"EVODEX-P6014,EVODEX-P6197"
EVODEX-N1977,O=[O:12].[H]OC(=O)C([H])([H])C([H])([H])C(=O)[C:8](=[O:9])[O:10][H]>>[C:8](=[O:9])=[O:10].[H]O[C@@]1([H])[C@@]([H])(O[H])[C@]([H])(N2:C([H]):C([H]):C(=O):N([H]):C:2=O)O[C@]1([H])C([H])=[O:12],EVODEX-P6015
EVODEX-N1978,[H]OP(=O)(O[H])O[C:21]([H])([C:20])[H:38].[H]OC(=O)C([H])([H])C([H])([H])C(=O)[C:8](=[O:9])[O:10][H]>>[C:8](=[O:9])=[O:10].O=[C:21]([C:20])[H:38],"EVODEX-P6016,EVODEX-P6221"
EVODEX-N1979,[O:11]=[O:12].[H]OP(=O)(O[H])O[C:21]([H])([C:20])[H:38]>>[O:12]=[C:21]([C:20])[H:38].[H]OC(=O)C([H])([H])C([H])([H])C(=O)[O:11][H],"EVODEX-P6017,EVODEX-P6205"
EVODEX-N1980,[H]O[C@@]1([H])[C@@]([H])(O[H])[C@]([H])(N2:C([H]):C([H]):C(=O):N([H]):C:2=O)O[C@]1([H])C([H])([H])[O:22][P:23]>>[H][O:22][P:23],"EVODEX-P6018,EVODEX-P31470"
EVODEX-N1981,O=[O:11].[H]O[C@@]1([H])[C@@]([H])(O[H])[C@]([H])(N2:C([H]):C([H]):C(=O):N([H]):C:2=O)O[C@]1([H])C([H])([H])[O:22][P:23]>>[H]OC(=O)C([H])([H])C([H])([H])C(=O)[O:11][H].[H][O:22][P:23],EVODEX-P6019
EVODEX-N1982,[H][C:21]([C:20])([O:22])[H:38]>>O=[C:21]([C:20])[H:38].[H][O:22],"EVODEX-P6020,EVODEX-P6218,EVODEX-P6304,EVODEX-P6334"
EVODEX-N1983,[O:11]=[O:12].[H][C:21]([C:20])([O:22])[H:38]>>[O:12]=[C:21]([C:20])[H:38].[H]OC(=O)C([H])([H])C([H])([H])C(=O)[O:11][H].[H][O:22],"EVODEX-P6021,EVODEX-P6214,EVODEX-P6300,EVODEX-P6330"
EVODEX-N1984,[O:11]=[O:12].[H]OC(=O)[C:6]([C:5])=[O:7]>>[H]O[C@@]1([H])[C@@]([H])(O[H])[C@]([H])(N2:C([H]):C([H]):C(=O):N([H]):C:2=O)O[C@]1([H])C([H])=[O:12].[H][O:11][C:6]([C:5])=[O:7],EVODEX-P6022
EVODEX-N1985,[H][C:21]([C:20])([O:22])[H:38].[H][O:10][C:8]([C:6])=[O:9]>>[C:8](=[O:9])=[O:10].O=[C:21]([C:20])[H:38].[H]O[C:6].[H][O:22],"EVODEX-P6023,EVODEX-P6198,EVODEX-P6284,EVODEX-P6314"
EVODEX-N1986,O=[O:11].[H]O[C@@]1([H])[C@@]([H])(O[H])[C@]([H])(N2:C([H]):C([H]):C(=O):N([H]):C:2=O)O[C@]1([H])C([H])([H])[O:22][P:23].[H]OC(=O)[C:6]([C:5])=[O:7]>>[H][O:11][C:6]([C:5])=[O:7].[H][O:22][P:23],EVODEX-P6024
EVODEX-N1987,[H]O[C@@]1([H])[C@@]([H])(O[H])[C@]([H])(N2:C([H]):C([H]):C(=O):N([H]):C:2=O)O[C@]1([H])C([H])([H])[O:22][P:23].[H][O:10][C:8]([C:6])=[O:9]>>[C:8](=[O:9])=[O:10].[H]O[C:6].[H][O:22][P:23],EVODEX-P6025
EVODEX-N1988,O=[O:12].[H][C:21]([C:20])([O:22])[H:38].[H]OC(=O)C([H])([H])C([H])([H])C(=O)[C:8](=[O:9])[O:10][H]>>[C:8](=[O:9])=[O:10].[O:12]=[C:21]([C:20])[H:38].[H][O:22],"EVODEX-P6026,EVODEX-P6209,EVODEX-P6295,EVODEX-P6325"
EVODEX-N1989,O=[O:12]>>[H]O[C@@]1([H])[C@@]([H])(O[H])[C@]([H])(N2:C([H]):C([H]):C(=O):N([H]):C:2=O)O[C@]1([H])C([H])=[O:12],EVODEX-P6027
EVODEX-N1990,[H]OP(=O)(O[H])O[C:21]([H])([C:20])[H:38].[H]OC(=O)[C:6]([C:5])=[O:7]>>O=[C:21]([C:20])[H:38].[H]O[C:6]([C:5])=[O:7],"EVODEX-P6028,EVODEX-P6201"
EVODEX-N1991,[O:11]=[O:12].[H][C:21]([C:20])([O:22])[H:38].[H]OC(=O)[C:6]([C:5])=[O:7]>>[O:12]=[C:21]([C:20])[H:38].[H][O:11][C:6]([C:5])=[O:7].[H][O:22],"EVODEX-P6029,EVODEX-P6213,EVODEX-P6299,EVODEX-P6329"
EVODEX-N1992,[O:11]=[O:12].[H]OP(=O)(O[H])O[C:21]([H])([C:20])[H:38].[H][O:10][C:8]([C:6]([C:5])=[O:7])=[O:9]>>[C:8](=[O:9])=[O:10].[O:12]=[C:21]([C:20])[H:38].[H][O:11][C:6]([C:5])=[O:7],"EVODEX-P6030,EVODEX-P6215"
EVODEX-N1993,[O:11]=[O:12].[H][O:10][C:8]([C:6]([C:5])=[O:7])=[O:9]>>[C:8](=[O:9])=[O:10].[H]O[C@@]1([H])[C@@]([H])(O[H])[C@]([H])(N2:C([H]):C([H]):C(=O):N([H]):C:2=O)O[C@]1([H])C([H])=[O:12].[H][O:11][C:6]([C:5])=[O:7],EVODEX-P6031
EVODEX-N1994,[O:11]=[O:12]>>[H]O[C@@]1([H])[C@@]([H])(O[H])[C@]([H])(N2:C([H]):C([H]):C(=O):N([H]):C:2=O)O[C@]1([H])C([H])=[O:12].[H]OC(=O)C([H])([H])C([H])([H])C(=O)[O:11][H],EVODEX-P6032
EVODEX-N1995,[H]O[C@@]1([H])[C@@]([H])(O[H])[C@]([H])(N2:C([H]):C([H]):C(=O):N([H]):C:2=O)O[C@]1([H])C([H])([H])[O:22][P:23].[H]OC(=O)C([H])([H])C([H])([H])C(=O)[C:8](=[O:9])[O:10][H]>>[C:8](=[O:9])=[O:10].[H][O:22][P:23],EVODEX-P6033
EVODEX-N1996,O=[O:12].[H]OP(=O)(O[H])O[C:21]([H])([C:20])[H:38]>>[O:12]=[C:21]([C:20])[H:38],"EVODEX-P6034,EVODEX-P6223"
EVODEX-N1997,[H]O[C@@]1([H])[C@@]([H])(O[H])[C@]([H])(N2:C([H]):C([H]):C(=O):N([H]):C:2=O)O[C@]1([H])C([H])([H])[O:22][P:23].[H]OC(=O)[C:6]([C:5])=[O:7]>>[H]O[C:6]([C:5])=[O:7].[H][O:22][P:23],EVODEX-P6035
EVODEX-N1998,O=[O:12].[H]OP(=O)(O[H])O[C:21]([H])([C:20])[H:38].[H]OC(=O)C([H])([H])C([H])([H])C(=O)[C:8](=[O:9])[O:10][H]>>[C:8](=[O:9])=[O:10].[O:12]=[C:21]([C:20])[H:38],"EVODEX-P6036,EVODEX-P6219"
EVODEX-N1999,[H][C:21]([C:20])([O:22])[H:38].[H]OC(=O)C([H])([H])C([H])([H])C(=O)[C:8](=[O:9])[O:10][H]>>[C:8](=[O:9])=[O:10].O=[C:21]([C:20])[H:38].[H][O:22],"EVODEX-P6037,EVODEX-P6203,EVODEX-P6289,EVODEX-P6319"
EVODEX-N2000,[H][C:21]([C:20])([O:22])[H:38].[H]OC(=O)[C:6]([C:5])=[O:7]>>O=[C:21]([C:20])[H:38].[H]O[C:6]([C:5])=[O:7].[H][O:22],"EVODEX-P6038,EVODEX-P6204,EVODEX-P6290,EVODEX-P6320"
EVODEX-N2001,[H]OP(=O)(O[H])O[C:21]([H])([C:20])[H:38].[H][O:10][C:8]([C:6])=[O:9]>>[C:8](=[O:9])=[O:10].O=[C:21]([C:20])[H:38].[H]O[C:6],"EVODEX-P6039,EVODEX-P6207"
EVODEX-N2002,[O:11]=[O:12].[H][C:21]([C:20])([O:22])[H:38].[H][O:10][C:8]([C:6]([C:5])=[O:7])=[O:9]>>[C:8](=[O:9])=[O:10].[O:12]=[C:21]([C:20])[H:38].[H][O:11][C:6]([C:5])=[O:7].[H][O:22],"EVODEX-P6041,EVODEX-P6224,EVODEX-P6310,EVODEX-P6340"
EVODEX-N2003,O=[O:11].[H]O[C@@]1([H])[C@@]([H])(O[H])[C@]([H])(N2:C([H]):C([H]):C(=O):N([H]):C:2=O)O[C@]1([H])C([H])([H])[O:22][P:23].[H][O:10][C:8]([C:6]([C:5])=[O:7])=[O:9]>>[C:8](=[O:9])=[O:10].[H][O:11][C:6]([C:5])=[O:7].[H][O:22][P:23],EVODEX-P6042
EVODEX-N2004,O=[O:11]>>[H]OC([H])([H])C1=C([H])[C@]([H])(N([H])[C@]2([H])[C@]([H])(O[H])[C@@]([H])(O[H])[C@]([H])(O[C@]3([H])O[C@]([H])(C([H])([H])O[H])[C@@]([H])(O[H])[C@]([H])(O[H])[C@@]3([H])O[H])[C@@]([H])(C([H])([H])O[H])[C@@]2([H])[O:11][H])[C@]([H])(O[H])[C@@]([H])(O[H])[C@]1([H])O[H],EVODEX-P6047
EVODEX-N2005,[O:11]=[O:12]>>[H]OC(=O)C([H])([H])C([H])([H])C(=O)[O:12][H].[H]OC([H])([H])C1=C([H])[C@]([H])(N([H])[C@]2([H])[C@]([H])(O[H])[C@@]([H])(O[H])[C@]([H])(O[C@]3([H])O[C@]([H])(C([H])([H])O[H])[C@@]([H])(O[H])[C@]([H])(O[H])[C@@]3([H])O[H])[C@@]([H])(C([H])([H])O[H])[C@@]2([H])[O:11][H])[C@]([H])(O[H])[C@@]([H])(O[H])[C@]1([H])O[H],EVODEX-P6048
EVODEX-N2006,[O:11]=[O:12].[H][O:10][C:8]([C:6]([C:5])=[O:7])=[O:9]>>[C:8](=[O:9])=[O:10].[H][O:12][C:6]([C:5])=[O:7].[H]OC([H])([H])C1=C([H])[C@]([H])(N([H])[C@]2([H])[C@]([H])(O[H])[C@@]([H])(O[H])[C@]([H])(O[C@]3([H])O[C@]([H])(C([H])([H])O[H])[C@@]([H])(O[H])[C@]([H])(O[H])[C@@]3([H])O[H])[C@@]([H])(C([H])([H])O[H])[C@@]2([H])[O:11][H])[C@]([H])(O[H])[C@@]([H])(O[H])[C@]1([H])O[H],EVODEX-P6050
EVODEX-N2007,O=[O:11].[H]OC(=O)C([H])([H])C([H])([H])C(=O)[C:8](=[O:9])[O:10][H]>>[C:8](=[O:9])=[O:10].[H]OC([H])([H])C1=C([H])[C@]([H])(N([H])[C@]2([H])[C@]([H])(O[H])[C@@]([H])(O[H])[C@]([H])(O[C@]3([H])O[C@]([H])(C([H])([H])O[H])[C@@]([H])(O[H])[C@]([H])(O[H])[C@@]3([H])O[H])[C@@]([H])(C([H])([H])O[H])[C@@]2([H])[O:11][H])[C@]([H])(O[H])[C@@]([H])(O[H])[C@]1([H])O[H],EVODEX-P6052
EVODEX-N2008,[O:11]=[O:12].[H]OC(=O)[C:6]([C:5])=[O:7]>>[H][O:12][C:6]([C:5])=[O:7].[H]OC([H])([H])C1=C([H])[C@]([H])(N([H])[C@]2([H])[C@]([H])(O[H])[C@@]([H])(O[H])[C@]([H])(O[C@]3([H])O[C@]([H])(C([H])([H])O[H])[C@@]([H])(O[H])[C@]([H])(O[H])[C@@]3([H])O[H])[C@@]([H])(C([H])([H])O[H])[C@@]2([H])[O:11][H])[C@]([H])(O[H])[C@@]([H])(O[H])[C@]1([H])O[H],EVODEX-P6053
EVODEX-N2009,[O:21]=[O:22]>>[H]OC(=O)[C@@]1([H])N=C(C([H])([H])[H])N([H])C([H])([H])[C@]1([H])[O:21][H].[H]OC(=O)C([H])([H])C([H])([H])C(=O)[O:22][H],EVODEX-P6058
EVODEX-N2010,O=[O:21]>>[H]OC(=O)[C@@]1([H])N=C(C([H])([H])[H])N([H])C([H])([H])[C@]1([H])[O:21][H],EVODEX-P6061
EVODEX-N2011,[H][O:20][C:18]([C:16]([C:15])=[O:17])=[O:19].[O:21]=[O:22]>>[C:18](=[O:19])=[O:20].[H]OC(=O)[C@@]1([H])N=C(C([H])([H])[H])N([H])C([H])([H])[C@]1([H])[O:21][H].[H][O:22][C:16]([C:15])=[O:17],EVODEX-P6065
EVODEX-N2012,[H]OC(=O)C([H])([H])C([H])([H])C(=O)[C:18](=[O:19])[O:20][H].O=[O:21]>>[C:18](=[O:19])=[O:20].[H]OC(=O)[C@@]1([H])N=C(C([H])([H])[H])N([H])C([H])([H])[C@]1([H])[O:21][H],EVODEX-P6066
EVODEX-N2013,[H]OC(=O)[C:16]([C:15])=[O:17].[O:21]=[O:22]>>[H]OC(=O)[C@@]1([H])N=C(C([H])([H])[H])N([H])C([H])([H])[C@]1([H])[O:21][H].[H][O:22][C:16]([C:15])=[O:17],EVODEX-P6070
EVODEX-N2014,O=[O:19]>>[H]OC(=O)[C@@]1([H])N([H])C([H])([H])[C@@]([H])([O:19][H])C1([H])[H],EVODEX-P6073
EVODEX-N2015,[O:19]=[O:20].[H][O:10][C:8]([C:6]([C:5])=[O:7])=[O:9]>>[C:8](=[O:9])=[O:10].[H]OC(=O)[C@@]1([H])N([H])C([H])([H])[C@@]([H])([O:19][H])C1([H])[H].[H][O:20][C:6]([C:5])=[O:7],EVODEX-P6078
EVODEX-N2016,O=[O:19].[H]OC(=O)C([H])([H])C([H])([H])C(=O)[C:8](=[O:9])[O:10][H]>>[C:8](=[O:9])=[O:10].[H]OC(=O)[C@@]1([H])N([H])C([H])([H])[C@@]([H])([O:19][H])C1([H])[H],EVODEX-P6079
EVODEX-N2017,[O:19]=[O:20].[H]OC(=O)[C:6]([C:5])=[O:7]>>[H]OC(=O)[C@@]1([H])N([H])C([H])([H])[C@@]([H])([O:19][H])C1([H])[H].[H][O:20][C:6]([C:5])=[O:7],EVODEX-P6082
EVODEX-N2018,[O:19]=[O:20]>>[H]OC(=O)[C@@]1([H])N([H])C([H])([H])[C@@]([H])([O:19][H])C1([H])[H].[H]OC(=O)C([H])([H])C([H])([H])C(=O)[O:20][H],EVODEX-P6083
EVODEX-N2019,[O:20]=[O:21]>>[H]OC(=O)[C@@]1([H])N([H])C([H])([H])C([H])([O:20][H])C([H])([H])C1([H])[H].[H]OC(=O)C([H])([H])C([H])([H])C(=O)[O:21][H],EVODEX-P6086
EVODEX-N2020,O=[O:20]>>[H]OC(=O)[C@@]1([H])N([H])C([H])([H])C([H])([O:20][H])C([H])([H])C1([H])[H],EVODEX-P6089
EVODEX-N2021,[H][O:10][C:8]([C:6]([C:5])=[O:7])=[O:9].[O:20]=[O:21]>>[C:8](=[O:9])=[O:10].[H]OC(=O)[C@@]1([H])N([H])C([H])([H])C([H])([O:20][H])C([H])([H])C1([H])[H].[H][O:21][C:6]([C:5])=[O:7],EVODEX-P6093
EVODEX-N2022,[H]OC(=O)C([H])([H])C([H])([H])C(=O)[C:8](=[O:9])[O:10][H].O=[O:20]>>[C:8](=[O:9])=[O:10].[H]OC(=O)[C@@]1([H])N([H])C([H])([H])C([H])([O:20][H])C([H])([H])C1([H])[H],EVODEX-P6094
EVODEX-N2023,[H]OC(=O)[C:6]([C:5])=[O:7].[O:20]=[O:21]>>[H]OC(=O)[C@@]1([H])N([H])C([H])([H])C([H])([O:20][H])C([H])([H])C1([H])[H].[H][O:21][C:6]([C:5])=[O:7],EVODEX-P6098
EVODEX-N2024,[H][C:12](:[C:11]):[C:13].[H][O:24][C:22]([C:20]([C:19])=[O:21])=[O:23].[O:25]=[O:26]>>[C:22](=[O:23])=[O:24].[H][O:25][C:12](:[C:11]):[C:13].[H][O:26][C:20]([C:19])=[O:21],"EVODEX-P6099,EVODEX-P6113,EVODEX-P6127"
EVODEX-N2025,[O:25]=[O:26]>>[H]OC1:C(OC([H])([H])[H]):C([H]):C2:C([H]):C([H]):C(=O):O:C:2:C:1[O:25][H].[H]OC(=O)C([H])([H])C([H])([H])C(=O)[O:26][H],EVODEX-P6100
EVODEX-N2026,[H][C:12](:[C:11]):[C:13].[H]OC(=O)C([H])([H])C([H])([H])C(=O)[C:22](=[O:23])[O:24][H].O=[O:25]>>[C:22](=[O:23])=[O:24].[H][O:25][C:12](:[C:11]):[C:13],"EVODEX-P6101,EVODEX-P6115,EVODEX-P6129"
EVODEX-N2027,[H][C:12](:[C:11]):[C:13].[H]OC(=O)[C:20]([C:19])=[O:21].[O:25]=[O:26]>>[H][O:25][C:12](:[C:11]):[C:13].[H][O:26][C:20]([C:19])=[O:21],"EVODEX-P6102,EVODEX-P6116,EVODEX-P6130"
EVODEX-N2028,O=[O:25]>>[H]OC1:C(OC([H])([H])[H]):C([H]):C2:C([H]):C([H]):C(=O):O:C:2:C:1[O:25][H],EVODEX-P6103
EVODEX-N2029,[H][C:12](:[C:11]):[C:13].[O:25]=[O:26]>>[H][O:25][C:12](:[C:11]):[C:13].[H]OC(=O)C([H])([H])C([H])([H])C(=O)[O:26][H],"EVODEX-P6104,EVODEX-P6118,EVODEX-P6132"
EVODEX-N2030,[H][C:12](:[C:11]):[C:13].[H][O:24][C:22]([C:20])=[O:23]>>[C:22](=[O:23])=[O:24].[H]O[C:12](:[C:11]):[C:13].[H]O[C:20],"EVODEX-P6105,EVODEX-P6119,EVODEX-P6133"
EVODEX-N2031,[H][C:12](:[C:11]):[C:13].[H]OC(=O)C([H])([H])C([H])([H])C(=O)[C:22](=[O:23])[O:24][H]>>[C:22](=[O:23])=[O:24].[H]O[C:12](:[C:11]):[C:13],"EVODEX-P6106,EVODEX-P6120,EVODEX-P6134"
EVODEX-N2032,[H][O:24][C:22]([C:20]([C:19])=[O:21])=[O:23].[O:25]=[O:26]>>[C:22](=[O:23])=[O:24].[H]OC1:C(OC([H])([H])[H]):C([H]):C2:C([H]):C([H]):C(=O):O:C:2:C:1[O:25][H].[H][O:26][C:20]([C:19])=[O:21],EVODEX-P6107
EVODEX-N2033,[H]OC(=O)C([H])([H])C([H])([H])C(=O)[C:22](=[O:23])[O:24][H].O=[O:25]>>[C:22](=[O:23])=[O:24].[H]OC1:C(OC([H])([H])[H]):C([H]):C2:C([H]):C([H]):C(=O):O:C:2:C:1[O:25][H],EVODEX-P6108
EVODEX-N2034,[H][C:12](:[C:11]):[C:13].[H]OC(=O)[C:20]([C:19])=[O:21]>>[H]O[C:12](:[C:11]):[C:13].[H]O[C:20]([C:19])=[O:21],"EVODEX-P6111,EVODEX-P6125,EVODEX-P6139"
EVODEX-N2035,[H]OC(=O)[C:20]([C:19])=[O:21].[O:25]=[O:26]>>[H]OC1:C(OC([H])([H])[H]):C([H]):C2:C([H]):C([H]):C(=O):O:C:2:C:1[O:25][H].[H][O:26][C:20]([C:19])=[O:21],EVODEX-P6112
EVODEX-N2036,[O:72]=[O:73]>>[H]OC1:C([H]):C([O:72][H]):C(/C([H])=C(\[H])C(=O)SC([H])([H])C([H])([H])N([H])C(=O)C([H])([H])C([H])([H])N([H])C(=O)[C@]([H])(O[H])C(C([H])([H])[H])(C([H])([H])[H])C([H])([H])OP(=O)(O[H])OP(=O)(O[H])OC([H])([H])[C@@]2([H])O[C@@]([H])(N3:C([H]):N:C4:C(N([H])[H]):N:C([H]):N:C:4:3)[C@]([H])(O[H])[C@]2([H])OP(=O)(O[H])O[H]):C([H]):C:1OC([H])([H])[H].[H]OC(=O)C([H])([H])C([H])([H])C(=O)[O:73][H],EVODEX-P6114
EVODEX-N2037,O=[O:72]>>[H]OC1:C([H]):C([O:72][H]):C(/C([H])=C(\[H])C(=O)SC([H])([H])C([H])([H])N([H])C(=O)C([H])([H])C([H])([H])N([H])C(=O)[C@]([H])(O[H])C(C([H])([H])[H])(C([H])([H])[H])C([H])([H])OP(=O)(O[H])OP(=O)(O[H])OC([H])([H])[C@@]2([H])O[C@@]([H])(N3:C([H]):N:C4:C(N([H])[H]):N:C([H]):N:C:4:3)[C@]([H])(O[H])[C@]2([H])OP(=O)(O[H])O[H]):C([H]):C:1OC([H])([H])[H],EVODEX-P6117
EVODEX-N2038,[H][O:71][C:69]([C:67]([C:66])=[O:68])=[O:70].[O:72]=[O:73]>>[C:69](=[O:70])=[O:71].[H]OC1:C([H]):C([O:72][H]):C(/C([H])=C(\[H])C(=O)SC([H])([H])C([H])([H])N([H])C(=O)C([H])([H])C([H])([H])N([H])C(=O)[C@]([H])(O[H])C(C([H])([H])[H])(C([H])([H])[H])C([H])([H])OP(=O)(O[H])OP(=O)(O[H])OC([H])([H])[C@@]2([H])O[C@@]([H])(N3:C([H]):N:C4:C(N([H])[H]):N:C([H]):N:C:4:3)[C@]([H])(O[H])[C@]2([H])OP(=O)(O[H])O[H]):C([H]):C:1OC([H])([H])[H].[H][O:73][C:67]([C:66])=[O:68],EVODEX-P6121
EVODEX-N2039,[H]OC(=O)C([H])([H])C([H])([H])C(=O)[C:69](=[O:70])[O:71][H].O=[O:72]>>[C:69](=[O:70])=[O:71].[H]OC1:C([H]):C([O:72][H]):C(/C([H])=C(\[H])C(=O)SC([H])([H])C([H])([H])N([H])C(=O)C([H])([H])C([H])([H])N([H])C(=O)[C@]([H])(O[H])C(C([H])([H])[H])(C([H])([H])[H])C([H])([H])OP(=O)(O[H])OP(=O)(O[H])OC([H])([H])[C@@]2([H])O[C@@]([H])(N3:C([H]):N:C4:C(N([H])[H]):N:C([H]):N:C:4:3)[C@]([H])(O[H])[C@]2([H])OP(=O)(O[H])O[H]):C([H]):C:1OC([H])([H])[H],EVODEX-P6122
EVODEX-N2040,[H]OC(=O)[C:67]([C:66])=[O:68].[O:72]=[O:73]>>[H]OC1:C([H]):C([O:72][H]):C(/C([H])=C(\[H])C(=O)SC([H])([H])C([H])([H])N([H])C(=O)C([H])([H])C([H])([H])N([H])C(=O)[C@]([H])(O[H])C(C([H])([H])[H])(C([H])([H])[H])C([H])([H])OP(=O)(O[H])OP(=O)(O[H])OC([H])([H])[C@@]2([H])O[C@@]([H])(N3:C([H]):N:C4:C(N([H])[H]):N:C([H]):N:C:4:3)[C@]([H])(O[H])[C@]2([H])OP(=O)(O[H])O[H]):C([H]):C:1OC([H])([H])[H].[H][O:73][C:67]([C:66])=[O:68],EVODEX-P6126
EVODEX-N2041,[O:70]=[O:71]>>[H]OC1:C([H]):C([H]):C(/C([H])=C(\[H])C(=O)SC([H])([H])C([H])([H])N([H])C(=O)C([H])([H])C([H])([H])N([H])C(=O)[C@]([H])(O[H])C(C([H])([H])[H])(C([H])([H])[H])C([H])([H])OP(=O)(O[H])OP(=O)(O[H])OC([H])([H])[C@@]2([H])O[C@@]([H])(N3:C([H]):N:C4:C(N([H])[H]):N:C([H]):N:C:4:3)[C@]([H])(O[H])[C@]2([H])OP(=O)(O[H])O[H]):C([O:70][H]):C:1[H].[H]OC(=O)C([H])([H])C([H])([H])C(=O)[O:71][H],EVODEX-P6128
EVODEX-N2042,O=[O:70]>>[H]OC1:C([H]):C([H]):C(/C([H])=C(\[H])C(=O)SC([H])([H])C([H])([H])N([H])C(=O)C([H])([H])C([H])([H])N([H])C(=O)[C@]([H])(O[H])C(C([H])([H])[H])(C([H])([H])[H])C([H])([H])OP(=O)(O[H])OP(=O)(O[H])OC([H])([H])[C@@]2([H])O[C@@]([H])(N3:C([H]):N:C4:C(N([H])[H]):N:C([H]):N:C:4:3)[C@]([H])(O[H])[C@]2([H])OP(=O)(O[H])O[H]):C([O:70][H]):C:1[H],EVODEX-P6131
EVODEX-N2043,[H][O:69][C:67]([C:65]([C:64])=[O:66])=[O:68].[O:70]=[O:71]>>[C:67](=[O:68])=[O:69].[H]OC1:C([H]):C([H]):C(/C([H])=C(\[H])C(=O)SC([H])([H])C([H])([H])N([H])C(=O)C([H])([H])C([H])([H])N([H])C(=O)[C@]([H])(O[H])C(C([H])([H])[H])(C([H])([H])[H])C([H])([H])OP(=O)(O[H])OP(=O)(O[H])OC([H])([H])[C@@]2([H])O[C@@]([H])(N3:C([H]):N:C4:C(N([H])[H]):N:C([H]):N:C:4:3)[C@]([H])(O[H])[C@]2([H])OP(=O)(O[H])O[H]):C([O:70][H]):C:1[H].[H][O:71][C:65]([C:64])=[O:66],EVODEX-P6135
EVODEX-N2044,[H]OC(=O)C([H])([H])C([H])([H])C(=O)[C:67](=[O:68])[O:69][H].O=[O:70]>>[C:67](=[O:68])=[O:69].[H]OC1:C([H]):C([H]):C(/C([H])=C(\[H])C(=O)SC([H])([H])C([H])([H])N([H])C(=O)C([H])([H])C([H])([H])N([H])C(=O)[C@]([H])(O[H])C(C([H])([H])[H])(C([H])([H])[H])C([H])([H])OP(=O)(O[H])OP(=O)(O[H])OC([H])([H])[C@@]2([H])O[C@@]([H])(N3:C([H]):N:C4:C(N([H])[H]):N:C([H]):N:C:4:3)[C@]([H])(O[H])[C@]2([H])OP(=O)(O[H])O[H]):C([O:70][H]):C:1[H],EVODEX-P6136
EVODEX-N2045,[H]OC(=O)[C:65]([C:64])=[O:66].[O:70]=[O:71]>>[H]OC1:C([H]):C([H]):C(/C([H])=C(\[H])C(=O)SC([H])([H])C([H])([H])N([H])C(=O)C([H])([H])C([H])([H])N([H])C(=O)[C@]([H])(O[H])C(C([H])([H])[H])(C([H])([H])[H])C([H])([H])OP(=O)(O[H])OP(=O)(O[H])OC([H])([H])[C@@]2([H])O[C@@]([H])(N3:C([H]):N:C4:C(N([H])[H]):N:C([H]):N:C:4:3)[C@]([H])(O[H])[C@]2([H])OP(=O)(O[H])O[H]):C([O:70][H]):C:1[H].[H][O:71][C:65]([C:64])=[O:66],EVODEX-P6140
EVODEX-N2046,[O:20]=[O:21]>>[H]OC(=O)C([H])([H])C([H])([H])[C@@]([H])(C(=O)O[H])[O:20][H].[H]OC(=O)C([H])([H])C([H])([H])C(=O)[O:21][H],EVODEX-P6142
EVODEX-N2047,O=[O:20]>>[H]OC(=O)C([H])([H])C([H])([H])[C@@]([H])(C(=O)O[H])[O:20][H],EVODEX-P6145
EVODEX-N2048,[H][O:10][C:8]([C:6]([C:5])=[O:7])=[O:9].[O:20]=[O:21]>>[C:8](=[O:9])=[O:10].[H]OC(=O)C([H])([H])C([H])([H])[C@@]([H])(C(=O)O[H])[O:20][H].[H][O:21][C:6]([C:5])=[O:7],EVODEX-P6149
EVODEX-N2049,[H]OC(=O)C([H])([H])C([H])([H])C(=O)[C:8](=[O:9])[O:10][H].O=[O:20]>>[C:8](=[O:9])=[O:10].[H]OC(=O)C([H])([H])C([H])([H])[C@@]([H])(C(=O)O[H])[O:20][H],EVODEX-P6150
EVODEX-N2050,[H]OC(=O)[C:6]([C:5])=[O:7].[O:20]=[O:21]>>[H]OC(=O)C([H])([H])C([H])([H])[C@@]([H])(C(=O)O[H])[O:20][H].[H][O:21][C:6]([C:5])=[O:7],EVODEX-P6154
EVODEX-N2051,[O:38]=[O:39]>>[H]OS(=O)(=O)O[C@@]1([H])C([H])([H])[C@@]2([H])N3C(=N[C@@]([H])([C@@]([H])(C4:C([H]):C(=O):N([H]):C(=O):N:4[H])[O:38][H])C2([H])[H])N([H])C([H])([H])[C@]3([H])[C@@]1([H])C([H])([H])[H].[H]OC(=O)C([H])([H])C([H])([H])C(=O)[O:39][H],EVODEX-P6156
EVODEX-N2052,O=[O:38]>>[H]OS(=O)(=O)O[C@@]1([H])C([H])([H])[C@@]2([H])N3C(=N[C@@]([H])([C@@]([H])(C4:C([H]):C(=O):N([H]):C(=O):N:4[H])[O:38][H])C2([H])[H])N([H])C([H])([H])[C@]3([H])[C@@]1([H])C([H])([H])[H],EVODEX-P6159
EVODEX-N2053,[H][O:37][C:35]([C:33]([C:32])=[O:34])=[O:36].[O:38]=[O:39]>>[C:35](=[O:36])=[O:37].[H]OS(=O)(=O)O[C@@]1([H])C([H])([H])[C@@]2([H])N3C(=N[C@@]([H])([C@@]([H])(C4:C([H]):C(=O):N([H]):C(=O):N:4[H])[O:38][H])C2([H])[H])N([H])C([H])([H])[C@]3([H])[C@@]1([H])C([H])([H])[H].[H][O:39][C:33]([C:32])=[O:34],EVODEX-P6163
EVODEX-N2054,[H]OC(=O)C([H])([H])C([H])([H])C(=O)[C:35](=[O:36])[O:37][H].O=[O:38]>>[C:35](=[O:36])=[O:37].[H]OS(=O)(=O)O[C@@]1([H])C([H])([H])[C@@]2([H])N3C(=N[C@@]([H])([C@@]([H])(C4:C([H]):C(=O):N([H]):C(=O):N:4[H])[O:38][H])C2([H])[H])N([H])C([H])([H])[C@]3([H])[C@@]1([H])C([H])([H])[H],EVODEX-P6164
EVODEX-N2055,[H]OC(=O)[C:33]([C:32])=[O:34].[O:38]=[O:39]>>[H]OS(=O)(=O)O[C@@]1([H])C([H])([H])[C@@]2([H])N3C(=N[C@@]([H])([C@@]([H])(C4:C([H]):C(=O):N([H]):C(=O):N:4[H])[O:38][H])C2([H])[H])N([H])C([H])([H])[C@]3([H])[C@@]1([H])C([H])([H])[H].[H][O:39][C:33]([C:32])=[O:34],EVODEX-P6168
EVODEX-N2056,[H][C:1]([P:2])([H:18])[H:19].[O:16]=[O:17].[H][O:15][C:13]([C:11]([C:10])=[O:12])=[O:14]>>[C:13](=[O:14])=[O:15].[H][O:16][C:1]([P:2])([H:18])[H:19].[H][O:17][C:11]([C:10])=[O:12],EVODEX-P6169
EVODEX-N2057,[H][C:1]([P:2])([H:18])[H:19].O=[O:16].[H]OC(=O)C([H])([H])C([H])([H])C(=O)[C:13](=[O:14])[O:15][H]>>[C:13](=[O:14])=[O:15].[H][O:16][C:1]([P:2])([H:18])[H:19],EVODEX-P6170
EVODEX-N2058,[H][C:1]([P:2])([H:18])[H:19].[H][O:15][C:13]([C:11])=[O:14]>>[C:13](=[O:14])=[O:15].[H]O[C:1]([P:2])([H:18])[H:19].[H]O[C:11],EVODEX-P6171
EVODEX-N2059,[H][C:1]([P:2])([H:18])[H:19].[O:16]=[O:17].[H]OC(=O)[C:11]([C:10])=[O:12]>>[H][O:16][C:1]([P:2])([H:18])[H:19].[H][O:17][C:11]([C:10])=[O:12],EVODEX-P6172
EVODEX-N2060,[H][C:1]([P:2])([H:18])[H:19].[H]OC(=O)C([H])([H])C([H])([H])C(=O)[C:13](=[O:14])[O:15][H]>>[C:13](=[O:14])=[O:15].[H]O[C:1]([P:2])([H:18])[H:19],EVODEX-P6173
EVODEX-N2061,[H][C:1]([P:2])([H:18])[H:19].[H]OC(=O)[C:11]([C:10])=[O:12]>>[H]O[C:1]([P:2])([H:18])[H:19].[H]O[C:11]([C:10])=[O:12],EVODEX-P6174
EVODEX-N2062,[O:16]=[O:17].[H][O:15][C:13]([C:11]([C:10])=[O:12])=[O:14]>>[C:13](=[O:14])=[O:15].[H]OP(=O)(O[H])C([H])([H])[O:16][H].[H][O:17][C:11]([C:10])=[O:12],EVODEX-P6175
EVODEX-N2063,O=[O:16].[H]OC(=O)C([H])([H])C([H])([H])C(=O)[C:13](=[O:14])[O:15][H]>>[C:13](=[O:14])=[O:15].[H]OP(=O)(O[H])C([H])([H])[O:16][H],EVODEX-P6176
EVODEX-N2064,[H][C:1]([P:2])([H:18])[H:19]>>[H]O[C:1]([P:2])([H:18])[H:19],EVODEX-P6177
EVODEX-N2065,[H][C:1]([P:2])([H:18])[H:19].[O:16]=[O:17]>>[H][O:16][C:1]([P:2])([H:18])[H:19].[H]OC(=O)C([H])([H])C([H])([H])C(=O)[O:17][H],EVODEX-P6178
EVODEX-N2066,[O:16]=[O:17].[H]OC(=O)[C:11]([C:10])=[O:12]>>[H]OP(=O)(O[H])C([H])([H])[O:16][H].[H][O:17][C:11]([C:10])=[O:12],EVODEX-P6179
EVODEX-N2067,[O:16]=[O:17]>>[H]OP(=O)(O[H])C([H])([H])[O:16][H].[H]OC(=O)C([H])([H])C([H])([H])C(=O)[O:17][H],EVODEX-P6180
EVODEX-N2068,[H][C:1]([P:2])([H:18])[H:19].O=[O:16]>>[H][O:16][C:1]([P:2])([H:18])[H:19],EVODEX-P6181
EVODEX-N2069,[O:20]=[O:21]>>[H]OC(=O)[C@@]([H])(N([H])[H])[C@]([H])(C([H])([H])C([H])([H])[H])C([H])([H])[O:20][H].[H]OC(=O)C([H])([H])C([H])([H])C(=O)[O:21][H],EVODEX-P6227
EVODEX-N2070,O=[O:20]>>[H]OC(=O)[C@@]([H])(N([H])[H])[C@]([H])(C([H])([H])C([H])([H])[H])C([H])([H])[O:20][H],EVODEX-P6230
EVODEX-N2071,[H][O:19][C:17]([C:15]([C:14])=[O:16])=[O:18].[O:20]=[O:21]>>[C:17](=[O:18])=[O:19].[H]OC(=O)[C@@]([H])(N([H])[H])[C@]([H])(C([H])([H])C([H])([H])[H])C([H])([H])[O:20][H].[H][O:21][C:15]([C:14])=[O:16],EVODEX-P6234
EVODEX-N2072,[H]OC(=O)C([H])([H])C([H])([H])C(=O)[C:17](=[O:18])[O:19][H].O=[O:20]>>[C:17](=[O:18])=[O:19].[H]OC(=O)[C@@]([H])(N([H])[H])[C@]([H])(C([H])([H])C([H])([H])[H])C([H])([H])[O:20][H],EVODEX-P6235
EVODEX-N2073,[H]OC(=O)[C:15]([C:14])=[O:16].[O:20]=[O:21]>>[H]OC(=O)[C@@]([H])(N([H])[H])[C@]([H])(C([H])([H])C([H])([H])[H])C([H])([H])[O:20][H].[H][O:21][C:15]([C:14])=[O:16],EVODEX-P6239
EVODEX-N2074,[C:1][S:2][C:3].[H][O:19][C:17]([C:15]([C:14])=[O:16])=[O:18].[O:20]=[O:21]>>[C:17](=[O:18])=[O:19].[C:1][S:2]([C:3])=[O:21].[H][O:20][C:15]([C:14])=[O:16],EVODEX-P6240
EVODEX-N2075,[O:20]=[O:21]>>[H]OC(=O)[C@@]([H])(N([H])[H])C([H])([H])C([H])([H])S(C([H])([H])[H])=[O:21].[H]OC(=O)C([H])([H])C([H])([H])C(=O)[O:20][H],EVODEX-P6241
EVODEX-N2076,[C:1][S:2][C:3].[H]OC(=O)C([H])([H])C([H])([H])C(=O)[C:17](=[O:18])[O:19][H].O=[O:21]>>[C:17](=[O:18])=[O:19].[C:1][S:2]([C:3])=[O:21],EVODEX-P6242
EVODEX-N2077,[C:1][S:2][C:3].[H]OC(=O)[C:15]([C:14])=[O:16].[O:20]=[O:21]>>[C:1][S:2]([C:3])=[O:21].[H][O:20][C:15]([C:14])=[O:16],EVODEX-P6243
EVODEX-N2078,O=[O:21]>>[H]OC(=O)[C@@]([H])(N([H])[H])C([H])([H])C([H])([H])S(C([H])([H])[H])=[O:21],EVODEX-P6244
EVODEX-N2079,[C:1][S:2][C:3].[O:20]=[O:21]>>[C:1][S:2]([C:3])=[O:21].[H]OC(=O)C([H])([H])C([H])([H])C(=O)[O:20][H],EVODEX-P6245
EVODEX-N2080,[C:1][S:2][C:3].[H][O:19][C:17]([C:15])=[O:18]>>[C:17](=[O:18])=[O:19].O=[S:2]([C:1])[C:3].[H]O[C:15],EVODEX-P6246
EVODEX-N2081,[C:1][S:2][C:3].[H]OC(=O)C([H])([H])C([H])([H])C(=O)[C:17](=[O:18])[O:19][H]>>[C:17](=[O:18])=[O:19].O=[S:2]([C:1])[C:3],EVODEX-P6247
EVODEX-N2082,[H][O:19][C:17]([C:15]([C:14])=[O:16])=[O:18].[O:20]=[O:21]>>[C:17](=[O:18])=[O:19].[H]OC(=O)[C@@]([H])(N([H])[H])C([H])([H])C([H])([H])S(C([H])([H])[H])=[O:21].[H][O:20][C:15]([C:14])=[O:16],EVODEX-P6248
EVODEX-N2083,[H]OC(=O)C([H])([H])C([H])([H])C(=O)[C:17](=[O:18])[O:19][H].O=[O:21]>>[C:17](=[O:18])=[O:19].[H]OC(=O)[C@@]([H])(N([H])[H])C([H])([H])C([H])([H])S(C([H])([H])[H])=[O:21],EVODEX-P6249
EVODEX-N2084,[C:1][S:2][C:3].[H]OC(=O)[C:15]([C:14])=[O:16]>>O=[S:2]([C:1])[C:3].[H]O[C:15]([C:14])=[O:16],EVODEX-P6252
EVODEX-N2085,[H]OC(=O)[C:15]([C:14])=[O:16].[O:20]=[O:21]>>[H]OC(=O)[C@@]([H])(N([H])[H])C([H])([H])C([H])([H])S(C([H])([H])[H])=[O:21].[H][O:20][C:15]([C:14])=[O:16],EVODEX-P6253
EVODEX-N2086,[O:21]=[O:22]>>[H]OC(=O)[C@@]([H])(N([H])[H])[C@@]([H])(C([H])([H])O[H])[C@@]([H])(C([H])([H])[H])[O:21][H].[H]OC(=O)C([H])([H])C([H])([H])C(=O)[O:22][H],EVODEX-P6255
EVODEX-N2087,O=[O:21]>>[H]OC(=O)[C@@]([H])(N([H])[H])[C@@]([H])(C([H])([H])O[H])[C@@]([H])(C([H])([H])[H])[O:21][H],EVODEX-P6258
EVODEX-N2088,[H][O:20][C:18]([C:16]([C:15])=[O:17])=[O:19].[O:21]=[O:22]>>[C:18](=[O:19])=[O:20].[H]OC(=O)[C@@]([H])(N([H])[H])[C@@]([H])(C([H])([H])O[H])[C@@]([H])(C([H])([H])[H])[O:21][H].[H][O:22][C:16]([C:15])=[O:17],EVODEX-P6262
EVODEX-N2089,[H]OC(=O)C([H])([H])C([H])([H])C(=O)[C:18](=[O:19])[O:20][H].O=[O:21]>>[C:18](=[O:19])=[O:20].[H]OC(=O)[C@@]([H])(N([H])[H])[C@@]([H])(C([H])([H])O[H])[C@@]([H])(C([H])([H])[H])[O:21][H],EVODEX-P6263
EVODEX-N2090,[H]OC(=O)[C:16]([C:15])=[O:17].[O:21]=[O:22]>>[H]OC(=O)[C@@]([H])(N([H])[H])[C@@]([H])(C([H])([H])O[H])[C@@]([H])(C([H])([H])[H])[O:21][H].[H][O:22][C:16]([C:15])=[O:17],EVODEX-P6267
EVODEX-N2091,[O:21]=[O:22]>>[H]OC(=O)C([H])([H])[C@]([H])([C@@]([H])(C(=O)O[H])N([H])[H])[O:21][H].[H]OC(=O)C([H])([H])C([H])([H])C(=O)[O:22][H],EVODEX-P6269
EVODEX-N2092,O=[O:21]>>[H]OC(=O)C([H])([H])[C@]([H])([C@@]([H])(C(=O)O[H])N([H])[H])[O:21][H],EVODEX-P6272
EVODEX-N2093,[H][O:20][C:18]([C:16]([C:15])=[O:17])=[O:19].[O:21]=[O:22]>>[C:18](=[O:19])=[O:20].[H]OC(=O)C([H])([H])[C@]([H])([C@@]([H])(C(=O)O[H])N([H])[H])[O:21][H].[H][O:22][C:16]([C:15])=[O:17],EVODEX-P6276
EVODEX-N2094,[H]OC(=O)C([H])([H])C([H])([H])C(=O)[C:18](=[O:19])[O:20][H].O=[O:21]>>[C:18](=[O:19])=[O:20].[H]OC(=O)C([H])([H])[C@]([H])([C@@]([H])(C(=O)O[H])N([H])[H])[O:21][H],EVODEX-P6277
EVODEX-N2095,[H]OC(=O)[C:16]([C:15])=[O:17].[O:21]=[O:22]>>[H]OC(=O)C([H])([H])[C@]([H])([C@@]([H])(C(=O)O[H])N([H])[H])[O:21][H].[H][O:22][C:16]([C:15])=[O:17],EVODEX-P6281
EVODEX-N2096,[O:26]=[O:27]>>[H]C(C([H])([H])C([H])([H])C([H])([H])C([H])([H])C([H])([H])C([H])([H])C([H])([H])C([H])([H])C([H])([H])[H])=[O:27].[H]OC(=O)C([H])([H])C([H])([H])C(=O)[O:26][H],EVODEX-P6282
EVODEX-N2097,[H]OS(=O)(=O)O[C:10]([H])([C:9])[H:47].[H]OC(=O)[C:21]([C:20])=[O:22].[O:26]=[O:27]>>[C:9][C:10](=[O:27])[H:47].[H][O:26][C:21]([C:20])=[O:22],"EVODEX-P6283,EVODEX-P6313"
EVODEX-N2098,[H]OC(=O)C([H])([H])C([H])([H])C(=O)[C:23](=[O:24])[O:25][H].O=[O:27]>>[C:23](=[O:24])=[O:25].[H]C(C([H])([H])C([H])([H])C([H])([H])C([H])([H])C([H])([H])C([H])([H])C([H])([H])C([H])([H])C([H])([H])[H])=[O:27],EVODEX-P6286
EVODEX-N2099,[H]OS(=O)(=O)O[C:10]([H])([C:9])[H:47].[H]OC(=O)[C:21]([C:20])=[O:22]>>O=[C:10]([C:9])[H:47].[H]O[C:21]([C:20])=[O:22],"EVODEX-P6287,EVODEX-P6317"
EVODEX-N2100,[H]C([H])([H])C([H])([H])C([H])([H])C([H])([H])C([H])([H])C([H])([H])C([H])([H])C([H])([H])C([H])([H])C([H])([H])[O:11][S:12].[H]OC(=O)[C:21]([C:20])=[O:22]>>[H]O[C:21]([C:20])=[O:22].[H][O:11][S:12],EVODEX-P6288
EVODEX-N2101,[H]OS(=O)(=O)O[C:10]([H])([C:9])[H:47].[O:26]=[O:27]>>[C:9][C:10](=[O:27])[H:47].[H]OC(=O)C([H])([H])C([H])([H])C(=O)[O:26][H],"EVODEX-P6291,EVODEX-P6321"
EVODEX-N2102,[H]C([H])([H])C([H])([H])C([H])([H])C([H])([H])C([H])([H])C([H])([H])C([H])([H])C([H])([H])C([H])([H])C([H])([H])[O:11][S:12].[H]OC(=O)[C:21]([C:20])=[O:22].O=[O:26]>>[H][O:26][C:21]([C:20])=[O:22].[H][O:11][S:12],EVODEX-P6292
EVODEX-N2103,[H]OS(=O)(=O)O[C:10]([H])([C:9])[H:47].[H][O:25][C:23]([C:21])=[O:24]>>[C:23](=[O:24])=[O:25].O=[C:10]([C:9])[H:47].[H]O[C:21],"EVODEX-P6293,EVODEX-P6323"
EVODEX-N2104,[H]C([H])([H])C([H])([H])C([H])([H])C([H])([H])C([H])([H])C([H])([H])C([H])([H])C([H])([H])C([H])([H])C([H])([H])[O:11][S:12].O=[O:26]>>[H]OC(=O)C([H])([H])C([H])([H])C(=O)[O:26][H].[H][O:11][S:12],EVODEX-P6294
EVODEX-N2105,[H]OS(=O)(=O)O[C:10]([H])([C:9])[H:47]>>O=[C:10]([C:9])[H:47],"EVODEX-P6296,EVODEX-P6326"
EVODEX-N2106,[H]OC(=O)[C:21]([C:20])=[O:22].[O:26]=[O:27]>>[H]C(C([H])([H])C([H])([H])C([H])([H])C([H])([H])C([H])([H])C([H])([H])C([H])([H])C([H])([H])C([H])([H])[H])=[O:27].[H][O:26][C:21]([C:20])=[O:22],EVODEX-P6297
EVODEX-N2107,[H]C([H])([H])C([H])([H])C([H])([H])C([H])([H])C([H])([H])C([H])([H])C([H])([H])C([H])([H])C([H])([H])C([H])([H])[O:11][S:12].[H]OC(=O)C([H])([H])C([H])([H])C(=O)[C:23](=[O:24])[O:25][H]>>[C:23](=[O:24])=[O:25].[H][O:11][S:12],EVODEX-P6298
EVODEX-N2108,[H]OS(=O)(=O)O[C:10]([H])([C:9])[H:47].[H][O:25][C:23]([C:21]([C:20])=[O:22])=[O:24].[O:26]=[O:27]>>[C:23](=[O:24])=[O:25].[C:9][C:10](=[O:27])[H:47].[H][O:26][C:21]([C:20])=[O:22],"EVODEX-P6301,EVODEX-P6331"
EVODEX-N2109,[H]C([H])([H])C([H])([H])C([H])([H])C([H])([H])C([H])([H])C([H])([H])C([H])([H])C([H])([H])C([H])([H])C([H])([H])[O:11][S:12]>>[H][O:11][S:12],EVODEX-P6302
EVODEX-N2110,O=[O:27]>>[H]C(C([H])([H])C([H])([H])C([H])([H])C([H])([H])C([H])([H])C([H])([H])C([H])([H])C([H])([H])C([H])([H])[H])=[O:27],EVODEX-P6303
EVODEX-N2111,[H]OS(=O)(=O)O[C:10]([H])([C:9])[H:47].[H]OC(=O)C([H])([H])C([H])([H])C(=O)[C:23](=[O:24])[O:25][H].O=[O:27]>>[C:23](=[O:24])=[O:25].[C:9][C:10](=[O:27])[H:47],"EVODEX-P6305,EVODEX-P6335"
EVODEX-N2112,[H]C([H])([H])C([H])([H])C([H])([H])C([H])([H])C([H])([H])C([H])([H])C([H])([H])C([H])([H])C([H])([H])C([H])([H])[O:11][S:12].[H][O:25][C:23]([C:21])=[O:24]>>[C:23](=[O:24])=[O:25].[H]O[C:21].[H][O:11][S:12],EVODEX-P6306
EVODEX-N2113,[H]OS(=O)(=O)O[C:10]([H])([C:9])[H:47].[H]OC(=O)C([H])([H])C([H])([H])C(=O)[C:23](=[O:24])[O:25][H]>>[C:23](=[O:24])=[O:25].O=[C:10]([C:9])[H:47],"EVODEX-P6307,EVODEX-P6337"
EVODEX-N2114,[H][O:25][C:23]([C:21]([C:20])=[O:22])=[O:24].[O:26]=[O:27]>>[C:23](=[O:24])=[O:25].[H]C(C([H])([H])C([H])([H])C([H])([H])C([H])([H])C([H])([H])C([H])([H])C([H])([H])C([H])([H])C([H])([H])[H])=[O:27].[H][O:26][C:21]([C:20])=[O:22],EVODEX-P6308
EVODEX-N2115,[H]OS(=O)(=O)O[C:10]([H])([C:9])[H:47].O=[O:27]>>[C:9][C:10](=[O:27])[H:47],"EVODEX-P6309,EVODEX-P6339"
EVODEX-N2116,[H]C([H])([H])C([H])([H])C([H])([H])C([H])([H])C([H])([H])C([H])([H])C([H])([H])C([H])([H])C([H])([H])C([H])([H])[O:11][S:12].[H][O:25][C:23]([C:21]([C:20])=[O:22])=[O:24].O=[O:26]>>[C:23](=[O:24])=[O:25].[H][O:26][C:21]([C:20])=[O:22].[H][O:11][S:12],EVODEX-P6311
EVODEX-N2117,[O:28]=[O:29]>>[H]C(C([H])([H])C([H])([H])C([H])([H])C([H])([H])C([H])([H])C([H])([H])C([H])([H])C([H])([H])C([H])([H])C([H])([H])C([H])([H])[H])=[O:29].[H]OC(=O)C([H])([H])C([H])([H])C(=O)[O:28][H],EVODEX-P6312
EVODEX-N2118,[H]OC(=O)C([H])([H])C([H])([H])C(=O)[C:25](=[O:26])[O:27][H].O=[O:29]>>[C:25](=[O:26])=[O:27].[H]C(C([H])([H])C([H])([H])C([H])([H])C([H])([H])C([H])([H])C([H])([H])C([H])([H])C([H])([H])C([H])([H])C([H])([H])C([H])([H])[H])=[O:29],EVODEX-P6316
EVODEX-N2119,[H]C([H])([H])C([H])([H])C([H])([H])C([H])([H])C([H])([H])C([H])([H])C([H])([H])C([H])([H])C([H])([H])C([H])([H])C([H])([H])C([H])([H])[O:13][S:14].[H]OC(=O)[C:23]([C:22])=[O:24]>>[H]O[C:23]([C:22])=[O:24].[H][O:13][S:14],EVODEX-P6318
EVODEX-N2120,[H]C([H])([H])C([H])([H])C([H])([H])C([H])([H])C([H])([H])C([H])([H])C([H])([H])C([H])([H])C([H])([H])C([H])([H])C([H])([H])C([H])([H])[O:13][S:14].[H]OC(=O)[C:23]([C:22])=[O:24].O=[O:28]>>[H][O:28][C:23]([C:22])=[O:24].[H][O:13][S:14],EVODEX-P6322
EVODEX-N2121,[H]C([H])([H])C([H])([H])C([H])([H])C([H])([H])C([H])([H])C([H])([H])C([H])([H])C([H])([H])C([H])([H])C([H])([H])C([H])([H])C([H])([H])[O:13][S:14].O=[O:28]>>[H]OC(=O)C([H])([H])C([H])([H])C(=O)[O:28][H].[H][O:13][S:14],EVODEX-P6324
EVODEX-N2122,[H]OC(=O)[C:23]([C:22])=[O:24].[O:28]=[O:29]>>[H]C(C([H])([H])C([H])([H])C([H])([H])C([H])([H])C([H])([H])C([H])([H])C([H])([H])C([H])([H])C([H])([H])C([H])([H])C([H])([H])[H])=[O:29].[H][O:28][C:23]([C:22])=[O:24],EVODEX-P6327
EVODEX-N2123,[H]C([H])([H])C([H])([H])C([H])([H])C([H])([H])C([H])([H])C([H])([H])C([H])([H])C([H])([H])C([H])([H])C([H])([H])C([H])([H])C([H])([H])[O:13][S:14].[H]OC(=O)C([H])([H])C([H])([H])C(=O)[C:25](=[O:26])[O:27][H]>>[C:25](=[O:26])=[O:27].[H][O:13][S:14],EVODEX-P6328
EVODEX-N2124,[H]C([H])([H])C([H])([H])C([H])([H])C([H])([H])C([H])([H])C([H])([H])C([H])([H])C([H])([H])C([H])([H])C([H])([H])C([H])([H])C([H])([H])[O:13][S:14]>>[H][O:13][S:14],EVODEX-P6332
EVODEX-N2125,O=[O:29]>>[H]C(C([H])([H])C([H])([H])C([H])([H])C([H])([H])C([H])([H])C([H])([H])C([H])([H])C([H])([H])C([H])([H])C([H])([H])C([H])([H])[H])=[O:29],EVODEX-P6333
EVODEX-N2126,[H]C([H])([H])C([H])([H])C([H])([H])C([H])([H])C([H])([H])C([H])([H])C([H])([H])C([H])([H])C([H])([H])C([H])([H])C([H])([H])C([H])([H])[O:13][S:14].[H][O:27][C:25]([C:23])=[O:26]>>[C:25](=[O:26])=[O:27].[H]O[C:23].[H][O:13][S:14],EVODEX-P6336
EVODEX-N2127,[H][O:27][C:25]([C:23]([C:22])=[O:24])=[O:26].[O:28]=[O:29]>>[C:25](=[O:26])=[O:27].[H]C(C([H])([H])C([H])([H])C([H])([H])C([H])([H])C([H])([H])C([H])([H])C([H])([H])C([H])([H])C([H])([H])C([H])([H])C([H])([H])[H])=[O:29].[H][O:28][C:23]([C:22])=[O:24],EVODEX-P6338
EVODEX-N2128,[H]C([H])([H])C([H])([H])C([H])([H])C([H])([H])C([H])([H])C([H])([H])C([H])([H])C([H])([H])C([H])([H])C([H])([H])C([H])([H])C([H])([H])[O:13][S:14].[H][O:27][C:25]([C:23]([C:22])=[O:24])=[O:26].O=[O:28]>>[C:25](=[O:26])=[O:27].[H][O:28][C:23]([C:22])=[O:24].[H][O:13][S:14],EVODEX-P6341
EVODEX-N2129,[O:45]=[O:46]>>[H]C1=C([H])[C@]([H])([O:46][H])[C@]([H])([O:45][H])C([H])=C1[H],EVODEX-P6342
EVODEX-N2130,[C:48]1([H:83]):[C:49]([H:84]):[C:50]([H:85]):[C:51]([H:86]):[C:52]([H:87]):[C:53]:1[H:88]>>[H]O[C@:48]1([H:83])[C:49]([H:84])=[C:50]([H:85])[C:51]([H:86])=[C:52]([H:87])[C@@:53]1(O[H])[H:88],EVODEX-P6343
EVODEX-N2131,[O:45]=[O:46].[C:48]1([H:83]):[C:49]([H:84]):[C:50]([H:85]):[C:51]([H:86]):[C:52]([H:87]):[C:53]:1[H:88]>>[H][O:45][C@:48]1([H:83])[C:49]([H:84])=[C:50]([H:85])[C:51]([H:86])=[C:52]([H:87])[C@@:53]1([O:46][H])[H:88],EVODEX-P6346
EVODEX-N2132,[C:46][C:48]1:[C:49]([H:89]):[C:50]([H:90]):[C:51]([H:91]):[C:52]([H:92]):[C:53]:1[C:54]>>[H]O[C@:50]1([H:90])[C:49]([H:89])=[C:48]([C:46])[C:53]([C:54])=[C:52]([H:92])[C@@:51]1(O[H])[H:91],EVODEX-P6351
EVODEX-N2133,[O:57]=[O:58]>>[H]OC(=O)C1=C([H])[C@]([H])([O:58][H])[C@]([H])([O:57][H])C([H])=C1C(=O)O[H],EVODEX-P6352
EVODEX-N2134,[C:46][C:48]1:[C:49]([H:89]):[C:50]([H:90]):[C:51]([H:91]):[C:52]([H:92]):[C:53]:1[C:54].[O:57]=[O:58]>>[H][O:57][C@:50]1([H:90])[C:49]([H:89])=[C:48]([C:46])[C:53]([C:54])=[C:52]([H:92])[C@@:51]1([O:58][H])[H:91],EVODEX-P6355
EVODEX-N2135,[H][C:56](:[C:51][S:52](=[O:53])(=[O:54])[O:55]):[C:57]>>[H]O[C:51]:[C:56](O[H]):[C:57].[H][O:53][S:52](=[O:54])[O:55],EVODEX-P6357
EVODEX-N2136,[H]OS(=O)(=O)[C:51](:[C:50]):[C:56]([H]):[C:57].[O:58]=[O:59]>>[H][O:58][C:56](:[C:51](:[C:50])[O:59][H]):[C:57],EVODEX-P6361
EVODEX-N2137,[H]OS(=O)(=O)[C:51](:[C:50]):[C:56]([H]):[C:57]>>[H]O[C:51](:[C:50]):[C:56](O[H]):[C:57],EVODEX-P6362
EVODEX-N2138,[H][C:56](:[C:51](:[C:50])[S:52](=[O:53])(=[O:54])[O:55]):[C:57].[O:58]=[O:59]>>[H][O:58][C:56](:[C:51](:[C:50])[O:59][H]):[C:57].[H][O:53][S:52](=[O:54])[O:55],EVODEX-P6363
EVODEX-N2139,[H]OC(=O)C1:C([H]):C([H]):C([S:52](=[O:53])(=[O:54])[O:55]):C([H]):C:1[H]>>[H][O:53][S:52](=[O:54])[O:55],EVODEX-P6365
EVODEX-N2140,[O:58]=[O:59]>>[H]OC(=O)C1:C([H]):C([H]):C([O:59][H]):C([O:58][H]):C:1[H],EVODEX-P6366
EVODEX-N2141,[C:46][C:48]1:[C:49]([H:86]):[C:50]([H:87]):[C:51]([H:88]):[C:52]([H:89]):[C:53]:1[H:90]>>[H]O[C:48]1([C:46])[C:49]([H:86])=[C:50]([H:87])[C:51]([H:88])=[C:52]([H:89])[C:53]1(O[H])[H:90],EVODEX-P6369
EVODEX-N2142,[O:54]=[O:55]>>[H]OC(=O)C1([O:54][H])C([H])=C([H])C([H])=C([H])C1([H])[O:55][H],EVODEX-P6370
EVODEX-N2143,[C:46][C:48]1:[C:49]([H:86]):[C:50]([H:87]):[C:51]([H:88]):[C:52]([H:89]):[C:53]:1[H:90].[O:54]=[O:55]>>[H][O:54][C:48]1([C:46])[C:49]([H:86])=[C:50]([H:87])[C:51]([H:88])=[C:52]([H:89])[C:53]1([O:55][H])[H:90],EVODEX-P6373
EVODEX-N2144,[C:46][C:48]1:[C:49]([H:87]):[C:50]([H:88]):[C:51]([H:89]):[C:52]([F:53]):[C:54]:1[H:90]>>[H]O[C:48]1([C:46])[C:49]([H:87])=[C:50]([H:88])[C:51]([H:89])=[C:52]([F:53])[C:54]1(O[H])[H:90],EVODEX-P6375
EVODEX-N2145,[O:55]=[O:56]>>[H]OC(=O)C1([O:55][H])C([H])=C([H])C([H])=C(F)C1([H])[O:56][H],EVODEX-P6376
EVODEX-N2146,[C:46][C:48]1:[C:49]([H:87]):[C:50]([H:88]):[C:51]([H:89]):[C:52]([F:53]):[C:54]:1[H:90].[O:55]=[O:56]>>[H][O:55][C:48]1([C:46])[C:49]([H:87])=[C:50]([H:88])[C:51]([H:89])=[C:52]([F:53])[C:54]1([O:56][H])[H:90],EVODEX-P6379
EVODEX-N2147,O=[O:53]>>[H]C1:C([H]):C(C([H])([H])[H]):C([O:53][H]):C([H]):C:1C([H])([H])[H],EVODEX-P6388
EVODEX-N2148,[O:53]=[O:54]>>[H]C1:C([H]):C(C([H])([H])[H]):C([O:53][H]):C([H]):C:1C([H])([H])[H].[H][O:54][H],EVODEX-P6390
EVODEX-N2149,O=[O:52]>>[H]C1:C([H]):C(C([H])([H])[H]):C([H]):C([O:52][H]):C:1[H],EVODEX-P6398
EVODEX-N2150,[O:52]=[O:53]>>[H]C1:C([H]):C(C([H])([H])[H]):C([H]):C([O:52][H]):C:1[H].[H][O:53][H],EVODEX-P6400
EVODEX-N2151,[O:45]=[O:46]>>[H]C1=C([H])[C@]([H])([O:46][H])[C@]([H])([O:45][H])C2:C([H]):C([H]):C([H]):C([H]):C:21,EVODEX-P6401
EVODEX-N2152,[C:48]1([H:87]):[C:49]([H:88]):[C:50]([H:89]):[C:51](:[C:52]):[C:56](:[C:55]):[C:57]:1[H:94]>>[H]O[C@@:49]1([H:88])[C:48]([H:87])=[C:57]([H:94])[C:56](:[C:55]):[C:51](:[C:52])[C@:50]1(O[H])[H:89],EVODEX-P6402
EVODEX-N2153,[O:45]=[O:46].[C:48]1([H:87]):[C:49]([H:88]):[C:50]([H:89]):[C:51](:[C:52]):[C:56](:[C:55]):[C:57]:1[H:94]>>[H][O:45][C@@:50]1([H:89])[C@:49]([O:46][H])([H:88])[C:48]([H:87])=[C:57]([H:94])[C:56](:[C:55]):[C:51]1:[C:52],EVODEX-P6405
EVODEX-N2154,[O:45]=[O:46]>>[H]C1:C([H]):C([H]):C2:C(:C:1[H])N([H])[C@@]([H])([O:46][H])[C@@]2([H])[O:45][H],EVODEX-P6407
EVODEX-N2155,[C:50]:[C:51]1:[N:52]([H:89]):[C:53]([H:90]):[C:54]([H:91]):[C:55]:1:[C:56]>>[H]O[C@:53]1([H:90])[N:52]([H:89])[C:51](:[C:50]):[C:55](:[C:56])[C@@:54]1(O[H])[H:91],EVODEX-P6408
EVODEX-N2156,[O:45]=[O:46].[C:50]:[C:51]1:[N:52]([H:89]):[C:53]([H:90]):[C:54]([H:91]):[C:55]:1:[C:56]>>[H][O:45][C@:54]1([H:91])[C@@:53]([O:46][H])([H:90])[N:52]([H:89])[C:51](:[C:50]):[C:55]1:[C:56],EVODEX-P6411
EVODEX-N2157,[H][C:51](:[C:50]):[C:52]>>[H].[H]O[C:50]:[C:51](O[H]):[C:52],"EVODEX-P6413,EVODEX-P6921,EVODEX-P6933"
EVODEX-N2158,[O:56]=[O:57]>>[H]OS(=O)(=O)C1:C([H]):C([H]):C([H]):C([O:56][H]):C:1[O:57][H],EVODEX-P6414
EVODEX-N2159,[H]OS(=O)(=O)C1:C([H]):C([H]):C([H]):C([H]):C:1[N:45]([H:87])[H:88]>>[H][N:45]([H:87])[H:88],EVODEX-P6418
EVODEX-N2160,[H]N([H])[C:46](:[C:47]([H]):[C:48]):[C:51].[O:56]=[O:57]>>[H][O:56][C:47](:[C:46](:[C:51])[O:57][H]):[C:48],"EVODEX-P6419,EVODEX-P6927,EVODEX-P6939"
EVODEX-N2161,[H][C:47](:[C:46]([N:45]):[C:51]):[C:48].[O:56]=[O:57]>>[H][N:45].[H][O:56][C:47](:[C:46](:[C:51])[O:57][H]):[C:48],"EVODEX-P6420,EVODEX-P6928,EVODEX-P6940"
EVODEX-N2162,[H]N([H])[C:46](:[C:47]([H]):[C:48]):[C:51]>>[H]O[C:46](:[C:47](O[H]):[C:48]):[C:51],"EVODEX-P6421,EVODEX-P6929,EVODEX-P6941"
EVODEX-N2163,[C:46][C:48]1:[C:49]([H:89]):[C:50]([H:90]):[C:51]([C:52]):[C:55]([H:92]):[C:56]:1[H:93]>>[H]O[C@:48]1([C:46])[C:49]([H:89])=[C:50]([H:90])[C:51]([C:52])=[C:55]([H:92])[C@@:56]1(O[H])[H:93],EVODEX-P6425
EVODEX-N2164,[O:57]=[O:58]>>[H]OC(=O)C1=C([H])[C@]([H])([O:58][H])[C@](C(=O)O[H])([O:57][H])C([H])=C1[H],EVODEX-P6426
EVODEX-N2165,[C:46][C:48]1:[C:49]([H:89]):[C:50]([H:90]):[C:51]([C:52]):[C:55]([H:92]):[C:56]:1[H:93].[O:57]=[O:58]>>[H][O:57][C@:48]1([C:46])[C:49]([H:89])=[C:50]([H:90])[C:51]([C:52])=[C:55]([H:92])[C@@:56]1([O:58][H])[H:93],EVODEX-P6429
EVODEX-N2166,[O:57]=[O:58]>>[H]C1=C([H])C([H])([O:58][H])C([H])([O:57][H])C2:C([H]):C(C([H])([H])[H]):C(=O):N([H]):C:21,EVODEX-P6434
EVODEX-N2167,[C:3]:[C:4]1:[C:5]([H:63]):[C:6]([H:64]):[C:7]([H:65]):[C:8]([H:66]):[C:9]:1:[N:10]>>[H]O[C:5]1([H:63])[C:4](:[C:3]):[C:9](:[N:10])[C:8]([H:66])=[C:7]([H:65])[C:6]1(O[H])[H:64],EVODEX-P6436
EVODEX-N2168,[C:3]:[C:4]1:[C:5]([H:63]):[C:6]([H:64]):[C:7]([H:65]):[C:8]([H:66]):[C:9]:1:[N:10].[O:57]=[O:58]>>[H][O:57][C:5]1([H:63])[C:4](:[C:3]):[C:9](:[N:10])[C:8]([H:66])=[C:7]([H:65])[C:6]1([O:58][H])[H:64],EVODEX-P6439
EVODEX-N2169,[O:45]=[O:46]>>[H]C1=C([H])[C@]([H])([O:45][H])[C@]([H])([O:46][H])C(C2:C([H]):C([H]):C([H]):C([H]):C:2[H])=C1[H],EVODEX-P6440
EVODEX-N2170,[C:48]1([H:89]):[C:49]([H:90]):[C:50]([H:91]):[C:51]([C:52]):[C:58]([H:97]):[C:59]:1[H:98]>>[H]O[C@@:49]1([H:90])[C:48]([H:89])=[C:59]([H:98])[C:58]([H:97])=[C:51]([C:52])[C@:50]1(O[H])[H:91],"EVODEX-P6441,EVODEX-P6449,EVODEX-P6455"
EVODEX-N2171,[O:45]=[O:46].[C:48]1([H:89]):[C:49]([H:90]):[C:50]([H:91]):[C:51]([C:52]):[C:58]([H:97]):[C:59]:1[H:98]>>[H][O:45][C@@:49]1([H:90])[C:48]([H:89])=[C:59]([H:98])[C:58]([H:97])=[C:51]([C:52])[C@:50]1([O:46][H])[H:91],"EVODEX-P6444,EVODEX-P6453,EVODEX-P6459"
EVODEX-N2172,[O:56]=[O:57]>>[H]OC(=O)C([H])([H])C([H])([H])C1=C([H])C([H])=C([H])[C@@]([H])([O:57][H])[C@@]1([H])[O:56][H],EVODEX-P6450
EVODEX-N2173,[O:56]=[O:57]>>[H]OC(=O)/C([H])=C(\[H])C1=C([H])C([H])=C([H])C([H])([O:57][H])C1([H])[O:56][H],EVODEX-P6456
EVODEX-N2174,[O:45]=[O:46]>>[H]C1:C([H]):C([H]):C(N([H])[H]):C(C2:C([H]):C([H]):C([H]):C([O:46][H]):C:2[O:45][H]):C:1[H],EVODEX-P6461
EVODEX-N2175,[H][C:56](:[C:55]1:[N:54]([H:94]):[C:52](:[C:53]):[C:51](:[C:50]):[C:60]:1:[C:59]):[C:57]>>[H]O[C:55](:[C:56](O[H]):[C:57]):[C:60]([C:51](:[C:50]):[C:52](:[C:53])[N:54]([H])[H:94]):[C:59],EVODEX-P6462
EVODEX-N2176,[O:45]=[O:46].[H][C:56](:[C:55]1:[N:54]([H:94]):[C:52](:[C:53]):[C:51](:[C:50]):[C:60]:1:[C:59]):[C:57]>>[H][O:45][C:55](:[C:56]([O:46][H]):[C:57]):[C:60]([C:51](:[C:50]):[C:52](:[C:53])[N:54]([H])[H:94]):[C:59],EVODEX-P6465
EVODEX-N2177,[H][C:1]([C:2])([H:75])[H:76].[O:73]=[O:74]>>[H][O:73][C:1]([C:2])([H:75])[H:76].[H][O:74][H],"EVODEX-P6478,EVODEX-P6909,EVODEX-P6919,EVODEX-P7518,EVODEX-P7644,EVODEX-P7787,EVODEX-P7797,EVODEX-P7807,EVODEX-P8095,EVODEX-P8152,EVODEX-P8162,EVODEX-P8249,EVODEX-P8259,EVODEX-P8303,EVODEX-P8373,EVODEX-P8383,EVODEX-P8393,EVODEX-P8495,EVODEX-P8520,EVODEX-P8705,EVODEX-P8740,EVODEX-P8750"
EVODEX-N2178,O=[O:54]>>[H]OC1:C([H]):C([H]):C([O:54][H]):C([H]):C:1OC([H])([H])[H],EVODEX-P6487
EVODEX-N2179,[O:54]=[O:55]>>[H]OC1:C([H]):C([H]):C([O:54][H]):C([H]):C:1OC([H])([H])[H].[H][O:55][H],EVODEX-P6489
EVODEX-N2180,[C:46][C:48]1:[C:49]([H:89]):[C:50](:[C:51]):[C:55](:[C:54]):[N:56]:1[H:94]>>[H]O[C:48]1([C:46])[C:49](O[H])([H:89])[C:50](:[C:51]):[C:55](:[C:54])[N:56]1[H:94],EVODEX-P6490
EVODEX-N2181,[O:57]=[O:58]>>[H]OC(=O)C1([O:58][H])N([H])C2:C([H]):C([H]):C([H]):C([H]):C:2C1([H])[O:57][H],EVODEX-P6491
EVODEX-N2182,[C:46][C:48]1:[C:49]([H:89]):[C:50](:[C:51]):[C:55](:[C:54]):[N:56]:1[H:94].[O:57]=[O:58]>>[H][O:57][C:49]1([H:89])[C:48]([C:46])([O:58][H])[N:56]([H:94])[C:55](:[C:54]):[C:50]1:[C:51],EVODEX-P6494
EVODEX-N2183,[C:46][C:48]1:[C:49]([H:89]):[N:50]([H:90]):[C:51](:[C:52]):[C:56]:1:[C:55]>>[H]O[C:48]1([C:46])[C:49](O[H])([H:89])[N:50]([H:90])[C:51](:[C:52]):[C:56]1:[C:55],EVODEX-P6496
EVODEX-N2184,[O:57]=[O:58]>>[H]OC(=O)C1([O:57][H])C2:C([H]):C([H]):C([H]):C([H]):C:2N([H])C1([H])[O:58][H],EVODEX-P6497
EVODEX-N2185,[C:46][C:48]1:[C:49]([H:89]):[N:50]([H:90]):[C:51](:[C:52]):[C:56]:1:[C:55].[O:57]=[O:58]>>[H][O:57][C:48]1([C:46])[C:49]([O:58][H])([H:89])[N:50]([H:90])[C:51](:[C:52]):[C:56]1:[C:55],EVODEX-P6500
EVODEX-N2186,[O:54]=[O:55]>>[H]C1=C([H])[C@@]([H])([O:55][H])[C@@]([H])([O:54][H])C(C#N)=C1Br,EVODEX-P6502
EVODEX-N2187,[C:2][C:3]1:[C:4]([H:56]):[C:5]([H:59]):[C:6]([H:58]):[C:7]([H:57]):[C:8]:1[Br:9]>>[H]O[C@@:4]1([H:56])[C:3]([C:2])=[C:8]([Br:9])[C:7]([H:57])=[C:6]([H:58])[C@:5]1(O[H])[H:59],EVODEX-P6506
EVODEX-N2188,[C:2][C:3]1:[C:4]([H:56]):[C:5]([H:59]):[C:6]([H:58]):[C:7]([H:57]):[C:8]:1[Br:9].[O:54]=[O:55]>>[H][O:54][C@@:4]1([H:56])[C:3]([C:2])=[C:8]([Br:9])[C:7]([H:57])=[C:6]([H:58])[C@:5]1([O:55][H])[H:59],EVODEX-P6507
EVODEX-N2189,[O:54]=[O:55]>>[H]C1=C([H])[C@@]([H])([O:55][H])[C@@]([H])([O:54][H])C(C#N)=C1Cl,EVODEX-P6508
EVODEX-N2190,[C:2][C:3]1:[C:4]([H:56]):[C:5]([H:59]):[C:6]([H:58]):[C:7]([H:57]):[C:8]:1[Cl:9]>>[H]O[C@@:4]1([H:56])[C:3]([C:2])=[C:8]([Cl:9])[C:7]([H:57])=[C:6]([H:58])[C@:5]1(O[H])[H:59],EVODEX-P6512
EVODEX-N2191,[C:2][C:3]1:[C:4]([H:56]):[C:5]([H:59]):[C:6]([H:58]):[C:7]([H:57]):[C:8]:1[Cl:9].[O:54]=[O:55]>>[H][O:54][C@@:4]1([H:56])[C:3]([C:2])=[C:8]([Cl:9])[C:7]([H:57])=[C:6]([H:58])[C@:5]1([O:55][H])[H:59],EVODEX-P6513
EVODEX-N2192,[H]OC1:C([H]):C(C([H])([H])[H]):C([H]):C([H]):C:1[C:6](=[O:7])[O:8][H]>>[C:6](=[O:7])=[O:8],EVODEX-P6516
EVODEX-N2193,[H]OC(=O)[C:48](:[C:49]):[C:54].[O:55]=[O:56]>>[H][O:56][H].[H][O:55][C:48](:[C:49]):[C:54],"EVODEX-P6517,EVODEX-P6534,EVODEX-P6839,EVODEX-P7097,EVODEX-P7286,EVODEX-P7306,EVODEX-P7377"
EVODEX-N2194,[H]OC(=O)[C:48](:[C:49]):[C:54]>>[H]O[C:48](:[C:49]):[C:54],"EVODEX-P6520,EVODEX-P6537,EVODEX-P6833,EVODEX-P7098,EVODEX-P7288,EVODEX-P7308,EVODEX-P7379"
EVODEX-N2195,[H]OC1:C([H]):C(C([H])([H])[H]):C([H]):C([H]):C:1[C:6](=[O:7])[O:8][H].O=[O:57]>>[C:6](=[O:7])=[O:8].[H][O:57][H],EVODEX-P6523
EVODEX-N2196,[H][O:47][C:46](=[O:45])[C:48](:[C:49]):[C:54].[O:55]=[O:56]>>[O:45]=[C:46]=[O:47].[H][O:56][H].[H][O:55][C:48](:[C:49]):[C:54],"EVODEX-P6526,EVODEX-P6543,EVODEX-P6830,EVODEX-P7083,EVODEX-P7269,EVODEX-P7289,EVODEX-P7360"
EVODEX-N2197,[H]OC(=O)[C:48](:[C:49]):[C:54].O=[O:55]>>[H][O:55][C:48](:[C:49]):[C:54],"EVODEX-P6528,EVODEX-P6544,EVODEX-P6831,EVODEX-P7089,EVODEX-P7277,EVODEX-P7297,EVODEX-P7368"
EVODEX-N2198,[H][O:47][C:46](=[O:45])[C:48](:[C:49]):[C:54].O=[O:55]>>[O:45]=[C:46]=[O:47].[H][O:55][C:48](:[C:49]):[C:54],"EVODEX-P6531,EVODEX-P6547,EVODEX-P6825,EVODEX-P7091,EVODEX-P7280,EVODEX-P7300,EVODEX-P7371"
EVODEX-N2199,[H]OC1:C([H]):C([H]):C(C([H])([H])[H]):C([H]):C:1[C:8](=[O:9])[O:10][H]>>[C:8](=[O:9])=[O:10],EVODEX-P6533
EVODEX-N2200,[H]OC1:C([H]):C([H]):C(C([H])([H])[H]):C([H]):C:1[C:8](=[O:9])[O:10][H].O=[O:57]>>[C:8](=[O:9])=[O:10].[H][O:57][H],EVODEX-P6540
EVODEX-N2201,[O:59]=[O:60]>>[H]OC(=O)C1:C([H]):C([H]):C(O[H]):C([O:59][H]):C:1[H].[H][O:60][H],EVODEX-P6550
EVODEX-N2202,[O:57]=[O:58]>>[H]OC(=O)C([H])([H])C([H])([H])C1:C([H]):C([H]):C([H]):C([O:57][H]):C:1O[H].[H][O:58][H],EVODEX-P6563
EVODEX-N2203,O=[O:57]>>[H]OC(=O)C([H])([H])C([H])([H])C1:C([H]):C([H]):C([H]):C([O:57][H]):C:1O[H],EVODEX-P6569
EVODEX-N2204,[O:54]=[O:55]>>[H]OC(=O)C([H])([H])C1:C([O:54][H]):N:C([H]):N:1[H].[H][O:55][H],EVODEX-P6573
EVODEX-N2205,[H][C:50](:[C:49]):[N:51].O=[O:54]>>[H][O:54][C:50](:[C:49]):[N:51],"EVODEX-P6574,EVODEX-P7318,EVODEX-P7732,EVODEX-P7852"
EVODEX-N2206,[H][C:50](:[C:49]):[N:51]>>[H]O[C:50](:[C:49]):[N:51],"EVODEX-P6576,EVODEX-P7320,EVODEX-P7734,EVODEX-P7854,EVODEX-P9197"
EVODEX-N2207,[H][C:50](:[C:49]):[N:51].[O:54]=[O:55]>>[H][O:54][C:50](:[C:49]):[N:51].[H][O:55][H],"EVODEX-P6577,EVODEX-P7321,EVODEX-P7735,EVODEX-P7855"
EVODEX-N2208,O=[O:54]>>[H]OC(=O)C([H])([H])C1:C([O:54][H]):N:C([H]):N:1[H],EVODEX-P6579
EVODEX-N2209,O=[O:54]>>[H]OC1:C([H]):C(O[H]):C([O:54][H]):C(C([H])([H])[H]):C:1[H],EVODEX-P6593
EVODEX-N2210,[O:54]=[O:55]>>[H]OC1:C([H]):C(O[H]):C([O:54][H]):C(C([H])([H])[H]):C:1[H].[H][O:55][H],EVODEX-P6595
EVODEX-N2211,[O:45]=[O:46]>>[H][O:46][H].[H]OC1:C([H]):C([H]):C([O:45][H]):C(O[H]):C:1[H],EVODEX-P6596
EVODEX-N2212,O=[O:45]>>[H]OC1:C([H]):C([H]):C([O:45][H]):C(O[H]):C:1[H],EVODEX-P6602
EVODEX-N2213,[O:45]=[O:46]>>[H][O:46][H].[H]OC1:C([H]):C([H]):C([H]):C([H]):C:1[O:45][H],EVODEX-P6606
EVODEX-N2214,O=[O:45]>>[H]OC1:C([H]):C([H]):C([H]):C([H]):C:1[O:45][H],EVODEX-P6612
EVODEX-N2215,[O:49]=[O:50]>>[H][O:50][H].[H]C1:C([H]):C([H]):C([O:49][H]):C([H]):C:1[H],EVODEX-P6616
EVODEX-N2216,O=[O:49]>>[H]C1:C([H]):C([H]):C([O:49][H]):C([H]):C:1[H],EVODEX-P6622
EVODEX-N2217,[H][O:39][C:38]([C:36])=[C:40]([C:21])[C:41]>>[H]O[C:40]([C:21])([C:38]([C:36])=[O:39])[C:41],"EVODEX-P6627,EVODEX-P7810,EVODEX-P7820"
EVODEX-N2218,[H][O:39][C:38]([C:36])=[C:40]([C:21])[C:41].O=[O:92]>>[H][O:92][C:40]([C:21])([C:38]([C:36])=[O:39])[C:41],"EVODEX-P6632,EVODEX-P7815,EVODEX-P7825"
EVODEX-N2219,O=[O:92]>>[H]OC1=C(C(=O)N([H])[H])C(=O)[C@@]2(O[H])C(=O)C3([O:92][H])C(=O)C4:C(O[H]):C(N([H])C(=O)C([H])([H])N([H])C(C([H])([H])[H])(C([H])([H])[H])C([H])([H])[H]):C([H]):C(N(C([H])([H])[H])C([H])([H])[H]):C:4C([H])([H])[C@@]3([H])C([H])([H])[C@@]2([H])[C@]1([H])N(C([H])([H])[H])C([H])([H])[H],EVODEX-P6633
EVODEX-N2220,[H][O:39][C:38]([C:36])=[C:40]([C:21])[C:41].[O:91]=[O:92]>>[H][O:92][C:40]([C:21])([C:38]([C:36])=[O:39])[C:41].[H][O:91][H],"EVODEX-P6634,EVODEX-P7817,EVODEX-P7827"
EVODEX-N2221,[O:91]=[O:92]>>[H]OC1=C(C(=O)N([H])[H])C(=O)[C@@]2(O[H])C(=O)C3([O:92][H])C(=O)C4:C(O[H]):C(N([H])C(=O)C([H])([H])N([H])C(C([H])([H])[H])(C([H])([H])[H])C([H])([H])[H]):C([H]):C(N(C([H])([H])[H])C([H])([H])[H]):C:4C([H])([H])[C@@]3([H])C([H])([H])[C@@]2([H])[C@]1([H])N(C([H])([H])[H])C([H])([H])[H].[H][O:91][H],EVODEX-P6635
EVODEX-N2222,[C:6]=[S:8]>>O=[S:8]=[C:6],EVODEX-P6637
EVODEX-N2223,[C:6]=[S:8].O=[O:61]>>[C:6]=[S:8]=[O:61],EVODEX-P6642
EVODEX-N2224,O=[O:61]>>[H]C1:N:C(C([H])([H])C([H])([H])[H]):C([H]):C(C(=S=[O:61])N([H])[H]):C:1[H],EVODEX-P6643
EVODEX-N2225,[C:6]=[S:8].[O:60]=[O:61]>>[C:6]=[S:8]=[O:61].[H][O:60][H],EVODEX-P6644
EVODEX-N2226,[O:60]=[O:61]>>[H]C1:N:C(C([H])([H])C([H])([H])[H]):C([H]):C(C(=S=[O:61])N([H])[H]):C:1[H].[H][O:60][H],EVODEX-P6645
EVODEX-N2227,[O:64]=[O:65]>>[H]OC(=O)[C@@]([H])(N([H])[H])C([H])([H])C(=O)C1:C([H]):C([H]):C([H]):C([O:64][H]):C:1N([H])[H].[H][O:65][H],EVODEX-P6648
EVODEX-N2228,O=[O:64]>>[H]OC(=O)[C@@]([H])(N([H])[H])C([H])([H])C(=O)C1:C([H]):C([H]):C([H]):C([O:64][H]):C:1N([H])[H],EVODEX-P6654
EVODEX-N2229,[H]OC(=O)[C@@]([H])(N([H])[H])C([H])([H])C(=O)C1:C([H]):C([H]):C([H]):C([O:52][H]):C:1N([H])[H]>>O=[O:52],EVODEX-P6659
EVODEX-N2230,[H]OC(=O)[C@@]([H])(N([H])[H])C([H])([H])C(=O)C1:C([H]):C([H]):C([H]):C([O:52][H]):C:1N([H])[H].[H][O:65][H]>>[O:52]=[O:65],EVODEX-P6662
EVODEX-N2231,[H][O:52][C:51].[H][O:65][H]>>[H][C:51].[O:52]=[O:65],"EVODEX-P6665,EVODEX-P6804,EVODEX-P8400,EVODEX-P8422,EVODEX-P8610"
EVODEX-N2232,[O:45]=[O:46]>>[H][O:46][H].[H]OC1:C([O:45][H]):C([H]):C([H]):C(=O):N:1[H],EVODEX-P6667
EVODEX-N2233,O=[O:45]>>[H]OC1:C([O:45][H]):C([H]):C([H]):C(=O):N:1[H],EVODEX-P6673
EVODEX-N2234,[O:60]=[O:61]>>[H]OC(=O)/C([H])=C(\[H])C1:C([H]):C([H]):C([H]):C([H]):C:1[O:60][H].[H][O:61][H],EVODEX-P6679
EVODEX-N2235,O=[O:60]>>[H]OC(=O)/C([H])=C(\[H])C1:C([H]):C([H]):C([H]):C([H]):C:1[O:60][H],EVODEX-P6685
EVODEX-N2236,[O:55]=[O:56]>>[H]C1([H])C(=O)[O:56]C([H])([H])C([H])([H])C1([H])[H].[H][O:55][H],EVODEX-P6689
EVODEX-N2237,[O:49]=[C:50]([C:51]([C:52])([H:87])[H:88])[C:54].O=[O:56]>>[O:49]=[C:50]([C:54])[O:56][C:51]([C:52])([H:87])[H:88],"EVODEX-P6690,EVODEX-P6703,EVODEX-P6760,EVODEX-P7209,EVODEX-P7591"
EVODEX-N2238,[O:49]=[C:50]([C:51]([C:52])([H:87])[H:88])[C:54].[O:55]=[O:56]>>[O:49]=[C:50]([C:54])[O:56][C:51]([C:52])([H:87])[H:88].[H][O:55][H],"EVODEX-P6693,EVODEX-P6705,EVODEX-P6763,EVODEX-P7211,EVODEX-P7593"
EVODEX-N2239,O=[O:56]>>[H]C1([H])C(=O)[O:56]C([H])([H])C([H])([H])C1([H])[H],EVODEX-P6695
EVODEX-N2240,O=[O:58]>>[H]C([H])([H])C1([H])C(=O)[O:58]C([H])([H])C([H])([H])C([H])([H])C1([H])[H],EVODEX-P6704
EVODEX-N2241,[O:57]=[O:58]>>[H]C([H])([H])C1([H])C(=O)[O:58]C([H])([H])C([H])([H])C([H])([H])C1([H])[H].[H][O:57][H],EVODEX-P6706
EVODEX-N2242,[O:56]=[O:57]>>[H]OC(=O)C([H])([H])C1:C([H]):C([O:56][H]):C([H]):C([H]):C:1O[H].[H][O:57][H],EVODEX-P6709
EVODEX-N2243,[H][C:50]1:[C:49]:[C:55]:[C:54]([H]):[C:52]([O:53][H:92]):[C:51]:1.O=[O:56]>>[H][C:52]1:[C:51]:[C:50]([O:53][H:92]):[C:49]:[C:55]:[C:54]:1[O:56][H],EVODEX-P6710
EVODEX-N2244,[H][C:50]1:[C:49]:[C:55]:[C:54]([H]):[C:52]([O:53][H:92]):[C:51]:1>>[H]O[C:54]1:[C:52]([H]):[C:51]:[C:50]([O:53][H:92]):[C:49]:[C:55]:1,EVODEX-P6712
EVODEX-N2245,[H][C:50]1:[C:49]:[C:55]:[C:54]([H]):[C:52]([O:53][H:92]):[C:51]:1.[O:56]=[O:57]>>[H][C:52]1:[C:51]:[C:50]([O:53][H:92]):[C:49]:[C:55]:[C:54]:1[O:56][H].[H][O:57][H],EVODEX-P6713
EVODEX-N2246,O=[O:56]>>[H]OC(=O)C([H])([H])C1:C([H]):C([O:56][H]):C([H]):C([H]):C:1O[H],EVODEX-P6715
EVODEX-N2247,[O:67]=[O:68]>>[H]OC1:C([H]):C([H]):C([C@@]2([H])OC3:C(:C(O[H]):C([H]):C(O[H]):C:3[O:67][H])C(=O)[C@]2([H])O[H]):C([H]):C:1O[H].[H][O:68][H],EVODEX-P6724
EVODEX-N2248,O=[O:67]>>[H]OC1:C([H]):C([H]):C([C@@]2([H])OC3:C(:C(O[H]):C([H]):C(O[H]):C:3[O:67][H])C(=O)[C@]2([H])O[H]):C([H]):C:1O[H],EVODEX-P6730
EVODEX-N2249,[O:49]=[O:50]>>[H][O:50][H].[H]OC1:C(Cl):C([H]):C(Cl):C([H]):C:1[O:49][H],EVODEX-P6737
EVODEX-N2250,O=[O:49]>>[H]OC1:C(Cl):C([H]):C(Cl):C([H]):C:1[O:49][H],EVODEX-P6743
EVODEX-N2251,[O:49]=[O:50]>>[H][O:50][H].[H]OC1:C([H]):C([H]):C(Cl):C([H]):C:1[O:49][H],EVODEX-P6747
EVODEX-N2252,O=[O:49]>>[H]OC1:C([H]):C([H]):C(Cl):C([H]):C:1[O:49][H],EVODEX-P6753
EVODEX-N2253,[O:56]=[O:57]>>[H]C1([H])C(=O)[O:57]C([H])([H])C([H])([H])C([H])([H])C1([H])[H].[H][O:56][H],EVODEX-P6759
EVODEX-N2254,O=[O:57]>>[H]C1([H])C(=O)[O:57]C([H])([H])C([H])([H])C([H])([H])C1([H])[H],EVODEX-P6765
EVODEX-N2255,O=[O:58]>>[H]C1:C([H]):C([H]):C([S@@](C([H])([H])[H])=[O:58]):C([H]):C:1[H],EVODEX-P6774
EVODEX-N2256,[O:57]=[O:58]>>[H]C1:C([H]):C([H]):C([S@@](C([H])([H])[H])=[O:58]):C([H]):C:1[H].[H][O:57][H],EVODEX-P6776
EVODEX-N2257,[O:55]=[O:56]>>[H]OC(=O)C1:C([H]):C(O[H]):C([H]):C([H]):C:1[O:55][H].[H][O:56][H],EVODEX-P6788
EVODEX-N2258,O=[O:55]>>[H]OC(=O)C1:C([H]):C(O[H]):C([H]):C([H]):C:1[O:55][H],EVODEX-P6794
EVODEX-N2259,[H]OC(=O)C1:C([H]):C(O[H]):C([H]):C([H]):C:1[O:56][H].[H][O:45][H]>>[O:45]=[O:56],EVODEX-P6797
EVODEX-N2260,[H]OC(=O)C1:C([H]):C(O[H]):C([H]):C([H]):C:1[O:56][H]>>O=[O:56],EVODEX-P6800
EVODEX-N2261,[H][C:1]([H:48])([H:49])[H:50]>>[H]O[C:1]([H:48])([H:49])[H:50],EVODEX-P6807
EVODEX-N2262,[H][C:1]([H:48])([H:49])[H:50].O=[O:46]>>[H][O:46][C:1]([H:48])([H:49])[H:50],EVODEX-P6812
EVODEX-N2263,O=[O:46]>>[H]C([H])([H])[O:46][H],EVODEX-P6813
EVODEX-N2264,[H][C:1]([H:48])([H:49])[H:50].[O:46]=[O:47]>>[H][O:46][C:1]([H:48])([H:49])[H:50].[H][O:47][H],EVODEX-P6814
EVODEX-N2265,[O:46]=[O:47]>>[H]C([H])([H])[O:46][H].[H][O:47][H],EVODEX-P6815
EVODEX-N2266,O=[O:55]>>[H]C1:C([H]):C([O:55][H]):C([H]):C([H]):C:1N([H])[H],EVODEX-P6821
EVODEX-N2267,[H]C1:C([H]):C([C:50](=[O:51])[O:52][H]):C([H]):C([H]):C:1N([H])[H]>>[C:50](=[O:51])=[O:52],EVODEX-P6823
EVODEX-N2268,[O:55]=[O:56]>>[H]C1:C([H]):C([O:55][H]):C([H]):C([H]):C:1N([H])[H].[H][O:56][H],EVODEX-P6832
EVODEX-N2269,[H]C1:C([H]):C([C:50](=[O:51])[O:52][H]):C([H]):C([H]):C:1N([H])[H].O=[O:56]>>[C:50](=[O:51])=[O:52].[H][O:56][H],EVODEX-P6838
EVODEX-N2270,O=[O:68]>>[H]C1:C(S(C([H])([H])C([H])([H])C([H])([H])[H])=[O:68]):C([H]):C2:C(:N:C(N([H])C(=O)OC([H])([H])[H]):N:2[H]):C:1[H],EVODEX-P6888
EVODEX-N2271,[O:67]=[O:68]>>[H]C1:C(S(C([H])([H])C([H])([H])C([H])([H])[H])=[O:68]):C([H]):C2:C(:N:C(N([H])C(=O)OC([H])([H])[H]):N:2[H]):C:1[H].[H][O:67][H],EVODEX-P6890
EVODEX-N2272,[H]C1:C(S(C([H])([H])C([H])([H])C([H])([H])[H])=[O:5]):C([H]):C2:C(:N:C(N([H])C(=O)OC([H])([H])[H]):N:2[H]):C:1[H].[H][O:68][H]>>[O:5]=[O:68],EVODEX-P6892
EVODEX-N2273,[H]C1:C(S(C([H])([H])C([H])([H])C([H])([H])[H])=[O:5]):C([H]):C2:C(:N:C(N([H])C(=O)OC([H])([H])[H]):N:2[H]):C:1[H]>>O=[O:5],EVODEX-P6895
EVODEX-N2274,[C:3][S:4](=[O:5])[C:6].[H][O:68][H]>>[C:3][S:4][C:6].[O:5]=[O:68],EVODEX-P6896
EVODEX-N2275,[C:3][S:4](=[O:5])[C:6]>>[C:3][S:4][C:6].O=[O:5],EVODEX-P6899
EVODEX-N2276,O=[O:79]>>[H]OC(=O)C([H])([H])C([H])([H])C([H])([H])[C@]([H])(O[H])[C@]([H])(SC([H])([H])[C@@]([H])(C(=O)O[H])N([H])[H])/C([H])=C([H])/C([H])=C([H])/C([H])=C(/[H])C([H])([H])/C([H])=C(/[H])C([H])([H])C([H])([H])C([H])([H])C([H])([H])C([H])([H])[O:79][H],EVODEX-P6908
EVODEX-N2277,[O:79]=[O:80]>>[H]OC(=O)C([H])([H])C([H])([H])C([H])([H])[C@]([H])(O[H])[C@]([H])(SC([H])([H])[C@@]([H])(C(=O)O[H])N([H])[H])/C([H])=C([H])/C([H])=C([H])/C([H])=C(/[H])C([H])([H])/C([H])=C(/[H])C([H])([H])C([H])([H])C([H])([H])C([H])([H])C([H])([H])[O:79][H].[H][O:80][H],EVODEX-P6910
EVODEX-N2278,O=[O:83]>>[H]OC(=O)C([H])([H])C([H])([H])C([H])([H])[C@]([H])(O[H])[C@]([H])(SC([H])([H])C([H])(C(=O)O[H])N([H])C(=O)C([H])([H])[H])/C([H])=C([H])/C([H])=C([H])/C([H])=C(/[H])C([H])([H])/C([H])=C(/[H])C([H])([H])C([H])([H])C([H])([H])C([H])([H])C([H])([H])[O:83][H],EVODEX-P6918
EVODEX-N2279,[O:82]=[O:83]>>[H]OC(=O)C([H])([H])C([H])([H])C([H])([H])[C@]([H])(O[H])[C@]([H])(SC([H])([H])C([H])(C(=O)O[H])N([H])C(=O)C([H])([H])[H])/C([H])=C([H])/C([H])=C([H])/C([H])=C(/[H])C([H])([H])/C([H])=C(/[H])C([H])([H])C([H])([H])C([H])([H])C([H])([H])C([H])([H])[O:83][H].[H][O:82][H],EVODEX-P6920
EVODEX-N2280,[O:59]=[O:60]>>[H]OC(=O)C1:C([H]):C([H]):C([H]):C([O:59][H]):C:1[O:60][H],EVODEX-P6922
EVODEX-N2281,[H]OC(=O)C1:C([H]):C([H]):C([H]):C([H]):C:1[N:49]([H:91])[H:92]>>[H][N:49]([H:91])[H:92],EVODEX-P6926
EVODEX-N2282,[O:60]=[O:61]>>[H]OC(=O)C1:C([H]):C([H]):C(F):C([O:60][H]):C:1[O:61][H],EVODEX-P6934
EVODEX-N2283,[H]OC(=O)C1:C([H]):C([H]):C(F):C([H]):C:1[N:49]([H:92])[H:93]>>[H][N:49]([H:92])[H:93],EVODEX-P6938
EVODEX-N2284,[H][O:6][C:5]1:[C:4]([C:14]):[C:3]([C:31]):[C:2]([C:1]):[C:13](:[C:12]):[C:7]:1:[C:8]>>[H]O[C@@:2]1([C:1])[C:3]([C:31])=[C:4]([C:14])[C:5](=[O:6])[C:7](:[C:8]):[C:13]1:[C:12],EVODEX-P6946
EVODEX-N2285,[H][O:6][C:5]1:[C:4]([C:14]):[C:3]([C:31]):[C:2]([C:1]):[C:13](:[C:12]):[C:7]:1:[C:8].O=[O:81]>>[H][O:81][C@@:2]1([C:1])[C:3]([C:31])=[C:4]([C:14])[C:5](=[O:6])[C:7](:[C:8]):[C:13]1:[C:12],EVODEX-P6951
EVODEX-N2286,O=[O:81]>>[H]OC1=C(C(=O)N([H])[H])C(=O)[C@@]([H])(N(C([H])([H])[H])C([H])([H])[H])[C@]2([H])C([H])([H])C3=C(C(=O)C4:C(O[H]):C([H]):C([H]):C([H]):C:4[C@@]3(C([H])([H])[H])[O:81][H])C(=O)[C@]12O[H],EVODEX-P6952
EVODEX-N2287,[H][O:6][C:5]1:[C:4]([C:14]):[C:3]([C:31]):[C:2]([C:1]):[C:13](:[C:12]):[C:7]:1:[C:8].[O:80]=[O:81]>>[H][O:81][C@@:2]1([C:1])[C:3]([C:31])=[C:4]([C:14])[C:5](=[O:6])[C:7](:[C:8]):[C:13]1:[C:12].[H][O:80][H],EVODEX-P6953
EVODEX-N2288,[O:80]=[O:81]>>[H]OC1=C(C(=O)N([H])[H])C(=O)[C@@]([H])(N(C([H])([H])[H])C([H])([H])[H])[C@]2([H])C([H])([H])C3=C(C(=O)C4:C(O[H]):C([H]):C([H]):C([H]):C:4[C@@]3(C([H])([H])[H])[O:81][H])C(=O)[C@]12O[H].[H][O:80][H],EVODEX-P6954
EVODEX-N2289,[O:45]=[O:46]>>[H][O:46][H].[H]OC1:C(C2:C([H]):C([H]):C([H]):C([H]):C:2[H]):C([H]):C([H]):C([H]):C:1[O:45][H],EVODEX-P6958
EVODEX-N2290,O=[O:45]>>[H]OC1:C(C2:C([H]):C([H]):C([H]):C([H]):C:2[H]):C([H]):C([H]):C([H]):C:1[O:45][H],EVODEX-P6964
EVODEX-N2291,O=[O:61]>>[H]OC1([H])C([H])(C(C([H])([H])[H])(C([H])([H])[H])[O:61][H])C([H])([H])C([H])([H])[C@@]([H])(C([H])([H])[H])C1([H])[H],EVODEX-P6980
EVODEX-N2292,[H][C:2]([C:1])([C:3])[C:4].[O:60]=[O:61]>>[H][O:61][C:2]([C:1])([C:3])[C:4].[H][O:60][H],"EVODEX-P6981,EVODEX-P7458,EVODEX-P7468,EVODEX-P8192,EVODEX-P8353,EVODEX-P8560,EVODEX-P8570,EVODEX-P9040"
EVODEX-N2293,[O:60]=[O:61]>>[H]OC1([H])C([H])(C(C([H])([H])[H])(C([H])([H])[H])[O:61][H])C([H])([H])C([H])([H])[C@@]([H])(C([H])([H])[H])C1([H])[H].[H][O:60][H],EVODEX-P6982
EVODEX-N2294,[O:49]=[O:50]>>[H][O:50][H].[H]OC1:C(Cl):C([H]):C([O:49][H]):C(Cl):C:1Cl,EVODEX-P6984
EVODEX-N2295,O=[O:49]>>[H]OC1:C(Cl):C([H]):C([O:49][H]):C(Cl):C:1Cl,EVODEX-P6990
EVODEX-N2296,[O:4][C@:5]([C:6])([C:7])[C:11]([C:10])=[O:12].O=[O:62]>>[O:4][C:5]([C:6])([C:7])[O:62][C:11]([C:10])=[O:12],EVODEX-P7000
EVODEX-N2297,O=[O:62]>>[H]C([H])([H])C1(C([H])([H])[H])OC2(C([H])([H])[H])C([H])([H])C([H])([H])[C@@]1([H])C([H])([H])C(=O)[O:62]2,EVODEX-P7001
EVODEX-N2298,[O:4][C@:5]([C:6])([C:7])[C:11]([C:10])=[O:12].[O:61]=[O:62]>>[O:4][C:5]([C:6])([C:7])[O:62][C:11]([C:10])=[O:12].[H][O:61][H],EVODEX-P7002
EVODEX-N2299,[O:61]=[O:62]>>[H]C([H])([H])C1(C([H])([H])[H])OC2(C([H])([H])[H])C([H])([H])C([H])([H])[C@@]1([H])C([H])([H])C(=O)[O:62]2.[H][O:61][H],EVODEX-P7003
EVODEX-N2300,[C:1][C:2](=[O:3])[C@@:4]([C:5])([C:22])[H:77].O=[O:73]>>[C:1][C:2](=[O:3])[O:73][C@@:4]([C:5])([C:22])[H:77],"EVODEX-P7010,EVODEX-P7229,EVODEX-P7496,EVODEX-P7506,EVODEX-P7601"
EVODEX-N2301,O=[O:73]>>[H]C1=C2C([H])([H])C([H])([H])[C@@]3([H])[C@]4([H])C([H])([H])C([H])([H])[C@]([H])([O:73]C(=O)C([H])([H])[H])[C@@]4(C([H])([H])[H])C([H])([H])C([H])([H])[C@]3([H])[C@@]2(C([H])([H])[H])C([H])([H])C([H])([H])C1=O,EVODEX-P7011
EVODEX-N2302,[C:1][C:2](=[O:3])[C@@:4]([C:5])([C:22])[H:77].[O:72]=[O:73]>>[C:1][C:2](=[O:3])[O:73][C@@:4]([C:5])([C:22])[H:77].[H][O:72][H],"EVODEX-P7012,EVODEX-P7231,EVODEX-P7498,EVODEX-P7508,EVODEX-P7603"
EVODEX-N2303,[O:72]=[O:73]>>[H]C1=C2C([H])([H])C([H])([H])[C@@]3([H])[C@]4([H])C([H])([H])C([H])([H])[C@]([H])([O:73]C(=O)C([H])([H])[H])[C@@]4(C([H])([H])[H])C([H])([H])C([H])([H])[C@]3([H])[C@@]2(C([H])([H])[H])C([H])([H])C([H])([H])C1=O.[H][O:72][H],EVODEX-P7013
EVODEX-N2304,[C:14][C@:15]([C:16])([C:17](=[O:18])[C:19])[C:21].O=[O:71]>>[C:14][C@@:15]([C:16])([C:21])[O:71][C:17](=[O:18])[C:19],EVODEX-P7020
EVODEX-N2305,O=[O:71]>>[H]C1=C2C([H])([H])C([H])([H])[C@@]3([H])[C@]4([H])C([H])([H])C([H])([H])C(=O)[O:71][C@@]4(C([H])([H])[H])C([H])([H])C([H])([H])[C@]3([H])[C@@]2(C([H])([H])[H])C([H])([H])C([H])([H])C1=O,EVODEX-P7021
EVODEX-N2306,[C:14][C@:15]([C:16])([C:17](=[O:18])[C:19])[C:21].[O:70]=[O:71]>>[C:14][C@@:15]([C:16])([C:21])[O:71][C:17](=[O:18])[C:19].[H][O:70][H],EVODEX-P7022
EVODEX-N2307,[O:70]=[O:71]>>[H]C1=C2C([H])([H])C([H])([H])[C@@]3([H])[C@]4([H])C([H])([H])C([H])([H])C(=O)[O:71][C@@]4(C([H])([H])[H])C([H])([H])C([H])([H])[C@]3([H])[C@@]2(C([H])([H])[H])C([H])([H])C([H])([H])C1=O.[H][O:70][H],EVODEX-P7023
EVODEX-N2308,O=[O:105]>>[H]O[C@]1([H])[C@]([H])(OP(=O)(O[H])O[H])[C@@]([H])(C([H])([H])OP(=O)(O[H])OP(=O)(O[H])OC([H])([H])C(C([H])([H])[H])(C([H])([H])[H])[C@@]([H])(O[H])C(=O)N([H])C([H])([H])C([H])([H])C(=O)N([H])C([H])([H])C([H])([H])SC(=O)C2:C([H]):C([H]):C([H]):C([O:105][H]):C:2[H])O[C@@]1([H])N1:C([H]):N:C2:C(N([H])[H]):N:C([H]):N:C:2:1,EVODEX-P7031
EVODEX-N2309,[O:105]=[O:106]>>[H]O[C@]1([H])[C@]([H])(OP(=O)(O[H])O[H])[C@@]([H])(C([H])([H])OP(=O)(O[H])OP(=O)(O[H])OC([H])([H])C(C([H])([H])[H])(C([H])([H])[H])[C@@]([H])(O[H])C(=O)N([H])C([H])([H])C([H])([H])C(=O)N([H])C([H])([H])C([H])([H])SC(=O)C2:C([H]):C([H]):C([H]):C([O:105][H]):C:2[H])O[C@@]1([H])N1:C([H]):N:C2:C(N([H])[H]):N:C([H]):N:C:2:1.[H][O:106][H],EVODEX-P7033
EVODEX-N2310,[O:59]=[O:60]>>[H]OC(=O)[C@@]([H])(N([H])[H])C([H])([H])C([H])([H])C([H])([H])C([H])([H])N([H])[O:59][H].[H][O:60][H],EVODEX-P7036
EVODEX-N2311,[H][N:49]([C:50])[H:91].O=[O:59]>>[H][O:59][N:49]([C:50])[H:91],"EVODEX-P7037,EVODEX-P7677,EVODEX-P7694,EVODEX-P8050,EVODEX-P8318"
EVODEX-N2312,[H][N:49]([C:50])[H:91]>>[H]O[N:49]([C:50])[H:91],"EVODEX-P7039,EVODEX-P7672,EVODEX-P7696,EVODEX-P8052,EVODEX-P8320"
EVODEX-N2313,[H][N:49]([C:50])[H:91].[O:59]=[O:60]>>[H][O:59][N:49]([C:50])[H:91].[H][O:60][H],"EVODEX-P7040,EVODEX-P7679,EVODEX-P7697,EVODEX-P8053,EVODEX-P8321"
EVODEX-N2314,O=[O:59]>>[H]OC(=O)[C@@]([H])(N([H])[H])C([H])([H])C([H])([H])C([H])([H])C([H])([H])N([H])[O:59][H],EVODEX-P7042
EVODEX-N2315,[O:45]=[O:46]>>[H][O:46][H].[H]C1:C([H]):C([O:45][H]):C2:C(:C:1[H]):C([H]):C([H]):C(=O):N:2[H],EVODEX-P7049
EVODEX-N2316,O=[O:45]>>[H]C1:C([H]):C([O:45][H]):C2:C(:C:1[H]):C([H]):C([H]):C(=O):N:2[H],EVODEX-P7055
EVODEX-N2317,[O:45]=[O:46]>>[H][O:46][H].[H]C1:C([H]):C([H]):C2:C(:C:1[H]):C(=O):C([O:45][H]):C([H]):N:2[H],EVODEX-P7059
EVODEX-N2318,O=[O:45]>>[H]C1:C([H]):C([H]):C2:C(:C:1[H]):C(=O):C([O:45][H]):C([H]):N:2[H],EVODEX-P7065
EVODEX-N2319,[H]OC1:C([H]):C([H]):C([C:46](=[O:45])[O:47][H]):C(O[H]):C:1[H]>>[O:45]=[C:46]=[O:47],EVODEX-P7088
EVODEX-N2320,[H]OC1:C([H]):C([H]):C([C:46](=[O:45])[O:47][H]):C(O[H]):C:1[H].O=[O:57]>>[O:45]=[C:46]=[O:47].[H][O:57][H],EVODEX-P7090
EVODEX-N2321,[O:57]=[O:58]>>[H]OC1([H])C([H])([H])C([H])([H])C([H])([H])C([H])([H])C(=O)[O:58]1.[H][O:57][H],EVODEX-P7111
EVODEX-N2322,[O:49]=[C:50]([C:51])[C:55]([C:54])([O:56])[H:91].O=[O:58]>>[O:49]=[C:50]([C:51])[O:58][C:55]([C:54])([O:56])[H:91],EVODEX-P7112
EVODEX-N2323,[O:49]=[C:50]([C:51])[C:55]([C:54])([O:56])[H:91].[O:57]=[O:58]>>[O:49]=[C:50]([C:51])[O:58][C:55]([C:54])([O:56])[H:91].[H][O:57][H],EVODEX-P7115
EVODEX-N2324,O=[O:58]>>[H]OC1([H])C([H])([H])C([H])([H])C([H])([H])C([H])([H])C(=O)[O:58]1,EVODEX-P7117
EVODEX-N2325,[C:1](=[C:2]([C:3])[H:52])([H:50])[H:51]>>O1[C:1]([H:50])([H:51])[C:2]1([C:3])[H:52],"EVODEX-P7120,EVODEX-P8098"
EVODEX-N2326,[C:1](=[C:2]([C:3])[H:52])([H:50])[H:51].O=[O:49]>>[C:1]1([H:50])([H:51])[C:2]([C:3])([H:52])[O:49]1,"EVODEX-P7125,EVODEX-P8103"
EVODEX-N2327,O=[O:49]>>[H]C([H])([H])C1([H])C([H])([H])[O:49]1,EVODEX-P7126
EVODEX-N2328,[C:1](=[C:2]([C:3])[H:52])([H:50])[H:51].[O:48]=[O:49]>>[C:1]1([H:50])([H:51])[C:2]([C:3])([H:52])[O:49]1.[H][O:48][H],"EVODEX-P7127,EVODEX-P8105"
EVODEX-N2329,[O:48]=[O:49]>>[H]C([H])([H])C1([H])C([H])([H])[O:49]1.[H][O:48][H],EVODEX-P7128
EVODEX-N2330,[Cl:1][C:2](=[C:3]([Cl:4])[Cl:5])[H:52]>>O1[C:2]([Cl:1])([H:52])[C:3]1([Cl:4])[Cl:5],EVODEX-P7130
EVODEX-N2331,[Cl:1][C:2](=[C:3]([Cl:4])[Cl:5])[H:52].O=[O:51]>>[Cl:1][C:2]1([H:52])[C:3]([Cl:4])([Cl:5])[O:51]1,EVODEX-P7135
EVODEX-N2332,O=[O:51]>>[H]C1(Cl)C(Cl)(Cl)[O:51]1,EVODEX-P7136
EVODEX-N2333,[Cl:1][C:2](=[C:3]([Cl:4])[Cl:5])[H:52].[O:50]=[O:51]>>[Cl:1][C:2]1([H:52])[C:3]([Cl:4])([Cl:5])[O:51]1.[H][O:50][H],EVODEX-P7137
EVODEX-N2334,[O:50]=[O:51]>>[H]C1(Cl)C(Cl)(Cl)[O:51]1.[H][O:50][H],EVODEX-P7138
EVODEX-N2335,[H]OC(=O)C1:C([H]):C([H]):C(O[H]):C(O[C:1]([H])([H:59])[H:60]):C:1[H]>>O=[C:1]([H:59])[H:60],EVODEX-P7140
EVODEX-N2336,[H]OC(=O)C1:C([H]):C([H]):C(O[H]):C(O[C:1]([H])([H:59])[H:60]):C:1[H].O=[O:58]>>[C:1](=[O:58])([H:59])[H:60],EVODEX-P7148
EVODEX-N2337,[H]C([H])([H])[O:2][C:3].O=[O:57]>>[H][O:57][H].[H][O:2][C:3],"EVODEX-P7152,EVODEX-P9017"
EVODEX-N2338,[H]OC(=O)C1:C([H]):C([H]):C(O[H]):C(O[C:1]([H])([H:59])[H:60]):C:1[H].[O:57]=[O:58]>>[C:1](=[O:58])([H:59])[H:60].[H][O:57][H],EVODEX-P7153
EVODEX-N2339,[O:57]=[O:58]>>[H]C([H])=[O:58].[H][O:57][H],EVODEX-P7154
EVODEX-N2340,O=[C:1]([H:59])[H:60]>>[H]OC(=O)C1:C([H]):C([H]):C(O[H]):C(O[C:1]([H])([H:59])[H:60]):C:1[H],EVODEX-P7158
EVODEX-N2341,[H][O:43][C:42]>>[H]C([H])([H])[O:43][C:42],"EVODEX-P7161,EVODEX-P9346,EVODEX-P9351,EVODEX-P9363,EVODEX-P9368,EVODEX-P9395,EVODEX-P9425,EVODEX-P9430,EVODEX-P9469,EVODEX-P9474,EVODEX-P9479,EVODEX-P9484,EVODEX-P9513,EVODEX-P9518,EVODEX-P9524,EVODEX-P9529,EVODEX-P9544,EVODEX-P9549,EVODEX-P9576,EVODEX-P9581,EVODEX-P9600,EVODEX-P9605,EVODEX-P9645,EVODEX-P9650,EVODEX-P9655,EVODEX-P9661,EVODEX-P9666,EVODEX-P9681,EVODEX-P9686,EVODEX-P9691,EVODEX-P9696,EVODEX-P9706,EVODEX-P9710,EVODEX-P9716,EVODEX-P9720,EVODEX-P9725,EVODEX-P9730,EVODEX-P9736,EVODEX-P9740,EVODEX-P9755,EVODEX-P9761,EVODEX-P9765,EVODEX-P9770,EVODEX-P9775,EVODEX-P9780,EVODEX-P9803,EVODEX-P9808,EVODEX-P9812,EVODEX-P9817,EVODEX-P9832,EVODEX-P9837,EVODEX-P9872,EVODEX-P9877,EVODEX-P9882,EVODEX-P9887,EVODEX-P9892,EVODEX-P9897,EVODEX-P9912,EVODEX-P9917,EVODEX-P9923,EVODEX-P9938,EVODEX-P9943,EVODEX-P9948,EVODEX-P9953,EVODEX-P9957,EVODEX-P9962,EVODEX-P9978,EVODEX-P9982,EVODEX-P9987,EVODEX-P10001,EVODEX-P10011,EVODEX-P10016,EVODEX-P10021,EVODEX-P10026,EVODEX-P10031,EVODEX-P10052,EVODEX-P10062,EVODEX-P10067,EVODEX-P10081,EVODEX-P10092,EVODEX-P10097,EVODEX-P10122,EVODEX-P10127,EVODEX-P10132,EVODEX-P10142,EVODEX-P10146,EVODEX-P10151,EVODEX-P10157,EVODEX-P10161,EVODEX-P10166,EVODEX-P10172,EVODEX-P10212,EVODEX-P10217,EVODEX-P10226,EVODEX-P10231,EVODEX-P10237,EVODEX-P10241,EVODEX-P10256,EVODEX-P10261,EVODEX-P10267,EVODEX-P10271,EVODEX-P10276,EVODEX-P10291,EVODEX-P10297,EVODEX-P10302,EVODEX-P10307,EVODEX-P10316,EVODEX-P10321,EVODEX-P10326,EVODEX-P10332,EVODEX-P10337,EVODEX-P10342,EVODEX-P10361,EVODEX-P10366,EVODEX-P10405,EVODEX-P10410,EVODEX-P10425,EVODEX-P10430,EVODEX-P10435,EVODEX-P10439,EVODEX-P10444,EVODEX-P10449,EVODEX-P10455,EVODEX-P10465,EVODEX-P10470,EVODEX-P10490,EVODEX-P10495,EVODEX-P10504,EVODEX-P10509,EVODEX-P10514,EVODEX-P10519,EVODEX-P10524,EVODEX-P10529,EVODEX-P10534,EVODEX-P10570,EVODEX-P10575,EVODEX-P10580,EVODEX-P10589,EVODEX-P10594,EVODEX-P10599,EVODEX-P10604,EVODEX-P10609,EVODEX-P10614,EVODEX-P10619,EVODEX-P10624,EVODEX-P10649,EVODEX-P10655,EVODEX-P10660,EVODEX-P10674,EVODEX-P10695,EVODEX-P10709,EVODEX-P10714,EVODEX-P10719,EVODEX-P10753,EVODEX-P10768,EVODEX-P10773,EVODEX-P10778,EVODEX-P10783,EVODEX-P10798,EVODEX-P10804"
EVODEX-N2342,[C:1](=[O:2])([H:59])[H:60].[H][O:47][H]>>[H]OC(=O)C1:C([H]):C([H]):C(O[H]):C(O[C:1]([H])([H:59])[H:60]):C:1[H].[O:2]=[O:47],EVODEX-P7165
EVODEX-N2343,O=[C:1]([H:59])[H:60].[H][O:57][C:56]>>[H][C:1]([O:57][C:56])([H:59])[H:60],EVODEX-P7166
EVODEX-N2344,[H]C([H])=[O:2]>>O=[O:2],EVODEX-P7167
EVODEX-N2345,[C:1](=[O:2])([H:59])[H:60].[H][O:57][C:56]>>[H][C:1]([O:57][C:56])([H:59])[H:60].O=[O:2],EVODEX-P7168
EVODEX-N2346,[C:1](=[O:2])([H:59])[H:60].[H][O:57][C:56].[H][O:47][H]>>[H][C:1]([O:57][C:56])([H:59])[H:60].[O:2]=[O:47],EVODEX-P7171
EVODEX-N2347,[C:1](=[O:2])([H:59])[H:60]>>[H]OC(=O)C1:C([H]):C([H]):C(O[H]):C(O[C:1]([H])([H:59])[H:60]):C:1[H].O=[O:2],EVODEX-P7173
EVODEX-N2348,[H][O:57][C:56].[H][O:47][H]>>[H]C([H])([H])[O:57][C:56].O=[O:47],EVODEX-P7175
EVODEX-N2349,[H]C([H])=[O:2].[H][O:47][H]>>[O:2]=[O:47],EVODEX-P7176
EVODEX-N2350,[C:1]/[C:2](=[C:3](/[N:4])[C:58])[C:28].[H][O:63][C:61]>>[H]O[C@:2]([C:1])([C@@:3]([N:4])([C:58])[O:63][C:61])[C:28],EVODEX-P7179
EVODEX-N2351,[C:1]/[C:2](=[C:3](/[N:4])[C:58])[C:28].[H][O:63][C:61].O=[O:109]>>[H][O:109][C@:2]([C:1])([C@@:3]([N:4])([C:58])[O:63][C:61])[C:28],EVODEX-P7184
EVODEX-N2352,O=[O:109]>>[H]OC(=O)C([H])([H])C1:C(C([H])([H])C([H])([H])C(=O)O[H]):C2:N([H]):C:1C([H])=C1N([H])C(=C([H])C3=N[C@]4(OC(=O)C([H])([H])[C@@]4(C([H])([H])[H])[C@]3([H])C([H])([H])C([H])([H])C(=O)O[H])[C@@](C([H])([H])[H])([O:109][H])C3:C(C([H])([H])C(=O)O[H]):C(C([H])([H])C([H])([H])C(=O)O[H]):C(:N:3[H])C2([H])[H])[C@@](C([H])([H])[H])(C([H])([H])C(=O)O[H])[C@]1([H])C([H])([H])C([H])([H])C(=O)O[H],EVODEX-P7185
EVODEX-N2353,[C:1]/[C:2](=[C:3](/[N:4])[C:58])[C:28].[H][O:63][C:61].[O:108]=[O:109]>>[H][O:109][C@:2]([C:1])([C@@:3]([N:4])([C:58])[O:63][C:61])[C:28].[H][O:108][H],EVODEX-P7186
EVODEX-N2354,[O:108]=[O:109]>>[H]OC(=O)C([H])([H])C1:C(C([H])([H])C([H])([H])C(=O)O[H]):C2:N([H]):C:1C([H])=C1N([H])C(=C([H])C3=N[C@]4(OC(=O)C([H])([H])[C@@]4(C([H])([H])[H])[C@]3([H])C([H])([H])C([H])([H])C(=O)O[H])[C@@](C([H])([H])[H])([O:109][H])C3:C(C([H])([H])C(=O)O[H]):C(C([H])([H])C([H])([H])C(=O)O[H]):C(:N:3[H])C2([H])[H])[C@@](C([H])([H])[H])(C([H])([H])C(=O)O[H])[C@]1([H])C([H])([H])C([H])([H])C(=O)O[H].[H][O:108][H],EVODEX-P7187
EVODEX-N2355,[C:1][C:2](=[O:3])[C:4](:[C:5]):[C:10].O=[O:60]>>[C:1][C:2](=[O:3])[O:60][C:4](:[C:5]):[C:10],"EVODEX-P7194,EVODEX-P7216"
EVODEX-N2356,O=[O:60]>>[H]OC1:C([H]):C([H]):C([O:60]C(=O)C([H])([H])[H]):C([H]):C:1[H],EVODEX-P7195
EVODEX-N2357,[C:1][C:2](=[O:3])[C:4](:[C:5]):[C:10].[O:59]=[O:60]>>[C:1][C:2](=[O:3])[O:60][C:4](:[C:5]):[C:10].[H][O:59][H],"EVODEX-P7196,EVODEX-P7219"
EVODEX-N2358,[O:59]=[O:60]>>[H]OC1:C([H]):C([H]):C([O:60]C(=O)C([H])([H])[H]):C([H]):C:1[H].[H][O:59][H],EVODEX-P7197
EVODEX-N2359,O=[O:60]>>[H]C1:C([H]):C([H]):C(C([H])([H])[O:60]C(=O)C([H])([H])[H]):C([H]):C:1[H],EVODEX-P7210
EVODEX-N2360,[O:59]=[O:60]>>[H]C1:C([H]):C([H]):C(C([H])([H])[O:60]C(=O)C([H])([H])[H]):C([H]):C:1[H].[H][O:59][H],EVODEX-P7212
EVODEX-N2361,[O:59]=[O:60]>>[H]C1:C([H]):C([H]):C2:C(:C:1[H])C([H])([H])C([H])([H])C(=O)[O:60]2.[H][O:59][H],EVODEX-P7215
EVODEX-N2362,O=[O:60]>>[H]C1:C([H]):C([H]):C2:C(:C:1[H])C([H])([H])C([H])([H])C(=O)[O:60]2,EVODEX-P7221
EVODEX-N2363,O=[O:61]>>[H]C([H])=C(C([H])([H])[H])[C@@]1([H])C([H])([H])C(=O)[O:61][C@]([H])(C([H])([H])[H])C([H])([H])C1([H])[H],EVODEX-P7230
EVODEX-N2364,[O:60]=[O:61]>>[H]C([H])=C(C([H])([H])[H])[C@@]1([H])C([H])([H])C(=O)[O:61][C@]([H])(C([H])([H])[H])C([H])([H])C1([H])[H].[H][O:60][H],EVODEX-P7232
EVODEX-N2365,[C:1]=[C:2]([C:3])[C@@:4]([C:5])([C:12])[H:68].O=[O:62]>>[C:1]=[C:2]([C:3])[O:62][C@@:4]([C:5])([C:12])[H:68],EVODEX-P7239
EVODEX-N2366,O=[O:62]>>[H]O[C@@]1(C([H])([H])[H])C(=O)C([H])([H])[C@@]([H])([O:62]C(=C([H])[H])C([H])([H])[H])C([H])([H])C1([H])[H],EVODEX-P7240
EVODEX-N2367,[C:1]=[C:2]([C:3])[C@@:4]([C:5])([C:12])[H:68].[O:61]=[O:62]>>[C:1]=[C:2]([C:3])[O:62][C@@:4]([C:5])([C:12])[H:68].[H][O:61][H],EVODEX-P7241
EVODEX-N2368,[O:61]=[O:62]>>[H]O[C@@]1(C([H])([H])[H])C(=O)C([H])([H])[C@@]([H])([O:62]C(=C([H])[H])C([H])([H])[H])C([H])([H])C1([H])[H].[H][O:61][H],EVODEX-P7242
EVODEX-N2369,[C:26][C:27](=[C:28]([C:29])[C:30])[H:126]>>O1[C:27]([C:26])([H:126])[C:28]1([C:29])[C:30],"EVODEX-P7244,EVODEX-P7471,EVODEX-P8165,EVODEX-P8175,EVODEX-P9043"
EVODEX-N2370,[C:26][C:27](=[C:28]([C:29])[C:30])[H:126].O=[O:80]>>[C:26][C:27]1([H:126])[C:28]([C:29])([C:30])[O:80]1,"EVODEX-P7249,EVODEX-P7476,EVODEX-P8170,EVODEX-P8180,EVODEX-P9048"
EVODEX-N2371,O=[O:55]>>[H]C([H])=C(C([H])([H])[H])[C@]1([H])C([H])([H])C([H])([H])C2(C([H])([H])[H])C([H])(C1([H])[H])[O:55]2,EVODEX-P7250
EVODEX-N2372,[C:26][C:27](=[C:28]([C:29])[C:30])[H:126].[O:79]=[O:80]>>[C:26][C:27]1([H:126])[C:28]([C:29])([C:30])[O:80]1.[H][O:79][H],"EVODEX-P7251,EVODEX-P7478,EVODEX-P8172,EVODEX-P8182,EVODEX-P9050"
EVODEX-N2373,[O:55]=[O:56]>>[H]C([H])=C(C([H])([H])[H])[C@]1([H])C([H])([H])C([H])([H])C2(C([H])([H])[H])C([H])(C1([H])[H])[O:55]2.[H][O:56][H],EVODEX-P7252
EVODEX-N2374,[H]OS(=O)(=O)[C:1]([H])([H:52])[H:53]>>O=[C:1]([H:52])[H:53],EVODEX-P7254
EVODEX-N2375,[H][C:1]([S:2](=[O:3])(=[O:4])[O:5])([H:52])[H:53].[O:50]=[O:51]>>[C:1](=[O:50])([H:52])[H:53].[H][O:51][H].[H][O:3][S:2](=[O:4])[O:5],EVODEX-P7257
EVODEX-N2376,[H]OS(=O)(=O)[C:1]([H])([H:52])[H:53].O=[O:50]>>[C:1](=[O:50])([H:52])[H:53],EVODEX-P7260
EVODEX-N2377,[H][C:1]([S:2](=[O:3])(=[O:4])[O:5])([H:52])[H:53].O=[O:50]>>[C:1](=[O:50])([H:52])[H:53].[H][O:3][S:2](=[O:4])[O:5],EVODEX-P7262
EVODEX-N2378,[H]C([H])([H])[S:2](=[O:3])(=[O:4])[O:5]>>[H][O:3][S:2](=[O:4])[O:5],EVODEX-P7263
EVODEX-N2379,[H]C([H])([H])[S:2](=[O:3])(=[O:4])[O:5].O=[O:51]>>[H][O:51][H].[H][O:3][S:2](=[O:4])[O:5],EVODEX-P7264
EVODEX-N2380,[H]OS(=O)(=O)[C:1]([H])([H:52])[H:53].[O:50]=[O:51]>>[C:1](=[O:50])([H:52])[H:53].[H][O:51][H],EVODEX-P7265
EVODEX-N2381,[H][C:1]([S:2](=[O:3])(=[O:4])[O:5])([H:52])[H:53]>>O=[C:1]([H:52])[H:53].[H][O:3][S:2](=[O:4])[O:5],EVODEX-P7266
EVODEX-N2382,O=[O:55]>>[H]C1:C([O:55][H]):C([H]):N([H]):C(=O):C:1[H],EVODEX-P7273
EVODEX-N2383,[H]C1:C([C:46](=[O:45])[O:47][H]):C([H]):N([H]):C(=O):C:1[H]>>[O:45]=[C:46]=[O:47],EVODEX-P7276
EVODEX-N2384,[H]C1:C([C:46](=[O:45])[O:47][H]):C([H]):N([H]):C(=O):C:1[H].O=[O:56]>>[O:45]=[C:46]=[O:47].[H][O:56][H],EVODEX-P7278
EVODEX-N2385,[O:55]=[O:56]>>[H][O:56][H].[H]C1:C([O:55][H]):C([H]):N([H]):C(=O):C:1[H],EVODEX-P7279
EVODEX-N2386,O=[O:55]>>[H]OC1:C([H]):C([H]):C([O:55][H]):C([H]):C:1[H],EVODEX-P7293
EVODEX-N2387,[H]OC1:C([H]):C([H]):C([C:46](=[O:45])[O:47][H]):C([H]):C:1[H]>>[O:45]=[C:46]=[O:47],EVODEX-P7296
EVODEX-N2388,[H]OC1:C([H]):C([H]):C([C:46](=[O:45])[O:47][H]):C([H]):C:1[H].O=[O:56]>>[O:45]=[C:46]=[O:47].[H][O:56][H],EVODEX-P7298
EVODEX-N2389,[O:55]=[O:56]>>[H][O:56][H].[H]OC1:C([H]):C([H]):C([O:55][H]):C([H]):C:1[H],EVODEX-P7299
EVODEX-N2390,[O:53]=[O:54]>>[H]OC(=O)C1:C([H]):C([H]):C([O:53][H]):N:1[H].[H][O:54][H],EVODEX-P7317
EVODEX-N2391,O=[O:53]>>[H]OC(=O)C1:C([H]):C([H]):C([O:53][H]):N:1[H],EVODEX-P7323
EVODEX-N2392,[H]C([H])([H])S[C:1]([H])([H:50])[H:51]>>O=[C:1]([H:50])[H:51],EVODEX-P7326
EVODEX-N2393,[H][C:1]([S:2])([H:50])[H:51].[O:48]=[O:49]>>[C:1](=[O:49])([H:50])[H:51].[H][O:48][H].[H][S:2],EVODEX-P7329
EVODEX-N2394,[H]C([H])([H])S[C:1]([H])([H:50])[H:51].O=[O:49]>>[C:1](=[O:49])([H:50])[H:51],EVODEX-P7332
EVODEX-N2395,[H][C:1]([S:2])([H:50])[H:51].O=[O:49]>>[C:1](=[O:49])([H:50])[H:51].[H][S:2],EVODEX-P7334
EVODEX-N2396,[H]C([H])([H])[S:2][C:3]>>[H][S:2][C:3],"EVODEX-P7335,EVODEX-P9789"
EVODEX-N2397,[H]C([H])([H])[S:2][C:3].O=[O:48]>>[H][O:48][H].[H][S:2][C:3],EVODEX-P7336
EVODEX-N2398,[H]C([H])([H])S[C:1]([H])([H:50])[H:51].[O:48]=[O:49]>>[C:1](=[O:49])([H:50])[H:51].[H][O:48][H],EVODEX-P7337
EVODEX-N2399,[H]C([H])([H])C([H])([H])[S:3][C:2]>>[H][S:3][C:2],EVODEX-P7343
EVODEX-N2400,[H]C([H])([H])C([H])([H])S[C:4]([H])([C:5])[H:57].[O:50]=[O:51]>>[C:4]([C:5])(=[O:51])[H:57].[H][O:50][H],EVODEX-P7344
EVODEX-N2401,[O:50]=[O:51]>>[H]C(C([H])([H])[H])=[O:51].[H][O:50][H],EVODEX-P7347
EVODEX-N2402,[H]C([H])([H])C([H])([H])S[C:4]([H])([C:5])[H:57]>>O=[C:4]([C:5])[H:57],EVODEX-P7348
EVODEX-N2403,[H]C([H])([H])C([H])([H])[S:3][C:2].O=[O:50]>>[H][S:3][C:2].[H][O:50][H],EVODEX-P7351
EVODEX-N2404,[H][C:4]([S:3])([C:5])[H:57].[O:50]=[O:51]>>[H][S:3].[C:4]([C:5])(=[O:51])[H:57].[H][O:50][H],EVODEX-P7354
EVODEX-N2405,[H]C([H])([H])C([H])([H])S[C:4]([H])([C:5])[H:57].O=[O:51]>>[C:4]([C:5])(=[O:51])[H:57],EVODEX-P7356
EVODEX-N2406,[H][C:4]([S:3])([C:5])[H:57].O=[O:51]>>[H][S:3].[C:4]([C:5])(=[O:51])[H:57],EVODEX-P7359
EVODEX-N2407,O=[O:59]>>[H]OC1:C([O:59][H]):C([H]):C([H]):C2:C([H]):C([H]):C([H]):C([H]):C:1:2,EVODEX-P7364
EVODEX-N2408,[H]OC1:C([C:46](=[O:45])[O:47][H]):C([H]):C([H]):C2:C([H]):C([H]):C([H]):C([H]):C:1:2>>[O:45]=[C:46]=[O:47],EVODEX-P7367
EVODEX-N2409,[H]OC1:C([C:46](=[O:45])[O:47][H]):C([H]):C([H]):C2:C([H]):C([H]):C([H]):C([H]):C:1:2.O=[O:60]>>[O:45]=[C:46]=[O:47].[H][O:60][H],EVODEX-P7369
EVODEX-N2410,[O:59]=[O:60]>>[H][O:60][H].[H]OC1:C([O:59][H]):C([H]):C([H]):C2:C([H]):C([H]):C([H]):C([H]):C:1:2,EVODEX-P7370
EVODEX-N2411,O=[O:74]>>[H]O[C@]1([H])C2=C(C([H])([H])[H])C([H])([H])[C@]([H])([O:74][H])[C@]([H])(C2(C([H])([H])[H])C([H])([H])[H])C([H])([H])[C@]2([H])C(=C([H])[H])[C@@]([H])(OC(=O)C([H])([H])[H])C([H])([H])C([H])([H])[C@@]2(C([H])([H])[H])C1([H])[H],EVODEX-P7397
EVODEX-N2412,[O:74]=[O:75]>>[H]O[C@]1([H])C2=C(C([H])([H])[H])C([H])([H])[C@]([H])([O:74][H])[C@]([H])(C2(C([H])([H])[H])C([H])([H])[H])C([H])([H])[C@]2([H])C(=C([H])[H])[C@@]([H])(OC(=O)C([H])([H])[H])C([H])([H])C([H])([H])[C@@]2(C([H])([H])[H])C1([H])[H].[H][O:75][H],EVODEX-P7399
EVODEX-N2413,O=[O:85]>>[H]C([H])=C1[C@@]2([H])C([H])([H])[C@@]3([H])C(C([H])([H])[H])(C([H])([H])[H])C(=C(C([H])([H])[H])[C@@]([H])(OC(=O)C([H])([H])[H])C3([H])[H])[C@@]([H])(OC(=O)C([H])([H])[H])[C@]([H])(OC(=O)C([H])([H])[H])[C@]2(C([H])([H])[H])[C@@]([H])([O:85][H])C([H])([H])[C@]1([H])OC(=O)C([H])([H])[H],EVODEX-P7407
EVODEX-N2414,[O:85]=[O:86]>>[H]C([H])=C1[C@@]2([H])C([H])([H])[C@@]3([H])C(C([H])([H])[H])(C([H])([H])[H])C(=C(C([H])([H])[H])[C@@]([H])(OC(=O)C([H])([H])[H])C3([H])[H])[C@@]([H])(OC(=O)C([H])([H])[H])[C@]([H])(OC(=O)C([H])([H])[H])[C@]2(C([H])([H])[H])[C@@]([H])([O:85][H])C([H])([H])[C@]1([H])OC(=O)C([H])([H])[H].[H][O:86][H],EVODEX-P7409
EVODEX-N2415,[H][N:12]([C:11])[C:13]>>[H]O[N:12]([C:11])[C:13],"EVODEX-P7411,EVODEX-P8459"
EVODEX-N2416,[H][N:12]([C:11])[C:13].O=[O:84]>>[H][O:84][N:12]([C:11])[C:13],"EVODEX-P7416,EVODEX-P8457"
EVODEX-N2417,O=[O:84]>>[H]C1:C([H]):C([H]):C([C@@]([H])(OC([H])([H])[H])C(=O)N2C([H])([H])C3:C(N(C(=O)C4:C([H]):C([H]):C(N5C([H])([H])C([H])([H])N(C([H])([H])[H])C([H])([H])C5([H])[H]):C([H]):C:4[H])[O:84][H]):N:N([H]):C:3C2([H])[H]):C([H]):C:1[H],EVODEX-P7417
EVODEX-N2418,[H][N:12]([C:11])[C:13].[O:84]=[O:85]>>[H][O:84][N:12]([C:11])[C:13].[H][O:85][H],"EVODEX-P7418,EVODEX-P8460"
EVODEX-N2419,[O:84]=[O:85]>>[H]C1:C([H]):C([H]):C([C@@]([H])(OC([H])([H])[H])C(=O)N2C([H])([H])C3:C(N(C(=O)C4:C([H]):C([H]):C(N5C([H])([H])C([H])([H])N(C([H])([H])[H])C([H])([H])C5([H])[H]):C([H]):C:4[H])[O:84][H]):N:N([H]):C:3C2([H])[H]):C([H]):C:1[H].[H][O:85][H],EVODEX-P7419
EVODEX-N2420,O=[O:59]>>[H]C1:C([H]):C(C([H])([H])[H]):C([H]):C([H]):C:1S(C([H])([H])[H])=[O:59],EVODEX-P7427
EVODEX-N2421,[O:58]=[O:59]>>[H]C1:C([H]):C(C([H])([H])[H]):C([H]):C([H]):C:1S(C([H])([H])[H])=[O:59].[H][O:58][H],EVODEX-P7429
EVODEX-N2422,[C:51][C:52]1:[C:53]([H:145]):[C:54]([H:146]):[C:55]([H:147]):[C:56]([H:148]):[C:57]:1[H:149]>>O1[C:52]2([C:51])[C:53]([H:145])=[C:54]([H:146])[C:55]([H:147])=[C:56]([H:148])[C:57]12[H:149],EVODEX-P7431
EVODEX-N2423,[C:51][C:52]1:[C:53]([H:145]):[C:54]([H:146]):[C:55]([H:147]):[C:56]([H:148]):[C:57]:1[H:149].O=[O:106]>>[C:51][C:52]12[C:53]([H:145])=[C:54]([H:146])[C:55]([H:147])=[C:56]([H:148])[C:57]1([H:149])[O:106]2,EVODEX-P7436
EVODEX-N2424,O=[O:106]>>[H]O[C@]1([H])[C@]([H])(OP(=O)(O[H])O[H])[C@@]([H])(C([H])([H])OP(=O)(O[H])OP(=O)(O[H])OC([H])([H])C(C([H])([H])[H])(C([H])([H])[H])[C@@]([H])(O[H])C(=O)N([H])C([H])([H])C([H])([H])C(=O)N([H])C([H])([H])C([H])([H])SC(=O)C([H])([H])C23C([H])=C([H])C([H])=C([H])C2([H])[O:106]3)O[C@@]1([H])N1:C([H]):N:C2:C(N([H])[H]):N:C([H]):N:C:2:1,EVODEX-P7437
EVODEX-N2425,[C:51][C:52]1:[C:53]([H:145]):[C:54]([H:146]):[C:55]([H:147]):[C:56]([H:148]):[C:57]:1[H:149].[O:106]=[O:107]>>[C:51][C:52]12[C:53]([H:145])=[C:54]([H:146])[C:55]([H:147])=[C:56]([H:148])[C:57]1([H:149])[O:106]2.[H][O:107][H],EVODEX-P7438
EVODEX-N2426,[O:106]=[O:107]>>[H]O[C@]1([H])[C@]([H])(OP(=O)(O[H])O[H])[C@@]([H])(C([H])([H])OP(=O)(O[H])OP(=O)(O[H])OC([H])([H])C(C([H])([H])[H])(C([H])([H])[H])[C@@]([H])(O[H])C(=O)N([H])C([H])([H])C([H])([H])C(=O)N([H])C([H])([H])C([H])([H])SC(=O)C([H])([H])C23C([H])=C([H])C([H])=C([H])C2([H])[O:106]3)O[C@@]1([H])N1:C([H]):N:C2:C(N([H])[H]):N:C([H]):N:C:2:1.[H][O:107][H],EVODEX-P7439
EVODEX-N2427,O=[O:59]>>[H]C([H])=C1[C@@]2([H])C([H])([H])[C@@]2(C([H])(C([H])([H])[H])C([H])([H])[H])C([H])([H])[C@@]1([H])[O:59][H],EVODEX-P7447
EVODEX-N2428,[O:59]=[O:60]>>[H]C([H])=C1[C@@]2([H])C([H])([H])[C@@]2(C([H])(C([H])([H])[H])C([H])([H])[H])C([H])([H])[C@@]1([H])[O:59][H].[H][O:60][H],EVODEX-P7449
EVODEX-N2429,O=[O:99]>>[H]O[C@]1(C([H])([H])[H])C([H])([H])[C@@]([H])(C([H])([H])[H])C(=O)[C@]([H])(C([H])([H])[H])[C@@]([H])(O[H])[C@@](C([H])([H])[H])([O:99][H])[C@@]([H])(C([H])([H])C([H])([H])[H])OC(=O)[C@]([H])(C([H])([H])[H])[C@@]([H])(O[C@]2([H])O[C@@]([H])(C([H])([H])[H])[C@]([H])(O[H])[C@@](O[H])(C([H])([H])[H])C2([H])[H])[C@]([H])(C([H])([H])[H])[C@@]1([H])O[C@]1([H])O[C@]([H])(C([H])([H])[H])C([H])([H])[C@]([H])(N(C([H])([H])[H])C([H])([H])[H])[C@@]1([H])O[H],EVODEX-P7457
EVODEX-N2430,[O:98]=[O:99]>>[H]O[C@]1(C([H])([H])[H])C([H])([H])[C@@]([H])(C([H])([H])[H])C(=O)[C@]([H])(C([H])([H])[H])[C@@]([H])(O[H])[C@@](C([H])([H])[H])([O:99][H])[C@@]([H])(C([H])([H])C([H])([H])[H])OC(=O)[C@]([H])(C([H])([H])[H])[C@@]([H])(O[C@]2([H])O[C@@]([H])(C([H])([H])[H])[C@]([H])(O[H])[C@@](O[H])(C([H])([H])[H])C2([H])[H])[C@]([H])(C([H])([H])[H])[C@@]1([H])O[C@]1([H])O[C@]([H])(C([H])([H])[H])C([H])([H])[C@]([H])(N(C([H])([H])[H])C([H])([H])[H])[C@@]1([H])O[H].[H][O:98][H],EVODEX-P7459
EVODEX-N2431,O=[O:99]>>[H]O[C@]1(C([H])([H])[H])C([H])([H])[C@@]([H])(C([H])([H])[H])C(=O)[C@]([H])(C([H])([H])[H])[C@@]([H])(O[H])[C@@](C([H])([H])[H])([O:99][H])[C@@]([H])(C([H])([H])C([H])([H])[H])OC(=O)[C@]([H])(C([H])([H])[H])[C@@]([H])(O[C@]2([H])O[C@@]([H])(C([H])([H])[H])[C@]([H])(O[H])[C@@](OC([H])([H])[H])(C([H])([H])[H])C2([H])[H])[C@]([H])(C([H])([H])[H])[C@@]1([H])O[C@]1([H])O[C@]([H])(C([H])([H])[H])C([H])([H])[C@]([H])(N(C([H])([H])[H])C([H])([H])[H])[C@@]1([H])O[H],EVODEX-P7467
EVODEX-N2432,[O:99]=[O:100]>>[H]O[C@]1(C([H])([H])[H])C([H])([H])[C@@]([H])(C([H])([H])[H])C(=O)[C@]([H])(C([H])([H])[H])[C@@]([H])(O[H])[C@@](C([H])([H])[H])([O:99][H])[C@@]([H])(C([H])([H])C([H])([H])[H])OC(=O)[C@]([H])(C([H])([H])[H])[C@@]([H])(O[C@]2([H])O[C@@]([H])(C([H])([H])[H])[C@]([H])(O[H])[C@@](OC([H])([H])[H])(C([H])([H])[H])C2([H])[H])[C@]([H])(C([H])([H])[H])[C@@]1([H])O[C@]1([H])O[C@]([H])(C([H])([H])[H])C([H])([H])[C@]([H])(N(C([H])([H])[H])C([H])([H])[H])[C@@]1([H])O[H].[H][O:100][H],EVODEX-P7469
EVODEX-N2433,O=[O:56]>>[H]C([H])([H])C1(C([H])([H])[H])C2([H])C([H])([H])[C@]1([H])C([H])([H])C1([H])C2(C([H])([H])[H])[O:56]1,EVODEX-P7477
EVODEX-N2434,[O:55]=[O:56]>>[H]C([H])([H])C1(C([H])([H])[H])C2([H])C([H])([H])[C@]1([H])C([H])([H])C1([H])C2(C([H])([H])[H])[O:56]1.[H][O:55][H],EVODEX-P7479
EVODEX-N2435,O=[O:55]>>[H]C([H])=C(C([H])([H])[H])[C@]1([H])C([H])([H])C([H])=C(C([H])([H])[H])C([H])([H])C1([H])[O:55][H],EVODEX-P7487
EVODEX-N2436,[O:55]=[O:56]>>[H]C([H])=C(C([H])([H])[H])[C@]1([H])C([H])([H])C([H])=C(C([H])([H])[H])C([H])([H])C1([H])[O:55][H].[H][O:56][H],EVODEX-P7489
EVODEX-N2437,O=[O:110]>>[H]O[C@]1([H])[C@]([H])(OP(=O)(O[H])O[H])[C@@]([H])(C([H])([H])OP(=O)(O[H])OP(=O)(O[H])OC([H])([H])C(C([H])([H])[H])(C([H])([H])[H])[C@@]([H])(O[H])C(=O)N([H])C([H])([H])C([H])([H])C(=O)N([H])C([H])([H])C([H])([H])SC(=O)C([H])([H])[C@]2([H])C(C([H])([H])[H])(C([H])([H])[H])C(C([H])([H])[H])=C([H])C(=O)[O:110]2)O[C@@]1([H])N1:C([H]):N:C2:C(N([H])[H]):N:C([H]):N:C:2:1,EVODEX-P7497
EVODEX-N2438,[O:109]=[O:110]>>[H]O[C@]1([H])[C@]([H])(OP(=O)(O[H])O[H])[C@@]([H])(C([H])([H])OP(=O)(O[H])OP(=O)(O[H])OC([H])([H])C(C([H])([H])[H])(C([H])([H])[H])[C@@]([H])(O[H])C(=O)N([H])C([H])([H])C([H])([H])C(=O)N([H])C([H])([H])C([H])([H])SC(=O)C([H])([H])[C@]2([H])C(C([H])([H])[H])(C([H])([H])[H])C(C([H])([H])[H])=C([H])C(=O)[O:110]2)O[C@@]1([H])N1:C([H]):N:C2:C(N([H])[H]):N:C([H]):N:C:2:1.[H][O:109][H],EVODEX-P7499
EVODEX-N2439,O=[O:58]>>[H]C([H])([H])C([H])([H])C1([H])C([H])([H])C([H])([H])C([H])([H])C(=O)[O:58]1,EVODEX-P7507
EVODEX-N2440,[O:57]=[O:58]>>[H]C([H])([H])C([H])([H])C1([H])C([H])([H])C([H])([H])C([H])([H])C(=O)[O:58]1.[H][O:57][H],EVODEX-P7509
EVODEX-N2441,O=[O:59]>>[H]C([H])=C(C([H])([H])[H])C1([H])C([H])([H])C([H])=C(C([H])([H])[O:59][H])C([H])([H])C1([H])[H],EVODEX-P7517
EVODEX-N2442,[O:59]=[O:60]>>[H]C([H])=C(C([H])([H])[H])C1([H])C([H])([H])C([H])=C(C([H])([H])[O:59][H])C([H])([H])C1([H])[H].[H][O:60][H],EVODEX-P7519
EVODEX-N2443,O=[O:60]>>[H]C([H])([H])C1(C([H])([H])[H])[C@@]2([H])C([H])([H])C(=O)[C@]1(C([H])([H])[H])[C@@]([H])([O:60][H])C2([H])[H],EVODEX-P7527
EVODEX-N2444,[O:60]=[O:61]>>[H]C([H])([H])C1(C([H])([H])[H])[C@@]2([H])C([H])([H])C(=O)[C@]1(C([H])([H])[H])[C@@]([H])([O:60][H])C2([H])[H].[H][O:61][H],EVODEX-P7529
EVODEX-N2445,O=[O:64]>>[H]C1:C([H]):C([H]):C2:C(:C:1[H]):C(C([H])([H])C(=O)[O:64][H]):C([H]):N:2[H],EVODEX-P7554
EVODEX-N2446,[O:64]=[O:65]>>[H]C1:C([H]):C([H]):C2:C(:C:1[H]):C(C([H])([H])C(=O)[O:64][H]):C([H]):N:2[H].[H][O:65][H],EVODEX-P7556
EVODEX-N2447,[H]C1:C([H]):C([H]):C2:C(:C:1[H]):C(C([H])([H])C(=O)[C:50](=[O:49])[O:51][H]):C([H]):N:2[H]>>[O:49]=[C:50]=[O:51],EVODEX-P7558
EVODEX-N2448,[H]C1:C([H]):C([H]):C2:C(:C:1[H]):C(C([H])([H])C(=O)[C:50](=[O:49])[O:51][H]):C([H]):N:2[H].O=[O:65]>>[O:49]=[C:50]=[O:51].[H][O:65][H],EVODEX-P7564
EVODEX-N2449,O=[O:61]>>[H]C1:C([H]):C([H]):C(C([H])([H])C(=O)[O:61][H]):C([H]):C:1[H],EVODEX-P7574
EVODEX-N2450,[O:61]=[O:62]>>[H]C1:C([H]):C([H]):C(C([H])([H])C(=O)[O:61][H]):C([H]):C:1[H].[H][O:62][H],EVODEX-P7576
EVODEX-N2451,[H]C1:C([H]):C([H]):C(C([H])([H])C(=O)[C:50](=[O:49])[O:51][H]):C([H]):C:1[H]>>[O:49]=[C:50]=[O:51],EVODEX-P7578
EVODEX-N2452,[H]C1:C([H]):C([H]):C(C([H])([H])C(=O)[C:50](=[O:49])[O:51][H]):C([H]):C:1[H].O=[O:62]>>[O:49]=[C:50]=[O:51].[H][O:62][H],EVODEX-P7584
EVODEX-N2453,O=[O:68]>>[H]OC(=O)C1=C([H])[C@]2([H])C([H])([H])C(C([H])([H])[H])(C([H])([H])[H])C([H])([H])[C@@]23[C@]([H])(C([H])([H])[H])C(=O)[O:68]C([H])([H])[C@@]13[H],EVODEX-P7592
EVODEX-N2454,[O:67]=[O:68]>>[H]OC(=O)C1=C([H])[C@]2([H])C([H])([H])C(C([H])([H])[H])(C([H])([H])[H])C([H])([H])[C@@]23[C@]([H])(C([H])([H])[H])C(=O)[O:68]C([H])([H])[C@@]13[H].[H][O:67][H],EVODEX-P7594
EVODEX-N2455,O=[O:68]>>[H]OC(=O)C1=C([H])[C@]2([H])C([H])([H])C(C([H])([H])[H])(C([H])([H])[H])C([H])([H])[C@@]23[C@]([H])(C([H])([H])[H])[O:68]C(=O)C([H])([H])[C@@]13[H],EVODEX-P7602
EVODEX-N2456,[O:67]=[O:68]>>[H]OC(=O)C1=C([H])[C@]2([H])C([H])([H])C(C([H])([H])[H])(C([H])([H])[H])C([H])([H])[C@@]23[C@]([H])(C([H])([H])[H])[O:68]C(=O)C([H])([H])[C@@]13[H].[H][O:67][H],EVODEX-P7604
EVODEX-N2457,O=[O:79]>>[H]OC1:C([H]):C([H]):C([H]):C2:C:1C(=O)C1:C(O[H]):C3:C(:C([O:79][H]):C:1C2=O)[C@@]([H])(C(=O)OC([H])([H])[H])[C@@](O[H])(C([H])([H])C([H])([H])[H])C([H])([H])[C@]3([H])O[H],EVODEX-P7623
EVODEX-N2458,[O:79]=[O:80]>>[H]OC1:C([H]):C([H]):C([H]):C2:C:1C(=O)C1:C(O[H]):C3:C(:C([O:79][H]):C:1C2=O)[C@@]([H])(C(=O)OC([H])([H])[H])[C@@](O[H])(C([H])([H])C([H])([H])[H])C([H])([H])[C@]3([H])O[H].[H][O:80][H],EVODEX-P7625
EVODEX-N2459,O=[O:77]>>[H]OC1:C([H]):C([H]):C([H]):C2:C:1C(=O)C1:C(O[H]):C3:C(:C([O:77][H]):C:1C2=O)[C@@]([H])(O[H])[C@@](O[H])(C([H])(O[H])C([H])([H])[H])C([H])([H])[C@]3([H])O[H],EVODEX-P7633
EVODEX-N2460,[O:77]=[O:78]>>[H]OC1:C([H]):C([H]):C([H]):C2:C:1C(=O)C1:C(O[H]):C3:C(:C([O:77][H]):C:1C2=O)[C@@]([H])(O[H])[C@@](O[H])(C([H])(O[H])C([H])([H])[H])C([H])([H])[C@]3([H])O[H].[H][O:78][H],EVODEX-P7635
EVODEX-N2461,O=[O:87]>>[H]OC1:C2:C(:C(O[H]):C3:C:1C([H])([H])[C@@](O[H])(C(=O)C([H])([H])[O:87][H])C([H])([H])[C@]3([H])O[C@]1([H])O[C@@]([H])(C([H])([H])[H])[C@@]([H])(O[H])[C@@]([H])(N([H])[H])C1([H])[H])C(=O)C1:C(OC([H])([H])[H]):C([H]):C([H]):C([H]):C:1C2=O,EVODEX-P7643
EVODEX-N2462,[O:87]=[O:88]>>[H]OC1:C2:C(:C(O[H]):C3:C:1C([H])([H])[C@@](O[H])(C(=O)C([H])([H])[O:87][H])C([H])([H])[C@]3([H])O[C@]1([H])O[C@@]([H])(C([H])([H])[H])[C@@]([H])(O[H])[C@@]([H])(N([H])[H])C1([H])[H])C(=O)C1:C(OC([H])([H])[H]):C([H]):C([H]):C([H]):C:1C2=O.[H][O:88][H],EVODEX-P7645
EVODEX-N2463,O=[O:85]>>[H]OC1:C([H]):C([H]):C([H]):C2:C:1C(=O)C1:C(O[H]):C3:C(:C(O[H]):C:1C2=O)C([H])([H])[C@@](O[H])(C([H])(C([H])([H])[H])[O:85][H])C([H])([H])[C@]3([H])O[C@]1([H])O[C@@]([H])(C([H])([H])[H])[C@@]([H])(O[H])[C@@]([H])(N([H])[H])C1([H])[H],EVODEX-P7653
EVODEX-N2464,[O:85]=[O:86]>>[H]OC1:C([H]):C([H]):C([H]):C2:C:1C(=O)C1:C(O[H]):C3:C(:C(O[H]):C:1C2=O)C([H])([H])[C@@](O[H])(C([H])(C([H])([H])[H])[O:85][H])C([H])([H])[C@]3([H])O[C@]1([H])O[C@@]([H])(C([H])([H])[H])[C@@]([H])(O[H])[C@@]([H])(N([H])[H])C1([H])[H].[H][O:86][H],EVODEX-P7655
EVODEX-N2465,O=[O:63]>>[H]C1:C([H]):C([H]):C2:C(:C:1[H]):C(=O):C([O:63][H]):C(C([H])([H])C([H])([H])C([H])([H])C([H])([H])C([H])([H])C([H])([H])C([H])([H])[H]):N:2[H],EVODEX-P7663
EVODEX-N2466,[O:63]=[O:64]>>[H]C1:C([H]):C([H]):C2:C(:C:1[H]):C(=O):C([O:63][H]):C(C([H])([H])C([H])([H])C([H])([H])C([H])([H])C([H])([H])C([H])([H])C([H])([H])[H]):N:2[H].[H][O:64][H],EVODEX-P7665
EVODEX-N2467,O=[O:85]>>[H]O[C@@]1([H])C([H])([H])[C@]([H])(N2:C([H]):C(C([H])([H])[H]):C(=O):N([H]):C:2=O)O[C@]1([H])C([H])([H])OP(=O)(O[H])OP(=O)(O[H])O[C@@]1([H])O[C@@]([H])(C([H])([H])[H])[C@]([H])(OC([H])([H])[H])[C@](N([H])[O:85][H])(C([H])([H])[H])C1([H])[H],EVODEX-P7678
EVODEX-N2468,[O:85]=[O:86]>>[H]O[C@@]1([H])C([H])([H])[C@]([H])(N2:C([H]):C(C([H])([H])[H]):C(=O):N([H]):C:2=O)O[C@]1([H])C([H])([H])OP(=O)(O[H])OP(=O)(O[H])O[C@@]1([H])O[C@@]([H])(C([H])([H])[H])[C@]([H])(OC([H])([H])[H])[C@](N([H])[O:85][H])(C([H])([H])[H])C1([H])[H].[H][O:86][H],EVODEX-P7680
EVODEX-N2469,O=[O:63]>>[H]OC(=O)C1:C([H]):C([O:63][H]):C([H]):C2:C(C([H])([H])[H]):C([H]):C([H]):C([H]):C:1:2,EVODEX-P7688
EVODEX-N2470,[O:63]=[O:64]>>[H]OC(=O)C1:C([H]):C([O:63][H]):C([H]):C2:C(C([H])([H])[H]):C([H]):C([H]):C([H]):C:1:2.[H][O:64][H],EVODEX-P7690
EVODEX-N2471,[O:58]=[O:59]>>[H]OC(=O)[C@@]([H])(N([H])[H])C([H])([H])C([H])([H])C([H])([H])N([H])[O:58][H].[H][O:59][H],EVODEX-P7693
EVODEX-N2472,O=[O:58]>>[H]OC(=O)[C@@]([H])(N([H])[H])C([H])([H])C([H])([H])C([H])([H])N([H])[O:58][H],EVODEX-P7699
EVODEX-N2473,[C:49][C:51]1:[C:52]([H:142]):[C:53]([H:143]):[C:54]([H:144]):[C:55]([H:145]):[C:56]:1[H:146]>>O1[C:55]2([H:145])[C:54]([H:144])=[C:53]([H:143])[C:52]([H:142])=[C:51]([C:49])[C:56]12[H:146],EVODEX-P7707
EVODEX-N2474,[C:49][C:51]1:[C:52]([H:142]):[C:53]([H:143]):[C:54]([H:144]):[C:55]([H:145]):[C:56]:1[H:146].O=[O:105]>>[C:49][C:51]1=[C:52]([H:142])[C:53]([H:143])=[C:54]([H:144])[C:55]2([H:145])[C:56]1([H:146])[O:105]2,EVODEX-P7712
EVODEX-N2475,O=[O:105]>>[H]O[C@]1([H])[C@]([H])(OP(=O)(O[H])O[H])[C@@]([H])(C([H])([H])OP(=O)(O[H])OP(=O)(O[H])OC([H])([H])C(C([H])([H])[H])(C([H])([H])[H])[C@@]([H])(O[H])C(=O)N([H])C([H])([H])C([H])([H])C(=O)N([H])C([H])([H])C([H])([H])SC(=O)C2=C([H])C([H])=C([H])C3([H])C2([H])[O:105]3)O[C@@]1([H])N1:C([H]):N:C2:C(N([H])[H]):N:C([H]):N:C:2:1,EVODEX-P7713
EVODEX-N2476,[C:49][C:51]1:[C:52]([H:142]):[C:53]([H:143]):[C:54]([H:144]):[C:55]([H:145]):[C:56]:1[H:146].[O:105]=[O:106]>>[C:49][C:51]1=[C:52]([H:142])[C:53]([H:143])=[C:54]([H:144])[C:55]2([H:145])[C:56]1([H:146])[O:105]2.[H][O:106][H],EVODEX-P7714
EVODEX-N2477,[O:105]=[O:106]>>[H]O[C@]1([H])[C@]([H])(OP(=O)(O[H])O[H])[C@@]([H])(C([H])([H])OP(=O)(O[H])OP(=O)(O[H])OC([H])([H])C(C([H])([H])[H])(C([H])([H])[H])[C@@]([H])(O[H])C(=O)N([H])C([H])([H])C([H])([H])C(=O)N([H])C([H])([H])C([H])([H])SC(=O)C2=C([H])C([H])=C([H])C3([H])C2([H])[O:105]3)O[C@@]1([H])N1:C([H]):N:C2:C(N([H])[H]):N:C([H]):N:C:2:1.[H][O:106][H],EVODEX-P7715
EVODEX-N2478,O=[O:102]>>[H]OC1:C([H]):C([H]):C([O:102][H]):C([H]):C:1C(=O)SC([H])([H])C([H])([H])N([H])C(=O)C([H])([H])C([H])([H])N([H])C(=O)[C@]([H])(O[H])C(C([H])([H])[H])(C([H])([H])[H])C([H])([H])OP(=O)(O[H])OP(=O)(O[H])OC([H])([H])[C@@]1([H])O[C@@]([H])(N2:C([H]):N:C3:C(N([H])[H]):N:C([H]):N:C:3:2)[C@]([H])(O[H])[C@]1([H])OP(=O)(O[H])O[H],EVODEX-P7723
EVODEX-N2479,[O:102]=[O:103]>>[H]OC1:C([H]):C([H]):C([O:102][H]):C([H]):C:1C(=O)SC([H])([H])C([H])([H])N([H])C(=O)C([H])([H])C([H])([H])N([H])C(=O)[C@]([H])(O[H])C(C([H])([H])[H])(C([H])([H])[H])C([H])([H])OP(=O)(O[H])OP(=O)(O[H])OC([H])([H])[C@@]1([H])O[C@@]([H])(N2:C([H]):N:C3:C(N([H])[H]):N:C([H]):N:C:3:2)[C@]([H])(O[H])[C@]1([H])OP(=O)(O[H])O[H].[H][O:103][H],EVODEX-P7725
EVODEX-N2480,[O:75]=[O:76]>>[H]OC(=O)C1:C(C2:C([O:75][H]):N([H]):C3:C([H]):C([H]):C([H]):C([H]):C:2:3):C([H]):C(C2:C([H]):N([H]):C3:C([H]):C([H]):C([H]):C([H]):C:2:3):N:1[H].[H][O:76][H],EVODEX-P7731
EVODEX-N2481,O=[O:75]>>[H]OC(=O)C1:C(C2:C([O:75][H]):N([H]):C3:C([H]):C([H]):C([H]):C([H]):C:2:3):C([H]):C(C2:C([H]):N([H]):C3:C([H]):C([H]):C([H]):C([H]):C:2:3):N:1[H],EVODEX-P7737
EVODEX-N2482,[O:75]=[O:76]>>[H]OC(=O)C1:C(C2:C([H]):N([H]):C3:C([H]):C([H]):C([H]):C([H]):C:2:3):C([H]):C(C2:C([H]):N([H]):C3:C([H]):C([H]):C([O:75][H]):C([H]):C:2:3):N:1[H].[H][O:76][H],EVODEX-P7741
EVODEX-N2483,O=[O:75]>>[H]OC(=O)C1:C(C2:C([H]):N([H]):C3:C([H]):C([H]):C([H]):C([H]):C:2:3):C([H]):C(C2:C([H]):N([H]):C3:C([H]):C([H]):C([O:75][H]):C([H]):C:2:3):N:1[H],EVODEX-P7747
EVODEX-N2484,[C:1]([C:2]([C:3])=[O:4])([H:55])([H:56])[H:57].O=[O:54]>>[C:1]([O:54][C:2]([C:3])=[O:4])([H:55])([H:56])[H:57],"EVODEX-P7755,EVODEX-P7765"
EVODEX-N2485,O=[O:54]>>[H]C([H])([H])C(=O)[O:54]C([H])([H])[H],EVODEX-P7756
EVODEX-N2486,[C:1]([C:2]([C:3])=[O:4])([H:55])([H:56])[H:57].[O:53]=[O:54]>>[C:1]([O:54][C:2]([C:3])=[O:4])([H:55])([H:56])[H:57].[H][O:53][H],"EVODEX-P7757,EVODEX-P7767"
EVODEX-N2487,[O:53]=[O:54]>>[H]C([H])([H])C(=O)[O:54]C([H])([H])[H].[H][O:53][H],EVODEX-P7758
EVODEX-N2488,O=[O:55]>>[H]C([H])([H])C([H])([H])C(=O)[O:55]C([H])([H])[H],EVODEX-P7766
EVODEX-N2489,[O:54]=[O:55]>>[H]C([H])([H])C([H])([H])C(=O)[O:55]C([H])([H])[H].[H][O:54][H],EVODEX-P7768
EVODEX-N2490,O=[O:52]>>[H]C([H])([H])C([H])(C([H])([H])[H])[O:52][H],EVODEX-P7776
EVODEX-N2491,[O:52]=[O:53]>>[H]C([H])([H])C([H])(C([H])([H])[H])[O:52][H].[H][O:53][H],EVODEX-P7778
EVODEX-N2492,O=[O:64]>>[H]OC(=O)C([H])([H])[C@@]1([H])C([H])([H])C([H])([H])C(=O)[C@]1([H])C([H])([H])/C([H])=C(/[H])C([H])([H])C([H])([H])[O:64][H],EVODEX-P7786
EVODEX-N2493,[O:64]=[O:65]>>[H]OC(=O)C([H])([H])[C@@]1([H])C([H])([H])C([H])([H])C(=O)[C@]1([H])C([H])([H])/C([H])=C(/[H])C([H])([H])C([H])([H])[O:64][H].[H][O:65][H],EVODEX-P7788
EVODEX-N2494,O=[O:54]>>[H]OC(C([H])([H])[H])(C([H])([H])[H])C([H])([H])[O:54][H],EVODEX-P7796
EVODEX-N2495,[O:54]=[O:55]>>[H]OC(C([H])([H])[H])(C([H])([H])[H])C([H])([H])[O:54][H].[H][O:55][H],EVODEX-P7798
EVODEX-N2496,O=[O:49]>>[H]C([H])([H])C([H])([H])C([H])([H])C([H])([H])[O:49][H],EVODEX-P7806
EVODEX-N2497,[O:49]=[O:50]>>[H]C([H])([H])C([H])([H])C([H])([H])C([H])([H])[O:49][H].[H][O:50][H],EVODEX-P7808
EVODEX-N2498,O=[O:83]>>[H]OC1=C(C(=O)N([H])[H])C(=O)[C@@]([H])(N(C([H])([H])[H])C([H])([H])[H])[C@]2([H])C([H])([H])[C@@]3([H])C([O:83][H])(C(=O)C4:C(O[H]):C([H]):C([H]):C(Cl):C:4[C@]3(O[H])C([H])([H])[H])C(=O)[C@]12O[H],EVODEX-P7816
EVODEX-N2499,[O:82]=[O:83]>>[H]OC1=C(C(=O)N([H])[H])C(=O)[C@@]([H])(N(C([H])([H])[H])C([H])([H])[H])[C@]2([H])C([H])([H])[C@@]3([H])C([O:83][H])(C(=O)C4:C(O[H]):C([H]):C([H]):C(Cl):C:4[C@]3(O[H])C([H])([H])[H])C(=O)[C@]12O[H].[H][O:82][H],EVODEX-P7818
EVODEX-N2500,O=[O:81]>>[H]O/C(=C1\C(=O)C2(O[H])C(=O)C3([O:81][H])C(=O)C4:C(O[H]):C([H]):C([H]):C(Cl):C:4C([H])(O[H])[C@@]3([H])C([H])([H])C2([H])C([H])(N(C([H])([H])[H])C([H])([H])[H])C1=O)N([H])[H],EVODEX-P7826
EVODEX-N2501,[O:81]=[O:82]>>[H]O/C(=C1\C(=O)C2(O[H])C(=O)C3([O:81][H])C(=O)C4:C(O[H]):C([H]):C([H]):C(Cl):C:4C([H])(O[H])[C@@]3([H])C([H])([H])C2([H])C([H])(N(C([H])([H])[H])C([H])([H])[H])C1=O)N([H])[H].[H][O:82][H],EVODEX-P7828
EVODEX-N2502,O=[O:76]>>[H]OC1:C(C(=O)N([H])[H]):C(O[H]):C2:C(O[H]):C3:C(O[H]):C4:C(O[H]):C([H]):C([H]):C([H]):C:4:C(C([H])([H])[H]):C:3:C([H]):C:2:C:1[O:76][H],EVODEX-P7836
EVODEX-N2503,[O:76]=[O:77]>>[H]OC1:C(C(=O)N([H])[H]):C(O[H]):C2:C(O[H]):C3:C(O[H]):C4:C(O[H]):C([H]):C([H]):C([H]):C:4:C(C([H])([H])[H]):C:3:C([H]):C:2:C:1[O:76][H].[H][O:77][H],EVODEX-P7838
EVODEX-N2504,O=[O:81]>>[H]OC1=C(C(=O)N([H])[H])C(=O)[C@@]([H])(N(C([H])([H])[H])C([H])([H])[H])[C@@]2([H])[C@]1(O[H])C(=O)C1=C([C@]2([H])[O:81][H])[C@@](O[H])(C([H])([H])[H])C2:C([H]):C([H]):C([H]):C(O[H]):C:2C1=O,EVODEX-P7846
EVODEX-N2505,[O:81]=[O:82]>>[H]OC1=C(C(=O)N([H])[H])C(=O)[C@@]([H])(N(C([H])([H])[H])C([H])([H])[H])[C@@]2([H])[C@]1(O[H])C(=O)C1=C([C@]2([H])[O:81][H])[C@@](O[H])(C([H])([H])[H])C2:C([H]):C([H]):C([H]):C(O[H]):C:2C1=O.[H][O:82][H],EVODEX-P7848
EVODEX-N2506,[O:58]=[O:59]>>[H]OC(=O)C([H])([H])C1:C([O:58][H]):N([H]):C2:C([H]):C([H]):C([H]):C([H]):C:1:2.[H][O:59][H],EVODEX-P7851
EVODEX-N2507,O=[O:58]>>[H]OC(=O)C([H])([H])C1:C([O:58][H]):N([H]):C2:C([H]):C([H]):C([H]):C([H]):C:1:2,EVODEX-P7857
EVODEX-N2508,O=[O:53]>>[H]OC1:C(C([H])([H])[H]):C([H]):C([H]):C([H]):C:1[O:53][H],EVODEX-P7872
EVODEX-N2509,[O:53]=[O:54]>>[H]OC1:C(C([H])([H])[H]):C([H]):C([H]):C([H]):C:1[O:53][H].[H][O:54][H],EVODEX-P7874
EVODEX-N2510,O=[O:74]>>[H]OC([H])([H])[C@@]1([H])O[C@@]([H])(S/C(=N\OS(=O)(=O)O[H])C([H])([H])C([H])([H])C([H])([H])C([H])([H])[S@@](C([H])([H])[H])=[O:74])[C@]([H])(O[H])[C@@]([H])(O[H])[C@]1([H])O[H],EVODEX-P7882
EVODEX-N2511,[O:74]=[O:75]>>[H]OC([H])([H])[C@@]1([H])O[C@@]([H])(S/C(=N\OS(=O)(=O)O[H])C([H])([H])C([H])([H])C([H])([H])C([H])([H])[S@@](C([H])([H])[H])=[O:74])[C@]([H])(O[H])[C@@]([H])(O[H])[C@]1([H])O[H].[H][O:75][H],EVODEX-P7884
EVODEX-N2512,O=[O:74]>>[H]OC([H])([H])C1([H])OC([H])(S/C(=N/OS(=O)(=O)O[H])C([H])([H])C([H])([H])C([H])([H])S(C([H])([H])[H])=[O:74])C([H])(O[H])C([H])(O[H])C1([H])O[H],EVODEX-P7892
EVODEX-N2513,[O:73]=[O:74]>>[H]OC([H])([H])C1([H])OC([H])(S/C(=N/OS(=O)(=O)O[H])C([H])([H])C([H])([H])C([H])([H])S(C([H])([H])[H])=[O:74])C([H])(O[H])C([H])(O[H])C1([H])O[H].[H][O:73][H],EVODEX-P7894
EVODEX-N2514,[H]N(C([H])([H])[H])[C:1]([H])([H:54])[H:55]>>O=[C:1]([H:54])[H:55],EVODEX-P7897
EVODEX-N2515,[H]C([H])([H])[N:2]([C:3])[H:57].O=[O:52]>>[H][N:2]([C:3])[H:57].[H][O:52][H],EVODEX-P7898
EVODEX-N2516,[H]N(C([H])([H])[H])[C:1]([H])([H:54])[H:55].O=[O:53]>>[C:1](=[O:53])([H:54])[H:55],EVODEX-P7903
EVODEX-N2517,[H]N(C([H])([H])[H])[C:1]([H])([H:54])[H:55].[O:52]=[O:53]>>[C:1](=[O:53])([H:54])[H:55].[H][O:52][H],EVODEX-P7906
EVODEX-N2518,[H][C:1]([N:2])([H:54])[H:55].[O:52]=[O:53]>>[C:1](=[O:53])([H:54])[H:55].[H][N:2].[H][O:52][H],EVODEX-P7909
EVODEX-N2519,[H]C([H])([H])C([H])([H])C([H])([H])C([H])([H])[N:5]([C:4])[H:65]>>[H][N:5]([C:4])[H:65],EVODEX-P7915
EVODEX-N2520,[H]N(C([H])([H])C([H])([H])C([H])([H])C([H])([H])[H])[C:6]([H])([C:7])[H:66].[O:54]=[O:55]>>[C:6]([C:7])(=[O:55])[H:66].[H][O:54][H],EVODEX-P7916
EVODEX-N2521,[O:54]=[O:55]>>[H]C(C([H])([H])C([H])([H])C([H])([H])[H])=[O:55].[H][O:54][H],EVODEX-P7919
EVODEX-N2522,[H]N(C([H])([H])C([H])([H])C([H])([H])C([H])([H])[H])[C:6]([H])([C:7])[H:66]>>O=[C:6]([C:7])[H:66],EVODEX-P7920
EVODEX-N2523,[H]C([H])([H])C([H])([H])C([H])([H])C([H])([H])[N:5]([C:4])[H:65].O=[O:54]>>[H][N:5]([C:4])[H:65].[H][O:54][H],EVODEX-P7923
EVODEX-N2524,[H][C:6]([N:5])([C:7])[H:66].[O:54]=[O:55]>>[H][N:5].[C:6]([C:7])(=[O:55])[H:66].[H][O:54][H],EVODEX-P7926
EVODEX-N2525,[H]N(C([H])([H])C([H])([H])C([H])([H])C([H])([H])[H])[C:6]([H])([C:7])[H:66].O=[O:55]>>[C:6]([C:7])(=[O:55])[H:66],EVODEX-P7928
EVODEX-N2526,[H][C:6]([N:5])([C:7])[H:66].O=[O:55]>>[H][N:5].[C:6]([C:7])(=[O:55])[H:66],EVODEX-P7931
EVODEX-N2527,[O:56]=[O:57]>>[H]OC(=O)C([H])([H])[C@@]([H])(O[H])C([H])=[O:57].[H][O:56][H],EVODEX-P7934
EVODEX-N2528,O=[O:57]>>[H]OC(=O)C([H])([H])[C@@]([H])(O[H])C([H])=[O:57],EVODEX-P7945
EVODEX-N2529,>>[H]OCC([H])([H])/C(C(=O)O[H])=C(\[H])N([H])CC([H])([H])[H],EVODEX-P7962
EVODEX-N2530,[C:1][C:2]1:[N:3]:[C:4]([H:61]):[C:5]([C:6]):[C:9]([H:63]):[C:10]:1[O:11]>>[H][N:3]([C:2](=O)[C:1])/[C:4](=[C:5](\[C:6])[C:9]([H])([C:10](=O)[O:11])[H:63])[H:61],EVODEX-P7964
EVODEX-N2531,[C:1][C:2]1:[N:3]:[C:4]([H:61]):[C:5]([C:6]):[C:9]([H:63]):[C:10]:1[O:11].[O:56]=[O:57]>>[H][N:3]([C:2]([C:1])=[O:56])/[C:4](=[C:5](\[C:6])[C:9]([H])([C:10]([O:11])=[O:57])[H:63])[H:61],EVODEX-P7967
EVODEX-N2532,[C:46][C:48]1:[C:49]([H:87]):[N:50]:[C:51]([H:88]):[C:52]([O:53]):[C:54]:1[H:90]>>[H][N:50](/[C:49](=[C:48](/[C:46])[C:54]([H])([C:52](=O)[O:53])[H:90])[H:87])[C:51](=O)[H:88],EVODEX-P7968
EVODEX-N2533,>>[H]CN([H])/C([H])=C(/C(=O)O[H])C([H])([H])CO[H],EVODEX-P7969
EVODEX-N2534,[C:46][C:48]1:[C:49]([H:87]):[N:50]:[C:51]([H:88]):[C:52]([O:53]):[C:54]:1[H:90].[O:55]=[O:56]>>[H][N:50](/[C:49](=[C:48](/[C:46])[C:54]([H])([C:52]([O:53])=[O:56])[H:90])[H:87])[C:51](=[O:55])[H:88],EVODEX-P7972
EVODEX-N2535,O=[O:52]>>[H]C1:C([H]):C([H]):C([O:52][H]):C(C([H])([H])[H]):C:1[H],EVODEX-P7981
EVODEX-N2536,[O:52]=[O:53]>>[H]C1:C([H]):C([H]):C([O:52][H]):C(C([H])([H])[H]):C:1[H].[H][O:53][H],EVODEX-P7983
EVODEX-N2537,O=[O:49]>>[H]C([H])([H])S(C([H])([H])[H])=[O:49],EVODEX-P7996
EVODEX-N2538,[O:48]=[O:49]>>[H]C([H])([H])S(C([H])([H])[H])=[O:49].[H][O:48][H],EVODEX-P7998
EVODEX-N2539,[C:1][S:2]([C:3])=[O:4]>>O=[S:2]([C:1])([C:3])=[O:4],EVODEX-P8000
EVODEX-N2540,[C:1][S:2]([C:3])=[O:4].O=[O:50]>>[C:1][S:2]([C:3])(=[O:4])=[O:50],EVODEX-P8005
EVODEX-N2541,O=[O:50]>>[H]C([H])([H])S(=O)(C([H])([H])[H])=[O:50],EVODEX-P8006
EVODEX-N2542,[C:1][S:2]([C:3])=[O:4].[O:49]=[O:50]>>[C:1][S:2]([C:3])(=[O:4])=[O:50].[H][O:49][H],EVODEX-P8007
EVODEX-N2543,[O:49]=[O:50]>>[H]C([H])([H])S(=O)(C([H])([H])[H])=[O:50].[H][O:49][H],EVODEX-P8008
EVODEX-N2544,O=[O:77]>>[H]O[C@@]1([H])C([H])([H])C([H])([H])[C@]2(C([H])([H])[H])C3=C(C([H])([H])C([H])([H])[C@@]2([H])[C@]1(C(=O)[O:77][H])C([H])([H])[H])[C@]1(C([H])([H])[H])C([H])([H])C([H])([H])[C@]([H])([C@]([H])(C([H])([H])[H])C([H])([H])C([H])([H])C([H])=C(C([H])([H])[H])C([H])([H])[H])[C@@]1(C([H])([H])[H])C([H])([H])C3([H])[H],EVODEX-P8020
EVODEX-N2545,[H][C:28]([C:26])=[O:29].[O:77]=[O:78]>>[H][O:77][C:28]([C:26])=[O:29].[H][O:78][H],"EVODEX-P8021,EVODEX-P9028"
EVODEX-N2546,[O:77]=[O:78]>>[H]O[C@@]1([H])C([H])([H])C([H])([H])[C@]2(C([H])([H])[H])C3=C(C([H])([H])C([H])([H])[C@@]2([H])[C@]1(C(=O)[O:77][H])C([H])([H])[H])[C@]1(C([H])([H])[H])C([H])([H])C([H])([H])[C@]([H])([C@]([H])(C([H])([H])[H])C([H])([H])C([H])([H])C([H])=C(C([H])([H])[H])C([H])([H])[H])[C@@]1(C([H])([H])[H])C([H])([H])C3([H])[H].[H][O:78][H],EVODEX-P8022
EVODEX-N2547,[O:58]=[O:59]>>[H]OC(=O)C([H])([H])[C@@]([H])(C(=O)O[H])N([H])[O:58][H].[H][O:59][H],EVODEX-P8049
EVODEX-N2548,O=[O:58]>>[H]OC(=O)C([H])([H])[C@@]([H])(C(=O)O[H])N([H])[O:58][H],EVODEX-P8055
EVODEX-N2549,[O:59]=[O:60]>>[H]OC(=O)C([H])([H])[C@@]([H])(C(=O)O[H])N(O[H])[O:59][H].[H][O:60][H],EVODEX-P8059
EVODEX-N2550,[H][N:54]([C:53])[O:55].O=[O:59]>>[H][O:59][N:54]([C:53])[O:55],EVODEX-P8060
EVODEX-N2551,[H][N:54]([C:53])[O:55]>>[H]O[N:54]([C:53])[O:55],EVODEX-P8062
EVODEX-N2552,[H][N:54]([C:53])[O:55].[O:59]=[O:60]>>[H][O:59][N:54]([C:53])[O:55].[H][O:60][H],EVODEX-P8063
EVODEX-N2553,O=[O:59]>>[H]OC(=O)C([H])([H])[C@@]([H])(C(=O)O[H])N(O[H])[O:59][H],EVODEX-P8065
EVODEX-N2554,[O:60]=[O:61]>>[H]OC(=O)C1:C([H]):C([H]):C(O[H]):C(N([H])[H]):C:1[O:60][H].[H][O:61][H],EVODEX-P8069
EVODEX-N2555,O=[O:60]>>[H]OC(=O)C1:C([H]):C([H]):C(O[H]):C(N([H])[H]):C:1[O:60][H],EVODEX-P8075
EVODEX-N2556,O=[O:61]>>[H]OC(=O)C1:C([H]):C([H]):C(OC([H])([H])[H]):C(N([H])[H]):C:1[O:61][H],EVODEX-P8084
EVODEX-N2557,[O:61]=[O:62]>>[H]OC(=O)C1:C([H]):C([H]):C(OC([H])([H])[H]):C(N([H])[H]):C:1[O:61][H].[H][O:62][H],EVODEX-P8086
EVODEX-N2558,O=[O:71]>>[H]OC(=O)C([H])([H])C([H])([H])C([H])([H])/C([H])=C(/[H])C([H])([H])/C([H])=C(/[H])C([H])([H])/C([H])=C(/[H])C([H])([H])/C([H])=C(/[H])C([H])([H])C([H])([H])C([H])([H])C([H])([H])C([H])([H])[O:71][H],EVODEX-P8094
EVODEX-N2559,[O:71]=[O:72]>>[H]OC(=O)C([H])([H])C([H])([H])C([H])([H])/C([H])=C(/[H])C([H])([H])/C([H])=C(/[H])C([H])([H])/C([H])=C(/[H])C([H])([H])/C([H])=C(/[H])C([H])([H])C([H])([H])C([H])([H])C([H])([H])C([H])([H])[O:71][H].[H][O:72][H],EVODEX-P8096
EVODEX-N2560,O=[O:54]>>[H]C1:C([H]):C([H]):C(C2([H])C([H])([H])[O:54]2):C([H]):C:1[H],EVODEX-P8104
EVODEX-N2561,[O:53]=[O:54]>>[H]C1:C([H]):C([H]):C(C2([H])C([H])([H])[O:54]2):C([H]):C:1[H].[H][O:53][H],EVODEX-P8106
EVODEX-N2562,[H][C:23]12[N:9]([C:10])[C:5](:[C:6]):[C:4](:[C:3])[N:31]=[C:30]1[C:28](=[O:29])[N:27]([H:56])[C:25](=[O:26])[N:24]2[H].[O:32]=[O:33]>>[C:3]:[C:4]1:[C:5](:[C:6]):[N:9]([C:10]):[C:23]2:[N:24]:[C:25](=[O:26]):[N:27]([H:56]):[C:28](=[O:29]):[C:30]2:[N:31]:1.[H][O:32][O:33][H],EVODEX-P8107
EVODEX-N2563,[O:56]=[O:57]>>[H]OC(=O)C([H])([H])C1:C([H]):C([H]):C(O[H]):C([O:56][H]):C:1[H].[H][O:57][H],EVODEX-P8110
EVODEX-N2564,O=[O:56]>>[H]OC(=O)C([H])([H])C1:C([H]):C([H]):C(O[H]):C([O:56][H]):C:1[H],EVODEX-P8116
EVODEX-N2565,[H][C:23]12[N:9]([C:10])[C:5](:[C:6]):[C:4](:[C:3])[N:31]=[C:30]1[C:28](=[O:29])[N:27]([H:78])[C:25](=[O:26])[N:24]2[H].[H][C:38](:[C:36]):[C:39].[O:54]=[O:55]>>[C:3]:[C:4]1:[C:5](:[C:6]):[N:9]([C:10]):[C:23]2:[N:24]:[C:25](=[O:26]):[N:27]([H:78]):[C:28](=[O:29]):[C:30]2:[N:31]:1.[H][O:54][C:38](:[C:36]):[C:39].[H][O:55][H],"EVODEX-P8123,EVODEX-P8134"
EVODEX-N2566,[O:54]=[O:55]>>[H]OC1:C([H]):C([H]):C(C([H])([H])[H]):C(C([H])([H])C([H])([H])C2([H])C(=O)C([H])([H])C([H])([H])[C@]3(C([H])([H])[H])C([H])(O[H])C([H])([H])C([H])([H])[C@@]23[H]):C:1[O:54][H].[H][O:55][H],EVODEX-P8124
EVODEX-N2567,[H][C:23]12[N:9]([C:10])[C:5](:[C:6]):[C:4](:[C:3])[N:31]=[C:30]1[C:28](=[O:29])[N:27]([H:78])[C:25](=[O:26])[N:24]2[H].[H][C:38](:[C:36]):[C:39].O=[O:54]>>[C:3]:[C:4]1:[C:5](:[C:6]):[N:9]([C:10]):[C:23]2:[N:24]:[C:25](=[O:26]):[N:27]([H:78]):[C:28](=[O:29]):[C:30]2:[N:31]:1.[H][O:54][C:38](:[C:36]):[C:39],"EVODEX-P8125,EVODEX-P8136"
EVODEX-N2568,[H][C:23]12[N:9]([C:10])[C:5](:[C:6]):[C:4](:[C:3])[N:31]=[C:30]1[C:28](=[O:29])[N:27]([H:78])[C:25](=[O:26])[N:24]2[H].[O:54]=[O:55]>>[C:3]:[C:4]1:[C:5](:[C:6]):[N:9]([C:10]):[C:23]2:[N:24]:[C:25](=[O:26]):[N:27]([H:78]):[C:28](=[O:29]):[C:30]2:[N:31]:1.[H]OC1:C([H]):C([H]):C(C([H])([H])[H]):C(C([H])([H])C([H])([H])C2([H])C(=O)C([H])([H])C([H])([H])[C@]3(C([H])([H])[H])C([H])(O[H])C([H])([H])C([H])([H])[C@@]23[H]):C:1[O:54][H].[H][O:55][H],EVODEX-P8127
EVODEX-N2569,O=[O:54]>>[H]OC1:C([H]):C([H]):C(C([H])([H])[H]):C(C([H])([H])C([H])([H])C2([H])C(=O)C([H])([H])C([H])([H])[C@]3(C([H])([H])[H])C([H])(O[H])C([H])([H])C([H])([H])[C@@]23[H]):C:1[O:54][H],EVODEX-P8128
EVODEX-N2570,[H][C:23]12[N:9]([C:10])[C:5](:[C:6]):[C:4](:[C:3])[N:31]=[C:30]1[C:28](=[O:29])[N:27]([H:78])[C:25](=[O:26])[N:24]2[H].O=[O:54]>>[C:3]:[C:4]1:[C:5](:[C:6]):[N:9]([C:10]):[C:23]2:[N:24]:[C:25](=[O:26]):[N:27]([H:78]):[C:28](=[O:29]):[C:30]2:[N:31]:1.[H]OC1:C([H]):C([H]):C(C([H])([H])[H]):C(C([H])([H])C([H])([H])C2([H])C(=O)C([H])([H])C([H])([H])[C@]3(C([H])([H])[H])C([H])(O[H])C([H])([H])C([H])([H])[C@@]23[H]):C:1[O:54][H],EVODEX-P8129
EVODEX-N2571,[H][C:23]12[N:9]([C:10])[C:5](:[C:6]):[C:4](:[C:3])[N:31]=[C:30]1[C:28](=[O:29])[N:27]([H:78])[C:25](=[O:26])[N:24]2[H].O=[O:55]>>[C:3]:[C:4]1:[C:5](:[C:6]):[N:9]([C:10]):[C:23]2:[N:24]:[C:25](=[O:26]):[N:27]([H:78]):[C:28](=[O:29]):[C:30]2:[N:31]:1.[H][O:55][H],EVODEX-P8130
EVODEX-N2572,[H][C:23]12[N:9]([C:10])[C:5](:[C:6]):[C:4](:[C:3])[N:31]=[C:30]1[C:28](=[O:29])[N:27]([H:78])[C:25](=[O:26])[N:24]2[H].[H][C:38](:[C:36]):[C:39]>>[C:3]:[C:4]1:[C:5](:[C:6]):[N:9]([C:10]):[C:23]2:[N:24]:[C:25](=[O:26]):[N:27]([H:78]):[C:28](=[O:29]):[C:30]2:[N:31]:1.[H]O[C:38](:[C:36]):[C:39],"EVODEX-P8131,EVODEX-P8141"
EVODEX-N2573,[O:54]=[O:55]>>[H]OC1:C([H]):C([H]):C(C([H])([H])[H]):C(C([H])([H])C([H])([H])[C@]2([H])C(=O)C([H])([H])C([H])([H])[C@]3(C([H])([H])[H])C(=O)C([H])([H])C([H])([H])[C@]32[H]):C:1[O:54][H].[H][O:55][H],EVODEX-P8135
EVODEX-N2574,[H][C:23]12[N:9]([C:10])[C:5](:[C:6]):[C:4](:[C:3])[N:31]=[C:30]1[C:28](=[O:29])[N:27]([H:78])[C:25](=[O:26])[N:24]2[H].[O:54]=[O:55]>>[C:3]:[C:4]1:[C:5](:[C:6]):[N:9]([C:10]):[C:23]2:[N:24]:[C:25](=[O:26]):[N:27]([H:78]):[C:28](=[O:29]):[C:30]2:[N:31]:1.[H]OC1:C([H]):C([H]):C(C([H])([H])[H]):C(C([H])([H])C([H])([H])[C@]2([H])C(=O)C([H])([H])C([H])([H])[C@]3(C([H])([H])[H])C(=O)C([H])([H])C([H])([H])[C@]32[H]):C:1[O:54][H].[H][O:55][H],EVODEX-P8138
EVODEX-N2575,O=[O:54]>>[H]OC1:C([H]):C([H]):C(C([H])([H])[H]):C(C([H])([H])C([H])([H])[C@]2([H])C(=O)C([H])([H])C([H])([H])[C@]3(C([H])([H])[H])C(=O)C([H])([H])C([H])([H])[C@]32[H]):C:1[O:54][H],EVODEX-P8139
EVODEX-N2576,[H][C:23]12[N:9]([C:10])[C:5](:[C:6]):[C:4](:[C:3])[N:31]=[C:30]1[C:28](=[O:29])[N:27]([H:78])[C:25](=[O:26])[N:24]2[H].O=[O:54]>>[C:3]:[C:4]1:[C:5](:[C:6]):[N:9]([C:10]):[C:23]2:[N:24]:[C:25](=[O:26]):[N:27]([H:78]):[C:28](=[O:29]):[C:30]2:[N:31]:1.[H]OC1:C([H]):C([H]):C(C([H])([H])[H]):C(C([H])([H])C([H])([H])[C@]2([H])C(=O)C([H])([H])C([H])([H])[C@]3(C([H])([H])[H])C(=O)C([H])([H])C([H])([H])[C@]32[H]):C:1[O:54][H],EVODEX-P8140
EVODEX-N2577,O=[O:72]>>[H]C1=C2C([H])([H])C([H])([H])[C@@]3([H])[C@]4([H])C([H])([H])C([H])([H])[C@]([H])(C(=O)C([H])([H])[O:72][H])[C@@]4(C([H])([H])[H])C([H])([H])C([H])([H])[C@]3([H])[C@@]2(C([H])([H])[H])C([H])([H])C([H])([H])C1=O,EVODEX-P8151
EVODEX-N2578,[O:72]=[O:73]>>[H]C1=C2C([H])([H])C([H])([H])[C@@]3([H])[C@]4([H])C([H])([H])C([H])([H])[C@]([H])(C(=O)C([H])([H])[O:72][H])[C@@]4(C([H])([H])[H])C([H])([H])C([H])([H])[C@]3([H])[C@@]2(C([H])([H])[H])C([H])([H])C([H])([H])C1=O.[H][O:73][H],EVODEX-P8153
EVODEX-N2579,O=[O:73]>>[H]O[C@]1(C(=O)C([H])([H])[O:73][H])C([H])([H])C([H])([H])[C@@]2([H])[C@]3([H])C([H])([H])C([H])([H])C4=C([H])C(=O)C([H])([H])C([H])([H])[C@]4(C([H])([H])[H])[C@@]3([H])C([H])([H])C([H])([H])[C@@]21C([H])([H])[H],EVODEX-P8161
EVODEX-N2580,[O:73]=[O:74]>>[H]O[C@]1(C(=O)C([H])([H])[O:73][H])C([H])([H])C([H])([H])[C@@]2([H])[C@]3([H])C([H])([H])C([H])([H])C4=C([H])C(=O)C([H])([H])C([H])([H])[C@]4(C([H])([H])[H])[C@@]3([H])C([H])([H])C([H])([H])[C@@]21C([H])([H])[H].[H][O:74][H],EVODEX-P8163
EVODEX-N2581,O=[O:80]>>[H]C(=C(C([H])([H])[H])C([H])([H])[H])C([H])([H])C([H])([H])/C(=C(/[H])C([H])([H])C([H])([H])C([H])(C([H])([H])[H])C([H])([H])C([H])([H])C([H])([H])/C([H])=C(\C([H])([H])[H])C([H])([H])C([H])([H])/C([H])=C(\C([H])([H])[H])C([H])([H])C([H])([H])C1([H])C(C([H])([H])[H])(C([H])([H])[H])[O:80]1)C([H])([H])[H],EVODEX-P8171
EVODEX-N2582,[O:79]=[O:80]>>[H]C(=C(C([H])([H])[H])C([H])([H])[H])C([H])([H])C([H])([H])/C(=C(/[H])C([H])([H])C([H])([H])C([H])(C([H])([H])[H])C([H])([H])C([H])([H])C([H])([H])/C([H])=C(\C([H])([H])[H])C([H])([H])C([H])([H])/C([H])=C(\C([H])([H])[H])C([H])([H])C([H])([H])C1([H])C(C([H])([H])[H])(C([H])([H])[H])[O:80]1)C([H])([H])[H].[H][O:79][H],EVODEX-P8173
EVODEX-N2583,O=[O:80]>>[H]C(=C(C([H])([H])[H])C([H])([H])[H])C([H])([H])C([H])([H])/C(=C(\[H])C([H])([H])C([H])([H])/C(=C(\[H])C([H])([H])C([H])([H])C([H])([H])C([H])(C([H])([H])[H])C([H])([H])C([H])([H])/C([H])=C(\C([H])([H])[H])C([H])([H])C([H])([H])C1([H])C(C([H])([H])[H])(C([H])([H])[H])[O:80]1)C([H])([H])[H])C([H])([H])[H],EVODEX-P8181
EVODEX-N2584,[O:79]=[O:80]>>[H]C(=C(C([H])([H])[H])C([H])([H])[H])C([H])([H])C([H])([H])/C(=C(\[H])C([H])([H])C([H])([H])/C(=C(\[H])C([H])([H])C([H])([H])C([H])([H])C([H])(C([H])([H])[H])C([H])([H])C([H])([H])/C([H])=C(\C([H])([H])[H])C([H])([H])C([H])([H])C1([H])C(C([H])([H])[H])(C([H])([H])[H])[O:80]1)C([H])([H])[H])C([H])([H])[H].[H][O:79][H],EVODEX-P8183
EVODEX-N2585,O=[O:73]>>[H]C([H])([H])C(=O)[C@]1([O:73][H])C([H])([H])C([H])([H])[C@@]2([H])[C@]3([H])C([H])([H])C([H])([H])[C@@]4([H])C([H])([H])C(=O)C([H])([H])C([H])([H])[C@]4(C([H])([H])[H])[C@@]3([H])C([H])([H])C([H])([H])[C@@]21C([H])([H])[H],EVODEX-P8191
EVODEX-N2586,[O:72]=[O:73]>>[H]C([H])([H])C(=O)[C@]1([O:73][H])C([H])([H])C([H])([H])[C@@]2([H])[C@]3([H])C([H])([H])C([H])([H])[C@@]4([H])C([H])([H])C(=O)C([H])([H])C([H])([H])[C@]4(C([H])([H])[H])[C@@]3([H])C([H])([H])C([H])([H])[C@@]21C([H])([H])[H].[H][O:72][H],EVODEX-P8193
EVODEX-N2587,O=[O:77]>>[H]O[C@@]1([H])C([H])([H])C([H])([H])[C@@]2(C([H])([H])[H])[C@]([H])(C1([H])[H])C([H])([H])[C@@]([H])([O:77][H])[C@]1([H])[C@]2([H])C([H])([H])C([H])([H])[C@]2(C([H])([H])[H])[C@@]([H])([C@]([H])(C([H])([H])[H])C([H])([H])C([H])([H])C([H])([H])C([H])(C([H])([H])[H])C([H])([H])[H])C([H])([H])C([H])([H])[C@]21[H],EVODEX-P8206
EVODEX-N2588,[O:77]=[O:78]>>[H]O[C@@]1([H])C([H])([H])C([H])([H])[C@@]2(C([H])([H])[H])[C@]([H])(C1([H])[H])C([H])([H])[C@@]([H])([O:77][H])[C@]1([H])[C@]2([H])C([H])([H])C([H])([H])[C@]2(C([H])([H])[H])[C@@]([H])([C@]([H])(C([H])([H])[H])C([H])([H])C([H])([H])C([H])([H])C([H])(C([H])([H])[H])C([H])([H])[H])C([H])([H])C([H])([H])[C@]21[H].[H][O:78][H],EVODEX-P8208
EVODEX-N2589,O=[O:78]>>[H]OC(C([H])([H])[H])(C([H])([H])[H])C([H])([H])C([H])([H])C([H])([H])[C@@]([H])(C([H])([H])[H])[C@@]1([H])C([H])([H])C([H])([H])[C@@]2([H])/C(=C([H])/C([H])=C3\C(=C([H])[H])[C@@]([H])([O:78][H])C([H])([H])[C@]([H])(O[H])C3([H])[H])C([H])([H])C([H])([H])C([H])([H])[C@]12C([H])([H])[H],EVODEX-P8216
EVODEX-N2590,[O:78]=[O:79]>>[H]OC(C([H])([H])[H])(C([H])([H])[H])C([H])([H])C([H])([H])C([H])([H])[C@@]([H])(C([H])([H])[H])[C@@]1([H])C([H])([H])C([H])([H])[C@@]2([H])/C(=C([H])/C([H])=C3\C(=C([H])[H])[C@@]([H])([O:78][H])C([H])([H])[C@]([H])(O[H])C3([H])[H])C([H])([H])C([H])([H])C([H])([H])[C@]12C([H])([H])[H].[H][O:79][H],EVODEX-P8218
EVODEX-N2591,[H][C:23]([C:22])([C:24])[C:25].[H][C:3]([C:2])([C:4])[H:131].[O:125]=[O:126].[O:127]=[O:128]>>[H][O:125][C@:3]([C:2])([C:4])[H:131].[H][O:127][C:23]([C:22])([C:24])[C:25].[H][O:126][H].[H][O:128][H],EVODEX-P8219
EVODEX-N2592,[H][C:23]([C:22])([C:24])[C:25].[H][C:3]([C:2])([C:4])[H:131]>>[H]O[C:23]([C:22])([C:24])[C:25].[H]O[C@:3]([C:2])([C:4])[H:131],EVODEX-P8222
EVODEX-N2593,[H][C:23]([C:22])([C:24])[C:25].[H][C:3]([C:2])([C:4])[H:131].O=[O:125]>>[H]O[C:23]([C:22])([C:24])[C:25].[H][O:125][C@:3]([C:2])([C:4])[H:131],EVODEX-P8224
EVODEX-N2594,O=[O:77]>>[H]O[C@]1([H])C([H])([H])C2=C([H])C([H])([H])[C@@]3([H])[C@]4([H])C([H])([H])C([H])([H])[C@]([H])([C@]([H])(C([H])([H])[H])C([H])([H])C([H])([H])[C@@]([H])(C([H])(C([H])([H])[H])C([H])([H])[H])[O:77][H])[C@@]4(C([H])([H])[H])C([H])([H])C([H])([H])[C@]3([H])[C@@]2(C([H])([H])[H])C([H])([H])C1([H])[H],EVODEX-P8232
EVODEX-N2595,[O:77]=[O:78]>>[H]O[C@]1([H])C([H])([H])C2=C([H])C([H])([H])[C@@]3([H])[C@]4([H])C([H])([H])C([H])([H])[C@]([H])([C@]([H])(C([H])([H])[H])C([H])([H])C([H])([H])[C@@]([H])(C([H])(C([H])([H])[H])C([H])([H])[H])[O:77][H])[C@@]4(C([H])([H])[H])C([H])([H])C([H])([H])[C@]3([H])[C@@]2(C([H])([H])[H])C([H])([H])C1([H])[H].[H][O:78][H],EVODEX-P8234
EVODEX-N2596,O=[O:78]>>[H]O[C@]1([H])C([H])([H])C2=C([H])[C@@]([H])([O:78][H])[C@]3([H])[C@]([H])(C([H])([H])C([H])([H])[C@]4(C([H])([H])[H])[C@@]([H])([C@]([H])(C([H])([H])[H])C([H])([H])C([H])([H])[C@@]([H])(O[H])C([H])(C([H])([H])[H])C([H])([H])[H])C([H])([H])C([H])([H])[C@]43[H])[C@@]2(C([H])([H])[H])C([H])([H])C1([H])[H],EVODEX-P8242
EVODEX-N2597,[O:78]=[O:79]>>[H]O[C@]1([H])C([H])([H])C2=C([H])[C@@]([H])([O:78][H])[C@]3([H])[C@]([H])(C([H])([H])C([H])([H])[C@]4(C([H])([H])[H])[C@@]([H])([C@]([H])(C([H])([H])[H])C([H])([H])C([H])([H])[C@@]([H])(O[H])C([H])(C([H])([H])[H])C([H])([H])[H])C([H])([H])C([H])([H])[C@]43[H])[C@@]2(C([H])([H])[H])C([H])([H])C1([H])[H].[H][O:79][H],EVODEX-P8244
EVODEX-N2598,[H][C:1]([C:2])([H:56])[H:57].[H][C:45]12[N:31]([C:32])[C:27](:[C:28]):[C:26](:[C:25])[N:53]=[C:52]1[C:50](=[O:51])[N:49]([H:124])[C:47](=[O:48])[N:46]2[H].[O:54]=[O:55]>>[H][O:54][C:1]([C:2])([H:56])[H:57].[C:25]:[C:26]1:[C:27](:[C:28]):[N:31]([C:32]):[C:45]2:[N:46]:[C:47](=[O:48]):[N:49]([H:124]):[C:50](=[O:51]):[C:52]2:[N:53]:1.[H][O:55][H],"EVODEX-P8245,EVODEX-P8255"
EVODEX-N2599,[H][C:1]([C:2])([H:56])[H:57].[H][C:45]12[N:31]([C:32])[C:27](:[C:28]):[C:26](:[C:25])[N:53]=[C:52]1[C:50](=[O:51])[N:49]([H:124])[C:47](=[O:48])[N:46]2[H].O=[O:54]>>[H][O:54][C:1]([C:2])([H:56])[H:57].[C:25]:[C:26]1:[C:27](:[C:28]):[N:31]([C:32]):[C:45]2:[N:46]:[C:47](=[O:48]):[N:49]([H:124]):[C:50](=[O:51]):[C:52]2:[N:53]:1,"EVODEX-P8246,EVODEX-P8256"
EVODEX-N2600,[O:54]=[O:55]>>[H]C([H])([H])C([H])([H])C([H])([H])C([H])([H])C([H])([H])C([H])([H])C([H])([H])C([H])([H])C([H])([H])C([H])([H])C([H])([H])C([H])([H])C([H])([H])C([H])([H])C([H])([H])C([H])([H])C([H])([H])C([H])([H])C([H])([H])C([H])([H])C([H])([H])C([H])([H])[O:54][H].[H][O:55][H],EVODEX-P8250
EVODEX-N2601,[H][C:1]([C:2])([H:56])[H:57].[H][C:45]12[N:31]([C:32])[C:27](:[C:28]):[C:26](:[C:25])[N:53]=[C:52]1[C:50](=[O:51])[N:49]([H:124])[C:47](=[O:48])[N:46]2[H]>>[H]O[C:1]([C:2])([H:56])[H:57].[C:25]:[C:26]1:[C:27](:[C:28]):[N:31]([C:32]):[C:45]2:[N:46]:[C:47](=[O:48]):[N:49]([H:124]):[C:50](=[O:51]):[C:52]2:[N:53]:1,"EVODEX-P8251,EVODEX-P8261"
EVODEX-N2602,[H][C:45]12[N:31]([C:32])[C:27](:[C:28]):[C:26](:[C:25])[N:53]=[C:52]1[C:50](=[O:51])[N:49]([H:124])[C:47](=[O:48])[N:46]2[H].[O:54]=[O:55]>>[H]C([H])([H])C([H])([H])C([H])([H])C([H])([H])C([H])([H])C([H])([H])C([H])([H])C([H])([H])C([H])([H])C([H])([H])C([H])([H])C([H])([H])C([H])([H])C([H])([H])C([H])([H])C([H])([H])C([H])([H])C([H])([H])C([H])([H])C([H])([H])C([H])([H])C([H])([H])[O:54][H].[C:25]:[C:26]1:[C:27](:[C:28]):[N:31]([C:32]):[C:45]2:[N:46]:[C:47](=[O:48]):[N:49]([H:124]):[C:50](=[O:51]):[C:52]2:[N:53]:1.[H][O:55][H],EVODEX-P8252
EVODEX-N2603,[H][C:45]12[N:31]([C:32])[C:27](:[C:28]):[C:26](:[C:25])[N:53]=[C:52]1[C:50](=[O:51])[N:49]([H:124])[C:47](=[O:48])[N:46]2[H].O=[O:54]>>[H]C([H])([H])C([H])([H])C([H])([H])C([H])([H])C([H])([H])C([H])([H])C([H])([H])C([H])([H])C([H])([H])C([H])([H])C([H])([H])C([H])([H])C([H])([H])C([H])([H])C([H])([H])C([H])([H])C([H])([H])C([H])([H])C([H])([H])C([H])([H])C([H])([H])C([H])([H])[O:54][H].[C:25]:[C:26]1:[C:27](:[C:28]):[N:31]([C:32]):[C:45]2:[N:46]:[C:47](=[O:48]):[N:49]([H:124]):[C:50](=[O:51]):[C:52]2:[N:53]:1,EVODEX-P8253
EVODEX-N2604,O=[O:54]>>[H]C([H])([H])C([H])([H])C([H])([H])C([H])([H])C([H])([H])C([H])([H])C([H])([H])C([H])([H])C([H])([H])C([H])([H])C([H])([H])C([H])([H])C([H])([H])C([H])([H])C([H])([H])C([H])([H])C([H])([H])C([H])([H])C([H])([H])C([H])([H])C([H])([H])C([H])([H])[O:54][H],EVODEX-P8254
EVODEX-N2605,[O:64]=[O:65]>>[H]C([H])([H])C([H])([H])C([H])([H])C([H])([H])C([H])([H])C([H])([H])C([H])([H])C([H])([H])C([H])([H])C([H])([H])C([H])([H])C([H])([H])C([H])([H])C([H])([H])C([H])([H])C([H])([H])C([H])([H])C([H])([H])C([H])([H])C([H])([H])C([H])([H])C([H])([H])C([H])([H])C([H])([H])C([H])([H])C([H])([H])C([H])([H])C([H])([H])C([H])([H])C([H])([H])C([H])([H])C([H])([H])[O:64][H].[H][O:65][H],EVODEX-P8260
EVODEX-N2606,[H][C:55]12[N:41]([C:42])[C:37](:[C:38]):[C:36](:[C:35])[N:63]=[C:62]1[C:60](=[O:61])[N:59]([H:154])[C:57](=[O:58])[N:56]2[H].[O:64]=[O:65]>>[H]C([H])([H])C([H])([H])C([H])([H])C([H])([H])C([H])([H])C([H])([H])C([H])([H])C([H])([H])C([H])([H])C([H])([H])C([H])([H])C([H])([H])C([H])([H])C([H])([H])C([H])([H])C([H])([H])C([H])([H])C([H])([H])C([H])([H])C([H])([H])C([H])([H])C([H])([H])C([H])([H])C([H])([H])C([H])([H])C([H])([H])C([H])([H])C([H])([H])C([H])([H])C([H])([H])C([H])([H])C([H])([H])[O:64][H].[C:35]:[C:36]1:[C:37](:[C:38]):[N:41]([C:42]):[C:55]2:[N:56]:[C:57](=[O:58]):[N:59]([H:154]):[C:60](=[O:61]):[C:62]2:[N:63]:1.[H][O:65][H],EVODEX-P8262
EVODEX-N2607,[H][C:55]12[N:41]([C:42])[C:37](:[C:38]):[C:36](:[C:35])[N:63]=[C:62]1[C:60](=[O:61])[N:59]([H:154])[C:57](=[O:58])[N:56]2[H].O=[O:64]>>[H]C([H])([H])C([H])([H])C([H])([H])C([H])([H])C([H])([H])C([H])([H])C([H])([H])C([H])([H])C([H])([H])C([H])([H])C([H])([H])C([H])([H])C([H])([H])C([H])([H])C([H])([H])C([H])([H])C([H])([H])C([H])([H])C([H])([H])C([H])([H])C([H])([H])C([H])([H])C([H])([H])C([H])([H])C([H])([H])C([H])([H])C([H])([H])C([H])([H])C([H])([H])C([H])([H])C([H])([H])C([H])([H])[O:64][H].[C:35]:[C:36]1:[C:37](:[C:38]):[N:41]([C:42]):[C:55]2:[N:56]:[C:57](=[O:58]):[N:59]([H:154]):[C:60](=[O:61]):[C:62]2:[N:63]:1,EVODEX-P8263
EVODEX-N2608,O=[O:64]>>[H]C([H])([H])C([H])([H])C([H])([H])C([H])([H])C([H])([H])C([H])([H])C([H])([H])C([H])([H])C([H])([H])C([H])([H])C([H])([H])C([H])([H])C([H])([H])C([H])([H])C([H])([H])C([H])([H])C([H])([H])C([H])([H])C([H])([H])C([H])([H])C([H])([H])C([H])([H])C([H])([H])C([H])([H])C([H])([H])C([H])([H])C([H])([H])C([H])([H])C([H])([H])C([H])([H])C([H])([H])C([H])([H])[O:64][H],EVODEX-P8264
EVODEX-N2609,O=[O:78]>>[H]OC(C([H])([H])[H])(C([H])([H])[H])C([H])([H])C([H])([H])C([H])([H])[C@@]([H])(C([H])([H])[H])[C@@]1([H])C([H])([H])C([H])([H])[C@]2([H])[C@]1(C([H])([H])[H])C([H])([H])C([H])([H])[C@]1([H])[C@]3(C([H])([H])[H])C(=C([H])[C@@]([H])([O:78][H])[C@]12[H])C([H])([H])[C@@]([H])(O[H])C([H])([H])C3([H])[H],EVODEX-P8272
EVODEX-N2610,[O:78]=[O:79]>>[H]OC(C([H])([H])[H])(C([H])([H])[H])C([H])([H])C([H])([H])C([H])([H])[C@@]([H])(C([H])([H])[H])[C@@]1([H])C([H])([H])C([H])([H])[C@]2([H])[C@]1(C([H])([H])[H])C([H])([H])C([H])([H])[C@]1([H])[C@]3(C([H])([H])[H])C(=C([H])[C@@]([H])([O:78][H])[C@]12[H])C([H])([H])[C@@]([H])(O[H])C([H])([H])C3([H])[H].[H][O:79][H],EVODEX-P8274
EVODEX-N2611,O=[O:78]>>[H]OC([H])([H])[C@]([H])(C([H])([H])[H])C([H])([H])C([H])([H])C([H])([H])[C@@]([H])(C([H])([H])[H])[C@@]1([H])C([H])([H])C([H])([H])[C@]2([H])[C@]1(C([H])([H])[H])C([H])([H])C([H])([H])[C@]1([H])[C@]3(C([H])([H])[H])C(=C([H])[C@]([H])([O:78][H])[C@]12[H])C([H])([H])[C@@]([H])(O[H])C([H])([H])C3([H])[H],EVODEX-P8282
EVODEX-N2612,[O:78]=[O:79]>>[H]OC([H])([H])[C@]([H])(C([H])([H])[H])C([H])([H])C([H])([H])C([H])([H])[C@@]([H])(C([H])([H])[H])[C@@]1([H])C([H])([H])C([H])([H])[C@]2([H])[C@]1(C([H])([H])[H])C([H])([H])C([H])([H])[C@]1([H])[C@]3(C([H])([H])[H])C(=C([H])[C@]([H])([O:78][H])[C@]12[H])C([H])([H])[C@@]([H])(O[H])C([H])([H])C3([H])[H].[H][O:79][H],EVODEX-P8284
EVODEX-N2613,O=[O:59]>>[H]C([H])=C([H])C(=C([H])[H])C([H])([H])[C@]([H])(C([H])=C(C([H])([H])[H])C([H])([H])[H])[O:59][H],EVODEX-P8292
EVODEX-N2614,[O:59]=[O:60]>>[H]C([H])=C([H])C(=C([H])[H])C([H])([H])[C@]([H])(C([H])=C(C([H])([H])[H])C([H])([H])[H])[O:59][H].[H][O:60][H],EVODEX-P8294
EVODEX-N2615,O=[O:60]>>[H]C1=C(C([H])([H])[O:60][H])[C@]2([H])C([H])([H])[C@]([H])(C1([H])[H])C2(C([H])([H])[H])C([H])([H])[H],EVODEX-P8302
EVODEX-N2616,[O:59]=[O:60]>>[H]C1=C(C([H])([H])[O:60][H])[C@]2([H])C([H])([H])[C@]([H])(C1([H])[H])C2(C([H])([H])[H])C([H])([H])[H].[H][O:59][H],EVODEX-P8304
EVODEX-N2617,[H]O[C@]1([H])C([H])([H])C2=C([H])C([H])([H])[C@@]3([H])[C@]4([H])C([H])([H])C([H])([H])[C@](O[H])([C:2]([C:1])=[O:3])[C@@]4(C([H])([H])[H])C([H])([H])C([H])([H])[C@]3([H])[C@@]2(C([H])([H])[H])C([H])([H])C1([H])[H]>>[H][C:2]([C:1])=[O:3],EVODEX-P8305
EVODEX-N2618,[H][O:5][C@:4]([C:2])([C:6])[C:23]>>[C:4](=[O:5])([C:6])[C:23].[H][C:2],"EVODEX-P8306,EVODEX-P13287,EVODEX-P30171,EVODEX-P30239,EVODEX-P30241,EVODEX-P30266,EVODEX-P30272,EVODEX-P30275,EVODEX-P30277,EVODEX-P30282"
EVODEX-N2619,[H]C([H])([H])C(=O)[C@@:4]([O:5][H])([C:6])[C:23]>>[C:4](=[O:5])([C:6])[C:23],"EVODEX-P8307,EVODEX-P11125"
EVODEX-N2620,[H]OC(=O)[C@@]([H])(N(O[H])[O:14][H:25])C([H])([H])C1:C([H]):C([H]):C(O[H]):C([H]):C:1[H]>>[H][O:14][H:25],EVODEX-P8308
EVODEX-N2621,[H]OC(=O)[C@:4]([C:5])([N:13]([O:14])[O:15])[H:17]>>[C:4](\[C:5])(=[N:13]/[O:15])[H:17].[H][O:14],EVODEX-P8309
EVODEX-N2622,[H]OC1:C([H]):C([H]):C(C([H])([H])[C@]([H])(N(O[H])[O:14][H:25])[C:2](=[O:1])[O:3][H]):C([H]):C:1[H]>>[O:1]=[C:2]=[O:3].[H][O:14][H:25],EVODEX-P8310
EVODEX-N2623,[H]OC1:C([H]):C([H]):C(C([H])([H])[C@]([H])(N(O[H])O[H])[C:2](=[O:1])[O:3][H]):C([H]):C:1[H]>>[O:1]=[C:2]=[O:3],EVODEX-P8311
EVODEX-N2624,[H]OC(=O)[C@:4]([C:5])([N:13](O[H])[O:15])[H:17]>>[C:4](\[C:5])(=[N:13]/[O:15])[H:17],EVODEX-P8312
EVODEX-N2625,[H][O:3][C:2](=[O:1])[C@:4]([C:5])([N:13]([O:14])[O:15])[H:17]>>[C:4](\[C:5])(=[N:13]/[O:15])[H:17].[O:1]=[C:2]=[O:3].[H][O:14],EVODEX-P8313
EVODEX-N2626,[H]O[N:13]([C@:4]([C:2](=[O:1])[O:3][H])([C:5])[H:17])[O:15]>>[C:4](\[C:5])(=[N:13]/[O:15])[H:17].[O:1]=[C:2]=[O:3],EVODEX-P8314
EVODEX-N2627,[O:58]=[O:59]>>[H]OC(=O)[C@@]([H])(N([H])[O:58][H])C([H])([H])C1:C([H]):C([H]):C(O[H]):C([H]):C:1[H].[H][O:59][H],EVODEX-P8317
EVODEX-N2628,O=[O:58]>>[H]OC(=O)[C@@]([H])(N([H])[O:58][H])C([H])([H])C1:C([H]):C([H]):C(O[H]):C([H]):C:1[H],EVODEX-P8323
EVODEX-N2629,[H][O:1]/[N:2]=[C:3](\[H])[C:4]([H])([H])[C:5]1:[C:6]([H]):[C:7]([H]):[C:8]([O:9][H]):[C:10]([H]):[C:11]:1[H]>>[H][O:1]/[N:2]=[C:3](/[H])[C:4]([H])([H])[C:5]1:[C:6]([H]):[C:7]([H]):[C:8]([O:9][H]):[C:10]([H]):[C:11]:1[H],EVODEX-P8325
EVODEX-N2630,[H]OC1:C([H]):C([H]):C(C([H])([H])/C([H])=N\[O:1][H:12]):C([H]):C:1[H]>>[H][O:1][H:12],EVODEX-P8326
EVODEX-N2631,[H]/[C:3](=[N:2]/[O:1])[C:4]>>[N:2]#[C:3][C:4].[H][O:1],"EVODEX-P8327,EVODEX-P8332,EVODEX-P31494,EVODEX-P31497,EVODEX-P31500"
EVODEX-N2632,[H]O/[N:2]=[C:3](/[H])[C:4]>>[N:2]#[C:3][C:4],"EVODEX-P8328,EVODEX-P8333,EVODEX-P31495,EVODEX-P31498,EVODEX-P31501"
EVODEX-N2633,[H][C:1]([H])([H])[C:2]([H])([H])[C@:3]([H])([C:4]([H])([H])[H])/[C:5]([H])=[N:6]/[O:7][H]>>[H][C:1]([H])([H])[C:2]([H])([H])[C@:3]([H])([C:4]([H])([H])[H])/[C:5]([H])=[N:6]\[O:7][H],EVODEX-P8329
EVODEX-N2634,[H][C:1]([H])([H])[C:2]([H])([C:3]([H])([H])[H])/[C:4]([H])=[N:5]/[O:6][H]>>[H][C:1]([H])([H])[C:2]([H])([C:3]([H])([H])[H])/[C:4]([H])=[N:5]\[O:6][H],EVODEX-P8330
EVODEX-N2635,[H]/C(=N/[O:1][H:11])C([H])([H])C1:C([H]):C([H]):C([H]):C([H]):C:1[H]>>[H][O:1][H:11],EVODEX-P8331
EVODEX-N2636,[H][O:1]/[N:2]=[C:3](\[H])[C:4]([H])([H])[C:5]1:[C:6]([H]):[C:7]([H]):[C:8]([H]):[C:9]([H]):[C:10]:1[H]>>[H][O:1]/[N:2]=[C:3](/[H])[C:4]([H])([H])[C:5]1:[C:6]([H]):[C:7]([H]):[C:8]([H]):[C:9]([H]):[C:10]:1[H],EVODEX-P8334
EVODEX-N2637,O=[O:59]>>[H]C([H])=C(C([H])([H])[H])[C@]1([H])C([H])([H])C([H])=C(C([H])([H])[H])[C@@]([H])([O:59][H])C1([H])[H],EVODEX-P8342
EVODEX-N2638,[O:59]=[O:60]>>[H]C([H])=C(C([H])([H])[H])[C@]1([H])C([H])([H])C([H])=C(C([H])([H])[H])[C@@]([H])([O:59][H])C1([H])[H].[H][O:60][H],EVODEX-P8344
EVODEX-N2639,O=[O:73]>>[H]O[C@]([H])(C1:C([H]):C([H]):N:C2:C([H]):C([H]):C(OC([H])([H])[H]):C([H]):C:1:2)[C@@]1([H])N2C([H])([H])C([H])([H])[C@@]([H])(C1([H])[H])[C@@](C([H])=C([H])[H])([O:73][H])C2([H])[H],EVODEX-P8352
EVODEX-N2640,[O:73]=[O:74]>>[H]O[C@]([H])(C1:C([H]):C([H]):N:C2:C([H]):C([H]):C(OC([H])([H])[H]):C([H]):C:1:2)[C@@]1([H])N2C([H])([H])C([H])([H])[C@@]([H])(C1([H])[H])[C@@](C([H])=C([H])[H])([O:73][H])C2([H])[H].[H][O:74][H],EVODEX-P8354
EVODEX-N2641,O=[O:69]>>[H]C([H])=C([H])[C@@]1(C([H])([H])[H])C([H])=C2C([H])([H])C([H])([H])[C@]3([H])C(C([H])([H])[H])(C([H])([H])[H])[C@]([H])([O:69][H])C([H])([H])C([H])([H])[C@@]3(C([H])([H])[H])[C@]2([H])C([H])([H])C1([H])[H],EVODEX-P8362
EVODEX-N2642,[O:69]=[O:70]>>[H]C([H])=C([H])[C@@]1(C([H])([H])[H])C([H])=C2C([H])([H])C([H])([H])[C@]3([H])C(C([H])([H])[H])(C([H])([H])[H])[C@]([H])([O:69][H])C([H])([H])C([H])([H])[C@@]3(C([H])([H])[H])[C@]2([H])C([H])([H])C1([H])[H].[H][O:70][H],EVODEX-P8364
EVODEX-N2643,O=[O:73]>>[H]OC(=O)C([H])([H])C([H])([H])/C([H])=C(/[H])C([H])([H])/C([H])=C(/[H])C([H])([H])/C([H])=C(/[H])C([H])([H])/C([H])=C(/[H])C([H])([H])/C([H])=C(/[H])C([H])([H])/C([H])=C(/[H])C([H])([H])C([H])([H])[O:73][H],EVODEX-P8372
EVODEX-N2644,[O:73]=[O:74]>>[H]OC(=O)C([H])([H])C([H])([H])/C([H])=C(/[H])C([H])([H])/C([H])=C(/[H])C([H])([H])/C([H])=C(/[H])C([H])([H])/C([H])=C(/[H])C([H])([H])/C([H])=C(/[H])C([H])([H])/C([H])=C(/[H])C([H])([H])C([H])([H])[O:73][H].[H][O:74][H],EVODEX-P8374
EVODEX-N2645,O=[O:73]>>[H]OC(=O)C([H])=C([H])C([H])=C([H])C([H])=C([H])C([H])=C([H])C([H])=C([H])C([H])=C([H])C([H])([H])C([H])([H])C([H])([H])C([H])([H])C([H])([H])C([H])([H])C([H])([H])C([H])([H])C([H])([H])[O:73][H],EVODEX-P8382
EVODEX-N2646,[O:73]=[O:74]>>[H]OC(=O)C([H])=C([H])C([H])=C([H])C([H])=C([H])C([H])=C([H])C([H])=C([H])C([H])=C([H])C([H])([H])C([H])([H])C([H])([H])C([H])([H])C([H])([H])C([H])([H])C([H])([H])C([H])([H])C([H])([H])[O:73][H].[H][O:74][H],EVODEX-P8384
EVODEX-N2647,O=[O:56]>>[H]OC(C([H])=C([H])[H])(C([H])([H])[H])C([H])([H])C([H])([H])C([H])=C(C([H])([H])[H])C([H])([H])[O:56][H],EVODEX-P8392
EVODEX-N2648,[O:56]=[O:57]>>[H]OC(C([H])=C([H])[H])(C([H])([H])[H])C([H])([H])C([H])([H])C([H])=C(C([H])([H])[H])C([H])([H])[O:56][H].[H][O:57][H],EVODEX-P8394
EVODEX-N2649,[H]O[C:11]([C:9])([H:73])[H:74]>>[H][C:11]([C:9])([H:73])[H:74],"EVODEX-P8395,EVODEX-P17263,EVODEX-P17268"
EVODEX-N2650,[H]OC(C([H])=C([H])[H])(C([H])([H])[H])C([H])([H])C([H])([H])C([H])=C(C([H])([H])[H])C([H])([H])[O:12][H].[H][O:57][H]>>[O:12]=[O:57],EVODEX-P8396
EVODEX-N2651,[H]OC(C([H])=C([H])[H])(C([H])([H])[H])C([H])([H])C([H])([H])C([H])=C(C([H])([H])[H])C([H])([H])[O:12][H]>>O=[O:12],EVODEX-P8399
EVODEX-N2652,[O:58]=[O:59]>>[H]OC(=O)C1:C([H]):C([H]):C([O:58][H]):C([H]):C:1[H].[H][O:59][H],EVODEX-P8407
EVODEX-N2653,[H]OC(=O)C1:C([H]):C([H]):C([O:57][H]):C([H]):C:1[H].[H][O:49][H]>>[O:49]=[O:57],EVODEX-P8415
EVODEX-N2654,[H]OC(=O)C1:C([H]):C([H]):C([O:57][H]):C([H]):C:1[H]>>O=[O:57],EVODEX-P8418
EVODEX-N2655,[O:75]=[O:76]>>[H]C1:C([H]):C2:C(:C(OC([H])([H])[H]):C:1OC([H])([H])[H])C([H])([H])N(C([H])([H])[H])C([H])([H])C([H])([H])C1:C([H]):C3:C(:C([H]):C:1C(=[O:76])C2([H])[H])OC([H])([H])O3.[H][O:75][H],EVODEX-P8429
EVODEX-N2656,O=[O:76]>>[H]C1:C([H]):C2:C(:C(OC([H])([H])[H]):C:1OC([H])([H])[H])C([H])([H])N(C([H])([H])[H])C([H])([H])C([H])([H])C1:C([H]):C3:C(:C([H]):C:1C(=[O:76])C2([H])[H])OC([H])([H])O3,EVODEX-P8433
EVODEX-N2657,[H]C1:C([H]):C2:C(:C(OC([H])([H])[H]):C:1OC([H])([H])[H])C([H])([H])N(C([H])([H])[H])C([H])([H])C([H])([H])C1:C([H]):C3:C(:C([H]):C:1C(=[O:23])C2([H])[H])OC([H])([H])O3.[H][O:76][H]>>[O:23]=[O:76],EVODEX-P8437
EVODEX-N2658,[H]C1:C([H]):C2:C(:C(OC([H])([H])[H]):C:1OC([H])([H])[H])C([H])([H])N(C([H])([H])[H])C([H])([H])C([H])([H])C1:C([H]):C3:C(:C([H]):C:1C(=[O:23])C2([H])[H])OC([H])([H])O3>>O=[O:23],EVODEX-P8438
EVODEX-N2659,O=[O:74]>>[H]C1=C([H])[C@@]2(C([H])([H])C([H])([H])[H])C([H])([H])C(C(=O)OC([H])([H])[H])=C3N([H])C4:C([H]):C([O:74][H]):C([H]):C([H]):C:4[C@@]34C([H])([H])C([H])([H])N(C1([H])[H])[C@@]24[H],EVODEX-P8451
EVODEX-N2660,[O:74]=[O:75]>>[H]C1=C([H])[C@@]2(C([H])([H])C([H])([H])[H])C([H])([H])C(C(=O)OC([H])([H])[H])=C3N([H])C4:C([H]):C([O:74][H]):C([H]):C([H]):C:4[C@@]34C([H])([H])C([H])([H])N(C1([H])[H])[C@@]24[H].[H][O:75][H],EVODEX-P8453
EVODEX-N2661,[O:61]=[O:62]>>[H]OC1([H])OC2:C([H]):C([H]):C([H]):C([H]):C:2N([O:61][H])C1=O.[H][O:62][H],EVODEX-P8456
EVODEX-N2662,O=[O:61]>>[H]OC1([H])OC2:C([H]):C([H]):C([H]):C([H]):C:2N([O:61][H])C1=O,EVODEX-P8462
EVODEX-N2663,[H]OC1([H])OC2:C([H]):C([H]):C([H]):C([H]):C:2N([O:62][H])C1=O.[H][O:49][H]>>[O:49]=[O:62],EVODEX-P8465
EVODEX-N2664,[H]OC1([H])OC2:C([H]):C([H]):C([H]):C([H]):C:2N([O:62][H])C1=O>>O=[O:62],EVODEX-P8468
EVODEX-N2665,[H][O:62][N:61]>>O=[O:62].[H][N:61],EVODEX-P8471
EVODEX-N2666,[H][O:62][N:61].[H][O:49][H]>>[O:49]=[O:62].[H][N:61],EVODEX-P8472
EVODEX-N2667,O=[O:76]>>[H]OC1:C([H]):C(O[H]):C2:C(:C:1[H])C(=O)C1:C([H]):C(O[H]):C([C@@]([H])(O[H])C([H])([H])C([H])([H])C([H])([H])[C@@]([H])(C([H])([H])[H])[O:76][H]):C(O[H]):C:1C2=O,EVODEX-P8481
EVODEX-N2668,[O:76]=[O:77]>>[H]OC1:C([H]):C(O[H]):C2:C(:C:1[H])C(=O)C1:C([H]):C(O[H]):C([C@@]([H])(O[H])C([H])([H])C([H])([H])C([H])([H])[C@@]([H])(C([H])([H])[H])[O:76][H]):C(O[H]):C:1C2=O.[H][O:77][H],EVODEX-P8483
EVODEX-N2669,[H]OC(=O)C([H])([H])[C@]([H])(O[H])C([H])([H])[C@]([H])(O[H])C([H])([H])C([H])([H])[C@@]1([H])[C@@]([H])(C([H])([H])[H])[C@]([H])([O:9][H:36])C([H])=C2C([H])([H])[C@]([H])(C([H])([H])[H])C([H])([H])C([H])([H])[C@@]21[H]>>[H][O:9][H:36],EVODEX-P8484
EVODEX-N2670,[H][C:24]([C:2])([C:6]([C:5])=[C:7]([C@@:8]([O:9])([C:10])[H:35])[H:34])[H:55]>>[C:2][C:24](=[C:6]([C:5])[C:7](=[C:8]([C:10])[H:35])[H:34])[H:55].[H][O:9],EVODEX-P8485
EVODEX-N2671,[H]O[C@:8]([C:7](=[C:6]([C:5])[C:24]([H])([C:2])[H:55])[H:34])([C:10])[H:35]>>[C:2][C:24](=[C:6]([C:5])[C:7](=[C:8]([C:10])[H:35])[H:34])[H:55],EVODEX-P8486
EVODEX-N2672,O=[O:80]>>[H]O[C@@]1([H])C([H])([H])C([H])([H])[C@@]2(C([H])([H])[H])[C@@]([H])(C([H])([H])C([H])([H])[C@@]3(C([H])([H])[H])[C@@]4(C([H])([H])[H])C(=C([H])C([H])([H])[C@]23[H])[C@]2([H])C([H])([H])C(C([H])([H])[H])(C([H])([H])[H])C([H])([H])C([H])([H])[C@]2(C([H])([H])[O:80][H])C([H])([H])C4([H])[H])C1(C([H])([H])[H])C([H])([H])[H],EVODEX-P8494
EVODEX-N2673,[O:80]=[O:81]>>[H]O[C@@]1([H])C([H])([H])C([H])([H])[C@@]2(C([H])([H])[H])[C@@]([H])(C([H])([H])C([H])([H])[C@@]3(C([H])([H])[H])[C@@]4(C([H])([H])[H])C(=C([H])C([H])([H])[C@]23[H])[C@]2([H])C([H])([H])C(C([H])([H])[H])(C([H])([H])[H])C([H])([H])C([H])([H])[C@]2(C([H])([H])[O:80][H])C([H])([H])C4([H])[H])C1(C([H])([H])[H])C([H])([H])[H].[H][O:81][H],EVODEX-P8496
EVODEX-N2674,O=[O:78]>>[H]O[C@]1([H])C([H])([H])C2=C([H])C(=O)C([H])([H])C([H])([H])[C@]2(C([H])([H])[H])[C@@]2([H])C([H])([H])[C@]([H])([O:78][H])[C@@]3(C([H])([H])[H])[C@@]([H])(C([H])([H])C([H])([H])[C@]3([H])[C@]([H])(C([H])([H])[H])C([H])([H])C([H])([H])C([H])([H])C([H])(C([H])([H])[H])C([H])([H])[H])[C@@]21[H],EVODEX-P8504
EVODEX-N2675,[O:78]=[O:79]>>[H]O[C@]1([H])C([H])([H])C2=C([H])C(=O)C([H])([H])C([H])([H])[C@]2(C([H])([H])[H])[C@@]2([H])C([H])([H])[C@]([H])([O:78][H])[C@@]3(C([H])([H])[H])[C@@]([H])(C([H])([H])C([H])([H])[C@]3([H])[C@]([H])(C([H])([H])[H])C([H])([H])C([H])([H])C([H])([H])C([H])(C([H])([H])[H])C([H])([H])[H])[C@@]21[H].[H][O:79][H],EVODEX-P8506
EVODEX-N2676,O=[O:65]>>[H]OC(=O)C([H])([H])C([H])([H])C([H])([H])C([H])([H])C([H])([H])C([H])([H])C([H])([H])C([H])([H])C([H])([H])C([H])([H])C([H])([H])C([H])([H])C([H])([H])C([H])([H])C([H])([H])C([H])([H])C([H])([H])[O:65][H],EVODEX-P8519
EVODEX-N2677,[O:65]=[O:66]>>[H]OC(=O)C([H])([H])C([H])([H])C([H])([H])C([H])([H])C([H])([H])C([H])([H])C([H])([H])C([H])([H])C([H])([H])C([H])([H])C([H])([H])C([H])([H])C([H])([H])C([H])([H])C([H])([H])C([H])([H])C([H])([H])[O:65][H].[H][O:66][H],EVODEX-P8521
EVODEX-N2678,O=[O:74]>>[H]OC([H])([H])C(=O)[C@@]1(O[H])C([H])([H])C([H])([H])[C@@]2([H])[C@]3([H])C([H])([H])C([H])([H])C4=C([H])C(=O)C([H])([H])C([H])([H])[C@]4(C([H])([H])[H])[C@@]3([H])[C@@]([H])([O:74][H])C([H])([H])[C@@]21C([H])([H])[H],EVODEX-P8529
EVODEX-N2679,[O:74]=[O:75]>>[H]OC([H])([H])C(=O)[C@@]1(O[H])C([H])([H])C([H])([H])[C@@]2([H])[C@]3([H])C([H])([H])C([H])([H])C4=C([H])C(=O)C([H])([H])C([H])([H])[C@]4(C([H])([H])[H])[C@@]3([H])[C@@]([H])([O:74][H])C([H])([H])[C@@]21C([H])([H])[H].[H][O:75][H],EVODEX-P8531
EVODEX-N2680,O=[O:78]>>[H]OC(C([H])([H])[H])(C([H])([H])[H])[C@@]([H])(C([H])([H])C([H])([H])[C@@]([H])(C([H])([H])[H])[C@@]1([H])C([H])([H])C([H])([H])[C@@]2([H])/C(=C([H])/C([H])=C3\C(=C([H])[H])C([H])([H])C([H])([H])[C@]([H])(O[H])C3([H])[H])C([H])([H])C([H])([H])C([H])([H])[C@]12C([H])([H])[H])[O:78][H],EVODEX-P8539
EVODEX-N2681,[O:78]=[O:79]>>[H]OC(C([H])([H])[H])(C([H])([H])[H])[C@@]([H])(C([H])([H])C([H])([H])[C@@]([H])(C([H])([H])[H])[C@@]1([H])C([H])([H])C([H])([H])[C@@]2([H])/C(=C([H])/C([H])=C3\C(=C([H])[H])C([H])([H])C([H])([H])[C@]([H])(O[H])C3([H])[H])C([H])([H])C([H])([H])C([H])([H])[C@]12C([H])([H])[H])[O:78][H].[H][O:79][H],EVODEX-P8541
EVODEX-N2682,O=[O:79]>>[H]OC(C([H])([H])[H])(C([H])([H])[H])C([H])(C([H])([H])C([H])([H])[C@@]([H])(C([H])([H])[H])[C@@]1([H])C([H])([H])C([H])([H])[C@@]2([H])/C(=C([H])/C([H])=C3\C(=C([H])[H])[C@@]([H])(O[H])C([H])([H])[C@]([H])(O[H])C3([H])[H])C([H])([H])C([H])([H])C([H])([H])[C@]12C([H])([H])[H])[O:79][H],EVODEX-P8549
EVODEX-N2683,[O:79]=[O:80]>>[H]OC(C([H])([H])[H])(C([H])([H])[H])C([H])(C([H])([H])C([H])([H])[C@@]([H])(C([H])([H])[H])[C@@]1([H])C([H])([H])C([H])([H])[C@@]2([H])/C(=C([H])/C([H])=C3\C(=C([H])[H])[C@@]([H])(O[H])C([H])([H])[C@]([H])(O[H])C3([H])[H])C([H])([H])C([H])([H])C([H])([H])[C@]12C([H])([H])[H])[O:79][H].[H][O:80][H],EVODEX-P8551
EVODEX-N2684,O=[O:77]>>[H]O[C@]1([H])C([H])([H])/C(=C([H])/C([H])=C2\C([H])([H])C([H])([H])C([H])([H])[C@]3(C([H])([H])[H])[C@@]([H])([C@]([H])(C([H])([H])[H])C([H])([H])C([H])([H])C([H])([H])C(C([H])([H])[H])(C([H])([H])[H])[O:77][H])C([H])([H])C([H])([H])[C@@]23[H])C(=C([H])[H])C([H])([H])C1([H])[H],EVODEX-P8559
EVODEX-N2685,[O:77]=[O:78]>>[H]O[C@]1([H])C([H])([H])/C(=C([H])/C([H])=C2\C([H])([H])C([H])([H])C([H])([H])[C@]3(C([H])([H])[H])[C@@]([H])([C@]([H])(C([H])([H])[H])C([H])([H])C([H])([H])C([H])([H])C(C([H])([H])[H])(C([H])([H])[H])[O:77][H])C([H])([H])C([H])([H])[C@@]23[H])C(=C([H])[H])C([H])([H])C1([H])[H].[H][O:78][H],EVODEX-P8561
EVODEX-N2686,O=[O:66]>>[H]C1=C2C([H])([H])C([H])([H])[C@@]3([H])[C@]4([H])C([H])([H])C([H])([H])C(=O)[C@@]4(C([H])([H])[H])C([H])([H])C([H])([H])[C@@]3([O:66][H])[C@@]2(C([H])([H])[H])C([H])([H])C([H])([H])C1=O,EVODEX-P8569
EVODEX-N2687,[O:66]=[O:67]>>[H]C1=C2C([H])([H])C([H])([H])[C@@]3([H])[C@]4([H])C([H])([H])C([H])([H])C(=O)[C@@]4(C([H])([H])[H])C([H])([H])C([H])([H])[C@@]3([O:66][H])[C@@]2(C([H])([H])[H])C([H])([H])C([H])([H])C1=O.[H][O:67][H],EVODEX-P8571
EVODEX-N2688,[H][C@:6]([C:4])([C:7])[N:17]([H])[C:16].[H][C:24](:[C:23]):[C:25].[O:30]=[O:31]>>[C:4][C:6]([C:7])=[N:17][C:16].[H][O:30][C:24](:[C:23]):[C:25].[H][O:31][H],"EVODEX-P8572,EVODEX-P8596,EVODEX-P8613"
EVODEX-N2689,[O:30]=[O:31]>>[H]OC(=O)[C@@]([H])(N([H])[H])C([H])([H])C1:C([H]):C([H]):C([O:30][H]):C([H]):C:1[H].[H][O:31][H],EVODEX-P8573
EVODEX-N2690,[H][C@:6]([C:4])([C:7])[N:17]([H])[C:16].[H][C:24](:[C:23]):[C:25].O=[O:30]>>[C:4][C:6]([C:7])=[N:17][C:16].[H][O:30][C:24](:[C:23]):[C:25],"EVODEX-P8574,EVODEX-P8597,EVODEX-P8615"
EVODEX-N2691,[H][C@:6]([C:4])([C:7])[N:17]([H])[C:16].[O:30]=[O:31]>>[C:4][C:6]([C:7])=[N:17][C:16].[H]OC(=O)[C@@]([H])(N([H])[H])C([H])([H])C1:C([H]):C([H]):C([O:30][H]):C([H]):C:1[H].[H][O:31][H],EVODEX-P8576
EVODEX-N2692,O=[O:30]>>[H]OC(=O)[C@@]([H])(N([H])[H])C([H])([H])C1:C([H]):C([H]):C([O:30][H]):C([H]):C:1[H],EVODEX-P8578
EVODEX-N2693,[H][C@:6]([C:4])([C:7])[N:17]([H])[C:16].O=[O:30]>>[C:4][C:6]([C:7])=[N:17][C:16].[H]OC(=O)[C@@]([H])(N([H])[H])C([H])([H])C1:C([H]):C([H]):C([O:30][H]):C([H]):C:1[H],EVODEX-P8579
EVODEX-N2694,[H][C@:6]([C:4])([C:7])[N:17]([H])[C:16].O=[O:31]>>[C:4][C:6]([C:7])=[N:17][C:16].[H][O:31][H],"EVODEX-P8580,EVODEX-P8592"
EVODEX-N2695,[H][C@:6]([C:4])([C:7])[N:17]([H])[C:16].[H][C:24](:[C:23]):[C:25]>>[C:4][C:6]([C:7])=[N:17][C:16].[H]O[C:24](:[C:23]):[C:25],"EVODEX-P8581,EVODEX-P8600,EVODEX-P8620"
EVODEX-N2696,[H][C:2]([C:1])([N:3]([H])[C:4])[C:13].[H][C:22]([C:21])([C:23])[H:56].[O:32]=[O:33]>>[C:1][C:2](=[N:3][C:4])[C:13].[H][O:32][C:22]([C:21])([C:23])[H:56].[H][O:33][H],"EVODEX-P8584,EVODEX-P8630,EVODEX-P8640"
EVODEX-N2697,[O:32]=[O:33]>>[H]OC(=O)[C@@]([H])(N([H])[H])C([H])(C1:C([H]):C([H]):C([H]):C([H]):C:1[H])[O:32][H].[H][O:33][H],EVODEX-P8585
EVODEX-N2698,[H][C:2]([C:1])([N:3]([H])[C:4])[C:13].[H][C:22]([C:21])([C:23])[H:56].O=[O:32]>>[C:1][C:2](=[N:3][C:4])[C:13].[H][O:32][C:22]([C:21])([C:23])[H:56],"EVODEX-P8586,EVODEX-P8631,EVODEX-P8641"
EVODEX-N2699,[H][C:2]([C:1])([N:3]([H])[C:4])[C:13].[O:32]=[O:33]>>[C:1][C:2](=[N:3][C:4])[C:13].[H]OC(=O)[C@@]([H])(N([H])[H])C([H])(C1:C([H]):C([H]):C([H]):C([H]):C:1[H])[O:32][H].[H][O:33][H],EVODEX-P8588
EVODEX-N2700,O=[O:32]>>[H]OC(=O)[C@@]([H])(N([H])[H])C([H])(C1:C([H]):C([H]):C([H]):C([H]):C:1[H])[O:32][H],EVODEX-P8590
EVODEX-N2701,[H][C:2]([C:1])([N:3]([H])[C:4])[C:13].O=[O:32]>>[C:1][C:2](=[N:3][C:4])[C:13].[H]OC(=O)[C@@]([H])(N([H])[H])C([H])(C1:C([H]):C([H]):C([H]):C([H]):C:1[H])[O:32][H],EVODEX-P8591
EVODEX-N2702,[H][C:2]([C:1])([N:3]([H])[C:4])[C:13].[H][C:22]([C:21])([C:23])[H:56]>>[C:1][C:2](=[N:3][C:4])[C:13].[H]O[C:22]([C:21])([C:23])[H:56],"EVODEX-P8593,EVODEX-P8636,EVODEX-P8646"
EVODEX-N2703,[H][C@:6]([C:4])([C:7])[N:17]([H])[C:16].[O:31]=[O:32]>>[C:4][C:6]([C:7])=[N:17][C:16].[H]OC(=O)[C@@]([H])(N([H])[H])C([H])([H])C1:C([H]):C([H]):C(O[H]):C([O:31][H]):C:1[H].[H][O:32][H],EVODEX-P8598
EVODEX-N2704,[H][C@:6]([C:4])([C:7])[N:17]([H])[C:16].O=[O:31]>>[C:4][C:6]([C:7])=[N:17][C:16].[H]OC(=O)[C@@]([H])(N([H])[H])C([H])([H])C1:C([H]):C([H]):C(O[H]):C([O:31][H]):C:1[H],EVODEX-P8599
EVODEX-N2705,[C:4][C:6](=[N:7][C:8])[C:17].[H][O:27][C:26].[H][O:32][H]>>[H][C@@:6]([C:4])([N:7]([H])[C:8])[C:17].[H][C:26].[O:27]=[O:32],EVODEX-P8601
EVODEX-N2706,[C:4][C:6](=[N:7][C:8])[C:17].[H]OC(=O)[C@@]([H])(N([H])[H])C([H])([H])C1:C([H]):C([H]):C(O[H]):C([O:27][H]):C:1[H].[H][O:32][H]>>[H][C@@:6]([C:4])([N:7]([H])[C:8])[C:17].[O:27]=[O:32],EVODEX-P8604
EVODEX-N2707,[C:4][C:6](=[N:7][C:8])[C:17].[H][O:32][H]>>[H][C@@:6]([C:4])([N:7]([H])[C:8])[C:17].O=[O:32],EVODEX-P8605
EVODEX-N2708,[C:4][C:6](=[N:7][C:8])[C:17].[H][O:27][C:26]>>[H][C@@:6]([C:4])([N:7]([H])[C:8])[C:17].[H][C:26].O=[O:27],EVODEX-P8606
EVODEX-N2709,[C:4][C:6](=[N:7][C:8])[C:17].[H]O[C:26](:[C:24]):[C:28]>>[H][C@@:6]([C:4])([N:7]([H])[C:8])[C:17].[H][C:26](:[C:24]):[C:28],EVODEX-P8607
EVODEX-N2710,[H]OC(=O)[C@@]([H])(N([H])[H])C([H])([H])C1:C([H]):C([H]):C(O[H]):C([O:27][H]):C:1[H].[H][O:32][H]>>[O:27]=[O:32],EVODEX-P8608
EVODEX-N2711,[C:4][C:6](=[N:7][C:8])[C:17].[H]OC(=O)[C@@]([H])(N([H])[H])C([H])([H])C1:C([H]):C([H]):C(O[H]):C([O:27][H]):C:1[H]>>[H][C@@:6]([C:4])([N:7]([H])[C:8])[C:17].O=[O:27],EVODEX-P8609
EVODEX-N2712,[H]OC(=O)[C@@]([H])(N([H])[H])C([H])([H])C1:C([H]):C([H]):C(O[H]):C([O:27][H]):C:1[H]>>O=[O:27],EVODEX-P8611
EVODEX-N2713,[O:33]=[O:34]>>[H]OC(=O)[C@@]([H])(N([H])[H])C([H])([H])C1:C([H]):N([H]):C2:C([H]):C([H]):C([O:33][H]):C([H]):C:1:2.[H][O:34][H],EVODEX-P8614
EVODEX-N2714,[H][C@:6]([C:4])([C:7])[N:17]([H])[C:16].[O:33]=[O:34]>>[C:4][C:6]([C:7])=[N:17][C:16].[H]OC(=O)[C@@]([H])(N([H])[H])C([H])([H])C1:C([H]):N([H]):C2:C([H]):C([H]):C([O:33][H]):C([H]):C:1:2.[H][O:34][H],EVODEX-P8617
EVODEX-N2715,O=[O:33]>>[H]OC(=O)[C@@]([H])(N([H])[H])C([H])([H])C1:C([H]):N([H]):C2:C([H]):C([H]):C([O:33][H]):C([H]):C:1:2,EVODEX-P8618
EVODEX-N2716,[H][C@:6]([C:4])([C:7])[N:17]([H])[C:16].O=[O:33]>>[C:4][C:6]([C:7])=[N:17][C:16].[H]OC(=O)[C@@]([H])(N([H])[H])C([H])([H])C1:C([H]):N([H]):C2:C([H]):C([H]):C([O:33][H]):C([H]):C:1:2,EVODEX-P8619
EVODEX-N2717,[H][C:10](:[C:9]):[C:11].[O:16]=[O:17].[H][C:24]([C:22])([N:25]([H])[C:26])[H:42]>>[H][O:16][C:10](:[C:9]):[C:11].[H][O:17][H].[C:22][C:24](=[N:25][C:26])[H:42],EVODEX-P8623
EVODEX-N2718,[H][C:10](:[C:9]):[C:11].O=[O:16].[H][C:24]([C:22])([N:25]([H])[C:26])[H:42]>>[H][O:16][C:10](:[C:9]):[C:11].[C:22][C:24](=[N:25][C:26])[H:42],EVODEX-P8624
EVODEX-N2719,[H][C:10](:[C:9]):[C:11].[H][C:24]([C:22])([N:25]([H])[C:26])[H:42]>>[H]O[C:10](:[C:9]):[C:11].[C:22][C:24](=[N:25][C:26])[H:42],EVODEX-P8625
EVODEX-N2720,[O:16]=[O:17].[H][C:24]([C:22])([N:25]([H])[C:26])[H:42]>>[H]OC(=O)[C@@]([H])(N([H])[H])C([H])([H])C1:C([H]):N([H]):C2:C([H]):C([H]):C([O:16][H]):C([H]):C:1:2.[H][O:17][H].[C:22][C:24](=[N:25][C:26])[H:42],EVODEX-P8626
EVODEX-N2721,O=[O:16].[H][C:24]([C:22])([N:25]([H])[C:26])[H:42]>>[H]OC(=O)[C@@]([H])(N([H])[H])C([H])([H])C1:C([H]):N([H]):C2:C([H]):C([H]):C([O:16][H]):C([H]):C:1:2.[C:22][C:24](=[N:25][C:26])[H:42],EVODEX-P8627
EVODEX-N2722,O=[O:17].[H][C:24]([C:22])([N:25]([H])[C:26])[H:42]>>[H][O:17][H].[C:22][C:24](=[N:25][C:26])[H:42],EVODEX-P8628
EVODEX-N2723,[O:42]=[O:43]>>[H]C1=C(OC([H])([H])[H])/C(=C(\[H])C2:C([H]):C(C([H])([H])C([H])([H])C([H])([H])C([H])(C([H])([H])[H])[O:42][H]):C(C([H])([H])[H]):N:2[H])N=C1C1:C([H]):C([H]):C([H]):N:1[H].[H][O:43][H],EVODEX-P8635
EVODEX-N2724,[H][C@:30]([C:28])([C:31])[N:41]([H])[C:40].[O:42]=[O:43]>>[H]C1=C(OC([H])([H])[H])/C(=C(\[H])C2:C([H]):C(C([H])([H])C([H])([H])C([H])([H])C([H])(C([H])([H])[H])[O:42][H]):C(C([H])([H])[H]):N:2[H])N=C1C1:C([H]):C([H]):C([H]):N:1[H].[C:28][C:30]([C:31])=[N:41][C:40].[H][O:43][H],EVODEX-P8637
EVODEX-N2725,[H][C@:30]([C:28])([C:31])[N:41]([H])[C:40].O=[O:42]>>[H]C1=C(OC([H])([H])[H])/C(=C(\[H])C2:C([H]):C(C([H])([H])C([H])([H])C([H])([H])C([H])(C([H])([H])[H])[O:42][H]):C(C([H])([H])[H]):N:2[H])N=C1C1:C([H]):C([H]):C([H]):N:1[H].[C:28][C:30]([C:31])=[N:41][C:40],EVODEX-P8638
EVODEX-N2726,O=[O:42]>>[H]C1=C(OC([H])([H])[H])/C(=C(\[H])C2:C([H]):C(C([H])([H])C([H])([H])C([H])([H])C([H])(C([H])([H])[H])[O:42][H]):C(C([H])([H])[H]):N:2[H])N=C1C1:C([H]):C([H]):C([H]):N:1[H],EVODEX-P8639
EVODEX-N2727,[O:42]=[O:43]>>[H]C1=C(C([H])(C([H])([H])C([H])([H])C([H])([H])C([H])([H])[H])[O:42][H])C(C([H])([H])[H])=N/C1=C(/[H])C1:C(OC([H])([H])[H]):C([H]):C(C2:C([H]):C([H]):C([H]):N:2[H]):N:1[H].[H][O:43][H],EVODEX-P8645
EVODEX-N2728,[H][C@:30]([C:28])([C:31])[N:41]([H])[C:40].[O:42]=[O:43]>>[H]C1=C(C([H])(C([H])([H])C([H])([H])C([H])([H])C([H])([H])[H])[O:42][H])C(C([H])([H])[H])=N/C1=C(/[H])C1:C(OC([H])([H])[H]):C([H]):C(C2:C([H]):C([H]):C([H]):N:2[H]):N:1[H].[C:28][C:30]([C:31])=[N:41][C:40].[H][O:43][H],EVODEX-P8647
EVODEX-N2729,[H][C@:30]([C:28])([C:31])[N:41]([H])[C:40].O=[O:42]>>[H]C1=C(C([H])(C([H])([H])C([H])([H])C([H])([H])C([H])([H])[H])[O:42][H])C(C([H])([H])[H])=N/C1=C(/[H])C1:C(OC([H])([H])[H]):C([H]):C(C2:C([H]):C([H]):C([H]):N:2[H]):N:1[H].[C:28][C:30]([C:31])=[N:41][C:40],EVODEX-P8648
EVODEX-N2730,O=[O:42]>>[H]C1=C(C([H])(C([H])([H])C([H])([H])C([H])([H])C([H])([H])[H])[O:42][H])C(C([H])([H])[H])=N/C1=C(/[H])C1:C(OC([H])([H])[H]):C([H]):C(C2:C([H]):C([H]):C([H]):N:2[H]):N:1[H],EVODEX-P8649
EVODEX-N2731,[H][C:3]([C:2])([C:4])[H:30].[H][O:21][C:20]([C:15])=[C:22]([C:13])[O:23][H].[O:24]=[O:25]>>[H][O:24][C@@:3]([C:2])([C:4])[H:30].[C:13][C:22]([C:20]([C:15])=[O:21])=[O:23].[H][O:25][H],"EVODEX-P8650,EVODEX-P8662"
EVODEX-N2732,[H][C:3]([C:2])([C:4])[H:30].[H][O:21][C:20]([C:15])=[C:22]([C:13])[O:23][H].O=[O:24]>>[H][O:24][C@@:3]([C:2])([C:4])[H:30].[C:13][C:22]([C:20]([C:15])=[O:21])=[O:23],"EVODEX-P8651,EVODEX-P8663"
EVODEX-N2733,[H][O:21][C:20]([C:15])=[C:22]([C:13])[O:23][H]>>[C:13][C:22]([C:20]([C:15])=[O:21])=[O:23],EVODEX-P8652
EVODEX-N2734,[O:24]=[O:25]>>[H]OC1:C([H]):C([H]):C([C@]([H])(C([H])([H])N([H])[H])[O:24][H]):C([H]):C:1O[H].[H][O:25][H],EVODEX-P8656
EVODEX-N2735,[H][C:3]([C:2])([C:4])[H:30].[H][O:21][C:20]([C:15])=[C:22]([C:13])[O:23][H]>>[H]O[C@@:3]([C:2])([C:4])[H:30].[C:13][C:22]([C:20]([C:15])=[O:21])=[O:23],"EVODEX-P8657,EVODEX-P8668"
EVODEX-N2736,[H][O:21][C:20]([C:15])=[C:22]([C:13])[O:23][H].[O:24]=[O:25]>>[H]OC1:C([H]):C([H]):C([C@]([H])(C([H])([H])N([H])[H])[O:24][H]):C([H]):C:1O[H].[C:13][C:22]([C:20]([C:15])=[O:21])=[O:23].[H][O:25][H],EVODEX-P8658
EVODEX-N2737,[H][O:21][C:20]([C:15])=[C:22]([C:13])[O:23][H].O=[O:24]>>[H]OC1:C([H]):C([H]):C([C@]([H])(C([H])([H])N([H])[H])[O:24][H]):C([H]):C:1O[H].[C:13][C:22]([C:20]([C:15])=[O:21])=[O:23],EVODEX-P8659
EVODEX-N2738,[H][O:21][C:20]([C:15])=[C:22]([C:13])[O:23][H].O=[O:25]>>[C:13][C:22]([C:20]([C:15])=[O:21])=[O:23].[H][O:25][H],EVODEX-P8660
EVODEX-N2739,O=[O:24]>>[H]OC1:C([H]):C([H]):C([C@]([H])(C([H])([H])N([H])[H])[O:24][H]):C([H]):C:1O[H],EVODEX-P8661
EVODEX-N2740,[O:23]=[O:24]>>[H]OC1:C([H]):C([H]):C(C([H])(C([H])([H])N([H])[H])[O:23][H]):C([H]):C:1[H].[H][O:24][H],EVODEX-P8667
EVODEX-N2741,[H][O:20][C:19]([C:14])=[C:21]([C:12])[O:22][H].[O:23]=[O:24]>>[H]OC1:C([H]):C([H]):C(C([H])(C([H])([H])N([H])[H])[O:23][H]):C([H]):C:1[H].[C:12][C:21]([C:19]([C:14])=[O:20])=[O:22].[H][O:24][H],EVODEX-P8669
EVODEX-N2742,[H][O:20][C:19]([C:14])=[C:21]([C:12])[O:22][H].O=[O:23]>>[H]OC1:C([H]):C([H]):C(C([H])(C([H])([H])N([H])[H])[O:23][H]):C([H]):C:1[H].[C:12][C:21]([C:19]([C:14])=[O:20])=[O:22],EVODEX-P8670
EVODEX-N2743,O=[O:23]>>[H]OC1:C([H]):C([H]):C(C([H])(C([H])([H])N([H])[H])[O:23][H]):C([H]):C:1[H],EVODEX-P8671
EVODEX-N2744,[H][C:14]([N:13])([C:15])[H:48].[H][O:30][C:29]([C:24])=[C:31]([C:22])[O:32][H].[O:33]=[O:34]>>[H][O:33][C:14]([N:13])([C:15])[H:48].[C:22][C:31]([C:29]([C:24])=[O:30])=[O:32].[H][O:34][H],"EVODEX-P8672,EVODEX-P8682"
EVODEX-N2745,[H][C:14]([N:13])([C:15])[H:48].[H][O:30][C:29]([C:24])=[C:31]([C:22])[O:32][H].O=[O:33]>>[H][O:33][C:14]([N:13])([C:15])[H:48].[C:22][C:31]([C:29]([C:24])=[O:30])=[O:32],"EVODEX-P8673,EVODEX-P8684"
EVODEX-N2746,[H][C:14]([N:13])([C:15])[H:48].O=[O:33]>>[H][O:33][C:14]([N:13])([C:15])[H:48],"EVODEX-P8674,EVODEX-P8691,EVODEX-P8898"
EVODEX-N2747,[H][C:14]([N:13])([C:15])[H:48]>>[H]O[C:14]([N:13])([C:15])[H:48],"EVODEX-P8675,EVODEX-P8685,EVODEX-P8899"
EVODEX-N2748,[H][C:14]([N:13])([C:15])[H:48].[O:33]=[O:34]>>[H][O:33][C:14]([N:13])([C:15])[H:48].[H][O:34][H],"EVODEX-P8676,EVODEX-P8690"
EVODEX-N2749,[O:33]=[O:34]>>[H]OC(=O)C([H])(N([H])C(=O)[C@@]([H])(N([H])C(=O)C([H])([H])C([H])([H])[C@@]([H])(C(=O)O[H])N([H])[H])C([H])([H])S[H])[O:33][H].[H][O:34][H],EVODEX-P8677
EVODEX-N2750,[H][C:14]([N:13])([C:15])[H:48].[H][O:30][C:29]([C:24])=[C:31]([C:22])[O:32][H]>>[H]O[C:14]([N:13])([C:15])[H:48].[C:22][C:31]([C:29]([C:24])=[O:30])=[O:32],"EVODEX-P8678,EVODEX-P8689"
EVODEX-N2751,[H][O:30][C:29]([C:24])=[C:31]([C:22])[O:32][H].[O:33]=[O:34]>>[H]OC(=O)C([H])(N([H])C(=O)[C@@]([H])(N([H])C(=O)C([H])([H])C([H])([H])[C@@]([H])(C(=O)O[H])N([H])[H])C([H])([H])S[H])[O:33][H].[C:22][C:31]([C:29]([C:24])=[O:30])=[O:32].[H][O:34][H],EVODEX-P8679
EVODEX-N2752,[H][O:30][C:29]([C:24])=[C:31]([C:22])[O:32][H].O=[O:33]>>[H]OC(=O)C([H])(N([H])C(=O)[C@@]([H])(N([H])C(=O)C([H])([H])C([H])([H])[C@@]([H])(C(=O)O[H])N([H])[H])C([H])([H])S[H])[O:33][H].[C:22][C:31]([C:29]([C:24])=[O:30])=[O:32],EVODEX-P8680
EVODEX-N2753,O=[O:33]>>[H]OC(=O)C([H])(N([H])C(=O)[C@@]([H])(N([H])C(=O)C([H])([H])C([H])([H])[C@@]([H])(C(=O)O[H])N([H])[H])C([H])([H])S[H])[O:33][H],EVODEX-P8681
EVODEX-N2754,[O:26]=[O:27]>>[H]OC(=O)C([H])(N([H])C(=O)C1:C([H]):C([H]):C([H]):C([H]):C:1[H])[O:26][H].[H][O:27][H],EVODEX-P8683
EVODEX-N2755,[H][O:23][C:22]([C:17])=[C:24]([C:15])[O:25][H].[O:26]=[O:27]>>[C:15][C:24]([C:22]([C:17])=[O:23])=[O:25].[H]OC(=O)C([H])(N([H])C(=O)C1:C([H]):C([H]):C([H]):C([H]):C:1[H])[O:26][H].[H][O:27][H],EVODEX-P8686
EVODEX-N2756,O=[O:26]>>[H]OC(=O)C([H])(N([H])C(=O)C1:C([H]):C([H]):C([H]):C([H]):C:1[H])[O:26][H],EVODEX-P8687
EVODEX-N2757,[H][O:23][C:22]([C:17])=[C:24]([C:15])[O:25][H].O=[O:26]>>[C:15][C:24]([C:22]([C:17])=[O:23])=[O:25].[H]OC(=O)C([H])(N([H])C(=O)C1:C([H]):C([H]):C([H]):C([H]):C:1[H])[O:26][H],EVODEX-P8688
EVODEX-N2758,[H][C:3]([C:2])=[C:4].[H][C:7](:[C:6]):[C:8].[H][O:15][C:14].[O:22]=[O:23]>>[C:2][C:3](=[C:4])[O:15][C:14].[H][O:22][C:7](:[C:6]):[C:8].[H][O:23][H],"EVODEX-P8692,EVODEX-P9264"
EVODEX-N2759,[H][C:3]([C:2])=[C:4].[H][C:7](:[C:6]):[C:8].[H][O:15][C:14].O=[O:22]>>[C:2][C:3](=[C:4])[O:15][C:14].[H][O:22][C:7](:[C:6]):[C:8],"EVODEX-P8693,EVODEX-P9265"
EVODEX-N2760,O=[O:22]>>[H]OC1:C([H]):C(O[H]):C2:C(:C:1[H])O/C(=C(/[H])C1:C([H]):C(O[H]):C(O[H]):C([O:22][H]):C:1[H])C2=O,EVODEX-P8694
EVODEX-N2761,[H][C:3]([C:2])=[C:4].[H][C:7](:[C:6]):[C:8].[H][O:15][C:14]>>[C:2][C:3](=[C:4])[O:15][C:14].[H]O[C:7](:[C:6]):[C:8],"EVODEX-P8695,EVODEX-P9267"
EVODEX-N2762,[O:22]=[O:23]>>[H]OC1:C([H]):C(O[H]):C2:C(:C:1[H])O/C(=C(/[H])C1:C([H]):C(O[H]):C(O[H]):C([O:22][H]):C:1[H])C2=O.[H][O:23][H],EVODEX-P8696
EVODEX-N2763,O=[O:86]>>[H]OC(=O)[C@@]1(OP(=O)(O[H])OC([H])([H])[C@@]2([H])O[C@@]([H])(N3:C([H]):C([H]):C(N([H])[H]):N:C:3=O)[C@]([H])(O[H])[C@]2([H])O[H])O[C@@]([H])([C@]([H])(O[H])[C@]([H])(O[H])C([H])([H])O[H])[C@]([H])(N([H])C(=O)C([H])([H])[O:86][H])[C@@]([H])(O[H])C1([H])[H],EVODEX-P8704
EVODEX-N2764,[O:86]=[O:87]>>[H]OC(=O)[C@@]1(OP(=O)(O[H])OC([H])([H])[C@@]2([H])O[C@@]([H])(N3:C([H]):C([H]):C(N([H])[H]):N:C:3=O)[C@]([H])(O[H])[C@]2([H])O[H])O[C@@]([H])([C@]([H])(O[H])[C@]([H])(O[H])C([H])([H])O[H])[C@]([H])(N([H])C(=O)C([H])([H])[O:86][H])[C@@]([H])(O[H])C1([H])[H].[H][O:87][H],EVODEX-P8706
EVODEX-N2765,O=[O:68]>>[H]OC([H])([H])[C@]([H])(N([H])[H])[C@]([H])(O[H])[C@@]([H])(C([H])([H])C([H])([H])C([H])([H])C([H])([H])C([H])([H])C([H])([H])C([H])([H])C([H])([H])C([H])([H])C([H])([H])C([H])([H])C([H])([H])C([H])([H])C([H])([H])C([H])([H])C([H])([H])[H])[O:68][H],EVODEX-P8719
EVODEX-N2766,[O:68]=[O:69]>>[H]OC([H])([H])[C@]([H])(N([H])[H])[C@]([H])(O[H])[C@@]([H])(C([H])([H])C([H])([H])C([H])([H])C([H])([H])C([H])([H])C([H])([H])C([H])([H])C([H])([H])C([H])([H])C([H])([H])C([H])([H])C([H])([H])C([H])([H])C([H])([H])C([H])([H])C([H])([H])[H])[O:68][H].[H][O:69][H],EVODEX-P8721
EVODEX-N2767,O=[O:66]>>[H]OC([H])([H])[C@]([H])(N([H])[H])[C@]([H])(O[H])[C@@]([H])(C([H])([H])C([H])([H])C([H])([H])C([H])([H])C([H])([H])C([H])([H])C([H])([H])C([H])([H])C([H])([H])C([H])([H])C([H])([H])C([H])([H])C([H])([H])C([H])([H])[H])[O:66][H],EVODEX-P8729
EVODEX-N2768,[O:66]=[O:67]>>[H]OC([H])([H])[C@]([H])(N([H])[H])[C@]([H])(O[H])[C@@]([H])(C([H])([H])C([H])([H])C([H])([H])C([H])([H])C([H])([H])C([H])([H])C([H])([H])C([H])([H])C([H])([H])C([H])([H])C([H])([H])C([H])([H])C([H])([H])C([H])([H])[H])[O:66][H].[H][O:67][H],EVODEX-P8731
EVODEX-N2769,O=[O:81]>>[H]O[C@@]1([H])C([H])([H])C([H])([H])[C@]23C([H])([H])[C@]24C([H])([H])C([H])([H])[C@]2(C([H])([H])[H])[C@@]([H])([C@]([H])(C([H])([H])[H])C([H])([H])C([H])([H])C(=C([H])[H])C([H])(C([H])([H])[H])C([H])([H])[H])C([H])([H])C([H])([H])[C@@]2(C([H])([H])[H])[C@]4([H])C([H])([H])C([H])([H])[C@@]3([H])C1(C([H])([H])[H])C([H])([H])[O:81][H],EVODEX-P8739
EVODEX-N2770,[O:81]=[O:82]>>[H]O[C@@]1([H])C([H])([H])C([H])([H])[C@]23C([H])([H])[C@]24C([H])([H])C([H])([H])[C@]2(C([H])([H])[H])[C@@]([H])([C@]([H])(C([H])([H])[H])C([H])([H])C([H])([H])C(=C([H])[H])C([H])(C([H])([H])[H])C([H])([H])[H])C([H])([H])C([H])([H])[C@@]2(C([H])([H])[H])[C@]4([H])C([H])([H])C([H])([H])[C@@]3([H])C1(C([H])([H])[H])C([H])([H])[O:81][H].[H][O:82][H],EVODEX-P8741
EVODEX-N2771,O=[O:82]>>[H]OC1([H])C([H])([H])[C@]([H])(O[H])C(C([H])([H])[H])(C([H])([H])[H])[C@]2([H])C([H])([H])C([H])([H])[C@]3([H])[C@]4(C([H])([H])C([H])([H])[C@]5(C([H])([H])[H])[C@@]([H])([C@]([H])(C([H])([H])[H])C([H])([H])C([H])([H])C(=C([H])[H])C([H])(C([H])([H])[H])C([H])([H])[H])C([H])([H])C([H])([H])[C@@]35C([H])([H])[O:82][H])C([H])([H])[C@]124,EVODEX-P8749
EVODEX-N2772,[O:82]=[O:83]>>[H]OC1([H])C([H])([H])[C@]([H])(O[H])C(C([H])([H])[H])(C([H])([H])[H])[C@]2([H])C([H])([H])C([H])([H])[C@]3([H])[C@]4(C([H])([H])C([H])([H])[C@]5(C([H])([H])[H])[C@@]([H])([C@]([H])(C([H])([H])[H])C([H])([H])C([H])([H])C(=C([H])[H])C([H])(C([H])([H])[H])C([H])([H])[H])C([H])([H])C([H])([H])[C@@]35C([H])([H])[O:82][H])C([H])([H])[C@]124.[H][O:83][H],EVODEX-P8751
EVODEX-N2773,O=[O:20]>>[H]OC(C([H])([H])C([H])([H])C([H])([H])C([H])([H])C([H])([H])C([H])([H])C([H])([H])C([H])([H])C([H])([H])C([H])([H])C([H])([H])C([H])([H])C([H])([H])C([H])([H])[H])=[O:20],EVODEX-P8752
EVODEX-N2774,[H]O[C@]([H])(C([H])([H])C([H])([H])C([H])([H])C([H])([H])C([H])([H])C([H])([H])C([H])([H])C([H])([H])C([H])([H])C([H])([H])C([H])([H])C([H])([H])C([H])([H])C([H])([H])[H])[C:17](=[O:18])[O:19][H]>>[C:17](=[O:18])=[O:19],EVODEX-P8753
EVODEX-N2775,[H]O[C@]([H])(C([H])([H])C([H])([H])C([H])([H])C([H])([H])C([H])([H])C([H])([H])C([H])([H])C([H])([H])C([H])([H])C([H])([H])C([H])([H])C([H])([H])C([H])([H])C([H])([H])[H])[C:17](=[O:18])[O:19][H].O=[O:21]>>[C:17](=[O:18])=[O:19].[H][O:21][H],EVODEX-P8757
EVODEX-N2776,[O:20]=[O:21]>>[H]OC(C([H])([H])C([H])([H])C([H])([H])C([H])([H])C([H])([H])C([H])([H])C([H])([H])C([H])([H])C([H])([H])C([H])([H])C([H])([H])C([H])([H])C([H])([H])C([H])([H])[H])=[O:20].[H][O:21][H],EVODEX-P8760
EVODEX-N2777,[H][C:7]([C:6])([C:8]([H])([C:9])[H:127])[H:125].[O:110]=[O:111]>>[C:6]/[C:7](=[C:8](\[C:9])[H:127])[H:125].[H][O:110][H].[H][O:111][H],"EVODEX-P8765,EVODEX-P8769,EVODEX-P8773,EVODEX-P8791,EVODEX-P8795"
EVODEX-N2778,[H][C@@:13]([C:12])([C:14]([H])([C:15])[H:103])[C:24].[O:77]=[O:78]>>[C:12][C:13](=[C:14]([C:15])[H:103])[C:24].[H][O:77][H].[H][O:78][H],"EVODEX-P8779,EVODEX-P8783"
EVODEX-N2779,[H][C:1]([C:2]([H])([C:3])[H:60])([H:57])[H:58].[O:55]=[O:56]>>[C:1](=[C:2]([C:3])[H:60])([H:57])[H:58].[H][O:55][H].[H][O:56][H],"EVODEX-P8799,EVODEX-P8803"
EVODEX-N2780,[H][C:1]([C:2]1([C:3])[S:4][C:5][N:20][C@@:21]1([H])[C:22])([H:37])[H:38].[H]OC(=O)[C:30]([C:29])=[O:31].O=[O:35]>>[C:1]1([H:37])([H:38])[C:2]([C:3])=[C:21]([C:22])[N:20][C:5][S:4]1.[H][O:35][C:30]([C:29])=[O:31],"EVODEX-P8804,EVODEX-P8816"
EVODEX-N2781,[H][C:1]([C:2]1([C:3])[S:4][C:5][N:20][C@@:21]1([H])[C:22])([H:37])[H:38].O=[O:36]>>[C:1]1([H:37])([H:38])[C:2]([C:3])=[C:21]([C:22])[N:20][C:5][S:4]1.[H][O:36][H],"EVODEX-P8805,EVODEX-P8817"
EVODEX-N2782,[H][C:1]([C:2]1([C:3])[S:4][C:5][N:20][C@@:21]1([H])[C:22])([H:37])[H:38].[H]OC(=O)[C:30]([C:29])=[O:31]>>[C:1]1([H:37])([H:38])[C:2]([C:3])=[C:21]([C:22])[N:20][C:5][S:4]1.[H]O[C:30]([C:29])=[O:31],"EVODEX-P8806,EVODEX-P8818"
EVODEX-N2783,[H][C:1]([C:2]1([C:3])[S:4][C:5][N:20][C@@:21]1([H])[C:22])([H:37])[H:38].O=[O:35]>>[C:1]1([H:37])([H:38])[C:2]([C:3])=[C:21]([C:22])[N:20][C:5][S:4]1.[H]OC(=O)C([H])([H])C([H])([H])C(=O)[O:35][H],"EVODEX-P8807,EVODEX-P8819"
EVODEX-N2784,[H][C:1]([C:2]1([C:3])[S:4][C:5][N:20][C@@:21]1([H])[C:22])([H:37])[H:38].[H][O:34][C:32]([C:30])=[O:33]>>[C:32](=[O:33])=[O:34].[C:1]1([H:37])([H:38])[C:2]([C:3])=[C:21]([C:22])[N:20][C:5][S:4]1.[H]O[C:30],"EVODEX-P8808,EVODEX-P8820"
EVODEX-N2785,[H][C:1]([C:2]1([C:3])[S:4][C:5][N:20][C@@:21]1([H])[C:22])([H:37])[H:38].[H]OC(=O)C([H])([H])C([H])([H])C(=O)[C:32](=[O:33])[O:34][H].O=[O:36]>>[C:32](=[O:33])=[O:34].[C:1]1([H:37])([H:38])[C:2]([C:3])=[C:21]([C:22])[N:20][C:5][S:4]1.[H][O:36][H],"EVODEX-P8809,EVODEX-P8821"
EVODEX-N2786,[H][C:1]([C:2]1([C:3])[S:4][C:5][N:20][C@@:21]1([H])[C:22])([H:37])[H:38]>>[C:1]1([H:37])([H:38])[C:2]([C:3])=[C:21]([C:22])[N:20][C:5][S:4]1,"EVODEX-P8810,EVODEX-P8822"
EVODEX-N2787,[H][C:1]([C:2]1([C:3])[S:4][C:5][N:20][C@@:21]1([H])[C:22])([H:37])[H:38].[H]OC(=O)[C:30]([C:29])=[O:31].[O:35]=[O:36]>>[C:1]1([H:37])([H:38])[C:2]([C:3])=[C:21]([C:22])[N:20][C:5][S:4]1.[H][O:35][C:30]([C:29])=[O:31].[H][O:36][H],"EVODEX-P8811,EVODEX-P8823"
EVODEX-N2788,[H][C:1]([C:2]1([C:3])[S:4][C:5][N:20][C@@:21]1([H])[C:22])([H:37])[H:38].[O:35]=[O:36]>>[C:1]1([H:37])([H:38])[C:2]([C:3])=[C:21]([C:22])[N:20][C:5][S:4]1.[H]OC(=O)C([H])([H])C([H])([H])C(=O)[O:35][H].[H][O:36][H],"EVODEX-P8812,EVODEX-P8824"
EVODEX-N2789,[H][C:1]([C:2]1([C:3])[S:4][C:5][N:20][C@@:21]1([H])[C:22])([H:37])[H:38].[H][O:34][C:32]([C:30]([C:29])=[O:31])=[O:33].O=[O:35]>>[C:32](=[O:33])=[O:34].[C:1]1([H:37])([H:38])[C:2]([C:3])=[C:21]([C:22])[N:20][C:5][S:4]1.[H][O:35][C:30]([C:29])=[O:31],"EVODEX-P8813,EVODEX-P8825"
EVODEX-N2790,[H][C:1]([C:2]1([C:3])[S:4][C:5][N:20][C@@:21]1([H])[C:22])([H:37])[H:38].[H]OC(=O)C([H])([H])C([H])([H])C(=O)[C:32](=[O:33])[O:34][H]>>[C:32](=[O:33])=[O:34].[C:1]1([H:37])([H:38])[C:2]([C:3])=[C:21]([C:22])[N:20][C:5][S:4]1,"EVODEX-P8814,EVODEX-P8826"
EVODEX-N2791,[H][C:1]([C:2]1([C:3])[S:4][C:5][N:20][C@@:21]1([H])[C:22])([H:37])[H:38].[H][O:34][C:32]([C:30]([C:29])=[O:31])=[O:33].[O:35]=[O:36]>>[C:32](=[O:33])=[O:34].[C:1]1([H:37])([H:38])[C:2]([C:3])=[C:21]([C:22])[N:20][C:5][S:4]1.[H][O:35][C:30]([C:29])=[O:31].[H][O:36][H],"EVODEX-P8815,EVODEX-P8827"
EVODEX-N2792,[H][C@@:14]([C:12])([C:15]([H])([C:16])[H:26])[N:21].[H]OC(=O)[C:6]([C:5])=[O:7].O=[O:22]>>[C:12][C:14](=[C:15]([C:16])[H:26])[N:21].[H][O:22][C:6]([C:5])=[O:7],"EVODEX-P8828,EVODEX-P8926"
EVODEX-N2793,[H][C@@:14]([C:12])([C:15]([H])([C:16])[H:26])[N:21].O=[O:23]>>[C:12][C:14](=[C:15]([C:16])[H:26])[N:21].[H][O:23][H],"EVODEX-P8829,EVODEX-P8922"
EVODEX-N2794,[H][C@@:14]([C:12])([C:15]([H])([C:16])[H:26])[N:21].[H]OC(=O)[C:6]([C:5])=[O:7]>>[C:12][C:14](=[C:15]([C:16])[H:26])[N:21].[H]O[C:6]([C:5])=[O:7],"EVODEX-P8830,EVODEX-P8927"
EVODEX-N2795,[H][C@@:14]([C:12])([C:15]([H])([C:16])[H:26])[N:21].O=[O:22]>>[C:12][C:14](=[C:15]([C:16])[H:26])[N:21].[H]OC(=O)C([H])([H])C([H])([H])C(=O)[O:22][H],"EVODEX-P8831,EVODEX-P8925"
EVODEX-N2796,[H][C@@:14]([C:12])([C:15]([H])([C:16])[H:26])[N:21].[H][O:10][C:8]([C:6])=[O:9]>>[C:8](=[O:9])=[O:10].[C:12][C:14](=[C:15]([C:16])[H:26])[N:21].[H]O[C:6],"EVODEX-P8832,EVODEX-P8924"
EVODEX-N2797,[H][C@@:14]([C:12])([C:15]([H])([C:16])[H:26])[N:21].[H]OC(=O)C([H])([H])C([H])([H])C(=O)[C:8](=[O:9])[O:10][H].O=[O:23]>>[C:8](=[O:9])=[O:10].[C:12][C:14](=[C:15]([C:16])[H:26])[N:21].[H][O:23][H],"EVODEX-P8833,EVODEX-P8921"
EVODEX-N2798,[H][C@@:14]([C:12])([C:15]([H])([C:16])[H:26])[N:21].[H]OC(=O)[C:6]([C:5])=[O:7].[O:22]=[O:23]>>[C:12][C:14](=[C:15]([C:16])[H:26])[N:21].[H][O:22][C:6]([C:5])=[O:7].[H][O:23][H],"EVODEX-P8835,EVODEX-P8930"
EVODEX-N2799,[H][C@@:14]([C:12])([C:15]([H])([C:16])[H:26])[N:21].[O:22]=[O:23]>>[C:12][C:14](=[C:15]([C:16])[H:26])[N:21].[H]OC(=O)C([H])([H])C([H])([H])C(=O)[O:22][H].[H][O:23][H],"EVODEX-P8836,EVODEX-P8928"
EVODEX-N2800,[H][C@@:14]([C:12])([C:15]([H])([C:16])[H:26])[N:21].[H][O:10][C:8]([C:6]([C:5])=[O:7])=[O:9].O=[O:22]>>[C:8](=[O:9])=[O:10].[C:12][C:14](=[C:15]([C:16])[H:26])[N:21].[H][O:22][C:6]([C:5])=[O:7],"EVODEX-P8837,EVODEX-P8923"
EVODEX-N2801,[H][C@@:14]([C:12])([C:15]([H])([C:16])[H:26])[N:21].[H]OC(=O)C([H])([H])C([H])([H])C(=O)[C:8](=[O:9])[O:10][H]>>[C:8](=[O:9])=[O:10].[C:12][C:14](=[C:15]([C:16])[H:26])[N:21],"EVODEX-P8838,EVODEX-P8920"
EVODEX-N2802,[H][C@@:14]([C:12])([C:15]([H])([C:16])[H:26])[N:21].[H][O:10][C:8]([C:6]([C:5])=[O:7])=[O:9].[O:22]=[O:23]>>[C:8](=[O:9])=[O:10].[C:12][C:14](=[C:15]([C:16])[H:26])[N:21].[H][O:22][C:6]([C:5])=[O:7].[H][O:23][H],"EVODEX-P8839,EVODEX-P8929"
EVODEX-N2803,[H][C:13]1([H:33])[C:12](=[O:11])[C:30](:[C:28]):[C:23](:[C:24])[O:22][C@@:14]1([H])[C:15].[H]OC(=O)[C:6]([C:5])=[O:7].O=[O:31]>>[O:11]=[C:12]1:[C:13]([H:33]):[C:14]([C:15]):[O:22]:[C:23](:[C:24]):[C:30]:1:[C:28].[H][O:31][C:6]([C:5])=[O:7],"EVODEX-P8840,EVODEX-P8852"
EVODEX-N2804,[H][C:13]1([H:33])[C:12](=[O:11])[C:30](:[C:28]):[C:23](:[C:24])[O:22][C@@:14]1([H])[C:15].O=[O:32]>>[O:11]=[C:12]1:[C:13]([H:33]):[C:14]([C:15]):[O:22]:[C:23](:[C:24]):[C:30]:1:[C:28].[H][O:32][H],"EVODEX-P8841,EVODEX-P8853"
EVODEX-N2805,[H][C:13]1([H:33])[C:12](=[O:11])[C:30](:[C:28]):[C:23](:[C:24])[O:22][C@@:14]1([H])[C:15].[H]OC(=O)[C:6]([C:5])=[O:7]>>[O:11]=[C:12]1:[C:13]([H:33]):[C:14]([C:15]):[O:22]:[C:23](:[C:24]):[C:30]:1:[C:28].[H]O[C:6]([C:5])=[O:7],"EVODEX-P8842,EVODEX-P8854"
EVODEX-N2806,[H][C:13]1([H:33])[C:12](=[O:11])[C:30](:[C:28]):[C:23](:[C:24])[O:22][C@@:14]1([H])[C:15].O=[O:31]>>[O:11]=[C:12]1:[C:13]([H:33]):[C:14]([C:15]):[O:22]:[C:23](:[C:24]):[C:30]:1:[C:28].[H]OC(=O)C([H])([H])C([H])([H])C(=O)[O:31][H],"EVODEX-P8843,EVODEX-P8855"
EVODEX-N2807,[H][C:13]1([H:33])[C:12](=[O:11])[C:30](:[C:28]):[C:23](:[C:24])[O:22][C@@:14]1([H])[C:15].[H][O:10][C:8]([C:6])=[O:9]>>[C:8](=[O:9])=[O:10].[O:11]=[C:12]1:[C:13]([H:33]):[C:14]([C:15]):[O:22]:[C:23](:[C:24]):[C:30]:1:[C:28].[H]O[C:6],"EVODEX-P8844,EVODEX-P8856"
EVODEX-N2808,[H][C:13]1([H:33])[C:12](=[O:11])[C:30](:[C:28]):[C:23](:[C:24])[O:22][C@@:14]1([H])[C:15].[H]OC(=O)C([H])([H])C([H])([H])C(=O)[C:8](=[O:9])[O:10][H].O=[O:32]>>[C:8](=[O:9])=[O:10].[O:11]=[C:12]1:[C:13]([H:33]):[C:14]([C:15]):[O:22]:[C:23](:[C:24]):[C:30]:1:[C:28].[H][O:32][H],"EVODEX-P8845,EVODEX-P8857"
EVODEX-N2809,[H][C:13]1([H:33])[C:12](=[O:11])[C:30](:[C:28]):[C:23](:[C:24])[O:22][C@@:14]1([H])[C:15]>>[O:11]=[C:12]1:[C:13]([H:33]):[C:14]([C:15]):[O:22]:[C:23](:[C:24]):[C:30]:1:[C:28],"EVODEX-P8846,EVODEX-P8858"
EVODEX-N2810,[H][C:13]1([H:33])[C:12](=[O:11])[C:30](:[C:28]):[C:23](:[C:24])[O:22][C@@:14]1([H])[C:15].[H]OC(=O)[C:6]([C:5])=[O:7].[O:31]=[O:32]>>[O:11]=[C:12]1:[C:13]([H:33]):[C:14]([C:15]):[O:22]:[C:23](:[C:24]):[C:30]:1:[C:28].[H][O:31][C:6]([C:5])=[O:7].[H][O:32][H],"EVODEX-P8847,EVODEX-P8859"
EVODEX-N2811,[H][C:13]1([H:33])[C:12](=[O:11])[C:30](:[C:28]):[C:23](:[C:24])[O:22][C@@:14]1([H])[C:15].[O:31]=[O:32]>>[O:11]=[C:12]1:[C:13]([H:33]):[C:14]([C:15]):[O:22]:[C:23](:[C:24]):[C:30]:1:[C:28].[H]OC(=O)C([H])([H])C([H])([H])C(=O)[O:31][H].[H][O:32][H],"EVODEX-P8848,EVODEX-P8860"
EVODEX-N2812,[H][C:13]1([H:33])[C:12](=[O:11])[C:30](:[C:28]):[C:23](:[C:24])[O:22][C@@:14]1([H])[C:15].[H][O:10][C:8]([C:6]([C:5])=[O:7])=[O:9].O=[O:31]>>[C:8](=[O:9])=[O:10].[O:11]=[C:12]1:[C:13]([H:33]):[C:14]([C:15]):[O:22]:[C:23](:[C:24]):[C:30]:1:[C:28].[H][O:31][C:6]([C:5])=[O:7],"EVODEX-P8849,EVODEX-P8861"
EVODEX-N2813,[H][C:13]1([H:33])[C:12](=[O:11])[C:30](:[C:28]):[C:23](:[C:24])[O:22][C@@:14]1([H])[C:15].[H]OC(=O)C([H])([H])C([H])([H])C(=O)[C:8](=[O:9])[O:10][H]>>[C:8](=[O:9])=[O:10].[O:11]=[C:12]1:[C:13]([H:33]):[C:14]([C:15]):[O:22]:[C:23](:[C:24]):[C:30]:1:[C:28],"EVODEX-P8850,EVODEX-P8862"
EVODEX-N2814,[H][C:13]1([H:33])[C:12](=[O:11])[C:30](:[C:28]):[C:23](:[C:24])[O:22][C@@:14]1([H])[C:15].[H][O:10][C:8]([C:6]([C:5])=[O:7])=[O:9].[O:31]=[O:32]>>[C:8](=[O:9])=[O:10].[O:11]=[C:12]1:[C:13]([H:33]):[C:14]([C:15]):[O:22]:[C:23](:[C:24]):[C:30]:1:[C:28].[H][O:31][C:6]([C:5])=[O:7].[H][O:32][H],"EVODEX-P8851,EVODEX-P8863"
EVODEX-N2815,[H][C@:22]1([C:23])[O:21][C:20](:[C:19]):[C:13](:[C:14])[C:12](=[O:11])[C@:31]1([H])[O:32].[H]OC(=O)[C:6]([C:5])=[O:7].O=[O:33]>>[O:11]=[C:12]1:[C:13](:[C:14]):[C:20](:[C:19]):[O:21]:[C:22]([C:23]):[C:31]:1[O:32].[H][O:33][C:6]([C:5])=[O:7],"EVODEX-P8864,EVODEX-P8876"
EVODEX-N2816,[H][C@:22]1([C:23])[O:21][C:20](:[C:19]):[C:13](:[C:14])[C:12](=[O:11])[C@:31]1([H])[O:32].O=[O:34]>>[O:11]=[C:12]1:[C:13](:[C:14]):[C:20](:[C:19]):[O:21]:[C:22]([C:23]):[C:31]:1[O:32].[H][O:34][H],"EVODEX-P8865,EVODEX-P8877"
EVODEX-N2817,[H][C@:22]1([C:23])[O:21][C:20](:[C:19]):[C:13](:[C:14])[C:12](=[O:11])[C@:31]1([H])[O:32].[H]OC(=O)[C:6]([C:5])=[O:7]>>[O:11]=[C:12]1:[C:13](:[C:14]):[C:20](:[C:19]):[O:21]:[C:22]([C:23]):[C:31]:1[O:32].[H]O[C:6]([C:5])=[O:7],"EVODEX-P8866,EVODEX-P8878"
EVODEX-N2818,[H][C@:22]1([C:23])[O:21][C:20](:[C:19]):[C:13](:[C:14])[C:12](=[O:11])[C@:31]1([H])[O:32].O=[O:33]>>[O:11]=[C:12]1:[C:13](:[C:14]):[C:20](:[C:19]):[O:21]:[C:22]([C:23]):[C:31]:1[O:32].[H]OC(=O)C([H])([H])C([H])([H])C(=O)[O:33][H],"EVODEX-P8867,EVODEX-P8879"
EVODEX-N2819,[H][C@:22]1([C:23])[O:21][C:20](:[C:19]):[C:13](:[C:14])[C:12](=[O:11])[C@:31]1([H])[O:32].[H][O:10][C:8]([C:6])=[O:9]>>[C:8](=[O:9])=[O:10].[O:11]=[C:12]1:[C:13](:[C:14]):[C:20](:[C:19]):[O:21]:[C:22]([C:23]):[C:31]:1[O:32].[H]O[C:6],"EVODEX-P8868,EVODEX-P8880"
EVODEX-N2820,[H][C@:22]1([C:23])[O:21][C:20](:[C:19]):[C:13](:[C:14])[C:12](=[O:11])[C@:31]1([H])[O:32].[H]OC(=O)C([H])([H])C([H])([H])C(=O)[C:8](=[O:9])[O:10][H].O=[O:34]>>[C:8](=[O:9])=[O:10].[O:11]=[C:12]1:[C:13](:[C:14]):[C:20](:[C:19]):[O:21]:[C:22]([C:23]):[C:31]:1[O:32].[H][O:34][H],"EVODEX-P8869,EVODEX-P8881"
EVODEX-N2821,[H][C@:22]1([C:23])[O:21][C:20](:[C:19]):[C:13](:[C:14])[C:12](=[O:11])[C@:31]1([H])[O:32]>>[O:11]=[C:12]1:[C:13](:[C:14]):[C:20](:[C:19]):[O:21]:[C:22]([C:23]):[C:31]:1[O:32],"EVODEX-P8870,EVODEX-P8882"
EVODEX-N2822,[H][C@:22]1([C:23])[O:21][C:20](:[C:19]):[C:13](:[C:14])[C:12](=[O:11])[C@:31]1([H])[O:32].[H]OC(=O)[C:6]([C:5])=[O:7].[O:33]=[O:34]>>[O:11]=[C:12]1:[C:13](:[C:14]):[C:20](:[C:19]):[O:21]:[C:22]([C:23]):[C:31]:1[O:32].[H][O:33][C:6]([C:5])=[O:7].[H][O:34][H],"EVODEX-P8871,EVODEX-P8883"
EVODEX-N2823,[H][C@:22]1([C:23])[O:21][C:20](:[C:19]):[C:13](:[C:14])[C:12](=[O:11])[C@:31]1([H])[O:32].[O:33]=[O:34]>>[O:11]=[C:12]1:[C:13](:[C:14]):[C:20](:[C:19]):[O:21]:[C:22]([C:23]):[C:31]:1[O:32].[H]OC(=O)C([H])([H])C([H])([H])C(=O)[O:33][H].[H][O:34][H],"EVODEX-P8872,EVODEX-P8884"
EVODEX-N2824,[H][C@:22]1([C:23])[O:21][C:20](:[C:19]):[C:13](:[C:14])[C:12](=[O:11])[C@:31]1([H])[O:32].[H][O:10][C:8]([C:6]([C:5])=[O:7])=[O:9].O=[O:33]>>[C:8](=[O:9])=[O:10].[O:11]=[C:12]1:[C:13](:[C:14]):[C:20](:[C:19]):[O:21]:[C:22]([C:23]):[C:31]:1[O:32].[H][O:33][C:6]([C:5])=[O:7],"EVODEX-P8873,EVODEX-P8885"
EVODEX-N2825,[H][C@:22]1([C:23])[O:21][C:20](:[C:19]):[C:13](:[C:14])[C:12](=[O:11])[C@:31]1([H])[O:32].[H]OC(=O)C([H])([H])C([H])([H])C(=O)[C:8](=[O:9])[O:10][H]>>[C:8](=[O:9])=[O:10].[O:11]=[C:12]1:[C:13](:[C:14]):[C:20](:[C:19]):[O:21]:[C:22]([C:23]):[C:31]:1[O:32],"EVODEX-P8874,EVODEX-P8886"
EVODEX-N2826,[H][C@:22]1([C:23])[O:21][C:20](:[C:19]):[C:13](:[C:14])[C:12](=[O:11])[C@:31]1([H])[O:32].[H][O:10][C:8]([C:6]([C:5])=[O:7])=[O:9].[O:33]=[O:34]>>[C:8](=[O:9])=[O:10].[O:11]=[C:12]1:[C:13](:[C:14]):[C:20](:[C:19]):[O:21]:[C:22]([C:23]):[C:31]:1[O:32].[H][O:33][C:6]([C:5])=[O:7].[H][O:34][H],"EVODEX-P8875,EVODEX-P8887"
EVODEX-N2827,[H][C:5]([N:4])([C:6])[H:29].[H][O:22][C:20]([C:18]([C:17])=[O:19])=[O:21].[O:23]=[O:24]>>[C:20](=[O:21])=[O:22].[H][O:23][C:5]([N:4])([C:6])[H:29].[H][O:24][C:18]([C:17])=[O:19],"EVODEX-P8888,EVODEX-P8902"
EVODEX-N2828,[O:23]=[O:24]>>[H]N=C(N([H])[H])N([H])C([H])(C([H])([H])C([H])([H])[C@@]([H])(C(=O)O[H])N([H])[H])[O:23][H].[H]OC(=O)C([H])([H])C([H])([H])C(=O)[O:24][H],EVODEX-P8889
EVODEX-N2829,[H][C:5]([N:4])([C:6])[H:29].[H]OC(=O)C([H])([H])C([H])([H])C(=O)[C:20](=[O:21])[O:22][H].O=[O:23]>>[C:20](=[O:21])=[O:22].[H][O:23][C:5]([N:4])([C:6])[H:29],EVODEX-P8890
EVODEX-N2830,[H][C:5]([N:4])([C:6])[H:29].[H]OC(=O)[C:18]([C:17])=[O:19].[O:23]=[O:24]>>[H][O:23][C:5]([N:4])([C:6])[H:29].[H][O:24][C:18]([C:17])=[O:19],"EVODEX-P8891,EVODEX-P8905"
EVODEX-N2831,O=[O:23]>>[H]N=C(N([H])[H])N([H])C([H])(C([H])([H])C([H])([H])[C@@]([H])(C(=O)O[H])N([H])[H])[O:23][H],EVODEX-P8892
EVODEX-N2832,[H][C:5]([N:4])([C:6])[H:29].[O:23]=[O:24]>>[H][O:23][C:5]([N:4])([C:6])[H:29].[H]OC(=O)C([H])([H])C([H])([H])C(=O)[O:24][H],EVODEX-P8893
EVODEX-N2833,[H][C:5]([N:4])([C:6])[H:29].[H][O:22][C:20]([C:18])=[O:21]>>[C:20](=[O:21])=[O:22].[H]O[C:5]([N:4])([C:6])[H:29].[H]O[C:18],"EVODEX-P8894,EVODEX-P8907"
EVODEX-N2834,[H][C:5]([N:4])([C:6])[H:29].[H]OC(=O)C([H])([H])C([H])([H])C(=O)[C:20](=[O:21])[O:22][H]>>[C:20](=[O:21])=[O:22].[H]O[C:5]([N:4])([C:6])[H:29],EVODEX-P8895
EVODEX-N2835,[H][O:22][C:20]([C:18]([C:17])=[O:19])=[O:21].[O:23]=[O:24]>>[C:20](=[O:21])=[O:22].[H]N=C(N([H])[H])N([H])C([H])(C([H])([H])C([H])([H])[C@@]([H])(C(=O)O[H])N([H])[H])[O:23][H].[H][O:24][C:18]([C:17])=[O:19],"EVODEX-P8896,EVODEX-P8909"
EVODEX-N2836,[H]OC(=O)C([H])([H])C([H])([H])C(=O)[C:20](=[O:21])[O:22][H].O=[O:23]>>[C:20](=[O:21])=[O:22].[H]N=C(N([H])[H])N([H])C([H])(C([H])([H])C([H])([H])[C@@]([H])(C(=O)O[H])N([H])[H])[O:23][H],EVODEX-P8897
EVODEX-N2837,[H][C:5]([N:4])([C:6])[H:29].[H]OC(=O)[C:18]([C:17])=[O:19]>>[H]O[C:5]([N:4])([C:6])[H:29].[H]O[C:18]([C:17])=[O:19],"EVODEX-P8900,EVODEX-P8912"
EVODEX-N2838,[H]OC(=O)[C:18]([C:17])=[O:19].[O:23]=[O:24]>>[H]N=C(N([H])[H])N([H])C([H])(C([H])([H])C([H])([H])[C@@]([H])(C(=O)O[H])N([H])[H])[O:23][H].[H][O:24][C:18]([C:17])=[O:19],"EVODEX-P8901,EVODEX-P8915"
EVODEX-N2839,[O:24]=[O:25]>>[H]N=C(N([H])[H])N([H])C([H])(C([H])([H])C([H])([H])[C@@]([H])(C(=O)O[H])N([H])[H])[O:24][H].[H]OC(=O)C([H])([H])C([H])([H])C([H])([H])C(=O)[O:25][H],EVODEX-P8903
EVODEX-N2840,[H][C:5]([N:4])([C:6])[H:30].[H]OC(=O)C([H])([H])C([H])([H])C([H])([H])C(=O)[C:21](=[O:22])[O:23][H].O=[O:24]>>[C:21](=[O:22])=[O:23].[H][O:24][C:5]([N:4])([C:6])[H:30],EVODEX-P8904
EVODEX-N2841,[H][C:5]([N:4])([C:6])[H:30].[O:24]=[O:25]>>[H][O:24][C:5]([N:4])([C:6])[H:30].[H]OC(=O)C([H])([H])C([H])([H])C([H])([H])C(=O)[O:25][H],EVODEX-P8906
EVODEX-N2842,[H][C:5]([N:4])([C:6])[H:30].[H]OC(=O)C([H])([H])C([H])([H])C([H])([H])C(=O)[C:21](=[O:22])[O:23][H]>>[C:21](=[O:22])=[O:23].[H]O[C:5]([N:4])([C:6])[H:30],EVODEX-P8908
EVODEX-N2843,[H]OC(=O)C([H])([H])C([H])([H])C([H])([H])C(=O)[C:21](=[O:22])[O:23][H].O=[O:24]>>[C:21](=[O:22])=[O:23].[H]N=C(N([H])[H])N([H])C([H])(C([H])([H])C([H])([H])[C@@]([H])(C(=O)O[H])N([H])[H])[O:24][H],EVODEX-P8911
EVODEX-N2844,[H]OC(=O)C([H])([H])C([H])([H])C([H])([H])C(=O)[C:21](=[O:22])[O:23][H]>>[C:21](=[O:22])=[O:23],EVODEX-P8913
EVODEX-N2845,O=[O:25]>>[H]OC(=O)C([H])([H])C([H])([H])C([H])([H])C(=O)[O:25][H],EVODEX-P8918
EVODEX-N2846,[H][O:21][C:20][C:22]([H])([C:3])[H:56].[H]OC(=O)[C:28]([C:27])=[O:29].O=[O:33]>>[C:3][C:22]1([H:56])[C:20][O:21]1.[H][O:33][C:28]([C:27])=[O:29],EVODEX-P8931
EVODEX-N2847,[H][O:21][C:20][C:22]([H])([C:3])[H:56].O=[O:34]>>[C:3][C:22]1([H:56])[C:20][O:21]1.[H][O:34][H],EVODEX-P8932
EVODEX-N2848,[H][O:21][C:20][C:22]([H])([C:3])[H:56].[H]OC(=O)[C:28]([C:27])=[O:29]>>[C:3][C:22]1([H:56])[C:20][O:21]1.[H]O[C:28]([C:27])=[O:29],EVODEX-P8933
EVODEX-N2849,[H][O:21][C:20][C:22]([H])([C:3])[H:56].O=[O:33]>>[C:3][C:22]1([H:56])[C:20][O:21]1.[H]OC(=O)C([H])([H])C([H])([H])C(=O)[O:33][H],EVODEX-P8934
EVODEX-N2850,[H][O:21][C:20][C:22]([H])([C:3])[H:56].[H][O:32][C:30]([C:28])=[O:31]>>[C:30](=[O:31])=[O:32].[C:3][C:22]1([H:56])[C:20][O:21]1.[H]O[C:28],EVODEX-P8935
EVODEX-N2851,[H][O:21][C:20][C:22]([H])([C:3])[H:56].[H]OC(=O)C([H])([H])C([H])([H])C(=O)[C:30](=[O:31])[O:32][H].O=[O:34]>>[C:30](=[O:31])=[O:32].[C:3][C:22]1([H:56])[C:20][O:21]1.[H][O:34][H],EVODEX-P8936
EVODEX-N2852,[H][O:21][C:20][C:22]([H])([C:3])[H:56]>>[C:3][C:22]1([H:56])[C:20][O:21]1,EVODEX-P8937
EVODEX-N2853,[H][O:21][C:20][C:22]([H])([C:3])[H:56].[H]OC(=O)[C:28]([C:27])=[O:29].[O:33]=[O:34]>>[C:3][C:22]1([H:56])[C:20][O:21]1.[H][O:33][C:28]([C:27])=[O:29].[H][O:34][H],EVODEX-P8938
EVODEX-N2854,[H][O:21][C:20][C:22]([H])([C:3])[H:56].[O:33]=[O:34]>>[C:3][C:22]1([H:56])[C:20][O:21]1.[H]OC(=O)C([H])([H])C([H])([H])C(=O)[O:33][H].[H][O:34][H],EVODEX-P8939
EVODEX-N2855,[H][O:21][C:20][C:22]([H])([C:3])[H:56].[H][O:32][C:30]([C:28]([C:27])=[O:29])=[O:31].O=[O:33]>>[C:30](=[O:31])=[O:32].[C:3][C:22]1([H:56])[C:20][O:21]1.[H][O:33][C:28]([C:27])=[O:29],EVODEX-P8940
EVODEX-N2856,[H][O:21][C:20][C:22]([H])([C:3])[H:56].[H]OC(=O)C([H])([H])C([H])([H])C(=O)[C:30](=[O:31])[O:32][H]>>[C:30](=[O:31])=[O:32].[C:3][C:22]1([H:56])[C:20][O:21]1,EVODEX-P8941
EVODEX-N2857,[H][O:21][C:20][C:22]([H])([C:3])[H:56].[H][O:32][C:30]([C:28]([C:27])=[O:29])=[O:31].[O:33]=[O:34]>>[C:30](=[O:31])=[O:32].[C:3][C:22]1([H:56])[C:20][O:21]1.[H][O:33][C:28]([C:27])=[O:29].[H][O:34][H],EVODEX-P8942
EVODEX-N2858,[O:32]=[O:33]>>[H]OC([H])([H])[C@@]([H])(C(=O)OC1([H])C([H])([H])[C@]2([H])N(C([H])([H])[H])[C@]([H])(C1([H])[H])[C@]1([H])[C@@]2([H])[O:32]1)C1:C([H]):C([H]):C([H]):C([H]):C:1[H].[H]OC(=O)C([H])([H])C([H])([H])C(=O)[O:33][H],EVODEX-P8944
EVODEX-N2859,O=[O:32]>>[H]OC([H])([H])[C@@]([H])(C(=O)OC1([H])C([H])([H])[C@]2([H])N(C([H])([H])[H])[C@]([H])(C1([H])[H])[C@]1([H])[C@@]2([H])[O:32]1)C1:C([H]):C([H]):C([H]):C([H]):C:1[H],EVODEX-P8947
EVODEX-N2860,[H][O:31][C:29]([C:27]([C:26])=[O:28])=[O:30].[O:32]=[O:33]>>[C:29](=[O:30])=[O:31].[H]OC([H])([H])[C@@]([H])(C(=O)OC1([H])C([H])([H])[C@]2([H])N(C([H])([H])[H])[C@]([H])(C1([H])[H])[C@]1([H])[C@@]2([H])[O:32]1)C1:C([H]):C([H]):C([H]):C([H]):C:1[H].[H][O:33][C:27]([C:26])=[O:28],EVODEX-P8951
EVODEX-N2861,[H]OC(=O)C([H])([H])C([H])([H])C(=O)[C:29](=[O:30])[O:31][H].O=[O:32]>>[C:29](=[O:30])=[O:31].[H]OC([H])([H])[C@@]([H])(C(=O)OC1([H])C([H])([H])[C@]2([H])N(C([H])([H])[H])[C@]([H])(C1([H])[H])[C@]1([H])[C@@]2([H])[O:32]1)C1:C([H]):C([H]):C([H]):C([H]):C:1[H],EVODEX-P8952
EVODEX-N2862,[H]OC(=O)[C:27]([C:26])=[O:28].[O:32]=[O:33]>>[H]OC([H])([H])[C@@]([H])(C(=O)OC1([H])C([H])([H])[C@]2([H])N(C([H])([H])[H])[C@]([H])(C1([H])[H])[C@]1([H])[C@@]2([H])[O:32]1)C1:C([H]):C([H]):C([H]):C([H]):C:1[H].[H][O:33][C:27]([C:26])=[O:28],EVODEX-P8956
EVODEX-N2863,[C:50]:[C:52]1:[C:53]([H:92]):[C:54]([H:93]):[C:55]([H:94]):[C:56]([H:95]):[C:57]:1:[N:58]>>[H]O[C:55]1([H:94])[C:54]([H:93])=[C:53]([H:92])[C:52](:[C:50]):[C:57](:[N:58])[C:56]1(O[H])[H:95],EVODEX-P8957
EVODEX-N2864,[O:59]=[O:60]>>[H]OC(=O)C1:C([H]):C(=O):C2:C(:N:1[H])C([H])([O:59][H])C([H])([O:60][H])C([H])=C2[H],EVODEX-P8958
EVODEX-N2865,[C:50]:[C:52]1:[C:53]([H:92]):[C:54]([H:93]):[C:55]([H:94]):[C:56]([H:95]):[C:57]:1:[N:58].[O:59]=[O:60]>>[H][O:59][C:56]1([H:95])[C:55]([O:60][H])([H:94])[C:54]([H:93])=[C:53]([H:92])[C:52](:[C:50]):[C:57]1:[N:58],EVODEX-P8961
EVODEX-N2866,O=[O:70]>>[H]O[C@@]1([H])C([H])([H])C([H])([H])[C@@]2([H])[C@]3([H])C([H])([H])[C@@]([H])([O:70][H])C4=C([H])C(=O)C([H])([H])C([H])([H])[C@]4(C([H])([H])[H])[C@@]3([H])C([H])([H])C([H])([H])[C@@]21C([H])([H])[H],EVODEX-P8973
EVODEX-N2867,[O:70]=[O:71]>>[H]O[C@@]1([H])C([H])([H])C([H])([H])[C@@]2([H])[C@]3([H])C([H])([H])[C@@]([H])([O:70][H])C4=C([H])C(=O)C([H])([H])C([H])([H])[C@]4(C([H])([H])[H])[C@@]3([H])C([H])([H])C([H])([H])[C@@]21C([H])([H])[H].[H][O:71][H],EVODEX-P8975
EVODEX-N2868,O=[O:69]>>[H]OC1:C([H]):C([H]):C2:C(:C:1[H])[C@]([H])([O:69][H])C([H])([H])[C@@]1([H])[C@]3([H])C([H])([H])C([H])([H])[C@]([H])(O[H])[C@@]3(C([H])([H])[H])C([H])([H])C([H])([H])[C@]21[H],EVODEX-P8983
EVODEX-N2869,[O:69]=[O:70]>>[H]OC1:C([H]):C([H]):C2:C(:C:1[H])[C@]([H])([O:69][H])C([H])([H])[C@@]1([H])[C@]3([H])C([H])([H])C([H])([H])[C@]([H])(O[H])[C@@]3(C([H])([H])[H])C([H])([H])C([H])([H])[C@]21[H].[H][O:70][H],EVODEX-P8985
EVODEX-N2870,O=[O:72]>>[H]C1=C2C([H])([H])C([H])([H])[C@@]3([H])[C@]4([H])C([H])([H])C([H])([H])[C@]([H])(C(=O)C([H])([H])[H])[C@@]4(C([H])([H])[H])C([H])([H])[C@@]([H])([O:72][H])[C@]3([H])[C@@]2(C([H])([H])[H])C([H])([H])C([H])([H])C1=O,EVODEX-P8993
EVODEX-N2871,[O:72]=[O:73]>>[H]C1=C2C([H])([H])C([H])([H])[C@@]3([H])[C@]4([H])C([H])([H])C([H])([H])[C@]([H])(C(=O)C([H])([H])[H])[C@@]4(C([H])([H])[H])C([H])([H])[C@@]([H])([O:72][H])[C@]3([H])[C@@]2(C([H])([H])[H])C([H])([H])C([H])([H])C1=O.[H][O:73][H],EVODEX-P8995
EVODEX-N2872,O=[O:69]>>[H]O[C@@]1([H])C([H])([H])C([H])([H])[C@@]2([H])[C@]3([H])C([H])([H])C([H])([H])C4=C([H])C(=O)C([H])([H])C([H])([H])[C@]4([H])[C@@]3([H])[C@]([H])([O:69][H])C([H])([H])[C@@]21C([H])([H])[H],EVODEX-P9003
EVODEX-N2873,[O:69]=[O:70]>>[H]O[C@@]1([H])C([H])([H])C([H])([H])[C@@]2([H])[C@]3([H])C([H])([H])C([H])([H])C4=C([H])C(=O)C([H])([H])C([H])([H])[C@]4([H])[C@@]3([H])[C@]([H])([O:69][H])C([H])([H])[C@@]21C([H])([H])[H].[H][O:70][H],EVODEX-P9005
EVODEX-N2874,[H]OC(=O)C1:C([H]):C([H]):C(O[C:1]([H])([H:58])[H:59]):C([H]):C:1[H]>>O=[C:1]([H:58])[H:59],EVODEX-P9007
EVODEX-N2875,[H]OC(=O)C1:C([H]):C([H]):C(O[C:1]([H])([H:58])[H:59]):C([H]):C:1[H].O=[O:57]>>[C:1](=[O:57])([H:58])[H:59],EVODEX-P9013
EVODEX-N2876,[H]OC(=O)C1:C([H]):C([H]):C(O[C:1]([H])([H:58])[H:59]):C([H]):C:1[H].[O:56]=[O:57]>>[C:1](=[O:57])([H:58])[H:59].[H][O:56][H],EVODEX-P9018
EVODEX-N2877,[O:54]=[O:55]>>[H]C1:C([H]):C(C(=O)[O:54][H]):C([H]):C([H]):C:1Cl.[H][O:55][H],EVODEX-P9024
EVODEX-N2878,O=[O:54]>>[H]C1:C([H]):C(C(=O)[O:54][H]):C([H]):C([H]):C:1Cl,EVODEX-P9030
EVODEX-N2879,O=[O:83]>>[H]OC(C([H])([H])[H])(C([H])([H])[H])C([H])([H])C([H])([H])[C@@]([H])(O[H])[C@](C([H])([H])[H])([C@@]1([H])C([H])([H])C([H])([H])[C@@]2(O[H])C3=C([H])C(=O)[C@]4([H])C([H])([H])[C@@]([H])(O[H])[C@@]([H])(O[H])C([H])([H])[C@]4(C([H])([H])[H])[C@@]3([H])C([H])([H])C([H])([H])[C@]12C([H])([H])[H])[O:83][H],EVODEX-P9039
EVODEX-N2880,[O:82]=[O:83]>>[H]OC(C([H])([H])[H])(C([H])([H])[H])C([H])([H])C([H])([H])[C@@]([H])(O[H])[C@](C([H])([H])[H])([C@@]1([H])C([H])([H])C([H])([H])[C@@]2(O[H])C3=C([H])C(=O)[C@]4([H])C([H])([H])[C@@]([H])(O[H])[C@@]([H])(O[H])C([H])([H])[C@]4(C([H])([H])[H])[C@@]3([H])C([H])([H])C([H])([H])[C@]12C([H])([H])[H])[O:83][H].[H][O:82][H],EVODEX-P9041
EVODEX-N2881,O=[O:69]>>[H]C1=C2C([H])([H])C([H])([H])[C@@]3([H])[C@]4([H])C([H])([H])C([H])([H])[C@]([H])(C(=O)C([H])([H])[H])[C@@]4(C([H])([H])[H])C([H])([H])[C@]4([H])[C@@]3([C@@]2(C([H])([H])[H])C([H])([H])C([H])([H])C1=O)[O:69]4,EVODEX-P9049
EVODEX-N2882,[O:68]=[O:69]>>[H]C1=C2C([H])([H])C([H])([H])[C@@]3([H])[C@]4([H])C([H])([H])C([H])([H])[C@]([H])(C(=O)C([H])([H])[H])[C@@]4(C([H])([H])[H])C([H])([H])[C@]4([H])[C@@]3([C@@]2(C([H])([H])[H])C([H])([H])C([H])([H])C1=O)[O:69]4.[H][O:68][H],EVODEX-P9051
EVODEX-N2883,[C:23][C:24](=[C:25]([C:26])[C:27])[H:91].[H][O:21][C:20]>>[H]O[C:25]([C:24]([O:21][C:20])([C:23])[H:91])([C:26])[C:27],EVODEX-P9059
EVODEX-N2884,[C:23][C:24](=[C:25]([C:26])[C:27])[H:91].[H][O:21][C:20].O=[O:77]>>[H][O:77][C:25]([C:24]([O:21][C:20])([C:23])[H:91])([C:26])[C:27],EVODEX-P9064
EVODEX-N2885,O=[O:77]>>[H]OC1:C([H]):C([H]):C(C2:C([H]):O:C3:C([H]):C(OC([H])([H])[H]):C4:C(:C:3:C:2=O)OC([H])(C(C([H])([H])[H])(C([H])([H])[H])[O:77][H])C4([H])[H]):C(O[H]):C:1[H],EVODEX-P9065
EVODEX-N2886,[C:23][C:24](=[C:25]([C:26])[C:27])[H:91].[H][O:21][C:20].[O:76]=[O:77]>>[H][O:77][C:25]([C:24]([O:21][C:20])([C:23])[H:91])([C:26])[C:27].[H][O:76][H],EVODEX-P9066
EVODEX-N2887,[O:76]=[O:77]>>[H]OC1:C([H]):C([H]):C(C2:C([H]):O:C3:C([H]):C(OC([H])([H])[H]):C4:C(:C:3:C:2=O)OC([H])(C(C([H])([H])[H])(C([H])([H])[H])[O:77][H])C4([H])[H]):C(O[H]):C:1[H].[H][O:76][H],EVODEX-P9067
EVODEX-N2888,O=[O:46]>>[H]OC1:C([H]):C([H]):C([C@]2([H])O[C@@]([H])(C3:C([H]):C([H]):C(O[H]):C([O:46][H]):C:3[H])[C@]([H])(C([H])([H])[H])[C@]2([H])C([H])([H])[H]):C([H]):C:1O[H],EVODEX-P9075
EVODEX-N2889,O=[O:44]>>[H]OC1:C([H]):C([H]):C([C@]2([H])O[C@@]([H])(C3:C([H]):C([H]):C(O[H]):C([O:44][H]):C:3[H])[C@@]([H])(C([H])([H])[H])[C@@]2([H])C([H])([H])[H]):C([H]):C:1[H],EVODEX-P9078
EVODEX-N2890,[H][C:10](:[N:9]):[N:11].[O:31]=[O:32]>>[H]OC(=O)[C@@]([H])(N([H])C(=O)C([H])([H])C([H])([H])[C@@]([H])(C(=O)O[H])N([H])[H])C([H])([H])S([C:10](:[N:9]):[N:11])=[O:31].[H][O:32][H],EVODEX-P9079
EVODEX-N2891,[H][C:10](:[N:9]):[N:11].[H][S:24][C:23].[O:31]=[O:32]>>[N:9]:[C:10](:[N:11])[S:24]([C:23])=[O:31].[H][O:32][H],"EVODEX-P9080,EVODEX-P9091,EVODEX-P9102"
EVODEX-N2892,[H][C:10](:[N:9]):[N:11].[H][S:24][C:23]>>O=[S:24]([C:10](:[N:9]):[N:11])[C:23],"EVODEX-P9083,EVODEX-P9094,EVODEX-P9105"
EVODEX-N2893,[H][C:10](:[N:9]):[N:11].O=[O:31]>>[H]OC(=O)[C@@]([H])(N([H])C(=O)C([H])([H])C([H])([H])[C@@]([H])(C(=O)O[H])N([H])[H])C([H])([H])S([C:10](:[N:9]):[N:11])=[O:31],EVODEX-P9084
EVODEX-N2894,[H][C:10](:[N:9]):[N:11]>>[H]OC(=O)[C@@]([H])(N([H])C(=O)C([H])([H])C([H])([H])[C@@]([H])(C(=O)O[H])N([H])[H])C([H])([H])S(=O)[C:10](:[N:9]):[N:11],EVODEX-P9086
EVODEX-N2895,[H][C:10](:[N:9]):[N:11].[H][S:24][C:23].O=[O:31]>>[N:9]:[C:10](:[N:11])[S:24]([C:23])=[O:31],"EVODEX-P9088,EVODEX-P9099,EVODEX-P9110"
EVODEX-N2896,[H][C:10](:[N:9]):[N:11].[O:30]=[O:31]>>[H]OC(=O)C([H])([H])C([H])([H])C([H])([H])C(=O)N([H])[C@]([H])(C(=O)O[H])C([H])([H])S([C:10](:[N:9]):[N:11])=[O:30].[H][O:31][H],EVODEX-P9090
EVODEX-N2897,[H][C:10](:[N:9]):[N:11].O=[O:30]>>[H]OC(=O)C([H])([H])C([H])([H])C([H])([H])C(=O)N([H])[C@]([H])(C(=O)O[H])C([H])([H])S([C:10](:[N:9]):[N:11])=[O:30],EVODEX-P9095
EVODEX-N2898,[H][C:10](:[N:9]):[N:11]>>[H]OC(=O)C([H])([H])C([H])([H])C([H])([H])C(=O)N([H])[C@]([H])(C(=O)O[H])C([H])([H])S(=O)[C:10](:[N:9]):[N:11],EVODEX-P9097
EVODEX-N2899,[H][C:10](:[N:9]):[N:11].[O:22]=[O:23]>>[H]OC(=O)[C@@]([H])(N([H])[H])C([H])([H])S([C:10](:[N:9]):[N:11])=[O:22].[H][O:23][H],EVODEX-P9101
EVODEX-N2900,[H][C:10](:[N:9]):[N:11].O=[O:22]>>[H]OC(=O)[C@@]([H])(N([H])[H])C([H])([H])S([C:10](:[N:9]):[N:11])=[O:22],EVODEX-P9106
EVODEX-N2901,[H][C:10](:[N:9]):[N:11]>>[H]OC(=O)[C@@]([H])(N([H])[H])C([H])([H])S(=O)[C:10](:[N:9]):[N:11],EVODEX-P9108
EVODEX-N2902,[H][S:4][C:3].[O:19]=[O:20]>>[H]OC(=O)[C@@]([H])(N([H])[H])C([H])([H])C1:N:C([H]):N([H]):C:1[S:4]([C:3])=[O:19].[H][O:20][H],EVODEX-P9112
EVODEX-N2903,[H][S:4][C:3].[H][C:12](:[C:11]):[N:13].[O:19]=[O:20]>>[C:3][S:4]([C:12](:[C:11]):[N:13])=[O:19].[H][O:20][H],EVODEX-P9113
EVODEX-N2904,[H][C:12](:[C:11]):[N:13].[O:19]=[O:20]>>[H]OC(=O)[C@@]([H])(N([H])[H])C([H])([H])S([C:12](:[C:11]):[N:13])=[O:19].[H][O:20][H],EVODEX-P9114
EVODEX-N2905,O=[O:19]>>[H]OC(=O)[C@@]([H])(N([H])[H])C([H])([H])C1:N:C([H]):N([H]):C:1S(C([H])([H])[C@@]([H])(C(=O)O[H])N([H])[H])=[O:19],EVODEX-P9115
EVODEX-N2906,[H][S:4][C:3].[H][C:12](:[C:11]):[N:13]>>O=[S:4]([C:3])[C:12](:[C:11]):[N:13],EVODEX-P9116
EVODEX-N2907,[H][S:4][C:3].O=[O:19]>>[H]OC(=O)[C@@]([H])(N([H])[H])C([H])([H])C1:N:C([H]):N([H]):C:1[S:4]([C:3])=[O:19],EVODEX-P9117
EVODEX-N2908,[H][C:12](:[C:11]):[N:13]>>[H]OC(=O)[C@@]([H])(N([H])[H])C([H])([H])S(=O)[C:12](:[C:11]):[N:13],EVODEX-P9118
EVODEX-N2909,[H][S:4][C:3]>>[H]OC(=O)[C@@]([H])(N([H])[H])C([H])([H])C1:N:C([H]):N([H]):C:1[S:4](=O)[C:3],EVODEX-P9119
EVODEX-N2910,[O:19]=[O:20]>>[H]OC(=O)[C@@]([H])(N([H])[H])C([H])([H])C1:N:C([H]):N([H]):C:1S(C([H])([H])[C@@]([H])(C(=O)O[H])N([H])[H])=[O:19].[H][O:20][H],EVODEX-P9120
EVODEX-N2911,[H][S:4][C:3].[H][C:12](:[C:11]):[N:13].O=[O:19]>>[C:3][S:4]([C:12](:[C:11]):[N:13])=[O:19],EVODEX-P9121
EVODEX-N2912,[H][C:12](:[C:11]):[N:13].O=[O:19]>>[H]OC(=O)[C@@]([H])(N([H])[H])C([H])([H])S([C:12](:[C:11]):[N:13])=[O:19],EVODEX-P9122
EVODEX-N2913,[H][C:29]([H])([C:27])[C:30].[H][C:40]([H])([C:2])[C:39].[O:41]=[O:42].[O:43]=[O:44]>>[C:27][C:29]([C:30])=[O:43].[C:2][C:40]([C:39])=[O:41].[H][O:42][H].[H][O:44][H],EVODEX-P9123
EVODEX-N2914,[H][C:29]([H])([C:27])[C:30].[H][C:40]([H])([C:2])[C:39].O=[O:43]>>O=[C:40]([C:2])[C:39].[C:27][C:29]([C:30])=[O:43],EVODEX-P9124
EVODEX-N2915,[H][C:29]([H])([C:27])[C:30].[H][C:40]([H])([C:2])[C:39]>>O=[C:29]([C:27])[C:30].O=[C:40]([C:2])[C:39],EVODEX-P9125
EVODEX-N2916,O=[O:41].O=[O:43]>>[H]/C(C1=C(C([H])([H])[H])C(=[O:41])C([H])([H])C([H])([H])C1(C([H])([H])[H])C([H])([H])[H])=C([H])\C(=C([H])\C([H])=C([H])\C(=C([H])\C([H])=C([H])\C([H])=C(C(\[H])=C([H])\C([H])=C(C(\[H])=C(/[H])C1=C(C([H])([H])[H])C(=[O:43])C([H])([H])C([H])([H])C1(C([H])([H])[H])C([H])([H])[H])/C([H])([H])[H])/C([H])([H])[H])C([H])([H])[H])C([H])([H])[H],EVODEX-P9126
EVODEX-N2917,[O:43]=[O:44]>>[H]/C(C1=C(C([H])([H])[H])C(=O)C([H])([H])C([H])([H])C1(C([H])([H])[H])C([H])([H])[H])=C([H])\C(=C([H])\C([H])=C([H])\C(=C([H])\C([H])=C([H])\C([H])=C(C(\[H])=C([H])\C([H])=C(C(\[H])=C(/[H])C1=C(C([H])([H])[H])C(=[O:43])C([H])([H])C([H])([H])C1(C([H])([H])[H])C([H])([H])[H])/C([H])([H])[H])/C([H])([H])[H])C([H])([H])[H])C([H])([H])[H].[H][O:44][H],EVODEX-P9127
EVODEX-N2918,O=[O:41]>>[H]C(=C([H])C([H])=C(C([H])=C([H])C([H])=C(C([H])=C([H])C1=C(C([H])([H])[H])C([H])([H])C([H])([H])C([H])([H])C1(C([H])([H])[H])C([H])([H])[H])C([H])([H])[H])C([H])([H])[H])C([H])=C(C([H])=C([H])C([H])=C(C([H])=C([H])C1=C(C([H])([H])[H])C(=[O:41])C([H])([H])C([H])([H])C1(C([H])([H])[H])C([H])([H])[H])C([H])([H])[H])C([H])([H])[H],EVODEX-P9130
EVODEX-N2919,[O:41]=[O:42]>>[H]C(=C([H])C([H])=C(C([H])=C([H])C([H])=C(C([H])=C([H])C1=C(C([H])([H])[H])C([H])([H])C([H])([H])C([H])([H])C1(C([H])([H])[H])C([H])([H])[H])C([H])([H])[H])C([H])([H])[H])C([H])=C(C([H])=C([H])C([H])=C(C([H])=C([H])C1=C(C([H])([H])[H])C(=[O:41])C([H])([H])C([H])([H])C1(C([H])([H])[H])C([H])([H])[H])C([H])([H])[H])C([H])([H])[H].[H][O:42][H],EVODEX-P9132
EVODEX-N2920,[H][C:32]([C:30])([C:33])[H:101].[H][O:79][H:131]>>[C:30][C@:32]([C:33])([O:79][H:131])[H:101],"EVODEX-P9133,EVODEX-P9153,EVODEX-P9177"
EVODEX-N2921,[H][O:79][H:131]>>[H]O[C@@]1([H])[C@@]([H])(OP(=O)(O[H])OP(=O)(O[H])OC([H])([H])[C@@]2([H])O[C@@]([H])(N3:C([H]):C([H]):C(N([H])[H]):N:C:3=O)[C@]([H])(O[H])[C@]2([H])O[H])O[C@]([H])(C([H])([H])[H])C(=O)[C@]1([H])[O:79][H:131],EVODEX-P9138
EVODEX-N2922,[H]O[C@@]1([H])[C@@]([H])(OP(=O)(O[H])OP(=O)(O[H])OC([H])([H])[C@@]2([H])O[C@@]([H])(N3:C([H]):C([H]):C(N([H])[H]):N:C:3=O)[C@]([H])(O[H])[C@]2([H])O[H])O[C@]([H])(C([H])([H])[H])C(=O)[C@]1([H])[O:33][H:102]>>[H][O:33][H:102],EVODEX-P9141
EVODEX-N2923,[H]OC1:C([H]):C(O[H]):C2:C(:C:1[H])O[C@]([H])(C1:C([H]):C([H]):C(O[H]):C(O[H]):C:1[H])[C@@]([H])(O[H])[C@@]2([H])[O:70][H:114]>>[H][O:70][H:114],EVODEX-P9146
EVODEX-N2924,[H][O:49][H:100]>>[H]OC1:C([H]):C(O[H]):C2:C(:C:1[H])O[C@]([H])(C1:C([H]):C([H]):C(O[H]):C(O[H]):C:1[H])[C@@]([H])(O[H])[C@@]2([H])[O:49][H:100],EVODEX-P9155
EVODEX-N2925,[H][C:53](:[N:52]):[N:54].[H][O:45][H:89]>>[O:45]([C:53](:[N:52]):[N:54])[H:89],"EVODEX-P9159,EVODEX-P9192,EVODEX-P30495"
EVODEX-N2926,[H][C:53](:[N:52]):[N:54]>>[H]O[C:53](:[N:52]):[N:54],"EVODEX-P9161,EVODEX-P9193,EVODEX-P30496"
EVODEX-N2927,[H][O:45][H:89]>>[H]N1:C(=O):C2:C(:N:C([O:45][H:89]):N:2[H]):N([H]):C:1=O,EVODEX-P9162
EVODEX-N2928,[H]O[C:52](:[N:51]):[N:54]>>[H][C:52](:[N:51]):[N:54],EVODEX-P9164
EVODEX-N2929,[H]N1:C(=O):C2:C(:N:C([O:53][H:89]):N:2[H]):N([H]):C:1=O>>[H][O:53][H:89],EVODEX-P9168
EVODEX-N2930,[H]OC(=O)C1=N[C@]([H])(C(=O)O[H])C([H])([H])[C@]([H])([O:56][H:93])C1([H])[H]>>[H][O:56][H:93],EVODEX-P9174
EVODEX-N2931,[H][O:45][H:95]>>[H]OC(=O)C1=N[C@]([H])(C(=O)O[H])C([H])([H])[C@]([H])([O:45][H:95])C1([H])[H],EVODEX-P9180
EVODEX-N2932,[O:2]=[O:3].[H][C:11](:[N:10]):[N:12]>>[H]O[C:11](:[N:10]):[N:12].[H][O:2][O:3][H],"EVODEX-P9185,EVODEX-P9188"
EVODEX-N2933,[O:2]=[O:3].[H][O:1][H:19]>>[H]N1:C(=O):C2:C(:N:C([O:1][H:19]):N:2[H]):N([H]):C:1=O.[H][O:2][O:3][H],EVODEX-P9186
EVODEX-N2934,[O:2]=[O:3].[H][C:11](:[N:10]):[N:12].[H][O:1][H:19]>>[O:1]([C:11](:[N:10]):[N:12])[H:19].[H][O:2][O:3][H],"EVODEX-P9187,EVODEX-P9189"
EVODEX-N2935,[O:14]=[O:15].[H][O:13][H:22]>>[H]OC1:N:C2:C(:N:C([O:13][H:22]):N:2[H]):C(=O):N:1C([H])([H])[H].[H][O:14][O:15][H],EVODEX-P9190
EVODEX-N2936,[H][O:13][H:22]>>[H]OC1:N:C2:C(:N:C([O:13][H:22]):N:2[H]):C(=O):N:1C([H])([H])[H],EVODEX-P9191
EVODEX-N2937,[O:12]=[O:13].[H][C:11](:[C:5]):[N:10]>>[H][O:12][O:13][H].[H]O[C:11](:[C:5]):[N:10],EVODEX-P9194
EVODEX-N2938,[O:12]=[O:13].[H][O:1][H:19]>>[H][O:12][O:13][H].[H]OC(=O)C1:C([H]):C([H]):C(=O):N([H]):C:1[O:1][H:19],EVODEX-P9195
EVODEX-N2939,[O:12]=[O:13].[H][C:11](:[C:5]):[N:10].[H][O:1][H:19]>>[H][O:12][O:13][H].[O:1]([C:11](:[C:5]):[N:10])[H:19],EVODEX-P9196
EVODEX-N2940,[H][C:11](:[C:5]):[N:10].[H][O:1][H:19]>>[O:1]([C:11](:[C:5]):[N:10])[H:19],EVODEX-P9198
EVODEX-N2941,[H][O:1][H:19]>>[H]OC(=O)C1:C([H]):C([H]):C(=O):N([H]):C:1[O:1][H:19],EVODEX-P9199
EVODEX-N2942,[C:1][C:2](=[C:3]([C:4])[C:24])[C:32]>>O1[C@@:2]([C:1])([C:32])[C@@:3]1([C:4])[C:24].[H].[H],"EVODEX-P9200,EVODEX-P9205"
EVODEX-N2943,[C:1][C:2](=[C:3]([C:4])[C:24])[C:32].[H][O:34][H]>>[C:1][C@:2]1([C:32])[C@@:3]([C:4])([C:24])[O:34]1.[H].[H],"EVODEX-P9201,EVODEX-P9203"
EVODEX-N2944,[H][O:34][H]>>[H]/C(=C(/C([H])([H])[H])C([H])([H])C([H])([H])C([H])([H])[C@]([H])(C([H])([H])[H])C([H])([H])C([H])([H])C([H])([H])[C@]([H])(C([H])([H])[H])C([H])([H])C([H])([H])C([H])([H])C([H])(C([H])([H])[H])C([H])([H])[H])C([H])([H])[C@@]12C(=O)C3:C([H]):C([H]):C([H]):C([H]):C:3C(=O)[C@]1(C([H])([H])[H])[O:34]2.[H].[H],"EVODEX-P9202,EVODEX-P9204"
EVODEX-N2945,O1[C@:5]([C:4])([C:17])[C@:7]1([C:8])[C:9].[H][S:38][C:37].[H][S:42][C:41]>>[C:4][C:5](=[C:7]([C:8])[C:9])[C:17].[C:37][S:38][S:42][C:41],EVODEX-P9207
EVODEX-N2946,[H]/C(=C(/C([H])([H])[H])C([H])([H])C([H])([H])C([H])([H])[C@]([H])(C([H])([H])[H])C([H])([H])C([H])([H])C([H])([H])[C@]([H])(C([H])([H])[H])C([H])([H])C([H])([H])C([H])([H])C([H])(C([H])([H])[H])C([H])([H])[H])C([H])([H])[C@@]12C(=O)C3:C([H]):C([H]):C([H]):C([H]):C:3C(=O)[C@]1(C([H])([H])[H])[O:6]2>>[H][O:6][H],EVODEX-P9208
EVODEX-N2947,[H]/C(=C(/C([H])([H])[H])C([H])([H])C([H])([H])C([H])([H])[C@]([H])(C([H])([H])[H])C([H])([H])C([H])([H])C([H])([H])[C@]([H])(C([H])([H])[H])C([H])([H])C([H])([H])C([H])([H])C([H])(C([H])([H])[H])C([H])([H])[H])C([H])([H])[C@@]12C(=O)C3:C([H]):C([H]):C([H]):C([H]):C:3C(=O)[C@]1(C([H])([H])[H])[O:6]2.[H][S:38][C:37].[H][S:42][C:41]>>[H][O:6][H].[C:37][S:38][S:42][C:41],EVODEX-P9209
EVODEX-N2948,[C:4][C@:5]1([C:17])[O:6][C@@:7]1([C:8])[C:9].[H][S:38][C:37].[H][S:42][C:41]>>[C:4][C:5](=[C:7]([C:8])[C:9])[C:17].[H][O:6][H].[C:37][S:38][S:42][C:41],EVODEX-P9210
EVODEX-N2949,O1[C@:5]([C:4])([C:17])[C@:7]1([C:8])[C:9]>>[C:4][C:5](=[C:7]([C:8])[C:9])[C:17],"EVODEX-P9211,EVODEX-P9302,EVODEX-P9308"
EVODEX-N2950,[C:4][C@:5]1([C:17])[O:6][C@@:7]1([C:8])[C:9]>>[C:4][C:5](=[C:7]([C:8])[C:9])[C:17].[H][O:6][H],"EVODEX-P9212,EVODEX-P9299,EVODEX-P9305"
EVODEX-N2951,[H][C:19](=[O:18])[O:20][H].[O:1]=[C:2]1[C:3]([H:23])=[C:4]([H:24])[C:5](=[N:6][C:7])[C:16]([H:28])=[C:17]1[H:29]>>[O:18]=[C:19]=[O:20].[H][O:1][C:2]1:[C:3]([H:23]):[C:4]([H:24]):[C:5]([N:6]([H])[C:7]):[C:16]([H:28]):[C:17]:1[H:29],EVODEX-P9216
EVODEX-N2952,[H][C:4]([C:2](=[C:1]([H:60])[H:61])[C:3])([C:5])[H:65].[H][O:59][H:100]>>[C:1](/[C:2]([C:3])=[C:4](/[C:5])[H:65])([O:59][H:100])([H:60])[H:61],EVODEX-P9217
EVODEX-N2953,[H][C:4]([C:2](=[C:1]([H:60])[H:61])[C:3])([C:5])[H:65]>>[H]O[C:1](/[C:2]([C:3])=[C:4](/[C:5])[H:65])([H:60])[H:61],EVODEX-P9218
EVODEX-N2954,[H][O:59][H:100]>>[H]OP(=O)(O[H])OP(=O)(O[H])OC([H])([H])/C([H])=C(\C([H])([H])[H])C([H])([H])[O:59][H:100],EVODEX-P9222
EVODEX-N2955,[H]O[C:14](/[C:2]([C:1])=[C:3](/[C:4])[H:63])([H:69])[H:70]>>[H][C:3]([C:2]([C:1])=[C:14]([H:69])[H:70])([C:4])[H:63],EVODEX-P9224
EVODEX-N2956,[H]OP(=O)(O[H])OP(=O)(O[H])OC([H])([H])/C([H])=C(\C([H])([H])[H])C([H])([H])[O:15][H:71]>>[H][O:15][H:71],EVODEX-P9225
EVODEX-N2957,[C:1]/[C:2](=[C:3](\[C:4])[H:63])[C:14]([O:15])([H:69])[H:70]>>[H][C:3]([C:2]([C:1])=[C:14]([H:69])[H:70])([C:4])[H:63].[H][O:15],EVODEX-P9227
EVODEX-N2958,[H][C:1]([C:2])([H:54])[H:55].[H][O:53][H:90]>>[C:1]([C:2])([O:53][H:90])([H:54])[H:55],EVODEX-P9229
EVODEX-N2959,[H][O:53][H:90]>>[H]OC1:C([H]):C([H]):C(C([H])([H])[O:53][H:90]):C([H]):C:1[H],EVODEX-P9234
EVODEX-N2960,[C:1][C:2]1=[C:3]([Br:4])[C:5](=[O:6])[C:7]([C:8])=[C:11]([Br:12])[C:13]1=[O:14]>>[H][O:6][C:5]1:[C:3]([Br:4]):[C:2]([C:1]):[C:13]([O:14][H]):[C:11]([Br:12]):[C:7]:1[C:8],EVODEX-P9240
EVODEX-N2961,[H][I:1].[H][C:104](:[C:103]):[C:105]:[C:107]([H]):[C:108]>>I[C:107](:[C:105]:[C:104]([I:1]):[C:103]):[C:108],EVODEX-P9241
EVODEX-N2962,[H][I:1]>>[H]OC(=O)[C@@]([H])(N([H])[H])C([H])([H])C1:C([H]):C(I):C(O[H]):C([I:1]):C:1[H],EVODEX-P9243
EVODEX-N2963,[H][C:104](:[C:103]):[C:105]:[C:107]([H]):[C:108]>>I[C:104](:[C:103]):[C:105]:[C:107](I):[C:108],EVODEX-P9246
EVODEX-N2964,[H]OC(=O)[C@@]([H])(N([H])[H])C([H])([H])C1:C([H]):C(I):C(O[H]):C([I:103]):C:1[H]>>[H][I:103],EVODEX-P9250
EVODEX-N2965,I[C:102](:[C:101]):[C:104]>>[H].[H].[H][C:102](:[C:101]):[C:104],EVODEX-P9251
EVODEX-N2966,I[C:102](:[C:101]):[C:104]:[C:106](I):[C:108]>>[H][C:102](:[C:101]):[C:104]:[C:106]([H]):[C:108],EVODEX-P9252
EVODEX-N2967,Cl[C:57](:[C:51]):[C:56]>>[H][C:57](:[C:51]):[C:56],"EVODEX-P9254,EVODEX-P9280,EVODEX-P9286"
EVODEX-N2968,[H]O[C@]1([H])[C@]([H])(OP(=O)(O[H])O[H])[C@@]([H])(C([H])([H])OP(=O)(O[H])OP(=O)(O[H])OC([H])([H])C(C([H])([H])[H])(C([H])([H])[H])[C@@]([H])(O[H])C(=O)N([H])C([H])([H])C([H])([H])C(=O)N([H])C([H])([H])C([H])([H])SC(=O)C2:C([H]):C([H]):C(Cl):C([H]):C:2[Cl:58])O[C@@]1([H])N1:C([H]):N:C2:C(N([H])[H]):N:C([H]):N:C:2:1>>[H][Cl:58],EVODEX-P9258
EVODEX-N2969,[H][C:26]([O:27])([H:73])[H:74].[H][O:34][C:33]>>[C:26]([O:27])([O:34][C:33])([H:73])[H:74],EVODEX-P9259
EVODEX-N2970,[H][C:1]([O:2])([H:53])[H:54].[H][O:9][C:8].[O:51]=[O:52]>>[C:1]([O:2])([O:9][C:8])([H:53])[H:54].[H][O:51][H].[H][O:52][H],EVODEX-P9260
EVODEX-N2971,[H][C:11]([C:10])([C:12])[H:42].[H][C:19]([C:18](=[C:17]([C:16])[H:52])[C:20])([H:53])[H:54].[O:27]=[O:28]>>[C:10][C@:11]([C:12])([C@@:17]([C:16])([C:18](=[C:19]([H:53])[H:54])[C:20])[H:52])[H:42].[H][O:27][O:28][H],EVODEX-P9261
EVODEX-N2972,[H][C:11]([C:10])([C:12])[H:42].[H][C:19]([C:18](=[C:17]([C:16])[H:52])[C:20])([H:53])[H:54]>>[C:10][C@:11]([C:12])([C@@:17]([C:16])([C:18](=[C:19]([H:53])[H:54])[C:20])[H:52])[H:42],EVODEX-P9262
EVODEX-N2973,O=[O:21]>>[H]OC1:C([H]):C(O[H]):C2:C(:C:1[H])O/C(=C(/[H])C1:C([H]):C([H]):C(O[H]):C([O:21][H]):C:1[H])C2=O,EVODEX-P9266
EVODEX-N2974,[O:21]=[O:22]>>[H]OC1:C([H]):C(O[H]):C2:C(:C:1[H])O/C(=C(/[H])C1:C([H]):C([H]):C(O[H]):C([O:21][H]):C:1[H])C2=O.[H][O:22][H],EVODEX-P9268
EVODEX-N2975,[C:16][C:17](=[C:18]([C:19])[C:20])[H:52].[H][O:9][C:8]:[C:10][C:11]([H])([C:12])[H:42].[O:27]=[O:28]>>[C:8]1:[C:10][C@@:11]([C:12])([H:42])[C@:17]([C:16])([H:52])[C:18]([C:19])([C:20])[O:9]1.[H][O:27][O:28][H],EVODEX-P9269
EVODEX-N2976,[C:16][C:17](=[C:18]([C:19])[C:20])[H:52].[H][O:9][C:8]:[C:10][C:11]([H])([C:12])[H:42]>>[C:8]1:[C:10][C@@:11]([C:12])([H:42])[C@:17]([C:16])([H:52])[C:18]([C:19])([C:20])[O:9]1,EVODEX-P9270
EVODEX-N2977,[H][C:49]([C:48])([C:50])[H:89].[H][N:45]([C:46])[H:81]>>[N:45]([C:46])([C@:49]([C:48])([C:50])[H:89])[H:81],EVODEX-P9274
EVODEX-N2978,[H][S:10][C:9].[H][S:30][C:29].[H]OC1:C(Cl):C(Cl):C(O[H]):C([Cl:44]):C:1Cl>>[H][Cl:44].[C:9][S:10][S:30][C:29],EVODEX-P9276
EVODEX-N2979,[H][S:10][C:9].[H][S:30][C:29].Cl[C:43](:[C:42]):[C:45]>>[C:9][S:10][S:30][C:29].[H][C:43](:[C:42]):[C:45],"EVODEX-P9277,EVODEX-P9283"
EVODEX-N2980,[H]OC1:C(Cl):C(Cl):C(O[H]):C([Cl:44]):C:1Cl>>[H][Cl:44],EVODEX-P9279
EVODEX-N2981,[H][S:10][C:9].[H][S:30][C:29].[H]OC1:C(Cl):C([H]):C(O[H]):C([Cl:51]):C:1Cl>>[H][Cl:51].[C:9][S:10][S:30][C:29],EVODEX-P9282
EVODEX-N2982,[H]OC1:C(Cl):C([H]):C(O[H]):C([Cl:51]):C:1Cl>>[H][Cl:51],EVODEX-P9285
EVODEX-N2983,[H][C:34](:[C:33]):[C:35].[H][C@:40]([C:39])([O:41])[C:46]>>[C:33]:[C:34](:[C:35])[C@@:40]([C:39])([O:41])[C:46],EVODEX-P9287
EVODEX-N2984,[#85]-[#6](-[#85])(-[#85])-[#16&+](-[#6](-[#85])(-[#85])-[#6](-[#85])(-[#85])-[#6@](-[#85])(-[#7](-[#85])-[#85])-[#6](=[#8])-[#8]-[#85])-[#6:10](-[#85:60])(-[#85:61])-[#6@@:11].([#6:33]:[#6:34](-[#85]):[#6:35].[#6:39]-[#6@@:40](-[#85])(-[#8:41])-[#6@:46])>>[#85:60]-[#6:10](-[#85:61])(-[#85])-[#6@@:11].[#6:33]:[#6:34](:[#6:35])-[#6@@:40](-[#6:39])(-[#8:41])-[#6@:46],EVODEX-P9288
EVODEX-N2985,[#6:1]-[#16&+:2](-[#6:3])-[#6](-[#85])(-[#85])-[#6@@]1(-[#85])-[#8]-[#6@@](-[#85])(-[#7]2:[#6](-[#85]):[#7]:[#6]3:[#6](-[#7](-[#85])-[#85]):[#7]:[#6](-[#85]):[#7]:[#6]:2:3)-[#6@](-[#85])(-[#8]-[#85])-[#6@]-1(-[#85])-[#8]-[#85].([#6:33]:[#6:34](-[#85]):[#6:35].[#6:39]-[#6@@:40](-[#85])(-[#8:41])-[#6@:46])>>[#6:1]-[#16:2]-[#6:3].[#6:33]:[#6:34](:[#6:35])-[#6@@:40](-[#6:39])(-[#8:41])-[#6@:46],EVODEX-P9289
EVODEX-N2986,[#6:1]-[#16&+:2](-[#6:3])-[#6:10].([#6:33]:[#6:34](-[#85]):[#6:35].[#6:39]-[#6@@:40](-[#85])(-[#8:41])-[#6@:46])>>[#6:10]-[#85].[#6:1]-[#16:2]-[#6:3].[#6:33]:[#6:34](:[#6:35])-[#6@@:40](-[#6:39])(-[#8:41])-[#6@:46],EVODEX-P9290
EVODEX-N2987,[H]O[C@@]1([H])C([H])([H])C(C([H])([H])[H])(C([H])([H])[H])[C@@]2(/C([H])=C([H])/C(=C([H])/C([H])=C([H])/C(=C([H])/C([H])=C([H])/C([H])=C(C(/[H])=C([H])/C([H])=C(C(/[H])=C(\[H])C3=C(C([H])([H])[H])C([H])([H])[C@@]([H])(O[H])C([H])([H])C3(C([H])([H])[H])C([H])([H])[H])\C([H])([H])[H])\C([H])([H])[H])C([H])([H])[H])C([H])([H])[H])[C@@](C([H])([H])[H])(C1([H])[H])[O:27]2>>[H][O:27][H],EVODEX-P9297
EVODEX-N2988,O1[C@@:26]([C:25])([C:34])[C@@:28]1([C:29])[C:30].[H][O:53][C:52]([C:47])=[C:54]([C:45])[O:55][H]>>[C:25][C:26](=[C:28]([C:29])[C:30])[C:34].[C:45][C:54]([C:52]([C:47])=[O:53])=[O:55],"EVODEX-P9298,EVODEX-P9304"
EVODEX-N2989,[H]O[C@@]1([H])C([H])([H])C(C([H])([H])[H])(C([H])([H])[H])[C@@]2(/C([H])=C([H])/C(=C([H])/C([H])=C([H])/C(=C([H])/C([H])=C([H])/C([H])=C(C(/[H])=C([H])/C([H])=C(C(/[H])=C(\[H])C3=C(C([H])([H])[H])C([H])([H])[C@@]([H])(O[H])C([H])([H])C3(C([H])([H])[H])C([H])([H])[H])\C([H])([H])[H])\C([H])([H])[H])C([H])([H])[H])C([H])([H])[H])[C@@](C([H])([H])[H])(C1([H])[H])[O:27]2.[H][O:53][C:52]([C:47])=[C:54]([C:45])[O:55][H]>>[C:45][C:54]([C:52]([C:47])=[O:53])=[O:55].[H][O:27][H],EVODEX-P9300
EVODEX-N2990,[C:25][C@@:26]1([C:34])[O:27][C@:28]1([C:29])[C:30].[H][O:53][C:52]([C:47])=[C:54]([C:45])[O:55][H]>>[C:25][C:26](=[C:28]([C:29])[C:30])[C:34].[C:45][C:54]([C:52]([C:47])=[O:53])=[O:55].[H][O:27][H],"EVODEX-P9301,EVODEX-P9307"
EVODEX-N2991,[H]O[C@@]1([H])C([H])([H])C(C([H])([H])[H])(C([H])([H])[H])[C@]2(/C([H])=C([H])/C(=C([H])/C([H])=C([H])/C(=C([H])/C([H])=C([H])/C([H])=C(C(/[H])=C([H])/C([H])=C(C(/[H])=C(\[H])[C@]34C(C([H])([H])[H])(C([H])([H])[H])C([H])([H])[C@]([H])(O[H])C([H])([H])[C@@]3(C([H])([H])[H])[O:11]4)\C([H])([H])[H])\C([H])([H])[H])C([H])([H])[H])C([H])([H])[H])O[C@]2(C([H])([H])[H])C1([H])[H]>>[H][O:11][H],EVODEX-P9303
EVODEX-N2992,[H]O[C@@]1([H])C([H])([H])C(C([H])([H])[H])(C([H])([H])[H])[C@]2(/C([H])=C([H])/C(=C([H])/C([H])=C([H])/C(=C([H])/C([H])=C([H])/C([H])=C(C(/[H])=C([H])/C([H])=C(C(/[H])=C(\[H])[C@]34C(C([H])([H])[H])(C([H])([H])[H])C([H])([H])[C@]([H])(O[H])C([H])([H])[C@@]3(C([H])([H])[H])[O:11]4)\C([H])([H])[H])\C([H])([H])[H])C([H])([H])[H])C([H])([H])[H])O[C@]2(C([H])([H])[H])C1([H])[H].[H][O:54][C:53]([C:48])=[C:55]([C:46])[O:56][H]>>[C:46][C:55]([C:53]([C:48])=[O:54])=[O:56].[H][O:11][H],EVODEX-P9306
EVODEX-N2993,[H][O:11][C:12]1:[C:13]([H]):[C:14]([H]):[C:15]([H]):[C:16]([O:17][H]):[C:18]:1[O:19][H].[H][O:1][C:2]1:[C:3]([H]):[C:4]([O:5][H]):[C:6]([O:7][H]):[C:8]([O:9][H]):[C:10]:1[H]>>[H][O:1][C:2]1:[C:3]([H]):[C:4]([O:5][H]):[C:6]([H]):[C:8]([O:9][H]):[C:10]:1[H].[H][O:7][C:14]1:[C:13]([H]):[C:12]([O:11][H]):[C:18]([O:19][H]):[C:16]([O:17][H]):[C:15]:1[H],EVODEX-P9309
EVODEX-N2994,[H][O:11][C:12]1:[C:13]([H]):[C:14]([H]):[C:15]([H]):[C:16]([O:17][H]):[C:18]:1[O:19][H].[H]OC1:C([H]):C(O[H]):C([O:7][H]):C(O[H]):C:1[H]>>[H][O:7][C:14]1:[C:13]([H]):[C:12]([O:11][H]):[C:18]([O:19][H]):[C:16]([O:17][H]):[C:15]:1[H],EVODEX-P9310
EVODEX-N2995,[H]OC1:C([H]):C(O[H]):C([O:7][H]):C(O[H]):C:1[H]>>[H]OC1:C([H]):C([O:7][H]):C([H]):C(O[H]):C:1O[H],EVODEX-P9311
EVODEX-N2996,[H][O:11][C:12]1:[C:13]([H]):[C:14]([H]):[C:15]([H]):[C:16]([O:17][H]):[C:18]:1[O:19][H]>>[H]O[C:14]1:[C:13]([H]):[C:12]([O:11][H]):[C:18]([O:19][H]):[C:16]([O:17][H]):[C:15]:1[H],EVODEX-P9312
EVODEX-N2997,[H]O[C:6]1:[C:4]([O:5][H]):[C:3]([H]):[C:2]([O:1][H]):[C:10]([H]):[C:8]:1[O:9][H]>>[H][O:1][C:2]1:[C:3]([H]):[C:4]([O:5][H]):[C:6]([H]):[C:8]([O:9][H]):[C:10]:1[H],EVODEX-P9313
EVODEX-N2998,[H][O:1][C:2]1:[C:3]([H]):[C:4]([O:5][H]):[C:6]([O:7][H]):[C:8]([O:9][H]):[C:10]:1[H]>>[H][O:1][C:2]1:[C:3]([H]):[C:4]([O:5][H]):[C:6]([H]):[C:8]([O:9][H]):[C:10]:1[H].[H]OC1:C([H]):C([O:7][H]):C([H]):C(O[H]):C:1O[H],EVODEX-P9314
EVODEX-N2999,[H][O:11][C:12]1:[C:13]([H]):[C:14]([O:15][H]):[C:16]([H]):[C:17]([O:18][H]):[C:19]:1[H].[H][O:1][C:2]1:[C:3]([H]):[C:4]([O:5][H]):[C:6]([O:7][H]):[C:8]([O:9][H]):[C:10]:1[H]>>[H][O:1][C:13]1:[C:12]([O:11][H]):[C:19]([H]):[C:17]([O:18][H]):[C:16]([H]):[C:14]:1[O:15][H].[H][C:2]1:[C:3]([H]):[C:4]([O:5][H]):[C:6]([O:7][H]):[C:8]([O:9][H]):[C:10]:1[H],EVODEX-P9315
EVODEX-N3000,[H]O[C:2]1:[C:3]([H]):[C:4]([O:5][H]):[C:6]([O:7][H]):[C:8]([O:9][H]):[C:10]:1[H]>>[H][C:2]1:[C:3]([H]):[C:4]([O:5][H]):[C:6]([O:7][H]):[C:8]([O:9][H]):[C:10]:1[H],EVODEX-P9316
EVODEX-N3001,[H][O:11][C:12]1:[C:13]([H]):[C:14]([O:15][H]):[C:16]([H]):[C:17]([O:18][H]):[C:19]:1[H].[H]OC1:C([H]):C([O:1][H]):C([H]):C(O[H]):C:1O[H]>>[H][O:1][C:13]1:[C:12]([O:11][H]):[C:19]([H]):[C:17]([O:18][H]):[C:16]([H]):[C:14]:1[O:15][H],EVODEX-P9317
EVODEX-N3002,[H][O:11][C:12]1:[C:13]([H]):[C:14]([O:15][H]):[C:16]([H]):[C:17]([O:18][H]):[C:19]:1[H]>>[H]O[C:13]1:[C:12]([O:11][H]):[C:19]([H]):[C:17]([O:18][H]):[C:16]([H]):[C:14]:1[O:15][H],EVODEX-P9318
EVODEX-N3003,[H][O:1][C:2]1:[C:3]([H]):[C:4]([O:5][H]):[C:6]([O:7][H]):[C:8]([O:9][H]):[C:10]:1[H]>>[H]OC1:C([H]):C(O[H]):C([O:1][H]):C(O[H]):C:1[H].[H][C:2]1:[C:3]([H]):[C:4]([O:5][H]):[C:6]([O:7][H]):[C:8]([O:9][H]):[C:10]:1[H],EVODEX-P9319
EVODEX-N3004,[#85:37]-[#6:1](-[#85:38])(-[#85:39])-[#16&+:2](-[#6:3])-[#6:10].[#6:34]:[#7:35]:[#6:36]>>[#85:37]-[#6:1](-[#85:38])(-[#85:39])-[#7&+:35](:[#6:34]):[#6:36].[#6:3]-[#16:2]-[#6:10],"EVODEX-P9320,EVODEX-P9326,EVODEX-P9369,EVODEX-P9455,EVODEX-P9460,EVODEX-P9627,EVODEX-P9632,EVODEX-P9637,EVODEX-P9794,EVODEX-P10183,EVODEX-P10188,EVODEX-P10193,EVODEX-P10726,EVODEX-P10755,EVODEX-P10760"
EVODEX-N3005,[#85]-[#6](-[#85])(-[#85])-[#16&+:2](-[#6:3])-[#6:4]>>[#6:3]-[#16:2]-[#6:4],"EVODEX-P9321,EVODEX-P9336,EVODEX-P9357,EVODEX-P9432,EVODEX-P10411,EVODEX-P10419,EVODEX-P10677"
EVODEX-N3006,[#85:37]-[#6:1](-[#85:38])(-[#85:39])-[#16&+](-[#6](-[#85])(-[#85])-[#6](-[#85])(-[#85])-[#6@](-[#85])(-[#7](-[#85])-[#85])-[#6](=[#8])-[#8]-[#85])-[#6](-[#85])(-[#85])-[#6@@]1(-[#85])-[#8]-[#6@@](-[#85])(-[#7]2:[#6](-[#85]):[#7]:[#6]3:[#6](-[#7](-[#85])-[#85]):[#7]:[#6](-[#85]):[#7]:[#6]:2:3)-[#6@](-[#85])(-[#8]-[#85])-[#6@]-1(-[#85])-[#8]-[#85].[#6:34]:[#7:35]:[#6:36]>>[#85:37]-[#6:1](-[#85:38])(-[#85:39])-[#7&+:35](:[#6:34]):[#6:36],"EVODEX-P9322,EVODEX-P9327,EVODEX-P9371,EVODEX-P9457,EVODEX-P9462,EVODEX-P9628,EVODEX-P9633,EVODEX-P9638,EVODEX-P9795,EVODEX-P10184,EVODEX-P10190,EVODEX-P10195,EVODEX-P10728,EVODEX-P10757,EVODEX-P10762"
EVODEX-N3007,[H][N:33](:[C:32]):[C:34]>>[H]C([H])([H])[N:33](:[C:32]):[C:34],"EVODEX-P9323,EVODEX-P9328,EVODEX-P9373,EVODEX-P9459,EVODEX-P9464,EVODEX-P9629,EVODEX-P9634,EVODEX-P9639,EVODEX-P9796,EVODEX-P10185,EVODEX-P10192,EVODEX-P10197,EVODEX-P10730,EVODEX-P10759,EVODEX-P10764"
EVODEX-N3008,[#85:36]-[#6:1](-[#85:37])(-[#85:38])-[#16&+:2](-[#6:3])-[#6:10].[#6:29]-[#7:31](-[#85])-[#6:32]>>[#85:36]-[#6:1](-[#85:37])(-[#85:38])-[#7:31](-[#6:29])-[#6:32].[#6:3]-[#16:2]-[#6:10],"EVODEX-P9331,EVODEX-P9433,EVODEX-P9592,EVODEX-P9612,EVODEX-P9864,EVODEX-P9989,EVODEX-P9994,EVODEX-P10083,EVODEX-P10173,EVODEX-P10308,EVODEX-P10412,EVODEX-P10416,EVODEX-P10546,EVODEX-P10551,EVODEX-P10626,EVODEX-P10631,EVODEX-P10686,EVODEX-P10740"
EVODEX-N3009,[#6:1]-[#16&+:2](-[#6:3])-[#6:10]>>[#6:1]-[#7](-[#6](=[#7]-[#85])-[#7](-[#85])-[#85])-[#6](-[#85])(-[#85])-[#6](=[#8])-[#8]-[#85].[#6:3]-[#16:2]-[#6:10],EVODEX-P9332
EVODEX-N3010,[#85:36]-[#6:1](-[#85:37])(-[#85:38])-[#16&+](-[#6](-[#85])(-[#85])-[#6](-[#85])(-[#85])-[#6@](-[#85])(-[#7](-[#85])-[#85])-[#6](=[#8])-[#8]-[#85])-[#6](-[#85])(-[#85])-[#6@@]1(-[#85])-[#8]-[#6@@](-[#85])(-[#7]2:[#6](-[#85]):[#7]:[#6]3:[#6](-[#7](-[#85])-[#85]):[#7]:[#6](-[#85]):[#7]:[#6]:2:3)-[#6@](-[#85])(-[#8]-[#85])-[#6@]-1(-[#85])-[#8]-[#85].[#6:29]-[#7:31](-[#85])-[#6:32]>>[#85:36]-[#6:1](-[#85:37])(-[#85:38])-[#7:31](-[#6:29])-[#6:32],"EVODEX-P9333,EVODEX-P9594,EVODEX-P9614,EVODEX-P9866,EVODEX-P9991,EVODEX-P9996,EVODEX-P10085,EVODEX-P10175,EVODEX-P10310,EVODEX-P10548,EVODEX-P10553,EVODEX-P10628,EVODEX-P10633,EVODEX-P10688,EVODEX-P10742"
EVODEX-N3011,[#85:36]-[#6:1](-[#85:37])(-[#85:38])-[#16&+](-[#6](-[#85])(-[#85])-[#6](-[#85])(-[#85])-[#6@](-[#85])(-[#7](-[#85])-[#85])-[#6](=[#8])-[#8]-[#85])-[#6](-[#85])(-[#85])-[#6@@]1(-[#85])-[#8]-[#6@@](-[#85])(-[#7]2:[#6](-[#85]):[#7]:[#6]3:[#6](-[#7](-[#85])-[#85]):[#7]:[#6](-[#85]):[#7]:[#6]:2:3)-[#6@](-[#85])(-[#8]-[#85])-[#6@]-1(-[#85])-[#8]-[#85]>>[#85:36]-[#6:1](-[#85:37])(-[#85:38])-[#7](-[#6](=[#7]-[#85])-[#7](-[#85])-[#85])-[#6](-[#85])(-[#85])-[#6](=[#8])-[#8]-[#85],EVODEX-P9334
EVODEX-N3012,[H][N:2]([C:1])[C:3]>>[H]C([H])([H])[N:2]([C:1])[C:3],"EVODEX-P9335,EVODEX-P9437,EVODEX-P9596,EVODEX-P9615,EVODEX-P9791,EVODEX-P9867,EVODEX-P9992,EVODEX-P9997,EVODEX-P10087,EVODEX-P10176,EVODEX-P10311,EVODEX-P10549,EVODEX-P10554,EVODEX-P10630,EVODEX-P10635,EVODEX-P10689,EVODEX-P10744"
EVODEX-N3013,[#85:16]-[#6:1](-[#85:17])(-[#85:18])-[#16&+:2](-[#6:3])-[#6:4].[#6:11]-[#16:12]-[#85]>>[#85:16]-[#6:1](-[#85:17])(-[#85:18])-[#16:12]-[#6:11].[#6:3]-[#16:2]-[#6:4],"EVODEX-P9337,EVODEX-P9358,EVODEX-P9379,EVODEX-P9389,EVODEX-P9667,EVODEX-P9672,EVODEX-P10676"
EVODEX-N3014,[#6:1]-[#16&+:2](-[#6:3])-[#6:4]>>[#6:1]-[#16]-[#6](-[#85])(-[#85])-[#6](-[#85])(-[#85])-[#6@](-[#85])(-[#7](-[#85])-[#85])-[#6](=[#8])-[#8]-[#85].[#6:3]-[#16:2]-[#6:4],"EVODEX-P9338,EVODEX-P9390"
EVODEX-N3015,[#85:16]-[#6:1](-[#85:17])(-[#85:18])-[#16&+](-[#6](-[#85])(-[#85])-[#85])-[#6](-[#85])(-[#85])-[#6](=[#8])-[#8]-[#85].[#6:11]-[#16:12]-[#85]>>[#85:16]-[#6:1](-[#85:17])(-[#85:18])-[#16:12]-[#6:11],EVODEX-P9339
EVODEX-N3016,[#85:16]-[#6:1](-[#85:17])(-[#85:18])-[#16&+](-[#6](-[#85])(-[#85])-[#85])-[#6](-[#85])(-[#85])-[#6](=[#8])-[#8]-[#85]>>[#85:16]-[#6:1](-[#85:17])(-[#85:18])-[#16]-[#6](-[#85])(-[#85])-[#6](-[#85])(-[#85])-[#6@](-[#85])(-[#7](-[#85])-[#85])-[#6](=[#8])-[#8]-[#85],EVODEX-P9340
EVODEX-N3017,[H][S:12][C:11]>>[H]C([H])([H])[S:12][C:11],"EVODEX-P9341,EVODEX-P9382,EVODEX-P9671,EVODEX-P9676,EVODEX-P9785,EVODEX-P10679"
EVODEX-N3018,[#85:50]-[#6:1](-[#85:51])(-[#85:52])-[#16&+:2](-[#6:3])-[#6:10].[#6:42]-[#8:43]-[#85]>>[#85:50]-[#6:1](-[#85:51])(-[#85:52])-[#8:43]-[#6:42].[#6:3]-[#16:2]-[#6:10],"EVODEX-P9342,EVODEX-P9347,EVODEX-P9359,EVODEX-P9364,EVODEX-P9392,EVODEX-P9422,EVODEX-P9427,EVODEX-P9465,EVODEX-P9470,EVODEX-P9475,EVODEX-P9480,EVODEX-P9510,EVODEX-P9515,EVODEX-P9520,EVODEX-P9525,EVODEX-P9540,EVODEX-P9545,EVODEX-P9572,EVODEX-P9577,EVODEX-P9597,EVODEX-P9602,EVODEX-P9642,EVODEX-P9647,EVODEX-P9652,EVODEX-P9657,EVODEX-P9662,EVODEX-P9677,EVODEX-P9682,EVODEX-P9687,EVODEX-P9692,EVODEX-P9702,EVODEX-P9707,EVODEX-P9712,EVODEX-P9717,EVODEX-P9722,EVODEX-P9727,EVODEX-P9732,EVODEX-P9737,EVODEX-P9752,EVODEX-P9757,EVODEX-P9762,EVODEX-P9767,EVODEX-P9772,EVODEX-P9777,EVODEX-P9799,EVODEX-P9804,EVODEX-P9809,EVODEX-P9814,EVODEX-P9829,EVODEX-P9834,EVODEX-P9869,EVODEX-P9874,EVODEX-P9879,EVODEX-P9884,EVODEX-P9889,EVODEX-P9894,EVODEX-P9909,EVODEX-P9914,EVODEX-P9919,EVODEX-P9934,EVODEX-P9939,EVODEX-P9944,EVODEX-P9949,EVODEX-P9954,EVODEX-P9959,EVODEX-P9974,EVODEX-P9979,EVODEX-P9984,EVODEX-P9999,EVODEX-P10008,EVODEX-P10013,EVODEX-P10018,EVODEX-P10023,EVODEX-P10028,EVODEX-P10048,EVODEX-P10058,EVODEX-P10063,EVODEX-P10078,EVODEX-P10088,EVODEX-P10093,EVODEX-P10118,EVODEX-P10123,EVODEX-P10128,EVODEX-P10138,EVODEX-P10143,EVODEX-P10148,EVODEX-P10153,EVODEX-P10158,EVODEX-P10163,EVODEX-P10168,EVODEX-P10208,EVODEX-P10213,EVODEX-P10223,EVODEX-P10228,EVODEX-P10233,EVODEX-P10238,EVODEX-P10253,EVODEX-P10258,EVODEX-P10263,EVODEX-P10268,EVODEX-P10273,EVODEX-P10288,EVODEX-P10293,EVODEX-P10298,EVODEX-P10303,EVODEX-P10313,EVODEX-P10318,EVODEX-P10323,EVODEX-P10328,EVODEX-P10333,EVODEX-P10338,EVODEX-P10358,EVODEX-P10363,EVODEX-P10401,EVODEX-P10406,EVODEX-P10421,EVODEX-P10426,EVODEX-P10431,EVODEX-P10436,EVODEX-P10441,EVODEX-P10446,EVODEX-P10451,EVODEX-P10461,EVODEX-P10466,EVODEX-P10486,EVODEX-P10491,EVODEX-P10501,EVODEX-P10506,EVODEX-P10511,EVODEX-P10516,EVODEX-P10521,EVODEX-P10526,EVODEX-P10531,EVODEX-P10566,EVODEX-P10571,EVODEX-P10576,EVODEX-P10586,EVODEX-P10591,EVODEX-P10596,EVODEX-P10601,EVODEX-P10606,EVODEX-P10611,EVODEX-P10616,EVODEX-P10621,EVODEX-P10646,EVODEX-P10651,EVODEX-P10656,EVODEX-P10671,EVODEX-P10691,EVODEX-P10706,EVODEX-P10711,EVODEX-P10716,EVODEX-P10750,EVODEX-P10765,EVODEX-P10770,EVODEX-P10775,EVODEX-P10780,EVODEX-P10795,EVODEX-P10800"
EVODEX-N3019,[#6:17]-[#16&+:18](-[#6:19])-[#6:26]>>[#85]-[#6](-[#85])(-[#85])-[#6](=[#8])-[#7](-[#85])-[#6](-[#85])(-[#85])-[#6](-[#85])(-[#85])-[#6]1:[#6](-[#85]):[#7](-[#85]):[#6]2:[#6](-[#85]):[#6](-[#85]):[#6](-[#8]-[#6:17]):[#6](-[#85]):[#6]:1:2.[#6:19]-[#16:18]-[#6:26],EVODEX-P9343
EVODEX-N3020,[#85:50]-[#6:1](-[#85:51])(-[#85:52])-[#16&+](-[#6](-[#85])(-[#85])-[#6](-[#85])(-[#85])-[#6@](-[#85])(-[#7](-[#85])-[#85])-[#6](=[#8])-[#8]-[#85])-[#6](-[#85])(-[#85])-[#6@@]1(-[#85])-[#8]-[#6@@](-[#85])(-[#7]2:[#6](-[#85]):[#7]:[#6]3:[#6](-[#7](-[#85])-[#85]):[#7]:[#6](-[#85]):[#7]:[#6]:2:3)-[#6@](-[#85])(-[#8]-[#85])-[#6@]-1(-[#85])-[#8]-[#85].[#6:42]-[#8:43]-[#85]>>[#85:50]-[#6:1](-[#85:51])(-[#85:52])-[#8:43]-[#6:42],"EVODEX-P9344,EVODEX-P9349,EVODEX-P9361,EVODEX-P9366,EVODEX-P9394,EVODEX-P9424,EVODEX-P9429,EVODEX-P9467,EVODEX-P9472,EVODEX-P9477,EVODEX-P9482,EVODEX-P9512,EVODEX-P9517,EVODEX-P9522,EVODEX-P9527,EVODEX-P9542,EVODEX-P9547,EVODEX-P9574,EVODEX-P9579,EVODEX-P9599,EVODEX-P9604,EVODEX-P9644,EVODEX-P9649,EVODEX-P9654,EVODEX-P9659,EVODEX-P9664,EVODEX-P9679,EVODEX-P9684,EVODEX-P9689,EVODEX-P9694,EVODEX-P9704,EVODEX-P9709,EVODEX-P9714,EVODEX-P9719,EVODEX-P9724,EVODEX-P9729,EVODEX-P9734,EVODEX-P9739,EVODEX-P9754,EVODEX-P9759,EVODEX-P9764,EVODEX-P9769,EVODEX-P9774,EVODEX-P9779,EVODEX-P9801,EVODEX-P9806,EVODEX-P9811,EVODEX-P9816,EVODEX-P9831,EVODEX-P9836,EVODEX-P9871,EVODEX-P9876,EVODEX-P9881,EVODEX-P9886,EVODEX-P9891,EVODEX-P9896,EVODEX-P9911,EVODEX-P9916,EVODEX-P9921,EVODEX-P9936,EVODEX-P9941,EVODEX-P9946,EVODEX-P9951,EVODEX-P9956,EVODEX-P9961,EVODEX-P9976,EVODEX-P9981,EVODEX-P9986,EVODEX-P10000,EVODEX-P10010,EVODEX-P10015,EVODEX-P10020,EVODEX-P10025,EVODEX-P10030,EVODEX-P10050,EVODEX-P10060,EVODEX-P10065,EVODEX-P10080,EVODEX-P10090,EVODEX-P10095,EVODEX-P10120,EVODEX-P10125,EVODEX-P10130,EVODEX-P10140,EVODEX-P10145,EVODEX-P10150,EVODEX-P10155,EVODEX-P10160,EVODEX-P10165,EVODEX-P10170,EVODEX-P10210,EVODEX-P10215,EVODEX-P10225,EVODEX-P10230,EVODEX-P10235,EVODEX-P10240,EVODEX-P10255,EVODEX-P10260,EVODEX-P10265,EVODEX-P10270,EVODEX-P10275,EVODEX-P10290,EVODEX-P10295,EVODEX-P10300,EVODEX-P10305,EVODEX-P10315,EVODEX-P10320,EVODEX-P10325,EVODEX-P10330,EVODEX-P10335,EVODEX-P10340,EVODEX-P10360,EVODEX-P10365,EVODEX-P10403,EVODEX-P10408,EVODEX-P10423,EVODEX-P10428,EVODEX-P10433,EVODEX-P10438,EVODEX-P10443,EVODEX-P10448,EVODEX-P10453,EVODEX-P10463,EVODEX-P10468,EVODEX-P10488,EVODEX-P10493,EVODEX-P10503,EVODEX-P10508,EVODEX-P10513,EVODEX-P10518,EVODEX-P10523,EVODEX-P10528,EVODEX-P10533,EVODEX-P10568,EVODEX-P10573,EVODEX-P10578,EVODEX-P10588,EVODEX-P10593,EVODEX-P10598,EVODEX-P10603,EVODEX-P10608,EVODEX-P10613,EVODEX-P10618,EVODEX-P10623,EVODEX-P10648,EVODEX-P10653,EVODEX-P10658,EVODEX-P10673,EVODEX-P10693,EVODEX-P10708,EVODEX-P10713,EVODEX-P10718,EVODEX-P10752,EVODEX-P10767,EVODEX-P10772,EVODEX-P10777,EVODEX-P10782,EVODEX-P10797,EVODEX-P10802"
EVODEX-N3021,[#85:44]-[#6:17](-[#85:45])(-[#85:46])-[#16&+](-[#6](-[#85])(-[#85])-[#6](-[#85])(-[#85])-[#6@](-[#85])(-[#7](-[#85])-[#85])-[#6](=[#8])-[#8]-[#85])-[#6](-[#85])(-[#85])-[#6@@]1(-[#85])-[#8]-[#6@@](-[#85])(-[#7]2:[#6](-[#85]):[#7]:[#6]3:[#6](-[#7](-[#85])-[#85]):[#7]:[#6](-[#85]):[#7]:[#6]:2:3)-[#6@](-[#85])(-[#8]-[#85])-[#6@]-1(-[#85])-[#8]-[#85]>>[#85]-[#6](-[#85])(-[#85])-[#6](=[#8])-[#7](-[#85])-[#6](-[#85])(-[#85])-[#6](-[#85])(-[#85])-[#6]1:[#6](-[#85]):[#7](-[#85]):[#6]2:[#6](-[#85]):[#6](-[#85]):[#6](-[#8]-[#6:17](-[#85:44])(-[#85:45])-[#85:46]):[#6](-[#85]):[#6]:1:2,EVODEX-P9345
EVODEX-N3022,[#6:1]-[#16&+:2](-[#6:3])-[#6:10]>>[#6:1]-[#8]-[#6]1:[#6](-[#85]):[#6](-[#85]):[#6]2:[#7](-[#85]):[#6](-[#85]):[#6](-[#6](-[#85])(-[#85])-[#6](-[#85])(-[#85])-[#7](-[#85])-[#85]):[#6]:2:[#6]:1-[#85].[#6:3]-[#16:2]-[#6:10],EVODEX-P9348
EVODEX-N3023,[#85:41]-[#6:1](-[#85:42])(-[#85:43])-[#16&+](-[#6](-[#85])(-[#85])-[#6](-[#85])(-[#85])-[#6@](-[#85])(-[#7](-[#85])-[#85])-[#6](=[#8])-[#8]-[#85])-[#6](-[#85])(-[#85])-[#6@@]1(-[#85])-[#8]-[#6@@](-[#85])(-[#7]2:[#6](-[#85]):[#7]:[#6]3:[#6](-[#7](-[#85])-[#85]):[#7]:[#6](-[#85]):[#7]:[#6]:2:3)-[#6@](-[#85])(-[#8]-[#85])-[#6@]-1(-[#85])-[#8]-[#85]>>[#85:41]-[#6:1](-[#85:42])(-[#85:43])-[#8]-[#6]1:[#6](-[#85]):[#6](-[#85]):[#6]2:[#7](-[#85]):[#6](-[#85]):[#6](-[#6](-[#85])(-[#85])-[#6](-[#85])(-[#85])-[#7](-[#85])-[#85]):[#6]:2:[#6]:1-[#85],EVODEX-P9350
EVODEX-N3024,[#6:1]-[#16&+:2](-[#6:3])-[#6:10]>>[#6:1]-[#8]-[#6]1:[#6](-[#8]-[#85]):[#6](-[#85]):[#6](-[#85]):[#6](-[#6@](-[#85])(-[#6](-[#85])(-[#85])-[#7](-[#85])-[#85])-[#8]-[#85]):[#6]:1-[#85].[#6:3]-[#16:2]-[#6:10],EVODEX-P9360
EVODEX-N3025,[#85:40]-[#6:1](-[#85:41])(-[#85:42])-[#16&+](-[#6](-[#85])(-[#85])-[#6](-[#85])(-[#85])-[#6@](-[#85])(-[#7](-[#85])-[#85])-[#6](=[#8])-[#8]-[#85])-[#6](-[#85])(-[#85])-[#6@@]1(-[#85])-[#8]-[#6@@](-[#85])(-[#7]2:[#6](-[#85]):[#7]:[#6]3:[#6](-[#7](-[#85])-[#85]):[#7]:[#6](-[#85]):[#7]:[#6]:2:3)-[#6@](-[#85])(-[#8]-[#85])-[#6@]-1(-[#85])-[#8]-[#85]>>[#85:40]-[#6:1](-[#85:41])(-[#85:42])-[#8]-[#6]1:[#6](-[#8]-[#85]):[#6](-[#85]):[#6](-[#85]):[#6](-[#6@](-[#85])(-[#6](-[#85])(-[#85])-[#7](-[#85])-[#85])-[#8]-[#85]):[#6]:1-[#85],EVODEX-P9362
EVODEX-N3026,[#6:1]-[#16&+:2](-[#6:3])-[#6:10]>>[#6:1]-[#8]-[#6]1:[#6](-[#85]):[#6](-[#85]):[#6](-[#85]):[#6](-[#85]):[#6]:1-[#8]-[#85].[#6:3]-[#16:2]-[#6:10],EVODEX-P9365
EVODEX-N3027,[#85:36]-[#6:1](-[#85:37])(-[#85:38])-[#16&+](-[#6](-[#85])(-[#85])-[#6](-[#85])(-[#85])-[#6@](-[#85])(-[#7](-[#85])-[#85])-[#6](=[#8])-[#8]-[#85])-[#6](-[#85])(-[#85])-[#6@@]1(-[#85])-[#8]-[#6@@](-[#85])(-[#7]2:[#6](-[#85]):[#7]:[#6]3:[#6](-[#7](-[#85])-[#85]):[#7]:[#6](-[#85]):[#7]:[#6]:2:3)-[#6@](-[#85])(-[#8]-[#85])-[#6@]-1(-[#85])-[#8]-[#85]>>[#85:36]-[#6:1](-[#85:37])(-[#85:38])-[#8]-[#6]1:[#6](-[#85]):[#6](-[#85]):[#6](-[#85]):[#6](-[#85]):[#6]:1-[#8]-[#85],EVODEX-P9367
EVODEX-N3028,[#6:1]-[#16&+:2](-[#6:3])-[#6:10]>>[#6:1]-[#7]1:[#6](-[#85]):[#6](-[#6](-[#85])(-[#85])-[#6](-[#85])(-[#85])-[#7](-[#85])-[#85]):[#7]:[#6]:1-[#85].[#6:3]-[#16:2]-[#6:10],EVODEX-P9370
EVODEX-N3029,[#85:36]-[#6:1](-[#85:37])(-[#85:38])-[#16&+](-[#6](-[#85])(-[#85])-[#6](-[#85])(-[#85])-[#6@](-[#85])(-[#7](-[#85])-[#85])-[#6](=[#8])-[#8]-[#85])-[#6](-[#85])(-[#85])-[#6@@]1(-[#85])-[#8]-[#6@@](-[#85])(-[#7]2:[#6](-[#85]):[#7]:[#6]3:[#6](-[#7](-[#85])-[#85]):[#7]:[#6](-[#85]):[#7]:[#6]:2:3)-[#6@](-[#85])(-[#8]-[#85])-[#6@]-1(-[#85])-[#8]-[#85]>>[#85:36]-[#6:1](-[#85:37])(-[#85:38])-[#7]1:[#6](-[#85]):[#6](-[#6](-[#85])(-[#85])-[#6](-[#85])(-[#85])-[#7](-[#85])-[#85]):[#7]:[#6]:1-[#85],EVODEX-P9372
EVODEX-N3030,[#85:38]-[#6:1](-[#85:39])(-[#85:40])-[#16&+:2](-[#6:3])-[#6:10].[#85:61]-[#7:28](-[#85])-[#6:29]>>[#85:38]-[#6:1](-[#85:39])(-[#85:40])-[#7:28](-[#85:61])-[#6:29].[#6:3]-[#16:2]-[#6:10],"EVODEX-P9374,EVODEX-P9438,EVODEX-P9485,EVODEX-P9490,EVODEX-P9495,EVODEX-P9555,EVODEX-P9587,EVODEX-P9607,EVODEX-P9899,EVODEX-P9964,EVODEX-P9969,EVODEX-P10038,EVODEX-P10043,EVODEX-P10378,EVODEX-P10556,EVODEX-P10561,EVODEX-P10636,EVODEX-P10641,EVODEX-P10681,EVODEX-P10721,EVODEX-P10745,EVODEX-P10805"
EVODEX-N3031,[#6:1]-[#16&+:2](-[#6:3])-[#6:10]>>[#6:1]-[#7](-[#85])-[#6](-[#85])(-[#85])-[#6](-[#85])(-[#85])-[#6]1:[#6](-[#85]):[#7](-[#85]):[#6](-[#85]):[#7]:1.[#6:3]-[#16:2]-[#6:10],EVODEX-P9375
EVODEX-N3032,[#85:38]-[#6:1](-[#85:39])(-[#85:40])-[#16&+](-[#6](-[#85])(-[#85])-[#6](-[#85])(-[#85])-[#6@](-[#85])(-[#7](-[#85])-[#85])-[#6](=[#8])-[#8]-[#85])-[#6](-[#85])(-[#85])-[#6@@]1(-[#85])-[#8]-[#6@@](-[#85])(-[#7]2:[#6](-[#85]):[#7]:[#6]3:[#6](-[#7](-[#85])-[#85]):[#7]:[#6](-[#85]):[#7]:[#6]:2:3)-[#6@](-[#85])(-[#8]-[#85])-[#6@]-1(-[#85])-[#8]-[#85].[#85:61]-[#7:28](-[#85])-[#6:29]>>[#85:38]-[#6:1](-[#85:39])(-[#85:40])-[#7:28](-[#85:61])-[#6:29],"EVODEX-P9376,EVODEX-P9440,EVODEX-P9487,EVODEX-P9492,EVODEX-P9497,EVODEX-P9557,EVODEX-P9589,EVODEX-P9609,EVODEX-P9901,EVODEX-P9966,EVODEX-P9971,EVODEX-P10040,EVODEX-P10045,EVODEX-P10380,EVODEX-P10558,EVODEX-P10563,EVODEX-P10638,EVODEX-P10643,EVODEX-P10683,EVODEX-P10723,EVODEX-P10747,EVODEX-P10807"
EVODEX-N3033,[#85:36]-[#6:1](-[#85:37])(-[#85:38])-[#16&+](-[#6](-[#85])(-[#85])-[#6](-[#85])(-[#85])-[#6@](-[#85])(-[#7](-[#85])-[#85])-[#6](=[#8])-[#8]-[#85])-[#6](-[#85])(-[#85])-[#6@@]1(-[#85])-[#8]-[#6@@](-[#85])(-[#7]2:[#6](-[#85]):[#7]:[#6]3:[#6](-[#7](-[#85])-[#85]):[#7]:[#6](-[#85]):[#7]:[#6]:2:3)-[#6@](-[#85])(-[#8]-[#85])-[#6@]-1(-[#85])-[#8]-[#85]>>[#85:36]-[#6:1](-[#85:37])(-[#85:38])-[#7](-[#85])-[#6](-[#85])(-[#85])-[#6](-[#85])(-[#85])-[#6]1:[#6](-[#85]):[#7](-[#85]):[#6](-[#85]):[#7]:1,EVODEX-P9377
EVODEX-N3034,[H][N:28]([C:29])[H:61]>>[H]C([H])([H])[N:28]([C:29])[H:61],"EVODEX-P9378,EVODEX-P9442,EVODEX-P9445,EVODEX-P9446,EVODEX-P9489,EVODEX-P9494,EVODEX-P9499,EVODEX-P9559,EVODEX-P9591,EVODEX-P9611,EVODEX-P9903,EVODEX-P9968,EVODEX-P9973,EVODEX-P10042,EVODEX-P10047,EVODEX-P10381,EVODEX-P10560,EVODEX-P10565,EVODEX-P10639,EVODEX-P10644,EVODEX-P10685,EVODEX-P10725,EVODEX-P10749,EVODEX-P10809"
EVODEX-N3035,[#6:6]-[#16&+:7](-[#6:8])-[#6:15]>>[#85]-[#6](-[#85])(-[#85])-[#8]-[#6](-[#85])(-[#85])-[#6](-[#85])(-[#85])-[#16]-[#6:6].[#6:8]-[#16:7]-[#6:15],EVODEX-P9380
EVODEX-N3036,[#6:4]-[#16:5]-[#85].[#85:41]-[#6:6](-[#85:42])(-[#85:43])-[#16&+](-[#6](-[#85])(-[#85])-[#6](-[#85])(-[#85])-[#6@](-[#85])(-[#7](-[#85])-[#85])-[#6](=[#8])-[#8]-[#85])-[#6](-[#85])(-[#85])-[#6@@]1(-[#85])-[#8]-[#6@@](-[#85])(-[#7]2:[#6](-[#85]):[#7]:[#6]3:[#6](-[#7](-[#85])-[#85]):[#7]:[#6](-[#85]):[#7]:[#6]:2:3)-[#6@](-[#85])(-[#8]-[#85])-[#6@]-1(-[#85])-[#8]-[#85]>>[#6:4]-[#16:5]-[#6:6](-[#85:41])(-[#85:42])-[#85:43],"EVODEX-P9381,EVODEX-P9391,EVODEX-P9669,EVODEX-P9674,EVODEX-P10678"
EVODEX-N3037,[#85:41]-[#6:6](-[#85:42])(-[#85:43])-[#16&+](-[#6](-[#85])(-[#85])-[#6](-[#85])(-[#85])-[#6@](-[#85])(-[#7](-[#85])-[#85])-[#6](=[#8])-[#8]-[#85])-[#6](-[#85])(-[#85])-[#6@@]1(-[#85])-[#8]-[#6@@](-[#85])(-[#7]2:[#6](-[#85]):[#7]:[#6]3:[#6](-[#7](-[#85])-[#85]):[#7]:[#6](-[#85]):[#7]:[#6]:2:3)-[#6@](-[#85])(-[#8]-[#85])-[#6@]-1(-[#85])-[#8]-[#85]>>[#85]-[#6](-[#85])(-[#85])-[#8]-[#6](-[#85])(-[#85])-[#6](-[#85])(-[#85])-[#16]-[#6:6](-[#85:41])(-[#85:42])-[#85:43],EVODEX-P9383
EVODEX-N3038,[#85:29]-[#6:1](-[#85:30])(-[#85:31])-[#16&+:2](-[#6:3])-[#6:10].[#85:52]-[#16:28]-[#85]>>[#85:29]-[#6:1](-[#85:30])(-[#85:31])-[#16:28]-[#85:52].[#6:3]-[#16:2]-[#6:10],EVODEX-P9384
EVODEX-N3039,[#6:1]-[#16&+:2](-[#6:3])-[#6:10]>>[#6:1]-[#16]-[#85].[#6:3]-[#16:2]-[#6:10],EVODEX-P9385
EVODEX-N3040,[#85:29]-[#6:1](-[#85:30])(-[#85:31])-[#16&+](-[#6](-[#85])(-[#85])-[#6](-[#85])(-[#85])-[#6@](-[#85])(-[#7](-[#85])-[#85])-[#6](=[#8])-[#8]-[#85])-[#6](-[#85])(-[#85])-[#6@@]1(-[#85])-[#8]-[#6@@](-[#85])(-[#7]2:[#6](-[#85]):[#7]:[#6]3:[#6](-[#7](-[#85])-[#85]):[#7]:[#6](-[#85]):[#7]:[#6]:2:3)-[#6@](-[#85])(-[#8]-[#85])-[#6@]-1(-[#85])-[#8]-[#85].[#85:52]-[#16:28]-[#85]>>[#85:29]-[#6:1](-[#85:30])(-[#85:31])-[#16:28]-[#85:52],EVODEX-P9386
EVODEX-N3041,[#85:29]-[#6:1](-[#85:30])(-[#85:31])-[#16&+](-[#6](-[#85])(-[#85])-[#6](-[#85])(-[#85])-[#6@](-[#85])(-[#7](-[#85])-[#85])-[#6](=[#8])-[#8]-[#85])-[#6](-[#85])(-[#85])-[#6@@]1(-[#85])-[#8]-[#6@@](-[#85])(-[#7]2:[#6](-[#85]):[#7]:[#6]3:[#6](-[#7](-[#85])-[#85]):[#7]:[#6](-[#85]):[#7]:[#6]:2:3)-[#6@](-[#85])(-[#8]-[#85])-[#6@]-1(-[#85])-[#8]-[#85]>>[#85:29]-[#6:1](-[#85:30])(-[#85:31])-[#16]-[#85],EVODEX-P9387
EVODEX-N3042,[H][S:28][H:52]>>[H]C([H])([H])[S:28][H:52],EVODEX-P9388
EVODEX-N3043,[#6:43]-[#16&+:44](-[#6:45])-[#6:52]>>[#85]-[#6](-[#85])=[#6](-[#85])-[#6]1:[#6](-[#6](-[#85])(-[#85])-[#85]):[#6]2:[#6](-[#85]):[#6]3:[#7](-[#85]):[#6](:[#6](-[#85]):[#6]4:[#7]:[#6](:[#6](-[#85]):[#6]5:[#7]:[#6](:[#6](-[#85]):[#6]:1:[#7]:2-[#85])-[#6](-[#6](-[#85])(-[#85])-[#85])=[#6]-5-[#6](-[#85])(-[#85])-[#6](-[#85])(-[#85])-[#6](=[#8])-[#8]-[#6:43])-[#6](-[#6](-[#85])(-[#85])-[#6](-[#85])(-[#85])-[#6](=[#8])-[#8]-[#85])=[#6]-4-[#6](-[#85])(-[#85])-[#85]):[#6](-[#6](-[#85])(-[#85])-[#85]):[#6]:3-[#6](-[#85])=[#6](-[#85])-[#85].[#6:45]-[#16:44]-[#6:52],EVODEX-P9393
EVODEX-N3044,[#85:104]-[#6:43](-[#85:105])(-[#85:106])-[#16&+](-[#6](-[#85])(-[#85])-[#6](-[#85])(-[#85])-[#6@](-[#85])(-[#7](-[#85])-[#85])-[#6](=[#8])-[#8]-[#85])-[#6](-[#85])(-[#85])-[#6@@]1(-[#85])-[#8]-[#6@@](-[#85])(-[#7]2:[#6](-[#85]):[#7]:[#6]3:[#6](-[#7](-[#85])-[#85]):[#7]:[#6](-[#85]):[#7]:[#6]:2:3)-[#6@](-[#85])(-[#8]-[#85])-[#6@]-1(-[#85])-[#8]-[#85]>>[#85]-[#6](-[#85])=[#6](-[#85])-[#6]1:[#6](-[#6](-[#85])(-[#85])-[#85]):[#6]2:[#6](-[#85]):[#6]3:[#7](-[#85]):[#6](:[#6](-[#85]):[#6]4:[#7]:[#6](:[#6](-[#85]):[#6]5:[#7]:[#6](:[#6](-[#85]):[#6]:1:[#7]:2-[#85])-[#6](-[#6](-[#85])(-[#85])-[#85])=[#6]-5-[#6](-[#85])(-[#85])-[#6](-[#85])(-[#85])-[#6](=[#8])-[#8]-[#6:43](-[#85:104])(-[#85:105])-[#85:106])-[#6](-[#6](-[#85])(-[#85])-[#6](-[#85])(-[#85])-[#6](=[#8])-[#8]-[#85])=[#6]-4-[#6](-[#85])(-[#85])-[#85]):[#6](-[#6](-[#85])(-[#85])-[#85]):[#6]:3-[#6](-[#85])=[#6](-[#85])-[#85],EVODEX-P9396
EVODEX-N3045,[C:19][C@@:20]([O:21])([C:35])[H:50].[H][C:1]([S:2])([H:60])[H:61]>>[C:1]([S:2])([C@@:20]([O:21])([C:35])[H:50])([H:60])[H:61].[H][C:19],EVODEX-P9397
EVODEX-N3046,[#16&+:11]-[#6:19](-[#85:48])(-[#85:49])-[#6@@]1(-[#85])-[#8]-[#6@@](-[#85])(-[#7]2:[#6](-[#85]):[#7]:[#6]3:[#6](-[#7](-[#85])-[#85]):[#7]:[#6](-[#85]):[#7]:[#6]:2:3)-[#6@](-[#85])(-[#8]-[#85])-[#6@]-1(-[#85])-[#8]-[#85]>>[#16&+:11]-[#6:19](-[#85:48])(-[#85:49])-[#85],EVODEX-P9398
EVODEX-N3047,[#85]-[#6](-[#85])(-[#85])-[#16&+](-[#6](-[#85])(-[#85])-[#6](-[#85])(-[#85])-[#6@](-[#85])(-[#7](-[#85])-[#85])-[#6](=[#8])-[#8]-[#85])-[#6](-[#85])(-[#85])-[#6@@:20](-[#85:50])(-[#8:21])-[#6@:35].[#85:60]-[#6:1](-[#85:61])(-[#85])-[#16:2]>>[#85:60]-[#6:1](-[#85:61])(-[#16:2])-[#6@@:20](-[#85:50])(-[#8:21])-[#6@:35],EVODEX-P9399
EVODEX-N3048,[H][C:1]([S:2])([H:60])[H:61]>>[H]O[C@@]1([H])[C@@]([H])(O[H])[C@]([H])(N2:C([H]):N:C3:C(N([H])[H]):N:C([H]):N:C:3:2)O[C@]1([H])[C:1]([S:2])([H:60])[H:61],EVODEX-P9400
EVODEX-N3049,>>[#85]-[#6](-[#85])(-[#85])-[#16&+]-[#6](-[#85])(-[#85])-[#6](-[#85])(-[#85])-[#6@](-[#85])(-[#7](-[#85])-[#85])-[#6](=[#8])-[#8]-[#85].[#85],"EVODEX-P9401,EVODEX-P16279,EVODEX-P16372"
EVODEX-N3050,[#85:37]-[#6:1](-[#85:38])(-[#85:39])-[#16&+:2](-[#6:3])-[#6:10].[#6:28]-[#34:29]-[#6:30]>>[#85:37]-[#6:1](-[#85:38])(-[#85:39])-[#34&+:29](-[#6:28])-[#6:30].[#6:3]-[#16:2]-[#6:10],"EVODEX-P9402,EVODEX-P9854"
EVODEX-N3051,[#85:37]-[#6:1](-[#85:38])(-[#85:39])-[#16&+](-[#6](-[#85])(-[#85])-[#6](-[#85])(-[#85])-[#6@](-[#85])(-[#7](-[#85])-[#85])-[#6](=[#8])-[#8]-[#85])-[#6](-[#85])(-[#85])-[#6@@]1(-[#85])-[#8]-[#6@@](-[#85])(-[#7]2:[#6](-[#85]):[#7]:[#6]3:[#6](-[#7](-[#85])-[#85]):[#7]:[#6](-[#85]):[#7]:[#6]:2:3)-[#6@](-[#85])(-[#8]-[#85])-[#6@]-1(-[#85])-[#8]-[#85].[#6:28]-[#34:29]-[#6:30]>>[#85:37]-[#6:1](-[#85:38])(-[#85:39])-[#34&+:29](-[#6:28])-[#6:30],"EVODEX-P9403,EVODEX-P9855"
EVODEX-N3052,[#6:28]-[#34:29]-[#6:30]>>[#85]-[#6](-[#85])(-[#85])-[#34&+:29](-[#6:28])-[#6:30],"EVODEX-P9404,EVODEX-P9856"
EVODEX-N3053,[#85:37]-[#6:1](-[#85:38])(-[#85:39])-[#16&+](-[#6](-[#85])(-[#85])-[#6](-[#85])(-[#85])-[#6@](-[#85])(-[#7](-[#85])-[#85])-[#6](=[#8])-[#8]-[#85])-[#6](-[#85])(-[#85])-[#6@@]1(-[#85])-[#8]-[#6@@](-[#85])(-[#7]2:[#6](-[#85]):[#7]:[#6]3:[#6](-[#7](-[#85])-[#85]):[#7]:[#6](-[#85]):[#7]:[#6]:2:3)-[#6@](-[#85])(-[#8]-[#85])-[#6@]-1(-[#85])-[#8]-[#85]>>[#85:37]-[#6:1](-[#85:38])(-[#85:39])-[#34&+](-[#6](-[#85])(-[#85])-[#85])-[#6](-[#85])(-[#85])-[#6](-[#85])(-[#85])-[#6@](-[#85])(-[#7](-[#85])-[#85])-[#6](=[#8])-[#8]-[#85],EVODEX-P9405
EVODEX-N3054,[#6:1]-[#16&+:2](-[#6:3])-[#6:10]>>[#6:1]-[#34&+](-[#6](-[#85])(-[#85])-[#85])-[#6](-[#85])(-[#85])-[#6](-[#85])(-[#85])-[#6@](-[#85])(-[#7](-[#85])-[#85])-[#6](=[#8])-[#8]-[#85].[#6:3]-[#16:2]-[#6:10],EVODEX-P9406
EVODEX-N3055,[C:1]([N:2])([H:42])([H:43])[H:44].[H][S:38][C:37]>>[C:1]([S:38][C:37])([H:42])([H:43])[H:44].[H][N:2],"EVODEX-P9407,EVODEX-P9412,EVODEX-P9417,EVODEX-P9782"
EVODEX-N3056,[H]OC(=O)C([H])([H])C([H])([H])[C@@]([H])(C(=O)O[H])N([H])C(=O)C1:C([H]):C([H]):C(N([H])C([H])([H])[C@]2([H])N([C:1]([H:42])([H:43])[H:44])C3:C(:N:C(N([H])[H]):N([H]):C:3=O)N([H])C2([H])[H]):C([H]):C:1[H].[H][S:38][C:37]>>[C:1]([S:38][C:37])([H:42])([H:43])[H:44],EVODEX-P9409
EVODEX-N3057,[H]OC(=O)C([H])([H])C([H])([H])[C@@]([H])(C(=O)O[H])N([H])C(=O)C1:C([H]):C([H]):C(N([H])C([H])([H])[C@]2([H])N([C:1]([H:42])([H:43])[H:44])C3:C(:N:C(N([H])[H]):N([H]):C:3=O)N([H])C2([H])[H]):C([H]):C:1[H]>>[H]OC(=O)[C@@]([H])(N([H])[H])C([H])([H])C([H])([H])S[C:1]([H:42])([H:43])[H:44],EVODEX-P9410
EVODEX-N3058,>>[H]OC(=O)[C@@]([H])(N([H])[H])C([H])([H])C([H])([H])S.[H],"EVODEX-P9411,EVODEX-P9416,EVODEX-P9421,EVODEX-P24276,EVODEX-P29444,EVODEX-P30392,EVODEX-P31292"
EVODEX-N3059,[H]OC(=O)C([H])([H])C([H])([H])[C@@]([H])(C(=O)O[H])N([H])C(=O)C([H])([H])C([H])([H])[C@@]([H])(C(=O)O[H])N([H])C(=O)C([H])([H])C([H])([H])[C@@]([H])(C(=O)O[H])N([H])C(=O)C1:C([H]):C([H]):C(N([H])C([H])([H])[C@]2([H])N([C:1]([H:60])([H:61])[H:62])C3:C(:N:C(N([H])[H]):N([H]):C:3=O)N([H])C2([H])[H]):C([H]):C:1[H].[H][S:56][C:55]>>[C:1]([S:56][C:55])([H:60])([H:61])[H:62],EVODEX-P9414
EVODEX-N3060,[H]OC(=O)C([H])([H])C([H])([H])[C@@]([H])(C(=O)O[H])N([H])C(=O)C([H])([H])C([H])([H])[C@@]([H])(C(=O)O[H])N([H])C(=O)C([H])([H])C([H])([H])[C@@]([H])(C(=O)O[H])N([H])C(=O)C1:C([H]):C([H]):C(N([H])C([H])([H])[C@]2([H])N([C:1]([H:60])([H:61])[H:62])C3:C(:N:C(N([H])[H]):N([H]):C:3=O)N([H])C2([H])[H]):C([H]):C:1[H]>>[H]OC(=O)[C@@]([H])(N([H])[H])C([H])([H])C([H])([H])S[C:1]([H:60])([H:61])[H:62],EVODEX-P9415
EVODEX-N3061,[H]N=C1N([H])C(=O)C2([H])N([C:1]([H:42])([H:43])[H:44])C([H])(C([H])([H])N([H])C3:C([H]):C([H]):C(C(=O)N([H])[C@]([H])(C(=O)O[H])C([H])([H])C([H])([H])C(=O)O[H]):C([H]):C:3[H])C([H])([H])N([H])C2([H])N1[H].[H][S:38][C:37]>>[C:1]([S:38][C:37])([H:42])([H:43])[H:44],EVODEX-P9419
EVODEX-N3062,[H]N=C1N([H])C(=O)C2([H])N([C:1]([H:42])([H:43])[H:44])C([H])(C([H])([H])N([H])C3:C([H]):C([H]):C(C(=O)N([H])[C@]([H])(C(=O)O[H])C([H])([H])C([H])([H])C(=O)O[H]):C([H]):C:3[H])C([H])([H])N([H])C2([H])N1[H]>>[H]OC(=O)[C@@]([H])(N([H])[H])C([H])([H])C([H])([H])S[C:1]([H:42])([H:43])[H:44],EVODEX-P9420
EVODEX-N3063,[#6:21]-[#16&+:22](-[#6:23])-[#6:30]>>[#85]-[#6](-[#85])(-[#85])-[#6](-[#85])(-[#85])-[#6](-[#85])(-[#85])-[#6](-[#85])(-[#85])-[#6](-[#85])(-[#85])-[#6](-[#85])(-[#85])-[#6](-[#85])(-[#85])-[#6](-[#85])(-[#85])/[#6](-[#85])=[#6](/[#85])-[#6](-[#85])(-[#85])-[#6](-[#85])(-[#85])-[#6](-[#85])(-[#85])-[#6](-[#85])(-[#85])-[#6](-[#85])(-[#85])-[#6](-[#85])(-[#85])-[#6](-[#85])(-[#85])-[#6](=[#8])-[#8]-[#6:21].[#6:23]-[#16:22]-[#6:30],EVODEX-P9423
EVODEX-N3064,[#85:82]-[#6:21](-[#85:83])(-[#85:84])-[#16&+](-[#6](-[#85])(-[#85])-[#6](-[#85])(-[#85])-[#6@](-[#85])(-[#7](-[#85])-[#85])-[#6](=[#8])-[#8]-[#85])-[#6](-[#85])(-[#85])-[#6@@]1(-[#85])-[#8]-[#6@@](-[#85])(-[#7]2:[#6](-[#85]):[#7]:[#6]3:[#6](-[#7](-[#85])-[#85]):[#7]:[#6](-[#85]):[#7]:[#6]:2:3)-[#6@](-[#85])(-[#8]-[#85])-[#6@]-1(-[#85])-[#8]-[#85]>>[#85]-[#6](-[#85])(-[#85])-[#6](-[#85])(-[#85])-[#6](-[#85])(-[#85])-[#6](-[#85])(-[#85])-[#6](-[#85])(-[#85])-[#6](-[#85])(-[#85])-[#6](-[#85])(-[#85])-[#6](-[#85])(-[#85])/[#6](-[#85])=[#6](/[#85])-[#6](-[#85])(-[#85])-[#6](-[#85])(-[#85])-[#6](-[#85])(-[#85])-[#6](-[#85])(-[#85])-[#6](-[#85])(-[#85])-[#6](-[#85])(-[#85])-[#6](-[#85])(-[#85])-[#6](=[#8])-[#8]-[#6:21](-[#85:82])(-[#85:83])-[#85:84],EVODEX-P9426
EVODEX-N3065,[#6:23]-[#16&+:24](-[#6:25])-[#6:32]>>[#85]-[#6](-[#85])(-[#85])-[#6](-[#85])(-[#6](-[#85])(-[#85])-[#85])-[#6]1=[#6](-[#85])-[#6]2=[#6](-[#85])-[#6](-[#85])(-[#85])-[#6@]3(-[#85])-[#6@](-[#6](-[#85])(-[#85])-[#85])(-[#6](-[#85])(-[#85])-[#6](-[#85])(-[#85])-[#6](-[#85])(-[#85])-[#6@@]-3(-[#6](-[#85])(-[#85])-[#85])-[#6](=[#8])-[#8]-[#6:23])-[#6@@]-2(-[#85])-[#6](-[#85])(-[#85])-[#6]-1(-[#85])-[#85].[#6:25]-[#16:24]-[#6:32],EVODEX-P9428
EVODEX-N3066,[#85:80]-[#6:23](-[#85:81])(-[#85:82])-[#16&+](-[#6](-[#85])(-[#85])-[#6](-[#85])(-[#85])-[#6@](-[#85])(-[#7](-[#85])-[#85])-[#6](=[#8])-[#8]-[#85])-[#6](-[#85])(-[#85])-[#6@@]1(-[#85])-[#8]-[#6@@](-[#85])(-[#7]2:[#6](-[#85]):[#7]:[#6]3:[#6](-[#7](-[#85])-[#85]):[#7]:[#6](-[#85]):[#7]:[#6]:2:3)-[#6@](-[#85])(-[#8]-[#85])-[#6@]-1(-[#85])-[#8]-[#85]>>[#85]-[#6](-[#85])(-[#85])-[#6](-[#85])(-[#6](-[#85])(-[#85])-[#85])-[#6]1=[#6](-[#85])-[#6]2=[#6](-[#85])-[#6](-[#85])(-[#85])-[#6@]3(-[#85])-[#6@](-[#6](-[#85])(-[#85])-[#85])(-[#6](-[#85])(-[#85])-[#6](-[#85])(-[#85])-[#6](-[#85])(-[#85])-[#6@@]-3(-[#6](-[#85])(-[#85])-[#85])-[#6](=[#8])-[#8]-[#6:23](-[#85:80])(-[#85:81])-[#85:82])-[#6@@]-2(-[#85])-[#6](-[#85])(-[#85])-[#6]-1(-[#85])-[#85],EVODEX-P9431
EVODEX-N3067,[#6:1]-[#16&+:2](-[#6:3])-[#6:4]>>[#6:1]-[#7]1-[#6]2:[#6](:[#7](-[#85]):[#6](=[#7]-[#85]):[#7](-[#85]):[#6]:2=[#8])-[#7](-[#85])-[#6](-[#85])(-[#85])-[#6@]-1(-[#85])-[#6](-[#85])(-[#85])-[#7](-[#85])-[#6]1:[#6](-[#85]):[#6](-[#85]):[#6](-[#6](=[#8])-[#7](-[#85])-[#6@@](-[#85])(-[#6](-[#85])(-[#85])-[#6](-[#85])(-[#85])-[#6](=[#8])-[#8]-[#85])-[#6](=[#8])-[#8]-[#85]):[#6](-[#85]):[#6]:1-[#85].[#6:3]-[#16:2]-[#6:4],"EVODEX-P9434,EVODEX-P10413,EVODEX-P10420"
EVODEX-N3068,[#85:37]-[#6:1](-[#85:38])(-[#85:39])-[#16&+](-[#6](-[#85])(-[#85])-[#85])-[#6](-[#85])(-[#85])-[#85].[#6:9]-[#7:13](-[#85])-[#6@@:14]>>[#85:37]-[#6:1](-[#85:38])(-[#85:39])-[#7:13](-[#6:9])-[#6@:14],EVODEX-P9435
EVODEX-N3069,[#85:37]-[#6:1](-[#85:38])(-[#85:39])-[#16&+](-[#6](-[#85])(-[#85])-[#85])-[#6](-[#85])(-[#85])-[#85]>>[#85:37]-[#6:1](-[#85:38])(-[#85:39])-[#7]1-[#6]2:[#6](:[#7](-[#85]):[#6](=[#7]-[#85]):[#7](-[#85]):[#6]:2=[#8])-[#7](-[#85])-[#6](-[#85])(-[#85])-[#6@]-1(-[#85])-[#6](-[#85])(-[#85])-[#7](-[#85])-[#6]1:[#6](-[#85]):[#6](-[#85]):[#6](-[#6](=[#8])-[#7](-[#85])-[#6@@](-[#85])(-[#6](-[#85])(-[#85])-[#6](-[#85])(-[#85])-[#6](=[#8])-[#8]-[#85])-[#6](=[#8])-[#8]-[#85]):[#6](-[#85]):[#6]:1-[#85],EVODEX-P9436
EVODEX-N3070,[#6:1]-[#16&+:2](-[#6:3])-[#6:10]>>[#6:1]-[#7](-[#85])-[#6](-[#85])(-[#85])-[#6](=[#8])-[#8]-[#85].[#6:3]-[#16:2]-[#6:10],EVODEX-P9439
EVODEX-N3071,[#85:33]-[#6:1](-[#85:34])(-[#85:35])-[#16&+](-[#6](-[#85])(-[#85])-[#6](-[#85])(-[#85])-[#6@](-[#85])(-[#7](-[#85])-[#85])-[#6](=[#8])-[#8]-[#85])-[#6](-[#85])(-[#85])-[#6@@]1(-[#85])-[#8]-[#6@@](-[#85])(-[#7]2:[#6](-[#85]):[#7]:[#6]3:[#6](-[#7](-[#85])-[#85]):[#7]:[#6](-[#85]):[#7]:[#6]:2:3)-[#6@](-[#85])(-[#8]-[#85])-[#6@]-1(-[#85])-[#8]-[#85]>>[#85:33]-[#6:1](-[#85:34])(-[#85:35])-[#7](-[#85])-[#6](-[#85])(-[#85])-[#6](=[#8])-[#8]-[#85],EVODEX-P9441
EVODEX-N3072,[C:1]([N:2])([H:13])([H:14])[H:15].[H][N:3]([C:4])[H:18]>>[C:1]([N:3]([C:4])[H:18])([H:13])([H:14])[H:15].[H][N:2],EVODEX-P9443
EVODEX-N3073,[H]C([H])([H])[N:2]([H:16])[H:17]>>[H][N:2]([H:16])[H:17],EVODEX-P9444
EVODEX-N3074,>>[H]N[C@]([H])(C(=O)O[H])C([H])([H])C([H])([H])C(=O)O[H].[H],"EVODEX-P9448,EVODEX-P10876,EVODEX-P11223,EVODEX-P11228,EVODEX-P11523,EVODEX-P12928,EVODEX-P16631,EVODEX-P16913,EVODEX-P19266,EVODEX-P33148"
EVODEX-N3075,[C:1]([N:2])([H:13])([H:14])[H:15].[H][N:12]([H:24])[H:25]>>[C:1]([N:12]([H:24])[H:25])([H:13])([H:14])[H:15].[H][N:2],EVODEX-P9449
EVODEX-N3076,[H]OC(=O)C([H])([H])C([H])([H])[C@@]([H])(C(=O)O[H])N([H])[C:1]([H:13])([H:14])[H:15].[H][N:12]([H:24])[H:25]>>[C:1]([N:12]([H:24])[H:25])([H:13])([H:14])[H:15],EVODEX-P9451
EVODEX-N3077,[H][N:12]([H:24])[H:25]>>[H]C([H])([H])[N:12]([H:24])[H:25],EVODEX-P9452
EVODEX-N3078,>>[H]N[H].[H],"EVODEX-P9454,EVODEX-P19904,EVODEX-P19910,EVODEX-P27043,EVODEX-P27053,EVODEX-P27205,EVODEX-P27331,EVODEX-P28490,EVODEX-P28733,EVODEX-P31176"
EVODEX-N3079,[#6:1]-[#16&+:2](-[#6:3])-[#6:10]>>[#6:1]-[#7]1:[#6](-[#6](-[#85])(-[#85])-[#6@](-[#85])(-[#7](-[#85])-[#6](-[#6](-[#85])(-[#85])-[#6](-[#85])(-[#85])-[#7](-[#85])-[#85])=[#8])-[#6](=[#8])-[#8]-[#85]):[#6](-[#85]):[#7]:[#6]:1-[#85].[#6:3]-[#16:2]-[#6:10],EVODEX-P9456
EVODEX-N3080,[#85:44]-[#6:1](-[#85:45])(-[#85:46])-[#16&+](-[#6](-[#85])(-[#85])-[#6](-[#85])(-[#85])-[#6@](-[#85])(-[#7](-[#85])-[#85])-[#6](=[#8])-[#8]-[#85])-[#6](-[#85])(-[#85])-[#6@@]1(-[#85])-[#8]-[#6@@](-[#85])(-[#7]2:[#6](-[#85]):[#7]:[#6]3:[#6](-[#7](-[#85])-[#85]):[#7]:[#6](-[#85]):[#7]:[#6]:2:3)-[#6@](-[#85])(-[#8]-[#85])-[#6@]-1(-[#85])-[#8]-[#85]>>[#85:44]-[#6:1](-[#85:45])(-[#85:46])-[#7]1:[#6](-[#6](-[#85])(-[#85])-[#6@](-[#85])(-[#7](-[#85])-[#6](-[#6](-[#85])(-[#85])-[#6](-[#85])(-[#85])-[#7](-[#85])-[#85])=[#8])-[#6](=[#8])-[#8]-[#85]):[#6](-[#85]):[#7]:[#6]:1-[#85],EVODEX-P9458
EVODEX-N3081,[#6:1]-[#16&+:2](-[#6:3])-[#6:10]>>[#6:1]-[#7]1:[#6](-[#6](-[#85])(-[#85])-[#6@](-[#85])(-[#7](-[#85])-[#6](-[#6](-[#85])(-[#85])-[#6](-[#85])(-[#85])-[#6](-[#85])(-[#85])-[#7](-[#85])-[#85])=[#8])-[#6](=[#8])-[#8]-[#85]):[#6](-[#85]):[#7]:[#6]:1-[#85].[#6:3]-[#16:2]-[#6:10],EVODEX-P9461
EVODEX-N3082,[#85:45]-[#6:1](-[#85:46])(-[#85:47])-[#16&+](-[#6](-[#85])(-[#85])-[#6](-[#85])(-[#85])-[#6@](-[#85])(-[#7](-[#85])-[#85])-[#6](=[#8])-[#8]-[#85])-[#6](-[#85])(-[#85])-[#6@@]1(-[#85])-[#8]-[#6@@](-[#85])(-[#7]2:[#6](-[#85]):[#7]:[#6]3:[#6](-[#7](-[#85])-[#85]):[#7]:[#6](-[#85]):[#7]:[#6]:2:3)-[#6@](-[#85])(-[#8]-[#85])-[#6@]-1(-[#85])-[#8]-[#85]>>[#85:45]-[#6:1](-[#85:46])(-[#85:47])-[#7]1:[#6](-[#6](-[#85])(-[#85])-[#6@](-[#85])(-[#7](-[#85])-[#6](-[#6](-[#85])(-[#85])-[#6](-[#85])(-[#85])-[#6](-[#85])(-[#85])-[#7](-[#85])-[#85])=[#8])-[#6](=[#8])-[#8]-[#85]):[#6](-[#85]):[#7]:[#6]:1-[#85],EVODEX-P9463
EVODEX-N3083,[#6:1]-[#16&+:2](-[#6:3])-[#6:10]>>[#6:1]-[#8]-[#6]1:[#6](-[#85]):[#6](-[#85]):[#6](-[#85]):[#6](-[#85]):[#6]:1-[#85].[#6:3]-[#16:2]-[#6:10],EVODEX-P9466
EVODEX-N3084,[#85:35]-[#6:1](-[#85:36])(-[#85:37])-[#16&+](-[#6](-[#85])(-[#85])-[#6](-[#85])(-[#85])-[#6@](-[#85])(-[#7](-[#85])-[#85])-[#6](=[#8])-[#8]-[#85])-[#6](-[#85])(-[#85])-[#6@@]1(-[#85])-[#8]-[#6@@](-[#85])(-[#7]2:[#6](-[#85]):[#7]:[#6]3:[#6](-[#7](-[#85])-[#85]):[#7]:[#6](-[#85]):[#7]:[#6]:2:3)-[#6@](-[#85])(-[#8]-[#85])-[#6@]-1(-[#85])-[#8]-[#85]>>[#85:35]-[#6:1](-[#85:36])(-[#85:37])-[#8]-[#6]1:[#6](-[#85]):[#6](-[#85]):[#6](-[#85]):[#6](-[#85]):[#6]:1-[#85],EVODEX-P9468
EVODEX-N3085,[#6:12]-[#16&+:13](-[#6:14])-[#6:21]>>[#85]-[#6](-[#85])(-[#85])-[#6](=[#8])-[#7](-[#85])-[#6]1:[#6](-[#85]):[#6](-[#85]):[#6](-[#8]-[#6:12]):[#6](-[#85]):[#6]:1-[#85].[#6:14]-[#16:13]-[#6:21],EVODEX-P9471
EVODEX-N3086,[#85:39]-[#6:12](-[#85:40])(-[#85:41])-[#16&+](-[#6](-[#85])(-[#85])-[#6](-[#85])(-[#85])-[#6@](-[#85])(-[#7](-[#85])-[#85])-[#6](=[#8])-[#8]-[#85])-[#6](-[#85])(-[#85])-[#6@@]1(-[#85])-[#8]-[#6@@](-[#85])(-[#7]2:[#6](-[#85]):[#7]:[#6]3:[#6](-[#7](-[#85])-[#85]):[#7]:[#6](-[#85]):[#7]:[#6]:2:3)-[#6@](-[#85])(-[#8]-[#85])-[#6@]-1(-[#85])-[#8]-[#85]>>[#85]-[#6](-[#85])(-[#85])-[#6](=[#8])-[#7](-[#85])-[#6]1:[#6](-[#85]):[#6](-[#85]):[#6](-[#8]-[#6:12](-[#85:39])(-[#85:40])-[#85:41]):[#6](-[#85]):[#6]:1-[#85],EVODEX-P9473
EVODEX-N3087,[#6:1]-[#16&+:2](-[#6:3])-[#6:10]>>[#6:1]-[#8]-[#6]1:[#6](-[#53]):[#6](-[#85]):[#6](-[#8]-[#6]2:[#6](-[#53]):[#6](-[#85]):[#6](-[#6](-[#85])(-[#85])-[#6](=[#8])-[#8]-[#85]):[#6](-[#85]):[#6]:2-[#53]):[#6](-[#85]):[#6]:1-[#53].[#6:3]-[#16:2]-[#6:10],EVODEX-P9476
EVODEX-N3088,[#85:50]-[#6:1](-[#85:51])(-[#85:52])-[#16&+](-[#6](-[#85])(-[#85])-[#6](-[#85])(-[#85])-[#6@](-[#85])(-[#7](-[#85])-[#85])-[#6](=[#8])-[#8]-[#85])-[#6](-[#85])(-[#85])-[#6@@]1(-[#85])-[#8]-[#6@@](-[#85])(-[#7]2:[#6](-[#85]):[#7]:[#6]3:[#6](-[#7](-[#85])-[#85]):[#7]:[#6](-[#85]):[#7]:[#6]:2:3)-[#6@](-[#85])(-[#8]-[#85])-[#6@]-1(-[#85])-[#8]-[#85]>>[#85:50]-[#6:1](-[#85:51])(-[#85:52])-[#8]-[#6]1:[#6](-[#53]):[#6](-[#85]):[#6](-[#8]-[#6]2:[#6](-[#53]):[#6](-[#85]):[#6](-[#6](-[#85])(-[#85])-[#6](=[#8])-[#8]-[#85]):[#6](-[#85]):[#6]:2-[#53]):[#6](-[#85]):[#6]:1-[#53],EVODEX-P9478
EVODEX-N3089,[#6:1]-[#16&+:2](-[#6:3])-[#6:10]>>[#6:1]-[#8]-[#6]1:[#6](-[#85]):[#6](-[#85]):[#6](-[#8]-[#6]2:[#6](-[#53]):[#6](-[#85]):[#6](-[#6](-[#85])(-[#85])-[#6@](-[#85])(-[#7](-[#85])-[#85])-[#6](=[#8])-[#8]-[#85]):[#6](-[#85]):[#6]:2-[#53]):[#6](-[#85]):[#6]:1-[#53].[#6:3]-[#16:2]-[#6:10],EVODEX-P9481
EVODEX-N3090,[#85:51]-[#6:1](-[#85:52])(-[#85:53])-[#16&+](-[#6](-[#85])(-[#85])-[#6](-[#85])(-[#85])-[#6@](-[#85])(-[#7](-[#85])-[#85])-[#6](=[#8])-[#8]-[#85])-[#6](-[#85])(-[#85])-[#6@@]1(-[#85])-[#8]-[#6@@](-[#85])(-[#7]2:[#6](-[#85]):[#7]:[#6]3:[#6](-[#7](-[#85])-[#85]):[#7]:[#6](-[#85]):[#7]:[#6]:2:3)-[#6@](-[#85])(-[#8]-[#85])-[#6@]-1(-[#85])-[#8]-[#85]>>[#85:51]-[#6:1](-[#85:52])(-[#85:53])-[#8]-[#6]1:[#6](-[#85]):[#6](-[#85]):[#6](-[#8]-[#6]2:[#6](-[#53]):[#6](-[#85]):[#6](-[#6](-[#85])(-[#85])-[#6@](-[#85])(-[#7](-[#85])-[#85])-[#6](=[#8])-[#8]-[#85]):[#6](-[#85]):[#6]:2-[#53]):[#6](-[#85]):[#6]:1-[#53],EVODEX-P9483
EVODEX-N3091,[#6:1]-[#16&+:2](-[#6:3])-[#6:10]>>[#6:1]-[#7](-[#85])-[#6](-[#85])(-[#85])-[#6](-[#85])(-[#85])-[#6]1:[#6](-[#85]):[#6](-[#85]):[#6](-[#8]-[#85]):[#6](-[#85]):[#6]:1-[#85].[#6:3]-[#16:2]-[#6:10],EVODEX-P9486
EVODEX-N3092,[#85:38]-[#6:1](-[#85:39])(-[#85:40])-[#16&+](-[#6](-[#85])(-[#85])-[#6](-[#85])(-[#85])-[#6@](-[#85])(-[#7](-[#85])-[#85])-[#6](=[#8])-[#8]-[#85])-[#6](-[#85])(-[#85])-[#6@@]1(-[#85])-[#8]-[#6@@](-[#85])(-[#7]2:[#6](-[#85]):[#7]:[#6]3:[#6](-[#7](-[#85])-[#85]):[#7]:[#6](-[#85]):[#7]:[#6]:2:3)-[#6@](-[#85])(-[#8]-[#85])-[#6@]-1(-[#85])-[#8]-[#85]>>[#85:38]-[#6:1](-[#85:39])(-[#85:40])-[#7](-[#85])-[#6](-[#85])(-[#85])-[#6](-[#85])(-[#85])-[#6]1:[#6](-[#85]):[#6](-[#85]):[#6](-[#8]-[#85]):[#6](-[#85]):[#6]:1-[#85],EVODEX-P9488
EVODEX-N3093,[#6:1]-[#16&+:2](-[#6:3])-[#6:10]>>[#6:1]-[#7](-[#85])-[#6](-[#85])(-[#85])-[#6@](-[#85])(-[#8]-[#85])-[#6]1:[#6](-[#85]):[#6](-[#85]):[#6](-[#8]-[#85]):[#6](-[#8]-[#85]):[#6]:1-[#85].[#6:3]-[#16:2]-[#6:10],EVODEX-P9491
EVODEX-N3094,[#85:40]-[#6:1](-[#85:41])(-[#85:42])-[#16&+](-[#6](-[#85])(-[#85])-[#6](-[#85])(-[#85])-[#6@](-[#85])(-[#7](-[#85])-[#85])-[#6](=[#8])-[#8]-[#85])-[#6](-[#85])(-[#85])-[#6@@]1(-[#85])-[#8]-[#6@@](-[#85])(-[#7]2:[#6](-[#85]):[#7]:[#6]3:[#6](-[#7](-[#85])-[#85]):[#7]:[#6](-[#85]):[#7]:[#6]:2:3)-[#6@](-[#85])(-[#8]-[#85])-[#6@]-1(-[#85])-[#8]-[#85]>>[#85:40]-[#6:1](-[#85:41])(-[#85:42])-[#7](-[#85])-[#6](-[#85])(-[#85])-[#6@](-[#85])(-[#8]-[#85])-[#6]1:[#6](-[#85]):[#6](-[#85]):[#6](-[#8]-[#85]):[#6](-[#8]-[#85]):[#6]:1-[#85],EVODEX-P9493
EVODEX-N3095,[#6:1]-[#16&+:2](-[#6:3])-[#6:10]>>[#6:1]-[#7](-[#85])-[#6](-[#85])(-[#85])-[#6](-[#85])(-[#8]-[#85])-[#6]1:[#6](-[#85]):[#6](-[#85]):[#6](-[#85]):[#6](-[#85]):[#6]:1-[#85].[#6:3]-[#16:2]-[#6:10],EVODEX-P9496
EVODEX-N3096,[#85:38]-[#6:1](-[#85:39])(-[#85:40])-[#16&+](-[#6](-[#85])(-[#85])-[#6](-[#85])(-[#85])-[#6@](-[#85])(-[#7](-[#85])-[#85])-[#6](=[#8])-[#8]-[#85])-[#6](-[#85])(-[#85])-[#6@@]1(-[#85])-[#8]-[#6@@](-[#85])(-[#7]2:[#6](-[#85]):[#7]:[#6]3:[#6](-[#7](-[#85])-[#85]):[#7]:[#6](-[#85]):[#7]:[#6]:2:3)-[#6@](-[#85])(-[#8]-[#85])-[#6@]-1(-[#85])-[#8]-[#85]>>[#85:38]-[#6:1](-[#85:39])(-[#85:40])-[#7](-[#85])-[#6](-[#85])(-[#85])-[#6](-[#85])(-[#8]-[#85])-[#6]1:[#6](-[#85]):[#6](-[#85]):[#6](-[#85]):[#6](-[#85]):[#6]:1-[#85],EVODEX-P9498
EVODEX-N3097,[#85:68]-[#6:1](-[#85:69])(-[#85:70])-[#16&+:2](-[#6:3])-[#6:10].[#6:51]:[#6:52](-[#85]):[#6:53]>>[#85:68]-[#6:1](-[#85:69])(-[#85:70])-[#6:52](:[#6:51]):[#6:53].[#6:3]-[#16:2]-[#6:10],"EVODEX-P9500,EVODEX-P9839,EVODEX-P9844,EVODEX-P9859,EVODEX-P10133,EVODEX-P10243,EVODEX-P10248,EVODEX-P10496,EVODEX-P10536,EVODEX-P10541,EVODEX-P10581,EVODEX-P10666"
EVODEX-N3098,[#6:1]-[#16&+:2](-[#6:3])-[#6:10]>>[#6:1]-[#6]1:[#6](-[#85]):[#7](-[#6@@]2(-[#85])-[#6@](-[#85])(-[#8]-[#85])-[#6@](-[#85])(-[#8]-[#15](-[#8]-[#6](-[#85])(-[#85])-[#6@@]3(-[#85])-[#8]-[#6@@](-[#85])(-[#7]4:[#6](-[#85]):[#7]:[#6]5:[#6](=[#8]):[#7](-[#85]):[#6](=[#7]-[#85]):[#7](-[#85]):[#6]:4:5)-[#6@](-[#85])(-[#8]-[#85])-[#6@]-3(-[#85])-[#8]-[#85])(=[#8])-[#8]-[#85])-[#6@@](-[#85])(-[#6](-[#85])(-[#85])-[#8]-[#85])-[#8]-2):[#6](=[#8]):[#7]:[#6]:1-[#7](-[#85])-[#85].[#6:3]-[#16:2]-[#6:10],EVODEX-P9501
EVODEX-N3099,[#85:68]-[#6:1](-[#85:69])(-[#85:70])-[#16&+](-[#6](-[#85])(-[#85])-[#6](-[#85])(-[#85])-[#6@](-[#85])(-[#7](-[#85])-[#85])-[#6](=[#8])-[#8]-[#85])-[#6](-[#85])(-[#85])-[#6@@]1(-[#85])-[#8]-[#6@@](-[#85])(-[#7]2:[#6](-[#85]):[#7]:[#6]3:[#6](-[#7](-[#85])-[#85]):[#7]:[#6](-[#85]):[#7]:[#6]:2:3)-[#6@](-[#85])(-[#8]-[#85])-[#6@]-1(-[#85])-[#8]-[#85].[#6:51]:[#6:52](-[#85]):[#6:53]>>[#85:68]-[#6:1](-[#85:69])(-[#85:70])-[#6:52](:[#6:51]):[#6:53],"EVODEX-P9502,EVODEX-P9841,EVODEX-P9846,EVODEX-P9861,EVODEX-P10135,EVODEX-P10245,EVODEX-P10250,EVODEX-P10498,EVODEX-P10538,EVODEX-P10543,EVODEX-P10583,EVODEX-P10668"
EVODEX-N3100,[#85:68]-[#6:1](-[#85:69])(-[#85:70])-[#16&+](-[#6](-[#85])(-[#85])-[#6](-[#85])(-[#85])-[#6@](-[#85])(-[#7](-[#85])-[#85])-[#6](=[#8])-[#8]-[#85])-[#6](-[#85])(-[#85])-[#6@@]1(-[#85])-[#8]-[#6@@](-[#85])(-[#7]2:[#6](-[#85]):[#7]:[#6]3:[#6](-[#7](-[#85])-[#85]):[#7]:[#6](-[#85]):[#7]:[#6]:2:3)-[#6@](-[#85])(-[#8]-[#85])-[#6@]-1(-[#85])-[#8]-[#85]>>[#85:68]-[#6:1](-[#85:69])(-[#85:70])-[#6]1:[#6](-[#85]):[#7](-[#6@@]2(-[#85])-[#6@](-[#85])(-[#8]-[#85])-[#6@](-[#85])(-[#8]-[#15](-[#8]-[#6](-[#85])(-[#85])-[#6@@]3(-[#85])-[#8]-[#6@@](-[#85])(-[#7]4:[#6](-[#85]):[#7]:[#6]5:[#6](=[#8]):[#7](-[#85]):[#6](=[#7]-[#85]):[#7](-[#85]):[#6]:4:5)-[#6@](-[#85])(-[#8]-[#85])-[#6@]-3(-[#85])-[#8]-[#85])(=[#8])-[#8]-[#85])-[#6@@](-[#85])(-[#6](-[#85])(-[#85])-[#8]-[#85])-[#8]-2):[#6](=[#8]):[#7]:[#6]:1-[#7](-[#85])-[#85],EVODEX-P9503
EVODEX-N3101,[H][C:3](:[C:2]):[C:4]>>[H]C([H])([H])[C:3](:[C:2]):[C:4],"EVODEX-P9504,EVODEX-P9563,EVODEX-P9620,EVODEX-P9625,EVODEX-P9843,EVODEX-P9848,EVODEX-P9863,EVODEX-P10136,EVODEX-P10246,EVODEX-P10251,EVODEX-P10499,EVODEX-P10539,EVODEX-P10544,EVODEX-P10585,EVODEX-P10669,EVODEX-P15426"
EVODEX-N3102,[#85:64]-[#6:1](-[#85:65])(-[#85:66])-[#16&+:2](-[#6:3])-[#6:10].[#7:46]:[#6:47](-[#85]):[#6:48]>>[#85:64]-[#6:1](-[#85:65])(-[#85:66])-[#6:47](:[#7:46]):[#6:48].[#6:3]-[#16:2]-[#6:10],"EVODEX-P9505,EVODEX-P9924,EVODEX-P9929,EVODEX-P10278,EVODEX-P10456"
EVODEX-N3103,[#6:1]-[#16&+:2](-[#6:3])-[#6:10]>>[#6:1]-[#6]1:[#7](-[#6@@]2(-[#85])-[#6](-[#85])(-[#85])-[#6@@](-[#85])(-[#8]-[#15](-[#8]-[#6](-[#85])(-[#85])-[#6@]3(-[#85])-[#6@](-[#85])(-[#8]-[#85])-[#6](-[#85])(-[#85])-[#6@](-[#85])(-[#7]4:[#6](-[#85]):[#6](-[#6](-[#85])(-[#85])-[#85]):[#6](=[#8]):[#7](-[#85]):[#6]:4=[#8])-[#8]-3)(=[#8])-[#8]-[#85])-[#6@@](-[#85])(-[#6](-[#85])(-[#85])-[#8]-[#85])-[#8]-2):[#6](=[#8]):[#7](-[#85]):[#6](=[#7]-[#85]):[#6]:1-[#85].[#6:3]-[#16:2]-[#6:10],EVODEX-P9506
EVODEX-N3104,[#85:64]-[#6:1](-[#85:65])(-[#85:66])-[#16&+](-[#6](-[#85])(-[#85])-[#6](-[#85])(-[#85])-[#6@](-[#85])(-[#7](-[#85])-[#85])-[#6](=[#8])-[#8]-[#85])-[#6](-[#85])(-[#85])-[#6@@]1(-[#85])-[#8]-[#6@@](-[#85])(-[#7]2:[#6](-[#85]):[#7]:[#6]3:[#6](-[#7](-[#85])-[#85]):[#7]:[#6](-[#85]):[#7]:[#6]:2:3)-[#6@](-[#85])(-[#8]-[#85])-[#6@]-1(-[#85])-[#8]-[#85].[#7:46]:[#6:47](-[#85]):[#6:48]>>[#85:64]-[#6:1](-[#85:65])(-[#85:66])-[#6:47](:[#7:46]):[#6:48],"EVODEX-P9507,EVODEX-P9926,EVODEX-P9931,EVODEX-P10280,EVODEX-P10458"
EVODEX-N3105,[#85:64]-[#6:1](-[#85:65])(-[#85:66])-[#16&+](-[#6](-[#85])(-[#85])-[#6](-[#85])(-[#85])-[#6@](-[#85])(-[#7](-[#85])-[#85])-[#6](=[#8])-[#8]-[#85])-[#6](-[#85])(-[#85])-[#6@@]1(-[#85])-[#8]-[#6@@](-[#85])(-[#7]2:[#6](-[#85]):[#7]:[#6]3:[#6](-[#7](-[#85])-[#85]):[#7]:[#6](-[#85]):[#7]:[#6]:2:3)-[#6@](-[#85])(-[#8]-[#85])-[#6@]-1(-[#85])-[#8]-[#85]>>[#85:64]-[#6:1](-[#85:65])(-[#85:66])-[#6]1:[#7](-[#6@@]2(-[#85])-[#6](-[#85])(-[#85])-[#6@@](-[#85])(-[#8]-[#15](-[#8]-[#6](-[#85])(-[#85])-[#6@]3(-[#85])-[#6@](-[#85])(-[#8]-[#85])-[#6](-[#85])(-[#85])-[#6@](-[#85])(-[#7]4:[#6](-[#85]):[#6](-[#6](-[#85])(-[#85])-[#85]):[#6](=[#8]):[#7](-[#85]):[#6]:4=[#8])-[#8]-3)(=[#8])-[#8]-[#85])-[#6@@](-[#85])(-[#6](-[#85])(-[#85])-[#8]-[#85])-[#8]-2):[#6](=[#8]):[#7](-[#85]):[#6](=[#7]-[#85]):[#6]:1-[#85],EVODEX-P9508
EVODEX-N3106,[H][C:32](:[C:31]):[N:33]>>[H]C([H])([H])[C:32](:[C:31]):[N:33],"EVODEX-P9509,EVODEX-P9928,EVODEX-P9933,EVODEX-P10282,EVODEX-P10460"
EVODEX-N3107,[#6:34]-[#16&+:35](-[#6:36])-[#6:43]>>[#85]-[#6](-[#85])(-[#85])-[#7](-[#6](-[#85])(-[#85])-[#85])-[#6]1:[#7]:[#6](-[#85]):[#7]:[#6]2:[#6]:1:[#7]:[#6](-[#85]):[#7]:2-[#6@]1(-[#85])-[#8]-[#6@](-[#85])(-[#6](-[#85])(-[#85])-[#8]-[#85])-[#6@@](-[#85])(-[#7](-[#85])-[#6](=[#8])-[#6@@](-[#85])(-[#7](-[#85])-[#85])-[#6](-[#85])(-[#85])-[#6]2:[#6](-[#85]):[#6](-[#85]):[#6](-[#8]-[#6:34]):[#6](-[#85]):[#6]:2-[#85])-[#6@@]-1(-[#85])-[#8]-[#85].[#6:36]-[#16:35]-[#6:43],EVODEX-P9511
EVODEX-N3108,[#85:88]-[#6:34](-[#85:89])(-[#85:90])-[#16&+](-[#6](-[#85])(-[#85])-[#6](-[#85])(-[#85])-[#6@](-[#85])(-[#7](-[#85])-[#85])-[#6](=[#8])-[#8]-[#85])-[#6](-[#85])(-[#85])-[#6@@]1(-[#85])-[#8]-[#6@@](-[#85])(-[#7]2:[#6](-[#85]):[#7]:[#6]3:[#6](-[#7](-[#85])-[#85]):[#7]:[#6](-[#85]):[#7]:[#6]:2:3)-[#6@](-[#85])(-[#8]-[#85])-[#6@]-1(-[#85])-[#8]-[#85]>>[#85]-[#6](-[#85])(-[#85])-[#7](-[#6](-[#85])(-[#85])-[#85])-[#6]1:[#7]:[#6](-[#85]):[#7]:[#6]2:[#6]:1:[#7]:[#6](-[#85]):[#7]:2-[#6@]1(-[#85])-[#8]-[#6@](-[#85])(-[#6](-[#85])(-[#85])-[#8]-[#85])-[#6@@](-[#85])(-[#7](-[#85])-[#6](=[#8])-[#6@@](-[#85])(-[#7](-[#85])-[#85])-[#6](-[#85])(-[#85])-[#6]2:[#6](-[#85]):[#6](-[#85]):[#6](-[#8]-[#6:34](-[#85:88])(-[#85:89])-[#85:90]):[#6](-[#85]):[#6]:2-[#85])-[#6@@]-1(-[#85])-[#8]-[#85],EVODEX-P9514
EVODEX-N3109,[#6:37]-[#16&+:38](-[#6:39])-[#6:46]>>[#85]-[#6](-[#85])(-[#85])-[#6](=[#8])-[#7](-[#85])-[#6@@](-[#85])(-[#6](-[#85])(-[#85])-[#6]1:[#6](-[#85]):[#6](-[#85]):[#6](-[#8]-[#6:37]):[#6](-[#85]):[#6]:1-[#85])-[#6](=[#8])-[#7](-[#85])-[#6@@]1(-[#85])-[#6@@](-[#85])(-[#8]-[#85])-[#6@](-[#85])(-[#7]2:[#6](-[#85]):[#7]:[#6]3:[#6](-[#7](-[#6](-[#85])(-[#85])-[#85])-[#6](-[#85])(-[#85])-[#85]):[#7]:[#6](-[#85]):[#7]:[#6]:2:3)-[#8]-[#6@]-1(-[#85])-[#6](-[#85])(-[#85])-[#8]-[#85].[#6:39]-[#16:38]-[#6:46],EVODEX-P9516
EVODEX-N3110,[#85:93]-[#6:37](-[#85:94])(-[#85:95])-[#16&+](-[#6](-[#85])(-[#85])-[#6](-[#85])(-[#85])-[#6@](-[#85])(-[#7](-[#85])-[#85])-[#6](=[#8])-[#8]-[#85])-[#6](-[#85])(-[#85])-[#6@@]1(-[#85])-[#8]-[#6@@](-[#85])(-[#7]2:[#6](-[#85]):[#7]:[#6]3:[#6](-[#7](-[#85])-[#85]):[#7]:[#6](-[#85]):[#7]:[#6]:2:3)-[#6@](-[#85])(-[#8]-[#85])-[#6@]-1(-[#85])-[#8]-[#85]>>[#85]-[#6](-[#85])(-[#85])-[#6](=[#8])-[#7](-[#85])-[#6@@](-[#85])(-[#6](-[#85])(-[#85])-[#6]1:[#6](-[#85]):[#6](-[#85]):[#6](-[#8]-[#6:37](-[#85:93])(-[#85:94])-[#85:95]):[#6](-[#85]):[#6]:1-[#85])-[#6](=[#8])-[#7](-[#85])-[#6@@]1(-[#85])-[#6@@](-[#85])(-[#8]-[#85])-[#6@](-[#85])(-[#7]2:[#6](-[#85]):[#7]:[#6]3:[#6](-[#7](-[#6](-[#85])(-[#85])-[#85])-[#6](-[#85])(-[#85])-[#85]):[#7]:[#6](-[#85]):[#7]:[#6]:2:3)-[#8]-[#6@]-1(-[#85])-[#6](-[#85])(-[#85])-[#8]-[#85],EVODEX-P9519
EVODEX-N3111,[#6:1]-[#16&+:2](-[#6:3])-[#6:10]>>[#6:1]-[#8]-[#6@]1(-[#85])-[#6@@](-[#85])(-[#8]-[#85])-[#6@](-[#85])(-[#8]-[#85])-[#6@@](-[#85])(-[#8]-[#85])-[#6@](-[#85])(-[#8]-[#85])-[#6@]-1(-[#85])-[#8]-[#85].[#6:3]-[#16:2]-[#6:10],EVODEX-P9521
EVODEX-N3112,[#85:40]-[#6:1](-[#85:41])(-[#85:42])-[#16&+](-[#6](-[#85])(-[#85])-[#6](-[#85])(-[#85])-[#6@](-[#85])(-[#7](-[#85])-[#85])-[#6](=[#8])-[#8]-[#85])-[#6](-[#85])(-[#85])-[#6@@]1(-[#85])-[#8]-[#6@@](-[#85])(-[#7]2:[#6](-[#85]):[#7]:[#6]3:[#6](-[#7](-[#85])-[#85]):[#7]:[#6](-[#85]):[#7]:[#6]:2:3)-[#6@](-[#85])(-[#8]-[#85])-[#6@]-1(-[#85])-[#8]-[#85]>>[#85:40]-[#6:1](-[#85:41])(-[#85:42])-[#8]-[#6@]1(-[#85])-[#6@@](-[#85])(-[#8]-[#85])-[#6@](-[#85])(-[#8]-[#85])-[#6@@](-[#85])(-[#8]-[#85])-[#6@](-[#85])(-[#8]-[#85])-[#6@]-1(-[#85])-[#8]-[#85],EVODEX-P9523
EVODEX-N3113,[#6:14]-[#16&+:15](-[#6:16])-[#6:23]>>[#85]-[#6](-[#85])(-[#85])-[#8]-[#6@@]1(-[#85])-[#6@@](-[#85])(-[#8]-[#85])-[#6@@](-[#85])(-[#8]-[#6:14])-[#6@](-[#85])(-[#8]-[#85])-[#6@@](-[#85])(-[#8]-[#85])-[#6@]-1(-[#85])-[#8]-[#85].[#6:16]-[#16:15]-[#6:23],EVODEX-P9526
EVODEX-N3114,[#85:41]-[#6:14](-[#85:42])(-[#85:43])-[#16&+](-[#6](-[#85])(-[#85])-[#6](-[#85])(-[#85])-[#6@](-[#85])(-[#7](-[#85])-[#85])-[#6](=[#8])-[#8]-[#85])-[#6](-[#85])(-[#85])-[#6@@]1(-[#85])-[#8]-[#6@@](-[#85])(-[#7]2:[#6](-[#85]):[#7]:[#6]3:[#6](-[#7](-[#85])-[#85]):[#7]:[#6](-[#85]):[#7]:[#6]:2:3)-[#6@](-[#85])(-[#8]-[#85])-[#6@]-1(-[#85])-[#8]-[#85]>>[#85]-[#6](-[#85])(-[#85])-[#8]-[#6@@]1(-[#85])-[#6@@](-[#85])(-[#8]-[#85])-[#6@@](-[#85])(-[#8]-[#6:14](-[#85:41])(-[#85:42])-[#85:43])-[#6@](-[#85])(-[#8]-[#85])-[#6@@](-[#85])(-[#8]-[#85])-[#6@]-1(-[#85])-[#8]-[#85],EVODEX-P9528
EVODEX-N3115,[#6:1]-[#6:2](-[#6:3])=[#6:4](-[#85])-[#6:5].[#85:109]-[#6:32](-[#85:110])(-[#85])-[#16&+:33](-[#6:34])-[#6:41]>>[#6:1]-[#6:2](-[#85])(-[#6:3])-[#6:4](-[#6:5])=[#6:32](-[#85:109])-[#85:110].[#6:34]-[#16:33]-[#6:41],"EVODEX-P9530,EVODEX-P10098,EVODEX-P10103,EVODEX-P10113,EVODEX-P10383,EVODEX-P10388,EVODEX-P10393,EVODEX-P10398"
EVODEX-N3116,[#85:100]-[#6:29](-[#85:101])(-[#85])-[#16&+:30](-[#6:31])-[#6:38]>>[#85]-[#6](-[#85])(-[#85])-[#6](-[#85])(-[#6](-[#85])(-[#85])-[#85])-[#6](-[#6](-[#85])(-[#85])-[#6](-[#85])(-[#85])-[#6@@](-[#85])(-[#6](-[#85])(-[#85])-[#85])-[#6@@]1(-[#85])-[#6](-[#85])(-[#85])-[#6](-[#85])(-[#85])-[#6@@]2(-[#85])-[#6]3=[#6](-[#6](-[#85])(-[#85])-[#6](-[#85])(-[#85])-[#6@]-1-2-[#6](-[#85])(-[#85])-[#85])-[#6@@]1(-[#6](-[#85])(-[#85])-[#85])-[#6](-[#85])(-[#85])-[#6](-[#85])(-[#85])-[#6@](-[#85])(-[#8]-[#85])-[#6](-[#85])(-[#85])-[#6@]-1(-[#85])-[#6](-[#85])(-[#85])-[#6]-3(-[#85])-[#85])=[#6:29](-[#85:100])-[#85:101].[#6:31]-[#16:30]-[#6:38],EVODEX-P9531
EVODEX-N3117,[#6:1]-[#6:2](-[#6:3])=[#6:4](-[#85])-[#6:5].[#85:109]-[#6:32](-[#85:110])(-[#85])-[#16&+](-[#6](-[#85])(-[#85])-[#6](-[#85])(-[#85])-[#6@](-[#85])(-[#7](-[#85])-[#85])-[#6](=[#8])-[#8]-[#85])-[#6](-[#85])(-[#85])-[#6@@]1(-[#85])-[#8]-[#6@@](-[#85])(-[#7]2:[#6](-[#85]):[#7]:[#6]3:[#6](-[#7](-[#85])-[#85]):[#7]:[#6](-[#85]):[#7]:[#6]:2:3)-[#6@](-[#85])(-[#8]-[#85])-[#6@]-1(-[#85])-[#8]-[#85]>>[#6:1]-[#6:2](-[#85])(-[#6:3])-[#6:4](-[#6:5])=[#6:32](-[#85:109])-[#85:110],"EVODEX-P9532,EVODEX-P10100,EVODEX-P10105,EVODEX-P10115,EVODEX-P10385,EVODEX-P10390,EVODEX-P10395,EVODEX-P10399"
EVODEX-N3118,[H][C:4](=[C:2]([C:1])[C:3])[C:5]>>[H]C([H])=[C:4]([C:2]([H])([C:1])[C:3])[C:5],"EVODEX-P9533,EVODEX-P10101,EVODEX-P10106,EVODEX-P10116,EVODEX-P10386,EVODEX-P10391,EVODEX-P10396,EVODEX-P10400"
EVODEX-N3119,[#85:100]-[#6:29](-[#85:101])(-[#85])-[#16&+](-[#6](-[#85])(-[#85])-[#6](-[#85])(-[#85])-[#6@](-[#85])(-[#7](-[#85])-[#85])-[#6](=[#8])-[#8]-[#85])-[#6](-[#85])(-[#85])-[#6@@]1(-[#85])-[#8]-[#6@@](-[#85])(-[#7]2:[#6](-[#85]):[#7]:[#6]3:[#6](-[#7](-[#85])-[#85]):[#7]:[#6](-[#85]):[#7]:[#6]:2:3)-[#6@](-[#85])(-[#8]-[#85])-[#6@]-1(-[#85])-[#8]-[#85]>>[#85]-[#6](-[#85])(-[#85])-[#6](-[#85])(-[#6](-[#85])(-[#85])-[#85])-[#6](-[#6](-[#85])(-[#85])-[#6](-[#85])(-[#85])-[#6@@](-[#85])(-[#6](-[#85])(-[#85])-[#85])-[#6@@]1(-[#85])-[#6](-[#85])(-[#85])-[#6](-[#85])(-[#85])-[#6@@]2(-[#85])-[#6]3=[#6](-[#6](-[#85])(-[#85])-[#6](-[#85])(-[#85])-[#6@]-1-2-[#6](-[#85])(-[#85])-[#85])-[#6@@]1(-[#6](-[#85])(-[#85])-[#85])-[#6](-[#85])(-[#85])-[#6](-[#85])(-[#85])-[#6@](-[#85])(-[#8]-[#85])-[#6](-[#85])(-[#85])-[#6@]-1(-[#85])-[#6](-[#85])(-[#85])-[#6]-3(-[#85])-[#85])=[#6:29](-[#85:100])-[#85:101],EVODEX-P9534
EVODEX-N3120,[#6:4]-[#6:5](-[#85])=[#6:6]1-[#6:7]-[#6:8]-1.[#85:98]-[#6:29](-[#85:99])(-[#85])-[#16&+:30](-[#6:31])-[#6:38]>>[#6:4]-[#6:5](-[#6:6]1(-[#85])-[#6:7]-[#6:8]-1)=[#6:29](-[#85:98])-[#85:99].[#6:31]-[#16:30]-[#6:38],EVODEX-P9535
EVODEX-N3121,[#85:98]-[#6:29](-[#85:99])(-[#85])-[#16&+:30](-[#6:31])-[#6:38]>>[#85]-[#6](-[#85])(-[#85])-[#6@](-[#85])(-[#6](-[#85])(-[#85])-[#6](-[#85])(-[#85])-[#6](-[#6]1(-[#85])-[#6](-[#85])(-[#85])-[#6]-1(-[#85])-[#85])=[#6:29](-[#85:98])-[#85:99])-[#6@@]1(-[#85])-[#6](-[#85])(-[#85])-[#6](-[#85])(-[#85])-[#6@@]2(-[#85])-[#6]3=[#6](-[#6](-[#85])(-[#85])-[#6](-[#85])(-[#85])-[#6@]-1-2-[#6](-[#85])(-[#85])-[#85])-[#6@@]1(-[#6](-[#85])(-[#85])-[#85])-[#6](-[#85])(-[#85])-[#6](-[#85])(-[#85])-[#6@](-[#85])(-[#8]-[#85])-[#6](-[#85])(-[#85])-[#6@]-1(-[#85])-[#6](-[#85])(-[#85])-[#6]-3(-[#85])-[#85].[#6:31]-[#16:30]-[#6:38],EVODEX-P9536
EVODEX-N3122,[#6:4]-[#6:5](-[#85])=[#6:6]1-[#6:7]-[#6:8]-1.[#85:98]-[#6:29](-[#85:99])(-[#85])-[#16&+](-[#6](-[#85])(-[#85])-[#6](-[#85])(-[#85])-[#6@](-[#85])(-[#7](-[#85])-[#85])-[#6](=[#8])-[#8]-[#85])-[#6](-[#85])(-[#85])-[#6@@]1(-[#85])-[#8]-[#6@@](-[#85])(-[#7]2:[#6](-[#85]):[#7]:[#6]3:[#6](-[#7](-[#85])-[#85]):[#7]:[#6](-[#85]):[#7]:[#6]:2:3)-[#6@](-[#85])(-[#8]-[#85])-[#6@]-1(-[#85])-[#8]-[#85]>>[#6:4]-[#6:5](-[#6:6]1(-[#85])-[#6:7]-[#6:8]-1)=[#6:29](-[#85:98])-[#85:99],EVODEX-P9537
EVODEX-N3123,[H][C:5]([C:4])=[C:6]1[C:7][C:8]1>>[H]C([H])=[C:5]([C:4])[C:6]1([H])[C:7][C:8]1,EVODEX-P9538
EVODEX-N3124,[#85:98]-[#6:29](-[#85:99])(-[#85])-[#16&+](-[#6](-[#85])(-[#85])-[#6](-[#85])(-[#85])-[#6@](-[#85])(-[#7](-[#85])-[#85])-[#6](=[#8])-[#8]-[#85])-[#6](-[#85])(-[#85])-[#6@@]1(-[#85])-[#8]-[#6@@](-[#85])(-[#7]2:[#6](-[#85]):[#7]:[#6]3:[#6](-[#7](-[#85])-[#85]):[#7]:[#6](-[#85]):[#7]:[#6]:2:3)-[#6@](-[#85])(-[#8]-[#85])-[#6@]-1(-[#85])-[#8]-[#85]>>[#85]-[#6](-[#85])(-[#85])-[#6@](-[#85])(-[#6](-[#85])(-[#85])-[#6](-[#85])(-[#85])-[#6](-[#6]1(-[#85])-[#6](-[#85])(-[#85])-[#6]-1(-[#85])-[#85])=[#6:29](-[#85:98])-[#85:99])-[#6@@]1(-[#85])-[#6](-[#85])(-[#85])-[#6](-[#85])(-[#85])-[#6@@]2(-[#85])-[#6]3=[#6](-[#6](-[#85])(-[#85])-[#6](-[#85])(-[#85])-[#6@]-1-2-[#6](-[#85])(-[#85])-[#85])-[#6@@]1(-[#6](-[#85])(-[#85])-[#85])-[#6](-[#85])(-[#85])-[#6](-[#85])(-[#85])-[#6@](-[#85])(-[#8]-[#85])-[#6](-[#85])(-[#85])-[#6@]-1(-[#85])-[#6](-[#85])(-[#85])-[#6]-3(-[#85])-[#85],EVODEX-P9539
EVODEX-N3125,[#6:1]-[#16&+:2](-[#6:3])-[#6:10]>>[#6:1]-[#8]-[#6]1:[#6](-[#8]-[#85]):[#6](-[#85]):[#6](-[#85]):[#6](-[#6]2:[#6](-[#8]-[#85]):[#6](=[#8]):[#6]3:[#6](:[#8]:2):[#6](-[#85]):[#6](-[#8]-[#85]):[#6](-[#85]):[#6]:3-[#8]-[#85]):[#6]:1-[#85].[#6:3]-[#16:2]-[#6:10],EVODEX-P9541
EVODEX-N3126,[#85:50]-[#6:1](-[#85:51])(-[#85:52])-[#16&+](-[#6](-[#85])(-[#85])-[#6](-[#85])(-[#85])-[#6@](-[#85])(-[#7](-[#85])-[#85])-[#6](=[#8])-[#8]-[#85])-[#6](-[#85])(-[#85])-[#6@@]1(-[#85])-[#8]-[#6@@](-[#85])(-[#7]2:[#6](-[#85]):[#7]:[#6]3:[#6](-[#7](-[#85])-[#85]):[#7]:[#6](-[#85]):[#7]:[#6]:2:3)-[#6@](-[#85])(-[#8]-[#85])-[#6@]-1(-[#85])-[#8]-[#85]>>[#85:50]-[#6:1](-[#85:51])(-[#85:52])-[#8]-[#6]1:[#6](-[#8]-[#85]):[#6](-[#85]):[#6](-[#85]):[#6](-[#6]2:[#6](-[#8]-[#85]):[#6](=[#8]):[#6]3:[#6](:[#8]:2):[#6](-[#85]):[#6](-[#8]-[#85]):[#6](-[#85]):[#6]:3-[#8]-[#85]):[#6]:1-[#85],EVODEX-P9543
EVODEX-N3127,[#6:1]-[#16&+:2](-[#6:3])-[#6:10]>>[#6:1]-[#8]-[#6]1:[#6](-[#8]-[#85]):[#6](-[#85]):[#6](-[#85]):[#6](-[#6]2:[#6](-[#85]):[#6](=[#8]):[#6]3:[#6](:[#8]:2):[#6](-[#85]):[#6](-[#8]-[#85]):[#6](-[#85]):[#6]:3-[#8]-[#85]):[#6]:1-[#85].[#6:3]-[#16:2]-[#6:10],EVODEX-P9546
EVODEX-N3128,[#85:49]-[#6:1](-[#85:50])(-[#85:51])-[#16&+](-[#6](-[#85])(-[#85])-[#6](-[#85])(-[#85])-[#6@](-[#85])(-[#7](-[#85])-[#85])-[#6](=[#8])-[#8]-[#85])-[#6](-[#85])(-[#85])-[#6@@]1(-[#85])-[#8]-[#6@@](-[#85])(-[#7]2:[#6](-[#85]):[#7]:[#6]3:[#6](-[#7](-[#85])-[#85]):[#7]:[#6](-[#85]):[#7]:[#6]:2:3)-[#6@](-[#85])(-[#8]-[#85])-[#6@]-1(-[#85])-[#8]-[#85]>>[#85:49]-[#6:1](-[#85:50])(-[#85:51])-[#8]-[#6]1:[#6](-[#8]-[#85]):[#6](-[#85]):[#6](-[#85]):[#6](-[#6]2:[#6](-[#85]):[#6](=[#8]):[#6]3:[#6](:[#8]:2):[#6](-[#85]):[#6](-[#8]-[#85]):[#6](-[#85]):[#6]:3-[#8]-[#85]):[#6]:1-[#85],EVODEX-P9548
EVODEX-N3129,[#6:1]-[#16&+:2](-[#6:3])-[#6:10]>>[#6:1]-[#7](-[#85])-[#6@@](-[#85])(-[#6](-[#85])(-[#85])-[#6]1:[#6](-[#85]):[#7]:[#6](-[#85]):[#7]:1-[#85])-[#6](=[#8])-[#8]-[#85].[#6:3]-[#16:2]-[#6:10],"EVODEX-P9556,EVODEX-P16652"
EVODEX-N3130,[#85:39]-[#6:1](-[#85:40])(-[#85:41])-[#16&+](-[#6](-[#85])(-[#85])-[#6](-[#85])(-[#85])-[#6@](-[#85])(-[#7](-[#85])-[#85])-[#6](=[#8])-[#8]-[#85])-[#6](-[#85])(-[#85])-[#6@@]1(-[#85])-[#8]-[#6@@](-[#85])(-[#7]2:[#6](-[#85]):[#7]:[#6]3:[#6](-[#7](-[#85])-[#85]):[#7]:[#6](-[#85]):[#7]:[#6]:2:3)-[#6@](-[#85])(-[#8]-[#85])-[#6@]-1(-[#85])-[#8]-[#85]>>[#85:39]-[#6:1](-[#85:40])(-[#85:41])-[#7](-[#85])-[#6@@](-[#85])(-[#6](-[#85])(-[#85])-[#6]1:[#6](-[#85]):[#7]:[#6](-[#85]):[#7]:1-[#85])-[#6](=[#8])-[#8]-[#85],EVODEX-P9558
EVODEX-N3131,[H][C@:31]1([C:32])[N:9]([C:5])[C:10]([H:57])([H:58])[N:11][C:30]1.[H][C:36](:[C:35]):[C:37]>>[H][C:10]([C:36](:[C:35]):[C:37])([H:57])[H:58].[H][N:11][C:30][C:31](=[N:9][C:5])[C:32],"EVODEX-P9560,EVODEX-P9617,EVODEX-P9622"
EVODEX-N3132,[H]C1([H])[N:9]([C:5])[C@:31]([H])([C:32])[C:30][N:11]1[C:12]>>[H][N:11]([C:12])[C:30][C:31](=[N:9][C:5])[C:32],EVODEX-P9561
EVODEX-N3133,[H]OC(=O)C([H])([H])C([H])([H])[C@@]([H])(C(=O)O[H])N([H])C(=O)C1:C([H]):C([H]):C(N2C([H])([H])[C@]3([H])N(C4:C(:N:C(N([H])[H]):N([H]):C:4=O)N([H])C3([H])[H])[C:10]2([H:57])[H:58]):C([H]):C:1[H].[H][C:36](:[C:35]):[C:37]>>[H][C:10]([C:36](:[C:35]):[C:37])([H:57])[H:58],"EVODEX-P9562,EVODEX-P9618,EVODEX-P9623"
EVODEX-N3134,[H]OC(=O)C([H])([H])C([H])([H])[C@@]([H])(C(=O)O[H])N([H])C(=O)C1:C([H]):C([H]):C(N2C([H])([H])[C@]3([H])N(C4:C(:N:C(N([H])[H]):N([H]):C:4=O)N([H])C3([H])[H])[C:10]2([H:57])[H:58]):C([H]):C:1[H]>>[H]O[C@@]1([H])C([H])([H])[C@]([H])(N2:C([H]):C([C:10]([H])([H:57])[H:58]):C(=O):N([H]):C:2=O)O[C@]1([H])C([H])([H])OP(=O)(O[H])O[H],EVODEX-P9564
EVODEX-N3135,[H][C@:31]([N:9]([C:5])[C:10])([C:30])[C:32]>>[H]O[C@@]1([H])C([H])([H])[C@]([H])(N2:C([H]):C([C:10][H]):C(=O):N([H]):C:2=O)O[C@]1([H])C([H])([H])OP(=O)(O[H])O[H].[C:5][N:9]=[C:31]([C:30])[C:32].[H],EVODEX-P9565
EVODEX-N3136,[H][C:1]([C:2])([H:54])[H:55].[H][N:33]([C:32][C:31](=[N:30][C:26])[C:52])[C:34]>>[H][C@:31]1([C:52])[N:30]([C:26])[C:1]([H:54])([H:55])[N:33]([C:34])[C:32]1.[H][C:2],EVODEX-P9566
EVODEX-N3137,[H]C([H])([H])[C:2](:[C:3]):[C:20]>>[H][C:2](:[C:3]):[C:20],"EVODEX-P9567,EVODEX-P15418"
EVODEX-N3138,[H]O[C@@]1([H])C([H])([H])[C@]([H])(N2:C([H]):C([C:1]([H])([H:54])[H:55]):C(=O):N([H]):C:2=O)O[C@]1([H])C([H])([H])OP(=O)(O[H])O[H].[H][N:33]([C:32][C:31](=[N:30][C:26])[C:52])[C:34]>>[H][C@:31]1([C:52])[N:30]([C:26])[C:1]([H:54])([H:55])[N:33]([C:34])[C:32]1,EVODEX-P9568
EVODEX-N3139,[H][N:33]([C:32][C:31](=[N:30][C:26])[C:52])[C:34]>>[H]C1([H])[N:30]([C:26])[C@:31]([H])([C:52])[C:32][N:33]1[C:34],EVODEX-P9569
EVODEX-N3140,[H]O[C@@]1([H])C([H])([H])[C@]([H])(N2:C([H]):C([C:1]([H])([H:54])[H:55]):C(=O):N([H]):C:2=O)O[C@]1([H])C([H])([H])OP(=O)(O[H])O[H]>>[H]OC(=O)C([H])([H])C([H])([H])[C@@]([H])(C(=O)O[H])N([H])C(=O)C1:C([H]):C([H]):C(N2C([H])([H])[C@]3([H])N(C4:C(:N:C(N([H])[H]):N([H]):C:4=O)N([H])C3([H])[H])[C:1]2([H:54])[H:55]):C([H]):C:1[H],EVODEX-P9570
EVODEX-N3141,[H][C:1]([C:2])([H:54])[H:55]>>[H]OC(=O)C([H])([H])C([H])([H])[C@@]([H])(C(=O)O[H])N([H])C(=O)C1:C([H]):C([H]):C(N2C([H])([H])[C@]3([H])N(C4:C(:N:C(N([H])[H]):N([H]):C:4=O)N([H])C3([H])[H])[C:1]2([H:54])[H:55]):C([H]):C:1[H].[H][C:2],EVODEX-P9571
EVODEX-N3142,[#6:1]-[#16&+:2](-[#6:3])-[#6:10]>>[#6:1]-[#8]-[#6]1:[#6](-[#85]):[#6](-[#85]):[#6](-[#6]2:[#6](=[#8]):[#6]3:[#6](:[#8]:[#6]:2-[#85]):[#6](-[#85]):[#6](-[#8]-[#85]):[#6](-[#85]):[#6]:3-[#85]):[#6](-[#85]):[#6]:1-[#85].[#6:3]-[#16:2]-[#6:10],EVODEX-P9573
EVODEX-N3143,[#85:47]-[#6:1](-[#85:48])(-[#85:49])-[#16&+](-[#6](-[#85])(-[#85])-[#6](-[#85])(-[#85])-[#6@](-[#85])(-[#7](-[#85])-[#85])-[#6](=[#8])-[#8]-[#85])-[#6](-[#85])(-[#85])-[#6@@]1(-[#85])-[#8]-[#6@@](-[#85])(-[#7]2:[#6](-[#85]):[#7]:[#6]3:[#6](-[#7](-[#85])-[#85]):[#7]:[#6](-[#85]):[#7]:[#6]:2:3)-[#6@](-[#85])(-[#8]-[#85])-[#6@]-1(-[#85])-[#8]-[#85]>>[#85:47]-[#6:1](-[#85:48])(-[#85:49])-[#8]-[#6]1:[#6](-[#85]):[#6](-[#85]):[#6](-[#6]2:[#6](=[#8]):[#6]3:[#6](:[#8]:[#6]:2-[#85]):[#6](-[#85]):[#6](-[#8]-[#85]):[#6](-[#85]):[#6]:3-[#85]):[#6](-[#85]):[#6]:1-[#85],EVODEX-P9575
EVODEX-N3144,[#6:1]-[#16&+:2](-[#6:3])-[#6:10]>>[#6:1]-[#8]-[#6]1:[#6](-[#85]):[#6](-[#85]):[#6](-[#6]2:[#6](=[#8]):[#6]3:[#6](:[#8]:[#6]:2-[#85]):[#6](-[#85]):[#6](-[#8]-[#85]):[#6](-[#85]):[#6]:3-[#8]-[#85]):[#6](-[#85]):[#6]:1-[#85].[#6:3]-[#16:2]-[#6:10],EVODEX-P9578
EVODEX-N3145,[#85:48]-[#6:1](-[#85:49])(-[#85:50])-[#16&+](-[#6](-[#85])(-[#85])-[#6](-[#85])(-[#85])-[#6@](-[#85])(-[#7](-[#85])-[#85])-[#6](=[#8])-[#8]-[#85])-[#6](-[#85])(-[#85])-[#6@@]1(-[#85])-[#8]-[#6@@](-[#85])(-[#7]2:[#6](-[#85]):[#7]:[#6]3:[#6](-[#7](-[#85])-[#85]):[#7]:[#6](-[#85]):[#7]:[#6]:2:3)-[#6@](-[#85])(-[#8]-[#85])-[#6@]-1(-[#85])-[#8]-[#85]>>[#85:48]-[#6:1](-[#85:49])(-[#85:50])-[#8]-[#6]1:[#6](-[#85]):[#6](-[#85]):[#6](-[#6]2:[#6](=[#8]):[#6]3:[#6](:[#8]:[#6]:2-[#85]):[#6](-[#85]):[#6](-[#8]-[#85]):[#6](-[#85]):[#6]:3-[#8]-[#85]):[#6](-[#85]):[#6]:1-[#85],EVODEX-P9580
EVODEX-N3146,[#85:43]-[#6:1](-[#85:44])(-[#85:45])-[#16&+:2](-[#6:3])-[#6:10].[#6:31]-[#6:33](-[#85:67])(-[#85])-[#6:34]>>[#85:43]-[#6:1](-[#85:44])(-[#85:45])-[#6@:33](-[#85:67])(-[#6:31])-[#6:34].[#6:3]-[#16:2]-[#6:10],"EVODEX-P9582,EVODEX-P10343,EVODEX-P10476,EVODEX-P10481"
EVODEX-N3147,[#6:1]-[#16&+:2](-[#6:3])-[#6:10]>>[#6:1]-[#6@](-[#85])(-[#6](-[#6](=[#8])-[#8]-[#85])=[#8])-[#6]1:[#6](-[#85]):[#7](-[#85]):[#6]2:[#6](-[#85]):[#6](-[#85]):[#6](-[#85]):[#6](-[#85]):[#6]:1:2.[#6:3]-[#16:2]-[#6:10],EVODEX-P9583
EVODEX-N3148,[#85:43]-[#6:1](-[#85:44])(-[#85:45])-[#16&+](-[#6](-[#85])(-[#85])-[#6](-[#85])(-[#85])-[#6@](-[#85])(-[#7](-[#85])-[#85])-[#6](=[#8])-[#8]-[#85])-[#6](-[#85])(-[#85])-[#6@@]1(-[#85])-[#8]-[#6@@](-[#85])(-[#7]2:[#6](-[#85]):[#7]:[#6]3:[#6](-[#7](-[#85])-[#85]):[#7]:[#6](-[#85]):[#7]:[#6]:2:3)-[#6@](-[#85])(-[#8]-[#85])-[#6@]-1(-[#85])-[#8]-[#85].[#6:31]-[#6:33](-[#85:67])(-[#85])-[#6:34]>>[#85:43]-[#6:1](-[#85:44])(-[#85:45])-[#6@:33](-[#85:67])(-[#6:31])-[#6:34],"EVODEX-P9584,EVODEX-P10345,EVODEX-P10478,EVODEX-P10483"
EVODEX-N3149,[#85:43]-[#6:1](-[#85:44])(-[#85:45])-[#16&+](-[#6](-[#85])(-[#85])-[#6](-[#85])(-[#85])-[#6@](-[#85])(-[#7](-[#85])-[#85])-[#6](=[#8])-[#8]-[#85])-[#6](-[#85])(-[#85])-[#6@@]1(-[#85])-[#8]-[#6@@](-[#85])(-[#7]2:[#6](-[#85]):[#7]:[#6]3:[#6](-[#7](-[#85])-[#85]):[#7]:[#6](-[#85]):[#7]:[#6]:2:3)-[#6@](-[#85])(-[#8]-[#85])-[#6@]-1(-[#85])-[#8]-[#85]>>[#85:43]-[#6:1](-[#85:44])(-[#85:45])-[#6@](-[#85])(-[#6](-[#6](=[#8])-[#8]-[#85])=[#8])-[#6]1:[#6](-[#85]):[#7](-[#85]):[#6]2:[#6](-[#85]):[#6](-[#85]):[#6](-[#85]):[#6](-[#85]):[#6]:1:2,EVODEX-P9585
EVODEX-N3150,[H][C:33]([C:31])([C:34])[H:67]>>[H]C([H])([H])[C@:33]([C:31])([C:34])[H:67],"EVODEX-P9586,EVODEX-P10347,EVODEX-P10480,EVODEX-P10484"
EVODEX-N3151,[#6:1]-[#16&+:2](-[#6:3])-[#6:10]>>[#6:1]-[#7](-[#85])-[#6](-[#85])(-[#85])-[#6](-[#85])(-[#85])-[#6]1:[#6](-[#85]):[#7](-[#85]):[#6]2:[#6](-[#85]):[#6](-[#85]):[#6](-[#85]):[#6](-[#85]):[#6]:1:2.[#6:3]-[#16:2]-[#6:10],EVODEX-P9588
EVODEX-N3152,[#85:40]-[#6:1](-[#85:41])(-[#85:42])-[#16&+](-[#6](-[#85])(-[#85])-[#6](-[#85])(-[#85])-[#6@](-[#85])(-[#7](-[#85])-[#85])-[#6](=[#8])-[#8]-[#85])-[#6](-[#85])(-[#85])-[#6@@]1(-[#85])-[#8]-[#6@@](-[#85])(-[#7]2:[#6](-[#85]):[#7]:[#6]3:[#6](-[#7](-[#85])-[#85]):[#7]:[#6](-[#85]):[#7]:[#6]:2:3)-[#6@](-[#85])(-[#8]-[#85])-[#6@]-1(-[#85])-[#8]-[#85]>>[#85:40]-[#6:1](-[#85:41])(-[#85:42])-[#7](-[#85])-[#6](-[#85])(-[#85])-[#6](-[#85])(-[#85])-[#6]1:[#6](-[#85]):[#7](-[#85]):[#6]2:[#6](-[#85]):[#6](-[#85]):[#6](-[#85]):[#6](-[#85]):[#6]:1:2,EVODEX-P9590
EVODEX-N3153,[#6:14]-[#16&+:15](-[#6:16])-[#6:23]>>[#85]-[#6](-[#85])(-[#85])-[#7](-[#6](-[#85])(-[#85])-[#6](-[#85])(-[#85])-[#6]1:[#6](-[#85]):[#7](-[#85]):[#6]2:[#6](-[#85]):[#6](-[#85]):[#6](-[#85]):[#6](-[#85]):[#6]:1:2)-[#6:14].[#6:16]-[#16:15]-[#6:23],EVODEX-P9593
EVODEX-N3154,[#85:41]-[#6:14](-[#85:42])(-[#85:43])-[#16&+](-[#6](-[#85])(-[#85])-[#6](-[#85])(-[#85])-[#6@](-[#85])(-[#7](-[#85])-[#85])-[#6](=[#8])-[#8]-[#85])-[#6](-[#85])(-[#85])-[#6@@]1(-[#85])-[#8]-[#6@@](-[#85])(-[#7]2:[#6](-[#85]):[#7]:[#6]3:[#6](-[#7](-[#85])-[#85]):[#7]:[#6](-[#85]):[#7]:[#6]:2:3)-[#6@](-[#85])(-[#8]-[#85])-[#6@]-1(-[#85])-[#8]-[#85]>>[#85]-[#6](-[#85])(-[#85])-[#7](-[#6](-[#85])(-[#85])-[#6](-[#85])(-[#85])-[#6]1:[#6](-[#85]):[#7](-[#85]):[#6]2:[#6](-[#85]):[#6](-[#85]):[#6](-[#85]):[#6](-[#85]):[#6]:1:2)-[#6:14](-[#85:41])(-[#85:42])-[#85:43],EVODEX-P9595
EVODEX-N3155,[#6:27]-[#16&+:28](-[#6:29])-[#6:36]>>[#85]-[#6](-[#85])(-[#85])-[#6@]1(-[#85])-[#6@@]2(-[#85])-[#6@](-[#85])(-[#8]-[#6@]3(-[#85])-[#8]-[#6@](-[#85])(-[#6](-[#85])(-[#85])-[#8]-[#85])-[#6@@](-[#85])(-[#8]-[#85])-[#6@](-[#85])(-[#8]-[#85])-[#6@@]-3(-[#85])-[#8]-[#85])-[#8]-[#6](-[#85])=[#6](-[#6](=[#8])-[#8]-[#6:27])-[#6@@]-2(-[#85])-[#6](-[#85])(-[#85])-[#6@]-1(-[#85])-[#8]-[#85].[#6:29]-[#16:28]-[#6:36],EVODEX-P9598
EVODEX-N3156,[#85:78]-[#6:27](-[#85:79])(-[#85:80])-[#16&+](-[#6](-[#85])(-[#85])-[#6](-[#85])(-[#85])-[#6@](-[#85])(-[#7](-[#85])-[#85])-[#6](=[#8])-[#8]-[#85])-[#6](-[#85])(-[#85])-[#6@@]1(-[#85])-[#8]-[#6@@](-[#85])(-[#7]2:[#6](-[#85]):[#7]:[#6]3:[#6](-[#7](-[#85])-[#85]):[#7]:[#6](-[#85]):[#7]:[#6]:2:3)-[#6@](-[#85])(-[#8]-[#85])-[#6@]-1(-[#85])-[#8]-[#85]>>[#85]-[#6](-[#85])(-[#85])-[#6@]1(-[#85])-[#6@@]2(-[#85])-[#6@](-[#85])(-[#8]-[#6@]3(-[#85])-[#8]-[#6@](-[#85])(-[#6](-[#85])(-[#85])-[#8]-[#85])-[#6@@](-[#85])(-[#8]-[#85])-[#6@](-[#85])(-[#8]-[#85])-[#6@@]-3(-[#85])-[#8]-[#85])-[#8]-[#6](-[#85])=[#6](-[#6](=[#8])-[#8]-[#6:27](-[#85:78])(-[#85:79])-[#85:80])-[#6@@]-2(-[#85])-[#6](-[#85])(-[#85])-[#6@]-1(-[#85])-[#8]-[#85],EVODEX-P9601
EVODEX-N3157,[#6:27]-[#16&+:28](-[#6:29])-[#6:36]>>[#85]-[#6](-[#85])=[#6](-[#85])-[#6@@]1(-[#85])-[#6@](-[#85])(-[#8]-[#6@]2(-[#85])-[#8]-[#6@](-[#85])(-[#6](-[#85])(-[#85])-[#8]-[#85])-[#6@@](-[#85])(-[#8]-[#85])-[#6@](-[#85])(-[#8]-[#85])-[#6@@]-2(-[#85])-[#8]-[#85])-[#8]-[#6](-[#85])=[#6](-[#6](=[#8])-[#8]-[#6:27])-[#6@@]-1(-[#85])-[#6](-[#85])(-[#85])-[#6](-[#85])=[#8].[#6:29]-[#16:28]-[#6:36],EVODEX-P9603
EVODEX-N3158,[#85:76]-[#6:27](-[#85:77])(-[#85:78])-[#16&+](-[#6](-[#85])(-[#85])-[#6](-[#85])(-[#85])-[#6@](-[#85])(-[#7](-[#85])-[#85])-[#6](=[#8])-[#8]-[#85])-[#6](-[#85])(-[#85])-[#6@@]1(-[#85])-[#8]-[#6@@](-[#85])(-[#7]2:[#6](-[#85]):[#7]:[#6]3:[#6](-[#7](-[#85])-[#85]):[#7]:[#6](-[#85]):[#7]:[#6]:2:3)-[#6@](-[#85])(-[#8]-[#85])-[#6@]-1(-[#85])-[#8]-[#85]>>[#85]-[#6](-[#85])=[#6](-[#85])-[#6@@]1(-[#85])-[#6@](-[#85])(-[#8]-[#6@]2(-[#85])-[#8]-[#6@](-[#85])(-[#6](-[#85])(-[#85])-[#8]-[#85])-[#6@@](-[#85])(-[#8]-[#85])-[#6@](-[#85])(-[#8]-[#85])-[#6@@]-2(-[#85])-[#8]-[#85])-[#8]-[#6](-[#85])=[#6](-[#6](=[#8])-[#8]-[#6:27](-[#85:76])(-[#85:77])-[#85:78])-[#6@@]-1(-[#85])-[#6](-[#85])(-[#85])-[#6](-[#85])=[#8],EVODEX-P9606
EVODEX-N3159,[#6:1]-[#16&+:2](-[#6:3])-[#6:10]>>[#6:1]-[#7](-[#85])-[#6](-[#85])(-[#85])-[#6](-[#85])(-[#85])-[#6](-[#85])(-[#85])-[#6](-[#85])(-[#85])-[#7](-[#85])-[#85].[#6:3]-[#16:2]-[#6:10],"EVODEX-P9608,EVODEX-P15941"
EVODEX-N3160,[#85:34]-[#6:1](-[#85:35])(-[#85:36])-[#16&+](-[#6](-[#85])(-[#85])-[#6](-[#85])(-[#85])-[#6@](-[#85])(-[#7](-[#85])-[#85])-[#6](=[#8])-[#8]-[#85])-[#6](-[#85])(-[#85])-[#6@@]1(-[#85])-[#8]-[#6@@](-[#85])(-[#7]2:[#6](-[#85]):[#7]:[#6]3:[#6](-[#7](-[#85])-[#85]):[#7]:[#6](-[#85]):[#7]:[#6]:2:3)-[#6@](-[#85])(-[#8]-[#85])-[#6@]-1(-[#85])-[#8]-[#85]>>[#85:34]-[#6:1](-[#85:35])(-[#85:36])-[#7](-[#85])-[#6](-[#85])(-[#85])-[#6](-[#85])(-[#85])-[#6](-[#85])(-[#85])-[#6](-[#85])(-[#85])-[#7](-[#85])-[#85],EVODEX-P9610
EVODEX-N3161,[#6:8]-[#16&+:9](-[#6:10])-[#6:17]>>[#85]-[#6](-[#85])(-[#85])-[#7](-[#6](-[#85])(-[#85])-[#6](-[#85])(-[#85])-[#6](-[#85])(-[#85])-[#6](-[#85])(-[#85])-[#7](-[#85])-[#85])-[#6:8].[#6:10]-[#16:9]-[#6:17],EVODEX-P9613
EVODEX-N3162,[#85:49]-[#6:8](-[#85:50])(-[#85:51])-[#16&+](-[#6](-[#85])(-[#85])-[#6](-[#85])(-[#85])-[#6@](-[#85])(-[#7](-[#85])-[#85])-[#6](=[#8])-[#8]-[#85])-[#6](-[#85])(-[#85])-[#6@@]1(-[#85])-[#8]-[#6@@](-[#85])(-[#7]2:[#6](-[#85]):[#7]:[#6]3:[#6](-[#7](-[#85])-[#85]):[#7]:[#6](-[#85]):[#7]:[#6]:2:3)-[#6@](-[#85])(-[#8]-[#85])-[#6@]-1(-[#85])-[#8]-[#85]>>[#85]-[#6](-[#85])(-[#85])-[#7](-[#6](-[#85])(-[#85])-[#6](-[#85])(-[#85])-[#6](-[#85])(-[#85])-[#6](-[#85])(-[#85])-[#7](-[#85])-[#85])-[#6:8](-[#85:49])(-[#85:50])-[#85:51],EVODEX-P9616
EVODEX-N3163,[H]OC(=O)C([H])([H])C([H])([H])[C@@]([H])(C(=O)O[H])N([H])C(=O)C1:C([H]):C([H]):C(N2C([H])([H])[C@]3([H])N(C4:C(:N:C(N([H])[H]):N([H]):C:4=O)N([H])C3([H])[H])[C:30]2([H:71])[H:72]):C([H]):C:1[H]>>[H]O[C@@]1([H])C([H])([H])[C@]([H])(N2:C([H]):C([C:30]([H])([H:71])[H:72]):C(N([H])[H]):N:C:2=O)O[C@]1([H])C([H])([H])OP(=O)(O[H])O[H],EVODEX-P9619
EVODEX-N3164,[H][C@:51]([N:29]([C:25])[C:30])([C:50])[C:52]>>[H]O[C@@]1([H])C([H])([H])[C@]([H])(N2:C([H]):C([C:30][H]):C(N([H])[H]):N:C:2=O)O[C@]1([H])C([H])([H])OP(=O)(O[H])O[H].[C:25][N:29]=[C:51]([C:50])[C:52].[H],EVODEX-P9621
EVODEX-N3165,[H]OC(=O)C([H])([H])C([H])([H])[C@@]([H])(C(=O)O[H])N([H])C(=O)C1:C([H]):C([H]):C(N2C([H])([H])[C@]3([H])N(C4:C(:N:C(N([H])[H]):N([H]):C:4=O)N([H])C3([H])[H])[C:38]2([H:81])[H:82]):C([H]):C:1[H]>>[H]O[C@@]1([H])C([H])([H])[C@]([H])(N2:C([H]):C([C:38]([H])([H:81])[H:82]):C(N([H])[H]):N:C:2=O)O[C@]1([H])C([H])([H])OP(=O)(O[H])OP(=O)(O[H])OP(=O)(O[H])O[H],EVODEX-P9624
EVODEX-N3166,[H][C@:59]([N:37]([C:33])[C:38])([C:58])[C:60]>>[H]O[C@@]1([H])C([H])([H])[C@]([H])(N2:C([H]):C([C:38][H]):C(N([H])[H]):N:C:2=O)O[C@]1([H])C([H])([H])OP(=O)(O[H])OP(=O)(O[H])OP(=O)(O[H])O[H].[C:33][N:37]=[C:59]([C:58])[C:60].[H],EVODEX-P9626
EVODEX-N3167,[#6:79]-[#16&+:80](-[#6:81])-[#6:88]>>[#85]-[#6](-[#85])(-[#85])-[#7]1-[#6](-[#85])(-[#85])-[#7](-[#6@]2(-[#85])-[#8]-[#6@](-[#85])(-[#6](-[#85])(-[#85])-[#8]-[#15](=[#8])(-[#8]-[#85])-[#8]-[#15](=[#8])(-[#8]-[#85])-[#8]-[#15](=[#8])(-[#8]-[#85])-[#8]-[#6](-[#85])(-[#85])-[#6@@]3(-[#85])-[#8]-[#6@@](-[#85])(-[#7]4:[#6](-[#85]):[#7]:[#6]5:[#6](-[#7](-[#85])-[#85]):[#7]:[#6](-[#85]):[#7]:[#6]:4:5)-[#6@](-[#85])(-[#8]-[#6:79])-[#6@]-3(-[#85])-[#8]-[#15](=[#8])(-[#8]-[#85])-[#8]-[#6](-[#85])(-[#85])-[#6@@]3(-[#85])-[#8]-[#6@@](-[#85])(-[#7]4:[#6](-[#85]):[#7]:[#6]5:[#6](=[#8]):[#7](-[#85]):[#6](=[#7]-[#85]):[#7](-[#85]):[#6]:4:5)-[#6@](-[#85])(-[#8]-[#85])-[#6@]-3(-[#85])-[#8]-[#15](=[#8])(-[#8]-[#85])-[#8]-[#85])-[#6@@](-[#85])(-[#8]-[#85])-[#6@@]-2(-[#85])-[#8]-[#85])-[#6]2:[#7](-[#85]):[#6](=[#7]-[#85]):[#7](-[#85]):[#6](=[#8]):[#6]:2-1.[#6:81]-[#16:80]-[#6:88],EVODEX-P9643
EVODEX-N3168,[#85:150]-[#6:79](-[#85:151])(-[#85:152])-[#16&+](-[#6](-[#85])(-[#85])-[#6](-[#85])(-[#85])-[#6@](-[#85])(-[#7](-[#85])-[#85])-[#6](=[#8])-[#8]-[#85])-[#6](-[#85])(-[#85])-[#6@@]1(-[#85])-[#8]-[#6@@](-[#85])(-[#7]2:[#6](-[#85]):[#7]:[#6]3:[#6](-[#7](-[#85])-[#85]):[#7]:[#6](-[#85]):[#7]:[#6]:2:3)-[#6@](-[#85])(-[#8]-[#85])-[#6@]-1(-[#85])-[#8]-[#85]>>[#85]-[#6](-[#85])(-[#85])-[#7]1-[#6](-[#85])(-[#85])-[#7](-[#6@]2(-[#85])-[#8]-[#6@](-[#85])(-[#6](-[#85])(-[#85])-[#8]-[#15](=[#8])(-[#8]-[#85])-[#8]-[#15](=[#8])(-[#8]-[#85])-[#8]-[#15](=[#8])(-[#8]-[#85])-[#8]-[#6](-[#85])(-[#85])-[#6@@]3(-[#85])-[#8]-[#6@@](-[#85])(-[#7]4:[#6](-[#85]):[#7]:[#6]5:[#6](-[#7](-[#85])-[#85]):[#7]:[#6](-[#85]):[#7]:[#6]:4:5)-[#6@](-[#85])(-[#8]-[#6:79](-[#85:150])(-[#85:151])-[#85:152])-[#6@]-3(-[#85])-[#8]-[#15](=[#8])(-[#8]-[#85])-[#8]-[#6](-[#85])(-[#85])-[#6@@]3(-[#85])-[#8]-[#6@@](-[#85])(-[#7]4:[#6](-[#85]):[#7]:[#6]5:[#6](=[#8]):[#7](-[#85]):[#6](=[#7]-[#85]):[#7](-[#85]):[#6]:4:5)-[#6@](-[#85])(-[#8]-[#85])-[#6@]-3(-[#85])-[#8]-[#15](=[#8])(-[#8]-[#85])-[#8]-[#85])-[#6@@](-[#85])(-[#8]-[#85])-[#6@@]-2(-[#85])-[#8]-[#85])-[#6]2:[#7](-[#85]):[#6](=[#7]-[#85]):[#7](-[#85]):[#6](=[#8]):[#6]:2-1,EVODEX-P9646
EVODEX-N3169,[#6:53]-[#16&+:54](-[#6:55])-[#6:62]>>[#85]-[#6](-[#85])(-[#85])-[#8]-[#6]1:[#6](-[#8]-[#6:53]):[#6](-[#8]-[#85]):[#6](-[#6](-[#85])(-[#85])-[#85]):[#6](-[#6](-[#85])(-[#85])/[#6](-[#85])=[#6](\[#6](-[#85])(-[#85])-[#85])-[#6](-[#85])(-[#85])-[#6](-[#85])(-[#85])/[#6](-[#85])=[#6](\[#6](-[#85])(-[#85])-[#85])-[#6](-[#85])(-[#85])-[#6](-[#85])(-[#85])/[#6](-[#85])=[#6](\[#6](-[#85])(-[#85])-[#85])-[#6](-[#85])(-[#85])-[#6](-[#85])(-[#85])/[#6](-[#85])=[#6](\[#6](-[#85])(-[#85])-[#85])-[#6](-[#85])(-[#85])-[#6](-[#85])(-[#85])/[#6](-[#85])=[#6](\[#6](-[#85])(-[#85])-[#85])-[#6](-[#85])(-[#85])-[#6](-[#85])(-[#85])/[#6](-[#85])=[#6](\[#6](-[#85])(-[#85])-[#85])-[#6](-[#85])(-[#85])-[#6](-[#85])(-[#85])/[#6](-[#85])=[#6](\[#6](-[#85])(-[#85])-[#85])-[#6](-[#85])(-[#85])-[#6](-[#85])(-[#85])-[#6](-[#85])=[#6](-[#6](-[#85])(-[#85])-[#85])-[#6](-[#85])(-[#85])-[#85]):[#6]:1-[#8]-[#85].[#6:55]-[#16:54]-[#6:62],EVODEX-P9648
EVODEX-N3170,[#85:154]-[#6:53](-[#85:155])(-[#85:156])-[#16&+](-[#6](-[#85])(-[#85])-[#6](-[#85])(-[#85])-[#6@](-[#85])(-[#7](-[#85])-[#85])-[#6](=[#8])-[#8]-[#85])-[#6](-[#85])(-[#85])-[#6@@]1(-[#85])-[#8]-[#6@@](-[#85])(-[#7]2:[#6](-[#85]):[#7]:[#6]3:[#6](-[#7](-[#85])-[#85]):[#7]:[#6](-[#85]):[#7]:[#6]:2:3)-[#6@](-[#85])(-[#8]-[#85])-[#6@]-1(-[#85])-[#8]-[#85]>>[#85]-[#6](-[#85])(-[#85])-[#8]-[#6]1:[#6](-[#8]-[#6:53](-[#85:154])(-[#85:155])-[#85:156]):[#6](-[#8]-[#85]):[#6](-[#6](-[#85])(-[#85])-[#85]):[#6](-[#6](-[#85])(-[#85])/[#6](-[#85])=[#6](\[#6](-[#85])(-[#85])-[#85])-[#6](-[#85])(-[#85])-[#6](-[#85])(-[#85])/[#6](-[#85])=[#6](\[#6](-[#85])(-[#85])-[#85])-[#6](-[#85])(-[#85])-[#6](-[#85])(-[#85])/[#6](-[#85])=[#6](\[#6](-[#85])(-[#85])-[#85])-[#6](-[#85])(-[#85])-[#6](-[#85])(-[#85])/[#6](-[#85])=[#6](\[#6](-[#85])(-[#85])-[#85])-[#6](-[#85])(-[#85])-[#6](-[#85])(-[#85])/[#6](-[#85])=[#6](\[#6](-[#85])(-[#85])-[#85])-[#6](-[#85])(-[#85])-[#6](-[#85])(-[#85])/[#6](-[#85])=[#6](\[#6](-[#85])(-[#85])-[#85])-[#6](-[#85])(-[#85])-[#6](-[#85])(-[#85])/[#6](-[#85])=[#6](\[#6](-[#85])(-[#85])-[#85])-[#6](-[#85])(-[#85])-[#6](-[#85])(-[#85])-[#6](-[#85])=[#6](-[#6](-[#85])(-[#85])-[#85])-[#6](-[#85])(-[#85])-[#85]):[#6]:1-[#8]-[#85],EVODEX-P9651
EVODEX-N3171,[#6:43]-[#16&+:44](-[#6:45])-[#6:52]>>[#85]-[#6](-[#85])(-[#85])-[#8]-[#6]1:[#6](-[#8]-[#6:43]):[#6](-[#8]-[#85]):[#6](-[#6](-[#85])(-[#85])-[#85]):[#6](-[#6](-[#85])(-[#85])/[#6](-[#85])=[#6](\[#6](-[#85])(-[#85])-[#85])-[#6](-[#85])(-[#85])-[#6](-[#85])(-[#85])/[#6](-[#85])=[#6](\[#6](-[#85])(-[#85])-[#85])-[#6](-[#85])(-[#85])-[#6](-[#85])(-[#85])/[#6](-[#85])=[#6](\[#6](-[#85])(-[#85])-[#85])-[#6](-[#85])(-[#85])-[#6](-[#85])(-[#85])/[#6](-[#85])=[#6](\[#6](-[#85])(-[#85])-[#85])-[#6](-[#85])(-[#85])-[#6](-[#85])(-[#85])/[#6](-[#85])=[#6](\[#6](-[#85])(-[#85])-[#85])-[#6](-[#85])(-[#85])-[#6](-[#85])(-[#85])-[#6](-[#85])=[#6](-[#6](-[#85])(-[#85])-[#85])-[#6](-[#85])(-[#85])-[#85]):[#6]:1-[#8]-[#85].[#6:45]-[#16:44]-[#6:52],EVODEX-P9653
EVODEX-N3172,[#85:128]-[#6:43](-[#85:129])(-[#85:130])-[#16&+](-[#6](-[#85])(-[#85])-[#6](-[#85])(-[#85])-[#6@](-[#85])(-[#7](-[#85])-[#85])-[#6](=[#8])-[#8]-[#85])-[#6](-[#85])(-[#85])-[#6@@]1(-[#85])-[#8]-[#6@@](-[#85])(-[#7]2:[#6](-[#85]):[#7]:[#6]3:[#6](-[#7](-[#85])-[#85]):[#7]:[#6](-[#85]):[#7]:[#6]:2:3)-[#6@](-[#85])(-[#8]-[#85])-[#6@]-1(-[#85])-[#8]-[#85]>>[#85]-[#6](-[#85])(-[#85])-[#8]-[#6]1:[#6](-[#8]-[#6:43](-[#85:128])(-[#85:129])-[#85:130]):[#6](-[#8]-[#85]):[#6](-[#6](-[#85])(-[#85])-[#85]):[#6](-[#6](-[#85])(-[#85])/[#6](-[#85])=[#6](\[#6](-[#85])(-[#85])-[#85])-[#6](-[#85])(-[#85])-[#6](-[#85])(-[#85])/[#6](-[#85])=[#6](\[#6](-[#85])(-[#85])-[#85])-[#6](-[#85])(-[#85])-[#6](-[#85])(-[#85])/[#6](-[#85])=[#6](\[#6](-[#85])(-[#85])-[#85])-[#6](-[#85])(-[#85])-[#6](-[#85])(-[#85])/[#6](-[#85])=[#6](\[#6](-[#85])(-[#85])-[#85])-[#6](-[#85])(-[#85])-[#6](-[#85])(-[#85])/[#6](-[#85])=[#6](\[#6](-[#85])(-[#85])-[#85])-[#6](-[#85])(-[#85])-[#6](-[#85])(-[#85])-[#6](-[#85])=[#6](-[#6](-[#85])(-[#85])-[#85])-[#6](-[#85])(-[#85])-[#85]):[#6]:1-[#8]-[#85],EVODEX-P9656
EVODEX-N3173,[#6:1]-[#16&+:2](-[#6:3])-[#6:10]>>[#6:1]-[#8]-[#6]1:[#6](-[#6](-[#6](-[#85])(-[#85])-[#6](=[#8])-[#6]2:[#6](-[#85]):[#6](-[#85]):[#6](-[#8]-[#85]):[#6](-[#85]):[#6]:2-[#85])=[#8]):[#6](-[#85]):[#6](-[#85]):[#6](-[#8]-[#85]):[#6]:1-[#85].[#6:3]-[#16:2]-[#6:10],EVODEX-P9658
EVODEX-N3174,[#85:48]-[#6:1](-[#85:49])(-[#85:50])-[#16&+](-[#6](-[#85])(-[#85])-[#6](-[#85])(-[#85])-[#6@](-[#85])(-[#7](-[#85])-[#85])-[#6](=[#8])-[#8]-[#85])-[#6](-[#85])(-[#85])-[#6@@]1(-[#85])-[#8]-[#6@@](-[#85])(-[#7]2:[#6](-[#85]):[#7]:[#6]3:[#6](-[#7](-[#85])-[#85]):[#7]:[#6](-[#85]):[#7]:[#6]:2:3)-[#6@](-[#85])(-[#8]-[#85])-[#6@]-1(-[#85])-[#8]-[#85]>>[#85:48]-[#6:1](-[#85:49])(-[#85:50])-[#8]-[#6]1:[#6](-[#6](-[#6](-[#85])(-[#85])-[#6](=[#8])-[#6]2:[#6](-[#85]):[#6](-[#85]):[#6](-[#8]-[#85]):[#6](-[#85]):[#6]:2-[#85])=[#8]):[#6](-[#85]):[#6](-[#85]):[#6](-[#8]-[#85]):[#6]:1-[#85],EVODEX-P9660
EVODEX-N3175,[#6:1]-[#16&+:2](-[#6:3])-[#6:10]>>[#6:1]-[#8]-[#6]1:[#6](-[#6](=[#8])/[#6](-[#85])=[#6](\[#85])-[#6]2:[#6](-[#85]):[#6](-[#85]):[#6](-[#8]-[#85]):[#6](-[#85]):[#6]:2-[#85]):[#6](-[#85]):[#6](-[#85]):[#6](-[#8]-[#85]):[#6]:1-[#85].[#6:3]-[#16:2]-[#6:10],EVODEX-P9663
EVODEX-N3176,[#85:47]-[#6:1](-[#85:48])(-[#85:49])-[#16&+](-[#6](-[#85])(-[#85])-[#6](-[#85])(-[#85])-[#6@](-[#85])(-[#7](-[#85])-[#85])-[#6](=[#8])-[#8]-[#85])-[#6](-[#85])(-[#85])-[#6@@]1(-[#85])-[#8]-[#6@@](-[#85])(-[#7]2:[#6](-[#85]):[#7]:[#6]3:[#6](-[#7](-[#85])-[#85]):[#7]:[#6](-[#85]):[#7]:[#6]:2:3)-[#6@](-[#85])(-[#8]-[#85])-[#6@]-1(-[#85])-[#8]-[#85]>>[#85:47]-[#6:1](-[#85:48])(-[#85:49])-[#8]-[#6]1:[#6](-[#6](=[#8])/[#6](-[#85])=[#6](\[#85])-[#6]2:[#6](-[#85]):[#6](-[#85]):[#6](-[#8]-[#85]):[#6](-[#85]):[#6]:2-[#85]):[#6](-[#85]):[#6](-[#85]):[#6](-[#8]-[#85]):[#6]:1-[#85],EVODEX-P9665
EVODEX-N3177,[#6:1]-[#16&+:2](-[#6:3])-[#6:10]>>[#6:1]-[#16]-[#6]1:[#7]:[#6](-[#85]):[#7]:[#6]2:[#7](-[#85]):[#6](-[#85]):[#7]:[#6]:1:2.[#6:3]-[#16:2]-[#6:10],EVODEX-P9668
EVODEX-N3178,[#85:38]-[#6:1](-[#85:39])(-[#85:40])-[#16&+](-[#6](-[#85])(-[#85])-[#6](-[#85])(-[#85])-[#6@](-[#85])(-[#7](-[#85])-[#85])-[#6](=[#8])-[#8]-[#85])-[#6](-[#85])(-[#85])-[#6@@]1(-[#85])-[#8]-[#6@@](-[#85])(-[#7]2:[#6](-[#85]):[#7]:[#6]3:[#6](-[#7](-[#85])-[#85]):[#7]:[#6](-[#85]):[#7]:[#6]:2:3)-[#6@](-[#85])(-[#8]-[#85])-[#6@]-1(-[#85])-[#8]-[#85]>>[#85:38]-[#6:1](-[#85:39])(-[#85:40])-[#16]-[#6]1:[#7]:[#6](-[#85]):[#7]:[#6]2:[#7](-[#85]):[#6](-[#85]):[#7]:[#6]:1:2,EVODEX-P9670
EVODEX-N3179,[#6:1]-[#16&+:2](-[#6:3])-[#6:10]>>[#6:1]-[#16]-[#6]1:[#6]2:[#7]:[#6](-[#85]):[#7](-[#6@]3(-[#85])-[#8]-[#6@](-[#85])(-[#6](-[#85])(-[#85])-[#8]-[#15](=[#8])(-[#8]-[#85])-[#8]-[#85])-[#6@@](-[#85])(-[#8]-[#85])-[#6@@]-3(-[#85])-[#8]-[#85]):[#6]:2:[#7]:[#6](-[#85]):[#7]:1.[#6:3]-[#16:2]-[#6:10],EVODEX-P9673
EVODEX-N3180,[#85:51]-[#6:1](-[#85:52])(-[#85:53])-[#16&+](-[#6](-[#85])(-[#85])-[#6](-[#85])(-[#85])-[#6@](-[#85])(-[#7](-[#85])-[#85])-[#6](=[#8])-[#8]-[#85])-[#6](-[#85])(-[#85])-[#6@@]1(-[#85])-[#8]-[#6@@](-[#85])(-[#7]2:[#6](-[#85]):[#7]:[#6]3:[#6](-[#7](-[#85])-[#85]):[#7]:[#6](-[#85]):[#7]:[#6]:2:3)-[#6@](-[#85])(-[#8]-[#85])-[#6@]-1(-[#85])-[#8]-[#85]>>[#85:51]-[#6:1](-[#85:52])(-[#85:53])-[#16]-[#6]1:[#6]2:[#7]:[#6](-[#85]):[#7](-[#6@]3(-[#85])-[#8]-[#6@](-[#85])(-[#6](-[#85])(-[#85])-[#8]-[#15](=[#8])(-[#8]-[#85])-[#8]-[#85])-[#6@@](-[#85])(-[#8]-[#85])-[#6@@]-3(-[#85])-[#8]-[#85]):[#6]:2:[#7]:[#6](-[#85]):[#7]:1,EVODEX-P9675
EVODEX-N3181,[#6:1]-[#16&+:2](-[#6:3])-[#6:10]>>[#6:1]-[#8]-[#6]1:[#6](-[#8]-[#85]):[#6](-[#85]):[#6](-[#85]):[#6](/[#6](-[#85])=[#6](\[#85])-[#6](=[#8])-[#8]-[#85]):[#6]:1-[#85].[#6:3]-[#16:2]-[#6:10],EVODEX-P9678
EVODEX-N3182,[#85:41]-[#6:1](-[#85:42])(-[#85:43])-[#16&+](-[#6](-[#85])(-[#85])-[#6](-[#85])(-[#85])-[#6@](-[#85])(-[#7](-[#85])-[#85])-[#6](=[#8])-[#8]-[#85])-[#6](-[#85])(-[#85])-[#6@@]1(-[#85])-[#8]-[#6@@](-[#85])(-[#7]2:[#6](-[#85]):[#7]:[#6]3:[#6](-[#7](-[#85])-[#85]):[#7]:[#6](-[#85]):[#7]:[#6]:2:3)-[#6@](-[#85])(-[#8]-[#85])-[#6@]-1(-[#85])-[#8]-[#85]>>[#85:41]-[#6:1](-[#85:42])(-[#85:43])-[#8]-[#6]1:[#6](-[#8]-[#85]):[#6](-[#85]):[#6](-[#85]):[#6](/[#6](-[#85])=[#6](\[#85])-[#6](=[#8])-[#8]-[#85]):[#6]:1-[#85],EVODEX-P9680
EVODEX-N3183,[#6:1]-[#16&+:2](-[#6:3])-[#6:10]>>[#6:1]-[#8]-[#6]1:[#6]2:[#6](-[#85]):[#6](-[#85]):[#6](=[#8]):[#8]:[#6]:2:[#6](-[#85]):[#6]2:[#6]:1:[#6](-[#85]):[#6](-[#85]):[#8]:2.[#6:3]-[#16:2]-[#6:10],EVODEX-P9683
EVODEX-N3184,[#85:43]-[#6:1](-[#85:44])(-[#85:45])-[#16&+](-[#6](-[#85])(-[#85])-[#6](-[#85])(-[#85])-[#6@](-[#85])(-[#7](-[#85])-[#85])-[#6](=[#8])-[#8]-[#85])-[#6](-[#85])(-[#85])-[#6@@]1(-[#85])-[#8]-[#6@@](-[#85])(-[#7]2:[#6](-[#85]):[#7]:[#6]3:[#6](-[#7](-[#85])-[#85]):[#7]:[#6](-[#85]):[#7]:[#6]:2:3)-[#6@](-[#85])(-[#8]-[#85])-[#6@]-1(-[#85])-[#8]-[#85]>>[#85:43]-[#6:1](-[#85:44])(-[#85:45])-[#8]-[#6]1:[#6]2:[#6](-[#85]):[#6](-[#85]):[#6](=[#8]):[#8]:[#6]:2:[#6](-[#85]):[#6]2:[#6]:1:[#6](-[#85]):[#6](-[#85]):[#8]:2,EVODEX-P9685
EVODEX-N3185,[#6:1]-[#16&+:2](-[#6:3])-[#6:10]>>[#6:1]-[#8]-[#6]1:[#6]2:[#6](-[#85]):[#6](-[#85]):[#6](=[#8]):[#8]:[#6]:2:[#6](-[#85]):[#6](-[#8]-[#85]):[#6]:1-[#85].[#6:3]-[#16:2]-[#6:10],EVODEX-P9688
EVODEX-N3186,[#85:41]-[#6:1](-[#85:42])(-[#85:43])-[#16&+](-[#6](-[#85])(-[#85])-[#6](-[#85])(-[#85])-[#6@](-[#85])(-[#7](-[#85])-[#85])-[#6](=[#8])-[#8]-[#85])-[#6](-[#85])(-[#85])-[#6@@]1(-[#85])-[#8]-[#6@@](-[#85])(-[#7]2:[#6](-[#85]):[#7]:[#6]3:[#6](-[#7](-[#85])-[#85]):[#7]:[#6](-[#85]):[#7]:[#6]:2:3)-[#6@](-[#85])(-[#8]-[#85])-[#6@]-1(-[#85])-[#8]-[#85]>>[#85:41]-[#6:1](-[#85:42])(-[#85:43])-[#8]-[#6]1:[#6]2:[#6](-[#85]):[#6](-[#85]):[#6](=[#8]):[#8]:[#6]:2:[#6](-[#85]):[#6](-[#8]-[#85]):[#6]:1-[#85],EVODEX-P9690
EVODEX-N3187,[#6:1]-[#16&+:2](-[#6:3])-[#6:10]>>[#6:1]-[#8]-[#6]1:[#6]2:[#6](:[#6](-[#85]):[#6]3:[#6](-[#85]):[#6](-[#85]):[#6](=[#8]):[#8]:[#6]:1:3):[#6](-[#85]):[#6](-[#85]):[#8]:2.[#6:3]-[#16:2]-[#6:10],EVODEX-P9693
EVODEX-N3188,[#85:43]-[#6:1](-[#85:44])(-[#85:45])-[#16&+](-[#6](-[#85])(-[#85])-[#6](-[#85])(-[#85])-[#6@](-[#85])(-[#7](-[#85])-[#85])-[#6](=[#8])-[#8]-[#85])-[#6](-[#85])(-[#85])-[#6@@]1(-[#85])-[#8]-[#6@@](-[#85])(-[#7]2:[#6](-[#85]):[#7]:[#6]3:[#6](-[#7](-[#85])-[#85]):[#7]:[#6](-[#85]):[#7]:[#6]:2:3)-[#6@](-[#85])(-[#8]-[#85])-[#6@]-1(-[#85])-[#8]-[#85]>>[#85:43]-[#6:1](-[#85:44])(-[#85:45])-[#8]-[#6]1:[#6]2:[#6](:[#6](-[#85]):[#6]3:[#6](-[#85]):[#6](-[#85]):[#6](=[#8]):[#8]:[#6]:1:3):[#6](-[#85]):[#6](-[#85]):[#8]:2,EVODEX-P9695
EVODEX-N3189,[#6:1]-[#16&+:2](-[#6:3])-[#6:10]>>[#6:1]-[#8]-[#6]1:[#6](-[#85]):[#6](-[#85]):[#6](-[#6]2:[#6](-[#85]):[#6](=[#8]):[#6]3:[#6](:[#8]:2):[#6](-[#85]):[#6](-[#8]-[#85]):[#6](-[#85]):[#6]:3-[#8]-[#85]):[#6](-[#85]):[#6]:1-[#85].[#6:3]-[#16:2]-[#6:10],EVODEX-P9703
EVODEX-N3190,[#85:48]-[#6:1](-[#85:49])(-[#85:50])-[#16&+](-[#6](-[#85])(-[#85])-[#6](-[#85])(-[#85])-[#6@](-[#85])(-[#7](-[#85])-[#85])-[#6](=[#8])-[#8]-[#85])-[#6](-[#85])(-[#85])-[#6@@]1(-[#85])-[#8]-[#6@@](-[#85])(-[#7]2:[#6](-[#85]):[#7]:[#6]3:[#6](-[#7](-[#85])-[#85]):[#7]:[#6](-[#85]):[#7]:[#6]:2:3)-[#6@](-[#85])(-[#8]-[#85])-[#6@]-1(-[#85])-[#8]-[#85]>>[#85:48]-[#6:1](-[#85:49])(-[#85:50])-[#8]-[#6]1:[#6](-[#85]):[#6](-[#85]):[#6](-[#6]2:[#6](-[#85]):[#6](=[#8]):[#6]3:[#6](:[#8]:2):[#6](-[#85]):[#6](-[#8]-[#85]):[#6](-[#85]):[#6]:3-[#8]-[#85]):[#6](-[#85]):[#6]:1-[#85],EVODEX-P9705
EVODEX-N3191,[#6:22]-[#16&+:23](-[#6:24])-[#6:31]>>[#85]-[#6](-[#85])(-[#85])-[#8]-[#6]1:[#6](-[#85]):[#6](-[#8]-[#85]):[#6]2:[#6](=[#8]):[#6](-[#85]):[#6](-[#6]3:[#6](-[#85]):[#6](-[#85]):[#6](-[#8]-[#6:22]):[#6](-[#85]):[#6]:3-[#85]):[#8]:[#6]:2:[#6]:1-[#85].[#6:24]-[#16:23]-[#6:31],EVODEX-P9708
EVODEX-N3192,[#85:61]-[#6:22](-[#85:62])(-[#85:63])-[#16&+](-[#6](-[#85])(-[#85])-[#6](-[#85])(-[#85])-[#6@](-[#85])(-[#7](-[#85])-[#85])-[#6](=[#8])-[#8]-[#85])-[#6](-[#85])(-[#85])-[#6@@]1(-[#85])-[#8]-[#6@@](-[#85])(-[#7]2:[#6](-[#85]):[#7]:[#6]3:[#6](-[#7](-[#85])-[#85]):[#7]:[#6](-[#85]):[#7]:[#6]:2:3)-[#6@](-[#85])(-[#8]-[#85])-[#6@]-1(-[#85])-[#8]-[#85]>>[#85]-[#6](-[#85])(-[#85])-[#8]-[#6]1:[#6](-[#85]):[#6](-[#8]-[#85]):[#6]2:[#6](=[#8]):[#6](-[#85]):[#6](-[#6]3:[#6](-[#85]):[#6](-[#85]):[#6](-[#8]-[#6:22](-[#85:61])(-[#85:62])-[#85:63]):[#6](-[#85]):[#6]:3-[#85]):[#8]:[#6]:2:[#6]:1-[#85],EVODEX-P9711
EVODEX-N3193,[#6:1]-[#16&+:2](-[#6:3])-[#6:10]>>[#6:1]-[#8]-[#6]1:[#6](=[#8]):[#6]2:[#6](:[#8]:[#6]:1-[#6]1:[#6](-[#85]):[#6](-[#85]):[#6](-[#8]-[#85]):[#6](-[#8]-[#85]):[#6]:1-[#85]):[#6](-[#85]):[#6](-[#8]-[#85]):[#6](-[#85]):[#6]:2-[#8]-[#85].[#6:3]-[#16:2]-[#6:10],EVODEX-P9713
EVODEX-N3194,[#85:50]-[#6:1](-[#85:51])(-[#85:52])-[#16&+](-[#6](-[#85])(-[#85])-[#6](-[#85])(-[#85])-[#6@](-[#85])(-[#7](-[#85])-[#85])-[#6](=[#8])-[#8]-[#85])-[#6](-[#85])(-[#85])-[#6@@]1(-[#85])-[#8]-[#6@@](-[#85])(-[#7]2:[#6](-[#85]):[#7]:[#6]3:[#6](-[#7](-[#85])-[#85]):[#7]:[#6](-[#85]):[#7]:[#6]:2:3)-[#6@](-[#85])(-[#8]-[#85])-[#6@]-1(-[#85])-[#8]-[#85]>>[#85:50]-[#6:1](-[#85:51])(-[#85:52])-[#8]-[#6]1:[#6](=[#8]):[#6]2:[#6](:[#8]:[#6]:1-[#6]1:[#6](-[#85]):[#6](-[#85]):[#6](-[#8]-[#85]):[#6](-[#8]-[#85]):[#6]:1-[#85]):[#6](-[#85]):[#6](-[#8]-[#85]):[#6](-[#85]):[#6]:2-[#8]-[#85],EVODEX-P9715
EVODEX-N3195,[#6:26]-[#16&+:27](-[#6:28])-[#6:35]>>[#85]-[#6](-[#85])(-[#85])-[#8]-[#6]1:[#6](-[#85]):[#6](-[#6]2:[#8]:[#6]3:[#6](-[#85]):[#6](-[#8]-[#85]):[#6](-[#85]):[#6](-[#8]-[#85]):[#6]:3:[#6](=[#8]):[#6]:2-[#8]-[#6:26]):[#6](-[#85]):[#6](-[#8]-[#6](-[#85])(-[#85])-[#85]):[#6]:1-[#8]-[#85].[#6:28]-[#16:27]-[#6:35],EVODEX-P9718
EVODEX-N3196,[#85:67]-[#6:26](-[#85:68])(-[#85:69])-[#16&+](-[#6](-[#85])(-[#85])-[#6](-[#85])(-[#85])-[#6@](-[#85])(-[#7](-[#85])-[#85])-[#6](=[#8])-[#8]-[#85])-[#6](-[#85])(-[#85])-[#6@@]1(-[#85])-[#8]-[#6@@](-[#85])(-[#7]2:[#6](-[#85]):[#7]:[#6]3:[#6](-[#7](-[#85])-[#85]):[#7]:[#6](-[#85]):[#7]:[#6]:2:3)-[#6@](-[#85])(-[#8]-[#85])-[#6@]-1(-[#85])-[#8]-[#85]>>[#85]-[#6](-[#85])(-[#85])-[#8]-[#6]1:[#6](-[#85]):[#6](-[#6]2:[#8]:[#6]3:[#6](-[#85]):[#6](-[#8]-[#85]):[#6](-[#85]):[#6](-[#8]-[#85]):[#6]:3:[#6](=[#8]):[#6]:2-[#8]-[#6:26](-[#85:67])(-[#85:68])-[#85:69]):[#6](-[#85]):[#6](-[#8]-[#6](-[#85])(-[#85])-[#85]):[#6]:1-[#8]-[#85],EVODEX-P9721
EVODEX-N3197,[#6:51]-[#16&+:52](-[#6:53])-[#6:60]>>[#85]-[#6](-[#85])(-[#85])-[#6](-[#85])(-[#6](-[#85])(-[#85])-[#85])-[#6@](-[#85])(-[#7](-[#85])-[#85])-[#6](=[#8])-[#7](-[#85])-[#6@@](-[#85])(-[#6](-[#85])(-[#85])-[#6]1:[#6](-[#85]):[#6](-[#85]):[#6](-[#8]-[#85]):[#6](-[#85]):[#6]:1-[#85])-[#6](=[#8])-[#7]1-[#6](-[#85])(-[#85])-[#6](-[#85])(-[#85])-[#6](-[#85])(-[#85])-[#6@@]-1(-[#85])-[#6](=[#8])-[#7](-[#85])-[#6@](-[#85])(-[#6](-[#85])(-[#85])-[#6](=[#8])-[#7](-[#85])-[#6@@](-[#85])(-[#6](-[#85])(-[#85])-[#6]1:[#6](-[#85]):[#7]:[#6](-[#85]):[#7]:1-[#85])-[#6](=[#8])-[#7](-[#85])-[#6@@](-[#85])(-[#6](-[#85])(-[#85])-[#85])-[#6](=[#8])-[#8]-[#85])-[#6](=[#8])-[#8]-[#6:51].[#6:53]-[#16:52]-[#6:60],EVODEX-P9723
EVODEX-N3198,[#85:122]-[#6:51](-[#85:123])(-[#85:124])-[#16&+](-[#6](-[#85])(-[#85])-[#6](-[#85])(-[#85])-[#6@](-[#85])(-[#7](-[#85])-[#85])-[#6](=[#8])-[#8]-[#85])-[#6](-[#85])(-[#85])-[#6@@]1(-[#85])-[#8]-[#6@@](-[#85])(-[#7]2:[#6](-[#85]):[#7]:[#6]3:[#6](-[#7](-[#85])-[#85]):[#7]:[#6](-[#85]):[#7]:[#6]:2:3)-[#6@](-[#85])(-[#8]-[#85])-[#6@]-1(-[#85])-[#8]-[#85]>>[#85]-[#6](-[#85])(-[#85])-[#6](-[#85])(-[#6](-[#85])(-[#85])-[#85])-[#6@](-[#85])(-[#7](-[#85])-[#85])-[#6](=[#8])-[#7](-[#85])-[#6@@](-[#85])(-[#6](-[#85])(-[#85])-[#6]1:[#6](-[#85]):[#6](-[#85]):[#6](-[#8]-[#85]):[#6](-[#85]):[#6]:1-[#85])-[#6](=[#8])-[#7]1-[#6](-[#85])(-[#85])-[#6](-[#85])(-[#85])-[#6](-[#85])(-[#85])-[#6@@]-1(-[#85])-[#6](=[#8])-[#7](-[#85])-[#6@](-[#85])(-[#6](-[#85])(-[#85])-[#6](=[#8])-[#7](-[#85])-[#6@@](-[#85])(-[#6](-[#85])(-[#85])-[#6]1:[#6](-[#85]):[#7]:[#6](-[#85]):[#7]:1-[#85])-[#6](=[#8])-[#7](-[#85])-[#6@@](-[#85])(-[#6](-[#85])(-[#85])-[#85])-[#6](=[#8])-[#8]-[#85])-[#6](=[#8])-[#8]-[#6:51](-[#85:122])(-[#85:123])-[#85:124],EVODEX-P9726
EVODEX-N3199,[#6:61]-[#16&+:62](-[#6:63])-[#6:70]>>[#85]-[#6](-[#85])(-[#85])-[#6@](-[#85])(-[#7](-[#85])-[#6](=[#8])-[#6](-[#85])(-[#85])-[#6@](-[#85])(-[#7](-[#85])-[#6](=[#8])-[#6@](-[#85])(-[#6](-[#85])(-[#85])-[#85])-[#7](-[#85])-[#6](=[#8])-[#6@](-[#85])(-[#6](-[#85])(-[#85])-[#8]-[#85])-[#7](-[#85])-[#6](=[#8])-[#6@](-[#85])(-[#6](-[#85])(-[#85])-[#85])-[#7](-[#85])-[#6](=[#8])-[#6@@](-[#85])(-[#7](-[#85])-[#85])-[#6](-[#85])(-[#85])-[#6](-[#85])(-[#85])-[#6](-[#85])(-[#85])-[#6](-[#85])(-[#85])-[#7](-[#85])-[#85])-[#6](=[#8])-[#8]-[#6:61])-[#6](=[#8])-[#7](-[#85])-[#6@@](-[#85])(-[#6](-[#85])(-[#85])-[#6](-[#85])(-[#85])-[#6](-[#85])(-[#85])-[#6](-[#85])(-[#85])-[#7](-[#85])-[#85])-[#6](=[#8])-[#7](-[#85])-[#6@@](-[#85])(-[#6](-[#85])(-[#85])-[#6]1:[#6](-[#85]):[#6](-[#85]):[#6](-[#8]-[#85]):[#6](-[#85]):[#6]:1-[#85])-[#6](=[#8])-[#8]-[#85].[#6:63]-[#16:62]-[#6:70],EVODEX-P9728
EVODEX-N3200,[#85:148]-[#6:61](-[#85:149])(-[#85:150])-[#16&+](-[#6](-[#85])(-[#85])-[#6](-[#85])(-[#85])-[#6@](-[#85])(-[#7](-[#85])-[#85])-[#6](=[#8])-[#8]-[#85])-[#6](-[#85])(-[#85])-[#6@@]1(-[#85])-[#8]-[#6@@](-[#85])(-[#7]2:[#6](-[#85]):[#7]:[#6]3:[#6](-[#7](-[#85])-[#85]):[#7]:[#6](-[#85]):[#7]:[#6]:2:3)-[#6@](-[#85])(-[#8]-[#85])-[#6@]-1(-[#85])-[#8]-[#85]>>[#85]-[#6](-[#85])(-[#85])-[#6@](-[#85])(-[#7](-[#85])-[#6](=[#8])-[#6](-[#85])(-[#85])-[#6@](-[#85])(-[#7](-[#85])-[#6](=[#8])-[#6@](-[#85])(-[#6](-[#85])(-[#85])-[#85])-[#7](-[#85])-[#6](=[#8])-[#6@](-[#85])(-[#6](-[#85])(-[#85])-[#8]-[#85])-[#7](-[#85])-[#6](=[#8])-[#6@](-[#85])(-[#6](-[#85])(-[#85])-[#85])-[#7](-[#85])-[#6](=[#8])-[#6@@](-[#85])(-[#7](-[#85])-[#85])-[#6](-[#85])(-[#85])-[#6](-[#85])(-[#85])-[#6](-[#85])(-[#85])-[#6](-[#85])(-[#85])-[#7](-[#85])-[#85])-[#6](=[#8])-[#8]-[#6:61](-[#85:148])(-[#85:149])-[#85:150])-[#6](=[#8])-[#7](-[#85])-[#6@@](-[#85])(-[#6](-[#85])(-[#85])-[#6](-[#85])(-[#85])-[#6](-[#85])(-[#85])-[#6](-[#85])(-[#85])-[#7](-[#85])-[#85])-[#6](=[#8])-[#7](-[#85])-[#6@@](-[#85])(-[#6](-[#85])(-[#85])-[#6]1:[#6](-[#85]):[#6](-[#85]):[#6](-[#8]-[#85]):[#6](-[#85]):[#6]:1-[#85])-[#6](=[#8])-[#8]-[#85],EVODEX-P9731
EVODEX-N3201,[#6:1]-[#16&+:2](-[#6:3])-[#6:10]>>[#6:1]-[#8]-[#6]1:[#6](-[#8]-[#85]):[#6](-[#85]):[#6](-[#85]):[#6](-[#6]2:[#6](-[#85]):[#6](=[#8]):[#6]3:[#6](:[#8]:2):[#6](-[#85]):[#6](-[#8]-[#85]):[#6](-[#6@]2(-[#85])-[#8]-[#6@](-[#85])(-[#6](-[#85])(-[#85])-[#8]-[#85])-[#6@@](-[#85])(-[#8]-[#85])-[#6@](-[#85])(-[#8]-[#85])-[#6@@]-2(-[#85])-[#8]-[#85]):[#6]:3-[#8]-[#85]):[#6]:1-[#85].[#6:3]-[#16:2]-[#6:10],EVODEX-P9733
EVODEX-N3202,[#85:60]-[#6:1](-[#85:61])(-[#85:62])-[#16&+](-[#6](-[#85])(-[#85])-[#6](-[#85])(-[#85])-[#6@](-[#85])(-[#7](-[#85])-[#85])-[#6](=[#8])-[#8]-[#85])-[#6](-[#85])(-[#85])-[#6@@]1(-[#85])-[#8]-[#6@@](-[#85])(-[#7]2:[#6](-[#85]):[#7]:[#6]3:[#6](-[#7](-[#85])-[#85]):[#7]:[#6](-[#85]):[#7]:[#6]:2:3)-[#6@](-[#85])(-[#8]-[#85])-[#6@]-1(-[#85])-[#8]-[#85]>>[#85:60]-[#6:1](-[#85:61])(-[#85:62])-[#8]-[#6]1:[#6](-[#8]-[#85]):[#6](-[#85]):[#6](-[#85]):[#6](-[#6]2:[#6](-[#85]):[#6](=[#8]):[#6]3:[#6](:[#8]:2):[#6](-[#85]):[#6](-[#8]-[#85]):[#6](-[#6@]2(-[#85])-[#8]-[#6@](-[#85])(-[#6](-[#85])(-[#85])-[#8]-[#85])-[#6@@](-[#85])(-[#8]-[#85])-[#6@](-[#85])(-[#8]-[#85])-[#6@@]-2(-[#85])-[#8]-[#85]):[#6]:3-[#8]-[#85]):[#6]:1-[#85],EVODEX-P9735
EVODEX-N3203,[#6:43]-[#16&+:44](-[#6:45])-[#6:52]>>[#85]-[#6](-[#85])(-[#85])-[#6@@]1(-[#85])-[#8]-[#6@@](-[#85])(-[#8]-[#6@]2(-[#85])-[#6@](-[#85])(-[#8]-[#85])-[#6@@](-[#85])(-[#8]-[#85])-[#6@@](-[#85])(-[#6](-[#85])(-[#85])-[#8]-[#85])-[#8]-[#6@@]-2(-[#85])-[#6]2:[#6](-[#8]-[#85]):[#6](-[#85]):[#6]3:[#8]:[#6](-[#6]4:[#6](-[#85]):[#6](-[#85]):[#6](-[#8]-[#85]):[#6](-[#8]-[#6:43]):[#6]:4-[#85]):[#6](-[#85]):[#6](=[#8]):[#6]:3:[#6]:2-[#8]-[#85])-[#6@](-[#85])(-[#8]-[#85])-[#6@](-[#85])(-[#8]-[#85])-[#6@]-1(-[#85])-[#8]-[#85].[#6:45]-[#16:44]-[#6:52],EVODEX-P9738
EVODEX-N3204,[#85:100]-[#6:43](-[#85:101])(-[#85:102])-[#16&+](-[#6](-[#85])(-[#85])-[#6](-[#85])(-[#85])-[#6@](-[#85])(-[#7](-[#85])-[#85])-[#6](=[#8])-[#8]-[#85])-[#6](-[#85])(-[#85])-[#6@@]1(-[#85])-[#8]-[#6@@](-[#85])(-[#7]2:[#6](-[#85]):[#7]:[#6]3:[#6](-[#7](-[#85])-[#85]):[#7]:[#6](-[#85]):[#7]:[#6]:2:3)-[#6@](-[#85])(-[#8]-[#85])-[#6@]-1(-[#85])-[#8]-[#85]>>[#85]-[#6](-[#85])(-[#85])-[#6@@]1(-[#85])-[#8]-[#6@@](-[#85])(-[#8]-[#6@]2(-[#85])-[#6@](-[#85])(-[#8]-[#85])-[#6@@](-[#85])(-[#8]-[#85])-[#6@@](-[#85])(-[#6](-[#85])(-[#85])-[#8]-[#85])-[#8]-[#6@@]-2(-[#85])-[#6]2:[#6](-[#8]-[#85]):[#6](-[#85]):[#6]3:[#8]:[#6](-[#6]4:[#6](-[#85]):[#6](-[#85]):[#6](-[#8]-[#85]):[#6](-[#8]-[#6:43](-[#85:100])(-[#85:101])-[#85:102]):[#6]:4-[#85]):[#6](-[#85]):[#6](=[#8]):[#6]:3:[#6]:2-[#8]-[#85])-[#6@](-[#85])(-[#8]-[#85])-[#6@](-[#85])(-[#8]-[#85])-[#6@]-1(-[#85])-[#8]-[#85],EVODEX-P9741
EVODEX-N3205,([#85:48]-[#6:1](-[#85:49])(-[#85:50])-[#6:2](-[#85:51])(-[#85:52])-[#6:3].[#6:7]-[#6:8](-[#85:63])(-[#85])/[#6:9](-[#85:65])=[#6:10](/[#85:66])-[#6:11]).[#85:82]-[#6:21](-[#85:83])(-[#85])-[#16&+:22](-[#6:23])-[#6:30]>>([#85:48]-[#6:1](-[#85:49])(-[#85:50])-[#6:21](-[#85:82])(-[#85:83])-[#6:2](-[#85:51])(-[#85:52])-[#6:3].[#6:7]-[#6:8]1(-[#85:63])-[#6:9](-[#85:65])(-[#85])-[#6:10]-1(-[#85:66])-[#6:11]).[#6:23]-[#16:22]-[#6:30],"EVODEX-P9742,EVODEX-P9747"
EVODEX-N3206,[#85:82]-[#6:21](-[#85:83])(-[#85])-[#16&+:22](-[#6:23])-[#6:30]>>[#85]-[#6](-[#85])(-[#85])-[#6:21](-[#85:82])(-[#85:83])-[#6](-[#85])(-[#85])-[#6](-[#85])(-[#85])-[#6](-[#85])(-[#85])-[#6](-[#85])(-[#85])-[#6](-[#85])(-[#85])-[#6](-[#85])(-[#85])-[#6]1(-[#85])-[#6](-[#85])(-[#85])-[#6]-1(-[#85])-[#6](-[#85])(-[#85])-[#6](-[#85])(-[#85])-[#6](-[#85])(-[#85])-[#6](-[#85])(-[#85])-[#6](-[#85])(-[#85])-[#6](-[#85])(-[#85])-[#6](-[#85])(-[#85])-[#6](=[#8])-[#8]-[#85].[#6:23]-[#16:22]-[#6:30],EVODEX-P9743
EVODEX-N3207,([#85:48]-[#6:1](-[#85:49])(-[#85:50])-[#6:2](-[#85:51])(-[#85:52])-[#6:3].[#6:7]-[#6:8](-[#85:63])(-[#85])/[#6:9](-[#85:65])=[#6:10](/[#85:66])-[#6:11]).[#85:82]-[#6:21](-[#85:83])(-[#85])-[#16&+](-[#6](-[#85])(-[#85])-[#6](-[#85])(-[#85])-[#6@](-[#85])(-[#7](-[#85])-[#85])-[#6](=[#8])-[#8]-[#85])-[#6](-[#85])(-[#85])-[#6@@]1(-[#85])-[#8]-[#6@@](-[#85])(-[#7]2:[#6](-[#85]):[#7]:[#6]3:[#6](-[#7](-[#85])-[#85]):[#7]:[#6](-[#85]):[#7]:[#6]:2:3)-[#6@](-[#85])(-[#8]-[#85])-[#6@]-1(-[#85])-[#8]-[#85]>>([#85:48]-[#6:1](-[#85:49])(-[#85:50])-[#6:21](-[#85:82])(-[#85:83])-[#6:2](-[#85:51])(-[#85:52])-[#6:3].[#6:7]-[#6:8]1(-[#85:63])-[#6:9](-[#85:65])(-[#85])-[#6:10]-1(-[#85:66])-[#6:11]),"EVODEX-P9744,EVODEX-P9749"
EVODEX-N3208,[H][C:8]([C:7])(/[C:9](=[C:10](\[C:11])[H:66])[H:65])[H:63]>>[H]C[H].[H][C:9]1([H:65])[C:8]([C:7])([H:63])[C:10]1([C:11])[H:66],"EVODEX-P9745,EVODEX-P9750"
EVODEX-N3209,[#85:82]-[#6:21](-[#85:83])(-[#85])-[#16&+](-[#6](-[#85])(-[#85])-[#6](-[#85])(-[#85])-[#6@](-[#85])(-[#7](-[#85])-[#85])-[#6](=[#8])-[#8]-[#85])-[#6](-[#85])(-[#85])-[#6@@]1(-[#85])-[#8]-[#6@@](-[#85])(-[#7]2:[#6](-[#85]):[#7]:[#6]3:[#6](-[#7](-[#85])-[#85]):[#7]:[#6](-[#85]):[#7]:[#6]:2:3)-[#6@](-[#85])(-[#8]-[#85])-[#6@]-1(-[#85])-[#8]-[#85]>>[#85]-[#6](-[#85])(-[#85])-[#6:21](-[#85:82])(-[#85:83])-[#6](-[#85])(-[#85])-[#6](-[#85])(-[#85])-[#6](-[#85])(-[#85])-[#6](-[#85])(-[#85])-[#6](-[#85])(-[#85])-[#6](-[#85])(-[#85])-[#6]1(-[#85])-[#6](-[#85])(-[#85])-[#6]-1(-[#85])-[#6](-[#85])(-[#85])-[#6](-[#85])(-[#85])-[#6](-[#85])(-[#85])-[#6](-[#85])(-[#85])-[#6](-[#85])(-[#85])-[#6](-[#85])(-[#85])-[#6](-[#85])(-[#85])-[#6](=[#8])-[#8]-[#85],EVODEX-P9746
EVODEX-N3210,[#85:82]-[#6:21](-[#85:83])(-[#85])-[#16&+:22](-[#6:23])-[#6:30]>>[#85]-[#6](-[#85])(-[#85])-[#6:21](-[#85:82])(-[#85:83])-[#6](-[#85])(-[#85])-[#6](-[#85])(-[#85])-[#6](-[#85])(-[#85])-[#6](-[#85])(-[#85])-[#6@@]1(-[#85])-[#6](-[#85])(-[#85])-[#6@@]-1(-[#85])-[#6](-[#85])(-[#85])-[#6](-[#85])(-[#85])-[#6](-[#85])(-[#85])-[#6](-[#85])(-[#85])-[#6](-[#85])(-[#85])-[#6](-[#85])(-[#85])-[#6](-[#85])(-[#85])-[#6](-[#85])(-[#85])-[#6](-[#85])(-[#85])-[#6](=[#8])-[#8]-[#85].[#6:23]-[#16:22]-[#6:30],EVODEX-P9748
EVODEX-N3211,[#85:82]-[#6:21](-[#85:83])(-[#85])-[#16&+](-[#6](-[#85])(-[#85])-[#6](-[#85])(-[#85])-[#6@](-[#85])(-[#7](-[#85])-[#85])-[#6](=[#8])-[#8]-[#85])-[#6](-[#85])(-[#85])-[#6@@]1(-[#85])-[#8]-[#6@@](-[#85])(-[#7]2:[#6](-[#85]):[#7]:[#6]3:[#6](-[#7](-[#85])-[#85]):[#7]:[#6](-[#85]):[#7]:[#6]:2:3)-[#6@](-[#85])(-[#8]-[#85])-[#6@]-1(-[#85])-[#8]-[#85]>>[#85]-[#6](-[#85])(-[#85])-[#6:21](-[#85:82])(-[#85:83])-[#6](-[#85])(-[#85])-[#6](-[#85])(-[#85])-[#6](-[#85])(-[#85])-[#6](-[#85])(-[#85])-[#6@@]1(-[#85])-[#6](-[#85])(-[#85])-[#6@@]-1(-[#85])-[#6](-[#85])(-[#85])-[#6](-[#85])(-[#85])-[#6](-[#85])(-[#85])-[#6](-[#85])(-[#85])-[#6](-[#85])(-[#85])-[#6](-[#85])(-[#85])-[#6](-[#85])(-[#85])-[#6](-[#85])(-[#85])-[#6](-[#85])(-[#85])-[#6](=[#8])-[#8]-[#85],EVODEX-P9751
EVODEX-N3212,[#6:24]-[#16&+:25](-[#6:26])-[#6:33]>>[#85]-[#6](-[#85])(-[#85])-[#8]-[#6]1:[#6](-[#6]2:[#6](-[#85]):[#6](-[#85]):[#6](-[#8]-[#85]):[#6](-[#8]-[#85]):[#6]:2-[#85]):[#8]:[#6]2:[#6](-[#85]):[#6](-[#8]-[#6:24]):[#6](-[#85]):[#6](-[#8]-[#85]):[#6]:2:[#6]:1=[#8].[#6:26]-[#16:25]-[#6:33],EVODEX-P9753
EVODEX-N3213,[#85:63]-[#6:24](-[#85:64])(-[#85:65])-[#16&+](-[#6](-[#85])(-[#85])-[#6](-[#85])(-[#85])-[#6@](-[#85])(-[#7](-[#85])-[#85])-[#6](=[#8])-[#8]-[#85])-[#6](-[#85])(-[#85])-[#6@@]1(-[#85])-[#8]-[#6@@](-[#85])(-[#7]2:[#6](-[#85]):[#7]:[#6]3:[#6](-[#7](-[#85])-[#85]):[#7]:[#6](-[#85]):[#7]:[#6]:2:3)-[#6@](-[#85])(-[#8]-[#85])-[#6@]-1(-[#85])-[#8]-[#85]>>[#85]-[#6](-[#85])(-[#85])-[#8]-[#6]1:[#6](-[#6]2:[#6](-[#85]):[#6](-[#85]):[#6](-[#8]-[#85]):[#6](-[#8]-[#85]):[#6]:2-[#85]):[#8]:[#6]2:[#6](-[#85]):[#6](-[#8]-[#6:24](-[#85:63])(-[#85:64])-[#85:65]):[#6](-[#85]):[#6](-[#8]-[#85]):[#6]:2:[#6]:1=[#8],EVODEX-P9756
EVODEX-N3214,[#6:1]-[#16&+:2](-[#6:3])-[#6:10]>>[#6:1]-[#8]-[#6]1:[#6](-[#85]):[#6]2:[#8]:[#6](-[#6]3:[#6](-[#85]):[#6](-[#85]):[#6](-[#8]-[#85]):[#6](-[#85]):[#6]:3-[#85]):[#6](-[#8]-[#85]):[#6](=[#8]):[#6]:2:[#6](-[#8]-[#85]):[#6]:1-[#85].[#6:3]-[#16:2]-[#6:10],EVODEX-P9758
EVODEX-N3215,[#85:49]-[#6:1](-[#85:50])(-[#85:51])-[#16&+](-[#6](-[#85])(-[#85])-[#6](-[#85])(-[#85])-[#6@](-[#85])(-[#7](-[#85])-[#85])-[#6](=[#8])-[#8]-[#85])-[#6](-[#85])(-[#85])-[#6@@]1(-[#85])-[#8]-[#6@@](-[#85])(-[#7]2:[#6](-[#85]):[#7]:[#6]3:[#6](-[#7](-[#85])-[#85]):[#7]:[#6](-[#85]):[#7]:[#6]:2:3)-[#6@](-[#85])(-[#8]-[#85])-[#6@]-1(-[#85])-[#8]-[#85]>>[#85:49]-[#6:1](-[#85:50])(-[#85:51])-[#8]-[#6]1:[#6](-[#85]):[#6]2:[#8]:[#6](-[#6]3:[#6](-[#85]):[#6](-[#85]):[#6](-[#8]-[#85]):[#6](-[#85]):[#6]:3-[#85]):[#6](-[#8]-[#85]):[#6](=[#8]):[#6]:2:[#6](-[#8]-[#85]):[#6]:1-[#85],EVODEX-P9760
EVODEX-N3216,[#6:25]-[#16&+:26](-[#6:27])-[#6:34]>>[#85]-[#6](-[#85])(-[#85])-[#8]-[#6]1:[#6](-[#85]):[#6](-[#8]-[#85]):[#6]2:[#6](=[#8]):[#6](-[#8]-[#6](-[#85])(-[#85])-[#85]):[#6](-[#6]3:[#6](-[#85]):[#6](-[#85]):[#6](-[#8]-[#6:25]):[#6](-[#8]-[#85]):[#6]:3-[#85]):[#8]:[#6]:2:[#6]:1-[#85].[#6:27]-[#16:26]-[#6:34],EVODEX-P9763
EVODEX-N3217,[#85:66]-[#6:25](-[#85:67])(-[#85:68])-[#16&+](-[#6](-[#85])(-[#85])-[#6](-[#85])(-[#85])-[#6@](-[#85])(-[#7](-[#85])-[#85])-[#6](=[#8])-[#8]-[#85])-[#6](-[#85])(-[#85])-[#6@@]1(-[#85])-[#8]-[#6@@](-[#85])(-[#7]2:[#6](-[#85]):[#7]:[#6]3:[#6](-[#7](-[#85])-[#85]):[#7]:[#6](-[#85]):[#7]:[#6]:2:3)-[#6@](-[#85])(-[#8]-[#85])-[#6@]-1(-[#85])-[#8]-[#85]>>[#85]-[#6](-[#85])(-[#85])-[#8]-[#6]1:[#6](-[#85]):[#6](-[#8]-[#85]):[#6]2:[#6](=[#8]):[#6](-[#8]-[#6](-[#85])(-[#85])-[#85]):[#6](-[#6]3:[#6](-[#85]):[#6](-[#85]):[#6](-[#8]-[#6:25](-[#85:66])(-[#85:67])-[#85:68]):[#6](-[#8]-[#85]):[#6]:3-[#85]):[#8]:[#6]:2:[#6]:1-[#85],EVODEX-P9766
EVODEX-N3218,[#6:26]-[#16&+:27](-[#6:28])-[#6:35]>>[#85]-[#6](-[#85])(-[#85])-[#8]-[#6]1:[#6](-[#85]):[#6]2:[#8]:[#6](-[#6]3:[#6](-[#85]):[#6](-[#85]):[#6](-[#8]-[#6:26]):[#6](-[#8]-[#85]):[#6]:3-[#85]):[#6](-[#8]-[#6](-[#85])(-[#85])-[#85]):[#6](=[#8]):[#6]:2:[#6](-[#8]-[#85]):[#6]:1-[#8]-[#85].[#6:28]-[#16:27]-[#6:35],EVODEX-P9768
EVODEX-N3219,[#85:67]-[#6:26](-[#85:68])(-[#85:69])-[#16&+](-[#6](-[#85])(-[#85])-[#6](-[#85])(-[#85])-[#6@](-[#85])(-[#7](-[#85])-[#85])-[#6](=[#8])-[#8]-[#85])-[#6](-[#85])(-[#85])-[#6@@]1(-[#85])-[#8]-[#6@@](-[#85])(-[#7]2:[#6](-[#85]):[#7]:[#6]3:[#6](-[#7](-[#85])-[#85]):[#7]:[#6](-[#85]):[#7]:[#6]:2:3)-[#6@](-[#85])(-[#8]-[#85])-[#6@]-1(-[#85])-[#8]-[#85]>>[#85]-[#6](-[#85])(-[#85])-[#8]-[#6]1:[#6](-[#85]):[#6]2:[#8]:[#6](-[#6]3:[#6](-[#85]):[#6](-[#85]):[#6](-[#8]-[#6:26](-[#85:67])(-[#85:68])-[#85:69]):[#6](-[#8]-[#85]):[#6]:3-[#85]):[#6](-[#8]-[#6](-[#85])(-[#85])-[#85]):[#6](=[#8]):[#6]:2:[#6](-[#8]-[#85]):[#6]:1-[#8]-[#85],EVODEX-P9771
EVODEX-N3220,[#6:26]-[#16&+:27](-[#6:28])-[#6:35]>>[#85]-[#6](-[#85])(-[#85])-[#8]-[#6]1:[#6](-[#85]):[#6]2:[#8]:[#6](-[#6]3:[#6](-[#85]):[#6](-[#85]):[#6](-[#8]-[#85]):[#6](-[#8]-[#85]):[#6]:3-[#85]):[#6](-[#8]-[#6](-[#85])(-[#85])-[#85]):[#6](=[#8]):[#6]:2:[#6](-[#8]-[#85]):[#6]:1-[#8]-[#6:26].[#6:28]-[#16:27]-[#6:35],EVODEX-P9773
EVODEX-N3221,[#85:67]-[#6:26](-[#85:68])(-[#85:69])-[#16&+](-[#6](-[#85])(-[#85])-[#6](-[#85])(-[#85])-[#6@](-[#85])(-[#7](-[#85])-[#85])-[#6](=[#8])-[#8]-[#85])-[#6](-[#85])(-[#85])-[#6@@]1(-[#85])-[#8]-[#6@@](-[#85])(-[#7]2:[#6](-[#85]):[#7]:[#6]3:[#6](-[#7](-[#85])-[#85]):[#7]:[#6](-[#85]):[#7]:[#6]:2:3)-[#6@](-[#85])(-[#8]-[#85])-[#6@]-1(-[#85])-[#8]-[#85]>>[#85]-[#6](-[#85])(-[#85])-[#8]-[#6]1:[#6](-[#85]):[#6]2:[#8]:[#6](-[#6]3:[#6](-[#85]):[#6](-[#85]):[#6](-[#8]-[#85]):[#6](-[#8]-[#85]):[#6]:3-[#85]):[#6](-[#8]-[#6](-[#85])(-[#85])-[#85]):[#6](=[#8]):[#6]:2:[#6](-[#8]-[#85]):[#6]:1-[#8]-[#6:26](-[#85:67])(-[#85:68])-[#85:69],EVODEX-P9776
EVODEX-N3222,[#6:27]-[#16&+:28](-[#6:29])-[#6:36]>>[#85]-[#6](-[#85])(-[#85])-[#8]-[#6]1:[#6](-[#85]):[#6](-[#6]2:[#8]:[#6]3:[#6](-[#85]):[#6](-[#8]-[#6](-[#85])(-[#85])-[#85]):[#6](-[#8]-[#6:27]):[#6](-[#8]-[#85]):[#6]:3:[#6](=[#8]):[#6]:2-[#8]-[#6](-[#85])(-[#85])-[#85]):[#6](-[#85]):[#6](-[#85]):[#6]:1-[#8]-[#85].[#6:29]-[#16:28]-[#6:36],EVODEX-P9778
EVODEX-N3223,[#85:70]-[#6:27](-[#85:71])(-[#85:72])-[#16&+](-[#6](-[#85])(-[#85])-[#6](-[#85])(-[#85])-[#6@](-[#85])(-[#7](-[#85])-[#85])-[#6](=[#8])-[#8]-[#85])-[#6](-[#85])(-[#85])-[#6@@]1(-[#85])-[#8]-[#6@@](-[#85])(-[#7]2:[#6](-[#85]):[#7]:[#6]3:[#6](-[#7](-[#85])-[#85]):[#7]:[#6](-[#85]):[#7]:[#6]:2:3)-[#6@](-[#85])(-[#8]-[#85])-[#6@]-1(-[#85])-[#8]-[#85]>>[#85]-[#6](-[#85])(-[#85])-[#8]-[#6]1:[#6](-[#85]):[#6](-[#6]2:[#8]:[#6]3:[#6](-[#85]):[#6](-[#8]-[#6](-[#85])(-[#85])-[#85]):[#6](-[#8]-[#6:27](-[#85:70])(-[#85:71])-[#85:72]):[#6](-[#8]-[#85]):[#6]:3:[#6](=[#8]):[#6]:2-[#8]-[#6](-[#85])(-[#85])-[#85]):[#6](-[#85]):[#6](-[#85]):[#6]:1-[#8]-[#85],EVODEX-P9781
EVODEX-N3224,[H]OC(=O)C([H])([H])C([H])([H])[C@]([H])(OP(=O)(O[H])OC([H])([H])[C@@]1([H])O[C@]([H])(OC([H])([H])[C@@]([H])(O[H])[C@@]([H])(O[H])[C@@]([H])(O[H])C([H])([H])C2:C([H]):C([H]):C(N([H])[C@]([H])(C([H])([H])[H])[C@]3([H])N([C:13]([H:70])([H:71])[H:72])C4:C(:N:C(N([H])[H]):N([H]):C:4=O)N([H])[C@@]3([H])C([H])([H])[H]):C([H]):C:2[H])[C@]([H])(O[H])[C@]1([H])O[H])C(=O)O[H].[H][S:61][C:60]>>[C:13]([S:61][C:60])([H:70])([H:71])[H:72],EVODEX-P9784
EVODEX-N3225,[H]OC(=O)C([H])([H])C([H])([H])[C@]([H])(OP(=O)(O[H])OC([H])([H])[C@@]1([H])O[C@]([H])(OC([H])([H])[C@@]([H])(O[H])[C@@]([H])(O[H])[C@@]([H])(O[H])C([H])([H])C2:C([H]):C([H]):C(N([H])[C@]([H])(C([H])([H])[H])[C@]3([H])N([C:13]([H:70])([H:71])[H:72])C4:C(:N:C(N([H])[H]):N([H]):C:4=O)N([H])[C@@]3([H])C([H])([H])[H]):C([H]):C:2[H])[C@]([H])(O[H])[C@]1([H])O[H])C(=O)O[H]>>[H]OS(=O)(=O)C([H])([H])C([H])([H])S[C:13]([H:70])([H:71])[H:72],EVODEX-P9786
EVODEX-N3226,>>[H]OS(=O)(=O)C([H])([H])C([H])([H])S.[H],"EVODEX-P9787,EVODEX-P31364"
EVODEX-N3227,[C:1]([S:2])([H:62])([H:63])[H:64].[H][N:20]([C:19])[C:21]>>[C:1]([N:20]([C:19])[C:21])([H:62])([H:63])[H:64].[H][S:2],EVODEX-P9788
EVODEX-N3228,[H]OS(=O)(=O)C([H])([H])C([H])([H])S[C:1]([H:62])([H:63])[H:64].[H][N:20]([C:19])[C:21]>>[C:1]([N:20]([C:19])[C:21])([H:62])([H:63])[H:64],EVODEX-P9790
EVODEX-N3229,[H]OS(=O)(=O)C([H])([H])C([H])([H])S[C:1]([H:62])([H:63])[H:64]>>[H]OC(=O)C([H])([H])C([H])([H])[C@]([H])(OP(=O)(O[H])OC([H])([H])[C@@]1([H])O[C@]([H])(OC([H])([H])[C@@]([H])(O[H])[C@@]([H])(O[H])[C@@]([H])(O[H])C([H])([H])C2:C([H]):C([H]):C(N([H])[C@]([H])(C([H])([H])[H])[C@]3([H])N([C:1]([H:62])([H:63])[H:64])C4:C(:N:C(N([H])[H]):N([H]):C:4=O)N([H])[C@@]3([H])C([H])([H])[H]):C([H]):C:2[H])[C@]([H])(O[H])[C@]1([H])O[H])C(=O)O[H],EVODEX-P9792
EVODEX-N3230,>>[H]OC(=O)C([H])([H])C([H])([H])[C@]([H])(OP(=O)(O[H])OC([H])([H])[C@@]1([H])O[C@]([H])(OC([H])([H])[C@@]([H])(O[H])[C@@]([H])(O[H])[C@@]([H])(O[H])C([H])([H])C2:C([H]):C([H]):C(N([H])[C@]([H])(C([H])([H])[H])[C@]3([H])NC4:C(:N:C(N([H])[H]):N([H]):C:4=O)N([H])[C@@]3([H])C([H])([H])[H]):C([H]):C:2[H])[C@]([H])(O[H])[C@]1([H])O[H])C(=O)O[H].[H],"EVODEX-P9793,EVODEX-P11993"
EVODEX-N3231,[#6:1]-[#16&+:2](-[#6:3])-[#6:10]>>[#6:1]-[#8]-[#6]1:[#6]2:[#8]:[#6](-[#6]3:[#6](-[#85]):[#6](-[#85]):[#6](-[#8]-[#85]):[#6](-[#8]-[#85]):[#6]:3-[#85]):[#6](-[#8]-[#85]):[#6](=[#8]):[#6]:2:[#6](-[#8]-[#85]):[#6](-[#85]):[#6]:1-[#8]-[#85].[#6:3]-[#16:2]-[#6:10],EVODEX-P9800
EVODEX-N3232,[#85:51]-[#6:1](-[#85:52])(-[#85:53])-[#16&+](-[#6](-[#85])(-[#85])-[#6](-[#85])(-[#85])-[#6@](-[#85])(-[#7](-[#85])-[#85])-[#6](=[#8])-[#8]-[#85])-[#6](-[#85])(-[#85])-[#6@@]1(-[#85])-[#8]-[#6@@](-[#85])(-[#7]2:[#6](-[#85]):[#7]:[#6]3:[#6](-[#7](-[#85])-[#85]):[#7]:[#6](-[#85]):[#7]:[#6]:2:3)-[#6@](-[#85])(-[#8]-[#85])-[#6@]-1(-[#85])-[#8]-[#85]>>[#85:51]-[#6:1](-[#85:52])(-[#85:53])-[#8]-[#6]1:[#6]2:[#8]:[#6](-[#6]3:[#6](-[#85]):[#6](-[#85]):[#6](-[#8]-[#85]):[#6](-[#8]-[#85]):[#6]:3-[#85]):[#6](-[#8]-[#85]):[#6](=[#8]):[#6]:2:[#6](-[#8]-[#85]):[#6](-[#85]):[#6]:1-[#8]-[#85],EVODEX-P9802
EVODEX-N3233,[#6:1]-[#16&+:2](-[#6:3])-[#6:10]>>[#6:1]-[#8]-[#6]1:[#6]2:[#8]:[#6](-[#6]3:[#6](-[#85]):[#6](-[#85]):[#6](-[#8]-[#85]):[#6](-[#85]):[#6]:3-[#85]):[#6](-[#8]-[#85]):[#6](=[#8]):[#6]:2:[#6](-[#8]-[#85]):[#6](-[#85]):[#6]:1-[#8]-[#85].[#6:3]-[#16:2]-[#6:10],EVODEX-P9805
EVODEX-N3234,[#85:50]-[#6:1](-[#85:51])(-[#85:52])-[#16&+](-[#6](-[#85])(-[#85])-[#6](-[#85])(-[#85])-[#6@](-[#85])(-[#7](-[#85])-[#85])-[#6](=[#8])-[#8]-[#85])-[#6](-[#85])(-[#85])-[#6@@]1(-[#85])-[#8]-[#6@@](-[#85])(-[#7]2:[#6](-[#85]):[#7]:[#6]3:[#6](-[#7](-[#85])-[#85]):[#7]:[#6](-[#85]):[#7]:[#6]:2:3)-[#6@](-[#85])(-[#8]-[#85])-[#6@]-1(-[#85])-[#8]-[#85]>>[#85:50]-[#6:1](-[#85:51])(-[#85:52])-[#8]-[#6]1:[#6]2:[#8]:[#6](-[#6]3:[#6](-[#85]):[#6](-[#85]):[#6](-[#8]-[#85]):[#6](-[#85]):[#6]:3-[#85]):[#6](-[#8]-[#85]):[#6](=[#8]):[#6]:2:[#6](-[#8]-[#85]):[#6](-[#85]):[#6]:1-[#8]-[#85],EVODEX-P9807
EVODEX-N3235,[#6:26]-[#16&+:27](-[#6:28])-[#6:35]>>[#85]-[#6](-[#85])(-[#85])-[#8]-[#6]1:[#6](-[#85]):[#6]2:[#6](:[#6](-[#85]):[#6]:1-[#8]-[#6:26])-[#6]1(-[#85])-[#6](-[#85])(-[#85])-[#6]3:[#6](-[#85]):[#6](-[#85]):[#6](-[#8]-[#6](-[#85])(-[#85])-[#85]):[#6](-[#8]-[#8]-[#85]):[#6]:3-[#6](-[#85])(-[#85])-[#7]-1-[#6](-[#85])(-[#85])-[#6]-2(-[#85])-[#85].[#6:28]-[#16:27]-[#6:35],EVODEX-P9810
EVODEX-N3236,[#85:74]-[#6:26](-[#85:75])(-[#85:76])-[#16&+](-[#6](-[#85])(-[#85])-[#6](-[#85])(-[#85])-[#6@](-[#85])(-[#7](-[#85])-[#85])-[#6](=[#8])-[#8]-[#85])-[#6](-[#85])(-[#85])-[#6@@]1(-[#85])-[#8]-[#6@@](-[#85])(-[#7]2:[#6](-[#85]):[#7]:[#6]3:[#6](-[#7](-[#85])-[#85]):[#7]:[#6](-[#85]):[#7]:[#6]:2:3)-[#6@](-[#85])(-[#8]-[#85])-[#6@]-1(-[#85])-[#8]-[#85]>>[#85]-[#6](-[#85])(-[#85])-[#8]-[#6]1:[#6](-[#85]):[#6]2:[#6](:[#6](-[#85]):[#6]:1-[#8]-[#6:26](-[#85:74])(-[#85:75])-[#85:76])-[#6]1(-[#85])-[#6](-[#85])(-[#85])-[#6]3:[#6](-[#85]):[#6](-[#85]):[#6](-[#8]-[#6](-[#85])(-[#85])-[#85]):[#6](-[#8]-[#8]-[#85]):[#6]:3-[#6](-[#85])(-[#85])-[#7]-1-[#6](-[#85])(-[#85])-[#6]-2(-[#85])-[#85],EVODEX-P9813
EVODEX-N3237,[#6:26]-[#16&+:27](-[#6:28])-[#6:35]>>[#85]-[#6](-[#85])(-[#85])-[#8]-[#6]1:[#6](-[#85]):[#6]2:[#6](:[#6](-[#85]):[#6]:1-[#8]-[#6:26])-[#6@]1(-[#85])-[#6](-[#85])(-[#85])-[#6]3:[#6](-[#85]):[#6](-[#85]):[#6](-[#8]-[#6](-[#85])(-[#85])-[#85]):[#6](-[#8]-[#6](-[#85])(-[#85])-[#85]):[#6]:3-[#6](-[#85])(-[#85])-[#7]-1-[#6](-[#85])(-[#85])-[#6]-2(-[#85])-[#85].[#6:28]-[#16:27]-[#6:35],EVODEX-P9815
EVODEX-N3238,[#85:76]-[#6:26](-[#85:77])(-[#85:78])-[#16&+](-[#6](-[#85])(-[#85])-[#6](-[#85])(-[#85])-[#6@](-[#85])(-[#7](-[#85])-[#85])-[#6](=[#8])-[#8]-[#85])-[#6](-[#85])(-[#85])-[#6@@]1(-[#85])-[#8]-[#6@@](-[#85])(-[#7]2:[#6](-[#85]):[#7]:[#6]3:[#6](-[#7](-[#85])-[#85]):[#7]:[#6](-[#85]):[#7]:[#6]:2:3)-[#6@](-[#85])(-[#8]-[#85])-[#6@]-1(-[#85])-[#8]-[#85]>>[#85]-[#6](-[#85])(-[#85])-[#8]-[#6]1:[#6](-[#85]):[#6]2:[#6](:[#6](-[#85]):[#6]:1-[#8]-[#6:26](-[#85:76])(-[#85:77])-[#85:78])-[#6@]1(-[#85])-[#6](-[#85])(-[#85])-[#6]3:[#6](-[#85]):[#6](-[#85]):[#6](-[#8]-[#6](-[#85])(-[#85])-[#85]):[#6](-[#8]-[#6](-[#85])(-[#85])-[#85]):[#6]:3-[#6](-[#85])(-[#85])-[#7]-1-[#6](-[#85])(-[#85])-[#6]-2(-[#85])-[#85],EVODEX-P9818
EVODEX-N3239,[#7:5]-[#8:6]-[#85].[#85:43]-[#6:7](-[#85:44])(-[#85:45])-[#16&+:8](-[#6:9])-[#6:16]>>[#7:5]-[#8:6]-[#6:7](-[#85:43])(-[#85:44])-[#85:45].[#6:9]-[#16:8]-[#6:16],"EVODEX-P9819,EVODEX-P9824,EVODEX-P10790"
EVODEX-N3240,[#6:7]-[#16&+:8](-[#6:9])-[#6:16]>>[#85]-[#6](-[#85])(-[#85])-[#6](-[#85])(-[#6](-[#85])(-[#85])-[#85])/[#6](-[#85])=[#7]/[#8]-[#6:7].[#6:9]-[#16:8]-[#6:16],EVODEX-P9820
EVODEX-N3241,[#7:5]-[#8:6]-[#85].[#85:43]-[#6:7](-[#85:44])(-[#85:45])-[#16&+](-[#6](-[#85])(-[#85])-[#6](-[#85])(-[#85])-[#6@](-[#85])(-[#7](-[#85])-[#85])-[#6](=[#8])-[#8]-[#85])-[#6](-[#85])(-[#85])-[#6@@]1(-[#85])-[#8]-[#6@@](-[#85])(-[#7]2:[#6](-[#85]):[#7]:[#6]3:[#6](-[#7](-[#85])-[#85]):[#7]:[#6](-[#85]):[#7]:[#6]:2:3)-[#6@](-[#85])(-[#8]-[#85])-[#6@]-1(-[#85])-[#8]-[#85]>>[#7:5]-[#8:6]-[#6:7](-[#85:43])(-[#85:44])-[#85:45],"EVODEX-P9821,EVODEX-P9826,EVODEX-P10792"
EVODEX-N3242,[H][O:6][N:5]>>[H]C([H])([H])[O:6][N:5],"EVODEX-P9822,EVODEX-P9827,EVODEX-P10793"
EVODEX-N3243,[#85:43]-[#6:7](-[#85:44])(-[#85:45])-[#16&+](-[#6](-[#85])(-[#85])-[#6](-[#85])(-[#85])-[#6@](-[#85])(-[#7](-[#85])-[#85])-[#6](=[#8])-[#8]-[#85])-[#6](-[#85])(-[#85])-[#6@@]1(-[#85])-[#8]-[#6@@](-[#85])(-[#7]2:[#6](-[#85]):[#7]:[#6]3:[#6](-[#7](-[#85])-[#85]):[#7]:[#6](-[#85]):[#7]:[#6]:2:3)-[#6@](-[#85])(-[#8]-[#85])-[#6@]-1(-[#85])-[#8]-[#85]>>[#85]-[#6](-[#85])(-[#85])-[#6](-[#85])(-[#6](-[#85])(-[#85])-[#85])/[#6](-[#85])=[#7]/[#8]-[#6:7](-[#85:43])(-[#85:44])-[#85:45],EVODEX-P9823
EVODEX-N3244,[#6:8]-[#16&+:9](-[#6:10])-[#6:17]>>[#85]-[#6](-[#85])(-[#85])-[#6](-[#85])(-[#85])-[#6](-[#85])(-[#6](-[#85])(-[#85])-[#85])/[#6](-[#85])=[#7]/[#8]-[#6:8].[#6:10]-[#16:9]-[#6:17],EVODEX-P9825
EVODEX-N3245,[#85:46]-[#6:8](-[#85:47])(-[#85:48])-[#16&+](-[#6](-[#85])(-[#85])-[#6](-[#85])(-[#85])-[#6@](-[#85])(-[#7](-[#85])-[#85])-[#6](=[#8])-[#8]-[#85])-[#6](-[#85])(-[#85])-[#6@@]1(-[#85])-[#8]-[#6@@](-[#85])(-[#7]2:[#6](-[#85]):[#7]:[#6]3:[#6](-[#7](-[#85])-[#85]):[#7]:[#6](-[#85]):[#7]:[#6]:2:3)-[#6@](-[#85])(-[#8]-[#85])-[#6@]-1(-[#85])-[#8]-[#85]>>[#85]-[#6](-[#85])(-[#85])-[#6](-[#85])(-[#85])-[#6](-[#85])(-[#6](-[#85])(-[#85])-[#85])/[#6](-[#85])=[#7]/[#8]-[#6:8](-[#85:46])(-[#85:47])-[#85:48],EVODEX-P9828
EVODEX-N3246,[#6:30]-[#16&+:31](-[#6:32])-[#6:39]>>[#85]-[#6](-[#85])(-[#85])-[#6](-[#85])(-[#85])-[#6@]12-[#6](-[#85])=[#6](-[#85])-[#6](-[#85])(-[#85])-[#7]3-[#6](-[#85])(-[#85])-[#6](-[#85])(-[#85])-[#6@@]4(-[#6]5:[#6](-[#85]):[#6](-[#85]):[#6](-[#8]-[#6:30]):[#6](-[#85]):[#6]:5-[#7](-[#6](-[#85])(-[#85])-[#85])-[#6@@]-4(-[#85])-[#6@@](-[#8]-[#85])(-[#6](=[#8])-[#8]-[#6](-[#85])(-[#85])-[#85])-[#6@]-1(-[#85])-[#8]-[#85])-[#6@]-2-3-[#85].[#6:32]-[#16:31]-[#6:39],EVODEX-P9830
EVODEX-N3247,[#85:85]-[#6:30](-[#85:86])(-[#85:87])-[#16&+](-[#6](-[#85])(-[#85])-[#6](-[#85])(-[#85])-[#6@](-[#85])(-[#7](-[#85])-[#85])-[#6](=[#8])-[#8]-[#85])-[#6](-[#85])(-[#85])-[#6@@]1(-[#85])-[#8]-[#6@@](-[#85])(-[#7]2:[#6](-[#85]):[#7]:[#6]3:[#6](-[#7](-[#85])-[#85]):[#7]:[#6](-[#85]):[#7]:[#6]:2:3)-[#6@](-[#85])(-[#8]-[#85])-[#6@]-1(-[#85])-[#8]-[#85]>>[#85]-[#6](-[#85])(-[#85])-[#6](-[#85])(-[#85])-[#6@]12-[#6](-[#85])=[#6](-[#85])-[#6](-[#85])(-[#85])-[#7]3-[#6](-[#85])(-[#85])-[#6](-[#85])(-[#85])-[#6@@]4(-[#6]5:[#6](-[#85]):[#6](-[#85]):[#6](-[#8]-[#6:30](-[#85:85])(-[#85:86])-[#85:87]):[#6](-[#85]):[#6]:5-[#7](-[#6](-[#85])(-[#85])-[#85])-[#6@@]-4(-[#85])-[#6@@](-[#8]-[#85])(-[#6](=[#8])-[#8]-[#6](-[#85])(-[#85])-[#85])-[#6@]-1(-[#85])-[#8]-[#85])-[#6@]-2-3-[#85],EVODEX-P9833
EVODEX-N3248,[#6:27]-[#16&+:28](-[#6:29])-[#6:36]>>[#85]-[#6](-[#85])(-[#85])-[#6](-[#85])(-[#85])-[#6@]12-[#6](-[#85])=[#6](-[#85])-[#6](-[#85])(-[#85])-[#7]3-[#6](-[#85])(-[#85])-[#6](-[#85])(-[#85])-[#6@]4(-[#6](=[#6](-[#6](=[#8])-[#8]-[#6](-[#85])(-[#85])-[#85])-[#6]-1(-[#85])-[#85])-[#7](-[#85])-[#6]1:[#6](-[#85]):[#6](-[#8]-[#6:27]):[#6](-[#85]):[#6](-[#85]):[#6]:1-4)-[#6@]-2-3-[#85].[#6:29]-[#16:28]-[#6:36],EVODEX-P9835
EVODEX-N3249,[#85:78]-[#6:27](-[#85:79])(-[#85:80])-[#16&+](-[#6](-[#85])(-[#85])-[#6](-[#85])(-[#85])-[#6@](-[#85])(-[#7](-[#85])-[#85])-[#6](=[#8])-[#8]-[#85])-[#6](-[#85])(-[#85])-[#6@@]1(-[#85])-[#8]-[#6@@](-[#85])(-[#7]2:[#6](-[#85]):[#7]:[#6]3:[#6](-[#7](-[#85])-[#85]):[#7]:[#6](-[#85]):[#7]:[#6]:2:3)-[#6@](-[#85])(-[#8]-[#85])-[#6@]-1(-[#85])-[#8]-[#85]>>[#85]-[#6](-[#85])(-[#85])-[#6](-[#85])(-[#85])-[#6@]12-[#6](-[#85])=[#6](-[#85])-[#6](-[#85])(-[#85])-[#7]3-[#6](-[#85])(-[#85])-[#6](-[#85])(-[#85])-[#6@]4(-[#6](=[#6](-[#6](=[#8])-[#8]-[#6](-[#85])(-[#85])-[#85])-[#6]-1(-[#85])-[#85])-[#7](-[#85])-[#6]1:[#6](-[#85]):[#6](-[#8]-[#6:27](-[#85:78])(-[#85:79])-[#85:80]):[#6](-[#85]):[#6](-[#85]):[#6]:1-4)-[#6@]-2-3-[#85],EVODEX-P9838
EVODEX-N3250,[#6:1]-[#16&+:2](-[#6:3])-[#6:10]>>[#6:1]-[#6]1:[#6](-[#8]-[#85]):[#6](-[#6](-[#85])(-[#85])-[#85]):[#6](-[#6](-[#85])(-[#85])-[#85]):[#6]2:[#6]:1-[#6](-[#85])(-[#85])-[#6](-[#85])(-[#85])-[#6@@](-[#6](-[#85])(-[#85])-[#85])(-[#6](-[#85])(-[#85])-[#6](-[#85])(-[#85])-[#6](-[#85])(-[#85])-[#6@](-[#85])(-[#6](-[#85])(-[#85])-[#85])-[#6](-[#85])(-[#85])-[#6](-[#85])(-[#85])-[#6](-[#85])(-[#85])-[#6@](-[#85])(-[#6](-[#85])(-[#85])-[#85])-[#6](-[#85])(-[#85])-[#6](-[#85])(-[#85])-[#6](-[#85])(-[#85])-[#6](-[#85])(-[#6](-[#85])(-[#85])-[#85])-[#6](-[#85])(-[#85])-[#85])-[#8]-2.[#6:3]-[#16:2]-[#6:10],EVODEX-P9840
EVODEX-N3251,[#85:58]-[#6:1](-[#85:59])(-[#85:60])-[#16&+](-[#6](-[#85])(-[#85])-[#6](-[#85])(-[#85])-[#6@](-[#85])(-[#7](-[#85])-[#85])-[#6](=[#8])-[#8]-[#85])-[#6](-[#85])(-[#85])-[#6@@]1(-[#85])-[#8]-[#6@@](-[#85])(-[#7]2:[#6](-[#85]):[#7]:[#6]3:[#6](-[#7](-[#85])-[#85]):[#7]:[#6](-[#85]):[#7]:[#6]:2:3)-[#6@](-[#85])(-[#8]-[#85])-[#6@]-1(-[#85])-[#8]-[#85]>>[#85:58]-[#6:1](-[#85:59])(-[#85:60])-[#6]1:[#6](-[#8]-[#85]):[#6](-[#6](-[#85])(-[#85])-[#85]):[#6](-[#6](-[#85])(-[#85])-[#85]):[#6]2:[#6]:1-[#6](-[#85])(-[#85])-[#6](-[#85])(-[#85])-[#6@@](-[#6](-[#85])(-[#85])-[#85])(-[#6](-[#85])(-[#85])-[#6](-[#85])(-[#85])-[#6](-[#85])(-[#85])-[#6@](-[#85])(-[#6](-[#85])(-[#85])-[#85])-[#6](-[#85])(-[#85])-[#6](-[#85])(-[#85])-[#6](-[#85])(-[#85])-[#6@](-[#85])(-[#6](-[#85])(-[#85])-[#85])-[#6](-[#85])(-[#85])-[#6](-[#85])(-[#85])-[#6](-[#85])(-[#85])-[#6](-[#85])(-[#6](-[#85])(-[#85])-[#85])-[#6](-[#85])(-[#85])-[#85])-[#8]-2,EVODEX-P9842
EVODEX-N3252,[#6:1]-[#16&+:2](-[#6:3])-[#6:10]>>[#6:1]-[#6]1:[#6](-[#8]-[#85]):[#6](-[#85]):[#6](-[#6](-[#85])(-[#85])-[#85]):[#6]2:[#6]:1-[#6](-[#85])(-[#85])-[#6](-[#85])(-[#85])-[#6@@](-[#6](-[#85])(-[#85])-[#85])(-[#6](-[#85])(-[#85])-[#6](-[#85])(-[#85])-[#6](-[#85])(-[#85])-[#6@](-[#85])(-[#6](-[#85])(-[#85])-[#85])-[#6](-[#85])(-[#85])-[#6](-[#85])(-[#85])-[#6](-[#85])(-[#85])-[#6@](-[#85])(-[#6](-[#85])(-[#85])-[#85])-[#6](-[#85])(-[#85])-[#6](-[#85])(-[#85])-[#6](-[#85])(-[#85])-[#6](-[#85])(-[#6](-[#85])(-[#85])-[#85])-[#6](-[#85])(-[#85])-[#85])-[#8]-2.[#6:3]-[#16:2]-[#6:10],EVODEX-P9845
EVODEX-N3253,[#85:57]-[#6:1](-[#85:58])(-[#85:59])-[#16&+](-[#6](-[#85])(-[#85])-[#6](-[#85])(-[#85])-[#6@](-[#85])(-[#7](-[#85])-[#85])-[#6](=[#8])-[#8]-[#85])-[#6](-[#85])(-[#85])-[#6@@]1(-[#85])-[#8]-[#6@@](-[#85])(-[#7]2:[#6](-[#85]):[#7]:[#6]3:[#6](-[#7](-[#85])-[#85]):[#7]:[#6](-[#85]):[#7]:[#6]:2:3)-[#6@](-[#85])(-[#8]-[#85])-[#6@]-1(-[#85])-[#8]-[#85]>>[#85:57]-[#6:1](-[#85:58])(-[#85:59])-[#6]1:[#6](-[#8]-[#85]):[#6](-[#85]):[#6](-[#6](-[#85])(-[#85])-[#85]):[#6]2:[#6]:1-[#6](-[#85])(-[#85])-[#6](-[#85])(-[#85])-[#6@@](-[#6](-[#85])(-[#85])-[#85])(-[#6](-[#85])(-[#85])-[#6](-[#85])(-[#85])-[#6](-[#85])(-[#85])-[#6@](-[#85])(-[#6](-[#85])(-[#85])-[#85])-[#6](-[#85])(-[#85])-[#6](-[#85])(-[#85])-[#6](-[#85])(-[#85])-[#6@](-[#85])(-[#6](-[#85])(-[#85])-[#85])-[#6](-[#85])(-[#85])-[#6](-[#85])(-[#85])-[#6](-[#85])(-[#85])-[#6](-[#85])(-[#6](-[#85])(-[#85])-[#85])-[#6](-[#85])(-[#85])-[#85])-[#8]-2,EVODEX-P9847
EVODEX-N3254,[#6:1]-[#16:2]-[#6:3].[#85:37]-[#6:4](-[#85:38])(-[#85:39])-[#16&+:5](-[#6:6])-[#6:13]>>[#6:1]-[#16&+:2](-[#6:3])-[#6:4](-[#85:37])(-[#85:38])-[#85:39].[#6:6]-[#16:5]-[#6:13],"EVODEX-P9849,EVODEX-P10785"
EVODEX-N3255,[#6:1]-[#16:2]-[#6:3].[#85:37]-[#6:4](-[#85:38])(-[#85:39])-[#16&+](-[#6](-[#85])(-[#85])-[#6](-[#85])(-[#85])-[#6@](-[#85])(-[#7](-[#85])-[#85])-[#6](=[#8])-[#8]-[#85])-[#6](-[#85])(-[#85])-[#6@@]1(-[#85])-[#8]-[#6@@](-[#85])(-[#7]2:[#6](-[#85]):[#7]:[#6]3:[#6](-[#7](-[#85])-[#85]):[#7]:[#6](-[#85]):[#7]:[#6]:2:3)-[#6@](-[#85])(-[#8]-[#85])-[#6@]-1(-[#85])-[#8]-[#85]>>[#6:1]-[#16&+:2](-[#6:3])-[#6:4](-[#85:37])(-[#85:38])-[#85:39],"EVODEX-P9850,EVODEX-P10786"
EVODEX-N3256,[#85:37]-[#6:4](-[#85:38])(-[#85:39])-[#16&+](-[#6](-[#85])(-[#85])-[#6](-[#85])(-[#85])-[#6@](-[#85])(-[#7](-[#85])-[#85])-[#6](=[#8])-[#8]-[#85])-[#6](-[#85])(-[#85])-[#6@@]1(-[#85])-[#8]-[#6@@](-[#85])(-[#7]2:[#6](-[#85]):[#7]:[#6]3:[#6](-[#7](-[#85])-[#85]):[#7]:[#6](-[#85]):[#7]:[#6]:2:3)-[#6@](-[#85])(-[#8]-[#85])-[#6@]-1(-[#85])-[#8]-[#85]>>[#85]-[#6](-[#85])(-[#85])-[#16&+](-[#6](-[#85])(-[#85])-[#85])-[#6:4](-[#85:37])(-[#85:38])-[#85:39],EVODEX-P9851
EVODEX-N3257,[#6:1]-[#16:2]-[#6:3]>>[#6:1]-[#16&+:2](-[#6:3])-[#6](-[#85])(-[#85])-[#85],"EVODEX-P9852,EVODEX-P10003,EVODEX-P10787"
EVODEX-N3258,[#6:4]-[#16&+:5](-[#6:6])-[#6:13]>>[#85]-[#6](-[#85])(-[#85])-[#16&+](-[#6](-[#85])(-[#85])-[#85])-[#6:4].[#6:6]-[#16:5]-[#6:13],EVODEX-P9853
EVODEX-N3259,[#85:31]-[#6:1](-[#85:32])(-[#85:33])-[#16&+](-[#6](-[#85])(-[#85])-[#6](-[#85])(-[#85])-[#6@](-[#85])(-[#7](-[#85])-[#85])-[#6](=[#8])-[#8]-[#85])-[#6](-[#85])(-[#85])-[#6@@]1(-[#85])-[#8]-[#6@@](-[#85])(-[#7]2:[#6](-[#85]):[#7]:[#6]3:[#6](-[#7](-[#85])-[#85]):[#7]:[#6](-[#85]):[#7]:[#6]:2:3)-[#6@](-[#85])(-[#8]-[#85])-[#6@]-1(-[#85])-[#8]-[#85]>>[#85:31]-[#6:1](-[#85:32])(-[#85:33])-[#34&+](-[#6](-[#85])(-[#85])-[#85])-[#6](-[#85])(-[#85])-[#85],EVODEX-P9857
EVODEX-N3260,[#6:1]-[#16&+:2](-[#6:3])-[#6:10]>>[#6:1]-[#34&+](-[#6](-[#85])(-[#85])-[#85])-[#6](-[#85])(-[#85])-[#85].[#6:3]-[#16:2]-[#6:10],EVODEX-P9858
EVODEX-N3261,[#6:1]-[#16&+:2](-[#6:3])-[#6:10]>>[#6:1]-[#6]1:[#6](-[#8]-[#85]):[#6](-[#7](-[#85])-[#85]):[#6](-[#6](=[#8])-[#8]-[#85]):[#6](-[#85]):[#6]:1-[#85].[#6:3]-[#16:2]-[#6:10],EVODEX-P9860
EVODEX-N3262,[#85:39]-[#6:1](-[#85:40])(-[#85:41])-[#16&+](-[#6](-[#85])(-[#85])-[#6](-[#85])(-[#85])-[#6@](-[#85])(-[#7](-[#85])-[#85])-[#6](=[#8])-[#8]-[#85])-[#6](-[#85])(-[#85])-[#6@@]1(-[#85])-[#8]-[#6@@](-[#85])(-[#7]2:[#6](-[#85]):[#7]:[#6]3:[#6](-[#7](-[#85])-[#85]):[#7]:[#6](-[#85]):[#7]:[#6]:2:3)-[#6@](-[#85])(-[#8]-[#85])-[#6@]-1(-[#85])-[#8]-[#85]>>[#85:39]-[#6:1](-[#85:40])(-[#85:41])-[#6]1:[#6](-[#8]-[#85]):[#6](-[#7](-[#85])-[#85]):[#6](-[#6](=[#8])-[#8]-[#85]):[#6](-[#85]):[#6]:1-[#85],EVODEX-P9862
EVODEX-N3263,[#6:29]-[#16&+:30](-[#6:31])-[#6:38]>>[#85]-[#6](-[#85])(-[#85])-[#6](-[#85])(-[#85])-[#6@]12-[#6](-[#85])=[#6](-[#85])-[#6](-[#85])(-[#85])-[#7]3-[#6](-[#85])(-[#85])-[#6](-[#85])(-[#85])-[#6@@]4(-[#6]5:[#6](-[#85]):[#6](-[#85]):[#6](-[#8]-[#6](-[#85])(-[#85])-[#85]):[#6](-[#85]):[#6]:5-[#7](-[#6:29])-[#6@@]-4(-[#85])-[#6@@](-[#8]-[#85])(-[#6](=[#8])-[#8]-[#6](-[#85])(-[#85])-[#85])-[#6]-1(-[#85])-[#85])-[#6@]-2-3-[#85].[#6:31]-[#16:30]-[#6:38],EVODEX-P9865
EVODEX-N3264,[#85:84]-[#6:29](-[#85:85])(-[#85:86])-[#16&+](-[#6](-[#85])(-[#85])-[#6](-[#85])(-[#85])-[#6@](-[#85])(-[#7](-[#85])-[#85])-[#6](=[#8])-[#8]-[#85])-[#6](-[#85])(-[#85])-[#6@@]1(-[#85])-[#8]-[#6@@](-[#85])(-[#7]2:[#6](-[#85]):[#7]:[#6]3:[#6](-[#7](-[#85])-[#85]):[#7]:[#6](-[#85]):[#7]:[#6]:2:3)-[#6@](-[#85])(-[#8]-[#85])-[#6@]-1(-[#85])-[#8]-[#85]>>[#85]-[#6](-[#85])(-[#85])-[#6](-[#85])(-[#85])-[#6@]12-[#6](-[#85])=[#6](-[#85])-[#6](-[#85])(-[#85])-[#7]3-[#6](-[#85])(-[#85])-[#6](-[#85])(-[#85])-[#6@@]4(-[#6]5:[#6](-[#85]):[#6](-[#85]):[#6](-[#8]-[#6](-[#85])(-[#85])-[#85]):[#6](-[#85]):[#6]:5-[#7](-[#6:29](-[#85:84])(-[#85:85])-[#85:86])-[#6@@]-4(-[#85])-[#6@@](-[#8]-[#85])(-[#6](=[#8])-[#8]-[#6](-[#85])(-[#85])-[#85])-[#6]-1(-[#85])-[#85])-[#6@]-2-3-[#85],EVODEX-P9868
EVODEX-N3265,[#6:26]-[#16&+:27](-[#6:28])-[#6:35]>>[#85]-[#6](-[#85])(-[#85])-[#6](=[#8])-[#7](-[#85])-[#6@@](-[#85])(-[#6](-[#85])(-[#85])-[#16]-[#6](-[#85])(-[#85])/[#6](-[#85])=[#6](\[#6](-[#85])(-[#85])-[#85])-[#6](-[#85])(-[#85])-[#6](-[#85])(-[#85])/[#6](-[#85])=[#6](\[#6](-[#85])(-[#85])-[#85])-[#6](-[#85])(-[#85])-[#6](-[#85])(-[#85])-[#6](-[#85])=[#6](-[#6](-[#85])(-[#85])-[#85])-[#6](-[#85])(-[#85])-[#85])-[#6](=[#8])-[#8]-[#6:26].[#6:28]-[#16:27]-[#6:35],EVODEX-P9870
EVODEX-N3266,[#85:86]-[#6:26](-[#85:87])(-[#85:88])-[#16&+](-[#6](-[#85])(-[#85])-[#6](-[#85])(-[#85])-[#6@](-[#85])(-[#7](-[#85])-[#85])-[#6](=[#8])-[#8]-[#85])-[#6](-[#85])(-[#85])-[#6@@]1(-[#85])-[#8]-[#6@@](-[#85])(-[#7]2:[#6](-[#85]):[#7]:[#6]3:[#6](-[#7](-[#85])-[#85]):[#7]:[#6](-[#85]):[#7]:[#6]:2:3)-[#6@](-[#85])(-[#8]-[#85])-[#6@]-1(-[#85])-[#8]-[#85]>>[#85]-[#6](-[#85])(-[#85])-[#6](=[#8])-[#7](-[#85])-[#6@@](-[#85])(-[#6](-[#85])(-[#85])-[#16]-[#6](-[#85])(-[#85])/[#6](-[#85])=[#6](\[#6](-[#85])(-[#85])-[#85])-[#6](-[#85])(-[#85])-[#6](-[#85])(-[#85])/[#6](-[#85])=[#6](\[#6](-[#85])(-[#85])-[#85])-[#6](-[#85])(-[#85])-[#6](-[#85])(-[#85])-[#6](-[#85])=[#6](-[#6](-[#85])(-[#85])-[#85])-[#6](-[#85])(-[#85])-[#85])-[#6](=[#8])-[#8]-[#6:26](-[#85:86])(-[#85:87])-[#85:88],EVODEX-P9873
EVODEX-N3267,[#6:31]-[#16&+:32](-[#6:33])-[#6:40]>>[#85]-[#6](-[#85])(-[#85])-[#6](=[#8])-[#7](-[#85])-[#6@@](-[#85])(-[#6](-[#85])(-[#85])-[#16]-[#6](-[#85])(-[#85])/[#6](-[#85])=[#6](\[#6](-[#85])(-[#85])-[#85])-[#6](-[#85])(-[#85])-[#6](-[#85])(-[#85])/[#6](-[#85])=[#6](\[#6](-[#85])(-[#85])-[#85])-[#6](-[#85])(-[#85])-[#6](-[#85])(-[#85])/[#6](-[#85])=[#6](\[#6](-[#85])(-[#85])-[#85])-[#6](-[#85])(-[#85])-[#6](-[#85])(-[#85])-[#6](-[#85])=[#6](-[#6](-[#85])(-[#85])-[#85])-[#6](-[#85])(-[#85])-[#85])-[#6](=[#8])-[#8]-[#6:31].[#6:33]-[#16:32]-[#6:40],EVODEX-P9875
EVODEX-N3268,[#85:99]-[#6:31](-[#85:100])(-[#85:101])-[#16&+](-[#6](-[#85])(-[#85])-[#6](-[#85])(-[#85])-[#6@](-[#85])(-[#7](-[#85])-[#85])-[#6](=[#8])-[#8]-[#85])-[#6](-[#85])(-[#85])-[#6@@]1(-[#85])-[#8]-[#6@@](-[#85])(-[#7]2:[#6](-[#85]):[#7]:[#6]3:[#6](-[#7](-[#85])-[#85]):[#7]:[#6](-[#85]):[#7]:[#6]:2:3)-[#6@](-[#85])(-[#8]-[#85])-[#6@]-1(-[#85])-[#8]-[#85]>>[#85]-[#6](-[#85])(-[#85])-[#6](=[#8])-[#7](-[#85])-[#6@@](-[#85])(-[#6](-[#85])(-[#85])-[#16]-[#6](-[#85])(-[#85])/[#6](-[#85])=[#6](\[#6](-[#85])(-[#85])-[#85])-[#6](-[#85])(-[#85])-[#6](-[#85])(-[#85])/[#6](-[#85])=[#6](\[#6](-[#85])(-[#85])-[#85])-[#6](-[#85])(-[#85])-[#6](-[#85])(-[#85])/[#6](-[#85])=[#6](\[#6](-[#85])(-[#85])-[#85])-[#6](-[#85])(-[#85])-[#6](-[#85])(-[#85])-[#6](-[#85])=[#6](-[#6](-[#85])(-[#85])-[#85])-[#6](-[#85])(-[#85])-[#85])-[#6](=[#8])-[#8]-[#6:31](-[#85:99])(-[#85:100])-[#85:101],EVODEX-P9878
EVODEX-N3269,[#6:64]-[#16&+:65](-[#6:66])-[#6:73]>>[#85]-[#6](-[#85])(-[#85])-[#6](-[#85])(-[#85])-[#6@@]1(-[#85])-[#8]-[#6](=[#8])-[#6](-[#85])(-[#85])-[#6@@](-[#85])(-[#8]-[#85])-[#6@](-[#85])(-[#6](-[#85])(-[#85])-[#85])-[#6@@](-[#85])(-[#8]-[#6@]2(-[#85])-[#8]-[#6@](-[#85])(-[#6](-[#85])(-[#85])-[#85])-[#6@@](-[#85])(-[#8]-[#6@@]3(-[#85])-[#6](-[#85])(-[#85])-[#6@@](-[#6](-[#85])(-[#85])-[#85])(-[#8]-[#85])-[#6@@](-[#85])(-[#8]-[#85])-[#6@](-[#85])(-[#6](-[#85])(-[#85])-[#85])-[#8]-3)-[#6@](-[#85])(-[#7](-[#6](-[#85])(-[#85])-[#85])-[#6](-[#85])(-[#85])-[#85])-[#6@@]-2(-[#85])-[#8]-[#85])-[#6@@](-[#85])(-[#6](-[#85])(-[#85])-[#6](-[#85])=[#8])-[#6](-[#85])(-[#85])-[#6@@](-[#85])(-[#6](-[#85])(-[#85])-[#85])-[#6](=[#8])-[#6](-[#85])=[#6](-[#85])-[#6](-[#6](-[#85])(-[#85])-[#85])=[#6](-[#85])-[#6@]-1(-[#85])-[#6](-[#85])(-[#85])-[#8]-[#6@]1(-[#85])-[#8]-[#6@](-[#85])(-[#6](-[#85])(-[#85])-[#85])-[#6@@](-[#85])(-[#8]-[#85])-[#6@@](-[#85])(-[#8]-[#6:64])-[#6@@]-1(-[#85])-[#8]-[#6](-[#85])(-[#85])-[#85].[#6:66]-[#16:65]-[#6:73],EVODEX-P9880
EVODEX-N3270,[#85:166]-[#6:64](-[#85:167])(-[#85:168])-[#16&+](-[#6](-[#85])(-[#85])-[#6](-[#85])(-[#85])-[#6@](-[#85])(-[#7](-[#85])-[#85])-[#6](=[#8])-[#8]-[#85])-[#6](-[#85])(-[#85])-[#6@@]1(-[#85])-[#8]-[#6@@](-[#85])(-[#7]2:[#6](-[#85]):[#7]:[#6]3:[#6](-[#7](-[#85])-[#85]):[#7]:[#6](-[#85]):[#7]:[#6]:2:3)-[#6@](-[#85])(-[#8]-[#85])-[#6@]-1(-[#85])-[#8]-[#85]>>[#85]-[#6](-[#85])(-[#85])-[#6](-[#85])(-[#85])-[#6@@]1(-[#85])-[#8]-[#6](=[#8])-[#6](-[#85])(-[#85])-[#6@@](-[#85])(-[#8]-[#85])-[#6@](-[#85])(-[#6](-[#85])(-[#85])-[#85])-[#6@@](-[#85])(-[#8]-[#6@]2(-[#85])-[#8]-[#6@](-[#85])(-[#6](-[#85])(-[#85])-[#85])-[#6@@](-[#85])(-[#8]-[#6@@]3(-[#85])-[#6](-[#85])(-[#85])-[#6@@](-[#6](-[#85])(-[#85])-[#85])(-[#8]-[#85])-[#6@@](-[#85])(-[#8]-[#85])-[#6@](-[#85])(-[#6](-[#85])(-[#85])-[#85])-[#8]-3)-[#6@](-[#85])(-[#7](-[#6](-[#85])(-[#85])-[#85])-[#6](-[#85])(-[#85])-[#85])-[#6@@]-2(-[#85])-[#8]-[#85])-[#6@@](-[#85])(-[#6](-[#85])(-[#85])-[#6](-[#85])=[#8])-[#6](-[#85])(-[#85])-[#6@@](-[#85])(-[#6](-[#85])(-[#85])-[#85])-[#6](=[#8])-[#6](-[#85])=[#6](-[#85])-[#6](-[#6](-[#85])(-[#85])-[#85])=[#6](-[#85])-[#6@]-1(-[#85])-[#6](-[#85])(-[#85])-[#8]-[#6@]1(-[#85])-[#8]-[#6@](-[#85])(-[#6](-[#85])(-[#85])-[#85])-[#6@@](-[#85])(-[#8]-[#85])-[#6@@](-[#85])(-[#8]-[#6:64](-[#85:166])(-[#85:167])-[#85:168])-[#6@@]-1(-[#85])-[#8]-[#6](-[#85])(-[#85])-[#85],EVODEX-P9883
EVODEX-N3271,[#6:54]-[#16&+:55](-[#6:56])-[#6:63]>>[#85]-[#6](-[#85])(-[#85])-[#6](-[#85])(-[#85])-[#6]1(-[#85])-[#8]-[#6](=[#8])-[#6](-[#85])(-[#85])-[#6@@](-[#85])(-[#8]-[#85])-[#6@](-[#85])(-[#6](-[#85])(-[#85])-[#85])-[#6](-[#85])(-[#8]-[#6@]2(-[#85])-[#8]-[#6@](-[#85])(-[#6](-[#85])(-[#85])-[#85])-[#6@@](-[#85])(-[#8]-[#85])-[#6@](-[#85])(-[#7](-[#6](-[#85])(-[#85])-[#85])-[#6](-[#85])(-[#85])-[#85])-[#6@@]-2(-[#85])-[#8]-[#85])-[#6@@](-[#85])(-[#6](-[#85])(-[#85])-[#6](-[#85])=[#8])-[#6](-[#85])(-[#85])-[#6@@](-[#85])(-[#6](-[#85])(-[#85])-[#85])-[#6](=[#8])-[#6](-[#85])=[#6](-[#85])-[#6](-[#6](-[#85])(-[#85])-[#85])=[#6](-[#85])-[#6@]-1(-[#85])-[#6](-[#85])(-[#85])-[#8]-[#6@]1(-[#85])-[#8]-[#6@](-[#85])(-[#6](-[#85])(-[#85])-[#85])-[#6@@](-[#85])(-[#8]-[#85])-[#6@@](-[#85])(-[#8]-[#6:54])-[#6@@]-1(-[#85])-[#8]-[#6](-[#85])(-[#85])-[#85].[#6:56]-[#16:55]-[#6:63],EVODEX-P9885
EVODEX-N3272,[#85:144]-[#6:54](-[#85:145])(-[#85:146])-[#16&+](-[#6](-[#85])(-[#85])-[#6](-[#85])(-[#85])-[#6@](-[#85])(-[#7](-[#85])-[#85])-[#6](=[#8])-[#8]-[#85])-[#6](-[#85])(-[#85])-[#6@@]1(-[#85])-[#8]-[#6@@](-[#85])(-[#7]2:[#6](-[#85]):[#7]:[#6]3:[#6](-[#7](-[#85])-[#85]):[#7]:[#6](-[#85]):[#7]:[#6]:2:3)-[#6@](-[#85])(-[#8]-[#85])-[#6@]-1(-[#85])-[#8]-[#85]>>[#85]-[#6](-[#85])(-[#85])-[#6](-[#85])(-[#85])-[#6]1(-[#85])-[#8]-[#6](=[#8])-[#6](-[#85])(-[#85])-[#6@@](-[#85])(-[#8]-[#85])-[#6@](-[#85])(-[#6](-[#85])(-[#85])-[#85])-[#6](-[#85])(-[#8]-[#6@]2(-[#85])-[#8]-[#6@](-[#85])(-[#6](-[#85])(-[#85])-[#85])-[#6@@](-[#85])(-[#8]-[#85])-[#6@](-[#85])(-[#7](-[#6](-[#85])(-[#85])-[#85])-[#6](-[#85])(-[#85])-[#85])-[#6@@]-2(-[#85])-[#8]-[#85])-[#6@@](-[#85])(-[#6](-[#85])(-[#85])-[#6](-[#85])=[#8])-[#6](-[#85])(-[#85])-[#6@@](-[#85])(-[#6](-[#85])(-[#85])-[#85])-[#6](=[#8])-[#6](-[#85])=[#6](-[#85])-[#6](-[#6](-[#85])(-[#85])-[#85])=[#6](-[#85])-[#6@]-1(-[#85])-[#6](-[#85])(-[#85])-[#8]-[#6@]1(-[#85])-[#8]-[#6@](-[#85])(-[#6](-[#85])(-[#85])-[#85])-[#6@@](-[#85])(-[#8]-[#85])-[#6@@](-[#85])(-[#8]-[#6:54](-[#85:144])(-[#85:145])-[#85:146])-[#6@@]-1(-[#85])-[#8]-[#6](-[#85])(-[#85])-[#85],EVODEX-P9888
EVODEX-N3273,[#6:63]-[#16&+:64](-[#6:65])-[#6:72]>>[#85]-[#6](-[#85])(-[#85])-[#6](-[#85])(-[#85])-[#6@@]1(-[#85])-[#8]-[#6](=[#8])-[#6](-[#85])(-[#85])-[#6@@](-[#85])(-[#8]-[#85])-[#6@](-[#85])(-[#6](-[#85])(-[#85])-[#85])-[#6@@](-[#85])(-[#8]-[#6@]2(-[#85])-[#8]-[#6@](-[#85])(-[#6](-[#85])(-[#85])-[#85])-[#6@@](-[#85])(-[#8]-[#6@@]3(-[#85])-[#6](-[#85])(-[#85])-[#6@@](-[#6](-[#85])(-[#85])-[#85])(-[#8]-[#85])-[#6@@](-[#85])(-[#8]-[#85])-[#6@](-[#85])(-[#6](-[#85])(-[#85])-[#85])-[#8]-3)-[#6@](-[#85])(-[#7](-[#6](-[#85])(-[#85])-[#85])-[#6](-[#85])(-[#85])-[#85])-[#6@@]-2(-[#85])-[#8]-[#85])-[#6@@](-[#85])(-[#6](-[#85])(-[#85])-[#6](-[#85])=[#8])-[#6](-[#85])(-[#85])-[#6@@](-[#85])(-[#6](-[#85])(-[#85])-[#85])-[#6](=[#8])-[#6](-[#85])=[#6](-[#85])-[#6](-[#6](-[#85])(-[#85])-[#85])=[#6](-[#85])-[#6@]-1(-[#85])-[#6](-[#85])(-[#85])-[#8]-[#6@]1(-[#85])-[#8]-[#6@](-[#85])(-[#6](-[#85])(-[#85])-[#85])-[#6@@](-[#85])(-[#8]-[#85])-[#6@@](-[#85])(-[#8]-[#85])-[#6@@]-1(-[#85])-[#8]-[#6:63].[#6:65]-[#16:64]-[#6:72],EVODEX-P9890
EVODEX-N3274,[#85:163]-[#6:63](-[#85:164])(-[#85:165])-[#16&+](-[#6](-[#85])(-[#85])-[#6](-[#85])(-[#85])-[#6@](-[#85])(-[#7](-[#85])-[#85])-[#6](=[#8])-[#8]-[#85])-[#6](-[#85])(-[#85])-[#6@@]1(-[#85])-[#8]-[#6@@](-[#85])(-[#7]2:[#6](-[#85]):[#7]:[#6]3:[#6](-[#7](-[#85])-[#85]):[#7]:[#6](-[#85]):[#7]:[#6]:2:3)-[#6@](-[#85])(-[#8]-[#85])-[#6@]-1(-[#85])-[#8]-[#85]>>[#85]-[#6](-[#85])(-[#85])-[#6](-[#85])(-[#85])-[#6@@]1(-[#85])-[#8]-[#6](=[#8])-[#6](-[#85])(-[#85])-[#6@@](-[#85])(-[#8]-[#85])-[#6@](-[#85])(-[#6](-[#85])(-[#85])-[#85])-[#6@@](-[#85])(-[#8]-[#6@]2(-[#85])-[#8]-[#6@](-[#85])(-[#6](-[#85])(-[#85])-[#85])-[#6@@](-[#85])(-[#8]-[#6@@]3(-[#85])-[#6](-[#85])(-[#85])-[#6@@](-[#6](-[#85])(-[#85])-[#85])(-[#8]-[#85])-[#6@@](-[#85])(-[#8]-[#85])-[#6@](-[#85])(-[#6](-[#85])(-[#85])-[#85])-[#8]-3)-[#6@](-[#85])(-[#7](-[#6](-[#85])(-[#85])-[#85])-[#6](-[#85])(-[#85])-[#85])-[#6@@]-2(-[#85])-[#8]-[#85])-[#6@@](-[#85])(-[#6](-[#85])(-[#85])-[#6](-[#85])=[#8])-[#6](-[#85])(-[#85])-[#6@@](-[#85])(-[#6](-[#85])(-[#85])-[#85])-[#6](=[#8])-[#6](-[#85])=[#6](-[#85])-[#6](-[#6](-[#85])(-[#85])-[#85])=[#6](-[#85])-[#6@]-1(-[#85])-[#6](-[#85])(-[#85])-[#8]-[#6@]1(-[#85])-[#8]-[#6@](-[#85])(-[#6](-[#85])(-[#85])-[#85])-[#6@@](-[#85])(-[#8]-[#85])-[#6@@](-[#85])(-[#8]-[#85])-[#6@@]-1(-[#85])-[#8]-[#6:63](-[#85:163])(-[#85:164])-[#85:165],EVODEX-P9893
EVODEX-N3275,[#6:53]-[#16&+:54](-[#6:55])-[#6:62]>>[#85]-[#6](-[#85])(-[#85])-[#6](-[#85])(-[#85])-[#6@]1(-[#85])-[#8]-[#6](=[#8])-[#6](-[#85])(-[#85])-[#6@@](-[#85])(-[#8]-[#85])-[#6@](-[#85])(-[#6](-[#85])(-[#85])-[#85])-[#6@@](-[#85])(-[#8]-[#6@]2(-[#85])-[#8]-[#6@](-[#85])(-[#6](-[#85])(-[#85])-[#85])-[#6@@](-[#85])(-[#8]-[#85])-[#6@](-[#85])(-[#7](-[#6](-[#85])(-[#85])-[#85])-[#6](-[#85])(-[#85])-[#85])-[#6@@]-2(-[#85])-[#8]-[#85])-[#6@@](-[#85])(-[#6](-[#85])(-[#85])-[#6](-[#85])=[#8])-[#6](-[#85])(-[#85])-[#6@@](-[#85])(-[#6](-[#85])(-[#85])-[#85])-[#6](=[#8])-[#6](-[#85])=[#6](-[#85])-[#6](-[#6](-[#85])(-[#85])-[#85])=[#6](-[#85])-[#6@]-1(-[#85])-[#6](-[#85])(-[#85])-[#8]-[#6@]1(-[#85])-[#8]-[#6@](-[#85])(-[#6](-[#85])(-[#85])-[#85])-[#6@@](-[#85])(-[#8]-[#85])-[#6@@](-[#85])(-[#8]-[#85])-[#6@@]-1(-[#85])-[#8]-[#6:53].[#6:55]-[#16:54]-[#6:62],EVODEX-P9895
EVODEX-N3276,[#85:141]-[#6:53](-[#85:142])(-[#85:143])-[#16&+](-[#6](-[#85])(-[#85])-[#6](-[#85])(-[#85])-[#6@](-[#85])(-[#7](-[#85])-[#85])-[#6](=[#8])-[#8]-[#85])-[#6](-[#85])(-[#85])-[#6@@]1(-[#85])-[#8]-[#6@@](-[#85])(-[#7]2:[#6](-[#85]):[#7]:[#6]3:[#6](-[#7](-[#85])-[#85]):[#7]:[#6](-[#85]):[#7]:[#6]:2:3)-[#6@](-[#85])(-[#8]-[#85])-[#6@]-1(-[#85])-[#8]-[#85]>>[#85]-[#6](-[#85])(-[#85])-[#6](-[#85])(-[#85])-[#6@]1(-[#85])-[#8]-[#6](=[#8])-[#6](-[#85])(-[#85])-[#6@@](-[#85])(-[#8]-[#85])-[#6@](-[#85])(-[#6](-[#85])(-[#85])-[#85])-[#6@@](-[#85])(-[#8]-[#6@]2(-[#85])-[#8]-[#6@](-[#85])(-[#6](-[#85])(-[#85])-[#85])-[#6@@](-[#85])(-[#8]-[#85])-[#6@](-[#85])(-[#7](-[#6](-[#85])(-[#85])-[#85])-[#6](-[#85])(-[#85])-[#85])-[#6@@]-2(-[#85])-[#8]-[#85])-[#6@@](-[#85])(-[#6](-[#85])(-[#85])-[#6](-[#85])=[#8])-[#6](-[#85])(-[#85])-[#6@@](-[#85])(-[#6](-[#85])(-[#85])-[#85])-[#6](=[#8])-[#6](-[#85])=[#6](-[#85])-[#6](-[#6](-[#85])(-[#85])-[#85])=[#6](-[#85])-[#6@]-1(-[#85])-[#6](-[#85])(-[#85])-[#8]-[#6@]1(-[#85])-[#8]-[#6@](-[#85])(-[#6](-[#85])(-[#85])-[#85])-[#6@@](-[#85])(-[#8]-[#85])-[#6@@](-[#85])(-[#8]-[#85])-[#6@@]-1(-[#85])-[#8]-[#6:53](-[#85:141])(-[#85:142])-[#85:143],EVODEX-P9898
EVODEX-N3277,[#6:1]-[#16&+:2](-[#6:3])-[#6:10]>>[#6:1]-[#7](-[#85])-[#6](-[#85])(-[#85])-[#6](-[#85])(-[#85])-[#8]-[#15](=[#8])(-[#8]-[#85])-[#8]-[#85].[#6:3]-[#16:2]-[#6:10],EVODEX-P9900
EVODEX-N3278,[#85:36]-[#6:1](-[#85:37])(-[#85:38])-[#16&+](-[#6](-[#85])(-[#85])-[#6](-[#85])(-[#85])-[#6@](-[#85])(-[#7](-[#85])-[#85])-[#6](=[#8])-[#8]-[#85])-[#6](-[#85])(-[#85])-[#6@@]1(-[#85])-[#8]-[#6@@](-[#85])(-[#7]2:[#6](-[#85]):[#7]:[#6]3:[#6](-[#7](-[#85])-[#85]):[#7]:[#6](-[#85]):[#7]:[#6]:2:3)-[#6@](-[#85])(-[#8]-[#85])-[#6@]-1(-[#85])-[#8]-[#85]>>[#85:36]-[#6:1](-[#85:37])(-[#85:38])-[#7](-[#85])-[#6](-[#85])(-[#85])-[#6](-[#85])(-[#85])-[#8]-[#15](=[#8])(-[#8]-[#85])-[#8]-[#85],EVODEX-P9902
EVODEX-N3279,[#85:36]-[#6:1](-[#85:37])(-[#85:38])-[#16&+:2](-[#6:3])-[#6:10].[#6:29]-[#6:30](-[#85:63])(-[#85])-[#8:31]>>[#85:36]-[#6:1](-[#85:37])(-[#85:38])-[#6:30](-[#85:63])(-[#6:29])-[#8:31].[#6:3]-[#16:2]-[#6:10],EVODEX-P9904
EVODEX-N3280,[#6:1]-[#16&+:2](-[#6:3])-[#6:10]>>[#6:1]-[#6](-[#85])(-[#6](-[#85])(-[#85])-[#7](-[#85])-[#85])-[#8]-[#15](=[#8])(-[#8]-[#85])-[#8]-[#85].[#6:3]-[#16:2]-[#6:10],EVODEX-P9905
EVODEX-N3281,[#85:36]-[#6:1](-[#85:37])(-[#85:38])-[#16&+](-[#6](-[#85])(-[#85])-[#6](-[#85])(-[#85])-[#6@](-[#85])(-[#7](-[#85])-[#85])-[#6](=[#8])-[#8]-[#85])-[#6](-[#85])(-[#85])-[#6@@]1(-[#85])-[#8]-[#6@@](-[#85])(-[#7]2:[#6](-[#85]):[#7]:[#6]3:[#6](-[#7](-[#85])-[#85]):[#7]:[#6](-[#85]):[#7]:[#6]:2:3)-[#6@](-[#85])(-[#8]-[#85])-[#6@]-1(-[#85])-[#8]-[#85].[#6:29]-[#6:30](-[#85:63])(-[#85])-[#8:31]>>[#85:36]-[#6:1](-[#85:37])(-[#85:38])-[#6:30](-[#85:63])(-[#6:29])-[#8:31],EVODEX-P9906
EVODEX-N3282,[#85:36]-[#6:1](-[#85:37])(-[#85:38])-[#16&+](-[#6](-[#85])(-[#85])-[#6](-[#85])(-[#85])-[#6@](-[#85])(-[#7](-[#85])-[#85])-[#6](=[#8])-[#8]-[#85])-[#6](-[#85])(-[#85])-[#6@@]1(-[#85])-[#8]-[#6@@](-[#85])(-[#7]2:[#6](-[#85]):[#7]:[#6]3:[#6](-[#7](-[#85])-[#85]):[#7]:[#6](-[#85]):[#7]:[#6]:2:3)-[#6@](-[#85])(-[#8]-[#85])-[#6@]-1(-[#85])-[#8]-[#85]>>[#85:36]-[#6:1](-[#85:37])(-[#85:38])-[#6](-[#85])(-[#6](-[#85])(-[#85])-[#7](-[#85])-[#85])-[#8]-[#15](=[#8])(-[#8]-[#85])-[#8]-[#85],EVODEX-P9907
EVODEX-N3283,[H][C:30]([C:29])([O:31])[H:63]>>[H]C([H])([H])[C:30]([C:29])([O:31])[H:63],EVODEX-P9908
EVODEX-N3284,[#6:61]-[#16&+:62](-[#6:63])-[#6:70]>>[#85]-[#6](-[#85])(-[#85])-[#6](-[#6](-[#85])(-[#85])-[#85])(-[#6](-[#85])(-[#85])-[#8]-[#15](=[#8])(-[#8]-[#85])-[#8]-[#15](=[#8])(-[#8]-[#85])-[#8]-[#6](-[#85])(-[#85])-[#6@@]1(-[#85])-[#8]-[#6@@](-[#85])(-[#7]2:[#6](-[#85]):[#7]:[#6]3:[#6](-[#7](-[#85])-[#85]):[#7]:[#6](-[#85]):[#7]:[#6]:2:3)-[#6@](-[#85])(-[#8]-[#85])-[#6@]-1(-[#85])-[#8]-[#15](=[#8])(-[#8]-[#85])-[#8]-[#85])-[#6@@](-[#85])(-[#8]-[#85])-[#6](=[#8])-[#7](-[#85])-[#6](-[#85])(-[#85])-[#6](-[#85])(-[#85])-[#6](=[#8])-[#7](-[#85])-[#6](-[#85])(-[#85])-[#6](-[#85])(-[#85])-[#16]-[#6](=[#8])/[#6](-[#85])=[#6](\[#85])-[#6]1:[#6](-[#85]):[#6](-[#85]):[#6](-[#8]-[#85]):[#6](-[#8]-[#6:61]):[#6]:1-[#85].[#6:63]-[#16:62]-[#6:70],EVODEX-P9910
EVODEX-N3285,[#85:130]-[#6:61](-[#85:131])(-[#85:132])-[#16&+](-[#6](-[#85])(-[#85])-[#6](-[#85])(-[#85])-[#6@](-[#85])(-[#7](-[#85])-[#85])-[#6](=[#8])-[#8]-[#85])-[#6](-[#85])(-[#85])-[#6@@]1(-[#85])-[#8]-[#6@@](-[#85])(-[#7]2:[#6](-[#85]):[#7]:[#6]3:[#6](-[#7](-[#85])-[#85]):[#7]:[#6](-[#85]):[#7]:[#6]:2:3)-[#6@](-[#85])(-[#8]-[#85])-[#6@]-1(-[#85])-[#8]-[#85]>>[#85]-[#6](-[#85])(-[#85])-[#6](-[#6](-[#85])(-[#85])-[#85])(-[#6](-[#85])(-[#85])-[#8]-[#15](=[#8])(-[#8]-[#85])-[#8]-[#15](=[#8])(-[#8]-[#85])-[#8]-[#6](-[#85])(-[#85])-[#6@@]1(-[#85])-[#8]-[#6@@](-[#85])(-[#7]2:[#6](-[#85]):[#7]:[#6]3:[#6](-[#7](-[#85])-[#85]):[#7]:[#6](-[#85]):[#7]:[#6]:2:3)-[#6@](-[#85])(-[#8]-[#85])-[#6@]-1(-[#85])-[#8]-[#15](=[#8])(-[#8]-[#85])-[#8]-[#85])-[#6@@](-[#85])(-[#8]-[#85])-[#6](=[#8])-[#7](-[#85])-[#6](-[#85])(-[#85])-[#6](-[#85])(-[#85])-[#6](=[#8])-[#7](-[#85])-[#6](-[#85])(-[#85])-[#6](-[#85])(-[#85])-[#16]-[#6](=[#8])/[#6](-[#85])=[#6](\[#85])-[#6]1:[#6](-[#85]):[#6](-[#85]):[#6](-[#8]-[#85]):[#6](-[#8]-[#6:61](-[#85:130])(-[#85:131])-[#85:132]):[#6]:1-[#85],EVODEX-P9913
EVODEX-N3286,[#6:63]-[#16&+:64](-[#6:65])-[#6:72]>>[#85]-[#6](-[#85])(-[#85])-[#8]-[#6]1:[#6](-[#85]):[#6](/[#6](-[#85])=[#6](\[#85])-[#6](=[#8])-[#16]-[#6](-[#85])(-[#85])-[#6](-[#85])(-[#85])-[#7](-[#85])-[#6](=[#8])-[#6](-[#85])(-[#85])-[#6](-[#85])(-[#85])-[#7](-[#85])-[#6](=[#8])-[#6@](-[#85])(-[#8]-[#85])-[#6](-[#6](-[#85])(-[#85])-[#85])(-[#6](-[#85])(-[#85])-[#85])-[#6](-[#85])(-[#85])-[#8]-[#15](=[#8])(-[#8]-[#85])-[#8]-[#15](=[#8])(-[#8]-[#85])-[#8]-[#6](-[#85])(-[#85])-[#6@@]2(-[#85])-[#8]-[#6@@](-[#85])(-[#7]3:[#6](-[#85]):[#7]:[#6]4:[#6](-[#7](-[#85])-[#85]):[#7]:[#6](-[#85]):[#7]:[#6]:3:4)-[#6@](-[#85])(-[#8]-[#85])-[#6@]-2(-[#85])-[#8]-[#15](=[#8])(-[#8]-[#85])-[#8]-[#85]):[#6](-[#85]):[#6](-[#8]-[#6:63]):[#6]:1-[#8]-[#85].[#6:65]-[#16:64]-[#6:72],EVODEX-P9915
EVODEX-N3287,[#85:134]-[#6:63](-[#85:135])(-[#85:136])-[#16&+](-[#6](-[#85])(-[#85])-[#6](-[#85])(-[#85])-[#6@](-[#85])(-[#7](-[#85])-[#85])-[#6](=[#8])-[#8]-[#85])-[#6](-[#85])(-[#85])-[#6@@]1(-[#85])-[#8]-[#6@@](-[#85])(-[#7]2:[#6](-[#85]):[#7]:[#6]3:[#6](-[#7](-[#85])-[#85]):[#7]:[#6](-[#85]):[#7]:[#6]:2:3)-[#6@](-[#85])(-[#8]-[#85])-[#6@]-1(-[#85])-[#8]-[#85]>>[#85]-[#6](-[#85])(-[#85])-[#8]-[#6]1:[#6](-[#85]):[#6](/[#6](-[#85])=[#6](\[#85])-[#6](=[#8])-[#16]-[#6](-[#85])(-[#85])-[#6](-[#85])(-[#85])-[#7](-[#85])-[#6](=[#8])-[#6](-[#85])(-[#85])-[#6](-[#85])(-[#85])-[#7](-[#85])-[#6](=[#8])-[#6@](-[#85])(-[#8]-[#85])-[#6](-[#6](-[#85])(-[#85])-[#85])(-[#6](-[#85])(-[#85])-[#85])-[#6](-[#85])(-[#85])-[#8]-[#15](=[#8])(-[#8]-[#85])-[#8]-[#15](=[#8])(-[#8]-[#85])-[#8]-[#6](-[#85])(-[#85])-[#6@@]2(-[#85])-[#8]-[#6@@](-[#85])(-[#7]3:[#6](-[#85]):[#7]:[#6]4:[#6](-[#7](-[#85])-[#85]):[#7]:[#6](-[#85]):[#7]:[#6]:3:4)-[#6@](-[#85])(-[#8]-[#85])-[#6@]-2(-[#85])-[#8]-[#15](=[#8])(-[#8]-[#85])-[#8]-[#85]):[#6](-[#85]):[#6](-[#8]-[#6:63](-[#85:134])(-[#85:135])-[#85:136]):[#6]:1-[#8]-[#85],EVODEX-P9918
EVODEX-N3288,[#6:1]-[#16&+:2](-[#6:3])-[#6:10]>>[#6:1]-[#8]-[#6]1:[#6](-[#85]):[#6](-[#7](-[#85])-[#6](=[#8])-[#6]2:[#6](-[#85]):[#6](-[#85]):[#6](-[#85]):[#6](-[#85]):[#6]:2-[#85]):[#6](-[#6](=[#8])-[#8]-[#85]):[#6](-[#85]):[#6]:1-[#85].[#6:3]-[#16:2]-[#6:10],EVODEX-P9920
EVODEX-N3289,[#85:47]-[#6:1](-[#85:48])(-[#85:49])-[#16&+](-[#6](-[#85])(-[#85])-[#6](-[#85])(-[#85])-[#6@](-[#85])(-[#7](-[#85])-[#85])-[#6](=[#8])-[#8]-[#85])-[#6](-[#85])(-[#85])-[#6@@]1(-[#85])-[#8]-[#6@@](-[#85])(-[#7]2:[#6](-[#85]):[#7]:[#6]3:[#6](-[#7](-[#85])-[#85]):[#7]:[#6](-[#85]):[#7]:[#6]:2:3)-[#6@](-[#85])(-[#8]-[#85])-[#6@]-1(-[#85])-[#8]-[#85]>>[#85:47]-[#6:1](-[#85:48])(-[#85:49])-[#8]-[#6]1:[#6](-[#85]):[#6](-[#7](-[#85])-[#6](=[#8])-[#6]2:[#6](-[#85]):[#6](-[#85]):[#6](-[#85]):[#6](-[#85]):[#6]:2-[#85]):[#6](-[#6](=[#8])-[#8]-[#85]):[#6](-[#85]):[#6]:1-[#85],EVODEX-P9922
EVODEX-N3290,[#6:1]-[#16&+:2](-[#6:3])-[#6:10]>>[#6:1]-[#6]1:[#6](-[#6](-[#85])(-[#85])-[#6@](-[#85])(-[#7](-[#85])-[#85])-[#6](=[#8])-[#8]-[#85]):[#6]2:[#6](:[#7]:1-[#85]):[#6](-[#85]):[#6](-[#85]):[#6](-[#85]):[#6]:2-[#85].[#6:3]-[#16:2]-[#6:10],EVODEX-P9925
EVODEX-N3291,[#85:43]-[#6:1](-[#85:44])(-[#85:45])-[#16&+](-[#6](-[#85])(-[#85])-[#6](-[#85])(-[#85])-[#6@](-[#85])(-[#7](-[#85])-[#85])-[#6](=[#8])-[#8]-[#85])-[#6](-[#85])(-[#85])-[#6@@]1(-[#85])-[#8]-[#6@@](-[#85])(-[#7]2:[#6](-[#85]):[#7]:[#6]3:[#6](-[#7](-[#85])-[#85]):[#7]:[#6](-[#85]):[#7]:[#6]:2:3)-[#6@](-[#85])(-[#8]-[#85])-[#6@]-1(-[#85])-[#8]-[#85]>>[#85:43]-[#6:1](-[#85:44])(-[#85:45])-[#6]1:[#6](-[#6](-[#85])(-[#85])-[#6@](-[#85])(-[#7](-[#85])-[#85])-[#6](=[#8])-[#8]-[#85]):[#6]2:[#6](:[#7]:1-[#85]):[#6](-[#85]):[#6](-[#85]):[#6](-[#85]):[#6]:2-[#85],EVODEX-P9927
EVODEX-N3292,[#6:1]-[#16&+:2](-[#6:3])-[#6:10]>>[#6:1]-[#6]1:[#6](-[#6](-[#85])(-[#85])-[#6@](-[#85])(-[#7](-[#85])-[#85])-[#6](=[#8])-[#8]-[#85]):[#6]2:[#6](:[#7]:1-[#85]):[#6](-[#85]):[#6](-[#85]):[#6](-[#9]):[#6]:2-[#85].[#6:3]-[#16:2]-[#6:10],EVODEX-P9930
EVODEX-N3293,[#85:44]-[#6:1](-[#85:45])(-[#85:46])-[#16&+](-[#6](-[#85])(-[#85])-[#6](-[#85])(-[#85])-[#6@](-[#85])(-[#7](-[#85])-[#85])-[#6](=[#8])-[#8]-[#85])-[#6](-[#85])(-[#85])-[#6@@]1(-[#85])-[#8]-[#6@@](-[#85])(-[#7]2:[#6](-[#85]):[#7]:[#6]3:[#6](-[#7](-[#85])-[#85]):[#7]:[#6](-[#85]):[#7]:[#6]:2:3)-[#6@](-[#85])(-[#8]-[#85])-[#6@]-1(-[#85])-[#8]-[#85]>>[#85:44]-[#6:1](-[#85:45])(-[#85:46])-[#6]1:[#6](-[#6](-[#85])(-[#85])-[#6@](-[#85])(-[#7](-[#85])-[#85])-[#6](=[#8])-[#8]-[#85]):[#6]2:[#6](:[#7]:1-[#85]):[#6](-[#85]):[#6](-[#85]):[#6](-[#9]):[#6]:2-[#85],EVODEX-P9932
EVODEX-N3294,[#6:15]-[#16&+:16](-[#6:17])-[#6:24]>>[#85]-[#6](-[#85])(-[#85])-[#6@]1(-[#85])-[#6](-[#85])(-[#85])-[#6]2:[#6](-[#85]):[#6](-[#8]-[#6:15]):[#6](-[#85]):[#6](-[#8]-[#85]):[#6]:2-[#6](=[#8])-[#8]-1.[#6:17]-[#16:16]-[#6:24],EVODEX-P9935
EVODEX-N3295,[#85:42]-[#6:15](-[#85:43])(-[#85:44])-[#16&+](-[#6](-[#85])(-[#85])-[#6](-[#85])(-[#85])-[#6@](-[#85])(-[#7](-[#85])-[#85])-[#6](=[#8])-[#8]-[#85])-[#6](-[#85])(-[#85])-[#6@@]1(-[#85])-[#8]-[#6@@](-[#85])(-[#7]2:[#6](-[#85]):[#7]:[#6]3:[#6](-[#7](-[#85])-[#85]):[#7]:[#6](-[#85]):[#7]:[#6]:2:3)-[#6@](-[#85])(-[#8]-[#85])-[#6@]-1(-[#85])-[#8]-[#85]>>[#85]-[#6](-[#85])(-[#85])-[#6@]1(-[#85])-[#6](-[#85])(-[#85])-[#6]2:[#6](-[#85]):[#6](-[#8]-[#6:15](-[#85:42])(-[#85:43])-[#85:44]):[#6](-[#85]):[#6](-[#8]-[#85]):[#6]:2-[#6](=[#8])-[#8]-1,EVODEX-P9937
EVODEX-N3296,[#6:1]-[#16&+:2](-[#6:3])-[#6:10]>>[#6:1]-[#8]-[#6]1:[#6](-[#85]):[#6]2:[#6](-[#85]):[#6](-[#6](-[#85])(-[#85])-[#85]):[#8]:[#6](=[#8]):[#6]:2:[#6](-[#8]-[#85]):[#6]:1-[#85].[#6:3]-[#16:2]-[#6:10],EVODEX-P9940
EVODEX-N3297,[#85:42]-[#6:1](-[#85:43])(-[#85:44])-[#16&+](-[#6](-[#85])(-[#85])-[#6](-[#85])(-[#85])-[#6@](-[#85])(-[#7](-[#85])-[#85])-[#6](=[#8])-[#8]-[#85])-[#6](-[#85])(-[#85])-[#6@@]1(-[#85])-[#8]-[#6@@](-[#85])(-[#7]2:[#6](-[#85]):[#7]:[#6]3:[#6](-[#7](-[#85])-[#85]):[#7]:[#6](-[#85]):[#7]:[#6]:2:3)-[#6@](-[#85])(-[#8]-[#85])-[#6@]-1(-[#85])-[#8]-[#85]>>[#85:42]-[#6:1](-[#85:43])(-[#85:44])-[#8]-[#6]1:[#6](-[#85]):[#6]2:[#6](-[#85]):[#6](-[#6](-[#85])(-[#85])-[#85]):[#8]:[#6](=[#8]):[#6]:2:[#6](-[#8]-[#85]):[#6]:1-[#85],EVODEX-P9942
EVODEX-N3298,[#6:1]-[#16&+:2](-[#6:3])-[#6:10]>>[#6:1]-[#8]-[#6]1:[#6](-[#85]):[#6]2:[#6](:[#6]3:[#8]:[#6]4:[#6](:[#6](=[#8]):[#6]:1:3):[#6](-[#8]-[#85]):[#6](-[#85]):[#6](-[#85]):[#6]:4-[#85])-[#6@@]1(-[#85])-[#6@@](-[#85])(-[#8]-2)-[#8]-[#6](-[#85])=[#6]-1-[#85].[#6:3]-[#16:2]-[#6:10],EVODEX-P9945
EVODEX-N3299,[#85:51]-[#6:1](-[#85:52])(-[#85:53])-[#16&+](-[#6](-[#85])(-[#85])-[#6](-[#85])(-[#85])-[#6@](-[#85])(-[#7](-[#85])-[#85])-[#6](=[#8])-[#8]-[#85])-[#6](-[#85])(-[#85])-[#6@@]1(-[#85])-[#8]-[#6@@](-[#85])(-[#7]2:[#6](-[#85]):[#7]:[#6]3:[#6](-[#7](-[#85])-[#85]):[#7]:[#6](-[#85]):[#7]:[#6]:2:3)-[#6@](-[#85])(-[#8]-[#85])-[#6@]-1(-[#85])-[#8]-[#85]>>[#85:51]-[#6:1](-[#85:52])(-[#85:53])-[#8]-[#6]1:[#6](-[#85]):[#6]2:[#6](:[#6]3:[#8]:[#6]4:[#6](:[#6](=[#8]):[#6]:1:3):[#6](-[#8]-[#85]):[#6](-[#85]):[#6](-[#85]):[#6]:4-[#85])-[#6@@]1(-[#85])-[#6@@](-[#85])(-[#8]-2)-[#8]-[#6](-[#85])=[#6]-1-[#85],EVODEX-P9947
EVODEX-N3300,[#6:1]-[#16&+:2](-[#6:3])-[#6:10]>>[#6:1]-[#8]-[#6]1:[#6](-[#85]):[#6]2:[#6](:[#6]3:[#8]:[#6]4:[#6](:[#6](=[#8]):[#6]:1:3):[#6](-[#8]-[#85]):[#6](-[#85]):[#6](-[#85]):[#6]:4-[#85])-[#6@@]1(-[#85])-[#6@@](-[#85])(-[#8]-2)-[#8]-[#6](-[#85])(-[#85])-[#6]-1(-[#85])-[#85].[#6:3]-[#16:2]-[#6:10],EVODEX-P9950
EVODEX-N3301,[#85:51]-[#6:1](-[#85:52])(-[#85:53])-[#16&+](-[#6](-[#85])(-[#85])-[#6](-[#85])(-[#85])-[#6@](-[#85])(-[#7](-[#85])-[#85])-[#6](=[#8])-[#8]-[#85])-[#6](-[#85])(-[#85])-[#6@@]1(-[#85])-[#8]-[#6@@](-[#85])(-[#7]2:[#6](-[#85]):[#7]:[#6]3:[#6](-[#7](-[#85])-[#85]):[#7]:[#6](-[#85]):[#7]:[#6]:2:3)-[#6@](-[#85])(-[#8]-[#85])-[#6@]-1(-[#85])-[#8]-[#85]>>[#85:51]-[#6:1](-[#85:52])(-[#85:53])-[#8]-[#6]1:[#6](-[#85]):[#6]2:[#6](:[#6]3:[#8]:[#6]4:[#6](:[#6](=[#8]):[#6]:1:3):[#6](-[#8]-[#85]):[#6](-[#85]):[#6](-[#85]):[#6]:4-[#85])-[#6@@]1(-[#85])-[#6@@](-[#85])(-[#8]-2)-[#8]-[#6](-[#85])(-[#85])-[#6]-1(-[#85])-[#85],EVODEX-P9952
EVODEX-N3302,[#6:25]-[#16&+:26](-[#6:27])-[#6:34]>>[#85]-[#6](-[#85])(-[#85])-[#8]-[#6]1:[#6](-[#85]):[#6]2:[#6](:[#6]3:[#8]:[#6]4:[#6](-[#85]):[#6](-[#85]):[#6](-[#85]):[#6](-[#8]-[#6:25]):[#6]:4:[#6](=[#8]):[#6]:1:3)-[#6@]1(-[#85])-[#6](-[#85])=[#6](-[#85])-[#8]-[#6@]-1(-[#85])-[#8]-2.[#6:27]-[#16:26]-[#6:34],EVODEX-P9955
EVODEX-N3303,[#85:64]-[#6:25](-[#85:65])(-[#85:66])-[#16&+](-[#6](-[#85])(-[#85])-[#6](-[#85])(-[#85])-[#6@](-[#85])(-[#7](-[#85])-[#85])-[#6](=[#8])-[#8]-[#85])-[#6](-[#85])(-[#85])-[#6@@]1(-[#85])-[#8]-[#6@@](-[#85])(-[#7]2:[#6](-[#85]):[#7]:[#6]3:[#6](-[#7](-[#85])-[#85]):[#7]:[#6](-[#85]):[#7]:[#6]:2:3)-[#6@](-[#85])(-[#8]-[#85])-[#6@]-1(-[#85])-[#8]-[#85]>>[#85]-[#6](-[#85])(-[#85])-[#8]-[#6]1:[#6](-[#85]):[#6]2:[#6](:[#6]3:[#8]:[#6]4:[#6](-[#85]):[#6](-[#85]):[#6](-[#85]):[#6](-[#8]-[#6:25](-[#85:64])(-[#85:65])-[#85:66]):[#6]:4:[#6](=[#8]):[#6]:1:3)-[#6@]1(-[#85])-[#6](-[#85])=[#6](-[#85])-[#8]-[#6@]-1(-[#85])-[#8]-2,EVODEX-P9958
EVODEX-N3304,[#6:25]-[#16&+:26](-[#6:27])-[#6:34]>>[#85]-[#6](-[#85])(-[#85])-[#8]-[#6]1:[#6](-[#85]):[#6]2:[#6](:[#6]3:[#8]:[#6]4:[#6](-[#85]):[#6](-[#85]):[#6](-[#85]):[#6](-[#8]-[#6:25]):[#6]:4:[#6](=[#8]):[#6]:1:3)-[#6@]1(-[#85])-[#6](-[#85])(-[#85])-[#6](-[#85])(-[#85])-[#8]-[#6@]-1(-[#85])-[#8]-2.[#6:27]-[#16:26]-[#6:34],EVODEX-P9960
EVODEX-N3305,[#85:66]-[#6:25](-[#85:67])(-[#85:68])-[#16&+](-[#6](-[#85])(-[#85])-[#6](-[#85])(-[#85])-[#6@](-[#85])(-[#7](-[#85])-[#85])-[#6](=[#8])-[#8]-[#85])-[#6](-[#85])(-[#85])-[#6@@]1(-[#85])-[#8]-[#6@@](-[#85])(-[#7]2:[#6](-[#85]):[#7]:[#6]3:[#6](-[#7](-[#85])-[#85]):[#7]:[#6](-[#85]):[#7]:[#6]:2:3)-[#6@](-[#85])(-[#8]-[#85])-[#6@]-1(-[#85])-[#8]-[#85]>>[#85]-[#6](-[#85])(-[#85])-[#8]-[#6]1:[#6](-[#85]):[#6]2:[#6](:[#6]3:[#8]:[#6]4:[#6](-[#85]):[#6](-[#85]):[#6](-[#85]):[#6](-[#8]-[#6:25](-[#85:66])(-[#85:67])-[#85:68]):[#6]:4:[#6](=[#8]):[#6]:1:3)-[#6@]1(-[#85])-[#6](-[#85])(-[#85])-[#6](-[#85])(-[#85])-[#8]-[#6@]-1(-[#85])-[#8]-2,EVODEX-P9963
EVODEX-N3306,[#6:1]-[#16&+:2](-[#6:3])-[#6:10]>>[#6:1]-[#7](-[#85])-[#6]1:[#6](-[#85]):[#6](-[#85]):[#6](-[#85]):[#6](-[#85]):[#6]:1-[#6](=[#8])-[#8]-[#85].[#6:3]-[#16:2]-[#6:10],EVODEX-P9965
EVODEX-N3307,[#85:38]-[#6:1](-[#85:39])(-[#85:40])-[#16&+](-[#6](-[#85])(-[#85])-[#6](-[#85])(-[#85])-[#6@](-[#85])(-[#7](-[#85])-[#85])-[#6](=[#8])-[#8]-[#85])-[#6](-[#85])(-[#85])-[#6@@]1(-[#85])-[#8]-[#6@@](-[#85])(-[#7]2:[#6](-[#85]):[#7]:[#6]3:[#6](-[#7](-[#85])-[#85]):[#7]:[#6](-[#85]):[#7]:[#6]:2:3)-[#6@](-[#85])(-[#8]-[#85])-[#6@]-1(-[#85])-[#8]-[#85]>>[#85:38]-[#6:1](-[#85:39])(-[#85:40])-[#7](-[#85])-[#6]1:[#6](-[#85]):[#6](-[#85]):[#6](-[#85]):[#6](-[#85]):[#6]:1-[#6](=[#8])-[#8]-[#85],EVODEX-P9967
EVODEX-N3308,[#6:12]-[#16&+:13](-[#6:14])-[#6:21]>>[#85]-[#6](-[#85])(-[#85])-[#8]-[#6](=[#8])-[#6]1:[#6](-[#85]):[#6](-[#85]):[#6](-[#85]):[#6](-[#85]):[#6]:1-[#7](-[#85])-[#6:12].[#6:14]-[#16:13]-[#6:21],EVODEX-P9970
EVODEX-N3309,[#85:39]-[#6:12](-[#85:40])(-[#85:41])-[#16&+](-[#6](-[#85])(-[#85])-[#6](-[#85])(-[#85])-[#6@](-[#85])(-[#7](-[#85])-[#85])-[#6](=[#8])-[#8]-[#85])-[#6](-[#85])(-[#85])-[#6@@]1(-[#85])-[#8]-[#6@@](-[#85])(-[#7]2:[#6](-[#85]):[#7]:[#6]3:[#6](-[#7](-[#85])-[#85]):[#7]:[#6](-[#85]):[#7]:[#6]:2:3)-[#6@](-[#85])(-[#8]-[#85])-[#6@]-1(-[#85])-[#8]-[#85]>>[#85]-[#6](-[#85])(-[#85])-[#8]-[#6](=[#8])-[#6]1:[#6](-[#85]):[#6](-[#85]):[#6](-[#85]):[#6](-[#85]):[#6]:1-[#7](-[#85])-[#6:12](-[#85:39])(-[#85:40])-[#85:41],EVODEX-P9972
EVODEX-N3310,[#6:1]-[#16&+:2](-[#6:3])-[#6:10]>>[#6:1]-[#8]-[#6@]1(-[#85])-[#6@@](-[#85])(-[#6](=[#8])-[#8]-[#85])-[#8]-[#6@](-[#85])(-[#8]-[#6@@]2(-[#85])-[#6@](-[#85])(-[#8]-[#6@]3(-[#85])-[#6](-[#85])(-[#85])-[#8]-[#6@@](-[#85])(-[#8]-[#85])-[#6@](-[#85])(-[#8]-[#85])-[#6@@]-3(-[#85])-[#8]-[#85])-[#8]-[#6](-[#85])(-[#85])-[#6@@](-[#85])(-[#8]-[#6@]3(-[#85])-[#8]-[#6](-[#85])(-[#85])-[#6@@](-[#85])(-[#8]-[#85])-[#6@](-[#85])(-[#8]-[#85])-[#6@@]-3(-[#85])-[#8]-[#85])-[#6@]-2(-[#85])-[#8]-[#85])-[#6@](-[#85])(-[#8]-[#85])-[#6@@]-1(-[#85])-[#8]-[#85].[#6:3]-[#16:2]-[#6:10],EVODEX-P9975
EVODEX-N3311,[#85:68]-[#6:1](-[#85:69])(-[#85:70])-[#16&+](-[#6](-[#85])(-[#85])-[#6](-[#85])(-[#85])-[#6@](-[#85])(-[#7](-[#85])-[#85])-[#6](=[#8])-[#8]-[#85])-[#6](-[#85])(-[#85])-[#6@@]1(-[#85])-[#8]-[#6@@](-[#85])(-[#7]2:[#6](-[#85]):[#7]:[#6]3:[#6](-[#7](-[#85])-[#85]):[#7]:[#6](-[#85]):[#7]:[#6]:2:3)-[#6@](-[#85])(-[#8]-[#85])-[#6@]-1(-[#85])-[#8]-[#85]>>[#85:68]-[#6:1](-[#85:69])(-[#85:70])-[#8]-[#6@]1(-[#85])-[#6@@](-[#85])(-[#6](=[#8])-[#8]-[#85])-[#8]-[#6@](-[#85])(-[#8]-[#6@@]2(-[#85])-[#6@](-[#85])(-[#8]-[#6@]3(-[#85])-[#6](-[#85])(-[#85])-[#8]-[#6@@](-[#85])(-[#8]-[#85])-[#6@](-[#85])(-[#8]-[#85])-[#6@@]-3(-[#85])-[#8]-[#85])-[#8]-[#6](-[#85])(-[#85])-[#6@@](-[#85])(-[#8]-[#6@]3(-[#85])-[#8]-[#6](-[#85])(-[#85])-[#6@@](-[#85])(-[#8]-[#85])-[#6@](-[#85])(-[#8]-[#85])-[#6@@]-3(-[#85])-[#8]-[#85])-[#6@]-2(-[#85])-[#8]-[#85])-[#6@](-[#85])(-[#8]-[#85])-[#6@@]-1(-[#85])-[#8]-[#85],EVODEX-P9977
EVODEX-N3312,[#6:22]-[#16&+:23](-[#6:24])-[#6:31]>>[#85]-[#6](-[#85])(-[#85])-[#6](-[#6](-[#85])(-[#85])-[#85])=[#6](-[#85])-[#6](-[#85])(-[#85])-[#6](-[#85])(-[#85])/[#6](-[#6](-[#85])(-[#85])-[#85])=[#6](\[#85])-[#6](-[#85])(-[#85])-[#6]1:[#6](-[#85]):[#6](-[#6](=[#8])-[#8]-[#85]):[#6](-[#85]):[#6](-[#8]-[#6:22]):[#6]:1-[#8]-[#85].[#6:24]-[#16:23]-[#6:31],EVODEX-P9980
EVODEX-N3313,[#85:71]-[#6:22](-[#85:72])(-[#85:73])-[#16&+](-[#6](-[#85])(-[#85])-[#6](-[#85])(-[#85])-[#6@](-[#85])(-[#7](-[#85])-[#85])-[#6](=[#8])-[#8]-[#85])-[#6](-[#85])(-[#85])-[#6@@]1(-[#85])-[#8]-[#6@@](-[#85])(-[#7]2:[#6](-[#85]):[#7]:[#6]3:[#6](-[#7](-[#85])-[#85]):[#7]:[#6](-[#85]):[#7]:[#6]:2:3)-[#6@](-[#85])(-[#8]-[#85])-[#6@]-1(-[#85])-[#8]-[#85]>>[#85]-[#6](-[#85])(-[#85])-[#6](-[#6](-[#85])(-[#85])-[#85])=[#6](-[#85])-[#6](-[#85])(-[#85])-[#6](-[#85])(-[#85])/[#6](-[#6](-[#85])(-[#85])-[#85])=[#6](\[#85])-[#6](-[#85])(-[#85])-[#6]1:[#6](-[#85]):[#6](-[#6](=[#8])-[#8]-[#85]):[#6](-[#85]):[#6](-[#8]-[#6:22](-[#85:71])(-[#85:72])-[#85:73]):[#6]:1-[#8]-[#85],EVODEX-P9983
EVODEX-N3314,[#6:42]-[#16&+:43](-[#6:44])-[#6:51]>>[#85]-[#6](-[#85])(-[#85])-[#6](-[#6](-[#85])(-[#85])-[#85])=[#6](-[#85])-[#6](-[#85])(-[#85])-[#6](-[#85])(-[#85])/[#6](-[#6](-[#85])(-[#85])-[#85])=[#6](\[#85])-[#6](-[#85])(-[#85])-[#6](-[#85])(-[#85])/[#6](-[#6](-[#85])(-[#85])-[#85])=[#6](\[#85])-[#6](-[#85])(-[#85])-[#6](-[#85])(-[#85])/[#6](-[#6](-[#85])(-[#85])-[#85])=[#6](\[#85])-[#6](-[#85])(-[#85])-[#6](-[#85])(-[#85])/[#6](-[#6](-[#85])(-[#85])-[#85])=[#6](\[#85])-[#6](-[#85])(-[#85])-[#6](-[#85])(-[#85])/[#6](-[#6](-[#85])(-[#85])-[#85])=[#6](\[#85])-[#6](-[#85])(-[#85])-[#6]1:[#6](-[#85]):[#6](-[#6](=[#8])-[#8]-[#85]):[#6](-[#85]):[#6](-[#8]-[#6:42]):[#6]:1-[#8]-[#85].[#6:44]-[#16:43]-[#6:51],EVODEX-P9985
EVODEX-N3315,[#85:123]-[#6:42](-[#85:124])(-[#85:125])-[#16&+](-[#6](-[#85])(-[#85])-[#6](-[#85])(-[#85])-[#6@](-[#85])(-[#7](-[#85])-[#85])-[#6](=[#8])-[#8]-[#85])-[#6](-[#85])(-[#85])-[#6@@]1(-[#85])-[#8]-[#6@@](-[#85])(-[#7]2:[#6](-[#85]):[#7]:[#6]3:[#6](-[#7](-[#85])-[#85]):[#7]:[#6](-[#85]):[#7]:[#6]:2:3)-[#6@](-[#85])(-[#8]-[#85])-[#6@]-1(-[#85])-[#8]-[#85]>>[#85]-[#6](-[#85])(-[#85])-[#6](-[#6](-[#85])(-[#85])-[#85])=[#6](-[#85])-[#6](-[#85])(-[#85])-[#6](-[#85])(-[#85])/[#6](-[#6](-[#85])(-[#85])-[#85])=[#6](\[#85])-[#6](-[#85])(-[#85])-[#6](-[#85])(-[#85])/[#6](-[#6](-[#85])(-[#85])-[#85])=[#6](\[#85])-[#6](-[#85])(-[#85])-[#6](-[#85])(-[#85])/[#6](-[#6](-[#85])(-[#85])-[#85])=[#6](\[#85])-[#6](-[#85])(-[#85])-[#6](-[#85])(-[#85])/[#6](-[#6](-[#85])(-[#85])-[#85])=[#6](\[#85])-[#6](-[#85])(-[#85])-[#6](-[#85])(-[#85])/[#6](-[#6](-[#85])(-[#85])-[#85])=[#6](\[#85])-[#6](-[#85])(-[#85])-[#6]1:[#6](-[#85]):[#6](-[#6](=[#8])-[#8]-[#85]):[#6](-[#85]):[#6](-[#8]-[#6:42](-[#85:123])(-[#85:124])-[#85:125]):[#6]:1-[#8]-[#85],EVODEX-P9988
EVODEX-N3316,[#6:24]-[#16&+:25](-[#6:26])-[#6:33]>>[#85]-[#6](-[#85])(-[#85])-[#8]-[#6]1:[#6](-[#85]):[#6](-[#85]):[#6](-[#6](-[#85])(-[#85])-[#6@]2(-[#85])-[#7](-[#6:24])-[#6](-[#85])(-[#85])-[#6](-[#85])(-[#85])-[#6]3:[#6](-[#85]):[#6](-[#8]-[#6](-[#85])(-[#85])-[#85]):[#6](-[#8]-[#85]):[#6](-[#85]):[#6]:3-2):[#6](-[#85]):[#6]:1-[#8]-[#85].[#6:26]-[#16:25]-[#6:33],EVODEX-P9990
EVODEX-N3317,[#85:72]-[#6:24](-[#85:73])(-[#85:74])-[#16&+](-[#6](-[#85])(-[#85])-[#6](-[#85])(-[#85])-[#6@](-[#85])(-[#7](-[#85])-[#85])-[#6](=[#8])-[#8]-[#85])-[#6](-[#85])(-[#85])-[#6@@]1(-[#85])-[#8]-[#6@@](-[#85])(-[#7]2:[#6](-[#85]):[#7]:[#6]3:[#6](-[#7](-[#85])-[#85]):[#7]:[#6](-[#85]):[#7]:[#6]:2:3)-[#6@](-[#85])(-[#8]-[#85])-[#6@]-1(-[#85])-[#8]-[#85]>>[#85]-[#6](-[#85])(-[#85])-[#8]-[#6]1:[#6](-[#85]):[#6](-[#85]):[#6](-[#6](-[#85])(-[#85])-[#6@]2(-[#85])-[#7](-[#6:24](-[#85:72])(-[#85:73])-[#85:74])-[#6](-[#85])(-[#85])-[#6](-[#85])(-[#85])-[#6]3:[#6](-[#85]):[#6](-[#8]-[#6](-[#85])(-[#85])-[#85]):[#6](-[#8]-[#85]):[#6](-[#85]):[#6]:3-2):[#6](-[#85]):[#6]:1-[#8]-[#85],EVODEX-P9993
EVODEX-N3318,[#6:22]-[#16&+:23](-[#6:24])-[#6:31]>>[#85]-[#6](-[#85])(-[#85])-[#8]-[#6]1:[#6](-[#85]):[#6]2:[#6](:[#6](-[#85]):[#6]:1-[#8]-[#85])-[#6@](-[#85])(-[#6](-[#85])(-[#85])-[#6]1:[#6](-[#85]):[#6](-[#85]):[#6](-[#8]-[#85]):[#6](-[#85]):[#6]:1-[#85])-[#7](-[#6:22])-[#6](-[#85])(-[#85])-[#6]-2(-[#85])-[#85].[#6:24]-[#16:23]-[#6:31],EVODEX-P9995
EVODEX-N3319,[#85:68]-[#6:22](-[#85:69])(-[#85:70])-[#16&+](-[#6](-[#85])(-[#85])-[#6](-[#85])(-[#85])-[#6@](-[#85])(-[#7](-[#85])-[#85])-[#6](=[#8])-[#8]-[#85])-[#6](-[#85])(-[#85])-[#6@@]1(-[#85])-[#8]-[#6@@](-[#85])(-[#7]2:[#6](-[#85]):[#7]:[#6]3:[#6](-[#7](-[#85])-[#85]):[#7]:[#6](-[#85]):[#7]:[#6]:2:3)-[#6@](-[#85])(-[#8]-[#85])-[#6@]-1(-[#85])-[#8]-[#85]>>[#85]-[#6](-[#85])(-[#85])-[#8]-[#6]1:[#6](-[#85]):[#6]2:[#6](:[#6](-[#85]):[#6]:1-[#8]-[#85])-[#6@](-[#85])(-[#6](-[#85])(-[#85])-[#6]1:[#6](-[#85]):[#6](-[#85]):[#6](-[#8]-[#85]):[#6](-[#85]):[#6]:1-[#85])-[#7](-[#6:22](-[#85:68])(-[#85:69])-[#85:70])-[#6](-[#85])(-[#85])-[#6]-2(-[#85])-[#85],EVODEX-P9998
EVODEX-N3320,[#85:51]-[#6:1](-[#85:52])(-[#85:53])-[#8:2].[#6:38]-[#16:39]-[#6:40]>>[#85:51]-[#6:1](-[#85:52])(-[#85:53])-[#16&+:39](-[#6:38])-[#6:40].[#85]-[#8:2],"EVODEX-P10002,EVODEX-P10053"
EVODEX-N3321,[#85:51]-[#6:1](-[#85:52])(-[#85:53])-[#8]-[#6]1:[#6](-[#85]):[#6](-[#85]):[#6](-[#6](-[#85])(-[#85])-[#6@@]2(-[#85])-[#6]3:[#6](-[#85]):[#6](-[#8]-[#85]):[#6](-[#8]-[#6](-[#85])(-[#85])-[#85]):[#6](-[#85]):[#6]:3-[#6](-[#85])(-[#85])-[#6](-[#85])(-[#85])-[#7]-2-[#6](-[#85])(-[#85])-[#85]):[#6](-[#85]):[#6]:1-[#8]-[#85].[#6:38]-[#16:39]-[#6:40]>>[#85:51]-[#6:1](-[#85:52])(-[#85:53])-[#16&+:39](-[#6:38])-[#6:40],EVODEX-P10005
EVODEX-N3322,[#85:51]-[#6:1](-[#85:52])(-[#85:53])-[#8]-[#6]1:[#6](-[#85]):[#6](-[#85]):[#6](-[#6](-[#85])(-[#85])-[#6@@]2(-[#85])-[#6]3:[#6](-[#85]):[#6](-[#8]-[#85]):[#6](-[#8]-[#6](-[#85])(-[#85])-[#85]):[#6](-[#85]):[#6]:3-[#6](-[#85])(-[#85])-[#6](-[#85])(-[#85])-[#7]-2-[#6](-[#85])(-[#85])-[#85]):[#6](-[#85]):[#6]:1-[#8]-[#85]>>[#85:51]-[#6:1](-[#85:52])(-[#85:53])-[#16&+](-[#6](-[#85])(-[#85])-[#6@@]1(-[#85])-[#8]-[#6@@](-[#85])(-[#7]2:[#6]3:[#7]:[#6](-[#85]):[#7]:[#6](-[#7](-[#85])-[#85]):[#6]:3:[#7]:[#6]:2-[#85])-[#6@](-[#85])(-[#8]-[#85])-[#6@]-1(-[#85])-[#8]-[#85])-[#6](-[#85])(-[#85])-[#6](-[#85])(-[#85])-[#6@](-[#85])(-[#7](-[#85])-[#85])-[#6](=[#8])-[#8]-[#85],EVODEX-P10006
EVODEX-N3323,>>[#16&+](-[#6](-[#85])(-[#85])-[#6@@]1(-[#85])-[#8]-[#6@@](-[#85])(-[#7]2:[#6]3:[#7]:[#6](-[#85]):[#7]:[#6](-[#7](-[#85])-[#85]):[#6]:3:[#7]:[#6]:2-[#85])-[#6@](-[#85])(-[#8]-[#85])-[#6@]-1(-[#85])-[#8]-[#85])-[#6](-[#85])(-[#85])-[#6](-[#85])(-[#85])-[#6@](-[#85])(-[#7](-[#85])-[#85])-[#6](=[#8])-[#8]-[#85].[#85],"EVODEX-P10007,EVODEX-P10057"
EVODEX-N3324,[#6:25]-[#16&+:26](-[#6:27])-[#6:34]>>[#85]-[#6](-[#85])(-[#85])-[#8]-[#6]1:[#6](-[#85]):[#6]2:[#6](:[#6](-[#85]):[#6]:1-[#8]-[#85])-[#6@]1(-[#85])-[#6](-[#85])(-[#85])-[#6]3:[#6](-[#85]):[#6](-[#85]):[#6](-[#8]-[#6](-[#85])(-[#85])-[#85]):[#6](-[#8]-[#6:25]):[#6]:3-[#6](-[#85])(-[#85])-[#7]-1-[#6](-[#85])(-[#85])-[#6]-2(-[#85])-[#85].[#6:27]-[#16:26]-[#6:34],EVODEX-P10009
EVODEX-N3325,[#85:73]-[#6:25](-[#85:74])(-[#85:75])-[#16&+](-[#6](-[#85])(-[#85])-[#6](-[#85])(-[#85])-[#6@](-[#85])(-[#7](-[#85])-[#85])-[#6](=[#8])-[#8]-[#85])-[#6](-[#85])(-[#85])-[#6@@]1(-[#85])-[#8]-[#6@@](-[#85])(-[#7]2:[#6](-[#85]):[#7]:[#6]3:[#6](-[#7](-[#85])-[#85]):[#7]:[#6](-[#85]):[#7]:[#6]:2:3)-[#6@](-[#85])(-[#8]-[#85])-[#6@]-1(-[#85])-[#8]-[#85]>>[#85]-[#6](-[#85])(-[#85])-[#8]-[#6]1:[#6](-[#85]):[#6]2:[#6](:[#6](-[#85]):[#6]:1-[#8]-[#85])-[#6@]1(-[#85])-[#6](-[#85])(-[#85])-[#6]3:[#6](-[#85]):[#6](-[#85]):[#6](-[#8]-[#6](-[#85])(-[#85])-[#85]):[#6](-[#8]-[#6:25](-[#85:73])(-[#85:74])-[#85:75]):[#6]:3-[#6](-[#85])(-[#85])-[#7]-1-[#6](-[#85])(-[#85])-[#6]-2(-[#85])-[#85],EVODEX-P10012
EVODEX-N3326,[#6:27]-[#16&+:28](-[#6:29])-[#6:36]>>[#85]-[#6](-[#85])(-[#85])-[#7]1-[#6](-[#85])(-[#85])-[#6]2:[#6]3:[#6](:[#6](-[#85]):[#6](-[#8]-[#6:27]):[#6]:2-[#6]2:[#6](-[#85]):[#6](-[#85]):[#6]4:[#6](-[#85]):[#6]5:[#6](:[#6](-[#85]):[#6]:4:[#6]:2-1)-[#8]-[#6](-[#85])(-[#85])-[#8]-5)-[#8]-[#6](-[#85])(-[#85])-[#8]-3.[#6:29]-[#16:28]-[#6:36],EVODEX-P10019
EVODEX-N3327,[#85:69]-[#6:27](-[#85:70])(-[#85:71])-[#16&+](-[#6](-[#85])(-[#85])-[#6](-[#85])(-[#85])-[#6@](-[#85])(-[#7](-[#85])-[#85])-[#6](=[#8])-[#8]-[#85])-[#6](-[#85])(-[#85])-[#6@@]1(-[#85])-[#8]-[#6@@](-[#85])(-[#7]2:[#6](-[#85]):[#7]:[#6]3:[#6](-[#7](-[#85])-[#85]):[#7]:[#6](-[#85]):[#7]:[#6]:2:3)-[#6@](-[#85])(-[#8]-[#85])-[#6@]-1(-[#85])-[#8]-[#85]>>[#85]-[#6](-[#85])(-[#85])-[#7]1-[#6](-[#85])(-[#85])-[#6]2:[#6]3:[#6](:[#6](-[#85]):[#6](-[#8]-[#6:27](-[#85:69])(-[#85:70])-[#85:71]):[#6]:2-[#6]2:[#6](-[#85]):[#6](-[#85]):[#6]4:[#6](-[#85]):[#6]5:[#6](:[#6](-[#85]):[#6]:4:[#6]:2-1)-[#8]-[#6](-[#85])(-[#85])-[#8]-5)-[#8]-[#6](-[#85])(-[#85])-[#8]-3,EVODEX-P10022
EVODEX-N3328,[#6:29]-[#16&+:30](-[#6:31])-[#6:38]>>[#85]-[#6](-[#85])(-[#85])-[#8]-[#6]1:[#6](-[#85]):[#6]2:[#6](:[#6]3:[#6]:1-[#6]1:[#6](-[#85]):[#6](-[#8]-[#6:29]):[#6]4:[#6](-[#85]):[#6]5:[#6](:[#6](-[#85]):[#6]:4:[#6]:1-[#7](-[#6](-[#85])(-[#85])-[#85])-[#6]-3(-[#85])-[#85])-[#8]-[#6](-[#85])(-[#85])-[#8]-5)-[#8]-[#6](-[#85])(-[#85])-[#8]-2.[#6:31]-[#16:30]-[#6:38],EVODEX-P10024
EVODEX-N3329,[#85:73]-[#6:29](-[#85:74])(-[#85:75])-[#16&+](-[#6](-[#85])(-[#85])-[#6](-[#85])(-[#85])-[#6@](-[#85])(-[#7](-[#85])-[#85])-[#6](=[#8])-[#8]-[#85])-[#6](-[#85])(-[#85])-[#6@@]1(-[#85])-[#8]-[#6@@](-[#85])(-[#7]2:[#6](-[#85]):[#7]:[#6]3:[#6](-[#7](-[#85])-[#85]):[#7]:[#6](-[#85]):[#7]:[#6]:2:3)-[#6@](-[#85])(-[#8]-[#85])-[#6@]-1(-[#85])-[#8]-[#85]>>[#85]-[#6](-[#85])(-[#85])-[#8]-[#6]1:[#6](-[#85]):[#6]2:[#6](:[#6]3:[#6]:1-[#6]1:[#6](-[#85]):[#6](-[#8]-[#6:29](-[#85:73])(-[#85:74])-[#85:75]):[#6]4:[#6](-[#85]):[#6]5:[#6](:[#6](-[#85]):[#6]:4:[#6]:1-[#7](-[#6](-[#85])(-[#85])-[#85])-[#6]-3(-[#85])-[#85])-[#8]-[#6](-[#85])(-[#85])-[#8]-5)-[#8]-[#6](-[#85])(-[#85])-[#8]-2,EVODEX-P10027
EVODEX-N3330,[#6:23]-[#16&+:24](-[#6:25])-[#6:32]>>[#85]-[#6](-[#85])(-[#85])-[#8]-[#6]1:[#6](-[#85]):[#6]2:[#6](:[#6](-[#85]):[#6]:1-[#8]-[#85])-[#6](-[#85])(-[#6](-[#85])(-[#85])-[#6]1:[#6](-[#85]):[#6](-[#85]):[#6](-[#8]-[#85]):[#6](-[#8]-[#6:23]):[#6]:1-[#85])-[#7](-[#85])-[#6](-[#85])(-[#85])-[#6]-2(-[#85])-[#85].[#6:25]-[#16:24]-[#6:32],EVODEX-P10029
EVODEX-N3331,[#85:69]-[#6:23](-[#85:70])(-[#85:71])-[#16&+](-[#6](-[#85])(-[#85])-[#6](-[#85])(-[#85])-[#6@](-[#85])(-[#7](-[#85])-[#85])-[#6](=[#8])-[#8]-[#85])-[#6](-[#85])(-[#85])-[#6@@]1(-[#85])-[#8]-[#6@@](-[#85])(-[#7]2:[#6](-[#85]):[#7]:[#6]3:[#6](-[#7](-[#85])-[#85]):[#7]:[#6](-[#85]):[#7]:[#6]:2:3)-[#6@](-[#85])(-[#8]-[#85])-[#6@]-1(-[#85])-[#8]-[#85]>>[#85]-[#6](-[#85])(-[#85])-[#8]-[#6]1:[#6](-[#85]):[#6]2:[#6](:[#6](-[#85]):[#6]:1-[#8]-[#85])-[#6](-[#85])(-[#6](-[#85])(-[#85])-[#6]1:[#6](-[#85]):[#6](-[#85]):[#6](-[#8]-[#85]):[#6](-[#8]-[#6:23](-[#85:69])(-[#85:70])-[#85:71]):[#6]:1-[#85])-[#7](-[#85])-[#6](-[#85])(-[#85])-[#6]-2(-[#85])-[#85],EVODEX-P10032
EVODEX-N3332,[#6:1]-[#16&+:2](-[#6:3])-[#6:10]>>[#6:1]-[#7](-[#85])-[#6@@](-[#85])(-[#6](-[#85])(-[#85])-[#6](-[#85])(-[#85])-[#6](-[#85])(-[#85])-[#6](-[#85])(-[#85])-[#7](-[#85])-[#85])-[#6](=[#8])-[#8]-[#85].[#6:3]-[#16:2]-[#6:10],EVODEX-P10039
EVODEX-N3333,[#85:38]-[#6:1](-[#85:39])(-[#85:40])-[#16&+](-[#6](-[#85])(-[#85])-[#6](-[#85])(-[#85])-[#6@](-[#85])(-[#7](-[#85])-[#85])-[#6](=[#8])-[#8]-[#85])-[#6](-[#85])(-[#85])-[#6@@]1(-[#85])-[#8]-[#6@@](-[#85])(-[#7]2:[#6](-[#85]):[#7]:[#6]3:[#6](-[#7](-[#85])-[#85]):[#7]:[#6](-[#85]):[#7]:[#6]:2:3)-[#6@](-[#85])(-[#8]-[#85])-[#6@]-1(-[#85])-[#8]-[#85]>>[#85:38]-[#6:1](-[#85:39])(-[#85:40])-[#7](-[#85])-[#6@@](-[#85])(-[#6](-[#85])(-[#85])-[#6](-[#85])(-[#85])-[#6](-[#85])(-[#85])-[#6](-[#85])(-[#85])-[#7](-[#85])-[#85])-[#6](=[#8])-[#8]-[#85],EVODEX-P10041
EVODEX-N3334,[#6:12]-[#16&+:13](-[#6:14])-[#6:21]>>[#85]-[#6](-[#85])(-[#85])-[#7](-[#85])-[#6@@](-[#85])(-[#6](-[#85])(-[#85])-[#6](-[#85])(-[#85])-[#6](-[#85])(-[#85])-[#6](-[#85])(-[#85])-[#7](-[#85])-[#6:12])-[#6](=[#8])-[#8]-[#85].[#6:14]-[#16:13]-[#6:21],EVODEX-P10044
EVODEX-N3335,[#85:39]-[#6:12](-[#85:40])(-[#85:41])-[#16&+](-[#6](-[#85])(-[#85])-[#6](-[#85])(-[#85])-[#6@](-[#85])(-[#7](-[#85])-[#85])-[#6](=[#8])-[#8]-[#85])-[#6](-[#85])(-[#85])-[#6@@]1(-[#85])-[#8]-[#6@@](-[#85])(-[#7]2:[#6](-[#85]):[#7]:[#6]3:[#6](-[#7](-[#85])-[#85]):[#7]:[#6](-[#85]):[#7]:[#6]:2:3)-[#6@](-[#85])(-[#8]-[#85])-[#6@]-1(-[#85])-[#8]-[#85]>>[#85]-[#6](-[#85])(-[#85])-[#7](-[#85])-[#6@@](-[#85])(-[#6](-[#85])(-[#85])-[#6](-[#85])(-[#85])-[#6](-[#85])(-[#85])-[#6](-[#85])(-[#85])-[#7](-[#85])-[#6:12](-[#85:39])(-[#85:40])-[#85:41])-[#6](=[#8])-[#8]-[#85],EVODEX-P10046
EVODEX-N3336,[#6:1]-[#16&+:2](-[#6:3])-[#6:10]>>[#6:1]-[#8]-[#6]1:[#6](-[#85]):[#6]2:[#6](:[#6](-[#85]):[#6]:1-[#8]-[#85])-[#6@](-[#85])(-[#6](-[#85])(-[#85])-[#6]1:[#6](-[#85]):[#6](-[#85]):[#6](-[#8]-[#85]):[#6](-[#8]-[#85]):[#6]:1-[#85])-[#7](-[#85])-[#6](-[#85])(-[#85])-[#6]-2(-[#85])-[#85].[#6:3]-[#16:2]-[#6:10],EVODEX-P10049
EVODEX-N3337,[#85:49]-[#6:1](-[#85:50])(-[#85:51])-[#16&+](-[#6](-[#85])(-[#85])-[#6](-[#85])(-[#85])-[#6@](-[#85])(-[#7](-[#85])-[#85])-[#6](=[#8])-[#8]-[#85])-[#6](-[#85])(-[#85])-[#6@@]1(-[#85])-[#8]-[#6@@](-[#85])(-[#7]2:[#6](-[#85]):[#7]:[#6]3:[#6](-[#7](-[#85])-[#85]):[#7]:[#6](-[#85]):[#7]:[#6]:2:3)-[#6@](-[#85])(-[#8]-[#85])-[#6@]-1(-[#85])-[#8]-[#85]>>[#85:49]-[#6:1](-[#85:50])(-[#85:51])-[#8]-[#6]1:[#6](-[#85]):[#6]2:[#6](:[#6](-[#85]):[#6]:1-[#8]-[#85])-[#6@](-[#85])(-[#6](-[#85])(-[#85])-[#6]1:[#6](-[#85]):[#6](-[#85]):[#6](-[#8]-[#85]):[#6](-[#8]-[#85]):[#6]:1-[#85])-[#7](-[#85])-[#6](-[#85])(-[#85])-[#6]-2(-[#85])-[#85],EVODEX-P10051
EVODEX-N3338,[#85:49]-[#6:1](-[#85:50])(-[#85:51])-[#8]-[#6]1:[#6](-[#85]):[#6]2:[#6](:[#6](-[#85]):[#6]:1-[#8]-[#85])-[#6@](-[#85])(-[#6](-[#85])(-[#85])-[#6]1:[#6](-[#85]):[#6](-[#85]):[#6](-[#8]-[#85]):[#6](-[#8]-[#85]):[#6]:1-[#85])-[#7](-[#85])-[#6](-[#85])(-[#85])-[#6]-2(-[#85])-[#85].[#6:36]-[#16:37]-[#6:38]>>[#85:49]-[#6:1](-[#85:50])(-[#85:51])-[#16&+:37](-[#6:36])-[#6:38],EVODEX-P10055
EVODEX-N3339,[#85:49]-[#6:1](-[#85:50])(-[#85:51])-[#8]-[#6]1:[#6](-[#85]):[#6]2:[#6](:[#6](-[#85]):[#6]:1-[#8]-[#85])-[#6@](-[#85])(-[#6](-[#85])(-[#85])-[#6]1:[#6](-[#85]):[#6](-[#85]):[#6](-[#8]-[#85]):[#6](-[#8]-[#85]):[#6]:1-[#85])-[#7](-[#85])-[#6](-[#85])(-[#85])-[#6]-2(-[#85])-[#85]>>[#85:49]-[#6:1](-[#85:50])(-[#85:51])-[#16&+](-[#6](-[#85])(-[#85])-[#6@@]1(-[#85])-[#8]-[#6@@](-[#85])(-[#7]2:[#6]3:[#7]:[#6](-[#85]):[#7]:[#6](-[#7](-[#85])-[#85]):[#6]:3:[#7]:[#6]:2-[#85])-[#6@](-[#85])(-[#8]-[#85])-[#6@]-1(-[#85])-[#8]-[#85])-[#6](-[#85])(-[#85])-[#6](-[#85])(-[#85])-[#6@](-[#85])(-[#7](-[#85])-[#85])-[#6](=[#8])-[#8]-[#85],EVODEX-P10056
EVODEX-N3340,[#6:1]-[#16&+:2](-[#6:3])-[#6:10]>>[#6:1]-[#8]-[#6]1:[#6](-[#17]):[#6](-[#85]):[#6](-[#17]):[#6](-[#85]):[#6]:1-[#17].[#6:3]-[#16:2]-[#6:10],EVODEX-P10059
EVODEX-N3341,[#85:38]-[#6:1](-[#85:39])(-[#85:40])-[#16&+](-[#6](-[#85])(-[#85])-[#6](-[#85])(-[#85])-[#6@](-[#85])(-[#7](-[#85])-[#85])-[#6](=[#8])-[#8]-[#85])-[#6](-[#85])(-[#85])-[#6@@]1(-[#85])-[#8]-[#6@@](-[#85])(-[#7]2:[#6](-[#85]):[#7]:[#6]3:[#6](-[#7](-[#85])-[#85]):[#7]:[#6](-[#85]):[#7]:[#6]:2:3)-[#6@](-[#85])(-[#8]-[#85])-[#6@]-1(-[#85])-[#8]-[#85]>>[#85:38]-[#6:1](-[#85:39])(-[#85:40])-[#8]-[#6]1:[#6](-[#17]):[#6](-[#85]):[#6](-[#17]):[#6](-[#85]):[#6]:1-[#17],EVODEX-P10061
EVODEX-N3342,[#6:1]-[#16&+:2](-[#6:3])-[#6:10]>>[#6:1]-[#8]-[#6]1:[#6](-[#85]):[#6](-[#17]):[#6](-[#17]):[#6](-[#17]):[#6]:1-[#17].[#6:3]-[#16:2]-[#6:10],EVODEX-P10064
EVODEX-N3343,[#85:39]-[#6:1](-[#85:40])(-[#85:41])-[#16&+](-[#6](-[#85])(-[#85])-[#6](-[#85])(-[#85])-[#6@](-[#85])(-[#7](-[#85])-[#85])-[#6](=[#8])-[#8]-[#85])-[#6](-[#85])(-[#85])-[#6@@]1(-[#85])-[#8]-[#6@@](-[#85])(-[#7]2:[#6](-[#85]):[#7]:[#6]3:[#6](-[#7](-[#85])-[#85]):[#7]:[#6](-[#85]):[#7]:[#6]:2:3)-[#6@](-[#85])(-[#8]-[#85])-[#6@]-1(-[#85])-[#8]-[#85]>>[#85:39]-[#6:1](-[#85:40])(-[#85:41])-[#8]-[#6]1:[#6](-[#85]):[#6](-[#17]):[#6](-[#17]):[#6](-[#17]):[#6]:1-[#17],EVODEX-P10066
EVODEX-N3344,[#85:32]-[#6:1](-[#85:33])(-[#85:34])-[#16&+:2](-[#6:3])-[#6:10].[#85]-[#8:28]-[#33:29](-[#8:30])-[#8:31]>>[#85:32]-[#6:1](-[#85:33])(-[#85:34])-[#33:29](=[#8:28])(-[#8:30])-[#8:31].[#6:3]-[#16:2]-[#6:10],EVODEX-P10068
EVODEX-N3345,[#6:1]-[#16&+:2](-[#6:3])-[#6:10]>>[#6:1]-[#33](=[#8])(-[#8]-[#85])-[#8]-[#85].[#6:3]-[#16:2]-[#6:10],EVODEX-P10069
EVODEX-N3346,[#85:32]-[#6:1](-[#85:33])(-[#85:34])-[#16&+](-[#6](-[#85])(-[#85])-[#6](-[#85])(-[#85])-[#6@](-[#85])(-[#7](-[#85])-[#85])-[#6](=[#8])-[#8]-[#85])-[#6](-[#85])(-[#85])-[#6@@]1(-[#85])-[#8]-[#6@@](-[#85])(-[#7]2:[#6](-[#85]):[#7]:[#6]3:[#6](-[#7](-[#85])-[#85]):[#7]:[#6](-[#85]):[#7]:[#6]:2:3)-[#6@](-[#85])(-[#8]-[#85])-[#6@]-1(-[#85])-[#8]-[#85].[#85]-[#8:28]-[#33:29](-[#8:30])-[#8:31]>>[#85:32]-[#6:1](-[#85:33])(-[#85:34])-[#33:29](=[#8:28])(-[#8:30])-[#8:31],EVODEX-P10070
EVODEX-N3347,[#85:32]-[#6:1](-[#85:33])(-[#85:34])-[#16&+](-[#6](-[#85])(-[#85])-[#6](-[#85])(-[#85])-[#6@](-[#85])(-[#7](-[#85])-[#85])-[#6](=[#8])-[#8]-[#85])-[#6](-[#85])(-[#85])-[#6@@]1(-[#85])-[#8]-[#6@@](-[#85])(-[#7]2:[#6](-[#85]):[#7]:[#6]3:[#6](-[#7](-[#85])-[#85]):[#7]:[#6](-[#85]):[#7]:[#6]:2:3)-[#6@](-[#85])(-[#8]-[#85])-[#6@]-1(-[#85])-[#8]-[#85]>>[#85:32]-[#6:1](-[#85:33])(-[#85:34])-[#33](=[#8])(-[#8]-[#85])-[#8]-[#85],EVODEX-P10071
EVODEX-N3348,[H][O:28][As:29]([O:30])[O:31]>>[H]C([H])([H])[As:29](=[O:28])([O:30])[O:31],EVODEX-P10072
EVODEX-N3349,[#6:1]-[#33:2](-[#8:3]-[#85])-[#8:4].[#85:37]-[#6:5](-[#85:38])(-[#85:39])-[#16&+:6](-[#6:7])-[#6:14]>>[#6:1]-[#33:2](=[#8:3])(-[#8:4])-[#6:5](-[#85:37])(-[#85:38])-[#85:39].[#6:7]-[#16:6]-[#6:14],EVODEX-P10073
EVODEX-N3350,[#6:5]-[#16&+:6](-[#6:7])-[#6:14]>>[#85]-[#6](-[#85])(-[#85])-[#33](=[#8])(-[#8]-[#85])-[#6:5].[#6:7]-[#16:6]-[#6:14],EVODEX-P10074
EVODEX-N3351,[#6:1]-[#33:2](-[#8:3]-[#85])-[#8:4].[#85:37]-[#6:5](-[#85:38])(-[#85:39])-[#16&+](-[#6](-[#85])(-[#85])-[#6](-[#85])(-[#85])-[#6@](-[#85])(-[#7](-[#85])-[#85])-[#6](=[#8])-[#8]-[#85])-[#6](-[#85])(-[#85])-[#6@@]1(-[#85])-[#8]-[#6@@](-[#85])(-[#7]2:[#6](-[#85]):[#7]:[#6]3:[#6](-[#7](-[#85])-[#85]):[#7]:[#6](-[#85]):[#7]:[#6]:2:3)-[#6@](-[#85])(-[#8]-[#85])-[#6@]-1(-[#85])-[#8]-[#85]>>[#6:1]-[#33:2](=[#8:3])(-[#8:4])-[#6:5](-[#85:37])(-[#85:38])-[#85:39],EVODEX-P10075
EVODEX-N3352,[H][O:3][As:2]([C:1])[O:4]>>[H]C([H])([H])[As:2]([C:1])(=[O:3])[O:4],EVODEX-P10076
EVODEX-N3353,[#85:37]-[#6:5](-[#85:38])(-[#85:39])-[#16&+](-[#6](-[#85])(-[#85])-[#6](-[#85])(-[#85])-[#6@](-[#85])(-[#7](-[#85])-[#85])-[#6](=[#8])-[#8]-[#85])-[#6](-[#85])(-[#85])-[#6@@]1(-[#85])-[#8]-[#6@@](-[#85])(-[#7]2:[#6](-[#85]):[#7]:[#6]3:[#6](-[#7](-[#85])-[#85]):[#7]:[#6](-[#85]):[#7]:[#6]:2:3)-[#6@](-[#85])(-[#8]-[#85])-[#6@]-1(-[#85])-[#8]-[#85]>>[#85]-[#6](-[#85])(-[#85])-[#33](=[#8])(-[#8]-[#85])-[#6:5](-[#85:37])(-[#85:38])-[#85:39],EVODEX-P10077
EVODEX-N3354,[#6:35]-[#16&+:36](-[#6:37])-[#6:44]>>[#85]-[#6](-[#85])(-[#85])-[#7](-[#85])-[#6@]1(-[#85])-[#6](-[#85])(-[#85])-[#6@@]2(-[#85])-[#8]-[#6@@](-[#6](-[#85])(-[#85])-[#85])(-[#6@]-1(-[#85])-[#8]-[#6:35])-[#7]1:[#6]3:[#6](-[#85]):[#6](-[#85]):[#6](-[#85]):[#6](-[#85]):[#6]:3:[#6]3:[#6]4:[#6](:[#6]5:[#6]6:[#6](-[#85]):[#6](-[#85]):[#6](-[#85]):[#6](-[#85]):[#6]:6:[#7]-2:[#6]:5:[#6]:1:3)-[#6](=[#8])-[#7](-[#85])-[#6]-4(-[#85])-[#85].[#6:37]-[#16:36]-[#6:44],EVODEX-P10079
EVODEX-N3355,[#85:86]-[#6:35](-[#85:87])(-[#85:88])-[#16&+](-[#6](-[#85])(-[#85])-[#6](-[#85])(-[#85])-[#6@](-[#85])(-[#7](-[#85])-[#85])-[#6](=[#8])-[#8]-[#85])-[#6](-[#85])(-[#85])-[#6@@]1(-[#85])-[#8]-[#6@@](-[#85])(-[#7]2:[#6](-[#85]):[#7]:[#6]3:[#6](-[#7](-[#85])-[#85]):[#7]:[#6](-[#85]):[#7]:[#6]:2:3)-[#6@](-[#85])(-[#8]-[#85])-[#6@]-1(-[#85])-[#8]-[#85]>>[#85]-[#6](-[#85])(-[#85])-[#7](-[#85])-[#6@]1(-[#85])-[#6](-[#85])(-[#85])-[#6@@]2(-[#85])-[#8]-[#6@@](-[#6](-[#85])(-[#85])-[#85])(-[#6@]-1(-[#85])-[#8]-[#6:35](-[#85:86])(-[#85:87])-[#85:88])-[#7]1:[#6]3:[#6](-[#85]):[#6](-[#85]):[#6](-[#85]):[#6](-[#85]):[#6]:3:[#6]3:[#6]4:[#6](:[#6]5:[#6]6:[#6](-[#85]):[#6](-[#85]):[#6](-[#85]):[#6](-[#85]):[#6]:6:[#7]-2:[#6]:5:[#6]:1:3)-[#6](=[#8])-[#7](-[#85])-[#6]-4(-[#85])-[#85],EVODEX-P10082
EVODEX-N3356,[#6:1]-[#16&+:2](-[#6:3])-[#6:10]>>[#6:1]-[#7]1-[#6@@](-[#85])(-[#6](-[#85])(-[#85])-[#6]2:[#6](-[#85]):[#6](-[#85]):[#6](-[#8]-[#85]):[#6](-[#85]):[#6]:2-[#85])-[#6]2:[#6](:[#6](-[#85]):[#6](-[#8]-[#85]):[#6](-[#8]-[#85]):[#6]:2-[#85])-[#6](-[#85])(-[#85])-[#6]-1(-[#85])-[#85].[#6:3]-[#16:2]-[#6:10],EVODEX-P10084
EVODEX-N3357,[#85:48]-[#6:1](-[#85:49])(-[#85:50])-[#16&+](-[#6](-[#85])(-[#85])-[#6](-[#85])(-[#85])-[#6@](-[#85])(-[#7](-[#85])-[#85])-[#6](=[#8])-[#8]-[#85])-[#6](-[#85])(-[#85])-[#6@@]1(-[#85])-[#8]-[#6@@](-[#85])(-[#7]2:[#6](-[#85]):[#7]:[#6]3:[#6](-[#7](-[#85])-[#85]):[#7]:[#6](-[#85]):[#7]:[#6]:2:3)-[#6@](-[#85])(-[#8]-[#85])-[#6@]-1(-[#85])-[#8]-[#85]>>[#85:48]-[#6:1](-[#85:49])(-[#85:50])-[#7]1-[#6@@](-[#85])(-[#6](-[#85])(-[#85])-[#6]2:[#6](-[#85]):[#6](-[#85]):[#6](-[#8]-[#85]):[#6](-[#85]):[#6]:2-[#85])-[#6]2:[#6](:[#6](-[#85]):[#6](-[#8]-[#85]):[#6](-[#8]-[#85]):[#6]:2-[#85])-[#6](-[#85])(-[#85])-[#6]-1(-[#85])-[#85],EVODEX-P10086
EVODEX-N3358,[#6:16]-[#16&+:17](-[#6:18])-[#6:25]>>[#85]-[#6](-[#85])(-[#85])-[#6](-[#85])(-[#85])/[#6](-[#85])=[#6](/[#85])-[#6](-[#85])(-[#85])-[#6@@]1(-[#85])-[#6](=[#8])-[#6](-[#85])(-[#85])-[#6](-[#85])(-[#85])-[#6@]-1(-[#85])-[#6](-[#85])(-[#85])-[#6](=[#8])-[#8]-[#6:16].[#6:18]-[#16:17]-[#6:25],EVODEX-P10089
EVODEX-N3359,[#85:43]-[#6:16](-[#85:44])(-[#85:45])-[#16&+](-[#6](-[#85])(-[#85])-[#6](-[#85])(-[#85])-[#6@](-[#85])(-[#7](-[#85])-[#85])-[#6](=[#8])-[#8]-[#85])-[#6](-[#85])(-[#85])-[#6@@]1(-[#85])-[#8]-[#6@@](-[#85])(-[#7]2:[#6](-[#85]):[#7]:[#6]3:[#6](-[#7](-[#85])-[#85]):[#7]:[#6](-[#85]):[#7]:[#6]:2:3)-[#6@](-[#85])(-[#8]-[#85])-[#6@]-1(-[#85])-[#8]-[#85]>>[#85]-[#6](-[#85])(-[#85])-[#6](-[#85])(-[#85])/[#6](-[#85])=[#6](/[#85])-[#6](-[#85])(-[#85])-[#6@@]1(-[#85])-[#6](=[#8])-[#6](-[#85])(-[#85])-[#6](-[#85])(-[#85])-[#6@]-1(-[#85])-[#6](-[#85])(-[#85])-[#6](=[#8])-[#8]-[#6:16](-[#85:43])(-[#85:44])-[#85:45],EVODEX-P10091
EVODEX-N3360,[#6:1]-[#16&+:2](-[#6:3])-[#6:10]>>[#6:1]-[#8]-[#6](=[#8])-[#6]1:[#6](-[#85]):[#6](-[#85]):[#6](-[#85]):[#6](-[#85]):[#6]:1-[#85].[#6:3]-[#16:2]-[#6:10],EVODEX-P10094
EVODEX-N3361,[#85:37]-[#6:1](-[#85:38])(-[#85:39])-[#16&+](-[#6](-[#85])(-[#85])-[#6](-[#85])(-[#85])-[#6@](-[#85])(-[#7](-[#85])-[#85])-[#6](=[#8])-[#8]-[#85])-[#6](-[#85])(-[#85])-[#6@@]1(-[#85])-[#8]-[#6@@](-[#85])(-[#7]2:[#6](-[#85]):[#7]:[#6]3:[#6](-[#7](-[#85])-[#85]):[#7]:[#6](-[#85]):[#7]:[#6]:2:3)-[#6@](-[#85])(-[#8]-[#85])-[#6@]-1(-[#85])-[#8]-[#85]>>[#85:37]-[#6:1](-[#85:38])(-[#85:39])-[#8]-[#6](=[#8])-[#6]1:[#6](-[#85]):[#6](-[#85]):[#6](-[#85]):[#6](-[#85]):[#6]:1-[#85],EVODEX-P10096
EVODEX-N3362,[#85:109]-[#6:32](-[#85:110])(-[#85])-[#16&+:33](-[#6:34])-[#6:41]>>[#85]-[#6](-[#85])(-[#85])-[#6](-[#85])(-[#6](-[#85])(-[#85])-[#85])-[#6](-[#6](-[#85])(-[#85])-[#6](-[#85])(-[#85])-[#6@@](-[#85])(-[#6](-[#85])(-[#85])-[#85])-[#6@@]1(-[#85])-[#6](-[#85])(-[#85])-[#6](-[#85])(-[#85])-[#6@@]2(-[#6](-[#85])(-[#85])-[#85])-[#6@]3(-[#85])-[#6](-[#85])(-[#85])-[#6](-[#85])(-[#85])-[#6@]4(-[#85])-[#6](-[#6](-[#85])(-[#85])-[#85])(-[#6](-[#85])(-[#85])-[#85])-[#6@@](-[#85])(-[#8]-[#85])-[#6](-[#85])(-[#85])-[#6](-[#85])(-[#85])-[#6@@]-45-[#6](-[#85])(-[#85])-[#6@@]-3-5-[#6](-[#85])(-[#85])-[#6](-[#85])(-[#85])-[#6@]-1-2-[#6](-[#85])(-[#85])-[#85])=[#6:32](-[#85:109])-[#85:110].[#6:34]-[#16:33]-[#6:41],EVODEX-P10099
EVODEX-N3363,[#85:109]-[#6:32](-[#85:110])(-[#85])-[#16&+](-[#6](-[#85])(-[#85])-[#6](-[#85])(-[#85])-[#6@](-[#85])(-[#7](-[#85])-[#85])-[#6](=[#8])-[#8]-[#85])-[#6](-[#85])(-[#85])-[#6@@]1(-[#85])-[#8]-[#6@@](-[#85])(-[#7]2:[#6](-[#85]):[#7]:[#6]3:[#6](-[#7](-[#85])-[#85]):[#7]:[#6](-[#85]):[#7]:[#6]:2:3)-[#6@](-[#85])(-[#8]-[#85])-[#6@]-1(-[#85])-[#8]-[#85]>>[#85]-[#6](-[#85])(-[#85])-[#6](-[#85])(-[#6](-[#85])(-[#85])-[#85])-[#6](-[#6](-[#85])(-[#85])-[#6](-[#85])(-[#85])-[#6@@](-[#85])(-[#6](-[#85])(-[#85])-[#85])-[#6@@]1(-[#85])-[#6](-[#85])(-[#85])-[#6](-[#85])(-[#85])-[#6@@]2(-[#6](-[#85])(-[#85])-[#85])-[#6@]3(-[#85])-[#6](-[#85])(-[#85])-[#6](-[#85])(-[#85])-[#6@]4(-[#85])-[#6](-[#6](-[#85])(-[#85])-[#85])(-[#6](-[#85])(-[#85])-[#85])-[#6@@](-[#85])(-[#8]-[#85])-[#6](-[#85])(-[#85])-[#6](-[#85])(-[#85])-[#6@@]-45-[#6](-[#85])(-[#85])-[#6@@]-3-5-[#6](-[#85])(-[#85])-[#6](-[#85])(-[#85])-[#6@]-1-2-[#6](-[#85])(-[#85])-[#85])=[#6:32](-[#85:109])-[#85:110],EVODEX-P10102
EVODEX-N3364,[#85:109]-[#6:32](-[#85:110])(-[#85])-[#16&+:33](-[#6:34])-[#6:41]>>[#85]-[#6](-[#85])(-[#85])-[#6](-[#85])(-[#6](-[#85])(-[#85])-[#85])-[#6](-[#6](-[#85])(-[#85])-[#6](-[#85])(-[#85])-[#6@@](-[#85])(-[#6](-[#85])(-[#85])-[#85])-[#6@@]1(-[#85])-[#6](-[#85])(-[#85])-[#6](-[#85])(-[#85])-[#6@@]2(-[#6](-[#85])(-[#85])-[#85])-[#6]3=[#6](-[#6](-[#85])(-[#85])-[#6](-[#85])(-[#85])-[#6@]-1-2-[#6](-[#85])(-[#85])-[#85])-[#6@@]1(-[#6](-[#85])(-[#85])-[#85])-[#6](-[#85])(-[#85])-[#6](-[#85])(-[#85])-[#6@](-[#85])(-[#8]-[#85])-[#6](-[#6](-[#85])(-[#85])-[#85])(-[#6](-[#85])(-[#85])-[#85])-[#6@]-1(-[#85])-[#6](-[#85])(-[#85])-[#6]-3(-[#85])-[#85])=[#6:32](-[#85:109])-[#85:110].[#6:34]-[#16:33]-[#6:41],EVODEX-P10104
EVODEX-N3365,[#85:109]-[#6:32](-[#85:110])(-[#85])-[#16&+](-[#6](-[#85])(-[#85])-[#6](-[#85])(-[#85])-[#6@](-[#85])(-[#7](-[#85])-[#85])-[#6](=[#8])-[#8]-[#85])-[#6](-[#85])(-[#85])-[#6@@]1(-[#85])-[#8]-[#6@@](-[#85])(-[#7]2:[#6](-[#85]):[#7]:[#6]3:[#6](-[#7](-[#85])-[#85]):[#7]:[#6](-[#85]):[#7]:[#6]:2:3)-[#6@](-[#85])(-[#8]-[#85])-[#6@]-1(-[#85])-[#8]-[#85]>>[#85]-[#6](-[#85])(-[#85])-[#6](-[#85])(-[#6](-[#85])(-[#85])-[#85])-[#6](-[#6](-[#85])(-[#85])-[#6](-[#85])(-[#85])-[#6@@](-[#85])(-[#6](-[#85])(-[#85])-[#85])-[#6@@]1(-[#85])-[#6](-[#85])(-[#85])-[#6](-[#85])(-[#85])-[#6@@]2(-[#6](-[#85])(-[#85])-[#85])-[#6]3=[#6](-[#6](-[#85])(-[#85])-[#6](-[#85])(-[#85])-[#6@]-1-2-[#6](-[#85])(-[#85])-[#85])-[#6@@]1(-[#6](-[#85])(-[#85])-[#85])-[#6](-[#85])(-[#85])-[#6](-[#85])(-[#85])-[#6@](-[#85])(-[#8]-[#85])-[#6](-[#6](-[#85])(-[#85])-[#85])(-[#6](-[#85])(-[#85])-[#85])-[#6@]-1(-[#85])-[#6](-[#85])(-[#85])-[#6]-3(-[#85])-[#85])=[#6:32](-[#85:109])-[#85:110],EVODEX-P10107
EVODEX-N3366,[#85:58]-[#6:1](-[#85])=[#6:2].[#85:106]-[#6:31](-[#85:107])(-[#85:108])-[#16&+:32](-[#6:33])-[#6:40]>>[#85:58]-[#6:1](=[#6:2])-[#6:31](-[#85:106])(-[#85:107])-[#85:108].[#6:33]-[#16:32]-[#6:40],EVODEX-P10108
EVODEX-N3367,[#6:31]-[#16&+:32](-[#6:33])-[#6:40]>>[#85]-[#6](=[#6](-[#6](-[#85])(-[#85])-[#6](-[#85])(-[#85])-[#6@@](-[#85])(-[#6](-[#85])(-[#85])-[#85])-[#6@@]1(-[#85])-[#6](-[#85])(-[#85])-[#6](-[#85])(-[#85])-[#6@@]2(-[#85])-[#6]3=[#6](-[#85])-[#6](-[#85])(-[#85])-[#6@@]4(-[#85])-[#6@](-[#85])(-[#6](-[#85])(-[#85])-[#85])-[#6@@](-[#85])(-[#8]-[#85])-[#6](-[#85])(-[#85])-[#6](-[#85])(-[#85])-[#6@]-4(-[#6](-[#85])(-[#85])-[#85])-[#6@@]-3(-[#85])-[#6](-[#85])(-[#85])-[#6](-[#85])(-[#85])-[#6@]-1-2-[#6](-[#85])(-[#85])-[#85])-[#6](-[#85])(-[#6](-[#85])(-[#85])-[#85])-[#6](-[#85])(-[#85])-[#85])-[#6:31].[#6:33]-[#16:32]-[#6:40],EVODEX-P10109
EVODEX-N3368,[#85:58]-[#6:1](-[#85])=[#6:2].[#85:106]-[#6:31](-[#85:107])(-[#85:108])-[#16&+](-[#6](-[#85])(-[#85])-[#6](-[#85])(-[#85])-[#6@](-[#85])(-[#7](-[#85])-[#85])-[#6](=[#8])-[#8]-[#85])-[#6](-[#85])(-[#85])-[#6@@]1(-[#85])-[#8]-[#6@@](-[#85])(-[#7]2:[#6](-[#85]):[#7]:[#6]3:[#6](-[#7](-[#85])-[#85]):[#7]:[#6](-[#85]):[#7]:[#6]:2:3)-[#6@](-[#85])(-[#8]-[#85])-[#6@]-1(-[#85])-[#8]-[#85]>>[#85:58]-[#6:1](=[#6:2])-[#6:31](-[#85:106])(-[#85:107])-[#85:108],EVODEX-P10110
EVODEX-N3369,[H][C:1](=[C:2])[H:58]>>[H]C([H])([H])[C:1](=[C:2])[H:58],EVODEX-P10111
EVODEX-N3370,[#85:106]-[#6:31](-[#85:107])(-[#85:108])-[#16&+](-[#6](-[#85])(-[#85])-[#6](-[#85])(-[#85])-[#6@](-[#85])(-[#7](-[#85])-[#85])-[#6](=[#8])-[#8]-[#85])-[#6](-[#85])(-[#85])-[#6@@]1(-[#85])-[#8]-[#6@@](-[#85])(-[#7]2:[#6](-[#85]):[#7]:[#6]3:[#6](-[#7](-[#85])-[#85]):[#7]:[#6](-[#85]):[#7]:[#6]:2:3)-[#6@](-[#85])(-[#8]-[#85])-[#6@]-1(-[#85])-[#8]-[#85]>>[#85]-[#6](=[#6](-[#6](-[#85])(-[#85])-[#6](-[#85])(-[#85])-[#6@@](-[#85])(-[#6](-[#85])(-[#85])-[#85])-[#6@@]1(-[#85])-[#6](-[#85])(-[#85])-[#6](-[#85])(-[#85])-[#6@@]2(-[#85])-[#6]3=[#6](-[#85])-[#6](-[#85])(-[#85])-[#6@@]4(-[#85])-[#6@](-[#85])(-[#6](-[#85])(-[#85])-[#85])-[#6@@](-[#85])(-[#8]-[#85])-[#6](-[#85])(-[#85])-[#6](-[#85])(-[#85])-[#6@]-4(-[#6](-[#85])(-[#85])-[#85])-[#6@@]-3(-[#85])-[#6](-[#85])(-[#85])-[#6](-[#85])(-[#85])-[#6@]-1-2-[#6](-[#85])(-[#85])-[#85])-[#6](-[#85])(-[#6](-[#85])(-[#85])-[#85])-[#6](-[#85])(-[#85])-[#85])-[#6:31](-[#85:106])(-[#85:107])-[#85:108],EVODEX-P10112
EVODEX-N3371,[#85:101]-[#6:30](-[#85:102])(-[#85])-[#16&+:31](-[#6:32])-[#6:39]>>[#85]-[#6](-[#85])=[#6](-[#6](-[#85])(-[#85])-[#6](-[#85])(-[#85])-[#6@@](-[#85])(-[#6](-[#85])(-[#85])-[#85])-[#6@@]1(-[#85])-[#6](-[#85])(-[#85])-[#6](-[#85])(-[#85])-[#6@@]2(-[#85])-[#6]3(-[#85])-[#6](=[#6:30](-[#85:101])-[#85:102])-[#6](-[#85])=[#6]4-[#6](-[#85])(-[#85])-[#6@@](-[#85])(-[#8]-[#85])-[#6](-[#85])(-[#85])-[#6](-[#85])(-[#85])-[#6@]-4(-[#6](-[#85])(-[#85])-[#85])-[#6@@]-3(-[#85])-[#6](-[#85])(-[#85])-[#6](-[#85])(-[#85])-[#6@]-1-2-[#6](-[#85])(-[#85])-[#85])-[#6](-[#85])(-[#6](-[#85])(-[#85])-[#85])-[#6](-[#85])(-[#85])-[#85].[#6:32]-[#16:31]-[#6:39],EVODEX-P10114
EVODEX-N3372,[#85:101]-[#6:30](-[#85:102])(-[#85])-[#16&+](-[#6](-[#85])(-[#85])-[#6](-[#85])(-[#85])-[#6@](-[#85])(-[#7](-[#85])-[#85])-[#6](=[#8])-[#8]-[#85])-[#6](-[#85])(-[#85])-[#6@@]1(-[#85])-[#8]-[#6@@](-[#85])(-[#7]2:[#6](-[#85]):[#7]:[#6]3:[#6](-[#7](-[#85])-[#85]):[#7]:[#6](-[#85]):[#7]:[#6]:2:3)-[#6@](-[#85])(-[#8]-[#85])-[#6@]-1(-[#85])-[#8]-[#85]>>[#85]-[#6](-[#85])=[#6](-[#6](-[#85])(-[#85])-[#6](-[#85])(-[#85])-[#6@@](-[#85])(-[#6](-[#85])(-[#85])-[#85])-[#6@@]1(-[#85])-[#6](-[#85])(-[#85])-[#6](-[#85])(-[#85])-[#6@@]2(-[#85])-[#6]3(-[#85])-[#6](=[#6:30](-[#85:101])-[#85:102])-[#6](-[#85])=[#6]4-[#6](-[#85])(-[#85])-[#6@@](-[#85])(-[#8]-[#85])-[#6](-[#85])(-[#85])-[#6](-[#85])(-[#85])-[#6@]-4(-[#6](-[#85])(-[#85])-[#85])-[#6@@]-3(-[#85])-[#6](-[#85])(-[#85])-[#6](-[#85])(-[#85])-[#6@]-1-2-[#6](-[#85])(-[#85])-[#85])-[#6](-[#85])(-[#6](-[#85])(-[#85])-[#85])-[#6](-[#85])(-[#85])-[#85],EVODEX-P10117
EVODEX-N3373,[#6:1]-[#16&+:2](-[#6:3])-[#6:10]>>[#6:1]-[#8]-[#6](/[#6](=[#6](\[#85])-[#6](=[#8])-[#8]-[#85])-[#6](-[#85])(-[#85])-[#6](=[#8])-[#8]-[#85])=[#8].[#6:3]-[#16:2]-[#6:10],EVODEX-P10119
EVODEX-N3374,[#85:40]-[#6:1](-[#85:41])(-[#85:42])-[#16&+](-[#6](-[#85])(-[#85])-[#6](-[#85])(-[#85])-[#6@](-[#85])(-[#7](-[#85])-[#85])-[#6](=[#8])-[#8]-[#85])-[#6](-[#85])(-[#85])-[#6@@]1(-[#85])-[#8]-[#6@@](-[#85])(-[#7]2:[#6](-[#85]):[#7]:[#6]3:[#6](-[#7](-[#85])-[#85]):[#7]:[#6](-[#85]):[#7]:[#6]:2:3)-[#6@](-[#85])(-[#8]-[#85])-[#6@]-1(-[#85])-[#8]-[#85]>>[#85:40]-[#6:1](-[#85:41])(-[#85:42])-[#8]-[#6](/[#6](=[#6](\[#85])-[#6](=[#8])-[#8]-[#85])-[#6](-[#85])(-[#85])-[#6](=[#8])-[#8]-[#85])=[#8],EVODEX-P10121
EVODEX-N3375,[#6:1]-[#16&+:2](-[#6:3])-[#6:10]>>[#6:1]-[#8]-[#6](-[#6](-[#85])(-[#85])/[#6](=[#6](/[#85])-[#6](=[#8])-[#8]-[#85])-[#6](=[#8])-[#8]-[#85])=[#8].[#6:3]-[#16:2]-[#6:10],EVODEX-P10124
EVODEX-N3376,[#85:40]-[#6:1](-[#85:41])(-[#85:42])-[#16&+](-[#6](-[#85])(-[#85])-[#6](-[#85])(-[#85])-[#6@](-[#85])(-[#7](-[#85])-[#85])-[#6](=[#8])-[#8]-[#85])-[#6](-[#85])(-[#85])-[#6@@]1(-[#85])-[#8]-[#6@@](-[#85])(-[#7]2:[#6](-[#85]):[#7]:[#6]3:[#6](-[#7](-[#85])-[#85]):[#7]:[#6](-[#85]):[#7]:[#6]:2:3)-[#6@](-[#85])(-[#8]-[#85])-[#6@]-1(-[#85])-[#8]-[#85]>>[#85:40]-[#6:1](-[#85:41])(-[#85:42])-[#8]-[#6](-[#6](-[#85])(-[#85])/[#6](=[#6](/[#85])-[#6](=[#8])-[#8]-[#85])-[#6](=[#8])-[#8]-[#85])=[#8],EVODEX-P10126
EVODEX-N3377,[#6:13]-[#16&+:14](-[#6:15])-[#6:22]>>[#85]-[#6](-[#85])(-[#85])/[#6](-[#85])=[#6](\[#85])-[#6]1:[#6](-[#85]):[#6](-[#85]):[#6](-[#8]-[#6:13]):[#6](-[#8]-[#6](-[#85])(-[#85])-[#85]):[#6]:1-[#85].[#6:15]-[#16:14]-[#6:22],EVODEX-P10129
EVODEX-N3378,[#85:40]-[#6:13](-[#85:41])(-[#85:42])-[#16&+](-[#6](-[#85])(-[#85])-[#6](-[#85])(-[#85])-[#6@](-[#85])(-[#7](-[#85])-[#85])-[#6](=[#8])-[#8]-[#85])-[#6](-[#85])(-[#85])-[#6@@]1(-[#85])-[#8]-[#6@@](-[#85])(-[#7]2:[#6](-[#85]):[#7]:[#6]3:[#6](-[#7](-[#85])-[#85]):[#7]:[#6](-[#85]):[#7]:[#6]:2:3)-[#6@](-[#85])(-[#8]-[#85])-[#6@]-1(-[#85])-[#8]-[#85]>>[#85]-[#6](-[#85])(-[#85])/[#6](-[#85])=[#6](\[#85])-[#6]1:[#6](-[#85]):[#6](-[#85]):[#6](-[#8]-[#6:13](-[#85:40])(-[#85:41])-[#85:42]):[#6](-[#8]-[#6](-[#85])(-[#85])-[#85]):[#6]:1-[#85],EVODEX-P10131
EVODEX-N3379,[#6:13]-[#16&+:14](-[#6:15])-[#6:22]>>[#85]-[#6](-[#85])=[#6](-[#85])-[#6](-[#85])(-[#85])-[#6]1:[#6](-[#85]):[#6](-[#6:13]):[#6](-[#8]-[#85]):[#6](-[#8]-[#6](-[#85])(-[#85])-[#85]):[#6]:1-[#85].[#6:15]-[#16:14]-[#6:22],EVODEX-P10134
EVODEX-N3380,[#85:52]-[#6:13](-[#85:53])(-[#85:54])-[#16&+](-[#6](-[#85])(-[#85])-[#6](-[#85])(-[#85])-[#6@](-[#85])(-[#7](-[#85])-[#85])-[#6](=[#8])-[#8]-[#85])-[#6](-[#85])(-[#85])-[#6@@]1(-[#85])-[#8]-[#6@@](-[#85])(-[#7]2:[#6](-[#85]):[#7]:[#6]3:[#6](-[#7](-[#85])-[#85]):[#7]:[#6](-[#85]):[#7]:[#6]:2:3)-[#6@](-[#85])(-[#8]-[#85])-[#6@]-1(-[#85])-[#8]-[#85]>>[#85]-[#6](-[#85])=[#6](-[#85])-[#6](-[#85])(-[#85])-[#6]1:[#6](-[#85]):[#6](-[#6:13](-[#85:52])(-[#85:53])-[#85:54]):[#6](-[#8]-[#85]):[#6](-[#8]-[#6](-[#85])(-[#85])-[#85]):[#6]:1-[#85],EVODEX-P10137
EVODEX-N3381,[#6:1]-[#16&+:2](-[#6:3])-[#6:10]>>[#6:1]-[#8]-[#6]1:[#6](-[#85]):[#6]2:[#8]:[#6](-[#85]):[#6](-[#6]3:[#6](-[#85]):[#6](-[#85]):[#6](-[#8]-[#85]):[#6](-[#85]):[#6]:3-[#85]):[#6](=[#8]):[#6]:2:[#6](-[#85]):[#6]:1-[#85].[#6:3]-[#16:2]-[#6:10],EVODEX-P10139
EVODEX-N3382,[#85:47]-[#6:1](-[#85:48])(-[#85:49])-[#16&+](-[#6](-[#85])(-[#85])-[#6](-[#85])(-[#85])-[#6@](-[#85])(-[#7](-[#85])-[#85])-[#6](=[#8])-[#8]-[#85])-[#6](-[#85])(-[#85])-[#6@@]1(-[#85])-[#8]-[#6@@](-[#85])(-[#7]2:[#6](-[#85]):[#7]:[#6]3:[#6](-[#7](-[#85])-[#85]):[#7]:[#6](-[#85]):[#7]:[#6]:2:3)-[#6@](-[#85])(-[#8]-[#85])-[#6@]-1(-[#85])-[#8]-[#85]>>[#85:47]-[#6:1](-[#85:48])(-[#85:49])-[#8]-[#6]1:[#6](-[#85]):[#6]2:[#8]:[#6](-[#85]):[#6](-[#6]3:[#6](-[#85]):[#6](-[#85]):[#6](-[#8]-[#85]):[#6](-[#85]):[#6]:3-[#85]):[#6](=[#8]):[#6]:2:[#6](-[#85]):[#6]:1-[#85],EVODEX-P10141
EVODEX-N3383,[#6:22]-[#16&+:23](-[#6:24])-[#6:31]>>[#85]-[#6](-[#85])(-[#85])-[#8]-[#6]1:[#6](-[#85]):[#6](-[#85]):[#6](-[#6]2:[#6](-[#85]):[#8]:[#6]3:[#6](-[#85]):[#6](-[#8]-[#85]):[#6](-[#85]):[#6](-[#85]):[#6]:3:[#6]:2=[#8]):[#6](-[#8]-[#6:22]):[#6]:1-[#85].[#6:24]-[#16:23]-[#6:31],EVODEX-P10144
EVODEX-N3384,[#85:61]-[#6:22](-[#85:62])(-[#85:63])-[#16&+](-[#6](-[#85])(-[#85])-[#6](-[#85])(-[#85])-[#6@](-[#85])(-[#7](-[#85])-[#85])-[#6](=[#8])-[#8]-[#85])-[#6](-[#85])(-[#85])-[#6@@]1(-[#85])-[#8]-[#6@@](-[#85])(-[#7]2:[#6](-[#85]):[#7]:[#6]3:[#6](-[#7](-[#85])-[#85]):[#7]:[#6](-[#85]):[#7]:[#6]:2:3)-[#6@](-[#85])(-[#8]-[#85])-[#6@]-1(-[#85])-[#8]-[#85]>>[#85]-[#6](-[#85])(-[#85])-[#8]-[#6]1:[#6](-[#85]):[#6](-[#85]):[#6](-[#6]2:[#6](-[#85]):[#8]:[#6]3:[#6](-[#85]):[#6](-[#8]-[#85]):[#6](-[#85]):[#6](-[#85]):[#6]:3:[#6]:2=[#8]):[#6](-[#8]-[#6:22](-[#85:61])(-[#85:62])-[#85:63]):[#6]:1-[#85],EVODEX-P10147
EVODEX-N3385,[#6:42]-[#16&+:43](-[#6:44])-[#6:51]>>[#85]-[#6](-[#85])(-[#85])-[#6@]1(-[#85])-[#8]-[#6@](-[#85])(-[#8]-[#6@]2(-[#85])-[#6@@](-[#85])(-[#8]-[#85])-[#6@](-[#85])(-[#8]-[#85])-[#6@@](-[#85])(-[#6](-[#85])(-[#85])-[#8]-[#85])-[#8]-[#6@@]-2(-[#85])-[#6]2:[#6](-[#8]-[#6:42]):[#6](-[#85]):[#6](-[#8]-[#85]):[#6]3:[#6](=[#8]):[#6](-[#85]):[#6](-[#6]4:[#6](-[#85]):[#6](-[#85]):[#6](-[#8]-[#85]):[#6](-[#85]):[#6]:4-[#85]):[#8]:[#6]:2:3)-[#6@](-[#85])(-[#8]-[#85])-[#6@](-[#85])(-[#8]-[#85])-[#6@@]-1(-[#85])-[#8]-[#85].[#6:44]-[#16:43]-[#6:51],EVODEX-P10149
EVODEX-N3386,[#85:99]-[#6:42](-[#85:100])(-[#85:101])-[#16&+](-[#6](-[#85])(-[#85])-[#6](-[#85])(-[#85])-[#6@](-[#85])(-[#7](-[#85])-[#85])-[#6](=[#8])-[#8]-[#85])-[#6](-[#85])(-[#85])-[#6@@]1(-[#85])-[#8]-[#6@@](-[#85])(-[#7]2:[#6](-[#85]):[#7]:[#6]3:[#6](-[#7](-[#85])-[#85]):[#7]:[#6](-[#85]):[#7]:[#6]:2:3)-[#6@](-[#85])(-[#8]-[#85])-[#6@]-1(-[#85])-[#8]-[#85]>>[#85]-[#6](-[#85])(-[#85])-[#6@]1(-[#85])-[#8]-[#6@](-[#85])(-[#8]-[#6@]2(-[#85])-[#6@@](-[#85])(-[#8]-[#85])-[#6@](-[#85])(-[#8]-[#85])-[#6@@](-[#85])(-[#6](-[#85])(-[#85])-[#8]-[#85])-[#8]-[#6@@]-2(-[#85])-[#6]2:[#6](-[#8]-[#6:42](-[#85:99])(-[#85:100])-[#85:101]):[#6](-[#85]):[#6](-[#8]-[#85]):[#6]3:[#6](=[#8]):[#6](-[#85]):[#6](-[#6]4:[#6](-[#85]):[#6](-[#85]):[#6](-[#8]-[#85]):[#6](-[#85]):[#6]:4-[#85]):[#8]:[#6]:2:3)-[#6@](-[#85])(-[#8]-[#85])-[#6@](-[#85])(-[#8]-[#85])-[#6@@]-1(-[#85])-[#8]-[#85],EVODEX-P10152
EVODEX-N3387,[#6:1]-[#16&+:2](-[#6:3])-[#6:10]>>[#6:1]-[#8]-[#6]1:[#6](-[#85]):[#6]2:[#8]:[#6](-[#6]3:[#6](-[#85]):[#6](-[#85]):[#6](-[#8]-[#85]):[#6](-[#85]):[#6]:3-[#85]):[#6](-[#85]):[#6](=[#8]):[#6]:2:[#6](-[#8]-[#85]):[#6]:1-[#85].[#6:3]-[#16:2]-[#6:10],EVODEX-P10154
EVODEX-N3388,[#85:48]-[#6:1](-[#85:49])(-[#85:50])-[#16&+](-[#6](-[#85])(-[#85])-[#6](-[#85])(-[#85])-[#6@](-[#85])(-[#7](-[#85])-[#85])-[#6](=[#8])-[#8]-[#85])-[#6](-[#85])(-[#85])-[#6@@]1(-[#85])-[#8]-[#6@@](-[#85])(-[#7]2:[#6](-[#85]):[#7]:[#6]3:[#6](-[#7](-[#85])-[#85]):[#7]:[#6](-[#85]):[#7]:[#6]:2:3)-[#6@](-[#85])(-[#8]-[#85])-[#6@]-1(-[#85])-[#8]-[#85]>>[#85:48]-[#6:1](-[#85:49])(-[#85:50])-[#8]-[#6]1:[#6](-[#85]):[#6]2:[#8]:[#6](-[#6]3:[#6](-[#85]):[#6](-[#85]):[#6](-[#8]-[#85]):[#6](-[#85]):[#6]:3-[#85]):[#6](-[#85]):[#6](=[#8]):[#6]:2:[#6](-[#8]-[#85]):[#6]:1-[#85],EVODEX-P10156
EVODEX-N3389,[#6:21]-[#16&+:22](-[#6:23])-[#6:30]>>[#85]-[#6](-[#85])(-[#85])-[#8]-[#6]1:[#6](-[#85]):[#6](-[#85]):[#6](/[#6](-[#85])=[#6](\[#85])-[#6](=[#8])-[#6]2:[#6](-[#85]):[#6](-[#85]):[#6](-[#8]-[#85]):[#6](-[#85]):[#6]:2-[#8]-[#6:21]):[#6](-[#85]):[#6]:1-[#85].[#6:23]-[#16:22]-[#6:30],EVODEX-P10159
EVODEX-N3390,[#85:62]-[#6:21](-[#85:63])(-[#85:64])-[#16&+](-[#6](-[#85])(-[#85])-[#6](-[#85])(-[#85])-[#6@](-[#85])(-[#7](-[#85])-[#85])-[#6](=[#8])-[#8]-[#85])-[#6](-[#85])(-[#85])-[#6@@]1(-[#85])-[#8]-[#6@@](-[#85])(-[#7]2:[#6](-[#85]):[#7]:[#6]3:[#6](-[#7](-[#85])-[#85]):[#7]:[#6](-[#85]):[#7]:[#6]:2:3)-[#6@](-[#85])(-[#8]-[#85])-[#6@]-1(-[#85])-[#8]-[#85]>>[#85]-[#6](-[#85])(-[#85])-[#8]-[#6]1:[#6](-[#85]):[#6](-[#85]):[#6](/[#6](-[#85])=[#6](\[#85])-[#6](=[#8])-[#6]2:[#6](-[#85]):[#6](-[#85]):[#6](-[#8]-[#85]):[#6](-[#85]):[#6]:2-[#8]-[#6:21](-[#85:62])(-[#85:63])-[#85:64]):[#6](-[#85]):[#6]:1-[#85],EVODEX-P10162
EVODEX-N3391,[#6:23]-[#16&+:24](-[#6:25])-[#6:32]>>[#85]-[#6](-[#85])(-[#85])-[#8]-[#6]1:[#6](-[#85]):[#6](-[#6]2:[#6](-[#85]):[#6](=[#8]):[#6]3:[#6](-[#8]-[#85]):[#6](-[#85]):[#6](-[#8]-[#85]):[#6](-[#85]):[#6]:3:[#8]:2):[#6](-[#85]):[#6](-[#85]):[#6]:1-[#8]-[#6:23].[#6:25]-[#16:24]-[#6:32],EVODEX-P10164
EVODEX-N3392,[#85:62]-[#6:23](-[#85:63])(-[#85:64])-[#16&+](-[#6](-[#85])(-[#85])-[#6](-[#85])(-[#85])-[#6@](-[#85])(-[#7](-[#85])-[#85])-[#6](=[#8])-[#8]-[#85])-[#6](-[#85])(-[#85])-[#6@@]1(-[#85])-[#8]-[#6@@](-[#85])(-[#7]2:[#6](-[#85]):[#7]:[#6]3:[#6](-[#7](-[#85])-[#85]):[#7]:[#6](-[#85]):[#7]:[#6]:2:3)-[#6@](-[#85])(-[#8]-[#85])-[#6@]-1(-[#85])-[#8]-[#85]>>[#85]-[#6](-[#85])(-[#85])-[#8]-[#6]1:[#6](-[#85]):[#6](-[#6]2:[#6](-[#85]):[#6](=[#8]):[#6]3:[#6](-[#8]-[#85]):[#6](-[#85]):[#6](-[#8]-[#85]):[#6](-[#85]):[#6]:3:[#8]:2):[#6](-[#85]):[#6](-[#85]):[#6]:1-[#8]-[#6:23](-[#85:62])(-[#85:63])-[#85:64],EVODEX-P10167
EVODEX-N3393,[#6:1]-[#16&+:2](-[#6:3])-[#6:10]>>[#6:1]-[#8]-[#6]1:[#6](-[#85]):[#6](-[#85]):[#6](-[#6@]2(-[#85])-[#6](-[#85])(-[#85])-[#6](=[#8])-[#6]3:[#6](:[#6](-[#85]):[#6](-[#8]-[#85]):[#6](-[#85]):[#6]:3-[#8]-[#85])-[#8]-2):[#6](-[#85]):[#6]:1-[#8]-[#85].[#6:3]-[#16:2]-[#6:10],EVODEX-P10169
EVODEX-N3394,[#85:49]-[#6:1](-[#85:50])(-[#85:51])-[#16&+](-[#6](-[#85])(-[#85])-[#6](-[#85])(-[#85])-[#6@](-[#85])(-[#7](-[#85])-[#85])-[#6](=[#8])-[#8]-[#85])-[#6](-[#85])(-[#85])-[#6@@]1(-[#85])-[#8]-[#6@@](-[#85])(-[#7]2:[#6](-[#85]):[#7]:[#6]3:[#6](-[#7](-[#85])-[#85]):[#7]:[#6](-[#85]):[#7]:[#6]:2:3)-[#6@](-[#85])(-[#8]-[#85])-[#6@]-1(-[#85])-[#8]-[#85]>>[#85:49]-[#6:1](-[#85:50])(-[#85:51])-[#8]-[#6]1:[#6](-[#85]):[#6](-[#85]):[#6](-[#6@]2(-[#85])-[#6](-[#85])(-[#85])-[#6](=[#8])-[#6]3:[#6](:[#6](-[#85]):[#6](-[#8]-[#85]):[#6](-[#85]):[#6]:3-[#8]-[#85])-[#8]-2):[#6](-[#85]):[#6]:1-[#8]-[#85],EVODEX-P10171
EVODEX-N3395,[#6:7]-[#16&+:8](-[#6:9])-[#6:16]>>[#85]-[#6](-[#85])(-[#85])-[#7](-[#6](-[#85])(-[#85])-[#6](=[#8])-[#8]-[#85])-[#6:7].[#6:9]-[#16:8]-[#6:16],EVODEX-P10174
EVODEX-N3396,[#85:41]-[#6:7](-[#85:42])(-[#85:43])-[#16&+](-[#6](-[#85])(-[#85])-[#6](-[#85])(-[#85])-[#6@](-[#85])(-[#7](-[#85])-[#85])-[#6](=[#8])-[#8]-[#85])-[#6](-[#85])(-[#85])-[#6@@]1(-[#85])-[#8]-[#6@@](-[#85])(-[#7]2:[#6](-[#85]):[#7]:[#6]3:[#6](-[#7](-[#85])-[#85]):[#7]:[#6](-[#85]):[#7]:[#6]:2:3)-[#6@](-[#85])(-[#8]-[#85])-[#6@]-1(-[#85])-[#8]-[#85]>>[#85]-[#6](-[#85])(-[#85])-[#7](-[#6](-[#85])(-[#85])-[#6](=[#8])-[#8]-[#85])-[#6:7](-[#85:41])(-[#85:42])-[#85:43],EVODEX-P10177
EVODEX-N3397,[#6:1]-[#16&+:2](-[#6:3])-[#6:10]>>[#6:1]-[#7]1:[#6]2:[#7]:[#6](-[#85]):[#7](-[#6](-[#85])(-[#85])-[#85]):[#6]:2:[#6](=[#8]):[#7](-[#85]):[#6]:1=[#8].[#6:3]-[#16:2]-[#6:10],EVODEX-P10189
EVODEX-N3398,[#85:40]-[#6:1](-[#85:41])(-[#85:42])-[#16&+](-[#6](-[#85])(-[#85])-[#6](-[#85])(-[#85])-[#6@](-[#85])(-[#7](-[#85])-[#85])-[#6](=[#8])-[#8]-[#85])-[#6](-[#85])(-[#85])-[#6@@]1(-[#85])-[#8]-[#6@@](-[#85])(-[#7]2:[#6](-[#85]):[#7]:[#6]3:[#6](-[#7](-[#85])-[#85]):[#7]:[#6](-[#85]):[#7]:[#6]:2:3)-[#6@](-[#85])(-[#8]-[#85])-[#6@]-1(-[#85])-[#8]-[#85]>>[#85:40]-[#6:1](-[#85:41])(-[#85:42])-[#7]1:[#6]2:[#7]:[#6](-[#85]):[#7](-[#6](-[#85])(-[#85])-[#85]):[#6]:2:[#6](=[#8]):[#7](-[#85]):[#6]:1=[#8],EVODEX-P10191
EVODEX-N3399,[#6:1]-[#16&+:2](-[#6:3])-[#6:10]>>[#6:1]-[#7]1:[#6](=[#8]):[#6]2:[#7](-[#6](-[#85])(-[#85])-[#85]):[#6](-[#85]):[#7]:[#6]:2:[#7](-[#6](-[#85])(-[#85])-[#85]):[#6]:1=[#8].[#6:3]-[#16:2]-[#6:10],EVODEX-P10194
EVODEX-N3400,[#85:41]-[#6:1](-[#85:42])(-[#85:43])-[#16&+](-[#6](-[#85])(-[#85])-[#6](-[#85])(-[#85])-[#6@](-[#85])(-[#7](-[#85])-[#85])-[#6](=[#8])-[#8]-[#85])-[#6](-[#85])(-[#85])-[#6@@]1(-[#85])-[#8]-[#6@@](-[#85])(-[#7]2:[#6](-[#85]):[#7]:[#6]3:[#6](-[#7](-[#85])-[#85]):[#7]:[#6](-[#85]):[#7]:[#6]:2:3)-[#6@](-[#85])(-[#8]-[#85])-[#6@]-1(-[#85])-[#8]-[#85]>>[#85:41]-[#6:1](-[#85:42])(-[#85:43])-[#7]1:[#6](=[#8]):[#6]2:[#7](-[#6](-[#85])(-[#85])-[#85]):[#6](-[#85]):[#7]:[#6]:2:[#7](-[#6](-[#85])(-[#85])-[#85]):[#6]:1=[#8],EVODEX-P10196
EVODEX-N3401,[#6:41]=[#6:42](-[#85])-[#6:43].[#85:150]-[#6:53](-[#85:151])(-[#85:152])-[#16&+:54](-[#6:55])-[#6:62]>>[#6:41]=[#6:42](-[#6:53](-[#85:150])(-[#85:151])-[#85:152])-[#6:43].[#6:55]-[#16:54]-[#6:62],"EVODEX-P10198,EVODEX-P10203,EVODEX-P10368,EVODEX-P10373"
EVODEX-N3402,[#6:53]-[#16&+:54](-[#6:55])-[#6:62]>>[#85]-[#6](-[#85])(-[#85])-[#6](-[#6](-[#85])(-[#85])-[#85])=[#6](-[#85])-[#6](-[#85])(-[#85])-[#6](-[#85])(-[#85])/[#6](-[#6](-[#85])(-[#85])-[#85])=[#6](\[#85])-[#6](-[#85])(-[#85])-[#6](-[#85])(-[#85])/[#6](-[#6](-[#85])(-[#85])-[#85])=[#6](\[#85])-[#6](-[#85])(-[#85])-[#6](-[#85])(-[#85])/[#6](-[#6](-[#85])(-[#85])-[#85])=[#6](\[#85])-[#6](-[#85])(-[#85])-[#6](-[#85])(-[#85])/[#6](-[#6](-[#85])(-[#85])-[#85])=[#6](\[#85])-[#6](-[#85])(-[#85])-[#6](-[#85])(-[#85])/[#6](-[#6](-[#85])(-[#85])-[#85])=[#6](\[#85])-[#6](-[#85])(-[#85])-[#6](-[#85])(-[#85])/[#6](-[#6](-[#85])(-[#85])-[#85])=[#6](\[#85])-[#6](-[#85])(-[#85])-[#6](-[#85])(-[#85])/[#6](-[#6](-[#85])(-[#85])-[#85])=[#6](/[#85])-[#6](-[#85])(-[#85])-[#6]1=[#6](-[#6:53])-[#6](=[#8])-[#6]2:[#6](-[#85]):[#6](-[#85]):[#6](-[#85]):[#6](-[#85]):[#6]:2-[#6]-1=[#8].[#6:55]-[#16:54]-[#6:62],EVODEX-P10199
EVODEX-N3403,[#6:41]=[#6:42](-[#85])-[#6:43].[#85:150]-[#6:53](-[#85:151])(-[#85:152])-[#16&+](-[#6](-[#85])(-[#85])-[#6](-[#85])(-[#85])-[#6@](-[#85])(-[#7](-[#85])-[#85])-[#6](=[#8])-[#8]-[#85])-[#6](-[#85])(-[#85])-[#6@@]1(-[#85])-[#8]-[#6@@](-[#85])(-[#7]2:[#6](-[#85]):[#7]:[#6]3:[#6](-[#7](-[#85])-[#85]):[#7]:[#6](-[#85]):[#7]:[#6]:2:3)-[#6@](-[#85])(-[#8]-[#85])-[#6@]-1(-[#85])-[#8]-[#85]>>[#6:41]=[#6:42](-[#6:53](-[#85:150])(-[#85:151])-[#85:152])-[#6:43],"EVODEX-P10200,EVODEX-P10205,EVODEX-P10370,EVODEX-P10375"
EVODEX-N3404,[H][C:42](=[C:41])[C:43]>>[H]C([H])([H])[C:42](=[C:41])[C:43],"EVODEX-P10201,EVODEX-P10206,EVODEX-P10371,EVODEX-P10376"
EVODEX-N3405,[#85:150]-[#6:53](-[#85:151])(-[#85:152])-[#16&+](-[#6](-[#85])(-[#85])-[#6](-[#85])(-[#85])-[#6@](-[#85])(-[#7](-[#85])-[#85])-[#6](=[#8])-[#8]-[#85])-[#6](-[#85])(-[#85])-[#6@@]1(-[#85])-[#8]-[#6@@](-[#85])(-[#7]2:[#6](-[#85]):[#7]:[#6]3:[#6](-[#7](-[#85])-[#85]):[#7]:[#6](-[#85]):[#7]:[#6]:2:3)-[#6@](-[#85])(-[#8]-[#85])-[#6@]-1(-[#85])-[#8]-[#85]>>[#85]-[#6](-[#85])(-[#85])-[#6](-[#6](-[#85])(-[#85])-[#85])=[#6](-[#85])-[#6](-[#85])(-[#85])-[#6](-[#85])(-[#85])/[#6](-[#6](-[#85])(-[#85])-[#85])=[#6](\[#85])-[#6](-[#85])(-[#85])-[#6](-[#85])(-[#85])/[#6](-[#6](-[#85])(-[#85])-[#85])=[#6](\[#85])-[#6](-[#85])(-[#85])-[#6](-[#85])(-[#85])/[#6](-[#6](-[#85])(-[#85])-[#85])=[#6](\[#85])-[#6](-[#85])(-[#85])-[#6](-[#85])(-[#85])/[#6](-[#6](-[#85])(-[#85])-[#85])=[#6](\[#85])-[#6](-[#85])(-[#85])-[#6](-[#85])(-[#85])/[#6](-[#6](-[#85])(-[#85])-[#85])=[#6](\[#85])-[#6](-[#85])(-[#85])-[#6](-[#85])(-[#85])/[#6](-[#6](-[#85])(-[#85])-[#85])=[#6](\[#85])-[#6](-[#85])(-[#85])-[#6](-[#85])(-[#85])/[#6](-[#6](-[#85])(-[#85])-[#85])=[#6](/[#85])-[#6](-[#85])(-[#85])-[#6]1=[#6](-[#6:53](-[#85:150])(-[#85:151])-[#85:152])-[#6](=[#8])-[#6]2:[#6](-[#85]):[#6](-[#85]):[#6](-[#85]):[#6](-[#85]):[#6]:2-[#6]-1=[#8],EVODEX-P10202
EVODEX-N3406,[#6:51]-[#16&+:52](-[#6:53])-[#6:60]>>[#85]-[#6](-[#85])(-[#85])-[#8]-[#6]1=[#6](-[#85])-[#6](=[#8])-[#6](-[#6:51])=[#6](-[#6](-[#85])(-[#85])/[#6](-[#85])=[#6](\[#6](-[#85])(-[#85])-[#85])-[#6](-[#85])(-[#85])-[#6](-[#85])(-[#85])/[#6](-[#85])=[#6](\[#6](-[#85])(-[#85])-[#85])-[#6](-[#85])(-[#85])-[#6](-[#85])(-[#85])/[#6](-[#85])=[#6](\[#6](-[#85])(-[#85])-[#85])-[#6](-[#85])(-[#85])-[#6](-[#85])(-[#85])/[#6](-[#85])=[#6](\[#6](-[#85])(-[#85])-[#85])-[#6](-[#85])(-[#85])-[#6](-[#85])(-[#85])/[#6](-[#85])=[#6](\[#6](-[#85])(-[#85])-[#85])-[#6](-[#85])(-[#85])-[#6](-[#85])(-[#85])/[#6](-[#85])=[#6](\[#6](-[#85])(-[#85])-[#85])-[#6](-[#85])(-[#85])-[#6](-[#85])(-[#85])/[#6](-[#85])=[#6](\[#6](-[#85])(-[#85])-[#85])-[#6](-[#85])(-[#85])-[#6](-[#85])(-[#85])-[#6](-[#85])=[#6](-[#6](-[#85])(-[#85])-[#85])-[#6](-[#85])(-[#85])-[#85])-[#6]-1=[#8].[#6:53]-[#16:52]-[#6:60],EVODEX-P10204
EVODEX-N3407,[#85:148]-[#6:51](-[#85:149])(-[#85:150])-[#16&+](-[#6](-[#85])(-[#85])-[#6](-[#85])(-[#85])-[#6@](-[#85])(-[#7](-[#85])-[#85])-[#6](=[#8])-[#8]-[#85])-[#6](-[#85])(-[#85])-[#6@@]1(-[#85])-[#8]-[#6@@](-[#85])(-[#7]2:[#6](-[#85]):[#7]:[#6]3:[#6](-[#7](-[#85])-[#85]):[#7]:[#6](-[#85]):[#7]:[#6]:2:3)-[#6@](-[#85])(-[#8]-[#85])-[#6@]-1(-[#85])-[#8]-[#85]>>[#85]-[#6](-[#85])(-[#85])-[#8]-[#6]1=[#6](-[#85])-[#6](=[#8])-[#6](-[#6:51](-[#85:148])(-[#85:149])-[#85:150])=[#6](-[#6](-[#85])(-[#85])/[#6](-[#85])=[#6](\[#6](-[#85])(-[#85])-[#85])-[#6](-[#85])(-[#85])-[#6](-[#85])(-[#85])/[#6](-[#85])=[#6](\[#6](-[#85])(-[#85])-[#85])-[#6](-[#85])(-[#85])-[#6](-[#85])(-[#85])/[#6](-[#85])=[#6](\[#6](-[#85])(-[#85])-[#85])-[#6](-[#85])(-[#85])-[#6](-[#85])(-[#85])/[#6](-[#85])=[#6](\[#6](-[#85])(-[#85])-[#85])-[#6](-[#85])(-[#85])-[#6](-[#85])(-[#85])/[#6](-[#85])=[#6](\[#6](-[#85])(-[#85])-[#85])-[#6](-[#85])(-[#85])-[#6](-[#85])(-[#85])/[#6](-[#85])=[#6](\[#6](-[#85])(-[#85])-[#85])-[#6](-[#85])(-[#85])-[#6](-[#85])(-[#85])/[#6](-[#85])=[#6](\[#6](-[#85])(-[#85])-[#85])-[#6](-[#85])(-[#85])-[#6](-[#85])(-[#85])-[#6](-[#85])=[#6](-[#6](-[#85])(-[#85])-[#85])-[#6](-[#85])(-[#85])-[#85])-[#6]-1=[#8],EVODEX-P10207
EVODEX-N3408,[#6:1]-[#16&+:2](-[#6:3])-[#6:10]>>[#6:1]-[#8]-[#6@]1(-[#85])-[#6@@](-[#85])(-[#6](-[#85])(-[#85])-[#8]-[#85])-[#8]-[#6@@](-[#85])(-[#7]2:[#6]3:[#6]4:[#6](:[#6]5:[#6](:[#6]:3:[#6]3:[#6](-[#85]):[#6](-[#85]):[#6](-[#85]):[#6](-[#17]):[#6]:2:3)-[#6](=[#8])-[#7](-[#85])-[#6]-5=[#8]):[#6]2:[#6](-[#85]):[#6](-[#85]):[#6](-[#85]):[#6](-[#17]):[#6]:2:[#7]:4-[#85])-[#6@](-[#85])(-[#8]-[#85])-[#6@@]-1(-[#85])-[#8]-[#85].[#6:3]-[#16:2]-[#6:10],EVODEX-P10209
EVODEX-N3409,[#85:66]-[#6:1](-[#85:67])(-[#85:68])-[#16&+](-[#6](-[#85])(-[#85])-[#6](-[#85])(-[#85])-[#6@](-[#85])(-[#7](-[#85])-[#85])-[#6](=[#8])-[#8]-[#85])-[#6](-[#85])(-[#85])-[#6@@]1(-[#85])-[#8]-[#6@@](-[#85])(-[#7]2:[#6](-[#85]):[#7]:[#6]3:[#6](-[#7](-[#85])-[#85]):[#7]:[#6](-[#85]):[#7]:[#6]:2:3)-[#6@](-[#85])(-[#8]-[#85])-[#6@]-1(-[#85])-[#8]-[#85]>>[#85:66]-[#6:1](-[#85:67])(-[#85:68])-[#8]-[#6@]1(-[#85])-[#6@@](-[#85])(-[#6](-[#85])(-[#85])-[#8]-[#85])-[#8]-[#6@@](-[#85])(-[#7]2:[#6]3:[#6]4:[#6](:[#6]5:[#6](:[#6]:3:[#6]3:[#6](-[#85]):[#6](-[#85]):[#6](-[#85]):[#6](-[#17]):[#6]:2:3)-[#6](=[#8])-[#7](-[#85])-[#6]-5=[#8]):[#6]2:[#6](-[#85]):[#6](-[#85]):[#6](-[#85]):[#6](-[#17]):[#6]:2:[#7]:4-[#85])-[#6@](-[#85])(-[#8]-[#85])-[#6@@]-1(-[#85])-[#8]-[#85],EVODEX-P10211
EVODEX-N3410,[#6:1]-[#16&+:2](-[#6:3])-[#6:10]>>[#6:1]-[#8]-[#6@]1(-[#85])-[#6@@](-[#85])(-[#6](-[#85])(-[#85])-[#8]-[#85])-[#8]-[#6@@](-[#85])(-[#7]2:[#6]3:[#6]4:[#6](:[#6]5:[#6](:[#6]:3:[#6]3:[#6](-[#85]):[#6](-[#85]):[#6](-[#85]):[#6](-[#85]):[#6]:2:3)-[#6](=[#8])-[#7](-[#85])-[#6]-5=[#8]):[#6]2:[#6](-[#85]):[#6](-[#85]):[#6](-[#85]):[#6](-[#85]):[#6]:2:[#7]:4-[#85])-[#6@](-[#85])(-[#8]-[#85])-[#6@@]-1(-[#85])-[#8]-[#85].[#6:3]-[#16:2]-[#6:10],EVODEX-P10214
EVODEX-N3411,[#85:64]-[#6:1](-[#85:65])(-[#85:66])-[#16&+](-[#6](-[#85])(-[#85])-[#6](-[#85])(-[#85])-[#6@](-[#85])(-[#7](-[#85])-[#85])-[#6](=[#8])-[#8]-[#85])-[#6](-[#85])(-[#85])-[#6@@]1(-[#85])-[#8]-[#6@@](-[#85])(-[#7]2:[#6](-[#85]):[#7]:[#6]3:[#6](-[#7](-[#85])-[#85]):[#7]:[#6](-[#85]):[#7]:[#6]:2:3)-[#6@](-[#85])(-[#8]-[#85])-[#6@]-1(-[#85])-[#8]-[#85]>>[#85:64]-[#6:1](-[#85:65])(-[#85:66])-[#8]-[#6@]1(-[#85])-[#6@@](-[#85])(-[#6](-[#85])(-[#85])-[#8]-[#85])-[#8]-[#6@@](-[#85])(-[#7]2:[#6]3:[#6]4:[#6](:[#6]5:[#6](:[#6]:3:[#6]3:[#6](-[#85]):[#6](-[#85]):[#6](-[#85]):[#6](-[#85]):[#6]:2:3)-[#6](=[#8])-[#7](-[#85])-[#6]-5=[#8]):[#6]2:[#6](-[#85]):[#6](-[#85]):[#6](-[#85]):[#6](-[#85]):[#6]:2:[#7]:4-[#85])-[#6@](-[#85])(-[#8]-[#85])-[#6@@]-1(-[#85])-[#8]-[#85],EVODEX-P10216
EVODEX-N3412,[#85:29]-[#6:1](-[#85:30])(-[#85:31])-[#16&+:2](-[#6:3])-[#6:10].[#85]-[#17:28]>>[#85:29]-[#6:1](-[#85:30])(-[#85:31])-[#17:28].[#6:3]-[#16:2]-[#6:10],EVODEX-P10218
EVODEX-N3413,[#6:1]-[#16&+:2](-[#6:3])-[#6:10]>>[#6:1]-[#17].[#6:3]-[#16:2]-[#6:10],"EVODEX-P10219,EVODEX-P16378"
EVODEX-N3414,[#85:29]-[#6:1](-[#85:30])(-[#85:31])-[#16&+](-[#6](-[#85])(-[#85])-[#6](-[#85])(-[#85])-[#6@](-[#85])(-[#7](-[#85])-[#85])-[#6](=[#8])-[#8]-[#85])-[#6](-[#85])(-[#85])-[#6@@]1(-[#85])-[#8]-[#6@@](-[#85])(-[#7]2:[#6](-[#85]):[#7]:[#6]3:[#6](-[#7](-[#85])-[#85]):[#7]:[#6](-[#85]):[#7]:[#6]:2:3)-[#6@](-[#85])(-[#8]-[#85])-[#6@]-1(-[#85])-[#8]-[#85].[#85]-[#17:28]>>[#85:29]-[#6:1](-[#85:30])(-[#85:31])-[#17:28],EVODEX-P10220
EVODEX-N3415,[#85:29]-[#6:1](-[#85:30])(-[#85:31])-[#16&+](-[#6](-[#85])(-[#85])-[#6](-[#85])(-[#85])-[#6@](-[#85])(-[#7](-[#85])-[#85])-[#6](=[#8])-[#8]-[#85])-[#6](-[#85])(-[#85])-[#6@@]1(-[#85])-[#8]-[#6@@](-[#85])(-[#7]2:[#6](-[#85]):[#7]:[#6]3:[#6](-[#7](-[#85])-[#85]):[#7]:[#6](-[#85]):[#7]:[#6]:2:3)-[#6@](-[#85])(-[#8]-[#85])-[#6@]-1(-[#85])-[#8]-[#85]>>[#85:29]-[#6:1](-[#85:30])(-[#85:31])-[#17],EVODEX-P10221
EVODEX-N3416,[H][Cl:28]>>[H]C([H])([H])[Cl:28],EVODEX-P10222
EVODEX-N3417,[#6:25]-[#16&+:26](-[#6:27])-[#6:34]>>[#85]-[#6](-[#85])(-[#85])-[#8]-[#6]1:[#6](-[#85]):[#6](-[#6]2:[#6](-[#85]):[#6](=[#8]):[#6]3:[#6](-[#8]-[#85]):[#6](-[#85]):[#6](-[#8]-[#85]):[#6](-[#85]):[#6]:3:[#8]:2):[#6](-[#85]):[#6](-[#8]-[#6](-[#85])(-[#85])-[#85]):[#6]:1-[#8]-[#6:25].[#6:27]-[#16:26]-[#6:34],EVODEX-P10224
EVODEX-N3418,[#85:66]-[#6:25](-[#85:67])(-[#85:68])-[#16&+](-[#6](-[#85])(-[#85])-[#6](-[#85])(-[#85])-[#6@](-[#85])(-[#7](-[#85])-[#85])-[#6](=[#8])-[#8]-[#85])-[#6](-[#85])(-[#85])-[#6@@]1(-[#85])-[#8]-[#6@@](-[#85])(-[#7]2:[#6](-[#85]):[#7]:[#6]3:[#6](-[#7](-[#85])-[#85]):[#7]:[#6](-[#85]):[#7]:[#6]:2:3)-[#6@](-[#85])(-[#8]-[#85])-[#6@]-1(-[#85])-[#8]-[#85]>>[#85]-[#6](-[#85])(-[#85])-[#8]-[#6]1:[#6](-[#85]):[#6](-[#6]2:[#6](-[#85]):[#6](=[#8]):[#6]3:[#6](-[#8]-[#85]):[#6](-[#85]):[#6](-[#8]-[#85]):[#6](-[#85]):[#6]:3:[#8]:2):[#6](-[#85]):[#6](-[#8]-[#6](-[#85])(-[#85])-[#85]):[#6]:1-[#8]-[#6:25](-[#85:66])(-[#85:67])-[#85:68],EVODEX-P10227
EVODEX-N3419,[#6:24]-[#16&+:25](-[#6:26])-[#6:33]>>[#85]-[#6](-[#85])(-[#85])-[#8]-[#6]1:[#6](-[#85]):[#6](-[#6]2:[#6](-[#85]):[#6](=[#8]):[#6]3:[#6](-[#8]-[#85]):[#6](-[#85]):[#6](-[#8]-[#85]):[#6](-[#85]):[#6]:3:[#8]:2):[#6](-[#85]):[#6](-[#8]-[#6:24]):[#6]:1-[#8]-[#85].[#6:26]-[#16:25]-[#6:33],EVODEX-P10229
EVODEX-N3420,[#85:63]-[#6:24](-[#85:64])(-[#85:65])-[#16&+](-[#6](-[#85])(-[#85])-[#6](-[#85])(-[#85])-[#6@](-[#85])(-[#7](-[#85])-[#85])-[#6](=[#8])-[#8]-[#85])-[#6](-[#85])(-[#85])-[#6@@]1(-[#85])-[#8]-[#6@@](-[#85])(-[#7]2:[#6](-[#85]):[#7]:[#6]3:[#6](-[#7](-[#85])-[#85]):[#7]:[#6](-[#85]):[#7]:[#6]:2:3)-[#6@](-[#85])(-[#8]-[#85])-[#6@]-1(-[#85])-[#8]-[#85]>>[#85]-[#6](-[#85])(-[#85])-[#8]-[#6]1:[#6](-[#85]):[#6](-[#6]2:[#6](-[#85]):[#6](=[#8]):[#6]3:[#6](-[#8]-[#85]):[#6](-[#85]):[#6](-[#8]-[#85]):[#6](-[#85]):[#6]:3:[#8]:2):[#6](-[#85]):[#6](-[#8]-[#6:24](-[#85:63])(-[#85:64])-[#85:65]):[#6]:1-[#8]-[#85],EVODEX-P10232
EVODEX-N3421,[#6:1]-[#16&+:2](-[#6:3])-[#6:10]>>[#6:1]-[#8]-[#6]1:[#6](-[#85]):[#6](-[#6]2:[#6](-[#85]):[#6](=[#8]):[#6]3:[#6](:[#8]:2):[#6](-[#85]):[#6](-[#8]-[#85]):[#6](-[#85]):[#6]:3-[#8]-[#85]):[#6](-[#85]):[#6](-[#8]-[#85]):[#6]:1-[#8]-[#85].[#6:3]-[#16:2]-[#6:10],EVODEX-P10234
EVODEX-N3422,[#85:50]-[#6:1](-[#85:51])(-[#85:52])-[#16&+](-[#6](-[#85])(-[#85])-[#6](-[#85])(-[#85])-[#6@](-[#85])(-[#7](-[#85])-[#85])-[#6](=[#8])-[#8]-[#85])-[#6](-[#85])(-[#85])-[#6@@]1(-[#85])-[#8]-[#6@@](-[#85])(-[#7]2:[#6](-[#85]):[#7]:[#6]3:[#6](-[#7](-[#85])-[#85]):[#7]:[#6](-[#85]):[#7]:[#6]:2:3)-[#6@](-[#85])(-[#8]-[#85])-[#6@]-1(-[#85])-[#8]-[#85]>>[#85:50]-[#6:1](-[#85:51])(-[#85:52])-[#8]-[#6]1:[#6](-[#85]):[#6](-[#6]2:[#6](-[#85]):[#6](=[#8]):[#6]3:[#6](:[#8]:2):[#6](-[#85]):[#6](-[#8]-[#85]):[#6](-[#85]):[#6]:3-[#8]-[#85]):[#6](-[#85]):[#6](-[#8]-[#85]):[#6]:1-[#8]-[#85],EVODEX-P10236
EVODEX-N3423,[#6:55]-[#16&+:56](-[#6:57])-[#6:64]>>[#85]-[#6](-[#85])(-[#85])-[#6](-[#6](-[#85])(-[#85])-[#85])(-[#6](-[#85])(-[#85])-[#8]-[#15](=[#8])(-[#8]-[#85])-[#8]-[#15](=[#8])(-[#8]-[#85])-[#8]-[#6](-[#85])(-[#85])-[#6@@]1(-[#85])-[#8]-[#6@@](-[#85])(-[#7]2:[#6](-[#85]):[#7]:[#6]3:[#6](-[#7](-[#85])-[#85]):[#7]:[#6](-[#85]):[#7]:[#6]:2:3)-[#6@](-[#85])(-[#8]-[#85])-[#6@]-1(-[#85])-[#8]-[#15](=[#8])(-[#8]-[#85])-[#8]-[#85])-[#6@@](-[#85])(-[#8]-[#85])-[#6](=[#8])-[#7](-[#85])-[#6](-[#85])(-[#85])-[#6](-[#85])(-[#85])-[#6](=[#8])-[#7](-[#85])-[#6](-[#85])(-[#85])-[#6](-[#85])(-[#85])-[#16]-[#6](=[#8])-[#6](-[#85])(-[#85])-[#6](=[#8])-[#8]-[#6:55].[#6:57]-[#16:56]-[#6:64],EVODEX-P10239
EVODEX-N3424,[#85:120]-[#6:55](-[#85:121])(-[#85:122])-[#16&+](-[#6](-[#85])(-[#85])-[#6](-[#85])(-[#85])-[#6@](-[#85])(-[#7](-[#85])-[#85])-[#6](=[#8])-[#8]-[#85])-[#6](-[#85])(-[#85])-[#6@@]1(-[#85])-[#8]-[#6@@](-[#85])(-[#7]2:[#6](-[#85]):[#7]:[#6]3:[#6](-[#7](-[#85])-[#85]):[#7]:[#6](-[#85]):[#7]:[#6]:2:3)-[#6@](-[#85])(-[#8]-[#85])-[#6@]-1(-[#85])-[#8]-[#85]>>[#85]-[#6](-[#85])(-[#85])-[#6](-[#6](-[#85])(-[#85])-[#85])(-[#6](-[#85])(-[#85])-[#8]-[#15](=[#8])(-[#8]-[#85])-[#8]-[#15](=[#8])(-[#8]-[#85])-[#8]-[#6](-[#85])(-[#85])-[#6@@]1(-[#85])-[#8]-[#6@@](-[#85])(-[#7]2:[#6](-[#85]):[#7]:[#6]3:[#6](-[#7](-[#85])-[#85]):[#7]:[#6](-[#85]):[#7]:[#6]:2:3)-[#6@](-[#85])(-[#8]-[#85])-[#6@]-1(-[#85])-[#8]-[#15](=[#8])(-[#8]-[#85])-[#8]-[#85])-[#6@@](-[#85])(-[#8]-[#85])-[#6](=[#8])-[#7](-[#85])-[#6](-[#85])(-[#85])-[#6](-[#85])(-[#85])-[#6](=[#8])-[#7](-[#85])-[#6](-[#85])(-[#85])-[#6](-[#85])(-[#85])-[#16]-[#6](=[#8])-[#6](-[#85])(-[#85])-[#6](=[#8])-[#8]-[#6:55](-[#85:120])(-[#85:121])-[#85:122],EVODEX-P10242
EVODEX-N3425,[#6:51]-[#16&+:52](-[#6:53])-[#6:60]>>[#85]-[#6](-[#85])(-[#85])-[#8]-[#6]1:[#6](-[#6:51]):[#6](-[#8]-[#85]):[#6](-[#85]):[#6](-[#6](-[#85])(-[#85])/[#6](-[#85])=[#6](\[#6](-[#85])(-[#85])-[#85])-[#6](-[#85])(-[#85])-[#6](-[#85])(-[#85])/[#6](-[#85])=[#6](\[#6](-[#85])(-[#85])-[#85])-[#6](-[#85])(-[#85])-[#6](-[#85])(-[#85])/[#6](-[#85])=[#6](\[#6](-[#85])(-[#85])-[#85])-[#6](-[#85])(-[#85])-[#6](-[#85])(-[#85])/[#6](-[#85])=[#6](\[#6](-[#85])(-[#85])-[#85])-[#6](-[#85])(-[#85])-[#6](-[#85])(-[#85])/[#6](-[#85])=[#6](\[#6](-[#85])(-[#85])-[#85])-[#6](-[#85])(-[#85])-[#6](-[#85])(-[#85])/[#6](-[#85])=[#6](\[#6](-[#85])(-[#85])-[#85])-[#6](-[#85])(-[#85])-[#6](-[#85])(-[#85])/[#6](-[#85])=[#6](\[#6](-[#85])(-[#85])-[#85])-[#6](-[#85])(-[#85])-[#6](-[#85])(-[#85])-[#6](-[#85])=[#6](-[#6](-[#85])(-[#85])-[#85])-[#6](-[#85])(-[#85])-[#85]):[#6]:1-[#8]-[#85].[#6:53]-[#16:52]-[#6:60],EVODEX-P10244
EVODEX-N3426,[#85:150]-[#6:51](-[#85:151])(-[#85:152])-[#16&+](-[#6](-[#85])(-[#85])-[#6](-[#85])(-[#85])-[#6@](-[#85])(-[#7](-[#85])-[#85])-[#6](=[#8])-[#8]-[#85])-[#6](-[#85])(-[#85])-[#6@@]1(-[#85])-[#8]-[#6@@](-[#85])(-[#7]2:[#6](-[#85]):[#7]:[#6]3:[#6](-[#7](-[#85])-[#85]):[#7]:[#6](-[#85]):[#7]:[#6]:2:3)-[#6@](-[#85])(-[#8]-[#85])-[#6@]-1(-[#85])-[#8]-[#85]>>[#85]-[#6](-[#85])(-[#85])-[#8]-[#6]1:[#6](-[#6:51](-[#85:150])(-[#85:151])-[#85:152]):[#6](-[#8]-[#85]):[#6](-[#85]):[#6](-[#6](-[#85])(-[#85])/[#6](-[#85])=[#6](\[#6](-[#85])(-[#85])-[#85])-[#6](-[#85])(-[#85])-[#6](-[#85])(-[#85])/[#6](-[#85])=[#6](\[#6](-[#85])(-[#85])-[#85])-[#6](-[#85])(-[#85])-[#6](-[#85])(-[#85])/[#6](-[#85])=[#6](\[#6](-[#85])(-[#85])-[#85])-[#6](-[#85])(-[#85])-[#6](-[#85])(-[#85])/[#6](-[#85])=[#6](\[#6](-[#85])(-[#85])-[#85])-[#6](-[#85])(-[#85])-[#6](-[#85])(-[#85])/[#6](-[#85])=[#6](\[#6](-[#85])(-[#85])-[#85])-[#6](-[#85])(-[#85])-[#6](-[#85])(-[#85])/[#6](-[#85])=[#6](\[#6](-[#85])(-[#85])-[#85])-[#6](-[#85])(-[#85])-[#6](-[#85])(-[#85])/[#6](-[#85])=[#6](\[#6](-[#85])(-[#85])-[#85])-[#6](-[#85])(-[#85])-[#6](-[#85])(-[#85])-[#6](-[#85])=[#6](-[#6](-[#85])(-[#85])-[#85])-[#6](-[#85])(-[#85])-[#85]):[#6]:1-[#8]-[#85],EVODEX-P10247
EVODEX-N3427,[#6:41]-[#16&+:42](-[#6:43])-[#6:50]>>[#85]-[#6](-[#85])(-[#85])-[#8]-[#6]1:[#6](-[#6:41]):[#6](-[#8]-[#85]):[#6](-[#85]):[#6](-[#6](-[#85])(-[#85])/[#6](-[#85])=[#6](\[#6](-[#85])(-[#85])-[#85])-[#6](-[#85])(-[#85])-[#6](-[#85])(-[#85])/[#6](-[#85])=[#6](\[#6](-[#85])(-[#85])-[#85])-[#6](-[#85])(-[#85])-[#6](-[#85])(-[#85])/[#6](-[#85])=[#6](\[#6](-[#85])(-[#85])-[#85])-[#6](-[#85])(-[#85])-[#6](-[#85])(-[#85])/[#6](-[#85])=[#6](\[#6](-[#85])(-[#85])-[#85])-[#6](-[#85])(-[#85])-[#6](-[#85])(-[#85])/[#6](-[#85])=[#6](\[#6](-[#85])(-[#85])-[#85])-[#6](-[#85])(-[#85])-[#6](-[#85])(-[#85])-[#6](-[#85])=[#6](-[#6](-[#85])(-[#85])-[#85])-[#6](-[#85])(-[#85])-[#85]):[#6]:1-[#8]-[#85].[#6:43]-[#16:42]-[#6:50],EVODEX-P10249
EVODEX-N3428,[#85:124]-[#6:41](-[#85:125])(-[#85:126])-[#16&+](-[#6](-[#85])(-[#85])-[#6](-[#85])(-[#85])-[#6@](-[#85])(-[#7](-[#85])-[#85])-[#6](=[#8])-[#8]-[#85])-[#6](-[#85])(-[#85])-[#6@@]1(-[#85])-[#8]-[#6@@](-[#85])(-[#7]2:[#6](-[#85]):[#7]:[#6]3:[#6](-[#7](-[#85])-[#85]):[#7]:[#6](-[#85]):[#7]:[#6]:2:3)-[#6@](-[#85])(-[#8]-[#85])-[#6@]-1(-[#85])-[#8]-[#85]>>[#85]-[#6](-[#85])(-[#85])-[#8]-[#6]1:[#6](-[#6:41](-[#85:124])(-[#85:125])-[#85:126]):[#6](-[#8]-[#85]):[#6](-[#85]):[#6](-[#6](-[#85])(-[#85])/[#6](-[#85])=[#6](\[#6](-[#85])(-[#85])-[#85])-[#6](-[#85])(-[#85])-[#6](-[#85])(-[#85])/[#6](-[#85])=[#6](\[#6](-[#85])(-[#85])-[#85])-[#6](-[#85])(-[#85])-[#6](-[#85])(-[#85])/[#6](-[#85])=[#6](\[#6](-[#85])(-[#85])-[#85])-[#6](-[#85])(-[#85])-[#6](-[#85])(-[#85])/[#6](-[#85])=[#6](\[#6](-[#85])(-[#85])-[#85])-[#6](-[#85])(-[#85])-[#6](-[#85])(-[#85])/[#6](-[#85])=[#6](\[#6](-[#85])(-[#85])-[#85])-[#6](-[#85])(-[#85])-[#6](-[#85])(-[#85])-[#6](-[#85])=[#6](-[#6](-[#85])(-[#85])-[#85])-[#6](-[#85])(-[#85])-[#85]):[#6]:1-[#8]-[#85],EVODEX-P10252
EVODEX-N3429,[#6:42]-[#16&+:43](-[#6:44])-[#6:51]>>[#85]-[#6](-[#85])(-[#85])-[#6](-[#6](-[#85])(-[#85])-[#85])=[#6](-[#85])-[#6](-[#85])(-[#85])-[#6](-[#85])(-[#85])/[#6](-[#6](-[#85])(-[#85])-[#85])=[#6](\[#85])-[#6](-[#85])(-[#85])-[#6](-[#85])(-[#85])/[#6](-[#6](-[#85])(-[#85])-[#85])=[#6](-[#85])/[#6](-[#85])=[#6](-[#85])/[#6](-[#6](-[#85])(-[#85])-[#85])=[#6](-[#85])/[#6](-[#85])=[#6](-[#85])/[#6](-[#85])=[#6](-[#6](-[#85])(-[#85])-[#85])/[#6](-[#85])=[#6](-[#85])/[#6](-[#85])=[#6](-[#6](-[#85])(-[#85])-[#85])/[#6](-[#85])=[#6](-[#85])/[#6](-[#85])=[#6](-[#6](-[#85])(-[#85])-[#85])/[#6](-[#85])=[#6](\[#85])-[#6](-[#85])(-[#85])-[#6](-[#6](-[#85])(-[#85])-[#85])(-[#6](-[#85])(-[#85])-[#85])-[#8]-[#6:42].[#6:44]-[#16:43]-[#6:51],EVODEX-P10254
EVODEX-N3430,[#85:127]-[#6:42](-[#85:128])(-[#85:129])-[#16&+](-[#6](-[#85])(-[#85])-[#6](-[#85])(-[#85])-[#6@](-[#85])(-[#7](-[#85])-[#85])-[#6](=[#8])-[#8]-[#85])-[#6](-[#85])(-[#85])-[#6@@]1(-[#85])-[#8]-[#6@@](-[#85])(-[#7]2:[#6](-[#85]):[#7]:[#6]3:[#6](-[#7](-[#85])-[#85]):[#7]:[#6](-[#85]):[#7]:[#6]:2:3)-[#6@](-[#85])(-[#8]-[#85])-[#6@]-1(-[#85])-[#8]-[#85]>>[#85]-[#6](-[#85])(-[#85])-[#6](-[#6](-[#85])(-[#85])-[#85])=[#6](-[#85])-[#6](-[#85])(-[#85])-[#6](-[#85])(-[#85])/[#6](-[#6](-[#85])(-[#85])-[#85])=[#6](\[#85])-[#6](-[#85])(-[#85])-[#6](-[#85])(-[#85])/[#6](-[#6](-[#85])(-[#85])-[#85])=[#6](-[#85])/[#6](-[#85])=[#6](-[#85])/[#6](-[#6](-[#85])(-[#85])-[#85])=[#6](-[#85])/[#6](-[#85])=[#6](-[#85])/[#6](-[#85])=[#6](-[#6](-[#85])(-[#85])-[#85])/[#6](-[#85])=[#6](-[#85])/[#6](-[#85])=[#6](-[#6](-[#85])(-[#85])-[#85])/[#6](-[#85])=[#6](-[#85])/[#6](-[#85])=[#6](-[#6](-[#85])(-[#85])-[#85])/[#6](-[#85])=[#6](\[#85])-[#6](-[#85])(-[#85])-[#6](-[#6](-[#85])(-[#85])-[#85])(-[#6](-[#85])(-[#85])-[#85])-[#8]-[#6:42](-[#85:127])(-[#85:128])-[#85:129],EVODEX-P10257
EVODEX-N3431,[#6:43]-[#16&+:44](-[#6:45])-[#6:52]>>[#85]-[#6](-[#85])(-[#85])-[#6](/[#6](-[#85])=[#6](-[#85])/[#6](-[#85])=[#6](-[#6](-[#85])(-[#85])-[#85])/[#6](-[#85])=[#6](-[#85])/[#6](-[#85])=[#6](-[#6](-[#85])(-[#85])-[#85])/[#6](-[#85])=[#6](\[#85])-[#6](-[#85])(-[#85])-[#6](-[#6](-[#85])(-[#85])-[#85])(-[#6](-[#85])(-[#85])-[#85])-[#8]-[#6:43])=[#6](-[#85])\[#6](-[#85])=[#6](-[#85])\[#6](-[#85])=[#6](-[#6](-[#85])(-[#85])-[#85])\[#6](-[#85])=[#6](-[#85])\[#6](-[#85])=[#6](/[#6](-[#85])(-[#85])-[#85])-[#6](-[#85])(-[#85])-[#6](-[#85])(-[#85])/[#6](-[#85])=[#6](\[#6](-[#85])(-[#85])-[#85])-[#6](-[#85])(-[#85])-[#6](-[#85])(-[#85])-[#6](-[#85])(-[#85])-[#6](-[#6](-[#85])(-[#85])-[#85])(-[#6](-[#85])(-[#85])-[#85])-[#8]-[#85].[#6:45]-[#16:44]-[#6:52],EVODEX-P10259
EVODEX-N3432,[#85:130]-[#6:43](-[#85:131])(-[#85:132])-[#16&+](-[#6](-[#85])(-[#85])-[#6](-[#85])(-[#85])-[#6@](-[#85])(-[#7](-[#85])-[#85])-[#6](=[#8])-[#8]-[#85])-[#6](-[#85])(-[#85])-[#6@@]1(-[#85])-[#8]-[#6@@](-[#85])(-[#7]2:[#6](-[#85]):[#7]:[#6]3:[#6](-[#7](-[#85])-[#85]):[#7]:[#6](-[#85]):[#7]:[#6]:2:3)-[#6@](-[#85])(-[#8]-[#85])-[#6@]-1(-[#85])-[#8]-[#85]>>[#85]-[#6](-[#85])(-[#85])-[#6](/[#6](-[#85])=[#6](-[#85])/[#6](-[#85])=[#6](-[#6](-[#85])(-[#85])-[#85])/[#6](-[#85])=[#6](-[#85])/[#6](-[#85])=[#6](-[#6](-[#85])(-[#85])-[#85])/[#6](-[#85])=[#6](\[#85])-[#6](-[#85])(-[#85])-[#6](-[#6](-[#85])(-[#85])-[#85])(-[#6](-[#85])(-[#85])-[#85])-[#8]-[#6:43](-[#85:130])(-[#85:131])-[#85:132])=[#6](-[#85])\[#6](-[#85])=[#6](-[#85])\[#6](-[#85])=[#6](-[#6](-[#85])(-[#85])-[#85])\[#6](-[#85])=[#6](-[#85])\[#6](-[#85])=[#6](/[#6](-[#85])(-[#85])-[#85])-[#6](-[#85])(-[#85])-[#6](-[#85])(-[#85])/[#6](-[#85])=[#6](\[#6](-[#85])(-[#85])-[#85])-[#6](-[#85])(-[#85])-[#6](-[#85])(-[#85])-[#6](-[#85])(-[#85])-[#6](-[#6](-[#85])(-[#85])-[#85])(-[#6](-[#85])(-[#85])-[#85])-[#8]-[#85],EVODEX-P10262
EVODEX-N3433,[#6:1]-[#16&+:2](-[#6:3])-[#6:10]>>[#6:1]-[#8]-[#6]1:[#6](-[#85]):[#6](-[#85]):[#6](-[#6]2(-[#85])-[#6](=[#8])-[#6]3:[#6](-[#85]):[#6](-[#85]):[#6](-[#8]-[#85]):[#6](-[#85]):[#6]:3-[#8]-[#6]-2(-[#85])-[#8]-[#85]):[#6](-[#85]):[#6]:1-[#85].[#6:3]-[#16:2]-[#6:10],EVODEX-P10264
EVODEX-N3434,[#85:48]-[#6:1](-[#85:49])(-[#85:50])-[#16&+](-[#6](-[#85])(-[#85])-[#6](-[#85])(-[#85])-[#6@](-[#85])(-[#7](-[#85])-[#85])-[#6](=[#8])-[#8]-[#85])-[#6](-[#85])(-[#85])-[#6@@]1(-[#85])-[#8]-[#6@@](-[#85])(-[#7]2:[#6](-[#85]):[#7]:[#6]3:[#6](-[#7](-[#85])-[#85]):[#7]:[#6](-[#85]):[#7]:[#6]:2:3)-[#6@](-[#85])(-[#8]-[#85])-[#6@]-1(-[#85])-[#8]-[#85]>>[#85:48]-[#6:1](-[#85:49])(-[#85:50])-[#8]-[#6]1:[#6](-[#85]):[#6](-[#85]):[#6](-[#6]2(-[#85])-[#6](=[#8])-[#6]3:[#6](-[#85]):[#6](-[#85]):[#6](-[#8]-[#85]):[#6](-[#85]):[#6]:3-[#8]-[#6]-2(-[#85])-[#8]-[#85]):[#6](-[#85]):[#6]:1-[#85],EVODEX-P10266
EVODEX-N3435,[#6:49]-[#16&+:50](-[#6:51])-[#6:58]>>[#85]-[#6](-[#85])(-[#85])-[#6](-[#6](-[#85])(-[#85])-[#85])=[#6](-[#85])-[#6](-[#85])(-[#85])-[#6](-[#85])(-[#85])/[#6](-[#6](-[#85])(-[#85])-[#85])=[#6](\[#85])-[#6](-[#85])(-[#85])-[#6](-[#85])(-[#85])/[#6](-[#6](-[#85])(-[#85])-[#85])=[#6](\[#85])-[#6](-[#85])(-[#85])-[#6](-[#85])(-[#85])/[#6](-[#6](-[#85])(-[#85])-[#85])=[#6](\[#85])-[#6](-[#85])(-[#85])-[#6](-[#85])(-[#85])/[#6](-[#6](-[#85])(-[#85])-[#85])=[#6](\[#85])-[#6](-[#85])(-[#85])-[#6](-[#85])(-[#85])/[#6](-[#6](-[#85])(-[#85])-[#85])=[#6](\[#85])-[#6](-[#85])(-[#85])-[#6](-[#85])(-[#85])/[#6](-[#6](-[#85])(-[#85])-[#85])=[#6](\[#85])-[#6](-[#85])(-[#85])-[#6](-[#85])(-[#85])/[#6](-[#6](-[#85])(-[#85])-[#85])=[#6](\[#85])-[#6](-[#85])(-[#85])-[#6]1:[#6](-[#85]):[#6](-[#85]):[#6](-[#85]):[#6](-[#8]-[#6:49]):[#6]:1-[#8]-[#85].[#6:51]-[#16:50]-[#6:58],EVODEX-P10269
EVODEX-N3436,[#85:146]-[#6:49](-[#85:147])(-[#85:148])-[#16&+](-[#6](-[#85])(-[#85])-[#6](-[#85])(-[#85])-[#6@](-[#85])(-[#7](-[#85])-[#85])-[#6](=[#8])-[#8]-[#85])-[#6](-[#85])(-[#85])-[#6@@]1(-[#85])-[#8]-[#6@@](-[#85])(-[#7]2:[#6](-[#85]):[#7]:[#6]3:[#6](-[#7](-[#85])-[#85]):[#7]:[#6](-[#85]):[#7]:[#6]:2:3)-[#6@](-[#85])(-[#8]-[#85])-[#6@]-1(-[#85])-[#8]-[#85]>>[#85]-[#6](-[#85])(-[#85])-[#6](-[#6](-[#85])(-[#85])-[#85])=[#6](-[#85])-[#6](-[#85])(-[#85])-[#6](-[#85])(-[#85])/[#6](-[#6](-[#85])(-[#85])-[#85])=[#6](\[#85])-[#6](-[#85])(-[#85])-[#6](-[#85])(-[#85])/[#6](-[#6](-[#85])(-[#85])-[#85])=[#6](\[#85])-[#6](-[#85])(-[#85])-[#6](-[#85])(-[#85])/[#6](-[#6](-[#85])(-[#85])-[#85])=[#6](\[#85])-[#6](-[#85])(-[#85])-[#6](-[#85])(-[#85])/[#6](-[#6](-[#85])(-[#85])-[#85])=[#6](\[#85])-[#6](-[#85])(-[#85])-[#6](-[#85])(-[#85])/[#6](-[#6](-[#85])(-[#85])-[#85])=[#6](\[#85])-[#6](-[#85])(-[#85])-[#6](-[#85])(-[#85])/[#6](-[#6](-[#85])(-[#85])-[#85])=[#6](\[#85])-[#6](-[#85])(-[#85])-[#6](-[#85])(-[#85])/[#6](-[#6](-[#85])(-[#85])-[#85])=[#6](\[#85])-[#6](-[#85])(-[#85])-[#6]1:[#6](-[#85]):[#6](-[#85]):[#6](-[#85]):[#6](-[#8]-[#6:49](-[#85:146])(-[#85:147])-[#85:148]):[#6]:1-[#8]-[#85],EVODEX-P10272
EVODEX-N3437,[#6:24]-[#16&+:25](-[#6:26])-[#6:33]>>[#85]-[#6](-[#85])(-[#85])-[#6](-[#6](-[#85])(-[#85])-[#85])=[#6](-[#85])-[#6](-[#85])(-[#85])-[#6](-[#85])(-[#85])/[#6](-[#6](-[#85])(-[#85])-[#85])=[#6](\[#85])-[#6](-[#85])(-[#85])-[#6](-[#85])(-[#85])/[#6](-[#6](-[#85])(-[#85])-[#85])=[#6](\[#85])-[#6](-[#85])(-[#85])-[#6]1:[#6](-[#85]):[#6](-[#85]):[#6](-[#85]):[#6](-[#8]-[#6:24]):[#6]:1-[#8]-[#85].[#6:26]-[#16:25]-[#6:33],EVODEX-P10274
EVODEX-N3438,[#85:81]-[#6:24](-[#85:82])(-[#85:83])-[#16&+](-[#6](-[#85])(-[#85])-[#6](-[#85])(-[#85])-[#6@](-[#85])(-[#7](-[#85])-[#85])-[#6](=[#8])-[#8]-[#85])-[#6](-[#85])(-[#85])-[#6@@]1(-[#85])-[#8]-[#6@@](-[#85])(-[#7]2:[#6](-[#85]):[#7]:[#6]3:[#6](-[#7](-[#85])-[#85]):[#7]:[#6](-[#85]):[#7]:[#6]:2:3)-[#6@](-[#85])(-[#8]-[#85])-[#6@]-1(-[#85])-[#8]-[#85]>>[#85]-[#6](-[#85])(-[#85])-[#6](-[#6](-[#85])(-[#85])-[#85])=[#6](-[#85])-[#6](-[#85])(-[#85])-[#6](-[#85])(-[#85])/[#6](-[#6](-[#85])(-[#85])-[#85])=[#6](\[#85])-[#6](-[#85])(-[#85])-[#6](-[#85])(-[#85])/[#6](-[#6](-[#85])(-[#85])-[#85])=[#6](\[#85])-[#6](-[#85])(-[#85])-[#6]1:[#6](-[#85]):[#6](-[#85]):[#6](-[#85]):[#6](-[#8]-[#6:24](-[#85:81])(-[#85:82])-[#85:83]):[#6]:1-[#8]-[#85],EVODEX-P10277
EVODEX-N3439,[#6:1]-[#16&+:2](-[#6:3])-[#6:10]>>[#6:1]-[#6]1:[#6](-[#6](-[#85])(-[#85])-[#85]):[#7]:[#6]2:[#7]:1:[#6](=[#8]):[#6]1:[#7]:[#6](-[#85]):[#7](-[#6@]3(-[#85])-[#8]-[#6@](-[#85])(-[#6](-[#85])(-[#85])-[#8]-[#85])-[#6@@](-[#85])(-[#8]-[#85])-[#6@@]-3(-[#85])-[#8]-[#85]):[#6]:1:[#7]:2-[#85].[#6:3]-[#16:2]-[#6:10],EVODEX-P10279
EVODEX-N3440,[#85:51]-[#6:1](-[#85:52])(-[#85:53])-[#16&+](-[#6](-[#85])(-[#85])-[#6](-[#85])(-[#85])-[#6@](-[#85])(-[#7](-[#85])-[#85])-[#6](=[#8])-[#8]-[#85])-[#6](-[#85])(-[#85])-[#6@@]1(-[#85])-[#8]-[#6@@](-[#85])(-[#7]2:[#6](-[#85]):[#7]:[#6]3:[#6](-[#7](-[#85])-[#85]):[#7]:[#6](-[#85]):[#7]:[#6]:2:3)-[#6@](-[#85])(-[#8]-[#85])-[#6@]-1(-[#85])-[#8]-[#85]>>[#85:51]-[#6:1](-[#85:52])(-[#85:53])-[#6]1:[#6](-[#6](-[#85])(-[#85])-[#85]):[#7]:[#6]2:[#7]:1:[#6](=[#8]):[#6]1:[#7]:[#6](-[#85]):[#7](-[#6@]3(-[#85])-[#8]-[#6@](-[#85])(-[#6](-[#85])(-[#85])-[#8]-[#85])-[#6@@](-[#85])(-[#8]-[#85])-[#6@@]-3(-[#85])-[#8]-[#85]):[#6]:1:[#7]:2-[#85],EVODEX-P10281
EVODEX-N3441,[#85:58]-[#6:1](-[#85:59])(-[#85:60])-[#16&+:2](-[#6:3])-[#6:10].[#7:35]:[#6:36](-[#85]):[#7:37]>>[#85:58]-[#6:1](-[#85:59])(-[#85:60])-[#6:36](:[#7:35]):[#7:37].[#6:3]-[#16:2]-[#6:10],EVODEX-P10283
EVODEX-N3442,[#6:1]-[#16&+:2](-[#6:3])-[#6:10]>>[#6:1]-[#6]1:[#7]:[#6]2:[#6](:[#7]:[#6]3:[#7](-[#85]):[#6](-[#6](-[#85])(-[#85])-[#85]):[#6](-[#6](-[#85])(-[#85])-[#6](-[#85])(-[#85])-[#6](-[#85])(-[#7](-[#85])-[#85])-[#6](=[#8])-[#8]-[#85]):[#7]:3:[#6]:2=[#8]):[#7]:1-[#6@]1(-[#85])-[#8]-[#6@](-[#85])(-[#6](-[#85])(-[#85])-[#8]-[#85])-[#6@@](-[#85])(-[#8]-[#85])-[#6@@]-1(-[#85])-[#8]-[#85].[#6:3]-[#16:2]-[#6:10],EVODEX-P10284
EVODEX-N3443,[#85:58]-[#6:1](-[#85:59])(-[#85:60])-[#16&+](-[#6](-[#85])(-[#85])-[#6](-[#85])(-[#85])-[#6@](-[#85])(-[#7](-[#85])-[#85])-[#6](=[#8])-[#8]-[#85])-[#6](-[#85])(-[#85])-[#6@@]1(-[#85])-[#8]-[#6@@](-[#85])(-[#7]2:[#6](-[#85]):[#7]:[#6]3:[#6](-[#7](-[#85])-[#85]):[#7]:[#6](-[#85]):[#7]:[#6]:2:3)-[#6@](-[#85])(-[#8]-[#85])-[#6@]-1(-[#85])-[#8]-[#85].[#7:35]:[#6:36](-[#85]):[#7:37]>>[#85:58]-[#6:1](-[#85:59])(-[#85:60])-[#6:36](:[#7:35]):[#7:37],EVODEX-P10285
EVODEX-N3444,[#85:58]-[#6:1](-[#85:59])(-[#85:60])-[#16&+](-[#6](-[#85])(-[#85])-[#6](-[#85])(-[#85])-[#6@](-[#85])(-[#7](-[#85])-[#85])-[#6](=[#8])-[#8]-[#85])-[#6](-[#85])(-[#85])-[#6@@]1(-[#85])-[#8]-[#6@@](-[#85])(-[#7]2:[#6](-[#85]):[#7]:[#6]3:[#6](-[#7](-[#85])-[#85]):[#7]:[#6](-[#85]):[#7]:[#6]:2:3)-[#6@](-[#85])(-[#8]-[#85])-[#6@]-1(-[#85])-[#8]-[#85]>>[#85:58]-[#6:1](-[#85:59])(-[#85:60])-[#6]1:[#7]:[#6]2:[#6](:[#7]:[#6]3:[#7](-[#85]):[#6](-[#6](-[#85])(-[#85])-[#85]):[#6](-[#6](-[#85])(-[#85])-[#6](-[#85])(-[#85])-[#6](-[#85])(-[#7](-[#85])-[#85])-[#6](=[#8])-[#8]-[#85]):[#7]:3:[#6]:2=[#8]):[#7]:1-[#6@]1(-[#85])-[#8]-[#6@](-[#85])(-[#6](-[#85])(-[#85])-[#8]-[#85])-[#6@@](-[#85])(-[#8]-[#85])-[#6@@]-1(-[#85])-[#8]-[#85],EVODEX-P10286
EVODEX-N3445,[H][C:36](:[N:35]):[N:37]>>[H]C([H])([H])[C:36](:[N:35]):[N:37],"EVODEX-P10287,EVODEX-P15420"
EVODEX-N3446,[#6:23]-[#16&+:24](-[#6:25])-[#6:32]>>[#85]-[#6](-[#85])(-[#85])-[#8]-[#6]1:[#6](-[#85]):[#6](-[#6]2(-[#85])-[#6](-[#85])(-[#85])-[#6](=[#8])-[#6]3:[#6](-[#8]-[#85]):[#6](-[#85]):[#6](-[#8]-[#85]):[#6](-[#85]):[#6]:3-[#8]-2):[#6](-[#85]):[#6](-[#85]):[#6]:1-[#8]-[#6:23].[#6:25]-[#16:24]-[#6:32],EVODEX-P10289
EVODEX-N3447,[#85:64]-[#6:23](-[#85:65])(-[#85:66])-[#16&+](-[#6](-[#85])(-[#85])-[#6](-[#85])(-[#85])-[#6@](-[#85])(-[#7](-[#85])-[#85])-[#6](=[#8])-[#8]-[#85])-[#6](-[#85])(-[#85])-[#6@@]1(-[#85])-[#8]-[#6@@](-[#85])(-[#7]2:[#6](-[#85]):[#7]:[#6]3:[#6](-[#7](-[#85])-[#85]):[#7]:[#6](-[#85]):[#7]:[#6]:2:3)-[#6@](-[#85])(-[#8]-[#85])-[#6@]-1(-[#85])-[#8]-[#85]>>[#85]-[#6](-[#85])(-[#85])-[#8]-[#6]1:[#6](-[#85]):[#6](-[#6]2(-[#85])-[#6](-[#85])(-[#85])-[#6](=[#8])-[#6]3:[#6](-[#8]-[#85]):[#6](-[#85]):[#6](-[#8]-[#85]):[#6](-[#85]):[#6]:3-[#8]-2):[#6](-[#85]):[#6](-[#85]):[#6]:1-[#8]-[#6:23](-[#85:64])(-[#85:65])-[#85:66],EVODEX-P10292
EVODEX-N3448,[#6:1]-[#16&+:2](-[#6:3])-[#6:10]>>[#6:1]-[#8]-[#6]1:[#6](-[#85]):[#6](-[#85]):[#6](-[#6@@]2(-[#85])-[#6](-[#85])(-[#85])-[#6](=[#8])-[#6]3:[#6](:[#6](-[#85]):[#6](-[#8]-[#85]):[#6](-[#85]):[#6]:3-[#8]-[#85])-[#8]-2):[#6](-[#85]):[#6]:1-[#85].[#6:3]-[#16:2]-[#6:10],EVODEX-P10294
EVODEX-N3449,[#85:48]-[#6:1](-[#85:49])(-[#85:50])-[#16&+](-[#6](-[#85])(-[#85])-[#6](-[#85])(-[#85])-[#6@](-[#85])(-[#7](-[#85])-[#85])-[#6](=[#8])-[#8]-[#85])-[#6](-[#85])(-[#85])-[#6@@]1(-[#85])-[#8]-[#6@@](-[#85])(-[#7]2:[#6](-[#85]):[#7]:[#6]3:[#6](-[#7](-[#85])-[#85]):[#7]:[#6](-[#85]):[#7]:[#6]:2:3)-[#6@](-[#85])(-[#8]-[#85])-[#6@]-1(-[#85])-[#8]-[#85]>>[#85:48]-[#6:1](-[#85:49])(-[#85:50])-[#8]-[#6]1:[#6](-[#85]):[#6](-[#85]):[#6](-[#6@@]2(-[#85])-[#6](-[#85])(-[#85])-[#6](=[#8])-[#6]3:[#6](:[#6](-[#85]):[#6](-[#8]-[#85]):[#6](-[#85]):[#6]:3-[#8]-[#85])-[#8]-2):[#6](-[#85]):[#6]:1-[#85],EVODEX-P10296
EVODEX-N3450,[#6:1]-[#16&+:2](-[#6:3])-[#6:10]>>[#6:1]-[#8]-[#6]1:[#6](-[#85]):[#6]2:[#6](:[#6](-[#8]-[#85]):[#6]:1-[#85])-[#6](=[#8])-[#6](-[#85])(-[#85])-[#6@@](-[#85])(-[#6]1:[#6](-[#85]):[#6](-[#85]):[#6](-[#8]-[#85]):[#6](-[#85]):[#6]:1-[#85])-[#8]-2.[#6:3]-[#16:2]-[#6:10],EVODEX-P10299
EVODEX-N3451,[#85:48]-[#6:1](-[#85:49])(-[#85:50])-[#16&+](-[#6](-[#85])(-[#85])-[#6](-[#85])(-[#85])-[#6@](-[#85])(-[#7](-[#85])-[#85])-[#6](=[#8])-[#8]-[#85])-[#6](-[#85])(-[#85])-[#6@@]1(-[#85])-[#8]-[#6@@](-[#85])(-[#7]2:[#6](-[#85]):[#7]:[#6]3:[#6](-[#7](-[#85])-[#85]):[#7]:[#6](-[#85]):[#7]:[#6]:2:3)-[#6@](-[#85])(-[#8]-[#85])-[#6@]-1(-[#85])-[#8]-[#85]>>[#85:48]-[#6:1](-[#85:49])(-[#85:50])-[#8]-[#6]1:[#6](-[#85]):[#6]2:[#6](:[#6](-[#8]-[#85]):[#6]:1-[#85])-[#6](=[#8])-[#6](-[#85])(-[#85])-[#6@@](-[#85])(-[#6]1:[#6](-[#85]):[#6](-[#85]):[#6](-[#8]-[#85]):[#6](-[#85]):[#6]:1-[#85])-[#8]-2,EVODEX-P10301
EVODEX-N3452,[#6:1]-[#16&+:2](-[#6:3])-[#6:10]>>[#6:1]-[#8]-[#6]1:[#6](-[#85]):[#6](-[#8]-[#85]):[#6]2:[#6](:[#6]:1-[#85])-[#8]-[#6@](-[#85])(-[#6]1:[#6](-[#85]):[#6](-[#85]):[#6](-[#8]-[#85]):[#6](-[#85]):[#6]:1-[#85])-[#6@@](-[#85])(-[#8]-[#85])-[#6]-2=[#8].[#6:3]-[#16:2]-[#6:10],EVODEX-P10304
EVODEX-N3453,[#85:49]-[#6:1](-[#85:50])(-[#85:51])-[#16&+](-[#6](-[#85])(-[#85])-[#6](-[#85])(-[#85])-[#6@](-[#85])(-[#7](-[#85])-[#85])-[#6](=[#8])-[#8]-[#85])-[#6](-[#85])(-[#85])-[#6@@]1(-[#85])-[#8]-[#6@@](-[#85])(-[#7]2:[#6](-[#85]):[#7]:[#6]3:[#6](-[#7](-[#85])-[#85]):[#7]:[#6](-[#85]):[#7]:[#6]:2:3)-[#6@](-[#85])(-[#8]-[#85])-[#6@]-1(-[#85])-[#8]-[#85]>>[#85:49]-[#6:1](-[#85:50])(-[#85:51])-[#8]-[#6]1:[#6](-[#85]):[#6](-[#8]-[#85]):[#6]2:[#6](:[#6]:1-[#85])-[#8]-[#6@](-[#85])(-[#6]1:[#6](-[#85]):[#6](-[#85]):[#6](-[#8]-[#85]):[#6](-[#85]):[#6]:1-[#85])-[#6@@](-[#85])(-[#8]-[#85])-[#6]-2=[#8],EVODEX-P10306
EVODEX-N3454,[#6:37]-[#16&+:38](-[#6:39])-[#6:46]>>[#85]-[#6](-[#85])(-[#85])-[#7](-[#6@]1(-[#85])-[#6@@](-[#85])(-[#8]-[#85])-[#6@@](-[#85])(-[#8]-[#15](=[#8])(-[#8]-[#85])-[#8]-[#15](=[#8])(-[#8]-[#85])-[#8]-[#6](-[#85])(-[#85])-[#6@@]2(-[#85])-[#8]-[#6@@](-[#85])(-[#7]3:[#6](-[#85]):[#6](-[#6](-[#85])(-[#85])-[#85]):[#6](=[#8]):[#7](-[#85]):[#6]:3=[#8])-[#6](-[#85])(-[#85])-[#6@]-2(-[#85])-[#8]-[#85])-[#8]-[#6@](-[#85])(-[#6](-[#85])(-[#85])-[#85])-[#6@@]-1(-[#85])-[#8]-[#85])-[#6:37].[#6:39]-[#16:38]-[#6:46],EVODEX-P10309
EVODEX-N3455,[#85:93]-[#6:37](-[#85:94])(-[#85:95])-[#16&+](-[#6](-[#85])(-[#85])-[#6](-[#85])(-[#85])-[#6@](-[#85])(-[#7](-[#85])-[#85])-[#6](=[#8])-[#8]-[#85])-[#6](-[#85])(-[#85])-[#6@@]1(-[#85])-[#8]-[#6@@](-[#85])(-[#7]2:[#6](-[#85]):[#7]:[#6]3:[#6](-[#7](-[#85])-[#85]):[#7]:[#6](-[#85]):[#7]:[#6]:2:3)-[#6@](-[#85])(-[#8]-[#85])-[#6@]-1(-[#85])-[#8]-[#85]>>[#85]-[#6](-[#85])(-[#85])-[#7](-[#6@]1(-[#85])-[#6@@](-[#85])(-[#8]-[#85])-[#6@@](-[#85])(-[#8]-[#15](=[#8])(-[#8]-[#85])-[#8]-[#15](=[#8])(-[#8]-[#85])-[#8]-[#6](-[#85])(-[#85])-[#6@@]2(-[#85])-[#8]-[#6@@](-[#85])(-[#7]3:[#6](-[#85]):[#6](-[#6](-[#85])(-[#85])-[#85]):[#6](=[#8]):[#7](-[#85]):[#6]:3=[#8])-[#6](-[#85])(-[#85])-[#6@]-2(-[#85])-[#8]-[#85])-[#8]-[#6@](-[#85])(-[#6](-[#85])(-[#85])-[#85])-[#6@@]-1(-[#85])-[#8]-[#85])-[#6:37](-[#85:93])(-[#85:94])-[#85:95],EVODEX-P10312
EVODEX-N3456,[#6:49]-[#16&+:50](-[#6:51])-[#6:58]>>[#85]-[#6](-[#85])(-[#85])-[#6](-[#85])(-[#85])-[#6@@]1(-[#85])-[#8]-[#6](=[#8])-[#6](-[#85])=[#6](-[#85])-[#6@](-[#85])(-[#6](-[#85])(-[#85])-[#85])-[#6@@](-[#85])(-[#8]-[#6@]2(-[#85])-[#8]-[#6@](-[#85])(-[#6](-[#85])(-[#85])-[#85])-[#6](-[#85])(-[#85])-[#6@](-[#85])(-[#7](-[#6](-[#85])(-[#85])-[#85])-[#6](-[#85])(-[#85])-[#85])-[#6@@]-2(-[#85])-[#8]-[#85])-[#6@@](-[#85])(-[#6](-[#85])(-[#85])-[#85])-[#6](-[#85])(-[#85])-[#6@@](-[#85])(-[#6](-[#85])(-[#85])-[#85])-[#6](=[#8])-[#6](-[#85])=[#6](-[#85])-[#6](-[#85])=[#6](-[#85])-[#6@]-1(-[#85])-[#6](-[#85])(-[#85])-[#8]-[#6@]1(-[#85])-[#8]-[#6@](-[#85])(-[#6](-[#85])(-[#85])-[#85])-[#6@@](-[#85])(-[#8]-[#85])-[#6@@](-[#85])(-[#8]-[#6:49])-[#6@@]-1(-[#85])-[#8]-[#6](-[#85])(-[#85])-[#85].[#6:51]-[#16:50]-[#6:58],EVODEX-P10314
EVODEX-N3457,[#85:135]-[#6:49](-[#85:136])(-[#85:137])-[#16&+](-[#6](-[#85])(-[#85])-[#6](-[#85])(-[#85])-[#6@](-[#85])(-[#7](-[#85])-[#85])-[#6](=[#8])-[#8]-[#85])-[#6](-[#85])(-[#85])-[#6@@]1(-[#85])-[#8]-[#6@@](-[#85])(-[#7]2:[#6](-[#85]):[#7]:[#6]3:[#6](-[#7](-[#85])-[#85]):[#7]:[#6](-[#85]):[#7]:[#6]:2:3)-[#6@](-[#85])(-[#8]-[#85])-[#6@]-1(-[#85])-[#8]-[#85]>>[#85]-[#6](-[#85])(-[#85])-[#6](-[#85])(-[#85])-[#6@@]1(-[#85])-[#8]-[#6](=[#8])-[#6](-[#85])=[#6](-[#85])-[#6@](-[#85])(-[#6](-[#85])(-[#85])-[#85])-[#6@@](-[#85])(-[#8]-[#6@]2(-[#85])-[#8]-[#6@](-[#85])(-[#6](-[#85])(-[#85])-[#85])-[#6](-[#85])(-[#85])-[#6@](-[#85])(-[#7](-[#6](-[#85])(-[#85])-[#85])-[#6](-[#85])(-[#85])-[#85])-[#6@@]-2(-[#85])-[#8]-[#85])-[#6@@](-[#85])(-[#6](-[#85])(-[#85])-[#85])-[#6](-[#85])(-[#85])-[#6@@](-[#85])(-[#6](-[#85])(-[#85])-[#85])-[#6](=[#8])-[#6](-[#85])=[#6](-[#85])-[#6](-[#85])=[#6](-[#85])-[#6@]-1(-[#85])-[#6](-[#85])(-[#85])-[#8]-[#6@]1(-[#85])-[#8]-[#6@](-[#85])(-[#6](-[#85])(-[#85])-[#85])-[#6@@](-[#85])(-[#8]-[#85])-[#6@@](-[#85])(-[#8]-[#6:49](-[#85:135])(-[#85:136])-[#85:137])-[#6@@]-1(-[#85])-[#8]-[#6](-[#85])(-[#85])-[#85],EVODEX-P10317
EVODEX-N3458,[#6:48]-[#16&+:49](-[#6:50])-[#6:57]>>[#85]-[#6](-[#85])(-[#85])-[#6](-[#85])(-[#85])-[#6@@]1(-[#85])-[#8]-[#6](=[#8])-[#6](-[#85])=[#6](-[#85])-[#6@](-[#85])(-[#6](-[#85])(-[#85])-[#85])-[#6@@](-[#85])(-[#8]-[#6@]2(-[#85])-[#8]-[#6@](-[#85])(-[#6](-[#85])(-[#85])-[#85])-[#6](-[#85])(-[#85])-[#6@](-[#85])(-[#7](-[#6](-[#85])(-[#85])-[#85])-[#6](-[#85])(-[#85])-[#85])-[#6@@]-2(-[#85])-[#8]-[#85])-[#6@@](-[#85])(-[#6](-[#85])(-[#85])-[#85])-[#6](-[#85])(-[#85])-[#6@@](-[#85])(-[#6](-[#85])(-[#85])-[#85])-[#6](=[#8])-[#6](-[#85])=[#6](-[#85])-[#6](-[#85])=[#6](-[#85])-[#6@]-1(-[#85])-[#6](-[#85])(-[#85])-[#8]-[#6@]1(-[#85])-[#8]-[#6@](-[#85])(-[#6](-[#85])(-[#85])-[#85])-[#6@@](-[#85])(-[#8]-[#85])-[#6@@](-[#85])(-[#8]-[#85])-[#6@@]-1(-[#85])-[#8]-[#6:48].[#6:50]-[#16:49]-[#6:57],EVODEX-P10319
EVODEX-N3459,[#85:132]-[#6:48](-[#85:133])(-[#85:134])-[#16&+](-[#6](-[#85])(-[#85])-[#6](-[#85])(-[#85])-[#6@](-[#85])(-[#7](-[#85])-[#85])-[#6](=[#8])-[#8]-[#85])-[#6](-[#85])(-[#85])-[#6@@]1(-[#85])-[#8]-[#6@@](-[#85])(-[#7]2:[#6](-[#85]):[#7]:[#6]3:[#6](-[#7](-[#85])-[#85]):[#7]:[#6](-[#85]):[#7]:[#6]:2:3)-[#6@](-[#85])(-[#8]-[#85])-[#6@]-1(-[#85])-[#8]-[#85]>>[#85]-[#6](-[#85])(-[#85])-[#6](-[#85])(-[#85])-[#6@@]1(-[#85])-[#8]-[#6](=[#8])-[#6](-[#85])=[#6](-[#85])-[#6@](-[#85])(-[#6](-[#85])(-[#85])-[#85])-[#6@@](-[#85])(-[#8]-[#6@]2(-[#85])-[#8]-[#6@](-[#85])(-[#6](-[#85])(-[#85])-[#85])-[#6](-[#85])(-[#85])-[#6@](-[#85])(-[#7](-[#6](-[#85])(-[#85])-[#85])-[#6](-[#85])(-[#85])-[#85])-[#6@@]-2(-[#85])-[#8]-[#85])-[#6@@](-[#85])(-[#6](-[#85])(-[#85])-[#85])-[#6](-[#85])(-[#85])-[#6@@](-[#85])(-[#6](-[#85])(-[#85])-[#85])-[#6](=[#8])-[#6](-[#85])=[#6](-[#85])-[#6](-[#85])=[#6](-[#85])-[#6@]-1(-[#85])-[#6](-[#85])(-[#85])-[#8]-[#6@]1(-[#85])-[#8]-[#6@](-[#85])(-[#6](-[#85])(-[#85])-[#85])-[#6@@](-[#85])(-[#8]-[#85])-[#6@@](-[#85])(-[#8]-[#85])-[#6@@]-1(-[#85])-[#8]-[#6:48](-[#85:132])(-[#85:133])-[#85:134],EVODEX-P10322
EVODEX-N3460,[#6:38]-[#16&+:39](-[#6:40])-[#6:47]>>[#85]-[#6](-[#85])(-[#85])-[#6](-[#85])(-[#85])-[#6@@]1(-[#85])-[#8]-[#6](=[#8])-[#6@](-[#85])(-[#6](-[#85])(-[#85])-[#85])-[#6@@](-[#85])(-[#8]-[#6@@]2(-[#85])-[#6](-[#85])(-[#85])-[#6@](-[#85])(-[#8]-[#6:38])-[#6@@](-[#85])(-[#8]-[#85])-[#6@](-[#85])(-[#6](-[#85])(-[#85])-[#85])-[#8]-2)-[#6@](-[#85])(-[#6](-[#85])(-[#85])-[#85])-[#6@@](-[#85])(-[#8]-[#85])-[#6@](-[#6](-[#85])(-[#85])-[#85])(-[#8]-[#85])-[#6](-[#85])(-[#85])-[#6@@](-[#85])(-[#6](-[#85])(-[#85])-[#85])-[#6](=[#8])-[#6@](-[#85])(-[#6](-[#85])(-[#85])-[#85])-[#6@@](-[#85])(-[#8]-[#85])-[#6@@]-1(-[#85])-[#6](-[#85])(-[#85])-[#85].[#6:40]-[#16:39]-[#6:47],EVODEX-P10324
EVODEX-N3461,[#85:113]-[#6:38](-[#85:114])(-[#85:115])-[#16&+](-[#6](-[#85])(-[#85])-[#6](-[#85])(-[#85])-[#6@](-[#85])(-[#7](-[#85])-[#85])-[#6](=[#8])-[#8]-[#85])-[#6](-[#85])(-[#85])-[#6@@]1(-[#85])-[#8]-[#6@@](-[#85])(-[#7]2:[#6](-[#85]):[#7]:[#6]3:[#6](-[#7](-[#85])-[#85]):[#7]:[#6](-[#85]):[#7]:[#6]:2:3)-[#6@](-[#85])(-[#8]-[#85])-[#6@]-1(-[#85])-[#8]-[#85]>>[#85]-[#6](-[#85])(-[#85])-[#6](-[#85])(-[#85])-[#6@@]1(-[#85])-[#8]-[#6](=[#8])-[#6@](-[#85])(-[#6](-[#85])(-[#85])-[#85])-[#6@@](-[#85])(-[#8]-[#6@@]2(-[#85])-[#6](-[#85])(-[#85])-[#6@](-[#85])(-[#8]-[#6:38](-[#85:113])(-[#85:114])-[#85:115])-[#6@@](-[#85])(-[#8]-[#85])-[#6@](-[#85])(-[#6](-[#85])(-[#85])-[#85])-[#8]-2)-[#6@](-[#85])(-[#6](-[#85])(-[#85])-[#85])-[#6@@](-[#85])(-[#8]-[#85])-[#6@](-[#6](-[#85])(-[#85])-[#85])(-[#8]-[#85])-[#6](-[#85])(-[#85])-[#6@@](-[#85])(-[#6](-[#85])(-[#85])-[#85])-[#6](=[#8])-[#6@](-[#85])(-[#6](-[#85])(-[#85])-[#85])-[#6@@](-[#85])(-[#8]-[#85])-[#6@@]-1(-[#85])-[#6](-[#85])(-[#85])-[#85],EVODEX-P10327
EVODEX-N3462,[#6:19]-[#16&+:20](-[#6:21])-[#6:28]>>[#85]-[#6](-[#85])(-[#85])-[#8]-[#6]1:[#6](-[#85]):[#6](-[#8]-[#6:19]):[#6](-[#85]):[#6](/[#6](-[#85])=[#6](\[#85])-[#6]2:[#6](-[#85]):[#6](-[#85]):[#6](-[#8]-[#85]):[#6](-[#85]):[#6]:2-[#85]):[#6]:1-[#85].[#6:21]-[#16:20]-[#6:28],EVODEX-P10329
EVODEX-N3463,[#85:46]-[#6:19](-[#85:47])(-[#85:48])-[#16&+](-[#6](-[#85])(-[#85])-[#6](-[#85])(-[#85])-[#6@](-[#85])(-[#7](-[#85])-[#85])-[#6](=[#8])-[#8]-[#85])-[#6](-[#85])(-[#85])-[#6@@]1(-[#85])-[#8]-[#6@@](-[#85])(-[#7]2:[#6](-[#85]):[#7]:[#6]3:[#6](-[#7](-[#85])-[#85]):[#7]:[#6](-[#85]):[#7]:[#6]:2:3)-[#6@](-[#85])(-[#8]-[#85])-[#6@]-1(-[#85])-[#8]-[#85]>>[#85]-[#6](-[#85])(-[#85])-[#8]-[#6]1:[#6](-[#85]):[#6](-[#8]-[#6:19](-[#85:46])(-[#85:47])-[#85:48]):[#6](-[#85]):[#6](/[#6](-[#85])=[#6](\[#85])-[#6]2:[#6](-[#85]):[#6](-[#85]):[#6](-[#8]-[#85]):[#6](-[#85]):[#6]:2-[#85]):[#6]:1-[#85],EVODEX-P10331
EVODEX-N3464,[#6:1]-[#16&+:2](-[#6:3])-[#6:10]>>[#6:1]-[#8]-[#6]1:[#6](-[#85]):[#6](/[#6](-[#85])=[#6](\[#85])-[#6]2:[#6](-[#85]):[#6](-[#85]):[#6](-[#8]-[#85]):[#6](-[#85]):[#6]:2-[#85]):[#6](-[#85]):[#6](-[#8]-[#85]):[#6]:1-[#85].[#6:3]-[#16:2]-[#6:10],EVODEX-P10334
EVODEX-N3465,[#85:45]-[#6:1](-[#85:46])(-[#85:47])-[#16&+](-[#6](-[#85])(-[#85])-[#6](-[#85])(-[#85])-[#6@](-[#85])(-[#7](-[#85])-[#85])-[#6](=[#8])-[#8]-[#85])-[#6](-[#85])(-[#85])-[#6@@]1(-[#85])-[#8]-[#6@@](-[#85])(-[#7]2:[#6](-[#85]):[#7]:[#6]3:[#6](-[#7](-[#85])-[#85]):[#7]:[#6](-[#85]):[#7]:[#6]:2:3)-[#6@](-[#85])(-[#8]-[#85])-[#6@]-1(-[#85])-[#8]-[#85]>>[#85:45]-[#6:1](-[#85:46])(-[#85:47])-[#8]-[#6]1:[#6](-[#85]):[#6](/[#6](-[#85])=[#6](\[#85])-[#6]2:[#6](-[#85]):[#6](-[#85]):[#6](-[#8]-[#85]):[#6](-[#85]):[#6]:2-[#85]):[#6](-[#85]):[#6](-[#8]-[#85]):[#6]:1-[#85],EVODEX-P10336
EVODEX-N3466,[#6:1]-[#16&+:2](-[#6:3])-[#6:10]>>[#6:1]-[#8]-[#6]1:[#6](-[#85]):[#6]2:[#6](:[#6](-[#85]):[#6]:1-[#85])-[#7](-[#8]-[#85])-[#6](=[#8])-[#6@@](-[#85])(-[#8]-[#6@]1(-[#85])-[#8]-[#6@](-[#85])(-[#6](-[#85])(-[#85])-[#8]-[#85])-[#6@@](-[#85])(-[#8]-[#85])-[#6@](-[#85])(-[#8]-[#85])-[#6@@]-1(-[#85])-[#8]-[#85])-[#8]-2.[#6:3]-[#16:2]-[#6:10],EVODEX-P10339
EVODEX-N3467,[#85:53]-[#6:1](-[#85:54])(-[#85:55])-[#16&+](-[#6](-[#85])(-[#85])-[#6](-[#85])(-[#85])-[#6@](-[#85])(-[#7](-[#85])-[#85])-[#6](=[#8])-[#8]-[#85])-[#6](-[#85])(-[#85])-[#6@@]1(-[#85])-[#8]-[#6@@](-[#85])(-[#7]2:[#6](-[#85]):[#7]:[#6]3:[#6](-[#7](-[#85])-[#85]):[#7]:[#6](-[#85]):[#7]:[#6]:2:3)-[#6@](-[#85])(-[#8]-[#85])-[#6@]-1(-[#85])-[#8]-[#85]>>[#85:53]-[#6:1](-[#85:54])(-[#85:55])-[#8]-[#6]1:[#6](-[#85]):[#6]2:[#6](:[#6](-[#85]):[#6]:1-[#85])-[#7](-[#8]-[#85])-[#6](=[#8])-[#6@@](-[#85])(-[#8]-[#6@]1(-[#85])-[#8]-[#6@](-[#85])(-[#6](-[#85])(-[#85])-[#8]-[#85])-[#6@@](-[#85])(-[#8]-[#85])-[#6@](-[#85])(-[#8]-[#85])-[#6@@]-1(-[#85])-[#8]-[#85])-[#8]-2,EVODEX-P10341
EVODEX-N3468,[#6:1]-[#16&+:2](-[#6:3])-[#6:10]>>[#6:1]-[#6](-[#85])(-[#6](-[#85])(-[#85])-[#6](-[#85])(-[#85])-[#7](-[#85])-[#6](=[#7]-[#85])-[#7](-[#85])-[#85])-[#6](=[#8])-[#6](=[#8])-[#8]-[#85].[#6:3]-[#16:2]-[#6:10],EVODEX-P10344
EVODEX-N3469,[#85:40]-[#6:1](-[#85:41])(-[#85:42])-[#16&+](-[#6](-[#85])(-[#85])-[#6](-[#85])(-[#85])-[#6@](-[#85])(-[#7](-[#85])-[#85])-[#6](=[#8])-[#8]-[#85])-[#6](-[#85])(-[#85])-[#6@@]1(-[#85])-[#8]-[#6@@](-[#85])(-[#7]2:[#6](-[#85]):[#7]:[#6]3:[#6](-[#7](-[#85])-[#85]):[#7]:[#6](-[#85]):[#7]:[#6]:2:3)-[#6@](-[#85])(-[#8]-[#85])-[#6@]-1(-[#85])-[#8]-[#85]>>[#85:40]-[#6:1](-[#85:41])(-[#85:42])-[#6](-[#85])(-[#6](-[#85])(-[#85])-[#6](-[#85])(-[#85])-[#7](-[#85])-[#6](=[#7]-[#85])-[#7](-[#85])-[#85])-[#6](=[#8])-[#6](=[#8])-[#8]-[#85],EVODEX-P10346
EVODEX-N3470,[H][C:1]([S:2])([H:11])[H:12].[S:5][C:8]([C:9])([H:18])[H:19]>>[C:1]([S:2])([C:8]([S:5])([H:18])[H:19])([H:11])[H:12].[H][C:9],"EVODEX-P10348,EVODEX-P10353"
EVODEX-N3471,[H]OS(=O)(=O)C([H])([H])[C:9]([S:10])([H:20])[H:21]>>[H][C:9]([S:10])([H:20])[H:21],"EVODEX-P10349,EVODEX-P10354"
EVODEX-N3472,[H][C:1]([S:2])([H:11])[H:12].[H]SC([H])([H])[C:8]([S:5])([H:18])[H:19]>>[C:1]([S:2])([C:8]([S:5])([H:18])[H:19])([H:11])[H:12],EVODEX-P10350
EVODEX-N3473,[H][C:1]([S:2])([H:11])[H:12]>>[H]OS(=O)(=O)C([H])([H])[C:1]([S:2])([H:11])[H:12],"EVODEX-P10351,EVODEX-P10356"
EVODEX-N3474,>>[H]C([H])SC([H])([H])[H].[H],EVODEX-P10352
EVODEX-N3475,[H][C:1]([S:2])([H:11])[H:12].[H]C([H])([H])SC([H])([H])[C:6]([S:7])([H:20])[H:21]>>[C:1]([S:2])([C:6]([S:7])([H:20])[H:21])([H:11])[H:12],EVODEX-P10355
EVODEX-N3476,>>[H]SC([H])[H].[H],"EVODEX-P10357,EVODEX-P16157,EVODEX-P31437"
EVODEX-N3477,[#6:51]-[#16&+:52](-[#6:53])-[#6:60]>>[#85]-[#6](-[#85])(-[#85])-[#6](-[#85])(-[#85])-[#6@@]1(-[#85])-[#8]-[#6](=[#8])-[#6@](-[#85])(-[#6](-[#85])(-[#85])-[#85])-[#6@@](-[#85])(-[#8]-[#6@@]2(-[#85])-[#6](-[#85])(-[#85])-[#6@@](-[#6](-[#85])(-[#85])-[#85])(-[#8]-[#6:51])-[#6@@](-[#85])(-[#8]-[#85])-[#6@](-[#85])(-[#6](-[#85])(-[#85])-[#85])-[#8]-2)-[#6@](-[#85])(-[#6](-[#85])(-[#85])-[#85])-[#6@@](-[#85])(-[#8]-[#6@]2(-[#85])-[#8]-[#6@](-[#85])(-[#6](-[#85])(-[#85])-[#85])-[#6](-[#85])(-[#85])-[#6@](-[#85])(-[#7](-[#6](-[#85])(-[#85])-[#85])-[#6](-[#85])(-[#85])-[#85])-[#6@@]-2(-[#85])-[#8]-[#85])-[#6@](-[#6](-[#85])(-[#85])-[#85])(-[#8]-[#85])-[#6](-[#85])(-[#85])-[#6@@](-[#85])(-[#6](-[#85])(-[#85])-[#85])-[#6](=[#8])-[#6@](-[#85])(-[#6](-[#85])(-[#85])-[#85])-[#6@@](-[#85])(-[#8]-[#85])-[#6@]-1(-[#6](-[#85])(-[#85])-[#85])-[#8]-[#85].[#6:53]-[#16:52]-[#6:60],EVODEX-P10359
EVODEX-N3478,[#85:143]-[#6:51](-[#85:144])(-[#85:145])-[#16&+](-[#6](-[#85])(-[#85])-[#6](-[#85])(-[#85])-[#6@](-[#85])(-[#7](-[#85])-[#85])-[#6](=[#8])-[#8]-[#85])-[#6](-[#85])(-[#85])-[#6@@]1(-[#85])-[#8]-[#6@@](-[#85])(-[#7]2:[#6](-[#85]):[#7]:[#6]3:[#6](-[#7](-[#85])-[#85]):[#7]:[#6](-[#85]):[#7]:[#6]:2:3)-[#6@](-[#85])(-[#8]-[#85])-[#6@]-1(-[#85])-[#8]-[#85]>>[#85]-[#6](-[#85])(-[#85])-[#6](-[#85])(-[#85])-[#6@@]1(-[#85])-[#8]-[#6](=[#8])-[#6@](-[#85])(-[#6](-[#85])(-[#85])-[#85])-[#6@@](-[#85])(-[#8]-[#6@@]2(-[#85])-[#6](-[#85])(-[#85])-[#6@@](-[#6](-[#85])(-[#85])-[#85])(-[#8]-[#6:51](-[#85:143])(-[#85:144])-[#85:145])-[#6@@](-[#85])(-[#8]-[#85])-[#6@](-[#85])(-[#6](-[#85])(-[#85])-[#85])-[#8]-2)-[#6@](-[#85])(-[#6](-[#85])(-[#85])-[#85])-[#6@@](-[#85])(-[#8]-[#6@]2(-[#85])-[#8]-[#6@](-[#85])(-[#6](-[#85])(-[#85])-[#85])-[#6](-[#85])(-[#85])-[#6@](-[#85])(-[#7](-[#6](-[#85])(-[#85])-[#85])-[#6](-[#85])(-[#85])-[#85])-[#6@@]-2(-[#85])-[#8]-[#85])-[#6@](-[#6](-[#85])(-[#85])-[#85])(-[#8]-[#85])-[#6](-[#85])(-[#85])-[#6@@](-[#85])(-[#6](-[#85])(-[#85])-[#85])-[#6](=[#8])-[#6@](-[#85])(-[#6](-[#85])(-[#85])-[#85])-[#6@@](-[#85])(-[#8]-[#85])-[#6@]-1(-[#6](-[#85])(-[#85])-[#85])-[#8]-[#85],EVODEX-P10362
EVODEX-N3479,[#6:50]-[#16&+:51](-[#6:52])-[#6:59]>>[#85]-[#6](-[#85])(-[#85])-[#6](-[#85])(-[#85])-[#6@@]1(-[#85])-[#8]-[#6](=[#8])-[#6@](-[#85])(-[#6](-[#85])(-[#85])-[#85])-[#6@@](-[#85])(-[#8]-[#6@@]2(-[#85])-[#6](-[#85])(-[#85])-[#6@@](-[#6](-[#85])(-[#85])-[#85])(-[#8]-[#6:50])-[#6@@](-[#85])(-[#8]-[#85])-[#6@](-[#85])(-[#6](-[#85])(-[#85])-[#85])-[#8]-2)-[#6@](-[#85])(-[#6](-[#85])(-[#85])-[#85])-[#6@@](-[#85])(-[#8]-[#6@]2(-[#85])-[#8]-[#6@](-[#85])(-[#6](-[#85])(-[#85])-[#85])-[#6](-[#85])(-[#85])-[#6@](-[#85])(-[#7](-[#6](-[#85])(-[#85])-[#85])-[#6](-[#85])(-[#85])-[#85])-[#6@@]-2(-[#85])-[#8]-[#85])-[#6@](-[#6](-[#85])(-[#85])-[#85])(-[#8]-[#85])-[#6](-[#85])(-[#85])-[#6@@](-[#85])(-[#6](-[#85])(-[#85])-[#85])-[#6](=[#8])-[#6@](-[#85])(-[#6](-[#85])(-[#85])-[#85])-[#6@@](-[#85])(-[#8]-[#85])-[#6@@]-1(-[#85])-[#6](-[#85])(-[#85])-[#85].[#6:52]-[#16:51]-[#6:59],EVODEX-P10364
EVODEX-N3480,[#85:142]-[#6:50](-[#85:143])(-[#85:144])-[#16&+](-[#6](-[#85])(-[#85])-[#6](-[#85])(-[#85])-[#6@](-[#85])(-[#7](-[#85])-[#85])-[#6](=[#8])-[#8]-[#85])-[#6](-[#85])(-[#85])-[#6@@]1(-[#85])-[#8]-[#6@@](-[#85])(-[#7]2:[#6](-[#85]):[#7]:[#6]3:[#6](-[#7](-[#85])-[#85]):[#7]:[#6](-[#85]):[#7]:[#6]:2:3)-[#6@](-[#85])(-[#8]-[#85])-[#6@]-1(-[#85])-[#8]-[#85]>>[#85]-[#6](-[#85])(-[#85])-[#6](-[#85])(-[#85])-[#6@@]1(-[#85])-[#8]-[#6](=[#8])-[#6@](-[#85])(-[#6](-[#85])(-[#85])-[#85])-[#6@@](-[#85])(-[#8]-[#6@@]2(-[#85])-[#6](-[#85])(-[#85])-[#6@@](-[#6](-[#85])(-[#85])-[#85])(-[#8]-[#6:50](-[#85:142])(-[#85:143])-[#85:144])-[#6@@](-[#85])(-[#8]-[#85])-[#6@](-[#85])(-[#6](-[#85])(-[#85])-[#85])-[#8]-2)-[#6@](-[#85])(-[#6](-[#85])(-[#85])-[#85])-[#6@@](-[#85])(-[#8]-[#6@]2(-[#85])-[#8]-[#6@](-[#85])(-[#6](-[#85])(-[#85])-[#85])-[#6](-[#85])(-[#85])-[#6@](-[#85])(-[#7](-[#6](-[#85])(-[#85])-[#85])-[#6](-[#85])(-[#85])-[#85])-[#6@@]-2(-[#85])-[#8]-[#85])-[#6@](-[#6](-[#85])(-[#85])-[#85])(-[#8]-[#85])-[#6](-[#85])(-[#85])-[#6@@](-[#85])(-[#6](-[#85])(-[#85])-[#85])-[#6](=[#8])-[#6@](-[#85])(-[#6](-[#85])(-[#85])-[#85])-[#6@@](-[#85])(-[#8]-[#85])-[#6@@]-1(-[#85])-[#6](-[#85])(-[#85])-[#85],EVODEX-P10367
EVODEX-N3481,[#6:20]-[#16&+:21](-[#6:22])-[#6:29]>>[#85]-[#6](-[#85])(-[#85])-[#6](-[#6](-[#85])(-[#85])-[#85])=[#6](-[#85])-[#6](-[#85])(-[#85])-[#6](-[#85])(-[#85])/[#6](-[#6](-[#85])(-[#85])-[#85])=[#6](\[#6](-[#85])(-[#85])-[#8]-[#15](=[#8])(-[#8]-[#85])-[#8]-[#15](=[#8])(-[#8]-[#85])-[#8]-[#85])-[#6:20].[#6:22]-[#16:21]-[#6:29],EVODEX-P10369
EVODEX-N3482,[#85:67]-[#6:20](-[#85:68])(-[#85:69])-[#16&+](-[#6](-[#85])(-[#85])-[#6](-[#85])(-[#85])-[#6@](-[#85])(-[#7](-[#85])-[#85])-[#6](=[#8])-[#8]-[#85])-[#6](-[#85])(-[#85])-[#6@@]1(-[#85])-[#8]-[#6@@](-[#85])(-[#7]2:[#6](-[#85]):[#7]:[#6]3:[#6](-[#7](-[#85])-[#85]):[#7]:[#6](-[#85]):[#7]:[#6]:2:3)-[#6@](-[#85])(-[#8]-[#85])-[#6@]-1(-[#85])-[#8]-[#85]>>[#85]-[#6](-[#85])(-[#85])-[#6](-[#6](-[#85])(-[#85])-[#85])=[#6](-[#85])-[#6](-[#85])(-[#85])-[#6](-[#85])(-[#85])/[#6](-[#6](-[#85])(-[#85])-[#85])=[#6](\[#6](-[#85])(-[#85])-[#8]-[#15](=[#8])(-[#8]-[#85])-[#8]-[#15](=[#8])(-[#8]-[#85])-[#8]-[#85])-[#6:20](-[#85:67])(-[#85:68])-[#85:69],EVODEX-P10372
EVODEX-N3483,[#6:21]-[#16&+:22](-[#6:23])-[#6:30]>>[#85]-[#6](-[#85])(-[#85])-[#6](-[#6](-[#85])(-[#85])-[#85])=[#6](-[#6](-[#85])(-[#85])-[#6](-[#85])(-[#85])/[#6](-[#6](-[#85])(-[#85])-[#85])=[#6](\[#6](-[#85])(-[#85])-[#85])-[#6](-[#85])(-[#85])-[#8]-[#15](=[#8])(-[#8]-[#85])-[#8]-[#15](=[#8])(-[#8]-[#85])-[#8]-[#85])-[#6:21].[#6:23]-[#16:22]-[#6:30],EVODEX-P10374
EVODEX-N3484,[#85:70]-[#6:21](-[#85:71])(-[#85:72])-[#16&+](-[#6](-[#85])(-[#85])-[#6](-[#85])(-[#85])-[#6@](-[#85])(-[#7](-[#85])-[#85])-[#6](=[#8])-[#8]-[#85])-[#6](-[#85])(-[#85])-[#6@@]1(-[#85])-[#8]-[#6@@](-[#85])(-[#7]2:[#6](-[#85]):[#7]:[#6]3:[#6](-[#7](-[#85])-[#85]):[#7]:[#6](-[#85]):[#7]:[#6]:2:3)-[#6@](-[#85])(-[#8]-[#85])-[#6@]-1(-[#85])-[#8]-[#85]>>[#85]-[#6](-[#85])(-[#85])-[#6](-[#6](-[#85])(-[#85])-[#85])=[#6](-[#6](-[#85])(-[#85])-[#6](-[#85])(-[#85])/[#6](-[#6](-[#85])(-[#85])-[#85])=[#6](\[#6](-[#85])(-[#85])-[#85])-[#6](-[#85])(-[#85])-[#8]-[#15](=[#8])(-[#8]-[#85])-[#8]-[#15](=[#8])(-[#8]-[#85])-[#8]-[#85])-[#6:21](-[#85:70])(-[#85:71])-[#85:72],EVODEX-P10377
EVODEX-N3485,[#6:21]-[#16&+:22](-[#6:23])-[#6:30]>>[#85]-[#6](-[#85])(-[#85])-[#6](-[#6](-[#85])(-[#85])-[#85])=[#6](-[#85])-[#6](-[#85])(-[#85])-[#6]1:[#6](-[#85]):[#6](-[#85]):[#6](-[#85]):[#6]2:[#7](-[#85]):[#6](-[#85]):[#6](-[#6](-[#85])(-[#85])-[#6@](-[#85])(-[#7](-[#85])-[#6:21])-[#6](=[#8])-[#8]-[#85]):[#6]:1:2.[#6:23]-[#16:22]-[#6:30],EVODEX-P10379
EVODEX-N3486,[#85:68]-[#6:21](-[#85:69])(-[#85:70])-[#16&+](-[#6](-[#85])(-[#85])-[#6](-[#85])(-[#85])-[#6@](-[#85])(-[#7](-[#85])-[#85])-[#6](=[#8])-[#8]-[#85])-[#6](-[#85])(-[#85])-[#6@@]1(-[#85])-[#8]-[#6@@](-[#85])(-[#7]2:[#6](-[#85]):[#7]:[#6]3:[#6](-[#7](-[#85])-[#85]):[#7]:[#6](-[#85]):[#7]:[#6]:2:3)-[#6@](-[#85])(-[#8]-[#85])-[#6@]-1(-[#85])-[#8]-[#85]>>[#85]-[#6](-[#85])(-[#85])-[#6](-[#6](-[#85])(-[#85])-[#85])=[#6](-[#85])-[#6](-[#85])(-[#85])-[#6]1:[#6](-[#85]):[#6](-[#85]):[#6](-[#85]):[#6]2:[#7](-[#85]):[#6](-[#85]):[#6](-[#6](-[#85])(-[#85])-[#6@](-[#85])(-[#7](-[#85])-[#6:21](-[#85:68])(-[#85:69])-[#85:70])-[#6](=[#8])-[#8]-[#85]):[#6]:1:2,EVODEX-P10382
EVODEX-N3487,[#6:32]-[#16&+:33](-[#6:34])-[#6:41]>>[#85]-[#6](-[#85])=[#6](-[#6](-[#85])(-[#85])-[#85])-[#6](-[#85])(-[#6](-[#85])(-[#85])-[#85])-[#6](-[#85])(-[#85])-[#6](-[#85])(-[#85])/[#6](-[#6](-[#85])(-[#85])-[#85])=[#6](\[#85])-[#6](-[#85])(-[#85])-[#6](-[#85])(-[#85])/[#6](-[#6](-[#85])(-[#85])-[#85])=[#6](\[#85])-[#6](-[#85])(-[#85])-[#6](-[#85])(-[#85])/[#6](-[#85])=[#6](\[#6](-[#85])(-[#85])-[#85])-[#6](-[#85])(-[#85])-[#6](-[#85])(-[#85])/[#6](-[#85])=[#6](\[#6](-[#85])(-[#85])-[#85])-[#6](-[#85])(-[#85])-[#6](-[#85])(-[#85])-[#6](-[#85])(-[#6](=[#6](-[#85])-[#85])-[#6](-[#85])(-[#85])-[#85])-[#6:32].[#6:34]-[#16:33]-[#6:41],EVODEX-P10384
EVODEX-N3488,[#85:111]-[#6:32](-[#85:112])(-[#85:113])-[#16&+](-[#6](-[#85])(-[#85])-[#6](-[#85])(-[#85])-[#6@](-[#85])(-[#7](-[#85])-[#85])-[#6](=[#8])-[#8]-[#85])-[#6](-[#85])(-[#85])-[#6@@]1(-[#85])-[#8]-[#6@@](-[#85])(-[#7]2:[#6](-[#85]):[#7]:[#6]3:[#6](-[#7](-[#85])-[#85]):[#7]:[#6](-[#85]):[#7]:[#6]:2:3)-[#6@](-[#85])(-[#8]-[#85])-[#6@]-1(-[#85])-[#8]-[#85]>>[#85]-[#6](-[#85])=[#6](-[#6](-[#85])(-[#85])-[#85])-[#6](-[#85])(-[#6](-[#85])(-[#85])-[#85])-[#6](-[#85])(-[#85])-[#6](-[#85])(-[#85])/[#6](-[#6](-[#85])(-[#85])-[#85])=[#6](\[#85])-[#6](-[#85])(-[#85])-[#6](-[#85])(-[#85])/[#6](-[#6](-[#85])(-[#85])-[#85])=[#6](\[#85])-[#6](-[#85])(-[#85])-[#6](-[#85])(-[#85])/[#6](-[#85])=[#6](\[#6](-[#85])(-[#85])-[#85])-[#6](-[#85])(-[#85])-[#6](-[#85])(-[#85])/[#6](-[#85])=[#6](\[#6](-[#85])(-[#85])-[#85])-[#6](-[#85])(-[#85])-[#6](-[#85])(-[#85])-[#6](-[#85])(-[#6](=[#6](-[#85])-[#85])-[#6](-[#85])(-[#85])-[#85])-[#6:32](-[#85:111])(-[#85:112])-[#85:113],EVODEX-P10387
EVODEX-N3489,[#6:31]-[#16&+:32](-[#6:33])-[#6:40]>>[#85]-[#6](-[#85])=[#6](-[#6](-[#85])(-[#85])-[#85])-[#6](-[#85])(-[#6](-[#85])(-[#85])-[#6](-[#85])(-[#85])/[#6](-[#6](-[#85])(-[#85])-[#85])=[#6](\[#85])-[#6](-[#85])(-[#85])-[#6](-[#85])(-[#85])/[#6](-[#6](-[#85])(-[#85])-[#85])=[#6](\[#85])-[#6](-[#85])(-[#85])-[#6](-[#85])(-[#85])/[#6](-[#85])=[#6](\[#6](-[#85])(-[#85])-[#85])-[#6](-[#85])(-[#85])-[#6](-[#85])(-[#85])/[#6](-[#85])=[#6](\[#6](-[#85])(-[#85])-[#85])-[#6](-[#85])(-[#85])-[#6](-[#85])(-[#85])-[#6](-[#85])=[#6](-[#6](-[#85])(-[#85])-[#85])-[#6](-[#85])(-[#85])-[#85])-[#6:31].[#6:33]-[#16:32]-[#6:40],EVODEX-P10389
EVODEX-N3490,[#85:108]-[#6:31](-[#85:109])(-[#85:110])-[#16&+](-[#6](-[#85])(-[#85])-[#6](-[#85])(-[#85])-[#6@](-[#85])(-[#7](-[#85])-[#85])-[#6](=[#8])-[#8]-[#85])-[#6](-[#85])(-[#85])-[#6@@]1(-[#85])-[#8]-[#6@@](-[#85])(-[#7]2:[#6](-[#85]):[#7]:[#6]3:[#6](-[#7](-[#85])-[#85]):[#7]:[#6](-[#85]):[#7]:[#6]:2:3)-[#6@](-[#85])(-[#8]-[#85])-[#6@]-1(-[#85])-[#8]-[#85]>>[#85]-[#6](-[#85])=[#6](-[#6](-[#85])(-[#85])-[#85])-[#6](-[#85])(-[#6](-[#85])(-[#85])-[#6](-[#85])(-[#85])/[#6](-[#6](-[#85])(-[#85])-[#85])=[#6](\[#85])-[#6](-[#85])(-[#85])-[#6](-[#85])(-[#85])/[#6](-[#6](-[#85])(-[#85])-[#85])=[#6](\[#85])-[#6](-[#85])(-[#85])-[#6](-[#85])(-[#85])/[#6](-[#85])=[#6](\[#6](-[#85])(-[#85])-[#85])-[#6](-[#85])(-[#85])-[#6](-[#85])(-[#85])/[#6](-[#85])=[#6](\[#6](-[#85])(-[#85])-[#85])-[#6](-[#85])(-[#85])-[#6](-[#85])(-[#85])-[#6](-[#85])=[#6](-[#6](-[#85])(-[#85])-[#85])-[#6](-[#85])(-[#85])-[#85])-[#6:31](-[#85:108])(-[#85:109])-[#85:110],EVODEX-P10392
EVODEX-N3491,[#6:32]-[#16&+:33](-[#6:34])-[#6:41]>>[#85]-[#6](-[#85])=[#6](-[#85])-[#6@@](-[#6](-[#85])(-[#85])-[#85])(/[#6](-[#85])=[#6](\[#85])-[#6@](-[#85])(-[#6](-[#85])(-[#85])-[#85])-[#6](-[#85])(-[#85])-[#6](-[#85])(-[#85])/[#6](-[#85])=[#6](\[#6](-[#85])(-[#85])-[#85])-[#6](-[#85])(-[#85])-[#6](-[#85])(-[#85])-[#6](-[#85])(-[#6](-[#85])(-[#85])-[#85])-[#6](=[#6](-[#85])-[#85])-[#6](-[#85])(-[#85])-[#85])-[#6](-[#85])(-[#85])-[#6](-[#85])(-[#85])/[#6](-[#85])=[#6](\[#6](-[#85])(-[#85])-[#85])-[#6](-[#85])(-[#85])-[#6](-[#85])(-[#85])-[#6](-[#85])(-[#6](=[#6](-[#85])-[#85])-[#6](-[#85])(-[#85])-[#85])-[#6:32].[#6:34]-[#16:33]-[#6:41],EVODEX-P10394
EVODEX-N3492,[#85:111]-[#6:32](-[#85:112])(-[#85:113])-[#16&+](-[#6](-[#85])(-[#85])-[#6](-[#85])(-[#85])-[#6@](-[#85])(-[#7](-[#85])-[#85])-[#6](=[#8])-[#8]-[#85])-[#6](-[#85])(-[#85])-[#6@@]1(-[#85])-[#8]-[#6@@](-[#85])(-[#7]2:[#6](-[#85]):[#7]:[#6]3:[#6](-[#7](-[#85])-[#85]):[#7]:[#6](-[#85]):[#7]:[#6]:2:3)-[#6@](-[#85])(-[#8]-[#85])-[#6@]-1(-[#85])-[#8]-[#85]>>[#85]-[#6](-[#85])=[#6](-[#85])-[#6@@](-[#6](-[#85])(-[#85])-[#85])(/[#6](-[#85])=[#6](\[#85])-[#6@](-[#85])(-[#6](-[#85])(-[#85])-[#85])-[#6](-[#85])(-[#85])-[#6](-[#85])(-[#85])/[#6](-[#85])=[#6](\[#6](-[#85])(-[#85])-[#85])-[#6](-[#85])(-[#85])-[#6](-[#85])(-[#85])-[#6](-[#85])(-[#6](-[#85])(-[#85])-[#85])-[#6](=[#6](-[#85])-[#85])-[#6](-[#85])(-[#85])-[#85])-[#6](-[#85])(-[#85])-[#6](-[#85])(-[#85])/[#6](-[#85])=[#6](\[#6](-[#85])(-[#85])-[#85])-[#6](-[#85])(-[#85])-[#6](-[#85])(-[#85])-[#6](-[#85])(-[#6](=[#6](-[#85])-[#85])-[#6](-[#85])(-[#85])-[#85])-[#6:32](-[#85:111])(-[#85:112])-[#85:113],EVODEX-P10397
EVODEX-N3493,[#6:1]-[#16&+:2](-[#6:3])-[#6:10]>>[#6:1]-[#8]-[#6]1:[#6](-[#85]):[#6](-[#85]):[#6](-[#85]):[#6](-[#6]2(-[#85])-[#6](-[#85])(-[#85])-[#6](-[#85])(-[#85])-[#6]3:[#6](-[#85]):[#6](-[#85]):[#6](-[#85]):[#6](-[#85]):[#6]:3-[#8]-2):[#6]:1-[#85].[#6:3]-[#16:2]-[#6:10],EVODEX-P10402
EVODEX-N3494,[#85:45]-[#6:1](-[#85:46])(-[#85:47])-[#16&+](-[#6](-[#85])(-[#85])-[#6](-[#85])(-[#85])-[#6@](-[#85])(-[#7](-[#85])-[#85])-[#6](=[#8])-[#8]-[#85])-[#6](-[#85])(-[#85])-[#6@@]1(-[#85])-[#8]-[#6@@](-[#85])(-[#7]2:[#6](-[#85]):[#7]:[#6]3:[#6](-[#7](-[#85])-[#85]):[#7]:[#6](-[#85]):[#7]:[#6]:2:3)-[#6@](-[#85])(-[#8]-[#85])-[#6@]-1(-[#85])-[#8]-[#85]>>[#85:45]-[#6:1](-[#85:46])(-[#85:47])-[#8]-[#6]1:[#6](-[#85]):[#6](-[#85]):[#6](-[#85]):[#6](-[#6]2(-[#85])-[#6](-[#85])(-[#85])-[#6](-[#85])(-[#85])-[#6]3:[#6](-[#85]):[#6](-[#85]):[#6](-[#85]):[#6](-[#85]):[#6]:3-[#8]-2):[#6]:1-[#85],EVODEX-P10404
EVODEX-N3495,[#85:41]-[#6:1](-[#85:42])(-[#85:43])-[#16&+](-[#6](-[#85])(-[#85])-[#85])-[#6](-[#85])(-[#85])-[#6](-[#85])(-[#85])-[#6](=[#8])-[#8]-[#85].[#6:13]-[#7:17](-[#85])-[#6@@:18]>>[#85:41]-[#6:1](-[#85:42])(-[#85:43])-[#7:17](-[#6:13])-[#6@:18],EVODEX-P10414
EVODEX-N3496,[#85:41]-[#6:1](-[#85:42])(-[#85:43])-[#16&+](-[#6](-[#85])(-[#85])-[#85])-[#6](-[#85])(-[#85])-[#6](-[#85])(-[#85])-[#6](=[#8])-[#8]-[#85]>>[#85:41]-[#6:1](-[#85:42])(-[#85:43])-[#7]1-[#6]2:[#6](:[#7](-[#85]):[#6](=[#7]-[#85]):[#7](-[#85]):[#6]:2=[#8])-[#7](-[#85])-[#6](-[#85])(-[#85])-[#6@]-1(-[#85])-[#6](-[#85])(-[#85])-[#7](-[#85])-[#6]1:[#6](-[#85]):[#6](-[#85]):[#6](-[#6](=[#8])-[#7](-[#85])-[#6@@](-[#85])(-[#6](-[#85])(-[#85])-[#6](-[#85])(-[#85])-[#6](=[#8])-[#8]-[#85])-[#6](=[#8])-[#8]-[#85]):[#6](-[#85]):[#6]:1-[#85],EVODEX-P10415
EVODEX-N3497,[#85]-[#6](-[#85])(-[#85])-[#6](-[#85])(-[#6](=[#8])-[#8]-[#85])-[#16&+](-[#6:7](-[#85:46])(-[#85:47])-[#85:48])-[#6](-[#85])(-[#85])-[#85]>>[#85:46]-[#6:7](-[#85:47])(-[#85:48])-[#7]1-[#6]2:[#6](:[#7](-[#85]):[#6](=[#7]-[#85]):[#7](-[#85]):[#6]:2=[#8])-[#7](-[#85])-[#6](-[#85])(-[#85])-[#6@]-1(-[#85])-[#6](-[#85])(-[#85])-[#7](-[#85])-[#6]1:[#6](-[#85]):[#6](-[#85]):[#6](-[#6](=[#8])-[#7](-[#85])-[#6@@](-[#85])(-[#6](-[#85])(-[#85])-[#6](-[#85])(-[#85])-[#6](=[#8])-[#8]-[#85])-[#6](=[#8])-[#8]-[#85]):[#6](-[#85]):[#6]:1-[#85],EVODEX-P10417
EVODEX-N3498,[#85]-[#6](-[#85])(-[#85])-[#6](-[#85])(-[#6](=[#8])-[#8]-[#85])-[#16&+](-[#6:7](-[#85:46])(-[#85:47])-[#85:48])-[#6](-[#85])(-[#85])-[#85].[#6:13]-[#7:17](-[#85])-[#6@@:18]>>[#85:46]-[#6:7](-[#85:47])(-[#85:48])-[#7:17](-[#6:13])-[#6@:18],EVODEX-P10418
EVODEX-N3499,[#6:1]-[#16&+:2](-[#6:3])-[#6:10]>>[#6:1]-[#8]-[#6]1:[#6](-[#85]):[#6](-[#85]):[#6]2:[#6](:[#6]:1-[#85])-[#8]-[#6](-[#85])(-[#85])-[#6@]1(-[#8]-[#85])-[#6]3:[#6](-[#85]):[#6]4:[#6](:[#6](-[#85]):[#6]:3-[#8]-[#6@]-2-1-[#85])-[#8]-[#6](-[#85])(-[#85])-[#8]-4.[#6:3]-[#16:2]-[#6:10],EVODEX-P10422
EVODEX-N3500,[#85:50]-[#6:1](-[#85:51])(-[#85:52])-[#16&+](-[#6](-[#85])(-[#85])-[#6](-[#85])(-[#85])-[#6@](-[#85])(-[#7](-[#85])-[#85])-[#6](=[#8])-[#8]-[#85])-[#6](-[#85])(-[#85])-[#6@@]1(-[#85])-[#8]-[#6@@](-[#85])(-[#7]2:[#6](-[#85]):[#7]:[#6]3:[#6](-[#7](-[#85])-[#85]):[#7]:[#6](-[#85]):[#7]:[#6]:2:3)-[#6@](-[#85])(-[#8]-[#85])-[#6@]-1(-[#85])-[#8]-[#85]>>[#85:50]-[#6:1](-[#85:51])(-[#85:52])-[#8]-[#6]1:[#6](-[#85]):[#6](-[#85]):[#6]2:[#6](:[#6]:1-[#85])-[#8]-[#6](-[#85])(-[#85])-[#6@]1(-[#8]-[#85])-[#6]3:[#6](-[#85]):[#6]4:[#6](:[#6](-[#85]):[#6]:3-[#8]-[#6@]-2-1-[#85])-[#8]-[#6](-[#85])(-[#85])-[#8]-4,EVODEX-P10424
EVODEX-N3501,[#6:1]-[#16&+:2](-[#6:3])-[#6:10]>>[#6:1]-[#8]-[#6](=[#8])-[#6]1:[#6](-[#85]):[#6](-[#85]):[#6](-[#85]):[#6](-[#85]):[#6]:1-[#8]-[#85].[#6:3]-[#16:2]-[#6:10],EVODEX-P10427
EVODEX-N3502,[#85:38]-[#6:1](-[#85:39])(-[#85:40])-[#16&+](-[#6](-[#85])(-[#85])-[#6](-[#85])(-[#85])-[#6@](-[#85])(-[#7](-[#85])-[#85])-[#6](=[#8])-[#8]-[#85])-[#6](-[#85])(-[#85])-[#6@@]1(-[#85])-[#8]-[#6@@](-[#85])(-[#7]2:[#6](-[#85]):[#7]:[#6]3:[#6](-[#7](-[#85])-[#85]):[#7]:[#6](-[#85]):[#7]:[#6]:2:3)-[#6@](-[#85])(-[#8]-[#85])-[#6@]-1(-[#85])-[#8]-[#85]>>[#85:38]-[#6:1](-[#85:39])(-[#85:40])-[#8]-[#6](=[#8])-[#6]1:[#6](-[#85]):[#6](-[#85]):[#6](-[#85]):[#6](-[#85]):[#6]:1-[#8]-[#85],EVODEX-P10429
EVODEX-N3503,[#6:1]-[#16&+:2](-[#6:3])-[#6:10]>>[#6:1]-[#8]-[#6](=[#8])-[#6]1:[#6](-[#85]):[#6](-[#85]):[#6](-[#85]):[#6](-[#8]-[#85]):[#6]:1-[#85].[#6:3]-[#16:2]-[#6:10],EVODEX-P10432
EVODEX-N3504,[#85:38]-[#6:1](-[#85:39])(-[#85:40])-[#16&+](-[#6](-[#85])(-[#85])-[#6](-[#85])(-[#85])-[#6@](-[#85])(-[#7](-[#85])-[#85])-[#6](=[#8])-[#8]-[#85])-[#6](-[#85])(-[#85])-[#6@@]1(-[#85])-[#8]-[#6@@](-[#85])(-[#7]2:[#6](-[#85]):[#7]:[#6]3:[#6](-[#7](-[#85])-[#85]):[#7]:[#6](-[#85]):[#7]:[#6]:2:3)-[#6@](-[#85])(-[#8]-[#85])-[#6@]-1(-[#85])-[#8]-[#85]>>[#85:38]-[#6:1](-[#85:39])(-[#85:40])-[#8]-[#6](=[#8])-[#6]1:[#6](-[#85]):[#6](-[#85]):[#6](-[#85]):[#6](-[#8]-[#85]):[#6]:1-[#85],EVODEX-P10434
EVODEX-N3505,[#6:24]-[#16&+:25](-[#6:26])-[#6:33]>>[#85]-[#6](-[#85])=[#6]1-[#6](-[#85])(-[#85])-[#6@]23-[#6](-[#85])(-[#85])-[#6@@]-1(-[#85])-[#6](-[#85])(-[#85])-[#6](-[#85])(-[#85])-[#6@@]-2(-[#85])-[#6@@]12-[#6](-[#85])(-[#85])-[#6](-[#85])(-[#85])-[#6](-[#85])(-[#85])-[#6@@](-[#6](-[#85])(-[#85])-[#85])(-[#6](=[#8])-[#8]-1)-[#6@@]-2(-[#85])-[#6@]-3(-[#85])-[#6](=[#8])-[#8]-[#6:24].[#6:26]-[#16:25]-[#6:33],EVODEX-P10437
EVODEX-N3506,[#85:75]-[#6:24](-[#85:76])(-[#85:77])-[#16&+](-[#6](-[#85])(-[#85])-[#6](-[#85])(-[#85])-[#6@](-[#85])(-[#7](-[#85])-[#85])-[#6](=[#8])-[#8]-[#85])-[#6](-[#85])(-[#85])-[#6@@]1(-[#85])-[#8]-[#6@@](-[#85])(-[#7]2:[#6](-[#85]):[#7]:[#6]3:[#6](-[#7](-[#85])-[#85]):[#7]:[#6](-[#85]):[#7]:[#6]:2:3)-[#6@](-[#85])(-[#8]-[#85])-[#6@]-1(-[#85])-[#8]-[#85]>>[#85]-[#6](-[#85])=[#6]1-[#6](-[#85])(-[#85])-[#6@]23-[#6](-[#85])(-[#85])-[#6@@]-1(-[#85])-[#6](-[#85])(-[#85])-[#6](-[#85])(-[#85])-[#6@@]-2(-[#85])-[#6@@]12-[#6](-[#85])(-[#85])-[#6](-[#85])(-[#85])-[#6](-[#85])(-[#85])-[#6@@](-[#6](-[#85])(-[#85])-[#85])(-[#6](=[#8])-[#8]-1)-[#6@@]-2(-[#85])-[#6@]-3(-[#85])-[#6](=[#8])-[#8]-[#6:24](-[#85:75])(-[#85:76])-[#85:77],EVODEX-P10440
EVODEX-N3507,[#6:25]-[#16&+:26](-[#6:27])-[#6:34]>>[#85]-[#6](-[#85])=[#6]1-[#6](-[#85])(-[#85])-[#6@]23-[#6](-[#85])(-[#85])-[#6@@]-1(-[#85])-[#6](-[#85])(-[#85])-[#6](-[#85])(-[#85])-[#6@@]-2(-[#85])-[#6@@]12-[#6](-[#85])(-[#85])-[#6](-[#85])(-[#85])-[#6@](-[#85])(-[#8]-[#85])-[#6@@](-[#6](-[#85])(-[#85])-[#85])(-[#6](=[#8])-[#8]-1)-[#6@@]-2(-[#85])-[#6@]-3(-[#85])-[#6](=[#8])-[#8]-[#6:25].[#6:27]-[#16:26]-[#6:34],EVODEX-P10442
EVODEX-N3508,[#85:76]-[#6:25](-[#85:77])(-[#85:78])-[#16&+](-[#6](-[#85])(-[#85])-[#6](-[#85])(-[#85])-[#6@](-[#85])(-[#7](-[#85])-[#85])-[#6](=[#8])-[#8]-[#85])-[#6](-[#85])(-[#85])-[#6@@]1(-[#85])-[#8]-[#6@@](-[#85])(-[#7]2:[#6](-[#85]):[#7]:[#6]3:[#6](-[#7](-[#85])-[#85]):[#7]:[#6](-[#85]):[#7]:[#6]:2:3)-[#6@](-[#85])(-[#8]-[#85])-[#6@]-1(-[#85])-[#8]-[#85]>>[#85]-[#6](-[#85])=[#6]1-[#6](-[#85])(-[#85])-[#6@]23-[#6](-[#85])(-[#85])-[#6@@]-1(-[#85])-[#6](-[#85])(-[#85])-[#6](-[#85])(-[#85])-[#6@@]-2(-[#85])-[#6@@]12-[#6](-[#85])(-[#85])-[#6](-[#85])(-[#85])-[#6@](-[#85])(-[#8]-[#85])-[#6@@](-[#6](-[#85])(-[#85])-[#85])(-[#6](=[#8])-[#8]-1)-[#6@@]-2(-[#85])-[#6@]-3(-[#85])-[#6](=[#8])-[#8]-[#6:25](-[#85:76])(-[#85:77])-[#85:78],EVODEX-P10445
EVODEX-N3509,[#6:26]-[#16&+:27](-[#6:28])-[#6:35]>>[#85]-[#6](-[#85])=[#6]1-[#6](-[#85])(-[#85])-[#6@]23-[#6](-[#85])(-[#85])-[#6@@]-1(-[#8]-[#85])-[#6](-[#85])(-[#85])-[#6](-[#85])(-[#85])-[#6@@]-2(-[#85])-[#6@@]12-[#6](-[#85])=[#6](-[#85])-[#6@](-[#85])(-[#8]-[#85])-[#6@@](-[#6](-[#85])(-[#85])-[#85])(-[#6](=[#8])-[#8]-1)-[#6@@]-2(-[#85])-[#6@]-3(-[#85])-[#6](=[#8])-[#8]-[#6:26].[#6:28]-[#16:27]-[#6:35],EVODEX-P10447
EVODEX-N3510,[#85:75]-[#6:26](-[#85:76])(-[#85:77])-[#16&+](-[#6](-[#85])(-[#85])-[#6](-[#85])(-[#85])-[#6@](-[#85])(-[#7](-[#85])-[#85])-[#6](=[#8])-[#8]-[#85])-[#6](-[#85])(-[#85])-[#6@@]1(-[#85])-[#8]-[#6@@](-[#85])(-[#7]2:[#6](-[#85]):[#7]:[#6]3:[#6](-[#7](-[#85])-[#85]):[#7]:[#6](-[#85]):[#7]:[#6]:2:3)-[#6@](-[#85])(-[#8]-[#85])-[#6@]-1(-[#85])-[#8]-[#85]>>[#85]-[#6](-[#85])=[#6]1-[#6](-[#85])(-[#85])-[#6@]23-[#6](-[#85])(-[#85])-[#6@@]-1(-[#8]-[#85])-[#6](-[#85])(-[#85])-[#6](-[#85])(-[#85])-[#6@@]-2(-[#85])-[#6@@]12-[#6](-[#85])=[#6](-[#85])-[#6@](-[#85])(-[#8]-[#85])-[#6@@](-[#6](-[#85])(-[#85])-[#85])(-[#6](=[#8])-[#8]-1)-[#6@@]-2(-[#85])-[#6@]-3(-[#85])-[#6](=[#8])-[#8]-[#6:26](-[#85:75])(-[#85:76])-[#85:77],EVODEX-P10450
EVODEX-N3511,[#6:1]-[#16&+:2](-[#6:3])-[#6:10]>>[#6:1]-[#8]-[#6](-[#6]1:[#6](-[#7](-[#85])-[#85]):[#6](-[#85]):[#6](-[#85]):[#6](-[#85]):[#6]:1-[#85])=[#8].[#6:3]-[#16:2]-[#6:10],EVODEX-P10452
EVODEX-N3512,[#85:38]-[#6:1](-[#85:39])(-[#85:40])-[#16&+](-[#6](-[#85])(-[#85])-[#6](-[#85])(-[#85])-[#6@](-[#85])(-[#7](-[#85])-[#85])-[#6](=[#8])-[#8]-[#85])-[#6](-[#85])(-[#85])-[#6@@]1(-[#85])-[#8]-[#6@@](-[#85])(-[#7]2:[#6](-[#85]):[#7]:[#6]3:[#6](-[#7](-[#85])-[#85]):[#7]:[#6](-[#85]):[#7]:[#6]:2:3)-[#6@](-[#85])(-[#8]-[#85])-[#6@]-1(-[#85])-[#8]-[#85]>>[#85:38]-[#6:1](-[#85:39])(-[#85:40])-[#8]-[#6](-[#6]1:[#6](-[#7](-[#85])-[#85]):[#6](-[#85]):[#6](-[#85]):[#6](-[#85]):[#6]:1-[#85])=[#8],EVODEX-P10454
EVODEX-N3513,[#6:1]-[#16&+:2](-[#6:3])-[#6:10]>>[#6:1]-[#6]1:[#6](-[#6](-[#85])(-[#85])-[#6](=[#8])-[#8]-[#85]):[#6]2:[#6](:[#7]:1-[#85]):[#6](-[#85]):[#6](-[#85]):[#6](-[#85]):[#6]:2-[#85].[#6:3]-[#16:2]-[#6:10],EVODEX-P10457
EVODEX-N3514,[#85:41]-[#6:1](-[#85:42])(-[#85:43])-[#16&+](-[#6](-[#85])(-[#85])-[#6](-[#85])(-[#85])-[#6@](-[#85])(-[#7](-[#85])-[#85])-[#6](=[#8])-[#8]-[#85])-[#6](-[#85])(-[#85])-[#6@@]1(-[#85])-[#8]-[#6@@](-[#85])(-[#7]2:[#6](-[#85]):[#7]:[#6]3:[#6](-[#7](-[#85])-[#85]):[#7]:[#6](-[#85]):[#7]:[#6]:2:3)-[#6@](-[#85])(-[#8]-[#85])-[#6@]-1(-[#85])-[#8]-[#85]>>[#85:41]-[#6:1](-[#85:42])(-[#85:43])-[#6]1:[#6](-[#6](-[#85])(-[#85])-[#6](=[#8])-[#8]-[#85]):[#6]2:[#6](:[#7]:1-[#85]):[#6](-[#85]):[#6](-[#85]):[#6](-[#85]):[#6]:2-[#85],EVODEX-P10459
EVODEX-N3515,[#6:1]-[#16&+:2](-[#6:3])-[#6:10]>>[#6:1]-[#8]-[#6](=[#8])-[#6](-[#85])(-[#85])-[#6]1:[#6](-[#85]):[#7](-[#85]):[#6]2:[#6](-[#85]):[#6](-[#85]):[#6](-[#85]):[#6](-[#85]):[#6]:1:2.[#6:3]-[#16:2]-[#6:10],EVODEX-P10462
EVODEX-N3516,[#85:41]-[#6:1](-[#85:42])(-[#85:43])-[#16&+](-[#6](-[#85])(-[#85])-[#6](-[#85])(-[#85])-[#6@](-[#85])(-[#7](-[#85])-[#85])-[#6](=[#8])-[#8]-[#85])-[#6](-[#85])(-[#85])-[#6@@]1(-[#85])-[#8]-[#6@@](-[#85])(-[#7]2:[#6](-[#85]):[#7]:[#6]3:[#6](-[#7](-[#85])-[#85]):[#7]:[#6](-[#85]):[#7]:[#6]:2:3)-[#6@](-[#85])(-[#8]-[#85])-[#6@]-1(-[#85])-[#8]-[#85]>>[#85:41]-[#6:1](-[#85:42])(-[#85:43])-[#8]-[#6](=[#8])-[#6](-[#85])(-[#85])-[#6]1:[#6](-[#85]):[#7](-[#85]):[#6]2:[#6](-[#85]):[#6](-[#85]):[#6](-[#85]):[#6](-[#85]):[#6]:1:2,EVODEX-P10464
EVODEX-N3517,[#6:11]-[#16&+:12](-[#6:13])-[#6:20]>>[#85]-[#6](-[#85])(-[#85])/[#6](-[#85])=[#6](\[#85])-[#6]1:[#6](-[#85]):[#6](-[#85]):[#6](-[#8]-[#6:11]):[#6](-[#85]):[#6]:1-[#85].[#6:13]-[#16:12]-[#6:20],EVODEX-P10467
EVODEX-N3518,[#85:38]-[#6:11](-[#85:39])(-[#85:40])-[#16&+](-[#6](-[#85])(-[#85])-[#6](-[#85])(-[#85])-[#6@](-[#85])(-[#7](-[#85])-[#85])-[#6](=[#8])-[#8]-[#85])-[#6](-[#85])(-[#85])-[#6@@]1(-[#85])-[#8]-[#6@@](-[#85])(-[#7]2:[#6](-[#85]):[#7]:[#6]3:[#6](-[#7](-[#85])-[#85]):[#7]:[#6](-[#85]):[#7]:[#6]:2:3)-[#6@](-[#85])(-[#8]-[#85])-[#6@]-1(-[#85])-[#8]-[#85]>>[#85]-[#6](-[#85])(-[#85])/[#6](-[#85])=[#6](\[#85])-[#6]1:[#6](-[#85]):[#6](-[#85]):[#6](-[#8]-[#6:11](-[#85:38])(-[#85:39])-[#85:40]):[#6](-[#85]):[#6]:1-[#85],EVODEX-P10469
EVODEX-N3519,[#85:18]-[#6:1](-[#85:19])(-[#85:20])-[#16&+:2](-[#6:3])-[#6:4].[#6:13]-[#34:14]-[#85]>>[#85:18]-[#6:1](-[#85:19])(-[#85:20])-[#34:14]-[#6:13].[#6:3]-[#16:2]-[#6:4],EVODEX-P10471
EVODEX-N3520,[#6:1]-[#16&+:2](-[#6:3])-[#6:4]>>[#6:1]-[#34]-[#6](-[#85])(-[#85])-[#6@](-[#85])(-[#7](-[#85])-[#85])-[#6](=[#8])-[#8]-[#85].[#6:3]-[#16:2]-[#6:4],EVODEX-P10472
EVODEX-N3521,[#85:18]-[#6:1](-[#85:19])(-[#85:20])-[#16&+](-[#6](-[#85])(-[#85])-[#85])-[#6](-[#85])(-[#85])-[#6](-[#85])(-[#85])-[#6@](-[#85])(-[#7](-[#85])-[#85])-[#6](=[#8])-[#8]-[#85].[#6:13]-[#34:14]-[#85]>>[#85:18]-[#6:1](-[#85:19])(-[#85:20])-[#34:14]-[#6:13],EVODEX-P10473
EVODEX-N3522,[#85:18]-[#6:1](-[#85:19])(-[#85:20])-[#16&+](-[#6](-[#85])(-[#85])-[#85])-[#6](-[#85])(-[#85])-[#6](-[#85])(-[#85])-[#6@](-[#85])(-[#7](-[#85])-[#85])-[#6](=[#8])-[#8]-[#85]>>[#85:18]-[#6:1](-[#85:19])(-[#85:20])-[#34]-[#6](-[#85])(-[#85])-[#6@](-[#85])(-[#7](-[#85])-[#85])-[#6](=[#8])-[#8]-[#85],EVODEX-P10474
EVODEX-N3523,[H][Se:14][C:13]>>[H]C([H])([H])[Se:14][C:13],EVODEX-P10475
EVODEX-N3524,[#6:1]-[#16&+:2](-[#6:3])-[#6:10]>>[#6:1]-[#6@](-[#85])(-[#6](-[#6](=[#8])-[#8]-[#85])=[#8])-[#6]1:[#6](-[#85]):[#6](-[#85]):[#6](-[#85]):[#6](-[#85]):[#6]:1-[#85].[#6:3]-[#16:2]-[#6:10],EVODEX-P10477
EVODEX-N3525,[#85:40]-[#6:1](-[#85:41])(-[#85:42])-[#16&+](-[#6](-[#85])(-[#85])-[#6](-[#85])(-[#85])-[#6@](-[#85])(-[#7](-[#85])-[#85])-[#6](=[#8])-[#8]-[#85])-[#6](-[#85])(-[#85])-[#6@@]1(-[#85])-[#8]-[#6@@](-[#85])(-[#7]2:[#6](-[#85]):[#7]:[#6]3:[#6](-[#7](-[#85])-[#85]):[#7]:[#6](-[#85]):[#7]:[#6]:2:3)-[#6@](-[#85])(-[#8]-[#85])-[#6@]-1(-[#85])-[#8]-[#85]>>[#85:40]-[#6:1](-[#85:41])(-[#85:42])-[#6@](-[#85])(-[#6](-[#6](=[#8])-[#8]-[#85])=[#8])-[#6]1:[#6](-[#85]):[#6](-[#85]):[#6](-[#85]):[#6](-[#85]):[#6]:1-[#85],EVODEX-P10479
EVODEX-N3526,[#6:8]-[#16&+:9](-[#6:10])-[#6:17]>>[#85]-[#6](-[#85])(-[#85])-[#6](-[#85])(-[#6](=[#8])-[#6](=[#8])-[#8]-[#85])-[#6:8].[#6:10]-[#16:9]-[#6:17],EVODEX-P10482
EVODEX-N3527,[#85:41]-[#6:8](-[#85:42])(-[#85:43])-[#16&+](-[#6](-[#85])(-[#85])-[#6](-[#85])(-[#85])-[#6@](-[#85])(-[#7](-[#85])-[#85])-[#6](=[#8])-[#8]-[#85])-[#6](-[#85])(-[#85])-[#6@@]1(-[#85])-[#8]-[#6@@](-[#85])(-[#7]2:[#6](-[#85]):[#7]:[#6]3:[#6](-[#7](-[#85])-[#85]):[#7]:[#6](-[#85]):[#7]:[#6]:2:3)-[#6@](-[#85])(-[#8]-[#85])-[#6@]-1(-[#85])-[#8]-[#85]>>[#85]-[#6](-[#85])(-[#85])-[#6](-[#85])(-[#6](=[#8])-[#6](=[#8])-[#8]-[#85])-[#6:8](-[#85:41])(-[#85:42])-[#85:43],EVODEX-P10485
EVODEX-N3528,[#6:1]-[#16&+:2](-[#6:3])-[#6:10]>>[#6:1]-[#8]-[#6]1:[#6](-[#85]):[#6](-[#8]-[#85]):[#6](-[#85]):[#6]2:[#6]:1-[#6](=[#8])-[#6]1:[#6](-[#8]-[#85]):[#6](-[#85]):[#6](-[#6](-[#85])(-[#85])-[#85]):[#6](-[#85]):[#6]:1-[#6]-2=[#8].[#6:3]-[#16:2]-[#6:10],EVODEX-P10487
EVODEX-N3529,[#85:48]-[#6:1](-[#85:49])(-[#85:50])-[#16&+](-[#6](-[#85])(-[#85])-[#6](-[#85])(-[#85])-[#6@](-[#85])(-[#7](-[#85])-[#85])-[#6](=[#8])-[#8]-[#85])-[#6](-[#85])(-[#85])-[#6@@]1(-[#85])-[#8]-[#6@@](-[#85])(-[#7]2:[#6](-[#85]):[#7]:[#6]3:[#6](-[#7](-[#85])-[#85]):[#7]:[#6](-[#85]):[#7]:[#6]:2:3)-[#6@](-[#85])(-[#8]-[#85])-[#6@]-1(-[#85])-[#8]-[#85]>>[#85:48]-[#6:1](-[#85:49])(-[#85:50])-[#8]-[#6]1:[#6](-[#85]):[#6](-[#8]-[#85]):[#6](-[#85]):[#6]2:[#6]:1-[#6](=[#8])-[#6]1:[#6](-[#8]-[#85]):[#6](-[#85]):[#6](-[#6](-[#85])(-[#85])-[#85]):[#6](-[#85]):[#6]:1-[#6]-2=[#8],EVODEX-P10489
EVODEX-N3530,[#6:1]-[#16&+:2](-[#6:3])-[#6:10]>>[#6:1]-[#8]-[#6]1:[#6](=[#8]):[#6]2:[#6](:[#8]:[#6]:1-[#6]1:[#6](-[#85]):[#6](-[#85]):[#6](-[#85]):[#6](-[#85]):[#6]:1-[#85]):[#6](-[#85]):[#6](-[#85]):[#6](-[#85]):[#6]:2-[#85].[#6:3]-[#16:2]-[#6:10],EVODEX-P10492
EVODEX-N3531,[#85:46]-[#6:1](-[#85:47])(-[#85:48])-[#16&+](-[#6](-[#85])(-[#85])-[#6](-[#85])(-[#85])-[#6@](-[#85])(-[#7](-[#85])-[#85])-[#6](=[#8])-[#8]-[#85])-[#6](-[#85])(-[#85])-[#6@@]1(-[#85])-[#8]-[#6@@](-[#85])(-[#7]2:[#6](-[#85]):[#7]:[#6]3:[#6](-[#7](-[#85])-[#85]):[#7]:[#6](-[#85]):[#7]:[#6]:2:3)-[#6@](-[#85])(-[#8]-[#85])-[#6@]-1(-[#85])-[#8]-[#85]>>[#85:46]-[#6:1](-[#85:47])(-[#85:48])-[#8]-[#6]1:[#6](=[#8]):[#6]2:[#6](:[#8]:[#6]:1-[#6]1:[#6](-[#85]):[#6](-[#85]):[#6](-[#85]):[#6](-[#85]):[#6]:1-[#85]):[#6](-[#85]):[#6](-[#85]):[#6](-[#85]):[#6]:2-[#85],EVODEX-P10494
EVODEX-N3532,[#6:29]-[#16&+:30](-[#6:31])-[#6:38]>>[#85]-[#6](-[#85])(-[#85])-[#6](-[#6](-[#85])(-[#85])-[#85])=[#6](-[#85])-[#6](-[#85])(-[#85])-[#6]1:[#6](-[#85]):[#6](-[#6](=[#8])-[#7](-[#85])-[#6]2:[#6](-[#8]-[#85]):[#8]:[#6]3:[#6](-[#6:29]):[#6](-[#8]-[#85]):[#6](-[#85]):[#6](-[#85]):[#6]:3:[#6]:2=[#8]):[#6](-[#85]):[#6](-[#85]):[#6]:1-[#8]-[#85].[#6:31]-[#16:30]-[#6:38],EVODEX-P10497
EVODEX-N3533,[#85:75]-[#6:29](-[#85:76])(-[#85:77])-[#16&+](-[#6](-[#85])(-[#85])-[#6](-[#85])(-[#85])-[#6@](-[#85])(-[#7](-[#85])-[#85])-[#6](=[#8])-[#8]-[#85])-[#6](-[#85])(-[#85])-[#6@@]1(-[#85])-[#8]-[#6@@](-[#85])(-[#7]2:[#6](-[#85]):[#7]:[#6]3:[#6](-[#7](-[#85])-[#85]):[#7]:[#6](-[#85]):[#7]:[#6]:2:3)-[#6@](-[#85])(-[#8]-[#85])-[#6@]-1(-[#85])-[#8]-[#85]>>[#85]-[#6](-[#85])(-[#85])-[#6](-[#6](-[#85])(-[#85])-[#85])=[#6](-[#85])-[#6](-[#85])(-[#85])-[#6]1:[#6](-[#85]):[#6](-[#6](=[#8])-[#7](-[#85])-[#6]2:[#6](-[#8]-[#85]):[#8]:[#6]3:[#6](-[#6:29](-[#85:75])(-[#85:76])-[#85:77]):[#6](-[#8]-[#85]):[#6](-[#85]):[#6](-[#85]):[#6]:3:[#6]:2=[#8]):[#6](-[#85]):[#6](-[#85]):[#6]:1-[#8]-[#85],EVODEX-P10500
EVODEX-N3534,[#6:41]-[#16&+:42](-[#6:43])-[#6:50]>>[#85]-[#6](-[#85])(-[#85])-[#6](-[#6](-[#85])(-[#85])-[#85])=[#6](-[#85])-[#6](-[#85])(-[#85])-[#6]1:[#6](-[#85]):[#6](-[#6](=[#8])-[#7](-[#85])-[#6]2:[#6](-[#8]-[#85]):[#6]3:[#6](-[#85]):[#6](-[#85]):[#6](-[#8]-[#6@]4(-[#85])-[#8]-[#6](-[#6](-[#85])(-[#85])-[#85])(-[#6](-[#85])(-[#85])-[#85])-[#6@](-[#85])(-[#8]-[#6:41])-[#6@@](-[#85])(-[#8]-[#85])-[#6@@]-4(-[#85])-[#8]-[#85]):[#6](-[#6](-[#85])(-[#85])-[#85]):[#6]:3:[#8]:[#6]:2=[#8]):[#6](-[#85]):[#6](-[#85]):[#6]:1-[#8]-[#85].[#6:43]-[#16:42]-[#6:50],EVODEX-P10502
EVODEX-N3535,[#85:101]-[#6:41](-[#85:102])(-[#85:103])-[#16&+](-[#6](-[#85])(-[#85])-[#6](-[#85])(-[#85])-[#6@](-[#85])(-[#7](-[#85])-[#85])-[#6](=[#8])-[#8]-[#85])-[#6](-[#85])(-[#85])-[#6@@]1(-[#85])-[#8]-[#6@@](-[#85])(-[#7]2:[#6](-[#85]):[#7]:[#6]3:[#6](-[#7](-[#85])-[#85]):[#7]:[#6](-[#85]):[#7]:[#6]:2:3)-[#6@](-[#85])(-[#8]-[#85])-[#6@]-1(-[#85])-[#8]-[#85]>>[#85]-[#6](-[#85])(-[#85])-[#6](-[#6](-[#85])(-[#85])-[#85])=[#6](-[#85])-[#6](-[#85])(-[#85])-[#6]1:[#6](-[#85]):[#6](-[#6](=[#8])-[#7](-[#85])-[#6]2:[#6](-[#8]-[#85]):[#6]3:[#6](-[#85]):[#6](-[#85]):[#6](-[#8]-[#6@]4(-[#85])-[#8]-[#6](-[#6](-[#85])(-[#85])-[#85])(-[#6](-[#85])(-[#85])-[#85])-[#6@](-[#85])(-[#8]-[#6:41](-[#85:101])(-[#85:102])-[#85:103])-[#6@@](-[#85])(-[#8]-[#85])-[#6@@]-4(-[#85])-[#8]-[#85]):[#6](-[#6](-[#85])(-[#85])-[#85]):[#6]:3:[#8]:[#6]:2=[#8]):[#6](-[#85]):[#6](-[#85]):[#6]:1-[#8]-[#85],EVODEX-P10505
EVODEX-N3536,[#6:30]-[#16&+:31](-[#6:32])-[#6:39]>>[#85]-[#6](-[#85])(-[#85])-[#6](-[#85])(-[#85])-[#6](=[#8])-[#6](-[#85])(-[#85])-[#6](=[#8])-[#6]1:[#6](-[#6](-[#85])(-[#85])-[#6](=[#8])-[#8]-[#6:30]):[#6](-[#85]):[#6]2:[#6](:[#6]:1-[#8]-[#85])-[#6](=[#8])-[#6]1:[#6](-[#8]-[#85]):[#6](-[#85]):[#6](-[#85]):[#6](-[#85]):[#6]:1-[#6]-2=[#8].[#6:32]-[#16:31]-[#6:39],EVODEX-P10507
EVODEX-N3537,[#85:73]-[#6:30](-[#85:74])(-[#85:75])-[#16&+](-[#6](-[#85])(-[#85])-[#6](-[#85])(-[#85])-[#6@](-[#85])(-[#7](-[#85])-[#85])-[#6](=[#8])-[#8]-[#85])-[#6](-[#85])(-[#85])-[#6@@]1(-[#85])-[#8]-[#6@@](-[#85])(-[#7]2:[#6](-[#85]):[#7]:[#6]3:[#6](-[#7](-[#85])-[#85]):[#7]:[#6](-[#85]):[#7]:[#6]:2:3)-[#6@](-[#85])(-[#8]-[#85])-[#6@]-1(-[#85])-[#8]-[#85]>>[#85]-[#6](-[#85])(-[#85])-[#6](-[#85])(-[#85])-[#6](=[#8])-[#6](-[#85])(-[#85])-[#6](=[#8])-[#6]1:[#6](-[#6](-[#85])(-[#85])-[#6](=[#8])-[#8]-[#6:30](-[#85:73])(-[#85:74])-[#85:75]):[#6](-[#85]):[#6]2:[#6](:[#6]:1-[#8]-[#85])-[#6](=[#8])-[#6]1:[#6](-[#8]-[#85]):[#6](-[#85]):[#6](-[#85]):[#6](-[#85]):[#6]:1-[#6]-2=[#8],EVODEX-P10510
EVODEX-N3538,[#6:30]-[#16&+:31](-[#6:32])-[#6:39]>>[#85]-[#6](-[#85])(-[#85])-[#6](-[#85])(-[#85])-[#6](=[#8])/[#6](-[#85])=[#6](\[#8]-[#85])-[#6]1:[#6](-[#6](-[#85])(-[#85])-[#6](=[#8])-[#8]-[#6:30]):[#6](-[#85]):[#6]2:[#6](:[#6]:1-[#8]-[#85])-[#6](=[#8])-[#6]1:[#6](-[#8]-[#85]):[#6](-[#85]):[#6](-[#85]):[#6](-[#85]):[#6]:1-[#6]-2=[#8].[#6:32]-[#16:31]-[#6:39],EVODEX-P10512
EVODEX-N3539,[#85:73]-[#6:30](-[#85:74])(-[#85:75])-[#16&+](-[#6](-[#85])(-[#85])-[#6](-[#85])(-[#85])-[#6@](-[#85])(-[#7](-[#85])-[#85])-[#6](=[#8])-[#8]-[#85])-[#6](-[#85])(-[#85])-[#6@@]1(-[#85])-[#8]-[#6@@](-[#85])(-[#7]2:[#6](-[#85]):[#7]:[#6]3:[#6](-[#7](-[#85])-[#85]):[#7]:[#6](-[#85]):[#7]:[#6]:2:3)-[#6@](-[#85])(-[#8]-[#85])-[#6@]-1(-[#85])-[#8]-[#85]>>[#85]-[#6](-[#85])(-[#85])-[#6](-[#85])(-[#85])-[#6](=[#8])/[#6](-[#85])=[#6](\[#8]-[#85])-[#6]1:[#6](-[#6](-[#85])(-[#85])-[#6](=[#8])-[#8]-[#6:30](-[#85:73])(-[#85:74])-[#85:75]):[#6](-[#85]):[#6]2:[#6](:[#6]:1-[#8]-[#85])-[#6](=[#8])-[#6]1:[#6](-[#8]-[#85]):[#6](-[#85]):[#6](-[#85]):[#6](-[#85]):[#6]:1-[#6]-2=[#8],EVODEX-P10515
EVODEX-N3540,[#6:25]-[#16&+:26](-[#6:27])-[#6:34]>>[#85]-[#6](-[#85])(-[#85])-[#8]-[#6]1:[#6](-[#85]):[#6](-[#85]):[#6](-[#6](-[#85])(-[#85])-[#6@]2(-[#85])-[#6]3:[#6](-[#85]):[#6](-[#8]-[#6:25]):[#6](-[#8]-[#6](-[#85])(-[#85])-[#85]):[#6](-[#85]):[#6]:3-[#6](-[#85])(-[#85])-[#6](-[#85])(-[#85])-[#7]-2-[#6](-[#85])(-[#85])-[#85]):[#6](-[#85]):[#6]:1-[#8]-[#85].[#6:27]-[#16:26]-[#6:34],EVODEX-P10517
EVODEX-N3541,[#85:75]-[#6:25](-[#85:76])(-[#85:77])-[#16&+](-[#6](-[#85])(-[#85])-[#6](-[#85])(-[#85])-[#6@](-[#85])(-[#7](-[#85])-[#85])-[#6](=[#8])-[#8]-[#85])-[#6](-[#85])(-[#85])-[#6@@]1(-[#85])-[#8]-[#6@@](-[#85])(-[#7]2:[#6](-[#85]):[#7]:[#6]3:[#6](-[#7](-[#85])-[#85]):[#7]:[#6](-[#85]):[#7]:[#6]:2:3)-[#6@](-[#85])(-[#8]-[#85])-[#6@]-1(-[#85])-[#8]-[#85]>>[#85]-[#6](-[#85])(-[#85])-[#8]-[#6]1:[#6](-[#85]):[#6](-[#85]):[#6](-[#6](-[#85])(-[#85])-[#6@]2(-[#85])-[#6]3:[#6](-[#85]):[#6](-[#8]-[#6:25](-[#85:75])(-[#85:76])-[#85:77]):[#6](-[#8]-[#6](-[#85])(-[#85])-[#85]):[#6](-[#85]):[#6]:3-[#6](-[#85])(-[#85])-[#6](-[#85])(-[#85])-[#7]-2-[#6](-[#85])(-[#85])-[#85]):[#6](-[#85]):[#6]:1-[#8]-[#85],EVODEX-P10520
EVODEX-N3542,[#6:38]-[#16&+:39](-[#6:40])-[#6:47]>>[#85]-[#6](-[#85])(-[#85])-[#6](-[#85])(-[#8]-[#85])-[#6@]1(-[#8]-[#85])-[#6](-[#85])(-[#85])-[#6]2:[#6](-[#8]-[#85]):[#6]3:[#6](:[#6](-[#8]-[#85]):[#6]:2-[#6@@](-[#85])(-[#8]-[#6@@]2(-[#85])-[#6](-[#85])(-[#85])-[#6@](-[#85])(-[#7](-[#85])-[#85])-[#6@](-[#85])(-[#8]-[#85])-[#6@](-[#85])(-[#6](-[#85])(-[#85])-[#85])-[#8]-2)-[#6]-1(-[#85])-[#85])-[#6](=[#8])-[#6]1:[#6](-[#8]-[#6:38]):[#6](-[#85]):[#6](-[#85]):[#6](-[#85]):[#6]:1-[#6]-3=[#8].[#6:40]-[#16:39]-[#6:47],EVODEX-P10522
EVODEX-N3543,[#85:94]-[#6:38](-[#85:95])(-[#85:96])-[#16&+](-[#6](-[#85])(-[#85])-[#6](-[#85])(-[#85])-[#6@](-[#85])(-[#7](-[#85])-[#85])-[#6](=[#8])-[#8]-[#85])-[#6](-[#85])(-[#85])-[#6@@]1(-[#85])-[#8]-[#6@@](-[#85])(-[#7]2:[#6](-[#85]):[#7]:[#6]3:[#6](-[#7](-[#85])-[#85]):[#7]:[#6](-[#85]):[#7]:[#6]:2:3)-[#6@](-[#85])(-[#8]-[#85])-[#6@]-1(-[#85])-[#8]-[#85]>>[#85]-[#6](-[#85])(-[#85])-[#6](-[#85])(-[#8]-[#85])-[#6@]1(-[#8]-[#85])-[#6](-[#85])(-[#85])-[#6]2:[#6](-[#8]-[#85]):[#6]3:[#6](:[#6](-[#8]-[#85]):[#6]:2-[#6@@](-[#85])(-[#8]-[#6@@]2(-[#85])-[#6](-[#85])(-[#85])-[#6@](-[#85])(-[#7](-[#85])-[#85])-[#6@](-[#85])(-[#8]-[#85])-[#6@](-[#85])(-[#6](-[#85])(-[#85])-[#85])-[#8]-2)-[#6]-1(-[#85])-[#85])-[#6](=[#8])-[#6]1:[#6](-[#8]-[#6:38](-[#85:94])(-[#85:95])-[#85:96]):[#6](-[#85]):[#6](-[#85]):[#6](-[#85]):[#6]:1-[#6]-3=[#8],EVODEX-P10525
EVODEX-N3544,[#6:38]-[#16&+:39](-[#6:40])-[#6:47]>>[#85]-[#6](-[#85])(-[#85])-[#6](=[#8])-[#6@]1(-[#8]-[#85])-[#6](-[#85])(-[#85])-[#6]2:[#6](-[#8]-[#85]):[#6]3:[#6](:[#6](-[#8]-[#85]):[#6]:2-[#6@@](-[#85])(-[#8]-[#6@@]2(-[#85])-[#6](-[#85])(-[#85])-[#6@](-[#85])(-[#7](-[#85])-[#85])-[#6@](-[#85])(-[#8]-[#85])-[#6@](-[#85])(-[#6](-[#85])(-[#85])-[#85])-[#8]-2)-[#6]-1(-[#85])-[#85])-[#6](=[#8])-[#6]1:[#6](-[#8]-[#6:38]):[#6](-[#85]):[#6](-[#85]):[#6](-[#85]):[#6]:1-[#6]-3=[#8].[#6:40]-[#16:39]-[#6:47],EVODEX-P10527
EVODEX-N3545,[#85:92]-[#6:38](-[#85:93])(-[#85:94])-[#16&+](-[#6](-[#85])(-[#85])-[#6](-[#85])(-[#85])-[#6@](-[#85])(-[#7](-[#85])-[#85])-[#6](=[#8])-[#8]-[#85])-[#6](-[#85])(-[#85])-[#6@@]1(-[#85])-[#8]-[#6@@](-[#85])(-[#7]2:[#6](-[#85]):[#7]:[#6]3:[#6](-[#7](-[#85])-[#85]):[#7]:[#6](-[#85]):[#7]:[#6]:2:3)-[#6@](-[#85])(-[#8]-[#85])-[#6@]-1(-[#85])-[#8]-[#85]>>[#85]-[#6](-[#85])(-[#85])-[#6](=[#8])-[#6@]1(-[#8]-[#85])-[#6](-[#85])(-[#85])-[#6]2:[#6](-[#8]-[#85]):[#6]3:[#6](:[#6](-[#8]-[#85]):[#6]:2-[#6@@](-[#85])(-[#8]-[#6@@]2(-[#85])-[#6](-[#85])(-[#85])-[#6@](-[#85])(-[#7](-[#85])-[#85])-[#6@](-[#85])(-[#8]-[#85])-[#6@](-[#85])(-[#6](-[#85])(-[#85])-[#85])-[#8]-2)-[#6]-1(-[#85])-[#85])-[#6](=[#8])-[#6]1:[#6](-[#8]-[#6:38](-[#85:92])(-[#85:93])-[#85:94]):[#6](-[#85]):[#6](-[#85]):[#6](-[#85]):[#6]:1-[#6]-3=[#8],EVODEX-P10530
EVODEX-N3546,[#6:28]-[#16&+:29](-[#6:30])-[#6:37]>>[#85]-[#6](-[#85])(-[#85])-[#6](-[#6](-[#85])(-[#85])-[#85])=[#6](-[#85])-[#6](-[#85])(-[#85])-[#6]1:[#7](-[#85]):[#6]2:[#6](-[#85]):[#6](-[#8]-[#6:28]):[#6](-[#85]):[#6](-[#85]):[#6]:2:[#6]:1-[#6](-[#85])(-[#85])-[#6@]1(-[#85])-[#7](-[#85])-[#6](=[#8])-[#6@]2(-[#85])-[#6](-[#85])(-[#85])-[#6](-[#85])(-[#85])-[#6](-[#85])(-[#85])-[#7]-2-[#6]-1=[#8].[#6:30]-[#16:29]-[#6:37],EVODEX-P10532
EVODEX-N3547,[#85:80]-[#6:28](-[#85:81])(-[#85:82])-[#16&+](-[#6](-[#85])(-[#85])-[#6](-[#85])(-[#85])-[#6@](-[#85])(-[#7](-[#85])-[#85])-[#6](=[#8])-[#8]-[#85])-[#6](-[#85])(-[#85])-[#6@@]1(-[#85])-[#8]-[#6@@](-[#85])(-[#7]2:[#6](-[#85]):[#7]:[#6]3:[#6](-[#7](-[#85])-[#85]):[#7]:[#6](-[#85]):[#7]:[#6]:2:3)-[#6@](-[#85])(-[#8]-[#85])-[#6@]-1(-[#85])-[#8]-[#85]>>[#85]-[#6](-[#85])(-[#85])-[#6](-[#6](-[#85])(-[#85])-[#85])=[#6](-[#85])-[#6](-[#85])(-[#85])-[#6]1:[#7](-[#85]):[#6]2:[#6](-[#85]):[#6](-[#8]-[#6:28](-[#85:80])(-[#85:81])-[#85:82]):[#6](-[#85]):[#6](-[#85]):[#6]:2:[#6]:1-[#6](-[#85])(-[#85])-[#6@]1(-[#85])-[#7](-[#85])-[#6](=[#8])-[#6@]2(-[#85])-[#6](-[#85])(-[#85])-[#6](-[#85])(-[#85])-[#6](-[#85])(-[#85])-[#7]-2-[#6]-1=[#8],EVODEX-P10535
EVODEX-N3548,[#6:55]-[#16&+:56](-[#6:57])-[#6:64]>>[#85]-[#6](-[#85])(-[#85])-[#6](-[#6](-[#85])(-[#85])-[#85])=[#6](-[#85])-[#6](-[#85])(-[#85])-[#6](-[#85])(-[#85])/[#6](-[#6](-[#85])(-[#85])-[#85])=[#6](\[#85])-[#6](-[#85])(-[#85])-[#6](-[#85])(-[#85])/[#6](-[#6](-[#85])(-[#85])-[#85])=[#6](\[#85])-[#6](-[#85])(-[#85])-[#6](-[#85])(-[#85])/[#6](-[#6](-[#85])(-[#85])-[#85])=[#6](\[#85])-[#6](-[#85])(-[#85])-[#6](-[#85])(-[#85])/[#6](-[#6](-[#85])(-[#85])-[#85])=[#6](\[#85])-[#6](-[#85])(-[#85])-[#6](-[#85])(-[#85])/[#6](-[#6](-[#85])(-[#85])-[#85])=[#6](\[#85])-[#6](-[#85])(-[#85])-[#6](-[#85])(-[#85])/[#6](-[#6](-[#85])(-[#85])-[#85])=[#6](\[#85])-[#6](-[#85])(-[#85])-[#6](-[#85])(-[#85])/[#6](-[#6](-[#85])(-[#85])-[#85])=[#6](\[#85])-[#6](-[#85])(-[#85])-[#6](-[#85])(-[#85])/[#6](-[#6](-[#85])(-[#85])-[#85])=[#6](\[#85])-[#6](-[#85])(-[#85])-[#6]1:[#6](-[#85]):[#6](-[#8]-[#85]):[#6](-[#6:55]):[#6](-[#6](-[#85])(-[#85])-[#85]):[#6]:1-[#8]-[#85].[#6:57]-[#16:56]-[#6:64],EVODEX-P10537
EVODEX-N3549,[#85:162]-[#6:55](-[#85:163])(-[#85:164])-[#16&+](-[#6](-[#85])(-[#85])-[#6](-[#85])(-[#85])-[#6@](-[#85])(-[#7](-[#85])-[#85])-[#6](=[#8])-[#8]-[#85])-[#6](-[#85])(-[#85])-[#6@@]1(-[#85])-[#8]-[#6@@](-[#85])(-[#7]2:[#6](-[#85]):[#7]:[#6]3:[#6](-[#7](-[#85])-[#85]):[#7]:[#6](-[#85]):[#7]:[#6]:2:3)-[#6@](-[#85])(-[#8]-[#85])-[#6@]-1(-[#85])-[#8]-[#85]>>[#85]-[#6](-[#85])(-[#85])-[#6](-[#6](-[#85])(-[#85])-[#85])=[#6](-[#85])-[#6](-[#85])(-[#85])-[#6](-[#85])(-[#85])/[#6](-[#6](-[#85])(-[#85])-[#85])=[#6](\[#85])-[#6](-[#85])(-[#85])-[#6](-[#85])(-[#85])/[#6](-[#6](-[#85])(-[#85])-[#85])=[#6](\[#85])-[#6](-[#85])(-[#85])-[#6](-[#85])(-[#85])/[#6](-[#6](-[#85])(-[#85])-[#85])=[#6](\[#85])-[#6](-[#85])(-[#85])-[#6](-[#85])(-[#85])/[#6](-[#6](-[#85])(-[#85])-[#85])=[#6](\[#85])-[#6](-[#85])(-[#85])-[#6](-[#85])(-[#85])/[#6](-[#6](-[#85])(-[#85])-[#85])=[#6](\[#85])-[#6](-[#85])(-[#85])-[#6](-[#85])(-[#85])/[#6](-[#6](-[#85])(-[#85])-[#85])=[#6](\[#85])-[#6](-[#85])(-[#85])-[#6](-[#85])(-[#85])/[#6](-[#6](-[#85])(-[#85])-[#85])=[#6](\[#85])-[#6](-[#85])(-[#85])-[#6](-[#85])(-[#85])/[#6](-[#6](-[#85])(-[#85])-[#85])=[#6](\[#85])-[#6](-[#85])(-[#85])-[#6]1:[#6](-[#85]):[#6](-[#8]-[#85]):[#6](-[#6:55](-[#85:162])(-[#85:163])-[#85:164]):[#6](-[#6](-[#85])(-[#85])-[#85]):[#6]:1-[#8]-[#85],EVODEX-P10540
EVODEX-N3550,[#6:30]-[#16&+:31](-[#6:32])-[#6:39]>>[#85]-[#6](-[#85])(-[#85])/[#6](=[#6](/[#85])-[#6](-[#85])(-[#85])-[#6]1:[#6](-[#85]):[#6](-[#8]-[#85]):[#6](-[#6:30]):[#6](-[#6](-[#85])(-[#85])-[#85]):[#6]:1-[#8]-[#85])-[#6](-[#85])(-[#85])-[#6](-[#85])(-[#85])-[#6](-[#85])(-[#85])-[#6@](-[#85])(-[#6](-[#85])(-[#85])-[#85])-[#6](-[#85])(-[#85])-[#6](-[#85])(-[#85])-[#6](-[#85])(-[#85])-[#6@](-[#85])(-[#6](-[#85])(-[#85])-[#85])-[#6](-[#85])(-[#85])-[#6](-[#85])(-[#85])-[#6](-[#85])(-[#85])-[#6](-[#85])(-[#6](-[#85])(-[#85])-[#85])-[#6](-[#85])(-[#85])-[#85].[#6:32]-[#16:31]-[#6:39],EVODEX-P10542
EVODEX-N3551,[#85:103]-[#6:30](-[#85:104])(-[#85:105])-[#16&+](-[#6](-[#85])(-[#85])-[#6](-[#85])(-[#85])-[#6@](-[#85])(-[#7](-[#85])-[#85])-[#6](=[#8])-[#8]-[#85])-[#6](-[#85])(-[#85])-[#6@@]1(-[#85])-[#8]-[#6@@](-[#85])(-[#7]2:[#6](-[#85]):[#7]:[#6]3:[#6](-[#7](-[#85])-[#85]):[#7]:[#6](-[#85]):[#7]:[#6]:2:3)-[#6@](-[#85])(-[#8]-[#85])-[#6@]-1(-[#85])-[#8]-[#85]>>[#85]-[#6](-[#85])(-[#85])/[#6](=[#6](/[#85])-[#6](-[#85])(-[#85])-[#6]1:[#6](-[#85]):[#6](-[#8]-[#85]):[#6](-[#6:30](-[#85:103])(-[#85:104])-[#85:105]):[#6](-[#6](-[#85])(-[#85])-[#85]):[#6]:1-[#8]-[#85])-[#6](-[#85])(-[#85])-[#6](-[#85])(-[#85])-[#6](-[#85])(-[#85])-[#6@](-[#85])(-[#6](-[#85])(-[#85])-[#85])-[#6](-[#85])(-[#85])-[#6](-[#85])(-[#85])-[#6](-[#85])(-[#85])-[#6@](-[#85])(-[#6](-[#85])(-[#85])-[#85])-[#6](-[#85])(-[#85])-[#6](-[#85])(-[#85])-[#6](-[#85])(-[#85])-[#6](-[#85])(-[#6](-[#85])(-[#85])-[#85])-[#6](-[#85])(-[#85])-[#85],EVODEX-P10545
EVODEX-N3552,[#6:26]-[#16&+:27](-[#6:28])-[#6:35]>>[#85]-[#6](-[#85])(-[#85])-[#8]-[#6]1:[#6](-[#85]):[#6](-[#85]):[#6](-[#6](-[#85])(-[#85])-[#6@]2(-[#85])-[#7](-[#6:26])-[#6](-[#85])(-[#85])-[#6](-[#85])(-[#85])-[#6]3:[#6](-[#85]):[#6](-[#8]-[#6](-[#85])(-[#85])-[#85]):[#6](-[#8]-[#6](-[#85])(-[#85])-[#85]):[#6](-[#85]):[#6]:3-2):[#6](-[#85]):[#6]:1-[#8]-[#6](-[#85])(-[#85])-[#85].[#6:28]-[#16:27]-[#6:35],EVODEX-P10547
EVODEX-N3553,[#85:78]-[#6:26](-[#85:79])(-[#85:80])-[#16&+](-[#6](-[#85])(-[#85])-[#6](-[#85])(-[#85])-[#6@](-[#85])(-[#7](-[#85])-[#85])-[#6](=[#8])-[#8]-[#85])-[#6](-[#85])(-[#85])-[#6@@]1(-[#85])-[#8]-[#6@@](-[#85])(-[#7]2:[#6](-[#85]):[#7]:[#6]3:[#6](-[#7](-[#85])-[#85]):[#7]:[#6](-[#85]):[#7]:[#6]:2:3)-[#6@](-[#85])(-[#8]-[#85])-[#6@]-1(-[#85])-[#8]-[#85]>>[#85]-[#6](-[#85])(-[#85])-[#8]-[#6]1:[#6](-[#85]):[#6](-[#85]):[#6](-[#6](-[#85])(-[#85])-[#6@]2(-[#85])-[#7](-[#6:26](-[#85:78])(-[#85:79])-[#85:80])-[#6](-[#85])(-[#85])-[#6](-[#85])(-[#85])-[#6]3:[#6](-[#85]):[#6](-[#8]-[#6](-[#85])(-[#85])-[#85]):[#6](-[#8]-[#6](-[#85])(-[#85])-[#85]):[#6](-[#85]):[#6]:3-2):[#6](-[#85]):[#6]:1-[#8]-[#6](-[#85])(-[#85])-[#85],EVODEX-P10550
EVODEX-N3554,[#6:26]-[#16&+:27](-[#6:28])-[#6:35]>>[#85]-[#6](-[#85])(-[#85])-[#8]-[#6]1:[#6](-[#85]):[#6]2:[#6](:[#6](-[#85]):[#6]:1-[#8]-[#6](-[#85])(-[#85])-[#85])-[#6]1(-[#85])-[#6](-[#85])(-[#85])-[#6]3:[#6](-[#85]):[#6](-[#8]-[#6](-[#85])(-[#85])-[#85]):[#6](-[#8]-[#6](-[#85])(-[#85])-[#85]):[#6](-[#85]):[#6]:3-[#6](-[#85])(-[#6]-2(-[#85])-[#85])-[#7]-1-[#6:26].[#6:28]-[#16:27]-[#6:35],EVODEX-P10552
EVODEX-N3555,[#85:76]-[#6:26](-[#85:77])(-[#85:78])-[#16&+](-[#6](-[#85])(-[#85])-[#6](-[#85])(-[#85])-[#6@](-[#85])(-[#7](-[#85])-[#85])-[#6](=[#8])-[#8]-[#85])-[#6](-[#85])(-[#85])-[#6@@]1(-[#85])-[#8]-[#6@@](-[#85])(-[#7]2:[#6](-[#85]):[#7]:[#6]3:[#6](-[#7](-[#85])-[#85]):[#7]:[#6](-[#85]):[#7]:[#6]:2:3)-[#6@](-[#85])(-[#8]-[#85])-[#6@]-1(-[#85])-[#8]-[#85]>>[#85]-[#6](-[#85])(-[#85])-[#8]-[#6]1:[#6](-[#85]):[#6]2:[#6](:[#6](-[#85]):[#6]:1-[#8]-[#6](-[#85])(-[#85])-[#85])-[#6]1(-[#85])-[#6](-[#85])(-[#85])-[#6]3:[#6](-[#85]):[#6](-[#8]-[#6](-[#85])(-[#85])-[#85]):[#6](-[#8]-[#6](-[#85])(-[#85])-[#85]):[#6](-[#85]):[#6]:3-[#6](-[#85])(-[#6]-2(-[#85])-[#85])-[#7]-1-[#6:26](-[#85:76])(-[#85:77])-[#85:78],EVODEX-P10555
EVODEX-N3556,[#6:155]-[#16&+:156](-[#6:157])-[#6:164]>>[#85]-[#6](-[#85])(-[#85])-[#6](-[#85])(-[#85])-[#6@](-[#85])(-[#6](-[#85])(-[#85])-[#85])-[#6@](-[#85])(-[#7](-[#85])-[#6](=[#8])-[#6@@](-[#85])(-[#7](-[#85])-[#6](=[#8])-[#6@](-[#85])(-[#6](-[#85])(-[#85])-[#6]1:[#6](-[#85]):[#6](-[#85]):[#6](-[#85]):[#6](-[#85]):[#6]:1-[#85])-[#7](-[#85])-[#6](=[#8])-[#6@](-[#85])(-[#6](-[#85])(-[#85])-[#6](-[#85])(-[#85])-[#6](-[#7](-[#85])-[#85])=[#8])-[#7](-[#85])-[#6](=[#8])-[#6@](-[#85])(-[#6](-[#85])(-[#85])-[#85])-[#7](-[#85])-[#6](=[#8])-[#6@@](-[#85])(-[#7](-[#85])-[#6](=[#8])-[#6@@](-[#85])(-[#7](-[#85])-[#6](=[#8])-[#6@]1(-[#85])-[#6](-[#85])(-[#85])-[#6](-[#85])(-[#85])-[#6](-[#85])(-[#85])-[#7]-1-[#6](=[#8])-[#6@@](-[#85])(-[#7](-[#85])-[#6](=[#8])-[#6@](-[#85])(-[#6](-[#85])(-[#85])-[#85])-[#7](-[#85])-[#6](=[#8])-[#6@]1(-[#85])-[#6](-[#85])(-[#85])-[#6](-[#85])(-[#85])-[#6](-[#85])(-[#85])-[#7]-1-[#6](=[#8])-[#6@@](-[#85])(-[#7](-[#85])-[#6](=[#8])-[#6@](-[#85])(-[#6](-[#85])(-[#85])-[#85])-[#7](-[#85])-[#6:155])-[#6@@](-[#85])(-[#6](-[#85])(-[#85])-[#85])-[#8]-[#85])-[#6@@](-[#85])(-[#6](-[#85])(-[#85])-[#85])-[#8]-[#85])-[#6@@](-[#85])(-[#6](-[#85])(-[#85])-[#85])-[#8]-[#85])-[#6](-[#85])(-[#6](-[#85])(-[#85])-[#85])-[#6](-[#85])(-[#85])-[#85])-[#6](-[#85])(-[#6](-[#85])(-[#85])-[#85])-[#6](-[#85])(-[#85])-[#85])-[#6](=[#8])-[#7](-[#85])-[#6@@](-[#85])(-[#6](-[#85])(-[#85])-[#6](-[#85])(-[#85])-[#6](-[#7](-[#85])-[#85])=[#8])-[#6](=[#8])-[#7](-[#85])-[#6](-[#85])(-[#85])-[#6](=[#8])-[#7](-[#85])-[#6@@](-[#85])(-[#6](-[#85])(-[#85])-[#8]-[#85])-[#6](=[#8])-[#7](-[#85])-[#6@](-[#85])(-[#6](=[#8])-[#7](-[#85])-[#6@](-[#85])(-[#6](=[#8])-[#7](-[#85])-[#6@@](-[#85])(-[#6](-[#85])(-[#85])-[#16]-[#85])-[#6](=[#8])-[#7](-[#85])-[#6@@](-[#85])(-[#6](-[#85])(-[#85])-[#6](-[#85])(-[#6](-[#85])(-[#85])-[#85])-[#6](-[#85])(-[#85])-[#85])-[#6](=[#8])-[#7](-[#85])-[#6@](-[#85])(-[#6](=[#8])-[#7](-[#85])-[#6@@](-[#85])(-[#6](-[#85])(-[#85])-[#16]-[#85])-[#6](=[#8])-[#8]-[#85])-[#6](-[#85])(-[#6](-[#85])(-[#85])-[#85])-[#6](-[#85])(-[#85])-[#85])-[#6@@](-[#85])(-[#6](-[#85])(-[#85])-[#85])-[#6](-[#85])(-[#85])-[#6](-[#85])(-[#85])-[#85])-[#6@@](-[#85])(-[#6](-[#85])(-[#85])-[#85])-[#8]-[#85].[#6:157]-[#16:156]-[#6:164],EVODEX-P10557
EVODEX-N3557,[#85:182]-[#6:155](-[#85:183])(-[#85:184])-[#16&+](-[#6](-[#85])(-[#85])-[#6](-[#85])(-[#85])-[#6@](-[#85])(-[#7](-[#85])-[#85])-[#6](=[#8])-[#8]-[#85])-[#6](-[#85])(-[#85])-[#6@@]1(-[#85])-[#8]-[#6@@](-[#85])(-[#7]2:[#6](-[#85]):[#7]:[#6]3:[#6](-[#7](-[#85])-[#85]):[#7]:[#6](-[#85]):[#7]:[#6]:2:3)-[#6@](-[#85])(-[#8]-[#85])-[#6@]-1(-[#85])-[#8]-[#85]>>[#85]-[#6](-[#85])(-[#85])-[#6](-[#85])(-[#85])-[#6@](-[#85])(-[#6](-[#85])(-[#85])-[#85])-[#6@](-[#85])(-[#7](-[#85])-[#6](=[#8])-[#6@@](-[#85])(-[#7](-[#85])-[#6](=[#8])-[#6@](-[#85])(-[#6](-[#85])(-[#85])-[#6]1:[#6](-[#85]):[#6](-[#85]):[#6](-[#85]):[#6](-[#85]):[#6]:1-[#85])-[#7](-[#85])-[#6](=[#8])-[#6@](-[#85])(-[#6](-[#85])(-[#85])-[#6](-[#85])(-[#85])-[#6](-[#7](-[#85])-[#85])=[#8])-[#7](-[#85])-[#6](=[#8])-[#6@](-[#85])(-[#6](-[#85])(-[#85])-[#85])-[#7](-[#85])-[#6](=[#8])-[#6@@](-[#85])(-[#7](-[#85])-[#6](=[#8])-[#6@@](-[#85])(-[#7](-[#85])-[#6](=[#8])-[#6@]1(-[#85])-[#6](-[#85])(-[#85])-[#6](-[#85])(-[#85])-[#6](-[#85])(-[#85])-[#7]-1-[#6](=[#8])-[#6@@](-[#85])(-[#7](-[#85])-[#6](=[#8])-[#6@](-[#85])(-[#6](-[#85])(-[#85])-[#85])-[#7](-[#85])-[#6](=[#8])-[#6@]1(-[#85])-[#6](-[#85])(-[#85])-[#6](-[#85])(-[#85])-[#6](-[#85])(-[#85])-[#7]-1-[#6](=[#8])-[#6@@](-[#85])(-[#7](-[#85])-[#6](=[#8])-[#6@](-[#85])(-[#6](-[#85])(-[#85])-[#85])-[#7](-[#85])-[#6:155](-[#85:182])(-[#85:183])-[#85:184])-[#6@@](-[#85])(-[#6](-[#85])(-[#85])-[#85])-[#8]-[#85])-[#6@@](-[#85])(-[#6](-[#85])(-[#85])-[#85])-[#8]-[#85])-[#6@@](-[#85])(-[#6](-[#85])(-[#85])-[#85])-[#8]-[#85])-[#6](-[#85])(-[#6](-[#85])(-[#85])-[#85])-[#6](-[#85])(-[#85])-[#85])-[#6](-[#85])(-[#6](-[#85])(-[#85])-[#85])-[#6](-[#85])(-[#85])-[#85])-[#6](=[#8])-[#7](-[#85])-[#6@@](-[#85])(-[#6](-[#85])(-[#85])-[#6](-[#85])(-[#85])-[#6](-[#7](-[#85])-[#85])=[#8])-[#6](=[#8])-[#7](-[#85])-[#6](-[#85])(-[#85])-[#6](=[#8])-[#7](-[#85])-[#6@@](-[#85])(-[#6](-[#85])(-[#85])-[#8]-[#85])-[#6](=[#8])-[#7](-[#85])-[#6@](-[#85])(-[#6](=[#8])-[#7](-[#85])-[#6@](-[#85])(-[#6](=[#8])-[#7](-[#85])-[#6@@](-[#85])(-[#6](-[#85])(-[#85])-[#16]-[#85])-[#6](=[#8])-[#7](-[#85])-[#6@@](-[#85])(-[#6](-[#85])(-[#85])-[#6](-[#85])(-[#6](-[#85])(-[#85])-[#85])-[#6](-[#85])(-[#85])-[#85])-[#6](=[#8])-[#7](-[#85])-[#6@](-[#85])(-[#6](=[#8])-[#7](-[#85])-[#6@@](-[#85])(-[#6](-[#85])(-[#85])-[#16]-[#85])-[#6](=[#8])-[#8]-[#85])-[#6](-[#85])(-[#6](-[#85])(-[#85])-[#85])-[#6](-[#85])(-[#85])-[#85])-[#6@@](-[#85])(-[#6](-[#85])(-[#85])-[#85])-[#6](-[#85])(-[#85])-[#6](-[#85])(-[#85])-[#85])-[#6@@](-[#85])(-[#6](-[#85])(-[#85])-[#85])-[#8]-[#85],EVODEX-P10559
EVODEX-N3558,[#6:1]-[#16&+:2](-[#6:3])-[#6:10]>>[#6:1]-[#7](-[#85])-[#6](-[#85])(-[#85])-[#6](-[#85])(-[#85])-[#6](-[#85])(-[#85])-[#6](-[#85])(-[#85])-[#6@](-[#85])(-[#7](-[#85])-[#85])-[#6](=[#8])-[#8]-[#85].[#6:3]-[#16:2]-[#6:10],EVODEX-P10562
EVODEX-N3559,[#85:38]-[#6:1](-[#85:39])(-[#85:40])-[#16&+](-[#6](-[#85])(-[#85])-[#6](-[#85])(-[#85])-[#6@](-[#85])(-[#7](-[#85])-[#85])-[#6](=[#8])-[#8]-[#85])-[#6](-[#85])(-[#85])-[#6@@]1(-[#85])-[#8]-[#6@@](-[#85])(-[#7]2:[#6](-[#85]):[#7]:[#6]3:[#6](-[#7](-[#85])-[#85]):[#7]:[#6](-[#85]):[#7]:[#6]:2:3)-[#6@](-[#85])(-[#8]-[#85])-[#6@]-1(-[#85])-[#8]-[#85]>>[#85:38]-[#6:1](-[#85:39])(-[#85:40])-[#7](-[#85])-[#6](-[#85])(-[#85])-[#6](-[#85])(-[#85])-[#6](-[#85])(-[#85])-[#6](-[#85])(-[#85])-[#6@](-[#85])(-[#7](-[#85])-[#85])-[#6](=[#8])-[#8]-[#85],EVODEX-P10564
EVODEX-N3560,[#6:1]-[#16&+:2](-[#6:3])-[#6:10]>>[#6:1]-[#8]-[#6]1:[#6](-[#85]):[#6](-[#6](=[#8])-[#8]-[#85]):[#6]2:[#6](-[#85]):[#6](-[#85]):[#6](-[#85]):[#6](-[#6](-[#85])(-[#85])-[#85]):[#6]:2:[#6]:1-[#85].[#6:3]-[#16:2]-[#6:10],EVODEX-P10567
EVODEX-N3561,[#85:43]-[#6:1](-[#85:44])(-[#85:45])-[#16&+](-[#6](-[#85])(-[#85])-[#6](-[#85])(-[#85])-[#6@](-[#85])(-[#7](-[#85])-[#85])-[#6](=[#8])-[#8]-[#85])-[#6](-[#85])(-[#85])-[#6@@]1(-[#85])-[#8]-[#6@@](-[#85])(-[#7]2:[#6](-[#85]):[#7]:[#6]3:[#6](-[#7](-[#85])-[#85]):[#7]:[#6](-[#85]):[#7]:[#6]:2:3)-[#6@](-[#85])(-[#8]-[#85])-[#6@]-1(-[#85])-[#8]-[#85]>>[#85:43]-[#6:1](-[#85:44])(-[#85:45])-[#8]-[#6]1:[#6](-[#85]):[#6](-[#6](=[#8])-[#8]-[#85]):[#6]2:[#6](-[#85]):[#6](-[#85]):[#6](-[#85]):[#6](-[#6](-[#85])(-[#85])-[#85]):[#6]:2:[#6]:1-[#85],EVODEX-P10569
EVODEX-N3562,[#6:1]-[#16&+:2](-[#6:3])-[#6:10]>>[#6:1]-[#8]-[#6]1:[#6](-[#85]):[#6](-[#6](-[#85])(-[#85])-[#85]):[#6]2:[#6](:[#6]:1-[#85]):[#6](-[#6](=[#8])-[#8]-[#85]):[#6](-[#8]-[#85]):[#6](-[#85]):[#6]:2-[#85].[#6:3]-[#16:2]-[#6:10],EVODEX-P10572
EVODEX-N3563,[#85:44]-[#6:1](-[#85:45])(-[#85:46])-[#16&+](-[#6](-[#85])(-[#85])-[#6](-[#85])(-[#85])-[#6@](-[#85])(-[#7](-[#85])-[#85])-[#6](=[#8])-[#8]-[#85])-[#6](-[#85])(-[#85])-[#6@@]1(-[#85])-[#8]-[#6@@](-[#85])(-[#7]2:[#6](-[#85]):[#7]:[#6]3:[#6](-[#7](-[#85])-[#85]):[#7]:[#6](-[#85]):[#7]:[#6]:2:3)-[#6@](-[#85])(-[#8]-[#85])-[#6@]-1(-[#85])-[#8]-[#85]>>[#85:44]-[#6:1](-[#85:45])(-[#85:46])-[#8]-[#6]1:[#6](-[#85]):[#6](-[#6](-[#85])(-[#85])-[#85]):[#6]2:[#6](:[#6]:1-[#85]):[#6](-[#6](=[#8])-[#8]-[#85]):[#6](-[#8]-[#85]):[#6](-[#85]):[#6]:2-[#85],EVODEX-P10574
EVODEX-N3564,[#6:1]-[#16&+:2](-[#6:3])-[#6:10]>>[#6:1]-[#8]-[#6]1:[#6](-[#85]):[#6](-[#6](=[#8])-[#8]-[#85]):[#6](-[#8]-[#85]):[#6]2:[#6]:1:[#6](-[#85]):[#6](-[#85]):[#6](-[#85]):[#6]:2-[#85].[#6:3]-[#16:2]-[#6:10],EVODEX-P10577
EVODEX-N3565,[#85:43]-[#6:1](-[#85:44])(-[#85:45])-[#16&+](-[#6](-[#85])(-[#85])-[#6](-[#85])(-[#85])-[#6@](-[#85])(-[#7](-[#85])-[#85])-[#6](=[#8])-[#8]-[#85])-[#6](-[#85])(-[#85])-[#6@@]1(-[#85])-[#8]-[#6@@](-[#85])(-[#7]2:[#6](-[#85]):[#7]:[#6]3:[#6](-[#7](-[#85])-[#85]):[#7]:[#6](-[#85]):[#7]:[#6]:2:3)-[#6@](-[#85])(-[#8]-[#85])-[#6@]-1(-[#85])-[#8]-[#85]>>[#85:43]-[#6:1](-[#85:44])(-[#85:45])-[#8]-[#6]1:[#6](-[#85]):[#6](-[#6](=[#8])-[#8]-[#85]):[#6](-[#8]-[#85]):[#6]2:[#6]:1:[#6](-[#85]):[#6](-[#85]):[#6](-[#85]):[#6]:2-[#85],EVODEX-P10579
EVODEX-N3566,[#6:1]-[#16&+:2](-[#6:3])-[#6:10]>>[#6:1]-[#6]1:[#6](-[#85]):[#6](-[#6](-[#85])(-[#85])-[#6@](-[#85])(-[#7](-[#85])-[#85])-[#6](=[#8])-[#8]-[#85]):[#6](-[#85]):[#6](-[#85]):[#6]:1-[#8]-[#85].[#6:3]-[#16:2]-[#6:10],EVODEX-P10582
EVODEX-N3567,[#85:41]-[#6:1](-[#85:42])(-[#85:43])-[#16&+](-[#6](-[#85])(-[#85])-[#6](-[#85])(-[#85])-[#6@](-[#85])(-[#7](-[#85])-[#85])-[#6](=[#8])-[#8]-[#85])-[#6](-[#85])(-[#85])-[#6@@]1(-[#85])-[#8]-[#6@@](-[#85])(-[#7]2:[#6](-[#85]):[#7]:[#6]3:[#6](-[#7](-[#85])-[#85]):[#7]:[#6](-[#85]):[#7]:[#6]:2:3)-[#6@](-[#85])(-[#8]-[#85])-[#6@]-1(-[#85])-[#8]-[#85]>>[#85:41]-[#6:1](-[#85:42])(-[#85:43])-[#6]1:[#6](-[#85]):[#6](-[#6](-[#85])(-[#85])-[#6@](-[#85])(-[#7](-[#85])-[#85])-[#6](=[#8])-[#8]-[#85]):[#6](-[#85]):[#6](-[#85]):[#6]:1-[#8]-[#85],EVODEX-P10584
EVODEX-N3568,[#6:44]-[#16&+:45](-[#6:46])-[#6:53]>>[#85]-[#6](-[#85])(-[#85])-[#8]-[#6](=[#8])-[#6]1:[#6](-[#8]-[#6@]2(-[#85])-[#8]-[#6@@](-[#85])(-[#6](-[#85])(-[#85])-[#85])-[#6@](-[#85])(-[#8]-[#85])-[#6@@](-[#85])(-[#8]-[#85])-[#6@@]-2(-[#85])-[#8]-[#6:44]):[#6](-[#85]):[#6]2:[#6](-[#85]):[#6]3:[#6](:[#6](-[#8]-[#85]):[#6]:2:[#6]:1-[#6](-[#85])(-[#85])-[#85])-[#6](=[#8])-[#6@]1(-[#8]-[#85])-[#6](=[#8])-[#6](-[#85])=[#6](-[#8]-[#6](-[#85])(-[#85])-[#85])-[#6@@](-[#85])(-[#8]-[#85])-[#6@]-1(-[#8]-[#85])-[#6]-3=[#8].[#6:46]-[#16:45]-[#6:53],EVODEX-P10587
EVODEX-N3569,[#85:99]-[#6:44](-[#85:100])(-[#85:101])-[#16&+](-[#6](-[#85])(-[#85])-[#6](-[#85])(-[#85])-[#6@](-[#85])(-[#7](-[#85])-[#85])-[#6](=[#8])-[#8]-[#85])-[#6](-[#85])(-[#85])-[#6@@]1(-[#85])-[#8]-[#6@@](-[#85])(-[#7]2:[#6](-[#85]):[#7]:[#6]3:[#6](-[#7](-[#85])-[#85]):[#7]:[#6](-[#85]):[#7]:[#6]:2:3)-[#6@](-[#85])(-[#8]-[#85])-[#6@]-1(-[#85])-[#8]-[#85]>>[#85]-[#6](-[#85])(-[#85])-[#8]-[#6](=[#8])-[#6]1:[#6](-[#8]-[#6@]2(-[#85])-[#8]-[#6@@](-[#85])(-[#6](-[#85])(-[#85])-[#85])-[#6@](-[#85])(-[#8]-[#85])-[#6@@](-[#85])(-[#8]-[#85])-[#6@@]-2(-[#85])-[#8]-[#6:44](-[#85:99])(-[#85:100])-[#85:101]):[#6](-[#85]):[#6]2:[#6](-[#85]):[#6]3:[#6](:[#6](-[#8]-[#85]):[#6]:2:[#6]:1-[#6](-[#85])(-[#85])-[#85])-[#6](=[#8])-[#6@]1(-[#8]-[#85])-[#6](=[#8])-[#6](-[#85])=[#6](-[#8]-[#6](-[#85])(-[#85])-[#85])-[#6@@](-[#85])(-[#8]-[#85])-[#6@]-1(-[#8]-[#85])-[#6]-3=[#8],EVODEX-P10590
EVODEX-N3570,[#6:45]-[#16&+:46](-[#6:47])-[#6:54]>>[#85]-[#6](-[#85])(-[#85])-[#8]-[#6](=[#8])-[#6]1:[#6](-[#8]-[#6@]2(-[#85])-[#8]-[#6@@](-[#85])(-[#6](-[#85])(-[#85])-[#85])-[#6@](-[#85])(-[#8]-[#85])-[#6@@](-[#85])(-[#8]-[#6:45])-[#6@@]-2(-[#85])-[#8]-[#6](-[#85])(-[#85])-[#85]):[#6](-[#85]):[#6]2:[#6](-[#85]):[#6]3:[#6](:[#6](-[#8]-[#85]):[#6]:2:[#6]:1-[#6](-[#85])(-[#85])-[#85])-[#6](=[#8])-[#6@]1(-[#8]-[#85])-[#6](=[#8])-[#6](-[#85])=[#6](-[#8]-[#6](-[#85])(-[#85])-[#85])-[#6@@](-[#85])(-[#8]-[#85])-[#6@]-1(-[#8]-[#85])-[#6]-3=[#8].[#6:47]-[#16:46]-[#6:54],EVODEX-P10592
EVODEX-N3571,[#85:102]-[#6:45](-[#85:103])(-[#85:104])-[#16&+](-[#6](-[#85])(-[#85])-[#6](-[#85])(-[#85])-[#6@](-[#85])(-[#7](-[#85])-[#85])-[#6](=[#8])-[#8]-[#85])-[#6](-[#85])(-[#85])-[#6@@]1(-[#85])-[#8]-[#6@@](-[#85])(-[#7]2:[#6](-[#85]):[#7]:[#6]3:[#6](-[#7](-[#85])-[#85]):[#7]:[#6](-[#85]):[#7]:[#6]:2:3)-[#6@](-[#85])(-[#8]-[#85])-[#6@]-1(-[#85])-[#8]-[#85]>>[#85]-[#6](-[#85])(-[#85])-[#8]-[#6](=[#8])-[#6]1:[#6](-[#8]-[#6@]2(-[#85])-[#8]-[#6@@](-[#85])(-[#6](-[#85])(-[#85])-[#85])-[#6@](-[#85])(-[#8]-[#85])-[#6@@](-[#85])(-[#8]-[#6:45](-[#85:102])(-[#85:103])-[#85:104])-[#6@@]-2(-[#85])-[#8]-[#6](-[#85])(-[#85])-[#85]):[#6](-[#85]):[#6]2:[#6](-[#85]):[#6]3:[#6](:[#6](-[#8]-[#85]):[#6]:2:[#6]:1-[#6](-[#85])(-[#85])-[#85])-[#6](=[#8])-[#6@]1(-[#8]-[#85])-[#6](=[#8])-[#6](-[#85])=[#6](-[#8]-[#6](-[#85])(-[#85])-[#85])-[#6@@](-[#85])(-[#8]-[#85])-[#6@]-1(-[#8]-[#85])-[#6]-3=[#8],EVODEX-P10595
EVODEX-N3572,[#6:43]-[#16&+:44](-[#6:45])-[#6:52]>>[#85]-[#6](-[#85])(-[#85])-[#8]-[#6](=[#8])-[#6]1:[#6](-[#8]-[#6@@]2(-[#85])-[#6](-[#85])(-[#85])-[#6@](-[#85])(-[#8]-[#6:43])-[#6@@](-[#85])(-[#8]-[#85])-[#6@](-[#85])(-[#6](-[#85])(-[#85])-[#85])-[#8]-2):[#6](-[#85]):[#6]2:[#6](-[#85]):[#6]3:[#6](:[#6](-[#8]-[#85]):[#6]:2:[#6]:1-[#6](-[#85])(-[#85])-[#85])-[#6](=[#8])-[#6@]1(-[#8]-[#85])-[#6](=[#8])-[#6](-[#85])=[#6](-[#8]-[#6](-[#85])(-[#85])-[#85])-[#6@@](-[#85])(-[#8]-[#85])-[#6@]-1(-[#8]-[#85])-[#6]-3=[#8].[#6:45]-[#16:44]-[#6:52],EVODEX-P10597
EVODEX-N3573,[#85:98]-[#6:43](-[#85:99])(-[#85:100])-[#16&+](-[#6](-[#85])(-[#85])-[#6](-[#85])(-[#85])-[#6@](-[#85])(-[#7](-[#85])-[#85])-[#6](=[#8])-[#8]-[#85])-[#6](-[#85])(-[#85])-[#6@@]1(-[#85])-[#8]-[#6@@](-[#85])(-[#7]2:[#6](-[#85]):[#7]:[#6]3:[#6](-[#7](-[#85])-[#85]):[#7]:[#6](-[#85]):[#7]:[#6]:2:3)-[#6@](-[#85])(-[#8]-[#85])-[#6@]-1(-[#85])-[#8]-[#85]>>[#85]-[#6](-[#85])(-[#85])-[#8]-[#6](=[#8])-[#6]1:[#6](-[#8]-[#6@@]2(-[#85])-[#6](-[#85])(-[#85])-[#6@](-[#85])(-[#8]-[#6:43](-[#85:98])(-[#85:99])-[#85:100])-[#6@@](-[#85])(-[#8]-[#85])-[#6@](-[#85])(-[#6](-[#85])(-[#85])-[#85])-[#8]-2):[#6](-[#85]):[#6]2:[#6](-[#85]):[#6]3:[#6](:[#6](-[#8]-[#85]):[#6]:2:[#6]:1-[#6](-[#85])(-[#85])-[#85])-[#6](=[#8])-[#6@]1(-[#8]-[#85])-[#6](=[#8])-[#6](-[#85])=[#6](-[#8]-[#6](-[#85])(-[#85])-[#85])-[#6@@](-[#85])(-[#8]-[#85])-[#6@]-1(-[#8]-[#85])-[#6]-3=[#8],EVODEX-P10600
EVODEX-N3574,[#6:46]-[#16&+:47](-[#6:48])-[#6:55]>>[#85]-[#6](-[#85])(-[#85])-[#8]-[#6](=[#8])-[#6]1:[#6](-[#8]-[#6@]2(-[#85])-[#8]-[#6@@](-[#85])(-[#6](-[#85])(-[#85])-[#85])-[#6@](-[#85])(-[#8]-[#6:46])-[#6@@](-[#85])(-[#8]-[#6](-[#85])(-[#85])-[#85])-[#6@@]-2(-[#85])-[#8]-[#6](-[#85])(-[#85])-[#85]):[#6](-[#85]):[#6]2:[#6](-[#85]):[#6]3:[#6](:[#6](-[#8]-[#85]):[#6]:2:[#6]:1-[#6](-[#85])(-[#85])-[#85])-[#6](=[#8])-[#6@]1(-[#8]-[#85])-[#6](=[#8])-[#6](-[#85])=[#6](-[#8]-[#6](-[#85])(-[#85])-[#85])-[#6@@](-[#85])(-[#8]-[#85])-[#6@]-1(-[#8]-[#85])-[#6]-3=[#8].[#6:48]-[#16:47]-[#6:55],EVODEX-P10602
EVODEX-N3575,[#85:105]-[#6:46](-[#85:106])(-[#85:107])-[#16&+](-[#6](-[#85])(-[#85])-[#6](-[#85])(-[#85])-[#6@](-[#85])(-[#7](-[#85])-[#85])-[#6](=[#8])-[#8]-[#85])-[#6](-[#85])(-[#85])-[#6@@]1(-[#85])-[#8]-[#6@@](-[#85])(-[#7]2:[#6](-[#85]):[#7]:[#6]3:[#6](-[#7](-[#85])-[#85]):[#7]:[#6](-[#85]):[#7]:[#6]:2:3)-[#6@](-[#85])(-[#8]-[#85])-[#6@]-1(-[#85])-[#8]-[#85]>>[#85]-[#6](-[#85])(-[#85])-[#8]-[#6](=[#8])-[#6]1:[#6](-[#8]-[#6@]2(-[#85])-[#8]-[#6@@](-[#85])(-[#6](-[#85])(-[#85])-[#85])-[#6@](-[#85])(-[#8]-[#6:46](-[#85:105])(-[#85:106])-[#85:107])-[#6@@](-[#85])(-[#8]-[#6](-[#85])(-[#85])-[#85])-[#6@@]-2(-[#85])-[#8]-[#6](-[#85])(-[#85])-[#85]):[#6](-[#85]):[#6]2:[#6](-[#85]):[#6]3:[#6](:[#6](-[#8]-[#85]):[#6]:2:[#6]:1-[#6](-[#85])(-[#85])-[#85])-[#6](=[#8])-[#6@]1(-[#8]-[#85])-[#6](=[#8])-[#6](-[#85])=[#6](-[#8]-[#6](-[#85])(-[#85])-[#85])-[#6@@](-[#85])(-[#8]-[#85])-[#6@]-1(-[#8]-[#85])-[#6]-3=[#8],EVODEX-P10605
EVODEX-N3576,[#6:45]-[#16&+:46](-[#6:47])-[#6:54]>>[#85]-[#6](-[#85])(-[#85])-[#8]-[#6](=[#8])-[#6]1:[#6](-[#8]-[#6@]2(-[#85])-[#8]-[#6](-[#85])(-[#6](-[#85])(-[#85])-[#8]-[#85])-[#6@](-[#85])(-[#8]-[#6:45])-[#6@](-[#85])(-[#8]-[#85])-[#6@@]-2(-[#85])-[#8]-[#85]):[#6](-[#85]):[#6]2:[#6](-[#85]):[#6]3:[#6](:[#6](-[#8]-[#85]):[#6]:2:[#6]:1-[#6](-[#85])(-[#85])-[#85])-[#6](=[#8])-[#6@]1(-[#8]-[#85])-[#6](=[#8])-[#6](-[#85])=[#6](-[#8]-[#6](-[#85])(-[#85])-[#85])-[#6@@](-[#85])(-[#8]-[#85])-[#6@]-1(-[#8]-[#85])-[#6]-3=[#8].[#6:47]-[#16:46]-[#6:54],EVODEX-P10607
EVODEX-N3577,[#85:100]-[#6:45](-[#85:101])(-[#85:102])-[#16&+](-[#6](-[#85])(-[#85])-[#6](-[#85])(-[#85])-[#6@](-[#85])(-[#7](-[#85])-[#85])-[#6](=[#8])-[#8]-[#85])-[#6](-[#85])(-[#85])-[#6@@]1(-[#85])-[#8]-[#6@@](-[#85])(-[#7]2:[#6](-[#85]):[#7]:[#6]3:[#6](-[#7](-[#85])-[#85]):[#7]:[#6](-[#85]):[#7]:[#6]:2:3)-[#6@](-[#85])(-[#8]-[#85])-[#6@]-1(-[#85])-[#8]-[#85]>>[#85]-[#6](-[#85])(-[#85])-[#8]-[#6](=[#8])-[#6]1:[#6](-[#8]-[#6@]2(-[#85])-[#8]-[#6](-[#85])(-[#6](-[#85])(-[#85])-[#8]-[#85])-[#6@](-[#85])(-[#8]-[#6:45](-[#85:100])(-[#85:101])-[#85:102])-[#6@](-[#85])(-[#8]-[#85])-[#6@@]-2(-[#85])-[#8]-[#85]):[#6](-[#85]):[#6]2:[#6](-[#85]):[#6]3:[#6](:[#6](-[#8]-[#85]):[#6]:2:[#6]:1-[#6](-[#85])(-[#85])-[#85])-[#6](=[#8])-[#6@]1(-[#8]-[#85])-[#6](=[#8])-[#6](-[#85])=[#6](-[#8]-[#6](-[#85])(-[#85])-[#85])-[#6@@](-[#85])(-[#8]-[#85])-[#6@]-1(-[#8]-[#85])-[#6]-3=[#8],EVODEX-P10610
EVODEX-N3578,[#6:50]-[#16&+:51](-[#6:52])-[#6:59]>>[#85]-[#6](-[#85])(-[#85])-[#6](=[#8])-[#8]-[#6@@]1(-[#85])-[#6@](-[#85])(-[#6](-[#85])(-[#85])-[#85])-[#6@](-[#85])(-[#8]-[#85])-[#6@](-[#85])(-[#6](-[#85])(-[#85])-[#85])-[#6@@](-[#85])(-[#8]-[#85])-[#6@@](-[#85])(-[#6](-[#85])(-[#85])-[#85])-[#6](-[#85])=[#6](-[#85])-[#6](-[#85])=[#6](-[#6](-[#85])(-[#85])-[#85])-[#6](=[#8])-[#7](-[#85])-[#6]2:[#6](-[#85]):[#6](-[#8]-[#85]):[#6]3:[#6]4:[#6](:[#6](-[#6](-[#85])(-[#85])-[#85]):[#6](-[#8]-[#85]):[#6]:3:[#6]:2-[#8]-[#85])-[#8]-[#6@](-[#6](-[#85])(-[#85])-[#85])(-[#8]-[#6](-[#85])=[#6](-[#85])-[#6@](-[#85])(-[#8]-[#6:50])-[#6@@]-1(-[#85])-[#6](-[#85])(-[#85])-[#85])-[#6]-4=[#8].[#6:52]-[#16:51]-[#6:59],EVODEX-P10612
EVODEX-N3579,[#85:122]-[#6:50](-[#85:123])(-[#85:124])-[#16&+](-[#6](-[#85])(-[#85])-[#6](-[#85])(-[#85])-[#6@](-[#85])(-[#7](-[#85])-[#85])-[#6](=[#8])-[#8]-[#85])-[#6](-[#85])(-[#85])-[#6@@]1(-[#85])-[#8]-[#6@@](-[#85])(-[#7]2:[#6](-[#85]):[#7]:[#6]3:[#6](-[#7](-[#85])-[#85]):[#7]:[#6](-[#85]):[#7]:[#6]:2:3)-[#6@](-[#85])(-[#8]-[#85])-[#6@]-1(-[#85])-[#8]-[#85]>>[#85]-[#6](-[#85])(-[#85])-[#6](=[#8])-[#8]-[#6@@]1(-[#85])-[#6@](-[#85])(-[#6](-[#85])(-[#85])-[#85])-[#6@](-[#85])(-[#8]-[#85])-[#6@](-[#85])(-[#6](-[#85])(-[#85])-[#85])-[#6@@](-[#85])(-[#8]-[#85])-[#6@@](-[#85])(-[#6](-[#85])(-[#85])-[#85])-[#6](-[#85])=[#6](-[#85])-[#6](-[#85])=[#6](-[#6](-[#85])(-[#85])-[#85])-[#6](=[#8])-[#7](-[#85])-[#6]2:[#6](-[#85]):[#6](-[#8]-[#85]):[#6]3:[#6]4:[#6](:[#6](-[#6](-[#85])(-[#85])-[#85]):[#6](-[#8]-[#85]):[#6]:3:[#6]:2-[#8]-[#85])-[#8]-[#6@](-[#6](-[#85])(-[#85])-[#85])(-[#8]-[#6](-[#85])=[#6](-[#85])-[#6@](-[#85])(-[#8]-[#6:50](-[#85:122])(-[#85:123])-[#85:124])-[#6@@]-1(-[#85])-[#6](-[#85])(-[#85])-[#85])-[#6]-4=[#8],EVODEX-P10615
EVODEX-N3580,[#6:25]-[#16&+:26](-[#6:27])-[#6:34]>>[#85]-[#6](-[#85])(-[#85])-[#8]-[#6@@]12-[#6@](-[#85])(-[#6](-[#85])(-[#85])-[#8]-[#6](-[#7](-[#85])-[#85])=[#8])-[#6]3=[#6](-[#6](=[#8])-[#6](-[#6](-[#85])(-[#85])-[#85])=[#6](-[#8]-[#6:25])-[#6]-3=[#8])-[#7]-1-[#6](-[#85])(-[#85])-[#6@]1(-[#85])-[#7](-[#85])-[#6@]-2-1-[#85].[#6:27]-[#16:26]-[#6:34],EVODEX-P10617
EVODEX-N3581,[#85:69]-[#6:25](-[#85:70])(-[#85:71])-[#16&+](-[#6](-[#85])(-[#85])-[#6](-[#85])(-[#85])-[#6@](-[#85])(-[#7](-[#85])-[#85])-[#6](=[#8])-[#8]-[#85])-[#6](-[#85])(-[#85])-[#6@@]1(-[#85])-[#8]-[#6@@](-[#85])(-[#7]2:[#6](-[#85]):[#7]:[#6]3:[#6](-[#7](-[#85])-[#85]):[#7]:[#6](-[#85]):[#7]:[#6]:2:3)-[#6@](-[#85])(-[#8]-[#85])-[#6@]-1(-[#85])-[#8]-[#85]>>[#85]-[#6](-[#85])(-[#85])-[#8]-[#6@@]12-[#6@](-[#85])(-[#6](-[#85])(-[#85])-[#8]-[#6](-[#7](-[#85])-[#85])=[#8])-[#6]3=[#6](-[#6](=[#8])-[#6](-[#6](-[#85])(-[#85])-[#85])=[#6](-[#8]-[#6:25](-[#85:69])(-[#85:70])-[#85:71])-[#6]-3=[#8])-[#7]-1-[#6](-[#85])(-[#85])-[#6@]1(-[#85])-[#7](-[#85])-[#6@]-2-1-[#85],EVODEX-P10620
EVODEX-N3582,[#6:25]-[#16&+:26](-[#6:27])-[#6:34]>>[#85]-[#6](-[#85])(-[#85])-[#6]1=[#6](-[#8]-[#6:25])-[#6](=[#8])-[#6]2=[#6](-[#6]-1=[#8])-[#7]1-[#6](-[#85])(-[#85])-[#6@@]3(-[#85])-[#6@](-[#85])(-[#7]-3-[#6](-[#85])(-[#85])-[#85])-[#6@]-1(-[#8]-[#85])-[#6@]-2(-[#85])-[#6](-[#85])(-[#85])-[#8]-[#6](-[#7](-[#85])-[#85])=[#8].[#6:27]-[#16:26]-[#6:34],EVODEX-P10622
EVODEX-N3583,[#85:69]-[#6:25](-[#85:70])(-[#85:71])-[#16&+](-[#6](-[#85])(-[#85])-[#6](-[#85])(-[#85])-[#6@](-[#85])(-[#7](-[#85])-[#85])-[#6](=[#8])-[#8]-[#85])-[#6](-[#85])(-[#85])-[#6@@]1(-[#85])-[#8]-[#6@@](-[#85])(-[#7]2:[#6](-[#85]):[#7]:[#6]3:[#6](-[#7](-[#85])-[#85]):[#7]:[#6](-[#85]):[#7]:[#6]:2:3)-[#6@](-[#85])(-[#8]-[#85])-[#6@]-1(-[#85])-[#8]-[#85]>>[#85]-[#6](-[#85])(-[#85])-[#6]1=[#6](-[#8]-[#6:25](-[#85:69])(-[#85:70])-[#85:71])-[#6](=[#8])-[#6]2=[#6](-[#6]-1=[#8])-[#7]1-[#6](-[#85])(-[#85])-[#6@@]3(-[#85])-[#6@](-[#85])(-[#7]-3-[#6](-[#85])(-[#85])-[#85])-[#6@]-1(-[#8]-[#85])-[#6@]-2(-[#85])-[#6](-[#85])(-[#85])-[#8]-[#6](-[#7](-[#85])-[#85])=[#8],EVODEX-P10625
EVODEX-N3584,[#6:171]-[#16&+:172](-[#6:173])-[#6:180]>>[#85]-[#6](-[#85])(-[#85])-[#6](-[#85])(-[#6](-[#85])(-[#85])-[#85])-[#6@](-[#85])(-[#7](-[#85])-[#6](=[#8])-[#6@](-[#85])(-[#6](-[#85])(-[#85])-[#6](-[#85])(-[#85])-[#6](-[#85])(-[#85])-[#7](-[#85])-[#6](=[#7]-[#85])-[#7](-[#6](-[#85])(-[#85])-[#85])-[#6](-[#85])(-[#85])-[#85])-[#7](-[#85])-[#6](=[#8])-[#6](-[#85])(-[#85])-[#7](-[#85])-[#6](=[#8])-[#6@](-[#85])(-[#6](-[#85])(-[#85])-[#6](-[#85])(-[#85])-[#6](-[#85])(-[#85])-[#7](-[#85])-[#6](=[#7]-[#85])-[#7](-[#85])-[#85])-[#7](-[#85])-[#6](=[#8])-[#6@]1(-[#85])-[#6](-[#85])(-[#85])-[#6](-[#85])(-[#85])-[#6](-[#85])(-[#85])-[#7]-1-[#6](=[#8])-[#6@](-[#85])(-[#6](-[#85])(-[#85])-[#6](-[#85])(-[#85])-[#6](-[#85])(-[#85])-[#7](-[#85])-[#6](=[#7]-[#85])-[#7](-[#6](-[#85])(-[#85])-[#85])-[#6](-[#85])(-[#85])-[#85])-[#7](-[#85])-[#6](=[#8])-[#6@](-[#85])(-[#6](-[#85])(-[#85])-[#8]-[#85])-[#7](-[#85])-[#6](=[#8])-[#6@](-[#85])(-[#6](-[#85])(-[#85])-[#6](-[#7](-[#85])-[#85])=[#8])-[#7](-[#85])-[#6](=[#8])-[#6@](-[#85])(-[#6](-[#85])(-[#85])-[#6]1:[#6](-[#85]):[#6](-[#85]):[#6](-[#85]):[#6](-[#85]):[#6]:1-[#85])-[#7](-[#85])-[#6](=[#8])-[#6](-[#85])(-[#85])-[#7](-[#85])-[#6](=[#8])-[#6@](-[#85])(-[#6](-[#85])(-[#85])-[#8]-[#85])-[#7](-[#85])-[#6](=[#8])-[#6@](-[#85])(-[#6](-[#85])(-[#85])-[#6]1:[#6](-[#85]):[#6](-[#85]):[#6](-[#8]-[#85]):[#6](-[#85]):[#6]:1-[#85])-[#7](-[#85])-[#6](=[#8])-[#6@@](-[#85])(-[#7](-[#85])-[#85])-[#6](-[#85])(-[#85])-[#6]1:[#6](-[#85]):[#6](-[#85]):[#6](-[#85]):[#6](-[#85]):[#6]:1-[#85])-[#6](=[#8])-[#7](-[#85])-[#6@@](-[#85])(-[#6](-[#85])(-[#85])-[#6]1:[#6](-[#85]):[#6](-[#85]):[#6](-[#8]-[#85]):[#6](-[#85]):[#6]:1-[#85])-[#6](=[#8])-[#7](-[#85])-[#6@@](-[#85])(-[#6](-[#85])(-[#85])-[#85])-[#6](=[#8])-[#7](-[#6@](-[#85])(-[#6](=[#8])-[#7](-[#85])-[#6@@](-[#85])(-[#6](-[#85])(-[#85])-[#8]-[#85])-[#6](=[#8])-[#7](-[#85])-[#6@@](-[#85])(-[#6](-[#85])(-[#85])-[#6]1:[#6](-[#85]):[#7](-[#85]):[#6]2:[#6](-[#85]):[#6](-[#85]):[#6](-[#85]):[#6](-[#85]):[#6]:1:2)-[#6](=[#8])-[#7](-[#85])-[#6@@](-[#85])(-[#6](-[#85])(-[#85])-[#6]1:[#6](-[#85]):[#6](-[#85]):[#6](-[#8]-[#85]):[#6](-[#85]):[#6]:1-[#85])-[#6](=[#8])-[#8]-[#85])-[#6@@](-[#85])(-[#6](-[#85])(-[#85])-[#85])-[#8]-[#85])-[#6:171].[#6:173]-[#16:172]-[#6:180],EVODEX-P10627
EVODEX-N3585,[#85:198]-[#6:171](-[#85:199])(-[#85:200])-[#16&+](-[#6](-[#85])(-[#85])-[#6](-[#85])(-[#85])-[#6@](-[#85])(-[#7](-[#85])-[#85])-[#6](=[#8])-[#8]-[#85])-[#6](-[#85])(-[#85])-[#6@@]1(-[#85])-[#8]-[#6@@](-[#85])(-[#7]2:[#6](-[#85]):[#7]:[#6]3:[#6](-[#7](-[#85])-[#85]):[#7]:[#6](-[#85]):[#7]:[#6]:2:3)-[#6@](-[#85])(-[#8]-[#85])-[#6@]-1(-[#85])-[#8]-[#85]>>[#85]-[#6](-[#85])(-[#85])-[#6](-[#85])(-[#6](-[#85])(-[#85])-[#85])-[#6@](-[#85])(-[#7](-[#85])-[#6](=[#8])-[#6@](-[#85])(-[#6](-[#85])(-[#85])-[#6](-[#85])(-[#85])-[#6](-[#85])(-[#85])-[#7](-[#85])-[#6](=[#7]-[#85])-[#7](-[#6](-[#85])(-[#85])-[#85])-[#6](-[#85])(-[#85])-[#85])-[#7](-[#85])-[#6](=[#8])-[#6](-[#85])(-[#85])-[#7](-[#85])-[#6](=[#8])-[#6@](-[#85])(-[#6](-[#85])(-[#85])-[#6](-[#85])(-[#85])-[#6](-[#85])(-[#85])-[#7](-[#85])-[#6](=[#7]-[#85])-[#7](-[#85])-[#85])-[#7](-[#85])-[#6](=[#8])-[#6@]1(-[#85])-[#6](-[#85])(-[#85])-[#6](-[#85])(-[#85])-[#6](-[#85])(-[#85])-[#7]-1-[#6](=[#8])-[#6@](-[#85])(-[#6](-[#85])(-[#85])-[#6](-[#85])(-[#85])-[#6](-[#85])(-[#85])-[#7](-[#85])-[#6](=[#7]-[#85])-[#7](-[#6](-[#85])(-[#85])-[#85])-[#6](-[#85])(-[#85])-[#85])-[#7](-[#85])-[#6](=[#8])-[#6@](-[#85])(-[#6](-[#85])(-[#85])-[#8]-[#85])-[#7](-[#85])-[#6](=[#8])-[#6@](-[#85])(-[#6](-[#85])(-[#85])-[#6](-[#7](-[#85])-[#85])=[#8])-[#7](-[#85])-[#6](=[#8])-[#6@](-[#85])(-[#6](-[#85])(-[#85])-[#6]1:[#6](-[#85]):[#6](-[#85]):[#6](-[#85]):[#6](-[#85]):[#6]:1-[#85])-[#7](-[#85])-[#6](=[#8])-[#6](-[#85])(-[#85])-[#7](-[#85])-[#6](=[#8])-[#6@](-[#85])(-[#6](-[#85])(-[#85])-[#8]-[#85])-[#7](-[#85])-[#6](=[#8])-[#6@](-[#85])(-[#6](-[#85])(-[#85])-[#6]1:[#6](-[#85]):[#6](-[#85]):[#6](-[#8]-[#85]):[#6](-[#85]):[#6]:1-[#85])-[#7](-[#85])-[#6](=[#8])-[#6@@](-[#85])(-[#7](-[#85])-[#85])-[#6](-[#85])(-[#85])-[#6]1:[#6](-[#85]):[#6](-[#85]):[#6](-[#85]):[#6](-[#85]):[#6]:1-[#85])-[#6](=[#8])-[#7](-[#85])-[#6@@](-[#85])(-[#6](-[#85])(-[#85])-[#6]1:[#6](-[#85]):[#6](-[#85]):[#6](-[#8]-[#85]):[#6](-[#85]):[#6]:1-[#85])-[#6](=[#8])-[#7](-[#85])-[#6@@](-[#85])(-[#6](-[#85])(-[#85])-[#85])-[#6](=[#8])-[#7](-[#6@](-[#85])(-[#6](=[#8])-[#7](-[#85])-[#6@@](-[#85])(-[#6](-[#85])(-[#85])-[#8]-[#85])-[#6](=[#8])-[#7](-[#85])-[#6@@](-[#85])(-[#6](-[#85])(-[#85])-[#6]1:[#6](-[#85]):[#7](-[#85]):[#6]2:[#6](-[#85]):[#6](-[#85]):[#6](-[#85]):[#6](-[#85]):[#6]:1:2)-[#6](=[#8])-[#7](-[#85])-[#6@@](-[#85])(-[#6](-[#85])(-[#85])-[#6]1:[#6](-[#85]):[#6](-[#85]):[#6](-[#8]-[#85]):[#6](-[#85]):[#6]:1-[#85])-[#6](=[#8])-[#8]-[#85])-[#6@@](-[#85])(-[#6](-[#85])(-[#85])-[#85])-[#8]-[#85])-[#6:171](-[#85:198])(-[#85:199])-[#85:200],EVODEX-P10629
EVODEX-N3586,[#6:168]-[#16&+:169](-[#6:170])-[#6:177]>>[#85]-[#6](-[#85])(-[#85])-[#7](-[#6](=[#7]-[#85])-[#7](-[#85])-[#6](-[#85])(-[#85])-[#6](-[#85])(-[#85])-[#6](-[#85])(-[#85])-[#6@](-[#85])(-[#7](-[#85])-[#6](=[#8])-[#6@]1(-[#85])-[#6](-[#85])(-[#85])-[#6](-[#85])(-[#85])-[#6](-[#85])(-[#85])-[#7]-1-[#6](=[#8])-[#6@](-[#85])(-[#6](-[#85])(-[#85])-[#6](-[#85])(-[#85])-[#6](-[#85])(-[#85])-[#7](-[#85])-[#6](=[#7]-[#85])-[#7](-[#85])-[#85])-[#7](-[#85])-[#6](=[#8])-[#6@](-[#85])(-[#6](-[#85])(-[#85])-[#8]-[#85])-[#7](-[#85])-[#6](=[#8])-[#6@](-[#85])(-[#6](-[#85])(-[#85])-[#6](-[#7](-[#85])-[#85])=[#8])-[#7](-[#85])-[#6](=[#8])-[#6@](-[#85])(-[#6](-[#85])(-[#85])-[#6]1:[#6](-[#85]):[#6](-[#85]):[#6](-[#85]):[#6](-[#85]):[#6]:1-[#85])-[#7](-[#85])-[#6](=[#8])-[#6](-[#85])(-[#85])-[#7](-[#85])-[#6](=[#8])-[#6@](-[#85])(-[#6](-[#85])(-[#85])-[#8]-[#85])-[#7](-[#85])-[#6](=[#8])-[#6@](-[#85])(-[#6](-[#85])(-[#85])-[#6]1:[#6](-[#85]):[#6](-[#85]):[#6](-[#8]-[#85]):[#6](-[#85]):[#6]:1-[#85])-[#7](-[#85])-[#6](=[#8])-[#6@@](-[#85])(-[#7](-[#85])-[#85])-[#6](-[#85])(-[#85])-[#6]1:[#6](-[#85]):[#6](-[#85]):[#6](-[#85]):[#6](-[#85]):[#6]:1-[#85])-[#6](=[#8])-[#7](-[#85])-[#6](-[#85])(-[#85])-[#6](=[#8])-[#7](-[#85])-[#6@@](-[#85])(-[#6](-[#85])(-[#85])-[#6](-[#85])(-[#85])-[#6](-[#85])(-[#85])-[#7](-[#85])-[#6](=[#7]-[#85])-[#7](-[#85])-[#85])-[#6](=[#8])-[#7](-[#85])-[#6@](-[#85])(-[#6](=[#8])-[#7](-[#85])-[#6@@](-[#85])(-[#6](-[#85])(-[#85])-[#6]1:[#6](-[#85]):[#6](-[#85]):[#6](-[#8]-[#85]):[#6](-[#85]):[#6]:1-[#85])-[#6](=[#8])-[#7](-[#85])-[#6@@](-[#85])(-[#6](-[#85])(-[#85])-[#85])-[#6](=[#8])-[#7](-[#85])-[#6@](-[#85])(-[#6](=[#8])-[#7](-[#85])-[#6@@](-[#85])(-[#6](-[#85])(-[#85])-[#8]-[#85])-[#6](=[#8])-[#7](-[#85])-[#6@@](-[#85])(-[#6](-[#85])(-[#85])-[#6]1:[#6](-[#85]):[#7](-[#85]):[#6]2:[#6](-[#85]):[#6](-[#85]):[#6](-[#85]):[#6](-[#85]):[#6]:1:2)-[#6](=[#8])-[#7](-[#85])-[#6@@](-[#85])(-[#6](-[#85])(-[#85])-[#6]1:[#6](-[#85]):[#6](-[#85]):[#6](-[#8]-[#85]):[#6](-[#85]):[#6]:1-[#85])-[#6](=[#8])-[#8]-[#85])-[#6@@](-[#85])(-[#6](-[#85])(-[#85])-[#85])-[#8]-[#85])-[#6](-[#85])(-[#6](-[#85])(-[#85])-[#85])-[#6](-[#85])(-[#85])-[#85])-[#6:168].[#6:170]-[#16:169]-[#6:177],EVODEX-P10632
EVODEX-N3587,[#85:195]-[#6:168](-[#85:196])(-[#85:197])-[#16&+](-[#6](-[#85])(-[#85])-[#6](-[#85])(-[#85])-[#6@](-[#85])(-[#7](-[#85])-[#85])-[#6](=[#8])-[#8]-[#85])-[#6](-[#85])(-[#85])-[#6@@]1(-[#85])-[#8]-[#6@@](-[#85])(-[#7]2:[#6](-[#85]):[#7]:[#6]3:[#6](-[#7](-[#85])-[#85]):[#7]:[#6](-[#85]):[#7]:[#6]:2:3)-[#6@](-[#85])(-[#8]-[#85])-[#6@]-1(-[#85])-[#8]-[#85]>>[#85]-[#6](-[#85])(-[#85])-[#7](-[#6](=[#7]-[#85])-[#7](-[#85])-[#6](-[#85])(-[#85])-[#6](-[#85])(-[#85])-[#6](-[#85])(-[#85])-[#6@](-[#85])(-[#7](-[#85])-[#6](=[#8])-[#6@]1(-[#85])-[#6](-[#85])(-[#85])-[#6](-[#85])(-[#85])-[#6](-[#85])(-[#85])-[#7]-1-[#6](=[#8])-[#6@](-[#85])(-[#6](-[#85])(-[#85])-[#6](-[#85])(-[#85])-[#6](-[#85])(-[#85])-[#7](-[#85])-[#6](=[#7]-[#85])-[#7](-[#85])-[#85])-[#7](-[#85])-[#6](=[#8])-[#6@](-[#85])(-[#6](-[#85])(-[#85])-[#8]-[#85])-[#7](-[#85])-[#6](=[#8])-[#6@](-[#85])(-[#6](-[#85])(-[#85])-[#6](-[#7](-[#85])-[#85])=[#8])-[#7](-[#85])-[#6](=[#8])-[#6@](-[#85])(-[#6](-[#85])(-[#85])-[#6]1:[#6](-[#85]):[#6](-[#85]):[#6](-[#85]):[#6](-[#85]):[#6]:1-[#85])-[#7](-[#85])-[#6](=[#8])-[#6](-[#85])(-[#85])-[#7](-[#85])-[#6](=[#8])-[#6@](-[#85])(-[#6](-[#85])(-[#85])-[#8]-[#85])-[#7](-[#85])-[#6](=[#8])-[#6@](-[#85])(-[#6](-[#85])(-[#85])-[#6]1:[#6](-[#85]):[#6](-[#85]):[#6](-[#8]-[#85]):[#6](-[#85]):[#6]:1-[#85])-[#7](-[#85])-[#6](=[#8])-[#6@@](-[#85])(-[#7](-[#85])-[#85])-[#6](-[#85])(-[#85])-[#6]1:[#6](-[#85]):[#6](-[#85]):[#6](-[#85]):[#6](-[#85]):[#6]:1-[#85])-[#6](=[#8])-[#7](-[#85])-[#6](-[#85])(-[#85])-[#6](=[#8])-[#7](-[#85])-[#6@@](-[#85])(-[#6](-[#85])(-[#85])-[#6](-[#85])(-[#85])-[#6](-[#85])(-[#85])-[#7](-[#85])-[#6](=[#7]-[#85])-[#7](-[#85])-[#85])-[#6](=[#8])-[#7](-[#85])-[#6@](-[#85])(-[#6](=[#8])-[#7](-[#85])-[#6@@](-[#85])(-[#6](-[#85])(-[#85])-[#6]1:[#6](-[#85]):[#6](-[#85]):[#6](-[#8]-[#85]):[#6](-[#85]):[#6]:1-[#85])-[#6](=[#8])-[#7](-[#85])-[#6@@](-[#85])(-[#6](-[#85])(-[#85])-[#85])-[#6](=[#8])-[#7](-[#85])-[#6@](-[#85])(-[#6](=[#8])-[#7](-[#85])-[#6@@](-[#85])(-[#6](-[#85])(-[#85])-[#8]-[#85])-[#6](=[#8])-[#7](-[#85])-[#6@@](-[#85])(-[#6](-[#85])(-[#85])-[#6]1:[#6](-[#85]):[#7](-[#85]):[#6]2:[#6](-[#85]):[#6](-[#85]):[#6](-[#85]):[#6](-[#85]):[#6]:1:2)-[#6](=[#8])-[#7](-[#85])-[#6@@](-[#85])(-[#6](-[#85])(-[#85])-[#6]1:[#6](-[#85]):[#6](-[#85]):[#6](-[#8]-[#85]):[#6](-[#85]):[#6]:1-[#85])-[#6](=[#8])-[#8]-[#85])-[#6@@](-[#85])(-[#6](-[#85])(-[#85])-[#85])-[#8]-[#85])-[#6](-[#85])(-[#6](-[#85])(-[#85])-[#85])-[#6](-[#85])(-[#85])-[#85])-[#6:168](-[#85:195])(-[#85:196])-[#85:197],EVODEX-P10634
EVODEX-N3588,[#6:61]-[#16&+:62](-[#6:63])-[#6:70]>>[#85]-[#6](-[#85])(-[#85])-[#6](-[#85])(-[#8]-[#85])-[#6@](-[#85])(-[#7](-[#85])-[#6](=[#8])-[#6@](-[#85])(-[#6](-[#85])(-[#85])-[#6](-[#85])(-[#85])-[#6](-[#85])(-[#85])-[#6](-[#85])(-[#85])-[#7](-[#85])-[#85])-[#7](-[#85])-[#6](=[#8])-[#6@](-[#85])(-[#6](-[#85])(-[#85])-[#6]1:[#6](-[#85]):[#6](-[#85]):[#6](-[#8]-[#85]):[#6](-[#85]):[#6]:1-[#85])-[#7](-[#85])-[#6](=[#8])-[#6@](-[#85])(-[#6](-[#85])(-[#85])-[#8]-[#85])-[#7](-[#85])-[#6](=[#8])-[#6@](-[#85])(-[#6](-[#85])(-[#85])-[#6](-[#7](-[#85])-[#85])=[#8])-[#7](-[#85])-[#6](=[#8])-[#6@](-[#85])(-[#6](-[#85])(-[#85])-[#16]-[#85])-[#7](-[#85])-[#6](=[#8])-[#6@@](-[#85])(-[#7](-[#85])-[#85])-[#6](-[#85])(-[#85])-[#6](-[#85])(-[#85])-[#6](-[#85])(-[#85])-[#7](-[#85])-[#6](=[#7]-[#85])-[#7](-[#85])-[#6:61])-[#6](=[#8])-[#8]-[#85].[#6:63]-[#16:62]-[#6:70],EVODEX-P10637
EVODEX-N3589,[#85:146]-[#6:61](-[#85:147])(-[#85:148])-[#16&+](-[#6](-[#85])(-[#85])-[#6](-[#85])(-[#85])-[#6@](-[#85])(-[#7](-[#85])-[#85])-[#6](=[#8])-[#8]-[#85])-[#6](-[#85])(-[#85])-[#6@@]1(-[#85])-[#8]-[#6@@](-[#85])(-[#7]2:[#6](-[#85]):[#7]:[#6]3:[#6](-[#7](-[#85])-[#85]):[#7]:[#6](-[#85]):[#7]:[#6]:2:3)-[#6@](-[#85])(-[#8]-[#85])-[#6@]-1(-[#85])-[#8]-[#85]>>[#85]-[#6](-[#85])(-[#85])-[#6](-[#85])(-[#8]-[#85])-[#6@](-[#85])(-[#7](-[#85])-[#6](=[#8])-[#6@](-[#85])(-[#6](-[#85])(-[#85])-[#6](-[#85])(-[#85])-[#6](-[#85])(-[#85])-[#6](-[#85])(-[#85])-[#7](-[#85])-[#85])-[#7](-[#85])-[#6](=[#8])-[#6@](-[#85])(-[#6](-[#85])(-[#85])-[#6]1:[#6](-[#85]):[#6](-[#85]):[#6](-[#8]-[#85]):[#6](-[#85]):[#6]:1-[#85])-[#7](-[#85])-[#6](=[#8])-[#6@](-[#85])(-[#6](-[#85])(-[#85])-[#8]-[#85])-[#7](-[#85])-[#6](=[#8])-[#6@](-[#85])(-[#6](-[#85])(-[#85])-[#6](-[#7](-[#85])-[#85])=[#8])-[#7](-[#85])-[#6](=[#8])-[#6@](-[#85])(-[#6](-[#85])(-[#85])-[#16]-[#85])-[#7](-[#85])-[#6](=[#8])-[#6@@](-[#85])(-[#7](-[#85])-[#85])-[#6](-[#85])(-[#85])-[#6](-[#85])(-[#85])-[#6](-[#85])(-[#85])-[#7](-[#85])-[#6](=[#7]-[#85])-[#7](-[#85])-[#6:61](-[#85:146])(-[#85:147])-[#85:148])-[#6](=[#8])-[#8]-[#85],EVODEX-P10640
EVODEX-N3590,[#6:32]-[#16&+:33](-[#6:34])-[#6:41]>>[#85]-[#6](-[#85])(-[#85])-[#6](=[#8])-[#7](-[#85])-[#6](-[#85])(-[#85])-[#6](=[#8])-[#7](-[#85])-[#6](-[#85])(-[#85])-[#6](=[#8])-[#7](-[#85])-[#6@@](-[#85])(-[#6](-[#85])(-[#85])-[#6](-[#85])(-[#85])-[#6](-[#85])(-[#85])-[#7](-[#85])-[#6](=[#7]-[#85])-[#7](-[#85])-[#6:32])-[#6](=[#8])-[#7](-[#85])-[#6](-[#85])(-[#85])-[#6](=[#8])-[#7](-[#85])-[#6](-[#85])(-[#85])-[#6](-[#7](-[#85])-[#85])=[#8].[#6:34]-[#16:33]-[#6:41],EVODEX-P10642
EVODEX-N3591,[#85:88]-[#6:32](-[#85:89])(-[#85:90])-[#16&+](-[#6](-[#85])(-[#85])-[#6](-[#85])(-[#85])-[#6@](-[#85])(-[#7](-[#85])-[#85])-[#6](=[#8])-[#8]-[#85])-[#6](-[#85])(-[#85])-[#6@@]1(-[#85])-[#8]-[#6@@](-[#85])(-[#7]2:[#6](-[#85]):[#7]:[#6]3:[#6](-[#7](-[#85])-[#85]):[#7]:[#6](-[#85]):[#7]:[#6]:2:3)-[#6@](-[#85])(-[#8]-[#85])-[#6@]-1(-[#85])-[#8]-[#85]>>[#85]-[#6](-[#85])(-[#85])-[#6](=[#8])-[#7](-[#85])-[#6](-[#85])(-[#85])-[#6](=[#8])-[#7](-[#85])-[#6](-[#85])(-[#85])-[#6](=[#8])-[#7](-[#85])-[#6@@](-[#85])(-[#6](-[#85])(-[#85])-[#6](-[#85])(-[#85])-[#6](-[#85])(-[#85])-[#7](-[#85])-[#6](=[#7]-[#85])-[#7](-[#85])-[#6:32](-[#85:88])(-[#85:89])-[#85:90])-[#6](=[#8])-[#7](-[#85])-[#6](-[#85])(-[#85])-[#6](=[#8])-[#7](-[#85])-[#6](-[#85])(-[#85])-[#6](-[#7](-[#85])-[#85])=[#8],EVODEX-P10645
EVODEX-N3592,[#6:27]-[#16&+:28](-[#6:29])-[#6:36]>>[#85]-[#6](-[#85])(-[#85])-[#8]-[#6]1:[#6](-[#85]):[#6](-[#6](-[#85])(-[#85])-[#6@@]2(-[#85])-[#6](=[#8])-[#8]-[#6](-[#85])(-[#85])-[#6@]-2(-[#85])-[#6](-[#85])(-[#85])-[#6]2:[#6](-[#85]):[#6](-[#85]):[#6]3:[#6](:[#6]:2-[#85])-[#8]-[#6](-[#85])(-[#85])-[#8]-3):[#6](-[#85]):[#6](-[#85]):[#6]:1-[#8]-[#6:27].[#6:29]-[#16:28]-[#6:36],EVODEX-P10647
EVODEX-N3593,[#85:74]-[#6:27](-[#85:75])(-[#85:76])-[#16&+](-[#6](-[#85])(-[#85])-[#6](-[#85])(-[#85])-[#6@](-[#85])(-[#7](-[#85])-[#85])-[#6](=[#8])-[#8]-[#85])-[#6](-[#85])(-[#85])-[#6@@]1(-[#85])-[#8]-[#6@@](-[#85])(-[#7]2:[#6](-[#85]):[#7]:[#6]3:[#6](-[#7](-[#85])-[#85]):[#7]:[#6](-[#85]):[#7]:[#6]:2:3)-[#6@](-[#85])(-[#8]-[#85])-[#6@]-1(-[#85])-[#8]-[#85]>>[#85]-[#6](-[#85])(-[#85])-[#8]-[#6]1:[#6](-[#85]):[#6](-[#6](-[#85])(-[#85])-[#6@@]2(-[#85])-[#6](=[#8])-[#8]-[#6](-[#85])(-[#85])-[#6@]-2(-[#85])-[#6](-[#85])(-[#85])-[#6]2:[#6](-[#85]):[#6](-[#85]):[#6]3:[#6](:[#6]:2-[#85])-[#8]-[#6](-[#85])(-[#85])-[#8]-3):[#6](-[#85]):[#6](-[#85]):[#6]:1-[#8]-[#6:27](-[#85:74])(-[#85:75])-[#85:76],EVODEX-P10650
EVODEX-N3594,[#6:19]-[#16&+:20](-[#6:21])-[#6:28]>>[#85]-[#6](-[#85])(-[#85])/[#6](=[#6](/[#85])-[#6](=[#8])-[#8]-[#6:19])-[#6](-[#85])(-[#85])-[#6](-[#85])(-[#85])/[#6](-[#85])=[#6](\[#6](-[#85])(-[#85])-[#85])-[#6](-[#85])(-[#85])-[#6](-[#85])(-[#85])-[#6@@]1(-[#85])-[#8]-[#6]-1(-[#6](-[#85])(-[#85])-[#85])-[#6](-[#85])(-[#85])-[#85].[#6:21]-[#16:20]-[#6:28],EVODEX-P10652
EVODEX-N3595,[#85:46]-[#6:19](-[#85:47])(-[#85:48])-[#16&+](-[#6](-[#85])(-[#85])-[#6](-[#85])(-[#85])-[#6@](-[#85])(-[#7](-[#85])-[#85])-[#6](=[#8])-[#8]-[#85])-[#6](-[#85])(-[#85])-[#6@@]1(-[#85])-[#8]-[#6@@](-[#85])(-[#7]2:[#6](-[#85]):[#7]:[#6]3:[#6](-[#7](-[#85])-[#85]):[#7]:[#6](-[#85]):[#7]:[#6]:2:3)-[#6@](-[#85])(-[#8]-[#85])-[#6@]-1(-[#85])-[#8]-[#85]>>[#85]-[#6](-[#85])(-[#85])/[#6](=[#6](/[#85])-[#6](=[#8])-[#8]-[#6:19](-[#85:46])(-[#85:47])-[#85:48])-[#6](-[#85])(-[#85])-[#6](-[#85])(-[#85])/[#6](-[#85])=[#6](\[#6](-[#85])(-[#85])-[#85])-[#6](-[#85])(-[#85])-[#6](-[#85])(-[#85])-[#6@@]1(-[#85])-[#8]-[#6]-1(-[#6](-[#85])(-[#85])-[#85])-[#6](-[#85])(-[#85])-[#85],EVODEX-P10654
EVODEX-N3596,[#6:18]-[#16&+:19](-[#6:20])-[#6:27]>>[#85]-[#6](-[#85])(-[#85])-[#6](-[#6](-[#85])(-[#85])-[#85])=[#6](-[#85])-[#6](-[#85])(-[#85])-[#6](-[#85])(-[#85])/[#6](-[#6](-[#85])(-[#85])-[#85])=[#6](\[#85])-[#6](-[#85])(-[#85])-[#6](-[#85])(-[#85])/[#6](-[#6](-[#85])(-[#85])-[#85])=[#6](\[#85])-[#6](=[#8])-[#8]-[#6:18].[#6:20]-[#16:19]-[#6:27],EVODEX-P10657
EVODEX-N3597,[#85:45]-[#6:18](-[#85:46])(-[#85:47])-[#16&+](-[#6](-[#85])(-[#85])-[#6](-[#85])(-[#85])-[#6@](-[#85])(-[#7](-[#85])-[#85])-[#6](=[#8])-[#8]-[#85])-[#6](-[#85])(-[#85])-[#6@@]1(-[#85])-[#8]-[#6@@](-[#85])(-[#7]2:[#6](-[#85]):[#7]:[#6]3:[#6](-[#7](-[#85])-[#85]):[#7]:[#6](-[#85]):[#7]:[#6]:2:3)-[#6@](-[#85])(-[#8]-[#85])-[#6@]-1(-[#85])-[#8]-[#85]>>[#85]-[#6](-[#85])(-[#85])-[#6](-[#6](-[#85])(-[#85])-[#85])=[#6](-[#85])-[#6](-[#85])(-[#85])-[#6](-[#85])(-[#85])/[#6](-[#6](-[#85])(-[#85])-[#85])=[#6](\[#85])-[#6](-[#85])(-[#85])-[#6](-[#85])(-[#85])/[#6](-[#6](-[#85])(-[#85])-[#85])=[#6](\[#85])-[#6](=[#8])-[#8]-[#6:18](-[#85:45])(-[#85:46])-[#85:47],EVODEX-P10659
EVODEX-N3598,[#85:46]-[#6:19](-[#85:47])(-[#85:48])-[#16&+:20](-[#6:21])-[#6:28].[#6:14]=[#7:15]-[#85]>>[#6:14]=[#7:15]-[#6:19](-[#85:46])(-[#85:47])-[#85:48].[#6:21]-[#16:20]-[#6:28],EVODEX-P10661
EVODEX-N3599,[#6:19]-[#16&+:20](-[#6:21])-[#6:28]>>[#85]-[#6](-[#85])(-[#85])-[#6@](-[#85])(-[#6]1:[#6](-[#85]):[#7](-[#85]):[#6]2:[#6](-[#85]):[#6](-[#85]):[#6](-[#85]):[#6](-[#85]):[#6]:1:2)-[#6@]1(-[#85])-[#8]-[#6](=[#7]-[#6:19])-[#7](-[#85])-[#6]-1=[#8].[#6:21]-[#16:20]-[#6:28],EVODEX-P10662
EVODEX-N3600,[#85:46]-[#6:19](-[#85:47])(-[#85:48])-[#16&+](-[#6](-[#85])(-[#85])-[#6](-[#85])(-[#85])-[#6@](-[#85])(-[#7](-[#85])-[#85])-[#6](=[#8])-[#8]-[#85])-[#6](-[#85])(-[#85])-[#6@@]1(-[#85])-[#8]-[#6@@](-[#85])(-[#7]2:[#6](-[#85]):[#7]:[#6]3:[#6](-[#7](-[#85])-[#85]):[#7]:[#6](-[#85]):[#7]:[#6]:2:3)-[#6@](-[#85])(-[#8]-[#85])-[#6@]-1(-[#85])-[#8]-[#85].[#6:14]=[#7:15]-[#85]>>[#6:14]=[#7:15]-[#6:19](-[#85:46])(-[#85:47])-[#85:48],EVODEX-P10663
EVODEX-N3601,[#85:46]-[#6:19](-[#85:47])(-[#85:48])-[#16&+](-[#6](-[#85])(-[#85])-[#6](-[#85])(-[#85])-[#6@](-[#85])(-[#7](-[#85])-[#85])-[#6](=[#8])-[#8]-[#85])-[#6](-[#85])(-[#85])-[#6@@]1(-[#85])-[#8]-[#6@@](-[#85])(-[#7]2:[#6](-[#85]):[#7]:[#6]3:[#6](-[#7](-[#85])-[#85]):[#7]:[#6](-[#85]):[#7]:[#6]:2:3)-[#6@](-[#85])(-[#8]-[#85])-[#6@]-1(-[#85])-[#8]-[#85]>>[#85]-[#6](-[#85])(-[#85])-[#6@](-[#85])(-[#6]1:[#6](-[#85]):[#7](-[#85]):[#6]2:[#6](-[#85]):[#6](-[#85]):[#6](-[#85]):[#6](-[#85]):[#6]:1:2)-[#6@]1(-[#85])-[#8]-[#6](=[#7]-[#6:19](-[#85:46])(-[#85:47])-[#85:48])-[#7](-[#85])-[#6]-1=[#8],EVODEX-P10664
EVODEX-N3602,[H][N:15]=[C:14]>>[H]C([H])([H])[N:15]=[C:14],EVODEX-P10665
EVODEX-N3603,[#6:33]-[#16&+:34](-[#6:35])-[#6:42]>>[#85]-[#6](-[#85])(-[#85])/[#6](=[#6](/[#85])-[#6](-[#85])(-[#85])-[#6]1:[#6](-[#6:33]):[#6](-[#8]-[#85]):[#6]2:[#6](-[#85]):[#6](-[#85]):[#6](-[#85]):[#6](-[#85]):[#6]:2:[#6]:1-[#8]-[#85])-[#6](-[#85])(-[#85])-[#6](-[#85])(-[#85])-[#6](-[#85])(-[#85])-[#6@](-[#85])(-[#6](-[#85])(-[#85])-[#85])-[#6](-[#85])(-[#85])-[#6](-[#85])(-[#85])-[#6](-[#85])(-[#85])-[#6@](-[#85])(-[#6](-[#85])(-[#85])-[#85])-[#6](-[#85])(-[#85])-[#6](-[#85])(-[#85])-[#6](-[#85])(-[#85])-[#6](-[#85])(-[#6](-[#85])(-[#85])-[#85])-[#6](-[#85])(-[#85])-[#85].[#6:35]-[#16:34]-[#6:42],EVODEX-P10667
EVODEX-N3604,[#85:106]-[#6:33](-[#85:107])(-[#85:108])-[#16&+](-[#6](-[#85])(-[#85])-[#6](-[#85])(-[#85])-[#6@](-[#85])(-[#7](-[#85])-[#85])-[#6](=[#8])-[#8]-[#85])-[#6](-[#85])(-[#85])-[#6@@]1(-[#85])-[#8]-[#6@@](-[#85])(-[#7]2:[#6](-[#85]):[#7]:[#6]3:[#6](-[#7](-[#85])-[#85]):[#7]:[#6](-[#85]):[#7]:[#6]:2:3)-[#6@](-[#85])(-[#8]-[#85])-[#6@]-1(-[#85])-[#8]-[#85]>>[#85]-[#6](-[#85])(-[#85])/[#6](=[#6](/[#85])-[#6](-[#85])(-[#85])-[#6]1:[#6](-[#6:33](-[#85:106])(-[#85:107])-[#85:108]):[#6](-[#8]-[#85]):[#6]2:[#6](-[#85]):[#6](-[#85]):[#6](-[#85]):[#6](-[#85]):[#6]:2:[#6]:1-[#8]-[#85])-[#6](-[#85])(-[#85])-[#6](-[#85])(-[#85])-[#6](-[#85])(-[#85])-[#6@](-[#85])(-[#6](-[#85])(-[#85])-[#85])-[#6](-[#85])(-[#85])-[#6](-[#85])(-[#85])-[#6](-[#85])(-[#85])-[#6@](-[#85])(-[#6](-[#85])(-[#85])-[#85])-[#6](-[#85])(-[#85])-[#6](-[#85])(-[#85])-[#6](-[#85])(-[#85])-[#6](-[#85])(-[#6](-[#85])(-[#85])-[#85])-[#6](-[#85])(-[#85])-[#85],EVODEX-P10670
EVODEX-N3605,[#6:29]-[#16&+:30](-[#6:31])-[#6:38]>>[#85]-[#6](-[#85])(-[#85])-[#8]-[#6]1:[#6](-[#85]):[#6](-[#6](-[#85])(-[#85])-[#6@@]2(-[#85])-[#6](=[#8])-[#8]-[#6](-[#85])(-[#85])-[#6@]-2(-[#85])-[#6](-[#85])(-[#85])-[#6]2:[#6](-[#85]):[#6](-[#85]):[#6]3:[#6](:[#6]:2-[#85])-[#8]-[#6](-[#85])(-[#85])-[#8]-3):[#6](-[#85]):[#6](-[#8]-[#6:29]):[#6]:1-[#8]-[#6](-[#85])(-[#85])-[#85].[#6:31]-[#16:30]-[#6:38],EVODEX-P10672
EVODEX-N3606,[#85:78]-[#6:29](-[#85:79])(-[#85:80])-[#16&+](-[#6](-[#85])(-[#85])-[#6](-[#85])(-[#85])-[#6@](-[#85])(-[#7](-[#85])-[#85])-[#6](=[#8])-[#8]-[#85])-[#6](-[#85])(-[#85])-[#6@@]1(-[#85])-[#8]-[#6@@](-[#85])(-[#7]2:[#6](-[#85]):[#7]:[#6]3:[#6](-[#7](-[#85])-[#85]):[#7]:[#6](-[#85]):[#7]:[#6]:2:3)-[#6@](-[#85])(-[#8]-[#85])-[#6@]-1(-[#85])-[#8]-[#85]>>[#85]-[#6](-[#85])(-[#85])-[#8]-[#6]1:[#6](-[#85]):[#6](-[#6](-[#85])(-[#85])-[#6@@]2(-[#85])-[#6](=[#8])-[#8]-[#6](-[#85])(-[#85])-[#6@]-2(-[#85])-[#6](-[#85])(-[#85])-[#6]2:[#6](-[#85]):[#6](-[#85]):[#6]3:[#6](:[#6]:2-[#85])-[#8]-[#6](-[#85])(-[#85])-[#8]-3):[#6](-[#85]):[#6](-[#8]-[#6:29](-[#85:78])(-[#85:79])-[#85:80]):[#6]:1-[#8]-[#6](-[#85])(-[#85])-[#85],EVODEX-P10675
EVODEX-N3607,[#85:34]-[#6:3](-[#85:35])(-[#85:36])-[#16&+](-[#6](-[#85])(-[#85])-[#6](-[#85])(-[#85])-[#6@](-[#85])(-[#7](-[#85])-[#85])-[#6](=[#8])-[#8]-[#85])-[#6](-[#85])(-[#85])-[#6@@]1(-[#85])-[#8]-[#6@@](-[#85])(-[#7]2:[#6](-[#85]):[#7]:[#6]3:[#6](-[#7](-[#85])-[#85]):[#7]:[#6](-[#85]):[#7]:[#6]:2:3)-[#6@](-[#85])(-[#8]-[#85])-[#6@]-1(-[#85])-[#8]-[#85]>>[#85]-[#6](-[#85])(-[#85])-[#16]-[#6:3](-[#85:34])(-[#85:35])-[#85:36],EVODEX-P10680
EVODEX-N3608,[#6:1]-[#16&+:2](-[#6:3])-[#6:10]>>[#6:1]-[#7](-[#85])-[#6@]1(-[#85])-[#6](=[#8])-[#6](-[#6](-[#7](-[#85])-[#85])=[#8])=[#6](-[#8]-[#85])-[#6@@]2(-[#8]-[#85])-[#6](=[#8])-[#6]3:[#6](:[#6](-[#6](-[#85])(-[#85])-[#85]):[#6]4:[#6](:[#6]:3-[#8]-[#85]):[#6](-[#8]-[#85]):[#6](-[#85]):[#6](-[#85]):[#6]:4-[#85])-[#6](-[#85])(-[#85])-[#6@@]-1-2-[#85].[#6:3]-[#16:2]-[#6:10],EVODEX-P10682
EVODEX-N3609,[#85:57]-[#6:1](-[#85:58])(-[#85:59])-[#16&+](-[#6](-[#85])(-[#85])-[#6](-[#85])(-[#85])-[#6@](-[#85])(-[#7](-[#85])-[#85])-[#6](=[#8])-[#8]-[#85])-[#6](-[#85])(-[#85])-[#6@@]1(-[#85])-[#8]-[#6@@](-[#85])(-[#7]2:[#6](-[#85]):[#7]:[#6]3:[#6](-[#7](-[#85])-[#85]):[#7]:[#6](-[#85]):[#7]:[#6]:2:3)-[#6@](-[#85])(-[#8]-[#85])-[#6@]-1(-[#85])-[#8]-[#85]>>[#85:57]-[#6:1](-[#85:58])(-[#85:59])-[#7](-[#85])-[#6@]1(-[#85])-[#6](=[#8])-[#6](-[#6](-[#7](-[#85])-[#85])=[#8])=[#6](-[#8]-[#85])-[#6@@]2(-[#8]-[#85])-[#6](=[#8])-[#6]3:[#6](:[#6](-[#6](-[#85])(-[#85])-[#85]):[#6]4:[#6](:[#6]:3-[#8]-[#85]):[#6](-[#8]-[#85]):[#6](-[#85]):[#6](-[#85]):[#6]:4-[#85])-[#6](-[#85])(-[#85])-[#6@@]-1-2-[#85],EVODEX-P10684
EVODEX-N3610,[#6:31]-[#16&+:32](-[#6:33])-[#6:40]>>[#85]-[#6](-[#85])(-[#85])-[#7](-[#6@]1(-[#85])-[#6](=[#8])-[#6](-[#6](-[#7](-[#85])-[#85])=[#8])=[#6](-[#8]-[#85])-[#6@@]2(-[#8]-[#85])-[#6](=[#8])-[#6]3:[#6](:[#6](-[#6](-[#85])(-[#85])-[#85]):[#6]4:[#6](-[#85]):[#6](-[#85]):[#6](-[#85]):[#6](-[#8]-[#85]):[#6]:4:[#6]:3-[#8]-[#85])-[#6](-[#85])(-[#85])-[#6@@]-1-2-[#85])-[#6:31].[#6:33]-[#16:32]-[#6:40],EVODEX-P10687
EVODEX-N3611,[#85:78]-[#6:31](-[#85:79])(-[#85:80])-[#16&+](-[#6](-[#85])(-[#85])-[#6](-[#85])(-[#85])-[#6@](-[#85])(-[#7](-[#85])-[#85])-[#6](=[#8])-[#8]-[#85])-[#6](-[#85])(-[#85])-[#6@@]1(-[#85])-[#8]-[#6@@](-[#85])(-[#7]2:[#6](-[#85]):[#7]:[#6]3:[#6](-[#7](-[#85])-[#85]):[#7]:[#6](-[#85]):[#7]:[#6]:2:3)-[#6@](-[#85])(-[#8]-[#85])-[#6@]-1(-[#85])-[#8]-[#85]>>[#85]-[#6](-[#85])(-[#85])-[#7](-[#6@]1(-[#85])-[#6](=[#8])-[#6](-[#6](-[#7](-[#85])-[#85])=[#8])=[#6](-[#8]-[#85])-[#6@@]2(-[#8]-[#85])-[#6](=[#8])-[#6]3:[#6](:[#6](-[#6](-[#85])(-[#85])-[#85]):[#6]4:[#6](-[#85]):[#6](-[#85]):[#6](-[#85]):[#6](-[#8]-[#85]):[#6]:4:[#6]:3-[#8]-[#85])-[#6](-[#85])(-[#85])-[#6@@]-1-2-[#85])-[#6:31](-[#85:78])(-[#85:79])-[#85:80],EVODEX-P10690
EVODEX-N3612,[#6:1]-[#16&+:2](-[#6:3])-[#6:10]>>[#6:1]-[#8]-[#6]1:[#6](-[#85]):[#6](-[#85]):[#6](-[#6](-[#85])(-[#85])-[#7](-[#85])-[#6](-[#85])(-[#85])-[#6](-[#85])(-[#85])-[#6]2:[#6](-[#85]):[#6](-[#85]):[#6](-[#8]-[#85]):[#6](-[#85]):[#6]:2-[#85]):[#6](-[#85]):[#6]:1-[#8]-[#85].[#6:3]-[#16:2]-[#6:10],EVODEX-P10692
EVODEX-N3613,[#85:47]-[#6:1](-[#85:48])(-[#85:49])-[#16&+](-[#6](-[#85])(-[#85])-[#6](-[#85])(-[#85])-[#6@](-[#85])(-[#7](-[#85])-[#85])-[#6](=[#8])-[#8]-[#85])-[#6](-[#85])(-[#85])-[#6@@]1(-[#85])-[#8]-[#6@@](-[#85])(-[#7]2:[#6](-[#85]):[#7]:[#6]3:[#6](-[#7](-[#85])-[#85]):[#7]:[#6](-[#85]):[#7]:[#6]:2:3)-[#6@](-[#85])(-[#8]-[#85])-[#6@]-1(-[#85])-[#8]-[#85]>>[#85:47]-[#6:1](-[#85:48])(-[#85:49])-[#8]-[#6]1:[#6](-[#85]):[#6](-[#85]):[#6](-[#6](-[#85])(-[#85])-[#7](-[#85])-[#6](-[#85])(-[#85])-[#6](-[#85])(-[#85])-[#6]2:[#6](-[#85]):[#6](-[#85]):[#6](-[#8]-[#85]):[#6](-[#85]):[#6]:2-[#85]):[#6](-[#85]):[#6]:1-[#8]-[#85],EVODEX-P10694
EVODEX-N3614,[#6:26]-[#16&+:27](-[#6:28])-[#6:35]>>[#85]-[#6](-[#85])(-[#85])-[#6](-[#6](-[#85])(-[#85])-[#85])=[#6](-[#85])-[#6](-[#85])(-[#85])-[#6]1:[#6](-[#8]-[#85]):[#6](-[#85]):[#6](-[#8]-[#6:26]):[#6](-[#6](=[#8])/[#6](-[#85])=[#6](\[#85])-[#6]2:[#6](-[#85]):[#6](-[#85]):[#6](-[#8]-[#85]):[#6](-[#85]):[#6]:2-[#85]):[#6]:1-[#8]-[#85].[#6:28]-[#16:27]-[#6:35],EVODEX-P10707
EVODEX-N3615,[#85:73]-[#6:26](-[#85:74])(-[#85:75])-[#16&+](-[#6](-[#85])(-[#85])-[#6](-[#85])(-[#85])-[#6@](-[#85])(-[#7](-[#85])-[#85])-[#6](=[#8])-[#8]-[#85])-[#6](-[#85])(-[#85])-[#6@@]1(-[#85])-[#8]-[#6@@](-[#85])(-[#7]2:[#6](-[#85]):[#7]:[#6]3:[#6](-[#7](-[#85])-[#85]):[#7]:[#6](-[#85]):[#7]:[#6]:2:3)-[#6@](-[#85])(-[#8]-[#85])-[#6@]-1(-[#85])-[#8]-[#85]>>[#85]-[#6](-[#85])(-[#85])-[#6](-[#6](-[#85])(-[#85])-[#85])=[#6](-[#85])-[#6](-[#85])(-[#85])-[#6]1:[#6](-[#8]-[#85]):[#6](-[#85]):[#6](-[#8]-[#6:26](-[#85:73])(-[#85:74])-[#85:75]):[#6](-[#6](=[#8])/[#6](-[#85])=[#6](\[#85])-[#6]2:[#6](-[#85]):[#6](-[#85]):[#6](-[#8]-[#85]):[#6](-[#85]):[#6]:2-[#85]):[#6]:1-[#8]-[#85],EVODEX-P10710
EVODEX-N3616,[#6:26]-[#16&+:27](-[#6:28])-[#6:35]>>[#85]-[#6](-[#85])(-[#85])-[#6](-[#6](-[#85])(-[#85])-[#85])=[#6](-[#85])-[#6](-[#85])(-[#85])-[#6]1:[#6](-[#8]-[#6:26]):[#6](-[#85]):[#6](-[#8]-[#85]):[#6](-[#6](=[#8])/[#6](-[#85])=[#6](\[#85])-[#6]2:[#6](-[#85]):[#6](-[#85]):[#6](-[#8]-[#85]):[#6](-[#85]):[#6]:2-[#85]):[#6]:1-[#8]-[#85].[#6:28]-[#16:27]-[#6:35],EVODEX-P10712
EVODEX-N3617,[#85:73]-[#6:26](-[#85:74])(-[#85:75])-[#16&+](-[#6](-[#85])(-[#85])-[#6](-[#85])(-[#85])-[#6@](-[#85])(-[#7](-[#85])-[#85])-[#6](=[#8])-[#8]-[#85])-[#6](-[#85])(-[#85])-[#6@@]1(-[#85])-[#8]-[#6@@](-[#85])(-[#7]2:[#6](-[#85]):[#7]:[#6]3:[#6](-[#7](-[#85])-[#85]):[#7]:[#6](-[#85]):[#7]:[#6]:2:3)-[#6@](-[#85])(-[#8]-[#85])-[#6@]-1(-[#85])-[#8]-[#85]>>[#85]-[#6](-[#85])(-[#85])-[#6](-[#6](-[#85])(-[#85])-[#85])=[#6](-[#85])-[#6](-[#85])(-[#85])-[#6]1:[#6](-[#8]-[#6:26](-[#85:73])(-[#85:74])-[#85:75]):[#6](-[#85]):[#6](-[#8]-[#85]):[#6](-[#6](=[#8])/[#6](-[#85])=[#6](\[#85])-[#6]2:[#6](-[#85]):[#6](-[#85]):[#6](-[#8]-[#85]):[#6](-[#85]):[#6]:2-[#85]):[#6]:1-[#8]-[#85],EVODEX-P10715
EVODEX-N3618,[#6:27]-[#16&+:28](-[#6:29])-[#6:36]>>[#85]-[#6](-[#85])(-[#85])-[#8]-[#6]1:[#6](-[#85]):[#6](-[#8]-[#6:27]):[#6](-[#6](-[#85])(-[#85])-[#6](-[#85])=[#6](-[#6](-[#85])(-[#85])-[#85])-[#6](-[#85])(-[#85])-[#85]):[#6](-[#8]-[#85]):[#6]:1-[#6](=[#8])/[#6](-[#85])=[#6](\[#85])-[#6]1:[#6](-[#85]):[#6](-[#85]):[#6](-[#8]-[#85]):[#6](-[#85]):[#6]:1-[#85].[#6:29]-[#16:28]-[#6:36],EVODEX-P10717
EVODEX-N3619,[#85:76]-[#6:27](-[#85:77])(-[#85:78])-[#16&+](-[#6](-[#85])(-[#85])-[#6](-[#85])(-[#85])-[#6@](-[#85])(-[#7](-[#85])-[#85])-[#6](=[#8])-[#8]-[#85])-[#6](-[#85])(-[#85])-[#6@@]1(-[#85])-[#8]-[#6@@](-[#85])(-[#7]2:[#6](-[#85]):[#7]:[#6]3:[#6](-[#7](-[#85])-[#85]):[#7]:[#6](-[#85]):[#7]:[#6]:2:3)-[#6@](-[#85])(-[#8]-[#85])-[#6@]-1(-[#85])-[#8]-[#85]>>[#85]-[#6](-[#85])(-[#85])-[#8]-[#6]1:[#6](-[#85]):[#6](-[#8]-[#6:27](-[#85:76])(-[#85:77])-[#85:78]):[#6](-[#6](-[#85])(-[#85])-[#6](-[#85])=[#6](-[#6](-[#85])(-[#85])-[#85])-[#6](-[#85])(-[#85])-[#85]):[#6](-[#8]-[#85]):[#6]:1-[#6](=[#8])/[#6](-[#85])=[#6](\[#85])-[#6]1:[#6](-[#85]):[#6](-[#85]):[#6](-[#8]-[#85]):[#6](-[#85]):[#6]:1-[#85],EVODEX-P10720
EVODEX-N3620,[#6:1]-[#16&+:2](-[#6:3])-[#6:10]>>[#6:1]-[#7](-[#85])-[#6](-[#85])(-[#85])-[#6]1:[#6](-[#85]):[#7](-[#85]):[#6]2:[#6](-[#85]):[#6](-[#85]):[#6](-[#85]):[#6](-[#85]):[#6]:1:2.[#6:3]-[#16:2]-[#6:10],EVODEX-P10722
EVODEX-N3621,[#85:39]-[#6:1](-[#85:40])(-[#85:41])-[#16&+](-[#6](-[#85])(-[#85])-[#6](-[#85])(-[#85])-[#6@](-[#85])(-[#7](-[#85])-[#85])-[#6](=[#8])-[#8]-[#85])-[#6](-[#85])(-[#85])-[#6@@]1(-[#85])-[#8]-[#6@@](-[#85])(-[#7]2:[#6](-[#85]):[#7]:[#6]3:[#6](-[#7](-[#85])-[#85]):[#7]:[#6](-[#85]):[#7]:[#6]:2:3)-[#6@](-[#85])(-[#8]-[#85])-[#6@]-1(-[#85])-[#8]-[#85]>>[#85:39]-[#6:1](-[#85:40])(-[#85:41])-[#7](-[#85])-[#6](-[#85])(-[#85])-[#6]1:[#6](-[#85]):[#7](-[#85]):[#6]2:[#6](-[#85]):[#6](-[#85]):[#6](-[#85]):[#6](-[#85]):[#6]:1:2,EVODEX-P10724
EVODEX-N3622,[#6:1]-[#16&+:2](-[#6:3])-[#6:10]>>[#6:1]-[#7]1:[#6](-[#85]):[#6](-[#6](-[#85])(-[#85])-[#7](-[#85])-[#85]):[#6]2:[#6]:1:[#6](-[#85]):[#6](-[#85]):[#6](-[#85]):[#6]:2-[#85].[#6:3]-[#16:2]-[#6:10],EVODEX-P10727
EVODEX-N3623,[#85:39]-[#6:1](-[#85:40])(-[#85:41])-[#16&+](-[#6](-[#85])(-[#85])-[#6](-[#85])(-[#85])-[#6@](-[#85])(-[#7](-[#85])-[#85])-[#6](=[#8])-[#8]-[#85])-[#6](-[#85])(-[#85])-[#6@@]1(-[#85])-[#8]-[#6@@](-[#85])(-[#7]2:[#6](-[#85]):[#7]:[#6]3:[#6](-[#7](-[#85])-[#85]):[#7]:[#6](-[#85]):[#7]:[#6]:2:3)-[#6@](-[#85])(-[#8]-[#85])-[#6@]-1(-[#85])-[#8]-[#85]>>[#85:39]-[#6:1](-[#85:40])(-[#85:41])-[#7]1:[#6](-[#85]):[#6](-[#6](-[#85])(-[#85])-[#7](-[#85])-[#85]):[#6]2:[#6]:1:[#6](-[#85]):[#6](-[#85]):[#6](-[#85]):[#6]:2-[#85],EVODEX-P10729
EVODEX-N3624,[C:1]([O:2])([H:45])([H:46])[H:47].[H][N:21]([C:17])[C:22]>>[C:1]([N:21]([C:17])[C:22])([H:45])([H:46])[H:47].[H][O:2],"EVODEX-P10731,EVODEX-P10735"
EVODEX-N3625,[H]OC(=O)C1:C([H]):C([H]):C(O[H]):C(O[C:1]([H:45])([H:46])[H:47]):C:1[H].[H][N:21]([C:17])[C:22]>>[C:1]([N:21]([C:17])[C:22])([H:45])([H:46])[H:47],EVODEX-P10732
EVODEX-N3626,[H]OC(=O)C1:C([H]):C([H]):C(O[H]):C(O[C:1]([H:45])([H:46])[H:47]):C:1[H]>>[H]N=C1:N([H]):C2:C(:C(=O):N:1[H])N([C:1]([H:45])([H:46])[H:47])[C@@]([H])(C([H])([H])N([H])C1:C([H]):C([H]):C(C(=O)N([H])[C@]([H])(C(=O)O[H])C([H])([H])C([H])([H])C(=O)O[H]):C([H]):C:1[H])C([H])([H])N2[H],EVODEX-P10733
EVODEX-N3627,>>[H]N=C1:N([H]):C2:C(:C(=O):N:1[H])N[C@@]([H])(C([H])([H])N([H])C1:C([H]):C([H]):C(C(=O)N([H])[C@]([H])(C(=O)O[H])C([H])([H])C([H])([H])C(=O)O[H]):C([H]):C:1[H])C([H])([H])N2[H].[H],"EVODEX-P10734,EVODEX-P10739,EVODEX-P10818,EVODEX-P10844,EVODEX-P10854,EVODEX-P10866,EVODEX-P10871,EVODEX-P10883,EVODEX-P10916,EVODEX-P10938"
EVODEX-N3628,[H]OC(=O)C1:C([H]):C(OC([H])([H])[H]):C(O[H]):C(O[C:1]([H:47])([H:48])[H:49]):C:1[H].[H][N:23]([C:19])[C:24]>>[C:1]([N:23]([C:19])[C:24])([H:47])([H:48])[H:49],EVODEX-P10737
EVODEX-N3629,[H]OC(=O)C1:C([H]):C(OC([H])([H])[H]):C(O[H]):C(O[C:1]([H:47])([H:48])[H:49]):C:1[H]>>[H]N=C1:N([H]):C2:C(:C(=O):N:1[H])N([C:1]([H:47])([H:48])[H:49])[C@@]([H])(C([H])([H])N([H])C1:C([H]):C([H]):C(C(=O)N([H])[C@]([H])(C(=O)O[H])C([H])([H])C([H])([H])C(=O)O[H]):C([H]):C:1[H])C([H])([H])N2[H],EVODEX-P10738
EVODEX-N3630,[#6:19]-[#16&+:20](-[#6:21])-[#6:28]>>[#85]-[#6](-[#85])(-[#85])-[#7](-[#6](-[#85])(-[#85])-[#6](-[#85])(-[#85])-[#6]1:[#6](-[#85]):[#7](-[#85]):[#6]2:[#6](-[#85]):[#6](-[#85]):[#6](-[#85]):[#6](-[#8]-[#15](=[#8])(-[#8]-[#85])-[#8]-[#85]):[#6]:1:2)-[#6:19].[#6:21]-[#16:20]-[#6:28],EVODEX-P10741
EVODEX-N3631,[#85:46]-[#6:19](-[#85:47])(-[#85:48])-[#16&+](-[#6](-[#85])(-[#85])-[#6](-[#85])(-[#85])-[#6@](-[#85])(-[#7](-[#85])-[#85])-[#6](=[#8])-[#8]-[#85])-[#6](-[#85])(-[#85])-[#6@@]1(-[#85])-[#8]-[#6@@](-[#85])(-[#7]2:[#6](-[#85]):[#7]:[#6]3:[#6](-[#7](-[#85])-[#85]):[#7]:[#6](-[#85]):[#7]:[#6]:2:3)-[#6@](-[#85])(-[#8]-[#85])-[#6@]-1(-[#85])-[#8]-[#85]>>[#85]-[#6](-[#85])(-[#85])-[#7](-[#6](-[#85])(-[#85])-[#6](-[#85])(-[#85])-[#6]1:[#6](-[#85]):[#7](-[#85]):[#6]2:[#6](-[#85]):[#6](-[#85]):[#6](-[#85]):[#6](-[#8]-[#15](=[#8])(-[#8]-[#85])-[#8]-[#85]):[#6]:1:2)-[#6:19](-[#85:46])(-[#85:47])-[#85:48],EVODEX-P10743
EVODEX-N3632,[#6:1]-[#16&+:2](-[#6:3])-[#6:10]>>[#6:1]-[#7](-[#85])-[#6](-[#85])(-[#85])-[#6](-[#85])(-[#85])-[#6]1:[#6](-[#85]):[#7](-[#85]):[#6]2:[#6](-[#85]):[#6](-[#85]):[#6](-[#85]):[#6](-[#8]-[#15](=[#8])(-[#8]-[#85])-[#8]-[#85]):[#6]:1:2.[#6:3]-[#16:2]-[#6:10],EVODEX-P10746
EVODEX-N3633,[#85:45]-[#6:1](-[#85:46])(-[#85:47])-[#16&+](-[#6](-[#85])(-[#85])-[#6](-[#85])(-[#85])-[#6@](-[#85])(-[#7](-[#85])-[#85])-[#6](=[#8])-[#8]-[#85])-[#6](-[#85])(-[#85])-[#6@@]1(-[#85])-[#8]-[#6@@](-[#85])(-[#7]2:[#6](-[#85]):[#7]:[#6]3:[#6](-[#7](-[#85])-[#85]):[#7]:[#6](-[#85]):[#7]:[#6]:2:3)-[#6@](-[#85])(-[#8]-[#85])-[#6@]-1(-[#85])-[#8]-[#85]>>[#85:45]-[#6:1](-[#85:46])(-[#85:47])-[#7](-[#85])-[#6](-[#85])(-[#85])-[#6](-[#85])(-[#85])-[#6]1:[#6](-[#85]):[#7](-[#85]):[#6]2:[#6](-[#85]):[#6](-[#85]):[#6](-[#85]):[#6](-[#8]-[#15](=[#8])(-[#8]-[#85])-[#8]-[#85]):[#6]:1:2,EVODEX-P10748
EVODEX-N3634,[#6:22]-[#16&+:23](-[#6:24])-[#6:31]>>[#85]-[#6](-[#85])=[#6](-[#85])-[#6](-[#6](-[#85])(-[#85])-[#85])(-[#8]-[#6:22])-[#6](-[#85])(-[#85])-[#6](-[#85])(-[#85])-[#6@]1(-[#6](-[#85])(-[#85])-[#85])-[#6@@](-[#85])(-[#6](-[#85])(-[#85])-[#85])-[#6](-[#85])(-[#85])-[#6](-[#85])(-[#85])-[#6@]2(-[#6](-[#85])(-[#85])-[#85])-[#6](-[#6](-[#85])(-[#85])-[#85])=[#6](-[#85])-[#6](-[#85])(-[#85])-[#6](-[#85])(-[#85])-[#6@@]-1-2-[#85].[#6:24]-[#16:23]-[#6:31],EVODEX-P10751
EVODEX-N3635,[#85:83]-[#6:22](-[#85:84])(-[#85:85])-[#16&+](-[#6](-[#85])(-[#85])-[#6](-[#85])(-[#85])-[#6@](-[#85])(-[#7](-[#85])-[#85])-[#6](=[#8])-[#8]-[#85])-[#6](-[#85])(-[#85])-[#6@@]1(-[#85])-[#8]-[#6@@](-[#85])(-[#7]2:[#6](-[#85]):[#7]:[#6]3:[#6](-[#7](-[#85])-[#85]):[#7]:[#6](-[#85]):[#7]:[#6]:2:3)-[#6@](-[#85])(-[#8]-[#85])-[#6@]-1(-[#85])-[#8]-[#85]>>[#85]-[#6](-[#85])=[#6](-[#85])-[#6](-[#6](-[#85])(-[#85])-[#85])(-[#8]-[#6:22](-[#85:83])(-[#85:84])-[#85:85])-[#6](-[#85])(-[#85])-[#6](-[#85])(-[#85])-[#6@]1(-[#6](-[#85])(-[#85])-[#85])-[#6@@](-[#85])(-[#6](-[#85])(-[#85])-[#85])-[#6](-[#85])(-[#85])-[#6](-[#85])(-[#85])-[#6@]2(-[#6](-[#85])(-[#85])-[#85])-[#6](-[#6](-[#85])(-[#85])-[#85])=[#6](-[#85])-[#6](-[#85])(-[#85])-[#6](-[#85])(-[#85])-[#6@@]-1-2-[#85],EVODEX-P10754
EVODEX-N3636,[#6:1]-[#16&+:2](-[#6:3])-[#6:10]>>[#6:1]-[#7]1:[#6](=[#8]):[#7](-[#85]):[#6]2:[#6](:[#6]:1=[#8]):[#7]:[#6](-[#85]):[#7]:[#7]:2.[#6:3]-[#16:2]-[#6:10],EVODEX-P10756
EVODEX-N3637,[#85:40]-[#6:1](-[#85:41])(-[#85:42])-[#16&+](-[#6](-[#85])(-[#85])-[#6](-[#85])(-[#85])-[#6@](-[#85])(-[#7](-[#85])-[#85])-[#6](=[#8])-[#8]-[#85])-[#6](-[#85])(-[#85])-[#6@@]1(-[#85])-[#8]-[#6@@](-[#85])(-[#7]2:[#6](-[#85]):[#7]:[#6]3:[#6](-[#7](-[#85])-[#85]):[#7]:[#6](-[#85]):[#7]:[#6]:2:3)-[#6@](-[#85])(-[#8]-[#85])-[#6@]-1(-[#85])-[#8]-[#85]>>[#85:40]-[#6:1](-[#85:41])(-[#85:42])-[#7]1:[#6](=[#8]):[#7](-[#85]):[#6]2:[#6](:[#6]:1=[#8]):[#7]:[#6](-[#85]):[#7]:[#7]:2,EVODEX-P10758
EVODEX-N3638,[#6:1]-[#16&+:2](-[#6:3])-[#6:10]>>[#6:1]-[#7]1:[#6](=[#8]):[#7](-[#6](-[#85])(-[#85])-[#85]):[#6](=[#8]):[#6]2:[#6]:1:[#7]:[#7]:[#6](-[#85]):[#7]:2.[#6:3]-[#16:2]-[#6:10],EVODEX-P10761
EVODEX-N3639,[#85:41]-[#6:1](-[#85:42])(-[#85:43])-[#16&+](-[#6](-[#85])(-[#85])-[#6](-[#85])(-[#85])-[#6@](-[#85])(-[#7](-[#85])-[#85])-[#6](=[#8])-[#8]-[#85])-[#6](-[#85])(-[#85])-[#6@@]1(-[#85])-[#8]-[#6@@](-[#85])(-[#7]2:[#6](-[#85]):[#7]:[#6]3:[#6](-[#7](-[#85])-[#85]):[#7]:[#6](-[#85]):[#7]:[#6]:2:3)-[#6@](-[#85])(-[#8]-[#85])-[#6@]-1(-[#85])-[#8]-[#85]>>[#85:41]-[#6:1](-[#85:42])(-[#85:43])-[#7]1:[#6](=[#8]):[#7](-[#6](-[#85])(-[#85])-[#85]):[#6](=[#8]):[#6]2:[#6]:1:[#7]:[#7]:[#6](-[#85]):[#7]:2,EVODEX-P10763
EVODEX-N3640,[#6:36]-[#16&+:37](-[#6:38])-[#6:45]>>[#85]-[#6](-[#85])(-[#85])-[#6](/[#6](-[#85])=[#6](-[#85])/[#6](-[#8]-[#85])=[#6]1/[#6](=[#8])-[#6](-[#85])(-[#85])-[#7](-[#85])-[#6]-1=[#8])=[#6](/[#85])-[#6@@](-[#85])(-[#6](-[#85])(-[#85])-[#85])-[#6@@]1(-[#85])-[#8]-[#6@@]23-[#8]-[#6@](-[#85])(-[#6](=[#8])-[#6](-[#85])(-[#85])-[#6@]-2(-[#6](-[#85])(-[#85])-[#85])-[#8]-[#6@](-[#85])(-[#6](-[#85])(-[#85])-[#85])-[#6@]-3(-[#85])-[#6](=[#8])-[#8]-[#6:36])-[#6@]-1(-[#85])-[#6](-[#85])(-[#85])-[#85].[#6:38]-[#16:37]-[#6:45],EVODEX-P10766
EVODEX-N3641,[#85:94]-[#6:36](-[#85:95])(-[#85:96])-[#16&+](-[#6](-[#85])(-[#85])-[#6](-[#85])(-[#85])-[#6@](-[#85])(-[#7](-[#85])-[#85])-[#6](=[#8])-[#8]-[#85])-[#6](-[#85])(-[#85])-[#6@@]1(-[#85])-[#8]-[#6@@](-[#85])(-[#7]2:[#6](-[#85]):[#7]:[#6]3:[#6](-[#7](-[#85])-[#85]):[#7]:[#6](-[#85]):[#7]:[#6]:2:3)-[#6@](-[#85])(-[#8]-[#85])-[#6@]-1(-[#85])-[#8]-[#85]>>[#85]-[#6](-[#85])(-[#85])-[#6](/[#6](-[#85])=[#6](-[#85])/[#6](-[#8]-[#85])=[#6]1/[#6](=[#8])-[#6](-[#85])(-[#85])-[#7](-[#85])-[#6]-1=[#8])=[#6](/[#85])-[#6@@](-[#85])(-[#6](-[#85])(-[#85])-[#85])-[#6@@]1(-[#85])-[#8]-[#6@@]23-[#8]-[#6@](-[#85])(-[#6](=[#8])-[#6](-[#85])(-[#85])-[#6@]-2(-[#6](-[#85])(-[#85])-[#85])-[#8]-[#6@](-[#85])(-[#6](-[#85])(-[#85])-[#85])-[#6@]-3(-[#85])-[#6](=[#8])-[#8]-[#6:36](-[#85:94])(-[#85:95])-[#85:96])-[#6@]-1(-[#85])-[#6](-[#85])(-[#85])-[#85],EVODEX-P10769
EVODEX-N3642,[#6:33]-[#16&+:34](-[#6:35])-[#6:42]>>[#85]-[#6](-[#85])(-[#85])-[#8]-[#6]1:[#6](-[#85]):[#6](-[#85]):[#6](-[#6@](-[#85])(-[#8]-[#6](-[#6](-[#85])(-[#85])-[#85])=[#8])-[#6@@]2(-[#85])-[#6]3:[#6](:[#6](-[#85]):[#6]4:[#6](:[#6]:3-[#8]-[#6:33])-[#8]-[#6](-[#85])(-[#85])-[#8]-4)-[#6](-[#85])(-[#85])-[#6](-[#85])(-[#85])-[#7]-2-[#6](-[#85])(-[#85])-[#85]):[#6](-[#6](-[#85])=[#8]):[#6]:1-[#8]-[#6](-[#85])(-[#85])-[#85].[#6:35]-[#16:34]-[#6:42],EVODEX-P10771
EVODEX-N3643,[#85:85]-[#6:33](-[#85:86])(-[#85:87])-[#16&+](-[#6](-[#85])(-[#85])-[#6](-[#85])(-[#85])-[#6@](-[#85])(-[#7](-[#85])-[#85])-[#6](=[#8])-[#8]-[#85])-[#6](-[#85])(-[#85])-[#6@@]1(-[#85])-[#8]-[#6@@](-[#85])(-[#7]2:[#6](-[#85]):[#7]:[#6]3:[#6](-[#7](-[#85])-[#85]):[#7]:[#6](-[#85]):[#7]:[#6]:2:3)-[#6@](-[#85])(-[#8]-[#85])-[#6@]-1(-[#85])-[#8]-[#85]>>[#85]-[#6](-[#85])(-[#85])-[#8]-[#6]1:[#6](-[#85]):[#6](-[#85]):[#6](-[#6@](-[#85])(-[#8]-[#6](-[#6](-[#85])(-[#85])-[#85])=[#8])-[#6@@]2(-[#85])-[#6]3:[#6](:[#6](-[#85]):[#6]4:[#6](:[#6]:3-[#8]-[#6:33](-[#85:85])(-[#85:86])-[#85:87])-[#8]-[#6](-[#85])(-[#85])-[#8]-4)-[#6](-[#85])(-[#85])-[#6](-[#85])(-[#85])-[#7]-2-[#6](-[#85])(-[#85])-[#85]):[#6](-[#6](-[#85])=[#8]):[#6]:1-[#8]-[#6](-[#85])(-[#85])-[#85],EVODEX-P10774
EVODEX-N3644,[#6:26]-[#16&+:27](-[#6:28])-[#6:35]>>[#85]-[#6](-[#85])(-[#85])-[#8]-[#6@]1(-[#85])-[#6@](-[#85])(-[#8]-[#85])-[#6@@](-[#85])(-[#8]-[#6@@]2(-[#85])-[#6@](-[#85])(-[#8]-[#6](-[#85])(-[#85])-[#85])-[#6@](-[#85])(-[#8]-[#85])-[#6@@](-[#85])(-[#8]-[#6:26])-[#8]-[#6@]-2(-[#85])-[#6](-[#85])(-[#85])-[#8]-[#85])-[#8]-[#6@](-[#85])(-[#6](-[#85])(-[#85])-[#8]-[#85])-[#6@@]-1(-[#85])-[#8]-[#85].[#6:28]-[#16:27]-[#6:35],EVODEX-P10781
EVODEX-N3645,[#85:79]-[#6:26](-[#85:80])(-[#85:81])-[#16&+](-[#6](-[#85])(-[#85])-[#6](-[#85])(-[#85])-[#6@](-[#85])(-[#7](-[#85])-[#85])-[#6](=[#8])-[#8]-[#85])-[#6](-[#85])(-[#85])-[#6@@]1(-[#85])-[#8]-[#6@@](-[#85])(-[#7]2:[#6](-[#85]):[#7]:[#6]3:[#6](-[#7](-[#85])-[#85]):[#7]:[#6](-[#85]):[#7]:[#6]:2:3)-[#6@](-[#85])(-[#8]-[#85])-[#6@]-1(-[#85])-[#8]-[#85]>>[#85]-[#6](-[#85])(-[#85])-[#8]-[#6@]1(-[#85])-[#6@](-[#85])(-[#8]-[#85])-[#6@@](-[#85])(-[#8]-[#6@@]2(-[#85])-[#6@](-[#85])(-[#8]-[#6](-[#85])(-[#85])-[#85])-[#6@](-[#85])(-[#8]-[#85])-[#6@@](-[#85])(-[#8]-[#6:26](-[#85:79])(-[#85:80])-[#85:81])-[#8]-[#6@]-2(-[#85])-[#6](-[#85])(-[#85])-[#8]-[#85])-[#8]-[#6@](-[#85])(-[#6](-[#85])(-[#85])-[#8]-[#85])-[#6@@]-1(-[#85])-[#8]-[#85],EVODEX-P10784
EVODEX-N3646,[#85:37]-[#6:10](-[#85:38])(-[#85:39])-[#16&+](-[#6](-[#85])(-[#85])-[#6](-[#85])(-[#85])-[#6@](-[#85])(-[#7](-[#85])-[#85])-[#6](=[#8])-[#8]-[#85])-[#6](-[#85])(-[#85])-[#6@@]1(-[#85])-[#8]-[#6@@](-[#85])(-[#7]2:[#6](-[#85]):[#7]:[#6]3:[#6](-[#7](-[#85])-[#85]):[#7]:[#6](-[#85]):[#7]:[#6]:2:3)-[#6@](-[#85])(-[#8]-[#85])-[#6@]-1(-[#85])-[#8]-[#85]>>[#85]-[#6](-[#85])(-[#85])-[#16&+](-[#6](-[#85])(-[#85])-[#6](-[#85])(-[#85])-[#6@@](-[#85])(-[#8]-[#85])-[#6](=[#8])-[#8]-[#85])-[#6:10](-[#85:37])(-[#85:38])-[#85:39],EVODEX-P10788
EVODEX-N3647,[#6:10]-[#16&+:11](-[#6:12])-[#6:19]>>[#85]-[#6](-[#85])(-[#85])-[#16&+](-[#6](-[#85])(-[#85])-[#6](-[#85])(-[#85])-[#6@@](-[#85])(-[#8]-[#85])-[#6](=[#8])-[#8]-[#85])-[#6:10].[#6:12]-[#16:11]-[#6:19],EVODEX-P10789
EVODEX-N3648,[#6:20]-[#16&+:21](-[#6:22])-[#6:29]>>[#85]-[#6](-[#85])(-[#85])-[#6](-[#85])(-[#85])-[#6](-[#85])(-[#85])-[#6](-[#85])(-[#85])-[#6](-[#85])(-[#85])-[#6](-[#85])(-[#85])-[#6](-[#85])(-[#85])-[#6]1:[#6](-[#85]):[#6](=[#8]):[#6]2:[#6](-[#85]):[#6](-[#85]):[#6](-[#85]):[#6](-[#85]):[#6]:2:[#7]:1-[#8]-[#6:20].[#6:22]-[#16:21]-[#6:29],EVODEX-P10791
EVODEX-N3649,[#85:68]-[#6:20](-[#85:69])(-[#85:70])-[#16&+](-[#6](-[#85])(-[#85])-[#6](-[#85])(-[#85])-[#6@](-[#85])(-[#7](-[#85])-[#85])-[#6](=[#8])-[#8]-[#85])-[#6](-[#85])(-[#85])-[#6@@]1(-[#85])-[#8]-[#6@@](-[#85])(-[#7]2:[#6](-[#85]):[#7]:[#6]3:[#6](-[#7](-[#85])-[#85]):[#7]:[#6](-[#85]):[#7]:[#6]:2:3)-[#6@](-[#85])(-[#8]-[#85])-[#6@]-1(-[#85])-[#8]-[#85]>>[#85]-[#6](-[#85])(-[#85])-[#6](-[#85])(-[#85])-[#6](-[#85])(-[#85])-[#6](-[#85])(-[#85])-[#6](-[#85])(-[#85])-[#6](-[#85])(-[#85])-[#6](-[#85])(-[#85])-[#6]1:[#6](-[#85]):[#6](=[#8]):[#6]2:[#6](-[#85]):[#6](-[#85]):[#6](-[#85]):[#6](-[#85]):[#6]:2:[#7]:1-[#8]-[#6:20](-[#85:68])(-[#85:69])-[#85:70],EVODEX-P10794
EVODEX-N3650,[#6:20]-[#16&+:21](-[#6:22])-[#6:29]>>[#85]-[#6](-[#85])(-[#85])-[#6](-[#85])(-[#85])-[#6](-[#85])(-[#85])-[#6](-[#85])(-[#85])-[#6](-[#85])(-[#85])-[#6](-[#85])(-[#85])-[#6](-[#85])(-[#85])-[#6]1:[#7](-[#85]):[#6]2:[#6](-[#85]):[#6](-[#85]):[#6](-[#85]):[#6](-[#85]):[#6]:2:[#6](=[#8]):[#6]:1-[#8]-[#6:20].[#6:22]-[#16:21]-[#6:29],EVODEX-P10796
EVODEX-N3651,[#85:68]-[#6:20](-[#85:69])(-[#85:70])-[#16&+](-[#6](-[#85])(-[#85])-[#6](-[#85])(-[#85])-[#6@](-[#85])(-[#7](-[#85])-[#85])-[#6](=[#8])-[#8]-[#85])-[#6](-[#85])(-[#85])-[#6@@]1(-[#85])-[#8]-[#6@@](-[#85])(-[#7]2:[#6](-[#85]):[#7]:[#6]3:[#6](-[#7](-[#85])-[#85]):[#7]:[#6](-[#85]):[#7]:[#6]:2:3)-[#6@](-[#85])(-[#8]-[#85])-[#6@]-1(-[#85])-[#8]-[#85]>>[#85]-[#6](-[#85])(-[#85])-[#6](-[#85])(-[#85])-[#6](-[#85])(-[#85])-[#6](-[#85])(-[#85])-[#6](-[#85])(-[#85])-[#6](-[#85])(-[#85])-[#6](-[#85])(-[#85])-[#6]1:[#7](-[#85]):[#6]2:[#6](-[#85]):[#6](-[#85]):[#6](-[#85]):[#6](-[#85]):[#6]:2:[#6](=[#8]):[#6]:1-[#8]-[#6:20](-[#85:68])(-[#85:69])-[#85:70],EVODEX-P10799
EVODEX-N3652,[#6:1]-[#16&+:2](-[#6:3])-[#6:10]>>[#6:1]-[#8]-[#6]1:[#6](-[#7](-[#85])-[#85]):[#6](-[#8]-[#85]):[#6](-[#6](=[#8])-[#8]-[#85]):[#6](-[#85]):[#6]:1-[#85].[#6:3]-[#16:2]-[#6:10],EVODEX-P10801
EVODEX-N3653,[#85:40]-[#6:1](-[#85:41])(-[#85:42])-[#16&+](-[#6](-[#85])(-[#85])-[#6](-[#85])(-[#85])-[#6@](-[#85])(-[#7](-[#85])-[#85])-[#6](=[#8])-[#8]-[#85])-[#6](-[#85])(-[#85])-[#6@@]1(-[#85])-[#8]-[#6@@](-[#85])(-[#7]2:[#6](-[#85]):[#7]:[#6]3:[#6](-[#7](-[#85])-[#85]):[#7]:[#6](-[#85]):[#7]:[#6]:2:3)-[#6@](-[#85])(-[#8]-[#85])-[#6@]-1(-[#85])-[#8]-[#85]>>[#85:40]-[#6:1](-[#85:41])(-[#85:42])-[#8]-[#6]1:[#6](-[#7](-[#85])-[#85]):[#6](-[#8]-[#85]):[#6](-[#6](=[#8])-[#8]-[#85]):[#6](-[#85]):[#6]:1-[#85],EVODEX-P10803
EVODEX-N3654,[#6:1]-[#16&+:2](-[#6:3])-[#6:10]>>[#6:1]-[#7](-[#85])-[#6](=[#7]-[#85])-[#7](-[#85])-[#6](-[#85])(-[#85])-[#6](-[#85])(-[#85])-[#6](-[#85])(-[#85])-[#6@](-[#85])(-[#7](-[#85])-[#85])-[#6](=[#8])-[#8]-[#85].[#6:3]-[#16:2]-[#6:10],EVODEX-P10806
EVODEX-N3655,[#85:40]-[#6:1](-[#85:41])(-[#85:42])-[#16&+](-[#6](-[#85])(-[#85])-[#6](-[#85])(-[#85])-[#6@](-[#85])(-[#7](-[#85])-[#85])-[#6](=[#8])-[#8]-[#85])-[#6](-[#85])(-[#85])-[#6@@]1(-[#85])-[#8]-[#6@@](-[#85])(-[#7]2:[#6](-[#85]):[#7]:[#6]3:[#6](-[#7](-[#85])-[#85]):[#7]:[#6](-[#85]):[#7]:[#6]:2:3)-[#6@](-[#85])(-[#8]-[#85])-[#6@]-1(-[#85])-[#8]-[#85]>>[#85:40]-[#6:1](-[#85:41])(-[#85:42])-[#7](-[#85])-[#6](=[#7]-[#85])-[#7](-[#85])-[#6](-[#85])(-[#85])-[#6](-[#85])(-[#85])-[#6](-[#85])(-[#85])-[#6@](-[#85])(-[#7](-[#85])-[#85])-[#6](=[#8])-[#8]-[#85],EVODEX-P10808
EVODEX-N3656,[H]OC(=O)[C@@]([H])(N([H])[H])C([H])([H])[O:36][H:45]>>[H][O:36][H:45],EVODEX-P10810
EVODEX-N3657,[H]O[C:35]([C:34])([H:43])[H:44].[H][N:9]([C:5])[C:10][C:11][N:12]([H])[C:13]>>[H][C:34].[C:5][N:9]1[C:10][C:11][N:12]([C:13])[C:35]1([H:43])[H:44],"EVODEX-P10811,EVODEX-P10878,EVODEX-P10911,EVODEX-P10933"
EVODEX-N3658,[H]C([H])([C@:34]([N:33])([C:37])[H:42])[O:36][H:45]>>[H][C:34]([N:33])([C:37])[H:42].[H][O:36][H:45],EVODEX-P10812
EVODEX-N3659,[H][N:9]([C:5])[C:10][C:11][N:12]([H])[C:13]>>[H]C1([H])[N:9]([C:5])[C:10][C:11][N:12]1[C:13],"EVODEX-P10813,EVODEX-P30736"
EVODEX-N3660,[H]OC(=O)[C@@]([H])(N([H])[H])[C:35]([O:36])([H:43])[H:44]>>[H]N=C1:N([H]):C2:C(:C(=O):N:1[H])N1[C@]([H])(C([H])([H])N2[H])C([H])([H])N(C2:C([H]):C([H]):C(C(=O)N([H])[C@]([H])(C(=O)O[H])C([H])([H])C([H])([H])C(=O)O[H]):C([H]):C:2[H])[C:35]1([H:43])[H:44].[H][O:36],EVODEX-P10814
EVODEX-N3661,[H]OC(=O)[C@@]([H])(N([H])[H])[C:35](O[H])([H:43])[H:44]>>[H]N=C1:N([H]):C2:C(:C(=O):N:1[H])N1[C@]([H])(C([H])([H])N2[H])C([H])([H])N(C2:C([H]):C([H]):C(C(=O)N([H])[C@]([H])(C(=O)O[H])C([H])([H])C([H])([H])C(=O)O[H]):C([H]):C:2[H])[C:35]1([H:43])[H:44],EVODEX-P10815
EVODEX-N3662,[H]OC(=O)[C@@]([H])(N([H])[H])[C:35](O[H])([H:43])[H:44].[H][N:9]([C:5])[C:10][C:11][N:12]([H])[C:13]>>[C:5][N:9]1[C:10][C:11][N:12]([C:13])[C:35]1([H:43])[H:44],EVODEX-P10816
EVODEX-N3663,[H]OC(=O)[C@@]([H])(N([H])[H])[C:35]([O:36])([H:43])[H:44].[H][N:9]([C:5])[C:10][C:11][N:12]([H])[C:13]>>[C:5][N:9]1[C:10][C:11][N:12]([C:13])[C:35]1([H:43])[H:44].[H][O:36],EVODEX-P10817
EVODEX-N3664,[C:34][C:35]([O:36])([H:43])[H:44].[H][N:9]([C:5])[C:10][C:11][N:12]([H])[C:13]>>[H][C:34].[C:5][N:9]1[C:10][C:11][N:12]([C:13])[C:35]1([H:43])[H:44].[H][O:36],"EVODEX-P10819,EVODEX-P10885,EVODEX-P10918,EVODEX-P10940"
EVODEX-N3665,[H]OC([H])([H])[C@:34]([N:33])([C:37])[H:42]>>[H][C:34]([N:33])([C:37])[H:42],EVODEX-P10820
EVODEX-N3666,[H]O[C:35]([C:34])([H:43])[H:44]>>[H][C:34].[H]N=C1:N([H]):C2:C(:C(=O):N:1[H])N1[C@]([H])(C([H])([H])N2[H])C([H])([H])N(C2:C([H]):C([H]):C(C(=O)N([H])[C@]([H])(C(=O)O[H])C([H])([H])C([H])([H])C(=O)O[H]):C([H]):C:2[H])[C:35]1([H:43])[H:44],"EVODEX-P10821,EVODEX-P10887,EVODEX-P10920,EVODEX-P10942"
EVODEX-N3667,[H][C:35]([N:34])([C:36])[H:42].[N:9][C:10]([N:11])([H:48])[H:49]>>[H]O[C:10]([C@:35]([N:34])([C:36])[H:42])([H:48])[H:49].[H][N:11].[H][N:9],EVODEX-P10822
EVODEX-N3668,[H][C:35]([N:34])([C:36])[H:42].[N:9][C:10]([N:11])([H:48])[H:49].[H][O:39][H:68]>>[C:10]([C@:35]([N:34])([C:36])[H:42])([O:39][H:68])([H:48])[H:49].[H][N:11].[H][N:9],EVODEX-P10823
EVODEX-N3669,[N:9][C:10]([N:11])([H:48])[H:49].[H][O:39][H:68]>>[H]OC(=O)[C@@]([H])(N([H])[H])[C:10]([O:39][H:68])([H:48])[H:49].[H][N:11].[H][N:9],EVODEX-P10824
EVODEX-N3670,[H][O:39][H:68]>>[H]OC(=O)[C@@]([H])(N([H])[H])C([H])([H])[O:39][H:68],EVODEX-P10825
EVODEX-N3671,[H]C1([H])[N:9]([C:5])[C:31][C:30][N:11]1[C:12]>>[H][N:9]([C:5])[C:31][C:30][N:11]([H])[C:12],EVODEX-P10826
EVODEX-N3672,[H][C:35]([N:34])([C:36])[H:42].[H]N=C1:N([H]):C2:C(:C(=O):N:1[H])N1[C@]([H])(C([H])([H])N2[H])C([H])([H])N(C2:C([H]):C([H]):C(C(=O)N([H])[C@]([H])(C(=O)O[H])C([H])([H])C([H])([H])C(=O)O[H]):C([H]):C:2[H])[C:10]1([H:48])[H:49]>>[H]O[C:10]([C@:35]([N:34])([C:36])[H:42])([H:48])[H:49],EVODEX-P10827
EVODEX-N3673,[H][C:35]([N:34])([C:36])[H:42].[H][O:39][H:68]>>[H]C([H])([C@:35]([N:34])([C:36])[H:42])[O:39][H:68],EVODEX-P10828
EVODEX-N3674,[H]N=C1:N([H]):C2:C(:C(=O):N:1[H])N1[C@]([H])(C([H])([H])N2[H])C([H])([H])N(C2:C([H]):C([H]):C(C(=O)N([H])[C@]([H])(C(=O)O[H])C([H])([H])C([H])([H])C(=O)O[H]):C([H]):C:2[H])[C:10]1([H:48])[H:49]>>[H]OC(=O)[C@@]([H])(N([H])[H])[C:10](O[H])([H:48])[H:49],EVODEX-P10829
EVODEX-N3675,[H][C:35]([N:34])([C:36])[H:42]>>[H]OC([H])([H])[C@:35]([N:34])([C:36])[H:42],EVODEX-P10830
EVODEX-N3676,[H][C:35]([N:34])([C:36])[H:42].[H]N=C1:N([H]):C2:C(:C(=O):N:1[H])N1[C@]([H])(C([H])([H])N2[H])C([H])([H])N(C2:C([H]):C([H]):C(C(=O)N([H])[C@]([H])(C(=O)O[H])C([H])([H])C([H])([H])C(=O)O[H]):C([H]):C:2[H])[C:10]1([H:48])[H:49].[H][O:39][H:68]>>[C:10]([C@:35]([N:34])([C:36])[H:42])([O:39][H:68])([H:48])[H:49],EVODEX-P10831
EVODEX-N3677,>>[H]O.[H]OC(=O)C([H])N([H])[H].[H].[H],EVODEX-P10832
EVODEX-N3678,[H]N=C1:N([H]):C2:C(:C(=O):N:1[H])N1[C@]([H])(C([H])([H])N2[H])C([H])([H])N(C2:C([H]):C([H]):C(C(=O)N([H])[C@]([H])(C(=O)O[H])C([H])([H])C([H])([H])C(=O)O[H]):C([H]):C:2[H])[C:10]1([H:48])[H:49].[H][O:39][H:68]>>[H]OC(=O)[C@@]([H])(N([H])[H])[C:10]([O:39][H:68])([H:48])[H:49],EVODEX-P10833
EVODEX-N3679,[H][N:35]([C:36])[H:53].[N:12][C:13](=[O:14])[H:75]>>[C:13](=[O:14])([N:35]([C:36])[H:53])[H:75].[H][N:12],"EVODEX-P10834,EVODEX-P10845,EVODEX-P10943,EVODEX-P10948,EVODEX-P11994"
EVODEX-N3680,[H][N:35]([C:36])[H:53].[H]N=C1:N([H]):C2:C(:C(=O):N:1[H])N([H])C([H])(C([H])([H])N(C1:C([H]):C([H]):C(C(=O)N([H])[C@]([H])(C(=O)O[H])C([H])([H])C([H])([H])C(=O)O[H]):C([H]):C:1[H])[C:13](=[O:14])[H:75])C([H])([H])N2[H]>>[C:13](=[O:14])([N:35]([C:36])[H:53])[H:75],"EVODEX-P10835,EVODEX-P10846,EVODEX-P10944,EVODEX-P10949"
EVODEX-N3681,[H]N=C1:N([H]):C2:C(:C(=O):N:1[H])N([H])C([H])(C([H])([H])N(C1:C([H]):C([H]):C(C(=O)N([H])[C@]([H])(C(=O)O[H])C([H])([H])C([H])([H])C(=O)O[H]):C([H]):C:1[H])[C:13](=[O:14])[H:75])C([H])([H])N2[H]>>[H]O[C@@]1([H])[C@@]([H])(O[H])[C@]([H])(N([H])C(=O)C([H])([H])N([H])[C:13](=[O:14])[H:75])O[C@]1([H])C([H])([H])OP(=O)(O[H])O[H],EVODEX-P10836
EVODEX-N3682,[H][N:35]([C:36])[H:53]>>[H]C(=O)[N:35]([C:36])[H:53],"EVODEX-P10837,EVODEX-P10848,EVODEX-P10946,EVODEX-P10951,EVODEX-P11996,EVODEX-P27816"
EVODEX-N3683,>>[H]NC([H])([H])C(=O)N([H])[C@]1([H])O[C@]([H])(C([H])([H])OP(=O)(O[H])O[H])[C@@]([H])(O[H])[C@@]1([H])O[H].[H],EVODEX-P10838
EVODEX-N3684,[H][N:12]([C:11])[C:13].[O:33]=[C:34]([N:35])[H:76]>>[H][N:35].[C:11][N:12]([C:13])[C:34](=[O:33])[H:76],"EVODEX-P10839,EVODEX-P10850,EVODEX-P11988"
EVODEX-N3685,[H][N:12]([C:11])[C:13].[H]O[C@@]1([H])[C@@]([H])(O[H])[C@]([H])(N([H])C(=O)C([H])([H])N([H])[C:34](=[O:33])[H:76])O[C@]1([H])C([H])([H])OP(=O)(O[H])O[H]>>[C:11][N:12]([C:13])[C:34](=[O:33])[H:76],EVODEX-P10840
EVODEX-N3686,[H]O[C@@]1([H])[C@@]([H])(O[H])[C@]([H])(N([H])C(=O)C([H])([H])N([H])[C:34](=[O:33])[H:76])O[C@]1([H])C([H])([H])OP(=O)(O[H])O[H]>>[H]N=C1:N([H]):C2:C(:C(=O):N:1[H])N([H])C([H])(C([H])([H])N(C1:C([H]):C([H]):C(C(=O)N([H])[C@]([H])(C(=O)O[H])C([H])([H])C([H])([H])C(=O)O[H]):C([H]):C:1[H])[C:34](=[O:33])[H:76])C([H])([H])N2[H],EVODEX-P10841
EVODEX-N3687,[H][N:12]([C:11])[C:13]>>[H]C(=O)[N:12]([C:11])[C:13],"EVODEX-P10842,EVODEX-P11992,EVODEX-P34857"
EVODEX-N3688,[H]C(=O)[N:4]([C:5])[H:13]>>[H][N:4]([C:5])[H:13],"EVODEX-P10843,EVODEX-P10853,EVODEX-P11989,EVODEX-P27110,EVODEX-P27119,EVODEX-P27126,EVODEX-P27335,EVODEX-P27340,EVODEX-P27503,EVODEX-P27625,EVODEX-P27780,EVODEX-P27785,EVODEX-P27811,EVODEX-P27910,EVODEX-P27930"
EVODEX-N3689,[H]N=C1:N([H]):C2:C(:C(=O):N:1[H])N([H])C([H])(C([H])([H])N(C1:C([H]):C([H]):C(C(=O)N([H])[C@]([H])(C(=O)O[H])C([H])([H])C([H])([H])C(=O)O[H]):C([H]):C:1[H])[C:13](=[O:14])[H:79])C([H])([H])N2[H]>>[H]O[C@@]1([H])[C@@]([H])(O[H])[C@]([H])(N2:C([H]):N:C(C(=O)N([H])[H]):C:2N([H])[C:13](=[O:14])[H:79])O[C@]1([H])C([H])([H])OP(=O)(O[H])O[H],EVODEX-P10847
EVODEX-N3690,>>[H]NC1:C(C(=O)N([H])[H]):N:C([H]):N:1[C@]1([H])O[C@]([H])(C([H])([H])OP(=O)(O[H])O[H])[C@@]([H])(O[H])[C@@]1([H])O[H].[H],EVODEX-P10849
EVODEX-N3691,[H]O[C@@]1([H])[C@@]([H])(O[H])[C@]([H])(N2:C([H]):N:C(C(=O)N([H])[H]):C:2N([H])[C:55](=[O:56])[H:71])O[C@]1([H])C([H])([H])OP(=O)(O[H])O[H].[H][N:12]([C:11])[C:13]>>[C:11][N:12]([C:13])[C:55](=[O:56])[H:71],EVODEX-P10851
EVODEX-N3692,[H]O[C@@]1([H])[C@@]([H])(O[H])[C@]([H])(N2:C([H]):N:C(C(=O)N([H])[H]):C:2N([H])[C:55](=[O:56])[H:71])O[C@]1([H])C([H])([H])OP(=O)(O[H])O[H]>>[H]N=C1:N([H]):C2:C(:C(=O):N:1[H])N([H])C([H])(C([H])([H])N(C1:C([H]):C([H]):C(C(=O)N([H])[C@]([H])(C(=O)O[H])C([H])([H])C([H])([H])C(=O)O[H]):C([H]):C:1[H])[C:55](=[O:56])[H:71])C([H])([H])N2[H],EVODEX-P10852
EVODEX-N3693,[H][N:35]([C:36])[H:40].[N:1]=[C:2]([N:3])[H:46]>>[N:1]=[C:2]([N:35]([C:36])[H:40])[H:46].[H][N:3],"EVODEX-P10855,EVODEX-P10872"
EVODEX-N3694,[H]N=C([H])[N:3]([C:4])[C:14]>>[H][N:3]([C:4])[C:14],EVODEX-P10856
EVODEX-N3695,[H][N:35]([C:36])[H:40].[H]OC(=O)C([H])([H])C([H])([H])[C@@]([H])(C(=O)O[H])N([H])C(=O)C1:C([H]):C([H]):C(N([H])C([H])([H])[C@]2([H])N([C:2](=[N:1])[H:46])C3:C(:N:C(N([H])[H]):N([H]):C:3=O)N([H])C2([H])[H]):C([H]):C:1[H]>>[N:1]=[C:2]([N:35]([C:36])[H:40])[H:46],"EVODEX-P10857,EVODEX-P10873"
EVODEX-N3696,[H]OC(=O)C([H])([H])C([H])([H])[C@@]([H])(C(=O)O[H])N([H])C(=O)C1:C([H]):C([H]):C(N([H])C([H])([H])[C@]2([H])N([C:2](=[N:1])[H:46])C3:C(:N:C(N([H])[H]):N([H]):C:3=O)N([H])C2([H])[H]):C([H]):C:1[H]>>[H]OC(=O)C([H])([H])N([H])[C:2](=[N:1])[H:46],EVODEX-P10858
EVODEX-N3697,[H][N:35]([C:36])[H:40]>>[H]N=C([H])[N:35]([C:36])[H:40],"EVODEX-P10859,EVODEX-P10875"
EVODEX-N3698,>>[H]NC([H])([H])C(=O)O[H].[H],"EVODEX-P10860,EVODEX-P11055,EVODEX-P11329,EVODEX-P11335,EVODEX-P11347,EVODEX-P11469,EVODEX-P11774,EVODEX-P11811,EVODEX-P12537,EVODEX-P17063,EVODEX-P17189,EVODEX-P17198,EVODEX-P33143"
EVODEX-N3699,[H][N:16]([C:12])[C:17].[N:1]=[C:2]([N:3])[H:64]>>[H][N:3].[N:1]=[C:2]([N:16]([C:12])[C:17])[H:64],"EVODEX-P10861,EVODEX-P10867"
EVODEX-N3700,[H][N:16]([C:12])[C:17].[H]OC(=O)C([H])([H])N([H])[C:2](=[N:1])[H:64]>>[N:1]=[C:2]([N:16]([C:12])[C:17])[H:64],EVODEX-P10862
EVODEX-N3701,[H]OC(=O)C([H])([H])N([H])[C:2](=[N:1])[H:64]>>[H]OC(=O)C([H])([H])C([H])([H])[C@@]([H])(C(=O)O[H])N([H])C(=O)C1:C([H]):C([H]):C(N([H])C([H])([H])[C@]2([H])N([C:2](=[N:1])[H:64])C3:C(:N:C(N([H])[H]):N([H]):C:3=O)N([H])C2([H])[H]):C([H]):C:1[H],EVODEX-P10863
EVODEX-N3702,[H][N:16]([C:12])[C:17]>>[H]N=C([H])[N:16]([C:12])[C:17],EVODEX-P10864
EVODEX-N3703,[H]N=C([H])[N:3]([C:4])[H:65]>>[H][N:3]([C:4])[H:65],"EVODEX-P10865,EVODEX-P10870"
EVODEX-N3704,[H][N:21]([C:17])[C:22].[H]OC(=O)C([H])([H])C([H])([H])[C@@]([H])(C(=O)O[H])N([H])[C:2](=[N:1])[H:69]>>[N:1]=[C:2]([N:21]([C:17])[C:22])[H:69],EVODEX-P10868
EVODEX-N3705,[H]OC(=O)C([H])([H])C([H])([H])[C@@]([H])(C(=O)O[H])N([H])[C:2](=[N:1])[H:69]>>[H]N=C1:N([H]):C2:C(:C(=O):N:1[H])N([C:2](=[N:1])[H:69])C([H])(C([H])([H])N([H])C1:C([H]):C([H]):C(C(=O)N([H])[C@]([H])(C(=O)O[H])C([H])([H])C([H])([H])C(=O)O[H]):C([H]):C:1[H])C([H])([H])N2[H],EVODEX-P10869
EVODEX-N3706,[H]OC(=O)C([H])([H])C([H])([H])[C@@]([H])(C(=O)O[H])N([H])C(=O)C1:C([H]):C([H]):C(N([H])C([H])([H])[C@]2([H])N([C:2](=[N:1])[H:55])C3:C(:N:C(N([H])[H]):N([H]):C:3=O)N([H])C2([H])[H]):C([H]):C:1[H]>>[H]OC(=O)C([H])([H])C([H])([H])[C@@]([H])(C(=O)O[H])N([H])[C:2](=[N:1])[H:55],EVODEX-P10874
EVODEX-N3707,[H]OC(=O)[C@](N([H])[H])(C([H])([H])[H])C([H])([H])[O:5][H:48]>>[H][O:5][H:48],EVODEX-P10877
EVODEX-N3708,[H]OC(=O)[C@](N([H])[H])(C([H])([H])[H])[C:4]([O:5])([H:46])[H:47].[H][N:17]([C:13])[C:18][C:19][N:20]([H])[C:21]>>[C:4]1([H:46])([H:47])[N:17]([C:13])[C:18][C:19][N:20]1[C:21].[H][O:5],EVODEX-P10879
EVODEX-N3709,[H]OC(=O)[C@](N([H])[H])(C([H])([H])[H])[C:4]([O:5])([H:46])[H:47]>>[H]N=C1:N([H]):C2:C(:C(=O):N:1[H])N1[C@]([H])(C([H])([H])N2[H])C([H])([H])N(C2:C([H]):C([H]):C(C(=O)N([H])[C@]([H])(C(=O)O[H])C([H])([H])C([H])([H])C(=O)O[H]):C([H]):C:2[H])[C:4]1([H:46])[H:47].[H][O:5],EVODEX-P10880
EVODEX-N3710,[H]C([H])([C@:2]([C:1])([N:3])[C:6])[O:5][H:48]>>[H][C@:2]([C:1])([N:3])[C:6].[H][O:5][H:48],EVODEX-P10881
EVODEX-N3711,[H]OC([H])([H])[C@:2]([C:1])([N:3])[C:6]>>[H][C@:2]([C:1])([N:3])[C:6],EVODEX-P10882
EVODEX-N3712,[H]OC(=O)[C@](N([H])[H])(C([H])([H])[H])[C:4](O[H])([H:46])[H:47].[H][N:17]([C:13])[C:18][C:19][N:20]([H])[C:21]>>[C:4]1([H:46])([H:47])[N:17]([C:13])[C:18][C:19][N:20]1[C:21],EVODEX-P10884
EVODEX-N3713,[H]OC(=O)[C@](N([H])[H])(C([H])([H])[H])[C:4](O[H])([H:46])[H:47]>>[H]N=C1:N([H]):C2:C(:C(=O):N:1[H])N1[C@]([H])(C([H])([H])N2[H])C([H])([H])N(C2:C([H]):C([H]):C(C(=O)N([H])[C@]([H])(C(=O)O[H])C([H])([H])C([H])([H])C(=O)O[H]):C([H]):C:2[H])[C:4]1([H:46])[H:47],EVODEX-P10886
EVODEX-N3714,[H][C@:2]([C:1])([N:3])[C:4].[N:15][C:16]([N:17])([H:51])[H:52]>>[H]O[C:16]([C@:2]([C:1])([N:3])[C:4])([H:51])[H:52].[H][N:15].[H][N:17],EVODEX-P10888
EVODEX-N3715,[H][C@:2]([C:1])([N:3])[C:4].[N:15][C:16]([N:17])([H:51])[H:52].[H][O:40][H:71]>>[C:1][C@@:2]([N:3])([C:4])[C:16]([O:40][H:71])([H:51])[H:52].[H][N:15].[H][N:17],EVODEX-P10889
EVODEX-N3716,[N:15][C:16]([N:17])([H:51])[H:52].[H][O:40][H:71]>>[H]OC(=O)[C@](N([H])[H])(C([H])([H])[H])[C:16]([O:40][H:71])([H:51])[H:52].[H][N:15].[H][N:17],EVODEX-P10890
EVODEX-N3717,[H][O:40][H:71]>>[H]OC(=O)[C@](N([H])[H])(C([H])([H])[H])C([H])([H])[O:40][H:71],EVODEX-P10891
EVODEX-N3718,[H][C@:2]([C:1])([N:3])[C:4].[H]N=C1:N([H]):C2:C(:C(=O):N:1[H])N1[C@]([H])(C([H])([H])N2[H])C([H])([H])N(C2:C([H]):C([H]):C(C(=O)N([H])[C@]([H])(C(=O)O[H])C([H])([H])C([H])([H])C(=O)O[H]):C([H]):C:2[H])[C:16]1([H:51])[H:52]>>[H]O[C:16]([C@:2]([C:1])([N:3])[C:4])([H:51])[H:52],EVODEX-P10892
EVODEX-N3719,[H][C@:2]([C:1])([N:3])[C:4].[H][O:40][H:71]>>[H]C([H])([C@:2]([C:1])([N:3])[C:4])[O:40][H:71],EVODEX-P10893
EVODEX-N3720,[H]N=C1:N([H]):C2:C(:C(=O):N:1[H])N1[C@]([H])(C([H])([H])N2[H])C([H])([H])N(C2:C([H]):C([H]):C(C(=O)N([H])[C@]([H])(C(=O)O[H])C([H])([H])C([H])([H])C(=O)O[H]):C([H]):C:2[H])[C:16]1([H:51])[H:52]>>[H]OC(=O)[C@](N([H])[H])(C([H])([H])[H])[C:16](O[H])([H:51])[H:52],EVODEX-P10894
EVODEX-N3721,[H][C@:2]([C:1])([N:3])[C:4]>>[H]OC([H])([H])[C@:2]([C:1])([N:3])[C:4],EVODEX-P10895
EVODEX-N3722,[H][C@:2]([C:1])([N:3])[C:4].[H]N=C1:N([H]):C2:C(:C(=O):N:1[H])N1[C@]([H])(C([H])([H])N2[H])C([H])([H])N(C2:C([H]):C([H]):C(C(=O)N([H])[C@]([H])(C(=O)O[H])C([H])([H])C([H])([H])C(=O)O[H]):C([H]):C:2[H])[C:16]1([H:51])[H:52].[H][O:40][H:71]>>[C:1][C@@:2]([N:3])([C:4])[C:16]([O:40][H:71])([H:51])[H:52],EVODEX-P10896
EVODEX-N3723,>>[H]O.[H]OC(=O)C(N([H])[H])C([H])([H])[H].[H].[H],EVODEX-P10897
EVODEX-N3724,[H]N=C1:N([H]):C2:C(:C(=O):N:1[H])N1[C@]([H])(C([H])([H])N2[H])C([H])([H])N(C2:C([H]):C([H]):C(C(=O)N([H])[C@]([H])(C(=O)O[H])C([H])([H])C([H])([H])C(=O)O[H]):C([H]):C:2[H])[C:16]1([H:51])[H:52].[H][O:40][H:71]>>[H]OC(=O)[C@](N([H])[H])(C([H])([H])[H])[C:16]([O:40][H:71])([H:51])[H:52],EVODEX-P10898
EVODEX-N3725,[H][C:3](:[C:2]):[C:4].[N:29][C:30]([N:31])([H:72])[H:73]>>[H]O[C:30]([C:3](:[C:2]):[C:4])([H:72])[H:73].[H][N:29].[H][N:31],EVODEX-P10899
EVODEX-N3726,[H][C:3](:[C:2]):[C:4].[N:29][C:30]([N:31])([H:72])[H:73].[H][O:54][H:92]>>[C:2]:[C:3](:[C:4])[C:30]([O:54][H:92])([H:72])[H:73].[H][N:29].[H][N:31],EVODEX-P10900
EVODEX-N3727,[N:29][C:30]([N:31])([H:72])[H:73].[H][O:54][H:92]>>[H]O[C@@]1([H])C([H])([H])[C@]([H])(N2:C([H]):C([C:30]([O:54][H:92])([H:72])[H:73]):C(N([H])[H]):N:C:2=O)O[C@]1([H])C([H])([H])OP(=O)(O[H])O[H].[H][N:29].[H][N:31],EVODEX-P10901
EVODEX-N3728,[H][O:54][H:92]>>[H]O[C@@]1([H])C([H])([H])[C@]([H])(N2:C([H]):C(C([H])([H])[O:54][H:92]):C(N([H])[H]):N:C:2=O)O[C@]1([H])C([H])([H])OP(=O)(O[H])O[H],EVODEX-P10902
EVODEX-N3729,[H][C:3](:[C:2]):[C:4].[H]OC(=O)C([H])([H])C([H])([H])[C@@]([H])(C(=O)O[H])N([H])C(=O)C1:C([H]):C([H]):C(N2C([H])([H])[C@]3([H])N(C4:C(:N:C(N([H])[H]):N([H]):C:4=O)N([H])C3([H])[H])[C:30]2([H:72])[H:73]):C([H]):C:1[H]>>[H]O[C:30]([C:3](:[C:2]):[C:4])([H:72])[H:73],EVODEX-P10903
EVODEX-N3730,[H][C:3](:[C:2]):[C:4].[H][O:54][H:92]>>[H]C([H])([C:3](:[C:2]):[C:4])[O:54][H:92],EVODEX-P10904
EVODEX-N3731,[H]OC(=O)C([H])([H])C([H])([H])[C@@]([H])(C(=O)O[H])N([H])C(=O)C1:C([H]):C([H]):C(N2C([H])([H])[C@]3([H])N(C4:C(:N:C(N([H])[H]):N([H]):C:4=O)N([H])C3([H])[H])[C:30]2([H:72])[H:73]):C([H]):C:1[H]>>[H]O[C@@]1([H])C([H])([H])[C@]([H])(N2:C([H]):C([C:30](O[H])([H:72])[H:73]):C(N([H])[H]):N:C:2=O)O[C@]1([H])C([H])([H])OP(=O)(O[H])O[H],EVODEX-P10905
EVODEX-N3732,[H][C:3](:[C:2]):[C:4]>>[H]OC([H])([H])[C:3](:[C:2]):[C:4],EVODEX-P10906
EVODEX-N3733,[H][C:3](:[C:2]):[C:4].[H]OC(=O)C([H])([H])C([H])([H])[C@@]([H])(C(=O)O[H])N([H])C(=O)C1:C([H]):C([H]):C(N2C([H])([H])[C@]3([H])N(C4:C(:N:C(N([H])[H]):N([H]):C:4=O)N([H])C3([H])[H])[C:30]2([H:72])[H:73]):C([H]):C:1[H].[H][O:54][H:92]>>[C:2]:[C:3](:[C:4])[C:30]([O:54][H:92])([H:72])[H:73],EVODEX-P10907
EVODEX-N3734,>>[H]O.[H]O[C@@]1([H])C([H])([H])[C@]([H])(N2:C([H]):C:C(N([H])[H]):N:C:2=O)O[C@]1([H])C([H])([H])OP(=O)(O[H])O[H].[H].[H],EVODEX-P10908
EVODEX-N3735,[H]OC(=O)C([H])([H])C([H])([H])[C@@]([H])(C(=O)O[H])N([H])C(=O)C1:C([H]):C([H]):C(N2C([H])([H])[C@]3([H])N(C4:C(:N:C(N([H])[H]):N([H]):C:4=O)N([H])C3([H])[H])[C:30]2([H:72])[H:73]):C([H]):C:1[H].[H][O:54][H:92]>>[H]O[C@@]1([H])C([H])([H])[C@]([H])(N2:C([H]):C([C:30]([O:54][H:92])([H:72])[H:73]):C(N([H])[H]):N:C:2=O)O[C@]1([H])C([H])([H])OP(=O)(O[H])O[H],EVODEX-P10909
EVODEX-N3736,[H]O[C@@]1([H])C([H])([H])[C@]([H])(N2:C([H]):C(C([H])([H])[O:22][H:70]):C(N([H])[H]):N:C:2=O)O[C@]1([H])C([H])([H])OP(=O)(O[H])O[H]>>[H][O:22][H:70],EVODEX-P10910
EVODEX-N3737,[H]O[C@@]1([H])C([H])([H])[C@]([H])(N2:C([H]):C([C:21]([O:22])([H:68])[H:69]):C(N([H])[H]):N:C:2=O)O[C@]1([H])C([H])([H])OP(=O)(O[H])O[H].[H][N:31]([C:27])[C:32][C:33][N:34]([H])[C:35]>>[C:21]1([H:68])([H:69])[N:31]([C:27])[C:32][C:33][N:34]1[C:35].[H][O:22],EVODEX-P10912
EVODEX-N3738,[H]O[C@@]1([H])C([H])([H])[C@]([H])(N2:C([H]):C([C:21]([O:22])([H:68])[H:69]):C(N([H])[H]):N:C:2=O)O[C@]1([H])C([H])([H])OP(=O)(O[H])O[H]>>[H]OC(=O)C([H])([H])C([H])([H])[C@@]([H])(C(=O)O[H])N([H])C(=O)C1:C([H]):C([H]):C(N2C([H])([H])[C@]3([H])N(C4:C(:N:C(N([H])[H]):N([H]):C:4=O)N([H])C3([H])[H])[C:21]2([H:68])[H:69]):C([H]):C:1[H].[H][O:22],EVODEX-P10913
EVODEX-N3739,[H]C([H])([C:20](:[C:2]):[C:19])[O:22][H:70]>>[H][C:20](:[C:2]):[C:19].[H][O:22][H:70],EVODEX-P10914
EVODEX-N3740,[H]OC([H])([H])[C:20](:[C:2]):[C:19]>>[H][C:20](:[C:2]):[C:19],EVODEX-P10915
EVODEX-N3741,[H]O[C@@]1([H])C([H])([H])[C@]([H])(N2:C([H]):C([C:21](O[H])([H:68])[H:69]):C(N([H])[H]):N:C:2=O)O[C@]1([H])C([H])([H])OP(=O)(O[H])O[H].[H][N:31]([C:27])[C:32][C:33][N:34]([H])[C:35]>>[C:21]1([H:68])([H:69])[N:31]([C:27])[C:32][C:33][N:34]1[C:35],EVODEX-P10917
EVODEX-N3742,[H]O[C@@]1([H])C([H])([H])[C@]([H])(N2:C([H]):C([C:21](O[H])([H:68])[H:69]):C(N([H])[H]):N:C:2=O)O[C@]1([H])C([H])([H])OP(=O)(O[H])O[H]>>[H]OC(=O)C([H])([H])C([H])([H])[C@@]([H])(C(=O)O[H])N([H])C(=O)C1:C([H]):C([H]):C(N2C([H])([H])[C@]3([H])N(C4:C(:N:C(N([H])[H]):N([H]):C:4=O)N([H])C3([H])[H])[C:21]2([H:68])[H:69]):C([H]):C:1[H],EVODEX-P10919
EVODEX-N3743,[H][C:2]([C:1])([C:3])[C:4].[N:17][C:18]([N:19])([H:54])[H:55]>>[H]O[C:18]([C:2]([C:1])([C:3])[C:4])([H:54])[H:55].[H][N:17].[H][N:19],EVODEX-P10921
EVODEX-N3744,[H][C:2]([C:1])([C:3])[C:4].[N:17][C:18]([N:19])([H:54])[H:55].[H][O:42][H:74]>>[C:1][C:2]([C:3])([C:4])[C:18]([O:42][H:74])([H:54])[H:55].[H][N:17].[H][N:19],EVODEX-P10922
EVODEX-N3745,[N:17][C:18]([N:19])([H:54])[H:55].[H][O:42][H:74]>>[H]OC(=O)C(=O)C(C([H])([H])[H])(C([H])([H])[H])[C:18]([O:42][H:74])([H:54])[H:55].[H][N:17].[H][N:19],EVODEX-P10923
EVODEX-N3746,[H][O:42][H:74]>>[H]OC(=O)C(=O)C(C([H])([H])[H])(C([H])([H])[H])C([H])([H])[O:42][H:74],EVODEX-P10924
EVODEX-N3747,[H][C:2]([C:1])([C:3])[C:4].[H]OC(=O)C([H])([H])C([H])([H])[C@@]([H])(C(=O)O[H])N([H])C(=O)C1:C([H]):C([H]):C(N2C([H])([H])[C@]3([H])N(C4:C(:N:C(N([H])[H]):N([H]):C:4=O)N([H])C3([H])[H])[C:18]2([H:54])[H:55]):C([H]):C:1[H]>>[H]O[C:18]([C:2]([C:1])([C:3])[C:4])([H:54])[H:55],EVODEX-P10925
EVODEX-N3748,[H][C:2]([C:1])([C:3])[C:4].[H][O:42][H:74]>>[H]C([H])([C:2]([C:1])([C:3])[C:4])[O:42][H:74],EVODEX-P10926
EVODEX-N3749,[H]OC(=O)C([H])([H])C([H])([H])[C@@]([H])(C(=O)O[H])N([H])C(=O)C1:C([H]):C([H]):C(N2C([H])([H])[C@]3([H])N(C4:C(:N:C(N([H])[H]):N([H]):C:4=O)N([H])C3([H])[H])[C:18]2([H:54])[H:55]):C([H]):C:1[H]>>[H]OC(=O)C(=O)C(C([H])([H])[H])(C([H])([H])[H])[C:18](O[H])([H:54])[H:55],EVODEX-P10927
EVODEX-N3750,[H][C:2]([C:1])([C:3])[C:4]>>[H]OC([H])([H])[C:2]([C:1])([C:3])[C:4],EVODEX-P10928
EVODEX-N3751,[H][C:2]([C:1])([C:3])[C:4].[H]OC(=O)C([H])([H])C([H])([H])[C@@]([H])(C(=O)O[H])N([H])C(=O)C1:C([H]):C([H]):C(N2C([H])([H])[C@]3([H])N(C4:C(:N:C(N([H])[H]):N([H]):C:4=O)N([H])C3([H])[H])[C:18]2([H:54])[H:55]):C([H]):C:1[H].[H][O:42][H:74]>>[C:1][C:2]([C:3])([C:4])[C:18]([O:42][H:74])([H:54])[H:55],EVODEX-P10929
EVODEX-N3752,>>[H]O.[H]OC(=O)C(=O)C(C([H])([H])[H])C([H])([H])[H].[H].[H],EVODEX-P10930
EVODEX-N3753,[H]OC(=O)C([H])([H])C([H])([H])[C@@]([H])(C(=O)O[H])N([H])C(=O)C1:C([H]):C([H]):C(N2C([H])([H])[C@]3([H])N(C4:C(:N:C(N([H])[H]):N([H]):C:4=O)N([H])C3([H])[H])[C:18]2([H:54])[H:55]):C([H]):C:1[H].[H][O:42][H:74]>>[H]OC(=O)C(=O)C(C([H])([H])[H])(C([H])([H])[H])[C:18]([O:42][H:74])([H:54])[H:55],EVODEX-P10931
EVODEX-N3754,[H]OC(=O)C(=O)C(C([H])([H])[H])(C([H])([H])[H])C([H])([H])[O:5][H:51]>>[H][O:5][H:51],EVODEX-P10932
EVODEX-N3755,[H]OC(=O)C(=O)C(C([H])([H])[H])(C([H])([H])[H])[C:4]([O:5])([H:49])[H:50].[H][N:19]([C:15])[C:20][C:21][N:22]([H])[C:23]>>[C:4]1([H:49])([H:50])[N:19]([C:15])[C:20][C:21][N:22]1[C:23].[H][O:5],EVODEX-P10934
EVODEX-N3756,[H]OC(=O)C(=O)C(C([H])([H])[H])(C([H])([H])[H])[C:4]([O:5])([H:49])[H:50]>>[H]OC(=O)C([H])([H])C([H])([H])[C@@]([H])(C(=O)O[H])N([H])C(=O)C1:C([H]):C([H]):C(N2C([H])([H])[C@]3([H])N(C4:C(:N:C(N([H])[H]):N([H]):C:4=O)N([H])C3([H])[H])[C:4]2([H:49])[H:50]):C([H]):C:1[H].[H][O:5],EVODEX-P10935
EVODEX-N3757,[H]C([H])([C:2]([C:1])([C:3])[C:6])[O:5][H:51]>>[H][C:2]([C:1])([C:3])[C:6].[H][O:5][H:51],EVODEX-P10936
EVODEX-N3758,[H]OC([H])([H])[C:2]([C:1])([C:3])[C:6]>>[H][C:2]([C:1])([C:3])[C:6],EVODEX-P10937
EVODEX-N3759,[H]OC(=O)C(=O)C(C([H])([H])[H])(C([H])([H])[H])[C:4](O[H])([H:49])[H:50].[H][N:19]([C:15])[C:20][C:21][N:22]([H])[C:23]>>[C:4]1([H:49])([H:50])[N:19]([C:15])[C:20][C:21][N:22]1[C:23],EVODEX-P10939
EVODEX-N3760,[H]OC(=O)C(=O)C(C([H])([H])[H])(C([H])([H])[H])[C:4](O[H])([H:49])[H:50]>>[H]OC(=O)C([H])([H])C([H])([H])[C@@]([H])(C(=O)O[H])N([H])C(=O)C1:C([H]):C([H]):C(N2C([H])([H])[C@]3([H])N(C4:C(:N:C(N([H])[H]):N([H]):C:4=O)N([H])C3([H])[H])[C:4]2([H:49])[H:50]):C([H]):C:1[H],EVODEX-P10941
EVODEX-N3761,[H]N=C1:N([H]):C2:C(:C(=O):N:1[H])N([H])C([H])(C([H])([H])N(C1:C([H]):C([H]):C(C(=O)N([H])[C@]([H])(C(=O)O[H])C([H])([H])C([H])([H])C(=O)O[H]):C([H]):C:1[H])[C:13](=[O:14])[H:99])C([H])([H])N2[H]>>[H]O[C@@]1([H])[C@@]([H])(OP(=O)(O[H])OP(=O)(O[H])OC([H])([H])[C@@]2([H])O[C@@]([H])(N3:C([H]):C([H]):C(=O):N([H]):C:3=O)[C@]([H])(O[H])[C@]2([H])O[H])OC([H])([H])[C@]([H])(N([H])[C:13](=[O:14])[H:99])[C@]1([H])O[H],EVODEX-P10945
EVODEX-N3762,>>[H]N[C@@]1([H])C([H])([H])O[C@]([H])(OP(=O)(O[H])OP(=O)(O[H])OC([H])([H])[C@@]2([H])O[C@@]([H])(N3:C([H]):C([H]):C(=O):N([H]):C:3=O)[C@]([H])(O[H])[C@]2([H])O[H])[C@]([H])(O[H])[C@@]1([H])O[H].[H],EVODEX-P10947
EVODEX-N3763,[H]N=C1:N([H]):C2:C(:C(=O):N:1[H])N([H])C([H])(C([H])([H])N(C1:C([H]):C([H]):C(C(=O)N([H])[C@]([H])(C(=O)O[H])C([H])([H])C([H])([H])C(=O)O[H]):C([H]):C:1[H])[C:51](=[O:52])[H:106])C([H])([H])N2[H]>>[H]O[C@@]1([H])[C@@]([H])(O[H])[C@]([H])(N2:C([H]):N:C3:C(=O):N([H]):C(N([H])[H]):N:C:3:2)O[C@]1([H])C([H])([H])OP(=O)(O[H])OP(=O)(O[H])O[C@@]1([H])O[C@]([H])(C([H])([H])[H])[C@@]([H])(N([H])[C:51](=[O:52])[H:106])[C@]([H])(O[H])[C@]1([H])O[H],EVODEX-P10950
EVODEX-N3764,>>[H]N[C@@]1([H])[C@]([H])(O[H])[C@]([H])(O[H])[C@@]([H])(OP(=O)(O[H])OP(=O)(O[H])OC([H])([H])[C@@]2([H])O[C@@]([H])(N3:C([H]):N:C4:C(=O):N([H]):C(N([H])[H]):N:C:4:3)[C@]([H])(O[H])[C@]2([H])O[H])O[C@]1([H])C([H])([H])[H].[H],"EVODEX-P10952,EVODEX-P12739"
EVODEX-N3765,[H][C:1]([C:2])([H:62])[H:63].[C:8][C:9](=[O:10])[O:11]>>[C:1]([C:2])([C:9](=[O:10])[O:11])([H:62])[H:63].[H][C:8],"EVODEX-P10953,EVODEX-P20788"
EVODEX-N3766,[H]OC(=O)[C@:8]([C:7])([C:12])[H:69]>>[H][C:8]([C:7])([C:12])[H:69],"EVODEX-P10954,EVODEX-P29746,EVODEX-P29766,EVODEX-P29806,EVODEX-P29855,EVODEX-P30008"
EVODEX-N3767,[H][C:1]([C:2])([H:62])[H:63].[H]O[C@]1([H])[C@]([H])(OP(=O)(O[H])O[H])[C@@]([H])(C([H])([H])OP(=O)(O[H])OP(=O)(O[H])OC([H])([H])C(C([H])([H])[H])(C([H])([H])[H])[C@@]([H])(O[H])C(=O)N([H])C([H])([H])C([H])([H])C(=O)N([H])C([H])([H])C([H])([H])SC(=O)[C@@]([H])(C([H])([H])[H])[C:9](=[O:10])[O:11])O[C@@]1([H])N1:C([H]):N:C2:C(N([H])[H]):N:C([H]):N:C:2:1>>[C:1]([C:2])([C:9](=[O:10])[O:11])([H:62])[H:63],EVODEX-P10955
EVODEX-N3768,[H]O[C@]1([H])[C@]([H])(OP(=O)(O[H])O[H])[C@@]([H])(C([H])([H])OP(=O)(O[H])OP(=O)(O[H])OC([H])([H])C(C([H])([H])[H])(C([H])([H])[H])[C@@]([H])(O[H])C(=O)N([H])C([H])([H])C([H])([H])C(=O)N([H])C([H])([H])C([H])([H])SC(=O)[C@@]([H])(C([H])([H])[H])[C:9](=[O:10])[O:11])O[C@@]1([H])N1:C([H]):N:C2:C(N([H])[H]):N:C([H]):N:C:2:1>>[H]OC(=O)C(=O)C([H])([H])[C:9](=[O:10])[O:11],EVODEX-P10956
EVODEX-N3769,>>[H]OC(=O)C(=O)C([H])[H].[H],"EVODEX-P10957,EVODEX-P16688,EVODEX-P16754,EVODEX-P16805,EVODEX-P16833,EVODEX-P16839,EVODEX-P17143,EVODEX-P17266,EVODEX-P17353,EVODEX-P17358,EVODEX-P17593,EVODEX-P17699"
EVODEX-N3770,[H][C:2]([C:1])([C:3])[H:65].[O:53]=[C:54]([O:55])[C:56]>>[C:1][C@:2]([C:3])([C:54](=[O:53])[O:55])[H:65].[H][C:56],EVODEX-P10958
EVODEX-N3771,[H][C:2]([C:1])([C:3])[H:65].[H]OC(=O)C(=O)C([H])([H])[C:54](=[O:53])[O:55]>>[C:1][C@:2]([C:3])([C:54](=[O:53])[O:55])[H:65],EVODEX-P10959
EVODEX-N3772,[H]OC(=O)C(=O)C([H])([H])[C:54](=[O:53])[O:55]>>[H]O[C@]1([H])[C@]([H])(OP(=O)(O[H])O[H])[C@@]([H])(C([H])([H])OP(=O)(O[H])OP(=O)(O[H])OC([H])([H])C(C([H])([H])[H])(C([H])([H])[H])[C@@]([H])(O[H])C(=O)N([H])C([H])([H])C([H])([H])C(=O)N([H])C([H])([H])C([H])([H])SC(=O)[C@@]([H])(C([H])([H])[H])[C:54](=[O:53])[O:55])O[C@@]1([H])N1:C([H]):N:C2:C(N([H])[H]):N:C([H]):N:C:2:1,EVODEX-P10960
EVODEX-N3773,[H][C:2]([C:1])([C:3])[H:65]>>[H]OC(=O)[C@:2]([C:1])([C:3])[H:65],"EVODEX-P10961,EVODEX-P29809,EVODEX-P34824,EVODEX-P35034"
EVODEX-N3774,>>[H]O[C@]1([H])[C@]([H])(OP(=O)(O[H])O[H])[C@@]([H])(C([H])([H])OP(=O)(O[H])OP(=O)(O[H])OC([H])([H])C(C([H])([H])[H])(C([H])([H])[H])[C@@]([H])(O[H])C(=O)N([H])C([H])([H])C([H])([H])C(=O)N([H])C([H])([H])C([H])([H])SC(=O)C([H])C([H])([H])[H])O[C@@]1([H])N1:C([H]):N:C2:C(N([H])[H]):N:C([H]):N:C:2:1.[H],EVODEX-P10962
EVODEX-N3775,[N:1][C:2](=[O:3])[O:4].[H][N:9]([C:10])[H:22]>>[N:1][C:2](=[O:3])[N:9]([C:10])[H:22].[H][O:4],"EVODEX-P10963,EVODEX-P10969,EVODEX-P10985,EVODEX-P10995,EVODEX-P11000,EVODEX-P11015,EVODEX-P11020,EVODEX-P11035"
EVODEX-N3776,[H]N([H])C(=O)[O:4][P:5]>>[H][O:4][P:5],EVODEX-P10964
EVODEX-N3777,[H]OP(=O)(O[H])O[C:2]([N:1])=[O:3].[H][N:9]([C:10])[H:22]>>[N:1][C:2](=[O:3])[N:9]([C:10])[H:22],"EVODEX-P10965,EVODEX-P10970,EVODEX-P10986,EVODEX-P10996,EVODEX-P11001,EVODEX-P11016,EVODEX-P11021,EVODEX-P11036"
EVODEX-N3778,[H][N:9]([C:10])[H:22]>>[H]N([H])C(=O)[N:9]([C:10])[H:22],"EVODEX-P10966,EVODEX-P10971,EVODEX-P10988,EVODEX-P10997,EVODEX-P11002,EVODEX-P11017,EVODEX-P11023,EVODEX-P11037"
EVODEX-N3779,[H]OP(=O)(O[H])O[C:2]([N:1])=[O:3]>>[H]OC(=O)C([H])([H])[C@@]([H])(C(=O)O[H])N([H])[C:2]([N:1])=[O:3],EVODEX-P10967
EVODEX-N3780,>>[H]N[C@]([H])(C(=O)O[H])C([H])([H])C(=O)O[H].[H],"EVODEX-P10968,EVODEX-P11372,EVODEX-P19217"
EVODEX-N3781,[H]OP(=O)(O[H])O[C:11]([N:10])=[O:12]>>[H]OC(=O)[C@@]([H])(N([H])[C:11]([N:10])=[O:12])C([H])([H])C(=O)N([H])[H],EVODEX-P10972
EVODEX-N3782,>>[H]N[C@]([H])(C(=O)O[H])C([H])([H])C(=O)N([H])[H].[H],EVODEX-P10973
EVODEX-N3783,[N:1][C:2](=[O:3])[O:4].[H][N:9]([O:10])[H:22]>>[N:1][C:2](=[O:3])[N:9]([O:10])[H:22].[H][O:4],EVODEX-P10974
EVODEX-N3784,[H]OP(=O)(O[H])O[C:2]([N:1])=[O:3].[H][N:9]([O:10])[H:22]>>[N:1][C:2](=[O:3])[N:9]([O:10])[H:22],EVODEX-P10975
EVODEX-N3785,[H][N:9]([O:10])[H:22]>>[H]N([H])C(=O)[N:9]([O:10])[H:22],EVODEX-P10976
EVODEX-N3786,[H]OP(=O)(O[H])O[C:2]([N:1])=[O:3]>>[H]OC(=O)[C@@]([H])(N([H])[H])C([H])([H])C([H])([H])ON([H])[C:2]([N:1])=[O:3],EVODEX-P10977
EVODEX-N3787,>>[H]NOC([H])([H])C([H])([H])[C@@]([H])(C(=O)O[H])N([H])[H].[H],EVODEX-P10978
EVODEX-N3788,[N:1][C:2](=[O:3])[N:4].[H][O:15][P:14]>>[N:1][C:2](=[O:3])[O:15][P:14].[H][N:4],"EVODEX-P10979,EVODEX-P10990"
EVODEX-N3789,[H]N([H])C(=O)[N:4]([O:5])[H:20]>>[H][N:4]([O:5])[H:20],EVODEX-P10980
EVODEX-N3790,[H]OC(=O)[C@@]([H])(N([H])[H])C([H])([H])C([H])([H])ON([H])[C:2]([N:1])=[O:3].[H][O:15][P:14]>>[N:1][C:2](=[O:3])[O:15][P:14],EVODEX-P10981
EVODEX-N3791,[H][O:15][P:14]>>[H]N([H])C(=O)[O:15][P:14],EVODEX-P10982
EVODEX-N3792,[H]OC(=O)[C@@]([H])(N([H])[H])C([H])([H])C([H])([H])ON([H])[C:2]([N:1])=[O:3]>>[H]OP(=O)(O[H])O[C:2]([N:1])=[O:3],EVODEX-P10983
EVODEX-N3793,>>[H]OP(O)(=O)O[H].[H],"EVODEX-P10984,EVODEX-P10994,EVODEX-P11294,EVODEX-P11387,EVODEX-P12714,EVODEX-P13300,EVODEX-P13332,EVODEX-P13342,EVODEX-P13475,EVODEX-P13593,EVODEX-P13639,EVODEX-P14497,EVODEX-P14521,EVODEX-P14587,EVODEX-P14694,EVODEX-P14699,EVODEX-P14835,EVODEX-P14841,EVODEX-P15032,EVODEX-P15037,EVODEX-P15051,EVODEX-P15109,EVODEX-P15133,EVODEX-P15143,EVODEX-P15177,EVODEX-P15215,EVODEX-P15389,EVODEX-P15405,EVODEX-P15911,EVODEX-P15969,EVODEX-P18609,EVODEX-P19279,EVODEX-P19385,EVODEX-P19654,EVODEX-P19731,EVODEX-P19792,EVODEX-P19798,EVODEX-P19803,EVODEX-P22471,EVODEX-P23005,EVODEX-P34929"
EVODEX-N3794,[H]OP(=O)(O[H])O[C:8]([N:7])=[O:9]>>[H]OC(=O)C(=O)N([H])[C:8]([N:7])=[O:9],EVODEX-P10987
EVODEX-N3795,>>[H]NC(=O)C(=O)O[H].[H],EVODEX-P10989
EVODEX-N3796,[H]N([H])C(=O)[N:4]([C:5])[H:13]>>[H][N:4]([C:5])[H:13],"EVODEX-P10991,EVODEX-P27079,EVODEX-P27090,EVODEX-P27101,EVODEX-P27211,EVODEX-P27468,EVODEX-P27479,EVODEX-P27717,EVODEX-P27728,EVODEX-P27755,EVODEX-P27963,EVODEX-P27974,EVODEX-P28325,EVODEX-P28437"
EVODEX-N3797,[H]OC(=O)C(=O)N([H])[C:2]([N:1])=[O:3].[H][O:12][P:11]>>[N:1][C:2](=[O:3])[O:12][P:11],EVODEX-P10992
EVODEX-N3798,[H]OC(=O)C(=O)N([H])[C:2]([N:1])=[O:3]>>[H]OP(=O)(O[H])O[C:2]([N:1])=[O:3],EVODEX-P10993
EVODEX-N3799,[H]OP(=O)(O[H])O[C:2]([N:1])=[O:3]>>[H]OC(=O)[C@@]([H])(N([H])[H])C([H])([H])C([H])([H])C([H])([H])N([H])[C:2]([N:1])=[O:3],EVODEX-P10998
EVODEX-N3800,>>[H].[H]NC([H])([H])C([H])([H])C([H])([H])[C@@]([H])(C(=O)O[H])N([H])[H],"EVODEX-P10999,EVODEX-P11061,EVODEX-P11081,EVODEX-P11529,EVODEX-P12047"
EVODEX-N3801,[H]OP(=O)(O[H])O[C:2]([N:1])=[O:3]>>[H]N([H])C([H])([H])C([H])([H])C([H])([H])C([H])([H])N([H])[C:2]([N:1])=[O:3],EVODEX-P11003
EVODEX-N3802,>>[H]NC([H])([H])C([H])([H])C([H])([H])C([H])([H])N([H])[H].[H],"EVODEX-P11004,EVODEX-P11700,EVODEX-P12226,EVODEX-P12232,EVODEX-P12965,EVODEX-P16115,EVODEX-P16120"
EVODEX-N3803,[N:1][C:2](=[O:3])[O:4].[H][O:27][C:26]>>[N:1][C:2](=[O:3])[O:27][C:26].[H][O:4],"EVODEX-P11005,EVODEX-P11010,EVODEX-P11040,EVODEX-P11045"
EVODEX-N3804,[H]OP(=O)(O[H])O[C:2]([N:1])=[O:3].[H][O:27][C:26]>>[N:1][C:2](=[O:3])[O:27][C:26],"EVODEX-P11006,EVODEX-P11011,EVODEX-P11041,EVODEX-P11046"
EVODEX-N3805,[H][O:27][C:26]>>[H]N([H])C(=O)[O:27][C:26],"EVODEX-P11007,EVODEX-P11013,EVODEX-P11043,EVODEX-P11048"
EVODEX-N3806,[H]OP(=O)(O[H])O[C:2]([N:1])=[O:3]>>[H]OC(=O)C1=C(C([H])([H])O[C:2]([N:1])=[O:3])C([H])([H])S[C@@]2([H])N1C(=O)[C@@]2([H])N([H])C(=O)C([H])([H])C([H])([H])C([H])([H])[C@]([H])(C(=O)O[H])N([H])[H],EVODEX-P11008
EVODEX-N3807,>>[H]OC(=O)C1=C(C([H])([H])O)C([H])([H])S[C@@]2([H])N1C(=O)[C@@]2([H])N([H])C(=O)C([H])([H])C([H])([H])C([H])([H])[C@]([H])(C(=O)O[H])N([H])[H].[H],"EVODEX-P11009,EVODEX-P12455"
EVODEX-N3808,[H]OP(=O)(O[H])O[C:28]([N:27])=[O:29]>>[H]OC(=O)C1=C(C([H])([H])O[C:28]([N:27])=[O:29])C([H])([H])S[C@@]2([H])N1C(=O)[C@@]2([H])N([H])C(=O)C(=NOC([H])([H])[H])C1:O:C([H]):C([H]):C:1[H],EVODEX-P11012
EVODEX-N3809,>>[H]OC(=O)C1=C(C([H])([H])O)C([H])([H])S[C@@]2([H])N1C(=O)[C@@]2([H])N([H])C(=O)C(=NOC([H])([H])[H])C1:O:C([H]):C([H]):C:1[H].[H],EVODEX-P11014
EVODEX-N3810,[H]OP(=O)(O[H])O[C:2]([N:1])=[O:3]>>[H]OC(=O)[C@@]([H])(N([H])[H])C([H])([H])C([H])([H])C([H])([H])C([H])([H])N([H])[C:2]([N:1])=[O:3],EVODEX-P11018
EVODEX-N3811,>>[H]NC([H])([H])C([H])([H])C([H])([H])C([H])([H])[C@@]([H])(C(=O)O[H])N([H])[H].[H],"EVODEX-P11019,EVODEX-P11076,EVODEX-P11499,EVODEX-P11503"
EVODEX-N3812,[H]OP(=O)(O[H])O[C:14]([N:13])=[O:15]>>[H]OC(=O)[C@@]([H])(N([H])C(=O)C([H])([H])[H])C([H])([H])C([H])([H])C([H])([H])N([H])[C:14]([N:13])=[O:15],EVODEX-P11022
EVODEX-N3813,>>[H]NC([H])([H])C([H])([H])C([H])([H])[C@@]([H])(C(=O)O[H])N([H])C(=O)C([H])([H])[H].[H],EVODEX-P11024
EVODEX-N3814,[H]O[C@]1([H])[C@]([H])(O[P:48](=[O:49])([O:50])[O:51])[C@@]([H])(C([H])([H])OP(=O)(O[H])OP(=O)(O[H])OC([H])([H])C(C([H])([H])[H])(C([H])([H])[H])[C@@]([H])(O[H])C(=O)N([H])C([H])([H])C([H])([H])C(=O)N([H])C([H])([H])C([H])([H])SC(=O)C([H])([H])[H])O[C@@]1([H])N1:C([H]):N:C2:C(N([H])[H]):N:C([H]):N:C:2:1.[H][O:82][C:81]>>[P:48](=[O:49])([O:50])([O:51])[O:82][C:81],EVODEX-P11026
EVODEX-N3815,>>[H]O[C@]1([H])[C@]([H])(O)[C@@]([H])(C([H])([H])OP(=O)(O[H])OP(=O)(O[H])OC([H])([H])C(C([H])([H])[H])(C([H])([H])[H])[C@@]([H])(O[H])C(=O)N([H])C([H])([H])C([H])([H])C(=O)N([H])C([H])([H])C([H])([H])S[H])O[C@@]1([H])N1:C([H]):N:C2:C(N([H])[H]):N:C([H]):N:C:2:1.[H],"EVODEX-P11029,EVODEX-P12501,EVODEX-P12507,EVODEX-P18146,EVODEX-P18151"
EVODEX-N3816,[H][O:47][C:46].[H]O[C@]1([H])[C@]([H])(O[P:79](=[O:80])([O:81])[O:82])[C@@]([H])(C([H])([H])OP(=O)(O[H])OP(=O)(O[H])OC([H])([H])C(C([H])([H])[H])(C([H])([H])[H])[C@@]([H])(O[H])C(=O)N([H])C([H])([H])C([H])([H])C(=O)N([H])C([H])([H])C([H])([H])S[H])O[C@@]1([H])N1:C([H]):N:C2:C(N([H])[H]):N:C([H]):N:C:2:1>>[C:46][O:47][P:79](=[O:80])([O:81])[O:82],EVODEX-P11032
EVODEX-N3817,>>[H]O[C@]1([H])[C@]([H])(O)[C@@]([H])(C([H])([H])OP(=O)(O[H])OP(=O)(O[H])OC([H])([H])C(C([H])([H])[H])(C([H])([H])[H])[C@@]([H])(O[H])C(=O)N([H])C([H])([H])C([H])([H])C(=O)N([H])C([H])([H])C([H])([H])SC(=O)C([H])([H])[H])O[C@@]1([H])N1:C([H]):N:C2:C(N([H])[H]):N:C([H]):N:C:2:1.[H],EVODEX-P11034
EVODEX-N3818,[H]OP(=O)(O[H])O[C:2]([N:1])=[O:3]>>[H]OC(=O)C([H])([H])C([H])([H])C(=O)N([H])[C@]([H])(C(=O)O[H])C([H])([H])C([H])([H])C([H])([H])N([H])[C:2]([N:1])=[O:3],EVODEX-P11038
EVODEX-N3819,>>[H]NC([H])([H])C([H])([H])C([H])([H])[C@@]([H])(C(=O)O[H])N([H])C(=O)C([H])([H])C([H])([H])C(=O)O[H].[H],EVODEX-P11039
EVODEX-N3820,[H]OP(=O)(O[H])O[C:43]([N:42])=[O:44]>>[H]OC1:C([H]):C([H]):C(C(=O)N([H])C2:C(O[H]):C3:C([H]):C([H]):C(O[C@]4([H])OC(C([H])([H])[H])(C([H])([H])[H])[C@]([H])(OC([H])([H])[H])[C@@]([H])(O[C:43]([N:42])=[O:44])[C@@]4([H])O[H]):C(C([H])([H])[H]):C:3:O:C:2=O):C([H]):C:1C([H])([H])C([H])=C(C([H])([H])[H])C([H])([H])[H],EVODEX-P11042
EVODEX-N3821,>>[H]OC1:C([H]):C([H]):C(C(=O)N([H])C2:C(O[H]):C3:C([H]):C([H]):C(O[C@]4([H])OC(C([H])([H])[H])(C([H])([H])[H])[C@]([H])(OC([H])([H])[H])[C@@]([H])(O)[C@@]4([H])O[H]):C(C([H])([H])[H]):C:3:O:C:2=O):C([H]):C:1C([H])([H])C([H])=C(C([H])([H])[H])C([H])([H])[H].[H],EVODEX-P11044
EVODEX-N3822,[H]OP(=O)(O[H])O[C:42]([N:41])=[O:43]>>[H]OC1:C([H]):C([H]):C(C(=O)N([H])C2:C(O[H]):C3:C([H]):C([H]):C(O[C@]4([H])OC(C([H])([H])[H])(C([H])([H])[H])[C@]([H])(O[H])[C@@]([H])(O[C:42]([N:41])=[O:43])[C@@]4([H])O[H]):C(Cl):C:3:O:C:2=O):C([H]):C:1C([H])([H])C([H])=C(C([H])([H])[H])C([H])([H])[H],EVODEX-P11047
EVODEX-N3823,>>[H]OC1:C([H]):C([H]):C(C(=O)N([H])C2:C(O[H]):C3:C([H]):C([H]):C(O[C@]4([H])OC(C([H])([H])[H])(C([H])([H])[H])[C@]([H])(O[H])[C@@]([H])(O)[C@@]4([H])O[H]):C(Cl):C:3:O:C:2=O):C([H]):C:1C([H])([H])C([H])=C(C([H])([H])[H])C([H])([H])[H].[H],EVODEX-P11049
EVODEX-N3824,[H][N:13]([C:14])[H:18].[N:1]=[C:2]([N:3])[N:4]>>[H][N:4].[N:1]=[C:2]([N:3])[N:13]([C:14])[H:18],"EVODEX-P11050,EVODEX-P11056,EVODEX-P11062,EVODEX-P11072,EVODEX-P11077"
EVODEX-N3825,[H][N:13]([C:14])[H:18].[H]OC(=O)[C@@]([H])(N([H])[H])C([H])([H])C([H])([H])C([H])([H])N([H])[C:2](=[N:1])[N:3]>>[N:1]=[C:2]([N:3])[N:13]([C:14])[H:18],"EVODEX-P11051,EVODEX-P11063,EVODEX-P11073"
EVODEX-N3826,[H]OC(=O)[C@@]([H])(N([H])[H])C([H])([H])C([H])([H])C([H])([H])N([H])[C:2](=[N:1])[N:3]>>[H]OC(=O)C([H])([H])N([H])[C:2](=[N:1])[N:3],EVODEX-P11052
EVODEX-N3827,[H][N:13]([C:14])[H:18]>>[H]N=C(N([H])[H])[N:13]([C:14])[H:18],"EVODEX-P11053,EVODEX-P11059,EVODEX-P11065,EVODEX-P11075"
EVODEX-N3828,[H]N=C(N([H])[H])[N:4]([C:5])[H:17]>>[H][N:4]([C:5])[H:17],"EVODEX-P11054,EVODEX-P11060,EVODEX-P11080,EVODEX-P26467,EVODEX-P26581,EVODEX-P28263,EVODEX-P28272,EVODEX-P28311,EVODEX-P28332,EVODEX-P28361,EVODEX-P28366,EVODEX-P28383,EVODEX-P28388,EVODEX-P28403,EVODEX-P28442,EVODEX-P28447,EVODEX-P28452"
EVODEX-N3829,[H][N:9]([C:10])[H:18].[H]OC(=O)C([H])([H])N([H])[C:2](=[N:1])[N:3]>>[N:1]=[C:2]([N:3])[N:9]([C:10])[H:18],EVODEX-P11057
EVODEX-N3830,[H]OC(=O)C([H])([H])N([H])[C:2](=[N:1])[N:3]>>[H]OC(=O)[C@@]([H])(N([H])[H])C([H])([H])C([H])([H])C([H])([H])N([H])[C:2](=[N:1])[N:3],EVODEX-P11058
EVODEX-N3831,[H]OC(=O)[C@@]([H])(N([H])[H])C([H])([H])C([H])([H])C([H])([H])N([H])[C:2](=[N:1])[N:3]>>[H]O[C@@]1([H])[C@]([H])(OP(=O)(O[H])O[H])[C@@]([H])(O[H])[C@]([H])(O[H])[C@@]([H])(N([H])[C:2](=[N:1])[N:3])[C@]1([H])O[H],EVODEX-P11064
EVODEX-N3832,>>[H].[H]N[C@@]1([H])[C@]([H])(O[H])[C@@]([H])(O[H])[C@]([H])(OP(=O)(O[H])O[H])[C@@]([H])(O[H])[C@]1([H])O[H],EVODEX-P11066
EVODEX-N3833,[H][N:13]([O:14])[H:15].[N:1]=[C:2]([N:3])[N:4]>>[H][N:4].[N:1]=[C:2]([N:3])[N:13]([O:14])[H:15],EVODEX-P11067
EVODEX-N3834,[H][N:13]([O:14])[H:15].[H]OC(=O)[C@@]([H])(N([H])[H])C([H])([H])C([H])([H])C([H])([H])N([H])[C:2](=[N:1])[N:3]>>[N:1]=[C:2]([N:3])[N:13]([O:14])[H:15],EVODEX-P11068
EVODEX-N3835,[H]OC(=O)[C@@]([H])(N([H])[H])C([H])([H])C([H])([H])C([H])([H])N([H])[C:2](=[N:1])[N:3]>>[H]ON([H])[C:2](=[N:1])[N:3],EVODEX-P11069
EVODEX-N3836,[H][N:13]([O:14])[H:15]>>[H]N=C(N([H])[H])[N:13]([O:14])[H:15],EVODEX-P11070
EVODEX-N3837,>>[H].[H]NO[H],"EVODEX-P11071,EVODEX-P12949"
EVODEX-N3838,[H]OC(=O)[C@@]([H])(N([H])[H])C([H])([H])C([H])([H])C([H])([H])N([H])[C:2](=[N:1])[N:3]>>[H]OC(=O)[C@@]([H])(N([H])[H])C([H])([H])C([H])([H])C([H])([H])C([H])([H])N([H])[C:2](=[N:1])[N:3],EVODEX-P11074
EVODEX-N3839,[H][N:14]([C:15])[H:23].[H]OC(=O)[C@@]([H])(N([H])[H])C([H])([H])C([H])([H])C([H])([H])C([H])([H])N([H])[C:2](=[N:1])[N:3]>>[N:1]=[C:2]([N:3])[N:14]([C:15])[H:23],EVODEX-P11078
EVODEX-N3840,[H]OC(=O)[C@@]([H])(N([H])[H])C([H])([H])C([H])([H])C([H])([H])C([H])([H])N([H])[C:2](=[N:1])[N:3]>>[H]OC(=O)[C@@]([H])(N([H])[H])C([H])([H])C([H])([H])C([H])([H])N([H])[C:2](=[N:1])[N:3],EVODEX-P11079
EVODEX-N3841,[O:15]=[C:16]([C:17])[H:29].[H][O:6][C@:5]([C:2](=[O:1])[C:3])([C:7])[H:42]>>[C:5](=[O:6])([C:7])[H:42].[H][O:15][C@:16]([C:2](=[O:1])[C:3])([C:17])[H:29],"EVODEX-P11082,EVODEX-P11088,EVODEX-P11116"
EVODEX-N3842,[O:15]=[C:16]([C:17])[H:29].[H]O[C@@]([H])([C@]([H])(O[H])C([H])([H])OP(=O)(O[H])O[H])[C:2](=[O:1])[C:3]>>[H][O:15][C@:16]([C:2](=[O:1])[C:3])([C:17])[H:29],EVODEX-P11083
EVODEX-N3843,[H]O[C@@]([H])([C@]([H])(O[H])C([H])([H])OP(=O)(O[H])O[H])[C:2](=[O:1])[C:3]>>[H]O[C@@]([H])([C@@]([H])(O[H])[C@]([H])(O[H])[C:2](=[O:1])[C:3])[C@]([H])(O[H])C([H])([H])OP(=O)(O[H])O[H],EVODEX-P11084
EVODEX-N3844,[O:15]=[C:16]([C:17])[H:29]>>[H]OC([H])([H])C(=O)[C@@:16]([O:15][H])([C:17])[H:29],"EVODEX-P11085,EVODEX-P11091"
EVODEX-N3845,[H]OC([H])([H])C(=O)[C@@:5]([O:6][H])([C:7])[H:42]>>[C:5](=[O:6])([C:7])[H:42],"EVODEX-P11086,EVODEX-P11092,EVODEX-P30051"
EVODEX-N3846,[H][O:6][C@:5]([C:2])([C:7])[H:42]>>[C:5](=[O:6])([C:7])[H:42].[H]O[C@@]([H])([C@@]([H])(O[H])[C@]([H])(O[H])[C:2])[C@]([H])(O[H])C([H])([H])OP(=O)(O[H])O[H],"EVODEX-P11087,EVODEX-P11121"
EVODEX-N3847,[O:19]=[C:20]([C:21])[H:29].[H]O[C@@]([H])([C@@]([H])(O[H])[C@]([H])(O[H])[C:2](=[O:1])[C:3])[C@]([H])(O[H])C([H])([H])OP(=O)(O[H])O[H]>>[H][O:19][C@:20]([C:2](=[O:1])[C:3])([C:21])[H:29],EVODEX-P11089
EVODEX-N3848,[H]O[C@@]([H])([C@@]([H])(O[H])[C@]([H])(O[H])[C:2](=[O:1])[C:3])[C@]([H])(O[H])C([H])([H])OP(=O)(O[H])O[H]>>[H]O[C@@]([H])([C@]([H])(O[H])C([H])([H])OP(=O)(O[H])O[H])[C:2](=[O:1])[C:3],EVODEX-P11090
EVODEX-N3849,[H][O:6][C@:5]([C:2])([C:7])[H:38]>>[C:5](=[O:6])([C:7])[H:38].[H]O[C@@]([H])([C@]([H])(O[H])C([H])([H])OP(=O)(O[H])O[H])[C:2],"EVODEX-P11093,EVODEX-P11099"
EVODEX-N3850,[O:19]=[C:20]([C:21])[H:29].[H][O:10][C@@:9]([C:7])([C@:11]([O:12])([C:13])[H:44])[H:42]>>[H][O:19][C@:20]([C@:11]([O:12])([C:13])[H:44])([C:21])[H:29].[C:7][C:9](=[O:10])[H:42],"EVODEX-P11094,EVODEX-P11100,EVODEX-P11175"
EVODEX-N3851,[H]O[C@]([H])(C([H])([H])OP(=O)(O[H])O[H])[C@:9]([C:7])([O:10][H])[H:42]>>[C:7][C:9](=[O:10])[H:42],"EVODEX-P11095,EVODEX-P11104"
EVODEX-N3852,[O:19]=[C:20]([C:21])[H:29].[H]OC([H])([H])C(=O)[C@@]([H])(O[H])[C@]([H])(O[H])[C@]([H])(O[H])[C@:11]([O:12])([C:13])[H:44]>>[H][O:19][C@:20]([C@:11]([O:12])([C:13])[H:44])([C:21])[H:29],EVODEX-P11096
EVODEX-N3853,[H]OC([H])([H])C(=O)[C@@]([H])(O[H])[C@]([H])(O[H])[C@]([H])(O[H])[C@:11]([O:12])([C:13])[H:44]>>[H]O[C@@]([H])([C@]([H])(O[H])C([H])([H])OP(=O)(O[H])O[H])[C@:11]([O:12])([C:13])[H:44],EVODEX-P11097
EVODEX-N3854,[O:19]=[C:20]([C:21])[H:29]>>[H]O[C@]([H])(C([H])([H])OP(=O)(O[H])O[H])[C@@:20]([O:19][H])([C:21])[H:29],"EVODEX-P11098,EVODEX-P11102"
EVODEX-N3855,[H]OC([H])([C@]([H])(O[H])C([H])([H])OP(=O)(O[H])O[H])[C@@:17]([C:16])([O:18])[H:33].[O:1]=[C:2]([C:3])[H:43]>>[H][O:1][C@@:2]([C:3])([C@@:17]([C:16])([O:18])[H:33])[H:43],EVODEX-P11101
EVODEX-N3856,[H]OC([H])([C@]([H])(O[H])C([H])([H])OP(=O)(O[H])O[H])[C@@:17]([C:16])([O:18])[H:33]>>[H]OC([H])([H])C(=O)[C@@]([H])(O[H])[C@]([H])(O[H])[C@]([H])(O[H])[C@@:17]([C:16])([O:18])[H:33],EVODEX-P11103
EVODEX-N3857,[H][O:20][C:19]([C:17])([C:21])[H:35]>>[C:19](=[O:20])([C:21])[H:35].[H]OC([H])([H])C(=O)[C@@]([H])(O[H])[C@]([H])(O[H])[C@]([H])(O[H])[C:17],EVODEX-P11105
EVODEX-N3858,[H][C:1](=[O:2])[H:17].[C:7][C@:9]([O:10])([C:11])[H:23]>>[C:1](=[O:2])([C:9]([O:10])([C:11])[H:23])[H:17].[H][C:7],EVODEX-P11106
EVODEX-N3859,[H]O[C@]([H])(C([H])([H])OP(=O)(O[H])O[H])[C@@:7]([C:4])([O:8])[H:21]>>[H][C:7]([C:4])([O:8])[H:21],"EVODEX-P11107,EVODEX-P30200"
EVODEX-N3860,[H][C:1](=[O:2])[H:17].[H]OC([H])([H])C(=O)[C@@]([H])(O[H])[C@:9]([O:10])([C:11])[H:23]>>[C:1](=[O:2])([C:9]([O:10])([C:11])[H:23])[H:17],EVODEX-P11108
EVODEX-N3861,[H][C:1](=[O:2])[H:17]>>[H]OC([H])(C([H])([H])OP(=O)(O[H])O[H])[C:1](=[O:2])[H:17],EVODEX-P11109
EVODEX-N3862,>>[H]C=O.[H],EVODEX-P11110
EVODEX-N3863,[H][C:3]([C:2])([O:4])[H:17].[C:8][C:9]([O:10])([C:11])[H:24]>>[C:2][C@@:3]([O:4])([C@:9]([O:10])([C:11])[H:24])[H:17].[H][C:8],EVODEX-P11111
EVODEX-N3864,[H]OC([H])(C([H])([H])OP(=O)(O[H])O[H])[C:8](=[O:7])[H:23]>>[H][C:8](=[O:7])[H:23],EVODEX-P11112
EVODEX-N3865,[H][C:3]([C:2])([O:4])[H:17].[H]C(=O)[C:9]([O:10])([C:11])[H:24]>>[C:2][C@@:3]([O:4])([C@:9]([O:10])([C:11])[H:24])[H:17],EVODEX-P11113
EVODEX-N3866,[H][C:3]([C:2])([O:4])[H:17]>>[H]O[C@]([H])(C([H])([H])OP(=O)(O[H])O[H])[C@@:3]([C:2])([O:4])[H:17],EVODEX-P11114
EVODEX-N3867,>>[H]OC([H])C(=O)C([H])([H])O[H].[H],"EVODEX-P11115,EVODEX-P18186"
EVODEX-N3868,[H]C([H])([H])C(=O)[C:4]([C:5])([O:6][H])[H:24]>>[C:4]([C:5])(=[O:6])[H:24],EVODEX-P11117
EVODEX-N3869,[H]OC([H])(C([H])([H])[H])[C:2]([C:1])=[O:3].[O:7]=[C:8]([C:9])[H:29]>>[H][O:7][C@:8]([C:2]([C:1])=[O:3])([C:9])[H:29],EVODEX-P11118
EVODEX-N3870,[O:7]=[C:8]([C:9])[H:29]>>[H]C([H])([H])C(=O)[C@@:8]([O:7][H])([C:9])[H:29],"EVODEX-P11119,EVODEX-P11146,EVODEX-P11151,EVODEX-P30143,EVODEX-P30148"
EVODEX-N3871,[H]OC([H])(C([H])([H])[H])[C:2]([C:1])=[O:3]>>[H]O[C@@]([H])([C@@]([H])(O[H])[C@]([H])(O[H])[C:2]([C:1])=[O:3])[C@]([H])(O[H])C([H])([H])OP(=O)(O[H])O[H],EVODEX-P11120
EVODEX-N3872,[H][O:7][C:4]([C:2]([C:1])=[O:3])([C:5])[C:6].[O:8]=[C:9]([C:10])[H:32]>>[C:4]([C:5])([C:6])=[O:7].[H][O:8][C@:9]([C:2]([C:1])=[O:3])([C:10])[H:32],"EVODEX-P11122,EVODEX-P11202"
EVODEX-N3873,[H]OC(C([H])([H])[H])(C([H])([H])[H])[C:2]([C:1])=[O:3].[O:8]=[C:9]([C:10])[H:32]>>[H][O:8][C@:9]([C:2]([C:1])=[O:3])([C:10])[H:32],EVODEX-P11123
EVODEX-N3874,[H]OC(C([H])([H])[H])(C([H])([H])[H])[C:2]([C:1])=[O:3]>>[H]O[C@@]([H])([C@@]([H])(O[H])[C@]([H])(O[H])[C:2]([C:1])=[O:3])[C@]([H])(O[H])C([H])([H])OP(=O)(O[H])O[H],EVODEX-P11124
EVODEX-N3875,[H][O:7][C:4]([C:2])([C:5])[C:6]>>[C:4]([C:5])([C:6])=[O:7].[H]O[C@@]([H])([C@@]([H])(O[H])[C@]([H])(O[H])[C:2])[C@]([H])(O[H])C([H])([H])OP(=O)(O[H])O[H],EVODEX-P11126
EVODEX-N3876,[O:11]=[C:12]([C:13])[H:16].[H][O:10][C:8]([C:6]([C:5])=[O:7])=[O:9]>>[C:8](=[O:9])=[O:10].[H][O:11][C:12]([C:6]([C:5])=[O:7])([C:13])[H:16],"EVODEX-P11127,EVODEX-P11132,EVODEX-P11144,EVODEX-P11149,EVODEX-P11170"
EVODEX-N3877,[O:11]=[C:12]([C:13])[H:16].[H]OC(=O)[C:6]([C:5])=[O:7]>>[H][O:11][C:12]([C:6]([C:5])=[O:7])([C:13])[H:16],"EVODEX-P11128,EVODEX-P11133,EVODEX-P11145,EVODEX-P11150,EVODEX-P11171"
EVODEX-N3878,[H]OC(=O)[C:6]([C:5])=[O:7]>>[H]OC(=O)C([H])(O[H])[C:6]([C:5])=[O:7],EVODEX-P11129
EVODEX-N3879,[O:11]=[C:12]([C:13])[H:16]>>[H]OC(=O)C([H])([H])C([H])([H])C(=O)[C:12]([O:11][H])([C:13])[H:16],"EVODEX-P11130,EVODEX-P11135,EVODEX-P11173"
EVODEX-N3880,[H][O:10][C:8]([C:6])=[O:9]>>[C:8](=[O:9])=[O:10].[H]OC(=O)C([H])(O[H])[C:6],EVODEX-P11131
EVODEX-N3881,[H]OC(=O)[C:13]([C:12])=[O:14]>>[H]O[C@@]([H])(C(=O)OC([H])([H])C([H])([H])[H])[C:13]([C:12])=[O:14],EVODEX-P11134
EVODEX-N3882,[H][O:17][C:15]([C:13])=[O:16]>>[C:15](=[O:16])=[O:17].[H]O[C@@]([H])(C(=O)OC([H])([H])C([H])([H])[H])[C:13],EVODEX-P11136
EVODEX-N3883,[H][O:6][C:4]([C:2]([C:1])=[O:3])=[O:5].[C:7][C:8](=[O:9])[C:10]>>[C:4](=[O:5])=[O:6].[H][O:9][C:8]([C:2]([C:1])=[O:3])([C:7])[C:10],"EVODEX-P11137,EVODEX-P11139"
EVODEX-N3884,[H]OC(=O)[C:2]([C:1])=[O:3].[C:7][C:8](=[O:9])[C:10]>>[H][O:9][C:8]([C:2]([C:1])=[O:3])([C:7])[C:10],"EVODEX-P11138,EVODEX-P11140"
EVODEX-N3885,[C:8][C:9](=[O:10])[C:11]>>[H]C([H])([H])C(=O)[C:9]([C:8])([O:10][H])[C:11],EVODEX-P11141
EVODEX-N3886,[H]OC(=O)[C:2]([C:1])=[O:3]>>[H]OC(=O)C(O[H])(C([H])([H])C([H])([H])[H])[C:2]([C:1])=[O:3],EVODEX-P11142
EVODEX-N3887,[H][O:6][C:4]([C:2])=[O:5]>>[C:4](=[O:5])=[O:6].[H]OC(=O)C(O[H])(C([H])([H])C([H])([H])[H])[C:2],EVODEX-P11143
EVODEX-N3888,[H]OC(=O)[C:2]([C:1])=[O:3]>>[H]OC([H])([H])[C@@]([H])(O[H])[C@]([H])(O[H])[C:2]([C:1])=[O:3],EVODEX-P11147
EVODEX-N3889,[H][O:6][C:4]([C:2])=[O:5]>>[C:4](=[O:5])=[O:6].[H]OC([H])([H])[C@@]([H])(O[H])[C@]([H])(O[H])[C:2],EVODEX-P11148
EVODEX-N3890,[H]OC(=O)[C:2]([C:1])=[O:3]>>[H]O[C@@]([H])([C@]([H])(O[H])C([H])([H])OP(=O)(O[H])O[H])[C:2]([C:1])=[O:3],EVODEX-P11152
EVODEX-N3891,[H][O:6][C:4]([C:2])=[O:5]>>[C:4](=[O:5])=[O:6].[H]O[C@@]([H])([C@]([H])(O[H])C([H])([H])OP(=O)(O[H])O[H])[C:2],EVODEX-P11153
EVODEX-N3892,[H][O:3][C@:2]([C:1])([C@:4]([N:5])([C:6])[H:18])[H:16].[O:9]=[C:10]([C:11])[H:22]>>[H][O:9][C@@:10]([C@:4]([N:5])([C:6])[H:18])([C:11])[H:22].[C:1][C:2](=[O:3])[H:16],"EVODEX-P11154,EVODEX-P11160"
EVODEX-N3893,[H]OC(=O)[C@@]([H])(N([H])[H])[C@@:2]([C:1])([O:3][H])[H:16]>>[C:1][C:2](=[O:3])[H:16],"EVODEX-P11155,EVODEX-P30118,EVODEX-P30181,EVODEX-P30248"
EVODEX-N3894,[H]O[C@]([H])(C([H])([H])[H])[C@:4]([N:5])([C:6])[H:18].[O:9]=[C:10]([C:11])[H:22]>>[H][O:9][C@@:10]([C@:4]([N:5])([C:6])[H:18])([C:11])[H:22],"EVODEX-P11156,EVODEX-P11161"
EVODEX-N3895,[O:9]=[C:10]([C:11])[H:22]>>[H]OC(=O)[C@@]([H])(N([H])[H])[C@:10]([O:9][H])([C:11])[H:22],"EVODEX-P11157,EVODEX-P11162,EVODEX-P30030,EVODEX-P30120,EVODEX-P30177,EVODEX-P30307"
EVODEX-N3896,[H]O[C@]([H])(C([H])([H])[H])[C@:4]([N:5])([C:6])[H:18]>>[H]O[C@]([H])(C([H])([H])F)[C@:4]([N:5])([C:6])[H:18],EVODEX-P11158
EVODEX-N3897,[H][O:3][C@:2]([C:1])([C:4])[H:16]>>[H]O[C@]([H])(C([H])([H])F)[C:4].[C:1][C:2](=[O:3])[H:16],EVODEX-P11159
EVODEX-N3898,[H]O[C@]([H])(C([H])([H])[H])[C@:4]([N:5])([C:6])[H:18]>>[H]O[C@]([H])(C([H])([H])Cl)[C@:4]([N:5])([C:6])[H:18],EVODEX-P11163
EVODEX-N3899,[H][O:3][C@:2]([C:1])([C:4])[H:16]>>[H]O[C@]([H])(C([H])([H])Cl)[C:4].[C:1][C:2](=[O:3])[H:16],EVODEX-P11164
EVODEX-N3900,[C:6][C:7](=[C:8]([C:9])[C:12])[H:32].[H][O:26][C:24]([C:22]([C:21])=[O:23])=[O:25]>>[C:24](=[O:25])=[O:26].[H][C@:8]([C@:7]([C:6])([C:22]([C:21])=[O:23])[H:32])([C:9])[C:12],EVODEX-P11165
EVODEX-N3901,[C:6][C:7](=[C:8]([C:9])[C:12])[H:32].[H]OC(=O)[C:22]([C:21])=[O:23]>>[H][C@:8]([C@:7]([C:6])([C:22]([C:21])=[O:23])[H:32])([C:9])[C:12],EVODEX-P11166
EVODEX-N3902,[H]OC(=O)[C:22]([C:21])=[O:23]>>[H]OC(=O)C(O[C@@]1([H])C([H])=C([H])[C@]([H])([C:22]([C:21])=[O:23])[C@@]([H])(C(=O)O[H])[C@]1([H])O[H])=C([H])[H],EVODEX-P11167
EVODEX-N3903,[C:6][C:7](=[C:8]([C:9])[C:12])[H:32]>>[H]OC(=O)C([H])([H])C([H])([H])C(=O)[C@@:7]([C:6])([C@@:8]([H])([C:9])[C:12])[H:32],EVODEX-P11168
EVODEX-N3904,[H][O:26][C:24]([C:22])=[O:25]>>[C:24](=[O:25])=[O:26].[H]OC(=O)C(O[C@@]1([H])C([H])=C([H])[C@]([H])([C:22])[C@@]([H])(C(=O)O[H])[C@]1([H])O[H])=C([H])[H],EVODEX-P11169
EVODEX-N3905,[H]OC(=O)[C:6]([C:5])=[O:7]>>[H]OC1:C([H]):C([H]):C([H]):C([C@@]([H])(O[H])[C:6]([C:5])=[O:7]):C:1O[H],EVODEX-P11172
EVODEX-N3906,[H][O:10][C:8]([C:6])=[O:9]>>[C:8](=[O:9])=[O:10].[H]OC1:C([H]):C([H]):C([H]):C([C@@]([H])(O[H])[C:6]):C:1O[H],EVODEX-P11174
EVODEX-N3907,[H]O[C@]([H])(C(=O)C([H])([H])[H])[C@:6]([O:7][H])([C:8])[H:29]>>[C:6](=[O:7])([C:8])[H:29],EVODEX-P11176
EVODEX-N3908,[H]O[C@]([H])(C(=O)C([H])([H])OP(=O)(O[H])O[H])[C@@:4]([C:2])([O:5])[H:27].[C:18][C:19](=[O:20])[H:40]>>[H][O:20][C@:19]([C:4]([C:2])([O:5])[H:27])([C:18])[H:40],EVODEX-P11177
EVODEX-N3909,[C:18][C:19](=[O:20])[H:40]>>[H]OC([H])(C(=O)C([H])([H])[H])[C@:19]([C:18])([O:20][H])[H:40],EVODEX-P11178
EVODEX-N3910,[H]O[C@]([H])(C(=O)C([H])([H])OP(=O)(O[H])O[H])[C@@:4]([C:2])([O:5])[H:27]>>[H]OC(=O)[C@@]([H])(N([H])[H])C([H])([H])[C@]([H])(O[H])[C:4]([C:2])([O:5])[H:27],EVODEX-P11179
EVODEX-N3911,[H][O:7][C@@:6]([C:4])([C:8])[H:29]>>[H]OC(=O)[C@@]([H])(N([H])[H])C([H])([H])[C@]([H])(O[H])[C:4].[C:6](=[O:7])([C:8])[H:29],EVODEX-P11180
EVODEX-N3912,[C:2][C:4](=[O:5])[H:29].[H][O:15][C@:14]1([C:16])[O:13][C:12][C@:24]([O:25][H])([H:42])[C@@:22]1([O:23])[H:40]>>[H][O:5][C@:4]([C:2])([C@@:22]([C:14](=[O:15])[C:16])([O:23])[H:40])[H:29].[H][O:13][C:12][C:24](=[O:25])[H:42],"EVODEX-P11181,EVODEX-P11187,EVODEX-P11207"
EVODEX-N3913,[H]O[C@@]1(C([H])([H])OP(=O)(O[H])O[H])[C@@]([H])(O[H])[C@@:24]([O:25][H])([H:42])[C:12][O:13]1>>[H][O:13][C:12][C:24](=[O:25])[H:42],"EVODEX-P11182,EVODEX-P11188"
EVODEX-N3914,[C:2][C:4](=[O:5])[H:29].[H]O[C@]1([H])[C@@]([H])(C([H])([H])OP(=O)(O[H])O[H])O[C@:14]([O:15][H])([C:16])[C@:22]1([O:23])[H:40]>>[H][O:5][C@:4]([C:2])([C@@:22]([C:14](=[O:15])[C:16])([O:23])[H:40])[H:29],EVODEX-P11183
EVODEX-N3915,[H]O[C@]1([H])[C@@]([H])(C([H])([H])OP(=O)(O[H])O[H])O[C@:14]([O:15][H])([C:16])[C@:22]1([O:23])[H:40]>>[H]O[C@]([H])(C(=O)C([H])([H])[H])[C@@:22]([C:14](=[O:15])[C:16])([O:23])[H:40],EVODEX-P11184
EVODEX-N3916,[C:2][C:4](=[O:5])[H:29]>>[H]O[C@]([H])(C(=O)C([H])([H])OP(=O)(O[H])O[H])[C@@:4]([C:2])([O:5][H])[H:29],"EVODEX-P11185,EVODEX-P30085,EVODEX-P30193"
EVODEX-N3917,[H][O:15][C@:14]1([C:16])[O:13][C:12][C@:24]([O:25][H])([H:42])[C:22]1>>[H]O[C@]([H])(C(=O)C([H])([H])[H])[C:22][C:14](=[O:15])[C:16].[H][O:13][C:12][C:24](=[O:25])[H:42],"EVODEX-P11186,EVODEX-P11191"
EVODEX-N3918,[C:2][C:4](=[O:5])[H:25].[H]OC([H])([H])[C@@]1([H])O[C@@:12]([C:11])([O:13][H])[C@:20]([O:21])([H:37])[C@]1([H])O[H]>>[H][O:5][C@:4]([C:2])([C@@:20]([C:12]([C:11])=[O:13])([O:21])[H:37])[H:25],EVODEX-P11189
EVODEX-N3919,[H]OC([H])([H])[C@@]1([H])O[C@@:12]([C:11])([O:13][H])[C@:20]([O:21])([H:37])[C@]1([H])O[H]>>[H]O[C@]([H])(C(=O)C([H])([H])[H])[C@@:20]([C:12]([C:11])=[O:13])([O:21])[H:37],EVODEX-P11190
EVODEX-N3920,[H][O:6][C:4]([C:2]([C:1])=[O:3])=[O:5].[C:11]/[C:12](=[C:13](/[C:14])[H:32])[H:31]>>[C:4](=[O:5])=[O:6].[H][C:13]([C@:12]([C:2]([C:1])=[O:3])([C:11])[H:31])([C:14])[H:32],"EVODEX-P11192,EVODEX-P11197"
EVODEX-N3921,[H]OC(=O)[C:2]([C:1])=[O:3].[C:11]/[C:12](=[C:13](/[C:14])[H:32])[H:31]>>[H][C:13]([C@:12]([C:2]([C:1])=[O:3])([C:11])[H:31])([C:14])[H:32],"EVODEX-P11193,EVODEX-P11198"
EVODEX-N3922,[C:11]/[C:12](=[C:13](/[C:14])[H:32])[H:31]>>[H]C([H])([H])C(=O)[C@:12]([C:11])([C:13]([H])([C:14])[H:32])[H:31],"EVODEX-P11194,EVODEX-P11199"
EVODEX-N3923,[H]OC(=O)[C:2]([C:1])=[O:3]>>[H]C(=O)C([H])([H])[C@@]([H])(C([H])([H])C([H])([H])C([H])([H])C([H])([H])C([H])([H])[H])[C:2]([C:1])=[O:3],EVODEX-P11195
EVODEX-N3924,[H][O:6][C:4]([C:2])=[O:5]>>[C:4](=[O:5])=[O:6].[H]C(=O)C([H])([H])[C@@]([H])(C([H])([H])C([H])([H])C([H])([H])C([H])([H])C([H])([H])[H])[C:2],EVODEX-P11196
EVODEX-N3925,[H]OC(=O)[C:14]([C:13])=[O:15]>>[H]C1:C([H]):C([C@@]([H])(C([H])([H])C(=O)C([H])([H])[H])[C:14]([C:13])=[O:15]):C([H]):C([H]):C:1Cl,EVODEX-P11200
EVODEX-N3926,[H][O:18][C:16]([C:14])=[O:17]>>[C:16](=[O:17])=[O:18].[H]C1:C([H]):C([C@@]([H])(C([H])([H])C(=O)C([H])([H])[H])[C:14]):C([H]):C([H]):C:1Cl,EVODEX-P11201
EVODEX-N3927,[O:15]=[C:16]([C:17])[H:25].[H]OC([H])([H])C(O[H])(C([H])([H])OP(=O)(O[H])O[H])[C:2](=[O:1])[C:3]>>[H][O:15][C@:16]([C:2](=[O:1])[C:3])([C:17])[H:25],EVODEX-P11203
EVODEX-N3928,[H]OC([H])([H])C(O[H])(C([H])([H])OP(=O)(O[H])O[H])[C:2](=[O:1])[C:3]>>[H]O[C@@]([H])([C@]([H])(O[H])C([H])([H])OP(=O)(O[H])O[H])[C:2](=[O:1])[C:3],EVODEX-P11204
EVODEX-N3929,[H]OC([H])([H])C(=O)[C:5]([O:6][H])([C:7])[C:9]>>[C:5](=[O:6])([C:7])[C:9],EVODEX-P11205
EVODEX-N3930,[H][O:6][C:5]([C:2])([C:7])[C:9]>>[C:5](=[O:6])([C:7])[C:9].[H]O[C@@]([H])([C@]([H])(O[H])C([H])([H])OP(=O)(O[H])O[H])[C:2],EVODEX-P11206
EVODEX-N3931,[H]O[C@]1([H])[C@@]([H])(C([H])([H])S(=O)(=O)O[H])O[C:20]([O:21][H])([C:22])[C@:24]1([O:25])[H:36].[O:1]=[C:2]([C:3])[H:40]>>[H][O:1][C@:2]([C:3])([C@@:24]([C:20](=[O:21])[C:22])([O:25])[H:36])[H:40],EVODEX-P11208
EVODEX-N3932,[O:1]=[C:2]([C:3])[H:40]>>[H]OC([H])([H])C(=O)[C@@]([H])(O[H])[C@:2]([O:1][H])([C:3])[H:40],EVODEX-P11209
EVODEX-N3933,[H]O[C@]1([H])[C@@]([H])(C([H])([H])S(=O)(=O)O[H])O[C:20]([O:21][H])([C:22])[C@:24]1([O:25])[H:36]>>[H]O[C@]([H])([C@]([H])(O[H])C([H])([H])OP(=O)(O[H])O[H])[C@@]([H])(O[H])[C@@:24]([C:20](=[O:21])[C:22])([O:25])[H:36],EVODEX-P11210
EVODEX-N3934,[H]OC([H])([H])C1(O[H])[C@@]([H])(O[H])[C@@:26]([O:27][H])([H:38])[C:18][O:19]1>>[H][O:19][C:18][C:26](=[O:27])[H:38],EVODEX-P11211
EVODEX-N3935,[H][O:21][C:20]1([C:22])[O:19][C:18][C@:26]([O:27][H])([H:38])[C:24]1>>[H][O:19][C:18][C:26](=[O:27])[H:38].[H]O[C@]([H])([C@]([H])(O[H])C([H])([H])OP(=O)(O[H])O[H])[C@@]([H])(O[H])[C:24][C:20](=[O:21])[C:22],EVODEX-P11212
EVODEX-N3936,[H][O:22][C:21][C:20](=[O:19])[H:28].[H][O:8][C@@:7]([C@@:5]([C:2](=[O:1])[C:3])([O:6])[H:36])([C:9])[H:38]>>[C:7](=[O:8])([C:9])[H:38].[H][O:1][C:2]1([C:3])[C@:5]([O:6])([H:36])[C@@:20]([O:19][H])([H:28])[C:21][O:22]1,EVODEX-P11213
EVODEX-N3937,[H][O:22][C:21][C:20](=[O:19])[H:28].[H]O[C@]([H])([C@]([H])(O[H])C([H])([H])OP(=O)(O[H])O[H])[C@@]([H])(O[H])[C@@:5]([C:2](=[O:1])[C:3])([O:6])[H:36]>>[H][O:1][C:2]1([C:3])[C@:5]([O:6])([H:36])[C@@:20]([O:19][H])([H:28])[C:21][O:22]1,EVODEX-P11214
EVODEX-N3938,[H]O[C@]([H])([C@]([H])(O[H])C([H])([H])OP(=O)(O[H])O[H])[C@@]([H])(O[H])[C@@:5]([C:2](=[O:1])[C:3])([O:6])[H:36]>>[H]O[C@]1([H])[C@@]([H])(C([H])([H])S(=O)(=O)O[H])O[C:2]([O:1][H])([C:3])[C@:5]1([O:6])[H:36],EVODEX-P11215
EVODEX-N3939,[H][O:22][C:21][C:20](=[O:19])[H:28]>>[H]OC([H])([H])C1(O[H])[C@@]([H])(O[H])[C@@:20]([O:19][H])([H:28])[C:21][O:22]1,EVODEX-P11216
EVODEX-N3940,[H]OC([H])([H])C(=O)[C@@]([H])(O[H])[C@:7]([O:8][H])([C:9])[H:38]>>[C:7](=[O:8])([C:9])[H:38],EVODEX-P11217
EVODEX-N3941,[H][O:8][C@@:7]([C:5][C:2](=[O:1])[C:3])([C:9])[H:38]>>[C:7](=[O:8])([C:9])[H:38].[H]O[C@]1([H])[C@@]([H])(C([H])([H])S(=O)(=O)O[H])O[C:2]([O:1][H])([C:3])[C:5]1,EVODEX-P11218
EVODEX-N3942,[C:1][C:2](=[O:3])[S:4].[H][N:52]([C:53])[H:100]>>[C:1][C:2](=[O:3])[N:52]([C:53])[H:100].[H][S:4],"EVODEX-P11219,EVODEX-P11224,EVODEX-P11240,EVODEX-P11245,EVODEX-P11250,EVODEX-P11255,EVODEX-P11260,EVODEX-P11265,EVODEX-P11324,EVODEX-P11330,EVODEX-P11336,EVODEX-P11342,EVODEX-P11368,EVODEX-P11430,EVODEX-P11435,EVODEX-P11495,EVODEX-P11504,EVODEX-P11509,EVODEX-P11514,EVODEX-P11530,EVODEX-P11679,EVODEX-P11696,EVODEX-P11701,EVODEX-P11706,EVODEX-P11711,EVODEX-P11716,EVODEX-P11721,EVODEX-P11726,EVODEX-P11752,EVODEX-P11758,EVODEX-P11764,EVODEX-P11770,EVODEX-P11775,EVODEX-P11790,EVODEX-P11806,EVODEX-P11850,EVODEX-P11865,EVODEX-P11870,EVODEX-P11875,EVODEX-P11880,EVODEX-P11885,EVODEX-P11890,EVODEX-P11905,EVODEX-P11910,EVODEX-P11956,EVODEX-P11961,EVODEX-P12038,EVODEX-P12043,EVODEX-P12048,EVODEX-P12053,EVODEX-P12058,EVODEX-P12063,EVODEX-P12068,EVODEX-P12073,EVODEX-P12078,EVODEX-P12103,EVODEX-P12108,EVODEX-P12118,EVODEX-P12156,EVODEX-P12222,EVODEX-P12227,EVODEX-P12263,EVODEX-P12268,EVODEX-P12321,EVODEX-P12456,EVODEX-P12461,EVODEX-P12478,EVODEX-P12483,EVODEX-P12518,EVODEX-P12532,EVODEX-P12570,EVODEX-P12605,EVODEX-P12615,EVODEX-P12735,EVODEX-P12773,EVODEX-P12778,EVODEX-P12802,EVODEX-P12817,EVODEX-P12845,EVODEX-P12865,EVODEX-P12870,EVODEX-P12875,EVODEX-P12881,EVODEX-P12887,EVODEX-P12892,EVODEX-P12897,EVODEX-P12902,EVODEX-P12907,EVODEX-P12989"
EVODEX-N3943,[H]O[C@]1([H])[C@]([H])(OP(=O)(O[H])O[H])[C@@]([H])(C([H])([H])OP(=O)(O[H])OP(=O)(O[H])OC([H])([H])C(C([H])([H])[H])(C([H])([H])[H])[C@@]([H])(O[H])C(=O)N([H])C([H])([H])C([H])([H])C(=O)N([H])C([H])([H])C([H])([H])S[C:2]([C:1])=[O:3])O[C@@]1([H])N1:C([H]):N:C2:C(N([H])[H]):N:C([H]):N:C:2:1.[H][N:52]([C:53])[H:100]>>[C:1][C:2](=[O:3])[N:52]([C:53])[H:100],"EVODEX-P11220,EVODEX-P11225,EVODEX-P11241,EVODEX-P11246,EVODEX-P11251,EVODEX-P11256,EVODEX-P11261,EVODEX-P11266,EVODEX-P11326,EVODEX-P11332,EVODEX-P11338,EVODEX-P11344,EVODEX-P11369,EVODEX-P11431,EVODEX-P11436,EVODEX-P11496,EVODEX-P11505,EVODEX-P11510,EVODEX-P11515,EVODEX-P11531,EVODEX-P11680,EVODEX-P11697,EVODEX-P11702,EVODEX-P11707,EVODEX-P11712,EVODEX-P11717,EVODEX-P11722,EVODEX-P11727,EVODEX-P11754,EVODEX-P11760,EVODEX-P11766,EVODEX-P11771,EVODEX-P11776,EVODEX-P11792,EVODEX-P11808,EVODEX-P11851,EVODEX-P11866,EVODEX-P11871,EVODEX-P11876,EVODEX-P11881,EVODEX-P11886,EVODEX-P11891,EVODEX-P11906,EVODEX-P11911,EVODEX-P11957,EVODEX-P11962,EVODEX-P12039,EVODEX-P12044,EVODEX-P12049,EVODEX-P12054,EVODEX-P12059,EVODEX-P12064,EVODEX-P12069,EVODEX-P12074,EVODEX-P12079,EVODEX-P12104,EVODEX-P12109,EVODEX-P12119,EVODEX-P12223,EVODEX-P12229,EVODEX-P12264,EVODEX-P12269,EVODEX-P12322,EVODEX-P12457,EVODEX-P12462,EVODEX-P12479,EVODEX-P12484,EVODEX-P12519,EVODEX-P12534,EVODEX-P12571,EVODEX-P12606,EVODEX-P12616,EVODEX-P12736,EVODEX-P12774,EVODEX-P12779,EVODEX-P12803,EVODEX-P12818,EVODEX-P12846,EVODEX-P12866,EVODEX-P12871,EVODEX-P12877,EVODEX-P12883,EVODEX-P12888,EVODEX-P12893,EVODEX-P12898,EVODEX-P12903,EVODEX-P12908,EVODEX-P12991"
EVODEX-N3944,[H][N:52]([C:53])[H:100]>>[H]C([H])([H])C(=O)[N:52]([C:53])[H:100],"EVODEX-P11221,EVODEX-P11242,EVODEX-P11247,EVODEX-P11252,EVODEX-P11262,EVODEX-P11268,EVODEX-P11370,EVODEX-P11497,EVODEX-P11506,EVODEX-P11511,EVODEX-P11516,EVODEX-P11527,EVODEX-P11681,EVODEX-P11698,EVODEX-P11703,EVODEX-P11718,EVODEX-P11723,EVODEX-P11728,EVODEX-P11777,EVODEX-P11852,EVODEX-P11867,EVODEX-P11872,EVODEX-P11877,EVODEX-P11882,EVODEX-P11887,EVODEX-P11892,EVODEX-P11907,EVODEX-P11912,EVODEX-P12120,EVODEX-P12323,EVODEX-P12458,EVODEX-P12480,EVODEX-P12485,EVODEX-P12520,EVODEX-P12572,EVODEX-P12608,EVODEX-P12617,EVODEX-P12737,EVODEX-P12775,EVODEX-P12780,EVODEX-P12804,EVODEX-P12819,EVODEX-P12847,EVODEX-P27061,EVODEX-P27945"
EVODEX-N3945,[H]O[C@]1([H])[C@]([H])(OP(=O)(O[H])O[H])[C@@]([H])(C([H])([H])OP(=O)(O[H])OP(=O)(O[H])OC([H])([H])C(C([H])([H])[H])(C([H])([H])[H])[C@@]([H])(O[H])C(=O)N([H])C([H])([H])C([H])([H])C(=O)N([H])C([H])([H])C([H])([H])S[C:2]([C:1])=[O:3])O[C@@]1([H])N1:C([H]):N:C2:C(N([H])[H]):N:C([H]):N:C:2:1>>[H]OC(=O)C([H])([H])C([H])([H])[C@@]([H])(C(=O)O[H])N([H])[C:2]([C:1])=[O:3],"EVODEX-P11222,EVODEX-P11227"
EVODEX-N3946,[H][N:54]([C:55])[H:106]>>[H]C([H])([H])C([H])([H])C([H])([H])C(=O)[N:54]([C:55])[H:106],EVODEX-P11226
EVODEX-N3947,[C:1][C:2](=[O:3])[S:4].[H][N:54]1:[C:53]:[C:52]:[N:56]:[C:55]:1>>[C:1][C:2](=[O:3])[N:56]1:[C:52]:[C:53]:[N:54]:[C:55]:1.[H][S:4],"EVODEX-P11229,EVODEX-P11234"
EVODEX-N3948,[H]O[C@]1([H])[C@]([H])(OP(=O)(O[H])O[H])[C@@]([H])(C([H])([H])OP(=O)(O[H])OP(=O)(O[H])OC([H])([H])C(C([H])([H])[H])(C([H])([H])[H])[C@@]([H])(O[H])C(=O)N([H])C([H])([H])C([H])([H])C(=O)N([H])C([H])([H])C([H])([H])S[C:2]([C:1])=[O:3])O[C@@]1([H])N1:C([H]):N:C2:C(N([H])[H]):N:C([H]):N:C:2:1.[H][N:54]1:[C:53]:[C:52]:[N:56]:[C:55]:1>>[C:1][C:2](=[O:3])[N:56]1:[C:52]:[C:53]:[N:54]:[C:55]:1,"EVODEX-P11230,EVODEX-P11236"
EVODEX-N3949,[H][N:54]1:[C:53]:[C:52]:[N:56]:[C:55]:1>>[H]C([H])([H])C(=O)[N:56]1:[C:52]:[C:53]:[N:54]:[C:55]:1,EVODEX-P11231
EVODEX-N3950,[H]O[C@]1([H])[C@]([H])(OP(=O)(O[H])O[H])[C@@]([H])(C([H])([H])OP(=O)(O[H])OP(=O)(O[H])OC([H])([H])C(C([H])([H])[H])(C([H])([H])[H])[C@@]([H])(O[H])C(=O)N([H])C([H])([H])C([H])([H])C(=O)N([H])C([H])([H])C([H])([H])S[C:2]([C:1])=[O:3])O[C@@]1([H])N1:C([H]):N:C2:C(N([H])[H]):N:C([H]):N:C:2:1>>[H]C1:N:C([H]):N([C:2]([C:1])=[O:3]):C:1[H],"EVODEX-P11232,EVODEX-P11238"
EVODEX-N3951,[H]C([H])([H])C([H])([H])C(=O)[S:5][C:6]>>[H][S:5][C:6],EVODEX-P11235
EVODEX-N3952,[H][N:55]1:[C:54]:[C:53]:[N:57]:[C:56]:1>>[H]C([H])([H])C([H])([H])C(=O)[N:57]1:[C:53]:[C:54]:[N:55]:[C:56]:1,EVODEX-P11237
EVODEX-N3953,[H]O[C@]1([H])[C@]([H])(OP(=O)(O[H])O[H])[C@@]([H])(C([H])([H])OP(=O)(O[H])OP(=O)(O[H])OC([H])([H])C(C([H])([H])[H])(C([H])([H])[H])[C@@]([H])(O[H])C(=O)N([H])C([H])([H])C([H])([H])C(=O)N([H])C([H])([H])C([H])([H])S[C:2]([C:1])=[O:3])O[C@@]1([H])N1:C([H]):N:C2:C(N([H])[H]):N:C([H]):N:C:2:1>>[H]OC1([H])O[C@]([H])(C([H])([H])O[H])[C@@]([H])(O[H])[C@]([H])(O[H])[C@@]1([H])N([H])[C:2]([C:1])=[O:3],EVODEX-P11243
EVODEX-N3954,>>[H].[H]OC1([H])O[C@]([H])(C([H])([H])O)[C@@]([H])(O[H])[C@]([H])(O[H])[C@@]1([H])N([H])[H],"EVODEX-P11244,EVODEX-P18020,EVODEX-P18025"
EVODEX-N3955,[H]O[C@]1([H])[C@]([H])(OP(=O)(O[H])O[H])[C@@]([H])(C([H])([H])OP(=O)(O[H])OP(=O)(O[H])OC([H])([H])C(C([H])([H])[H])(C([H])([H])[H])[C@@]([H])(O[H])C(=O)N([H])C([H])([H])C([H])([H])C(=O)N([H])C([H])([H])C([H])([H])S[C:2]([C:1])=[O:3])O[C@@]1([H])N1:C([H]):N:C2:C(N([H])[H]):N:C([H]):N:C:2:1>>[H]OC([H])([H])[C@@]1([H])O[C@@]([H])(O[H])[C@]([H])(N([H])[H])[C@@]([H])(O[H])[C@]1([H])O[C@]1([H])O[C@]([H])(C([H])([H])O[H])[C@@]([H])(O[H])[C@]([H])(O[H])[C@@]1([H])N([H])[C:2]([C:1])=[O:3],EVODEX-P11248
EVODEX-N3956,>>[H]N[C@@]1([H])[C@]([H])(O[C@@]2([H])[C@]([H])(O[H])[C@@]([H])(N([H])[H])[C@]([H])(O[H])O[C@]2([H])C([H])([H])O[H])O[C@]([H])(C([H])([H])O[H])[C@@]([H])(O[H])[C@]1([H])O[H].[H],EVODEX-P11249
EVODEX-N3957,[H]O[C@]1([H])[C@]([H])(OP(=O)(O[H])O[H])[C@@]([H])(C([H])([H])OP(=O)(O[H])OP(=O)(O[H])OC([H])([H])C(C([H])([H])[H])(C([H])([H])[H])[C@@]([H])(O[H])C(=O)N([H])C([H])([H])C([H])([H])C(=O)N([H])C([H])([H])C([H])([H])S[C:2]([C:1])=[O:3])O[C@@]1([H])N1:C([H]):N:C2:C(N([H])[H]):N:C([H]):N:C:2:1>>[H]O[C@@]1([H])O[C@]([H])(C([H])([H])OP(=O)(O[H])O[H])[C@@]([H])(O[H])[C@]([H])(O[H])[C@@]1([H])N([H])[C:2]([C:1])=[O:3],"EVODEX-P11253,EVODEX-P11258"
EVODEX-N3958,>>[H]N[C@@]1([H])[C@@]([H])(O[H])O[C@]([H])(C([H])([H])OP(=O)(O[H])O[H])[C@@]([H])(O[H])[C@]1([H])O[H].[H],"EVODEX-P11254,EVODEX-P11259,EVODEX-P27269"
EVODEX-N3959,[H][N:53]([C:54])[H:109]>>[H]C([H])([H])C([H])([H])C(=O)[N:53]([C:54])[H:109],"EVODEX-P11257,EVODEX-P11532,EVODEX-P12463"
EVODEX-N3960,[H]O[C@]1([H])[C@]([H])(OP(=O)(O[H])O[H])[C@@]([H])(C([H])([H])OP(=O)(O[H])OP(=O)(O[H])OC([H])([H])C(C([H])([H])[H])(C([H])([H])[H])[C@@]([H])(O[H])C(=O)N([H])C([H])([H])C([H])([H])C(=O)N([H])C([H])([H])C([H])([H])S[C:2]([C:1])=[O:3])O[C@@]1([H])N1:C([H]):N:C2:C(N([H])[H]):N:C([H]):N:C:2:1>>[H]C1:C([H]):C([H]):C2:C(:C:1[H])C1:C([H]):C([H]):C(N([H])[C:2]([C:1])=[O:3]):C([H]):C:1C2([H])[H],EVODEX-P11263
EVODEX-N3961,>>[H]NC1:C([H]):C([H]):C2:C(:C:1[H])C([H])([H])C1:C([H]):C([H]):C([H]):C([H]):C:12.[H],EVODEX-P11264
EVODEX-N3962,[H]O[C@]1([H])[C@]([H])(OP(=O)(O[H])O[H])[C@@]([H])(C([H])([H])OP(=O)(O[H])OP(=O)(O[H])OC([H])([H])C(C([H])([H])[H])(C([H])([H])[H])[C@@]([H])(O[H])C(=O)N([H])C([H])([H])C([H])([H])C(=O)N([H])C([H])([H])C([H])([H])S[C:42]([C:41])=[O:43])O[C@@]1([H])N1:C([H]):N:C2:C(N([H])[H]):N:C([H]):N:C:2:1>>[H]OC(=O)[C@@]1([H])OC([H])(OP(=O)(O[H])OP(=O)(O[H])OC([H])([H])[C@@]2([H])O[C@@]([H])(N3:C([H]):C([H]):C(=O):N([H]):C:3=O)[C@]([H])(O[H])[C@]2([H])O[H])[C@]([H])(N([H])C(=O)C([H])([H])[H])[C@@]([H])(N([H])[C:42]([C:41])=[O:43])[C@]1([H])O[H],EVODEX-P11267
EVODEX-N3963,>>[H]N[C@@]1([H])[C@]([H])(O[H])[C@@]([H])(C(=O)O[H])OC([H])(OP(=O)(O[H])OP(=O)(O[H])OC([H])([H])[C@@]2([H])O[C@@]([H])(N3:C([H]):C([H]):C(=O):N([H]):C:3=O)[C@]([H])(O[H])[C@]2([H])O[H])[C@]1([H])N([H])C(=O)C([H])([H])[H].[H],EVODEX-P11269
EVODEX-N3964,[C:1][C:2](=[O:3])[S:4].[H][O:52][C:53]>>[C:1][C:2](=[O:3])[O:52][C:53].[H][S:4],"EVODEX-P11270,EVODEX-P11285,EVODEX-P11348,EVODEX-P11354,EVODEX-P11373,EVODEX-P11378,EVODEX-P11393,EVODEX-P11399,EVODEX-P11404,EVODEX-P11414,EVODEX-P11419,EVODEX-P11440,EVODEX-P11445,EVODEX-P11450,EVODEX-P11455,EVODEX-P11475,EVODEX-P11485,EVODEX-P11579,EVODEX-P11600,EVODEX-P11610,EVODEX-P11615,EVODEX-P11620,EVODEX-P11668,EVODEX-P11673,EVODEX-P11741,EVODEX-P11746,EVODEX-P11780,EVODEX-P11785,EVODEX-P11796,EVODEX-P11801,EVODEX-P11824,EVODEX-P11829,EVODEX-P11855,EVODEX-P11860,EVODEX-P11895,EVODEX-P11900,EVODEX-P11945,EVODEX-P11951,EVODEX-P11977,EVODEX-P12028,EVODEX-P12083,EVODEX-P12088,EVODEX-P12093,EVODEX-P12098,EVODEX-P12129,EVODEX-P12134,EVODEX-P12139,EVODEX-P12144,EVODEX-P12167,EVODEX-P12172,EVODEX-P12177,EVODEX-P12182,EVODEX-P12187,EVODEX-P12192,EVODEX-P12233,EVODEX-P12238,EVODEX-P12248,EVODEX-P12284,EVODEX-P12289,EVODEX-P12300,EVODEX-P12305,EVODEX-P12345,EVODEX-P12350,EVODEX-P12355,EVODEX-P12400,EVODEX-P12405,EVODEX-P12410,EVODEX-P12415,EVODEX-P12420,EVODEX-P12425,EVODEX-P12430,EVODEX-P12435,EVODEX-P12451,EVODEX-P12466,EVODEX-P12472,EVODEX-P12488,EVODEX-P12493,EVODEX-P12508,EVODEX-P12513,EVODEX-P12550,EVODEX-P12555,EVODEX-P12560,EVODEX-P12565,EVODEX-P12575,EVODEX-P12581,EVODEX-P12610,EVODEX-P12620,EVODEX-P12625,EVODEX-P12630,EVODEX-P12720,EVODEX-P12740,EVODEX-P12746,EVODEX-P12751,EVODEX-P12807,EVODEX-P12850,EVODEX-P12855,EVODEX-P12860,EVODEX-P12912,EVODEX-P12918"
EVODEX-N3965,[H]O[C@]1([H])[C@]([H])(OP(=O)(O[H])O[H])[C@@]([H])(C([H])([H])OP(=O)(O[H])OP(=O)(O[H])OC([H])([H])C(C([H])([H])[H])(C([H])([H])[H])[C@@]([H])(O[H])C(=O)N([H])C([H])([H])C([H])([H])C(=O)N([H])C([H])([H])C([H])([H])S[C:2]([C:1])=[O:3])O[C@@]1([H])N1:C([H]):N:C2:C(N([H])[H]):N:C([H]):N:C:2:1.[H][O:52][C:53]>>[C:1][C:2](=[O:3])[O:52][C:53],"EVODEX-P11271,EVODEX-P11286,EVODEX-P11350,EVODEX-P11355,EVODEX-P11374,EVODEX-P11379,EVODEX-P11395,EVODEX-P11400,EVODEX-P11405,EVODEX-P11415,EVODEX-P11420,EVODEX-P11441,EVODEX-P11446,EVODEX-P11451,EVODEX-P11456,EVODEX-P11476,EVODEX-P11486,EVODEX-P11580,EVODEX-P11601,EVODEX-P11611,EVODEX-P11616,EVODEX-P11621,EVODEX-P11669,EVODEX-P11675,EVODEX-P11742,EVODEX-P11748,EVODEX-P11781,EVODEX-P11786,EVODEX-P11797,EVODEX-P11802,EVODEX-P11825,EVODEX-P11830,EVODEX-P11856,EVODEX-P11861,EVODEX-P11896,EVODEX-P11901,EVODEX-P11947,EVODEX-P11952,EVODEX-P11978,EVODEX-P12029,EVODEX-P12084,EVODEX-P12089,EVODEX-P12094,EVODEX-P12099,EVODEX-P12130,EVODEX-P12135,EVODEX-P12140,EVODEX-P12146,EVODEX-P12168,EVODEX-P12173,EVODEX-P12178,EVODEX-P12183,EVODEX-P12188,EVODEX-P12193,EVODEX-P12234,EVODEX-P12239,EVODEX-P12249,EVODEX-P12285,EVODEX-P12290,EVODEX-P12301,EVODEX-P12306,EVODEX-P12346,EVODEX-P12351,EVODEX-P12356,EVODEX-P12401,EVODEX-P12406,EVODEX-P12411,EVODEX-P12416,EVODEX-P12421,EVODEX-P12426,EVODEX-P12431,EVODEX-P12436,EVODEX-P12452,EVODEX-P12489,EVODEX-P12494,EVODEX-P12509,EVODEX-P12514,EVODEX-P12551,EVODEX-P12556,EVODEX-P12561,EVODEX-P12566,EVODEX-P12577,EVODEX-P12582,EVODEX-P12611,EVODEX-P12621,EVODEX-P12626,EVODEX-P12631,EVODEX-P12721,EVODEX-P12742,EVODEX-P12808,EVODEX-P12851,EVODEX-P12856,EVODEX-P12861,EVODEX-P12914,EVODEX-P12920"
EVODEX-N3966,[H][O:52][C:53]>>[H]C([H])([H])C(=O)[O:52][C:53],"EVODEX-P11272,EVODEX-P11287,EVODEX-P11375,EVODEX-P11380,EVODEX-P11452,EVODEX-P11457,EVODEX-P11477,EVODEX-P11487,EVODEX-P11603,EVODEX-P11613,EVODEX-P11618,EVODEX-P11782,EVODEX-P11787,EVODEX-P11798,EVODEX-P11803,EVODEX-P11857,EVODEX-P11862,EVODEX-P11897,EVODEX-P11902,EVODEX-P12030,EVODEX-P12286,EVODEX-P12291,EVODEX-P12348,EVODEX-P12353,EVODEX-P12358,EVODEX-P12413,EVODEX-P12453,EVODEX-P12490,EVODEX-P12552,EVODEX-P12557,EVODEX-P12612,EVODEX-P12722,EVODEX-P12809,EVODEX-P12857"
EVODEX-N3967,[H][S:48][C:47].[C:63][C:64](=[O:65])[O:66]>>[C:47][S:48][C:64]([C:63])=[O:65].[H][O:66],"EVODEX-P11275,EVODEX-P11280,EVODEX-P11295,EVODEX-P11363,EVODEX-P11388,EVODEX-P11409,EVODEX-P11424,EVODEX-P11460,EVODEX-P11480,EVODEX-P11490,EVODEX-P11584,EVODEX-P11605,EVODEX-P11625,EVODEX-P11834,EVODEX-P11982,EVODEX-P12033,EVODEX-P12150,EVODEX-P12197,EVODEX-P12243,EVODEX-P12253,EVODEX-P12715,EVODEX-P12812,EVODEX-P21765,EVODEX-P21841,EVODEX-P33117"
EVODEX-N3968,[H]C([H])([H])C(=O)[O:4][C:5]>>[H][O:4][C:5],"EVODEX-P11276,EVODEX-P11281,EVODEX-P11461,EVODEX-P11481,EVODEX-P11491,EVODEX-P11606,EVODEX-P12034,EVODEX-P12813,EVODEX-P21077,EVODEX-P21113,EVODEX-P21118,EVODEX-P21138,EVODEX-P21257,EVODEX-P21304,EVODEX-P21309,EVODEX-P21395,EVODEX-P21400,EVODEX-P21405,EVODEX-P21410,EVODEX-P21415,EVODEX-P21491,EVODEX-P21593,EVODEX-P21618,EVODEX-P21623,EVODEX-P21661,EVODEX-P21666,EVODEX-P21698,EVODEX-P22132"
EVODEX-N3969,>>[H]O[C@]1([H])[C@]([H])(OP(=O)(O[H])O[H])[C@@]([H])(C([H])([H])OP(=O)(O[H])OP(=O)(O[H])OC([H])([H])C(C([H])([H])[H])(C([H])([H])[H])[C@@]([H])(O[H])C(=O)N([H])C([H])([H])C([H])([H])C(=O)N([H])C([H])([H])C([H])([H])S)O[C@@]1([H])N1:C([H]):N:C2:C(N([H])[H]):N:C([H]):N:C:2:1.[H],"EVODEX-P11279,EVODEX-P11284,EVODEX-P11299,EVODEX-P11323,EVODEX-P11367,EVODEX-P11392,EVODEX-P11413,EVODEX-P11429,EVODEX-P11464,EVODEX-P11474,EVODEX-P11484,EVODEX-P11494,EVODEX-P11588,EVODEX-P11609,EVODEX-P11629,EVODEX-P11838,EVODEX-P11987,EVODEX-P12027,EVODEX-P12037,EVODEX-P12155,EVODEX-P12201,EVODEX-P12221,EVODEX-P12247,EVODEX-P12257,EVODEX-P12320,EVODEX-P12330,EVODEX-P12444,EVODEX-P12450,EVODEX-P12719,EVODEX-P12734,EVODEX-P12760,EVODEX-P12796,EVODEX-P12816,EVODEX-P33122"
EVODEX-N3970,[C:1][C:2](=[O:3])[S:4].[H][O:54][P:53]>>[C:1][C:2](=[O:3])[O:54][P:53].[H][S:4],"EVODEX-P11290,EVODEX-P11383,EVODEX-P12710"
EVODEX-N3971,[H]O[C@]1([H])[C@]([H])(OP(=O)(O[H])O[H])[C@@]([H])(C([H])([H])OP(=O)(O[H])OP(=O)(O[H])OC([H])([H])C(C([H])([H])[H])(C([H])([H])[H])[C@@]([H])(O[H])C(=O)N([H])C([H])([H])C([H])([H])C(=O)N([H])C([H])([H])C([H])([H])S[C:2]([C:1])=[O:3])O[C@@]1([H])N1:C([H]):N:C2:C(N([H])[H]):N:C([H]):N:C:2:1.[H][O:54][P:53]>>[C:1][C:2](=[O:3])[O:54][P:53],"EVODEX-P11291,EVODEX-P11384,EVODEX-P12711"
EVODEX-N3972,[H][O:54][P:53]>>[H]C([H])([H])C(=O)[O:54][P:53],EVODEX-P11292
EVODEX-N3973,[H]O[C@]1([H])[C@]([H])(OP(=O)(O[H])O[H])[C@@]([H])(C([H])([H])OP(=O)(O[H])OP(=O)(O[H])OC([H])([H])C(C([H])([H])[H])(C([H])([H])[H])[C@@]([H])(O[H])C(=O)N([H])C([H])([H])C([H])([H])C(=O)N([H])C([H])([H])C([H])([H])S[C:2]([C:1])=[O:3])O[C@@]1([H])N1:C([H]):N:C2:C(N([H])[H]):N:C([H]):N:C:2:1>>[H]OP(=O)(O[H])O[C:2]([C:1])=[O:3],"EVODEX-P11293,EVODEX-P11386,EVODEX-P12713"
EVODEX-N3974,[H]C([H])([H])C(=O)[O:4][P:5]>>[H][O:4][P:5],EVODEX-P11296
EVODEX-N3975,[H]OP(=O)(O[H])O[C:2]([C:1])=[O:3].[H][S:56][C:55]>>[C:1][C:2](=[O:3])[S:56][C:55],"EVODEX-P11297,EVODEX-P11390,EVODEX-P12717"
EVODEX-N3976,[H]OP(=O)(O[H])O[C:2]([C:1])=[O:3]>>[H]O[C@]1([H])[C@]([H])(OP(=O)(O[H])O[H])[C@@]([H])(C([H])([H])OP(=O)(O[H])OP(=O)(O[H])OC([H])([H])C(C([H])([H])[H])(C([H])([H])[H])[C@@]([H])(O[H])C(=O)N([H])C([H])([H])C([H])([H])C(=O)N([H])C([H])([H])C([H])([H])S[C:2]([C:1])=[O:3])O[C@@]1([H])N1:C([H]):N:C2:C(N([H])[H]):N:C([H]):N:C:2:1,"EVODEX-P11298,EVODEX-P11391,EVODEX-P12718"
EVODEX-N3977,[C:1][C:2](=[O:3])[C:4].[H][S:102][C:101]>>[C:1][C:2](=[O:3])[S:102][C:101].[H][C:4],"EVODEX-P11300,EVODEX-P11470,EVODEX-P12023,EVODEX-P12217,EVODEX-P12315,EVODEX-P12440,EVODEX-P12445,EVODEX-P12756,EVODEX-P12792"
EVODEX-N3978,[H]C([H])([H])C(=O)[C:4]([C:5])([H:106])[H:107]>>[H][C:4]([C:5])([H:106])[H:107],"EVODEX-P11301,EVODEX-P12793,EVODEX-P29189,EVODEX-P29204"
EVODEX-N3979,[C:1][C:2](=[O:3])[S:4].[H][C:52]([C:53])([H:141])[H:142]>>[C:1][C:2](=[O:3])[C:52]([C:53])([H:141])[H:142].[H][S:4],"EVODEX-P11302,EVODEX-P12310,EVODEX-P12797"
EVODEX-N3980,[H]O[C@]1([H])[C@]([H])(OP(=O)(O[H])O[H])[C@@]([H])(C([H])([H])OP(=O)(O[H])OP(=O)(O[H])OC([H])([H])C(C([H])([H])[H])(C([H])([H])[H])[C@@]([H])(O[H])C(=O)N([H])C([H])([H])C([H])([H])C(=O)N([H])C([H])([H])C([H])([H])S[C:2]([C:1])=[O:3])O[C@@]1([H])N1:C([H]):N:C2:C(N([H])[H]):N:C([H]):N:C:2:1.[H][C:52]([C:53])([H:141])[H:142]>>[C:1][C:2](=[O:3])[C:52]([C:53])([H:141])[H:142],"EVODEX-P11303,EVODEX-P12311,EVODEX-P12798"
EVODEX-N3981,[C:1][C:2](=[O:3])[S:4].[H][S:52][H:91]>>[C:1][C:2](=[O:3])[S:52][H:91].[H][S:4],EVODEX-P11304
EVODEX-N3982,[H]O[C@]1([H])[C@]([H])(OP(=O)(O[H])O[H])[C@@]([H])(C([H])([H])OP(=O)(O[H])OP(=O)(O[H])OC([H])([H])C(C([H])([H])[H])(C([H])([H])[H])[C@@]([H])(O[H])C(=O)N([H])C([H])([H])C([H])([H])C(=O)N([H])C([H])([H])C([H])([H])S[C:2]([C:1])=[O:3])O[C@@]1([H])N1:C([H]):N:C2:C(N([H])[H]):N:C([H]):N:C:2:1.[H][S:52][H:91]>>[C:1][C:2](=[O:3])[S:52][H:91],EVODEX-P11305
EVODEX-N3983,[H][S:52][H:91]>>[H]C([H])([H])C(=O)[S:52][H:91],EVODEX-P11306
EVODEX-N3984,[H]O[C@]1([H])[C@]([H])(OP(=O)(O[H])O[H])[C@@]([H])(C([H])([H])OP(=O)(O[H])OP(=O)(O[H])OC([H])([H])C(C([H])([H])[H])(C([H])([H])[H])[C@@]([H])(O[H])C(=O)N([H])C([H])([H])C([H])([H])C(=O)N([H])C([H])([H])C([H])([H])S[C:2]([C:1])=[O:3])O[C@@]1([H])N1:C([H]):N:C2:C(N([H])[H]):N:C([H]):N:C:2:1>>[H]S[C:2]([C:1])=[O:3],EVODEX-P11307
EVODEX-N3985,>>[H]S.[H],"EVODEX-P11308,EVODEX-P16128,EVODEX-P16152,EVODEX-P16285,EVODEX-P31415"
EVODEX-N3986,[N:7][C:8](=[O:9])[C:10].[H][N:52]([C:53])[H:94]>>[C:8](=[O:9])([C:10])[N:52]([C:53])[H:94].[H][N:7],"EVODEX-P11309,EVODEX-P11519,EVODEX-P11524,EVODEX-P12162,EVODEX-P12924,EVODEX-P12929,EVODEX-P12961,EVODEX-P12966,EVODEX-P12976,EVODEX-P26192,EVODEX-P26198"
EVODEX-N3987,[H]O[C@]1([H])[C@]([H])(OP(=O)(O[H])O[H])[C@@]([H])(C([H])([H])OP(=O)(O[H])OP(=O)(O[H])OC([H])([H])C(C([H])([H])[H])(C([H])([H])[H])[C@@]([H])(O[H])C(=O)N([H])C([H])([H])C([H])([H])C(=O)[N:7]([C:6])[H:63])O[C@@]1([H])N1:C([H]):N:C2:C(N([H])[H]):N:C([H]):N:C:2:1>>[H][N:7]([C:6])[H:63],EVODEX-P11310
EVODEX-N3988,[H]N(C([H])([H])C([H])([H])SC(=O)C([H])([H])[H])[C:8](=[O:9])[C:10].[H][N:52]([C:53])[H:94]>>[C:8](=[O:9])([C:10])[N:52]([C:53])[H:94],EVODEX-P11311
EVODEX-N3989,[H][N:52]([C:53])[H:94]>>[H]O[C@]1([H])[C@]([H])(OP(=O)(O[H])O[H])[C@@]([H])(C([H])([H])OP(=O)(O[H])OP(=O)(O[H])OC([H])([H])C(C([H])([H])[H])(C([H])([H])[H])[C@@]([H])(O[H])C(=O)N([H])C([H])([H])C([H])([H])C(=O)[N:52]([C:53])[H:94])O[C@@]1([H])N1:C([H]):N:C2:C(N([H])[H]):N:C([H]):N:C:2:1,EVODEX-P11312
EVODEX-N3990,>>[H]NC([H])([H])C([H])([H])S[H].[H],EVODEX-P11313
EVODEX-N3991,[C:1][C:2](=[O:3])[S:4].[H][S:60][C:59]>>[C:1][C:2](=[O:3])[S:60][C:59].[H][S:4],"EVODEX-P11314,EVODEX-P11319,EVODEX-P11566,EVODEX-P11571,EVODEX-P11731,EVODEX-P11736,EVODEX-P12725,EVODEX-P12730"
EVODEX-N3992,[H]O[C@]1([H])[C@]([H])(OP(=O)(O[H])O[H])[C@@]([H])(C([H])([H])OP(=O)(O[H])OP(=O)(O[H])OC([H])([H])C(C([H])([H])[H])(C([H])([H])[H])[C@@]([H])(O[H])C(=O)N([H])C([H])([H])C([H])([H])C(=O)N([H])C([H])([H])C([H])([H])S[C:2]([C:1])=[O:3])O[C@@]1([H])N1:C([H]):N:C2:C(N([H])[H]):N:C([H]):N:C:2:1.[H][S:60][C:59]>>[C:1][C:2](=[O:3])[S:60][C:59],"EVODEX-P11315,EVODEX-P11567,EVODEX-P11572,EVODEX-P11732,EVODEX-P11737,EVODEX-P12726"
EVODEX-N3993,[H]O[C@]1([H])[C@]([H])(OP(=O)(O[H])O[H])[C@@]([H])(C([H])([H])OP(=O)(O[H])OP(=O)(O[H])OC([H])([H])C(C([H])([H])[H])(C([H])([H])[H])[C@@]([H])(O[H])C(=O)N([H])C([H])([H])C([H])([H])C(=O)N([H])C([H])([H])C([H])([H])S[C:2]([C:1])=[O:3])O[C@@]1([H])N1:C([H]):N:C2:C(N([H])[H]):N:C([H]):N:C:2:1>>[H]SC([H])([H])C([H])([H])C([H])(S[C:2]([C:1])=[O:3])C([H])([H])C([H])([H])C([H])([H])C([H])([H])C(=O)N([H])[H],"EVODEX-P11317,EVODEX-P11739"
EVODEX-N3994,>>[H]SC([H])([H])C([H])([H])C([H])(S)C([H])([H])C([H])([H])C([H])([H])C([H])([H])C(=O)N([H])[H].[H],"EVODEX-P11318,EVODEX-P11735,EVODEX-P11740"
EVODEX-N3995,[H][S:63][C:62].[H]SC([H])([H])C([H])([H])C([H])(S[C:2]([C:1])=[O:3])C([H])([H])C([H])([H])C([H])([H])C([H])([H])C(=O)N([H])[H]>>[C:1][C:2](=[O:3])[S:63][C:62],EVODEX-P11321
EVODEX-N3996,[H]SC([H])([H])C([H])([H])C([H])(S[C:2]([C:1])=[O:3])C([H])([H])C([H])([H])C([H])([H])C([H])([H])C(=O)N([H])[H]>>[H]O[C@]1([H])[C@]([H])(OP(=O)(O[H])O[H])[C@@]([H])(C([H])([H])OP(=O)(O[H])OP(=O)(O[H])OC([H])([H])C(C([H])([H])[H])(C([H])([H])[H])[C@@]([H])(O[H])C(=O)N([H])C([H])([H])C([H])([H])C(=O)N([H])C([H])([H])C([H])([H])S[C:2]([C:1])=[O:3])O[C@@]1([H])N1:C([H]):N:C2:C(N([H])[H]):N:C([H]):N:C:2:1,EVODEX-P11322
EVODEX-N3997,[H]/C(=C(\[H])C([H])([H])/C([H])=C(/[H])C([H])([H])C([H])([H])C([H])([H])C(=O)[S:22][C:23])C([H])([H])/C([H])=C(/[H])C([H])([H])/C([H])=C(/[H])C([H])([H])C([H])([H])C([H])([H])C([H])([H])C([H])([H])[H]>>[H][S:22][C:23],EVODEX-P11325
EVODEX-N3998,[H][N:70]([C:71])[H:141]>>[H]/C(=C(\[H])C([H])([H])/C([H])=C(/[H])C([H])([H])C([H])([H])C([H])([H])C(=O)[N:70]([C:71])[H:141])C([H])([H])/C([H])=C(/[H])C([H])([H])/C([H])=C(/[H])C([H])([H])C([H])([H])C([H])([H])C([H])([H])C([H])([H])[H],EVODEX-P11327
EVODEX-N3999,[H]O[C@]1([H])[C@]([H])(OP(=O)(O[H])O[H])[C@@]([H])(C([H])([H])OP(=O)(O[H])OP(=O)(O[H])OC([H])([H])C(C([H])([H])[H])(C([H])([H])[H])[C@@]([H])(O[H])C(=O)N([H])C([H])([H])C([H])([H])C(=O)N([H])C([H])([H])C([H])([H])S[C:49](=[O:50])[C:51])O[C@@]1([H])N1:C([H]):N:C2:C(N([H])[H]):N:C([H]):N:C:2:1>>[H]OC(=O)C([H])([H])N([H])[C:49](=[O:50])[C:51],"EVODEX-P11328,EVODEX-P11334,EVODEX-P11346,EVODEX-P11773,EVODEX-P11810,EVODEX-P12536"
EVODEX-N4000,[H]/C(=C(\[H])C([H])([H])C([H])([H])C([H])([H])C([H])([H])C([H])([H])C([H])([H])C([H])([H])C([H])([H])[H])C([H])([H])C([H])([H])C([H])([H])C([H])([H])C([H])([H])C([H])([H])C([H])([H])C(=O)[S:20][C:21]>>[H][S:20][C:21],EVODEX-P11331
EVODEX-N4001,[H][N:68]([C:69])[H:141]>>[H]/C(=C(\[H])C([H])([H])C([H])([H])C([H])([H])C([H])([H])C([H])([H])C([H])([H])C([H])([H])C([H])([H])[H])C([H])([H])C([H])([H])C([H])([H])C([H])([H])C([H])([H])C([H])([H])C([H])([H])C(=O)[N:68]([C:69])[H:141],EVODEX-P11333
EVODEX-N4002,[H]C1:C([H]):C([H]):C(C([H])([H])C(=O)[S:48][C:47]):C([H]):C:1[H]>>[H][S:48][C:47],EVODEX-P11337
EVODEX-N4003,[H][N:64]([C:63])[H:117]>>[H]C1:C([H]):C([H]):C(C([H])([H])C(=O)[N:64]([C:63])[H:117]):C([H]):C:1[H],"EVODEX-P11339,EVODEX-P27137"
EVODEX-N4004,[H]O[C@]1([H])[C@]([H])(OP(=O)(O[H])O[H])[C@@]([H])(C([H])([H])OP(=O)(O[H])OP(=O)(O[H])OC([H])([H])C(C([H])([H])[H])(C([H])([H])[H])[C@@]([H])(O[H])C(=O)N([H])C([H])([H])C([H])([H])C(=O)N([H])C([H])([H])C([H])([H])S[C:49](=[O:50])[C:51])O[C@@]1([H])N1:C([H]):N:C2:C(N([H])[H]):N:C([H]):N:C:2:1>>[H]OC(=O)[C@@]([H])(N([H])[C:49](=[O:50])[C:51])C([H])([H])C([H])([H])C(=O)N([H])[H],"EVODEX-P11340,EVODEX-P11794"
EVODEX-N4005,>>[H]N[C@]([H])(C(=O)O[H])C([H])([H])C([H])([H])C(=O)N([H])[H].[H],"EVODEX-P11341,EVODEX-P11795,EVODEX-P12975"
EVODEX-N4006,[H]C1:C([H]):C([H]):C(C(=O)[S:48][C:47]):C([H]):C:1[H]>>[H][S:48][C:47],EVODEX-P11343
EVODEX-N4007,[H][N:57]([C:58])[H:102]>>[H]C1:C([H]):C([H]):C(C(=O)[N:57]([C:58])[H:102]):C([H]):C:1[H],"EVODEX-P11345,EVODEX-P12265"
EVODEX-N4008,[H]/C(=C(\[H])C([H])([H])/C([H])=C(/[H])C([H])([H])/C([H])=C(/[H])C([H])([H])C([H])([H])[H])C([H])([H])/C([H])=C(/[H])C([H])([H])/C([H])=C(/[H])C([H])([H])/C([H])=C(/[H])C([H])([H])C([H])([H])C(=O)[S:24][C:25]>>[H][S:24][C:25],EVODEX-P11349
EVODEX-N4009,[H][O:81][C:80]>>[H]/C(=C(\[H])C([H])([H])/C([H])=C(/[H])C([H])([H])/C([H])=C(/[H])C([H])([H])C([H])([H])[H])C([H])([H])/C([H])=C(/[H])C([H])([H])/C([H])=C(/[H])C([H])([H])/C([H])=C(/[H])C([H])([H])C([H])([H])C(=O)[O:81][C:80],EVODEX-P11351
EVODEX-N4010,[H]O[C@]1([H])[C@]([H])(OP(=O)(O[H])O[H])[C@@]([H])(C([H])([H])OP(=O)(O[H])OP(=O)(O[H])OC([H])([H])C(C([H])([H])[H])(C([H])([H])[H])[C@@]([H])(O[H])C(=O)N([H])C([H])([H])C([H])([H])C(=O)N([H])C([H])([H])C([H])([H])S[C:22]([C:21])=[O:23])O[C@@]1([H])N1:C([H]):N:C2:C(N([H])[H]):N:C([H]):N:C:2:1>>[H]O[C@@]([H])(C([H])([H])OP(=O)(O[H])O[H])C([H])([H])O[C:22]([C:21])=[O:23],"EVODEX-P11352,EVODEX-P11357"
EVODEX-N4011,>>[H]O[C@]([H])(C([H])([H])O)C([H])([H])OP(=O)(O[H])O[H].[H],"EVODEX-P11353,EVODEX-P11358,EVODEX-P12580,EVODEX-P12585,EVODEX-P12838,EVODEX-P12844,EVODEX-P13816,EVODEX-P13821,EVODEX-P14060,EVODEX-P14501,EVODEX-P16097,EVODEX-P19818"
EVODEX-N4012,[H][O:77][C:76]>>[H]/C(=C(\[H])C([H])([H])C([H])([H])C([H])([H])C([H])([H])C([H])([H])C([H])([H])C([H])([H])C([H])([H])[H])C([H])([H])C([H])([H])C([H])([H])C([H])([H])C([H])([H])C([H])([H])C([H])([H])C(=O)[O:77][C:76],"EVODEX-P11356,EVODEX-P11422,EVODEX-P11448,EVODEX-P11671,EVODEX-P11744,EVODEX-P12334"
EVODEX-N4013,[S:48][C:49](=[O:50])[C:51].[H][O:57][H:98]>>[C:49](=[O:50])([C:51])[O:57][H:98].[H][S:48],"EVODEX-P11359,EVODEX-P21126,EVODEX-P21730,EVODEX-P21734,EVODEX-P21738,EVODEX-P21742,EVODEX-P21747,EVODEX-P21750,EVODEX-P21756,EVODEX-P21760,EVODEX-P21771,EVODEX-P21791,EVODEX-P21805,EVODEX-P21810,EVODEX-P21814,EVODEX-P21820,EVODEX-P21823,EVODEX-P21829,EVODEX-P21833,EVODEX-P21837,EVODEX-P21845,EVODEX-P21850,EVODEX-P21854,EVODEX-P21860,EVODEX-P21865,EVODEX-P21871,EVODEX-P21877,EVODEX-P21882,EVODEX-P21887,EVODEX-P21891,EVODEX-P21896,EVODEX-P25216,EVODEX-P25337,EVODEX-P26526,EVODEX-P27460"
EVODEX-N4014,[H]O[C@]1([H])[C@]([H])(OP(=O)(O[H])O[H])[C@@]([H])(C([H])([H])OP(=O)(O[H])OP(=O)(O[H])OC([H])([H])C(C([H])([H])[H])(C([H])([H])[H])[C@@]([H])(O[H])C(=O)N([H])C([H])([H])C([H])([H])C(=O)N([H])C([H])([H])C([H])([H])S[C:49](=[O:50])[C:51])O[C@@]1([H])N1:C([H]):N:C2:C(N([H])[H]):N:C([H]):N:C:2:1.[H][O:57][H:98]>>[C:49](=[O:50])([C:51])[O:57][H:98],"EVODEX-P11360,EVODEX-P21731,EVODEX-P21735,EVODEX-P21739,EVODEX-P21744,EVODEX-P21748,EVODEX-P21752,EVODEX-P21757,EVODEX-P21793,EVODEX-P21811,EVODEX-P21816,EVODEX-P21821,EVODEX-P21825,EVODEX-P21830,EVODEX-P21834,EVODEX-P21847,EVODEX-P21851,EVODEX-P21856,EVODEX-P21861,EVODEX-P21867,EVODEX-P21873,EVODEX-P21879,EVODEX-P21884,EVODEX-P21889,EVODEX-P21893,EVODEX-P21898,EVODEX-P27461"
EVODEX-N4015,[H]O[C@]1([H])[C@]([H])(OP(=O)(O[H])O[H])[C@@]([H])(C([H])([H])OP(=O)(O[H])OP(=O)(O[H])OC([H])([H])C(C([H])([H])[H])(C([H])([H])[H])[C@@]([H])(O[H])C(=O)N([H])C([H])([H])C([H])([H])C(=O)N([H])C([H])([H])C([H])([H])S[C:49](=[O:50])[C:51])O[C@@]1([H])N1:C([H]):N:C2:C(N([H])[H]):N:C([H]):N:C:2:1>>[H]O[C:49](=[O:50])[C:51],"EVODEX-P11361,EVODEX-P20785,EVODEX-P20811,EVODEX-P20826,EVODEX-P20871,EVODEX-P20892,EVODEX-P20911,EVODEX-P20949,EVODEX-P20958,EVODEX-P20997,EVODEX-P21017,EVODEX-P21732,EVODEX-P21736,EVODEX-P21740,EVODEX-P21745,EVODEX-P21754,EVODEX-P21758,EVODEX-P21812,EVODEX-P21818,EVODEX-P21827,EVODEX-P21831,EVODEX-P21835,EVODEX-P21848,EVODEX-P21852,EVODEX-P21858,EVODEX-P21863,EVODEX-P21869,EVODEX-P21875,EVODEX-P21880,EVODEX-P21885,EVODEX-P21894,EVODEX-P21900,EVODEX-P32998"
EVODEX-N4016,[H]C([H])([H])C(=O)[O:4][H:56]>>[H][O:4][H:56],EVODEX-P11364
EVODEX-N4017,[H][S:48][C:47].[H]O[C:81](=[O:80])[C:83]>>[C:47][S:48][C:81](=[O:80])[C:83],"EVODEX-P11365,EVODEX-P21767,EVODEX-P21842,EVODEX-P32007,EVODEX-P32029,EVODEX-P32045,EVODEX-P32061,EVODEX-P32072,EVODEX-P32123,EVODEX-P32140,EVODEX-P32162,EVODEX-P32179,EVODEX-P32190,EVODEX-P32221,EVODEX-P32237,EVODEX-P32256,EVODEX-P32281,EVODEX-P32304,EVODEX-P32315,EVODEX-P32335,EVODEX-P32354,EVODEX-P32371,EVODEX-P32391,EVODEX-P32408,EVODEX-P32427,EVODEX-P32441,EVODEX-P32457,EVODEX-P32467,EVODEX-P32484,EVODEX-P32499,EVODEX-P32516,EVODEX-P32539,EVODEX-P32564,EVODEX-P32577,EVODEX-P32594,EVODEX-P32611,EVODEX-P32625,EVODEX-P32662,EVODEX-P32673,EVODEX-P32696,EVODEX-P32707,EVODEX-P32724,EVODEX-P32780,EVODEX-P32803,EVODEX-P32814,EVODEX-P32837,EVODEX-P32854,EVODEX-P32871,EVODEX-P32888,EVODEX-P32905,EVODEX-P32923,EVODEX-P32939,EVODEX-P32955,EVODEX-P32981,EVODEX-P33053,EVODEX-P33079,EVODEX-P33093,EVODEX-P33125"
EVODEX-N4018,[H]O[C:81](=[O:80])[C:83]>>[H]O[C@]1([H])[C@]([H])(OP(=O)(O[H])O[H])[C@@]([H])(C([H])([H])OP(=O)(O[H])OP(=O)(O[H])OC([H])([H])C(C([H])([H])[H])(C([H])([H])[H])[C@@]([H])(O[H])C(=O)N([H])C([H])([H])C([H])([H])C(=O)N([H])C([H])([H])C([H])([H])S[C:81](=[O:80])[C:83])O[C@@]1([H])N1:C([H]):N:C2:C(N([H])[H]):N:C([H]):N:C:2:1,"EVODEX-P11366,EVODEX-P20781,EVODEX-P20802,EVODEX-P20807,EVODEX-P20816,EVODEX-P20841,EVODEX-P20876,EVODEX-P20884,EVODEX-P20900,EVODEX-P20945,EVODEX-P20954,EVODEX-P20993,EVODEX-P21013,EVODEX-P21022,EVODEX-P21038,EVODEX-P32019,EVODEX-P32049,EVODEX-P32065,EVODEX-P32135,EVODEX-P32166,EVODEX-P32183,EVODEX-P32247,EVODEX-P32260,EVODEX-P32293,EVODEX-P32308,EVODEX-P32339,EVODEX-P32366,EVODEX-P32381,EVODEX-P32395,EVODEX-P32412,EVODEX-P32445,EVODEX-P32479,EVODEX-P32511,EVODEX-P32528,EVODEX-P32543,EVODEX-P32573,EVODEX-P32589,EVODEX-P32606,EVODEX-P32621,EVODEX-P32637,EVODEX-P32666,EVODEX-P32685,EVODEX-P32700,EVODEX-P32719,EVODEX-P32736,EVODEX-P32792,EVODEX-P32807,EVODEX-P32826,EVODEX-P32841,EVODEX-P32858,EVODEX-P32875,EVODEX-P32892,EVODEX-P32909,EVODEX-P32917,EVODEX-P32959,EVODEX-P32993,EVODEX-P33065,EVODEX-P33071,EVODEX-P33097,EVODEX-P33136"
EVODEX-N4019,[H]O[C@]1([H])[C@]([H])(OP(=O)(O[H])O[H])[C@@]([H])(C([H])([H])OP(=O)(O[H])OP(=O)(O[H])OC([H])([H])C(C([H])([H])[H])(C([H])([H])[H])[C@@]([H])(O[H])C(=O)N([H])C([H])([H])C([H])([H])C(=O)N([H])C([H])([H])C([H])([H])S[C:2]([C:1])=[O:3])O[C@@]1([H])N1:C([H]):N:C2:C(N([H])[H]):N:C([H]):N:C:2:1>>[H]OC(=O)C([H])([H])[C@@]([H])(C(=O)O[H])N([H])[C:2]([C:1])=[O:3],EVODEX-P11371
EVODEX-N4020,[H]O[C@]1([H])[C@]([H])(OP(=O)(O[H])O[H])[C@@]([H])(C([H])([H])OP(=O)(O[H])OP(=O)(O[H])OC([H])([H])C(C([H])([H])[H])(C([H])([H])[H])[C@@]([H])(O[H])C(=O)N([H])C([H])([H])C([H])([H])C(=O)N([H])C([H])([H])C([H])([H])S[C:2]([C:1])=[O:3])O[C@@]1([H])N1:C([H]):N:C2:C(N([H])[H]):N:C([H]):N:C:2:1>>[H]O[C@]1([H])[C@@]([H])(O[H])[C@]([H])(SC([H])(C([H])([H])[H])C([H])([H])[H])O[C@]([H])(C([H])([H])O[C:2]([C:1])=[O:3])[C@]1([H])O[H],EVODEX-P11376
EVODEX-N4021,>>[H]O[C@]1([H])[C@@]([H])(O[H])[C@]([H])(SC([H])(C([H])([H])[H])C([H])([H])[H])O[C@]([H])(C([H])([H])O)[C@]1([H])O[H].[H],EVODEX-P11377
EVODEX-N4022,[H][O:56][P:55]>>[H]C([H])([H])C([H])([H])C([H])([H])C(=O)[O:56][P:55],EVODEX-P11385
EVODEX-N4023,[H]C([H])([H])C([H])([H])C([H])([H])C(=O)[O:54][P:55]>>[H][O:54][P:55],"EVODEX-P11389,EVODEX-P28872"
EVODEX-N4024,[H]O[C@@]([H])(C([H])([H])/C([H])=C(/[H])C([H])([H])C([H])([H])C([H])([H])C([H])([H])C([H])([H])C([H])([H])C([H])([H])C(=O)[S:67][C:68])C([H])([H])C([H])([H])C([H])([H])C([H])([H])C([H])([H])C([H])([H])[H]>>[H][S:67][C:68],EVODEX-P11394
EVODEX-N4025,[H]O[C@]1([H])[C@]([H])(OP(=O)(O[H])O[H])[C@@]([H])(C([H])([H])OP(=O)(O[H])OP(=O)(O[H])OC([H])([H])C(C([H])([H])[H])(C([H])([H])[H])[C@@]([H])(O[H])C(=O)N([H])C([H])([H])C([H])([H])C(=O)N([H])C([H])([H])C([H])([H])S[C:65]([C:64])=[O:66])O[C@@]1([H])N1:C([H]):N:C2:C(N([H])[H]):N:C([H]):N:C:2:1>>[H]O[C@@]([H])(C([H])([H])/C([H])=C(/[H])C([H])([H])C([H])([H])C([H])([H])C([H])([H])C([H])([H])C([H])([H])C([H])([H])C(=O)OC([H])([H])[C@@]([H])(OC(=O)C([H])([H])C([H])([H])C([H])([H])C([H])([H])C([H])([H])C([H])([H])C([H])([H])/C([H])=C(/[H])C([H])([H])[C@]([H])(O[H])C([H])([H])C([H])([H])C([H])([H])C([H])([H])C([H])([H])C([H])([H])[H])C([H])([H])O[C:65]([C:64])=[O:66])C([H])([H])C([H])([H])C([H])([H])C([H])([H])C([H])([H])C([H])([H])[H],EVODEX-P11396
EVODEX-N4026,[H][O:25][C:24]>>[H]O[C@@]([H])(C([H])([H])/C([H])=C(/[H])C([H])([H])C([H])([H])C([H])([H])C([H])([H])C([H])([H])C([H])([H])C([H])([H])C(=O)[O:25][C:24])C([H])([H])C([H])([H])C([H])([H])C([H])([H])C([H])([H])C([H])([H])[H],EVODEX-P11397
EVODEX-N4027,>>[H]O[C@@]([H])(C([H])([H])/C([H])=C(/[H])C([H])([H])C([H])([H])C([H])([H])C([H])([H])C([H])([H])C([H])([H])C([H])([H])C(=O)OC([H])([H])[C@@]([H])(OC(=O)C([H])([H])C([H])([H])C([H])([H])C([H])([H])C([H])([H])C([H])([H])C([H])([H])/C([H])=C(/[H])C([H])([H])[C@]([H])(O[H])C([H])([H])C([H])([H])C([H])([H])C([H])([H])C([H])([H])C([H])([H])[H])C([H])([H])O)C([H])([H])C([H])([H])C([H])([H])C([H])([H])C([H])([H])C([H])([H])[H].[H],EVODEX-P11398
EVODEX-N4028,[H]O[C@]1([H])[C@]([H])(OP(=O)(O[H])O[H])[C@@]([H])(C([H])([H])OP(=O)(O[H])OP(=O)(O[H])OC([H])([H])C(C([H])([H])[H])(C([H])([H])[H])[C@@]([H])(O[H])C(=O)N([H])C([H])([H])C([H])([H])C(=O)N([H])C([H])([H])C([H])([H])S[C:41]([C:40])=[O:42])O[C@@]1([H])N1:C([H]):N:C2:C(N([H])[H]):N:C([H]):N:C:2:1>>[H]OC([H])([H])C([H])(OC(=O)C([H])([H])C([H])([H])C([H])([H])C([H])([H])C([H])([H])C([H])([H])C([H])([H])/C([H])=C(/[H])C([H])([H])C([H])([H])C([H])([H])C([H])([H])C([H])([H])C([H])([H])C([H])([H])C([H])([H])[H])C([H])([H])O[C:41]([C:40])=[O:42],EVODEX-P11401
EVODEX-N4029,[H][O:25][C:24]>>[H]C([H])([H])C([H])([H])C([H])([H])C([H])([H])C([H])([H])C([H])([H])C([H])([H])C([H])([H])C([H])([H])C([H])([H])C([H])([H])C([H])([H])C([H])([H])C([H])([H])C([H])([H])C(=O)[O:25][C:24],"EVODEX-P11402,EVODEX-P11406,EVODEX-P11417,EVODEX-P11581,EVODEX-P11821,EVODEX-P11826,EVODEX-P11832,EVODEX-P11843,EVODEX-P12131,EVODEX-P12209,EVODEX-P12235,EVODEX-P12251,EVODEX-P12583,EVODEX-P12842,EVODEX-P12852,EVODEX-P12862"
EVODEX-N4030,>>[H]OC([H])([H])C([H])(OC(=O)C([H])([H])C([H])([H])C([H])([H])C([H])([H])C([H])([H])C([H])([H])C([H])([H])/C([H])=C(/[H])C([H])([H])C([H])([H])C([H])([H])C([H])([H])C([H])([H])C([H])([H])C([H])([H])C([H])([H])[H])C([H])([H])O.[H],EVODEX-P11403
EVODEX-N4031,[H]C([H])([H])C([H])([H])C([H])([H])C([H])([H])C([H])([H])C([H])([H])C([H])([H])C([H])([H])C([H])([H])C([H])([H])C([H])([H])C([H])([H])C([H])([H])C([H])([H])C([H])([H])C(=O)[O:18][C:19]>>[H][O:18][C:19],"EVODEX-P11410,EVODEX-P11585,EVODEX-P11819,EVODEX-P11835,EVODEX-P11840,EVODEX-P12203,EVODEX-P12254,EVODEX-P21103,EVODEX-P21108,EVODEX-P21536,EVODEX-P21686"
EVODEX-N4032,[H]O[C@]1([H])[C@]([H])(OP(=O)(O[H])O[H])[C@@]([H])(C([H])([H])OP(=O)(O[H])OP(=O)(O[H])OC([H])([H])C(C([H])([H])[H])(C([H])([H])[H])[C@@]([H])(O[H])C(=O)N([H])C([H])([H])C([H])([H])C(=O)N([H])C([H])([H])C([H])([H])S[C:60]([C:59])=[O:61])O[C@@]1([H])N1:C([H]):N:C2:C(N([H])[H]):N:C([H]):N:C:2:1>>[H]/C(=C(\[H])C([H])([H])C([H])([H])C([H])([H])C([H])([H])C([H])([H])C([H])([H])C([H])([H])C([H])([H])[H])C([H])([H])C([H])([H])C([H])([H])C([H])([H])C([H])([H])C([H])([H])C([H])([H])C(=O)OC([H])([H])[C@@]([H])(OC(=O)C([H])([H])C([H])([H])C([H])([H])C([H])([H])C([H])([H])C([H])([H])C([H])([H])/C([H])=C(/[H])C([H])([H])C([H])([H])C([H])([H])C([H])([H])C([H])([H])C([H])([H])C([H])([H])C([H])([H])[H])C([H])([H])O[C:60]([C:59])=[O:61],EVODEX-P11416
EVODEX-N4033,>>[H]/C(=C(\[H])C([H])([H])C([H])([H])C([H])([H])C([H])([H])C([H])([H])C([H])([H])C([H])([H])C([H])([H])[H])C([H])([H])C([H])([H])C([H])([H])C([H])([H])C([H])([H])C([H])([H])C([H])([H])C(=O)OC([H])([H])C([H])(OC(=O)C([H])([H])C([H])([H])C([H])([H])C([H])([H])C([H])([H])C([H])([H])C([H])([H])/C([H])=C(/[H])C([H])([H])C([H])([H])C([H])([H])C([H])([H])C([H])([H])C([H])([H])C([H])([H])C([H])([H])[H])C([H])([H])O.[H],"EVODEX-P11418,EVODEX-P12335,EVODEX-P12340,EVODEX-P15163,EVODEX-P18953"
EVODEX-N4034,[H]/C(=C(\[H])C([H])([H])C([H])([H])C([H])([H])C([H])([H])C([H])([H])C([H])([H])C([H])([H])C([H])([H])[H])C([H])([H])C([H])([H])C([H])([H])C([H])([H])C([H])([H])C([H])([H])C([H])([H])C(=O)[O:20][C:21]>>[H][O:20][C:21],"EVODEX-P11425,EVODEX-P11590,EVODEX-P11846,EVODEX-P12337,EVODEX-P21143,EVODEX-P21262,EVODEX-P21550,EVODEX-P21726"
EVODEX-N4035,[H][S:48][C:47]>>[H]/C(=C(\[H])C([H])([H])C([H])([H])C([H])([H])C([H])([H])C([H])([H])C([H])([H])C([H])([H])C([H])([H])[H])C([H])([H])C([H])([H])C([H])([H])C([H])([H])C([H])([H])C([H])([H])C([H])([H])C(=O)[S:48][C:47],EVODEX-P11428
EVODEX-N4036,[H][N:82]([C:81])[H:181]>>[H]C([H])([H])C([H])([H])C([H])([H])C([H])([H])C([H])([H])C([H])([H])C([H])([H])C([H])([H])C([H])([H])C([H])([H])C([H])([H])C([H])([H])C([H])([H])C(=O)[N:82]([C:81])[H:181],"EVODEX-P11432,EVODEX-P11958,EVODEX-P11964"
EVODEX-N4037,[H]O[C@]1([H])[C@]([H])(OP(=O)(O[H])O[H])[C@@]([H])(C([H])([H])OP(=O)(O[H])OP(=O)(O[H])OC([H])([H])C(C([H])([H])[H])(C([H])([H])[H])[C@@]([H])(O[H])C(=O)N([H])C([H])([H])C([H])([H])C(=O)N([H])C([H])([H])C([H])([H])S[C:24]([C:23])=[O:25])O[C@@]1([H])N1:C([H]):N:C2:C(N([H])[H]):N:C([H]):N:C:2:1>>[H]OC([H])([H])[C@]([H])(N([H])[C:24]([C:23])=[O:25])[C@@]([H])(O[H])C([H])([H])C([H])([H])C([H])([H])C([H])([H])C([H])([H])C([H])([H])C([H])([H])C([H])([H])C([H])([H])C([H])([H])C([H])([H])C([H])([H])C([H])([H])C([H])([H])C([H])([H])[H],"EVODEX-P11433,EVODEX-P11438,EVODEX-P12879,EVODEX-P12885,EVODEX-P12900"
EVODEX-N4038,>>[H]N[C@@]([H])(C([H])([H])O[H])[C@@]([H])(O[H])C([H])([H])C([H])([H])C([H])([H])C([H])([H])C([H])([H])C([H])([H])C([H])([H])C([H])([H])C([H])([H])C([H])([H])C([H])([H])C([H])([H])C([H])([H])C([H])([H])C([H])([H])[H].[H],"EVODEX-P11434,EVODEX-P11439,EVODEX-P12880,EVODEX-P12886,EVODEX-P12901,EVODEX-P18614"
EVODEX-N4039,[H][N:84]([C:83])[H:187]>>[H]C([H])([H])C([H])([H])C([H])([H])C([H])([H])C([H])([H])C([H])([H])C([H])([H])C([H])([H])C([H])([H])C([H])([H])C([H])([H])C([H])([H])C([H])([H])C([H])([H])C([H])([H])C(=O)[N:84]([C:83])[H:187],"EVODEX-P11437,EVODEX-P12868"
EVODEX-N4040,[H]O[C@]1([H])[C@]([H])(OP(=O)(O[H])O[H])[C@@]([H])(C([H])([H])OP(=O)(O[H])OP(=O)(O[H])OC([H])([H])C(C([H])([H])[H])(C([H])([H])[H])[C@@]([H])(O[H])C(=O)N([H])C([H])([H])C([H])([H])C(=O)N([H])C([H])([H])C([H])([H])S[C:46]([C:45])=[O:47])O[C@@]1([H])N1:C([H]):N:C2:C(N([H])[H]):N:C([H]):N:C:2:1>>[H]C1=C2C([H])([H])[C@@]([H])(O[C:46]([C:45])=[O:47])C([H])([H])C([H])([H])[C@]2(C([H])([H])[H])[C@@]2([H])C([H])([H])C([H])([H])[C@@]3(C([H])([H])[H])[C@@]([H])(C([H])([H])C([H])([H])[C@]3([H])[C@]([H])(C([H])([H])[H])C([H])([H])C([H])([H])C([H])([H])C([H])(C([H])([H])[H])C([H])([H])[H])[C@]2([H])C1([H])[H],"EVODEX-P11442,EVODEX-P11447"
EVODEX-N4041,[H][O:19][C:18]>>[H]C([H])([H])C([H])([H])C([H])([H])C([H])([H])C([H])([H])C([H])([H])C([H])([H])C([H])([H])C([H])([H])C([H])([H])C([H])([H])C([H])([H])C([H])([H])C([H])([H])C([H])([H])C([H])([H])C([H])([H])C(=O)[O:19][C:18],"EVODEX-P11443,EVODEX-P12136,EVODEX-P21473"
EVODEX-N4042,>>[H]C1=C2C([H])([H])[C@@]([H])(O)C([H])([H])C([H])([H])[C@]2(C([H])([H])[H])[C@@]2([H])C([H])([H])C([H])([H])[C@@]3(C([H])([H])[H])[C@@]([H])(C([H])([H])C([H])([H])[C@]3([H])[C@]([H])(C([H])([H])[H])C([H])([H])C([H])([H])C([H])([H])C([H])(C([H])([H])[H])C([H])([H])[H])[C@]2([H])C1([H])[H].[H],"EVODEX-P11444,EVODEX-P11449,EVODEX-P11593,EVODEX-P11844,EVODEX-P11849,EVODEX-P14270,EVODEX-P21152"
EVODEX-N4043,[H]O[C@]1([H])[C@]([H])(OP(=O)(O[H])O[H])[C@@]([H])(C([H])([H])OP(=O)(O[H])OP(=O)(O[H])OC([H])([H])C(C([H])([H])[H])(C([H])([H])[H])[C@@]([H])(O[H])C(=O)N([H])C([H])([H])C([H])([H])C(=O)N([H])C([H])([H])C([H])([H])S[C:2]([C:1])=[O:3])O[C@@]1([H])N1:C([H]):N:C2:C(N([H])[H]):N:C([H]):N:C:2:1>>[H]O[C@@]1([H])C([H])([H])[C@@]2(C([H])([H])[H])[C@@]([H])(C([H])([H])C([H])([H])[C@]2(O[H])C(=O)C([H])([H])O[C:2]([C:1])=[O:3])[C@]2([H])C([H])([H])C([H])([H])C3=C([H])C(=O)C([H])([H])C([H])([H])[C@]3(C([H])([H])[H])[C@]21[H],EVODEX-P11453
EVODEX-N4044,>>[H]O[C@@]1([H])C([H])([H])[C@@]2(C([H])([H])[H])[C@@]([H])(C([H])([H])C([H])([H])[C@]2(O[H])C(=O)C([H])([H])O)[C@]2([H])C([H])([H])C([H])([H])C3=C([H])C(=O)C([H])([H])C([H])([H])[C@]3(C([H])([H])[H])[C@]21[H].[H],"EVODEX-P11454,EVODEX-P15371,EVODEX-P20630"
EVODEX-N4045,[C:1][C:2](=[O:3])[S:4].[H][C:53]([N:52])([C:54])[H:97]>>[C:1][C:2](=[O:3])[C@:53]([N:52])([C:54])[H:97].[H][S:4],EVODEX-P11465
EVODEX-N4046,[H]O[C@]1([H])[C@]([H])(OP(=O)(O[H])O[H])[C@@]([H])(C([H])([H])OP(=O)(O[H])OP(=O)(O[H])OC([H])([H])C(C([H])([H])[H])(C([H])([H])[H])[C@@]([H])(O[H])C(=O)N([H])C([H])([H])C([H])([H])C(=O)N([H])C([H])([H])C([H])([H])S[C:2]([C:1])=[O:3])O[C@@]1([H])N1:C([H]):N:C2:C(N([H])[H]):N:C([H]):N:C:2:1.[H][C:53]([N:52])([C:54])[H:97]>>[C:1][C:2](=[O:3])[C@:53]([N:52])([C:54])[H:97],EVODEX-P11466
EVODEX-N4047,[H][C:53]([N:52])([C:54])[H:97]>>[H]C([H])([H])C(=O)[C@:53]([N:52])([C:54])[H:97],EVODEX-P11467
EVODEX-N4048,[H]O[C@]1([H])[C@]([H])(OP(=O)(O[H])O[H])[C@@]([H])(C([H])([H])OP(=O)(O[H])OP(=O)(O[H])OC([H])([H])C(C([H])([H])[H])(C([H])([H])[H])[C@@]([H])(O[H])C(=O)N([H])C([H])([H])C([H])([H])C(=O)N([H])C([H])([H])C([H])([H])S[C:2]([C:1])=[O:3])O[C@@]1([H])N1:C([H]):N:C2:C(N([H])[H]):N:C([H]):N:C:2:1>>[H]OC(=O)[C@@]([H])(N([H])[H])[C:2]([C:1])=[O:3],EVODEX-P11468
EVODEX-N4049,[H]OC(=O)[C@@]([H])(N([H])[H])[C:2]([C:1])=[O:3].[H][S:56][C:55]>>[C:1][C:2](=[O:3])[S:56][C:55],EVODEX-P11471
EVODEX-N4050,[H]OC(=O)[C@@]([H])(N([H])[H])[C:2]([C:1])=[O:3]>>[H]O[C@]1([H])[C@]([H])(OP(=O)(O[H])O[H])[C@@]([H])(C([H])([H])OP(=O)(O[H])OP(=O)(O[H])OC([H])([H])C(C([H])([H])[H])(C([H])([H])[H])[C@@]([H])(O[H])C(=O)N([H])C([H])([H])C([H])([H])C(=O)N([H])C([H])([H])C([H])([H])S[C:2]([C:1])=[O:3])O[C@@]1([H])N1:C([H]):N:C2:C(N([H])[H]):N:C([H]):N:C:2:1,EVODEX-P11472
EVODEX-N4051,[H]C([H])([H])C(=O)[C@:4]([N:5])([C:6])[H:60]>>[H][C:4]([N:5])([C:6])[H:60],EVODEX-P11473
EVODEX-N4052,[H]O[C@]1([H])[C@]([H])(OP(=O)(O[H])O[H])[C@@]([H])(C([H])([H])OP(=O)(O[H])OP(=O)(O[H])OC([H])([H])C(C([H])([H])[H])(C([H])([H])[H])[C@@]([H])(O[H])C(=O)N([H])C([H])([H])C([H])([H])C(=O)N([H])C([H])([H])C([H])([H])S[C:2]([C:1])=[O:3])O[C@@]1([H])N1:C([H]):N:C2:C(N([H])[H]):N:C([H]):N:C:2:1>>[H]OC(=O)[C@@]([H])(N([H])[H])C([H])([H])O[C:2]([C:1])=[O:3],EVODEX-P11478
EVODEX-N4053,>>[H]OC(=O)[C@@]([H])(N([H])[H])C([H])([H])O.[H],"EVODEX-P11479,EVODEX-P18536,EVODEX-P19162,EVODEX-P19166,EVODEX-P20149,EVODEX-P20173,EVODEX-P20179,EVODEX-P20284,EVODEX-P20289,EVODEX-P33173"
EVODEX-N4054,[H][S:58][C:57].[H]OC(=O)[C@@]([H])(N([H])[H])C([H])([H])O[C:2]([C:1])=[O:3]>>[C:1][C:2](=[O:3])[S:58][C:57],EVODEX-P11482
EVODEX-N4055,[H]OC(=O)[C@@]([H])(N([H])[H])C([H])([H])O[C:2]([C:1])=[O:3]>>[H]O[C@]1([H])[C@]([H])(OP(=O)(O[H])O[H])[C@@]([H])(C([H])([H])OP(=O)(O[H])OP(=O)(O[H])OC([H])([H])C(C([H])([H])[H])(C([H])([H])[H])[C@@]([H])(O[H])C(=O)N([H])C([H])([H])C([H])([H])C(=O)N([H])C([H])([H])C([H])([H])S[C:2]([C:1])=[O:3])O[C@@]1([H])N1:C([H]):N:C2:C(N([H])[H]):N:C([H]):N:C:2:1,EVODEX-P11483
EVODEX-N4056,[H]O[C@]1([H])[C@]([H])(OP(=O)(O[H])O[H])[C@@]([H])(C([H])([H])OP(=O)(O[H])OP(=O)(O[H])OC([H])([H])C(C([H])([H])[H])(C([H])([H])[H])[C@@]([H])(O[H])C(=O)N([H])C([H])([H])C([H])([H])C(=O)N([H])C([H])([H])C([H])([H])S[C:2]([C:1])=[O:3])O[C@@]1([H])N1:C([H]):N:C2:C(N([H])[H]):N:C([H]):N:C:2:1>>[H]OC(=O)[C@@]([H])(N([H])[H])C([H])([H])C([H])([H])O[C:2]([C:1])=[O:3],"EVODEX-P11488,EVODEX-P11623"
EVODEX-N4057,>>[H]OC(=O)[C@@]([H])(N([H])[H])C([H])([H])C([H])([H])O.[H],"EVODEX-P11489,EVODEX-P11624,EVODEX-P18261"
EVODEX-N4058,[H][S:59][C:58].[H]OC(=O)[C@@]([H])(N([H])[H])C([H])([H])C([H])([H])O[C:2]([C:1])=[O:3]>>[C:1][C:2](=[O:3])[S:59][C:58],"EVODEX-P11492,EVODEX-P11627"
EVODEX-N4059,[H]OC(=O)[C@@]([H])(N([H])[H])C([H])([H])C([H])([H])O[C:2]([C:1])=[O:3]>>[H]O[C@]1([H])[C@]([H])(OP(=O)(O[H])O[H])[C@@]([H])(C([H])([H])OP(=O)(O[H])OP(=O)(O[H])OC([H])([H])C(C([H])([H])[H])(C([H])([H])[H])[C@@]([H])(O[H])C(=O)N([H])C([H])([H])C([H])([H])C(=O)N([H])C([H])([H])C([H])([H])S[C:2]([C:1])=[O:3])O[C@@]1([H])N1:C([H]):N:C2:C(N([H])[H]):N:C([H]):N:C:2:1,"EVODEX-P11493,EVODEX-P11628"
EVODEX-N4060,[H]O[C@]1([H])[C@]([H])(OP(=O)(O[H])O[H])[C@@]([H])(C([H])([H])OP(=O)(O[H])OP(=O)(O[H])OC([H])([H])C(C([H])([H])[H])(C([H])([H])[H])[C@@]([H])(O[H])C(=O)N([H])C([H])([H])C([H])([H])C(=O)N([H])C([H])([H])C([H])([H])S[C:2]([C:1])=[O:3])O[C@@]1([H])N1:C([H]):N:C2:C(N([H])[H]):N:C([H]):N:C:2:1>>[H]OC(=O)[C@@]([H])(N([H])[H])C([H])([H])C([H])([H])C([H])([H])C([H])([H])N([H])[C:2]([C:1])=[O:3],EVODEX-P11498
EVODEX-N4061,[C:1][C:2](=[O:3])[O:4].[H][N:9]([C:10])[H:24]>>[C:1][C:2](=[O:3])[N:9]([C:10])[H:24].[H][O:4],"EVODEX-P11500,EVODEX-P24545,EVODEX-P24704,EVODEX-P25150,EVODEX-P25875,EVODEX-P26662,EVODEX-P27059,EVODEX-P27133,EVODEX-P27233,EVODEX-P27245,EVODEX-P27266,EVODEX-P27275,EVODEX-P27740,EVODEX-P27746,EVODEX-P27943,EVODEX-P28068"
EVODEX-N4062,[H]OP(=O)(O[H])O[C:2]([C:1])=[O:3].[H][N:9]([C:10])[H:24]>>[C:1][C:2](=[O:3])[N:9]([C:10])[H:24],EVODEX-P11501
EVODEX-N4063,[H]OP(=O)(O[H])O[C:2]([C:1])=[O:3]>>[H]OC(=O)[C@@]([H])(N([H])[H])C([H])([H])C([H])([H])C([H])([H])C([H])([H])N([H])[C:2]([C:1])=[O:3],EVODEX-P11502
EVODEX-N4064,[H]O[C@]1([H])[C@]([H])(OP(=O)(O[H])O[H])[C@@]([H])(C([H])([H])OP(=O)(O[H])OP(=O)(O[H])OC([H])([H])C(C([H])([H])[H])(C([H])([H])[H])[C@@]([H])(O[H])C(=O)N([H])C([H])([H])C([H])([H])C(=O)N([H])C([H])([H])C([H])([H])S[C:2]([C:1])=[O:3])O[C@@]1([H])N1:C([H]):N:C2:C(N([H])[H]):N:C([H]):N:C:2:1>>[H]OC(=O)[C@@]([H])(N([H])[C:2]([C:1])=[O:3])C([H])([H])C1:C([H]):N:C([H]):N:1[H],EVODEX-P11507
EVODEX-N4065,>>[H]N[C@]([H])(C(=O)O[H])C([H])([H])C1:C([H]):N:C([H]):N:1[H].[H],EVODEX-P11508
EVODEX-N4066,[H]O[C@]1([H])[C@]([H])(OP(=O)(O[H])O[H])[C@@]([H])(C([H])([H])OP(=O)(O[H])OP(=O)(O[H])OC([H])([H])C(C([H])([H])[H])(C([H])([H])[H])[C@@]([H])(O[H])C(=O)N([H])C([H])([H])C([H])([H])C(=O)N([H])C([H])([H])C([H])([H])S[C:2]([C:1])=[O:3])O[C@@]1([H])N1:C([H]):N:C2:C(N([H])[H]):N:C([H]):N:C:2:1>>[H]OC(=O)[C@@]([H])(N([H])[C:2]([C:1])=[O:3])C([H])([H])C1:N:C([H]):N(C([H])([H])[H]):C:1[H],EVODEX-P11512
EVODEX-N4067,>>[H]N[C@]([H])(C(=O)O[H])C([H])([H])C1:N:C([H]):N(C([H])([H])[H]):C:1[H].[H],EVODEX-P11513
EVODEX-N4068,[H]O[C@]1([H])[C@]([H])(OP(=O)(O[H])O[H])[C@@]([H])(C([H])([H])OP(=O)(O[H])OP(=O)(O[H])OC([H])([H])C(C([H])([H])[H])(C([H])([H])[H])[C@@]([H])(O[H])C(=O)N([H])C([H])([H])C([H])([H])C(=O)N([H])C([H])([H])C([H])([H])S[C:2]([C:1])=[O:3])O[C@@]1([H])N1:C([H]):N:C2:C(N([H])[H]):N:C([H]):N:C:2:1>>[H]OC(=O)[C@]([H])(N([H])[C:2]([C:1])=[O:3])C([H])([H])C1:C([H]):N([H]):C2:C([H]):C([H]):C([H]):C([H]):C:1:2,"EVODEX-P11517,EVODEX-P11533,EVODEX-P12061"
EVODEX-N4069,>>[H]N[C@@]([H])(C(=O)O[H])C([H])([H])C1:C([H]):N([H]):C2:C([H]):C([H]):C([H]):C([H]):C:1:2.[H],"EVODEX-P11518,EVODEX-P11534,EVODEX-P12062,EVODEX-P16044,EVODEX-P16352,EVODEX-P31901"
EVODEX-N4070,[H]C([H])([H])C(=O)[N:4]([C:5])[H:26]>>[H][N:4]([C:5])[H:26],"EVODEX-P11520,EVODEX-P11525,EVODEX-P12327,EVODEX-P21420,EVODEX-P24846,EVODEX-P26058,EVODEX-P27055,EVODEX-P27151,EVODEX-P27156,EVODEX-P27161,EVODEX-P27166,EVODEX-P27180,EVODEX-P27218,EVODEX-P27223,EVODEX-P27262,EVODEX-P27353,EVODEX-P27386,EVODEX-P27391,EVODEX-P27396,EVODEX-P27426,EVODEX-P27431,EVODEX-P27436,EVODEX-P27456,EVODEX-P27556,EVODEX-P27703,EVODEX-P27708,EVODEX-P27767,EVODEX-P27788,EVODEX-P27793,EVODEX-P27825,EVODEX-P27873,EVODEX-P27915,EVODEX-P27920,EVODEX-P27923,EVODEX-P27939,EVODEX-P27981,EVODEX-P27986,EVODEX-P27991,EVODEX-P28043,EVODEX-P28107,EVODEX-P28112"
EVODEX-N4071,[H]OC(=O)[C@@]([H])(N([H])[C:2]([C:1])=[O:3])C([H])([H])C([H])([H])C([H])([H])N([H])[H].[H][N:13]([C:14])[H:37]>>[C:1][C:2](=[O:3])[N:13]([C:14])[H:37],EVODEX-P11521
EVODEX-N4072,[H]OC(=O)[C@@]([H])(N([H])[C:2]([C:1])=[O:3])C([H])([H])C([H])([H])C([H])([H])N([H])[H]>>[H]OC(=O)C([H])([H])C([H])([H])[C@@]([H])(C(=O)O[H])N([H])[C:2]([C:1])=[O:3],EVODEX-P11522
EVODEX-N4073,[H]OC(=O)C([H])([H])C([H])([H])[C@@]([H])(C(=O)O[H])N([H])[C:2]([C:1])=[O:3].[H][N:19]([C:18])[H:43]>>[C:1][C:2](=[O:3])[N:19]([C:18])[H:43],EVODEX-P11526
EVODEX-N4074,[H]OC(=O)C([H])([H])C([H])([H])[C@@]([H])(C(=O)O[H])N([H])[C:2]([C:1])=[O:3]>>[H]OC(=O)[C@@]([H])(N([H])[C:2]([C:1])=[O:3])C([H])([H])C([H])([H])C([H])([H])N([H])[H],EVODEX-P11528
EVODEX-N4075,[H]N([H])C([H])([H])[C:58](=[O:59])[O:60][H]>>[C:58](=[O:59])=[O:60],EVODEX-P11535
EVODEX-N4076,[H]O[C@]1([H])[C@]([H])(OP(=O)(O[H])O[H])[C@@]([H])(C([H])([H])OP(=O)(O[H])OP(=O)(O[H])OC([H])([H])C(C([H])([H])[H])(C([H])([H])[H])[C@@]([H])(O[H])C(=O)N([H])C([H])([H])C([H])([H])C(=O)N([H])C([H])([H])C([H])([H])S[C:49](=[O:50])[C:51])O[C@@]1([H])N1:C([H]):N:C2:C(N([H])[H]):N:C([H]):N:C:2:1>>[H]N([H])C([H])([H])[C:49](=[O:50])[C:51],EVODEX-P11536
EVODEX-N4077,[H]OC(=O)C([H])([H])C([H])([H])C(=O)[S:48][C:47]>>[H][S:48][C:47],"EVODEX-P11537,EVODEX-P21806"
EVODEX-N4078,>>[H]C([H])N([H])[H].[H],EVODEX-P11538
EVODEX-N4079,[H]O[C@]1([H])[C@]([H])(OP(=O)(O[H])O[H])[C@@]([H])(C([H])([H])OP(=O)(O[H])OP(=O)(O[H])OC([H])([H])C(C([H])([H])[H])(C([H])([H])[H])[C@@]([H])(O[H])C(=O)N([H])C([H])([H])C([H])([H])C(=O)N([H])C([H])([H])C([H])([H])S[C:49](=[O:50])[C:51])O[C@@]1([H])N1:C([H]):N:C2:C(N([H])[H]):N:C([H]):N:C:2:1.[H]OC(=O)[C:57]([N:56])([H:103])[H:104]>>[C:49](=[O:50])([C:51])[C:57]([N:56])([H:103])[H:104],EVODEX-P11539
EVODEX-N4080,[S:48][C:49](=[O:50])[C:51].[H][O:60][C:58]([C:57]([N:56])([H:103])[H:104])=[O:59]>>[C:49](=[O:50])([C:51])[C:57]([N:56])([H:103])[H:104].[C:58](=[O:59])=[O:60].[H][S:48],EVODEX-P11540
EVODEX-N4081,[H]O[C@]1([H])[C@]([H])(OP(=O)(O[H])O[H])[C@@]([H])(C([H])([H])OP(=O)(O[H])OP(=O)(O[H])OC([H])([H])C(C([H])([H])[H])(C([H])([H])[H])[C@@]([H])(O[H])C(=O)N([H])C([H])([H])C([H])([H])C(=O)N([H])C([H])([H])C([H])([H])S[C:49](=[O:50])[C:51])O[C@@]1([H])N1:C([H]):N:C2:C(N([H])[H]):N:C([H]):N:C:2:1.[H][O:60][C:58]([C:57]([N:56])([H:103])[H:104])=[O:59]>>[C:49](=[O:50])([C:51])[C:57]([N:56])([H:103])[H:104].[C:58](=[O:59])=[O:60],EVODEX-P11541
EVODEX-N4082,[S:48][C:49](=[O:50])[C:51].[H]OC(=O)[C:57]([N:56])([H:103])[H:104]>>[C:49](=[O:50])([C:51])[C:57]([N:56])([H:103])[H:104].[H][S:48],EVODEX-P11542
EVODEX-N4083,[H]OC(=O)C([H])([H])C([H])([H])C(=O)[S:48][C:47].[H]N([H])C([H])([H])[C:58](=[O:59])[O:60][H]>>[C:58](=[O:59])=[O:60].[H][S:48][C:47],EVODEX-P11543
EVODEX-N4084,[H]OC(=O)[C:57]([N:56])([H:103])[H:104]>>[H]OC(=O)C([H])([H])C([H])([H])C(=O)[C:57]([N:56])([H:103])[H:104],EVODEX-P11544
EVODEX-N4085,[H][O:60][C:58]([C:57])=[O:59]>>[H]OC(=O)C([H])([H])C([H])([H])C(=O)[C:57].[C:58](=[O:59])=[O:60],EVODEX-P11545
EVODEX-N4086,[H][S:48][C:47].[N:49][C:50]([C:51](=[O:52])[C:53])([H:99])[H:100].[O:58]=[C:59]=[O:60]>>[C:47][S:48][C:51](=[O:52])[C:53].[H][O:58][C:59]([C:50]([N:49])([H:99])[H:100])=[O:60],EVODEX-P11546
EVODEX-N4087,[H]OC(=O)C([H])([H])C([H])([H])C(=O)[C:50]([N:49])([H:99])[H:100]>>[H]OC(=O)[C:50]([N:49])([H:99])[H:100],EVODEX-P11547
EVODEX-N4088,[O:58]=[C:59]=[O:60]>>[H]N([H])C([H])([H])[C:59]([O:58][H])=[O:60],EVODEX-P11548
EVODEX-N4089,[H][S:48][C:47].[O:58]=[C:59]=[O:60]>>[H]OC(=O)C([H])([H])C([H])([H])C(=O)[S:48][C:47].[H]N([H])C([H])([H])[C:59]([O:58][H])=[O:60],EVODEX-P11549
EVODEX-N4090,[H][S:48][C:47].[H]N([H])C([H])([H])[C:51](=[O:52])[C:53]>>[C:47][S:48][C:51](=[O:52])[C:53],EVODEX-P11550
EVODEX-N4091,[H][S:48][C:47].[C:50][C:51](=[O:52])[C:53]>>[C:47][S:48][C:51](=[O:52])[C:53].[H]OC(=O)[C:50],EVODEX-P11551
EVODEX-N4092,[N:49][C:50]([C:51])([H:99])[H:100].[O:58]=[C:59]=[O:60]>>[H]O[C@]1([H])[C@]([H])(OP(=O)(O[H])O[H])[C@@]([H])(C([H])([H])OP(=O)(O[H])OP(=O)(O[H])OC([H])([H])C(C([H])([H])[H])(C([H])([H])[H])[C@@]([H])(O[H])C(=O)N([H])C([H])([H])C([H])([H])C(=O)N([H])C([H])([H])C([H])([H])S[C:51])O[C@@]1([H])N1:C([H]):N:C2:C(N([H])[H]):N:C([H]):N:C:2:1.[H][O:58][C:59]([C:50]([N:49])([H:99])[H:100])=[O:60],EVODEX-P11552
EVODEX-N4093,[H]N([H])C([H])([H])[C:51](=[O:52])[C:53]>>[H]O[C@]1([H])[C@]([H])(OP(=O)(O[H])O[H])[C@@]([H])(C([H])([H])OP(=O)(O[H])OP(=O)(O[H])OC([H])([H])C(C([H])([H])[H])(C([H])([H])[H])[C@@]([H])(O[H])C(=O)N([H])C([H])([H])C([H])([H])C(=O)N([H])C([H])([H])C([H])([H])S[C:51](=[O:52])[C:53])O[C@@]1([H])N1:C([H]):N:C2:C(N([H])[H]):N:C([H]):N:C:2:1,EVODEX-P11553
EVODEX-N4094,>>[H]O[C@]1([H])[C@]([H])(OP(=O)(O[H])O[H])[C@@]([H])(C([H])([H])OP(=O)(O[H])OP(=O)(O[H])OC([H])([H])C(C([H])([H])[H])(C([H])([H])[H])[C@@]([H])(O[H])C(=O)N([H])C([H])([H])C([H])([H])C(=O)N([H])C([H])([H])C([H])([H])S)O[C@@]1([H])N1:C([H]):N:C2:C(N([H])[H]):N:C([H]):N:C:2:1.[H]OC=O,EVODEX-P11554
EVODEX-N4095,[H]OC(=O)C([H])([H])C([H])([H])C(=O)[C:50]([N:49])([H:99])[H:100].[O:58]=[C:59]=[O:60]>>[H][O:58][C:59]([C:50]([N:49])([H:99])[H:100])=[O:60],EVODEX-P11555
EVODEX-N4096,[H]O[C@@]([H])(C(=O)N([H])C([H])([H])C([H])([H])C(=O)N([H])C([H])([H])C([H])([H])SC(=O)C([H])([H])[H])C(C([H])([H])[H])(C([H])([H])[H])C([H])([H])O[P:22](=[O:23])([O:24])[O:25].[H][O:56][C:55]>>[P:22](=[O:23])([O:24])([O:25])[O:56][C:55],EVODEX-P11557
EVODEX-N4097,[H][O:56][C:55]>>[H]O[C@]1([H])[C@]([H])(OP(=O)(O[H])O[H])[C@@]([H])(C([H])([H])OP(=O)(O[H])OP(=O)(O[H])[O:56][C:55])O[C@@]1([H])N1:C([H]):N:C2:C(N([H])[H]):N:C([H]):N:C:2:1,"EVODEX-P11558,EVODEX-P11564"
EVODEX-N4098,[H]O[C@]1([H])[C@]([H])(OP(=O)(O[H])O[H])[C@@]([H])(C([H])([H])OP(=O)(O[H])OP(=O)(O[H])[O:21][C:20])O[C@@]1([H])N1:C([H]):N:C2:C(N([H])[H]):N:C([H]):N:C:2:1>>[H][O:21][C:20],"EVODEX-P11559,EVODEX-P11562"
EVODEX-N4099,>>[H].[H]O[C@@]([H])(C(=O)N([H])C([H])([H])C([H])([H])C(=O)N([H])C([H])([H])C([H])([H])S[H])C(C([H])([H])[H])(C([H])([H])[H])C([H])([H])O,"EVODEX-P11560,EVODEX-P12399,EVODEX-P18236"
EVODEX-N4100,[H][O:21][C:20].[H]O[C@@]([H])(C(=O)N([H])C([H])([H])C([H])([H])C(=O)N([H])C([H])([H])C([H])([H])S[H])C(C([H])([H])[H])(C([H])([H])[H])C([H])([H])O[P:27](=[O:28])([O:29])[O:30]>>[C:20][O:21][P:27](=[O:28])([O:29])[O:30],EVODEX-P11563
EVODEX-N4101,>>[H]O[C@@]([H])(C(=O)N([H])C([H])([H])C([H])([H])C(=O)N([H])C([H])([H])C([H])([H])SC(=O)C([H])([H])[H])C(C([H])([H])[H])(C([H])([H])[H])C([H])([H])O.[H],EVODEX-P11565
EVODEX-N4102,[H]O[C@]1([H])[C@]([H])(OP(=O)(O[H])O[H])[C@@]([H])(C([H])([H])OP(=O)(O[H])OP(=O)(O[H])OC([H])([H])C(C([H])([H])[H])(C([H])([H])[H])[C@@]([H])(O[H])C(=O)N([H])C([H])([H])C([H])([H])C(=O)N([H])C([H])([H])C([H])([H])S[C:61](=[O:62])[C:63])O[C@@]1([H])N1:C([H]):N:C2:C(N([H])[H]):N:C([H]):N:C:2:1>>[H]N(C(=O)C([H])([H])C([H])([H])N([H])C(=O)C([H])([H])[H])C([H])([H])C([H])([H])S[C:61](=[O:62])[C:63],EVODEX-P11569
EVODEX-N4103,>>[H].[H]N(C(=O)C([H])([H])C([H])([H])N([H])C(=O)C([H])([H])[H])C([H])([H])C([H])([H])S,EVODEX-P11570
EVODEX-N4104,[H]O[C@]1([H])[C@]([H])(OP(=O)(O[H])O[H])[C@@]([H])(C([H])([H])OP(=O)(O[H])OP(=O)(O[H])OC([H])([H])C(C([H])([H])[H])(C([H])([H])[H])[C@@]([H])(O[H])C(=O)N([H])C([H])([H])C([H])([H])C(=O)N([H])C([H])([H])C([H])([H])S[C:56](=[O:57])[C:58])O[C@@]1([H])N1:C([H]):N:C2:C(N([H])[H]):N:C([H]):N:C:2:1>>[H]N(C(=O)C([H])([H])[H])C([H])([H])C([H])([H])S[C:56](=[O:57])[C:58],EVODEX-P11573
EVODEX-N4105,>>[H]N(C(=O)C([H])([H])[H])C([H])([H])C([H])([H])S.[H],EVODEX-P11575
EVODEX-N4106,[H]O[C@]1([H])[C@]([H])(OP(=O)(O[H])O[H])[C@@]([H])(C([H])([H])OP(=O)(O[H])OP(=O)(O[H])OC([H])([H])C(C([H])([H])[H])(C([H])([H])[H])[C@@]([H])(O[H])C(=O)N([H])C([H])([H])C([H])([H])C(=O)N([H])C([H])([H])C([H])([H])SC(=O)C([H])([H])[C:52](=[O:53])[O:54][H])O[C@@]1([H])N1:C([H]):N:C2:C(N([H])[H]):N:C([H]):N:C:2:1>>[C:52](=[O:53])=[O:54],EVODEX-P11578
EVODEX-N4107,[H]O[C@]1([H])[C@]([H])(OP(=O)(O[H])O[H])[C@@]([H])(C([H])([H])OP(=O)(O[H])OP(=O)(O[H])OC([H])([H])C(C([H])([H])[H])(C([H])([H])[H])[C@@]([H])(O[H])C(=O)N([H])C([H])([H])C([H])([H])C(=O)N([H])C([H])([H])C([H])([H])S[C:16]([C:15])=[O:17])O[C@@]1([H])N1:C([H]):N:C2:C(N([H])[H]):N:C([H]):N:C:2:1>>[H]OP(=O)(O[H])OC([H])([H])C(=O)C([H])([H])O[C:16]([C:15])=[O:17],EVODEX-P11582
EVODEX-N4108,>>[H]OP(=O)(O[H])OC([H])([H])C(=O)C([H])([H])O.[H],EVODEX-P11583
EVODEX-N4109,[H][S:48][C:47].[H]OP(=O)(O[H])OC([H])([H])C(=O)C([H])([H])O[C:64]([C:63])=[O:65]>>[C:47][S:48][C:64]([C:63])=[O:65],EVODEX-P11586
EVODEX-N4110,[H]OP(=O)(O[H])OC([H])([H])C(=O)C([H])([H])O[C:64]([C:63])=[O:65]>>[H]O[C@]1([H])[C@]([H])(OP(=O)(O[H])O[H])[C@@]([H])(C([H])([H])OP(=O)(O[H])OP(=O)(O[H])OC([H])([H])C(C([H])([H])[H])(C([H])([H])[H])[C@@]([H])(O[H])C(=O)N([H])C([H])([H])C([H])([H])C(=O)N([H])C([H])([H])C([H])([H])S[C:64]([C:63])=[O:65])O[C@@]1([H])N1:C([H]):N:C2:C(N([H])[H]):N:C([H]):N:C:2:1,EVODEX-P11587
EVODEX-N4111,[C:15][C:16](=[O:17])[O:18].[H][O:32][C:31]>>[C:15][C:16](=[O:17])[O:32][C:31].[H][O:18],"EVODEX-P11589,EVODEX-P11594,EVODEX-P11812,EVODEX-P11818,EVODEX-P11839,EVODEX-P11845,EVODEX-P11915,EVODEX-P11918,EVODEX-P11923,EVODEX-P11929,EVODEX-P11935,EVODEX-P11940,EVODEX-P11966,EVODEX-P12010,EVODEX-P12126,EVODEX-P12202,EVODEX-P12207,EVODEX-P12258,EVODEX-P12331,EVODEX-P12336,EVODEX-P12833,EVODEX-P12839,EVODEX-P21148,EVODEX-P21464,EVODEX-P21470,EVODEX-P21508"
EVODEX-N4112,>>[H]O[C@]1([H])C([H])([H])C2=C([H])C([H])([H])[C@@]3([H])[C@]4([H])C([H])([H])C([H])([H])[C@]([H])([C@]([H])(C([H])([H])[H])C([H])([H])C([H])([H])[C@]([H])(O)C([H])(C([H])([H])[H])C([H])([H])[H])[C@@]4(C([H])([H])[H])C([H])([H])C([H])([H])[C@]3([H])[C@@]2(C([H])([H])[H])C([H])([H])C1([H])[H].[H],EVODEX-P11599
EVODEX-N4113,[H]O[C@]1([H])[C@]([H])(OP(=O)(O[H])O[H])[C@@]([H])(C([H])([H])OP(=O)(O[H])OP(=O)(O[H])OC([H])([H])C(C([H])([H])[H])(C([H])([H])[H])[C@@]([H])(O[H])C(=O)N([H])C([H])([H])C([H])([H])C(=O)N([H])C([H])([H])C([H])([H])S[C:23]([C:22])=[O:24])O[C@@]1([H])N1:C([H]):N:C2:C(N([H])[H]):N:C([H]):N:C:2:1>>[H]OC(=O)[C@@]1(O[H])O[C@@]([H])([C@]([H])(O[H])[C@]([H])(O[H])C([H])([H])O[H])[C@]([H])(N([H])C(=O)C([H])([H])[H])[C@@]([H])(O[C:23]([C:22])=[O:24])C1([H])[H],EVODEX-P11602
EVODEX-N4114,>>[H]OC(=O)[C@@]1(O[H])O[C@@]([H])([C@]([H])(O[H])[C@]([H])(O[H])C([H])([H])O[H])[C@]([H])(N([H])C(=O)C([H])([H])[H])[C@@]([H])(O)C1([H])[H].[H],"EVODEX-P11604,EVODEX-P11614,EVODEX-P11619,EVODEX-P19848"
EVODEX-N4115,[H]OC(=O)[C@@]1(O[H])O[C@@]([H])([C@]([H])(O[H])[C@]([H])(O[H])C([H])([H])O[H])[C@]([H])(N([H])C(=O)C([H])([H])[H])[C@@]([H])(O[C:22]([C:23])=[O:24])C1([H])[H].[H][S:72][C:71]>>[C:22]([C:23])(=[O:24])[S:72][C:71],EVODEX-P11607
EVODEX-N4116,[H]OC(=O)[C@@]1(O[H])O[C@@]([H])([C@]([H])(O[H])[C@]([H])(O[H])C([H])([H])O[H])[C@]([H])(N([H])C(=O)C([H])([H])[H])[C@@]([H])(O[C:22]([C:23])=[O:24])C1([H])[H]>>[H]O[C@]1([H])[C@]([H])(OP(=O)(O[H])O[H])[C@@]([H])(C([H])([H])OP(=O)(O[H])OP(=O)(O[H])OC([H])([H])C(C([H])([H])[H])(C([H])([H])[H])[C@@]([H])(O[H])C(=O)N([H])C([H])([H])C([H])([H])C(=O)N([H])C([H])([H])C([H])([H])S[C:22]([C:23])=[O:24])O[C@@]1([H])N1:C([H]):N:C2:C(N([H])[H]):N:C([H]):N:C:2:1,EVODEX-P11608
EVODEX-N4117,[H]O[C@]1([H])[C@]([H])(OP(=O)(O[H])O[H])[C@@]([H])(C([H])([H])OP(=O)(O[H])OP(=O)(O[H])OC([H])([H])C(C([H])([H])[H])(C([H])([H])[H])[C@@]([H])(O[H])C(=O)N([H])C([H])([H])C([H])([H])C(=O)N([H])C([H])([H])C([H])([H])S[C:23]([C:22])=[O:24])O[C@@]1([H])N1:C([H]):N:C2:C(N([H])[H]):N:C([H]):N:C:2:1>>[H]OC(=O)[C@@]1(O[H])O[C@@]([H])([C@]([H])(O[C:23]([C:22])=[O:24])[C@]([H])(O[H])C([H])([H])O[H])[C@]([H])(N([H])C(=O)C([H])([H])[H])[C@@]([H])(O[H])C1([H])[H],EVODEX-P11612
EVODEX-N4118,[H]O[C@]1([H])[C@]([H])(OP(=O)(O[H])O[H])[C@@]([H])(C([H])([H])OP(=O)(O[H])OP(=O)(O[H])OC([H])([H])C(C([H])([H])[H])(C([H])([H])[H])[C@@]([H])(O[H])C(=O)N([H])C([H])([H])C([H])([H])C(=O)N([H])C([H])([H])C([H])([H])S[C:23]([C:22])=[O:24])O[C@@]1([H])N1:C([H]):N:C2:C(N([H])[H]):N:C([H]):N:C:2:1>>[H]OC(=O)[C@@]1(O[H])O[C@@]([H])([C@]([H])(O[H])[C@]([H])(O[C:23]([C:22])=[O:24])C([H])([H])O[H])[C@]([H])(N([H])C(=O)C([H])([H])[H])[C@@]([H])(O[H])C1([H])[H],EVODEX-P11617
EVODEX-N4119,[H][O:60][C:59]>>[H]OC(=O)C([H])([H])C([H])([H])C(=O)[O:60][C:59],EVODEX-P11622
EVODEX-N4120,[H]OC(=O)C([H])([H])C([H])([H])C(=O)[O:53][C:52]>>[H][O:53][C:52],EVODEX-P11626
EVODEX-N4121,[H]N([H])[C@@]([H])(C([H])([H])[H])[C:62](=[O:63])[O:64][H]>>[C:62](=[O:63])=[O:64],EVODEX-P11630
EVODEX-N4122,[H]O[C@]1([H])[C@]([H])(OP(=O)(O[H])O[H])[C@@]([H])(C([H])([H])OP(=O)(O[H])OP(=O)(O[H])OC([H])([H])C(C([H])([H])[H])(C([H])([H])[H])[C@@]([H])(O[H])C(=O)N([H])C([H])([H])C([H])([H])C(=O)N([H])C([H])([H])C([H])([H])S[C:49](=[O:50])[C:51])O[C@@]1([H])N1:C([H]):N:C2:C(N([H])[H]):N:C([H]):N:C:2:1>>[H]N([H])C([H])(C([H])([H])[H])[C:49](=[O:50])[C:51],"EVODEX-P11631,EVODEX-P11664"
EVODEX-N4123,[H]OC(=O)C([H])([H])C([H])([H])C([H])([H])C([H])([H])C([H])([H])C(=O)[S:48][C:47]>>[H][S:48][C:47],EVODEX-P11632
EVODEX-N4124,>>[H]C(N([H])[H])C([H])([H])[H].[H],"EVODEX-P11633,EVODEX-P11660"
EVODEX-N4125,[H]O[C@]1([H])[C@]([H])(OP(=O)(O[H])O[H])[C@@]([H])(C([H])([H])OP(=O)(O[H])OP(=O)(O[H])OC([H])([H])C(C([H])([H])[H])(C([H])([H])[H])[C@@]([H])(O[H])C(=O)N([H])C([H])([H])C([H])([H])C(=O)N([H])C([H])([H])C([H])([H])S[C:49](=[O:50])[C:51])O[C@@]1([H])N1:C([H]):N:C2:C(N([H])[H]):N:C([H]):N:C:2:1.[H]OC(=O)[C@:60]([C:59])([N:61])[H:114]>>[C:49](=[O:50])([C:51])[C:60]([C:59])([N:61])[H:114],"EVODEX-P11634,EVODEX-P11658,EVODEX-P11667"
EVODEX-N4126,[S:48][C:49](=[O:50])[C:51].[H][O:64][C:62]([C@:60]([C:59])([N:61])[H:114])=[O:63]>>[C:49](=[O:50])([C:51])[C:60]([C:59])([N:61])[H:114].[C:62](=[O:63])=[O:64].[H][S:48],"EVODEX-P11635,EVODEX-P11652,EVODEX-P11661"
EVODEX-N4127,[H]O[C@]1([H])[C@]([H])(OP(=O)(O[H])O[H])[C@@]([H])(C([H])([H])OP(=O)(O[H])OP(=O)(O[H])OC([H])([H])C(C([H])([H])[H])(C([H])([H])[H])[C@@]([H])(O[H])C(=O)N([H])C([H])([H])C([H])([H])C(=O)N([H])C([H])([H])C([H])([H])S[C:49](=[O:50])[C:51])O[C@@]1([H])N1:C([H]):N:C2:C(N([H])[H]):N:C([H]):N:C:2:1.[H][O:64][C:62]([C@:60]([C:59])([N:61])[H:114])=[O:63]>>[C:49](=[O:50])([C:51])[C:60]([C:59])([N:61])[H:114].[C:62](=[O:63])=[O:64],"EVODEX-P11636,EVODEX-P11653,EVODEX-P11662"
EVODEX-N4128,[S:48][C:49](=[O:50])[C:51].[H]OC(=O)[C@:60]([C:59])([N:61])[H:114]>>[C:49](=[O:50])([C:51])[C:60]([C:59])([N:61])[H:114].[H][S:48],"EVODEX-P11637,EVODEX-P11656,EVODEX-P11665"
EVODEX-N4129,[H]OC(=O)C([H])([H])C([H])([H])C([H])([H])C([H])([H])C([H])([H])C(=O)[S:48][C:47].[H]N([H])[C@@]([H])(C([H])([H])[H])[C:62](=[O:63])[O:64][H]>>[C:62](=[O:63])=[O:64].[H][S:48][C:47],EVODEX-P11638
EVODEX-N4130,[H]OC(=O)[C@:60]([C:59])([N:61])[H:114]>>[H]OC(=O)C([H])([H])C([H])([H])C([H])([H])C([H])([H])C([H])([H])C(=O)[C:60]([C:59])([N:61])[H:114],EVODEX-P11639
EVODEX-N4131,[H][O:64][C:62]([C:60])=[O:63]>>[H]OC(=O)C([H])([H])C([H])([H])C([H])([H])C([H])([H])C([H])([H])C(=O)[C:60].[C:62](=[O:63])=[O:64],EVODEX-P11640
EVODEX-N4132,[H][C@:2]([N:1]([H:22])[H:23])([C:3])[C:9].[C:16][C:17](=[O:18])[C:19]>>[C:2]([C:3])([C:9])=[O:18].[H][C@:17]([N:1]([H:22])[H:23])([C:16])[C:19],"EVODEX-P11641,EVODEX-P16665,EVODEX-P16672,EVODEX-P16689,EVODEX-P16697,EVODEX-P16710,EVODEX-P16718,EVODEX-P16726,EVODEX-P16734,EVODEX-P16742,EVODEX-P16755,EVODEX-P16772,EVODEX-P16780,EVODEX-P16840,EVODEX-P16849,EVODEX-P16857,EVODEX-P16914,EVODEX-P16922,EVODEX-P16929,EVODEX-P16937,EVODEX-P16945,EVODEX-P16952,EVODEX-P16959,EVODEX-P16966,EVODEX-P17022,EVODEX-P17030,EVODEX-P17038,EVODEX-P17046,EVODEX-P17094,EVODEX-P17102,EVODEX-P17110,EVODEX-P17118,EVODEX-P17144,EVODEX-P17151,EVODEX-P17158,EVODEX-P17215,EVODEX-P17239,EVODEX-P17246,EVODEX-P17254,EVODEX-P17272,EVODEX-P17280,EVODEX-P17319,EVODEX-P17327,EVODEX-P17335,EVODEX-P17342,EVODEX-P17364,EVODEX-P17378,EVODEX-P17386,EVODEX-P17394,EVODEX-P17401,EVODEX-P17408,EVODEX-P17415,EVODEX-P17422,EVODEX-P17430,EVODEX-P17437,EVODEX-P17459,EVODEX-P17467,EVODEX-P17478,EVODEX-P17491,EVODEX-P17499,EVODEX-P17535,EVODEX-P17543,EVODEX-P17551,EVODEX-P17558,EVODEX-P17565,EVODEX-P17610,EVODEX-P17618,EVODEX-P17626,EVODEX-P17634,EVODEX-P17679,EVODEX-P17687,EVODEX-P17700,EVODEX-P17707,EVODEX-P17715,EVODEX-P17723,EVODEX-P17731,EVODEX-P17739,EVODEX-P17747,EVODEX-P17755,EVODEX-P17770,EVODEX-P17778,EVODEX-P17810,EVODEX-P17818,EVODEX-P17826,EVODEX-P17834,EVODEX-P17878,EVODEX-P17901,EVODEX-P17908"
EVODEX-N4133,[H]N([H])[C@@:18]([H])([C:17])[C:20].[H]OC(=O)C([H])([H])C([H])([H])C([H])([H])C([H])([H])C([H])([H])C([C@@]([H])(N([H])[H])C([H])([H])[H])=[O:5]>>[O:5]=[C:18]([C:17])[C:20],EVODEX-P11642
EVODEX-N4134,[#85]-[#6](-[#85])(-[#85])-[#6@](-[#85])(-[#7](-[#85])-[#85])-[#6](=[#8:5])-[#6](-[#85])(-[#85])-[#6](-[#85])(-[#85])-[#6](-[#85])(-[#85])-[#6](-[#85])(-[#85])-[#6](-[#85])(-[#85])-[#6](=[#8])-[#8]-[#85]>>[#85]-[#6](-[#85])(-[#85])-[#16&+](-[#6](-[#85])(-[#85])-[#6](-[#85])(-[#85])-[#6](=[#8:5])-[#6](=[#8])-[#8]-[#85])-[#6](-[#85])(-[#85])-[#6@@]1(-[#85])-[#8]-[#6@@](-[#85])(-[#7]2:[#6](-[#85]):[#7]:[#6]3:[#6](-[#7](-[#85])-[#85]):[#7]:[#6](-[#85]):[#7]:[#6]:2:3)-[#6@](-[#85])(-[#8]-[#85])-[#6@]-1(-[#85])-[#8]-[#85],EVODEX-P11643
EVODEX-N4135,[#85]-[#6](-[#85])(-[#85])-[#16&+](-[#6](-[#85])(-[#85])-[#6](-[#85])(-[#85])-[#6@](-[#85])(-[#7:19](-[#85:49])-[#85:50])-[#6](=[#8])-[#8]-[#85])-[#6](-[#85])(-[#85])-[#6@@]1(-[#85])-[#8]-[#6@@](-[#85])(-[#7]2:[#6](-[#85]):[#7]:[#6]3:[#6](-[#7](-[#85])-[#85]):[#7]:[#6](-[#85]):[#7]:[#6]:2:3)-[#6@](-[#85])(-[#8]-[#85])-[#6@]-1(-[#85])-[#8]-[#85].[#6:4](-[#6@:2])(=[#8])-[#6:6]>>[#85]-[#6@:4](-[#6@:2])(-[#6:6])-[#7:19](-[#85:49])-[#85:50],EVODEX-P11645
EVODEX-N4136,[#85]-[#6](-[#85])(-[#85])-[#16&+](-[#6](-[#85])(-[#85])-[#6](-[#85])(-[#85])-[#6@](-[#85])(-[#7:19](-[#85:49])-[#85:50])-[#6](=[#8])-[#8]-[#85])-[#6](-[#85])(-[#85])-[#6@@]1(-[#85])-[#8]-[#6@@](-[#85])(-[#7]2:[#6](-[#85]):[#7]:[#6]3:[#6](-[#7](-[#85])-[#85]):[#7]:[#6](-[#85]):[#7]:[#6]:2:3)-[#6@](-[#85])(-[#8]-[#85])-[#6@]-1(-[#85])-[#8]-[#85]>>[#85]-[#6](-[#85])(-[#85])-[#6@](-[#85])(-[#7](-[#85])-[#85])-[#6@@](-[#85])(-[#6](-[#85])(-[#85])-[#6](-[#85])(-[#85])-[#6](-[#85])(-[#85])-[#6](-[#85])(-[#85])-[#6](-[#85])(-[#85])-[#6](=[#8])-[#8]-[#85])-[#7:19](-[#85:49])-[#85:50],EVODEX-P11647
EVODEX-N4137,[#6:4](-[#6@:2])(=[#8:5])-[#6:6]>>[#85]-[#6@:4](-[#6@:2])(-[#6:6])-[#7](-[#85])-[#85].[#85]-[#6](-[#85])(-[#85])-[#16&+](-[#6](-[#85])(-[#85])-[#6](-[#85])(-[#85])-[#6](=[#8:5])-[#6](=[#8])-[#8]-[#85])-[#6](-[#85])(-[#85])-[#6@@]1(-[#85])-[#8]-[#6@@](-[#85])(-[#7]2:[#6](-[#85]):[#7]:[#6]3:[#6](-[#7](-[#85])-[#85]):[#7]:[#6](-[#85]):[#7]:[#6]:2:3)-[#6@](-[#85])(-[#8]-[#85])-[#6@]-1(-[#85])-[#8]-[#85],EVODEX-P11648
EVODEX-N4138,[H][C@@:18]([C:17])([N:19])[C:20]>>[H]OC(=O)C([H])([H])C([H])([H])C([H])([H])C([H])([H])C([H])([H])[C@]([H])([C@@]([H])(N([H])[H])C([H])([H])[H])[N:19].O=[C:18]([C:17])[C:20],EVODEX-P11649
EVODEX-N4139,[H]OC(=O)[C@@:67]([N:66])([C:68])[H:141]>>[H]C([H])([H])C([H])([H])C([H])([H])C([H])([H])C([H])([H])C([H])([H])C([H])([H])C([H])([H])C([H])([H])C([H])([H])C([H])([H])C([H])([H])C([H])([H])C([H])([H])C([H])([H])C(=O)[C@@:67]([N:66])([C:68])[H:141],"EVODEX-P11650,EVODEX-P11659"
EVODEX-N4140,>>[H]OC([H])([H])C([H])N([H])[H].[H],"EVODEX-P11651,EVODEX-P16070,EVODEX-P18221"
EVODEX-N4141,[H]C([H])([H])C([H])([H])C([H])([H])C([H])([H])C([H])([H])C([H])([H])C([H])([H])C([H])([H])C([H])([H])C([H])([H])C([H])([H])C([H])([H])C([H])([H])C([H])([H])C([H])([H])C(=O)[S:18][C:19].[H]OC([H])([H])[C@]([H])(N([H])[H])[C:70](=[O:71])[O:72][H]>>[C:70](=[O:71])=[O:72].[H][S:18][C:19],EVODEX-P11654
EVODEX-N4142,[H]O[C@]1([H])[C@]([H])(OP(=O)(O[H])O[H])[C@@]([H])(C([H])([H])OP(=O)(O[H])OP(=O)(O[H])OC([H])([H])C(C([H])([H])[H])(C([H])([H])[H])[C@@]([H])(O[H])C(=O)N([H])C([H])([H])C([H])([H])C(=O)N([H])C([H])([H])C([H])([H])S[C:16]([C:15])=[O:17])O[C@@]1([H])N1:C([H]):N:C2:C(N([H])[H]):N:C([H]):N:C:2:1>>[H]OC([H])([H])[C@]([H])(N([H])[H])[C:16]([C:15])=[O:17],EVODEX-P11655
EVODEX-N4143,[H][O:72][C:70]([C:67])=[O:71]>>[C:70](=[O:71])=[O:72].[H]C([H])([H])C([H])([H])C([H])([H])C([H])([H])C([H])([H])C([H])([H])C([H])([H])C([H])([H])C([H])([H])C([H])([H])C([H])([H])C([H])([H])C([H])([H])C([H])([H])C([H])([H])C(=O)[C:67],"EVODEX-P11657,EVODEX-P11666"
EVODEX-N4144,[H]C([H])([H])C([H])([H])C([H])([H])C([H])([H])C([H])([H])C([H])([H])C([H])([H])C([H])([H])C([H])([H])C([H])([H])C([H])([H])C([H])([H])C([H])([H])C([H])([H])C([H])([H])C(=O)[S:18][C:19].[H]N([H])[C@@]([H])(C([H])([H])[H])[C:69](=[O:70])[O:71][H]>>[C:69](=[O:70])=[O:71].[H][S:18][C:19],EVODEX-P11663
EVODEX-N4145,[H]O[C@]1([H])[C@]([H])(OP(=O)(O[H])O[H])[C@@]([H])(C([H])([H])OP(=O)(O[H])OP(=O)(O[H])OC([H])([H])C(C([H])([H])[H])(C([H])([H])[H])[C@@]([H])(O[H])C(=O)N([H])C([H])([H])C([H])([H])C(=O)N([H])C([H])([H])C([H])([H])S[C:58]([C:57])=[O:59])O[C@@]1([H])N1:C([H]):N:C2:C(N([H])[H]):N:C([H]):N:C:2:1>>[H]O[C@@]1([H])[C@]([H])(O[H])[C@]([H])(O[H])[C@]([H])(OP(=O)(O[H])OC([H])([H])C([H])(O[C:58]([C:57])=[O:59])C([H])([H])OC(=O)C([H])([H])C([H])([H])C([H])([H])C([H])([H])C([H])([H])C([H])([H])C([H])([H])/C([H])=C(/[H])C([H])([H])C([H])([H])C([H])([H])C([H])([H])C([H])([H])C([H])([H])C([H])([H])C([H])([H])[H])[C@@]([H])(O[H])[C@]1([H])O[H],EVODEX-P11670
EVODEX-N4146,>>[H]O[C@@]1([H])[C@]([H])(O[H])[C@]([H])(O[H])[C@]([H])(OP(=O)(O[H])OC([H])([H])C([H])(O)C([H])([H])OC(=O)C([H])([H])C([H])([H])C([H])([H])C([H])([H])C([H])([H])C([H])([H])C([H])([H])/C([H])=C(/[H])C([H])([H])C([H])([H])C([H])([H])C([H])([H])C([H])([H])C([H])([H])C([H])([H])C([H])([H])[H])[C@@]([H])(O[H])[C@]1([H])O[H].[H],EVODEX-P11672
EVODEX-N4147,[H]C([H])([H])C([H])([H])C([H])([H])C([H])([H])C([H])([H])C([H])([H])C([H])([H])C([H])([H])C([H])([H])C([H])([H])C([H])([H])C(=O)[S:37][C:38]>>[H][S:37][C:38],EVODEX-P11674
EVODEX-N4148,[H]O[C@]1([H])[C@]([H])(OP(=O)(O[H])O[H])[C@@]([H])(C([H])([H])OP(=O)(O[H])OP(=O)(O[H])OC([H])([H])C(C([H])([H])[H])(C([H])([H])[H])[C@@]([H])(O[H])C(=O)N([H])C([H])([H])C([H])([H])C(=O)N([H])C([H])([H])C([H])([H])S[C:35]([C:34])=[O:36])O[C@@]1([H])N1:C([H]):N:C2:C(N([H])[H]):N:C([H]):N:C:2:1>>[H]OP(=O)(O[H])OC([H])([H])[C@]([H])(O[C:35]([C:34])=[O:36])C([H])([H])OC(=O)C([H])([H])C([H])([H])C([H])([H])C([H])([H])C([H])([H])C([H])([H])C([H])([H])C([H])([H])C([H])([H])C([H])([H])C([H])([H])[H],EVODEX-P11676
EVODEX-N4149,[H][O:17][C:16]>>[H]C([H])([H])C([H])([H])C([H])([H])C([H])([H])C([H])([H])C([H])([H])C([H])([H])C([H])([H])C([H])([H])C([H])([H])C([H])([H])C(=O)[O:17][C:16],EVODEX-P11677
EVODEX-N4150,>>[H]OP(=O)(O[H])OC([H])([H])[C@]([H])(O)C([H])([H])OC(=O)C([H])([H])C([H])([H])C([H])([H])C([H])([H])C([H])([H])C([H])([H])C([H])([H])C([H])([H])C([H])([H])C([H])([H])C([H])([H])[H].[H],EVODEX-P11678
EVODEX-N4151,[H]O[C@]1([H])[C@]([H])(OP(=O)(O[H])O[H])[C@@]([H])(C([H])([H])OP(=O)(O[H])OP(=O)(O[H])OC([H])([H])C(C([H])([H])[H])(C([H])([H])[H])[C@@]([H])(O[H])C(=O)N([H])C([H])([H])C([H])([H])C(=O)N([H])C([H])([H])C([H])([H])S[C:2]([C:1])=[O:3])O[C@@]1([H])N1:C([H]):N:C2:C(N([H])[H]):N:C([H]):N:C:2:1>>[H]OC(=O)[C@@]([H])(N([H])[C:2]([C:1])=[O:3])C([H])([H])C1:C([H]):C([H]):C([H]):C([H]):C:1[H],EVODEX-P11682
EVODEX-N4152,>>[H]N[C@@]([H])(C(=O)O[H])C([H])([H])C1:C([H]):C([H]):C([H]):C([H]):C:1[H].[H],"EVODEX-P11683,EVODEX-P12980,EVODEX-P27749"
EVODEX-N4153,[H][C:1]([H])([H])[C:2](=[O:3])[N:4]([O:5][H])[C:6]1:[C:7]([H]):[C:8]([H]):[C:9]([C:10]2:[C:11]([H]):[C:12]([H]):[C:13]([H]):[C:14]([H]):[C:15]:2[H]):[C:16]([H]):[C:17]:1[H].[H][O:18][N:19]([H])[C:20]1:[C:21]([H]):[C:22]([H]):[C:23]([C:24]2:[C:25]([H]):[C:26]([H]):[C:27]([H]):[C:28]([H]):[C:29]:2[H]):[C:30]([H]):[C:31]:1[H]>>[H][C:1]([H])([H])[C:2](=[O:3])[O:18][N:19]([H])[C:20]1:[C:21]([H]):[C:22]([H]):[C:23]([C:24]2:[C:25]([H]):[C:26]([H]):[C:27]([H]):[C:28]([H]):[C:29]:2[H]):[C:30]([H]):[C:31]:1[H].[H][N:4]([O:5][H])[C:6]1:[C:7]([H]):[C:8]([H]):[C:9]([C:10]2:[C:11]([H]):[C:12]([H]):[C:13]([H]):[C:14]([H]):[C:15]:2[H]):[C:16]([H]):[C:17]:1[H],EVODEX-P11684
EVODEX-N4154,[H]C([H])([H])C(=O)[N:4]([O:5][H])[C:6]1:[C:7]([H]):[C:8]([H]):[C:9]([C:10]2:[C:11]([H]):[C:12]([H]):[C:13]([H]):[C:14]([H]):[C:15]:2[H]):[C:16]([H]):[C:17]:1[H]>>[H][N:4]([O:5][H])[C:6]1:[C:7]([H]):[C:8]([H]):[C:9]([C:10]2:[C:11]([H]):[C:12]([H]):[C:13]([H]):[C:14]([H]):[C:15]:2[H]):[C:16]([H]):[C:17]:1[H],EVODEX-P11685
EVODEX-N4155,[H]ON(C1:C([H]):C([H]):C(C2:C([H]):C([H]):C([H]):C([H]):C:2[H]):C([H]):C:1[H])[C:2]([C:1]([H])([H])[H])=[O:3].[H][O:18][N:19]([H])[C:20]1:[C:21]([H]):[C:22]([H]):[C:23]([C:24]2:[C:25]([H]):[C:26]([H]):[C:27]([H]):[C:28]([H]):[C:29]:2[H]):[C:30]([H]):[C:31]:1[H]>>[H][C:1]([H])([H])[C:2](=[O:3])[O:18][N:19]([H])[C:20]1:[C:21]([H]):[C:22]([H]):[C:23]([C:24]2:[C:25]([H]):[C:26]([H]):[C:27]([H]):[C:28]([H]):[C:29]:2[H]):[C:30]([H]):[C:31]:1[H],EVODEX-P11686
EVODEX-N4156,[H][O:18][N:19]([H])[C:20]1:[C:21]([H]):[C:22]([H]):[C:23]([C:24]2:[C:25]([H]):[C:26]([H]):[C:27]([H]):[C:28]([H]):[C:29]:2[H]):[C:30]([H]):[C:31]:1[H]>>[H]C([H])([H])C(=O)[O:18][N:19]([H])[C:20]1:[C:21]([H]):[C:22]([H]):[C:23]([C:24]2:[C:25]([H]):[C:26]([H]):[C:27]([H]):[C:28]([H]):[C:29]:2[H]):[C:30]([H]):[C:31]:1[H],EVODEX-P11687
EVODEX-N4157,[H]ON(C1:C([H]):C([H]):C(C2:C([H]):C([H]):C([H]):C([H]):C:2[H]):C([H]):C:1[H])[C:2]([C:1]([H])([H])[H])=[O:3]>>[H]C1:C([H]):C([H]):C(C2:C([H]):C([H]):C(N([H])O[C:2]([C:1]([H])([H])[H])=[O:3]):C([H]):C:2[H]):C([H]):C:1[H],EVODEX-P11688
EVODEX-N4158,[H][C:1]([H])([H])[C:2][N:4]([O:5][H])[C:6]1:[C:7]([H]):[C:8]([H]):[C:9]([C:10]2:[C:11]([H]):[C:12]([H]):[C:13]([H]):[C:14]([H]):[C:15]:2[H]):[C:16]([H]):[C:17]:1[H]>>[H]C1:C([H]):C([H]):C(C2:C([H]):C([H]):C(N([H])O[C:2][C:1]([H])([H])[H]):C([H]):C:2[H]):C([H]):C:1[H].[H][N:4]([O:5][H])[C:6]1:[C:7]([H]):[C:8]([H]):[C:9]([C:10]2:[C:11]([H]):[C:12]([H]):[C:13]([H]):[C:14]([H]):[C:15]:2[H]):[C:16]([H]):[C:17]:1[H],EVODEX-P11689
EVODEX-N4159,[H][C:1]([H])([H])[C:2](=[O:3])[O:4][N:5]([H])[C:6]1:[C:7]([H]):[C:8]([H]):[C:9]([C:10]2:[C:11]([H]):[C:12]([H]):[C:13]([H]):[C:14]([H]):[C:15]:2[H]):[C:16]([H]):[C:17]:1[H].[H][O:18][N:19]([H])[C:20]1:[C:21]([H]):[C:22]([H]):[C:23]([C:24]2:[C:25]([H]):[C:26]([H]):[C:27]([H]):[C:28]([H]):[C:29]:2[H]):[C:30]([H]):[C:31]:1[H]>>[H][C:1]([H])([H])[C:2](=[O:3])[N:19]([O:18][H])[C:20]1:[C:21]([H]):[C:22]([H]):[C:23]([C:24]2:[C:25]([H]):[C:26]([H]):[C:27]([H]):[C:28]([H]):[C:29]:2[H]):[C:30]([H]):[C:31]:1[H].[H][O:4][N:5]([H])[C:6]1:[C:7]([H]):[C:8]([H]):[C:9]([C:10]2:[C:11]([H]):[C:12]([H]):[C:13]([H]):[C:14]([H]):[C:15]:2[H]):[C:16]([H]):[C:17]:1[H],EVODEX-P11690
EVODEX-N4160,[H]C([H])([H])C(=O)[O:4][N:5]([H])[C:6]1:[C:7]([H]):[C:8]([H]):[C:9]([C:10]2:[C:11]([H]):[C:12]([H]):[C:13]([H]):[C:14]([H]):[C:15]:2[H]):[C:16]([H]):[C:17]:1[H]>>[H][O:4][N:5]([H])[C:6]1:[C:7]([H]):[C:8]([H]):[C:9]([C:10]2:[C:11]([H]):[C:12]([H]):[C:13]([H]):[C:14]([H]):[C:15]:2[H]):[C:16]([H]):[C:17]:1[H],EVODEX-P11691
EVODEX-N4161,[H]C1:C([H]):C([H]):C(C2:C([H]):C([H]):C(N([H])O[C:2]([C:1]([H])([H])[H])=[O:3]):C([H]):C:2[H]):C([H]):C:1[H].[H][O:18][N:19]([H])[C:20]1:[C:21]([H]):[C:22]([H]):[C:23]([C:24]2:[C:25]([H]):[C:26]([H]):[C:27]([H]):[C:28]([H]):[C:29]:2[H]):[C:30]([H]):[C:31]:1[H]>>[H][C:1]([H])([H])[C:2](=[O:3])[N:19]([O:18][H])[C:20]1:[C:21]([H]):[C:22]([H]):[C:23]([C:24]2:[C:25]([H]):[C:26]([H]):[C:27]([H]):[C:28]([H]):[C:29]:2[H]):[C:30]([H]):[C:31]:1[H],EVODEX-P11692
EVODEX-N4162,[H][O:18][N:19]([H])[C:20]1:[C:21]([H]):[C:22]([H]):[C:23]([C:24]2:[C:25]([H]):[C:26]([H]):[C:27]([H]):[C:28]([H]):[C:29]:2[H]):[C:30]([H]):[C:31]:1[H]>>[H]C([H])([H])C(=O)[N:19]([O:18][H])[C:20]1:[C:21]([H]):[C:22]([H]):[C:23]([C:24]2:[C:25]([H]):[C:26]([H]):[C:27]([H]):[C:28]([H]):[C:29]:2[H]):[C:30]([H]):[C:31]:1[H],EVODEX-P11693
EVODEX-N4163,[H]C1:C([H]):C([H]):C(C2:C([H]):C([H]):C(N([H])O[C:2]([C:1]([H])([H])[H])=[O:3]):C([H]):C:2[H]):C([H]):C:1[H]>>[H]ON(C1:C([H]):C([H]):C(C2:C([H]):C([H]):C([H]):C([H]):C:2[H]):C([H]):C:1[H])[C:2]([C:1]([H])([H])[H])=[O:3],EVODEX-P11694
EVODEX-N4164,[H][C:1]([H])([H])[C:2][O:4][N:5]([H])[C:6]1:[C:7]([H]):[C:8]([H]):[C:9]([C:10]2:[C:11]([H]):[C:12]([H]):[C:13]([H]):[C:14]([H]):[C:15]:2[H]):[C:16]([H]):[C:17]:1[H]>>[H]ON(C1:C([H]):C([H]):C(C2:C([H]):C([H]):C([H]):C([H]):C:2[H]):C([H]):C:1[H])[C:2][C:1]([H])([H])[H].[H][O:4][N:5]([H])[C:6]1:[C:7]([H]):[C:8]([H]):[C:9]([C:10]2:[C:11]([H]):[C:12]([H]):[C:13]([H]):[C:14]([H]):[C:15]:2[H]):[C:16]([H]):[C:17]:1[H],EVODEX-P11695
EVODEX-N4165,[H]O[C@]1([H])[C@]([H])(OP(=O)(O[H])O[H])[C@@]([H])(C([H])([H])OP(=O)(O[H])OP(=O)(O[H])OC([H])([H])C(C([H])([H])[H])(C([H])([H])[H])[C@@]([H])(O[H])C(=O)N([H])C([H])([H])C([H])([H])C(=O)N([H])C([H])([H])C([H])([H])S[C:49](=[O:50])[C:51])O[C@@]1([H])N1:C([H]):N:C2:C(N([H])[H]):N:C([H]):N:C:2:1>>[H]N([H])C([H])([H])C([H])([H])C([H])([H])C([H])([H])N([H])[C:49](=[O:50])[C:51],"EVODEX-P11699,EVODEX-P12225,EVODEX-P12231"
EVODEX-N4166,[H]O[C@]1([H])[C@]([H])(OP(=O)(O[H])O[H])[C@@]([H])(C([H])([H])OP(=O)(O[H])OP(=O)(O[H])OC([H])([H])C(C([H])([H])[H])(C([H])([H])[H])[C@@]([H])(O[H])C(=O)N([H])C([H])([H])C([H])([H])C(=O)N([H])C([H])([H])C([H])([H])S[C:2]([C:1])=[O:3])O[C@@]1([H])N1:C([H]):N:C2:C(N([H])[H]):N:C([H]):N:C:2:1>>[H]N([H])C([H])([H])C([H])([H])C([H])([H])N([H])C([H])([H])C([H])([H])C([H])([H])N([H])[C:2]([C:1])=[O:3],EVODEX-P11704
EVODEX-N4167,>>[H]NC([H])([H])C([H])([H])C([H])([H])N([H])C([H])([H])C([H])([H])C([H])([H])N([H])[H].[H],EVODEX-P11705
EVODEX-N4168,[H][N:54]([C:55])[H:97]>>[H]OC(=O)C(=O)[N:54]([C:55])[H:97],"EVODEX-P11708,EVODEX-P11713"
EVODEX-N4169,[H]O[C@]1([H])[C@]([H])(OP(=O)(O[H])O[H])[C@@]([H])(C([H])([H])OP(=O)(O[H])OP(=O)(O[H])OC([H])([H])C(C([H])([H])[H])(C([H])([H])[H])[C@@]([H])(O[H])C(=O)N([H])C([H])([H])C([H])([H])C(=O)N([H])C([H])([H])C([H])([H])S[C:49](=[O:50])[C:51])O[C@@]1([H])N1:C([H]):N:C2:C(N([H])[H]):N:C([H]):N:C:2:1>>[H]OC(=O)[C@@]([H])(N([H])[H])C([H])([H])N([H])[C:49](=[O:50])[C:51],EVODEX-P11709
EVODEX-N4170,>>[H]NC([H])([H])[C@@]([H])(C(=O)O[H])N([H])[H].[H],EVODEX-P11710
EVODEX-N4171,[H]O[C@]1([H])[C@]([H])(OP(=O)(O[H])O[H])[C@@]([H])(C([H])([H])OP(=O)(O[H])OP(=O)(O[H])OC([H])([H])C(C([H])([H])[H])(C([H])([H])[H])[C@@]([H])(O[H])C(=O)N([H])C([H])([H])C([H])([H])C(=O)N([H])C([H])([H])C([H])([H])S[C:49](=[O:50])[C:51])O[C@@]1([H])N1:C([H]):N:C2:C(N([H])[H]):N:C([H]):N:C:2:1>>[H]OC(=O)C([H])(N([H])[H])C([H])([H])C([H])([H])N([H])[C:49](=[O:50])[C:51],"EVODEX-P11714,EVODEX-P12459,EVODEX-P12464"
EVODEX-N4172,>>[H]NC([H])([H])C([H])([H])[C@@]([H])(C(=O)O[H])N([H])[H].[H],"EVODEX-P11715,EVODEX-P12460,EVODEX-P12465"
EVODEX-N4173,[H]O[C@]1([H])[C@]([H])(OP(=O)(O[H])O[H])[C@@]([H])(C([H])([H])OP(=O)(O[H])OP(=O)(O[H])OC([H])([H])C(C([H])([H])[H])(C([H])([H])[H])[C@@]([H])(O[H])C(=O)N([H])C([H])([H])C([H])([H])C(=O)N([H])C([H])([H])C([H])([H])S[C:2]([C:1])=[O:3])O[C@@]1([H])N1:C([H]):N:C2:C(N([H])[H]):N:C([H]):N:C:2:1>>[H]O[C@@]1(C([H])([H])[H])C([H])([H])O[C@]([H])(O[C@]2([H])[C@@]([H])(O[H])[C@]([H])(O[C@@]3([H])OC(C([H])([H])N([H])[H])=C([H])C([H])([H])[C@@]3([H])N([H])[C:2]([C:1])=[O:3])[C@@]([H])(N([H])[H])C([H])([H])[C@@]2([H])N([H])[H])[C@]([H])(O[H])[C@@]1([H])N([H])C([H])([H])[H],EVODEX-P11719
EVODEX-N4174,>>[H]N[C@]1([H])C([H])([H])C([H])=C(C([H])([H])N([H])[H])O[C@]1([H])O[C@@]1([H])[C@]([H])(O[H])[C@@]([H])(O[C@@]2([H])OC([H])([H])[C@@](O[H])(C([H])([H])[H])[C@]([H])(N([H])C([H])([H])[H])[C@@]2([H])O[H])[C@]([H])(N([H])[H])C([H])([H])[C@]1([H])N([H])[H].[H],"EVODEX-P11720,EVODEX-P11730"
EVODEX-N4175,[H]O[C@]1([H])[C@]([H])(OP(=O)(O[H])O[H])[C@@]([H])(C([H])([H])OP(=O)(O[H])OP(=O)(O[H])OC([H])([H])C(C([H])([H])[H])(C([H])([H])[H])[C@@]([H])(O[H])C(=O)N([H])C([H])([H])C([H])([H])C(=O)N([H])C([H])([H])C([H])([H])S[C:2]([C:1])=[O:3])O[C@@]1([H])N1:C([H]):N:C2:C(N([H])[H]):N:C([H]):N:C:2:1>>[H]OC([H])([H])[C@@]1([H])O[C@]([H])(O[C@]2([H])[C@@]([H])(O[H])[C@]([H])(O[C@@]3([H])O[C@]([H])(C([H])([H])N([H])[H])C([H])([H])C([H])([H])[C@@]3([H])N([H])[C:2]([C:1])=[O:3])[C@@]([H])(N([H])[H])C([H])([H])[C@@]2([H])N([H])[H])[C@]([H])(O[H])[C@@]([H])(N([H])[H])[C@]1([H])O[H],EVODEX-P11724
EVODEX-N4176,>>[H]N[C@]1([H])C([H])([H])C([H])([H])[C@@]([H])(C([H])([H])N([H])[H])O[C@]1([H])O[C@@]1([H])[C@]([H])(O[H])[C@@]([H])(O[C@@]2([H])O[C@]([H])(C([H])([H])O[H])[C@@]([H])(O[H])[C@]([H])(N([H])[H])[C@@]2([H])O[H])[C@]([H])(N([H])[H])C([H])([H])[C@]1([H])N([H])[H].[H],"EVODEX-P11725,EVODEX-P11879"
EVODEX-N4177,[H]O[C@]1([H])[C@]([H])(OP(=O)(O[H])O[H])[C@@]([H])(C([H])([H])OP(=O)(O[H])OP(=O)(O[H])OC([H])([H])C(C([H])([H])[H])(C([H])([H])[H])[C@@]([H])(O[H])C(=O)N([H])C([H])([H])C([H])([H])C(=O)N([H])C([H])([H])C([H])([H])S[C:2]([C:1])=[O:3])O[C@@]1([H])N1:C([H]):N:C2:C(N([H])[H]):N:C([H]):N:C:2:1>>[H]O[C@@]1(C([H])([H])[H])C([H])([H])O[C@]([H])(O[C@]2([H])[C@@]([H])(O[H])[C@]([H])(O[C@@]3([H])OC(C([H])([H])N([H])[H])=C([H])C([H])([H])[C@@]3([H])N([H])[H])[C@@]([H])(N([H])[C:2]([C:1])=[O:3])C([H])([H])[C@@]2([H])N([H])[H])[C@]([H])(O[H])[C@@]1([H])N([H])C([H])([H])[H],EVODEX-P11729
EVODEX-N4178,[H]O[C@]1([H])[C@]([H])(OP(=O)(O[H])O[H])[C@@]([H])(C([H])([H])OP(=O)(O[H])OP(=O)(O[H])OC([H])([H])C(C([H])([H])[H])(C([H])([H])[H])[C@@]([H])(O[H])C(=O)N([H])C([H])([H])C([H])([H])C(=O)N([H])C([H])([H])C([H])([H])S[C:49](=[O:50])[C:51])O[C@@]1([H])N1:C([H]):N:C2:C(N([H])[H]):N:C([H]):N:C:2:1>>[H]SC([H])(C([H])([H])C([H])([H])S[C:49](=[O:50])[C:51])C([H])([H])C([H])([H])C([H])([H])C([H])([H])C(=O)N([H])[H],EVODEX-P11734
EVODEX-N4179,[H]/C(=C(\[H])C([H])([H])C([H])([H])C([H])([H])C([H])([H])C([H])([H])[H])C([H])([H])/C([H])=C(/[H])C([H])([H])C([H])([H])C([H])([H])C([H])([H])C([H])([H])C([H])([H])C([H])([H])C(=O)[S:20][C:21]>>[H][S:20][C:21],EVODEX-P11747
EVODEX-N4180,[H][O:88][C:87]>>[H]/C(=C(\[H])C([H])([H])C([H])([H])C([H])([H])C([H])([H])C([H])([H])[H])C([H])([H])/C([H])=C(/[H])C([H])([H])C([H])([H])C([H])([H])C([H])([H])C([H])([H])C([H])([H])C([H])([H])C(=O)[O:88][C:87],"EVODEX-P11749,EVODEX-P12141"
EVODEX-N4181,[H]OC1:C([H]):C([H]):C(/C([H])=C(\[H])C(=O)[S:48][C:47]):C([H]):C:1[H]>>[H][S:48][C:47],EVODEX-P11753
EVODEX-N4182,[H][N:68]([C:67])[H:123]>>[H]OC1:C([H]):C([H]):C(/C([H])=C(\[H])C(=O)[N:68]([C:67])[H:123]):C([H]):C:1[H],"EVODEX-P11755,EVODEX-P12270,EVODEX-P12904"
EVODEX-N4183,[H]O[C@]1([H])[C@]([H])(OP(=O)(O[H])O[H])[C@@]([H])(C([H])([H])OP(=O)(O[H])OP(=O)(O[H])OC([H])([H])C(C([H])([H])[H])(C([H])([H])[H])[C@@]([H])(O[H])C(=O)N([H])C([H])([H])C([H])([H])C(=O)N([H])C([H])([H])C([H])([H])S[C:49](=[O:50])[C:51])O[C@@]1([H])N1:C([H]):N:C2:C(N([H])[H]):N:C([H]):N:C:2:1>>[H]N=C(N([H])[H])N([H])C([H])([H])C([H])([H])C([H])([H])C([H])([H])N([H])[C:49](=[O:50])[C:51],"EVODEX-P11756,EVODEX-P11762"
EVODEX-N4184,>>[H]NC([H])([H])C([H])([H])C([H])([H])C([H])([H])N([H])C(=N[H])N([H])[H].[H],"EVODEX-P11757,EVODEX-P11763,EVODEX-P19376"
EVODEX-N4185,[H]OC1:C([H]):C([H]):C(/C([H])=C(\[H])C(=O)[S:10][C:11]):C([H]):C:1OC([H])([H])[H]>>[H][S:10][C:11],EVODEX-P11759
EVODEX-N4186,[H][N:70]([C:69])[H:127]>>[H]OC1:C([H]):C([H]):C(/C([H])=C(\[H])C(=O)[N:70]([C:69])[H:127]):C([H]):C:1OC([H])([H])[H],"EVODEX-P11761,EVODEX-P12050"
EVODEX-N4187,[H]O[C@]1([H])C([H])([H])C([H])([H])[C@@]2(C([H])([H])[H])[C@@]([H])(C1([H])[H])C([H])([H])[C@@]([H])(O[H])[C@@]1([H])[C@]3([H])C([H])([H])C([H])([H])[C@]([H])([C@]([H])(C([H])([H])[H])C([H])([H])C([H])([H])C(=O)[S:7][C:8])[C@@]3(C([H])([H])[H])[C@@]([H])(O[H])C([H])([H])[C@]21[H]>>[H][S:7][C:8],EVODEX-P11765
EVODEX-N4188,[H][N:77]([C:78])[H:158]>>[H]O[C@]1([H])C([H])([H])C([H])([H])[C@@]2(C([H])([H])[H])[C@@]([H])(C1([H])[H])C([H])([H])[C@@]([H])(O[H])[C@@]1([H])[C@]3([H])C([H])([H])C([H])([H])[C@]([H])([C@]([H])(C([H])([H])[H])C([H])([H])C([H])([H])C(=O)[N:77]([C:78])[H:158])[C@@]3(C([H])([H])[H])[C@@]([H])(O[H])C([H])([H])[C@]21[H],"EVODEX-P11767,EVODEX-P11772"
EVODEX-N4189,[H]O[C@]1([H])[C@]([H])(OP(=O)(O[H])O[H])[C@@]([H])(C([H])([H])OP(=O)(O[H])OP(=O)(O[H])OC([H])([H])C(C([H])([H])[H])(C([H])([H])[H])[C@@]([H])(O[H])C(=O)N([H])C([H])([H])C([H])([H])C(=O)N([H])C([H])([H])C([H])([H])S[C:5]([C:4])=[O:6])O[C@@]1([H])N1:C([H]):N:C2:C(N([H])[H]):N:C([H]):N:C:2:1>>[H]OS(=O)(=O)C([H])([H])C([H])([H])N([H])[C:5]([C:4])=[O:6],EVODEX-P11768
EVODEX-N4190,>>[H]NC([H])([H])C([H])([H])S(=O)(=O)O[H].[H],EVODEX-P11769
EVODEX-N4191,[H]O[C@]1([H])[C@]([H])(OP(=O)(O[H])O[H])[C@@]([H])(C([H])([H])OP(=O)(O[H])OP(=O)(O[H])OC([H])([H])C(C([H])([H])[H])(C([H])([H])[H])[C@@]([H])(O[H])C(=O)N([H])C([H])([H])C([H])([H])C(=O)N([H])C([H])([H])C([H])([H])S[C:2]([C:1])=[O:3])O[C@@]1([H])N1:C([H]):N:C2:C(N([H])[H]):N:C([H]):N:C:2:1>>[H]OC(=O)[C@@]([H])(N([H])[C:2]([C:1])=[O:3])C([H])([H])C([H])(C([H])([H])[H])C([H])([H])[H],EVODEX-P11778
EVODEX-N4192,>>[H]N[C@]([H])(C(=O)O[H])C([H])([H])C([H])(C([H])([H])[H])C([H])([H])[H].[H],EVODEX-P11779
EVODEX-N4193,[H]C1:C([H]):C([H]):C2:C(:C:1[H]):C([H]):C(C([H])([H])C(=O)[S:48][C:47]):N:2[H]>>[H][S:48][C:47],EVODEX-P11791
EVODEX-N4194,[H][N:67]([C:66])[H:121]>>[H]C1:C([H]):C([H]):C2:C(:C:1[H]):C([H]):C(C([H])([H])C(=O)[N:67]([C:66])[H:121]):N:2[H],EVODEX-P11793
EVODEX-N4195,[H]O[C@]1([H])[C@]([H])(OP(=O)(O[H])O[H])[C@@]([H])(C([H])([H])OP(=O)(O[H])OP(=O)(O[H])OC([H])([H])C(C([H])([H])[H])(C([H])([H])[H])[C@@]([H])(O[H])C(=O)N([H])C([H])([H])C([H])([H])C(=O)N([H])C([H])([H])C([H])([H])S[C:2]([C:1])=[O:3])O[C@@]1([H])N1:C([H]):N:C2:C(N([H])[H]):N:C([H]):N:C:2:1>>[H]C([H])([H])C([H])(C([H])([H])[H])[C@]1([H])C([H])([H])C([H])([H])[C@@]([H])(C([H])([H])[H])C([H])([H])[C@@]1([H])O[C:2]([C:1])=[O:3],EVODEX-P11799
EVODEX-N4196,>>[H]C([H])([H])C([H])(C([H])([H])[H])[C@]1([H])C([H])([H])C([H])([H])[C@@]([H])(C([H])([H])[H])C([H])([H])[C@@]1([H])O.[H],"EVODEX-P11800,EVODEX-P14000"
EVODEX-N4197,[H]O[C@]1([H])[C@]([H])(OP(=O)(O[H])O[H])[C@@]([H])(C([H])([H])OP(=O)(O[H])OP(=O)(O[H])OC([H])([H])C(C([H])([H])[H])(C([H])([H])[H])[C@@]([H])(O[H])C(=O)N([H])C([H])([H])C([H])([H])C(=O)N([H])C([H])([H])C([H])([H])S[C:2]([C:1])=[O:3])O[C@@]1([H])N1:C([H]):N:C2:C(N([H])[H]):N:C([H]):N:C:2:1>>[H]C([H])([H])C1(C([H])([H])[H])[C@]2([H])C([H])([H])C([H])([H])[C@@]1(C([H])([H])[H])[C@@]([H])(O[C:2]([C:1])=[O:3])C2([H])[H],EVODEX-P11804
EVODEX-N4198,>>[H]C([H])([H])C1(C([H])([H])[H])[C@]2([H])C([H])([H])C([H])([H])[C@@]1(C([H])([H])[H])[C@@]([H])(O)C2([H])[H].[H],EVODEX-P11805
EVODEX-N4199,[H]C1:C([H]):C([H]):C2:C(:C:1[H]):C(C([H])([H])C(=O)[S:48][C:47]):C([H]):N:2[H]>>[H][S:48][C:47],EVODEX-P11807
EVODEX-N4200,[H][N:61]([C:62])[H:109]>>[H]C1:C([H]):C([H]):C2:C(:C:1[H]):C(C([H])([H])C(=O)[N:61]([C:62])[H:109]):C([H]):N:2[H],"EVODEX-P11809,EVODEX-P34035"
EVODEX-N4201,[H]C1:C([H]):C([H]):C2:C(:C:1[H]):C(C([H])([H])C(=O)[O:13][C:14]):C([H]):N:2[H]>>[H][O:13][C:14],EVODEX-P11813
EVODEX-N4202,[H]OC([H])([H])[C@@]1([H])O[C@@]([H])(O[C:2](=[O:1])[C:3])[C@]([H])(O[H])[C@@]([H])(O[H])[C@]1([H])O[H].[H][O:25][C:26]>>[O:1]=[C:2]([C:3])[O:25][C:26],"EVODEX-P11814,EVODEX-P11917,EVODEX-P11919,EVODEX-P11925,EVODEX-P11931,EVODEX-P11936,EVODEX-P11941,EVODEX-P12011,EVODEX-P12259"
EVODEX-N4203,[H][O:25][C:26]>>[H]C1:C([H]):C([H]):C2:C(:C:1[H]):C(C([H])([H])C(=O)[O:25][C:26]):C([H]):N:2[H],EVODEX-P11815
EVODEX-N4204,[H]OC([H])([H])[C@@]1([H])O[C@@]([H])(O[C:2](=[O:1])[C:3])[C@]([H])(O[H])[C@@]([H])(O[H])[C@]1([H])O[H]>>[H]O[C@@]1([H])[C@]([H])(O[H])[C@@]([H])(O[H])[C@]([H])(O[C:2](=[O:1])[C:3])[C@]([H])(O[H])[C@]1([H])O[H],EVODEX-P11816
EVODEX-N4205,>>[H]O[C@@]1([H])[C@]([H])(O[H])[C@@]([H])(O[H])[C@]([H])(O)[C@]([H])(O[H])[C@]1([H])O[H].[H],"EVODEX-P11817,EVODEX-P13677,EVODEX-P13746,EVODEX-P13981,EVODEX-P18425,EVODEX-P18429,EVODEX-P20190,EVODEX-P20196"
EVODEX-N4206,[H]OC([H])([H])C([H])(O[C:24](=[O:25])[C:26])C([H])([H])OC(=O)C([H])([H])C([H])([H])C([H])([H])C([H])([H])C([H])([H])C([H])([H])C([H])([H])C([H])([H])C([H])([H])C([H])([H])C([H])([H])C([H])([H])C([H])([H])C([H])([H])C([H])([H])[H].[H][O:41][C:42]>>[C:24](=[O:25])([C:26])[O:41][C:42],EVODEX-P11820
EVODEX-N4207,[H]OC([H])([H])C([H])(O[C:24](=[O:25])[C:26])C([H])([H])OC(=O)C([H])([H])C([H])([H])C([H])([H])C([H])([H])C([H])([H])C([H])([H])C([H])([H])C([H])([H])C([H])([H])C([H])([H])C([H])([H])C([H])([H])C([H])([H])C([H])([H])C([H])([H])[H]>>[H]C1([H])C([H])([H])C2([H])C([H])([H])C([H])([H])C3([H])C4([H])C([H])([H])C([H])([H])C([H])(O[C:24](=[O:25])[C:26])C([H])([H])C4([H])C([H])([H])C([H])([H])C3([H])C2([H])C1([H])[H],EVODEX-P11822
EVODEX-N4208,>>[H]C1([H])C([H])([H])C2([H])C([H])([H])C([H])([H])C3([H])C4([H])C([H])([H])C([H])([H])C([H])(O)C([H])([H])C4([H])C([H])([H])C([H])([H])C3([H])C2([H])C1([H])[H].[H],"EVODEX-P11823,EVODEX-P14265"
EVODEX-N4209,[H]O[C@]1([H])[C@]([H])(OP(=O)(O[H])O[H])[C@@]([H])(C([H])([H])OP(=O)(O[H])OP(=O)(O[H])OC([H])([H])C(C([H])([H])[H])(C([H])([H])[H])[C@@]([H])(O[H])C(=O)N([H])C([H])([H])C([H])([H])C(=O)N([H])C([H])([H])C([H])([H])S[C:16]([C:15])=[O:17])O[C@@]1([H])N1:C([H]):N:C2:C(N([H])[H]):N:C([H]):N:C:2:1>>[H]C([H])([H])C([H])([H])C([H])([H])C([H])([H])C([H])([H])C([H])([H])C([H])([H])C([H])([H])C([H])([H])C([H])([H])C([H])([H])C([H])([H])C([H])([H])C([H])([H])C([H])([H])C([H])([H])O[C:16]([C:15])=[O:17],"EVODEX-P11827,EVODEX-P12516"
EVODEX-N4210,>>[H]C([H])([H])C([H])([H])C([H])([H])C([H])([H])C([H])([H])C([H])([H])C([H])([H])C([H])([H])C([H])([H])C([H])([H])C([H])([H])C([H])([H])C([H])([H])C([H])([H])C([H])([H])C([H])([H])O.[H],"EVODEX-P11828,EVODEX-P12517,EVODEX-P16009"
EVODEX-N4211,[H]O[C@]1([H])[C@]([H])(OP(=O)(O[H])O[H])[C@@]([H])(C([H])([H])OP(=O)(O[H])OP(=O)(O[H])OC([H])([H])C(C([H])([H])[H])(C([H])([H])[H])[C@@]([H])(O[H])C(=O)N([H])C([H])([H])C([H])([H])C(=O)N([H])C([H])([H])C([H])([H])S[C:37]([C:36])=[O:38])O[C@@]1([H])N1:C([H]):N:C2:C(N([H])[H]):N:C([H]):N:C:2:1>>[H]C(=C([H])/C(=C(\[H])C([H])([H])O[C:37]([C:36])=[O:38])C([H])([H])[H])/C([H])=C(C(/[H])=C(\[H])C1=C(C([H])([H])[H])C([H])([H])C([H])([H])C([H])([H])C1(C([H])([H])[H])C([H])([H])[H])\C([H])([H])[H],EVODEX-P11831
EVODEX-N4212,>>[H]C(=C([H])/C(=C(\[H])C([H])([H])O)C([H])([H])[H])/C([H])=C(C(/[H])=C(\[H])C1=C(C([H])([H])[H])C([H])([H])C([H])([H])C([H])([H])C1(C([H])([H])[H])C([H])([H])[H])\C([H])([H])[H].[H],"EVODEX-P11833,EVODEX-P12206"
EVODEX-N4213,[H][S:48][C:47].[H]C(=C([H])/C(=C(\[H])C([H])([H])O[C:64]([C:63])=[O:65])C([H])([H])[H])/C([H])=C(C(/[H])=C(\[H])C1=C(C([H])([H])[H])C([H])([H])C([H])([H])C([H])([H])C1(C([H])([H])[H])C([H])([H])[H])\C([H])([H])[H]>>[C:47][S:48][C:64]([C:63])=[O:65],EVODEX-P11836
EVODEX-N4214,[H]C(=C([H])/C(=C(\[H])C([H])([H])O[C:64]([C:63])=[O:65])C([H])([H])[H])/C([H])=C(C(/[H])=C(\[H])C1=C(C([H])([H])[H])C([H])([H])C([H])([H])C([H])([H])C1(C([H])([H])[H])C([H])([H])[H])\C([H])([H])[H]>>[H]O[C@]1([H])[C@]([H])(OP(=O)(O[H])O[H])[C@@]([H])(C([H])([H])OP(=O)(O[H])OP(=O)(O[H])OC([H])([H])C(C([H])([H])[H])(C([H])([H])[H])[C@@]([H])(O[H])C(=O)N([H])C([H])([H])C([H])([H])C(=O)N([H])C([H])([H])C([H])([H])S[C:64]([C:63])=[O:65])O[C@@]1([H])N1:C([H]):N:C2:C(N([H])[H]):N:C([H]):N:C:2:1,EVODEX-P11837
EVODEX-N4215,[H][O:19][C:18].[H]C([H])([H])C([H])([H])C([H])([H])C([H])([H])C([H])([H])C([H])([H])C([H])([H])C([H])([H])C([H])([H])C([H])([H])C([H])([H])C([H])([H])C([H])([H])C([H])([H])C([H])([H])C(=O)OC([H])([H])C([H])(OC(=O)C([H])([H])C([H])([H])C([H])([H])C([H])([H])C([H])([H])C([H])([H])C([H])([H])C([H])([H])C([H])([H])C([H])([H])C([H])([H])C([H])([H])C([H])([H])C([H])([H])C([H])([H])[H])C([H])([H])O[C:51](=[O:52])[C:53]>>[C:18][O:19][C:51](=[O:52])[C:53],EVODEX-P11841
EVODEX-N4216,[H]C([H])([H])C([H])([H])C([H])([H])C([H])([H])C([H])([H])C([H])([H])C([H])([H])C([H])([H])C([H])([H])C([H])([H])C([H])([H])C([H])([H])C([H])([H])C([H])([H])C([H])([H])C(=O)OC([H])([H])C([H])(OC(=O)C([H])([H])C([H])([H])C([H])([H])C([H])([H])C([H])([H])C([H])([H])C([H])([H])C([H])([H])C([H])([H])C([H])([H])C([H])([H])C([H])([H])C([H])([H])C([H])([H])C([H])([H])[H])C([H])([H])O[C:51](=[O:52])[C:53]>>[H]C1=C2C([H])([H])[C@@]([H])(O[C:51](=[O:52])[C:53])C([H])([H])C([H])([H])[C@]2(C([H])([H])[H])[C@@]2([H])C([H])([H])C([H])([H])[C@@]3(C([H])([H])[H])[C@@]([H])(C([H])([H])C([H])([H])[C@]3([H])[C@]([H])(C([H])([H])[H])C([H])([H])C([H])([H])C([H])([H])C([H])(C([H])([H])[H])C([H])([H])[H])[C@]2([H])C1([H])[H],EVODEX-P11842
EVODEX-N4217,[H][O:19][C:18].[H]/C(=C(\[H])C([H])([H])C([H])([H])C([H])([H])C([H])([H])C([H])([H])C([H])([H])C([H])([H])C([H])([H])[H])C([H])([H])C([H])([H])C([H])([H])C([H])([H])C([H])([H])C([H])([H])C([H])([H])C(=O)OC([H])([H])C([H])(O[C:73](=[O:74])[C:75])C([H])([H])OC(=O)C([H])([H])C([H])([H])C([H])([H])C([H])([H])C([H])([H])C([H])([H])C([H])([H])/C([H])=C(/[H])C([H])([H])C([H])([H])C([H])([H])C([H])([H])C([H])([H])C([H])([H])C([H])([H])C([H])([H])[H]>>[C:18][O:19][C:73](=[O:74])[C:75],EVODEX-P11847
EVODEX-N4218,[H]/C(=C(\[H])C([H])([H])C([H])([H])C([H])([H])C([H])([H])C([H])([H])C([H])([H])C([H])([H])C([H])([H])[H])C([H])([H])C([H])([H])C([H])([H])C([H])([H])C([H])([H])C([H])([H])C([H])([H])C(=O)OC([H])([H])C([H])(O[C:73](=[O:74])[C:75])C([H])([H])OC(=O)C([H])([H])C([H])([H])C([H])([H])C([H])([H])C([H])([H])C([H])([H])C([H])([H])/C([H])=C(/[H])C([H])([H])C([H])([H])C([H])([H])C([H])([H])C([H])([H])C([H])([H])C([H])([H])C([H])([H])[H]>>[H]C1=C2C([H])([H])[C@@]([H])(O[C:73](=[O:74])[C:75])C([H])([H])C([H])([H])[C@]2(C([H])([H])[H])[C@@]2([H])C([H])([H])C([H])([H])[C@@]3(C([H])([H])[H])[C@@]([H])(C([H])([H])C([H])([H])[C@]3([H])[C@]([H])(C([H])([H])[H])C([H])([H])C([H])([H])C([H])([H])C([H])(C([H])([H])[H])C([H])([H])[H])[C@]2([H])C1([H])[H],EVODEX-P11848
EVODEX-N4219,[H]O[C@]1([H])[C@]([H])(OP(=O)(O[H])O[H])[C@@]([H])(C([H])([H])OP(=O)(O[H])OP(=O)(O[H])OC([H])([H])C(C([H])([H])[H])(C([H])([H])[H])[C@@]([H])(O[H])C(=O)N([H])C([H])([H])C([H])([H])C(=O)N([H])C([H])([H])C([H])([H])S[C:2]([C:1])=[O:3])O[C@@]1([H])N1:C([H]):N:C2:C(N([H])[H]):N:C([H]):N:C:2:1>>[H]OC(=O)[C@]1([H])O[C@@]([H])(O[C@@]2([H])[C@]([H])(O[H])[C@@]([H])(N([H])S(=O)(=O)O[H])[C@@]([H])(O[H])O[C@]2([H])C([H])([H])OS(=O)(=O)O[H])[C@]([H])(OS(=O)(=O)O[H])[C@@]([H])(O[H])[C@]1([H])O[C@@]1([H])O[C@]([H])(C([H])([H])O[H])[C@@]([H])(O[H])[C@]([H])(O[H])[C@@]1([H])N([H])[C:2]([C:1])=[O:3],EVODEX-P11853
EVODEX-N4220,>>[H]N[C@@]1([H])[C@@]([H])(O[C@@]2([H])[C@]([H])(O[H])[C@@]([H])(OS(=O)(=O)O[H])[C@]([H])(O[C@@]3([H])[C@]([H])(O[H])[C@@]([H])(N([H])S(=O)(=O)O[H])[C@@]([H])(O[H])O[C@]3([H])C([H])([H])OS(=O)(=O)O[H])O[C@@]2([H])C(=O)O[H])O[C@]([H])(C([H])([H])O[H])[C@@]([H])(O[H])[C@]1([H])O[H].[H],EVODEX-P11854
EVODEX-N4221,[H]O[C@]1([H])[C@]([H])(OP(=O)(O[H])O[H])[C@@]([H])(C([H])([H])OP(=O)(O[H])OP(=O)(O[H])OC([H])([H])C(C([H])([H])[H])(C([H])([H])[H])[C@@]([H])(O[H])C(=O)N([H])C([H])([H])C([H])([H])C(=O)N([H])C([H])([H])C([H])([H])S[C:2]([C:1])=[O:3])O[C@@]1([H])N1:C([H]):N:C2:C(N([H])[H]):N:C([H]):N:C:2:1>>[H]OC([H])([H])[C@@]1([H])O[C@@]([H])(O[H])[C@]([H])(O[H])[C@@]([H])(O[H])[C@]1([H])O[C@@]1([H])O[C@]([H])(C([H])([H])O[C:2]([C:1])=[O:3])[C@@]([H])(O[H])[C@]([H])(O[H])[C@@]1([H])O[H],EVODEX-P11858
EVODEX-N4222,>>[H]OC([H])([H])[C@@]1([H])O[C@@]([H])(O[C@@]2([H])[C@]([H])(O[H])[C@@]([H])(O[H])[C@]([H])(O[H])O[C@]2([H])C([H])([H])O[H])[C@]([H])(O[H])[C@@]([H])(O[H])[C@@]1([H])O.[H],"EVODEX-P11859,EVODEX-P13312,EVODEX-P13529,EVODEX-P13588,EVODEX-P13609,EVODEX-P13687,EVODEX-P15806,EVODEX-P18570,EVODEX-P18958,EVODEX-P18962,EVODEX-P23844"
EVODEX-N4223,[H]O[C@]1([H])[C@]([H])(OP(=O)(O[H])O[H])[C@@]([H])(C([H])([H])OP(=O)(O[H])OP(=O)(O[H])OC([H])([H])C(C([H])([H])[H])(C([H])([H])[H])[C@@]([H])(O[H])C(=O)N([H])C([H])([H])C([H])([H])C(=O)N([H])C([H])([H])C([H])([H])S[C:2]([C:1])=[O:3])O[C@@]1([H])N1:C([H]):N:C2:C(N([H])[H]):N:C([H]):N:C:2:1>>[H]OC([H])([H])[C@@]1([H])O[C@@]([H])(O[H])[C@]([H])(O[H])[C@@]([H])(O[H])[C@]1([H])S[C@@]1([H])O[C@]([H])(C([H])([H])O[C:2]([C:1])=[O:3])[C@@]([H])(O[H])[C@]([H])(O[H])[C@@]1([H])O[H],EVODEX-P11863
EVODEX-N4224,>>[H]OC([H])([H])[C@@]1([H])O[C@@]([H])(O[H])[C@]([H])(O[H])[C@@]([H])(O[H])[C@]1([H])S[C@@]1([H])O[C@]([H])(C([H])([H])O)[C@@]([H])(O[H])[C@]([H])(O[H])[C@@]1([H])O[H].[H],EVODEX-P11864
EVODEX-N4225,[H]O[C@]1([H])[C@]([H])(OP(=O)(O[H])O[H])[C@@]([H])(C([H])([H])OP(=O)(O[H])OP(=O)(O[H])OC([H])([H])C(C([H])([H])[H])(C([H])([H])[H])[C@@]([H])(O[H])C(=O)N([H])C([H])([H])C([H])([H])C(=O)N([H])C([H])([H])C([H])([H])S[C:2]([C:1])=[O:3])O[C@@]1([H])N1:C([H]):N:C2:C(N([H])[H]):N:C([H]):N:C:2:1>>[H]OC(=O)[C@@]([H])(N([H])[C:2]([C:1])=[O:3])C([H])([H])S/C(Cl)=C(\Cl)C(Cl)=C(Cl)Cl,EVODEX-P11868
EVODEX-N4226,>>[H]N[C@]([H])(C(=O)O[H])C([H])([H])S/C(Cl)=C(\Cl)C(Cl)=C(Cl)Cl.[H],EVODEX-P11869
EVODEX-N4227,[H]O[C@]1([H])[C@]([H])(OP(=O)(O[H])O[H])[C@@]([H])(C([H])([H])OP(=O)(O[H])OP(=O)(O[H])OC([H])([H])C(C([H])([H])[H])(C([H])([H])[H])[C@@]([H])(O[H])C(=O)N([H])C([H])([H])C([H])([H])C(=O)N([H])C([H])([H])C([H])([H])S[C:2]([C:1])=[O:3])O[C@@]1([H])N1:C([H]):N:C2:C(N([H])[H]):N:C([H]):N:C:2:1>>[H]OC(=O)[C@@]([H])(N([H])[C:2]([C:1])=[O:3])C([H])([H])SC([H])([H])C([H])([H])C([H])([H])C([H])([H])[H],EVODEX-P11873
EVODEX-N4228,>>[H]N[C@]([H])(C(=O)O[H])C([H])([H])SC([H])([H])C([H])([H])C([H])([H])C([H])([H])[H].[H],EVODEX-P11874
EVODEX-N4229,[H]O[C@]1([H])[C@]([H])(OP(=O)(O[H])O[H])[C@@]([H])(C([H])([H])OP(=O)(O[H])OP(=O)(O[H])OC([H])([H])C(C([H])([H])[H])(C([H])([H])[H])[C@@]([H])(O[H])C(=O)N([H])C([H])([H])C([H])([H])C(=O)N([H])C([H])([H])C([H])([H])S[C:2]([C:1])=[O:3])O[C@@]1([H])N1:C([H]):N:C2:C(N([H])[H]):N:C([H]):N:C:2:1>>[H]OC([H])([H])[C@@]1([H])O[C@]([H])(O[C@]2([H])[C@@]([H])(O[H])[C@]([H])(O[C@@]3([H])O[C@]([H])(C([H])([H])N([H])[H])C([H])([H])C([H])([H])[C@@]3([H])N([H])[H])[C@@]([H])(N([H])[H])C([H])([H])[C@@]2([H])N([H])[C:2]([C:1])=[O:3])[C@]([H])(O[H])[C@@]([H])(N([H])[H])[C@]1([H])O[H],EVODEX-P11878
EVODEX-N4230,[H]O[C@]1([H])[C@]([H])(OP(=O)(O[H])O[H])[C@@]([H])(C([H])([H])OP(=O)(O[H])OP(=O)(O[H])OC([H])([H])C(C([H])([H])[H])(C([H])([H])[H])[C@@]([H])(O[H])C(=O)N([H])C([H])([H])C([H])([H])C(=O)N([H])C([H])([H])C([H])([H])S[C:2]([C:1])=[O:3])O[C@@]1([H])N1:C([H]):N:C2:C(N([H])[H]):N:C([H]):N:C:2:1>>[H]OC([H])([H])[C@@]1([H])O[C@]([H])(O[C@]2([H])[C@@]([H])(O[H])[C@]([H])(O[C@@]3([H])O[C@]([H])(C([H])([H])N([H])[H])[C@@]([H])(O[H])[C@]([H])(O[H])[C@@]3([H])N([H])[H])[C@@]([H])(N([H])[C:2]([C:1])=[O:3])C([H])([H])[C@@]2([H])N([H])[H])[C@]([H])(O[H])[C@@]([H])(N([H])[H])[C@]1([H])O[H],EVODEX-P11883
EVODEX-N4231,>>[H]N[C@@]1([H])C([H])([H])[C@@]([H])(N([H])[H])[C@]([H])(O[C@@]2([H])O[C@]([H])(C([H])([H])O[H])[C@@]([H])(O[H])[C@]([H])(N([H])[H])[C@@]2([H])O[H])[C@@]([H])(O[H])[C@]1([H])O[C@@]1([H])O[C@]([H])(C([H])([H])N([H])[H])[C@@]([H])(O[H])[C@]([H])(O[H])[C@@]1([H])N([H])[H].[H],EVODEX-P11884
EVODEX-N4232,[H]O[C@]1([H])[C@]([H])(OP(=O)(O[H])O[H])[C@@]([H])(C([H])([H])OP(=O)(O[H])OP(=O)(O[H])OC([H])([H])C(C([H])([H])[H])(C([H])([H])[H])[C@@]([H])(O[H])C(=O)N([H])C([H])([H])C([H])([H])C(=O)N([H])C([H])([H])C([H])([H])S[C:2]([C:1])=[O:3])O[C@@]1([H])N1:C([H]):N:C2:C(N([H])[H]):N:C([H]):N:C:2:1>>[H]OC([H])([H])[C@@]1([H])O[C@]([H])(O[C@]2([H])[C@@]([H])(O[H])[C@]([H])(O[C@@]3([H])O[C@]([H])(C([H])([H])N([H])[C:2]([C:1])=[O:3])[C@@]([H])(O[H])C([H])([H])[C@@]3([H])N([H])[H])[C@@]([H])(N([H])[H])C([H])([H])[C@@]2([H])N([H])[H])[C@]([H])(O[H])[C@@]([H])(N([H])[H])[C@]1([H])O[H],EVODEX-P11888
EVODEX-N4233,>>[H]NC([H])([H])[C@@]1([H])O[C@]([H])(O[C@@]2([H])[C@]([H])(O[H])[C@@]([H])(O[C@@]3([H])O[C@]([H])(C([H])([H])O[H])[C@@]([H])(O[H])[C@]([H])(N([H])[H])[C@@]3([H])O[H])[C@]([H])(N([H])[H])C([H])([H])[C@]2([H])N([H])[H])[C@]([H])(N([H])[H])C([H])([H])[C@]1([H])O[H].[H],"EVODEX-P11889,EVODEX-P19064"
EVODEX-N4234,[H]O[C@]1([H])[C@]([H])(OP(=O)(O[H])O[H])[C@@]([H])(C([H])([H])OP(=O)(O[H])OP(=O)(O[H])OC([H])([H])C(C([H])([H])[H])(C([H])([H])[H])[C@@]([H])(O[H])C(=O)N([H])C([H])([H])C([H])([H])C(=O)N([H])C([H])([H])C([H])([H])S[C:2]([C:1])=[O:3])O[C@@]1([H])N1:C([H]):N:C2:C(N([H])[H]):N:C([H]):N:C:2:1>>[H]O[C@@]1(C([H])([H])[H])C([H])([H])O[C@]([H])(O[C@]2([H])[C@@]([H])(O[H])[C@]([H])(O[C@@]3([H])O[C@]([H])(C([H])([H])N([H])[C:2]([C:1])=[O:3])C([H])([H])C([H])([H])[C@@]3([H])N([H])[H])[C@@]([H])(N([H])[H])C([H])([H])[C@@]2([H])N([H])[H])[C@]([H])(O[H])[C@@]1([H])N([H])C([H])([H])[H],EVODEX-P11893
EVODEX-N4235,>>[H]NC([H])([H])[C@@]1([H])O[C@]([H])(O[C@@]2([H])[C@]([H])(O[H])[C@@]([H])(O[C@@]3([H])OC([H])([H])[C@@](O[H])(C([H])([H])[H])[C@]([H])(N([H])C([H])([H])[H])[C@@]3([H])O[H])[C@]([H])(N([H])[H])C([H])([H])[C@]2([H])N([H])[H])[C@]([H])(N([H])[H])C([H])([H])C1([H])[H].[H],EVODEX-P11894
EVODEX-N4236,[H]O[C@]1([H])[C@]([H])(OP(=O)(O[H])O[H])[C@@]([H])(C([H])([H])OP(=O)(O[H])OP(=O)(O[H])OC([H])([H])C(C([H])([H])[H])(C([H])([H])[H])[C@@]([H])(O[H])C(=O)N([H])C([H])([H])C([H])([H])C(=O)N([H])C([H])([H])C([H])([H])S[C:2]([C:1])=[O:3])O[C@@]1([H])N1:C([H]):N:C2:C(N([H])[H]):N:C([H]):N:C:2:1>>[H]C([H])([H])C([H])(C([H])([H])[H])C([H])([H])C([H])([H])O[C:2]([C:1])=[O:3],EVODEX-P11898
EVODEX-N4237,>>[H]C([H])([H])C([H])(C([H])([H])[H])C([H])([H])C([H])([H])O.[H],EVODEX-P11899
EVODEX-N4238,[H]O[C@]1([H])[C@]([H])(OP(=O)(O[H])O[H])[C@@]([H])(C([H])([H])OP(=O)(O[H])OP(=O)(O[H])OC([H])([H])C(C([H])([H])[H])(C([H])([H])[H])[C@@]([H])(O[H])C(=O)N([H])C([H])([H])C([H])([H])C(=O)N([H])C([H])([H])C([H])([H])S[C:2]([C:1])=[O:3])O[C@@]1([H])N1:C([H]):N:C2:C(N([H])[H]):N:C([H]):N:C:2:1>>[H]C1:C([H]):C([H]):C2:C(:C:1[H]):C(C([H])([H])C([H])([H])O[C:2]([C:1])=[O:3]):C([H]):N:2[H],EVODEX-P11903
EVODEX-N4239,>>[H]C1:C([H]):C([H]):C2:C(:C:1[H]):C(C([H])([H])C([H])([H])O):C([H]):N:2[H].[H],EVODEX-P11904
EVODEX-N4240,[H]O[C@]1([H])[C@]([H])(OP(=O)(O[H])O[H])[C@@]([H])(C([H])([H])OP(=O)(O[H])OP(=O)(O[H])OC([H])([H])C(C([H])([H])[H])(C([H])([H])[H])[C@@]([H])(O[H])C(=O)N([H])C([H])([H])C([H])([H])C(=O)N([H])C([H])([H])C([H])([H])S[C:2]([C:1])=[O:3])O[C@@]1([H])N1:C([H]):N:C2:C(N([H])[H]):N:C([H]):N:C:2:1>>[H]OC1:C([H]):C([H]):C2:C(:C:1[H]):C(C([H])([H])C([H])([H])N([H])[C:2]([C:1])=[O:3]):C([H]):N:2[H],EVODEX-P11908
EVODEX-N4241,>>[H]NC([H])([H])C([H])([H])C1:C([H]):N([H]):C2:C([H]):C([H]):C(O[H]):C([H]):C:1:2.[H],EVODEX-P11909
EVODEX-N4242,[H]O[C@]1([H])[C@]([H])(OP(=O)(O[H])O[H])[C@@]([H])(C([H])([H])OP(=O)(O[H])OP(=O)(O[H])OC([H])([H])C(C([H])([H])[H])(C([H])([H])[H])[C@@]([H])(O[H])C(=O)N([H])C([H])([H])C([H])([H])C(=O)N([H])C([H])([H])C([H])([H])S[C:2]([C:1])=[O:3])O[C@@]1([H])N1:C([H]):N:C2:C(N([H])[H]):N:C([H]):N:C:2:1>>[H]OC1:C([H]):C([H]):C(C([H])([H])C([H])([H])N([H])[C:2]([C:1])=[O:3]):C([H]):C:1O[H],EVODEX-P11913
EVODEX-N4243,>>[H]NC([H])([H])C([H])([H])C1:C([H]):C([H]):C(O[H]):C(O[H]):C:1[H].[H],EVODEX-P11914
EVODEX-N4244,[H]OC1:C([H]):C(C(=O)[O:3][C:4]):C([H]):C(O[H]):C:1O[H]>>[H][O:3][C:4],EVODEX-P11916
EVODEX-N4245,[H]OC([H])([H])[C@@]1([H])O[C@@]([H])(O[C:36](=[O:35])[C:49])[C@]([H])(O[H])[C@@]([H])(O[H])[C@]1([H])O[H]>>[H]OC1:C([H]):C(C(=O)OC([H])([H])[C@@]2([H])O[C@@]([H])(OC(=O)C3:C([H]):C(O[H]):C(O[H]):C(O[H]):C:3[H])[C@]([H])(O[C:36](=[O:35])[C:49])[C@@]([H])(O[H])[C@]2([H])O[H]):C([H]):C(O[H]):C:1O[H],EVODEX-P11920
EVODEX-N4246,[H][O:21][C:20]>>[H]OC1:C([H]):C(C(=O)[O:21][C:20]):C([H]):C(O[H]):C:1O[H],"EVODEX-P11921,EVODEX-P12261"
EVODEX-N4247,>>[H]OC1:C([H]):C(C(=O)OC([H])([H])[C@@]2([H])O[C@@]([H])(OC(=O)C3:C([H]):C(O[H]):C(O[H]):C(O[H]):C:3[H])[C@]([H])(O)[C@@]([H])(O[H])[C@]2([H])O[H]):C([H]):C(O[H]):C:1O[H].[H],EVODEX-P11922
EVODEX-N4248,[H]OC1:C(OC([H])([H])[H]):C([H]):C(/C([H])=C(\[H])C(=O)[O:10][C:11]):C([H]):C:1OC([H])([H])[H]>>[H][O:10][C:11],"EVODEX-P11924,EVODEX-P21355"
EVODEX-N4249,[H][O:34][C:33]>>[H]OC1:C(OC([H])([H])[H]):C([H]):C(/C([H])=C(\[H])C(=O)[O:34][C:33]):C([H]):C:1OC([H])([H])[H],"EVODEX-P11926,EVODEX-P11937,EVODEX-P11942,EVODEX-P12174,EVODEX-P12184"
EVODEX-N4250,[H]OC1:C([H]):C([H]):C(/C([H])=C(\[H])C(=O)[O:20][C:21]):C([H]):C:1O[H]>>[H][O:20][C:21],"EVODEX-P11930,EVODEX-P11967,EVODEX-P12151,EVODEX-P12244"
EVODEX-N4251,[H][O:7][C:6]>>[H]OC1:C([H]):C([H]):C(/C([H])=C(\[H])C(=O)[O:7][C:6]):C([H]):C:1O[H],"EVODEX-P11933,EVODEX-P11969,EVODEX-P12147,EVODEX-P12240,EVODEX-P12302,EVODEX-P12307"
EVODEX-N4252,[H]OC([H])([H])[C@@]1([H])O[C@@]([H])(O[C:8]([C:7])=[O:9])[C@]([H])(O[H])[C@@]([H])(O[H])[C@]1([H])O[H]>>[H]OC(=O)C([H])([H])[C@]([H])(O[H])C(=O)O[C:8]([C:7])=[O:9],EVODEX-P11938
EVODEX-N4253,>>[H]OC(=O)C([H])([H])[C@]([H])(O[H])C(O)=O.[H],"EVODEX-P11939,EVODEX-P11944"
EVODEX-N4254,[H]OC([H])([H])[C@@]1([H])O[C@@]([H])(O[C:8]([C:7])=[O:9])[C@]([H])(O[H])[C@@]([H])(O[H])[C@]1([H])O[H]>>[H]OC(=O)C([H])([H])[C@]([H])(O[C:8]([C:7])=[O:9])C(=O)O[H],EVODEX-P11943
EVODEX-N4255,[H]/C(=C(\C(=O)[S:7][C:8])C([H])([H])[H])C([H])([H])[H]>>[H][S:7][C:8],EVODEX-P11946
EVODEX-N4256,[H][O:69][C:68]>>[H]/C(=C(\C(=O)[O:69][C:68])C([H])([H])[H])C([H])([H])[H],"EVODEX-P11948,EVODEX-P11953"
EVODEX-N4257,[H]O[C@]1([H])[C@]([H])(OP(=O)(O[H])O[H])[C@@]([H])(C([H])([H])OP(=O)(O[H])OP(=O)(O[H])OC([H])([H])C(C([H])([H])[H])(C([H])([H])[H])[C@@]([H])(O[H])C(=O)N([H])C([H])([H])C([H])([H])C(=O)N([H])C([H])([H])C([H])([H])S[C:5]([C:3])=[O:6])O[C@@]1([H])N1:C([H]):N:C2:C(N([H])[H]):N:C([H]):N:C:2:1>>[H]C1=C([H])N2C([H])([H])[C@]3([H])C([H])([H])[C@@]([H])(C([H])([H])N4C([H])([H])C([H])([H])[C@]([H])(O[C:5]([C:3])=[O:6])C([H])([H])[C@]43[H])[C@@]2([H])C([H])([H])C1=O,EVODEX-P11949
EVODEX-N4258,>>[H]C1=C([H])N2C([H])([H])[C@]3([H])C([H])([H])[C@@]([H])(C([H])([H])N4C([H])([H])C([H])([H])[C@]([H])(O)C([H])([H])[C@]43[H])[C@@]2([H])C([H])([H])C1=O.[H],EVODEX-P11950
EVODEX-N4259,[H]O[C@]1([H])[C@]([H])(OP(=O)(O[H])O[H])[C@@]([H])(C([H])([H])OP(=O)(O[H])OP(=O)(O[H])OC([H])([H])C(C([H])([H])[H])(C([H])([H])[H])[C@@]([H])(O[H])C(=O)N([H])C([H])([H])C([H])([H])C(=O)N([H])C([H])([H])C([H])([H])S[C:5]([C:3])=[O:6])O[C@@]1([H])N1:C([H]):N:C2:C(N([H])[H]):N:C([H]):N:C:2:1>>[H]C1([H])C(=O)N2C([H])([H])[C@]3([H])C([H])([H])[C@@]([H])(C([H])([H])N4C([H])([H])C([H])([H])[C@]([H])(O[C:5]([C:3])=[O:6])C([H])([H])[C@]43[H])[C@@]2([H])C([H])([H])C1([H])[H],EVODEX-P11954
EVODEX-N4260,>>[H]C1([H])C(=O)N2C([H])([H])[C@]3([H])C([H])([H])[C@@]([H])(C([H])([H])N4C([H])([H])C([H])([H])[C@]([H])(O)C([H])([H])[C@]43[H])[C@@]2([H])C([H])([H])C1([H])[H].[H],EVODEX-P11955
EVODEX-N4261,[H]O[C@]1([H])[C@]([H])(OP(=O)(O[H])O[H])[C@@]([H])(C([H])([H])OP(=O)(O[H])OP(=O)(O[H])OC([H])([H])C(C([H])([H])[H])(C([H])([H])[H])[C@@]([H])(O[H])C(=O)N([H])C([H])([H])C([H])([H])C(=O)N([H])C([H])([H])C([H])([H])S[C:14]([C:13])=[O:15])O[C@@]1([H])N1:C([H]):N:C2:C(N([H])[H]):N:C([H]):N:C:2:1>>[H]OC(=O)C([H])([H])[C@@]([H])(C(=O)N1C([H])([H])C([H])([H])C([H])([H])[C@@]1([H])C(=O)O[H])N([H])C(=O)[C@@]([H])(N([H])C(=O)[C@@]([H])(N([H])C(=O)[C@@]([H])(N([H])C(=O)[C@@]1([H])N(C(=O)[C@@]([H])(N([H])C(=O)[C@@]([H])(N([H])C(=O)[C@@]([H])(N([H])C(=O)C([H])([H])N([H])[C:14]([C:13])=[O:15])C([H])([H])O[H])C([H])([H])O[H])C([H])([H])C([H])([H])C([H])([H])C([H])([H])N([H])[H])C([H])([H])C([H])([H])C1([H])[H])C([H])([H])C([H])([H])C([H])([H])C([H])([H])N([H])[H])C([H])([H])C(=O)O[H])C([H])([H])C([H])([H])C([H])([H])C([H])([H])N([H])[H],EVODEX-P11959
EVODEX-N4262,>>[H]NC([H])([H])C(=O)N([H])[C@]([H])(C(=O)N([H])[C@]([H])(C(=O)N([H])[C@]([H])(C(=O)N1C([H])([H])C([H])([H])C([H])([H])[C@@]1([H])C(=O)N([H])[C@]([H])(C(=O)N([H])[C@]([H])(C(=O)N([H])[C@]([H])(C(=O)N([H])[C@]([H])(C(=O)N1C([H])([H])C([H])([H])C([H])([H])[C@@]1([H])C(=O)O[H])C([H])([H])C(=O)O[H])C([H])([H])C([H])([H])C([H])([H])C([H])([H])N([H])[H])C([H])([H])C(=O)O[H])C([H])([H])C([H])([H])C([H])([H])C([H])([H])N([H])[H])C([H])([H])C([H])([H])C([H])([H])C([H])([H])N([H])[H])C([H])([H])O[H])C([H])([H])O[H].[H],EVODEX-P11960
EVODEX-N4263,[H]O[C@]1([H])[C@]([H])(OP(=O)(O[H])O[H])[C@@]([H])(C([H])([H])OP(=O)(O[H])OP(=O)(O[H])OC([H])([H])C(C([H])([H])[H])(C([H])([H])[H])[C@@]([H])(O[H])C(=O)N([H])C([H])([H])C([H])([H])C(=O)N([H])C([H])([H])C([H])([H])S[C:71]([C:70])=[O:72])O[C@@]1([H])N1:C([H]):N:C2:C(N([H])[H]):N:C([H]):N:C:2:1>>[H]OC(=O)[C@@]([H])(N([H])C(=O)[C@@]1([H])N(C(=O)[C@@]([H])(N([H])C(=O)[C@@]([H])(N([H])C(=O)[C@@]([H])(N([H])C(=O)[C@@]([H])(N([H])C(=O)[C@@]([H])(N([H])C(=O)C([H])([H])N([H])[C:71]([C:70])=[O:72])C([H])([H])C([H])([H])C(=O)N([H])[H])[C@]([H])(O[H])C([H])([H])[H])C([H])(C([H])([H])[H])C([H])([H])[H])[C@]([H])(O[H])C([H])([H])[H])[C@]([H])(O[H])C([H])([H])[H])C([H])([H])C([H])([H])C1([H])[H])C([H])([H])C([H])(C([H])([H])[H])C([H])([H])[H],EVODEX-P11963
EVODEX-N4264,>>[H]NC([H])([H])C(=O)N([H])[C@]([H])(C(=O)N([H])[C@]([H])(C(=O)N([H])[C@]([H])(C(=O)N([H])[C@]([H])(C(=O)N([H])[C@]([H])(C(=O)N1C([H])([H])C([H])([H])C([H])([H])[C@@]1([H])C(=O)N([H])[C@]([H])(C(=O)O[H])C([H])([H])C([H])(C([H])([H])[H])C([H])([H])[H])[C@]([H])(O[H])C([H])([H])[H])[C@]([H])(O[H])C([H])([H])[H])C([H])(C([H])([H])[H])C([H])([H])[H])[C@]([H])(O[H])C([H])([H])[H])C([H])([H])C([H])([H])C(=O)N([H])[H].[H],EVODEX-P11965
EVODEX-N4265,[H]OC(=O)[C@@]1(O[H])C([H])([H])[C@@]([H])(O[H])[C@]([H])(O[H])[C@]([H])(O[C:2](=[O:1])[C:3])C1([H])[H].[H][O:28][C:27]>>[O:1]=[C:2]([C:3])[O:28][C:27],EVODEX-P11968
EVODEX-N4266,[H]OC(=O)[C@@]1(O[H])C([H])([H])[C@@]([H])(O[H])[C@]([H])(O[H])[C@]([H])(O[C:2](=[O:1])[C:3])C1([H])[H]>>[H]OC(=O)[C@]([H])(O[H])[C@@]([H])(O[H])[C@]([H])(O[H])[C@]([H])(O[H])C(=O)O[C:2](=[O:1])[C:3],EVODEX-P11970
EVODEX-N4267,>>[H]OC(=O)[C@]([H])(O[H])[C@@]([H])(O[H])[C@]([H])(O[H])[C@]([H])(O[H])C(O)=O.[H],"EVODEX-P11971,EVODEX-P11976,EVODEX-P12171,EVODEX-P12176,EVODEX-P12181"
EVODEX-N4268,[O:1]=[C:2]([C:3])[O:13].[H][C@:29]([C:27])([O:30])[C:31]>>[O:1]=[C:2]([C:3])[C@@:29]([C:27])([O:30])[C:31].[H][O:13],EVODEX-P11972
EVODEX-N4269,[H]OC(=O)[C@@]1(O[H])C([H])([H])[C@@]([H])(O[H])[C@]([H])(O[H])[C@]([H])(O[C:2](=[O:1])[C:3])C1([H])[H].[H][C@:29]([C:27])([O:30])[C:31]>>[O:1]=[C:2]([C:3])[C@@:29]([C:27])([O:30])[C:31],EVODEX-P11973
EVODEX-N4270,[H][C@:29]([C:27])([O:30])[C:31]>>[H]OC1:C([H]):C([H]):C(/C([H])=C(\[H])C(=O)[C@@:29]([C:27])([O:30])[C:31]):C([H]):C:1O[H],EVODEX-P11974
EVODEX-N4271,[H]OC(=O)[C@@]1(O[H])C([H])([H])[C@@]([H])(O[H])[C@]([H])(O[H])[C@]([H])(O[C:2](=[O:1])[C:3])C1([H])[H]>>[H]OC(=O)[C@@]([H])(O[H])[C@@]([H])(O[H])[C@]([H])(O[H])[C@@](O[H])(C(=O)O[H])[C:2](=[O:1])[C:3],EVODEX-P11975
EVODEX-N4272,[H][O:67][C:66]>>[H]OC1:C([H]):C([H]):C(/C([H])=C(\[H])C(=O)[O:67][C:66]):C([H]):C:1[H],"EVODEX-P11979,EVODEX-P12015,EVODEX-P12179,EVODEX-P12189,EVODEX-P12194,EVODEX-P12627,EVODEX-P12632"
EVODEX-N4273,[H]O[C@]1([H])[C@]([H])(OP(=O)(O[H])O[H])[C@@]([H])(C([H])([H])OP(=O)(O[H])OP(=O)(O[H])OC([H])([H])C(C([H])([H])[H])(C([H])([H])[H])[C@@]([H])(O[H])C(=O)N([H])C([H])([H])C([H])([H])C(=O)N([H])C([H])([H])C([H])([H])S[C:49](=[O:50])[C:51])O[C@@]1([H])N1:C([H]):N:C2:C(N([H])[H]):N:C([H]):N:C:2:1>>[H]OC(=O)[C@]1(O[H])C([H])([H])[C@@]([H])(O[H])[C@@]([H])(O[H])[C@]([H])(O[C:49](=[O:50])[C:51])C1([H])[H],EVODEX-P11980
EVODEX-N4274,>>[H]OC(=O)[C@@]1(O[H])C([H])([H])[C@@]([H])(O)[C@]([H])(O[H])[C@]([H])(O[H])C1([H])[H].[H],EVODEX-P11981
EVODEX-N4275,[H]OC1:C([H]):C([H]):C(/C([H])=C(\[H])C(=O)[O:60][C:61]):C([H]):C:1[H]>>[H][O:60][C:61],"EVODEX-P11983,EVODEX-P12198,EVODEX-P21321"
EVODEX-N4276,[H][S:48][C:47].[H]OC(=O)[C@]1(O[H])C([H])([H])[C@@]([H])(O[H])[C@@]([H])(O[H])[C@]([H])(O[C:50](=[O:49])[C:51])C1([H])[H]>>[C:47][S:48][C:50](=[O:49])[C:51],EVODEX-P11984
EVODEX-N4277,[H]OC(=O)[C@]1(O[H])C([H])([H])[C@@]([H])(O[H])[C@@]([H])(O[H])[C@]([H])(O[C:50](=[O:49])[C:51])C1([H])[H]>>[H]O[C@]1([H])[C@]([H])(OP(=O)(O[H])O[H])[C@@]([H])(C([H])([H])OP(=O)(O[H])OP(=O)(O[H])OC([H])([H])C(C([H])([H])[H])(C([H])([H])[H])[C@@]([H])(O[H])C(=O)N([H])C([H])([H])C([H])([H])C(=O)N([H])C([H])([H])C([H])([H])S[C:50](=[O:49])[C:51])O[C@@]1([H])N1:C([H]):N:C2:C(N([H])[H]):N:C([H]):N:C:2:1,EVODEX-P11985
EVODEX-N4278,[H][S:48][C:47]>>[H]OC1:C([H]):C([H]):C(/C([H])=C(\[H])C(=O)[S:48][C:47]):C([H]):C:1[H],EVODEX-P11986
EVODEX-N4279,[H][N:12]([C:11])[C:13].[H]OC(=O)C([H])([H])C([H])([H])[C@@]([H])(C(=O)O[H])[C@@]([H])(C(=O)O[H])C([H])([H])C([H])([H])C(=O)N([H])[C@]([H])(C(=O)O[H])C([H])([H])C([H])([H])C(=O)N([H])[C@]([H])(C(=O)O[H])C([H])([H])C([H])([H])C(=O)N([H])C([H])([H])C([H])([H])C1:C([H]):C([H]):C(OC([H])([H])C2:C([H]):O:C(C([H])([H])N([H])[C:55](=[O:54])[H:154]):C:2[H]):C([H]):C:1[H]>>[C:11][N:12]([C:13])[C:55](=[O:54])[H:154],EVODEX-P11990
EVODEX-N4280,[H]OC(=O)C([H])([H])C([H])([H])[C@@]([H])(C(=O)O[H])[C@@]([H])(C(=O)O[H])C([H])([H])C([H])([H])C(=O)N([H])[C@]([H])(C(=O)O[H])C([H])([H])C([H])([H])C(=O)N([H])[C@]([H])(C(=O)O[H])C([H])([H])C([H])([H])C(=O)N([H])C([H])([H])C([H])([H])C1:C([H]):C([H]):C(OC([H])([H])C2:C([H]):O:C(C([H])([H])N([H])[C:55](=[O:54])[H:154]):C:2[H]):C([H]):C:1[H]>>[H]OC(=O)C([H])([H])C([H])([H])[C@]([H])(OP(=O)(O[H])OC([H])([H])[C@@]1([H])O[C@]([H])(OC([H])([H])[C@@]([H])(O[H])[C@@]([H])(O[H])[C@@]([H])(O[H])C([H])([H])C2:C([H]):C([H]):C(N([H])[C@]([H])(C([H])([H])[H])[C@]3([H])N([C:55](=[O:54])[H:154])C4:C(:N:C(N([H])[H]):N([H]):C:4=O)N([H])[C@@]3([H])C([H])([H])[H]):C([H]):C:2[H])[C@]([H])(O[H])[C@]1([H])O[H])C(=O)O[H],EVODEX-P11991
EVODEX-N4281,[H]OC(=O)C([H])([H])C([H])([H])[C@]([H])(OP(=O)(O[H])OC([H])([H])[C@@]1([H])O[C@]([H])(OC([H])([H])[C@@]([H])(O[H])[C@@]([H])(O[H])[C@@]([H])(O[H])C([H])([H])C2:C([H]):C([H]):C(N([H])[C@]([H])(C([H])([H])[H])[C@]3([H])N([C:13](=[O:14])[H:117])C4:C(:N:C(N([H])[H]):N([H]):C:4=O)N([H])[C@@]3([H])C([H])([H])[H]):C([H]):C:2[H])[C@]([H])(O[H])[C@]1([H])O[H])C(=O)O[H].[H][N:56]([C:57])[H:154]>>[C:13](=[O:14])([N:56]([C:57])[H:154])[H:117],EVODEX-P11995
EVODEX-N4282,[H]OC(=O)C([H])([H])C([H])([H])[C@]([H])(OP(=O)(O[H])OC([H])([H])[C@@]1([H])O[C@]([H])(OC([H])([H])[C@@]([H])(O[H])[C@@]([H])(O[H])[C@@]([H])(O[H])C([H])([H])C2:C([H]):C([H]):C(N([H])[C@]([H])(C([H])([H])[H])[C@]3([H])N([C:13](=[O:14])[H:117])C4:C(:N:C(N([H])[H]):N([H]):C:4=O)N([H])[C@@]3([H])C([H])([H])[H]):C([H]):C:2[H])[C@]([H])(O[H])[C@]1([H])O[H])C(=O)O[H]>>[H]OC(=O)C([H])([H])C([H])([H])[C@@]([H])(C(=O)O[H])[C@@]([H])(C(=O)O[H])C([H])([H])C([H])([H])C(=O)N([H])[C@]([H])(C(=O)O[H])C([H])([H])C([H])([H])C(=O)N([H])[C@]([H])(C(=O)O[H])C([H])([H])C([H])([H])C(=O)N([H])C([H])([H])C([H])([H])C1:C([H]):C([H]):C(OC([H])([H])C2:C([H]):O:C(C([H])([H])N([H])[C:13](=[O:14])[H:117]):C:2[H]):C([H]):C:1[H],EVODEX-P11997
EVODEX-N4283,>>[H].[H]NC([H])([H])C1:O:C([H]):C(C([H])([H])OC2:C([H]):C([H]):C(C([H])([H])C([H])([H])N([H])C(=O)C([H])([H])C([H])([H])[C@@]([H])(C(=O)O[H])N([H])C(=O)C([H])([H])C([H])([H])[C@@]([H])(C(=O)O[H])N([H])C(=O)C([H])([H])C([H])([H])[C@]([H])(C(=O)O[H])[C@]([H])(C(=O)O[H])C([H])([H])C([H])([H])C(=O)O[H]):C([H]):C:2[H]):C:1[H],EVODEX-P11999
EVODEX-N4284,[C:1][C:2](=[O:3])[S:4].[H][N:58]([C:57])[O:59]>>[C:1][C:2](=[O:3])[N:58]([C:57])[O:59].[H][S:4],"EVODEX-P12000,EVODEX-P12005"
EVODEX-N4285,[H]O[C@]1([H])[C@]([H])(OP(=O)(O[H])O[H])[C@@]([H])(C([H])([H])OP(=O)(O[H])OP(=O)(O[H])OC([H])([H])C(C([H])([H])[H])(C([H])([H])[H])[C@@]([H])(O[H])C(=O)N([H])C([H])([H])C([H])([H])C(=O)N([H])C([H])([H])C([H])([H])S[C:2]([C:1])=[O:3])O[C@@]1([H])N1:C([H]):N:C2:C(N([H])[H]):N:C([H]):N:C:2:1.[H][N:58]([C:57])[O:59]>>[C:1][C:2](=[O:3])[N:58]([C:57])[O:59],"EVODEX-P12001,EVODEX-P12006"
EVODEX-N4286,[H][N:58]([C:57])[O:59]>>[H]C([H])([H])C(=O)[N:58]([C:57])[O:59],"EVODEX-P12002,EVODEX-P12007"
EVODEX-N4287,[H]O[C@]1([H])[C@]([H])(OP(=O)(O[H])O[H])[C@@]([H])(C([H])([H])OP(=O)(O[H])OP(=O)(O[H])OC([H])([H])C(C([H])([H])[H])(C([H])([H])[H])[C@@]([H])(O[H])C(=O)N([H])C([H])([H])C([H])([H])C(=O)N([H])C([H])([H])C([H])([H])S[C:2]([C:1])=[O:3])O[C@@]1([H])N1:C([H]):N:C2:C(N([H])[H]):N:C([H]):N:C:2:1>>[H]OC(=O)[C@@]([H])(N([H])[H])C([H])([H])C([H])([H])C([H])([H])C([H])([H])N(O[H])[C:2]([C:1])=[O:3],EVODEX-P12003
EVODEX-N4288,>>[H]ONC([H])([H])C([H])([H])C([H])([H])C([H])([H])[C@@]([H])(C(=O)O[H])N([H])[H].[H],EVODEX-P12004
EVODEX-N4289,[H]O[C@]1([H])[C@]([H])(OP(=O)(O[H])O[H])[C@@]([H])(C([H])([H])OP(=O)(O[H])OP(=O)(O[H])OC([H])([H])C(C([H])([H])[H])(C([H])([H])[H])[C@@]([H])(O[H])C(=O)N([H])C([H])([H])C([H])([H])C(=O)N([H])C([H])([H])C([H])([H])S[C:2]([C:1])=[O:3])O[C@@]1([H])N1:C([H]):N:C2:C(N([H])[H]):N:C([H]):N:C:2:1>>[H]OC(=O)[C@@]([H])(N([H])[H])C([H])([H])C([H])([H])C([H])([H])N(O[H])[C:2]([C:1])=[O:3],EVODEX-P12008
EVODEX-N4290,>>[H]ONC([H])([H])C([H])([H])C([H])([H])[C@@]([H])(C(=O)O[H])N([H])[H].[H],EVODEX-P12009
EVODEX-N4291,[H][O:23][C:22].[O:24]=[C:25]([C:26])[C:35]>>[H][C:35].[C:22][O:23][C:25](=[O:24])[C:26],EVODEX-P12012
EVODEX-N4292,[H][O:23][C:22].[H]OC([H])([H])[C@@]1([H])O[C@](O[H])([C:25](=[O:24])[C:26])[C@]([H])(O[H])[C@@]([H])(O[H])[C@]1([H])O[H]>>[C:22][O:23][C:25](=[O:24])[C:26],EVODEX-P12013
EVODEX-N4293,[H]OC([H])([H])[C@@]1([H])O[C@](O[H])([C:25](=[O:24])[C:26])[C@]([H])(O[H])[C@@]([H])(O[H])[C@]1([H])O[H]>>[H]OC1:C([H]):C([H]):C(/C([H])=C(\[H])C(=O)O[C@]2([H])O[C@]([H])(C([H])([H])O[H])[C@@]([H])(O[H])[C@]([H])(O[H])[C@@]2([H])O[C:25](=[O:24])[C:26]):C([H]):C:1[H],EVODEX-P12014
EVODEX-N4294,[H]OC1:C([H]):C([H]):C(/C([H])=C(\[H])C(=O)[C@@:35]([O:36])([O:37])[C:45]):C([H]):C:1[H]>>[H][C:35]([O:36])([O:37])[C:45],EVODEX-P12016
EVODEX-N4295,>>[H].[H]OC1:C([H]):C([H]):C(/C([H])=C(\[H])C(=O)O[C@]2([H])O[C@]([H])(C([H])([H])O[H])[C@@]([H])(O[H])[C@]([H])(O[H])[C@@]2([H])O):C([H]):C:1[H],EVODEX-P12017
EVODEX-N4296,[S:48][C:49](=[O:50])[C:51].[H][C:63]([C:61])([O:64])[C:65]>>[C:49](=[O:50])([C:51])[C:63]([C:61])([O:64])[C:65].[H][S:48],"EVODEX-P12018,EVODEX-P12212"
EVODEX-N4297,[H]O[C@]1([H])[C@]([H])(OP(=O)(O[H])O[H])[C@@]([H])(C([H])([H])OP(=O)(O[H])OP(=O)(O[H])OC([H])([H])C(C([H])([H])[H])(C([H])([H])[H])[C@@]([H])(O[H])C(=O)N([H])C([H])([H])C([H])([H])C(=O)N([H])C([H])([H])C([H])([H])S[C:49](=[O:50])[C:51])O[C@@]1([H])N1:C([H]):N:C2:C(N([H])[H]):N:C([H]):N:C:2:1.[H][C:63]([C:61])([O:64])[C:65]>>[C:49](=[O:50])([C:51])[C:63]([C:61])([O:64])[C:65],"EVODEX-P12019,EVODEX-P12213"
EVODEX-N4298,[H][C:63]([C:61])([O:64])[C:65]>>[H]OC1:C([H]):C([H]):C(/C([H])=C(\[H])C(=O)[C:63]([C:61])([O:64])[C:65]):C([H]):C:1[H],EVODEX-P12020
EVODEX-N4299,[H]O[C@]1([H])[C@]([H])(OP(=O)(O[H])O[H])[C@@]([H])(C([H])([H])OP(=O)(O[H])OP(=O)(O[H])OC([H])([H])C(C([H])([H])[H])(C([H])([H])[H])[C@@]([H])(O[H])C(=O)N([H])C([H])([H])C([H])([H])C(=O)N([H])C([H])([H])C([H])([H])S[C:49](=[O:50])[C:51])O[C@@]1([H])N1:C([H]):N:C2:C(N([H])[H]):N:C([H]):N:C:2:1>>[H]OC(=O)C(O[H])(C(=O)O[H])[C:49](=[O:50])[C:51],EVODEX-P12021
EVODEX-N4300,>>[H]OC(C(=O)O[H])C(=O)O[H].[H],EVODEX-P12022
EVODEX-N4301,[H]OC1:C([H]):C([H]):C(/C([H])=C(\[H])C(=O)[C:52]([C:50])([O:53])[C:54]):C([H]):C:1[H]>>[H][C:52]([C:50])([O:53])[C:54],EVODEX-P12024
EVODEX-N4302,[H][S:48][C:47].[H]OC(=O)C(O[H])(C(=O)O[H])[C:57](=[O:58])[C:59]>>[C:47][S:48][C:57](=[O:58])[C:59],EVODEX-P12025
EVODEX-N4303,[H]OC(=O)C(O[H])(C(=O)O[H])[C:57](=[O:58])[C:59]>>[H]O[C@]1([H])[C@]([H])(OP(=O)(O[H])O[H])[C@@]([H])(C([H])([H])OP(=O)(O[H])OP(=O)(O[H])OC([H])([H])C(C([H])([H])[H])(C([H])([H])[H])[C@@]([H])(O[H])C(=O)N([H])C([H])([H])C([H])([H])C(=O)N([H])C([H])([H])C([H])([H])S[C:57](=[O:58])[C:59])O[C@@]1([H])N1:C([H]):N:C2:C(N([H])[H]):N:C([H]):N:C:2:1,EVODEX-P12026
EVODEX-N4304,[H]O[C@]1([H])[C@]([H])(OP(=O)(O[H])O[H])[C@@]([H])(C([H])([H])OP(=O)(O[H])OP(=O)(O[H])OC([H])([H])C(C([H])([H])[H])(C([H])([H])[H])[C@@]([H])(O[H])C(=O)N([H])C([H])([H])C([H])([H])C(=O)N([H])C([H])([H])C([H])([H])S[C:2]([C:1])=[O:3])O[C@@]1([H])N1:C([H]):N:C2:C(N([H])[H]):N:C([H]):N:C:2:1>>[H]O[C@]1(C(=O)OC([H])([H])[H])[C@]([H])(O[C:2]([C:1])=[O:3])[C@]2(C([H])([H])C([H])([H])[H])C([H])=C([H])C([H])([H])N3C([H])([H])C([H])([H])[C@@]4(C5:C([H]):C([H]):C(OC([H])([H])[H]):C([H]):C:5N(C([H])([H])[H])[C@@]14[H])[C@@]32[H],EVODEX-P12031
EVODEX-N4305,>>[H]O[C@]1(C(=O)OC([H])([H])[H])[C@]([H])(O)[C@]2(C([H])([H])C([H])([H])[H])C([H])=C([H])C([H])([H])N3C([H])([H])C([H])([H])[C@@]4(C5:C([H]):C([H]):C(OC([H])([H])[H]):C([H]):C:5N(C([H])([H])[H])[C@@]14[H])[C@@]32[H].[H],EVODEX-P12032
EVODEX-N4306,[H][S:48][C:47].[H]O[C@]1(C(=O)OC([H])([H])[H])[C@]([H])(O[C:78]([C:79])=[O:80])[C@]2(C([H])([H])C([H])([H])[H])C([H])=C([H])C([H])([H])N3C([H])([H])C([H])([H])[C@@]4(C5:C([H]):C([H]):C(OC([H])([H])[H]):C([H]):C:5N(C([H])([H])[H])[C@@]14[H])[C@@]32[H]>>[C:47][S:48][C:78]([C:79])=[O:80],EVODEX-P12035
EVODEX-N4307,[H]O[C@]1(C(=O)OC([H])([H])[H])[C@]([H])(O[C:78]([C:79])=[O:80])[C@]2(C([H])([H])C([H])([H])[H])C([H])=C([H])C([H])([H])N3C([H])([H])C([H])([H])[C@@]4(C5:C([H]):C([H]):C(OC([H])([H])[H]):C([H]):C:5N(C([H])([H])[H])[C@@]14[H])[C@@]32[H]>>[H]O[C@]1([H])[C@]([H])(OP(=O)(O[H])O[H])[C@@]([H])(C([H])([H])OP(=O)(O[H])OP(=O)(O[H])OC([H])([H])C(C([H])([H])[H])(C([H])([H])[H])[C@@]([H])(O[H])C(=O)N([H])C([H])([H])C([H])([H])C(=O)N([H])C([H])([H])C([H])([H])S[C:78]([C:79])=[O:80])O[C@@]1([H])N1:C([H]):N:C2:C(N([H])[H]):N:C([H]):N:C:2:1,EVODEX-P12036
EVODEX-N4308,[H][N:64]([C:63])[H:119]>>[H]OC(=O)C([H])([H])C([H])([H])C(=O)[N:64]([C:63])[H:119],"EVODEX-P12040,EVODEX-P12045,EVODEX-P12105,EVODEX-P12110"
EVODEX-N4309,[H]O[C@]1([H])[C@]([H])(OP(=O)(O[H])O[H])[C@@]([H])(C([H])([H])OP(=O)(O[H])OP(=O)(O[H])OC([H])([H])C(C([H])([H])[H])(C([H])([H])[H])[C@@]([H])(O[H])C(=O)N([H])C([H])([H])C([H])([H])C(=O)N([H])C([H])([H])C([H])([H])S[C:49](=[O:50])[C:51])O[C@@]1([H])N1:C([H]):N:C2:C(N([H])[H]):N:C([H]):N:C:2:1>>[H]N=C(N([H])[H])N([H])C([H])([H])C([H])([H])C([H])([H])[C@@]([H])(C(=O)O[H])N([H])[C:49](=[O:50])[C:51],EVODEX-P12041
EVODEX-N4310,>>[H]N[C@]([H])(C(=O)O[H])C([H])([H])C([H])([H])C([H])([H])N([H])C(=N[H])N([H])[H].[H],"EVODEX-P12042,EVODEX-P19334,EVODEX-P33116"
EVODEX-N4311,[H]O[C@]1([H])[C@]([H])(OP(=O)(O[H])O[H])[C@@]([H])(C([H])([H])OP(=O)(O[H])OP(=O)(O[H])OC([H])([H])C(C([H])([H])[H])(C([H])([H])[H])[C@@]([H])(O[H])C(=O)N([H])C([H])([H])C([H])([H])C(=O)N([H])C([H])([H])C([H])([H])S[C:49](=[O:50])[C:51])O[C@@]1([H])N1:C([H]):N:C2:C(N([H])[H]):N:C([H]):N:C:2:1>>[H]OC(=O)[C@@]([H])(N([H])[C:49](=[O:50])[C:51])C([H])([H])C([H])([H])C([H])([H])N([H])[H],EVODEX-P12046
EVODEX-N4312,[H]O[C@]1([H])[C@]([H])(OP(=O)(O[H])O[H])[C@@]([H])(C([H])([H])OP(=O)(O[H])OP(=O)(O[H])OC([H])([H])C(C([H])([H])[H])(C([H])([H])[H])[C@@]([H])(O[H])C(=O)N([H])C([H])([H])C([H])([H])C(=O)N([H])C([H])([H])C([H])([H])S[C:8]([C:7])=[O:9])O[C@@]1([H])N1:C([H]):N:C2:C(N([H])[H]):N:C([H]):N:C:2:1>>[H]OC1:C([H]):C([H]):C(C([H])([H])C([H])([H])N([H])[C:8]([C:7])=[O:9]):C([H]):C:1[H],"EVODEX-P12051,EVODEX-P12056"
EVODEX-N4313,>>[H]NC([H])([H])C([H])([H])C1:C([H]):C([H]):C(O[H]):C([H]):C:1[H].[H],"EVODEX-P12052,EVODEX-P12057"
EVODEX-N4314,[H][N:64]([C:65])[H:120]>>[H]OC1:C(OC([H])([H])[H]):C([H]):C(/C([H])=C(\[H])C(=O)[N:64]([C:65])[H:120]):C([H]):C:1OC([H])([H])[H],EVODEX-P12055
EVODEX-N4315,[H][N:55]([C:56])[H:108]>>[H]OC(=O)C([H])([H])C(=O)[N:55]([C:56])[H:108],"EVODEX-P12060,EVODEX-P12065,EVODEX-P12070,EVODEX-P12075,EVODEX-P12080"
EVODEX-N4316,[H]O[C@]1([H])[C@]([H])(OP(=O)(O[H])O[H])[C@@]([H])(C([H])([H])OP(=O)(O[H])OP(=O)(O[H])OC([H])([H])C(C([H])([H])[H])(C([H])([H])[H])[C@@]([H])(O[H])C(=O)N([H])C([H])([H])C([H])([H])C(=O)N([H])C([H])([H])C([H])([H])S[C:49](=[O:50])[C:51])O[C@@]1([H])N1:C([H]):N:C2:C(N([H])[H]):N:C([H]):N:C:2:1>>[H]OC(=O)C1(N([H])[C:49](=[O:50])[C:51])C([H])([H])C1([H])[H],EVODEX-P12066
EVODEX-N4317,>>[H]NC1(C(=O)O[H])C([H])([H])C1([H])[H].[H],EVODEX-P12067
EVODEX-N4318,[H]O[C@]1([H])[C@]([H])(OP(=O)(O[H])O[H])[C@@]([H])(C([H])([H])OP(=O)(O[H])OP(=O)(O[H])OC([H])([H])C(C([H])([H])[H])(C([H])([H])[H])[C@@]([H])(O[H])C(=O)N([H])C([H])([H])C([H])([H])C(=O)N([H])C([H])([H])C([H])([H])S[C:49](=[O:50])[C:51])O[C@@]1([H])N1:C([H]):N:C2:C(N([H])[H]):N:C([H]):N:C:2:1>>[H]OC(=O)C1:C([H]):C([H]):C([H]):C([H]):C:1N([H])[C:49](=[O:50])[C:51],"EVODEX-P12071,EVODEX-P12121,EVODEX-P12266,EVODEX-P12271"
EVODEX-N4319,>>[H]NC1:C([H]):C([H]):C([H]):C([H]):C:1C(=O)O[H].[H],"EVODEX-P12072,EVODEX-P12122,EVODEX-P12267,EVODEX-P12272,EVODEX-P15505"
EVODEX-N4320,[H]O[C@]1([H])[C@]([H])(OP(=O)(O[H])O[H])[C@@]([H])(C([H])([H])OP(=O)(O[H])OP(=O)(O[H])OC([H])([H])C(C([H])([H])[H])(C([H])([H])[H])[C@@]([H])(O[H])C(=O)N([H])C([H])([H])C([H])([H])C(=O)N([H])C([H])([H])C([H])([H])S[C:49](=[O:50])[C:51])O[C@@]1([H])N1:C([H]):N:C2:C(N([H])[H]):N:C([H]):N:C:2:1>>[H]C1:C([H]):C(N([H])[C:49](=[O:50])[C:51]):C([H]):C(Cl):C:1Cl,EVODEX-P12076
EVODEX-N4321,>>[H]NC1:C([H]):C([H]):C(Cl):C(Cl):C:1[H].[H],"EVODEX-P12077,EVODEX-P13697"
EVODEX-N4322,[H]O[C@]1([H])[C@]([H])(OP(=O)(O[H])O[H])[C@@]([H])(C([H])([H])OP(=O)(O[H])OP(=O)(O[H])OC([H])([H])C(C([H])([H])[H])(C([H])([H])[H])[C@@]([H])(O[H])C(=O)N([H])C([H])([H])C([H])([H])C(=O)N([H])C([H])([H])C([H])([H])S[C:49](=[O:50])[C:51])O[C@@]1([H])N1:C([H]):N:C2:C(N([H])[H]):N:C([H]):N:C:2:1>>[H]C1:C([H]):C(N([H])[C:49](=[O:50])[C:51]):C([H]):C([H]):C:1Cl,EVODEX-P12081
EVODEX-N4323,>>[H]NC1:C([H]):C([H]):C(Cl):C([H]):C:1[H].[H],"EVODEX-P12082,EVODEX-P13702"
EVODEX-N4324,[H][O:75][C:74]>>[H]OC(=O)C([H])([H])C(=O)[O:75][C:74],"EVODEX-P12085,EVODEX-P12090,EVODEX-P12095,EVODEX-P12100,EVODEX-P12422,EVODEX-P12427,EVODEX-P12432,EVODEX-P12437,EVODEX-P12622"
EVODEX-N4325,[H]O[C@]1([H])[C@]([H])(OP(=O)(O[H])O[H])[C@@]([H])(C([H])([H])OP(=O)(O[H])OP(=O)(O[H])OC([H])([H])C(C([H])([H])[H])(C([H])([H])[H])[C@@]([H])(O[H])C(=O)N([H])C([H])([H])C([H])([H])C(=O)N([H])C([H])([H])C([H])([H])S[C:49](=[O:50])[C:51])O[C@@]1([H])N1:C([H]):N:C2:C(N([H])[H]):N:C([H]):N:C:2:1>>[H]OC1:C([H]):C([H]):C(C2:O:C3:C([H]):C(O[C@]4([H])O[C@]([H])(C([H])([H])O[C:49](=[O:50])[C:51])[C@@]([H])(O[H])[C@]([H])(O[H])[C@@]4([H])O[C@]4([H])OC([H])([H])[C@](O[H])(C([H])([H])O[H])[C@@]4([H])O[H]):C([H]):C(O[H]):C:3:C(=O):C:2[H]):C([H]):C:1[H],EVODEX-P12086
EVODEX-N4326,>>[H]OC1:C([H]):C([H]):C(C2:O:C3:C([H]):C(O[C@]4([H])O[C@]([H])(C([H])([H])O)[C@@]([H])(O[H])[C@]([H])(O[H])[C@@]4([H])O[C@]4([H])OC([H])([H])[C@](O[H])(C([H])([H])O[H])[C@@]4([H])O[H]):C([H]):C(O[H]):C:3:C(=O):C:2[H]):C([H]):C:1[H].[H],"EVODEX-P12087,EVODEX-P12092"
EVODEX-N4327,[H]O[C@]1([H])[C@]([H])(OP(=O)(O[H])O[H])[C@@]([H])(C([H])([H])OP(=O)(O[H])OP(=O)(O[H])OC([H])([H])C(C([H])([H])[H])(C([H])([H])[H])[C@@]([H])(O[H])C(=O)N([H])C([H])([H])C([H])([H])C(=O)N([H])C([H])([H])C([H])([H])S[C:49](=[O:50])[C:51])O[C@@]1([H])N1:C([H]):N:C2:C(N([H])[H]):N:C([H]):N:C:2:1>>[H]OC1:C([H]):C([H]):C(C2:O:C3:C([H]):C(O[C@]4([H])O[C@]([H])(C([H])([H])O[H])[C@@]([H])(O[H])[C@]([H])(O[H])[C@@]4([H])O[C@]4([H])OC([H])([H])[C@](O[H])(C([H])([H])O[C:49](=[O:50])[C:51])[C@]4([H])O[H]):C([H]):C(O[H]):C:3:C(=O):C:2[H]):C([H]):C:1[H],EVODEX-P12091
EVODEX-N4328,[H]O[C@]1([H])[C@]([H])(OP(=O)(O[H])O[H])[C@@]([H])(C([H])([H])OP(=O)(O[H])OP(=O)(O[H])OC([H])([H])C(C([H])([H])[H])(C([H])([H])[H])[C@@]([H])(O[H])C(=O)N([H])C([H])([H])C([H])([H])C(=O)N([H])C([H])([H])C([H])([H])S[C:49](=[O:50])[C:51])O[C@@]1([H])N1:C([H]):N:C2:C(N([H])[H]):N:C([H]):N:C:2:1>>[H]OC1:C([H]):C([H]):C(C2:O:C3:C([H]):C(O[H]):C([H]):C(O[H]):C:3:C(=O):C:2O[C@]2([H])O[C@]([H])(C([H])([H])O[C:49](=[O:50])[C:51])[C@@]([H])(O[H])[C@]([H])(O[H])[C@@]2([H])O[H]):C([H]):C:1[H],EVODEX-P12096
EVODEX-N4329,>>[H]OC1:C([H]):C([H]):C(C2:O:C3:C([H]):C(O[H]):C([H]):C(O[H]):C:3:C(=O):C:2O[C@]2([H])O[C@]([H])(C([H])([H])O)[C@@]([H])(O[H])[C@]([H])(O[H])[C@@]2([H])O[H]):C([H]):C:1[H].[H],EVODEX-P12097
EVODEX-N4330,[H]O[C@]1([H])[C@]([H])(OP(=O)(O[H])O[H])[C@@]([H])(C([H])([H])OP(=O)(O[H])OP(=O)(O[H])OC([H])([H])C(C([H])([H])[H])(C([H])([H])[H])[C@@]([H])(O[H])C(=O)N([H])C([H])([H])C([H])([H])C(=O)N([H])C([H])([H])C([H])([H])S[C:49](=[O:50])[C:51])O[C@@]1([H])N1:C([H]):N:C2:C(N([H])[H]):N:C([H]):N:C:2:1>>[H]OC1:C([H]):C([H]):C(C2:O:C3:C([H]):C(O[H]):C([H]):C(O[H]):C:3:C(=O):C:2O[C@]2([H])O[C@]([H])(C([H])([H])O[C:49](=[O:50])[C:51])[C@@]([H])(O[H])[C@]([H])(O[H])[C@@]2([H])O[H]):C([H]):C:1OC([H])([H])[H],EVODEX-P12101
EVODEX-N4331,>>[H]OC1:C([H]):C([H]):C(C2:O:C3:C([H]):C(O[H]):C([H]):C(O[H]):C:3:C(=O):C:2O[C@]2([H])O[C@]([H])(C([H])([H])O)[C@@]([H])(O[H])[C@]([H])(O[H])[C@@]2([H])O[H]):C([H]):C:1OC([H])([H])[H].[H],EVODEX-P12102
EVODEX-N4332,[H]O[C@]1([H])[C@]([H])(OP(=O)(O[H])O[H])[C@@]([H])(C([H])([H])OP(=O)(O[H])OP(=O)(O[H])OC([H])([H])C(C([H])([H])[H])(C([H])([H])[H])[C@@]([H])(O[H])C(=O)N([H])C([H])([H])C([H])([H])C(=O)N([H])C([H])([H])C([H])([H])S[C:49](=[O:50])[C:51])O[C@@]1([H])N1:C([H]):N:C2:C(N([H])[H]):N:C([H]):N:C:2:1>>[H]OC(=O)C([H])(O[H])C([H])([H])C([H])([H])C([H])([H])C([H])(C(=O)O[H])N([H])[C:49](=[O:50])[C:51],EVODEX-P12106
EVODEX-N4333,>>[H]NC([H])(C(=O)O[H])C([H])([H])C([H])([H])C([H])([H])C([H])(O[H])C(=O)O[H].[H],EVODEX-P12107
EVODEX-N4334,[H]O[C@]1([H])[C@]([H])(OP(=O)(O[H])O[H])[C@@]([H])(C([H])([H])OP(=O)(O[H])OP(=O)(O[H])OC([H])([H])C(C([H])([H])[H])(C([H])([H])[H])[C@@]([H])(O[H])C(=O)N([H])C([H])([H])C([H])([H])C(=O)N([H])C([H])([H])C([H])([H])S[C:49](=[O:50])[C:51])O[C@@]1([H])N1:C([H]):N:C2:C(N([H])[H]):N:C([H]):N:C:2:1>>[H]OC(=O)C([H])([H])C([H])([H])C([H])([H])C([H])([H])[C@@]([H])(C(=O)O[H])N([H])[C:49](=[O:50])[C:51],EVODEX-P12111
EVODEX-N4335,>>[H]N[C@]([H])(C(=O)O[H])C([H])([H])C([H])([H])C([H])([H])C([H])([H])C(=O)O[H].[H],EVODEX-P12112
EVODEX-N4336,[C:1][C:2](=[O:3])[S:4].[H][O:52][N:53]>>[C:1][C:2](=[O:3])[O:52][N:53].[H][S:4],EVODEX-P12113
EVODEX-N4337,[H]O[C@]1([H])[C@]([H])(OP(=O)(O[H])O[H])[C@@]([H])(C([H])([H])OP(=O)(O[H])OP(=O)(O[H])OC([H])([H])C(C([H])([H])[H])(C([H])([H])[H])[C@@]([H])(O[H])C(=O)N([H])C([H])([H])C([H])([H])C(=O)N([H])C([H])([H])C([H])([H])S[C:2]([C:1])=[O:3])O[C@@]1([H])N1:C([H]):N:C2:C(N([H])[H]):N:C([H]):N:C:2:1.[H][O:52][N:53]>>[C:1][C:2](=[O:3])[O:52][N:53],EVODEX-P12114
EVODEX-N4338,[H][O:52][N:53]>>[H]C([H])([H])C(=O)[O:52][N:53],EVODEX-P12115
EVODEX-N4339,[H]O[C@]1([H])[C@]([H])(OP(=O)(O[H])O[H])[C@@]([H])(C([H])([H])OP(=O)(O[H])OP(=O)(O[H])OC([H])([H])C(C([H])([H])[H])(C([H])([H])[H])[C@@]([H])(O[H])C(=O)N([H])C([H])([H])C([H])([H])C(=O)N([H])C([H])([H])C([H])([H])S[C:2]([C:1])=[O:3])O[C@@]1([H])N1:C([H]):N:C2:C(N([H])[H]):N:C([H]):N:C:2:1>>[H]C1:C([H]):C([H]):C(N([H])O[C:2]([C:1])=[O:3]):C([H]):C:1[H],EVODEX-P12116
EVODEX-N4340,>>[H]C1:C([H]):C([H]):C(N([H])O):C([H]):C:1[H].[H],EVODEX-P12117
EVODEX-N4341,[H][C:1]([H])([H])[C:2]([H])([H])[C:3]([H])([H])[C:4]([H])([H])[C:5]([H])([H])[C:6]([H])([H])[C:7]([H])([H])[C:8]([H])([H])[C:9]([H])([H])[C:10]([H])([H])[C:11]([H])([H])[C:12]([H])([H])[C:13]([H])([H])[C:14]([H])([H])[C:15]([H])([H])[C:16][O:18][C:19]([H])([H])[C@@:20]1([H])[O:21][C@:22]([H])([O:23][C@@:24]2([H])[O:25][C@:26]([H])([C:27]([H])([H])[O:28][H])[C@@:29]([H])([O:30][H])[C@:31]([H])([O:32][H])[C@@:33]2([H])[O:34][H])[C@:35]([H])([O:36][H])[C@@:37]([H])([O:38][H])[C@:39]1([H])[O:40][H].[H][O:41][C:42]([H])([H])[C@@:43]1([H])[O:44][C@:45]([H])([O:46][C@@:47]2([H])[O:48][C@:49]([H])([C:50]([H])([H])[O:51][H])[C@@:52]([H])([O:53][H])[C@:54]([H])([O:55][H])[C@@:56]2([H])[O:57][H])[C@:58]([H])([O:59][H])[C@@:60]([H])([O:61][H])[C@:62]1([H])[O:63][H]>>[H][C:1]([H])([H])[C:2]([H])([H])[C:3]([H])([H])[C:4]([H])([H])[C:5]([H])([H])[C:6]([H])([H])[C:7]([H])([H])[C:8]([H])([H])[C:9]([H])([H])[C:10]([H])([H])[C:11]([H])([H])[C:12]([H])([H])[C:13]([H])([H])[C:14]([H])([H])[C:15]([H])([H])[C:16][O:18][C:19]([H])([H])[C@@:20]1([H])[O:21][C@:22]([H])([O:23][C@@:24]2([H])[O:25][C@:26]([H])([C:27]([H])([H])[O:28][H])[C@@:29]([H])([O:30][H])[C@:31]([H])([O:32][H])[C@@:33]2([H])[O:34][H])[C@:35]([H])([O:36][H])[C@@:37]([H])([O:38][H])[C@:39]1([H])[O:40][H].[H][O:41][C:42]([H])([H])[C@@:43]1([H])[O:44][C@:45]([H])([O:46][C@@:47]2([H])[O:48][C@:49]([H])([C:50]([H])([H])[O:51][H])[C@@:52]([H])([O:53][H])[C@:54]([H])([O:55][H])[C@@:56]2([H])[O:57][H])[C@:58]([H])([O:59][H])[C@@:60]([H])([O:61][H])[C@:62]1([H])[O:63][H],EVODEX-P12123
EVODEX-N4342,[H][O:41][C:42]([H])([H])[C@@:43]1([H])[O:44][C@:45]([H])([O:46][C@@:47]2([H])[O:48][C@:49]([H])([C:50]([H])([H])[O:51][H])[C@@:52]([H])([O:53][H])[C@:54]([H])([O:55][H])[C@@:56]2([H])[O:57][H])[C@:58]([H])([O:59][H])[C@@:60]([H])([O:61][H])[C@:62]1([H])[O:63][H]>>[H][O:41][C:42]([H])([H])[C@@:43]1([H])[O:44][C@:45]([H])([O:46][C@@:47]2([H])[O:48][C@:49]([H])([C:50]([H])([H])[O:51][H])[C@@:52]([H])([O:53][H])[C@:54]([H])([O:55][H])[C@@:56]2([H])[O:57][H])[C@:58]([H])([O:59][H])[C@@:60]([H])([O:61][H])[C@:62]1([H])[O:63][H],EVODEX-P12124
EVODEX-N4343,[H][C:1]([H])([H])[C:2]([H])([H])[C:3]([H])([H])[C:4]([H])([H])[C:5]([H])([H])[C:6]([H])([H])[C:7]([H])([H])[C:8]([H])([H])[C:9]([H])([H])[C:10]([H])([H])[C:11]([H])([H])[C:12]([H])([H])[C:13]([H])([H])[C:14]([H])([H])[C:15]([H])([H])[C:16][O:18][C:19]([H])([H])[C@@:20]1([H])[O:21][C@:22]([H])([O:23][C@@:24]2([H])[O:25][C@:26]([H])([C:27]([H])([H])[O:28][H])[C@@:29]([H])([O:30][H])[C@:31]([H])([O:32][H])[C@@:33]2([H])[O:34][H])[C@:35]([H])([O:36][H])[C@@:37]([H])([O:38][H])[C@:39]1([H])[O:40][H]>>[H][C:1]([H])([H])[C:2]([H])([H])[C:3]([H])([H])[C:4]([H])([H])[C:5]([H])([H])[C:6]([H])([H])[C:7]([H])([H])[C:8]([H])([H])[C:9]([H])([H])[C:10]([H])([H])[C:11]([H])([H])[C:12]([H])([H])[C:13]([H])([H])[C:14]([H])([H])[C:15]([H])([H])[C:16][O:18][C:19]([H])([H])[C@@:20]1([H])[O:21][C@:22]([H])([O:23][C@@:24]2([H])[O:25][C@:26]([H])([C:27]([H])([H])[O:28][H])[C@@:29]([H])([O:30][H])[C@:31]([H])([O:32][H])[C@@:33]2([H])[O:34][H])[C@:35]([H])([O:36][H])[C@@:37]([H])([O:38][H])[C@:39]1([H])[O:40][H],EVODEX-P12125
EVODEX-N4344,[H]OC([H])(C([H])([H])C([H])([H])C([H])([H])C([H])([H])C([H])([H])C([H])([H])C([H])([H])C([H])([H])C([H])([H])C([H])([H])C([H])([H])C([H])([H])C([H])([H])C([H])([H])C([H])([H])C([H])([H])C([H])([H])C([H])([H])C([H])([H])C([H])([H])C([H])([H])C([H])([H])C([H])([H])C([H])([H])C([H])([H])[H])C([H])(C(=O)[O:62][C:63])C([H])([H])C([H])([H])C([H])([H])C([H])([H])C([H])([H])C([H])([H])C([H])([H])C([H])([H])C([H])([H])C([H])([H])C1([H])C([H])([H])C1([H])C([H])([H])C([H])([H])C([H])([H])C([H])([H])C([H])([H])C([H])([H])C([H])([H])C([H])([H])C([H])([H])C([H])([H])C([H])([H])C([H])([H])C([H])([H])C([H])([H])C([H])([H])C([H])([H])C([H])([H])C([H])([H])[H]>>[H][O:62][C:63],EVODEX-P12127
EVODEX-N4345,[H]OC([H])([H])[C@@]1([H])O[C@]([H])(O[C@@]2([H])O[C@]([H])(C([H])([H])O[C:60]([C:28])=[O:61])[C@@]([H])(O[H])[C@]([H])(O[H])[C@@]2([H])O[H])[C@]([H])(O[H])[C@@]([H])(O[H])[C@]1([H])O[H].[H][O:156][C:155]>>[C:28][C:60](=[O:61])[O:156][C:155],EVODEX-P12128
EVODEX-N4346,[H]O[C@]1([H])[C@]([H])(OP(=O)(O[H])O[H])[C@@]([H])(C([H])([H])OP(=O)(O[H])OP(=O)(O[H])OC([H])([H])C(C([H])([H])[H])(C([H])([H])[H])[C@@]([H])(O[H])C(=O)N([H])C([H])([H])C([H])([H])C(=O)N([H])C([H])([H])C([H])([H])S[C:117]([C:116])=[O:118])O[C@@]1([H])N1:C([H]):N:C2:C(N([H])[H]):N:C([H]):N:C:2:1>>[H]C(=C(C([H])([H])[H])C([H])([H])[H])C([H])([H])C([H])([H])/C(=C(\[H])C([H])([H])C([H])([H])/C(=C(\[H])C([H])([H])C([H])([H])/C(=C(/[H])C([H])([H])C([H])([H])/C(=C(/[H])C([H])([H])C([H])([H])/C(=C(/[H])C([H])([H])C([H])([H])/C(=C(/[H])C([H])([H])C([H])([H])/C(=C(/[H])C([H])([H])C([H])([H])/C(=C(/[H])C([H])([H])C([H])([H])/C(=C(/[H])C([H])([H])C([H])([H])/C(=C(/[H])C([H])([H])C([H])([H])/C(=C(/[H])C([H])([H])C([H])([H])/C(=C(/[H])C([H])([H])C([H])([H])/C(=C(/[H])C([H])([H])C([H])([H])/C(=C(/[H])C([H])([H])C([H])([H])/C(=C(/[H])C([H])([H])C([H])([H])/C(=C(/[H])C([H])([H])C([H])([H])/C(=C(/[H])C([H])([H])C([H])([H])/C(=C(/[H])C([H])([H])C([H])([H])C([H])(C([H])([H])[H])C([H])([H])C([H])([H])O[C:117]([C:116])=[O:118])C([H])([H])[H])C([H])([H])[H])C([H])([H])[H])C([H])([H])[H])C([H])([H])[H])C([H])([H])[H])C([H])([H])[H])C([H])([H])[H])C([H])([H])[H])C([H])([H])[H])C([H])([H])[H])C([H])([H])[H])C([H])([H])[H])C([H])([H])[H])C([H])([H])[H])C([H])([H])[H])C([H])([H])[H])C([H])([H])[H],"EVODEX-P12132,EVODEX-P12137"
EVODEX-N4347,>>[H]C(=C(C([H])([H])[H])C([H])([H])[H])C([H])([H])C([H])([H])/C(=C(\[H])C([H])([H])C([H])([H])/C(=C(\[H])C([H])([H])C([H])([H])/C(=C(/[H])C([H])([H])C([H])([H])/C(=C(/[H])C([H])([H])C([H])([H])/C(=C(/[H])C([H])([H])C([H])([H])/C(=C(/[H])C([H])([H])C([H])([H])/C(=C(/[H])C([H])([H])C([H])([H])/C(=C(/[H])C([H])([H])C([H])([H])/C(=C(/[H])C([H])([H])C([H])([H])/C(=C(/[H])C([H])([H])C([H])([H])/C(=C(/[H])C([H])([H])C([H])([H])/C(=C(/[H])C([H])([H])C([H])([H])/C(=C(/[H])C([H])([H])C([H])([H])/C(=C(/[H])C([H])([H])C([H])([H])/C(=C(/[H])C([H])([H])C([H])([H])/C(=C(/[H])C([H])([H])C([H])([H])/C(=C(/[H])C([H])([H])C([H])([H])/C(=C(/[H])C([H])([H])C([H])([H])C([H])(C([H])([H])[H])C([H])([H])C([H])([H])O)C([H])([H])[H])C([H])([H])[H])C([H])([H])[H])C([H])([H])[H])C([H])([H])[H])C([H])([H])[H])C([H])([H])[H])C([H])([H])[H])C([H])([H])[H])C([H])([H])[H])C([H])([H])[H])C([H])([H])[H])C([H])([H])[H])C([H])([H])[H])C([H])([H])[H])C([H])([H])[H])C([H])([H])[H])C([H])([H])[H].[H],"EVODEX-P12133,EVODEX-P12138,EVODEX-P18719"
EVODEX-N4348,[H]O[C@]1([H])[C@]([H])(OP(=O)(O[H])O[H])[C@@]([H])(C([H])([H])OP(=O)(O[H])OP(=O)(O[H])OC([H])([H])C(C([H])([H])[H])(C([H])([H])[H])[C@@]([H])(O[H])C(=O)N([H])C([H])([H])C([H])([H])C(=O)N([H])C([H])([H])C([H])([H])S[C:18]([C:17])=[O:19])O[C@@]1([H])N1:C([H]):N:C2:C(N([H])[H]):N:C([H]):N:C:2:1>>[H]C([H])([H])C(=O)O[C@]([H])(C([H])([H])OC([H])([H])C([H])([H])C([H])([H])C([H])([H])C([H])([H])C([H])([H])C([H])([H])C([H])([H])C([H])([H])C([H])([H])C([H])([H])C([H])([H])C([H])([H])C([H])([H])C([H])([H])C([H])([H])[H])C([H])([H])O[C:18]([C:17])=[O:19],EVODEX-P12142
EVODEX-N4349,>>[H]C([H])([H])C(=O)O[C@@]([H])(C([H])([H])O)C([H])([H])OC([H])([H])C([H])([H])C([H])([H])C([H])([H])C([H])([H])C([H])([H])C([H])([H])C([H])([H])C([H])([H])C([H])([H])C([H])([H])C([H])([H])C([H])([H])C([H])([H])C([H])([H])C([H])([H])[H].[H],EVODEX-P12143
EVODEX-N4350,[H]OC1:C([H]):C([H]):C(/C([H])=C(\[H])C(=O)[S:48][C:47]):C([H]):C:1O[H]>>[H][S:48][C:47],EVODEX-P12145
EVODEX-N4351,[H]O[C@]1([H])[C@]([H])(OP(=O)(O[H])O[H])[C@@]([H])(C([H])([H])OP(=O)(O[H])OP(=O)(O[H])OC([H])([H])C(C([H])([H])[H])(C([H])([H])[H])[C@@]([H])(O[H])C(=O)N([H])C([H])([H])C([H])([H])C(=O)N([H])C([H])([H])C([H])([H])S[C:49](=[O:50])[C:51])O[C@@]1([H])N1:C([H]):N:C2:C(N([H])[H]):N:C([H]):N:C:2:1>>[H]OC(=O)C([H])([H])C([H])(C(=O)O[H])C([H])(O[C:49](=[O:50])[C:51])C(=O)O[H],EVODEX-P12148
EVODEX-N4352,>>[H]OC(=O)C([H])([H])C([H])(C(=O)O[H])C([H])(O)C(=O)O[H].[H],EVODEX-P12149
EVODEX-N4353,[H][S:48][C:47].[H]OC(=O)C([H])([H])C([H])(C(=O)O[H])C([H])(O[C:59](=[O:60])[C:61])C(=O)O[H]>>[C:47][S:48][C:59](=[O:60])[C:61],EVODEX-P12152
EVODEX-N4354,[H]OC(=O)C([H])([H])C([H])(C(=O)O[H])C([H])(O[C:59](=[O:60])[C:61])C(=O)O[H]>>[H]O[C@]1([H])[C@]([H])(OP(=O)(O[H])O[H])[C@@]([H])(C([H])([H])OP(=O)(O[H])OP(=O)(O[H])OC([H])([H])C(C([H])([H])[H])(C([H])([H])[H])[C@@]([H])(O[H])C(=O)N([H])C([H])([H])C([H])([H])C(=O)N([H])C([H])([H])C([H])([H])S[C:59](=[O:60])[C:61])O[C@@]1([H])N1:C([H]):N:C2:C(N([H])[H]):N:C([H]):N:C:2:1,EVODEX-P12153
EVODEX-N4355,[H][S:48][C:47]>>[H]OC1:C([H]):C([H]):C(/C([H])=C(\[H])C(=O)[S:48][C:47]):C([H]):C:1O[H],EVODEX-P12154
EVODEX-N4356,[H]O[C@@]([H])(C([H])([H])C(=O)[S:54][C:55])C([H])([H])C([H])([H])C([H])([H])C([H])([H])C([H])([H])C([H])([H])C([H])([H])C([H])([H])C([H])([H])[H]>>[H][S:54][C:55],EVODEX-P12157
EVODEX-N4357,[H][N:39]([C:38])[H:103].[H]O[C@@]([H])(C(=O)N([H])C([H])([H])C([H])([H])C(=O)N([H])C([H])([H])C([H])([H])S[C:52]([C:51])=[O:53])C(C([H])([H])[H])(C([H])([H])[H])C([H])([H])OP(=O)(O[H])OC([H])([H])[H]>>[C:38][N:39]([C:52]([C:51])=[O:53])[H:103],EVODEX-P12158
EVODEX-N4358,[H]O[C@@]([H])(C(=O)N([H])C([H])([H])C([H])([H])C(=O)N([H])C([H])([H])C([H])([H])S[C:52]([C:51])=[O:53])C(C([H])([H])[H])(C([H])([H])[H])C([H])([H])OP(=O)(O[H])OC([H])([H])[H]>>[H]OC([H])([H])[C@@]1([H])O[C@]([H])(OP(=O)(O[H])OP(=O)(O[H])OC([H])([H])[C@@]2([H])O[C@@]([H])(N3:C([H]):C([H]):C(=O):N([H]):C:3=O)[C@]([H])(O[H])[C@]2([H])O[H])[C@]([H])(N([H])C(=O)C([H])([H])[H])[C@@]([H])(N([H])[C:52]([C:51])=[O:53])[C@]1([H])O[H],EVODEX-P12159
EVODEX-N4359,[H][N:39]([C:38])[H:103]>>[H]O[C@@]([H])(C([H])([H])C(=O)[N:39]([C:38])[H:103])C([H])([H])C([H])([H])C([H])([H])C([H])([H])C([H])([H])C([H])([H])C([H])([H])C([H])([H])C([H])([H])[H],EVODEX-P12160
EVODEX-N4360,>>[H]N[C@@]1([H])[C@]([H])(O[H])[C@@]([H])(C([H])([H])O[H])O[C@]([H])(OP(=O)(O[H])OP(=O)(O[H])OC([H])([H])[C@@]2([H])O[C@@]([H])(N3:C([H]):C([H]):C(=O):N([H]):C:3=O)[C@]([H])(O[H])[C@]2([H])O[H])[C@]1([H])N([H])C(=O)C([H])([H])[H].[H],"EVODEX-P12161,EVODEX-P12166"
EVODEX-N4361,[H]O[C@@]([H])(C([H])([H])C(=O)[N:54]([C:55])[C:63])C([H])([H])C([H])([H])C([H])([H])C([H])([H])C([H])([H])C([H])([H])C([H])([H])C([H])([H])C([H])([H])[H]>>[H][N:54]([C:55])[C:63],EVODEX-P12163
EVODEX-N4362,[H][N:39]([C:38])[H:103].[H]OC([H])([H])C(C([H])([H])[H])(C([H])([H])[H])[C@@]([H])(OP(=O)(O[H])OC([H])([H])[H])C(=O)N(C([H])([H])C([H])([H])C(=O)N([H])C([H])([H])C([H])([H])S[H])[C:52]([C:51])=[O:53]>>[C:38][N:39]([C:52]([C:51])=[O:53])[H:103],EVODEX-P12164
EVODEX-N4363,[H]OC([H])([H])C(C([H])([H])[H])(C([H])([H])[H])[C@@]([H])(OP(=O)(O[H])OC([H])([H])[H])C(=O)N(C([H])([H])C([H])([H])C(=O)N([H])C([H])([H])C([H])([H])S[H])[C:52]([C:51])=[O:53]>>[H]OC([H])([H])[C@@]1([H])O[C@]([H])(OP(=O)(O[H])OP(=O)(O[H])OC([H])([H])[C@@]2([H])O[C@@]([H])(N3:C([H]):C([H]):C(=O):N([H]):C:3=O)[C@]([H])(O[H])[C@]2([H])O[H])[C@]([H])(N([H])C(=O)C([H])([H])[H])[C@@]([H])(N([H])[C:52]([C:51])=[O:53])[C@]1([H])O[H],EVODEX-P12165
EVODEX-N4364,[H][O:66][C:65]>>[H]OC1:C([H]):C([H]):C(/C([H])=C(\[H])C(=O)[O:66][C:65]):C([H]):C:1OC([H])([H])[H],"EVODEX-P12169,EVODEX-P12510,EVODEX-P12515"
EVODEX-N4365,[H]O[C@]1([H])[C@]([H])(OP(=O)(O[H])O[H])[C@@]([H])(C([H])([H])OP(=O)(O[H])OP(=O)(O[H])OC([H])([H])C(C([H])([H])[H])(C([H])([H])[H])[C@@]([H])(O[H])C(=O)N([H])C([H])([H])C([H])([H])C(=O)N([H])C([H])([H])C([H])([H])S[C:8]([C:7])=[O:9])O[C@@]1([H])N1:C([H]):N:C2:C(N([H])[H]):N:C([H]):N:C:2:1>>[H]OC(=O)[C@]([H])(O[C:8]([C:7])=[O:9])[C@@]([H])(O[H])[C@@]([H])(O[H])[C@]([H])(O[H])C(=O)O[H],"EVODEX-P12170,EVODEX-P12175,EVODEX-P12180"
EVODEX-N4366,[H]O[C@]1([H])[C@]([H])(OP(=O)(O[H])O[H])[C@@]([H])(C([H])([H])OP(=O)(O[H])OP(=O)(O[H])OC([H])([H])C(C([H])([H])[H])(C([H])([H])[H])[C@@]([H])(O[H])C(=O)N([H])C([H])([H])C([H])([H])C(=O)N([H])C([H])([H])C([H])([H])S[C:8]([C:7])=[O:9])O[C@@]1([H])N1:C([H]):N:C2:C(N([H])[H]):N:C([H]):N:C:2:1>>[H]O[C@@]1([H])[C@]([H])(O[H])[C@@]([H])(C([H])([H])O[C:8]([C:7])=[O:9])OC(=O)[C@]1([H])O[H],"EVODEX-P12185,EVODEX-P12190"
EVODEX-N4367,>>[H]O[C@@]1([H])[C@]([H])(O[H])[C@@]([H])(C([H])([H])O)OC(=O)[C@]1([H])O[H].[H],"EVODEX-P12186,EVODEX-P12191,EVODEX-P18050"
EVODEX-N4368,[H]O[C@]1([H])[C@]([H])(OP(=O)(O[H])O[H])[C@@]([H])(C([H])([H])OP(=O)(O[H])OP(=O)(O[H])OC([H])([H])C(C([H])([H])[H])(C([H])([H])[H])[C@@]([H])(O[H])C(=O)N([H])C([H])([H])C([H])([H])C(=O)N([H])C([H])([H])C([H])([H])S[C:49](=[O:50])[C:51])O[C@@]1([H])N1:C([H]):N:C2:C(N([H])[H]):N:C([H]):N:C:2:1>>[H]OC(=O)C1=C([H])[C@@]([H])(O[H])[C@@]([H])(O[H])[C@]([H])(O[C:49](=[O:50])[C:51])C1([H])[H],EVODEX-P12195
EVODEX-N4369,>>[H]OC(=O)C1=C([H])[C@@]([H])(O[H])[C@@]([H])(O[H])[C@]([H])(O)C1([H])[H].[H],"EVODEX-P12196,EVODEX-P18466"
EVODEX-N4370,[H][S:48][C:47].[H]OC(=O)C1=C([H])[C@@]([H])(O[H])[C@@]([H])(O[H])[C@]([H])(O[C:50](=[O:49])[C:51])C1([H])[H]>>[C:47][S:48][C:50](=[O:49])[C:51],EVODEX-P12199
EVODEX-N4371,[H]OC(=O)C1=C([H])[C@@]([H])(O[H])[C@@]([H])(O[H])[C@]([H])(O[C:50](=[O:49])[C:51])C1([H])[H]>>[H]O[C@]1([H])[C@]([H])(OP(=O)(O[H])O[H])[C@@]([H])(C([H])([H])OP(=O)(O[H])OP(=O)(O[H])OC([H])([H])C(C([H])([H])[H])(C([H])([H])[H])[C@@]([H])(O[H])C(=O)N([H])C([H])([H])C([H])([H])C(=O)N([H])C([H])([H])C([H])([H])S[C:50](=[O:49])[C:51])O[C@@]1([H])N1:C([H]):N:C2:C(N([H])[H]):N:C([H]):N:C:2:1,EVODEX-P12200
EVODEX-N4372,[H]/C(C1=C(C([H])([H])[H])C([H])([H])C([H])([H])C([H])([H])C1(C([H])([H])[H])C([H])([H])[H])=C([H])\C(=C([H])\C([H])=C([H])\C(=C(/[H])C([H])([H])O[C:16]([C:15])=[O:17])C([H])([H])[H])C([H])([H])[H].[H][O:59][C:58]>>[C:15][C:16](=[O:17])[O:59][C:58],EVODEX-P12208
EVODEX-N4373,[H][C@@:57]([C:56])([O:58])[C:59]>>[H]C([H])([H])C(=O)[C:57]([C:56])([O:58])[C:59],EVODEX-P12214
EVODEX-N4374,[H]C([H])([H])C(=O)[C:4]([O:5])([C:6])[C:10]>>[H][C@@:4]([O:5])([C:6])[C:10],EVODEX-P12220
EVODEX-N4375,[H][N:61]([C:62])[H:109]>>[H]OC1:C([H]):C([H]):C(/C([H])=C(\[H])C(=O)[N:61]([C:62])[H:109]):C([H]):C:1O[H],"EVODEX-P12224,EVODEX-P12909"
EVODEX-N4376,[H]/C(C(=O)[S:48][C:47])=C(/[H])C1:C([H]):C([H]):C([H]):C([H]):C:1[H]>>[H][S:48][C:47],EVODEX-P12228
EVODEX-N4377,[H][N:59]([C:60])[H:107]>>[H]/C(C(=O)[N:59]([C:60])[H:107])=C(/[H])C1:C([H]):C([H]):C([H]):C([H]):C:1[H],EVODEX-P12230
EVODEX-N4378,[H]O[C@]1([H])[C@]([H])(OP(=O)(O[H])O[H])[C@@]([H])(C([H])([H])OP(=O)(O[H])OP(=O)(O[H])OC([H])([H])C(C([H])([H])[H])(C([H])([H])[H])[C@@]([H])(O[H])C(=O)N([H])C([H])([H])C([H])([H])C(=O)N([H])C([H])([H])C([H])([H])S[C:16]([C:15])=[O:17])O[C@@]1([H])N1:C([H]):N:C2:C(N([H])[H]):N:C([H]):N:C:2:1>>[H]OC(C([H])([H])[H])(C([H])([H])[H])C([H])([H])C([H])([H])[C@@]([H])(O[H])[C@@]([H])(C([H])([H])[H])[C@@]1([H])C([H])([H])C([H])([H])[C@@]2(O[H])C3=C([H])C(=O)[C@]4([H])C([H])([H])[C@@]([H])(O[C:16]([C:15])=[O:17])[C@@]([H])(O[H])C([H])([H])[C@]4(C([H])([H])[H])[C@@]3([H])C([H])([H])C([H])([H])[C@]12C([H])([H])[H],EVODEX-P12236
EVODEX-N4379,>>[H]OC(C([H])([H])[H])(C([H])([H])[H])C([H])([H])C([H])([H])[C@@]([H])(O[H])[C@@]([H])(C([H])([H])[H])[C@@]1([H])C([H])([H])C([H])([H])[C@@]2(O[H])C3=C([H])C(=O)[C@]4([H])C([H])([H])[C@@]([H])(O)[C@@]([H])(O[H])C([H])([H])[C@]4(C([H])([H])[H])[C@@]3([H])C([H])([H])C([H])([H])[C@]12C([H])([H])[H].[H],EVODEX-P12237
EVODEX-N4380,[H]O[C@]1([H])[C@]([H])(OP(=O)(O[H])O[H])[C@@]([H])(C([H])([H])OP(=O)(O[H])OP(=O)(O[H])OC([H])([H])C(C([H])([H])[H])(C([H])([H])[H])[C@@]([H])(O[H])C(=O)N([H])C([H])([H])C([H])([H])C(=O)N([H])C([H])([H])C([H])([H])S[C:49](=[O:50])[C:51])O[C@@]1([H])N1:C([H]):N:C2:C(N([H])[H]):N:C([H]):N:C:2:1>>[H]OC(=O)[C@@]([H])(O[C:49](=[O:50])[C:51])C([H])([H])C1:C([H]):C([H]):C(O[H]):C(O[H]):C:1[H],EVODEX-P12241
EVODEX-N4381,>>[H]OC(=O)[C@@]([H])(O)C([H])([H])C1:C([H]):C([H]):C(O[H]):C(O[H]):C:1[H].[H],EVODEX-P12242
EVODEX-N4382,[H][S:48][C:47].[H]OC(=O)[C@@]([H])(O[C:50](=[O:49])[C:51])C([H])([H])C1:C([H]):C([H]):C(O[H]):C(O[H]):C:1[H]>>[C:47][S:48][C:50](=[O:49])[C:51],EVODEX-P12245
EVODEX-N4383,[H]OC(=O)[C@@]([H])(O[C:50](=[O:49])[C:51])C([H])([H])C1:C([H]):C([H]):C(O[H]):C(O[H]):C:1[H]>>[H]O[C@]1([H])[C@]([H])(OP(=O)(O[H])O[H])[C@@]([H])(C([H])([H])OP(=O)(O[H])OP(=O)(O[H])OC([H])([H])C(C([H])([H])[H])(C([H])([H])[H])[C@@]([H])(O[H])C(=O)N([H])C([H])([H])C([H])([H])C(=O)N([H])C([H])([H])C([H])([H])S[C:50](=[O:49])[C:51])O[C@@]1([H])N1:C([H]):N:C2:C(N([H])[H]):N:C([H]):N:C:2:1,EVODEX-P12246
EVODEX-N4384,[H]O[C@]1([H])[C@]([H])(OP(=O)(O[H])O[H])[C@@]([H])(C([H])([H])OP(=O)(O[H])OP(=O)(O[H])OC([H])([H])C(C([H])([H])[H])(C([H])([H])[H])[C@@]([H])(O[H])C(=O)N([H])C([H])([H])C([H])([H])C(=O)N([H])C([H])([H])C([H])([H])S[C:67]([C:66])=[O:68])O[C@@]1([H])N1:C([H]):N:C2:C(N([H])[H]):N:C([H]):N:C:2:1>>[H]OC([H])([H])[C@@]1([H])O[C@@]([H])(O[C@@]2([H])[C@]([H])(O[H])[C@@]([H])(N([H])C(=O)C([H])([H])[H])C([H])(N([H])C(=O)C([H])([H])[C@@]([H])(C(=O)N([H])[H])N([H])C(=O)C([H])([H])[H])O[C@]2([H])C([H])([H])O[H])[C@]([H])(N([H])C(=O)C([H])([H])[H])[C@@]([H])(O[H])[C@]1([H])O[C@]1([H])O[C@]([H])(C([H])([H])O[C:67]([C:66])=[O:68])[C@@]([H])(O[H])[C@]([H])(O[H])[C@]1([H])O[H],EVODEX-P12250
EVODEX-N4385,>>[H]OC([H])([H])[C@@]1([H])O[C@@]([H])(O[C@@]2([H])[C@]([H])(O[H])[C@@]([H])(N([H])C(=O)C([H])([H])[H])C([H])(N([H])C(=O)C([H])([H])[C@@]([H])(C(=O)N([H])[H])N([H])C(=O)C([H])([H])[H])O[C@]2([H])C([H])([H])O[H])[C@]([H])(N([H])C(=O)C([H])([H])[H])[C@@]([H])(O[H])[C@]1([H])O[C@]1([H])O[C@]([H])(C([H])([H])O)[C@@]([H])(O[H])[C@]([H])(O[H])[C@]1([H])O[H].[H],EVODEX-P12252
EVODEX-N4386,[H][S:48][C:47].[H]OC([H])([H])[C@@]1([H])O[C@@]([H])(O[C@@]2([H])[C@]([H])(O[H])[C@@]([H])(N([H])C(=O)C([H])([H])[H])C([H])(N([H])C(=O)C([H])([H])[C@@]([H])(C(=O)N([H])[H])N([H])C(=O)C([H])([H])[H])O[C@]2([H])C([H])([H])O[H])[C@]([H])(N([H])C(=O)C([H])([H])[H])[C@@]([H])(O[H])[C@]1([H])O[C@]1([H])O[C@]([H])(C([H])([H])O[C:64]([C:63])=[O:65])[C@@]([H])(O[H])[C@]([H])(O[H])[C@]1([H])O[H]>>[C:47][S:48][C:64]([C:63])=[O:65],EVODEX-P12255
EVODEX-N4387,[H]OC([H])([H])[C@@]1([H])O[C@@]([H])(O[C@@]2([H])[C@]([H])(O[H])[C@@]([H])(N([H])C(=O)C([H])([H])[H])C([H])(N([H])C(=O)C([H])([H])[C@@]([H])(C(=O)N([H])[H])N([H])C(=O)C([H])([H])[H])O[C@]2([H])C([H])([H])O[H])[C@]([H])(N([H])C(=O)C([H])([H])[H])[C@@]([H])(O[H])[C@]1([H])O[C@]1([H])O[C@]([H])(C([H])([H])O[C:64]([C:63])=[O:65])[C@@]([H])(O[H])[C@]([H])(O[H])[C@]1([H])O[H]>>[H]O[C@]1([H])[C@]([H])(OP(=O)(O[H])O[H])[C@@]([H])(C([H])([H])OP(=O)(O[H])OP(=O)(O[H])OC([H])([H])C(C([H])([H])[H])(C([H])([H])[H])[C@@]([H])(O[H])C(=O)N([H])C([H])([H])C([H])([H])C(=O)N([H])C([H])([H])C([H])([H])S[C:64]([C:63])=[O:65])O[C@@]1([H])N1:C([H]):N:C2:C(N([H])[H]):N:C([H]):N:C:2:1,EVODEX-P12256
EVODEX-N4388,[H]OC([H])([H])[C@@]1([H])O[C@@]([H])(O[C:58](=[O:57])[C:71])[C@]([H])(O[H])[C@@]([H])(O[H])[C@]1([H])O[H]>>[H]OC1:C([H]):C(C(=O)OC([H])([H])[C@@]2([H])O[C@@]([H])(OC(=O)C3:C([H]):C(O[H]):C(O[H]):C(O[H]):C:3[H])[C@]([H])(OC(=O)C3:C([H]):C(O[H]):C(O[H]):C(O[H]):C:3[H])[C@@]([H])(OC(=O)C3:C([H]):C(O[H]):C(O[H]):C(O[H]):C:3[H])[C@]2([H])O[C:58](=[O:57])[C:71]):C([H]):C(O[H]):C:1O[H],EVODEX-P12260
EVODEX-N4389,>>[H]OC1:C([H]):C(C(=O)OC([H])([H])[C@@]2([H])O[C@@]([H])(OC(=O)C3:C([H]):C(O[H]):C(O[H]):C(O[H]):C:3[H])[C@]([H])(OC(=O)C3:C([H]):C(O[H]):C(O[H]):C(O[H]):C:3[H])[C@@]([H])(OC(=O)C3:C([H]):C(O[H]):C(O[H]):C(O[H]):C:3[H])[C@]2([H])O):C([H]):C(O[H]):C:1O[H].[H],EVODEX-P12262
EVODEX-N4390,[H][N:4]([C:3])[C:5].[S:54][C:55](=[O:56])[C:57]>>[C:3][N:4]([C:5])[C:55](=[O:56])[C:57].[H][S:54],"EVODEX-P12273,EVODEX-P12279,EVODEX-P12395,EVODEX-P12822"
EVODEX-N4391,[H]/C(C(=O)[S:54][C:53])=C([H])\C([H])=C(/[H])C1:C([H]):C([H]):C2:C(:C:1[H])OC([H])([H])O2>>[H][S:54][C:53],EVODEX-P12274
EVODEX-N4392,[H][N:4]([C:3])[C:5].[H]O[C@]1([H])[C@]([H])(OP(=O)(O[H])O[H])[C@@]([H])(C([H])([H])OP(=O)(O[H])OP(=O)(O[H])OC([H])([H])C(C([H])([H])[H])(C([H])([H])[H])[C@@]([H])(O[H])C(=O)N([H])C([H])([H])C([H])([H])C(=O)N([H])C([H])([H])C([H])([H])S[C:55](=[O:56])[C:57])O[C@@]1([H])N1:C([H]):N:C2:C(N([H])[H]):N:C([H]):N:C:2:1>>[C:3][N:4]([C:5])[C:55](=[O:56])[C:57],"EVODEX-P12275,EVODEX-P12280,EVODEX-P12396,EVODEX-P12823"
EVODEX-N4393,[H]O[C@]1([H])[C@]([H])(OP(=O)(O[H])O[H])[C@@]([H])(C([H])([H])OP(=O)(O[H])OP(=O)(O[H])OC([H])([H])C(C([H])([H])[H])(C([H])([H])[H])[C@@]([H])(O[H])C(=O)N([H])C([H])([H])C([H])([H])C(=O)N([H])C([H])([H])C([H])([H])S[C:55](=[O:56])[C:57])O[C@@]1([H])N1:C([H]):N:C2:C(N([H])[H]):N:C([H]):N:C:2:1>>[H]C1([H])N([C:55](=[O:56])[C:57])C([H])([H])C([H])([H])C([H])([H])C1([H])[H],EVODEX-P12276
EVODEX-N4394,[H][N:4]([C:3])[C:5]>>[H]/C(C(=O)[N:4]([C:3])[C:5])=C([H])\C([H])=C(/[H])C1:C([H]):C([H]):C2:C(:C:1[H])OC([H])([H])O2,"EVODEX-P12277,EVODEX-P12282"
EVODEX-N4395,>>[H]C1([H])NC([H])([H])C([H])([H])C([H])([H])C1([H])[H].[H],EVODEX-P12278
EVODEX-N4396,[H]O[C@]1([H])[C@]([H])(OP(=O)(O[H])O[H])[C@@]([H])(C([H])([H])OP(=O)(O[H])OP(=O)(O[H])OC([H])([H])C(C([H])([H])[H])(C([H])([H])[H])[C@@]([H])(O[H])C(=O)N([H])C([H])([H])C([H])([H])C(=O)N([H])C([H])([H])C([H])([H])S[C:54](=[O:55])[C:56])O[C@@]1([H])N1:C([H]):N:C2:C(N([H])[H]):N:C([H]):N:C:2:1>>[H]C1([H])N([C:54](=[O:55])[C:56])C([H])([H])C([H])([H])C1([H])[H],EVODEX-P12281
EVODEX-N4397,>>[H]C1([H])NC([H])([H])C([H])([H])C1([H])[H].[H],EVODEX-P12283
EVODEX-N4398,[H]O[C@]1([H])[C@]([H])(OP(=O)(O[H])O[H])[C@@]([H])(C([H])([H])OP(=O)(O[H])OP(=O)(O[H])OC([H])([H])C(C([H])([H])[H])(C([H])([H])[H])[C@@]([H])(O[H])C(=O)N([H])C([H])([H])C([H])([H])C(=O)N([H])C([H])([H])C([H])([H])S[C:2]([C:1])=[O:3])O[C@@]1([H])N1:C([H]):N:C2:C(N([H])[H]):N:C([H]):N:C:2:1>>[H]OC1:C(OC([H])([H])[H]):C([H]):C([H]):C2:C:1[C@@]13C([H])=C(OC([H])([H])[H])[C@@]([H])(O[C:2]([C:1])=[O:3])C([H])=C1[C@]([H])(N(C([H])([H])[H])C([H])([H])C3([H])[H])C2([H])[H],EVODEX-P12287
EVODEX-N4399,>>[H]OC1:C(OC([H])([H])[H]):C([H]):C([H]):C2:C:1[C@@]13C([H])=C(OC([H])([H])[H])[C@@]([H])(O)C([H])=C1[C@]([H])(N(C([H])([H])[H])C([H])([H])C3([H])[H])C2([H])[H].[H],EVODEX-P12288
EVODEX-N4400,[H]O[C@]1([H])[C@]([H])(OP(=O)(O[H])O[H])[C@@]([H])(C([H])([H])OP(=O)(O[H])OP(=O)(O[H])OC([H])([H])C(C([H])([H])[H])(C([H])([H])[H])[C@@]([H])(O[H])C(=O)N([H])C([H])([H])C([H])([H])C(=O)N([H])C([H])([H])C([H])([H])S[C:2]([C:1])=[O:3])O[C@@]1([H])N1:C([H]):N:C2:C(N([H])[H]):N:C([H]):N:C:2:1>>[H]C1=C2[C@]3(C([H])=C(OC([H])([H])[H])[C@]1([H])O[C:2]([C:1])=[O:3])C1:C([H]):C4:C(:C([H]):C:1C([H])([H])[C@@]2([H])N(C([H])([H])[H])C([H])([H])C3([H])[H])OC([H])([H])O4,EVODEX-P12292
EVODEX-N4401,>>[H]C1=C2[C@]3(C([H])=C(OC([H])([H])[H])[C@]1([H])O)C1:C([H]):C4:C(:C([H]):C:1C([H])([H])[C@@]2([H])N(C([H])([H])[H])C([H])([H])C3([H])[H])OC([H])([H])O4.[H],EVODEX-P12293
EVODEX-N4402,[O:18][C@@:19]([O:20])([C:28])[H:63].[H][O:37][C:38]>>[C@:19]([O:20])([C:28])([O:37][C:38])[H:63].[H][O:18],"EVODEX-P12294,EVODEX-P13289,EVODEX-P13307,EVODEX-P13313,EVODEX-P13318,EVODEX-P13323,EVODEX-P13343,EVODEX-P13372,EVODEX-P13377,EVODEX-P13387,EVODEX-P13392,EVODEX-P13397,EVODEX-P13403,EVODEX-P13409,EVODEX-P13426,EVODEX-P13430,EVODEX-P13435,EVODEX-P13439,EVODEX-P13444,EVODEX-P13449,EVODEX-P13466,EVODEX-P13476,EVODEX-P13481,EVODEX-P13486,EVODEX-P13492,EVODEX-P13497,EVODEX-P13502,EVODEX-P13507,EVODEX-P13511,EVODEX-P13516,EVODEX-P13526,EVODEX-P13530,EVODEX-P13535,EVODEX-P13540,EVODEX-P13545,EVODEX-P13550,EVODEX-P13555,EVODEX-P13560,EVODEX-P13565,EVODEX-P13570,EVODEX-P13575,EVODEX-P13580,EVODEX-P13585,EVODEX-P13605,EVODEX-P13610,EVODEX-P13615,EVODEX-P13620,EVODEX-P13625,EVODEX-P13630,EVODEX-P13640,EVODEX-P13645,EVODEX-P13651,EVODEX-P13656,EVODEX-P13661,EVODEX-P13666,EVODEX-P13672,EVODEX-P13678,EVODEX-P13683,EVODEX-P13688,EVODEX-P13707,EVODEX-P13712,EVODEX-P13727,EVODEX-P13732,EVODEX-P13737,EVODEX-P13742,EVODEX-P13757,EVODEX-P13762,EVODEX-P13767,EVODEX-P13772,EVODEX-P13777,EVODEX-P13782,EVODEX-P13787,EVODEX-P13797,EVODEX-P13802,EVODEX-P13812,EVODEX-P13828,EVODEX-P13833,EVODEX-P13843,EVODEX-P13849,EVODEX-P13854,EVODEX-P13859,EVODEX-P13864,EVODEX-P13869,EVODEX-P13874,EVODEX-P13879,EVODEX-P13884,EVODEX-P13890,EVODEX-P13895,EVODEX-P13905,EVODEX-P13910,EVODEX-P13915,EVODEX-P13920,EVODEX-P13925,EVODEX-P13930,EVODEX-P13958,EVODEX-P13968,EVODEX-P13973,EVODEX-P13978,EVODEX-P13986,EVODEX-P13991,EVODEX-P13996,EVODEX-P14001,EVODEX-P14006,EVODEX-P14011,EVODEX-P14016,EVODEX-P14021,EVODEX-P14026,EVODEX-P14031,EVODEX-P14036,EVODEX-P14041,EVODEX-P14046,EVODEX-P14056,EVODEX-P14061,EVODEX-P14066,EVODEX-P14071,EVODEX-P14076,EVODEX-P14081,EVODEX-P14086,EVODEX-P14091,EVODEX-P14096,EVODEX-P14101,EVODEX-P14106,EVODEX-P14111,EVODEX-P14116,EVODEX-P14121,EVODEX-P14126,EVODEX-P14131,EVODEX-P14136,EVODEX-P14141,EVODEX-P14146,EVODEX-P14151,EVODEX-P14156,EVODEX-P14166,EVODEX-P14171,EVODEX-P14176,EVODEX-P14181,EVODEX-P14186,EVODEX-P14191,EVODEX-P14197,EVODEX-P14202,EVODEX-P14207,EVODEX-P14222,EVODEX-P14227,EVODEX-P14232,EVODEX-P14234,EVODEX-P14236,EVODEX-P14241,EVODEX-P14246,EVODEX-P14251,EVODEX-P14256,EVODEX-P14261,EVODEX-P14266,EVODEX-P14271,EVODEX-P14276,EVODEX-P14281,EVODEX-P14286,EVODEX-P14291,EVODEX-P14296,EVODEX-P14301,EVODEX-P14306,EVODEX-P14311,EVODEX-P14316,EVODEX-P14321,EVODEX-P14326,EVODEX-P14331,EVODEX-P14337,EVODEX-P14342,EVODEX-P14347,EVODEX-P14352,EVODEX-P14357,EVODEX-P14362,EVODEX-P14368,EVODEX-P14373,EVODEX-P14378,EVODEX-P14383,EVODEX-P14388,EVODEX-P14413,EVODEX-P14418,EVODEX-P14423,EVODEX-P14429,EVODEX-P14434,EVODEX-P14439,EVODEX-P14444,EVODEX-P14449,EVODEX-P14454,EVODEX-P14459,EVODEX-P14464,EVODEX-P14469,EVODEX-P14474,EVODEX-P14479,EVODEX-P14484,EVODEX-P14489,EVODEX-P14498,EVODEX-P14502,EVODEX-P14507,EVODEX-P14512,EVODEX-P14522,EVODEX-P14526,EVODEX-P14531,EVODEX-P14536,EVODEX-P14541,EVODEX-P14551,EVODEX-P14556,EVODEX-P14561,EVODEX-P14572,EVODEX-P14593,EVODEX-P14598,EVODEX-P14603,EVODEX-P14613,EVODEX-P14618,EVODEX-P14623,EVODEX-P14628,EVODEX-P14633,EVODEX-P14638,EVODEX-P14643,EVODEX-P14649,EVODEX-P14653,EVODEX-P14658,EVODEX-P14667,EVODEX-P14672,EVODEX-P14677,EVODEX-P14686,EVODEX-P14700,EVODEX-P14705,EVODEX-P14710,EVODEX-P14715,EVODEX-P14720,EVODEX-P14725,EVODEX-P14730,EVODEX-P14735,EVODEX-P14740,EVODEX-P14745,EVODEX-P14750,EVODEX-P14755,EVODEX-P14760,EVODEX-P14765,EVODEX-P14770,EVODEX-P14774,EVODEX-P14779,EVODEX-P14783,EVODEX-P14788,EVODEX-P14793,EVODEX-P14798,EVODEX-P14803,EVODEX-P14808,EVODEX-P14820,EVODEX-P14825,EVODEX-P14842,EVODEX-P14847,EVODEX-P14852,EVODEX-P14857,EVODEX-P14862,EVODEX-P14867,EVODEX-P14872,EVODEX-P14877,EVODEX-P14882,EVODEX-P14887,EVODEX-P14892,EVODEX-P14897,EVODEX-P14902,EVODEX-P14907,EVODEX-P14913,EVODEX-P14918,EVODEX-P14923,EVODEX-P14927,EVODEX-P14933,EVODEX-P14938,EVODEX-P14944,EVODEX-P14949,EVODEX-P14954,EVODEX-P14959,EVODEX-P14964,EVODEX-P14970,EVODEX-P14975,EVODEX-P14980,EVODEX-P14986,EVODEX-P14991,EVODEX-P14996,EVODEX-P15001,EVODEX-P15006,EVODEX-P15011,EVODEX-P15016,EVODEX-P15022,EVODEX-P15038,EVODEX-P15042,EVODEX-P15052,EVODEX-P15057,EVODEX-P15062,EVODEX-P15067,EVODEX-P15072,EVODEX-P15078,EVODEX-P15084,EVODEX-P15090,EVODEX-P15095,EVODEX-P15110,EVODEX-P15114,EVODEX-P15119,EVODEX-P15124,EVODEX-P15134,EVODEX-P15144,EVODEX-P15149,EVODEX-P15154,EVODEX-P15159,EVODEX-P15164,EVODEX-P15169,EVODEX-P15178,EVODEX-P15182,EVODEX-P15187,EVODEX-P15192,EVODEX-P15197,EVODEX-P15202,EVODEX-P15206,EVODEX-P15216,EVODEX-P15220,EVODEX-P15226,EVODEX-P15230,EVODEX-P15235,EVODEX-P15245,EVODEX-P15250,EVODEX-P15265,EVODEX-P15270,EVODEX-P15279,EVODEX-P15284,EVODEX-P15289,EVODEX-P15294,EVODEX-P15299,EVODEX-P15304,EVODEX-P15309,EVODEX-P15314,EVODEX-P15319,EVODEX-P15324,EVODEX-P15339,EVODEX-P15343,EVODEX-P15347,EVODEX-P15357,EVODEX-P15362,EVODEX-P15367,EVODEX-P15563,EVODEX-P15568,EVODEX-P15573,EVODEX-P15579,EVODEX-P15584,EVODEX-P15589,EVODEX-P15621,EVODEX-P15626,EVODEX-P15631,EVODEX-P15636,EVODEX-P15641,EVODEX-P15646,EVODEX-P15651,EVODEX-P15656,EVODEX-P15661,EVODEX-P15666,EVODEX-P15671,EVODEX-P15692,EVODEX-P15697,EVODEX-P15702,EVODEX-P15707,EVODEX-P15746,EVODEX-P15751,EVODEX-P23201,EVODEX-P23222"
EVODEX-N4403,[H]OC([H])([H])[C@@]1([H])O[C@]([H])([O:34][P:31])[C@]([H])(O[H])[C@@]([H])(O[H])[C@]1([H])O[H]>>[H][O:34][P:31],"EVODEX-P12295,EVODEX-P13290,EVODEX-P13393,EVODEX-P13440,EVODEX-P13482,EVODEX-P13600,EVODEX-P13888,EVODEX-P14424,EVODEX-P14644,EVODEX-P19800,EVODEX-P22677"
EVODEX-N4404,[H]O[C@@]1([H])[C@@]([H])(O[H])[C@]([H])(N2:C([H]):C([H]):C(=O):N([H]):C:2=O)O[C@]1([H])C([H])([H])OP(=O)(O[H])OP(=O)(O[H])O[C@@:19]([O:20])([C:28])[H:63].[H][O:37][C:38]>>[C@:19]([O:20])([C:28])([O:37][C:38])[H:63],"EVODEX-P12296,EVODEX-P13373,EVODEX-P13378,EVODEX-P13388,EVODEX-P13399,EVODEX-P13405,EVODEX-P13410,EVODEX-P13436,EVODEX-P13445,EVODEX-P13450,EVODEX-P13498,EVODEX-P13503,EVODEX-P13512,EVODEX-P13517,EVODEX-P13527,EVODEX-P13531,EVODEX-P13536,EVODEX-P13541,EVODEX-P13546,EVODEX-P13551,EVODEX-P13556,EVODEX-P13561,EVODEX-P13566,EVODEX-P13571,EVODEX-P13576,EVODEX-P13606,EVODEX-P13611,EVODEX-P13616,EVODEX-P13621,EVODEX-P13626,EVODEX-P13631,EVODEX-P13657,EVODEX-P13662,EVODEX-P13708,EVODEX-P13713,EVODEX-P13728,EVODEX-P13733,EVODEX-P13758,EVODEX-P13763,EVODEX-P13768,EVODEX-P13773,EVODEX-P13778,EVODEX-P13783,EVODEX-P13788,EVODEX-P13798,EVODEX-P13803,EVODEX-P13813,EVODEX-P13829,EVODEX-P13834,EVODEX-P13850,EVODEX-P13855,EVODEX-P13860,EVODEX-P13865,EVODEX-P13870,EVODEX-P13875,EVODEX-P13880,EVODEX-P13896,EVODEX-P13911,EVODEX-P13916,EVODEX-P13921,EVODEX-P13926,EVODEX-P13931,EVODEX-P13959,EVODEX-P13969,EVODEX-P13974,EVODEX-P13979,EVODEX-P13987,EVODEX-P13992,EVODEX-P13997,EVODEX-P14002,EVODEX-P14007,EVODEX-P14017,EVODEX-P14022,EVODEX-P14027,EVODEX-P14032,EVODEX-P14037,EVODEX-P14042,EVODEX-P14047,EVODEX-P14057,EVODEX-P14062,EVODEX-P14067,EVODEX-P14072,EVODEX-P14082,EVODEX-P14087,EVODEX-P14092,EVODEX-P14097,EVODEX-P14102,EVODEX-P14107,EVODEX-P14112,EVODEX-P14117,EVODEX-P14122,EVODEX-P14127,EVODEX-P14132,EVODEX-P14137,EVODEX-P14142,EVODEX-P14147,EVODEX-P14167,EVODEX-P14172,EVODEX-P14177,EVODEX-P14182,EVODEX-P14187,EVODEX-P14193,EVODEX-P14198,EVODEX-P14203,EVODEX-P14208,EVODEX-P14223,EVODEX-P14228,EVODEX-P14237,EVODEX-P14242,EVODEX-P14247,EVODEX-P14252,EVODEX-P14257,EVODEX-P14262,EVODEX-P14267,EVODEX-P14272,EVODEX-P14277,EVODEX-P14282,EVODEX-P14287,EVODEX-P14292,EVODEX-P14297,EVODEX-P14302,EVODEX-P14307,EVODEX-P14312,EVODEX-P14317,EVODEX-P14322,EVODEX-P14327,EVODEX-P14338,EVODEX-P14343,EVODEX-P14348,EVODEX-P14353,EVODEX-P14358,EVODEX-P14364,EVODEX-P14369,EVODEX-P14374,EVODEX-P14379,EVODEX-P14384,EVODEX-P14389,EVODEX-P14414,EVODEX-P14419,EVODEX-P14435,EVODEX-P14440,EVODEX-P14445,EVODEX-P14450,EVODEX-P14455,EVODEX-P14460,EVODEX-P14465,EVODEX-P14470,EVODEX-P14475,EVODEX-P14480,EVODEX-P14485,EVODEX-P14513,EVODEX-P14532,EVODEX-P14537,EVODEX-P14542,EVODEX-P14552,EVODEX-P14557,EVODEX-P14562,EVODEX-P14573,EVODEX-P14604,EVODEX-P14614,EVODEX-P14619,EVODEX-P14624,EVODEX-P14629,EVODEX-P14634,EVODEX-P14639,EVODEX-P14650,EVODEX-P14654,EVODEX-P14659,EVODEX-P14668,EVODEX-P14673,EVODEX-P14701,EVODEX-P14706,EVODEX-P14711,EVODEX-P14726,EVODEX-P14731,EVODEX-P14736,EVODEX-P14741,EVODEX-P14746,EVODEX-P14751,EVODEX-P14756,EVODEX-P14761,EVODEX-P14766,EVODEX-P14771,EVODEX-P14784,EVODEX-P14789,EVODEX-P14794,EVODEX-P14799,EVODEX-P14804,EVODEX-P14848,EVODEX-P14853,EVODEX-P14858,EVODEX-P14863,EVODEX-P14868,EVODEX-P14873,EVODEX-P14888,EVODEX-P14893,EVODEX-P14898,EVODEX-P14903,EVODEX-P14929,EVODEX-P14934,EVODEX-P14945,EVODEX-P14950,EVODEX-P14955,EVODEX-P14976,EVODEX-P14992,EVODEX-P14997,EVODEX-P15002,EVODEX-P15059,EVODEX-P15063,EVODEX-P15068,EVODEX-P15115,EVODEX-P15120,EVODEX-P15150,EVODEX-P15155,EVODEX-P15160,EVODEX-P15165,EVODEX-P15207,EVODEX-P15231,EVODEX-P15236,EVODEX-P15246,EVODEX-P15251,EVODEX-P15280,EVODEX-P15285,EVODEX-P15290,EVODEX-P15295,EVODEX-P15300,EVODEX-P15305,EVODEX-P15310,EVODEX-P15315,EVODEX-P15320,EVODEX-P15325,EVODEX-P15358,EVODEX-P15363,EVODEX-P15368,EVODEX-P15564,EVODEX-P15569,EVODEX-P15575,EVODEX-P15580,EVODEX-P15585,EVODEX-P15632,EVODEX-P15637,EVODEX-P15642,EVODEX-P15647,EVODEX-P15652,EVODEX-P15657,EVODEX-P15662,EVODEX-P15667,EVODEX-P15672,EVODEX-P15698,EVODEX-P15703,EVODEX-P15708,EVODEX-P15747,EVODEX-P15752"
EVODEX-N4405,[H]O[C@@]1([H])[C@@]([H])(O[H])[C@]([H])(N2:C([H]):C([H]):C(=O):N([H]):C:2=O)O[C@]1([H])C([H])([H])OP(=O)(O[H])OP(=O)(O[H])O[C@@:35]([O:36])([C:44])[H:73]>>[H]OC1:C(OC([H])([H])[H]):C([H]):C(/C([H])=C(\[H])C(=O)O[C@:35]([O:36])([C:44])[H:73]):C([H]):C:1OC([H])([H])[H],EVODEX-P12297
EVODEX-N4406,[H][O:37][C:38]>>[H]OC([H])([H])[C@@]1([H])O[C@@]([H])([O:37][C:38])[C@]([H])(O[H])[C@@]([H])(O[H])[C@]1([H])O[H],"EVODEX-P12298,EVODEX-P13292,EVODEX-P13310,EVODEX-P13315,EVODEX-P13321,EVODEX-P13326,EVODEX-P13345,EVODEX-P13374,EVODEX-P13379,EVODEX-P13389,EVODEX-P13432,EVODEX-P13447,EVODEX-P13452,EVODEX-P13468,EVODEX-P13478,EVODEX-P13500,EVODEX-P13504,EVODEX-P13514,EVODEX-P13519,EVODEX-P13573,EVODEX-P13578,EVODEX-P13582,EVODEX-P13618,EVODEX-P13623,EVODEX-P13628,EVODEX-P13633,EVODEX-P13642,EVODEX-P13659,EVODEX-P13664,EVODEX-P13670,EVODEX-P13675,EVODEX-P13730,EVODEX-P13735,EVODEX-P13740,EVODEX-P13760,EVODEX-P13765,EVODEX-P13770,EVODEX-P13775,EVODEX-P13780,EVODEX-P13785,EVODEX-P13790,EVODEX-P13805,EVODEX-P13814,EVODEX-P13851,EVODEX-P13856,EVODEX-P13861,EVODEX-P13866,EVODEX-P13872,EVODEX-P13877,EVODEX-P13882,EVODEX-P13887,EVODEX-P13893,EVODEX-P13898,EVODEX-P13908,EVODEX-P13912,EVODEX-P13917,EVODEX-P13922,EVODEX-P13928,EVODEX-P13933,EVODEX-P13960,EVODEX-P13971,EVODEX-P13976,EVODEX-P13988,EVODEX-P13994,EVODEX-P13999,EVODEX-P14004,EVODEX-P14009,EVODEX-P14014,EVODEX-P14019,EVODEX-P14023,EVODEX-P14029,EVODEX-P14033,EVODEX-P14048,EVODEX-P14058,EVODEX-P14079,EVODEX-P14179,EVODEX-P14184,EVODEX-P14189,EVODEX-P14205,EVODEX-P14210,EVODEX-P14238,EVODEX-P14244,EVODEX-P14249,EVODEX-P14254,EVODEX-P14258,EVODEX-P14263,EVODEX-P14269,EVODEX-P14274,EVODEX-P14279,EVODEX-P14283,EVODEX-P14289,EVODEX-P14294,EVODEX-P14299,EVODEX-P14303,EVODEX-P14309,EVODEX-P14314,EVODEX-P14319,EVODEX-P14324,EVODEX-P14329,EVODEX-P14340,EVODEX-P14360,EVODEX-P14371,EVODEX-P14376,EVODEX-P14381,EVODEX-P14386,EVODEX-P14390,EVODEX-P14426,EVODEX-P14431,EVODEX-P14447,EVODEX-P14451,EVODEX-P14457,EVODEX-P14461,EVODEX-P14466,EVODEX-P14471,EVODEX-P14487,EVODEX-P14514,EVODEX-P14528,EVODEX-P14533,EVODEX-P14539,EVODEX-P14544,EVODEX-P14553,EVODEX-P14558,EVODEX-P14596,EVODEX-P14601,EVODEX-P14606,EVODEX-P14626,EVODEX-P14631,EVODEX-P14636,EVODEX-P14641,EVODEX-P14646,EVODEX-P14656,EVODEX-P14661,EVODEX-P14703,EVODEX-P14708,EVODEX-P14718,EVODEX-P14723,EVODEX-P14768,EVODEX-P14776,EVODEX-P14786,EVODEX-P14791,EVODEX-P14796,EVODEX-P14806,EVODEX-P14855,EVODEX-P14865,EVODEX-P14870,EVODEX-P14879,EVODEX-P14884,EVODEX-P14889,EVODEX-P14894,EVODEX-P14900,EVODEX-P14904,EVODEX-P14910,EVODEX-P14920,EVODEX-P14947,EVODEX-P14952,EVODEX-P14957,EVODEX-P14978,EVODEX-P14999,EVODEX-P15003,EVODEX-P15044,EVODEX-P15065,EVODEX-P15070,EVODEX-P15117,EVODEX-P15122,EVODEX-P15136,EVODEX-P15146,EVODEX-P15152,EVODEX-P15157,EVODEX-P15162,EVODEX-P15166,EVODEX-P15189,EVODEX-P15209,EVODEX-P15238,EVODEX-P15248,EVODEX-P15253,EVODEX-P15267,EVODEX-P15272,EVODEX-P15282,EVODEX-P15287,EVODEX-P15292,EVODEX-P15297,EVODEX-P15302,EVODEX-P15307,EVODEX-P15312,EVODEX-P15317,EVODEX-P15322,EVODEX-P15327,EVODEX-P15349,EVODEX-P15360,EVODEX-P15365,EVODEX-P15370,EVODEX-P23225"
EVODEX-N4407,>>[H]OC1:C(OC([H])([H])[H]):C([H]):C(/C([H])=C(\[H])C(O)=O):C([H]):C:1OC([H])([H])[H].[H],EVODEX-P12299
EVODEX-N4408,[H]O[C@]1([H])[C@]([H])(OP(=O)(O[H])O[H])[C@@]([H])(C([H])([H])OP(=O)(O[H])OP(=O)(O[H])OC([H])([H])C(C([H])([H])[H])(C([H])([H])[H])[C@@]([H])(O[H])C(=O)N([H])C([H])([H])C([H])([H])C(=O)N([H])C([H])([H])C([H])([H])S[C:49](=[O:50])[C:51])O[C@@]1([H])N1:C([H]):N:C2:C(N([H])[H]):N:C([H]):N:C:2:1>>[H]OC1:C([H]):C(C2:O:C3:C([H]):C(=O):C([H]):C(O[C@]4([H])O[C@]([H])(C([H])([H])O[C:49](=[O:50])[C:51])[C@@]([H])(O[H])[C@]([H])(O[H])[C@@]4([H])O[H]):C3:C([H]):C:2O[C@]2([H])O[C@]([H])(C([H])([H])O[H])[C@@]([H])(O[H])[C@]([H])(O[H])[C@@]2([H])O[H]):C([H]):C(O[H]):C:1O[H],EVODEX-P12303
EVODEX-N4409,>>[H]OC1:C([H]):C(C2:O:C3:C([H]):C(=O):C([H]):C(O[C@]4([H])O[C@]([H])(C([H])([H])O)[C@@]([H])(O[H])[C@]([H])(O[H])[C@@]4([H])O[H]):C3:C([H]):C:2O[C@]2([H])O[C@]([H])(C([H])([H])O[H])[C@@]([H])(O[H])[C@]([H])(O[H])[C@@]2([H])O[H]):C([H]):C(O[H]):C:1O[H].[H],"EVODEX-P12304,EVODEX-P14642"
EVODEX-N4410,[H]O[C@]1([H])[C@]([H])(OP(=O)(O[H])O[H])[C@@]([H])(C([H])([H])OP(=O)(O[H])OP(=O)(O[H])OC([H])([H])C(C([H])([H])[H])(C([H])([H])[H])[C@@]([H])(O[H])C(=O)N([H])C([H])([H])C([H])([H])C(=O)N([H])C([H])([H])C([H])([H])S[C:65]([C:64])=[O:66])O[C@@]1([H])N1:C([H]):N:C2:C(N([H])[H]):N:C([H]):N:C:2:1>>[H]O[C@]1([H])[C@]([H])(OP(=O)(O[H])O[H])[C@@]([H])(C([H])([H])OP(=O)(O[H])OP(=O)(O[H])OC([H])([H])C(C([H])([H])[H])(C([H])([H])[H])[C@@]([H])(O[H])C(=O)N([H])C([H])([H])C([H])([H])C(=O)N([H])C([H])([H])C([H])([H])SC(=O)C([H])([H])[C:65]([C:64])=[O:66])O[C@@]1([H])N1:C([H]):N:C2:C(N([H])[H]):N:C([H]):N:C:2:1,"EVODEX-P12312,EVODEX-P12586,EVODEX-P12595,EVODEX-P12697,EVODEX-P12701,EVODEX-P12783"
EVODEX-N4411,[H][C:1]([C:2])([H:115])[H:116]>>[H]C([H])([H])C([H])([H])C([H])([H])C([H])([H])C([H])([H])C([H])([H])C([H])([H])C([H])([H])C([H])([H])C([H])([H])C([H])([H])C([H])([H])C([H])([H])C(=O)[C:1]([C:2])([H:115])[H:116],EVODEX-P12313
EVODEX-N4412,>>[H]O[C@]1([H])[C@]([H])(OP(=O)(O[H])O[H])[C@@]([H])(C([H])([H])OP(=O)(O[H])OP(=O)(O[H])OC([H])([H])C(C([H])([H])[H])(C([H])([H])[H])[C@@]([H])(O[H])C(=O)N([H])C([H])([H])C([H])([H])C(=O)N([H])C([H])([H])C([H])([H])SC(=O)C([H])[H])O[C@@]1([H])N1:C([H]):N:C2:C(N([H])[H]):N:C([H]):N:C:2:1.[H],"EVODEX-P12314,EVODEX-P12546,EVODEX-P12593,EVODEX-P12603,EVODEX-P12693,EVODEX-P12708,EVODEX-P12766,EVODEX-P12790,EVODEX-P20772,EVODEX-P20793,EVODEX-P20859,EVODEX-P20965"
EVODEX-N4413,[H]C([H])([H])C([H])([H])C([H])([H])C([H])([H])C([H])([H])C([H])([H])C([H])([H])C([H])([H])C([H])([H])C([H])([H])C([H])([H])C([H])([H])C([H])([H])C(=O)[C:64]([C:65])([H:178])[H:179]>>[H][C:64]([C:65])([H:178])[H:179],EVODEX-P12316
EVODEX-N4414,[H][S:48][C:47].[H]O[C@]1([H])[C@]([H])(OP(=O)(O[H])O[H])[C@@]([H])(C([H])([H])OP(=O)(O[H])OP(=O)(O[H])OC([H])([H])C(C([H])([H])[H])(C([H])([H])[H])[C@@]([H])(O[H])C(=O)N([H])C([H])([H])C([H])([H])C(=O)N([H])C([H])([H])C([H])([H])SC(=O)C([H])([H])[C:62]([C:61])=[O:63])O[C@@]1([H])N1:C([H]):N:C2:C(N([H])[H]):N:C([H]):N:C:2:1>>[C:47][S:48][C:62]([C:61])=[O:63],"EVODEX-P12317,EVODEX-P12442,EVODEX-P12447"
EVODEX-N4415,[H]O[C@]1([H])[C@]([H])(OP(=O)(O[H])O[H])[C@@]([H])(C([H])([H])OP(=O)(O[H])OP(=O)(O[H])OC([H])([H])C(C([H])([H])[H])(C([H])([H])[H])[C@@]([H])(O[H])C(=O)N([H])C([H])([H])C([H])([H])C(=O)N([H])C([H])([H])C([H])([H])SC(=O)C([H])([H])[C:62]([C:61])=[O:63])O[C@@]1([H])N1:C([H]):N:C2:C(N([H])[H]):N:C([H]):N:C:2:1>>[H]O[C@]1([H])[C@]([H])(OP(=O)(O[H])O[H])[C@@]([H])(C([H])([H])OP(=O)(O[H])OP(=O)(O[H])OC([H])([H])C(C([H])([H])[H])(C([H])([H])[H])[C@@]([H])(O[H])C(=O)N([H])C([H])([H])C([H])([H])C(=O)N([H])C([H])([H])C([H])([H])S[C:62]([C:61])=[O:63])O[C@@]1([H])N1:C([H]):N:C2:C(N([H])[H]):N:C([H]):N:C:2:1,"EVODEX-P12318,EVODEX-P12443,EVODEX-P12448"
EVODEX-N4416,[H][S:48][C:47]>>[H]C([H])([H])C([H])([H])C([H])([H])C([H])([H])C([H])([H])C([H])([H])C([H])([H])C([H])([H])C([H])([H])C([H])([H])C([H])([H])C([H])([H])C([H])([H])C(=O)[S:48][C:47],EVODEX-P12319
EVODEX-N4417,[H]O[C@]1([H])[C@]([H])(OP(=O)(O[H])O[H])[C@@]([H])(C([H])([H])OP(=O)(O[H])OP(=O)(O[H])OC([H])([H])C(C([H])([H])[H])(C([H])([H])[H])[C@@]([H])(O[H])C(=O)N([H])C([H])([H])C([H])([H])C(=O)N([H])C([H])([H])C([H])([H])S[C:2]([C:1])=[O:3])O[C@@]1([H])N1:C([H]):N:C2:C(N([H])[H]):N:C([H]):N:C:2:1>>[H]OC([H])([H])[C@@]1([H])O[C@]([H])(OP(=O)(O[H])O[H])[C@]([H])(N([H])[C:2]([C:1])=[O:3])[C@@]([H])(O[H])[C@]1([H])O[H],EVODEX-P12324
EVODEX-N4418,>>[H]N[C@@]1([H])[C@@]([H])(OP(=O)(O[H])O[H])O[C@]([H])(C([H])([H])O[H])[C@@]([H])(O[H])[C@]1([H])O[H].[H],EVODEX-P12325
EVODEX-N4419,[C:1][C:2](=[O:3])[N:4].[H][S:67][C:66]>>[C:1][C:2](=[O:3])[S:67][C:66].[H][N:4],EVODEX-P12326
EVODEX-N4420,[H]OC([H])([H])[C@@]1([H])O[C@]([H])(OP(=O)(O[H])O[H])[C@]([H])(N([H])[C:2]([C:1])=[O:3])[C@@]([H])(O[H])[C@]1([H])O[H].[H][S:67][C:66]>>[C:1][C:2](=[O:3])[S:67][C:66],EVODEX-P12328
EVODEX-N4421,[H]OC([H])([H])[C@@]1([H])O[C@]([H])(OP(=O)(O[H])O[H])[C@]([H])(N([H])[C:2]([C:1])=[O:3])[C@@]([H])(O[H])[C@]1([H])O[H]>>[H]O[C@]1([H])[C@]([H])(OP(=O)(O[H])O[H])[C@@]([H])(C([H])([H])OP(=O)(O[H])OP(=O)(O[H])OC([H])([H])C(C([H])([H])[H])(C([H])([H])[H])[C@@]([H])(O[H])C(=O)N([H])C([H])([H])C([H])([H])C(=O)N([H])C([H])([H])C([H])([H])S[C:2]([C:1])=[O:3])O[C@@]1([H])N1:C([H]):N:C2:C(N([H])[H]):N:C([H]):N:C:2:1,EVODEX-P12329
EVODEX-N4422,[H][O:24][C:23].[H]OP(=O)(OC([H])([H])C([H])([H])N([H])[H])OC([H])([H])[C@]([H])(O[C:77](=[O:78])[C:79])C([H])([H])OC(=O)C([H])([H])C([H])([H])C([H])([H])C([H])([H])C([H])([H])C([H])([H])C([H])([H])/C([H])=C(/[H])C([H])([H])C([H])([H])C([H])([H])C([H])([H])C([H])([H])C([H])([H])C([H])([H])C([H])([H])[H]>>[C:23][O:24][C:77](=[O:78])[C:79],EVODEX-P12338
EVODEX-N4423,[H]OP(=O)(OC([H])([H])C([H])([H])N([H])[H])OC([H])([H])[C@]([H])(O[C:77](=[O:78])[C:79])C([H])([H])OC(=O)C([H])([H])C([H])([H])C([H])([H])C([H])([H])C([H])([H])C([H])([H])C([H])([H])/C([H])=C(/[H])C([H])([H])C([H])([H])C([H])([H])C([H])([H])C([H])([H])C([H])([H])C([H])([H])C([H])([H])[H]>>[H]/C(=C(\[H])C([H])([H])C([H])([H])C([H])([H])C([H])([H])C([H])([H])C([H])([H])C([H])([H])C([H])([H])[H])C([H])([H])C([H])([H])C([H])([H])C([H])([H])C([H])([H])C([H])([H])C([H])([H])C(=O)OC([H])([H])C([H])(OC(=O)C([H])([H])C([H])([H])C([H])([H])C([H])([H])C([H])([H])C([H])([H])C([H])([H])/C([H])=C(/[H])C([H])([H])C([H])([H])C([H])([H])C([H])([H])C([H])([H])C([H])([H])C([H])([H])C([H])([H])[H])C([H])([H])O[C:77](=[O:78])[C:79],EVODEX-P12339
EVODEX-N4424,[H]O[C@]1([H])[C@]([H])(OP(=O)(O[H])O[H])[C@@]([H])(C([H])([H])OP(=O)(O[H])OP(=O)(O[H])OC([H])([H])C(C([H])([H])[H])(C([H])([H])[H])[C@@]([H])(O[H])C(=O)N([H])C([H])([H])C([H])([H])C(=O)N([H])C([H])([H])C([H])([H])S[C:23]([C:22])=[O:24])O[C@@]1([H])N1:C([H]):N:C2:C(N([H])[H]):N:C([H]):N:C:2:1>>[H]C([H])=C1[C@@]2([H])C([H])([H])[C@]3([H])C([H])([H])C([H])([H])C(C([H])([H])[H])=C(C([H])([H])C([H])([H])[C@]2(C([H])([H])[H])C([H])([H])C([H])([H])[C@]1([H])O[C:23]([C:22])=[O:24])C3(C([H])([H])[H])C([H])([H])[H],EVODEX-P12347
EVODEX-N4425,>>[H]C([H])=C1[C@@]2([H])C([H])([H])[C@]3([H])C([H])([H])C([H])([H])C(C([H])([H])[H])=C(C([H])([H])C([H])([H])[C@]2(C([H])([H])[H])C([H])([H])C([H])([H])[C@]1([H])O)C3(C([H])([H])[H])C([H])([H])[H].[H],EVODEX-P12349
EVODEX-N4426,[H]O[C@]1([H])[C@]([H])(OP(=O)(O[H])O[H])[C@@]([H])(C([H])([H])OP(=O)(O[H])OP(=O)(O[H])OC([H])([H])C(C([H])([H])[H])(C([H])([H])[H])[C@@]([H])(O[H])C(=O)N([H])C([H])([H])C([H])([H])C(=O)N([H])C([H])([H])C([H])([H])S[C:25]([C:24])=[O:26])O[C@@]1([H])N1:C([H]):N:C2:C(N([H])[H]):N:C([H]):N:C:2:1>>[H]O[C@]1([H])C(=C([H])[H])[C@]2([H])[C@@](C([H])([H])[H])(C([H])([H])C1([H])[H])C([H])([H])[C@]([H])(O[C:25]([C:24])=[O:26])C1=C(C([H])([H])[H])C([H])([H])C([H])([H])C([H])(C1(C([H])([H])[H])C([H])([H])[H])[C@@]2([H])O[H],EVODEX-P12352
EVODEX-N4427,>>[H]O[C@]1([H])C(=C([H])[H])[C@]2([H])[C@@](C([H])([H])[H])(C([H])([H])C1([H])[H])C([H])([H])[C@]([H])(O)C1=C(C([H])([H])[H])C([H])([H])C([H])([H])C([H])(C1(C([H])([H])[H])C([H])([H])[H])[C@@]2([H])O[H].[H],EVODEX-P12354
EVODEX-N4428,[H]O[C@]1([H])[C@]([H])(OP(=O)(O[H])O[H])[C@@]([H])(C([H])([H])OP(=O)(O[H])OP(=O)(O[H])OC([H])([H])C(C([H])([H])[H])(C([H])([H])[H])[C@@]([H])(O[H])C(=O)N([H])C([H])([H])C([H])([H])C(=O)N([H])C([H])([H])C([H])([H])S[C:35]([C:34])=[O:36])O[C@@]1([H])N1:C([H]):N:C2:C(N([H])[H]):N:C([H]):N:C:2:1>>[H]C([H])=C1[C@]2([H])[C@@](C([H])([H])[H])(C([H])([H])C([H])([H])[C@]1([H])OC(=O)C([H])([H])[H])C([H])([H])[C@]([H])(O[C:35]([C:34])=[O:36])C1=C(C([H])([H])[H])C([H])([H])[C@]([H])(OC(=O)C([H])([H])[H])[C@]([H])(C1(C([H])([H])[H])C([H])([H])[H])[C@@]2([H])OC(=O)C([H])([H])[H],EVODEX-P12357
EVODEX-N4429,>>[H]C([H])=C1[C@]2([H])[C@@](C([H])([H])[H])(C([H])([H])C([H])([H])[C@]1([H])OC(=O)C([H])([H])[H])C([H])([H])[C@]([H])(O)C1=C(C([H])([H])[H])C([H])([H])[C@]([H])(OC(=O)C([H])([H])[H])[C@]([H])(C1(C([H])([H])[H])C([H])([H])[H])[C@@]2([H])OC(=O)C([H])([H])[H].[H],EVODEX-P12359
EVODEX-N4430,[S:48][C:49](=[O:50])[C:51].[C:63][N:64]([C:65](=[O:66])[C:67])[H:133].[H][O:82][H:146]>>[C:49](=[O:50])([C:51])[N:64]([C:63])[H:133].[C:65](=[O:66])([C:67])[O:82][H:146].[H][S:48],"EVODEX-P12360,EVODEX-P12378"
EVODEX-N4431,[H]O[C@]1([H])[C@]([H])(OP(=O)(O[H])O[H])[C@@]([H])(C([H])([H])OP(=O)(O[H])OP(=O)(O[H])OC([H])([H])C(C([H])([H])[H])(C([H])([H])[H])[C@@]([H])(O[H])C(=O)N([H])C([H])([H])C([H])([H])C(=O)N([H])C([H])([H])C([H])([H])S[C:49](=[O:50])[C:51])O[C@@]1([H])N1:C([H]):N:C2:C(N([H])[H]):N:C([H]):N:C:2:1.[C:63][N:64]([C:65](=[O:66])[C:67])[H:133].[H][O:82][H:146]>>[C:49](=[O:50])([C:51])[N:64]([C:63])[H:133].[C:65](=[O:66])([C:67])[O:82][H:146],"EVODEX-P12361,EVODEX-P12379"
EVODEX-N4432,[H]OC(=O)[C@]1([H])N2C(=O)[C@@]([H])(N([H])[C:8](=[O:9])[C:10])[C@@]2([H])SC1(C([H])([H])[H])C([H])([H])[H]>>[H]O[C:8](=[O:9])[C:10],"EVODEX-P12362,EVODEX-P27131,EVODEX-P27651"
EVODEX-N4433,.[H][O:82][H:146]>>[H]N[C@]1([H])C(=O)N2[C@]1([H])SC(C([H])([H])[H])(C([H])([H])[H])[C@]2([H])C(=O)O[H].[H]OC(=O)[C@@]([H])(N([H])[H])C([H])([H])C([H])([H])C([H])([H])C(=O)[O:82][H:146].[H],"EVODEX-P12363,EVODEX-P12380"
EVODEX-N4434,[H]O[C@]1([H])[C@]([H])(OP(=O)(O[H])O[H])[C@@]([H])(C([H])([H])OP(=O)(O[H])OP(=O)(O[H])OC([H])([H])C(C([H])([H])[H])(C([H])([H])[H])[C@@]([H])(O[H])C(=O)N([H])C([H])([H])C([H])([H])C(=O)N([H])C([H])([H])C([H])([H])S[C:49](=[O:50])[C:51])O[C@@]1([H])N1:C([H]):N:C2:C(N([H])[H]):N:C([H]):N:C:2:1>>[H]OC(=O)[C@]1([H])N2C(=O)[C@@]([H])(N([H])[C:49](=[O:50])[C:51])[C@@]2([H])SC1(C([H])([H])[H])C([H])([H])[H],"EVODEX-P12364,EVODEX-P12381"
EVODEX-N4435,[H]C1:C([H]):C([H]):C(C([H])([H])C(=O)[S:48][C:47]):C([H]):C:1[H].[H]OC(=O)[C@]1([H])N2C(=O)[C@@]([H])(N([H])[C:65](=[O:66])[C:67])[C@@]2([H])SC1(C([H])([H])[H])C([H])([H])[H].[H][O:82][H:146]>>[C:65](=[O:66])([C:67])[O:82][H:146].[H][S:48][C:47],EVODEX-P12365
EVODEX-N4436,[H]O[C@]1([H])[C@]([H])(OP(=O)(O[H])O[H])[C@@]([H])(C([H])([H])OP(=O)(O[H])OP(=O)(O[H])OC([H])([H])C(C([H])([H])[H])(C([H])([H])[H])[C@@]([H])(O[H])C(=O)N([H])C([H])([H])C([H])([H])C(=O)N([H])C([H])([H])C([H])([H])S[C:49](=[O:50])[C:51])O[C@@]1([H])N1:C([H]):N:C2:C(N([H])[H]):N:C([H]):N:C:2:1.[H][O:82][H:146]>>[H]OC(=O)[C@]1([H])N2C(=O)[C@@]([H])(N([H])[C:49](=[O:50])[C:51])[C@@]2([H])SC1(C([H])([H])[H])C([H])([H])[H].[H]OC(=O)[C@@]([H])(N([H])[H])C([H])([H])C([H])([H])C([H])([H])C(=O)[O:82][H:146],"EVODEX-P12366,EVODEX-P12384"
EVODEX-N4437,>>[H]N[C@]1([H])C(=O)N2[C@]1([H])SC(C([H])([H])[H])(C([H])([H])[H])[C@]2([H])C(=O)O[H].[H],"EVODEX-P12367,EVODEX-P12385,EVODEX-P27138"
EVODEX-N4438,[H]C1:C([H]):C([H]):C(C([H])([H])C(=O)[S:48][C:47]):C([H]):C:1[H].[H][O:82][H:146]>>[H]OC(=O)[C@@]([H])(N([H])[H])C([H])([H])C([H])([H])C([H])([H])C(=O)[O:82][H:146].[H][S:48][C:47],EVODEX-P12368
EVODEX-N4439,[H]O[C@]1([H])[C@]([H])(OP(=O)(O[H])O[H])[C@@]([H])(C([H])([H])OP(=O)(O[H])OP(=O)(O[H])OC([H])([H])C(C([H])([H])[H])(C([H])([H])[H])[C@@]([H])(O[H])C(=O)N([H])C([H])([H])C([H])([H])C(=O)N([H])C([H])([H])C([H])([H])S[C:49](=[O:50])[C:51])O[C@@]1([H])N1:C([H]):N:C2:C(N([H])[H]):N:C([H]):N:C:2:1.[H]OC(=O)[C@@]([H])(N([H])[H])C([H])([H])C([H])([H])C([H])([H])C(=O)[N:64]([C:63])[H:133]>>[C:49](=[O:50])([C:51])[N:64]([C:63])[H:133],"EVODEX-P12369,EVODEX-P12387"
EVODEX-N4440,[S:48][C:49](=[O:50])[C:51].[C:63][N:64]([C:65])[H:133]>>[C:49](=[O:50])([C:51])[N:64]([C:63])[H:133].[H]O[C:65].[H][S:48],"EVODEX-P12370,EVODEX-P12388"
EVODEX-N4441,[H]O[C@]1([H])[C@]([H])(OP(=O)(O[H])O[H])[C@@]([H])(C([H])([H])OP(=O)(O[H])OP(=O)(O[H])OC([H])([H])C(C([H])([H])[H])(C([H])([H])[H])[C@@]([H])(O[H])C(=O)N([H])C([H])([H])C([H])([H])C(=O)N([H])C([H])([H])C([H])([H])S[C:49](=[O:50])[C:51])O[C@@]1([H])N1:C([H]):N:C2:C(N([H])[H]):N:C([H]):N:C:2:1.[C:63][N:64]([C:65])[H:133]>>[C:49](=[O:50])([C:51])[N:64]([C:63])[H:133].[H]O[C:65],"EVODEX-P12371,EVODEX-P12389"
EVODEX-N4442,[S:48][C:49](=[O:50])[C:51].[H]OC(=O)[C@@]([H])(N([H])[H])C([H])([H])C([H])([H])C([H])([H])C(=O)[N:64]([C:63])[H:133]>>[C:49](=[O:50])([C:51])[N:64]([C:63])[H:133].[H][S:48],"EVODEX-P12372,EVODEX-P12390"
EVODEX-N4443,[N:64][C:65](=[O:66])[C:67].[H][O:82][H:146]>>[H]C1:C([H]):C([H]):C(C([H])([H])C(=O)[N:64]):C([H]):C:1[H].[C:65](=[O:66])([C:67])[O:82][H:146],EVODEX-P12373
EVODEX-N4444,[H]C1:C([H]):C([H]):C(C([H])([H])C(=O)[S:48][C:47]):C([H]):C:1[H].[H]OC(=O)[C@]1([H])N2C(=O)[C@@]([H])(N([H])[C:65](=[O:66])[C:67])[C@@]2([H])SC1(C([H])([H])[H])C([H])([H])[H]>>[H]O[C:65](=[O:66])[C:67].[H][S:48][C:47],EVODEX-P12374
EVODEX-N4445,[H]OC(=O)[C@@]([H])(N([H])[H])C([H])([H])C([H])([H])C([H])([H])C(=O)[N:64]([C:63])[H:133]>>[H]C1:C([H]):C([H]):C(C([H])([H])C(=O)[N:64]([C:63])[H:133]):C([H]):C:1[H],EVODEX-P12375
EVODEX-N4446,>>[H]C1:C([H]):C([H]):C(C([H])([H])C=O):C([H]):C:1[H].[H]O,EVODEX-P12376
EVODEX-N4447,[H]OC(=O)[C@]1([H])N2C(=O)[C@@]([H])(N([H])[C:65](=[O:66])[C:67])[C@@]2([H])SC1(C([H])([H])[H])C([H])([H])[H].[H][O:82][H:146]>>[C:65](=[O:66])([C:67])[O:82][H:146],"EVODEX-P12377,EVODEX-P27130,EVODEX-P27649"
EVODEX-N4448,[H]C1:C([H]):C([H]):C(OC([H])([H])C(=O)[S:48][C:47]):C([H]):C:1[H].[H]OC(=O)[C@]1([H])N2C(=O)[C@@]([H])(N([H])[C:66](=[O:67])[C:68])[C@@]2([H])SC1(C([H])([H])[H])C([H])([H])[H].[H][O:83][H:147]>>[C:66](=[O:67])([C:68])[O:83][H:147].[H][S:48][C:47],EVODEX-P12382
EVODEX-N4449,[H]C1:C([H]):C([H]):C(OC([H])([H])C(=O)[S:48][C:47]):C([H]):C:1[H]>>[H][S:48][C:47],EVODEX-P12383
EVODEX-N4450,[H]C1:C([H]):C([H]):C(OC([H])([H])C(=O)[S:48][C:47]):C([H]):C:1[H].[H][O:83][H:147]>>[H]OC(=O)[C@@]([H])(N([H])[H])C([H])([H])C([H])([H])C([H])([H])C(=O)[O:83][H:147].[H][S:48][C:47],EVODEX-P12386
EVODEX-N4451,[N:65][C:66](=[O:67])[C:68].[H][O:83][H:147]>>[H]C1:C([H]):C([H]):C(OC([H])([H])C(=O)[N:65]):C([H]):C:1[H].[C:66](=[O:67])([C:68])[O:83][H:147],EVODEX-P12391
EVODEX-N4452,[H]C1:C([H]):C([H]):C(OC([H])([H])C(=O)[S:48][C:47]):C([H]):C:1[H].[H]OC(=O)[C@]1([H])N2C(=O)[C@@]([H])(N([H])[C:66](=[O:67])[C:68])[C@@]2([H])SC1(C([H])([H])[H])C([H])([H])[H]>>[H]O[C:66](=[O:67])[C:68].[H][S:48][C:47],EVODEX-P12392
EVODEX-N4453,[H]OC(=O)[C@@]([H])(N([H])[H])C([H])([H])C([H])([H])C([H])([H])C(=O)[N:65]([C:64])[H:134]>>[H]C1:C([H]):C([H]):C(OC([H])([H])C(=O)[N:65]([C:64])[H:134]):C([H]):C:1[H],EVODEX-P12393
EVODEX-N4454,>>[H]C1:C([H]):C([H]):C(OC([H])([H])C=O):C([H]):C:1[H].[H]O,EVODEX-P12394
EVODEX-N4455,[H][N:61]([C:59])[C:62]>>[H]C([H])([H])C(=O)[N:61]([C:59])[C:62],"EVODEX-P12397,EVODEX-P12824"
EVODEX-N4456,[H]O[C@]1([H])[C@]([H])(OP(=O)(O[H])O[H])[C@@]([H])(C([H])([H])OP(=O)(O[H])OP(=O)(O[H])OC([H])([H])C(C([H])([H])[H])(C([H])([H])[H])[C@@]([H])(O[H])C(=O)N([H])C([H])([H])C([H])([H])C(=O)N([H])C([H])([H])C([H])([H])S[C:2]([C:1])=[O:3])O[C@@]1([H])N1:C([H]):N:C2:C(N([H])[H]):N:C([H]):N:C:2:1>>[H]OC([H])([H])C(C([H])([H])[H])(C([H])([H])[H])[C@@]([H])(O[H])C(=O)N(C([H])([H])C([H])([H])C(=O)N([H])C([H])([H])C([H])([H])S[H])[C:2]([C:1])=[O:3],EVODEX-P12398
EVODEX-N4457,[H]O[C@]1([H])[C@]([H])(OP(=O)(O[H])O[H])[C@@]([H])(C([H])([H])OP(=O)(O[H])OP(=O)(O[H])OC([H])([H])C(C([H])([H])[H])(C([H])([H])[H])[C@@]([H])(O[H])C(=O)N([H])C([H])([H])C([H])([H])C(=O)N([H])C([H])([H])C([H])([H])S[C:80](=[O:81])[C:82])O[C@@]1([H])N1:C([H]):N:C2:C(N([H])[H]):N:C([H]):N:C:2:1>>[H]O[C@@]1([H])C(=O)[C@@]2(C([H])([H])[H])[C@]([H])([C@]([H])(O[C:80](=[O:81])[C:82])[C@@]3(O[H])C(C([H])([H])[H])(C([H])([H])[H])C1=C(C([H])([H])[H])[C@@]([H])(O[H])C3([H])[H])[C@]1(OC(=O)C([H])([H])[H])C([H])([H])O[C@]1([H])C([H])([H])[C@]2([H])O[H],EVODEX-P12402
EVODEX-N4458,[H][O:57][C:58]>>[H]C1:C([H]):C([H]):C(C(=O)[O:57][C:58]):C([H]):C:1[H],"EVODEX-P12403,EVODEX-P12408,EVODEX-P12562,EVODEX-P12567"
EVODEX-N4459,>>[H]O[C@@]1([H])C(=O)[C@@]2(C([H])([H])[H])[C@]([H])([C@]([H])(O)[C@@]3(O[H])C(C([H])([H])[H])(C([H])([H])[H])C1=C(C([H])([H])[H])[C@@]([H])(O[H])C3([H])[H])[C@]1(OC(=O)C([H])([H])[H])C([H])([H])O[C@]1([H])C([H])([H])[C@]2([H])O[H].[H],EVODEX-P12404
EVODEX-N4460,[H]O[C@]1([H])[C@]([H])(OP(=O)(O[H])O[H])[C@@]([H])(C([H])([H])OP(=O)(O[H])OP(=O)(O[H])OC([H])([H])C(C([H])([H])[H])(C([H])([H])[H])[C@@]([H])(O[H])C(=O)N([H])C([H])([H])C([H])([H])C(=O)N([H])C([H])([H])C([H])([H])S[C:89](=[O:90])[C:91])O[C@@]1([H])N1:C([H]):N:C2:C(N([H])[H]):N:C([H]):N:C:2:1>>[H]O[C@]12C(C([H])([H])[H])(C([H])([H])[H])C(=C(C([H])([H])[H])[C@@]([H])(OC(=O)C([H])([H])[H])C1([H])[H])[C@@]([H])(OC(=O)C([H])([H])[H])C(=O)[C@@]1(C([H])([H])[H])[C@]([H])([C@]2([H])O[C:89](=[O:90])[C:91])[C@]2(OC(=O)C([H])([H])[H])C([H])([H])O[C@]2([H])C([H])([H])[C@]1([H])OC(=O)C([H])([H])[H],EVODEX-P12407
EVODEX-N4461,>>[H]O[C@]12C(C([H])([H])[H])(C([H])([H])[H])C(=C(C([H])([H])[H])[C@@]([H])(OC(=O)C([H])([H])[H])C1([H])[H])[C@@]([H])(OC(=O)C([H])([H])[H])C(=O)[C@@]1(C([H])([H])[H])[C@]([H])([C@]2([H])O)[C@]2(OC(=O)C([H])([H])[H])C([H])([H])O[C@]2([H])C([H])([H])[C@]1([H])OC(=O)C([H])([H])[H].[H],EVODEX-P12409
EVODEX-N4462,[H]O[C@]1([H])[C@]([H])(OP(=O)(O[H])O[H])[C@@]([H])(C([H])([H])OP(=O)(O[H])OP(=O)(O[H])OC([H])([H])C(C([H])([H])[H])(C([H])([H])[H])[C@@]([H])(O[H])C(=O)N([H])C([H])([H])C([H])([H])C(=O)N([H])C([H])([H])C([H])([H])S[C:41]([C:40])=[O:42])O[C@@]1([H])N1:C([H]):N:C2:C(N([H])[H]):N:C([H]):N:C:2:1>>[H]O[C@]12C(C([H])([H])[H])(C([H])([H])[H])C(=C(C([H])([H])[H])[C@@]([H])(O[H])C1([H])[H])[C@@]([H])(O[C:41]([C:40])=[O:42])C(=O)[C@@]1(C([H])([H])[H])[C@]([H])([C@]2([H])OC(=O)C2:C([H]):C([H]):C([H]):C([H]):C:2[H])[C@]2(OC(=O)C([H])([H])[H])C([H])([H])O[C@]2([H])C([H])([H])[C@]1([H])O[H],"EVODEX-P12412,EVODEX-P12417"
EVODEX-N4463,>>[H]O[C@]12C(C([H])([H])[H])(C([H])([H])[H])C(=C(C([H])([H])[H])[C@@]([H])(O[H])C1([H])[H])[C@@]([H])(O)C(=O)[C@@]1(C([H])([H])[H])[C@]([H])([C@]2([H])OC(=O)C2:C([H]):C([H]):C([H]):C([H]):C:2[H])[C@]2(OC(=O)C([H])([H])[H])C([H])([H])O[C@]2([H])C([H])([H])[C@]1([H])O[H].[H],"EVODEX-P12414,EVODEX-P12419"
EVODEX-N4464,[H][O:17][C:16]>>[H]C([H])([H])C([H])([H])C([H])([H])C(=O)[O:17][C:16],EVODEX-P12418
EVODEX-N4465,[H]OC(=O)C([H])([H])C([H])([H])C(=O)[C:99]([C:97])([H:178])[H:179]>>[H][C:99]([C:97])([H:178])[H:179],EVODEX-P12441
EVODEX-N4466,[H]OC(=O)C([H])([H])C([H])(C(=O)[C:57]([C:58])([H:151])[H:152])C([H])([H])[H]>>[H][C:57]([C:58])([H:151])[H:152],EVODEX-P12446
EVODEX-N4467,[H][S:48][C:47]>>[H]OC(=O)C([H])([H])[C@@]([H])(C(=O)[S:48][C:47])C([H])([H])[H],EVODEX-P12449
EVODEX-N4468,[H]O[C@]1([H])[C@]([H])(OP(=O)(O[H])O[H])[C@@]([H])(C([H])([H])OP(=O)(O[H])OP(=O)(O[H])OC([H])([H])C(C([H])([H])[H])(C([H])([H])[H])[C@@]([H])(O[H])C(=O)N([H])C([H])([H])C([H])([H])C(=O)N([H])C([H])([H])C([H])([H])S[C:2]([C:1])=[O:3])O[C@@]1([H])N1:C([H]):N:C2:C(N([H])[H]):N:C([H]):N:C:2:1>>[H]OC(=O)C1=C(C([H])([H])O[C:2]([C:1])=[O:3])C([H])([H])S[C@@]2([H])N1C(=O)[C@@]2([H])N([H])C(=O)C([H])([H])C([H])([H])C([H])([H])[C@]([H])(C(=O)O[H])N([H])[H],EVODEX-P12454
EVODEX-N4469,[H]/C(=C(\C(=O)[S:7][C:6])C([H])([H])[H])C([H])(C([H])([H])[H])C([H])([H])[H]>>[H][S:7][C:6],EVODEX-P12467
EVODEX-N4470,[H][O:42][C:41].[H]N(C(=O)C([H])([H])[H])C([H])([H])C([H])([H])S[C:8](=[O:9])[C:10]>>[C:8](=[O:9])([C:10])[O:42][C:41],"EVODEX-P12468,EVODEX-P12474,EVODEX-P12747,EVODEX-P12752"
EVODEX-N4471,[H]N(C(=O)C([H])([H])[H])C([H])([H])C([H])([H])S[C:8](=[O:9])[C:10]>>[H]O[C@]1(C([H])([H])O[C:8](=[O:9])[C:10])[C@@]([H])(N([H])C2:C([H]):C([H]):C([H]):C(C(=O)C([H])([H])[H]):C:2[H])[C@]([H])(N([H])[H])[C@@](N([H])C(=O)N(C([H])([H])[H])C([H])([H])[H])(C([H])([H])[H])[C@]1(O[H])C([H])([H])[H],"EVODEX-P12469,EVODEX-P12475"
EVODEX-N4472,[H][O:42][C:41]>>[H]/C(=C(\C(=O)[O:42][C:41])C([H])([H])[H])C([H])(C([H])([H])[H])C([H])([H])[H],EVODEX-P12470
EVODEX-N4473,>>[H]O[C@]1(C([H])([H])O)[C@@]([H])(N([H])C2:C([H]):C([H]):C([H]):C(C(=O)C([H])([H])[H]):C:2[H])[C@]([H])(N([H])[H])[C@@](N([H])C(=O)N(C([H])([H])[H])C([H])([H])[H])(C([H])([H])[H])[C@]1(O[H])C([H])([H])[H].[H],"EVODEX-P12471,EVODEX-P12477"
EVODEX-N4474,[H]C([H])([H])C([H])([H])C([H])(C(=O)[S:35][C:36])C([H])([H])[H]>>[H][S:35][C:36],EVODEX-P12473
EVODEX-N4475,[H][O:27][C:26]>>[H]C([H])([H])C([H])([H])C([H])(C(=O)[O:27][C:26])C([H])([H])[H],"EVODEX-P12476,EVODEX-P12749,EVODEX-P12754"
EVODEX-N4476,[H]O[C@]1([H])[C@]([H])(OP(=O)(O[H])O[H])[C@@]([H])(C([H])([H])OP(=O)(O[H])OP(=O)(O[H])OC([H])([H])C(C([H])([H])[H])(C([H])([H])[H])[C@@]([H])(O[H])C(=O)N([H])C([H])([H])C([H])([H])C(=O)N([H])C([H])([H])C([H])([H])S[C:2]([C:1])=[O:3])O[C@@]1([H])N1:C([H]):N:C2:C(N([H])[H]):N:C([H]):N:C:2:1>>[H]OC(=O)[C@@]([H])(N([H])[C:2]([C:1])=[O:3])C([H])([H])C([H])([H])P(=O)(O[H])C([H])([H])[H],EVODEX-P12481
EVODEX-N4477,>>[H]N[C@]([H])(C(=O)O[H])C([H])([H])C([H])([H])P(=O)(O[H])C([H])([H])[H].[H],EVODEX-P12482
EVODEX-N4478,[H]O[C@]1([H])[C@]([H])(OP(=O)(O[H])O[H])[C@@]([H])(C([H])([H])OP(=O)(O[H])OP(=O)(O[H])OC([H])([H])C(C([H])([H])[H])(C([H])([H])[H])[C@@]([H])(O[H])C(=O)N([H])C([H])([H])C([H])([H])C(=O)N([H])C([H])([H])C([H])([H])S[C:2]([C:1])=[O:3])O[C@@]1([H])N1:C([H]):N:C2:C(N([H])[H]):N:C([H]):N:C:2:1>>[H]OC(=O)[C@@]([H])(N([H])C(=O)[C@@]([H])(N([H])C(=O)[C@@]([H])(N([H])[C:2]([C:1])=[O:3])C([H])([H])C([H])([H])P(=O)(O[H])C([H])([H])[H])C([H])([H])[H])C([H])([H])[H],EVODEX-P12486
EVODEX-N4479,>>[H]N[C@]([H])(C(=O)N([H])[C@]([H])(C(=O)N([H])[C@]([H])(C(=O)O[H])C([H])([H])[H])C([H])([H])[H])C([H])([H])C([H])([H])P(=O)(O[H])C([H])([H])[H].[H],EVODEX-P12487
EVODEX-N4480,[H]O[C@]1([H])[C@]([H])(OP(=O)(O[H])O[H])[C@@]([H])(C([H])([H])OP(=O)(O[H])OP(=O)(O[H])OC([H])([H])C(C([H])([H])[H])(C([H])([H])[H])[C@@]([H])(O[H])C(=O)N([H])C([H])([H])C([H])([H])C(=O)N([H])C([H])([H])C([H])([H])S[C:2]([C:1])=[O:3])O[C@@]1([H])N1:C([H]):N:C2:C(N([H])[H]):N:C([H]):N:C:2:1>>[H]C([H])([H])N1[C@@]2([H])C([H])([H])C([H])([H])[C@]1([H])C([H])([H])[C@]([H])(O[C:2]([C:1])=[O:3])C2([H])[H],"EVODEX-P12491,EVODEX-P12496"
EVODEX-N4481,>>[H]C([H])([H])N1[C@@]2([H])C([H])([H])C([H])([H])[C@]1([H])C([H])([H])[C@]([H])(O)C2([H])[H].[H],"EVODEX-P12492,EVODEX-P12497"
EVODEX-N4482,[H][O:66][C:65]>>[H]C1:C([H]):C([H]):C(C([H])([H])C(=O)[O:66][C:65]):C([H]):C:1[H],EVODEX-P12495
EVODEX-N4483,[H][O:31][C:30].[H]OC(=O)C([H])([H])C(=O)SC([H])([H])C([H])([H])N([H])C(=O)C([H])([H])C([H])([H])N([H])C(=O)[C@]([H])(O[H])C(C([H])([H])[H])(C([H])([H])[H])C([H])([H])OP(=O)(O[H])OP(=O)(O[H])OC([H])([H])[C@@]1([H])O[C@@]([H])(N2:C([H]):N:C3:C(N([H])[H]):N:C([H]):N:C:3:2)[C@]([H])(O[H])[C@]1([H])O[P:76](=[O:77])([O:78])[O:79]>>[C:30][O:31][P:76](=[O:77])([O:78])[O:79],EVODEX-P12500
EVODEX-N4484,[H]OC(=O)C([H])(C(=O)SC([H])([H])C([H])([H])N([H])C(=O)C([H])([H])C([H])([H])N([H])C(=O)[C@]([H])(O[H])C(C([H])([H])[H])(C([H])([H])[H])C([H])([H])OP(=O)(O[H])OP(=O)(O[H])OC([H])([H])[C@@]1([H])O[C@@]([H])(N2:C([H]):N:C3:C(N([H])[H]):N:C([H]):N:C:3:2)[C@]([H])(O[H])[C@]1([H])O[P:52](=[O:53])([O:54])[O:55])C([H])([H])[H].[H][O:84][C:83]>>[P:52](=[O:53])([O:54])([O:55])[O:84][C:83],EVODEX-P12503
EVODEX-N4485,[H]OC(=O)C([H])(C(=O)SC([H])([H])C([H])([H])N([H])C(=O)C([H])([H])C([H])([H])N([H])C(=O)[C@]([H])(O[H])C(C([H])([H])[H])(C([H])([H])[H])C([H])([H])OP(=O)(O[H])OP(=O)(O[H])OC([H])([H])[C@@]1([H])O[C@@]([H])(N2:C([H]):N:C3:C(N([H])[H]):N:C([H]):N:C:3:2)[C@]([H])(O[H])[C@]1([H])O[P:52](=[O:53])([O:54])[O:55])C([H])([H])[H]>>[H]O[C@@]1([H])[C@@]([H])(O[P:52](=[O:53])([O:54])[O:55])[C@]([H])(N2:C([H]):N:C3:C(N([H])[H]):N:C([H]):N:C:3:2)O[C@]1([H])C([H])([H])OP(=O)(O[H])OP(=O)(O[H])OC([H])([H])C(C([H])([H])[H])(C([H])([H])[H])[C@@]([H])(O[H])C(=O)N([H])C([H])([H])C([H])([H])C(=O)N([H])C([H])([H])C([H])([H])S[H],EVODEX-P12505
EVODEX-N4486,[H]O[C@]1([H])[C@]([H])(OP(=O)(O[H])O[H])[C@@]([H])(C([H])([H])OP(=O)(O[H])OP(=O)(O[H])OC([H])([H])C(C([H])([H])[H])(C([H])([H])[H])[C@@]([H])(O[H])C(=O)N([H])C([H])([H])C([H])([H])C(=O)N([H])C([H])([H])C([H])([H])S[C:21]([C:20])=[O:22])O[C@@]1([H])N1:C([H]):N:C2:C(N([H])[H]):N:C([H]):N:C:2:1>>[H]C([H])([H])C([H])([H])C([H])([H])C([H])([H])C([H])([H])C([H])([H])C([H])([H])C([H])([H])C([H])([H])C([H])([H])C([H])([H])C([H])([H])O[C:21]([C:20])=[O:22],EVODEX-P12511
EVODEX-N4487,>>[H]C([H])([H])C([H])([H])C([H])([H])C([H])([H])C([H])([H])C([H])([H])C([H])([H])C([H])([H])C([H])([H])C([H])([H])C([H])([H])C([H])([H])O.[H],EVODEX-P12512
EVODEX-N4488,[H]O[C@]1([H])[C@]([H])(OP(=O)(O[H])O[H])[C@@]([H])(C([H])([H])OP(=O)(O[H])OP(=O)(O[H])OC([H])([H])C(C([H])([H])[H])(C([H])([H])[H])[C@@]([H])(O[H])C(=O)N([H])C([H])([H])C([H])([H])C(=O)N([H])C([H])([H])C([H])([H])S[C:2]([C:1])=[O:3])O[C@@]1([H])N1:C([H]):N:C2:C(N([H])[H]):N:C([H]):N:C:2:1>>[H]OC([H])([H])[C@@]1([H])O[C@]([H])(O[C@@]2([H])[C@@]([H])(O[H])[C@@]([H])(O[H])[C@]([H])(O[H])[C@@]([H])(O[H])[C@]2([H])O[H])[C@]([H])(N([H])C(=O)[C@@]([H])(N([H])[C:2]([C:1])=[O:3])C([H])([H])S[H])[C@@]([H])(O[H])[C@]1([H])O[H],EVODEX-P12521
EVODEX-N4489,>>[H]N[C@]([H])(C(=O)N([H])[C@@]1([H])[C@@]([H])(O[C@@]2([H])[C@@]([H])(O[H])[C@@]([H])(O[H])[C@]([H])(O[H])[C@@]([H])(O[H])[C@]2([H])O[H])O[C@]([H])(C([H])([H])O[H])[C@@]([H])(O[H])[C@]1([H])O[H])C([H])([H])S[H].[H],EVODEX-P12522
EVODEX-N4490,[H]OC([H])(C([H])([H])[H])[C:2]([C:1])=[O:3]>>[H]O[C@]1([H])[C@]([H])(OP(=O)(O[H])O[H])[C@@]([H])(C([H])([H])OP(=O)(O[H])OP(=O)(O[H])OC([H])([H])C(C([H])([H])[H])(C([H])([H])[H])[C@@]([H])(O[H])C(=O)N([H])C([H])([H])C([H])([H])C(=O)N([H])C([H])([H])C([H])([H])S[C:2]([C:1])=[O:3])O[C@@]1([H])N1:C([H]):N:C2:C(N([H])[H]):N:C([H]):N:C:2:1,EVODEX-P12523
EVODEX-N4491,[H][O:6][C:4]([C:2])([C:5])[H:102]>>[H]O[C@]1([H])[C@]([H])(OP(=O)(O[H])O[H])[C@@]([H])(C([H])([H])OP(=O)(O[H])OP(=O)(O[H])OC([H])([H])C(C([H])([H])[H])(C([H])([H])[H])[C@@]([H])(O[H])C(=O)N([H])C([H])([H])C([H])([H])C(=O)N([H])C([H])([H])C([H])([H])S[C:2])O[C@@]1([H])N1:C([H]):N:C2:C(N([H])[H]):N:C([H]):N:C:2:1.[C:4]([C:5])(=[O:6])[H:102],EVODEX-P12525
EVODEX-N4492,[H]OC([H])(C([H])([H])[H])[C:2]([C:1])=[O:3].[H][S:54][C:53]>>[C:1][C:2](=[O:3])[S:54][C:53],EVODEX-P12527
EVODEX-N4493,[H][O:6][C:4]([C:2]([C:1])=[O:3])([C:5])[H:102].[H][S:54][C:53]>>[C:1][C:2](=[O:3])[S:54][C:53].[C:4]([C:5])(=[O:6])[H:102],EVODEX-P12531
EVODEX-N4494,[H]C1:C([H]):C([H]):C2:C(C([H])([H])C(=O)[S:48][C:47]):C([H]):C([H]):C([H]):C:2:C:1[H]>>[H][S:48][C:47],EVODEX-P12533
EVODEX-N4495,[H][N:62]([C:63])[H:111]>>[H]C1:C([H]):C([H]):C2:C(C([H])([H])C(=O)[N:62]([C:63])[H:111]):C([H]):C([H]):C([H]):C:2:C:1[H],EVODEX-P12535
EVODEX-N4496,[H]OC(=O)[C:102]([C:100])([H:179])[H:180]>>[H]C([H])([H])C(=O)[C:102]([C:100])([H:179])[H:180],EVODEX-P12538
EVODEX-N4497,[C:1][C:2](=[O:3])[S:4].[H][O:105][C:103]([C:102]([C:100])([H:179])[H:180])=[O:104]>>[C:103](=[O:104])=[O:105].[C:1][C:2](=[O:3])[C:102]([C:100])([H:179])[H:180].[H][S:4],"EVODEX-P12539,EVODEX-P12547,EVODEX-P12588,EVODEX-P12597,EVODEX-P12694,EVODEX-P12703,EVODEX-P12785"
EVODEX-N4498,[H]O[C@]1([H])[C@]([H])(OP(=O)(O[H])O[H])[C@@]([H])(C([H])([H])OP(=O)(O[H])OP(=O)(O[H])OC([H])([H])C(C([H])([H])[H])(C([H])([H])[H])[C@@]([H])(O[H])C(=O)N([H])C([H])([H])C([H])([H])C(=O)N([H])C([H])([H])C([H])([H])S[C:2]([C:1])=[O:3])O[C@@]1([H])N1:C([H]):N:C2:C(N([H])[H]):N:C([H]):N:C:2:1.[H][O:105][C:103]([C:102]([C:100])([H:179])[H:180])=[O:104]>>[C:103](=[O:104])=[O:105].[C:1][C:2](=[O:3])[C:102]([C:100])([H:179])[H:180],"EVODEX-P12540,EVODEX-P12548,EVODEX-P12589,EVODEX-P12598,EVODEX-P12695,EVODEX-P12704,EVODEX-P12786"
EVODEX-N4499,[H]C([H])([H])C(=O)[S:4][C:5].[H]O[C@]1([H])[C@]([H])(OP(=O)(O[H])O[H])[C@@]([H])(C([H])([H])OP(=O)(O[H])OP(=O)(O[H])OC([H])([H])C(C([H])([H])[H])(C([H])([H])[H])[C@@]([H])(O[H])C(=O)N([H])C([H])([H])C([H])([H])C(=O)N([H])C([H])([H])C([H])([H])SC(=O)C([H])([H])[C:103](=[O:104])[O:105][H])O[C@@]1([H])N1:C([H]):N:C2:C(N([H])[H]):N:C([H]):N:C:2:1>>[C:103](=[O:104])=[O:105].[H][S:4][C:5],EVODEX-P12541
EVODEX-N4500,[C:1][C:2](=[O:3])[S:4].[H]OC(=O)[C:102]([C:100])([H:179])[H:180]>>[C:1][C:2](=[O:3])[C:102]([C:100])([H:179])[H:180].[H][S:4],"EVODEX-P12542,EVODEX-P12592,EVODEX-P12601,EVODEX-P12698,EVODEX-P12707,EVODEX-P12789"
EVODEX-N4501,[H][O:105][C:103]([C:102])=[O:104]>>[C:103](=[O:104])=[O:105].[H]C([H])([H])C(=O)[C:102],EVODEX-P12543
EVODEX-N4502,[H]O[C@]1([H])[C@]([H])(OP(=O)(O[H])O[H])[C@@]([H])(C([H])([H])OP(=O)(O[H])OP(=O)(O[H])OC([H])([H])C(C([H])([H])[H])(C([H])([H])[H])[C@@]([H])(O[H])C(=O)N([H])C([H])([H])C([H])([H])C(=O)N([H])C([H])([H])C([H])([H])S[C:2]([C:1])=[O:3])O[C@@]1([H])N1:C([H]):N:C2:C(N([H])[H]):N:C([H]):N:C:2:1.[H]OC(=O)[C:102]([C:100])([H:179])[H:180]>>[C:1][C:2](=[O:3])[C:102]([C:100])([H:179])[H:180],"EVODEX-P12544,EVODEX-P12594,EVODEX-P12604,EVODEX-P12700,EVODEX-P12709,EVODEX-P12791"
EVODEX-N4503,[H]OC(=O)[C:105]([C:103])([H:182])[H:183]>>[H]OC(=O)C([H])([H])C(=O)[C:105]([C:103])([H:182])[H:183],EVODEX-P12545
EVODEX-N4504,[H]OC(=O)C([H])([H])C(=O)[S:48][C:47].[H]O[C@]1([H])[C@]([H])(OP(=O)(O[H])O[H])[C@@]([H])(C([H])([H])OP(=O)(O[H])OP(=O)(O[H])OC([H])([H])C(C([H])([H])[H])(C([H])([H])[H])[C@@]([H])(O[H])C(=O)N([H])C([H])([H])C([H])([H])C(=O)N([H])C([H])([H])C([H])([H])SC(=O)C([H])([H])[C:106](=[O:107])[O:108][H])O[C@@]1([H])N1:C([H]):N:C2:C(N([H])[H]):N:C([H]):N:C:2:1>>[C:106](=[O:107])=[O:108].[H][S:48][C:47],EVODEX-P12549
EVODEX-N4505,[H]O[C@]1([H])[C@]([H])(OP(=O)(O[H])O[H])[C@@]([H])(C([H])([H])OP(=O)(O[H])OP(=O)(O[H])OC([H])([H])C(C([H])([H])[H])(C([H])([H])[H])[C@@]([H])(O[H])C(=O)N([H])C([H])([H])C([H])([H])C(=O)N([H])C([H])([H])C([H])([H])S[C:2]([C:1])=[O:3])O[C@@]1([H])N1:C([H]):N:C2:C(N([H])[H]):N:C([H]):N:C:2:1>>[H]/C(=C(\[H])C([H])([H])C([H])([H])O[C:2]([C:1])=[O:3])C([H])([H])C([H])([H])[H],EVODEX-P12553
EVODEX-N4506,>>[H]/C(=C(\[H])C([H])([H])C([H])([H])O)C([H])([H])C([H])([H])[H].[H],EVODEX-P12554
EVODEX-N4507,[H]O[C@]1([H])[C@]([H])(OP(=O)(O[H])O[H])[C@@]([H])(C([H])([H])OP(=O)(O[H])OP(=O)(O[H])OC([H])([H])C(C([H])([H])[H])(C([H])([H])[H])[C@@]([H])(O[H])C(=O)N([H])C([H])([H])C([H])([H])C(=O)N([H])C([H])([H])C([H])([H])S[C:2]([C:1])=[O:3])O[C@@]1([H])N1:C([H]):N:C2:C(N([H])[H]):N:C([H]):N:C:2:1>>[H]C([H])([H])C([H])([H])C([H])([H])C([H])([H])C([H])([H])C([H])([H])C([H])([H])C([H])([H])O[C:2]([C:1])=[O:3],EVODEX-P12558
EVODEX-N4508,>>[H]C([H])([H])C([H])([H])C([H])([H])C([H])([H])C([H])([H])C([H])([H])C([H])([H])C([H])([H])O.[H],EVODEX-P12559
EVODEX-N4509,[H]O[C@]1([H])[C@]([H])(OP(=O)(O[H])O[H])[C@@]([H])(C([H])([H])OP(=O)(O[H])OP(=O)(O[H])OC([H])([H])C(C([H])([H])[H])(C([H])([H])[H])[C@@]([H])(O[H])C(=O)N([H])C([H])([H])C([H])([H])C(=O)N([H])C([H])([H])C([H])([H])S[C:49](=[O:50])[C:51])O[C@@]1([H])N1:C([H]):N:C2:C(N([H])[H]):N:C([H]):N:C:2:1>>[H]C1:C([H]):C([H]):C(C([H])([H])C([H])([H])O[C:49](=[O:50])[C:51]):C([H]):C:1[H],EVODEX-P12563
EVODEX-N4510,>>[H]C1:C([H]):C([H]):C(C([H])([H])C([H])([H])O):C([H]):C:1[H].[H],EVODEX-P12564
EVODEX-N4511,[H]O[C@]1([H])[C@]([H])(OP(=O)(O[H])O[H])[C@@]([H])(C([H])([H])OP(=O)(O[H])OP(=O)(O[H])OC([H])([H])C(C([H])([H])[H])(C([H])([H])[H])[C@@]([H])(O[H])C(=O)N([H])C([H])([H])C([H])([H])C(=O)N([H])C([H])([H])C([H])([H])S[C:49](=[O:50])[C:51])O[C@@]1([H])N1:C([H]):N:C2:C(N([H])[H]):N:C([H]):N:C:2:1>>[H]C1:C([H]):C([H]):C(C([H])([H])O[C:49](=[O:50])[C:51]):C([H]):C:1[H],"EVODEX-P12568,EVODEX-P12723"
EVODEX-N4512,>>[H]C1:C([H]):C([H]):C(C([H])([H])O):C([H]):C:1[H].[H],"EVODEX-P12569,EVODEX-P12724"
EVODEX-N4513,[H]O[C@]1([H])[C@]([H])(OP(=O)(O[H])O[H])[C@@]([H])(C([H])([H])OP(=O)(O[H])OP(=O)(O[H])OC([H])([H])C(C([H])([H])[H])(C([H])([H])[H])[C@@]([H])(O[H])C(=O)N([H])C([H])([H])C([H])([H])C(=O)N([H])C([H])([H])C([H])([H])S[C:2]([C:1])=[O:3])O[C@@]1([H])N1:C([H]):N:C2:C(N([H])[H]):N:C([H]):N:C:2:1>>[H]O[C@@]1([H])[C@@]([H])(OP(=O)(O[H])OP(=O)(O[H])OC([H])([H])[C@@]2([H])O[C@@]([H])(N3:C([H]):C(C([H])([H])[H]):C(=O):N([H]):C:3=O)C([H])([H])[C@]2([H])O[H])O[C@]([H])(C([H])([H])[H])[C@]([H])(O[H])[C@]1([H])N([H])[C:2]([C:1])=[O:3],EVODEX-P12573
EVODEX-N4514,>>[H]N[C@]1([H])[C@@]([H])(O[H])[C@@]([H])(OP(=O)(O[H])OP(=O)(O[H])OC([H])([H])[C@@]2([H])O[C@@]([H])(N3:C([H]):C(C([H])([H])[H]):C(=O):N([H]):C:3=O)C([H])([H])[C@]2([H])O[H])O[C@]([H])(C([H])([H])[H])[C@]1([H])O[H].[H],EVODEX-P12574
EVODEX-N4515,[H]OC([H])([H])C([H])([H])C([H])([H])C([H])([H])C([H])([H])C([H])([H])C([H])([H])C([H])([H])C([H])([H])C([H])([H])C([H])([H])C([H])([H])C([H])([H])C([H])([H])C([H])([H])C(=O)[S:48][C:47]>>[H][S:48][C:47],EVODEX-P12576
EVODEX-N4516,[H][O:74][C:73]>>[H]OC([H])([H])C([H])([H])C([H])([H])C([H])([H])C([H])([H])C([H])([H])C([H])([H])C([H])([H])C([H])([H])C([H])([H])C([H])([H])C([H])([H])C([H])([H])C([H])([H])C([H])([H])C(=O)[O:74][C:73],EVODEX-P12578
EVODEX-N4517,[H]O[C@]1([H])[C@]([H])(OP(=O)(O[H])O[H])[C@@]([H])(C([H])([H])OP(=O)(O[H])OP(=O)(O[H])OC([H])([H])C(C([H])([H])[H])(C([H])([H])[H])[C@@]([H])(O[H])C(=O)N([H])C([H])([H])C([H])([H])C(=O)N([H])C([H])([H])C([H])([H])S[C:49](=[O:50])[C:51])O[C@@]1([H])N1:C([H]):N:C2:C(N([H])[H]):N:C([H]):N:C:2:1>>[H]OC([H])([H])[C@@]([H])(O[C:49](=[O:50])[C:51])C([H])([H])OP(=O)(O[H])O[H],"EVODEX-P12579,EVODEX-P12584"
EVODEX-N4518,[H][O:54][C:52]([C:51])=[O:53]>>[C:52](=[O:53])=[O:54].[H]C([H])([H])C([H])([H])C([H])([H])C([H])([H])C([H])([H])C([H])([H])C([H])([H])C([H])([H])C([H])([H])C([H])([H])C([H])([H])C([H])([H])C([H])([H])C([H])([H])C([H])([H])C([H])([H])C([H])([H])C([H])([H])C([H])([H])C([H])([H])C([H])([H])C(=O)[C:51],EVODEX-P12587
EVODEX-N4519,[H]O[C@]1([H])[C@]([H])(OP(=O)(O[H])O[H])[C@@]([H])(C([H])([H])OP(=O)(O[H])OP(=O)(O[H])OC([H])([H])C(C([H])([H])[H])(C([H])([H])[H])[C@@]([H])(O[H])C(=O)N([H])C([H])([H])C([H])([H])C(=O)N([H])C([H])([H])C([H])([H])SC(=O)C([H])([H])[C:52](=[O:53])[O:54][H])O[C@@]1([H])N1:C([H]):N:C2:C(N([H])[H]):N:C([H]):N:C:2:1.[H]C([H])([H])C([H])([H])C([H])([H])C([H])([H])C([H])([H])C([H])([H])C([H])([H])C([H])([H])C([H])([H])C([H])([H])C([H])([H])C([H])([H])C([H])([H])C([H])([H])C([H])([H])C([H])([H])C([H])([H])C([H])([H])C([H])([H])C([H])([H])C([H])([H])C(=O)[S:78][C:79]>>[C:52](=[O:53])=[O:54].[H][S:78][C:79],EVODEX-P12590
EVODEX-N4520,[H]OC(=O)[C:51]([C:49])([H:161])[H:162]>>[H]C([H])([H])C([H])([H])C([H])([H])C([H])([H])C([H])([H])C([H])([H])C([H])([H])C([H])([H])C([H])([H])C([H])([H])C([H])([H])C([H])([H])C([H])([H])C([H])([H])C([H])([H])C([H])([H])C([H])([H])C([H])([H])C([H])([H])C([H])([H])C([H])([H])C(=O)[C:51]([C:49])([H:161])[H:162],EVODEX-P12591
EVODEX-N4521,[H][O:54][C:52]([C:51])=[O:53]>>[C:52](=[O:53])=[O:54].[H]/C(=C(\[H])C([H])([H])C([H])([H])C([H])([H])C([H])([H])C([H])([H])C([H])([H])C([H])([H])C(=O)[C:51])C([H])([H])C([H])([H])C([H])([H])C([H])([H])C([H])([H])C([H])([H])[H],EVODEX-P12596
EVODEX-N4522,[H]O[C@]1([H])[C@]([H])(OP(=O)(O[H])O[H])[C@@]([H])(C([H])([H])OP(=O)(O[H])OP(=O)(O[H])OC([H])([H])C(C([H])([H])[H])(C([H])([H])[H])[C@@]([H])(O[H])C(=O)N([H])C([H])([H])C([H])([H])C(=O)N([H])C([H])([H])C([H])([H])SC(=O)C([H])([H])[C:52](=[O:53])[O:54][H])O[C@@]1([H])N1:C([H]):N:C2:C(N([H])[H]):N:C([H]):N:C:2:1.[H]/C(=C(\[H])C([H])([H])C([H])([H])C([H])([H])C([H])([H])C([H])([H])C([H])([H])C([H])([H])C(=O)[S:72][C:73])C([H])([H])C([H])([H])C([H])([H])C([H])([H])C([H])([H])C([H])([H])[H]>>[C:52](=[O:53])=[O:54].[H][S:72][C:73],EVODEX-P12599
EVODEX-N4523,[H]OC(=O)[C:51]([C:49])([H:155])[H:156]>>[H]/C(=C(\[H])C([H])([H])C([H])([H])C([H])([H])C([H])([H])C([H])([H])C([H])([H])C([H])([H])C(=O)[C:51]([C:49])([H:155])[H:156])C([H])([H])C([H])([H])C([H])([H])C([H])([H])C([H])([H])C([H])([H])[H],EVODEX-P12600
EVODEX-N4524,[H]/C(=C(\[H])C([H])([H])C([H])([H])C([H])([H])C([H])([H])C([H])([H])C([H])([H])C([H])([H])C(=O)[S:72][C:73])C([H])([H])C([H])([H])C([H])([H])C([H])([H])C([H])([H])C([H])([H])[H]>>[H][S:72][C:73],EVODEX-P12602
EVODEX-N4525,[H]O[C@]1([H])[C@]([H])(OP(=O)(O[H])O[H])[C@@]([H])(C([H])([H])OP(=O)(O[H])OP(=O)(O[H])OC([H])([H])C(C([H])([H])[H])(C([H])([H])[H])[C@@]([H])(O[H])C(=O)N([H])C([H])([H])C([H])([H])C(=O)N([H])C([H])([H])C([H])([H])S[C:40]([C:39])=[O:41])O[C@@]1([H])N1:C([H]):N:C2:C(N([H])[H]):N:C([H]):N:C:2:1>>[H]O[C@@]1([H])[C@@]([H])(O[H])[C@]([H])(N2:C([H]):C([H]):C(=O):N([H]):C:2=O)O[C@]1([H])C([H])([H])OP(=O)(O[H])OP(=O)(O[H])O[C@@]1([H])O[C@@]([H])(C([H])([H])[H])[C@]([H])(N([H])[C:40]([C:39])=[O:41])[C@]([H])(O[H])[C@@]1([H])N([H])C(=O)C([H])([H])[H],EVODEX-P12607
EVODEX-N4526,>>[H]N[C@]1([H])[C@]([H])(O[H])[C@@]([H])(N([H])C(=O)C([H])([H])[H])[C@@]([H])(OP(=O)(O[H])OP(=O)(O[H])OC([H])([H])[C@@]2([H])O[C@@]([H])(N3:C([H]):C([H]):C(=O):N([H]):C:3=O)[C@]([H])(O[H])[C@]2([H])O[H])O[C@@]1([H])C([H])([H])[H].[H],EVODEX-P12609
EVODEX-N4527,[H]O[C@]1([H])[C@]([H])(OP(=O)(O[H])O[H])[C@@]([H])(C([H])([H])OP(=O)(O[H])OP(=O)(O[H])OC([H])([H])C(C([H])([H])[H])(C([H])([H])[H])[C@@]([H])(O[H])C(=O)N([H])C([H])([H])C([H])([H])C(=O)N([H])C([H])([H])C([H])([H])S[C:2]([C:1])=[O:3])O[C@@]1([H])N1:C([H]):N:C2:C(N([H])[H]):N:C([H]):N:C:2:1>>[H]C1:C([H]):C([H]):C2:C3:C(:C([H]):N:2[H])C([H])([H])[C@@]2([H])N(C([H])([H])[H])C([H])([H])[C@]([H])(C([H])([H])[H])[C@]([H])(O[C:2]([C:1])=[O:3])[C@]2([H])C:1:3,EVODEX-P12613
EVODEX-N4528,>>[H]C1:C([H]):C([H]):C2:C3:C(:C([H]):N:2[H])C([H])([H])[C@@]2([H])N(C([H])([H])[H])C([H])([H])[C@]([H])(C([H])([H])[H])[C@]([H])(O)[C@]2([H])C:1:3.[H],EVODEX-P12614
EVODEX-N4529,[H]O[C@]1([H])[C@]([H])(OP(=O)(O[H])O[H])[C@@]([H])(C([H])([H])OP(=O)(O[H])OP(=O)(O[H])OC([H])([H])C(C([H])([H])[H])(C([H])([H])[H])[C@@]([H])(O[H])C(=O)N([H])C([H])([H])C([H])([H])C(=O)N([H])C([H])([H])C([H])([H])S[C:2]([C:1])=[O:3])O[C@@]1([H])N1:C([H]):N:C2:C(N([H])[H]):N:C([H]):N:C:2:1>>[H]O[C@@]1([H])[C@@]([H])(OP(=O)(O[H])OP(=O)(O[H])OC([H])([H])[C@@]2([H])O[C@@]([H])(N3:C([H]):C(C([H])([H])[H]):C(=O):N([H]):C:3=O)C([H])([H])[C@]2([H])O[H])O[C@]([H])(C([H])([H])[H])[C@@]([H])(N([H])[C:2]([C:1])=[O:3])[C@]1([H])O[H],EVODEX-P12618
EVODEX-N4530,>>[H]N[C@@]1([H])[C@]([H])(O[H])[C@@]([H])(O[H])[C@@]([H])(OP(=O)(O[H])OP(=O)(O[H])OC([H])([H])[C@@]2([H])O[C@@]([H])(N3:C([H]):C(C([H])([H])[H]):C(=O):N([H]):C:3=O)C([H])([H])[C@]2([H])O[H])O[C@]1([H])C([H])([H])[H].[H],EVODEX-P12619
EVODEX-N4531,[H]O[C@]1([H])[C@]([H])(OP(=O)(O[H])O[H])[C@@]([H])(C([H])([H])OP(=O)(O[H])OP(=O)(O[H])OC([H])([H])C(C([H])([H])[H])(C([H])([H])[H])[C@@]([H])(O[H])C(=O)N([H])C([H])([H])C([H])([H])C(=O)N([H])C([H])([H])C([H])([H])S[C:72]([C:71])=[O:73])O[C@@]1([H])N1:C([H]):N:C2:C(N([H])[H]):N:C([H]):N:C:2:1>>[H]OC1:C([H]):C([H]):C(/C([H])=C(\[H])C(=O)/C([H])=[C:72](\[C:71])[O:73][H]):C([H]):C:1OC([H])([H])[H],EVODEX-P12635
EVODEX-N4532,[H][C:10]([C:8])([C:11](=[O:12])[S:13])[H:133]>>O=[C:11]=[O:12].[H]OC(/C([H])=C(\[H])C1:C([H]):C([H]):C(O[H]):C(OC([H])([H])[H]):C:1[H])=[C:10](/[C:8])[H:133].[H][S:13],"EVODEX-P12636,EVODEX-P12661"
EVODEX-N4533,[H]OC1:C([H]):C([H]):C(/C([H])=C(\[H])C(=O)C([H])([H])[C:11](SC([H])([H])C([H])([H])N([H])C(=O)C([H])([H])C([H])([H])N([H])C(=O)[C@]([H])(O[H])C(C([H])([H])[H])(C([H])([H])[H])C([H])([H])OP(=O)(O[H])OP(=O)(O[H])OC([H])([H])[C@@]2([H])O[C@@]([H])(N3:C([H]):N:C4:C(N([H])[H]):N:C([H]):N:C:4:3)[C@]([H])(O[H])[C@]2([H])OP(=O)(O[H])O[H])=[O:12]):C([H]):C:1OC([H])([H])[H]>>O=[C:11]=[O:12],EVODEX-P12637
EVODEX-N4534,[H]O[C@]1([H])[C@]([H])(OP(=O)(O[H])O[H])[C@@]([H])(C([H])([H])OP(=O)(O[H])OP(=O)(O[H])OC([H])([H])C(C([H])([H])[H])(C([H])([H])[H])[C@@]([H])(O[H])C(=O)N([H])C([H])([H])C([H])([H])C(=O)N([H])C([H])([H])C([H])([H])S[C:11]([C:10]([H])([C:8])[H:133])=[O:12])O[C@@]1([H])N1:C([H]):N:C2:C(N([H])[H]):N:C([H]):N:C:2:1.[H][O:126][H]>>[C:11](=[O:12])=[O:126].[H]OC(/C([H])=C(\[H])C1:C([H]):C([H]):C(O[H]):C(OC([H])([H])[H]):C:1[H])=[C:10](/[C:8])[H:133],EVODEX-P12638
EVODEX-N4535,[H][C:10]([C:8])([C:11](=[O:12])[S:13])[H:133].[C:71][C:72](=[O:73])[S:74]>>O=[C:11]=[O:12].[H][O:73]/[C:72](=[C:10](/[C:8])[H:133])[C:71].[H][S:13].[H][S:74],"EVODEX-P12639,EVODEX-P12663"
EVODEX-N4536,[H]O[C@]1([H])[C@]([H])(OP(=O)(O[H])O[H])[C@@]([H])(C([H])([H])OP(=O)(O[H])OP(=O)(O[H])OC([H])([H])C(C([H])([H])[H])(C([H])([H])[H])[C@@]([H])(O[H])C(=O)N([H])C([H])([H])C([H])([H])C(=O)N([H])C([H])([H])C([H])([H])S[C:72]([C:71])=[O:73])O[C@@]1([H])N1:C([H]):N:C2:C(N([H])[H]):N:C([H]):N:C:2:1.[H][O:126][H]>>O=C=[O:126].[H]OC1:C([H]):C([H]):C(/C([H])=C(\[H])C(=O)/C([H])=[C:72](\[C:71])[O:73][H]):C([H]):C:1OC([H])([H])[H],EVODEX-P12640
EVODEX-N4537,[H][C:10](C(=O)[S:13][C:14])([C:8])[H:133].[H]O[C@]1([H])[C@]([H])(OP(=O)(O[H])O[H])[C@@]([H])(C([H])([H])OP(=O)(O[H])OP(=O)(O[H])OC([H])([H])C(C([H])([H])[H])(C([H])([H])[H])[C@@]([H])(O[H])C(=O)N([H])C([H])([H])C([H])([H])C(=O)N([H])C([H])([H])C([H])([H])S[C:72]([C:71])=[O:73])O[C@@]1([H])N1:C([H]):N:C2:C(N([H])[H]):N:C([H]):N:C:2:1>>[H][O:73]/[C:72](=[C:10](/[C:8])[H:133])[C:71].[H][S:13][C:14],"EVODEX-P12641,EVODEX-P12664"
EVODEX-N4538,[H]OC1:C([H]):C([H]):C(/C([H])=C(\[H])C(=O)C([H])([H])C(=O)[S:13][C:14]):C([H]):C:1OC([H])([H])[H].[H]OC1:C([H]):C([H]):C(/C([H])=C(\[H])C(=O)[S:74][C:75]):C([H]):C:1OC([H])([H])[H]>>[H][S:13][C:14].[H][S:74][C:75],EVODEX-P12642
EVODEX-N4539,[C:71][C:72](=[O:73])[S:74]>>[H]OC1:C([H]):C([H]):C(/C([H])=C(\[H])C(=O)/C([H])=[C:72](\[C:71])[O:73][H]):C([H]):C:1OC([H])([H])[H].[H][S:74],EVODEX-P12643
EVODEX-N4540,[H]O[C@]1([H])[C@]([H])(OP(=O)(O[H])O[H])[C@@]([H])(C([H])([H])OP(=O)(O[H])OP(=O)(O[H])OC([H])([H])C(C([H])([H])[H])(C([H])([H])[H])[C@@]([H])(O[H])C(=O)N([H])C([H])([H])C([H])([H])C(=O)N([H])C([H])([H])C([H])([H])S[C:11]([C:10]([H])([C:8])[H:133])=[O:12])O[C@@]1([H])N1:C([H]):N:C2:C(N([H])[H]):N:C([H]):N:C:2:1>>O=[C:11]=[O:12].[H]OC(/C([H])=C(\[H])C1:C([H]):C([H]):C(O[H]):C(OC([H])([H])[H]):C:1[H])=[C:10](/[C:8])[H:133],EVODEX-P12644
EVODEX-N4541,[H]OC1:C([H]):C([H]):C(/C([H])=C(\[H])C(=O)C([H])([H])[C:11](SC([H])([H])C([H])([H])N([H])C(=O)C([H])([H])C([H])([H])N([H])C(=O)[C@]([H])(O[H])C(C([H])([H])[H])(C([H])([H])[H])C([H])([H])OP(=O)(O[H])OP(=O)(O[H])OC([H])([H])[C@@]2([H])O[C@@]([H])(N3:C([H]):N:C4:C(N([H])[H]):N:C([H]):N:C:4:3)[C@]([H])(O[H])[C@]2([H])OP(=O)(O[H])O[H])=[O:12]):C([H]):C:1OC([H])([H])[H].[H]OC1:C([H]):C([H]):C(/C([H])=C(\[H])C(=O)[S:74][C:75]):C([H]):C:1OC([H])([H])[H].[H][O:126][H]>>[C:11](=[O:12])=[O:126].[H][S:74][C:75],EVODEX-P12645
EVODEX-N4542,[H]OC1:C([H]):C([H]):C(/C([H])=C(\[H])C(=O)C([H])([H])[C:11](=[O:12])[S:13]):C([H]):C:1OC([H])([H])[H]>>O=[C:11]=[O:12].[H][S:13],EVODEX-P12646
EVODEX-N4543,[H]O[C@]1([H])[C@]([H])(OP(=O)(O[H])O[H])[C@@]([H])(C([H])([H])OP(=O)(O[H])OP(=O)(O[H])OC([H])([H])C(C([H])([H])[H])(C([H])([H])[H])[C@@]([H])(O[H])C(=O)N([H])C([H])([H])C([H])([H])C(=O)N([H])C([H])([H])C([H])([H])S[C:11]([C:10]([H])([C:8])[H:133])=[O:12])O[C@@]1([H])N1:C([H]):N:C2:C(N([H])[H]):N:C([H]):N:C:2:1.[C:71][C:72](=[O:73])[S:74].[H][O:126][H]>>[C:11](=[O:12])=[O:126].[H][O:73]/[C:72](=[C:10](/[C:8])[H:133])[C:71].[H][S:74],EVODEX-P12647
EVODEX-N4544,[H]O[C@]1([H])[C@]([H])(OP(=O)(O[H])O[H])[C@@]([H])(C([H])([H])OP(=O)(O[H])OP(=O)(O[H])OC([H])([H])C(C([H])([H])[H])(C([H])([H])[H])[C@@]([H])(O[H])C(=O)N([H])C([H])([H])C([H])([H])C(=O)N([H])C([H])([H])C([H])([H])SC(=O)[C:10]([H])([C:8])[H:133])O[C@@]1([H])N1:C([H]):N:C2:C(N([H])[H]):N:C([H]):N:C:2:1>>[H]OC(/C([H])=C(\[H])C1:C([H]):C([H]):C(O[H]):C(OC([H])([H])[H]):C:1[H])=[C:10](/[C:8])[H:133],EVODEX-P12648
EVODEX-N4545,[H]OC1:C([H]):C([H]):C(/C([H])=C(\[H])C(=O)C([H])([H])[C:11](SC([H])([H])C([H])([H])N([H])C(=O)C([H])([H])C([H])([H])N([H])C(=O)[C@]([H])(O[H])C(C([H])([H])[H])(C([H])([H])[H])C([H])([H])OP(=O)(O[H])OP(=O)(O[H])OC([H])([H])[C@@]2([H])O[C@@]([H])(N3:C([H]):N:C4:C(N([H])[H]):N:C([H]):N:C:4:3)[C@]([H])(O[H])[C@]2([H])OP(=O)(O[H])O[H])=[O:12]):C([H]):C:1OC([H])([H])[H].[H]OC1:C([H]):C([H]):C(/C([H])=C(\[H])C(=O)[S:74][C:75]):C([H]):C:1OC([H])([H])[H]>>O=[C:11]=[O:12].[H][S:74][C:75],EVODEX-P12649
EVODEX-N4546,[H]OC1:C([H]):C([H]):C(/C([H])=C(\[H])C(=O)C([H])([H])[C:11](SC([H])([H])C([H])([H])N([H])C(=O)C([H])([H])C([H])([H])N([H])C(=O)[C@]([H])(O[H])C(C([H])([H])[H])(C([H])([H])[H])C([H])([H])OP(=O)(O[H])OP(=O)(O[H])OC([H])([H])[C@@]2([H])O[C@@]([H])(N3:C([H]):N:C4:C(N([H])[H]):N:C([H]):N:C:4:3)[C@]([H])(O[H])[C@]2([H])OP(=O)(O[H])O[H])=[O:12]):C([H]):C:1OC([H])([H])[H].[H][O:126][H]>>[C:11](=[O:12])=[O:126],EVODEX-P12650
EVODEX-N4547,[H][C:10]([C:8])([C:11](=[O:12])[S:13])[H:133].[H][O:126][H]>>[C:11](=[O:12])=[O:126].[H]OC(/C([H])=C(\[H])C1:C([H]):C([H]):C(O[H]):C(OC([H])([H])[H]):C:1[H])=[C:10](/[C:8])[H:133].[H][S:13],"EVODEX-P12651,EVODEX-P12681"
EVODEX-N4548,[H]OC1:C([H]):C([H]):C(/C([H])=C(\[H])C(=O)C([H])([H])C(=O)[S:13][C:14]):C([H]):C:1OC([H])([H])[H]>>[H][S:13][C:14],EVODEX-P12652
EVODEX-N4549,[H][C:10](C(=O)[S:13][C:14])([C:8])[H:133]>>[H]OC(/C([H])=C(\[H])C1:C([H]):C([H]):C(O[H]):C(OC([H])([H])[H]):C:1[H])=[C:10](/[C:8])[H:133].[H][S:13][C:14],"EVODEX-P12653,EVODEX-P12683"
EVODEX-N4550,[H]OC1:C([H]):C([H]):C(/C([H])=C(\[H])C(=O)[S:74][C:75]):C([H]):C:1OC([H])([H])[H].[H][O:126][H]>>O=C=[O:126].[H][S:74][C:75],EVODEX-P12654
EVODEX-N4551,[H]O[C@]1([H])[C@]([H])(OP(=O)(O[H])O[H])[C@@]([H])(C([H])([H])OP(=O)(O[H])OP(=O)(O[H])OC([H])([H])C(C([H])([H])[H])(C([H])([H])[H])[C@@]([H])(O[H])C(=O)N([H])C([H])([H])C([H])([H])C(=O)N([H])C([H])([H])C([H])([H])SC(=O)[C:10]([H])([C:8])[H:133])O[C@@]1([H])N1:C([H]):N:C2:C(N([H])[H]):N:C([H]):N:C:2:1.[H]O[C@]1([H])[C@]([H])(OP(=O)(O[H])O[H])[C@@]([H])(C([H])([H])OP(=O)(O[H])OP(=O)(O[H])OC([H])([H])C(C([H])([H])[H])(C([H])([H])[H])[C@@]([H])(O[H])C(=O)N([H])C([H])([H])C([H])([H])C(=O)N([H])C([H])([H])C([H])([H])S[C:72]([C:71])=[O:73])O[C@@]1([H])N1:C([H]):N:C2:C(N([H])[H]):N:C([H]):N:C:2:1>>[H][O:73]/[C:72](=[C:10](/[C:8])[H:133])[C:71],EVODEX-P12655
EVODEX-N4552,[H]O[C@]1([H])[C@]([H])(OP(=O)(O[H])O[H])[C@@]([H])(C([H])([H])OP(=O)(O[H])OP(=O)(O[H])OC([H])([H])C(C([H])([H])[H])(C([H])([H])[H])[C@@]([H])(O[H])C(=O)N([H])C([H])([H])C([H])([H])C(=O)N([H])C([H])([H])C([H])([H])S[C:11]([C:10]([H])([C:8])[H:133])=[O:12])O[C@@]1([H])N1:C([H]):N:C2:C(N([H])[H]):N:C([H]):N:C:2:1.[H]O[C@]1([H])[C@]([H])(OP(=O)(O[H])O[H])[C@@]([H])(C([H])([H])OP(=O)(O[H])OP(=O)(O[H])OC([H])([H])C(C([H])([H])[H])(C([H])([H])[H])[C@@]([H])(O[H])C(=O)N([H])C([H])([H])C([H])([H])C(=O)N([H])C([H])([H])C([H])([H])S[C:72]([C:71])=[O:73])O[C@@]1([H])N1:C([H]):N:C2:C(N([H])[H]):N:C([H]):N:C:2:1.[H][O:126][H]>>[C:11](=[O:12])=[O:126].[H][O:73]/[C:72](=[C:10](/[C:8])[H:133])[C:71],EVODEX-P12656
EVODEX-N4553,[C:71][C:72](=[O:73])[S:74].[H][O:126][H]>>O=C=[O:126].[H]OC1:C([H]):C([H]):C(/C([H])=C(\[H])C(=O)/C([H])=[C:72](\[C:71])[O:73][H]):C([H]):C:1OC([H])([H])[H].[H][S:74],EVODEX-P12657
EVODEX-N4554,[H]OC1:C([H]):C([H]):C(/C([H])=C(\[H])C(=O)C([H])([H])[C:11](=[O:12])[S:13]):C([H]):C:1OC([H])([H])[H].[H][O:126][H]>>[C:11](=[O:12])=[O:126].[H][S:13],EVODEX-P12658
EVODEX-N4555,[H]O[C@]1([H])[C@]([H])(OP(=O)(O[H])O[H])[C@@]([H])(C([H])([H])OP(=O)(O[H])OP(=O)(O[H])OC([H])([H])C(C([H])([H])[H])(C([H])([H])[H])[C@@]([H])(O[H])C(=O)N([H])C([H])([H])C([H])([H])C(=O)N([H])C([H])([H])C([H])([H])S[C:11]([C:10]([H])([C:8])[H:133])=[O:12])O[C@@]1([H])N1:C([H]):N:C2:C(N([H])[H]):N:C([H]):N:C:2:1.[H]O[C@]1([H])[C@]([H])(OP(=O)(O[H])O[H])[C@@]([H])(C([H])([H])OP(=O)(O[H])OP(=O)(O[H])OC([H])([H])C(C([H])([H])[H])(C([H])([H])[H])[C@@]([H])(O[H])C(=O)N([H])C([H])([H])C([H])([H])C(=O)N([H])C([H])([H])C([H])([H])S[C:72]([C:71])=[O:73])O[C@@]1([H])N1:C([H]):N:C2:C(N([H])[H]):N:C([H]):N:C:2:1>>O=[C:11]=[O:12].[H][O:73]/[C:72](=[C:10](/[C:8])[H:133])[C:71],EVODEX-P12659
EVODEX-N4556,[H]/C(C(=O)C([H])([H])[C:8](SC([H])([H])C([H])([H])N([H])C(=O)C([H])([H])[H])=[O:9])=C(/[H])C1:C([H]):C([H]):C([H]):C([H]):C:1[H]>>O=[C:8]=[O:9],EVODEX-P12660
EVODEX-N4557,[H]/C(C(=O)C([H])([H])[C:8]([S:7])=[O:9])=C(/[H])C1:C([H]):C([H]):C([H]):C([H]):C:1[H].[H][O:82][H]>>[C:8](=[O:9])=[O:82].[H][S:7],EVODEX-P12662
EVODEX-N4558,[H]O[C@]1([H])[C@]([H])(OP(=O)(O[H])O[H])[C@@]([H])(C([H])([H])OP(=O)(O[H])OP(=O)(O[H])OC([H])([H])C(C([H])([H])[H])(C([H])([H])[H])[C@@]([H])(O[H])C(=O)N([H])C([H])([H])C([H])([H])C(=O)N([H])C([H])([H])C([H])([H])S[C:28]([C:27])=[O:29])O[C@@]1([H])N1:C([H]):N:C2:C(N([H])[H]):N:C([H]):N:C:2:1.[H][O:82][H]>>O=C=[O:82].[H]/C(C(=O)/C([H])=C(\[H])C1:C([H]):C([H]):C([H]):C([H]):C:1[H])=[C:28](\[C:27])[O:29][H],EVODEX-P12665
EVODEX-N4559,[H]O[C@]1([H])[C@]([H])(OP(=O)(O[H])O[H])[C@@]([H])(C([H])([H])OP(=O)(O[H])OP(=O)(O[H])OC([H])([H])C(C([H])([H])[H])(C([H])([H])[H])[C@@]([H])(O[H])C(=O)N([H])C([H])([H])C([H])([H])C(=O)N([H])C([H])([H])C([H])([H])S[C:28]([C:27])=[O:29])O[C@@]1([H])N1:C([H]):N:C2:C(N([H])[H]):N:C([H]):N:C:2:1>>[H]/C(C(=O)/C([H])=C(\[H])C1:C([H]):C([H]):C([H]):C([H]):C:1[H])=[C:28](\[C:27])[O:29][H],EVODEX-P12666
EVODEX-N4560,[H]N(C(=O)C([H])([H])[H])C([H])([H])C([H])([H])SC(=O)[C:10]([H])([C:11])[H:91].[C:27][C:28](=[O:29])[S:30]>>[H][O:29]/[C:28](=[C:10](\[C:11])[H:91])[C:27].[H][S:30],EVODEX-P12667
EVODEX-N4561,[H]/C(C(=O)C([H])([H])[C:8]([S:7])=[O:9])=C(/[H])C1:C([H]):C([H]):C([H]):C([H]):C:1[H].[H]OC1:C([H]):C([H]):C(/C([H])=C(\[H])C(=O)[S:30][C:31]):C([H]):C:1OC([H])([H])[H]>>O=[C:8]=[O:9].[H][S:7].[H][S:30][C:31],EVODEX-P12668
EVODEX-N4562,[H][C:10](C(=O)[S:7][C:6])([C:11])[H:91].[C:27][C:28](=[O:29])[S:30]>>[H][S:7][C:6].[H][O:29]/[C:28](=[C:10](\[C:11])[H:91])[C:27].[H][S:30],EVODEX-P12669
EVODEX-N4563,[H]/C(C(=O)C([H])([H])[C:8]([S:7])=[O:9])=C(/[H])C1:C([H]):C([H]):C([H]):C([H]):C:1[H]>>O=[C:8]=[O:9].[H][S:7],EVODEX-P12670
EVODEX-N4564,[H]/C(C(=O)C([H])([H])[C:8](SC([H])([H])C([H])([H])N([H])C(=O)C([H])([H])[H])=[O:9])=C(/[H])C1:C([H]):C([H]):C([H]):C([H]):C:1[H].[H]OC1:C([H]):C([H]):C(/C([H])=C(\[H])C(=O)[S:30][C:31]):C([H]):C:1OC([H])([H])[H].[H][O:82][H]>>[C:8](=[O:9])=[O:82].[H][S:30][C:31],EVODEX-P12671
EVODEX-N4565,[H]N(C(=O)C([H])([H])[H])C([H])([H])C([H])([H])S[C:8](=[O:9])[C:10]([H])([C:11])[H:91]>>O=[C:8]=[O:9].[H]OC(/C([H])=C(/[H])C1:C([H]):C([H]):C(O[H]):C(OC([H])([H])[H]):C:1[H])=[C:10](\[C:11])[H:91],EVODEX-P12672
EVODEX-N4566,[H][C:10]([C:8]([S:7])=[O:9])([C:11])[H:91].[H]O[C@]1([H])[C@]([H])(OP(=O)(O[H])O[H])[C@@]([H])(C([H])([H])OP(=O)(O[H])OP(=O)(O[H])OC([H])([H])C(C([H])([H])[H])(C([H])([H])[H])[C@@]([H])(O[H])C(=O)N([H])C([H])([H])C([H])([H])C(=O)N([H])C([H])([H])C([H])([H])S[C:28]([C:27])=[O:29])O[C@@]1([H])N1:C([H]):N:C2:C(N([H])[H]):N:C([H]):N:C:2:1>>O=[C:8]=[O:9].[H][S:7].[H][O:29]/[C:28](=[C:10](\[C:11])[H:91])[C:27],EVODEX-P12673
EVODEX-N4567,[C:27][C:28](=[O:29])[S:30].[H][O:82][H]>>O=C=[O:82].[H]/C(C(=O)/C([H])=C(\[H])C1:C([H]):C([H]):C([H]):C([H]):C:1[H])=[C:28](\[C:27])[O:29][H].[H][S:30],EVODEX-P12674
EVODEX-N4568,[H]/C(C(=O)C([H])([H])[C:8]([S:7])=[O:9])=C(/[H])C1:C([H]):C([H]):C([H]):C([H]):C:1[H].[H]OC1:C([H]):C([H]):C(/C([H])=C(\[H])C(=O)[S:30][C:31]):C([H]):C:1OC([H])([H])[H].[H][O:82][H]>>[C:8](=[O:9])=[O:82].[H][S:7].[H][S:30][C:31],EVODEX-P12675
EVODEX-N4569,[H]/C(C(=O)C([H])([H])C(=O)[S:7][C:6])=C(/[H])C1:C([H]):C([H]):C([H]):C([H]):C:1[H]>>[H][S:7][C:6],EVODEX-P12676
EVODEX-N4570,[H]/C(C(=O)C([H])([H])[C:8](SC([H])([H])C([H])([H])N([H])C(=O)C([H])([H])[H])=[O:9])=C(/[H])C1:C([H]):C([H]):C([H]):C([H]):C:1[H].[H]OC1:C([H]):C([H]):C(/C([H])=C(\[H])C(=O)[S:30][C:31]):C([H]):C:1OC([H])([H])[H]>>O=[C:8]=[O:9].[H][S:30][C:31],EVODEX-P12677
EVODEX-N4571,[H][C:10]([C:8]([S:7])=[O:9])([C:11])[H:91].[H]O[C@]1([H])[C@]([H])(OP(=O)(O[H])O[H])[C@@]([H])(C([H])([H])OP(=O)(O[H])OP(=O)(O[H])OC([H])([H])C(C([H])([H])[H])(C([H])([H])[H])[C@@]([H])(O[H])C(=O)N([H])C([H])([H])C([H])([H])C(=O)N([H])C([H])([H])C([H])([H])S[C:28]([C:27])=[O:29])O[C@@]1([H])N1:C([H]):N:C2:C(N([H])[H]):N:C([H]):N:C:2:1.[H][O:82][H]>>[C:8](=[O:9])=[O:82].[H][S:7].[H][O:29]/[C:28](=[C:10](\[C:11])[H:91])[C:27],EVODEX-P12678
EVODEX-N4572,[C:27][C:28](=[O:29])[S:30]>>[H]/C(C(=O)/C([H])=C(\[H])C1:C([H]):C([H]):C([H]):C([H]):C:1[H])=[C:28](\[C:27])[O:29][H].[H][S:30],EVODEX-P12679
EVODEX-N4573,[H]/C(C(=O)C([H])([H])[C:8](SC([H])([H])C([H])([H])N([H])C(=O)C([H])([H])[H])=[O:9])=C(/[H])C1:C([H]):C([H]):C([H]):C([H]):C:1[H].[H][O:82][H]>>[C:8](=[O:9])=[O:82],EVODEX-P12680
EVODEX-N4574,[H]N(C(=O)C([H])([H])[H])C([H])([H])C([H])([H])SC(=O)[C:10]([H])([C:11])[H:91]>>[H]OC(/C([H])=C(/[H])C1:C([H]):C([H]):C(O[H]):C(OC([H])([H])[H]):C:1[H])=[C:10](\[C:11])[H:91],EVODEX-P12682
EVODEX-N4575,[H]N(C(=O)C([H])([H])[H])C([H])([H])C([H])([H])S[C:8](=[O:9])[C:10]([H])([C:11])[H:91].[H]O[C@]1([H])[C@]([H])(OP(=O)(O[H])O[H])[C@@]([H])(C([H])([H])OP(=O)(O[H])OP(=O)(O[H])OC([H])([H])C(C([H])([H])[H])(C([H])([H])[H])[C@@]([H])(O[H])C(=O)N([H])C([H])([H])C([H])([H])C(=O)N([H])C([H])([H])C([H])([H])S[C:28]([C:27])=[O:29])O[C@@]1([H])N1:C([H]):N:C2:C(N([H])[H]):N:C([H]):N:C:2:1>>O=[C:8]=[O:9].[H][O:29]/[C:28](=[C:10](\[C:11])[H:91])[C:27],EVODEX-P12684
EVODEX-N4576,[H]N(C(=O)C([H])([H])[H])C([H])([H])C([H])([H])S[C:8](=[O:9])[C:10]([H])([C:11])[H:91].[H]O[C@]1([H])[C@]([H])(OP(=O)(O[H])O[H])[C@@]([H])(C([H])([H])OP(=O)(O[H])OP(=O)(O[H])OC([H])([H])C(C([H])([H])[H])(C([H])([H])[H])[C@@]([H])(O[H])C(=O)N([H])C([H])([H])C([H])([H])C(=O)N([H])C([H])([H])C([H])([H])S[C:28]([C:27])=[O:29])O[C@@]1([H])N1:C([H]):N:C2:C(N([H])[H]):N:C([H]):N:C:2:1.[H][O:82][H]>>[C:8](=[O:9])=[O:82].[H][O:29]/[C:28](=[C:10](\[C:11])[H:91])[C:27],EVODEX-P12685
EVODEX-N4577,[H]N(C(=O)C([H])([H])[H])C([H])([H])C([H])([H])S[C:8](=[O:9])[C:10]([H])([C:11])[H:91].[H][O:82][H]>>[C:8](=[O:9])=[O:82].[H]OC(/C([H])=C(/[H])C1:C([H]):C([H]):C(O[H]):C(OC([H])([H])[H]):C:1[H])=[C:10](\[C:11])[H:91],EVODEX-P12686
EVODEX-N4578,[H]N(C(=O)C([H])([H])[H])C([H])([H])C([H])([H])S[C:8](=[O:9])[C:10]([H])([C:11])[H:91].[C:27][C:28](=[O:29])[S:30]>>O=[C:8]=[O:9].[H][O:29]/[C:28](=[C:10](\[C:11])[H:91])[C:27].[H][S:30],EVODEX-P12687
EVODEX-N4579,[H]N(C(=O)C([H])([H])[H])C([H])([H])C([H])([H])SC(=O)[C:10]([H])([C:11])[H:91].[H]O[C@]1([H])[C@]([H])(OP(=O)(O[H])O[H])[C@@]([H])(C([H])([H])OP(=O)(O[H])OP(=O)(O[H])OC([H])([H])C(C([H])([H])[H])(C([H])([H])[H])[C@@]([H])(O[H])C(=O)N([H])C([H])([H])C([H])([H])C(=O)N([H])C([H])([H])C([H])([H])S[C:28]([C:27])=[O:29])O[C@@]1([H])N1:C([H]):N:C2:C(N([H])[H]):N:C([H]):N:C:2:1>>[H][O:29]/[C:28](=[C:10](\[C:11])[H:91])[C:27],EVODEX-P12688
EVODEX-N4580,[H]/C(C(=O)C([H])([H])C(=O)[S:7][C:6])=C(/[H])C1:C([H]):C([H]):C([H]):C([H]):C:1[H].[H]OC1:C([H]):C([H]):C(/C([H])=C(\[H])C(=O)[S:30][C:31]):C([H]):C:1OC([H])([H])[H]>>[H][S:7][C:6].[H][S:30][C:31],EVODEX-P12689
EVODEX-N4581,[H][C:10]([C:8]([S:7])=[O:9])([C:11])[H:91].[C:27][C:28](=[O:29])[S:30].[H][O:82][H]>>[C:8](=[O:9])=[O:82].[H][S:7].[H][O:29]/[C:28](=[C:10](\[C:11])[H:91])[C:27].[H][S:30],EVODEX-P12690
EVODEX-N4582,[H]N(C(=O)C([H])([H])[H])C([H])([H])C([H])([H])S[C:8](=[O:9])[C:10]([H])([C:11])[H:91].[C:27][C:28](=[O:29])[S:30].[H][O:82][H]>>[C:8](=[O:9])=[O:82].[H][O:29]/[C:28](=[C:10](\[C:11])[H:91])[C:27].[H][S:30],EVODEX-P12691
EVODEX-N4583,[H]OC(=O)[C:110]([C:108])([H:191])[H:192]>>[H]OC1:C([H]):C([H]):C(/C([H])=C(\[H])C(=O)[C:110]([C:108])([H:191])[H:192]):C([H]):C:1[H],EVODEX-P12692
EVODEX-N4584,[H]OC1:C([H]):C([H]):C(/C([H])=C(\[H])C(=O)[S:48][C:47]):C([H]):C:1[H].[H]O[C@]1([H])[C@]([H])(OP(=O)(O[H])O[H])[C@@]([H])(C([H])([H])OP(=O)(O[H])OP(=O)(O[H])OC([H])([H])C(C([H])([H])[H])(C([H])([H])[H])[C@@]([H])(O[H])C(=O)N([H])C([H])([H])C([H])([H])C(=O)N([H])C([H])([H])C([H])([H])SC(=O)C([H])([H])[C:111](=[O:112])[O:113][H])O[C@@]1([H])N1:C([H]):N:C2:C(N([H])[H]):N:C([H]):N:C:2:1>>[C:111](=[O:112])=[O:113].[H][S:48][C:47],EVODEX-P12696
EVODEX-N4585,[H][O:113][C:111]([C:110])=[O:112]>>[C:111](=[O:112])=[O:113].[H]OC1:C([H]):C([H]):C(/C([H])=C(\[H])C(=O)[C:110]):C([H]):C:1[H],EVODEX-P12699
EVODEX-N4586,[H][O:54][C:52]([C:51])=[O:53]>>[C:52](=[O:53])=[O:54].[H]OC1:C([H]):C([H]):C(/C([H])=C(\[H])C(=O)[C:51]):C([H]):C:1OC([H])([H])[H],EVODEX-P12702
EVODEX-N4587,[H]O[C@]1([H])[C@]([H])(OP(=O)(O[H])O[H])[C@@]([H])(C([H])([H])OP(=O)(O[H])OP(=O)(O[H])OC([H])([H])C(C([H])([H])[H])(C([H])([H])[H])[C@@]([H])(O[H])C(=O)N([H])C([H])([H])C([H])([H])C(=O)N([H])C([H])([H])C([H])([H])SC(=O)C([H])([H])[C:52](=[O:53])[O:54][H])O[C@@]1([H])N1:C([H]):N:C2:C(N([H])[H]):N:C([H]):N:C:2:1.[H]OC1:C([H]):C([H]):C(/C([H])=C(\[H])C(=O)[S:64][C:65]):C([H]):C:1OC([H])([H])[H]>>[C:52](=[O:53])=[O:54].[H][S:64][C:65],EVODEX-P12705
EVODEX-N4588,[H]OC(=O)[C:51]([C:49])([H:151])[H:152]>>[H]OC1:C([H]):C([H]):C(/C([H])=C(\[H])C(=O)[C:51]([C:49])([H:151])[H:152]):C([H]):C:1OC([H])([H])[H],EVODEX-P12706
EVODEX-N4589,[H][O:55][P:54]>>[H]C([H])([H])C([H])([H])C(=O)[O:55][P:54],EVODEX-P12712
EVODEX-N4590,[H]C([H])([H])C([H])([H])C(=O)[O:53][P:54]>>[H][O:53][P:54],EVODEX-P12716
EVODEX-N4591,[H]O[C@]1([H])[C@]([H])(OP(=O)(O[H])O[H])[C@@]([H])(C([H])([H])OP(=O)(O[H])OP(=O)(O[H])OC([H])([H])C(C([H])([H])[H])(C([H])([H])[H])[C@@]([H])(O[H])C(=O)N([H])C([H])([H])C([H])([H])C(=O)N([H])C([H])([H])C([H])([H])S[C:65]([C:64])=[O:66])O[C@@]1([H])N1:C([H]):N:C2:C(N([H])[H]):N:C([H]):N:C:2:1>>[H]OC(=O)[C@@]([H])(N([H])C(=O)[C@@]([H])(N([H])C(=O)[C@@]([H])(N([H])C(=O)[C@@]([H])(N([H])C(=O)[C@@]([H])(N([H])C(=O)[C@@]([H])(N([H])[H])C([H])([H])S[C:65]([C:64])=[O:66])C([H])([H])C(=O)N([H])[H])C([H])([H])O[H])C([H])([H])C1:C([H]):C([H]):C(O[H]):C([H]):C:1[H])C([H])([H])C([H])([H])C([H])([H])C([H])([H])N([H])[H])C([H])(O[H])C([H])([H])[H],EVODEX-P12727
EVODEX-N4592,>>[H]OC(=O)[C@@]([H])(N([H])C(=O)[C@@]([H])(N([H])C(=O)[C@@]([H])(N([H])C(=O)[C@@]([H])(N([H])C(=O)[C@@]([H])(N([H])C(=O)[C@@]([H])(N([H])[H])C([H])([H])S[H])C([H])([H])C(=O)N([H])[H])C([H])([H])O)C([H])([H])C1:C([H]):C([H]):C(O[H]):C([H]):C:1[H])C([H])([H])C([H])([H])C([H])([H])C([H])([H])N([H])[H])C([H])(O[H])C([H])([H])[H].[H],"EVODEX-P12729,EVODEX-P13811,EVODEX-P13889,EVODEX-P13894,EVODEX-P13909,EVODEX-P14749,EVODEX-P15583,EVODEX-P15625,EVODEX-P15630,EVODEX-P16260,EVODEX-P16270,EVODEX-P20381,EVODEX-P20386,EVODEX-P21844"
EVODEX-N4593,[H][S:48][C:47].[H]OC(=O)[C@@]([H])(N([H])C(=O)[C@@]([H])(N([H])C(=O)[C@@]([H])(N([H])C(=O)[C@@]([H])(N([H])C(=O)[C@@]([H])(N([H])C(=O)[C@@]([H])(N([H])[H])C([H])([H])S[C:64]([C:63])=[O:65])C([H])([H])C(=O)N([H])[H])C([H])([H])O[H])C([H])([H])C1:C([H]):C([H]):C(O[H]):C([H]):C:1[H])C([H])([H])C([H])([H])C([H])([H])C([H])([H])N([H])[H])C([H])(O[H])C([H])([H])[H]>>[C:47][S:48][C:64]([C:63])=[O:65],EVODEX-P12732
EVODEX-N4594,[H]OC(=O)[C@@]([H])(N([H])C(=O)[C@@]([H])(N([H])C(=O)[C@@]([H])(N([H])C(=O)[C@@]([H])(N([H])C(=O)[C@@]([H])(N([H])C(=O)[C@@]([H])(N([H])[H])C([H])([H])S[C:64]([C:63])=[O:65])C([H])([H])C(=O)N([H])[H])C([H])([H])O[H])C([H])([H])C1:C([H]):C([H]):C(O[H]):C([H]):C:1[H])C([H])([H])C([H])([H])C([H])([H])C([H])([H])N([H])[H])C([H])(O[H])C([H])([H])[H]>>[H]O[C@]1([H])[C@]([H])(OP(=O)(O[H])O[H])[C@@]([H])(C([H])([H])OP(=O)(O[H])OP(=O)(O[H])OC([H])([H])C(C([H])([H])[H])(C([H])([H])[H])[C@@]([H])(O[H])C(=O)N([H])C([H])([H])C([H])([H])C(=O)N([H])C([H])([H])C([H])([H])S[C:64]([C:63])=[O:65])O[C@@]1([H])N1:C([H]):N:C2:C(N([H])[H]):N:C([H]):N:C:2:1,EVODEX-P12733
EVODEX-N4595,[H]O[C@]1([H])[C@]([H])(OP(=O)(O[H])O[H])[C@@]([H])(C([H])([H])OP(=O)(O[H])OP(=O)(O[H])OC([H])([H])C(C([H])([H])[H])(C([H])([H])[H])[C@@]([H])(O[H])C(=O)N([H])C([H])([H])C([H])([H])C(=O)N([H])C([H])([H])C([H])([H])S[C:2]([C:1])=[O:3])O[C@@]1([H])N1:C([H]):N:C2:C(N([H])[H]):N:C([H]):N:C:2:1>>[H]O[C@@]1([H])[C@@]([H])(O[H])[C@]([H])(N2:C([H]):N:C3:C(=O):N([H]):C(N([H])[H]):N:C:3:2)O[C@]1([H])C([H])([H])OP(=O)(O[H])OP(=O)(O[H])O[C@@]1([H])O[C@]([H])(C([H])([H])[H])[C@@]([H])(N([H])[C:2]([C:1])=[O:3])[C@]([H])(O[H])[C@]1([H])O[H],EVODEX-P12738
EVODEX-N4596,[H]C1:C([H]):C([H]):C(N([H])[H]):C(C(=O)[S:48][C:47]):C:1[H]>>[H][S:48][C:47],EVODEX-P12741
EVODEX-N4597,[H][O:59][C:58]>>[H]C1:C([H]):C([H]):C(N([H])[H]):C(C(=O)[O:59][C:58]):C:1[H],EVODEX-P12743
EVODEX-N4598,[H]O[C@]1([H])[C@]([H])(OP(=O)(O[H])O[H])[C@@]([H])(C([H])([H])OP(=O)(O[H])OP(=O)(O[H])OC([H])([H])C(C([H])([H])[H])(C([H])([H])[H])[C@@]([H])(O[H])C(=O)N([H])C([H])([H])C([H])([H])C(=O)N([H])C([H])([H])C([H])([H])S[C:49](=[O:50])[C:51])O[C@@]1([H])N1:C([H]):N:C2:C(N([H])[H]):N:C([H]):N:C:2:1>>[H]C([H])([H])O[C:49](=[O:50])[C:51],EVODEX-P12744
EVODEX-N4599,>>[H]C([H])([H])O.[H],"EVODEX-P12745,EVODEX-P15395"
EVODEX-N4600,[H]N(C(=O)C([H])([H])[H])C([H])([H])C([H])([H])S[C:5]([C:3])=[O:6]>>[H]O[C@@]1([H])C([H])([H])C(=O)O[C@]([H])(C([H])([H])C([H])([H])[C@]2([H])[C@]3([H])C(=C([H])[C@]([H])(O[C:5]([C:3])=[O:6])C([H])([H])[C@]3([H])O[H])C([H])=C([H])[C@]2([H])C([H])([H])[H])C1([H])[H],EVODEX-P12748
EVODEX-N4601,>>[H]O[C@@]1([H])C([H])([H])C(=O)O[C@]([H])(C([H])([H])C([H])([H])[C@]2([H])[C@]3([H])C(=C([H])[C@]([H])(O)C([H])([H])[C@]3([H])O[H])C([H])=C([H])[C@]2([H])C([H])([H])[H])C1([H])[H].[H],EVODEX-P12750
EVODEX-N4602,[H]N(C(=O)C([H])([H])[H])C([H])([H])C([H])([H])S[C:5]([C:3])=[O:6]>>[H]O[C@@]1([H])C([H])([H])C(=O)O[C@]([H])(C([H])([H])C([H])([H])[C@]2([H])[C@]3([H])C(=C([H])[C@]([H])(C([H])([H])[H])C([H])([H])[C@]3([H])O[C:5]([C:3])=[O:6])C([H])=C([H])[C@]2([H])C([H])([H])[H])C1([H])[H],EVODEX-P12753
EVODEX-N4603,>>[H]O[C@@]1([H])C([H])([H])C(=O)O[C@]([H])(C([H])([H])C([H])([H])[C@]2([H])[C@]3([H])C(=C([H])[C@]([H])(C([H])([H])[H])C([H])([H])[C@]3([H])O)C([H])=C([H])[C@]2([H])C([H])([H])[H])C1([H])[H].[H],EVODEX-P12755
EVODEX-N4604,[H][S:61][C:60].[H]OC([H])(C(=O)C([H])([H])OP(=O)(O[H])O[H])[C:2]([C:1])=[O:3]>>[C:1][C:2](=[O:3])[S:61][C:60],EVODEX-P12757
EVODEX-N4605,[H]OC([H])(C(=O)C([H])([H])OP(=O)(O[H])O[H])[C:2]([C:1])=[O:3]>>[H]O[C@]1([H])[C@]([H])(OP(=O)(O[H])O[H])[C@@]([H])(C([H])([H])OP(=O)(O[H])OP(=O)(O[H])OC([H])([H])C(C([H])([H])[H])(C([H])([H])[H])[C@@]([H])(O[H])C(=O)N([H])C([H])([H])C([H])([H])C(=O)N([H])C([H])([H])C([H])([H])S[C:2]([C:1])=[O:3])O[C@@]1([H])N1:C([H]):N:C2:C(N([H])[H]):N:C([H]):N:C:2:1,EVODEX-P12758
EVODEX-N4606,[H]C([H])([H])C(=O)[C:4]([O:5])([C:6])[H:101]>>[H][C:4]([O:5])([C:6])[H:101],"EVODEX-P12759,EVODEX-P21254"
EVODEX-N4607,[H][C:1]([C:2])([H:62])[H:63].[C:52][C@:53]([N:54])([C:55])[H:103]>>[C:1]([C:2])([C@:53]([C:52])([N:54])[H:103])([H:62])[H:63].[H][C:55],"EVODEX-P12761,EVODEX-P12767"
EVODEX-N4608,[H]N([H])[C@@]([H])(C([H])([H])[H])[C:55]([C:56])([H:106])[H:107]>>[H][C:55]([C:56])([H:106])[H:107],"EVODEX-P12762,EVODEX-P12768"
EVODEX-N4609,[H][C:1]([C:2])([H:62])[H:63].[H]OC(=O)C([H])([H])C(=O)C([H])([H])[C@:53]([C:52])([N:54])[H:103]>>[C:1]([C:2])([C@:53]([C:52])([N:54])[H:103])([H:62])[H:63],EVODEX-P12763
EVODEX-N4610,[H]OC(=O)C([H])([H])C(=O)C([H])([H])[C@:53]([C:52])([N:54])[H:103]>>[H]O[C@]1([H])[C@]([H])(OP(=O)(O[H])O[H])[C@@]([H])(C([H])([H])OP(=O)(O[H])OP(=O)(O[H])OC([H])([H])C(C([H])([H])[H])(C([H])([H])[H])[C@@]([H])(O[H])C(=O)N([H])C([H])([H])C([H])([H])C(=O)N([H])C([H])([H])C([H])([H])SC(=O)C([H])([H])[C@:53]([C:52])([N:54])[H:103])O[C@@]1([H])N1:C([H]):N:C2:C(N([H])[H]):N:C([H]):N:C:2:1,EVODEX-P12764
EVODEX-N4611,[H][C:1]([C:2])([H:62])[H:63]>>[H]N([H])[C@@]([H])(C([H])([H])[H])[C:1]([C:2])([H:62])[H:63],"EVODEX-P12765,EVODEX-P12771"
EVODEX-N4612,[H][C:1]([C:2])([H:62])[H:63].[H]O[C@]1([H])[C@]([H])(OP(=O)(O[H])O[H])[C@@]([H])(C([H])([H])OP(=O)(O[H])OP(=O)(O[H])OC([H])([H])C(C([H])([H])[H])(C([H])([H])[H])[C@@]([H])(O[H])C(=O)N([H])C([H])([H])C([H])([H])C(=O)N([H])C([H])([H])C([H])([H])SC(=O)C([H])([H])[C@:9]([C:8])([N:10])[H:71])O[C@@]1([H])N1:C([H]):N:C2:C(N([H])[H]):N:C([H]):N:C:2:1>>[C:1]([C:2])([C@:9]([C:8])([N:10])[H:71])([H:62])[H:63],EVODEX-P12769
EVODEX-N4613,[H]O[C@]1([H])[C@]([H])(OP(=O)(O[H])O[H])[C@@]([H])(C([H])([H])OP(=O)(O[H])OP(=O)(O[H])OC([H])([H])C(C([H])([H])[H])(C([H])([H])[H])[C@@]([H])(O[H])C(=O)N([H])C([H])([H])C([H])([H])C(=O)N([H])C([H])([H])C([H])([H])SC(=O)C([H])([H])[C@:9]([C:8])([N:10])[H:71])O[C@@]1([H])N1:C([H]):N:C2:C(N([H])[H]):N:C([H]):N:C:2:1>>[H]OC(=O)C([H])([H])C(=O)C([H])([H])[C@:9]([C:8])([N:10])[H:71],EVODEX-P12770
EVODEX-N4614,>>[H]OC(=O)C([H])([H])C(=O)C([H])[H].[H],EVODEX-P12772
EVODEX-N4615,[H]O[C@]1([H])[C@]([H])(OP(=O)(O[H])O[H])[C@@]([H])(C([H])([H])OP(=O)(O[H])OP(=O)(O[H])OC([H])([H])C(C([H])([H])[H])(C([H])([H])[H])[C@@]([H])(O[H])C(=O)N([H])C([H])([H])C([H])([H])C(=O)N([H])C([H])([H])C([H])([H])S[C:2]([C:1])=[O:3])O[C@@]1([H])N1:C([H]):N:C2:C(N([H])[H]):N:C([H]):N:C:2:1>>[H]N=C(N([H])[H])N([H])C([H])([H])C([H])([H])C([H])([H])[C@@]([H])(C(=O)N([H])[C@]([H])(C(=O)N([H])C([H])([H])C(=O)O[H])C([H])([H])C1:C([H]):N([H]):C2:C([H]):C([H]):C([H]):C([H]):C:1:2)N([H])C(=O)C([H])([H])N([H])C(=O)C([H])([H])N([H])C(=O)[C@@]([H])(N([H])C(=O)[C@@]1([H])N(C(=O)C([H])([H])N([H])C(=O)[C@@]([H])(N([H])C(=O)[C@@]([H])(N([H])[C:2]([C:1])=[O:3])C([H])([H])C([H])([H])SC([H])([H])[H])C([H])([H])C([H])(C([H])([H])[H])C([H])([H])[H])C([H])([H])C([H])([H])C1([H])[H])C([H])([H])C([H])([H])C(=O)O[H],EVODEX-P12776
EVODEX-N4616,>>[H]N[C@]([H])(C(=O)N([H])[C@]([H])(C(=O)N([H])C([H])([H])C(=O)N1C([H])([H])C([H])([H])C([H])([H])[C@@]1([H])C(=O)N([H])[C@]([H])(C(=O)N([H])C([H])([H])C(=O)N([H])C([H])([H])C(=O)N([H])[C@]([H])(C(=O)N([H])[C@]([H])(C(=O)N([H])C([H])([H])C(=O)O[H])C([H])([H])C1:C([H]):N([H]):C2:C([H]):C([H]):C([H]):C([H]):C:1:2)C([H])([H])C([H])([H])C([H])([H])N([H])C(=N[H])N([H])[H])C([H])([H])C([H])([H])C(=O)O[H])C([H])([H])C([H])(C([H])([H])[H])C([H])([H])[H])C([H])([H])C([H])([H])SC([H])([H])[H].[H],EVODEX-P12777
EVODEX-N4617,[H]O[C@]1([H])[C@]([H])(OP(=O)(O[H])O[H])[C@@]([H])(C([H])([H])OP(=O)(O[H])OP(=O)(O[H])OC([H])([H])C(C([H])([H])[H])(C([H])([H])[H])[C@@]([H])(O[H])C(=O)N([H])C([H])([H])C([H])([H])C(=O)N([H])C([H])([H])C([H])([H])S[C:2]([C:1])=[O:3])O[C@@]1([H])N1:C([H]):N:C2:C(N([H])[H]):N:C([H]):N:C:2:1>>[H]N=C(N([H])[H])N([H])C([H])([H])C([H])([H])C([H])([H])[C@@]([H])(C(=O)O[H])N([H])C(=O)[C@@]([H])(N([H])C(=O)[C@@]([H])(N([H])C(=O)[C@@]([H])(N([H])C(=O)[C@@]1([H])N(C(=O)C([H])([H])N([H])C(=O)[C@@]([H])(N([H])C(=O)[C@@]([H])(N([H])[C:2]([C:1])=[O:3])C([H])([H])C([H])([H])SC([H])([H])[H])C([H])([H])C2:C([H]):C([H]):C([H]):C([H]):C:2[H])C([H])([H])C([H])([H])C1([H])[H])C([H])([H])C([H])([H])C(=O)O[H])C([H])([H])C([H])([H])C([H])([H])N([H])C(=N[H])N([H])[H])C([H])([H])C([H])([H])C([H])([H])N([H])C(=N[H])N([H])[H],EVODEX-P12781
EVODEX-N4618,>>[H]N[C@]([H])(C(=O)N([H])[C@]([H])(C(=O)N([H])C([H])([H])C(=O)N1C([H])([H])C([H])([H])C([H])([H])[C@@]1([H])C(=O)N([H])[C@]([H])(C(=O)N([H])[C@]([H])(C(=O)N([H])[C@]([H])(C(=O)N([H])[C@]([H])(C(=O)O[H])C([H])([H])C([H])([H])C([H])([H])N([H])C(=N[H])N([H])[H])C([H])([H])C([H])([H])C([H])([H])N([H])C(=N[H])N([H])[H])C([H])([H])C([H])([H])C([H])([H])N([H])C(=N[H])N([H])[H])C([H])([H])C([H])([H])C(=O)O[H])C([H])([H])C1:C([H]):C([H]):C([H]):C([H]):C:1[H])C([H])([H])C([H])([H])SC([H])([H])[H].[H],EVODEX-P12782
EVODEX-N4619,[H][O:54][C:52]([C:51])=[O:53]>>[C:52](=[O:53])=[O:54].[H]C1:C([H]):C([H]):C(N([H])[H]):C(C(=O)[C:51]):C:1[H],EVODEX-P12784
EVODEX-N4620,[H]O[C@]1([H])[C@]([H])(OP(=O)(O[H])O[H])[C@@]([H])(C([H])([H])OP(=O)(O[H])OP(=O)(O[H])OC([H])([H])C(C([H])([H])[H])(C([H])([H])[H])[C@@]([H])(O[H])C(=O)N([H])C([H])([H])C([H])([H])C(=O)N([H])C([H])([H])C([H])([H])SC(=O)C([H])([H])[C:52](=[O:53])[O:54][H])O[C@@]1([H])N1:C([H]):N:C2:C(N([H])[H]):N:C([H]):N:C:2:1.[H]C1:C([H]):C([H]):C(N([H])[H]):C(C(=O)[S:102][C:101]):C:1[H]>>[C:52](=[O:53])=[O:54].[H][S:102][C:101],EVODEX-P12787
EVODEX-N4621,[H]OC(=O)[C:51]([C:49])([H:147])[H:148]>>[H]C1:C([H]):C([H]):C(N([H])[H]):C(C(=O)[C:51]([C:49])([H:147])[H:148]):C:1[H],EVODEX-P12788
EVODEX-N4622,[H][S:57][C:56].[H]OC(=O)[C@]([H])(N([H])[H])C([H])([H])[C:2]([C:1])=[O:3]>>[C:1][C:2](=[O:3])[S:57][C:56],EVODEX-P12794
EVODEX-N4623,[H]OC(=O)[C@]([H])(N([H])[H])C([H])([H])[C:2]([C:1])=[O:3]>>[H]O[C@]1([H])[C@]([H])(OP(=O)(O[H])O[H])[C@@]([H])(C([H])([H])OP(=O)(O[H])OP(=O)(O[H])OC([H])([H])C(C([H])([H])[H])(C([H])([H])[H])[C@@]([H])(O[H])C(=O)N([H])C([H])([H])C([H])([H])C(=O)N([H])C([H])([H])C([H])([H])S[C:2]([C:1])=[O:3])O[C@@]1([H])N1:C([H]):N:C2:C(N([H])[H]):N:C([H]):N:C:2:1,EVODEX-P12795
EVODEX-N4624,[H][C:52]([C:53])([H:96])[H:97]>>[H]C([H])([H])C(=O)[C:52]([C:53])([H:96])[H:97],"EVODEX-P12799,EVODEX-P20837"
EVODEX-N4625,[H]O[C@]1([H])[C@]([H])(OP(=O)(O[H])O[H])[C@@]([H])(C([H])([H])OP(=O)(O[H])OP(=O)(O[H])OC([H])([H])C(C([H])([H])[H])(C([H])([H])[H])[C@@]([H])(O[H])C(=O)N([H])C([H])([H])C([H])([H])C(=O)N([H])C([H])([H])C([H])([H])S[C:2]([C:1])=[O:3])O[C@@]1([H])N1:C([H]):N:C2:C(N([H])[H]):N:C([H]):N:C:2:1>>[H]OC(=O)[C@@]([H])(N([H])[H])C([H])([H])[C:2]([C:1])=[O:3],EVODEX-P12800
EVODEX-N4626,>>[H]OC(=O)[C@]([H])(C([H])[H])N([H])[H].[H],"EVODEX-P12801,EVODEX-P16683,EVODEX-P16810,EVODEX-P17271,EVODEX-P17490,EVODEX-P33022"
EVODEX-N4627,[H]O[C@]1([H])[C@]([H])(OP(=O)(O[H])O[H])[C@@]([H])(C([H])([H])OP(=O)(O[H])OP(=O)(O[H])OC([H])([H])C(C([H])([H])[H])(C([H])([H])[H])[C@@]([H])(O[H])C(=O)N([H])C([H])([H])C([H])([H])C(=O)N([H])C([H])([H])C([H])([H])S[C:2]([C:1])=[O:3])O[C@@]1([H])N1:C([H]):N:C2:C(N([H])[H]):N:C([H]):N:C:2:1>>[H]OC(=O)C([H])([H])[C@@]([H])(N([H])[H])C([H])([H])C([H])([H])C([H])([H])N([H])[C:2]([C:1])=[O:3],EVODEX-P12805
EVODEX-N4628,>>[H]NC([H])([H])C([H])([H])C([H])([H])[C@]([H])(N([H])[H])C([H])([H])C(=O)O[H].[H],EVODEX-P12806
EVODEX-N4629,[H]O[C@]1([H])[C@]([H])(OP(=O)(O[H])O[H])[C@@]([H])(C([H])([H])OP(=O)(O[H])OP(=O)(O[H])OC([H])([H])C(C([H])([H])[H])(C([H])([H])[H])[C@@]([H])(O[H])C(=O)N([H])C([H])([H])C([H])([H])C(=O)N([H])C([H])([H])C([H])([H])S[C:2]([C:1])=[O:3])O[C@@]1([H])N1:C([H]):N:C2:C(N([H])[H]):N:C([H]):N:C:2:1>>[H]C([H])([H])C([H])([H])O[C:2]([C:1])=[O:3],EVODEX-P12810
EVODEX-N4630,>>[H]C([H])([H])C([H])([H])O.[H],"EVODEX-P12811,EVODEX-P21469,EVODEX-P21475"
EVODEX-N4631,[H][S:48][C:47].[H]C([H])([H])C([H])([H])O[C:52]([C:53])=[O:54]>>[C:47][S:48][C:52]([C:53])=[O:54],EVODEX-P12814
EVODEX-N4632,[H]C([H])([H])C([H])([H])O[C:52]([C:53])=[O:54]>>[H]O[C@]1([H])[C@]([H])(OP(=O)(O[H])O[H])[C@@]([H])(C([H])([H])OP(=O)(O[H])OP(=O)(O[H])OC([H])([H])C(C([H])([H])[H])(C([H])([H])[H])[C@@]([H])(O[H])C(=O)N([H])C([H])([H])C([H])([H])C(=O)N([H])C([H])([H])C([H])([H])S[C:52]([C:53])=[O:54])O[C@@]1([H])N1:C([H]):N:C2:C(N([H])[H]):N:C([H]):N:C:2:1,EVODEX-P12815
EVODEX-N4633,[H]O[C@]1([H])[C@]([H])(OP(=O)(O[H])O[H])[C@@]([H])(C([H])([H])OP(=O)(O[H])OP(=O)(O[H])OC([H])([H])C(C([H])([H])[H])(C([H])([H])[H])[C@@]([H])(O[H])C(=O)N([H])C([H])([H])C([H])([H])C(=O)N([H])C([H])([H])C([H])([H])S[C:2]([C:1])=[O:3])O[C@@]1([H])N1:C([H]):N:C2:C(N([H])[H]):N:C([H]):N:C:2:1>>[H]OC(=O)[C@@]([H])(N([H])[C:2]([C:1])=[O:3])C([H])([H])C([H])([H])C([H])=O,EVODEX-P12820
EVODEX-N4634,>>[H]N[C@]([H])(C(=O)O[H])C([H])([H])C([H])([H])C([H])=O.[H],EVODEX-P12821
EVODEX-N4635,[H]O[C@]1([H])[C@]([H])(OP(=O)(O[H])O[H])[C@@]([H])(C([H])([H])OP(=O)(O[H])OP(=O)(O[H])OC([H])([H])C(C([H])([H])[H])(C([H])([H])[H])[C@@]([H])(O[H])C(=O)N([H])C([H])([H])C([H])([H])C(=O)N([H])C([H])([H])C([H])([H])S[C:2]([C:1])=[O:3])O[C@@]1([H])N1:C([H]):N:C2:C(N([H])[H]):N:C([H]):N:C:2:1>>[H]OC(=O)[C@@]1([H])N([C:2]([C:1])=[O:3])C([H])([H])[C@@]([H])(O[H])C1([H])[H],EVODEX-P12825
EVODEX-N4636,>>[H]OC(=O)[C@@]1([H])NC([H])([H])[C@@]([H])(O[H])C1([H])[H].[H],EVODEX-P12826
EVODEX-N4637,[H][C:19](:[C:17]):[C:20].[C:1][C:2](=[O:3])[C:4]>>[C:1][C:2](=[O:3])[C:19](:[C:17]):[C:20].[H][C:4],"EVODEX-P12827,EVODEX-P12830"
EVODEX-N4638,[H]C([H])([H])C(=O)[C:4](:[C:5]):[C:11]>>[H][C:4](:[C:5]):[C:11],"EVODEX-P12828,EVODEX-P12831"
EVODEX-N4639,[H][C:19](:[C:17]):[C:20].[H]OC1:C([H]):C(O[H]):C([C:2]([C:1])=[O:3]):C(O[H]):C:1[H]>>[C:1][C:2](=[O:3])[C:19](:[C:17]):[C:20],EVODEX-P12829
EVODEX-N4640,[H][C:18](:[C:17]):[C:19]>>[H]C([H])([H])C(=O)[C:18](:[C:17]):[C:19],EVODEX-P12832
EVODEX-N4641,[H]/C(=C(\[H])C([H])([H])C([H])([H])C([H])([H])C([H])([H])C([H])([H])C([H])([H])C([H])([H])C(=O)[O:18][P:19])C([H])([H])C([H])([H])C([H])([H])C([H])([H])C([H])([H])C([H])([H])[H]>>[H][O:18][P:19],EVODEX-P12834
EVODEX-N4642,[H]OP(=O)(O[H])O[C:16]([C:15])=[O:17].[H][O:32][C:31]>>[C:15][C:16](=[O:17])[O:32][C:31],"EVODEX-P12835,EVODEX-P12841"
EVODEX-N4643,[H][O:32][C:31]>>[H]/C(=C(\[H])C([H])([H])C([H])([H])C([H])([H])C([H])([H])C([H])([H])C([H])([H])C([H])([H])C(=O)[O:32][C:31])C([H])([H])C([H])([H])C([H])([H])C([H])([H])C([H])([H])C([H])([H])[H],EVODEX-P12836
EVODEX-N4644,[H]OP(=O)(O[H])O[C:16]([C:15])=[O:17]>>[H]O[C@@]([H])(C([H])([H])OP(=O)(O[H])O[H])C([H])([H])O[C:16]([C:15])=[O:17],"EVODEX-P12837,EVODEX-P12843"
EVODEX-N4645,[H]C([H])([H])C([H])([H])C([H])([H])C([H])([H])C([H])([H])C([H])([H])C([H])([H])C([H])([H])C([H])([H])C([H])([H])C([H])([H])C([H])([H])C([H])([H])C([H])([H])C([H])([H])C(=O)[O:18][P:19]>>[H][O:18][P:19],EVODEX-P12840
EVODEX-N4646,[H]O[C@]1([H])[C@]([H])(OP(=O)(O[H])O[H])[C@@]([H])(C([H])([H])OP(=O)(O[H])OP(=O)(O[H])OC([H])([H])C(C([H])([H])[H])(C([H])([H])[H])[C@@]([H])(O[H])C(=O)N([H])C([H])([H])C([H])([H])C(=O)N([H])C([H])([H])C([H])([H])S[C:2]([C:1])=[O:3])O[C@@]1([H])N1:C([H]):N:C2:C(N([H])[H]):N:C([H]):N:C:2:1>>[H]OP(=O)(O[H])C([H])([H])N([H])[C:2]([C:1])=[O:3],EVODEX-P12848
EVODEX-N4647,>>[H]NC([H])([H])P(=O)(O[H])O[H].[H],EVODEX-P12849
EVODEX-N4648,[H]O[C@]1([H])[C@]([H])(OP(=O)(O[H])O[H])[C@@]([H])(C([H])([H])OP(=O)(O[H])OP(=O)(O[H])OC([H])([H])C(C([H])([H])[H])(C([H])([H])[H])[C@@]([H])(O[H])C(=O)N([H])C([H])([H])C([H])([H])C(=O)N([H])C([H])([H])C([H])([H])S[C:16]([C:15])=[O:17])O[C@@]1([H])N1:C([H]):N:C2:C(N([H])[H]):N:C([H]):N:C:2:1>>[H]C([H])([H])C([H])([H])C([H])([H])C([H])([H])C([H])([H])C([H])([H])[C@]([H])(O[C:16]([C:15])=[O:17])C([H])([H])[H],EVODEX-P12853
EVODEX-N4649,>>[H]C([H])([H])C([H])([H])C([H])([H])C([H])([H])C([H])([H])C([H])([H])[C@]([H])(O)C([H])([H])[H].[H],EVODEX-P12854
EVODEX-N4650,[H]O[C@]1([H])[C@]([H])(OP(=O)(O[H])O[H])[C@@]([H])(C([H])([H])OP(=O)(O[H])OP(=O)(O[H])OC([H])([H])C(C([H])([H])[H])(C([H])([H])[H])[C@@]([H])(O[H])C(=O)N([H])C([H])([H])C([H])([H])C(=O)N([H])C([H])([H])C([H])([H])S[C:16]([C:15])=[O:17])O[C@@]1([H])N1:C([H]):N:C2:C(N([H])[H]):N:C([H]):N:C:2:1>>[H]OC([H])([H])[C@@]1([H])O[C@]([H])(O[C@@]2([H])O[C@]([H])(C([H])([H])O[H])[C@@]([H])(O[H])[C@]([H])(O[H])[C@@]2([H])O[C:16]([C:15])=[O:17])[C@]([H])(OS(=O)(=O)O[H])[C@@]([H])(O[H])[C@]1([H])O[H],EVODEX-P12863
EVODEX-N4651,>>[H]OC([H])([H])[C@@]1([H])O[C@]([H])(O[C@@]2([H])O[C@]([H])(C([H])([H])O[H])[C@@]([H])(O[H])[C@]([H])(O[H])[C@@]2([H])O)[C@]([H])(OS(=O)(=O)O[H])[C@@]([H])(O[H])[C@]1([H])O[H].[H],EVODEX-P12864
EVODEX-N4652,[H]O[C@]1([H])[C@]([H])(OP(=O)(O[H])O[H])[C@@]([H])(C([H])([H])OP(=O)(O[H])OP(=O)(O[H])OC([H])([H])C(C([H])([H])[H])(C([H])([H])[H])[C@@]([H])(O[H])C(=O)N([H])C([H])([H])C([H])([H])C(=O)N([H])C([H])([H])C([H])([H])S[C:37]([C:36])=[O:38])O[C@@]1([H])N1:C([H]):N:C2:C(N([H])[H]):N:C([H]):N:C:2:1>>[H]OC([H])([H])[C@]([H])(N([H])[C:37]([C:36])=[O:38])[C@]([H])(O[H])/C([H])=C(\[H])C([H])([H])C([H])([H])C([H])([H])C([H])([H])C([H])([H])C([H])([H])C([H])([H])C([H])([H])C([H])([H])C([H])([H])C([H])([H])C([H])([H])C([H])([H])[H],"EVODEX-P12867,EVODEX-P12872,EVODEX-P12889,EVODEX-P12894"
EVODEX-N4653,>>[H]N[C@@]([H])(C([H])([H])O[H])[C@]([H])(O[H])/C([H])=C(\[H])C([H])([H])C([H])([H])C([H])([H])C([H])([H])C([H])([H])C([H])([H])C([H])([H])C([H])([H])C([H])([H])C([H])([H])C([H])([H])C([H])([H])C([H])([H])[H].[H],"EVODEX-P12869,EVODEX-P12874,EVODEX-P12891,EVODEX-P12896,EVODEX-P13453,EVODEX-P13726,EVODEX-P18619,EVODEX-P20184,EVODEX-P27250"
EVODEX-N4654,[H][N:19]([C:18])[H:121]>>[H]C([H])([H])C([H])([H])C([H])([H])C([H])([H])C([H])([H])C([H])([H])C([H])([H])C([H])([H])C([H])([H])C([H])([H])C([H])([H])C([H])([H])C([H])([H])C([H])([H])C([H])([H])C([H])([H])C([H])([H])C(=O)[N:19]([C:18])[H:121],"EVODEX-P12873,EVODEX-P12899"
EVODEX-N4655,[H]C([H])([H])C([H])([H])C([H])([H])C([H])([H])C([H])([H])C([H])([H])C([H])([H])C([H])([H])C([H])([H])C([H])([H])C([H])([H])C([H])([H])C([H])([H])C([H])([H])C([H])([H])C([H])([H])C([H])([H])C([H])([H])C([H])([H])C([H])([H])C([H])([H])C([H])([H])C([H])([H])C(=O)[S:26][C:27]>>[H][S:26][C:27],EVODEX-P12876
EVODEX-N4656,[H][N:92]([C:91])[H:211]>>[H]C([H])([H])C([H])([H])C([H])([H])C([H])([H])C([H])([H])C([H])([H])C([H])([H])C([H])([H])C([H])([H])C([H])([H])C([H])([H])C([H])([H])C([H])([H])C([H])([H])C([H])([H])C([H])([H])C([H])([H])C([H])([H])C([H])([H])C([H])([H])C([H])([H])C([H])([H])C([H])([H])C(=O)[N:92]([C:91])[H:211],"EVODEX-P12878,EVODEX-P27249"
EVODEX-N4657,[H]/C(=C(\[H])C([H])([H])C([H])([H])C([H])([H])C([H])([H])C([H])([H])C([H])([H])C([H])([H])C([H])([H])C([H])([H])C([H])([H])C([H])([H])C([H])([H])C([H])([H])C(=O)[S:26][C:27])C([H])([H])C([H])([H])C([H])([H])C([H])([H])C([H])([H])C([H])([H])C([H])([H])C([H])([H])[H]>>[H][S:26][C:27],EVODEX-P12882
EVODEX-N4658,[H][N:92]([C:91])[H:209]>>[H]/C(=C(\[H])C([H])([H])C([H])([H])C([H])([H])C([H])([H])C([H])([H])C([H])([H])C([H])([H])C([H])([H])C([H])([H])C([H])([H])C([H])([H])C([H])([H])C([H])([H])C(=O)[N:92]([C:91])[H:209])C([H])([H])C([H])([H])C([H])([H])C([H])([H])C([H])([H])C([H])([H])C([H])([H])C([H])([H])[H],EVODEX-P12884
EVODEX-N4659,[H][N:19]([C:18])[H:125]>>[H]C([H])([H])C([H])([H])C([H])([H])C([H])([H])C([H])([H])C([H])([H])C([H])([H])C([H])([H])C([H])([H])C([H])([H])C([H])([H])C([H])([H])C([H])([H])C([H])([H])C([H])([H])C([H])([H])C([H])([H])C([H])([H])C([H])([H])C([H])([H])C([H])([H])C(=O)[N:19]([C:18])[H:125],EVODEX-P12890
EVODEX-N4660,[H][N:19]([C:18])[H:123]>>[H]C([H])([H])C([H])([H])C([H])([H])C([H])([H])C([H])([H])C([H])([H])C([H])([H])C([H])([H])C([H])([H])C([H])([H])C([H])([H])C([H])([H])C([H])([H])C([H])([H])C([H])([H])C([H])([H])C([H])([H])C([H])([H])C([H])([H])C(=O)[N:19]([C:18])[H:123],EVODEX-P12895
EVODEX-N4661,[H]O[C@]1([H])[C@]([H])(OP(=O)(O[H])O[H])[C@@]([H])(C([H])([H])OP(=O)(O[H])OP(=O)(O[H])OC([H])([H])C(C([H])([H])[H])(C([H])([H])[H])[C@@]([H])(O[H])C(=O)N([H])C([H])([H])C([H])([H])C(=O)N([H])C([H])([H])C([H])([H])S[C:49](=[O:50])[C:51])O[C@@]1([H])N1:C([H]):N:C2:C(N([H])[H]):N:C([H]):N:C:2:1>>[H]OC(=O)C1:C([H]):C([H]):C(O[H]):C([H]):C:1N([H])[C:49](=[O:50])[C:51],EVODEX-P12905
EVODEX-N4662,>>[H]NC1:C([H]):C(O[H]):C([H]):C([H]):C:1C(=O)O[H].[H],EVODEX-P12906
EVODEX-N4663,[H]O[C@]1([H])[C@]([H])(OP(=O)(O[H])O[H])[C@@]([H])(C([H])([H])OP(=O)(O[H])OP(=O)(O[H])OC([H])([H])C(C([H])([H])[H])(C([H])([H])[H])[C@@]([H])(O[H])C(=O)N([H])C([H])([H])C([H])([H])C(=O)N([H])C([H])([H])C([H])([H])S[C:49](=[O:50])[C:51])O[C@@]1([H])N1:C([H]):N:C2:C(N([H])[H]):N:C([H]):N:C:2:1>>[H]OC(=O)C1:C([H]):C(O[H]):C([H]):C([H]):C:1N([H])[C:49](=[O:50])[C:51],EVODEX-P12910
EVODEX-N4664,>>[H]NC1:C([H]):C([H]):C(O[H]):C([H]):C:1C(=O)O[H].[H],EVODEX-P12911
EVODEX-N4665,[H]OC([H])([H])C([H])([H])C(=O)[S:48][C:47]>>[H][S:48][C:47],EVODEX-P12913
EVODEX-N4666,[H][O:64][C:63]>>[H]OC([H])([H])C([H])([H])C(=O)[O:64][C:63],EVODEX-P12915
EVODEX-N4667,[H]O[C@]1([H])[C@]([H])(OP(=O)(O[H])O[H])[C@@]([H])(C([H])([H])OP(=O)(O[H])OP(=O)(O[H])OC([H])([H])C(C([H])([H])[H])(C([H])([H])[H])[C@@]([H])(O[H])C(=O)N([H])C([H])([H])C([H])([H])C(=O)N([H])C([H])([H])C([H])([H])S[C:49](=[O:50])[C:51])O[C@@]1([H])N1:C([H]):N:C2:C(N([H])[H]):N:C([H]):N:C:2:1>>[H]OC(=O)C([H])([H])C([H])([H])OC(=O)C([H])([H])C([H])([H])O[C:49](=[O:50])[C:51],EVODEX-P12916
EVODEX-N4668,>>[H]OC(=O)C([H])([H])C([H])([H])OC(=O)C([H])([H])C([H])([H])O.[H],EVODEX-P12917
EVODEX-N4669,[H]OC([H])(C([H])([H])[H])C([H])([H])C(=O)[S:60][C:61]>>[H][S:60][C:61],EVODEX-P12919
EVODEX-N4670,[H]O[C@]1([H])[C@]([H])(OP(=O)(O[H])O[H])[C@@]([H])(C([H])([H])OP(=O)(O[H])OP(=O)(O[H])OC([H])([H])C(C([H])([H])[H])(C([H])([H])[H])[C@@]([H])(O[H])C(=O)N([H])C([H])([H])C([H])([H])C(=O)N([H])C([H])([H])C([H])([H])S[C:58]([C:57])=[O:59])O[C@@]1([H])N1:C([H]):N:C2:C(N([H])[H]):N:C([H]):N:C:2:1>>[H]OC([H])([H])C([H])([H])C(=O)SC([H])([H])C([H])([H])N([H])C(=O)C([H])([H])C([H])([H])N([H])C(=O)[C@]([H])(O[H])C(C([H])([H])[H])(C([H])([H])[H])C([H])([H])OP(=O)(O[H])OP(=O)(O[H])OC([H])([H])[C@@]1([H])O[C@@]([H])(N2:C([H]):N:C3:C(N([H])[H]):N:C([H]):N:C:3:2)[C@]([H])(O[C:58]([C:57])=[O:59])[C@]1([H])OP(=O)(O[H])O[H],EVODEX-P12921
EVODEX-N4671,[H][O:29][C:28]>>[H]OC([H])(C([H])([H])[H])C([H])([H])C(=O)[O:29][C:28],EVODEX-P12922
EVODEX-N4672,>>[H]OC([H])([H])C([H])([H])C(=O)SC([H])([H])C([H])([H])N([H])C(=O)C([H])([H])C([H])([H])N([H])C(=O)[C@]([H])(O[H])C(C([H])([H])[H])(C([H])([H])[H])C([H])([H])OP(=O)(O[H])OP(=O)(O[H])OC([H])([H])[C@@]1([H])O[C@@]([H])(N2:C([H]):N:C3:C(N([H])[H]):N:C([H]):N:C:3:2)[C@]([H])(O)[C@]1([H])OP(=O)(O[H])O[H].[H],EVODEX-P12923
EVODEX-N4673,[H][N:11]([C:12])[H:21].[H]N([H])[C:2](=[O:3])[C:4]>>[C:2](=[O:3])([C:4])[N:11]([C:12])[H:21],"EVODEX-P12925,EVODEX-P12962,EVODEX-P12967,EVODEX-P12977"
EVODEX-N4674,[H]N([H])[C:2](=[O:3])[C:4]>>[H]OC(=O)C([H])([H])C([H])([H])[C@]([H])(C(=O)O[H])N([H])[C:2](=[O:3])[C:4],EVODEX-P12926
EVODEX-N4675,[H][N:11]([C:12])[H:21]>>[H]OC(=O)[C@@]([H])(N([H])[H])C([H])([H])C([H])([H])C(=O)[N:11]([C:12])[H:21],"EVODEX-P12927,EVODEX-P12932,EVODEX-P12964,EVODEX-P12969,EVODEX-P12979,EVODEX-P33283,EVODEX-P33522,EVODEX-P33602,EVODEX-P34030,EVODEX-P34766,EVODEX-P34908"
EVODEX-N4676,[H]OC(=O)[C@@]([H])(N([H])[H])C([H])([H])C([H])([H])C(=O)[N:7]([C:8])[H:25]>>[H][N:7]([C:8])[H:25],"EVODEX-P12930,EVODEX-P12951,EVODEX-P25098,EVODEX-P25120,EVODEX-P25125,EVODEX-P27583,EVODEX-P27840,EVODEX-P28014,EVODEX-P28031,EVODEX-P31238,EVODEX-P31243,EVODEX-P31246,EVODEX-P31249,EVODEX-P33624"
EVODEX-N4677,[H]OC(=O)C([H])([H])N([H])C(=O)[C@@]([H])(N([H])[C:5]([C:4])=[O:6])C([H])([H])S[H].[H][N:21]([C:22])[H:57]>>[C:4][C:5](=[O:6])[N:21]([C:22])[H:57],EVODEX-P12931
EVODEX-N4678,[H]OC(=O)C([H])([H])N([H])C(=O)[C@@]([H])(N([H])[C:5]([C:4])=[O:6])C([H])([H])S[H].[H][O:21][H:39]>>[C:4][C:5](=[O:6])[O:21][H:39],"EVODEX-P12936,EVODEX-P28064"
EVODEX-N4679,[H]OC(=O)C([H])([H])N([H])C(=O)[C@@]([H])(N([H])[C:5]([C:4])=[O:6])C([H])([H])S[H]>>[H]O[C:5]([C:4])=[O:6],"EVODEX-P12937,EVODEX-P28065"
EVODEX-N4680,[H]OC(=O)[C@@]([H])(N([H])C(=O)[C@@]([H])(N([H])C(=O)[C@@]([H])(N([H])[H])C([H])([H])C([H])([H])C(=O)[N:22]([H:48])[H:49])C([H])([H])C1:C([H]):C([H]):C([H]):C([H]):C:1[H])C([H])([H])[H]>>[H][N:22]([H:48])[H:49],EVODEX-P12939
EVODEX-N4681,[C:20][C:21]([N:22])=[O:23].[H][N:18]([C:17])[H:42]>>[C:17][N:18]([C:21]([C:20])=[O:23])[H:42].[H][N:22],"EVODEX-P12940,EVODEX-P12943,EVODEX-P31239,EVODEX-P31242,EVODEX-P31244,EVODEX-P31247,EVODEX-P31250"
EVODEX-N4682,[H]N([H])[C:21]([C:20])=[O:23].[H][N:18]([C:17])[H:42]>>[C:17][N:18]([C:21]([C:20])=[O:23])[H:42],"EVODEX-P12941,EVODEX-P12944"
EVODEX-N4683,[H]OC(=O)[C@@]([H])(N([H])C(=O)[C@@]([H])(N([H])C(=O)[C@@]([H])(N([H])[H])C([H])([H])C([H])([H])C(=O)[N:23]([H:49])[H:50])C([H])([H])C1:C([H]):C([H]):C(O[H]):C([H]):C:1[H])C([H])([H])[H]>>[H][N:23]([H:49])[H:50],EVODEX-P12942
EVODEX-N4684,[H][N:10]([O:11])[H:12].[N:1][C:2](=[O:3])[C:4]>>[C:2](=[O:3])([C:4])[N:10]([O:11])[H:12].[H][N:1],EVODEX-P12945
EVODEX-N4685,[H][N:10]([O:11])[H:12].[H]N([H])[C:2](=[O:3])[C:4]>>[C:2](=[O:3])([C:4])[N:10]([O:11])[H:12],EVODEX-P12946
EVODEX-N4686,[H]N([H])[C:2](=[O:3])[C:4]>>[H]ON([H])[C:2](=[O:3])[C:4],EVODEX-P12947
EVODEX-N4687,[H][N:10]([O:11])[H:12]>>[H]OC(=O)[C@@]([H])(N([H])[H])C([H])([H])C(=O)[N:10]([O:11])[H:12],EVODEX-P12948
EVODEX-N4688,[H][C:40]([C:39])([H:113])[H:114].[S:68][C:69]([C:70])([H:141])[H:142]>>[C:39][C:40]([C:69]([S:68])([H:141])[H:142])([H:113])[H:114].[H][C:70],"EVODEX-P12955,EVODEX-P17140,EVODEX-P31308,EVODEX-P31313"
EVODEX-N4689,[H]C([H])([H])SC([H])([H])[C:70]([C:71])([H:143])[H:144]>>[H][C:70]([C:71])([H:143])[H:144],EVODEX-P12956
EVODEX-N4690,[H][C:40]([C:39])([H:113])[H:114].[H]OC(=O)[C@]([H])(N([H])[H])C([H])([H])[C:69]([S:68])([H:141])[H:142]>>[C:39][C:40]([C:69]([S:68])([H:141])[H:142])([H:113])[H:114],"EVODEX-P12957,EVODEX-P17141,EVODEX-P31309,EVODEX-P31314"
EVODEX-N4691,[H]OC(=O)[C@]([H])(N([H])[H])C([H])([H])[C:69]([S:68])([H:141])[H:142]>>[H]OC(=O)[C@]([H])(N([H])[H])C([H])([H])C([H])([H])C([H])([H])[C@@]([H])(C(=O)N([H])[C@@]([H])(C(=O)O[H])C([H])([H])[C:69]([S:68])([H:141])[H:142])N([H])C(=O)C([H])([H])C([H])([H])[C@]([H])(C(=O)N([H])[H])N([H])C(=O)[C@@]([H])(N([H])C(=O)C([H])(O[C@@]1([H])[C@]([H])(O[C@]2([H])O[C@]([H])(C([H])([H])O[H])[C@@]([H])(O[H])[C@]([H])(O[H])[C@@]2([H])N([H])C(=O)C([H])([H])[H])[C@@]([H])(C([H])([H])O[H])OC([H])(O[H])[C@]1([H])N([H])C(=O)C([H])([H])O[H])C([H])([H])[H])C([H])([H])[H],EVODEX-P12958
EVODEX-N4692,[H][C:40]([C:39])([H:113])[H:114]>>[H]C([H])([H])SC([H])([H])[C:40]([C:39])([H:113])[H:114],"EVODEX-P12959,EVODEX-P17142,EVODEX-P31311,EVODEX-P31316"
EVODEX-N4693,>>[H]OC(=O)[C@@]([H])(C([H])[H])N([H])C(=O)[C@@]([H])(N([H])C(=O)C([H])([H])C([H])([H])[C@]([H])(C(=O)N([H])[H])N([H])C(=O)[C@@]([H])(N([H])C(=O)C([H])(O[C@@]1([H])[C@]([H])(O[C@]2([H])O[C@]([H])(C([H])([H])O[H])[C@@]([H])(O[H])[C@]([H])(O[H])[C@@]2([H])N([H])C(=O)C([H])([H])[H])[C@@]([H])(C([H])([H])O[H])OC([H])(O[H])[C@]1([H])N([H])C(=O)C([H])([H])O[H])C([H])([H])[H])C([H])([H])[H])C([H])([H])C([H])([H])C([H])([H])[C@]([H])(C(=O)O[H])N([H])[H].[H],EVODEX-P12960
EVODEX-N4694,[H]N([H])[C:2](=[O:3])[C:4]>>[H]N([H])C([H])([H])C([H])([H])C([H])([H])C([H])([H])N([H])[C:2](=[O:3])[C:4],EVODEX-P12963
EVODEX-N4695,[H]N([H])[C:2](=[O:3])[C:4]>>[H]N([H])C([H])([H])C([H])([H])C([H])([H])C([H])([H])N([H])C([H])([H])C([H])([H])C([H])([H])N([H])[C:2](=[O:3])[C:4],EVODEX-P12968
EVODEX-N4696,>>[H]NC([H])([H])C([H])([H])C([H])([H])N([H])C([H])([H])C([H])([H])C([H])([H])C([H])([H])N([H])[H].[H],"EVODEX-P12970,EVODEX-P27745"
EVODEX-N4697,[C:1][C@@:2]([N:3])([C:4])[H:20].[H][N:7]([C:8])[H:24]>>[C:1][C@:2]([C:4])([N:7]([C:8])[H:24])[H:20].[H][N:3],EVODEX-P12971
EVODEX-N4698,[H]N([H])[C@:2]([C:1])([C:4])[H:20].[H][N:7]([C:8])[H:24]>>[C:1][C@:2]([C:4])([N:7]([C:8])[H:24])[H:20],EVODEX-P12972
EVODEX-N4699,[H]N([H])[C@:2]([C:1])([C:4])[H:20]>>[H]OC(=O)[C@@]([H])(N([H])[H])C([H])([H])C([H])([H])C(=O)N([H])[C@:2]([C:1])([C:4])[H:20],EVODEX-P12974
EVODEX-N4700,[H]N([H])[C:2](=[O:3])[C:4]>>[H]OC(=O)[C@]([H])(N([H])[C:2](=[O:3])[C:4])C([H])([H])C1:C([H]):C([H]):C([H]):C([H]):C:1[H],EVODEX-P12978
EVODEX-N4701,[C:2][C:3]([C:4])([H:74])[H:75].[H][C:58]([N:57])([C:59])[H:123]>>[C:3]([C:4])([C@:58]([N:57])([C:59])[H:123])([H:74])[H:75].[H][C:2],"EVODEX-P12981,EVODEX-P12987,EVODEX-P17059"
EVODEX-N4702,[H]OC(=O)C([H])([H])N([H])C(=O)[C@@]([H])(N([H])C(=O)C([H])([H])C([H])([H])[C@:2]([N:1])([C:18])[H:73])C([H])([H])S[H]>>[H][C:2]([N:1])([C:18])[H:73],EVODEX-P12982
EVODEX-N4703,[H]OC(=O)[C@@]([H])(N([H])[H])[C:3]([C:4])([H:74])[H:75].[H][C:58]([N:57])([C:59])[H:123]>>[C:3]([C:4])([C@:58]([N:57])([C:59])[H:123])([H:74])[H:75],"EVODEX-P12983,EVODEX-P12988"
EVODEX-N4704,[H][C:58]([N:57])([C:59])[H:123]>>[H]OC(=O)C([H])([H])N([H])C(=O)[C@@]([H])(N([H])C(=O)C([H])([H])C([H])([H])[C@:58]([N:57])([C:59])[H:123])C([H])([H])S[H],EVODEX-P12984
EVODEX-N4705,[H]OC(=O)[C@@]([H])(N([H])[H])[C:3]([C:4])([H:74])[H:75]>>[H]OC(=O)[C@@]([H])(N([H])[H])C([H])([H])C([H])([H])C(=O)N([H])[C@]([H])(C(=O)N([H])[C@]([H])(C(=O)O[H])C([H])([H])C([H])([H])C(=O)N([H])[C@]([H])(C(=O)N([H])[C@]([H])(C(=O)O[H])C([H])([H])C([H])([H])C(=O)N([H])[C@]([H])(C(=O)N([H])[C@]([H])(C(=O)O[H])[C:3]([C:4])([H:74])[H:75])C([H])([H])S[H])C([H])([H])S[H])C([H])([H])S[H],EVODEX-P12985
EVODEX-N4706,>>[H]OC(=O)C([H])N([H])C(=O)[C@@]([H])(N([H])C(=O)C([H])([H])C([H])([H])[C@@]([H])(C(=O)O[H])N([H])C(=O)[C@@]([H])(N([H])C(=O)C([H])([H])C([H])([H])[C@@]([H])(C(=O)O[H])N([H])C(=O)[C@@]([H])(N([H])C(=O)C([H])([H])C([H])([H])[C@@]([H])(C(=O)O[H])N([H])[H])C([H])([H])S[H])C([H])([H])S[H])C([H])([H])S[H].[H],EVODEX-P12986
EVODEX-N4707,[H]/C(=C(/[H])C([H])(C([H])([H])[H])C([H])([H])[H])C([H])([H])C([H])([H])C([H])([H])C([H])([H])C(=O)[S:12][C:13]>>[H][S:12][C:13],EVODEX-P12990
EVODEX-N4708,[H][N:66]([C:65])[H:129]>>[H]/C(=C(/[H])C([H])(C([H])([H])[H])C([H])([H])[H])C([H])([H])C([H])([H])C([H])([H])C([H])([H])C(=O)[N:66]([C:65])[H:129],EVODEX-P12992
EVODEX-N4709,[H]O[C@]1([H])[C@]([H])(OP(=O)(O[H])O[H])[C@@]([H])(C([H])([H])OP(=O)(O[H])OP(=O)(O[H])OC([H])([H])C(C([H])([H])[H])(C([H])([H])[H])[C@@]([H])(O[H])C(=O)N([H])C([H])([H])C([H])([H])C(=O)N([H])C([H])([H])C([H])([H])S[C:10]([C:9])=[O:11])O[C@@]1([H])N1:C([H]):N:C2:C(N([H])[H]):N:C([H]):N:C:2:1>>[H]OC1:C([H]):C([H]):C(C([H])([H])N([H])[C:10]([C:9])=[O:11]):C([H]):C:1OC([H])([H])[H],EVODEX-P12993
EVODEX-N4710,>>[H]NC([H])([H])C1:C([H]):C([H]):C(O[H]):C(OC([H])([H])[H]):C:1[H].[H],EVODEX-P12994
EVODEX-N4711,[H][C:1]([C:2])([H:62])[H:63].[C:56][C:57](=[O:58])[C:59]>>[H]O[C:2][C:1]([C:57]([C:56])([O:58][H])[C:59])([H:62])[H:63].[H],"EVODEX-P12995,EVODEX-P13073,EVODEX-P13084,EVODEX-P13175,EVODEX-P13209,EVODEX-P13220,EVODEX-P13231,EVODEX-P13242,EVODEX-P13253,EVODEX-P13264,EVODEX-P13275"
EVODEX-N4712,[H][C:1]([C:2](=[O:3])[S:4])([H:62])[H:63].[H][O:52][H:104]>>[H]OC(=O)C([H])([H])C(O[H])(C(=O)O[H])[C:1]([C:2](=[O:3])[O:52][H:104])([H:62])[H:63].[H][S:4],EVODEX-P12996
EVODEX-N4713,[H][C:1]([C:2](=[O:3])[S:4])([H:62])[H:63].[C:56][C:57](=[O:58])[C:59].[H][O:52][H:104]>>[H][O:58][C:57]([C:1]([C:2](=[O:3])[O:52][H:104])([H:62])[H:63])([C:56])[C:59].[H][S:4],"EVODEX-P12997,EVODEX-P13075,EVODEX-P13086,EVODEX-P13176,EVODEX-P13211,EVODEX-P13222,EVODEX-P13233,EVODEX-P13244,EVODEX-P13255,EVODEX-P13266,EVODEX-P13276"
EVODEX-N4714,[H][O:52][H:104]>>[H]OC(=O)C([H])([H])C(O[H])(C(=O)O[H])C([H])([H])C(=O)[O:52][H:104],EVODEX-P12998
EVODEX-N4715,[H]O[C@]1([H])[C@]([H])(OP(=O)(O[H])O[H])[C@@]([H])(C([H])([H])OP(=O)(O[H])OP(=O)(O[H])OC([H])([H])C(C([H])([H])[H])(C([H])([H])[H])[C@@]([H])(O[H])C(=O)N([H])C([H])([H])C([H])([H])C(=O)N([H])C([H])([H])C([H])([H])S[C:2]([C:1]([H])([H:62])[H:63])=[O:3])O[C@@]1([H])N1:C([H]):N:C2:C(N([H])[H]):N:C([H]):N:C:2:1.[C:56][C:57](=[O:58])[C:59]>>[H]O[C:2]([C:1]([C:57]([C:56])([O:58][H])[C:59])([H:62])[H:63])=[O:3],"EVODEX-P12999,EVODEX-P13077,EVODEX-P13088,EVODEX-P13179,EVODEX-P13213,EVODEX-P13224,EVODEX-P13235,EVODEX-P13246,EVODEX-P13257,EVODEX-P13268,EVODEX-P13279"
EVODEX-N4716,[H]O[C@]1([H])[C@]([H])(OP(=O)(O[H])O[H])[C@@]([H])(C([H])([H])OP(=O)(O[H])OP(=O)(O[H])OC([H])([H])C(C([H])([H])[H])(C([H])([H])[H])[C@@]([H])(O[H])C(=O)N([H])C([H])([H])C([H])([H])C(=O)N([H])C([H])([H])C([H])([H])S[C:2]([C:1]([H])([H:62])[H:63])=[O:3])O[C@@]1([H])N1:C([H]):N:C2:C(N([H])[H]):N:C([H]):N:C:2:1.[H][O:52][H:104]>>[H]OC(=O)C([H])([H])C(O[H])(C(=O)O[H])[C:1]([C:2](=[O:3])[O:52][H:104])([H:62])[H:63],EVODEX-P13000
EVODEX-N4717,[C:56][C:57](=[O:58])[C:59]>>[H]OC(=O)C([H])([H])[C:57]([C:56])([O:58][H])[C:59],"EVODEX-P13001,EVODEX-P13079,EVODEX-P13090,EVODEX-P13182,EVODEX-P13215,EVODEX-P13226,EVODEX-P13237,EVODEX-P13248,EVODEX-P13259,EVODEX-P13270,EVODEX-P13282"
EVODEX-N4718,[H]O[C@]1([H])[C@]([H])(OP(=O)(O[H])O[H])[C@@]([H])(C([H])([H])OP(=O)(O[H])OP(=O)(O[H])OC([H])([H])C(C([H])([H])[H])(C([H])([H])[H])[C@@]([H])(O[H])C(=O)N([H])C([H])([H])C([H])([H])C(=O)N([H])C([H])([H])C([H])([H])S[C:2]([C:1]([H])([H:62])[H:63])=[O:3])O[C@@]1([H])N1:C([H]):N:C2:C(N([H])[H]):N:C([H]):N:C:2:1>>[H]OC(=O)C([H])([H])C(O[H])(C(=O)O[H])[C:1]([C:2](O[H])=[O:3])([H:62])[H:63],EVODEX-P13002
EVODEX-N4719,[H]O[C@]1([H])[C@]([H])(OP(=O)(O[H])O[H])[C@@]([H])(C([H])([H])OP(=O)(O[H])OP(=O)(O[H])OC([H])([H])C(C([H])([H])[H])(C([H])([H])[H])[C@@]([H])(O[H])C(=O)N([H])C([H])([H])C([H])([H])C(=O)N([H])C([H])([H])C([H])([H])S[C:2]([C:1]([H])([H:62])[H:63])=[O:3])O[C@@]1([H])N1:C([H]):N:C2:C(N([H])[H]):N:C([H]):N:C:2:1.[C:56][C:57](=[O:58])[C:59].[H][O:52][H:104]>>[H][O:58][C:57]([C:1]([C:2](=[O:3])[O:52][H:104])([H:62])[H:63])([C:56])[C:59],"EVODEX-P13003,EVODEX-P13081,EVODEX-P13092,EVODEX-P13183,EVODEX-P13217,EVODEX-P13228,EVODEX-P13239,EVODEX-P13250,EVODEX-P13261,EVODEX-P13272,EVODEX-P13283"
EVODEX-N4720,[C:56][C:57](=[O:58])[C:59].[H][O:52][H:104]>>[H]C([H])(C(=O)[O:52][H:104])[C:57]([C:56])([O:58][H])[C:59],"EVODEX-P13004,EVODEX-P13082,EVODEX-P13093,EVODEX-P13180,EVODEX-P13218,EVODEX-P13229,EVODEX-P13240,EVODEX-P13251,EVODEX-P13262,EVODEX-P13273,EVODEX-P13280"
EVODEX-N4721,[H][C:1]([C:2])([H:62])[H:63]>>[H]OC(=O)C([H])([H])C(O[H])(C(=O)O[H])[C:1]([C:2]O[H])([H:62])[H:63].[H],EVODEX-P13005
EVODEX-N4722,[H][S:48][C:47].[H]O[C:50](=[O:49])[C:52][C:53]([O:54][H])([C:55])[C:59]>>[C:53](=[O:54])([C:55])[C:59].[H][C:52][C:50]([S:48][C:47])=[O:49],EVODEX-P13006
EVODEX-N4723,[H]C([H])(C(=O)[O:51][H:98])[C:53]([O:54][H])([C:55])[C:59]>>[C:53](=[O:54])([C:55])[C:59].[H][O:51][H:98],EVODEX-P13007
EVODEX-N4724,[H]OC(=O)C([H])([H])C(O[H])(C(=O)O[H])[C:52]([C:50])([H:99])[H:100]>>[H]O[C@]1([H])[C@]([H])(OP(=O)(O[H])O[H])[C@@]([H])(C([H])([H])OP(=O)(O[H])OP(=O)(O[H])OC([H])([H])C(C([H])([H])[H])(C([H])([H])[H])[C@@]([H])(O[H])C(=O)N([H])C([H])([H])C([H])([H])C(=O)N([H])C([H])([H])C([H])([H])S[C:50][C:52]([H])([H:99])[H:100])O[C@@]1([H])N1:C([H]):N:C2:C(N([H])[H]):N:C([H]):N:C:2:1.[H],EVODEX-P13008
EVODEX-N4725,[H][S:48][C:47].[H]OC(=O)C([H])([H])C(O[H])(C(=O)O[H])[C:52]([C:50](O[H])=[O:49])([H:99])[H:100]>>[H][C:52]([C:50]([S:48][C:47])=[O:49])([H:99])[H:100],EVODEX-P13009
EVODEX-N4726,[H]OC(=O)C([H])([H])C(O[H])(C(=O)O[H])[C:52]([C:50](O[H])=[O:49])([H:99])[H:100]>>[H]O[C@]1([H])[C@]([H])(OP(=O)(O[H])O[H])[C@@]([H])(C([H])([H])OP(=O)(O[H])OP(=O)(O[H])OC([H])([H])C(C([H])([H])[H])(C([H])([H])[H])[C@@]([H])(O[H])C(=O)N([H])C([H])([H])C([H])([H])C(=O)N([H])C([H])([H])C([H])([H])S[C:50](=[O:49])[C:52]([H])([H:99])[H:100])O[C@@]1([H])N1:C([H]):N:C2:C(N([H])[H]):N:C([H]):N:C:2:1,EVODEX-P13010
EVODEX-N4727,[H][S:48][C:47].[H]OC(=O)C([H])([H])C(O[H])(C(=O)O[H])[C:52]([C:50](=[O:49])[O:51])([H:99])[H:100]>>[H][C:52]([C:50]([S:48][C:47])=[O:49])([H:99])[H:100].[H][O:51],EVODEX-P13011
EVODEX-N4728,[H][S:48][C:47].[H][O:54][C:53]([C:52][C:50](=[O:49])[O:51])([C:55])[C:59]>>[C:53](=[O:54])([C:55])[C:59].[H][C:52][C:50]([S:48][C:47])=[O:49].[H][O:51],EVODEX-P13012
EVODEX-N4729,[H]OC(=O)C([H])([H])[C:53]([O:54][H])([C:55])[C:59]>>[C:53](=[O:54])([C:55])[C:59],"EVODEX-P13013,EVODEX-P13288"
EVODEX-N4730,[H][O:54][C:53]([C:52])([C:55])[C:59]>>[C:53](=[O:54])([C:55])[C:59].[H]O[C@]1([H])[C@]([H])(OP(=O)(O[H])O[H])[C@@]([H])(C([H])([H])OP(=O)(O[H])OP(=O)(O[H])OC([H])([H])C(C([H])([H])[H])(C([H])([H])[H])[C@@]([H])(O[H])C(=O)N([H])C([H])([H])C([H])([H])C(=O)N([H])C([H])([H])C([H])([H])S)O[C@@]1([H])N1:C([H]):N:C2:C(N([H])[H]):N:C([H]):N:C:2:1.[H][C:52].[H],EVODEX-P13014
EVODEX-N4731,[H]O[C:50](=[O:49])[C:52][C:53]([O:54][H])([C:55])[C:59]>>[C:53](=[O:54])([C:55])[C:59].[H]O[C@]1([H])[C@]([H])(OP(=O)(O[H])O[H])[C@@]([H])(C([H])([H])OP(=O)(O[H])OP(=O)(O[H])OC([H])([H])C(C([H])([H])[H])(C([H])([H])[H])[C@@]([H])(O[H])C(=O)N([H])C([H])([H])C([H])([H])C(=O)N([H])C([H])([H])C([H])([H])S[C:50](=[O:49])[C:52][H])O[C@@]1([H])N1:C([H]):N:C2:C(N([H])[H]):N:C([H]):N:C:2:1,EVODEX-P13015
EVODEX-N4732,[H]OC(=O)C([H])([H])C(O[H])(C(=O)O[H])C([H])([H])C(=O)[O:51][H:98]>>[H][O:51][H:98],EVODEX-P13016
EVODEX-N4733,[H][C:11]([C:10])([C:12])[H:93].[C:66][C:67](=[O:68])[C:69]>>[H]O[C:12][C@@:11]([C:10])([C@:67]([C:66])([O:68][H])[C:69])[H:93].[H],"EVODEX-P13017,EVODEX-P13028,EVODEX-P13040,EVODEX-P13051,EVODEX-P13062"
EVODEX-N4734,[H][C:11]([C:10])([C:12](=[O:13])[S:14])[H:93].[H][O:62][H:134]>>[H]OC(=O)C([H])([H])[C@@](O[H])(C(=O)O[H])[C@:11]([C:10])([C:12](=[O:13])[O:62][H:134])[H:93].[H][S:14],"EVODEX-P13018,EVODEX-P13029,EVODEX-P13063"
EVODEX-N4735,[H][C:11]([C:10])([C:12](=[O:13])[S:14])[H:93].[C:66][C:67](=[O:68])[C:69].[H][O:62][H:134]>>[H][O:68][C@:67]([C@:11]([C:10])([C:12](=[O:13])[O:62][H:134])[H:93])([C:66])[C:69].[H][S:14],"EVODEX-P13019,EVODEX-P13030,EVODEX-P13042,EVODEX-P13053,EVODEX-P13064"
EVODEX-N4736,[H][O:62][H:134]>>[H]OC(=O)C([H])([H])[C@@](O[H])(C(=O)O[H])[C@@]([H])(C(=O)[O:62][H:134])C([H])([H])C([H])([H])C([H])([H])C([H])([H])C([H])([H])C([H])([H])C([H])([H])C([H])([H])C([H])([H])C([H])([H])[H],EVODEX-P13020
EVODEX-N4737,[H]O[C@]1([H])[C@]([H])(OP(=O)(O[H])O[H])[C@@]([H])(C([H])([H])OP(=O)(O[H])OP(=O)(O[H])OC([H])([H])C(C([H])([H])[H])(C([H])([H])[H])[C@@]([H])(O[H])C(=O)N([H])C([H])([H])C([H])([H])C(=O)N([H])C([H])([H])C([H])([H])S[C:12]([C:11]([H])([C:10])[H:93])=[O:13])O[C@@]1([H])N1:C([H]):N:C2:C(N([H])[H]):N:C([H]):N:C:2:1.[C:66][C:67](=[O:68])[C:69]>>[H]O[C:12]([C@@:11]([C:10])([C@:67]([C:66])([O:68][H])[C:69])[H:93])=[O:13],"EVODEX-P13021,EVODEX-P13033,EVODEX-P13044,EVODEX-P13055,EVODEX-P13066"
EVODEX-N4738,[H]O[C@]1([H])[C@]([H])(OP(=O)(O[H])O[H])[C@@]([H])(C([H])([H])OP(=O)(O[H])OP(=O)(O[H])OC([H])([H])C(C([H])([H])[H])(C([H])([H])[H])[C@@]([H])(O[H])C(=O)N([H])C([H])([H])C([H])([H])C(=O)N([H])C([H])([H])C([H])([H])S[C:12]([C:11]([H])([C:10])[H:93])=[O:13])O[C@@]1([H])N1:C([H]):N:C2:C(N([H])[H]):N:C([H]):N:C:2:1.[H][O:62][H:134]>>[H]OC(=O)C([H])([H])[C@@](O[H])(C(=O)O[H])[C@:11]([C:10])([C:12](=[O:13])[O:62][H:134])[H:93],"EVODEX-P13022,EVODEX-P13034,EVODEX-P13067"
EVODEX-N4739,[C:66][C:67](=[O:68])[C:69]>>[H]OC(=O)[C@@]([H])(C([H])([H])C([H])([H])C([H])([H])C([H])([H])C([H])([H])C([H])([H])C([H])([H])C([H])([H])C([H])([H])C([H])([H])[H])[C@:67]([C:66])([O:68][H])[C:69],"EVODEX-P13023,EVODEX-P13046"
EVODEX-N4740,[H]O[C@]1([H])[C@]([H])(OP(=O)(O[H])O[H])[C@@]([H])(C([H])([H])OP(=O)(O[H])OP(=O)(O[H])OC([H])([H])C(C([H])([H])[H])(C([H])([H])[H])[C@@]([H])(O[H])C(=O)N([H])C([H])([H])C([H])([H])C(=O)N([H])C([H])([H])C([H])([H])S[C:12]([C:11]([H])([C:10])[H:93])=[O:13])O[C@@]1([H])N1:C([H]):N:C2:C(N([H])[H]):N:C([H]):N:C:2:1>>[H]OC(=O)C([H])([H])[C@@](O[H])(C(=O)O[H])[C@:11]([C:10])([C:12](O[H])=[O:13])[H:93],"EVODEX-P13024,EVODEX-P13036,EVODEX-P13069"
EVODEX-N4741,[H]O[C@]1([H])[C@]([H])(OP(=O)(O[H])O[H])[C@@]([H])(C([H])([H])OP(=O)(O[H])OP(=O)(O[H])OC([H])([H])C(C([H])([H])[H])(C([H])([H])[H])[C@@]([H])(O[H])C(=O)N([H])C([H])([H])C([H])([H])C(=O)N([H])C([H])([H])C([H])([H])S[C:12]([C:11]([H])([C:10])[H:93])=[O:13])O[C@@]1([H])N1:C([H]):N:C2:C(N([H])[H]):N:C([H]):N:C:2:1.[C:66][C:67](=[O:68])[C:69].[H][O:62][H:134]>>[H][O:68][C@:67]([C@:11]([C:10])([C:12](=[O:13])[O:62][H:134])[H:93])([C:66])[C:69],"EVODEX-P13025,EVODEX-P13037,EVODEX-P13048,EVODEX-P13059,EVODEX-P13070"
EVODEX-N4742,[C:66][C:67](=[O:68])[C:69].[H][O:62][H:134]>>[H]C([H])([H])C([H])([H])C([H])([H])C([H])([H])C([H])([H])C([H])([H])C([H])([H])C([H])([H])C([H])([H])C([H])([H])[C@]([H])(C(=O)[O:62][H:134])[C@:67]([C:66])([O:68][H])[C:69],"EVODEX-P13026,EVODEX-P13049"
EVODEX-N4743,[H][C:11]([C:10])([C:12])[H:93]>>[H]OC(=O)C([H])([H])[C@@](O[H])(C(=O)O[H])[C@:11]([C:10])([C:12]O[H])[H:93].[H],"EVODEX-P13027,EVODEX-P13039,EVODEX-P13072"
EVODEX-N4744,[H][O:60][H:128]>>[H]OC(=O)C([H])([H])C(O[H])(C(=O)O[H])C([H])(C(=O)[O:60][H:128])C([H])([H])C([H])([H])C([H])([H])C([H])([H])C([H])([H])C([H])([H])C([H])([H])C([H])([H])[H],EVODEX-P13031
EVODEX-N4745,[H]C([H])([H])C([H])([H])C([H])([H])C([H])([H])C([H])([H])C([H])([H])C([H])([H])C([H])([H])C([H])([H])C(=O)[S:12][C:13]>>[H][S:12][C:13],EVODEX-P13032
EVODEX-N4746,[C:64][C:65](=[O:66])[C:67]>>[H]OC(=O)C([H])(C([H])([H])C([H])([H])C([H])([H])C([H])([H])C([H])([H])C([H])([H])C([H])([H])C([H])([H])[H])[C:65]([C:64])([O:66][H])[C:67],"EVODEX-P13035,EVODEX-P13057"
EVODEX-N4747,[C:64][C:65](=[O:66])[C:67].[H][O:60][H:128]>>[H]C([H])([H])C([H])([H])C([H])([H])C([H])([H])C([H])([H])C([H])([H])C([H])([H])C([H])([H])C([H])(C(=O)[O:60][H:128])[C:65]([C:64])([O:66][H])[C:67],"EVODEX-P13038,EVODEX-P13060"
EVODEX-N4748,[H][C:11]([C:10])([C:12](=[O:13])[S:14])[H:94].[H][O:62][H:137]>>[H]OC(=O)C([H])([H])C([H])([H])[C@@](O[H])(C(=O)O[H])[C@:11]([C:10])([C:12](=[O:13])[O:62][H:137])[H:94].[H][S:14],"EVODEX-P13041,EVODEX-P13052"
EVODEX-N4749,[H][O:62][H:137]>>[H]OC(=O)C([H])([H])C([H])([H])[C@@](O[H])(C(=O)O[H])[C@@]([H])(C(=O)[O:62][H:137])C([H])([H])C([H])([H])C([H])([H])C([H])([H])C([H])([H])C([H])([H])C([H])([H])C([H])([H])C([H])([H])C([H])([H])[H],EVODEX-P13043
EVODEX-N4750,[H]O[C@]1([H])[C@]([H])(OP(=O)(O[H])O[H])[C@@]([H])(C([H])([H])OP(=O)(O[H])OP(=O)(O[H])OC([H])([H])C(C([H])([H])[H])(C([H])([H])[H])[C@@]([H])(O[H])C(=O)N([H])C([H])([H])C([H])([H])C(=O)N([H])C([H])([H])C([H])([H])S[C:12]([C:11]([H])([C:10])[H:94])=[O:13])O[C@@]1([H])N1:C([H]):N:C2:C(N([H])[H]):N:C([H]):N:C:2:1.[H][O:62][H:137]>>[H]OC(=O)C([H])([H])C([H])([H])[C@@](O[H])(C(=O)O[H])[C@:11]([C:10])([C:12](=[O:13])[O:62][H:137])[H:94],"EVODEX-P13045,EVODEX-P13056"
EVODEX-N4751,[H]O[C@]1([H])[C@]([H])(OP(=O)(O[H])O[H])[C@@]([H])(C([H])([H])OP(=O)(O[H])OP(=O)(O[H])OC([H])([H])C(C([H])([H])[H])(C([H])([H])[H])[C@@]([H])(O[H])C(=O)N([H])C([H])([H])C([H])([H])C(=O)N([H])C([H])([H])C([H])([H])S[C:12]([C:11]([H])([C:10])[H:94])=[O:13])O[C@@]1([H])N1:C([H]):N:C2:C(N([H])[H]):N:C([H]):N:C:2:1>>[H]OC(=O)C([H])([H])C([H])([H])[C@@](O[H])(C(=O)O[H])[C@:11]([C:10])([C:12](O[H])=[O:13])[H:94],"EVODEX-P13047,EVODEX-P13058"
EVODEX-N4752,[H][C:11]([C:10])([C:12])[H:94]>>[H]OC(=O)C([H])([H])C([H])([H])[C@@](O[H])(C(=O)O[H])[C@:11]([C:10])([C:12]O[H])[H:94].[H],"EVODEX-P13050,EVODEX-P13061"
EVODEX-N4753,[H][O:60][H:131]>>[H]OC(=O)C([H])([H])C([H])([H])[C@@](O[H])(C(=O)O[H])[C@@]([H])(C(=O)[O:60][H:131])C([H])([H])C([H])([H])C([H])([H])C([H])([H])C([H])([H])C([H])([H])C([H])([H])C([H])([H])[H],EVODEX-P13054
EVODEX-N4754,[H][O:53][H:107]>>[H]OC(=O)C([H])([H])[C@@](O[H])(C(=O)O[H])[C@@]([H])(C(=O)[O:53][H:107])C([H])([H])[H],EVODEX-P13065
EVODEX-N4755,[C:57][C:58](=[O:59])[C:60]>>[H]OC(=O)[C@@]([H])(C([H])([H])[H])[C@:58]([C:57])([O:59][H])[C:60],EVODEX-P13068
EVODEX-N4756,[C:57][C:58](=[O:59])[C:60].[H][O:53][H:107]>>[H]C([H])([H])[C@]([H])(C(=O)[O:53][H:107])[C@:58]([C:57])([O:59][H])[C:60],EVODEX-P13071
EVODEX-N4757,[H][C:1]([C:2](=[O:3])[S:4])([H:60])[H:61].[H][O:59][H:104]>>[H]OC(=O)[C@@](O[H])(C([H])([H])C([H])([H])[H])[C:1]([C:2](=[O:3])[O:59][H:104])([H:60])[H:61].[H][S:4],EVODEX-P13074
EVODEX-N4758,[H][O:59][H:104]>>[H]OC(=O)[C@](O[H])(C([H])([H])C(=O)[O:59][H:104])C([H])([H])C([H])([H])[H],EVODEX-P13076
EVODEX-N4759,[H]O[C@]1([H])[C@]([H])(OP(=O)(O[H])O[H])[C@@]([H])(C([H])([H])OP(=O)(O[H])OP(=O)(O[H])OC([H])([H])C(C([H])([H])[H])(C([H])([H])[H])[C@@]([H])(O[H])C(=O)N([H])C([H])([H])C([H])([H])C(=O)N([H])C([H])([H])C([H])([H])S[C:2]([C:1]([H])([H:60])[H:61])=[O:3])O[C@@]1([H])N1:C([H]):N:C2:C(N([H])[H]):N:C([H]):N:C:2:1.[H][O:59][H:104]>>[H]OC(=O)[C@@](O[H])(C([H])([H])C([H])([H])[H])[C:1]([C:2](=[O:3])[O:59][H:104])([H:60])[H:61],EVODEX-P13078
EVODEX-N4760,[H]O[C@]1([H])[C@]([H])(OP(=O)(O[H])O[H])[C@@]([H])(C([H])([H])OP(=O)(O[H])OP(=O)(O[H])OC([H])([H])C(C([H])([H])[H])(C([H])([H])[H])[C@@]([H])(O[H])C(=O)N([H])C([H])([H])C([H])([H])C(=O)N([H])C([H])([H])C([H])([H])S[C:2]([C:1]([H])([H:60])[H:61])=[O:3])O[C@@]1([H])N1:C([H]):N:C2:C(N([H])[H]):N:C([H]):N:C:2:1>>[H]OC(=O)[C@@](O[H])(C([H])([H])C([H])([H])[H])[C:1]([C:2](O[H])=[O:3])([H:60])[H:61],EVODEX-P13080
EVODEX-N4761,[H][C:1]([C:2])([H:60])[H:61]>>[H]OC(=O)[C@@](O[H])(C([H])([H])C([H])([H])[H])[C:1]([C:2]O[H])([H:60])[H:61].[H],EVODEX-P13083
EVODEX-N4762,[H][C:1]([C:2](=[O:3])[S:4])([H:61])[H:62].[H][O:60][H:107]>>[H]OC(=O)[C@@](O[H])(C([H])([H])C([H])([H])C([H])([H])[H])[C:1]([C:2](=[O:3])[O:60][H:107])([H:61])[H:62].[H][S:4],EVODEX-P13085
EVODEX-N4763,[H][O:60][H:107]>>[H]OC(=O)[C@](O[H])(C([H])([H])C(=O)[O:60][H:107])C([H])([H])C([H])([H])C([H])([H])[H],EVODEX-P13087
EVODEX-N4764,[H]O[C@]1([H])[C@]([H])(OP(=O)(O[H])O[H])[C@@]([H])(C([H])([H])OP(=O)(O[H])OP(=O)(O[H])OC([H])([H])C(C([H])([H])[H])(C([H])([H])[H])[C@@]([H])(O[H])C(=O)N([H])C([H])([H])C([H])([H])C(=O)N([H])C([H])([H])C([H])([H])S[C:2]([C:1]([H])([H:61])[H:62])=[O:3])O[C@@]1([H])N1:C([H]):N:C2:C(N([H])[H]):N:C([H]):N:C:2:1.[H][O:60][H:107]>>[H]OC(=O)[C@@](O[H])(C([H])([H])C([H])([H])C([H])([H])[H])[C:1]([C:2](=[O:3])[O:60][H:107])([H:61])[H:62],EVODEX-P13089
EVODEX-N4765,[H]O[C@]1([H])[C@]([H])(OP(=O)(O[H])O[H])[C@@]([H])(C([H])([H])OP(=O)(O[H])OP(=O)(O[H])OC([H])([H])C(C([H])([H])[H])(C([H])([H])[H])[C@@]([H])(O[H])C(=O)N([H])C([H])([H])C([H])([H])C(=O)N([H])C([H])([H])C([H])([H])S[C:2]([C:1]([H])([H:61])[H:62])=[O:3])O[C@@]1([H])N1:C([H]):N:C2:C(N([H])[H]):N:C([H]):N:C:2:1>>[H]OC(=O)[C@@](O[H])(C([H])([H])C([H])([H])C([H])([H])[H])[C:1]([C:2](O[H])=[O:3])([H:61])[H:62],EVODEX-P13091
EVODEX-N4766,[H][C:1]([C:2])([H:61])[H:62]>>[H]OC(=O)[C@@](O[H])(C([H])([H])C([H])([H])C([H])([H])[H])[C:1]([C:2]O[H])([H:61])[H:62].[H],EVODEX-P13094
EVODEX-N4767,[H][C:3]([C:2])([C:4])[H:65].[O:55]=[C:56]([C:57])[H:102]>>[H]O[C:4][C:3]([C:2])([C:56]([O:55][H])([C:57])[H:102])[H:65].[H],"EVODEX-P13095,EVODEX-P13197"
EVODEX-N4768,[H][C:3]([C:2])([C:4](=[O:5])[S:6])[H:65].[H][O:54][H:104]>>[H]OC(=O)C([H])(O[H])[C:3]([C:2])([C:4](=[O:5])[O:54][H:104])[H:65].[H][S:6],"EVODEX-P13096,EVODEX-P13198"
EVODEX-N4769,[H][C:3]([C:2])([C:4](=[O:5])[S:6])[H:65].[O:55]=[C:56]([C:57])[H:102].[H][O:54][H:104]>>[H][O:55][C:56]([C:3]([C:2])([C:4](=[O:5])[O:54][H:104])[H:65])([C:57])[H:102].[H][S:6],"EVODEX-P13097,EVODEX-P13199"
EVODEX-N4770,[H][O:54][H:104]>>[H]OC(=O)C([H])(O[H])C([H])(C(=O)[O:54][H:104])C([H])([H])C([H])([H])[H],EVODEX-P13098
EVODEX-N4771,[H]O[C@]1([H])[C@]([H])(OP(=O)(O[H])O[H])[C@@]([H])(C([H])([H])OP(=O)(O[H])OP(=O)(O[H])OC([H])([H])C(C([H])([H])[H])(C([H])([H])[H])[C@@]([H])(O[H])C(=O)N([H])C([H])([H])C([H])([H])C(=O)N([H])C([H])([H])C([H])([H])S[C:4]([C:3]([H])([C:2])[H:65])=[O:5])O[C@@]1([H])N1:C([H]):N:C2:C(N([H])[H]):N:C([H]):N:C:2:1.[O:55]=[C:56]([C:57])[H:102]>>[H]O[C:4]([C:3]([C:2])([C:56]([O:55][H])([C:57])[H:102])[H:65])=[O:5],"EVODEX-P13099,EVODEX-P13202"
EVODEX-N4772,[H]O[C@]1([H])[C@]([H])(OP(=O)(O[H])O[H])[C@@]([H])(C([H])([H])OP(=O)(O[H])OP(=O)(O[H])OC([H])([H])C(C([H])([H])[H])(C([H])([H])[H])[C@@]([H])(O[H])C(=O)N([H])C([H])([H])C([H])([H])C(=O)N([H])C([H])([H])C([H])([H])S[C:4]([C:3]([H])([C:2])[H:65])=[O:5])O[C@@]1([H])N1:C([H]):N:C2:C(N([H])[H]):N:C([H]):N:C:2:1.[H][O:54][H:104]>>[H]OC(=O)C([H])(O[H])[C:3]([C:2])([C:4](=[O:5])[O:54][H:104])[H:65],"EVODEX-P13100,EVODEX-P13203"
EVODEX-N4773,[O:55]=[C:56]([C:57])[H:102]>>[H]OC(=O)C([H])(C([H])([H])C([H])([H])[H])[C:56]([O:55][H])([C:57])[H:102],EVODEX-P13101
EVODEX-N4774,[H]O[C@]1([H])[C@]([H])(OP(=O)(O[H])O[H])[C@@]([H])(C([H])([H])OP(=O)(O[H])OP(=O)(O[H])OC([H])([H])C(C([H])([H])[H])(C([H])([H])[H])[C@@]([H])(O[H])C(=O)N([H])C([H])([H])C([H])([H])C(=O)N([H])C([H])([H])C([H])([H])S[C:4]([C:3]([H])([C:2])[H:65])=[O:5])O[C@@]1([H])N1:C([H]):N:C2:C(N([H])[H]):N:C([H]):N:C:2:1>>[H]OC(=O)C([H])(O[H])[C:3]([C:2])([C:4](O[H])=[O:5])[H:65],"EVODEX-P13102,EVODEX-P13205"
EVODEX-N4775,[H]O[C@]1([H])[C@]([H])(OP(=O)(O[H])O[H])[C@@]([H])(C([H])([H])OP(=O)(O[H])OP(=O)(O[H])OC([H])([H])C(C([H])([H])[H])(C([H])([H])[H])[C@@]([H])(O[H])C(=O)N([H])C([H])([H])C([H])([H])C(=O)N([H])C([H])([H])C([H])([H])S[C:4]([C:3]([H])([C:2])[H:65])=[O:5])O[C@@]1([H])N1:C([H]):N:C2:C(N([H])[H]):N:C([H]):N:C:2:1.[O:55]=[C:56]([C:57])[H:102].[H][O:54][H:104]>>[H][O:55][C:56]([C:3]([C:2])([C:4](=[O:5])[O:54][H:104])[H:65])([C:57])[H:102],"EVODEX-P13103,EVODEX-P13206"
EVODEX-N4776,[O:55]=[C:56]([C:57])[H:102].[H][O:54][H:104]>>[H]C([H])([H])C([H])([H])C([H])(C(=O)[O:54][H:104])[C:56]([O:55][H])([C:57])[H:102],EVODEX-P13104
EVODEX-N4777,[H][C:3]([C:2])([C:4])[H:65]>>[H]OC(=O)C([H])(O[H])[C:3]([C:2])([C:4]O[H])[H:65].[H],"EVODEX-P13105,EVODEX-P13208"
EVODEX-N4778,[H]C([H])(C(=O)[O:89][H:151])[C:84]([C:83])([O:85][H])[C:90]>>[H]O[C@@]1([H])[C@@]([H])(O[H])[C@]([H])(N2:C([H]):N:C3:C(N([H])[H]):N:C([H]):N:C:3:2)O[C@]1([H])C([H])([H])OP(=O)(O[H])OP(=O)(O[H])[O:89][H:151].[C:83][C:84](=[O:85])[C:90],EVODEX-P13106
EVODEX-N4779,[H]OP(=O)(O[H])O[P:17]([O:16])(=[O:18])[O:19]>>[H]O[P:17]([O:16])(=[O:18])[O:19],"EVODEX-P13107,EVODEX-P28840,EVODEX-P28845,EVODEX-P28851,EVODEX-P28941,EVODEX-P28947,EVODEX-P28964,EVODEX-P28970,EVODEX-P28976,EVODEX-P28988,EVODEX-P28994,EVODEX-P29030,EVODEX-P29038,EVODEX-P29075,EVODEX-P29110,EVODEX-P29116,EVODEX-P29122,EVODEX-P29128,EVODEX-P29134"
EVODEX-N4780,[H][S:48][C:47].[H]OC(=O)C([H])([H])C(O[H])(C(=O)O[H])[C:86]([C:87](=[O:88])[O:89])([H:149])[H:150]>>[H][C:86]([C:87]([S:48][C:47])=[O:88])([H:149])[H:150].[H]O[C@@]1([H])[C@@]([H])(O[H])[C@]([H])(N2:C([H]):N:C3:C(N([H])[H]):N:C([H]):N:C:3:2)O[C@]1([H])C([H])([H])OP(=O)(O[H])OP(=O)(O[H])[O:89],EVODEX-P13108
EVODEX-N4781,[H]OP(=O)(O[H])O[P:68]([O:67])(=[O:69])[O:70].[H]OC(=O)C([H])([H])C(O[H])(C(=O)O[H])[C:86]([C:87][O:89][H:151])([H:149])[H:150]>>[H]O[C@]1([H])[C@]([H])(OP(=O)(O[H])O[H])[C@@]([H])(C([H])([H])OP(=O)(O[H])OP(=O)(O[H])OC([H])([H])C(C([H])([H])[H])(C([H])([H])[H])[C@@]([H])(O[H])C(=O)N([H])C([H])([H])C([H])([H])C(=O)N([H])C([H])([H])C([H])([H])S[C:87][C:86]([H])([H:149])[H:150])O[C@@]1([H])N1:C([H]):N:C2:C(N([H])[H]):N:C([H]):N:C:2:1.[O:67][P:68](=[O:69])([O:70])[O:89][H:151],EVODEX-P13109
EVODEX-N4782,[H][S:48][C:47]>>[H]C([H])([H])C(=O)[S:48][C:47].[H]O.[H],"EVODEX-P13111,EVODEX-P31985"
EVODEX-N4783,[H][S:48][C:47].[H]O[C@@]1([H])[C@@]([H])(O[H])[C@]([H])(N2:C([H]):N:C3:C(N([H])[H]):N:C([H]):N:C:3:2)O[C@]1([H])C([H])([H])OP(=O)(O[H])OP(=O)(O[H])[O:71][P:72].[H]OC(=O)C([H])([H])C(O[H])(C(=O)O[H])[C:86]([C:87](O[H])=[O:88])([H:149])[H:150]>>[H][C:86]([C:87]([S:48][C:47])=[O:88])([H:149])[H:150].[H][O:71][P:72],EVODEX-P13113
EVODEX-N4784,[O:67][P:68](=[O:69])([O:70])[O:71].[H][O:85][C:84]([C:83])([C:86][C:87][O:89][H:151])[C:90]>>[H]O[C@]1([H])[C@]([H])(OP(=O)(O[H])O[H])[C@@]([H])(C([H])([H])OP(=O)(O[H])OP(=O)(O[H])OC([H])([H])C(C([H])([H])[H])(C([H])([H])[H])[C@@]([H])(O[H])C(=O)N([H])C([H])([H])C([H])([H])C(=O)N([H])C([H])([H])C([H])([H])S[C:87][C:86][H])O[C@@]1([H])N1:C([H]):N:C2:C(N([H])[H]):N:C([H]):N:C:2:1.[O:67][P:68](=[O:69])([O:70])[O:89][H:151].[C:83][C:84](=[O:85])[C:90].[H][O:71],EVODEX-P13114
EVODEX-N4785,[H]O[C@@]1([H])[C@@]([H])(O[H])[C@]([H])(N2:C([H]):N:C3:C(N([H])[H]):N:C([H]):N:C:3:2)O[C@]1([H])C([H])([H])OP(=O)(O[H])OP(=O)(O[H])[O:71][P:72].[H]O[C:87]([C:86][C:84]([C:83])([O:85][H])[C:90])=[O:88]>>[H]O[C@]1([H])[C@]([H])(OP(=O)(O[H])O[H])[C@@]([H])(C([H])([H])OP(=O)(O[H])OP(=O)(O[H])OC([H])([H])C(C([H])([H])[H])(C([H])([H])[H])[C@@]([H])(O[H])C(=O)N([H])C([H])([H])C([H])([H])C(=O)N([H])C([H])([H])C([H])([H])S[C:87]([C:86][H])=[O:88])O[C@@]1([H])N1:C([H]):N:C2:C(N([H])[H]):N:C([H]):N:C:2:1.[C:83][C:84](=[O:85])[C:90].[H][O:71][P:72],EVODEX-P13115
EVODEX-N4786,[H][S:48][C:47].[O:67][P:68](=[O:69])([O:70])[O:71].[H]OC(=O)C([H])([H])C(O[H])(C(=O)O[H])[C:86]([C:87](=[O:88])[O:89][H:151])([H:149])[H:150]>>[H][C:86]([C:87]([S:48][C:47])=[O:88])([H:149])[H:150].[O:67][P:68](=[O:69])([O:70])[O:89][H:151].[H][O:71],EVODEX-P13116
EVODEX-N4787,[H]OP(=O)(O[H])O[P:68]([O:67])(=[O:69])[O:70].[H]C([H])(C(=O)[O:89][H:151])[C:84]([C:83])([O:85][H])[C:90]>>[O:67][P:68](=[O:69])([O:70])[O:89][H:151].[C:83][C:84](=[O:85])[C:90],EVODEX-P13117
EVODEX-N4788,[H][S:48][C:47].[H]O[C@@]1([H])[C@@]([H])(O[H])[C@]([H])(N2:C([H]):N:C3:C(N([H])[H]):N:C([H]):N:C:3:2)O[C@]1([H])C([H])([H])OP(=O)(O[H])OP(=O)(O[H])[O:71][P:72]>>[H]C([H])([H])C(=O)[S:48][C:47].[H][O:71][P:72],EVODEX-P13118
EVODEX-N4789,[H][O:85][C:84]([C:83])([C:86])[C:90]>>[H]O[C@]1([H])[C@]([H])(OP(=O)(O[H])O[H])[C@@]([H])(C([H])([H])OP(=O)(O[H])OP(=O)(O[H])OC([H])([H])C(C([H])([H])[H])(C([H])([H])[H])[C@@]([H])(O[H])C(=O)N([H])C([H])([H])C([H])([H])C(=O)N([H])C([H])([H])C([H])([H])S)O[C@@]1([H])N1:C([H]):N:C2:C(N([H])[H]):N:C([H]):N:C:2:1.[H][C:86].[H]OP(=O)OP(=O)(O[H])OC([H])([H])[C@@]1([H])O[C@@]([H])(N2:C([H]):N:C3:C(N([H])[H]):N:C([H]):N:C:3:2)[C@]([H])(O[H])[C@]1([H])O[H].[C:83][C:84](=[O:85])[C:90],EVODEX-P13119
EVODEX-N4790,[O:67][P:68](=[O:69])([O:70])[O:71].[H]OC(=O)C([H])([H])C(O[H])(C(=O)O[H])C([H])([H])C(=O)[O:89][H:151]>>[O:67][P:68](=[O:69])([O:70])[O:89][H:151].[H][O:71],"EVODEX-P13120,EVODEX-P34533"
EVODEX-N4791,[H][S:48][C:47].[H]OP(=O)(O[H])O[P:68]([O:67])(=[O:69])[O:70].[H][O:85][C:84]([C:83])([C:86][C:87](=[O:88])[O:89][H:151])[C:90]>>[H][C:86][C:87]([S:48][C:47])=[O:88].[O:67][P:68](=[O:69])([O:70])[O:89][H:151].[C:83][C:84](=[O:85])[C:90],EVODEX-P13121
EVODEX-N4792,[H][S:48][C:47].[H][O:85][C:84]([C:83])([C:86][C:87](=[O:88])[O:89])[C:90]>>[H][C:86][C:87]([S:48][C:47])=[O:88].[H]O[C@@]1([H])[C@@]([H])(O[H])[C@]([H])(N2:C([H]):N:C3:C(N([H])[H]):N:C([H]):N:C:3:2)O[C@]1([H])C([H])([H])OP(=O)(O[H])OP(=O)(O[H])[O:89].[C:83][C:84](=[O:85])[C:90],EVODEX-P13122
EVODEX-N4793,[H]OC(=O)C([H])([H])C(O[H])(C(=O)O[H])C([H])([H])C(=O)[O:89][H:151]>>[H]O[C@@]1([H])[C@@]([H])(O[H])[C@]([H])(N2:C([H]):N:C3:C(N([H])[H]):N:C([H]):N:C:3:2)O[C@]1([H])C([H])([H])OP(=O)(O[H])OP(=O)(O[H])[O:89][H:151],EVODEX-P13123
EVODEX-N4794,[H]O[C@@]1([H])[C@@]([H])(O[H])[C@]([H])(N2:C([H]):N:C3:C(N([H])[H]):N:C([H]):N:C:3:2)O[C@]1([H])C([H])([H])OP(=O)(O[H])OP(=O)(O[H])[O:71][P:72].[H]OC(=O)C([H])([H])C(O[H])(C(=O)O[H])[C:86]([C:87](O[H])=[O:88])([H:149])[H:150]>>[H]O[C@]1([H])[C@]([H])(OP(=O)(O[H])O[H])[C@@]([H])(C([H])([H])OP(=O)(O[H])OP(=O)(O[H])OC([H])([H])C(C([H])([H])[H])(C([H])([H])[H])[C@@]([H])(O[H])C(=O)N([H])C([H])([H])C([H])([H])C(=O)N([H])C([H])([H])C([H])([H])S[C:87]([C:86]([H])([H:149])[H:150])=[O:88])O[C@@]1([H])N1:C([H]):N:C2:C(N([H])[H]):N:C([H]):N:C:2:1.[H][O:71][P:72],EVODEX-P13124
EVODEX-N4795,[H]O[C@@]1([H])[C@@]([H])(O[H])[C@]([H])(N2:C([H]):N:C3:C(N([H])[H]):N:C([H]):N:C:3:2)O[C@]1([H])C([H])([H])OP(=O)(O[H])OP(=O)(O[H])[O:71][P:72].[H]OC(=O)C([H])([H])[C:84]([C:83])([O:85][H])[C:90]>>[C:83][C:84](=[O:85])[C:90].[H][O:71][P:72],EVODEX-P13125
EVODEX-N4796,[H]OC(=O)C([H])([H])C(O[H])(C(=O)O[H])[C:86]([C:87])([H:149])[H:150]>>[H]O[C@]1([H])[C@]([H])(OP(=O)(O[H])O[H])[C@@]([H])(C([H])([H])OP(=O)(O[H])OP(=O)(O[H])OC([H])([H])C(C([H])([H])[H])(C([H])([H])[H])[C@@]([H])(O[H])C(=O)N([H])C([H])([H])C([H])([H])C(=O)N([H])C([H])([H])C([H])([H])S[C:87][C:86]([H])([H:149])[H:150])O[C@@]1([H])N1:C([H]):N:C2:C(N([H])[H]):N:C([H]):N:C:2:1.[H]OP(=O)OP(=O)(O[H])OC([H])([H])[C@@]1([H])O[C@@]([H])(N2:C([H]):N:C3:C(N([H])[H]):N:C([H]):N:C:3:2)[C@]([H])(O[H])[C@]1([H])O[H],EVODEX-P13126
EVODEX-N4797,[H][S:48][C:47].[H]OP(=O)(O[H])O[P:68]([O:67])(=[O:69])[O:70].[H]OC(=O)C([H])([H])C(O[H])(C(=O)O[H])[C:86]([C:87](=[O:88])[O:89][H:151])([H:149])[H:150]>>[H][C:86]([C:87]([S:48][C:47])=[O:88])([H:149])[H:150].[O:67][P:68](=[O:69])([O:70])[O:89][H:151],EVODEX-P13127
EVODEX-N4798,[O:67][P:68](=[O:69])([O:70])[O:71].[H]OC(=O)C([H])([H])C(O[H])(C(=O)O[H])[C:86]([C:87][O:89][H:151])([H:149])[H:150]>>[H]O[C@]1([H])[C@]([H])(OP(=O)(O[H])O[H])[C@@]([H])(C([H])([H])OP(=O)(O[H])OP(=O)(O[H])OC([H])([H])C(C([H])([H])[H])(C([H])([H])[H])[C@@]([H])(O[H])C(=O)N([H])C([H])([H])C([H])([H])C(=O)N([H])C([H])([H])C([H])([H])S[C:87][C:86]([H])([H:149])[H:150])O[C@@]1([H])N1:C([H]):N:C2:C(N([H])[H]):N:C([H]):N:C:2:1.[O:67][P:68](=[O:69])([O:70])[O:89][H:151].[H][O:71],EVODEX-P13128
EVODEX-N4799,[O:67][P:68](=[O:69])([O:70])[O:71].[H]C([H])(C(=O)[O:89][H:151])[C:84]([C:83])([O:85][H])[C:90]>>[O:67][P:68](=[O:69])([O:70])[O:89][H:151].[C:83][C:84](=[O:85])[C:90].[H][O:71],EVODEX-P13129
EVODEX-N4800,[H][S:48][C:47].[H]OP(=O)(O[H])O[P:68]([O:67])(=[O:69])[O:70]>>[H]C([H])([H])C(=O)[S:48][C:47].[H]O[P:68]([O:67])(=[O:69])[O:70],EVODEX-P13130
EVODEX-N4801,[H]OP(=O)(O[H])O[P:68]([O:67])(=[O:69])[O:70].[H][O:85][C:84]([C:83])([C:86][C:87][O:89][H:151])[C:90]>>[H]O[C@]1([H])[C@]([H])(OP(=O)(O[H])O[H])[C@@]([H])(C([H])([H])OP(=O)(O[H])OP(=O)(O[H])OC([H])([H])C(C([H])([H])[H])(C([H])([H])[H])[C@@]([H])(O[H])C(=O)N([H])C([H])([H])C([H])([H])C(=O)N([H])C([H])([H])C([H])([H])S[C:87][C:86][H])O[C@@]1([H])N1:C([H]):N:C2:C(N([H])[H]):N:C([H]):N:C:2:1.[O:67][P:68](=[O:69])([O:70])[O:89][H:151].[C:83][C:84](=[O:85])[C:90],EVODEX-P13131
EVODEX-N4802,[H][S:48][C:47].[O:67][P:68](=[O:69])([O:70])[O:71].[H][O:85][C:84]([C:83])([C:86][C:87](=[O:88])[O:89][H:151])[C:90]>>[H][C:86][C:87]([S:48][C:47])=[O:88].[O:67][P:68](=[O:69])([O:70])[O:89][H:151].[C:83][C:84](=[O:85])[C:90].[H][O:71],EVODEX-P13132
EVODEX-N4803,[H]OP(=O)(O[H])O[P:68]([O:67])(=[O:69])[O:70].[H]OC(=O)C([H])([H])C(O[H])(C(=O)O[H])C([H])([H])C(=O)[O:89][H:151]>>[O:67][P:68](=[O:69])([O:70])[O:89][H:151],EVODEX-P13133
EVODEX-N4804,[H][S:48][C:47].[H]O[C@@]1([H])[C@@]([H])(O[H])[C@]([H])(N2:C([H]):N:C3:C(N([H])[H]):N:C([H]):N:C:3:2)O[C@]1([H])C([H])([H])OP(=O)(O[H])OP(=O)(O[H])[O:71][P:72].[H]O[C:87]([C:86][C:84]([C:83])([O:85][H])[C:90])=[O:88]>>[H][C:86][C:87]([S:48][C:47])=[O:88].[C:83][C:84](=[O:85])[C:90].[H][O:71][P:72],EVODEX-P13134
EVODEX-N4805,[H][C:1]([C:2])([H:93])[H:94].[C:82][C:83](=[O:84])[C:85].[H][O:90][P:89]>>[H]O[C:2][C:1]([C:83]([C:82])([O:84][H])[C:85])([H:93])[H:94].[H]O[C@@]1([H])[C@@]([H])(O[H])[C@]([H])(N2:C([H]):N:C3:C(N([H])[H]):N:C([H]):N:C:3:2)O[C@]1([H])C([H])([H])OP(=O)(O[H])OP(=O)(O[H])[O:90][P:89].[H],EVODEX-P13135
EVODEX-N4806,[H]O[P:71]([O:70])(=[O:72])[O:74]>>[H]OP(=O)(O[H])O[P:71]([O:70])(=[O:72])[O:74],EVODEX-P13136
EVODEX-N4807,[O:70][P:71](=[O:72])([O:73])[O:74].[C:82][C:83](=[O:84])[C:85].[H][O:90][P:89]>>[H]C([H])(C(=O)[O:73])[C:83]([C:82])([O:84][H])[C:85].[O:70][P:71](=[O:72])([O:74])[O:90][P:89],EVODEX-P13137
EVODEX-N4808,.[C:82][C:83](=[O:84])[C:85]>>[H]C([H])(C=O)[C:83]([C:82])([O:84][H])[C:85].[H]OP(O)(=O)O[H],EVODEX-P13138
EVODEX-N4809,[H]C([H])([H])C(=O)[S:4][C:5].[H]O[P:71]([O:70])(=[O:72])[O:74]>>[H]OP(=O)(O[H])O[P:71]([O:70])(=[O:72])[O:74].[H][S:4][C:5],EVODEX-P13139
EVODEX-N4810,[H]C([H])([H])C(=O)[S:4][C:5].[H]O[P:71]([O:70])(=[O:72])[O:74].[H][O:90][P:89]>>[O:70][P:71](=[O:72])([O:74])[O:90][P:89].[H][S:4][C:5],"EVODEX-P13140,EVODEX-P31993"
EVODEX-N4811,[H]O[C@]1([H])[C@]([H])(OP(=O)(O[H])O[H])[C@@]([H])(C([H])([H])OP(=O)(O[H])OP(=O)(O[H])OC([H])([H])C(C([H])([H])[H])(C([H])([H])[H])[C@@]([H])(O[H])C(=O)N([H])C([H])([H])C([H])([H])C(=O)N([H])C([H])([H])C([H])([H])S[C:2]([C:1]([H])([H:93])[H:94])=[O:3])O[C@@]1([H])N1:C([H]):N:C2:C(N([H])[H]):N:C([H]):N:C:2:1.[O:70][P:71](=[O:72])([O:73][H:140])[O:74].[C:82][C:83](=[O:84])[C:85].[H][O:90][P:89]>>[H][O:84][C:83]([C:1]([C:2](=[O:3])[O:73][H:140])([H:93])[H:94])([C:82])[C:85].[O:70][P:71](=[O:72])([O:74])[O:90][P:89],EVODEX-P13141
EVODEX-N4812,[H]O[C@]1([H])[C@]([H])(OP(=O)(O[H])O[H])[C@@]([H])(C([H])([H])OP(=O)(O[H])OP(=O)(O[H])OC([H])([H])C(C([H])([H])[H])(C([H])([H])[H])[C@@]([H])(O[H])C(=O)N([H])C([H])([H])C([H])([H])C(=O)N([H])C([H])([H])C([H])([H])S[C:2]([C:1]([H])([H:93])[H:94])=[O:3])O[C@@]1([H])N1:C([H]):N:C2:C(N([H])[H]):N:C([H]):N:C:2:1.[H]O[C@@]1([H])[C@@]([H])(O[H])[C@]([H])(N2:C([H]):N:C3:C(N([H])[H]):N:C([H]):N:C:3:2)O[C@]1([H])C([H])([H])OP(=O)(O[H])OP(=O)(O[H])[O:73][H:140].[C:82][C:83](=[O:84])[C:85]>>[H][O:84][C:83]([C:1]([C:2](=[O:3])[O:73][H:140])([H:93])[H:94])([C:82])[C:85],EVODEX-P13142
EVODEX-N4813,[H]C([H])([H])C(=O)[S:4][C:5].[H][O:90][P:89]>>[H]O[C@@]1([H])[C@@]([H])(O[H])[C@]([H])(N2:C([H]):N:C3:C(N([H])[H]):N:C([H]):N:C:3:2)O[C@]1([H])C([H])([H])OP(=O)(O[H])OP(=O)(O[H])[O:90][P:89].[H][S:4][C:5],EVODEX-P13143
EVODEX-N4814,[H]O[C@]1([H])[C@]([H])(OP(=O)(O[H])O[H])[C@@]([H])(C([H])([H])OP(=O)(O[H])OP(=O)(O[H])OC([H])([H])C(C([H])([H])[H])(C([H])([H])[H])[C@@]([H])(O[H])C(=O)N([H])C([H])([H])C([H])([H])C(=O)N([H])C([H])([H])C([H])([H])S[C:2]([C:1]([H])([H:93])[H:94])=[O:3])O[C@@]1([H])N1:C([H]):N:C2:C(N([H])[H]):N:C([H]):N:C:2:1.[C:82][C:83](=[O:84])[C:85].[H][O:90][P:89]>>[H]O[C:2]([C:1]([C:83]([C:82])([O:84][H])[C:85])([H:93])[H:94])=[O:3].[H]O[C@@]1([H])[C@@]([H])(O[H])[C@]([H])(N2:C([H]):N:C3:C(N([H])[H]):N:C([H]):N:C:3:2)O[C@]1([H])C([H])([H])OP(=O)(O[H])OP(=O)(O[H])[O:90][P:89],EVODEX-P13144
EVODEX-N4815,[C:82][C:83](=[O:84])[C:85].[H][O:90][P:89]>>[H]OC(=O)C([H])([H])[C:83]([C:82])([O:84][H])[C:85].[H]O[C@@]1([H])[C@@]([H])(O[H])[C@]([H])(N2:C([H]):N:C3:C(N([H])[H]):N:C([H]):N:C:3:2)O[C@]1([H])C([H])([H])OP(=O)(O[H])OP(=O)(O[H])[O:90][P:89],EVODEX-P13145
EVODEX-N4816,[H]O[C@]1([H])[C@]([H])(OP(=O)(O[H])O[H])[C@@]([H])(C([H])([H])OP(=O)(O[H])OP(=O)(O[H])OC([H])([H])C(C([H])([H])[H])(C([H])([H])[H])[C@@]([H])(O[H])C(=O)N([H])C([H])([H])C([H])([H])C(=O)N([H])C([H])([H])C([H])([H])S[C:2]([C:1]([H])([H:93])[H:94])=[O:3])O[C@@]1([H])N1:C([H]):N:C2:C(N([H])[H]):N:C([H]):N:C:2:1.[H]O[C@@]1([H])[C@@]([H])(O[H])[C@]([H])(N2:C([H]):N:C3:C(N([H])[H]):N:C([H]):N:C:3:2)O[C@]1([H])C([H])([H])OP(=O)(O[H])OP(=O)(O[H])[O:73][H:140]>>[H]OC(=O)C([H])([H])C(O[H])(C(=O)O[H])[C:1]([C:2](=[O:3])[O:73][H:140])([H:93])[H:94],EVODEX-P13146
EVODEX-N4817,[H][C:1]([C:2](=[O:3])[S:4])([H:93])[H:94].[P:71][O:73][H:140]>>[H]OC(=O)C([H])([H])C(O[H])(C(=O)O[H])[C:1]([C:2](=[O:3])[O:73][H:140])([H:93])[H:94].[H]OP(=O)(O[H])O[P:71].[H][S:4],EVODEX-P13147
EVODEX-N4818,[H][C:1]([C:2](=[O:3])[S:4])([H:93])[H:94].[O:70][P:71](=[O:72])([O:73][H:140])[O:74].[H][O:90][P:89]>>[H]OC(=O)C([H])([H])C(O[H])(C(=O)O[H])[C:1]([C:2](=[O:3])[O:73][H:140])([H:93])[H:94].[O:70][P:71](=[O:72])([O:74])[O:90][P:89].[H][S:4],EVODEX-P13148
EVODEX-N4819,[H][C:1]([C:2](=[O:3])[S:4])([H:93])[H:94].[P:71][O:73][H:140].[C:82][C:83](=[O:84])[C:85]>>[H][O:84][C:83]([C:1]([C:2](=[O:3])[O:73][H:140])([H:93])[H:94])([C:82])[C:85].[H]OP(=O)(O[H])O[P:71].[H][S:4],EVODEX-P13149
EVODEX-N4820,[H]O[P:71]([O:70])(=[O:72])[O:74].[H][O:90][P:89]>>[O:70][P:71](=[O:72])([O:74])[O:90][P:89],"EVODEX-P13150,EVODEX-P28832,EVODEX-P32004,EVODEX-P33701"
EVODEX-N4821,[H]O[C@@]1([H])[C@@]([H])(O[H])[C@]([H])(N2:C([H]):N:C3:C(N([H])[H]):N:C([H]):N:C:3:2)O[C@]1([H])C([H])([H])OP(=O)(O[H])OP(=O)(O[H])[O:73][H:140].[C:82][C:83](=[O:84])[C:85]>>[H]C([H])(C(=O)[O:73][H:140])[C:83]([C:82])([O:84][H])[C:85],EVODEX-P13151
EVODEX-N4822,[H][C:1]([C:2](=[O:3])[S:4])([H:93])[H:94].[H]O[C@@]1([H])[C@@]([H])(O[H])[C@]([H])(N2:C([H]):N:C3:C(N([H])[H]):N:C([H]):N:C:3:2)O[C@]1([H])C([H])([H])OP(=O)(O[H])OP(=O)(O[H])[O:73][H:140]>>[H]OC(=O)C([H])([H])C(O[H])(C(=O)O[H])[C:1]([C:2](=[O:3])[O:73][H:140])([H:93])[H:94].[H][S:4],EVODEX-P13152
EVODEX-N4823,[H]O[C@@]1([H])[C@@]([H])(O[H])[C@]([H])(N2:C([H]):N:C3:C(N([H])[H]):N:C([H]):N:C:3:2)O[C@]1([H])C([H])([H])OP(=O)(O[H])OP(=O)(O[H])[O:73][H:140]>>[H]OC(=O)C([H])([H])C(O[H])(C(=O)O[H])C([H])([H])C(=O)[O:73][H:140],EVODEX-P13153
EVODEX-N4824,[O:70][P:71](=[O:72])([O:73])[O:74].[H][O:90][P:89]>>[H]OC(=O)C([H])([H])C(O[H])(C(=O)O[H])C([H])([H])C(=O)[O:73].[O:70][P:71](=[O:72])([O:74])[O:90][P:89],EVODEX-P13154
EVODEX-N4825,[H][C:1]([C:2])([H:93])[H:94].[H][O:90][P:89]>>[H]OC(=O)C([H])([H])C(O[H])(C(=O)O[H])[C:1]([C:2]O[H])([H:93])[H:94].[H]O[C@@]1([H])[C@@]([H])(O[H])[C@]([H])(N2:C([H]):N:C3:C(N([H])[H]):N:C([H]):N:C:3:2)O[C@]1([H])C([H])([H])OP(=O)(O[H])OP(=O)(O[H])[O:90][P:89].[H],EVODEX-P13155
EVODEX-N4826,[H]O[C@]1([H])[C@]([H])(OP(=O)(O[H])O[H])[C@@]([H])(C([H])([H])OP(=O)(O[H])OP(=O)(O[H])OC([H])([H])C(C([H])([H])[H])(C([H])([H])[H])[C@@]([H])(O[H])C(=O)N([H])C([H])([H])C([H])([H])C(=O)N([H])C([H])([H])C([H])([H])S[C:2]([C:1]([H])([H:93])[H:94])=[O:3])O[C@@]1([H])N1:C([H]):N:C2:C(N([H])[H]):N:C([H]):N:C:2:1.[P:71][O:73][H:140].[C:82][C:83](=[O:84])[C:85]>>[H][O:84][C:83]([C:1]([C:2](=[O:3])[O:73][H:140])([H:93])[H:94])([C:82])[C:85].[H]OP(=O)(O[H])O[P:71],EVODEX-P13156
EVODEX-N4827,[H][C:1]([C:2](=[O:3])[S:4])([H:93])[H:94].[H]O[C@@]1([H])[C@@]([H])(O[H])[C@]([H])(N2:C([H]):N:C3:C(N([H])[H]):N:C([H]):N:C:3:2)O[C@]1([H])C([H])([H])OP(=O)(O[H])OP(=O)(O[H])[O:73][H:140].[C:82][C:83](=[O:84])[C:85]>>[H][O:84][C:83]([C:1]([C:2](=[O:3])[O:73][H:140])([H:93])[H:94])([C:82])[C:85].[H][S:4],EVODEX-P13157
EVODEX-N4828,[H][O:90][P:89]>>[H]O[C@@]1([H])[C@@]([H])(O[H])[C@]([H])(N2:C([H]):N:C3:C(N([H])[H]):N:C([H]):N:C:3:2)O[C@]1([H])C([H])([H])OP(=O)(O[H])OP(=O)(O[H])[O:90][P:89],"EVODEX-P13158,EVODEX-P19914"
EVODEX-N4829,[H]O[C@]1([H])[C@]([H])(OP(=O)(O[H])O[H])[C@@]([H])(C([H])([H])OP(=O)(O[H])OP(=O)(O[H])OC([H])([H])C(C([H])([H])[H])(C([H])([H])[H])[C@@]([H])(O[H])C(=O)N([H])C([H])([H])C([H])([H])C(=O)N([H])C([H])([H])C([H])([H])S[C:2]([C:1]([H])([H:93])[H:94])=[O:3])O[C@@]1([H])N1:C([H]):N:C2:C(N([H])[H]):N:C([H]):N:C:2:1.[P:71][O:73][H:140]>>[H]OC(=O)C([H])([H])C(O[H])(C(=O)O[H])[C:1]([C:2](=[O:3])[O:73][H:140])([H:93])[H:94].[H]OP(=O)(O[H])O[P:71],EVODEX-P13159
EVODEX-N4830,[H]O[C@]1([H])[C@]([H])(OP(=O)(O[H])O[H])[C@@]([H])(C([H])([H])OP(=O)(O[H])OP(=O)(O[H])OC([H])([H])C(C([H])([H])[H])(C([H])([H])[H])[C@@]([H])(O[H])C(=O)N([H])C([H])([H])C([H])([H])C(=O)N([H])C([H])([H])C([H])([H])S[C:2]([C:1]([H])([H:93])[H:94])=[O:3])O[C@@]1([H])N1:C([H]):N:C2:C(N([H])[H]):N:C([H]):N:C:2:1.[O:70][P:71](=[O:72])([O:73][H:140])[O:74].[H][O:90][P:89]>>[H]OC(=O)C([H])([H])C(O[H])(C(=O)O[H])[C:1]([C:2](=[O:3])[O:73][H:140])([H:93])[H:94].[O:70][P:71](=[O:72])([O:74])[O:90][P:89],EVODEX-P13160
EVODEX-N4831,[H][C:1]([C:2](=[O:3])[S:4])([H:93])[H:94].[O:70][P:71](=[O:72])([O:73][H:140])[O:74].[C:82][C:83](=[O:84])[C:85].[H][O:90][P:89]>>[H][O:84][C:83]([C:1]([C:2](=[O:3])[O:73][H:140])([H:93])[H:94])([C:82])[C:85].[O:70][P:71](=[O:72])([O:74])[O:90][P:89].[H][S:4],EVODEX-P13161
EVODEX-N4832,>>[H]OC(=O)C([H])([H])C(O[H])(C(=O)O[H])C([H])([H])C=O.[H]OP(O)(=O)O[H],EVODEX-P13162
EVODEX-N4833,[H]O[C@]1([H])[C@]([H])(OP(=O)(O[H])O[H])[C@@]([H])(C([H])([H])OP(=O)(O[H])OP(=O)(O[H])OC([H])([H])C(C([H])([H])[H])(C([H])([H])[H])[C@@]([H])(O[H])C(=O)N([H])C([H])([H])C([H])([H])C(=O)N([H])C([H])([H])C([H])([H])S[C:2]([C:1]([H])([H:93])[H:94])=[O:3])O[C@@]1([H])N1:C([H]):N:C2:C(N([H])[H]):N:C([H]):N:C:2:1.[H][O:90][P:89]>>[H]OC(=O)C([H])([H])C(O[H])(C(=O)O[H])[C:1]([C:2](O[H])=[O:3])([H:93])[H:94].[H]O[C@@]1([H])[C@@]([H])(O[H])[C@]([H])(N2:C([H]):N:C3:C(N([H])[H]):N:C([H]):N:C:3:2)O[C@]1([H])C([H])([H])OP(=O)(O[H])OP(=O)(O[H])[O:90][P:89],EVODEX-P13163
EVODEX-N4834,[H][C:1]([C:2])([H:58])[H:59].[O:53]=[C:54]([C:55])[H:96]>>[H]O[C:2][C:1]([C@:54]([O:53][H])([C:55])[H:96])([H:58])[H:59].[H],EVODEX-P13164
EVODEX-N4835,[H][C:1]([C:2](=[O:3])[S:4])([H:58])[H:59].[H][O:52][H:98]>>[H]OC(=O)[C@@]([H])(O[H])[C:1]([C:2](=[O:3])[O:52][H:98])([H:58])[H:59].[H][S:4],EVODEX-P13165
EVODEX-N4836,[H][C:1]([C:2](=[O:3])[S:4])([H:58])[H:59].[O:53]=[C:54]([C:55])[H:96].[H][O:52][H:98]>>[H][O:53][C@@:54]([C:1]([C:2](=[O:3])[O:52][H:98])([H:58])[H:59])([C:55])[H:96].[H][S:4],EVODEX-P13166
EVODEX-N4837,[H][O:52][H:98]>>[H]OC(=O)[C@@]([H])(O[H])C([H])([H])C(=O)[O:52][H:98],EVODEX-P13167
EVODEX-N4838,[H]O[C@]1([H])[C@]([H])(OP(=O)(O[H])O[H])[C@@]([H])(C([H])([H])OP(=O)(O[H])OP(=O)(O[H])OC([H])([H])C(C([H])([H])[H])(C([H])([H])[H])[C@@]([H])(O[H])C(=O)N([H])C([H])([H])C([H])([H])C(=O)N([H])C([H])([H])C([H])([H])S[C:2]([C:1]([H])([H:58])[H:59])=[O:3])O[C@@]1([H])N1:C([H]):N:C2:C(N([H])[H]):N:C([H]):N:C:2:1.[O:53]=[C:54]([C:55])[H:96]>>[H]O[C:2]([C:1]([C@:54]([O:53][H])([C:55])[H:96])([H:58])[H:59])=[O:3],EVODEX-P13168
EVODEX-N4839,[H]O[C@]1([H])[C@]([H])(OP(=O)(O[H])O[H])[C@@]([H])(C([H])([H])OP(=O)(O[H])OP(=O)(O[H])OC([H])([H])C(C([H])([H])[H])(C([H])([H])[H])[C@@]([H])(O[H])C(=O)N([H])C([H])([H])C([H])([H])C(=O)N([H])C([H])([H])C([H])([H])S[C:2]([C:1]([H])([H:58])[H:59])=[O:3])O[C@@]1([H])N1:C([H]):N:C2:C(N([H])[H]):N:C([H]):N:C:2:1.[H][O:52][H:98]>>[H]OC(=O)[C@@]([H])(O[H])[C:1]([C:2](=[O:3])[O:52][H:98])([H:58])[H:59],EVODEX-P13169
EVODEX-N4840,[O:53]=[C:54]([C:55])[H:96]>>[H]OC(=O)C([H])([H])[C@:54]([O:53][H])([C:55])[H:96],EVODEX-P13170
EVODEX-N4841,[H]O[C@]1([H])[C@]([H])(OP(=O)(O[H])O[H])[C@@]([H])(C([H])([H])OP(=O)(O[H])OP(=O)(O[H])OC([H])([H])C(C([H])([H])[H])(C([H])([H])[H])[C@@]([H])(O[H])C(=O)N([H])C([H])([H])C([H])([H])C(=O)N([H])C([H])([H])C([H])([H])S[C:2]([C:1]([H])([H:58])[H:59])=[O:3])O[C@@]1([H])N1:C([H]):N:C2:C(N([H])[H]):N:C([H]):N:C:2:1>>[H]OC(=O)[C@@]([H])(O[H])[C:1]([C:2](O[H])=[O:3])([H:58])[H:59],EVODEX-P13171
EVODEX-N4842,[H]O[C@]1([H])[C@]([H])(OP(=O)(O[H])O[H])[C@@]([H])(C([H])([H])OP(=O)(O[H])OP(=O)(O[H])OC([H])([H])C(C([H])([H])[H])(C([H])([H])[H])[C@@]([H])(O[H])C(=O)N([H])C([H])([H])C([H])([H])C(=O)N([H])C([H])([H])C([H])([H])S[C:2]([C:1]([H])([H:58])[H:59])=[O:3])O[C@@]1([H])N1:C([H]):N:C2:C(N([H])[H]):N:C([H]):N:C:2:1.[O:53]=[C:54]([C:55])[H:96].[H][O:52][H:98]>>[H][O:53][C@@:54]([C:1]([C:2](=[O:3])[O:52][H:98])([H:58])[H:59])([C:55])[H:96],EVODEX-P13172
EVODEX-N4843,[O:53]=[C:54]([C:55])[H:96].[H][O:52][H:98]>>[H]C([H])(C(=O)[O:52][H:98])[C@:54]([O:53][H])([C:55])[H:96],EVODEX-P13173
EVODEX-N4844,[H][C:1]([C:2])([H:58])[H:59]>>[H]OC(=O)[C@@]([H])(O[H])[C:1]([C:2]O[H])([H:58])[H:59].[H],EVODEX-P13174
EVODEX-N4845,[H][C:55]([C:56](=[O:57])[S:58])([H:147])[H:148].[H][O:106][H:185]>>[H]O[C@]1([H])[C@]([H])(OP(=O)(O[H])O[H])[C@@]([H])(C([H])([H])OP(=O)(O[H])OP(=O)(O[H])OC([H])([H])C(C([H])([H])[H])(C([H])([H])[H])[C@@]([H])(O[H])C(=O)N([H])C([H])([H])C([H])([H])C(=O)N([H])C([H])([H])C([H])([H])SC(=O)C([H])([H])[C@](O[H])(C([H])([H])[H])[C:55]([C:56](=[O:57])[O:106][H:185])([H:147])[H:148])O[C@@]1([H])N1:C([H]):N:C2:C(N([H])[H]):N:C([H]):N:C:2:1.[H][S:58],EVODEX-P13177
EVODEX-N4846,[H][O:106][H:185]>>[H]O[C@](C([H])([H])[H])(C([H])([H])C(=O)SC([H])([H])C([H])([H])N([H])C(=O)C([H])([H])C([H])([H])N([H])C(=O)[C@]([H])(O[H])C(C([H])([H])[H])(C([H])([H])[H])C([H])([H])OP(=O)(O[H])OP(=O)(O[H])OC([H])([H])[C@@]1([H])O[C@@]([H])(N2:C([H]):N:C3:C(N([H])[H]):N:C([H]):N:C:3:2)[C@]([H])(O[H])[C@]1([H])OP(=O)(O[H])O[H])C([H])([H])C(=O)[O:106][H:185],EVODEX-P13178
EVODEX-N4847,[H]O[C@]1([H])[C@]([H])(OP(=O)(O[H])O[H])[C@@]([H])(C([H])([H])OP(=O)(O[H])OP(=O)(O[H])OC([H])([H])C(C([H])([H])[H])(C([H])([H])[H])[C@@]([H])(O[H])C(=O)N([H])C([H])([H])C([H])([H])C(=O)N([H])C([H])([H])C([H])([H])S[C:56]([C:55]([H])([H:147])[H:148])=[O:57])O[C@@]1([H])N1:C([H]):N:C2:C(N([H])[H]):N:C([H]):N:C:2:1>>[H]O[C@]1([H])[C@]([H])(OP(=O)(O[H])O[H])[C@@]([H])(C([H])([H])OP(=O)(O[H])OP(=O)(O[H])OC([H])([H])C(C([H])([H])[H])(C([H])([H])[H])[C@@]([H])(O[H])C(=O)N([H])C([H])([H])C([H])([H])C(=O)N([H])C([H])([H])C([H])([H])SC(=O)C([H])([H])[C@](O[H])(C([H])([H])[H])[C:55]([C:56](O[H])=[O:57])([H:147])[H:148])O[C@@]1([H])N1:C([H]):N:C2:C(N([H])[H]):N:C([H]):N:C:2:1,EVODEX-P13181
EVODEX-N4848,[H][C:55]([C:56])([H:147])[H:148]>>[H]O[C@]1([H])[C@]([H])(OP(=O)(O[H])O[H])[C@@]([H])(C([H])([H])OP(=O)(O[H])OP(=O)(O[H])OC([H])([H])C(C([H])([H])[H])(C([H])([H])[H])[C@@]([H])(O[H])C(=O)N([H])C([H])([H])C([H])([H])C(=O)N([H])C([H])([H])C([H])([H])SC(=O)C([H])([H])[C@](O[H])(C([H])([H])[H])[C:55]([C:56]O[H])([H:147])[H:148])O[C@@]1([H])N1:C([H]):N:C2:C(N([H])[H]):N:C([H]):N:C:2:1.[H],EVODEX-P13184
EVODEX-N4849,[H]O[C@]1([H])[C@]([H])(OP(=O)(O[H])O[H])[C@@]([H])(C([H])([H])OP(=O)(O[H])OP(=O)(O[H])OC([H])([H])C(C([H])([H])[H])(C([H])([H])[H])[C@@]([H])(O[H])C(=O)N([H])C([H])([H])C([H])([H])C(=O)N([H])C([H])([H])C([H])([H])S[C:56]([C:55]([H])([H:147])[H:148])=[O:57])O[C@@]1([H])N1:C([H]):N:C2:C(N([H])[H]):N:C([H]):N:C:2:1.[H][O:106][H:185]>>[H]O[C@]1([H])[C@]([H])(OP(=O)(O[H])O[H])[C@@]([H])(C([H])([H])OP(=O)(O[H])OP(=O)(O[H])OC([H])([H])C(C([H])([H])[H])(C([H])([H])[H])[C@@]([H])(O[H])C(=O)N([H])C([H])([H])C([H])([H])C(=O)N([H])C([H])([H])C([H])([H])SC(=O)C([H])([H])[C@](O[H])(C([H])([H])[H])[C:55]([C:56](=[O:57])[O:106][H:185])([H:147])[H:148])O[C@@]1([H])N1:C([H]):N:C2:C(N([H])[H]):N:C([H]):N:C:2:1,EVODEX-P13185
EVODEX-N4850,[H][C:1]([C:2])([H:97])[H:98].[C:89][C:90](=[O:91])[N:92]>>[H]O[C:2][C:1]([C:90]([C:89])([O:91][H])[N:92])([H:97])[H:98].[H],EVODEX-P13186
EVODEX-N4851,[H][C:1]([C:2](=[O:3])[S:4])([H:97])[H:98].[H][O:96][H:170]>>[H]OC(N([H])C([H])([H])C([H])([H])S[H])(C([H])([H])C([H])([H])N([H])C(=O)[C@]([H])(O[H])C(C([H])([H])[H])(C([H])([H])[H])C([H])([H])OP(=O)(O[H])OP(=O)(O[H])OC([H])([H])[C@@]1([H])O[C@@]([H])(N2:C([H]):N:C3:C(N([H])[H]):N:C([H]):N:C:3:2)[C@]([H])(O[H])[C@]1([H])O[H])[C:1]([C:2](=[O:3])[O:96][H:170])([H:97])[H:98].[H][S:4],EVODEX-P13187
EVODEX-N4852,[H][C:1]([C:2](=[O:3])[S:4])([H:97])[H:98].[C:89][C:90](=[O:91])[N:92].[H][O:96][H:170]>>[H][O:91][C:90]([C:1]([C:2](=[O:3])[O:96][H:170])([H:97])[H:98])([C:89])[N:92].[H][S:4],EVODEX-P13188
EVODEX-N4853,[H][O:96][H:170]>>[H]OC(N([H])C([H])([H])C([H])([H])S[H])(C([H])([H])C(=O)[O:96][H:170])C([H])([H])C([H])([H])N([H])C(=O)[C@]([H])(O[H])C(C([H])([H])[H])(C([H])([H])[H])C([H])([H])OP(=O)(O[H])OP(=O)(O[H])OC([H])([H])[C@@]1([H])O[C@@]([H])(N2:C([H]):N:C3:C(N([H])[H]):N:C([H]):N:C:3:2)[C@]([H])(O[H])[C@]1([H])O[H],EVODEX-P13189
EVODEX-N4854,[H]O[C@]1([H])[C@]([H])(OP(=O)(O[H])O[H])[C@@]([H])(C([H])([H])OP(=O)(O[H])OP(=O)(O[H])OC([H])([H])C(C([H])([H])[H])(C([H])([H])[H])[C@@]([H])(O[H])C(=O)N([H])C([H])([H])C([H])([H])C(=O)N([H])C([H])([H])C([H])([H])S[C:2]([C:1]([H])([H:97])[H:98])=[O:3])O[C@@]1([H])N1:C([H]):N:C2:C(N([H])[H]):N:C([H]):N:C:2:1.[C:89][C:90](=[O:91])[N:92]>>[H]O[C:2]([C:1]([C:90]([C:89])([O:91][H])[N:92])([H:97])[H:98])=[O:3],EVODEX-P13190
EVODEX-N4855,[H]O[C@]1([H])[C@]([H])(OP(=O)(O[H])O[H])[C@@]([H])(C([H])([H])OP(=O)(O[H])OP(=O)(O[H])OC([H])([H])C(C([H])([H])[H])(C([H])([H])[H])[C@@]([H])(O[H])C(=O)N([H])C([H])([H])C([H])([H])C(=O)N([H])C([H])([H])C([H])([H])S[C:2]([C:1]([H])([H:97])[H:98])=[O:3])O[C@@]1([H])N1:C([H]):N:C2:C(N([H])[H]):N:C([H]):N:C:2:1.[H][O:96][H:170]>>[H]OC(N([H])C([H])([H])C([H])([H])S[H])(C([H])([H])C([H])([H])N([H])C(=O)[C@]([H])(O[H])C(C([H])([H])[H])(C([H])([H])[H])C([H])([H])OP(=O)(O[H])OP(=O)(O[H])OC([H])([H])[C@@]1([H])O[C@@]([H])(N2:C([H]):N:C3:C(N([H])[H]):N:C([H]):N:C:3:2)[C@]([H])(O[H])[C@]1([H])O[H])[C:1]([C:2](=[O:3])[O:96][H:170])([H:97])[H:98],EVODEX-P13191
EVODEX-N4856,[C:89][C:90](=[O:91])[N:92]>>[H]OC(=O)C([H])([H])[C:90]([C:89])([O:91][H])[N:92],EVODEX-P13192
EVODEX-N4857,[H]O[C@]1([H])[C@]([H])(OP(=O)(O[H])O[H])[C@@]([H])(C([H])([H])OP(=O)(O[H])OP(=O)(O[H])OC([H])([H])C(C([H])([H])[H])(C([H])([H])[H])[C@@]([H])(O[H])C(=O)N([H])C([H])([H])C([H])([H])C(=O)N([H])C([H])([H])C([H])([H])S[C:2]([C:1]([H])([H:97])[H:98])=[O:3])O[C@@]1([H])N1:C([H]):N:C2:C(N([H])[H]):N:C([H]):N:C:2:1>>[H]OC(N([H])C([H])([H])C([H])([H])S[H])(C([H])([H])C([H])([H])N([H])C(=O)[C@]([H])(O[H])C(C([H])([H])[H])(C([H])([H])[H])C([H])([H])OP(=O)(O[H])OP(=O)(O[H])OC([H])([H])[C@@]1([H])O[C@@]([H])(N2:C([H]):N:C3:C(N([H])[H]):N:C([H]):N:C:3:2)[C@]([H])(O[H])[C@]1([H])O[H])[C:1]([C:2](O[H])=[O:3])([H:97])[H:98],EVODEX-P13193
EVODEX-N4858,[H]O[C@]1([H])[C@]([H])(OP(=O)(O[H])O[H])[C@@]([H])(C([H])([H])OP(=O)(O[H])OP(=O)(O[H])OC([H])([H])C(C([H])([H])[H])(C([H])([H])[H])[C@@]([H])(O[H])C(=O)N([H])C([H])([H])C([H])([H])C(=O)N([H])C([H])([H])C([H])([H])S[C:2]([C:1]([H])([H:97])[H:98])=[O:3])O[C@@]1([H])N1:C([H]):N:C2:C(N([H])[H]):N:C([H]):N:C:2:1.[C:89][C:90](=[O:91])[N:92].[H][O:96][H:170]>>[H][O:91][C:90]([C:1]([C:2](=[O:3])[O:96][H:170])([H:97])[H:98])([C:89])[N:92],EVODEX-P13194
EVODEX-N4859,[C:89][C:90](=[O:91])[N:92].[H][O:96][H:170]>>[H]C([H])(C(=O)[O:96][H:170])[C:90]([C:89])([O:91][H])[N:92],EVODEX-P13195
EVODEX-N4860,[H][C:1]([C:2])([H:97])[H:98]>>[H]OC(N([H])C([H])([H])C([H])([H])S[H])(C([H])([H])C([H])([H])N([H])C(=O)[C@]([H])(O[H])C(C([H])([H])[H])(C([H])([H])[H])C([H])([H])OP(=O)(O[H])OP(=O)(O[H])OC([H])([H])[C@@]1([H])O[C@@]([H])(N2:C([H]):N:C3:C(N([H])[H]):N:C([H]):N:C:3:2)[C@]([H])(O[H])[C@]1([H])O[H])[C:1]([C:2]O[H])([H:97])[H:98].[H],EVODEX-P13196
EVODEX-N4861,[H][O:55][H:107]>>[H]OC(=O)[C@@]([H])(O[H])C([H])(C(=O)[O:55][H:107])C([H])([H])C([H])([H])C([H])([H])[H],EVODEX-P13200
EVODEX-N4862,[H]C([H])([H])C([H])([H])C([H])([H])C([H])([H])C(=O)[S:7][C:8]>>[H][S:7][C:8],EVODEX-P13201
EVODEX-N4863,[O:56]=[C:57]([C:58])[H:105]>>[H]OC(=O)C([H])(C([H])([H])C([H])([H])C([H])([H])[H])[C@:57]([O:56][H])([C:58])[H:105],EVODEX-P13204
EVODEX-N4864,[O:56]=[C:57]([C:58])[H:105].[H][O:55][H:107]>>[H]C([H])([H])C([H])([H])C([H])([H])C([H])(C(=O)[O:55][H:107])[C@:57]([O:56][H])([C:58])[H:105],EVODEX-P13207
EVODEX-N4865,[H][C:1]([C:2](=[O:3])[S:4])([H:61])[H:62].[H][O:60][H:107]>>[H]OC(=O)[C@@](O[H])(C([H])(C([H])([H])[H])C([H])([H])[H])[C:1]([C:2](=[O:3])[O:60][H:107])([H:61])[H:62].[H][S:4],EVODEX-P13210
EVODEX-N4866,[H][O:60][H:107]>>[H]OC(=O)[C@](O[H])(C([H])([H])C(=O)[O:60][H:107])C([H])(C([H])([H])[H])C([H])([H])[H],EVODEX-P13212
EVODEX-N4867,[H]O[C@]1([H])[C@]([H])(OP(=O)(O[H])O[H])[C@@]([H])(C([H])([H])OP(=O)(O[H])OP(=O)(O[H])OC([H])([H])C(C([H])([H])[H])(C([H])([H])[H])[C@@]([H])(O[H])C(=O)N([H])C([H])([H])C([H])([H])C(=O)N([H])C([H])([H])C([H])([H])S[C:2]([C:1]([H])([H:61])[H:62])=[O:3])O[C@@]1([H])N1:C([H]):N:C2:C(N([H])[H]):N:C([H]):N:C:2:1.[H][O:60][H:107]>>[H]OC(=O)[C@@](O[H])(C([H])(C([H])([H])[H])C([H])([H])[H])[C:1]([C:2](=[O:3])[O:60][H:107])([H:61])[H:62],EVODEX-P13214
EVODEX-N4868,[H]O[C@]1([H])[C@]([H])(OP(=O)(O[H])O[H])[C@@]([H])(C([H])([H])OP(=O)(O[H])OP(=O)(O[H])OC([H])([H])C(C([H])([H])[H])(C([H])([H])[H])[C@@]([H])(O[H])C(=O)N([H])C([H])([H])C([H])([H])C(=O)N([H])C([H])([H])C([H])([H])S[C:2]([C:1]([H])([H:61])[H:62])=[O:3])O[C@@]1([H])N1:C([H]):N:C2:C(N([H])[H]):N:C([H]):N:C:2:1>>[H]OC(=O)[C@@](O[H])(C([H])(C([H])([H])[H])C([H])([H])[H])[C:1]([C:2](O[H])=[O:3])([H:61])[H:62],EVODEX-P13216
EVODEX-N4869,[H][C:1]([C:2])([H:61])[H:62]>>[H]OC(=O)[C@@](O[H])(C([H])(C([H])([H])[H])C([H])([H])[H])[C:1]([C:2]O[H])([H:61])[H:62].[H],EVODEX-P13219
EVODEX-N4870,[H][C:1]([C:2](=[O:3])[S:4])([H:63])[H:64].[H][O:52][H:107]>>[H]OC(=O)C([H])([H])C([H])([H])[C@](O[H])(C(=O)O[H])[C:1]([C:2](=[O:3])[O:52][H:107])([H:63])[H:64].[H][S:4],EVODEX-P13221
EVODEX-N4871,[H][O:52][H:107]>>[H]OC(=O)C([H])([H])C([H])([H])[C@](O[H])(C(=O)O[H])C([H])([H])C(=O)[O:52][H:107],EVODEX-P13223
EVODEX-N4872,[H]O[C@]1([H])[C@]([H])(OP(=O)(O[H])O[H])[C@@]([H])(C([H])([H])OP(=O)(O[H])OP(=O)(O[H])OC([H])([H])C(C([H])([H])[H])(C([H])([H])[H])[C@@]([H])(O[H])C(=O)N([H])C([H])([H])C([H])([H])C(=O)N([H])C([H])([H])C([H])([H])S[C:2]([C:1]([H])([H:63])[H:64])=[O:3])O[C@@]1([H])N1:C([H]):N:C2:C(N([H])[H]):N:C([H]):N:C:2:1.[H][O:52][H:107]>>[H]OC(=O)C([H])([H])C([H])([H])[C@](O[H])(C(=O)O[H])[C:1]([C:2](=[O:3])[O:52][H:107])([H:63])[H:64],EVODEX-P13225
EVODEX-N4873,[H]O[C@]1([H])[C@]([H])(OP(=O)(O[H])O[H])[C@@]([H])(C([H])([H])OP(=O)(O[H])OP(=O)(O[H])OC([H])([H])C(C([H])([H])[H])(C([H])([H])[H])[C@@]([H])(O[H])C(=O)N([H])C([H])([H])C([H])([H])C(=O)N([H])C([H])([H])C([H])([H])S[C:2]([C:1]([H])([H:63])[H:64])=[O:3])O[C@@]1([H])N1:C([H]):N:C2:C(N([H])[H]):N:C([H]):N:C:2:1>>[H]OC(=O)C([H])([H])C([H])([H])[C@](O[H])(C(=O)O[H])[C:1]([C:2](O[H])=[O:3])([H:63])[H:64],EVODEX-P13227
EVODEX-N4874,[H][C:1]([C:2])([H:63])[H:64]>>[H]OC(=O)C([H])([H])C([H])([H])[C@](O[H])(C(=O)O[H])[C:1]([C:2]O[H])([H:63])[H:64].[H],EVODEX-P13230
EVODEX-N4875,[H][C:1]([C:2](=[O:3])[S:4])([H:62])[H:63].[H][O:61][H:108]>>[H]OC(=O)C(O[H])(C([H])([H])C([H])([H])SC([H])([H])[H])[C:1]([C:2](=[O:3])[O:61][H:108])([H:62])[H:63].[H][S:4],EVODEX-P13232
EVODEX-N4876,[H][O:61][H:108]>>[H]OC(=O)C(O[H])(C([H])([H])C(=O)[O:61][H:108])C([H])([H])C([H])([H])SC([H])([H])[H],EVODEX-P13234
EVODEX-N4877,[H]O[C@]1([H])[C@]([H])(OP(=O)(O[H])O[H])[C@@]([H])(C([H])([H])OP(=O)(O[H])OP(=O)(O[H])OC([H])([H])C(C([H])([H])[H])(C([H])([H])[H])[C@@]([H])(O[H])C(=O)N([H])C([H])([H])C([H])([H])C(=O)N([H])C([H])([H])C([H])([H])S[C:2]([C:1]([H])([H:62])[H:63])=[O:3])O[C@@]1([H])N1:C([H]):N:C2:C(N([H])[H]):N:C([H]):N:C:2:1.[H][O:61][H:108]>>[H]OC(=O)C(O[H])(C([H])([H])C([H])([H])SC([H])([H])[H])[C:1]([C:2](=[O:3])[O:61][H:108])([H:62])[H:63],EVODEX-P13236
EVODEX-N4878,[H]O[C@]1([H])[C@]([H])(OP(=O)(O[H])O[H])[C@@]([H])(C([H])([H])OP(=O)(O[H])OP(=O)(O[H])OC([H])([H])C(C([H])([H])[H])(C([H])([H])[H])[C@@]([H])(O[H])C(=O)N([H])C([H])([H])C([H])([H])C(=O)N([H])C([H])([H])C([H])([H])S[C:2]([C:1]([H])([H:62])[H:63])=[O:3])O[C@@]1([H])N1:C([H]):N:C2:C(N([H])[H]):N:C([H]):N:C:2:1>>[H]OC(=O)C(O[H])(C([H])([H])C([H])([H])SC([H])([H])[H])[C:1]([C:2](O[H])=[O:3])([H:62])[H:63],EVODEX-P13238
EVODEX-N4879,[H][C:1]([C:2])([H:62])[H:63]>>[H]OC(=O)C(O[H])(C([H])([H])C([H])([H])SC([H])([H])[H])[C:1]([C:2]O[H])([H:62])[H:63].[H],EVODEX-P13241
EVODEX-N4880,[H][C:1]([C:2](=[O:3])[S:4])([H:64])[H:65].[H][O:63][H:114]>>[H]OC(=O)C(O[H])(C([H])([H])C([H])([H])C([H])([H])C([H])([H])SC([H])([H])[H])[C:1]([C:2](=[O:3])[O:63][H:114])([H:64])[H:65].[H][S:4],EVODEX-P13243
EVODEX-N4881,[H][O:63][H:114]>>[H]OC(=O)C(O[H])(C([H])([H])C(=O)[O:63][H:114])C([H])([H])C([H])([H])C([H])([H])C([H])([H])SC([H])([H])[H],EVODEX-P13245
EVODEX-N4882,[H]O[C@]1([H])[C@]([H])(OP(=O)(O[H])O[H])[C@@]([H])(C([H])([H])OP(=O)(O[H])OP(=O)(O[H])OC([H])([H])C(C([H])([H])[H])(C([H])([H])[H])[C@@]([H])(O[H])C(=O)N([H])C([H])([H])C([H])([H])C(=O)N([H])C([H])([H])C([H])([H])S[C:2]([C:1]([H])([H:64])[H:65])=[O:3])O[C@@]1([H])N1:C([H]):N:C2:C(N([H])[H]):N:C([H]):N:C:2:1.[H][O:63][H:114]>>[H]OC(=O)C(O[H])(C([H])([H])C([H])([H])C([H])([H])C([H])([H])SC([H])([H])[H])[C:1]([C:2](=[O:3])[O:63][H:114])([H:64])[H:65],EVODEX-P13247
EVODEX-N4883,[H]O[C@]1([H])[C@]([H])(OP(=O)(O[H])O[H])[C@@]([H])(C([H])([H])OP(=O)(O[H])OP(=O)(O[H])OC([H])([H])C(C([H])([H])[H])(C([H])([H])[H])[C@@]([H])(O[H])C(=O)N([H])C([H])([H])C([H])([H])C(=O)N([H])C([H])([H])C([H])([H])S[C:2]([C:1]([H])([H:64])[H:65])=[O:3])O[C@@]1([H])N1:C([H]):N:C2:C(N([H])[H]):N:C([H]):N:C:2:1>>[H]OC(=O)C(O[H])(C([H])([H])C([H])([H])C([H])([H])C([H])([H])SC([H])([H])[H])[C:1]([C:2](O[H])=[O:3])([H:64])[H:65],EVODEX-P13249
EVODEX-N4884,[H][C:1]([C:2])([H:64])[H:65]>>[H]OC(=O)C(O[H])(C([H])([H])C([H])([H])C([H])([H])C([H])([H])SC([H])([H])[H])[C:1]([C:2]O[H])([H:64])[H:65].[H],EVODEX-P13252
EVODEX-N4885,[H][C:1]([C:2](=[O:3])[S:4])([H:62])[H:63].[H][O:52][H:105]>>[H]OC(=O)C(O[H])(C([H])([H])P([H])(=O)O[H])[C:1]([C:2](=[O:3])[O:52][H:105])([H:62])[H:63].[H][S:4],EVODEX-P13254
EVODEX-N4886,[H][O:52][H:105]>>[H]OC(=O)C(O[H])(C([H])([H])C(=O)[O:52][H:105])C([H])([H])P([H])(=O)O[H],EVODEX-P13256
EVODEX-N4887,[H]O[C@]1([H])[C@]([H])(OP(=O)(O[H])O[H])[C@@]([H])(C([H])([H])OP(=O)(O[H])OP(=O)(O[H])OC([H])([H])C(C([H])([H])[H])(C([H])([H])[H])[C@@]([H])(O[H])C(=O)N([H])C([H])([H])C([H])([H])C(=O)N([H])C([H])([H])C([H])([H])S[C:2]([C:1]([H])([H:62])[H:63])=[O:3])O[C@@]1([H])N1:C([H]):N:C2:C(N([H])[H]):N:C([H]):N:C:2:1.[H][O:52][H:105]>>[H]OC(=O)C(O[H])(C([H])([H])P([H])(=O)O[H])[C:1]([C:2](=[O:3])[O:52][H:105])([H:62])[H:63],EVODEX-P13258
EVODEX-N4888,[H]O[C@]1([H])[C@]([H])(OP(=O)(O[H])O[H])[C@@]([H])(C([H])([H])OP(=O)(O[H])OP(=O)(O[H])OC([H])([H])C(C([H])([H])[H])(C([H])([H])[H])[C@@]([H])(O[H])C(=O)N([H])C([H])([H])C([H])([H])C(=O)N([H])C([H])([H])C([H])([H])S[C:2]([C:1]([H])([H:62])[H:63])=[O:3])O[C@@]1([H])N1:C([H]):N:C2:C(N([H])[H]):N:C([H]):N:C:2:1>>[H]OC(=O)C(O[H])(C([H])([H])P([H])(=O)O[H])[C:1]([C:2](O[H])=[O:3])([H:62])[H:63],EVODEX-P13260
EVODEX-N4889,[H][C:1]([C:2])([H:62])[H:63]>>[H]OC(=O)C(O[H])(C([H])([H])P([H])(=O)O[H])[C:1]([C:2]O[H])([H:62])[H:63].[H],EVODEX-P13263
EVODEX-N4890,[H][C:1]([C:2](=[O:3])[S:4])([H:63])[H:64].[H][O:52][H:106]>>[H]OC(=O)[C@@](O[H])(C([H])([H])P(=O)(O[H])O[H])[C:1]([C:2](=[O:3])[O:52][H:106])([H:63])[H:64].[H][S:4],EVODEX-P13265
EVODEX-N4891,[H][O:52][H:106]>>[H]OC(=O)[C@](O[H])(C([H])([H])C(=O)[O:52][H:106])C([H])([H])P(=O)(O[H])O[H],EVODEX-P13267
EVODEX-N4892,[H]O[C@]1([H])[C@]([H])(OP(=O)(O[H])O[H])[C@@]([H])(C([H])([H])OP(=O)(O[H])OP(=O)(O[H])OC([H])([H])C(C([H])([H])[H])(C([H])([H])[H])[C@@]([H])(O[H])C(=O)N([H])C([H])([H])C([H])([H])C(=O)N([H])C([H])([H])C([H])([H])S[C:2]([C:1]([H])([H:63])[H:64])=[O:3])O[C@@]1([H])N1:C([H]):N:C2:C(N([H])[H]):N:C([H]):N:C:2:1.[H][O:52][H:106]>>[H]OC(=O)[C@@](O[H])(C([H])([H])P(=O)(O[H])O[H])[C:1]([C:2](=[O:3])[O:52][H:106])([H:63])[H:64],EVODEX-P13269
EVODEX-N4893,[H]O[C@]1([H])[C@]([H])(OP(=O)(O[H])O[H])[C@@]([H])(C([H])([H])OP(=O)(O[H])OP(=O)(O[H])OC([H])([H])C(C([H])([H])[H])(C([H])([H])[H])[C@@]([H])(O[H])C(=O)N([H])C([H])([H])C([H])([H])C(=O)N([H])C([H])([H])C([H])([H])S[C:2]([C:1]([H])([H:63])[H:64])=[O:3])O[C@@]1([H])N1:C([H]):N:C2:C(N([H])[H]):N:C([H]):N:C:2:1>>[H]OC(=O)[C@@](O[H])(C([H])([H])P(=O)(O[H])O[H])[C:1]([C:2](O[H])=[O:3])([H:63])[H:64],EVODEX-P13271
EVODEX-N4894,[H][C:1]([C:2])([H:63])[H:64]>>[H]OC(=O)[C@@](O[H])(C([H])([H])P(=O)(O[H])O[H])[C:1]([C:2]O[H])([H:63])[H:64].[H],EVODEX-P13274
EVODEX-N4895,[H][C:7]([C:8](=[O:9])[S:10])([H:63])[H:64].[H][O:58][H:101]>>[H]OC(=O)C(O[H])(C([H])([H])[H])[C:7]([C:8](=[O:9])[O:58][H:101])([H:63])[H:64].[H][S:10],EVODEX-P13277
EVODEX-N4896,[H][O:58][H:101]>>[H]OC(=O)C(O[H])(C([H])([H])[H])C([H])([H])C(=O)[O:58][H:101],EVODEX-P13278
EVODEX-N4897,[H]O[C@]1([H])[C@]([H])(OP(=O)(O[H])O[H])[C@@]([H])(C([H])([H])OP(=O)(O[H])OP(=O)(O[H])OC([H])([H])C(C([H])([H])[H])(C([H])([H])[H])[C@@]([H])(O[H])C(=O)N([H])C([H])([H])C([H])([H])C(=O)N([H])C([H])([H])C([H])([H])S[C:8]([C:7]([H])([H:63])[H:64])=[O:9])O[C@@]1([H])N1:C([H]):N:C2:C(N([H])[H]):N:C([H]):N:C:2:1>>[H]OC(=O)C(O[H])(C([H])([H])[H])[C:7]([C:8](O[H])=[O:9])([H:63])[H:64],EVODEX-P13281
EVODEX-N4898,[H][C:7]([C:8])([H:63])[H:64]>>[H]OC(=O)C(O[H])(C([H])([H])[H])[C:7]([C:8]O[H])([H:63])[H:64].[H],EVODEX-P13284
EVODEX-N4899,[H]O[C@]1([H])[C@]([H])(OP(=O)(O[H])O[H])[C@@]([H])(C([H])([H])OP(=O)(O[H])OP(=O)(O[H])OC([H])([H])C(C([H])([H])[H])(C([H])([H])[H])[C@@]([H])(O[H])C(=O)N([H])C([H])([H])C([H])([H])C(=O)N([H])C([H])([H])C([H])([H])S[C:8]([C:7]([H])([H:63])[H:64])=[O:9])O[C@@]1([H])N1:C([H]):N:C2:C(N([H])[H]):N:C([H]):N:C:2:1.[H][O:58][H:101]>>[H]OC(=O)C(O[H])(C([H])([H])[H])[C:7]([C:8](=[O:9])[O:58][H:101])([H:63])[H:64],EVODEX-P13285
EVODEX-N4900,[H]OC(=O)[C@](O[H])(C([H])([H])[H])[C:4]([C:5])([H:15])[H:16]>>[H][C:4]([C:5])([H:15])[H:16],"EVODEX-P13286,EVODEX-P30255,EVODEX-P30265"
EVODEX-N4901,[H]OP(=O)(O[H])O[C:6]([O:7])([C:15])[H:108].[H][O:105][C:104]>>[C@@:6]([O:7])([C:15])([O:105][C:104])[H:108],"EVODEX-P13291,EVODEX-P13344,EVODEX-P13467,EVODEX-P13477,EVODEX-P13494,EVODEX-P13586,EVODEX-P13641,EVODEX-P14490,EVODEX-P14523,EVODEX-P14844,EVODEX-P15039,EVODEX-P15043,EVODEX-P15111,EVODEX-P15135,EVODEX-P15145,EVODEX-P15179,EVODEX-P15217"
EVODEX-N4902,[H]OP(=O)(O[H])O[C:6]([O:7])([C:15])[H:108]>>[H]OC([H])([H])[C@@]1([H])O[C@]([H])(O[H])[C@]([H])(O[H])[C@@]([H])(O[H])[C@]1([H])O[C@@]1([H])O[C@]([H])(C([H])([H])O[H])[C@@]([H])(O[C@@]2([H])O[C@]([H])(C([H])([H])O[H])[C@@]([H])(O[C@@]3([H])O[C@]([H])(C([H])([H])O[H])[C@@]([H])(O[C@@]4([H])O[C@]([H])(C([H])([H])O[H])[C@@]([H])(O[C@@]5([H])O[C@]([H])(C([H])([H])O[H])[C@@]([H])(O[C@@]6([H])O[C@]([H])(C([H])([H])O[H])[C@@]([H])(O[C@@]7([H])O[C@]([H])(C([H])([H])O[H])[C@@]([H])(O[C@@:6]([O:7])([C:15])[H:108])[C@]([H])(O[H])[C@@]7([H])O[H])[C@]([H])(O[H])[C@@]6([H])O[H])[C@]([H])(O[H])[C@@]5([H])O[H])[C@]([H])(O[H])[C@@]4([H])O[H])[C@]([H])(O[H])[C@@]3([H])O[H])[C@]([H])(O[H])[C@@]2([H])O[H])[C@]([H])(O[H])[C@@]1([H])O[H],EVODEX-P13293
EVODEX-N4903,>>[H]OC([H])([H])[C@@]1([H])O[C@]([H])(O[C@@]2([H])[C@]([H])(O[H])[C@@]([H])(O[H])[C@@]([H])(O[C@@]3([H])[C@]([H])(O[H])[C@@]([H])(O[H])[C@@]([H])(O[C@@]4([H])[C@]([H])(O[H])[C@@]([H])(O[H])[C@@]([H])(O[C@@]5([H])[C@]([H])(O[H])[C@@]([H])(O[H])[C@@]([H])(O[C@@]6([H])[C@]([H])(O[H])[C@@]([H])(O[H])[C@@]([H])(O[C@@]7([H])[C@]([H])(O[H])[C@@]([H])(O[H])[C@@]([H])(O[C@@]8([H])[C@]([H])(O[H])[C@@]([H])(O[H])[C@@]([H])(O[H])O[C@]8([H])C([H])([H])O[H])O[C@]7([H])C([H])([H])O[H])O[C@]6([H])C([H])([H])O[H])O[C@]5([H])C([H])([H])O[H])O[C@]4([H])C([H])([H])O[H])O[C@]3([H])C([H])([H])O[H])O[C@]2([H])C([H])([H])O[H])[C@]([H])(O[H])[C@@]([H])(O[H])[C@]1([H])O.[H],EVODEX-P13294
EVODEX-N4904,[H][O:3][P:2].[O:9][C@@:10]([O:11])([C:34])[H:47]>>[P:2][O:3][C@@:10]([O:9])([C:34])[H:47].[H][O:11],"EVODEX-P13295,EVODEX-P13338,EVODEX-P13367,EVODEX-P13382,EVODEX-P13471,EVODEX-P13589,EVODEX-P13594,EVODEX-P13599,EVODEX-P13635,EVODEX-P13703,EVODEX-P13747,EVODEX-P13752,EVODEX-P13792,EVODEX-P13900,EVODEX-P13935,EVODEX-P13939,EVODEX-P13953,EVODEX-P13963,EVODEX-P13982,EVODEX-P14051,EVODEX-P14161,EVODEX-P14493,EVODEX-P14517,EVODEX-P14546,EVODEX-P14577,EVODEX-P14608,EVODEX-P14681,EVODEX-P14690,EVODEX-P14695,EVODEX-P14814,EVODEX-P14831,EVODEX-P14836,EVODEX-P15028,EVODEX-P15033,EVODEX-P15047,EVODEX-P15100,EVODEX-P15106,EVODEX-P15129,EVODEX-P15139,EVODEX-P15173,EVODEX-P15211,EVODEX-P15240,EVODEX-P15352,EVODEX-P15611,EVODEX-P15616,EVODEX-P15676,EVODEX-P15682,EVODEX-P15687,EVODEX-P15712,EVODEX-P19729,EVODEX-P19732,EVODEX-P19796,EVODEX-P19799,EVODEX-P20093"
EVODEX-N4905,[H]OC([H])([H])[C@@]1([H])O[C@]([H])([O:7][C:8])[C@]([H])(O[H])[C@@]([H])(O[H])[C@]1([H])O[H]>>[H][O:7][C:8],"EVODEX-P13296,EVODEX-P13308,EVODEX-P13339,EVODEX-P13383,EVODEX-P13472,EVODEX-P13590,EVODEX-P13636,EVODEX-P13667,EVODEX-P13673,EVODEX-P13743,EVODEX-P13793,EVODEX-P13901,EVODEX-P13954,EVODEX-P13964,EVODEX-P14052,EVODEX-P14494,EVODEX-P14518,EVODEX-P14547,EVODEX-P14609,EVODEX-P14691,EVODEX-P14696,EVODEX-P14832,EVODEX-P14908,EVODEX-P14914,EVODEX-P15029,EVODEX-P15034,EVODEX-P15048,EVODEX-P15130,EVODEX-P15140,EVODEX-P15174,EVODEX-P15212,EVODEX-P15241,EVODEX-P15353,EVODEX-P23112,EVODEX-P23129,EVODEX-P23192,EVODEX-P23218,EVODEX-P23341,EVODEX-P23378,EVODEX-P23405,EVODEX-P23420,EVODEX-P23424,EVODEX-P23478,EVODEX-P23515,EVODEX-P23520,EVODEX-P23603,EVODEX-P23665,EVODEX-P23682,EVODEX-P24177"
EVODEX-N4906,[H][O:3][P:2].[H]OC([H])([H])[C@@]1([H])O[C@]([H])(O[H])[C@]([H])(O[H])[C@@]([H])(O[H])[C@]1([H])O[C@@]1([H])O[C@]([H])(C([H])([H])O[H])[C@@]([H])(O[C@@]2([H])O[C@]([H])(C([H])([H])O[H])[C@@]([H])(O[C@@]3([H])O[C@]([H])(C([H])([H])O[H])[C@@]([H])(O[C@@]4([H])O[C@]([H])(C([H])([H])O[H])[C@@]([H])(O[C@@]5([H])O[C@]([H])(C([H])([H])O[H])[C@@]([H])(O[C@@]6([H])O[C@]([H])(C([H])([H])O[H])[C@@]([H])(O[C@@]7([H])O[C@]([H])(C([H])([H])O[H])[C@@]([H])(O[C@@:10]([O:9])([C:100])[H:113])[C@]([H])(O[H])[C@@]7([H])O[H])[C@]([H])(O[H])[C@@]6([H])O[H])[C@]([H])(O[H])[C@@]5([H])O[H])[C@]([H])(O[H])[C@@]4([H])O[H])[C@]([H])(O[H])[C@@]3([H])O[H])[C@]([H])(O[H])[C@@]2([H])O[H])[C@]([H])(O[H])[C@@]1([H])O[H]>>[P:2][O:3][C:10]([O:9])([C:100])[H:113],EVODEX-P13297
EVODEX-N4907,[H]OC([H])([H])[C@@]1([H])O[C@]([H])(O[H])[C@]([H])(O[H])[C@@]([H])(O[H])[C@]1([H])O[C@@]1([H])O[C@]([H])(C([H])([H])O[H])[C@@]([H])(O[C@@]2([H])O[C@]([H])(C([H])([H])O[H])[C@@]([H])(O[C@@]3([H])O[C@]([H])(C([H])([H])O[H])[C@@]([H])(O[C@@]4([H])O[C@]([H])(C([H])([H])O[H])[C@@]([H])(O[C@@]5([H])O[C@]([H])(C([H])([H])O[H])[C@@]([H])(O[C@@]6([H])O[C@]([H])(C([H])([H])O[H])[C@@]([H])(O[C@@]7([H])O[C@]([H])(C([H])([H])O[H])[C@@]([H])(O[C@@:10]([O:9])([C:100])[H:113])[C@]([H])(O[H])[C@@]7([H])O[H])[C@]([H])(O[H])[C@@]6([H])O[H])[C@]([H])(O[H])[C@@]5([H])O[H])[C@]([H])(O[H])[C@@]4([H])O[H])[C@]([H])(O[H])[C@@]3([H])O[H])[C@]([H])(O[H])[C@@]2([H])O[H])[C@]([H])(O[H])[C@@]1([H])O[H]>>[H]OP(=O)(O[H])O[C:10]([O:9])([C:100])[H:113],EVODEX-P13298
EVODEX-N4908,[H][O:3][P:2]>>[H]OC([H])([H])[C@@]1([H])OC([H])([O:3][P:2])[C@]([H])(O[H])[C@@]([H])(O[H])[C@]1([H])O[H],"EVODEX-P13299,EVODEX-P13370,EVODEX-P13597,EVODEX-P13602,EVODEX-P13750,EVODEX-P13755,EVODEX-P14684"
EVODEX-N4909,[C:8]:[C:9]([O:10]):[C:33].[H][O:36][H:65]>>[C:8]:[C:9](:[C:33])[O:36][H:65].[H][O:10],"EVODEX-P13301,EVODEX-P21175,EVODEX-P21178,EVODEX-P21294,EVODEX-P21909,EVODEX-P21924,EVODEX-P22090,EVODEX-P22530,EVODEX-P22551,EVODEX-P22735,EVODEX-P22741,EVODEX-P22752,EVODEX-P22779,EVODEX-P22785,EVODEX-P23016,EVODEX-P23022,EVODEX-P23033,EVODEX-P23050,EVODEX-P23078,EVODEX-P23090,EVODEX-P23095,EVODEX-P23122,EVODEX-P23203,EVODEX-P23209,EVODEX-P23248,EVODEX-P23253,EVODEX-P23278,EVODEX-P23345,EVODEX-P23439,EVODEX-P23444,EVODEX-P23495,EVODEX-P23500,EVODEX-P23507,EVODEX-P23530,EVODEX-P23641,EVODEX-P23707,EVODEX-P23713,EVODEX-P23730,EVODEX-P23735,EVODEX-P23853,EVODEX-P23895,EVODEX-P23900,EVODEX-P23934,EVODEX-P23940,EVODEX-P23952,EVODEX-P23969,EVODEX-P23975,EVODEX-P23981,EVODEX-P24128,EVODEX-P24133,EVODEX-P25884,EVODEX-P25890,EVODEX-P28886,EVODEX-P28891"
EVODEX-N4910,[H]OC([H])([H])[C@@]1([H])O[C@]([H])(O[C:8](:[C:7]):[C:21])[C@]([H])(O[H])[C@@]([H])(O[H])[C@]1([H])O[H].[H][O:1][H:38]>>[O:1]([C:8](:[C:7]):[C:21])[H:38],"EVODEX-P13303,EVODEX-P23280,EVODEX-P23505,EVODEX-P23532,EVODEX-P23732,EVODEX-P23737,EVODEX-P23941"
EVODEX-N4911,[H]OC([H])([H])[C@@]1([H])O[C@]([H])(O[C:8](:[C:7]):[C:21])[C@]([H])(O[H])[C@@]([H])(O[H])[C@]1([H])O[H]>>[H]O[C:8](:[C:7]):[C:21],"EVODEX-P13305,EVODEX-P23282,EVODEX-P23508,EVODEX-P23533,EVODEX-P23739,EVODEX-P23943"
EVODEX-N4912,[H]OC([H])([H])[C@@]1(O[C@@:9]([O:10])([C:18])[H:54])O[C@]([H])(C([H])([H])O[H])[C@@]([H])(O[H])[C@]1([H])O[H].[H][O:46][C:45]>>[C@:9]([O:10])([C:18])([O:46][C:45])[H:54],"EVODEX-P13309,EVODEX-P13314,EVODEX-P13319,EVODEX-P13324,EVODEX-P15340,EVODEX-P15344"
EVODEX-N4913,[H]OC([H])([H])[C@@]1(O[C@@:9]([O:10])([C:18])[H:54])O[C@]([H])(C([H])([H])O[H])[C@@]([H])(O[H])[C@]1([H])O[H]>>[H]OC([H])([H])[C@@]1([H])O[C@@]([H])(O[H])[C@]([H])(O[H])[C@@]([H])(O[H])[C@]1([H])O[C@@]1([H])O[C@]([H])(C([H])([H])O[H])[C@@]([H])(O[C@:9]([O:10])([C:18])[H:54])[C@]([H])(O[H])[C@@]1([H])O[H],EVODEX-P13311
EVODEX-N4914,[H]OC([H])([H])[C@@]1(O[C@@:9]([O:10])([C:18])[H:87])O[C@]([H])(C([H])([H])O[H])[C@@]([H])(O[H])[C@]1([H])O[H]>>[H]OC([H])([H])[C@@]1([H])O[C@]([H])(O[H])[C@]([H])(O[H])[C@@]([H])(O[H])[C@]1([H])O[C@@]1([H])O[C@]([H])(C([H])([H])O[H])[C@@]([H])(O[C@]2([H])O[C@]([H])(C([H])([H])O[H])[C@@]([H])(O[C@@]3([H])O[C@]([H])(C([H])([H])O[H])[C@@]([H])(O[C@@]4([H])O[C@]([H])(C([H])([H])O[H])[C@@]([H])(O[C@@:9]([O:10])([C:18])[H:87])[C@]([H])(O[H])[C@@]4([H])O[H])[C@]([H])(O[H])[C@@]3([H])O[H])[C@]([H])(O[H])[C@@]2([H])O[H])[C@]([H])(O[H])[C@@]1([H])O[H],EVODEX-P13316
EVODEX-N4915,>>[H]OC([H])([H])[C@@]1([H])O[C@]([H])(O[C@@]2([H])[C@]([H])(O[H])[C@@]([H])(O[H])[C@@]([H])(O[C@@]3([H])[C@]([H])(O[H])[C@@]([H])(O[H])[C@]([H])(O[C@@]4([H])[C@]([H])(O[H])[C@@]([H])(O[H])[C@@]([H])(O[C@@]5([H])[C@]([H])(O[H])[C@@]([H])(O[H])[C@@]([H])(O[H])O[C@]5([H])C([H])([H])O[H])O[C@]4([H])C([H])([H])O[H])O[C@]3([H])C([H])([H])O[H])O[C@]2([H])C([H])([H])O[H])[C@]([H])(O[H])[C@@]([H])(O[H])[C@]1([H])O.[H],"EVODEX-P13317,EVODEX-P13485"
EVODEX-N4916,[H]OC([H])([H])[C@@]1(O[C@@:13]([O:14])([C:22])[H:40])O[C@]([H])(C([H])([H])O[H])[C@@]([H])(O[H])[C@]1([H])O[H]>>[H]C([H])(Cl)C([H])([H])O[C@@:13]([O:14])([C:22])[H:40],EVODEX-P13320
EVODEX-N4917,>>[H]C([H])(O)C([H])([H])Cl.[H],EVODEX-P13322
EVODEX-N4918,[H]OC([H])([H])[C@@]1(O[C@@:15]([O:16])([C:24])[H:46])O[C@]([H])(C([H])([H])O[H])[C@@]([H])(O[H])[C@]1([H])O[H]>>[H]C([H])(Cl)C([H])([H])C([H])([H])C([H])([H])O[C@@:15]([O:16])([C:24])[H:46],EVODEX-P13325
EVODEX-N4919,>>[H]C([H])(O)C([H])([H])C([H])([H])C([H])([H])Cl.[H],EVODEX-P13327
EVODEX-N4920,[H][O:3][P:2].[O:9][C@:10]([F:11])([C:12])[H:25]>>[H][F:11].[P:2][O:3][C@@:10]([O:9])([C:12])[H:25],EVODEX-P13328
EVODEX-N4921,[H][O:3][P:2].F[C@@:10]([O:9])([C:12])[H:25]>>[P:2][O:3][C@@:10]([O:9])([C:12])[H:25],EVODEX-P13329
EVODEX-N4922,F[C@@:10]([O:9])([C:12])[H:25]>>[H]OP(=O)(O[H])O[C@@:10]([O:9])([C:12])[H:25],EVODEX-P13330
EVODEX-N4923,[H]OC([H])([H])[C@@]1([H])O[C@]([H])([F:11])[C@]([H])(O[H])[C@@]([H])(O[H])[C@]1([H])O[H]>>[H][F:11],EVODEX-P13331
EVODEX-N4924,[H][F:1].[O:6][C@@:7]([O:8])([C:16])[H:21]>>[F:1][C@@:7]([O:8])([C:16])[H:21].[H][O:6],EVODEX-P13333
EVODEX-N4925,[H][F:1].[H]OP(=O)(O[H])O[C@@:7]([O:8])([C:16])[H:21]>>[F:1][C@@:7]([O:8])([C:16])[H:21],EVODEX-P13334
EVODEX-N4926,[H]OP(=O)(O[H])O[C@@:7]([O:8])([C:16])[H:21]>>F[C@@:7]([O:8])([C:16])[H:21],EVODEX-P13335
EVODEX-N4927,[H][F:1]>>[H]OC([H])([H])[C@@]1([H])O[C@]([H])([F:1])[C@]([H])(O[H])[C@@]([H])(O[H])[C@]1([H])O[H],EVODEX-P13336
EVODEX-N4928,>>F.[H],EVODEX-P13337
EVODEX-N4929,[H][O:4][P:2].[H]OC([H])([H])[C@@]1([H])O[C@@]([H])(O[H])[C@]([H])(O[H])[C@@]([H])(O[H])[C@]1([H])O[C@@:10]([O:9])([C:23])[H:36]>>[P:2][O:4][C@:10]([O:9])([C:23])[H:36],EVODEX-P13340
EVODEX-N4930,[H]OC([H])([H])[C@@]1([H])O[C@@]([H])(O[H])[C@]([H])(O[H])[C@@]([H])(O[H])[C@]1([H])O[C@@:10]([O:9])([C:23])[H:36]>>[H]OP(=O)(O[H])O[C@:10]([O:9])([C:23])[H:36],EVODEX-P13341
EVODEX-N4931,[H]OP(=O)(O[H])O[C@:6]([O:7])([C:15])[H:31]>>[H]OC([H])([H])[C@@]1([H])O[C@@]([H])(O[H])[C@]([H])(O[H])[C@@]([H])(O[H])[C@]1([H])O[C@@:6]([O:7])([C:15])[H:31],EVODEX-P13346
EVODEX-N4932,>>[H]OC([H])([H])[C@@]1([H])O[C@]([H])(O)[C@]([H])(O[H])[C@@]([H])(O[H])[C@]1([H])O[H].[H],"EVODEX-P13347,EVODEX-P13425,EVODEX-P13429,EVODEX-P13438,EVODEX-P13443,EVODEX-P13480,EVODEX-P13584,EVODEX-P13644,EVODEX-P14680,EVODEX-P15181,EVODEX-P15675,EVODEX-P17970,EVODEX-P18010,EVODEX-P18402,EVODEX-P18407,EVODEX-P18420,EVODEX-P18806,EVODEX-P18836,EVODEX-P18987"
EVODEX-N4933,[H][O:7][C:6].[O:49][C@@:50]([C:51])([O:53])[C:65]>>[C:6][O:7][C@@:50]([O:49])([C:51])[C:65].[H][O:53],"EVODEX-P13348,EVODEX-P13354,EVODEX-P13360,EVODEX-P13362,EVODEX-P13822,EVODEX-P13823,EVODEX-P13826,EVODEX-P14212,EVODEX-P14663,EVODEX-P14665,EVODEX-P15756,EVODEX-P15762,EVODEX-P15767,EVODEX-P15772,EVODEX-P15777,EVODEX-P15782,EVODEX-P15787,EVODEX-P15792,EVODEX-P15797,EVODEX-P15802,EVODEX-P15807,EVODEX-P15812,EVODEX-P15817,EVODEX-P15822,EVODEX-P15827,EVODEX-P15833,EVODEX-P15838"
EVODEX-N4934,[H]OC([H])([H])[C@@]1([O:9][C:10])O[C@]([H])(C([H])([H])O[H])[C@@]([H])(O[H])[C@]1([H])O[H]>>[H][O:9][C:10],"EVODEX-P13349,EVODEX-P13355,EVODEX-P13824,EVODEX-P14664,EVODEX-P23475,EVODEX-P23917"
EVODEX-N4935,[H][O:7][C:6].[H]OC([H])([H])[C@@]1([H])O[C@]([H])(O[C@@:50]([O:49])([C:51])[C:65])[C@]([H])(O[H])[C@@]([H])(O[H])[C@]1([H])O[H]>>[C:6][O:7][C@@:50]([O:49])([C:51])[C:65],"EVODEX-P13350,EVODEX-P13361,EVODEX-P13363,EVODEX-P14213"
EVODEX-N4936,[H]OC([H])([H])[C@@]1([H])O[C@]([H])(O[C@@:50]([O:49])([C:51])[C:65])[C@]([H])(O[H])[C@@]([H])(O[H])[C@]1([H])O[H]>>[H]OC([H])([H])[C@@]1([H])O[C@](O[H])(C([H])([H])O[C@]2(C([H])([H])O[C@]3(C([H])([H])O[C@]4(C([H])([H])O[C@@:50]([O:49])([C:51])[C:65])O[C@]([H])(C([H])([H])O[H])[C@@]([H])(O[H])[C@]4([H])O[H])O[C@]([H])(C([H])([H])O[H])[C@@]([H])(O[H])[C@]3([H])O[H])O[C@]([H])(C([H])([H])O[H])[C@@]([H])(O[H])[C@]2([H])O[H])[C@@]([H])(O[H])[C@]1([H])O[H],EVODEX-P13351
EVODEX-N4937,[H][O:7][C:6]>>[H]OC([H])([H])[C@@]1([O:7][C:6])O[C@]([H])(C([H])([H])O[H])[C@@]([H])(O[H])[C@]1([H])O[H],"EVODEX-P13352,EVODEX-P13358,EVODEX-P13365,EVODEX-P13825,EVODEX-P14214"
EVODEX-N4938,>>[H]OC([H])([H])[C@@]1([H])O[C@](OC([H])([H])[C@@]2(OC([H])([H])[C@@]3(OC([H])([H])[C@@]4(O[H])O[C@]([H])(C([H])([H])O[H])[C@@]([H])(O[H])[C@]4([H])O[H])O[C@]([H])(C([H])([H])O[H])[C@@]([H])(O[H])[C@]3([H])O[H])O[C@]([H])(C([H])([H])O[H])[C@@]([H])(O[H])[C@]2([H])O[H])(C([H])([H])O)[C@@]([H])(O[H])[C@]1([H])O[H].[H],EVODEX-P13353
EVODEX-N4939,[H][O:7][C:6].[H]OC([H])([H])[C@@]1([H])O[C@]([H])(OC([H])([H])[C@@]2([H])O[C@]([H])(O[C@:35]([C:36])([O:38])[C:44])[C@]([H])(O[H])[C@@]([H])(O[H])[C@]2([H])O[H])[C@]([H])(O[H])[C@@]([H])(O[H])[C@@]1([H])O[H]>>[C:6][O:7][C@:35]([C:36])([O:38])[C:44],EVODEX-P13356
EVODEX-N4940,[H]OC([H])([H])[C@@]1([H])O[C@]([H])(OC([H])([H])[C@@]2([H])O[C@]([H])(O[C@:35]([C:36])([O:38])[C:44])[C@]([H])(O[H])[C@@]([H])(O[H])[C@]2([H])O[H])[C@]([H])(O[H])[C@@]([H])(O[H])[C@@]1([H])O[H]>>[H]OC([H])([H])[C@@]1([H])O[C@]([H])(O[C@]2(C([H])([H])O[C@:35]([C:36])([O:38])[C:44])O[C@]([H])(C([H])([H])O[H])[C@@]([H])(O[H])[C@]2([H])O[H])[C@]([H])(O[H])[C@@]([H])(O[H])[C@]1([H])O[H],EVODEX-P13357
EVODEX-N4941,>>[H]OC([H])([H])[C@@]1([H])O[C@]([H])(O[C@]2(C([H])([H])O)O[C@]([H])(C([H])([H])O[H])[C@@]([H])(O[H])[C@]2([H])O[H])[C@]([H])(O[H])[C@@]([H])(O[H])[C@]1([H])O[H].[H],"EVODEX-P13359,EVODEX-P13741,EVODEX-P14240"
EVODEX-N4942,[H]OC([H])([H])[C@@]1([H])O[C@]([H])(O[C@@:50]([O:49])([C:51])[C:65])[C@]([H])(O[H])[C@@]([H])(O[H])[C@]1([H])O[H]>>[H]OC([H])([H])[C@@]1(O[H])O[C@]([H])(C([H])([H])O[C@]2(C([H])([H])O[H])O[C@]([H])(C([H])([H])O[C@]3(C([H])([H])O[H])O[C@]([H])(C([H])([H])O[C@]4(C([H])([H])O[H])O[C@]([H])(C([H])([H])O[C@:50]([O:49])([C:51])[C:65])[C@@]([H])(O[H])[C@]4([H])O[H])[C@@]([H])(O[H])[C@]3([H])O[H])[C@@]([H])(O[H])[C@]2([H])O[H])[C@@]([H])(O[H])[C@]1([H])O[H],EVODEX-P13364
EVODEX-N4943,>>[H]OC([H])([H])[C@@]1(OC([H])([H])[C@@]2([H])O[C@](OC([H])([H])[C@@]3([H])O[C@](OC([H])([H])[C@@]4([H])O[C@](O[H])(C([H])([H])O[H])[C@@]([H])(O[H])[C@]4([H])O[H])(C([H])([H])O[H])[C@@]([H])(O[H])[C@]3([H])O[H])(C([H])([H])O[H])[C@@]([H])(O[H])[C@]2([H])O[H])O[C@]([H])(C([H])([H])O)[C@@]([H])(O[H])[C@]1([H])O[H].[H],EVODEX-P13366
EVODEX-N4944,[H][O:17][P:15].[H]OC([H])([H])[C@@]1(O[C@@:34]([O:35])([C:43])[H:70])O[C@]([H])(C([H])([H])O[H])[C@@]([H])(O[H])[C@]1([H])O[H]>>[P:15][O:17][C@@:34]([O:35])([C:43])[H:70],EVODEX-P13368
EVODEX-N4945,[H]OC([H])([H])[C@@]1(O[C@@:34]([O:35])([C:43])[H:70])O[C@]([H])(C([H])([H])O[H])[C@@]([H])(O[H])[C@]1([H])O[H]>>[H]O[C@@]1([H])[C@@]([H])(O[H])[C@]([H])(N2:C([H]):C([H]):C(=O):N([H]):C:2=O)O[C@]1([H])C([H])([H])OP(=O)(O[H])OP(=O)(O[H])O[C@@:34]([O:35])([C:43])[H:70],EVODEX-P13369
EVODEX-N4946,>>[H]O[C@@]1([H])[C@@]([H])(O[H])[C@]([H])(N2:C([H]):C([H]):C(=O):N([H]):C:2=O)O[C@]1([H])C([H])([H])OP(=O)(O[H])OP(O)(=O)O[H].[H],"EVODEX-P13371,EVODEX-P13386,EVODEX-P13796,EVODEX-P13904,EVODEX-P13957,EVODEX-P13967,EVODEX-P13985,EVODEX-P14055,EVODEX-P14550,EVODEX-P14582,EVODEX-P14612,EVODEX-P15244,EVODEX-P20098"
EVODEX-N4947,[H]O[C@@]1([H])[C@@]([H])(O[H])[C@]([H])(N2:C([H]):C([H]):C(=O):N([H]):C:2=O)O[C@]1([H])C([H])([H])OP(=O)(O[H])OP(=O)(O[H])O[C@@:19]([O:20])([C:28])[H:57]>>[H]OC([H])([H])[C@@]1(O[C@@:19]([O:20])([C:28])[H:57])O[C@]([H])(C([H])([H])O[H])[C@@]([H])(O[H])[C@]1([H])O[H],EVODEX-P13375
EVODEX-N4948,>>[H]OC([H])([H])[C@@]1([H])O[C@](O)(C([H])([H])O[H])[C@@]([H])(O[H])[C@]1([H])O[H].[H],"EVODEX-P13376,EVODEX-P17985,EVODEX-P17995"
EVODEX-N4949,[H]O[C@@]1([H])[C@@]([H])(O[H])[C@]([H])(N2:C([H]):C([H]):C(=O):N([H]):C:2=O)O[C@]1([H])C([H])([H])OP(=O)(O[H])OP(=O)(O[H])O[C@@:35]([O:36])([C:44])[H:61]>>[H]OC([H])([H])C1(O[C@@:35]([O:36])([C:44])[H:61])O[C@]([H])(C([H])([H])OP(=O)(O[H])O[H])[C@@]([H])(O[H])[C@]1([H])O[H],EVODEX-P13380
EVODEX-N4950,>>[H].[H]OC([H])([H])C1(O)O[C@]([H])(C([H])([H])OP(=O)(O[H])O[H])[C@@]([H])(O[H])[C@]1([H])O[H],"EVODEX-P13381,EVODEX-P14689,EVODEX-P15113,EVODEX-P18040,EVODEX-P18689"
EVODEX-N4951,[H]OC([H])([H])C1(O[C@@:13]([O:14])([C:22])[H:61])O[C@]([H])(C([H])([H])OP(=O)(O[H])O[H])[C@@]([H])(O[H])[C@]1([H])O[H].[H][O:44][P:42]>>[C@@:13]([O:14])([C:22])([O:44][P:42])[H:61],"EVODEX-P13384,EVODEX-P15107"
EVODEX-N4952,[H]OC([H])([H])C1(O[C@@:13]([O:14])([C:22])[H:61])O[C@]([H])(C([H])([H])OP(=O)(O[H])O[H])[C@@]([H])(O[H])[C@]1([H])O[H]>>[H]O[C@@]1([H])[C@@]([H])(O[H])[C@]([H])(N2:C([H]):C([H]):C(=O):N([H]):C:2=O)O[C@]1([H])C([H])([H])OP(=O)(O[H])OP(=O)(O[H])O[C@@:13]([O:14])([C:22])[H:61],EVODEX-P13385
EVODEX-N4953,[H]O[C@@]1([H])[C@@]([H])(O[H])[C@]([H])(N2:C([H]):C([H]):C(=O):N([H]):C:2=O)O[C@]1([H])C([H])([H])OP(=O)(O[H])OP(=O)(O[H])O[C@@:35]([O:36])([C:44])[H:61]>>[H]O[C@]1([H])[C@@]([H])(O[H])[C@@]([H])(O[C@@:35]([O:36])([C:44])[H:61])O[C@]([H])(C([H])([H])OP(=O)(O[H])O[H])[C@@]1([H])O[H],EVODEX-P13390
EVODEX-N4954,>>[H].[H]O[C@@]1([H])[C@]([H])(O[H])[C@@]([H])(C([H])([H])OP(=O)(O[H])O[H])O[C@]([H])(O)[C@]1([H])O[H],"EVODEX-P13391,EVODEX-P13396,EVODEX-P13510,EVODEX-P14525"
EVODEX-N4955,[H]O[C@@]1([H])[C@@]([H])(O[H])[C@]([H])(N2:C([H]):N:C3:C(N([H])[H]):N:C([H]):N:C:3:2)O[C@]1([H])C([H])([H])OP(=O)(O[H])OP(=O)(O[H])O[C@@:24]([O:25])([C:33])[H:65].[H][O:48][C:47]>>[C@@:24]([O:25])([C:33])([O:48][C:47])[H:65],"EVODEX-P13394,EVODEX-P13427,EVODEX-P13431,EVODEX-P13906,EVODEX-P14499,EVODEX-P14678,EVODEX-P14775,EVODEX-P15170,EVODEX-P15188,EVODEX-P15222"
EVODEX-N4956,[H]O[C@@]1([H])[C@@]([H])(O[H])[C@]([H])(N2:C([H]):N:C3:C(N([H])[H]):N:C([H]):N:C:3:2)O[C@]1([H])C([H])([H])OP(=O)(O[H])OP(=O)(O[H])O[C@@:24]([O:25])([C:33])[H:65]>>[H]O[C@]1([H])[C@@]([H])(O[H])[C@@]([H])(O[C@@:24]([O:25])([C:33])[H:65])O[C@]([H])(C([H])([H])OP(=O)(O[H])O[H])[C@@]1([H])O[H],EVODEX-P13395
EVODEX-N4957,[H]OC([H])([H])[C@@]1([H])O[C@]([H])([O:22][P:23])[C@]([H])(N([H])C(=O)C([H])([H])[H])[C@@]([H])(O[H])[C@]1([H])O[H]>>[H][O:22][P:23],"EVODEX-P13398,EVODEX-P14332,EVODEX-P14843,EVODEX-P14965,EVODEX-P22666"
EVODEX-N4958,[H][O:70][C:69]>>[H]OC([H])([H])[C@@]1([H])O[C@]([H])([O:70][C:69])[C@]([H])(N([H])C(=O)C([H])([H])[H])[C@@]([H])(O[H])[C@]1([H])O[H],"EVODEX-P13400,EVODEX-P13532,EVODEX-P13537,EVODEX-P13542,EVODEX-P13547,EVODEX-P13552,EVODEX-P13557,EVODEX-P13607,EVODEX-P13613,EVODEX-P13710,EVODEX-P13714,EVODEX-P13799,EVODEX-P13830,EVODEX-P13835,EVODEX-P14063,EVODEX-P14073,EVODEX-P14083,EVODEX-P14088,EVODEX-P14093,EVODEX-P14099,EVODEX-P14103,EVODEX-P14109,EVODEX-P14113,EVODEX-P14118,EVODEX-P14123,EVODEX-P14128,EVODEX-P14134,EVODEX-P14138,EVODEX-P14143,EVODEX-P14148,EVODEX-P14169,EVODEX-P14173,EVODEX-P14224,EVODEX-P14229,EVODEX-P14335,EVODEX-P14416,EVODEX-P14421,EVODEX-P14436,EVODEX-P14441,EVODEX-P14476,EVODEX-P14481,EVODEX-P14574,EVODEX-P14669,EVODEX-P14674,EVODEX-P14712,EVODEX-P14747,EVODEX-P14752,EVODEX-P14849,EVODEX-P14859,EVODEX-P14875,EVODEX-P14961,EVODEX-P14968,EVODEX-P14993"
EVODEX-N4959,[H]O[C@@]1([H])[C@@]([H])(O[H])[C@]([H])(N2:C([H]):C([H]):C(=O):N([H]):C:2=O)O[C@]1([H])C([H])([H])OP(=O)(O[H])OP(=O)(O[H])O[C@:21]([C:20])([O:47])[H:60]>>[H]OC1([H])O[C@]([H])(C([H])([H])O[H])[C@@]([H])(O[C@@:21]([C:20])([O:47])[H:60])[C@]([H])(O[H])[C@@]1([H])N([H])C(=O)C([H])([H])[H],"EVODEX-P13401,EVODEX-P13779"
EVODEX-N4960,>>[H]OC1([H])O[C@]([H])(C([H])([H])O[H])[C@@]([H])(O)[C@]([H])(O[H])[C@@]1([H])N([H])C(=O)C([H])([H])[H].[H],"EVODEX-P13402,EVODEX-P13781,EVODEX-P13972,EVODEX-P14492,EVODEX-P14846,EVODEX-P15041,EVODEX-P18384,EVODEX-P18388,EVODEX-P18865"
EVODEX-N4961,[H]OC(=O)[C@@]1([H])O[C@]([H])([O:28][P:29])[C@]([H])(O[H])[C@@]([H])(O[H])[C@]1([H])O[H]>>[H][O:28][P:29],"EVODEX-P13404,EVODEX-P13487,EVODEX-P13493"
EVODEX-N4962,[H]O[C@@]1([H])[C@@]([H])(O[H])[C@]([H])(N2:C([H]):C([H]):C(=O):N([H]):C:2=O)O[C@]1([H])C([H])([H])OP(=O)(O[H])OP(=O)(O[H])O[C@@:27]([O:26])([C:53])[H:80]>>[H]O[C@@]1([H])C([H])=C([H])[C@]2([H])[C@]34C5:C(:C(O[C@:27]([O:26])([C:53])[H:80]):C([H]):C([H]):C:5C([H])([H])[C@@]2([H])N(C([H])([H])[H])C([H])([H])C3([H])[H])O[C@]41[H],EVODEX-P13406
EVODEX-N4963,[H][O:11][C:10]>>[H]OC(=O)[C@@]1([H])O[C@@]([H])([O:11][C:10])[C@]([H])(O[H])[C@@]([H])(O[H])[C@]1([H])O[H],"EVODEX-P13407,EVODEX-P13412,EVODEX-P13489,EVODEX-P13562,EVODEX-P13567,EVODEX-P14038,EVODEX-P14044,EVODEX-P14069,EVODEX-P14344,EVODEX-P14350,EVODEX-P14355,EVODEX-P14564,EVODEX-P14727,EVODEX-P14732,EVODEX-P14737,EVODEX-P14743,EVODEX-P14758,EVODEX-P14763,EVODEX-P15233,EVODEX-P15566"
EVODEX-N4964,>>[H]O[C@@]1([H])C([H])=C([H])[C@]2([H])[C@]34C5:C(:C(O):C([H]):C([H]):C:5C([H])([H])[C@@]2([H])N(C([H])([H])[H])C([H])([H])C3([H])[H])O[C@]41[H].[H],"EVODEX-P13408,EVODEX-P13413"
EVODEX-N4965,[H]O[C@@]1([H])[C@@]([H])(O[H])[C@]([H])(N2:C([H]):C([H]):C(=O):N([H]):C:2=O)O[C@]1([H])C([H])([H])OP(=O)(O[H])OP(=O)(O[H])O[C@@:27]([O:26])([C:53])[H:80]>>[H]OC1:C([H]):C([H]):C2:C3:C:1O[C@]1([H])[C@]34C([H])([H])C([H])([H])N(C([H])([H])[H])[C@]([H])(C2([H])[H])[C@]4([H])C([H])=C([H])[C@]1([H])O[C@:27]([O:26])([C:53])[H:80],EVODEX-P13411
EVODEX-N4966,[C:5][C:6]([C:7])([O:19])[H:29].[H][O:23][H:38]>>[C:5][C:6]([C:7])([O:23][H:38])[H:29].[H][O:19],"EVODEX-P13414,EVODEX-P19604,EVODEX-P21085,EVODEX-P21091,EVODEX-P21097,EVODEX-P21131,EVODEX-P21452,EVODEX-P21458,EVODEX-P21554,EVODEX-P21560,EVODEX-P21586,EVODEX-P21603,EVODEX-P21952,EVODEX-P21957,EVODEX-P21963,EVODEX-P21968,EVODEX-P21973,EVODEX-P22046,EVODEX-P22084,EVODEX-P22102,EVODEX-P22125,EVODEX-P22142,EVODEX-P22153,EVODEX-P22159,EVODEX-P22165,EVODEX-P22216,EVODEX-P22222,EVODEX-P22227,EVODEX-P22233,EVODEX-P22240,EVODEX-P22257,EVODEX-P22263,EVODEX-P22268,EVODEX-P22273,EVODEX-P22279,EVODEX-P22302,EVODEX-P22335,EVODEX-P22341,EVODEX-P22347,EVODEX-P22524,EVODEX-P22654,EVODEX-P22682,EVODEX-P22710,EVODEX-P22719,EVODEX-P22747,EVODEX-P22758,EVODEX-P22763,EVODEX-P22790,EVODEX-P22796,EVODEX-P22824,EVODEX-P22835,EVODEX-P22841,EVODEX-P22858,EVODEX-P22864,EVODEX-P22875,EVODEX-P22885,EVODEX-P22891,EVODEX-P22897,EVODEX-P22903,EVODEX-P22909,EVODEX-P22915,EVODEX-P22948,EVODEX-P23027,EVODEX-P23038,EVODEX-P23044,EVODEX-P23055,EVODEX-P23061,EVODEX-P23067,EVODEX-P23141,EVODEX-P23144,EVODEX-P23174,EVODEX-P23186,EVODEX-P23229,EVODEX-P23329,EVODEX-P23361,EVODEX-P23390,EVODEX-P23482,EVODEX-P23490,EVODEX-P23524,EVODEX-P23579,EVODEX-P23584,EVODEX-P23590,EVODEX-P23607,EVODEX-P23613,EVODEX-P23619,EVODEX-P23625,EVODEX-P23636,EVODEX-P23646,EVODEX-P23652,EVODEX-P23658,EVODEX-P23686,EVODEX-P23692,EVODEX-P23697,EVODEX-P23702,EVODEX-P23746,EVODEX-P23752,EVODEX-P23769,EVODEX-P23775,EVODEX-P23835,EVODEX-P23847,EVODEX-P23905,EVODEX-P23911,EVODEX-P23928,EVODEX-P23992,EVODEX-P24002,EVODEX-P24008,EVODEX-P24018,EVODEX-P24061,EVODEX-P24067,EVODEX-P24095,EVODEX-P24149,EVODEX-P24154,EVODEX-P24159,EVODEX-P24181,EVODEX-P24187,EVODEX-P24192,EVODEX-P24196,EVODEX-P24202,EVODEX-P24208,EVODEX-P24214,EVODEX-P30690"
EVODEX-N4967,[H]OC([H])([H])[C@@]1([H])O[C@]([H])(O[C@:11]([C:8])([C:24])[H:48])[C@]([H])(O[H])[C@@]([H])(O[H])[C@]1([H])O[H].[H][O:1][H:64]>>[O:1]([C@:11]([C:8])([C:24])[H:48])[H:64],"EVODEX-P13415,EVODEX-P23187,EVODEX-P23392,EVODEX-P23491,EVODEX-P23586,EVODEX-P23592,EVODEX-P23609,EVODEX-P23615,EVODEX-P23621,EVODEX-P23627,EVODEX-P23648,EVODEX-P23654,EVODEX-P23660,EVODEX-P23688,EVODEX-P23777,EVODEX-P23836,EVODEX-P23913,EVODEX-P24063,EVODEX-P24069,EVODEX-P24097,EVODEX-P24183,EVODEX-P24188,EVODEX-P24194,EVODEX-P24198,EVODEX-P24210,EVODEX-P24216"
EVODEX-N4968,[H][O:1][H:64]>>[H]OC1=C(O[C@@]2([H])O[C@]([H])(C([H])([H])O[H])[C@@]([H])([O:1][H:64])[C@]([H])(O[H])[C@@]2([H])O[H])C(=O)[C@]([H])([C@@]([H])(O[H])C([H])([H])O[H])O1,EVODEX-P13416
EVODEX-N4969,[H]OC([H])([H])[C@@]1([H])O[C@]([H])(O[C@:11]([C:8])([C:24])[H:48])[C@]([H])(O[H])[C@@]([H])(O[H])[C@]1([H])O[H]>>[H]O[C@:11]([C:8])([C:24])[H:48],"EVODEX-P13417,EVODEX-P23188,EVODEX-P23492,EVODEX-P23588,EVODEX-P23594,EVODEX-P23611,EVODEX-P23617,EVODEX-P23623,EVODEX-P23628,EVODEX-P23650,EVODEX-P23656,EVODEX-P23661,EVODEX-P23690,EVODEX-P23779,EVODEX-P23837,EVODEX-P23914,EVODEX-P24065,EVODEX-P24071,EVODEX-P24099,EVODEX-P24185,EVODEX-P24190,EVODEX-P24200,EVODEX-P24212,EVODEX-P24218"
EVODEX-N4970,[H]OC1=C(O[C@@]2([H])O[C@]([H])(C([H])([H])O[H])[C@@]([H])([O:12][C:13])[C@]([H])(O[H])[C@@]2([H])O[H])C(=O)[C@]([H])([C@@]([H])(O[H])C([H])([H])O[H])O1>>[H][O:12][C:13],EVODEX-P13418
EVODEX-N4971,[C:7][C@@:10]([O:11])([C:12])[H:48].[H][O:29][C:28]>>[C:7][C@:10]([C:12])([O:29][C:28])[H:48].[H][O:11],"EVODEX-P13420,EVODEX-P30696"
EVODEX-N4972,[H]OC1=C(O[C@@]2([H])O[C@]([H])(C([H])([H])O[H])[C@@]([H])([O:11][H:49])[C@]([H])(O[H])[C@@]2([H])O[H])C(=O)[C@]([H])([C@@]([H])(O[H])C([H])([H])O[H])O1>>[H][O:11][H:49],EVODEX-P13421
EVODEX-N4973,[H]O[C@:10]([C:7])([C:12])[H:48].[H][O:29][C:28]>>[C:7][C@:10]([C:12])([O:29][C:28])[H:48],"EVODEX-P13422,EVODEX-P30698"
EVODEX-N4974,[H][O:29][C:28]>>[H]OC1=C(O[C@@]2([H])O[C@]([H])(C([H])([H])O[H])[C@@]([H])([O:29][C:28])[C@]([H])(O[H])[C@@]2([H])O[H])C(=O)[C@]([H])([C@@]([H])(O[H])C([H])([H])O[H])O1,EVODEX-P13423
EVODEX-N4975,[H]O[C@:10]([C:7])([C:12])[H:48]>>[H]OC([H])([H])[C@@]1([H])O[C@]([H])(O[C@:10]([C:7])([C:12])[H:48])[C@]([H])(O[H])[C@@]([H])(O[H])[C@]1([H])O[H],EVODEX-P13424
EVODEX-N4976,[H]O[C@@]1([H])[C@@]([H])(O[H])[C@]([H])(N2:C([H]):N:C3:C(N([H])[H]):N:C([H]):N:C:3:2)O[C@]1([H])C([H])([H])OP(=O)(O[H])OP(=O)(O[H])O[C@@:24]([O:25])([C:33])[H:61]>>[H]OC([H])([H])[C@@]1([H])O[C@]([H])(O[H])[C@]([H])(O[H])[C@@]([H])(O[H])[C@]1([H])O[C@@:24]([O:25])([C:33])[H:61],EVODEX-P13428
EVODEX-N4977,[H]O[C@@]1([H])[C@@]([H])(O[H])[C@]([H])(N2:C([H]):N:C3:C(N([H])[H]):N:C([H]):N:C:3:2)O[C@]1([H])C([H])([H])OP(=O)(O[H])OP(=O)(O[H])O[C@@:24]([O:25])([C:33])[H:83]>>[H]OC([H])([H])[C@]1([H])O[C@@]([H])(O[H])[C@]([H])(O[H])[C@@]([H])(O[H])[C@]1([H])O[C@]1([H])O[C@@]([H])(C([H])([H])O[H])[C@@]([H])(O[C@]2([H])O[C@]([H])(C([H])([H])O[H])[C@@]([H])(O[C@:24]([O:25])([C:33])[H:83])[C@]([H])(O[H])[C@@]2([H])O[H])[C@]([H])(O[H])[C@@]1([H])O[H],EVODEX-P13433
EVODEX-N4978,>>[H]OC([H])([H])[C@]1([H])O[C@@]([H])(O[H])[C@]([H])(O[H])[C@@]([H])(O[H])[C@]1([H])O[C@]1([H])O[C@@]([H])(C([H])([H])O[H])[C@@]([H])(O[C@]2([H])O[C@]([H])(C([H])([H])O[H])[C@@]([H])(O)[C@]([H])(O[H])[C@@]2([H])O[H])[C@]([H])(O[H])[C@@]1([H])O[H].[H],EVODEX-P13434
EVODEX-N4979,[H]O[C@@]1([H])[C@@]([H])(O[H])[C@]([H])(N2:C([H]):C([H]):C(=O):N([H]):C:2=O)O[C@]1([H])C([H])([H])OP(=O)(O[H])OP(=O)(O[H])O[C@@:19]([O:20])([C:28])[H:57]>>[H]OC1([H])O[C@]([H])(C([H])([H])O[H])[C@@]([H])(O[C@:19]([O:20])([C:28])[H:57])[C@]([H])(O[H])[C@@]1([H])O[H],EVODEX-P13437
EVODEX-N4980,[H]O[C@@]1([H])C([H])([H])[C@]([H])(N2:C([H]):C([H]):C(=O):N([H]):C:2=O)O[C@]1([H])C([H])([H])OP(=O)(O[H])OP(=O)(O[H])O[C:21]([O:22])([C:30])[H:60].[H][O:47][C:46]>>[C@:21]([O:22])([C:30])([O:47][C:46])[H:60],EVODEX-P13441
EVODEX-N4981,[H]O[C@@]1([H])C([H])([H])[C@]([H])(N2:C([H]):C([H]):C(=O):N([H]):C:2=O)O[C@]1([H])C([H])([H])OP(=O)(O[H])OP(=O)(O[H])O[C:21]([O:22])([C:30])[H:60]>>[H]OC1([H])O[C@]([H])(C([H])([H])O[H])[C@@]([H])(O[C@:21]([O:22])([C:30])[H:60])[C@]([H])(O[H])[C@@]1([H])O[H],EVODEX-P13442
EVODEX-N4982,[H]O[C@@]1([H])[C@@]([H])(O[H])[C@]([H])(N2:C([H]):C([H]):C(=O):N([H]):C:2=O)O[C@]1([H])C([H])([H])OP(=O)(O[H])OP(=O)(O[H])O[C@@:43]([O:44])([C:52])[H:108]>>[H]O[C@@]([H])(/C([H])=C(\[H])C([H])([H])C([H])([H])C([H])([H])C([H])([H])C([H])([H])C([H])([H])C([H])([H])C([H])([H])C([H])([H])C([H])([H])C([H])([H])C([H])([H])C([H])([H])[H])[C@@]([H])(N([H])C(=O)C([H])([H])[H])C([H])([H])O[C@:43]([O:44])([C:52])[H:108],EVODEX-P13446
EVODEX-N4983,>>[H]O[C@@]([H])(/C([H])=C(\[H])C([H])([H])C([H])([H])C([H])([H])C([H])([H])C([H])([H])C([H])([H])C([H])([H])C([H])([H])C([H])([H])C([H])([H])C([H])([H])C([H])([H])C([H])([H])[H])[C@@]([H])(N([H])C(=O)C([H])([H])[H])C([H])([H])O.[H],EVODEX-P13448
EVODEX-N4984,[H]O[C@@]1([H])[C@@]([H])(O[H])[C@]([H])(N2:C([H]):C([H]):C(=O):N([H]):C:2=O)O[C@]1([H])C([H])([H])OP(=O)(O[H])OP(=O)(O[H])O[C@@:40]([O:41])([C:49])[H:103]>>[H]O[C@@]([H])(/C([H])=C(\[H])C([H])([H])C([H])([H])C([H])([H])C([H])([H])C([H])([H])C([H])([H])C([H])([H])C([H])([H])C([H])([H])C([H])([H])C([H])([H])C([H])([H])C([H])([H])[H])[C@]([H])(N([H])[H])C([H])([H])O[C@:40]([O:41])([C:49])[H:103],EVODEX-P13451
EVODEX-N4985,[H][O:1][H:25].[O:5][C@@:6]([O:7])([C:19])[H:31]>>[O:1]([C:6]([O:5])([C:19])[H:31])[H:25].[H][O:7],"EVODEX-P13454,EVODEX-P15275,EVODEX-P22379,EVODEX-P22446,EVODEX-P22627,EVODEX-P22659,EVODEX-P22665,EVODEX-P22670,EVODEX-P22674,EVODEX-P22829,EVODEX-P23072,EVODEX-P23076,EVODEX-P23088,EVODEX-P23101,EVODEX-P23111,EVODEX-P23116,EVODEX-P23128,EVODEX-P23135,EVODEX-P23149,EVODEX-P23152,EVODEX-P23157,EVODEX-P23163,EVODEX-P23180,EVODEX-P23181,EVODEX-P23191,EVODEX-P23196,EVODEX-P23200,EVODEX-P23214,EVODEX-P23217,EVODEX-P23227,EVODEX-P23235,EVODEX-P23242,EVODEX-P23243,EVODEX-P23258,EVODEX-P23294,EVODEX-P23299,EVODEX-P23304,EVODEX-P23308,EVODEX-P23318,EVODEX-P23323,EVODEX-P23335,EVODEX-P23340,EVODEX-P23350,EVODEX-P23356,EVODEX-P23367,EVODEX-P23372,EVODEX-P23377,EVODEX-P23382,EVODEX-P23388,EVODEX-P23399,EVODEX-P23404,EVODEX-P23413,EVODEX-P23419,EVODEX-P23423,EVODEX-P23433,EVODEX-P23452,EVODEX-P23477,EVODEX-P23485,EVODEX-P23510,EVODEX-P23514,EVODEX-P23519,EVODEX-P23535,EVODEX-P23542,EVODEX-P23548,EVODEX-P23562,EVODEX-P23568,EVODEX-P23574,EVODEX-P23596,EVODEX-P23602,EVODEX-P23664,EVODEX-P23670,EVODEX-P23681,EVODEX-P23781,EVODEX-P23787,EVODEX-P23792,EVODEX-P23798,EVODEX-P23804,EVODEX-P23810,EVODEX-P23820,EVODEX-P23825,EVODEX-P23830,EVODEX-P23845,EVODEX-P23889,EVODEX-P23923,EVODEX-P23946,EVODEX-P23957,EVODEX-P23962,EVODEX-P23964,EVODEX-P23987,EVODEX-P24023,EVODEX-P24024,EVODEX-P24030,EVODEX-P24036,EVODEX-P24042,EVODEX-P24123,EVODEX-P24127,EVODEX-P24138,EVODEX-P24144,EVODEX-P24165,EVODEX-P24170,EVODEX-P24176"
EVODEX-N4986,[H]OC([H])([H])[C@@]1([H])O[C@]([H])([O:21][C:22])[C@]([H])(O[H])[C@@]([H])(O[H])[C@]1([H])O[C@@]1([H])O[C@]([H])(C([H])([H])O[H])[C@@]([H])(O[C@@]2([H])O[C@]([H])(C([H])([H])O[H])[C@@]([H])(O[H])[C@]([H])(O[H])[C@@]2([H])O[H])[C@]([H])(O[H])[C@@]1([H])O[H]>>[H][O:21][C:22],"EVODEX-P13455,EVODEX-P23073,EVODEX-P23389"
EVODEX-N4987,[H][O:1][H:141].[H]OC([H])([H])[C@@]1([H])O[C@]([H])(N([H])C2:N:C([H]):C([H]):C([H]):C:2[H])[C@]([H])(O[H])[C@@]([H])(O[H])[C@]1([H])O[C@@]1([H])O[C@]([H])(C([H])([H])O[H])[C@@]([H])(O[C@@]2([H])O[C@]([H])(C([H])([H])O[H])[C@@]([H])(O[C@@]3([H])O[C@]([H])(C([H])([H])O[H])[C@@]([H])(O[C@@]4([H])O[C@]([H])(C([H])([H])O[C@@]5([H])O[C@]([H])(C([H])([H])O[H])[C@@]([H])(O[C@:20]([C:18])([O:127])[H:159])[C@]([H])(O[H])[C@@]5([H])O[H])[C@@]([H])(O[C@@]5([H])O[C@]([H])(C([H])([H])O[H])[C@@]([H])(O[C@@]6([H])O[C@]([H])(C([H])([H])O[H])[C@@]([H])(O[C@@]7([H])O[C@]([H])(C([H])([H])O[H])[C@@]([H])(O[H])[C@]([H])(O[H])[C@@]7([H])O[H])[C@]([H])(O[H])[C@@]6([H])O[H])[C@]([H])(O[H])[C@@]5([H])O[H])[C@]([H])(O[H])[C@@]4([H])O[H])[C@]([H])(O[H])[C@@]3([H])O[H])[C@]([H])(O[H])[C@@]2([H])O[H])[C@]([H])(O[H])[C@@]1([H])O[H]>>[O:1]([C@@:20]([C:18])([O:127])[H:159])[H:141],EVODEX-P13456
EVODEX-N4988,[H]OC([H])([H])[C@@]1([H])O[C@]([H])(N([H])C2:N:C([H]):C([H]):C([H]):C:2[H])[C@]([H])(O[H])[C@@]([H])(O[H])[C@]1([H])O[C@@]1([H])O[C@]([H])(C([H])([H])O[H])[C@@]([H])(O[C@@]2([H])O[C@]([H])(C([H])([H])O[H])[C@@]([H])(O[C@@]3([H])O[C@]([H])(C([H])([H])O[H])[C@@]([H])(O[C@@]4([H])O[C@]([H])(C([H])([H])O[C@@]5([H])O[C@]([H])(C([H])([H])O[H])[C@@]([H])(O[C@:20]([C:18])([O:127])[H:159])[C@]([H])(O[H])[C@@]5([H])O[H])[C@@]([H])(O[C@@]5([H])O[C@]([H])(C([H])([H])O[H])[C@@]([H])(O[C@@]6([H])O[C@]([H])(C([H])([H])O[H])[C@@]([H])(O[C@@]7([H])O[C@]([H])(C([H])([H])O[H])[C@@]([H])(O[H])[C@]([H])(O[H])[C@@]7([H])O[H])[C@]([H])(O[H])[C@@]6([H])O[H])[C@]([H])(O[H])[C@@]5([H])O[H])[C@]([H])(O[H])[C@@]4([H])O[H])[C@]([H])(O[H])[C@@]3([H])O[H])[C@]([H])(O[H])[C@@]2([H])O[H])[C@]([H])(O[H])[C@@]1([H])O[H]>>[H]O[C@@:20]([C:18])([O:127])[H:159],EVODEX-P13457
EVODEX-N4989,[H][O:1][H:141]>>[H]OC([H])([H])[C@@]1([H])O[C@@]([H])([O:1][H:141])[C@]([H])(O[H])[C@@]([H])(O[H])[C@]1([H])O[C@@]1([H])O[C@]([H])(C([H])([H])O[H])[C@@]([H])(O[C@@]2([H])O[C@]([H])(C([H])([H])O[H])[C@@]([H])(O[H])[C@]([H])(O[H])[C@@]2([H])O[H])[C@]([H])(O[H])[C@@]1([H])O[H],EVODEX-P13458
EVODEX-N4990,[H][O:6][C:5].[O:48][C@@:49]([C:50])([C:52])[H:113]>>[C:5][O:6][C@@:49]([C:50])([C:52])[H:113].[H][O:48],EVODEX-P13460
EVODEX-N4991,[H][N:6](:[C:4]):[C:7].[O:28][C@@:29]([O:30])([C:38])[H:62]>>[C:4]:[N:6](:[C:7])[C@:29]([O:30])([C:38])[H:62].[H][O:28],"EVODEX-P13461,EVODEX-P13943,EVODEX-P13948,EVODEX-P14403,EVODEX-P15378,EVODEX-P15396,EVODEX-P15406,EVODEX-P15412,EVODEX-P15429,EVODEX-P15441,EVODEX-P15451,EVODEX-P15461,EVODEX-P15471,EVODEX-P15536,EVODEX-P15553,EVODEX-P24221,EVODEX-P31278,EVODEX-P31283"
EVODEX-N4992,[H][N:6](:[C:4]):[C:7].[H]O[C@@]1([H])[C@@]([H])(O[H])[C@]([H])(N2:C([H]):C([H]):C(=O):N([H]):C:2=O)O[C@]1([H])C([H])([H])OP(=O)(O[H])OP(=O)(O[H])O[C@@:29]([O:30])([C:38])[H:62]>>[C:4]:[N:6](:[C:7])[C@:29]([O:30])([C:38])[H:62],"EVODEX-P13462,EVODEX-P13944,EVODEX-P13949,EVODEX-P14405"
EVODEX-N4993,[H]O[C@@]1([H])[C@@]([H])(O[H])[C@]([H])(N2:C([H]):C([H]):C(=O):N([H]):C:2=O)O[C@]1([H])C([H])([H])OP(=O)(O[H])OP(=O)(O[H])O[C@@:29]([O:30])([C:38])[H:62]>>[H]OC([H])([H])C1:C(N([H])[H]):N:C(=O):N([C@:29]([O:30])([C:38])[H:62]):C:1[H],EVODEX-P13463
EVODEX-N4994,[H][N:6](:[C:4]):[C:7]>>[H]OC([H])([H])[C@@]1([H])O[C@@]([H])([N:6](:[C:4]):[C:7])[C@]([H])(O[H])[C@@]([H])(O[H])[C@]1([H])O[H],"EVODEX-P13464,EVODEX-P13945,EVODEX-P13951,EVODEX-P14407,EVODEX-P31281,EVODEX-P31285"
EVODEX-N4995,[H]OP(=O)(O[H])O[C@@:6]([O:7])([C:15])[H:42]>>[H]OC1([H])O[C@]([H])(C([H])([H])O[H])[C@@]([H])(O[H])[C@]([H])(O[C@]2([H])O[C@]([H])(C([H])([H])O[H])[C@@]([H])(O[H])[C@]([H])(O[C@:6]([O:7])([C:15])[H:42])[C@@]2([H])O[H])[C@@]1([H])O[H],EVODEX-P13469
EVODEX-N4996,>>[H]OC1([H])O[C@]([H])(C([H])([H])O[H])[C@@]([H])(O[H])[C@]([H])(O[C@]2([H])O[C@]([H])(C([H])([H])O[H])[C@@]([H])(O[H])[C@]([H])(O)[C@@]2([H])O[H])[C@@]1([H])O[H].[H],"EVODEX-P13470,EVODEX-P15655"
EVODEX-N4997,[H][O:3][P:2].[H]OC1([H])O[C@]([H])(C([H])([H])O[H])[C@@]([H])(O[H])[C@]([H])(O[C@]2([H])O[C@]([H])(C([H])([H])O[H])[C@@]([H])(O[H])[C@]([H])(O[C@:10]([O:9])([C:34])[H:47])[C@@]2([H])O[H])[C@@]1([H])O[H]>>[P:2][O:3][C@@:10]([O:9])([C:34])[H:47],EVODEX-P13473
EVODEX-N4998,[H]OC1([H])O[C@]([H])(C([H])([H])O[H])[C@@]([H])(O[H])[C@]([H])(O[C@]2([H])O[C@]([H])(C([H])([H])O[H])[C@@]([H])(O[H])[C@]([H])(O[C@:10]([O:9])([C:34])[H:47])[C@@]2([H])O[H])[C@@]1([H])O[H]>>[H]OP(=O)(O[H])O[C@@:10]([O:9])([C:34])[H:47],EVODEX-P13474
EVODEX-N4999,[H]OP(=O)(O[H])O[C@@:6]([O:7])([C:15])[H:31]>>[H]OC1([H])O[C@]([H])(C([H])([H])O[H])[C@@]([H])(O[H])[C@]([H])(O[C@:6]([O:7])([C:15])[H:31])[C@@]1([H])O[H],EVODEX-P13479
EVODEX-N5000,[H]O[C@@]1([H])[C@@]([H])(O[H])[C@]([H])(N2:C([H]):N:C3:C(=O):N([H]):C(N([H])[H]):N:C:3:2)O[C@]1([H])C([H])([H])OP(=O)(O[H])OP(=O)(O[H])O[C@@:22]([O:23])([C:31])[H:105].[H][O:95][C:94]>>[C@:22]([O:23])([C:31])([O:95][C:94])[H:105],"EVODEX-P13483,EVODEX-P13488,EVODEX-P13508,EVODEX-P13581,EVODEX-P13647,EVODEX-P13652,EVODEX-P13679,EVODEX-P13684,EVODEX-P13689,EVODEX-P14012,EVODEX-P14077,EVODEX-P14152,EVODEX-P14157,EVODEX-P14503,EVODEX-P14508,EVODEX-P14527,EVODEX-P14594,EVODEX-P14599,EVODEX-P14687,EVODEX-P14716,EVODEX-P14721,EVODEX-P14780,EVODEX-P14971,EVODEX-P15183,EVODEX-P15193,EVODEX-P15198,EVODEX-P15203,EVODEX-P15227,EVODEX-P15266,EVODEX-P15271,EVODEX-P15348"
EVODEX-N5001,[H]O[C@@]1([H])[C@@]([H])(O[H])[C@]([H])(N2:C([H]):N:C3:C(=O):N([H]):C(N([H])[H]):N:C:3:2)O[C@]1([H])C([H])([H])OP(=O)(O[H])OP(=O)(O[H])O[C@@:22]([O:23])([C:31])[H:105]>>[H]OC([H])([H])[C@@]1([H])O[C@@]([H])(O[C@@]2([H])[C@]([H])(O[H])[C@]([H])(O[H])[C@]([H])(O[H])O[C@]2([H])C([H])([H])O[H])[C@@]([H])(O[H])[C@@]([H])(O[H])[C@]1([H])O[C@]1([H])O[C@]([H])(C([H])([H])O[H])[C@@]([H])(O[C@]2([H])O[C@]([H])(C([H])([H])O[H])[C@@]([H])(O[C@]3([H])O[C@]([H])(C([H])([H])O[H])[C@@]([H])(O[C@:22]([O:23])([C:31])[H:105])[C@]([H])(O[H])[C@]3([H])O[H])[C@]([H])(O[H])[C@@]2([H])O[H])[C@]([H])(O[H])[C@@]1([H])O[H],EVODEX-P13484
EVODEX-N5002,[H]N=C1:N([H]):C(=O):C2:N:C([H]):N([C@]3([H])O[C@]([H])(C([H])([H])OP(=O)(O[H])OP(=O)(O[H])O[C@@:23]([O:24])([C:33])[H:135])[C@@]([H])(O[H])[C@@]3([H])O[H]):C:2:N:1[H]>>[H]OC(=O)[C@]1([H])O[C@@]([H])(O[C@@]2([H])[C@]([H])(O[H])[C@]([H])(O[H])[C@]([H])(O[C@@]3([H])[C@]([H])(O[H])[C@]([H])(O[H])[C@]([H])(O[H])O[C@]3([H])C(=O)O[H])O[C@]2([H])C(=O)O[H])[C@@]([H])(O[H])[C@@]([H])(O[H])[C@]1([H])O[C@]1([H])O[C@@]([H])(C(=O)O[H])[C@@]([H])(O[C@]2([H])O[C@]([H])(C(=O)O[H])[C@@]([H])(O[C@]3([H])O[C@]([H])(C(=O)O[H])[C@@]([H])(O[C@]4([H])O[C@]([H])(C(=O)O[H])[C@@]([H])(O[C@:23]([O:24])([C:33])[H:135])[C@]([H])(O[H])[C@]4([H])O[H])[C@]([H])(O[H])[C@]3([H])O[H])[C@]([H])(O[H])[C@]2([H])O[H])[C@]([H])(O[H])[C@]1([H])O[H],EVODEX-P13490
EVODEX-N5003,>>[H]OC(=O)[C@]1([H])O[C@@]([H])(O[C@@]2([H])[C@]([H])(O[H])[C@]([H])(O[H])[C@]([H])(O[C@@]3([H])[C@]([H])(O[H])[C@]([H])(O[H])[C@]([H])(O[H])O[C@]3([H])C(=O)O[H])O[C@]2([H])C(=O)O[H])[C@@]([H])(O[H])[C@@]([H])(O[H])[C@]1([H])O[C@]1([H])O[C@@]([H])(C(=O)O[H])[C@@]([H])(O[C@]2([H])O[C@]([H])(C(=O)O[H])[C@@]([H])(O[C@]3([H])O[C@]([H])(C(=O)O[H])[C@@]([H])(O[C@]4([H])O[C@]([H])(C(=O)O[H])[C@@]([H])(O)[C@]([H])(O[H])[C@]4([H])O[H])[C@]([H])(O[H])[C@]3([H])O[H])[C@]([H])(O[H])[C@]2([H])O[H])[C@]([H])(O[H])[C@]1([H])O[H].[H],"EVODEX-P13491,EVODEX-P13496"
EVODEX-N5004,[H]OP(=O)(O[H])O[C@@:91]([O:90])([C:97])[H:163]>>[H]OC(=O)[C@]1([H])O[C@@]([H])(O[C@@]2([H])[C@]([H])(O[H])[C@]([H])(O[H])[C@]([H])(O[C@@]3([H])[C@]([H])(O[H])[C@]([H])(O[H])[C@]([H])(O[H])O[C@]3([H])C(=O)O[H])O[C@]2([H])C(=O)O[H])[C@@]([H])(O[H])[C@@]([H])(O[H])[C@]1([H])O[C@]1([H])O[C@@]([H])(C(=O)O[H])[C@@]([H])(O[C@]2([H])O[C@]([H])(C(=O)O[H])[C@@]([H])(O[C@]3([H])O[C@]([H])(C(=O)O[H])[C@@]([H])(O[C@]4([H])O[C@]([H])(C(=O)O[H])[C@@]([H])(O[C@:91]([O:90])([C:97])[H:163])[C@]([H])(O[H])[C@]4([H])O[H])[C@]([H])(O[H])[C@]3([H])O[H])[C@]([H])(O[H])[C@]2([H])O[H])[C@]([H])(O[H])[C@]1([H])O[H],EVODEX-P13495
EVODEX-N5005,[H]O[C@@]1([H])[C@@]([H])(O[H])[C@]([H])(N2:C([H]):C([H]):C(=O):N([H]):C:2=O)O[C@]1([H])C([H])([H])OP(=O)(O[H])OP(=O)(O[H])O[C@@:24]([O:25])([C:33])[H:60]>>[H]C([H])([H])C([H])([H])C([H])([H])C([H])([H])O[C@:24]([O:25])([C:33])[H:60],EVODEX-P13499
EVODEX-N5006,>>[H]C([H])([H])C([H])([H])C([H])([H])C([H])([H])O.[H],EVODEX-P13501
EVODEX-N5007,[H]O[C@@]1([H])[C@@]([H])(O[H])[C@]([H])(N2:C([H]):C([H]):C(=O):N([H]):C:2=O)O[C@]1([H])C([H])([H])OP(=O)(O[H])OP(=O)(O[H])O[C@@:19]([O:20])([C:28])[H:52]>>[H]C1:C([H]):C([H]):C(O[C@:19]([O:20])([C:28])[H:52]):C([H]):C:1[H],EVODEX-P13505
EVODEX-N5008,>>[H]C1:C([H]):C([H]):C(O):C([H]):C:1[H].[H],"EVODEX-P13506,EVODEX-P15728,EVODEX-P20656,EVODEX-P30326"
EVODEX-N5009,[H]O[C@@]1([H])[C@@]([H])(O[H])[C@]([H])(N2:C([H]):N:C3:C(=O):N([H]):C(N([H])[H]):N:C:3:2)O[C@]1([H])C([H])([H])OP(=O)(O[H])OP(=O)(O[H])O[C@@:22]([O:23])([C:31])[H:65]>>[H]O[C@]1([H])[C@@]([H])(O[H])[C@@]([H])(O[C@@:22]([O:23])([C:31])[H:65])O[C@]([H])(C([H])([H])OP(=O)(O[H])O[H])[C@@]1([H])O[H],EVODEX-P13509
EVODEX-N5010,[H]O[C@@]1([H])[C@@]([H])(O[H])[C@]([H])(N2:C([H]):C([H]):C(=O):N([H]):C:2=O)O[C@]1([H])C([H])([H])OP(=O)(O[H])OP(=O)(O[H])O[C@@:41]([O:42])([C:50])[H:89]>>[H]OC([H])([H])C1([H])OC([H])(O[H])[C@]([H])(OC2([H])OC([H])(C([H])([H])[H])C([H])(O[H])C([H])(O[H])C2([H])O[H])[C@@]([H])(O[C@@:41]([O:42])([C:50])[H:89])[C@@]1([H])O[H],EVODEX-P13513
EVODEX-N5011,>>[H]OC([H])([H])C1([H])OC([H])(O[H])[C@]([H])(OC2([H])OC([H])(C([H])([H])[H])C([H])(O[H])C([H])(O[H])C2([H])O[H])[C@@]([H])(O)[C@@]1([H])O[H].[H],EVODEX-P13515
EVODEX-N5012,[H]O[C@@]1([H])[C@@]([H])(O[H])[C@]([H])(N2:C([H]):C([H]):C(=O):N([H]):C:2=O)O[C@]1([H])C([H])([H])OP(=O)(O[H])OP(=O)(O[H])O[C@@:49]([O:50])([C:58])[H:113]>>[H]OC([H])([H])[C@@]1([H])O[C@]([H])(OC([H])([H])C([H])([H])C([H])([H])C([H])([H])C([H])([H])C([H])([H])C([H])([H])C([H])([H])[H])[C@]([H])(O[C@@]2([H])O[C@@]([H])(C([H])([H])[H])[C@@]([H])(O[H])[C@@]([H])(O[H])[C@]2([H])O[H])[C@@]([H])(O[C@@:49]([O:50])([C:58])[H:113])[C@@]1([H])O[H],EVODEX-P13518
EVODEX-N5013,>>[H]OC([H])([H])[C@@]1([H])O[C@]([H])(OC([H])([H])C([H])([H])C([H])([H])C([H])([H])C([H])([H])C([H])([H])C([H])([H])C([H])([H])[H])[C@]([H])(O[C@@]2([H])O[C@@]([H])(C([H])([H])[H])[C@@]([H])(O[H])[C@@]([H])(O[H])[C@]2([H])O[H])[C@@]([H])(O)[C@@]1([H])O[H].[H],EVODEX-P13520
EVODEX-N5014,[H][S:22][C:21].[O:42][C@@:43]([O:44])([C:52])[H:87]>>[C:21][S:22][C@:43]([O:44])([C:52])[H:87].[H][O:42],"EVODEX-P13521,EVODEX-P14393,EVODEX-P14398"
EVODEX-N5015,[H][S:22][C:21].[H]O[C@@]1([H])[C@@]([H])(O[H])[C@]([H])(N2:C([H]):C([H]):C(=O):N([H]):C:2=O)O[C@]1([H])C([H])([H])OP(=O)(O[H])OP(=O)(O[H])O[C@@:43]([O:44])([C:52])[H:87]>>[C:21][S:22][C@:43]([O:44])([C:52])[H:87],"EVODEX-P13522,EVODEX-P14394,EVODEX-P14399"
EVODEX-N5016,[H][S:22][C:21]>>[H]OC([H])([H])[C@@]1([H])O[C@@]([H])([S:22][C:21])[C@]([H])(O[H])[C@@]([H])(O[H])[C@@]1([H])O[H],"EVODEX-P13524,EVODEX-P14395,EVODEX-P14400"
EVODEX-N5017,[H]O[C@@]1([H])[C@@]([H])(O[H])[C@]([H])(N2:C([H]):C([H]):C(=O):N([H]):C:2=O)O[C@]1([H])C([H])([H])OP(=O)(O[H])OP(=O)(O[H])O[C@@:19]([O:20])([C:28])[H:68]>>[H]OC([H])([H])[C@@]1([H])O[C@@]([H])(O[H])[C@]([H])(O[H])[C@@]([H])(O[H])[C@]1([H])O[C@]1([H])O[C@]([H])(C([H])([H])O[H])[C@]([H])(O[C@:19]([O:20])([C:28])[H:68])[C@]([H])(O[H])[C@@]1([H])O[H],"EVODEX-P13528,EVODEX-P13608"
EVODEX-N5018,[H]O[C@@]1([H])[C@@]([H])(O[H])[C@]([H])(N2:C([H]):C([H]):C(=O):N([H]):C:2=O)O[C@]1([H])C([H])([H])OP(=O)(O[H])OP(=O)(O[H])O[C@:6]([C:5])([O:32])[H:77]>>[H]OC(=O)[C@@]1([H])O[C@@]([H])(OC2:C([H]):C([H]):C3:C(:C:2[H])C([H])([H])C([H])([H])[C@@]2([H])[C@]4([H])C([H])([H])C([H])([H])[C@@]([H])(O[C@:6]([C:5])([O:32])[H:77])[C@@]4(C([H])([H])[H])C([H])([H])C([H])([H])[C@]32[H])[C@]([H])(O[H])[C@@]([H])(O[H])[C@]1([H])O[H],EVODEX-P13533
EVODEX-N5019,>>[H]OC(=O)[C@@]1([H])O[C@@]([H])(OC2:C([H]):C([H]):C3:C(:C:2[H])C([H])([H])C([H])([H])[C@@]2([H])[C@]4([H])C([H])([H])C([H])([H])[C@@]([H])(O)[C@@]4(C([H])([H])[H])C([H])([H])C([H])([H])[C@]32[H])[C@]([H])(O[H])[C@@]([H])(O[H])[C@]1([H])O[H].[H],EVODEX-P13534
EVODEX-N5020,[H]O[C@@]1([H])[C@@]([H])(O[H])[C@]([H])(N2:C([H]):C([H]):C(=O):N([H]):C:2=O)O[C@]1([H])C([H])([H])OP(=O)(O[H])OP(=O)(O[H])O[C@:6]([C:5])([O:32])[H:78]>>[H]OC(=O)[C@@]1([H])O[C@]([H])(OC2:C([H]):C([H]):C3:C(:C:2[H])C([H])([H])C([H])([H])[C@@]2([H])[C@]4([H])C([H])([H])[C@]([H])(O[C@:6]([C:5])([O:32])[H:78])[C@]([H])(O[H])[C@@]4(C([H])([H])[H])C([H])([H])C([H])([H])[C@]32[H])[C@]([H])(O[H])[C@@]([H])(O[H])[C@]1([H])O[H],EVODEX-P13538
EVODEX-N5021,>>[H]OC(=O)[C@@]1([H])O[C@]([H])(OC2:C([H]):C([H]):C3:C(:C:2[H])C([H])([H])C([H])([H])[C@@]2([H])[C@]4([H])C([H])([H])[C@]([H])(O)[C@]([H])(O[H])[C@@]4(C([H])([H])[H])C([H])([H])C([H])([H])[C@]32[H])[C@]([H])(O[H])[C@@]([H])(O[H])[C@]1([H])O[H].[H],EVODEX-P13539
EVODEX-N5022,[H]O[C@@]1([H])[C@@]([H])(O[H])[C@]([H])(N2:C([H]):C([H]):C(=O):N([H]):C:2=O)O[C@]1([H])C([H])([H])OP(=O)(O[H])OP(=O)(O[H])O[C@:6]([C:5])([O:32])[H:76]>>[H]OC1([H])C([H])(OC([H])([H])[H])[C@]([H])(O[H])[C@@]([H])(OC2([H])[C@]([H])(OC([H])([H])C([H])([H])C([H])([H])C([H])([H])C([H])([H])C([H])([H])C([H])([H])C([H])([H])[H])O[C@]([H])(C([H])([H])O[H])[C@]([H])(O[H])[C@]2([H])O[C@@:6]([C:5])([O:32])[H:76])O[C@@]1([H])C([H])([H])[H],EVODEX-P13543
EVODEX-N5023,>>[H]OC1([H])C([H])(OC([H])([H])[H])[C@]([H])(O[H])[C@@]([H])(OC2([H])[C@]([H])(OC([H])([H])C([H])([H])C([H])([H])C([H])([H])C([H])([H])C([H])([H])C([H])([H])C([H])([H])[H])O[C@]([H])(C([H])([H])O[H])[C@]([H])(O[H])[C@]2([H])O)O[C@@]1([H])C([H])([H])[H].[H],EVODEX-P13544
EVODEX-N5024,[H]O[C@@]1([H])[C@@]([H])(O[H])[C@]([H])(N2:C([H]):C([H]):C(=O):N([H]):C:2=O)O[C@]1([H])C([H])([H])OP(=O)(O[H])OP(=O)(O[H])O[C@:6]([C:5])([O:32])[H:76]>>[H]OC1([H])C([H])(OC([H])([H])[H])[C@]([H])(C([H])([H])[H])O[C@]([H])(OC2([H])[C@]([H])(OC([H])([H])C([H])([H])C([H])([H])C([H])([H])C([H])([H])C([H])([H])C([H])([H])C([H])([H])[H])O[C@]([H])(C([H])([H])O[H])[C@]([H])(O[H])[C@]2([H])O[C@@:6]([C:5])([O:32])[H:76])[C@@]1([H])O[H],EVODEX-P13548
EVODEX-N5025,>>[H]OC1([H])C([H])(OC([H])([H])[H])[C@]([H])(C([H])([H])[H])O[C@]([H])(OC2([H])[C@]([H])(OC([H])([H])C([H])([H])C([H])([H])C([H])([H])C([H])([H])C([H])([H])C([H])([H])C([H])([H])[H])O[C@]([H])(C([H])([H])O[H])[C@]([H])(O[H])[C@]2([H])O)[C@@]1([H])O[H].[H],EVODEX-P13549
EVODEX-N5026,[H]O[C@@]1([H])[C@@]([H])(O[H])[C@]([H])(N2:C([H]):C([H]):C(=O):N([H]):C:2=O)O[C@]1([H])C([H])([H])OP(=O)(O[H])OP(=O)(O[H])O[C@:6]([C:5])([O:32])[H:137]>>[H]OC(=O)C([H])([H])[C@@]([H])(C(=O)N([H])[C@]([H])(C(=O)N([H])[C@]([H])(C(=O)N([H])[C@]([H])(C(=O)N1C([H])([H])C([H])([H])C([H])([H])[C@@]1([H])C(=O)N([H])[C@]([H])(C(=O)N1C([H])([H])C([H])([H])C([H])([H])[C@@]1([H])C(=O)N([H])[C@]([H])(C(=O)N([H])[C@]([H])(C(=O)N([H])[C@]([H])(C(=O)O[H])C([H])([H])C([H])([H])C([H])([H])C([H])([H])N([H])[H])[C@]([H])(O[H])C([H])([H])[H])[C@]([H])(O[H])C([H])([H])[H])C([H])([H])[H])[C@]([H])(O[C@@:6]([C:5])([O:32])[H:137])C([H])([H])[H])[C@]([H])(O[H])C([H])([H])[H])C([H])([H])O[H])N([H])C(=O)[C@@]([H])(N([H])C(=O)[C@@]([H])(N([H])C(=O)[C@@]1([H])N([H])C([H])([H])C([H])([H])C1([H])[H])[C@]([H])(O[H])C([H])([H])[H])[C@]([H])(O[H])C([H])([H])[H],EVODEX-P13553
EVODEX-N5027,>>[H]OC(=O)C([H])([H])[C@@]([H])(C(=O)N([H])[C@]([H])(C(=O)N([H])[C@]([H])(C(=O)N([H])[C@]([H])(C(=O)N1C([H])([H])C([H])([H])C([H])([H])[C@@]1([H])C(=O)N([H])[C@]([H])(C(=O)N1C([H])([H])C([H])([H])C([H])([H])[C@@]1([H])C(=O)N([H])[C@]([H])(C(=O)N([H])[C@]([H])(C(=O)N([H])[C@]([H])(C(=O)O[H])C([H])([H])C([H])([H])C([H])([H])C([H])([H])N([H])[H])[C@]([H])(O[H])C([H])([H])[H])[C@]([H])(O[H])C([H])([H])[H])C([H])([H])[H])[C@]([H])(O)C([H])([H])[H])[C@]([H])(O[H])C([H])([H])[H])C([H])([H])O[H])N([H])C(=O)[C@@]([H])(N([H])C(=O)[C@@]([H])(N([H])C(=O)[C@@]1([H])N([H])C([H])([H])C([H])([H])C1([H])[H])[C@]([H])(O[H])C([H])([H])[H])[C@]([H])(O[H])C([H])([H])[H].[H],EVODEX-P13554
EVODEX-N5028,[H]O[C@@]1([H])[C@@]([H])(O[H])[C@]([H])(N2:C([H]):C([H]):C(=O):N([H]):C:2=O)O[C@]1([H])C([H])([H])OP(=O)(O[H])OP(=O)(O[H])O[C@:6]([C:5])([O:32])[H:151]>>[H]N=C(N([H])[H])N([H])C([H])([H])C([H])([H])C([H])([H])[C@@]([H])(C(=O)N1C([H])([H])C([H])([H])C([H])([H])[C@@]1([H])C(=O)N([H])[C@]([H])(C(=O)N1C([H])([H])C([H])([H])C([H])([H])[C@@]1([H])C(=O)N([H])C([H])([H])C(=O)O[H])C([H])([H])[H])N([H])C(=O)C([H])([H])N([H])C(=O)[C@@]([H])(N([H])C(=O)[C@@]([H])(N([H])C(=O)[C@@]1([H])N(C(=O)C([H])([H])N([H])C(=O)[C@@]2([H])N(C(=O)[C@@]([H])(N([H])C(=O)[C@@]([H])(N([H])C(=O)[C@@]3([H])N(C(=O)[C@@]4([H])N(C(=O)[C@@]([H])(N([H])[H])C([H])([H])[H])C([H])([H])C([H])([H])C4([H])[H])C([H])([H])C([H])([H])C3([H])[H])C([H])([H])[H])C([H])([H])C3:C([H]):N:C([H]):N:3[H])C([H])([H])C([H])([H])C2([H])[H])C([H])([H])C([H])([H])C1([H])[H])[C@]([H])(O[C@@:6]([C:5])([O:32])[H:151])C([H])([H])[H])[C@@]([H])(C([H])([H])[H])C([H])([H])C([H])([H])[H],EVODEX-P13558
EVODEX-N5029,>>[H]N=C(N([H])[H])N([H])C([H])([H])C([H])([H])C([H])([H])[C@@]([H])(C(=O)N1C([H])([H])C([H])([H])C([H])([H])[C@@]1([H])C(=O)N([H])[C@]([H])(C(=O)N1C([H])([H])C([H])([H])C([H])([H])[C@@]1([H])C(=O)N([H])C([H])([H])C(=O)O[H])C([H])([H])[H])N([H])C(=O)C([H])([H])N([H])C(=O)[C@@]([H])(N([H])C(=O)[C@@]([H])(N([H])C(=O)[C@@]1([H])N(C(=O)C([H])([H])N([H])C(=O)[C@@]2([H])N(C(=O)[C@@]([H])(N([H])C(=O)[C@@]([H])(N([H])C(=O)[C@@]3([H])N(C(=O)[C@@]4([H])N(C(=O)[C@@]([H])(N([H])[H])C([H])([H])[H])C([H])([H])C([H])([H])C4([H])[H])C([H])([H])C([H])([H])C3([H])[H])C([H])([H])[H])C([H])([H])C3:C([H]):N:C([H]):N:3[H])C([H])([H])C([H])([H])C2([H])[H])C([H])([H])C([H])([H])C1([H])[H])[C@]([H])(O)C([H])([H])[H])[C@@]([H])(C([H])([H])[H])C([H])([H])C([H])([H])[H].[H],EVODEX-P13559
EVODEX-N5030,[H]O[C@@]1([H])[C@@]([H])(O[H])[C@]([H])(N2:C([H]):C([H]):C(=O):N([H]):C:2=O)O[C@]1([H])C([H])([H])OP(=O)(O[H])OP(=O)(O[H])O[C@@:6]([O:5])([C:32])[H:77]>>[H]OC(=O)[C@@]1([H])O[C@]([H])(O[C@]2([H])[C@]([H])(O[H])[C@@]([H])(O[H])[C@@]([H])(O[C@]3([H])[C@]([H])(O[H])[C@@]([H])(O[H])C([H])(O[C@@:6]([O:5])([C:32])[H:77])O[C@]3([H])C(=O)O[H])O[C@]2([H])C(=O)O[H])[C@]([H])(O[H])[C@@]([H])(O[H])[C@@]1([H])O[H],EVODEX-P13563
EVODEX-N5031,>>[H]OC(=O)[C@@]1([H])O[C@]([H])(O[C@]2([H])[C@]([H])(O[H])[C@@]([H])(O[H])[C@@]([H])(O[C@]3([H])[C@]([H])(O[H])[C@@]([H])(O[H])C([H])(O)O[C@]3([H])C(=O)O[H])O[C@]2([H])C(=O)O[H])[C@]([H])(O[H])[C@@]([H])(O[H])[C@@]1([H])O[H].[H],EVODEX-P13564
EVODEX-N5032,[H]O[C@@]1([H])[C@@]([H])(O[H])[C@]([H])(N2:C([H]):C([H]):C(=O):N([H]):C:2=O)O[C@]1([H])C([H])([H])OP(=O)(O[H])OP(=O)(O[H])O[C@@:47]([O:48])([C:56])[H:117]>>[H]C([H])([H])C([H])([H])C([H])([H])C([H])([H])C([H])([H])C([H])([H])C([H])([H])C([H])([H])C([H])([H])C(=O)OC([H])([H])C([H])(OC(=O)C([H])([H])C([H])([H])C([H])([H])C([H])([H])C([H])([H])C([H])([H])C([H])([H])C([H])([H])C([H])([H])[H])C([H])([H])O[C@:47]([O:48])([C:56])[H:117],EVODEX-P13572
EVODEX-N5033,>>[H]C([H])([H])C([H])([H])C([H])([H])C([H])([H])C([H])([H])C([H])([H])C([H])([H])C([H])([H])C([H])([H])C(=O)OC([H])([H])C([H])(OC(=O)C([H])([H])C([H])([H])C([H])([H])C([H])([H])C([H])([H])C([H])([H])C([H])([H])C([H])([H])C([H])([H])[H])C([H])([H])O.[H],EVODEX-P13574
EVODEX-N5034,[H]O[C@@]1([H])[C@@]([H])(O[H])[C@]([H])(N2:C([H]):C([H]):C(=O):N([H]):C:2=O)O[C@]1([H])C([H])([H])OP(=O)(O[H])OP(=O)(O[H])O[C@@:39]([O:40])([C:48])[H:93]>>[H]C([H])([H])C([H])([H])C([H])([H])C([H])([H])C([H])([H])C(=O)OC([H])([H])C([H])(OC(=O)C([H])([H])C([H])([H])C([H])([H])C([H])([H])C([H])([H])[H])C([H])([H])O[C@:39]([O:40])([C:48])[H:93],EVODEX-P13577
EVODEX-N5035,>>[H]C([H])([H])C([H])([H])C([H])([H])C([H])([H])C([H])([H])C(=O)OC([H])([H])C([H])(OC(=O)C([H])([H])C([H])([H])C([H])([H])C([H])([H])C([H])([H])[H])C([H])([H])O.[H],EVODEX-P13579
EVODEX-N5036,[H]O[C@@]1([H])[C@@]([H])(O[H])[C@]([H])(N2:C([H]):N:C3:C(=O):N([H]):C(N([H])[H]):N:C:3:2)O[C@]1([H])C([H])([H])OP(=O)(O[H])OP(=O)(O[H])O[C@@:22]([O:23])([C:31])[H:61]>>[H]OC([H])([H])[C@@]1([H])OC([H])(O[H])[C@@]([H])(O[C@@:22]([O:23])([C:31])[H:61])[C@@]([H])(O[H])[C@]1([H])O[H],EVODEX-P13583
EVODEX-N5037,[H]OP(=O)(O[H])O[C@@:6]([O:7])([C:15])[H:42]>>[H]OC([H])([H])[C@@]1([H])O[C@]([H])(O[H])[C@]([H])(O[H])[C@@]([H])(O[H])[C@]1([H])O[C@]1([H])O[C@]([H])(C([H])([H])O[H])[C@@]([H])(O[C@:6]([O:7])([C:15])[H:42])[C@]([H])(O[H])[C@@]1([H])O[H],EVODEX-P13587
EVODEX-N5038,[H][O:3][P:2].[H]OC([H])([H])[C@@]1([H])O[C@]([H])(O[H])[C@]([H])(O[H])[C@@]([H])(O[H])[C@]1([H])O[C@]1([H])O[C@]([H])(C([H])([H])O[H])[C@@]([H])(O[C@:10]([O:9])([C:34])[H:47])[C@]([H])(O[H])[C@@]1([H])O[H]>>[P:2][O:3][C@@:10]([O:9])([C:34])[H:47],EVODEX-P13591
EVODEX-N5039,[H]OC([H])([H])[C@@]1([H])O[C@]([H])(O[H])[C@]([H])(O[H])[C@@]([H])(O[H])[C@]1([H])O[C@]1([H])O[C@]([H])(C([H])([H])O[H])[C@@]([H])(O[C@:10]([O:9])([C:34])[H:47])[C@]([H])(O[H])[C@@]1([H])O[H]>>[H]OP(=O)(O[H])O[C@@:10]([O:9])([C:34])[H:47],EVODEX-P13592
EVODEX-N5040,[H][O:59][P:57].[H]O[C@@]1([H])[C@@]([H])(O[H])[C@]([H])(N2:C([H]):N:C3:C(=O):N([H]):C(N([H])[H]):N:C:3:2)O[C@]1([H])C([H])([H])OP(=O)(O[H])OP(=O)(O[H])O[C@@:82]([O:83])([C:91])[H:200]>>[P:57][O:59][C@:82]([O:83])([C:91])[H:200],"EVODEX-P13595,EVODEX-P13748,EVODEX-P13753,EVODEX-P19730"
EVODEX-N5041,[H]O[C@@]1([H])[C@@]([H])(O[H])[C@]([H])(N2:C([H]):N:C3:C(=O):N([H]):C(N([H])[H]):N:C:3:2)O[C@]1([H])C([H])([H])OP(=O)(O[H])OP(=O)(O[H])O[C@@:82]([O:83])([C:91])[H:200]>>[H]OP(=O)(OC([H])([H])/C([H])=C(/C([H])([H])[H])C([H])([H])C([H])([H])/C([H])=C(/C([H])([H])[H])C([H])([H])C([H])([H])/C([H])=C(/C([H])([H])[H])C([H])([H])C([H])([H])/C([H])=C(/C([H])([H])[H])C([H])([H])C([H])([H])/C([H])=C(/C([H])([H])[H])C([H])([H])C([H])([H])/C([H])=C(/C([H])([H])[H])C([H])([H])C([H])([H])/C([H])=C(/C([H])([H])[H])C([H])([H])C([H])([H])/C([H])=C(/C([H])([H])[H])C([H])([H])C([H])([H])/C([H])=C(\C([H])([H])[H])C([H])([H])C([H])([H])/C([H])=C(\C([H])([H])[H])C([H])([H])C([H])([H])C([H])=C(C([H])([H])[H])C([H])([H])[H])O[C@:82]([O:83])([C:91])[H:200],EVODEX-P13596
EVODEX-N5042,>>[H]OP(O)(=O)OC([H])([H])/C([H])=C(/C([H])([H])[H])C([H])([H])C([H])([H])/C([H])=C(/C([H])([H])[H])C([H])([H])C([H])([H])/C([H])=C(/C([H])([H])[H])C([H])([H])C([H])([H])/C([H])=C(/C([H])([H])[H])C([H])([H])C([H])([H])/C([H])=C(/C([H])([H])[H])C([H])([H])C([H])([H])/C([H])=C(/C([H])([H])[H])C([H])([H])C([H])([H])/C([H])=C(/C([H])([H])[H])C([H])([H])C([H])([H])/C([H])=C(/C([H])([H])[H])C([H])([H])C([H])([H])/C([H])=C(\C([H])([H])[H])C([H])([H])C([H])([H])/C([H])=C(\C([H])([H])[H])C([H])([H])C([H])([H])C([H])=C(C([H])([H])[H])C([H])([H])[H].[H],"EVODEX-P13598,EVODEX-P13706,EVODEX-P15717,EVODEX-P20167,EVODEX-P20202,EVODEX-P20245,EVODEX-P20272,EVODEX-P20278"
EVODEX-N5043,[H]OP(=O)(OC([H])([H])/C([H])=C(/C([H])([H])[H])C([H])([H])C([H])([H])/C([H])=C(/C([H])([H])[H])C([H])([H])C([H])([H])/C([H])=C(/C([H])([H])[H])C([H])([H])C([H])([H])/C([H])=C(/C([H])([H])[H])C([H])([H])C([H])([H])/C([H])=C(/C([H])([H])[H])C([H])([H])C([H])([H])/C([H])=C(/C([H])([H])[H])C([H])([H])C([H])([H])/C([H])=C(/C([H])([H])[H])C([H])([H])C([H])([H])/C([H])=C(/C([H])([H])[H])C([H])([H])C([H])([H])/C([H])=C(\C([H])([H])[H])C([H])([H])C([H])([H])/C([H])=C(\C([H])([H])[H])C([H])([H])C([H])([H])C([H])=C(C([H])([H])[H])C([H])([H])[H])O[C@:61]([O:62])([C:70])[H:190].[H][O:91][P:89]>>[C@@:61]([O:62])([C:70])([O:91][P:89])[H:190],"EVODEX-P13601,EVODEX-P15678,EVODEX-P15683"
EVODEX-N5044,[H]OP(=O)(OC([H])([H])/C([H])=C(/C([H])([H])[H])C([H])([H])C([H])([H])/C([H])=C(/C([H])([H])[H])C([H])([H])C([H])([H])/C([H])=C(/C([H])([H])[H])C([H])([H])C([H])([H])/C([H])=C(/C([H])([H])[H])C([H])([H])C([H])([H])/C([H])=C(/C([H])([H])[H])C([H])([H])C([H])([H])/C([H])=C(/C([H])([H])[H])C([H])([H])C([H])([H])/C([H])=C(/C([H])([H])[H])C([H])([H])C([H])([H])/C([H])=C(/C([H])([H])[H])C([H])([H])C([H])([H])/C([H])=C(\C([H])([H])[H])C([H])([H])C([H])([H])/C([H])=C(\C([H])([H])[H])C([H])([H])C([H])([H])C([H])=C(C([H])([H])[H])C([H])([H])[H])O[C@:61]([O:62])([C:70])[H:190]>>[H]O[C@@]1([H])[C@@]([H])(O[H])[C@]([H])(N2:C([H]):N:C3:C(=O):N([H]):C(N([H])[H]):N:C:3:2)O[C@]1([H])C([H])([H])OP(=O)(O[H])OP(=O)(O[H])O[C@@:61]([O:62])([C:70])[H:190],EVODEX-P13603
EVODEX-N5045,>>[H]O[C@@]1([H])[C@@]([H])(O[H])[C@]([H])(N2:C([H]):N:C3:C(=O):N([H]):C(N([H])[H]):N:C:3:2)O[C@]1([H])C([H])([H])OP(=O)(O[H])OP(O)(=O)O[H].[H],"EVODEX-P13604,EVODEX-P15356,EVODEX-P19257,EVODEX-P19414,EVODEX-P19436,EVODEX-P19603,EVODEX-P19734"
EVODEX-N5046,[H]O[C@@]1([H])[C@@]([H])(O[H])[C@]([H])(N2:C([H]):C([H]):C(=O):N([H]):C:2=O)O[C@]1([H])C([H])([H])OP(=O)(O[H])OP(=O)(O[H])O[C@:32]([C:31])([O:58])[H:96]>>[H]OC([H])([H])[C@@]1([H])O[C@@]([H])(O[H])[C@]([H])(N([H])C(=O)C([H])([H])[H])[C@@]([H])(O[H])[C@]1([H])O[C@]1([H])O[C@]([H])(C([H])([H])O[H])[C@]([H])(O[H])[C@]([H])(O[C@@:32]([C:31])([O:58])[H:96])[C@@]1([H])O[H],EVODEX-P13612
EVODEX-N5047,>>[H]OC([H])([H])[C@@]1([H])O[C@@]([H])(O[H])[C@]([H])(N([H])C(=O)C([H])([H])[H])[C@@]([H])(O[H])[C@]1([H])O[C@]1([H])O[C@]([H])(C([H])([H])O[H])[C@]([H])(O[H])[C@]([H])(O)[C@@]1([H])O[H].[H],"EVODEX-P13614,EVODEX-P14135,EVODEX-P14155,EVODEX-P15761,EVODEX-P15801,EVODEX-P20645,EVODEX-P20650"
EVODEX-N5048,[H]O[C@@]1([H])[C@@]([H])(O[H])[C@]([H])(N2:C([H]):C([H]):C(=O):N([H]):C:2=O)O[C@]1([H])C([H])([H])OP(=O)(O[H])OP(=O)(O[H])O[C@@:95]([O:96])([C:104])[H:225]>>[H]OC([H])([H])[C@@]1([H])O[C@]([H])(OC([H])([H])[C@]([H])(N([H])C(=O)C([H])([H])C([H])([H])C([H])([H])C([H])([H])C([H])([H])C([H])([H])C([H])([H])C([H])([H])C([H])([H])C([H])([H])C([H])([H])C([H])([H])C([H])([H])C([H])([H])C([H])([H])C([H])([H])C([H])([H])[H])[C@]([H])(O[H])/C([H])=C(\[H])C([H])([H])C([H])([H])C([H])([H])C([H])([H])C([H])([H])C([H])([H])C([H])([H])C([H])([H])C([H])([H])C([H])([H])C([H])([H])C([H])([H])C([H])([H])[H])[C@]([H])(O[H])[C@@]([H])(O[H])[C@]1([H])O[C@]1([H])O[C@]([H])(C([H])([H])O[H])[C@]([H])(O[C@]2([H])O[C@]([H])(C([H])([H])O[H])[C@]([H])(O[H])[C@]([H])(O[C@:95]([O:96])([C:104])[H:225])[C@@]2([H])N([H])C(=O)C([H])([H])[H])[C@]([H])(O[H])[C@@]1([H])O[H],EVODEX-P13617
EVODEX-N5049,>>[H]OC([H])([H])[C@@]1([H])O[C@]([H])(OC([H])([H])[C@]([H])(N([H])C(=O)C([H])([H])C([H])([H])C([H])([H])C([H])([H])C([H])([H])C([H])([H])C([H])([H])C([H])([H])C([H])([H])C([H])([H])C([H])([H])C([H])([H])C([H])([H])C([H])([H])C([H])([H])C([H])([H])C([H])([H])[H])[C@]([H])(O[H])/C([H])=C(\[H])C([H])([H])C([H])([H])C([H])([H])C([H])([H])C([H])([H])C([H])([H])C([H])([H])C([H])([H])C([H])([H])C([H])([H])C([H])([H])C([H])([H])C([H])([H])[H])[C@]([H])(O[H])[C@@]([H])(O[H])[C@]1([H])O[C@]1([H])O[C@]([H])(C([H])([H])O[H])[C@]([H])(O[C@]2([H])O[C@]([H])(C([H])([H])O[H])[C@]([H])(O[H])[C@]([H])(O)[C@@]2([H])N([H])C(=O)C([H])([H])[H])[C@]([H])(O[H])[C@@]1([H])O[H].[H],"EVODEX-P13619,EVODEX-P15826"
EVODEX-N5050,[H]O[C@@]1([H])[C@@]([H])(O[H])[C@]([H])(N2:C([H]):C([H]):C(=O):N([H]):C:2=O)O[C@]1([H])C([H])([H])OP(=O)(O[H])OP(=O)(O[H])O[C@@:99]([O:100])([C:108])[H:237]>>[H]OC([H])([H])[C@@]1([H])O[C@@]([H])(OC([H])([H])[C@]([H])(N([H])C(=O)C([H])([H])C([H])([H])C([H])([H])C([H])([H])C([H])([H])C([H])([H])C([H])([H])C([H])([H])C([H])([H])C([H])([H])C([H])([H])C([H])([H])C([H])([H])C([H])([H])C([H])([H])C([H])([H])C([H])([H])C([H])([H])C([H])([H])C([H])([H])C([H])([H])[H])[C@]([H])(O[H])/C([H])=C(\[H])C([H])([H])C([H])([H])C([H])([H])C([H])([H])C([H])([H])C([H])([H])C([H])([H])C([H])([H])C([H])([H])C([H])([H])C([H])([H])C([H])([H])C([H])([H])[H])C([H])(O[H])[C@@]([H])(O[H])[C@]1([H])O[C@]1([H])O[C@]([H])(C([H])([H])O[H])[C@]([H])(O[C@]2([H])O[C@]([H])(C([H])([H])O[H])[C@]([H])(O[H])[C@]([H])(O[C@:99]([O:100])([C:108])[H:237])[C@@]2([H])N([H])C(=O)C([H])([H])[H])[C@]([H])(O[H])[C@@]1([H])O[H],EVODEX-P13622
EVODEX-N5051,>>[H]OC([H])([H])[C@@]1([H])O[C@@]([H])(OC([H])([H])[C@]([H])(N([H])C(=O)C([H])([H])C([H])([H])C([H])([H])C([H])([H])C([H])([H])C([H])([H])C([H])([H])C([H])([H])C([H])([H])C([H])([H])C([H])([H])C([H])([H])C([H])([H])C([H])([H])C([H])([H])C([H])([H])C([H])([H])C([H])([H])C([H])([H])C([H])([H])C([H])([H])[H])[C@]([H])(O[H])/C([H])=C(\[H])C([H])([H])C([H])([H])C([H])([H])C([H])([H])C([H])([H])C([H])([H])C([H])([H])C([H])([H])C([H])([H])C([H])([H])C([H])([H])C([H])([H])C([H])([H])[H])C([H])(O[H])[C@@]([H])(O[H])[C@]1([H])O[C@]1([H])O[C@]([H])(C([H])([H])O[H])[C@]([H])(O[C@]2([H])O[C@]([H])(C([H])([H])O[H])[C@]([H])(O[H])[C@]([H])(O)[C@@]2([H])N([H])C(=O)C([H])([H])[H])[C@]([H])(O[H])[C@@]1([H])O[H].[H],EVODEX-P13624
EVODEX-N5052,[H]O[C@@]1([H])[C@@]([H])(O[H])[C@]([H])(N2:C([H]):C([H]):C(=O):N([H]):C:2=O)O[C@]1([H])C([H])([H])OP(=O)(O[H])OP(=O)(O[H])O[C@@:25]([O:26])([C:34])[H:58]>>[H]C([H])([H])C(C#N)(O[C@:25]([O:26])([C:34])[H:58])C([H])([H])[H],EVODEX-P13627
EVODEX-N5053,>>[H]C([H])([H])C(O)(C#N)C([H])([H])[H].[H],EVODEX-P13629
EVODEX-N5054,[H]O[C@@]1([H])[C@@]([H])(O[H])[C@]([H])(N2:C([H]):C([H]):C(=O):N([H]):C:2=O)O[C@]1([H])C([H])([H])OP(=O)(O[H])OP(=O)(O[H])O[C@@:26]([O:27])([C:35])[H:61]>>[H]C([H])([H])C([H])([H])C(C#N)(O[C@:26]([O:27])([C:35])[H:61])C([H])([H])[H],EVODEX-P13632
EVODEX-N5055,>>[H]C([H])([H])C([H])([H])C(O)(C#N)C([H])([H])[H].[H],EVODEX-P13634
EVODEX-N5056,[H][O:3][P:2].[H]OC([H])([H])[C@@]1([H])O[C@]([H])(O[C@@:12]([O:13])([C:21])[H:37])[C@]([H])(O[H])[C@@]([H])(O[H])[C@]1([H])O[H]>>[P:2][O:3][C@:12]([O:13])([C:21])[H:37],"EVODEX-P13637,EVODEX-P14682"
EVODEX-N5057,[H]OC([H])([H])[C@@]1([H])O[C@]([H])(O[C@@:12]([O:13])([C:21])[H:37])[C@]([H])(O[H])[C@@]([H])(O[H])[C@]1([H])O[H]>>[H]OP(=O)(O[H])O[C@:12]([O:13])([C:21])[H:37],EVODEX-P13638
EVODEX-N5058,[H]OP(=O)(O[H])O[C@:6]([O:7])([C:15])[H:31]>>[H]OC([H])([H])[C@@]1([H])O[C@]([H])(O[C@@:6]([O:7])([C:15])[H:31])[C@]([H])(O[H])[C@@]([H])(O[H])[C@]1([H])O[H],EVODEX-P13643
EVODEX-N5059,[H]O[C@@]1([H])[C@@]([H])(O[H])[C@@]([H])(C([H])([H])[H])OC([H])([O:32][P:33])[C@]1([H])O[H]>>[H][O:32][P:33],"EVODEX-P13646,EVODEX-P14192,EVODEX-P15017,EVODEX-P15221"
EVODEX-N5060,[H]N=C1:N([H]):C(=O):C2:N:C([H]):N([C@]3([H])O[C@]([H])(C([H])([H])OP(=O)(O[H])OP(=O)(O[H])O[C:31]([O:30])([C:60])[H:97])[C@@]([H])(O[H])[C@@]3([H])O[H]):C:2:N:1[H]>>[H]OC([H])([H])[C@@]1([H])O[C@@]([H])(O[H])[C@]([H])(N([H])C(=O)C([H])([H])[H])[C@@]([H])(O[C@@:31]([O:30])([C:60])[H:97])[C@]1([H])O[C@]1([H])O[C@]([H])(C([H])([H])O[H])[C@]([H])(O[H])[C@]([H])(O[H])[C@@]1([H])OC([H])([H])[H],EVODEX-P13648
EVODEX-N5061,[H][O:7][C:6]>>[H]O[C@]1([H])[C@]([H])(O[H])[C@]([H])(C([H])([H])[H])O[C@]([H])([O:7][C:6])[C@@]1([H])O[H],"EVODEX-P13649,EVODEX-P13654,EVODEX-P13681,EVODEX-P13685,EVODEX-P13691,EVODEX-P14154,EVODEX-P14159,EVODEX-P14194,EVODEX-P14199,EVODEX-P14504,EVODEX-P14510,EVODEX-P14615,EVODEX-P14621,EVODEX-P14801,EVODEX-P14973,EVODEX-P15020,EVODEX-P15127,EVODEX-P15185,EVODEX-P15194,EVODEX-P15199,EVODEX-P15224"
EVODEX-N5062,>>[H]OC([H])([H])[C@@]1([H])O[C@@]([H])(O[H])[C@]([H])(N([H])C(=O)C([H])([H])[H])[C@@]([H])(O)[C@]1([H])O[C@]1([H])O[C@]([H])(C([H])([H])O[H])[C@]([H])(O[H])[C@]([H])(O[H])[C@@]1([H])OC([H])([H])[H].[H],EVODEX-P13650
EVODEX-N5063,[H]N=C1:N([H]):C(=O):C2:N:C([H]):N([C@]3([H])O[C@]([H])(C([H])([H])OP(=O)(O[H])OP(=O)(O[H])O[C:40]([O:39])([C:69])[H:113])[C@@]([H])(O[H])[C@@]3([H])O[H]):C:2:N:1[H]>>[H]OC([H])([H])[C@@]1([H])O[C@@]([H])(OC([H])([H])C2:C([H]):C([H]):C([H]):C([H]):C:2[H])[C@]([H])(N([H])C(=O)C([H])([H])[H])[C@@]([H])(O[C@@:40]([O:39])([C:69])[H:113])[C@]1([H])O[C@]1([H])O[C@]([H])(C([H])([H])O[H])[C@]([H])(O[H])[C@]([H])(O[H])[C@@]1([H])N([H])C(=O)C([H])([H])[H],EVODEX-P13653
EVODEX-N5064,>>[H]OC([H])([H])[C@@]1([H])O[C@@]([H])(OC([H])([H])C2:C([H]):C([H]):C([H]):C([H]):C:2[H])[C@]([H])(N([H])C(=O)C([H])([H])[H])[C@@]([H])(O)[C@]1([H])O[C@]1([H])O[C@]([H])(C([H])([H])O[H])[C@]([H])(O[H])[C@]([H])(O[H])[C@@]1([H])N([H])C(=O)C([H])([H])[H].[H],EVODEX-P13655
EVODEX-N5065,[H]O[C@@]1([H])[C@@]([H])(O[H])[C@]([H])(N2:C([H]):C([H]):C(=O):N([H]):C:2=O)O[C@]1([H])C([H])([H])OP(=O)(O[H])OP(=O)(O[H])O[C@@:51]([O:52])([C:60])[H:124]>>[H]OC([H])([H])[C@@]1([H])O[C@@]([H])(OC([H])([H])[C@]([H])(N([H])[H])[C@]([H])(O[H])/C([H])=C(\[H])C([H])([H])C([H])([H])C([H])([H])C([H])([H])C([H])([H])C([H])([H])C([H])([H])C([H])([H])C([H])([H])C([H])([H])C([H])([H])C([H])([H])C([H])([H])[H])[C@]([H])(O[C@:51]([O:52])([C:60])[H:124])[C@@]([H])(O[H])[C@@]1([H])O[H],EVODEX-P13658
EVODEX-N5066,>>[H]OC([H])([H])[C@@]1([H])O[C@@]([H])(OC([H])([H])[C@]([H])(N([H])[H])[C@]([H])(O[H])/C([H])=C(\[H])C([H])([H])C([H])([H])C([H])([H])C([H])([H])C([H])([H])C([H])([H])C([H])([H])C([H])([H])C([H])([H])C([H])([H])C([H])([H])C([H])([H])C([H])([H])[H])[C@]([H])(O)[C@@]([H])(O[H])[C@@]1([H])O[H].[H],"EVODEX-P13660,EVODEX-P20595,EVODEX-P20600"
EVODEX-N5067,[H]O[C@@]1([H])[C@@]([H])(O[H])[C@]([H])(N2:C([H]):C([H]):C(=O):N([H]):C:2=O)O[C@]1([H])C([H])([H])OP(=O)(O[H])OP(=O)(O[H])O[C@@:41]([O:42])([C:50])[H:91]>>[H]OC(=O)[C@@]([H])(N([H])[H])C([H])([H])C([H])([H])[C@@]([H])(O[C@]1([H])O[C@]([H])(C([H])([H])O[H])[C@]([H])(O[H])[C@]([H])(O[H])[C@@]1([H])O[C@:41]([O:42])([C:50])[H:91])C([H])([H])N([H])[H],EVODEX-P13663
EVODEX-N5068,>>[H]OC(=O)[C@@]([H])(N([H])[H])C([H])([H])C([H])([H])[C@@]([H])(O[C@]1([H])O[C@]([H])(C([H])([H])O[H])[C@]([H])(O[H])[C@]([H])(O[H])[C@@]1([H])O)C([H])([H])N([H])[H].[H],EVODEX-P13665
EVODEX-N5069,[H][O:1][C:2].[H]O[C@@]1([H])[C@]([H])(O[H])[C@@]([H])(O[H])[C@]([H])(O[C@@:39]([O:38])([C:52])[H:94])[C@]([H])(O[H])[C@]1([H])O[H]>>[O:1]([C:2])[C@@:39]([O:38])([C:52])[H:94],"EVODEX-P13668,EVODEX-P13738"
EVODEX-N5070,[H]O[C@@]1([H])[C@]([H])(O[H])[C@@]([H])(O[H])[C@]([H])(O[C@@:39]([O:38])([C:52])[H:94])[C@]([H])(O[H])[C@]1([H])O[H]>>[H]OC([H])([H])[C@@]1(O[C@@]2([H])O[C@]([H])(C([H])([H])O[C@@]3([H])O[C@]([H])(C([H])([H])O[C@@:39]([O:38])([C:52])[H:94])[C@]([H])(O[H])[C@]([H])(O[H])[C@@]3([H])O[H])[C@@]([H])(O[H])[C@]([H])(O[H])[C@@]2([H])O[H])O[C@]([H])(C([H])([H])O[H])[C@@]([H])(O[H])[C@]1([H])O[H],EVODEX-P13669
EVODEX-N5071,>>[H]OC([H])([H])[C@@]1(O[C@@]2([H])O[C@]([H])(C([H])([H])O[C@@]3([H])O[C@]([H])(C([H])([H])O)[C@]([H])(O[H])[C@]([H])(O[H])[C@@]3([H])O[H])[C@@]([H])(O[H])[C@]([H])(O[H])[C@@]2([H])O[H])O[C@]([H])(C([H])([H])O[H])[C@@]([H])(O[H])[C@]1([H])O[H].[H],EVODEX-P13671
EVODEX-N5072,[H]OC([H])([H])[C@@]1(O[C@@]2([H])O[C@]([H])(C([H])([H])O[C@@]3([H])O[C@]([H])(C([H])([H])O[C@@:5]([O:4])([C:40])[H:62])[C@]([H])(O[H])[C@]([H])(O[H])[C@@]3([H])O[H])[C@@]([H])(O[H])[C@]([H])(O[H])[C@@]2([H])O[H])O[C@]([H])(C([H])([H])O[H])[C@@]([H])(O[H])[C@]1([H])O[H].[H][O:46][C:47]>>[O:4][C@@:5]([C:40])([O:46][C:47])[H:62],EVODEX-P13674
EVODEX-N5073,[H]OC([H])([H])[C@@]1(O[C@@]2([H])O[C@]([H])(C([H])([H])O[C@@]3([H])O[C@]([H])(C([H])([H])O[C@@:5]([O:4])([C:40])[H:62])[C@]([H])(O[H])[C@]([H])(O[H])[C@@]3([H])O[H])[C@@]([H])(O[H])[C@]([H])(O[H])[C@@]2([H])O[H])O[C@]([H])(C([H])([H])O[H])[C@@]([H])(O[H])[C@]1([H])O[H]>>[H]O[C@@]1([H])[C@]([H])(O[H])[C@@]([H])(O[H])[C@]([H])(O[C@@:5]([O:4])([C:40])[H:62])[C@]([H])(O[H])[C@]1([H])O[H],EVODEX-P13676
EVODEX-N5074,[H]N=C1:N([H]):C(=O):C2:N:C([H]):N([C@]3([H])O[C@]([H])(C([H])([H])OP(=O)(O[H])OP(=O)(O[H])O[C@@:102]([O:101])([C:131])[H:231])[C@@]([H])(O[H])[C@@]3([H])O[H]):C:2:N:1[H]>>[H]OC(=O)[C@@]([H])(N([H])[H])C([H])([H])C(=O)N([H])[C@]1([H])O[C@]([H])(C([H])([H])O[C@:102]([O:101])([C:131])[H:231])[C@@]([H])(O[C@]2([H])O[C@]([H])(C([H])([H])O[H])[C@@]([H])(O[C@]3([H])O[C@]([H])(C([H])([H])O[C@@]4([H])O[C@]([H])(C([H])([H])O[H])[C@@]([H])(O[H])[C@]([H])(O[H])[C@]4([H])O[C@]4([H])O[C@]([H])(C([H])([H])O[H])[C@@]([H])(O[H])[C@]([H])(O[H])[C@@]4([H])N([H])C(=O)C([H])([H])[H])[C@@]([H])(O[H])[C@]([H])(O[C@@]4([H])O[C@]([H])(C([H])([H])O[H])[C@@]([H])(O[H])[C@]([H])(O[H])[C@]4([H])O[C@]4([H])O[C@]([H])(C([H])([H])O[H])[C@@]([H])(O[H])[C@]([H])(O[H])[C@@]4([H])N([H])C(=O)C([H])([H])[H])[C@]3([H])O[H])[C@]([H])(O[H])[C@@]2([H])N([H])C(=O)C([H])([H])[H])[C@]([H])(O[H])[C@@]1([H])N([H])C(=O)C([H])([H])[H],EVODEX-P13680
EVODEX-N5075,>>[H]OC(=O)[C@@]([H])(N([H])[H])C([H])([H])C(=O)N([H])[C@]1([H])O[C@]([H])(C([H])([H])O)[C@@]([H])(O[C@]2([H])O[C@]([H])(C([H])([H])O[H])[C@@]([H])(O[C@]3([H])O[C@]([H])(C([H])([H])O[C@@]4([H])O[C@]([H])(C([H])([H])O[H])[C@@]([H])(O[H])[C@]([H])(O[H])[C@]4([H])O[C@]4([H])O[C@]([H])(C([H])([H])O[H])[C@@]([H])(O[H])[C@]([H])(O[H])[C@@]4([H])N([H])C(=O)C([H])([H])[H])[C@@]([H])(O[H])[C@]([H])(O[C@@]4([H])O[C@]([H])(C([H])([H])O[H])[C@@]([H])(O[H])[C@]([H])(O[H])[C@]4([H])O[C@]4([H])O[C@]([H])(C([H])([H])O[H])[C@@]([H])(O[H])[C@]([H])(O[H])[C@@]4([H])N([H])C(=O)C([H])([H])[H])[C@]3([H])O[H])[C@]([H])(O[H])[C@@]2([H])N([H])C(=O)C([H])([H])[H])[C@]([H])(O[H])[C@@]1([H])N([H])C(=O)C([H])([H])[H].[H],"EVODEX-P13682,EVODEX-P15650"
EVODEX-N5076,[H]N=C1:N([H]):C(=O):C2:N:C([H]):N([C@]3([H])O[C@]([H])(C([H])([H])OP(=O)(O[H])OP(=O)(O[H])O[C:4]([O:3])([C:33])[H:66])[C@@]([H])(O[H])[C@@]3([H])O[H]):C:2:N:1[H]>>[H]OC([H])([H])[C@@]1([H])O[C@@]([H])(O[H])[C@]([H])(O[H])[C@@]([H])(O[H])[C@]1([H])O[C@]1([H])O[C@]([H])(C([H])([H])O[H])[C@]([H])(O[H])[C@]([H])(O[H])[C@@]1([H])O[C@:4]([O:3])([C:33])[H:66],EVODEX-P13686
EVODEX-N5077,[H]N=C1:N([H]):C(=O):C2:N:C([H]):N([C@]3([H])O[C@]([H])(C([H])([H])OP(=O)(O[H])OP(=O)(O[H])O[C:52]([O:51])([C:81])[H:136])[C@@]([H])(O[H])[C@@]3([H])O[H]):C:2:N:1[H]>>[H]OC([H])([H])[C@@]1([H])O[C@@]([H])(O[H])[C@]([H])(O[H])[C@@]([H])(O[H])[C@]1([H])O[C@]1([H])O[C@]([H])(C([H])([H])O[H])[C@]([H])(O[H])[C@]([H])(O[C@]2([H])O[C@]([H])(C([H])([H])O[H])[C@@]([H])(O[C@]3([H])O[C@]([H])(C([H])([H])O[H])[C@]([H])(O[H])[C@]([H])(O[H])[C@@]3([H])O[C@:52]([O:51])([C:81])[H:136])[C@]([H])(O[H])[C@@]2([H])N([H])C(=O)C([H])([H])[H])[C@@]1([H])O[H],EVODEX-P13690
EVODEX-N5078,>>[H]OC([H])([H])[C@@]1([H])O[C@@]([H])(O[H])[C@]([H])(O[H])[C@@]([H])(O[H])[C@]1([H])O[C@]1([H])O[C@]([H])(C([H])([H])O[H])[C@]([H])(O[H])[C@]([H])(O[C@]2([H])O[C@]([H])(C([H])([H])O[H])[C@@]([H])(O[C@]3([H])O[C@]([H])(C([H])([H])O[H])[C@]([H])(O[H])[C@]([H])(O[H])[C@@]3([H])O)[C@]([H])(O[H])[C@@]2([H])N([H])C(=O)C([H])([H])[H])[C@@]1([H])O[H].[H],"EVODEX-P13692,EVODEX-P14145"
EVODEX-N5079,[H][N:1]([C:2])[H:46].[O:27][C@@:28]([O:29])([C:37])[H:59]>>[N:1]([C:2])([C:28]([O:29])([C:37])[H:59])[H:46].[H][O:27],"EVODEX-P13693,EVODEX-P13698,EVODEX-P13807,EVODEX-P15501"
EVODEX-N5080,[H][N:1]([C:2])[H:46].[H]O[C@@]1([H])[C@@]([H])(O[H])[C@]([H])(N2:C([H]):C([H]):C(=O):N([H]):C:2=O)O[C@]1([H])C([H])([H])OP(=O)(O[H])OP(=O)(O[H])O[C@@:28]([O:29])([C:37])[H:59]>>[N:1]([C:2])([C:28]([O:29])([C:37])[H:59])[H:46],"EVODEX-P13694,EVODEX-P13699,EVODEX-P13808"
EVODEX-N5081,[H]O[C@@]1([H])[C@@]([H])(O[H])[C@]([H])(N2:C([H]):C([H]):C(=O):N([H]):C:2=O)O[C@]1([H])C([H])([H])OP(=O)(O[H])OP(=O)(O[H])O[C@@:28]([O:29])([C:37])[H:59]>>[H]C1:C([H]):C(N([H])[C:28]([O:29])([C:37])[H:59]):C([H]):C(Cl):C:1Cl,EVODEX-P13695
EVODEX-N5082,[H][N:1]([C:2])[H:46]>>[H]OC([H])([H])[C@@]1([H])OC([H])([N:1]([C:2])[H:46])[C@]([H])(O[H])[C@@]([H])(O[H])[C@]1([H])O[H],"EVODEX-P13696,EVODEX-P13701"
EVODEX-N5083,[H]O[C@@]1([H])[C@@]([H])(O[H])[C@]([H])(N2:C([H]):C([H]):C(=O):N([H]):C:2=O)O[C@]1([H])C([H])([H])OP(=O)(O[H])OP(=O)(O[H])O[C@@:27]([O:28])([C:36])[H:59]>>[H]C1:C([H]):C(N([H])[C:27]([O:28])([C:36])[H:59]):C([H]):C([H]):C:1Cl,EVODEX-P13700
EVODEX-N5084,[H][O:60][P:57].[H]O[C@@]1([H])[C@@]([H])(O[H])[C@]([H])(N2:C([H]):C([H]):C(=O):N([H]):C:2=O)O[C@]1([H])C([H])([H])OP(=O)(O[H])OP(=O)(O[H])O[C@@:79]([O:80])([C:88])[H:196]>>[P:57][O:60][C:79]([O:80])([C:88])[H:196],"EVODEX-P13704,EVODEX-P13936,EVODEX-P13940,EVODEX-P14162,EVODEX-P15612,EVODEX-P15617,EVODEX-P15714"
EVODEX-N5085,[H]O[C@@]1([H])[C@@]([H])(O[H])[C@]([H])(N2:C([H]):C([H]):C(=O):N([H]):C:2=O)O[C@]1([H])C([H])([H])OP(=O)(O[H])OP(=O)(O[H])O[C@@:79]([O:80])([C:88])[H:196]>>[H]OP(=O)(OC([H])([H])/C([H])=C(/C([H])([H])[H])C([H])([H])C([H])([H])/C([H])=C(/C([H])([H])[H])C([H])([H])C([H])([H])/C([H])=C(/C([H])([H])[H])C([H])([H])C([H])([H])/C([H])=C(/C([H])([H])[H])C([H])([H])C([H])([H])/C([H])=C(/C([H])([H])[H])C([H])([H])C([H])([H])/C([H])=C(/C([H])([H])[H])C([H])([H])C([H])([H])/C([H])=C(/C([H])([H])[H])C([H])([H])C([H])([H])/C([H])=C(/C([H])([H])[H])C([H])([H])C([H])([H])/C([H])=C(\C([H])([H])[H])C([H])([H])C([H])([H])/C([H])=C(\C([H])([H])[H])C([H])([H])C([H])([H])C([H])=C(C([H])([H])[H])C([H])([H])[H])O[C:79]([O:80])([C:88])[H:196],"EVODEX-P13705,EVODEX-P15715"
EVODEX-N5086,[H]O[C@@]1([H])[C@@]([H])(O[H])[C@]([H])(N2:C([H]):C([H]):C(=O):N([H]):C:2=O)O[C@]1([H])C([H])([H])OP(=O)(O[H])OP(=O)(O[H])O[C@:43]([C:42])([O:69])[H:117]>>[H]OC([H])([H])[C@]1([H])OC([H])(O[C@@:43]([C:42])([O:69])[H:117])C([H])(N([H])C(=O)C([H])([H])[H])[C@]([H])(O[H])C1([H])O[C@]1([H])O[C@]([H])(C([H])([H])O[H])[C@]([H])(O[H])[C@]([H])(OC2([H])O[C@]([H])(C([H])([H])O[H])[C@]([H])(O[H])[C@]([H])(O[H])C2([H])O[H])C1([H])O[H],EVODEX-P13709
EVODEX-N5087,>>[H]OC([H])([H])[C@]1([H])OC([H])(O)C([H])(N([H])C(=O)C([H])([H])[H])[C@]([H])(O[H])C1([H])O[C@]1([H])O[C@]([H])(C([H])([H])O[H])[C@]([H])(O[H])[C@]([H])(OC2([H])O[C@]([H])(C([H])([H])O[H])[C@]([H])(O[H])[C@]([H])(O[H])C2([H])O[H])C1([H])O[H].[H],"EVODEX-P13711,EVODEX-P14422"
EVODEX-N5088,[H]O[C@@]1([H])[C@@]([H])(O[H])[C@]([H])(N2:C([H]):C([H]):C(=O):N([H]):C:2=O)O[C@]1([H])C([H])([H])OP(=O)(O[H])OP(=O)(O[H])O[C@:6]([C:5])([O:32])[H:86]>>[H]OC([H])([H])[C@]1([H])OC([H])(OC([H])([H])C2:C([H]):C([H]):C([H]):C([H]):C:2[H])C([H])(O[H])[C@]([H])(O[H])C1([H])O[C@]1([H])O[C@]([H])(C([H])([H])O[H])[C@]([H])(O[H])[C@]([H])(OC2([H])O[C@]([H])(C([H])([H])O[H])[C@]([H])(O[H])[C@]([H])(O[C@:6]([C:5])([O:32])[H:86])C2([H])O[H])C1([H])O[H],EVODEX-P13715
EVODEX-N5089,>>[H]OC([H])([H])[C@]1([H])OC([H])(OC([H])([H])C2:C([H]):C([H]):C([H]):C([H]):C:2[H])C([H])(O[H])[C@]([H])(O[H])C1([H])O[C@]1([H])O[C@]([H])(C([H])([H])O[H])[C@]([H])(O[H])[C@]([H])(OC2([H])O[C@]([H])(C([H])([H])O[H])[C@]([H])(O[H])[C@]([H])(O)C2([H])O[H])C1([H])O[H].[H],EVODEX-P13716
EVODEX-N5090,[H][C:19]([C:18])([O:20])[H:107].[O:56][C@@:57]([O:58])([C:66])[H:150]>>[C:18][C:19]([O:20])([C@@:57]([O:58])([C:66])[H:150])[H:107].[H][O:56],"EVODEX-P13717,EVODEX-P13722,EVODEX-P13817"
EVODEX-N5091,[H][C:19]([C:18])([O:20])[H:107].[H]O[C@@]1([H])[C@@]([H])(O[H])[C@]([H])(N2:C([H]):C([H]):C(=O):N([H]):C:2=O)O[C@]1([H])C([H])([H])OP(=O)(O[H])OP(=O)(O[H])O[C@@:57]([O:58])([C:66])[H:150]>>[C:18][C:19]([O:20])([C@@:57]([O:58])([C:66])[H:150])[H:107],"EVODEX-P13718,EVODEX-P13723,EVODEX-P13818"
EVODEX-N5092,[H]O[C@@]1([H])[C@@]([H])(O[H])[C@]([H])(N2:C([H]):C([H]):C(=O):N([H]):C:2=O)O[C@]1([H])C([H])([H])OP(=O)(O[H])OP(=O)(O[H])O[C@@:57]([O:58])([C:66])[H:150]>>[H]OC([H])([C@]([H])(N([H])C(=O)C([H])([H])C([H])([H])C([H])([H])C([H])([H])C([H])([H])C([H])([H])C([H])([H])C([H])([H])C([H])([H])C([H])([H])C([H])([H])C([H])([H])C([H])([H])C([H])([H])C([H])([H])[H])[C@]([H])(O[H])/C([H])=C(\[H])C([H])([H])C([H])([H])C([H])([H])C([H])([H])C([H])([H])C([H])([H])C([H])([H])C([H])([H])C([H])([H])C([H])([H])C([H])([H])C([H])([H])C([H])([H])[H])[C@@:57]([O:58])([C:66])[H:150],EVODEX-P13719
EVODEX-N5093,[H][C:19]([C:18])([O:20])[H:107]>>[H]OC([H])([H])[C@@]1([H])O[C@]([H])([C:19]([C:18])([O:20])[H:107])[C@]([H])(O[H])[C@@]([H])(O[H])[C@]1([H])O[H],"EVODEX-P13720,EVODEX-P13725,EVODEX-P13819"
EVODEX-N5094,>>[H]OC([H])[C@]([H])(N([H])C(=O)C([H])([H])C([H])([H])C([H])([H])C([H])([H])C([H])([H])C([H])([H])C([H])([H])C([H])([H])C([H])([H])C([H])([H])C([H])([H])C([H])([H])C([H])([H])C([H])([H])C([H])([H])[H])[C@]([H])(O[H])/C([H])=C(\[H])C([H])([H])C([H])([H])C([H])([H])C([H])([H])C([H])([H])C([H])([H])C([H])([H])C([H])([H])C([H])([H])C([H])([H])C([H])([H])C([H])([H])C([H])([H])[H].[H],"EVODEX-P13721,EVODEX-P18790"
EVODEX-N5095,[H]O[C@@]1([H])[C@@]([H])(O[H])[C@]([H])(N2:C([H]):C([H]):C(=O):N([H]):C:2=O)O[C@]1([H])C([H])([H])OP(=O)(O[H])OP(=O)(O[H])O[C@@:40]([O:41])([C:49])[H:103]>>[H]OC([H])([C@]([H])(N([H])[H])[C@]([H])(O[H])/C([H])=C(\[H])C([H])([H])C([H])([H])C([H])([H])C([H])([H])C([H])([H])C([H])([H])C([H])([H])C([H])([H])C([H])([H])C([H])([H])C([H])([H])C([H])([H])C([H])([H])[H])[C:40]([O:41])([C:49])[H:103],EVODEX-P13724
EVODEX-N5096,[H]O[C@@]1([H])[C@@]([H])(O[H])[C@]([H])(N2:C([H]):C([H]):C(=O):N([H]):C:2=O)O[C@]1([H])C([H])([H])OP(=O)(O[H])OP(=O)(O[H])O[C@@:40]([O:41])([C:49])[H:76]>>[H]OC1:C([H]):C([H]):C(C2:O:C3:C([H]):C(O[C@:40]([O:41])([C:49])[H:76]):C([H]):C(O[H]):C:3:C(=O):C:2[H]):C([H]):C:1O[H],"EVODEX-P13729,EVODEX-P14345"
EVODEX-N5097,>>[H]OC1:C([H]):C([H]):C(C2:O:C3:C([H]):C(O):C([H]):C(O[H]):C:3:C(=O):C:2[H]):C([H]):C:1O[H].[H],"EVODEX-P13731,EVODEX-P14346,EVODEX-P15342"
EVODEX-N5098,[H]O[C@@]1([H])[C@@]([H])(O[H])[C@]([H])(N2:C([H]):C([H]):C(=O):N([H]):C:2=O)O[C@]1([H])C([H])([H])OP(=O)(O[H])OP(=O)(O[H])O[C@@:39]([O:40])([C:48])[H:75]>>[H]OC1:C([H]):C([H]):C(C2:O:C3:C([H]):C(O[C@:39]([O:40])([C:48])[H:75]):C([H]):C(O[H]):C:3:C(=O):C:2[H]):C([H]):C:1[H],EVODEX-P13734
EVODEX-N5099,>>[H]OC1:C([H]):C([H]):C(C2:O:C3:C([H]):C(O):C([H]):C(O[H]):C:3:C(=O):C:2[H]):C([H]):C:1[H].[H],EVODEX-P13736
EVODEX-N5100,[H]O[C@@]1([H])[C@]([H])(O[H])[C@@]([H])(O[H])[C@]([H])(O[C@@:28]([O:27])([C:41])[H:73])[C@]([H])(O[H])[C@]1([H])O[H]>>[H]OC([H])([H])[C@@]1(O[C@@]2([H])O[C@]([H])(C([H])([H])O[C@@:28]([O:27])([C:41])[H:73])[C@@]([H])(O[H])[C@]([H])(O[H])[C@@]2([H])O[H])O[C@]([H])(C([H])([H])O[H])[C@@]([H])(O[H])[C@]1([H])O[H],EVODEX-P13739
EVODEX-N5101,[H]OC([H])([H])[C@@]1(O[C@@]2([H])O[C@]([H])(C([H])([H])O[C@@:5]([O:4])([C:29])[H:51])[C@@]([H])(O[H])[C@]([H])(O[H])[C@@]2([H])O[H])O[C@]([H])(C([H])([H])O[H])[C@@]([H])(O[H])[C@]1([H])O[H].[H][O:35][C:36]>>[O:4][C@@:5]([C:29])([O:35][C:36])[H:51],"EVODEX-P13744,EVODEX-P14233,EVODEX-P14235"
EVODEX-N5102,[H]OC([H])([H])[C@@]1(O[C@@]2([H])O[C@]([H])(C([H])([H])O[C@@:5]([O:4])([C:29])[H:51])[C@@]([H])(O[H])[C@]([H])(O[H])[C@@]2([H])O[H])O[C@]([H])(C([H])([H])O[H])[C@@]([H])(O[H])[C@]1([H])O[H]>>[H]O[C@@]1([H])[C@]([H])(O[H])[C@@]([H])(O[H])[C@]([H])(O[C@@:5]([O:4])([C:29])[H:51])[C@]([H])(O[H])[C@]1([H])O[H],EVODEX-P13745
EVODEX-N5103,[H]O[C@@]1([H])[C@@]([H])(O[H])[C@]([H])(N2:C([H]):N:C3:C(=O):N([H]):C(N([H])[H]):N:C:3:2)O[C@]1([H])C([H])([H])OP(=O)(O[H])OP(=O)(O[H])O[C@@:52]([O:53])([C:61])[H:124]>>[H]OP(=O)(OC([H])([H])C([H])([H])C([H])(C([H])([H])[H])C([H])([H])C([H])([H])/C([H])=C(/C([H])([H])[H])C([H])([H])C([H])([H])/C([H])=C(\C([H])([H])[H])C([H])([H])C([H])([H])/C([H])=C(\C([H])([H])[H])C([H])([H])C([H])([H])C([H])=C(C([H])([H])[H])C([H])([H])[H])O[C@:52]([O:53])([C:61])[H:124],EVODEX-P13749
EVODEX-N5104,>>[H]OP(O)(=O)OC([H])([H])C([H])([H])C([H])(C([H])([H])[H])C([H])([H])C([H])([H])/C([H])=C(/C([H])([H])[H])C([H])([H])C([H])([H])/C([H])=C(\C([H])([H])[H])C([H])([H])C([H])([H])/C([H])=C(\C([H])([H])[H])C([H])([H])C([H])([H])C([H])=C(C([H])([H])[H])C([H])([H])[H].[H],"EVODEX-P13751,EVODEX-P13938,EVODEX-P15615"
EVODEX-N5105,[H]O[C@@]1([H])[C@@]([H])(O[H])[C@]([H])(N2:C([H]):N:C3:C(=O):N([H]):C(N([H])[H]):N:C:3:2)O[C@]1([H])C([H])([H])OP(=O)(O[H])OP(=O)(O[H])O[C@@:127]([O:128])([C:136])[H:319]>>[H]OP(=O)(OC([H])([H])C([H])([H])C([H])(C([H])([H])[H])C([H])([H])C([H])([H])/C([H])=C(/C([H])([H])[H])C([H])([H])C([H])([H])/C([H])=C(/C([H])([H])[H])C([H])([H])C([H])([H])/C([H])=C(/C([H])([H])[H])C([H])([H])C([H])([H])/C([H])=C(/C([H])([H])[H])C([H])([H])C([H])([H])/C([H])=C(/C([H])([H])[H])C([H])([H])C([H])([H])/C([H])=C(/C([H])([H])[H])C([H])([H])C([H])([H])/C([H])=C(/C([H])([H])[H])C([H])([H])C([H])([H])/C([H])=C(/C([H])([H])[H])C([H])([H])C([H])([H])/C([H])=C(/C([H])([H])[H])C([H])([H])C([H])([H])/C([H])=C(/C([H])([H])[H])C([H])([H])C([H])([H])/C([H])=C(/C([H])([H])[H])C([H])([H])C([H])([H])/C([H])=C(/C([H])([H])[H])C([H])([H])C([H])([H])/C([H])=C(/C([H])([H])[H])C([H])([H])C([H])([H])/C([H])=C(/C([H])([H])[H])C([H])([H])C([H])([H])/C([H])=C(/C([H])([H])[H])C([H])([H])C([H])([H])/C([H])=C(/C([H])([H])[H])C([H])([H])C([H])([H])/C([H])=C(\C([H])([H])[H])C([H])([H])C([H])([H])/C([H])=C(\C([H])([H])[H])C([H])([H])C([H])([H])C([H])=C(C([H])([H])[H])C([H])([H])[H])O[C@:127]([O:128])([C:136])[H:319],EVODEX-P13754
EVODEX-N5106,>>[H]OP(O)(=O)OC([H])([H])C([H])([H])C([H])(C([H])([H])[H])C([H])([H])C([H])([H])/C([H])=C(/C([H])([H])[H])C([H])([H])C([H])([H])/C([H])=C(/C([H])([H])[H])C([H])([H])C([H])([H])/C([H])=C(/C([H])([H])[H])C([H])([H])C([H])([H])/C([H])=C(/C([H])([H])[H])C([H])([H])C([H])([H])/C([H])=C(/C([H])([H])[H])C([H])([H])C([H])([H])/C([H])=C(/C([H])([H])[H])C([H])([H])C([H])([H])/C([H])=C(/C([H])([H])[H])C([H])([H])C([H])([H])/C([H])=C(/C([H])([H])[H])C([H])([H])C([H])([H])/C([H])=C(/C([H])([H])[H])C([H])([H])C([H])([H])/C([H])=C(/C([H])([H])[H])C([H])([H])C([H])([H])/C([H])=C(/C([H])([H])[H])C([H])([H])C([H])([H])/C([H])=C(/C([H])([H])[H])C([H])([H])C([H])([H])/C([H])=C(/C([H])([H])[H])C([H])([H])C([H])([H])/C([H])=C(/C([H])([H])[H])C([H])([H])C([H])([H])/C([H])=C(/C([H])([H])[H])C([H])([H])C([H])([H])/C([H])=C(/C([H])([H])[H])C([H])([H])C([H])([H])/C([H])=C(\C([H])([H])[H])C([H])([H])C([H])([H])/C([H])=C(\C([H])([H])[H])C([H])([H])C([H])([H])C([H])=C(C([H])([H])[H])C([H])([H])[H].[H],"EVODEX-P13756,EVODEX-P13942,EVODEX-P14165,EVODEX-P15620,EVODEX-P20207"
EVODEX-N5107,[H]O[C@@]1([H])[C@@]([H])(O[H])[C@]([H])(N2:C([H]):C([H]):C(=O):N([H]):C:2=O)O[C@]1([H])C([H])([H])OP(=O)(O[H])OP(=O)(O[H])O[C@@:30]([O:31])([C:39])[H:63]>>[H]OC1:C([H]):C([H]):C([C@@]([H])(C#N)O[C@:30]([O:31])([C:39])[H:63]):C([H]):C:1[H],EVODEX-P13759
EVODEX-N5108,>>[H]OC1:C([H]):C([H]):C([C@]([H])(O)C#N):C([H]):C:1[H].[H],EVODEX-P13761
EVODEX-N5109,[H]O[C@@]1([H])[C@@]([H])(O[H])[C@]([H])(N2:C([H]):C([H]):C(=O):N([H]):C:2=O)O[C@]1([H])C([H])([H])OP(=O)(O[H])OP(=O)(O[H])O[C@@:29]([O:30])([C:38])[H:62]>>[H]C1:C([H]):C([H]):C([C@]([H])(C#N)O[C@:29]([O:30])([C:38])[H:62]):C([H]):C:1[H],EVODEX-P13764
EVODEX-N5110,>>[H]C1:C([H]):C([H]):C([C@@]([H])(O)C#N):C([H]):C:1[H].[H],EVODEX-P13766
EVODEX-N5111,[H]O[C@@]1([H])[C@@]([H])(O[H])[C@]([H])(N2:C([H]):C([H]):C(=O):N([H]):C:2=O)O[C@]1([H])C([H])([H])OP(=O)(O[H])OP(=O)(O[H])O[C@@:56]([O:57])([C:65])[H:117]>>[H]OC([H])([H])[C@@]1([H])O[C@@]([H])(O[C@]2([H])C([H])(O[H])O[C@]([H])(C([H])([H])O[H])[C@@]([H])(O[H])[C@]2([H])O[H])[C@]([H])(N([H])C(=O)C([H])([H])[H])[C@@]([H])(O[H])[C@]1([H])O[C@]1([H])O[C@]([H])(C([H])([H])O[H])[C@]([H])(O[H])[C@]([H])(O[C@@:56]([O:57])([C:65])[H:117])[C@@]1([H])O[H],EVODEX-P13769
EVODEX-N5112,>>[H]OC([H])([H])[C@@]1([H])O[C@@]([H])(O[C@]2([H])C([H])(O[H])O[C@]([H])(C([H])([H])O[H])[C@@]([H])(O[H])[C@]2([H])O[H])[C@]([H])(N([H])C(=O)C([H])([H])[H])[C@@]([H])(O[H])[C@]1([H])O[C@]1([H])O[C@]([H])(C([H])([H])O[H])[C@]([H])(O[H])[C@]([H])(O)[C@@]1([H])O[H].[H],EVODEX-P13771
EVODEX-N5113,[H]O[C@@]1([H])[C@@]([H])(O[H])[C@]([H])(N2:C([H]):C([H]):C(=O):N([H]):C:2=O)O[C@]1([H])C([H])([H])OP(=O)(O[H])OP(=O)(O[H])O[C@@:56]([O:57])([C:65])[H:117]>>[H]OC([H])([H])[C@@]1([H])O[C@@]([H])(OC([H])([H])[C@@]2([H])OC([H])(O[H])[C@@]([H])(O[H])[C@@]([H])(O[H])[C@]2([H])O[H])[C@]([H])(N([H])C(=O)C([H])([H])[H])[C@@]([H])(O[H])[C@]1([H])O[C@]1([H])O[C@]([H])(C([H])([H])O[H])[C@]([H])(O[H])[C@]([H])(O[C@@:56]([O:57])([C:65])[H:117])[C@@]1([H])O[H],EVODEX-P13774
EVODEX-N5114,>>[H]OC([H])([H])[C@@]1([H])O[C@@]([H])(OC([H])([H])[C@@]2([H])OC([H])(O[H])[C@@]([H])(O[H])[C@@]([H])(O[H])[C@]2([H])O[H])[C@]([H])(N([H])C(=O)C([H])([H])[H])[C@@]([H])(O[H])[C@]1([H])O[C@]1([H])O[C@]([H])(C([H])([H])O[H])[C@]([H])(O[H])[C@]([H])(O)[C@@]1([H])O[H].[H],EVODEX-P13776
EVODEX-N5115,[H]O[C@@]1([H])[C@@]([H])(O[H])[C@]([H])(N2:C([H]):C([H]):C(=O):N([H]):C:2=O)O[C@]1([H])C([H])([H])OP(=O)(O[H])OP(=O)(O[H])O[C@@:43]([O:44])([C:52])[H:87]>>[H]OC([H])([H])[C@@]1([H])O[C@@]([H])(OC2:C([H]):C([H]):C3:C(C([H])([H])[H]):C([H]):C(=O):O:C:3:C:2[H])[C@]([H])(O[H])[C@@]([H])(O[H])[C@]1([H])O[C@:43]([O:44])([C:52])[H:87],EVODEX-P13784
EVODEX-N5116,>>[H]OC([H])([H])[C@@]1([H])O[C@@]([H])(OC2:C([H]):C([H]):C3:C(C([H])([H])[H]):C([H]):C(=O):O:C:3:C:2[H])[C@]([H])(O[H])[C@@]([H])(O[H])[C@]1([H])O.[H],"EVODEX-P13786,EVODEX-P14602"
EVODEX-N5117,[H]O[C@@]1([H])[C@@]([H])(O[H])[C@]([H])(N2:C([H]):C([H]):C(=O):N([H]):C:2=O)O[C@]1([H])C([H])([H])OP(=O)(O[H])OP(=O)(O[H])O[C@@:42]([O:43])([C:51])[H:80]>>[H]OC1:C([H]):C([H]):C(C2:O:C3:C([H]):C(O[H]):C([H]):C(O[H]):C:3:C(=O):C:2O[C@:42]([O:43])([C:51])[H:80]):C([H]):C:1OC([H])([H])[H],EVODEX-P13789
EVODEX-N5118,>>[H]OC1:C([H]):C([H]):C(C2:O:C3:C([H]):C(O[H]):C([H]):C(O[H]):C:3:C(=O):C:2O):C([H]):C:1OC([H])([H])[H].[H],"EVODEX-P13791,EVODEX-P20681"
EVODEX-N5119,[H]OC1:C([H]):C([H]):C(C2:O:C3:C([H]):C(O[H]):C([H]):C(O[H]):C:3:C(=O):C:2O[C@:20]([O:21])([C:29])[H:68]):C([H]):C:1OC([H])([H])[H].[H][O:51][P:49]>>[C@@:20]([O:21])([C:29])([O:51][P:49])[H:68],EVODEX-P13794
EVODEX-N5120,[H]OC1:C([H]):C([H]):C(C2:O:C3:C([H]):C(O[H]):C([H]):C(O[H]):C:3:C(=O):C:2O[C@:20]([O:21])([C:29])[H:68]):C([H]):C:1OC([H])([H])[H]>>[H]O[C@@]1([H])[C@@]([H])(O[H])[C@]([H])(N2:C([H]):C([H]):C(=O):N([H]):C:2=O)O[C@]1([H])C([H])([H])OP(=O)(O[H])OP(=O)(O[H])O[C@@:20]([O:21])([C:29])[H:68],EVODEX-P13795
EVODEX-N5121,[H]O[C@@]1([H])[C@@]([H])(O[H])[C@]([H])(N2:C([H]):C([H]):C(=O):N([H]):C:2=O)O[C@]1([H])C([H])([H])OP(=O)(O[H])OP(=O)(O[H])O[C@:6]([C:5])([O:32])[H:127]>>[H]OC(=O)[C@]1(O[C@]2([H])[C@@]([H])(O[H])[C@]([H])(O[C@@]3([H])[C@]([H])(O[H])[C@@]([H])(O[H])[C@]([H])(OC([H])([H])[C@]([H])(N([H])C(=O)C([H])([H])C([H])([H])C([H])([H])C([H])([H])C([H])([H])C([H])([H])C([H])([H])C([H])([H])C([H])([H])C([H])([H])C([H])([H])C([H])([H])C([H])([H])C([H])([H])C([H])([H])C([H])([H])C([H])([H])[H])[C@]([H])(O[H])/C([H])=C(\[H])C([H])([H])C([H])([H])C([H])([H])C([H])([H])C([H])([H])C([H])([H])C([H])([H])C([H])([H])C([H])([H])C([H])([H])C([H])([H])C([H])([H])C([H])([H])[H])O[C@]3([H])C([H])([H])O[H])O[C@]([H])(C([H])([H])O[H])[C@]2([H])O[C@:6]([C:5])([O:32])[H:127])O[C@@]([H])([C@]([H])(O[H])[C@]([H])(O[H])C([H])([H])O[H])[C@]([H])(N([H])C(=O)C([H])([H])[H])[C@@]([H])(O[H])C1([H])[H],EVODEX-P13800
EVODEX-N5122,>>[H]OC(=O)[C@]1(O[C@@]2([H])[C@@]([H])(O)[C@@]([H])(C([H])([H])O[H])O[C@@]([H])(O[C@@]3([H])[C@]([H])(O[H])[C@@]([H])(O[H])[C@]([H])(OC([H])([H])[C@]([H])(N([H])C(=O)C([H])([H])C([H])([H])C([H])([H])C([H])([H])C([H])([H])C([H])([H])C([H])([H])C([H])([H])C([H])([H])C([H])([H])C([H])([H])C([H])([H])C([H])([H])C([H])([H])C([H])([H])C([H])([H])C([H])([H])[H])[C@]([H])(O[H])/C([H])=C(\[H])C([H])([H])C([H])([H])C([H])([H])C([H])([H])C([H])([H])C([H])([H])C([H])([H])C([H])([H])C([H])([H])C([H])([H])C([H])([H])C([H])([H])C([H])([H])[H])O[C@]3([H])C([H])([H])O[H])[C@]2([H])O[H])O[C@@]([H])([C@]([H])(O[H])[C@]([H])(O[H])C([H])([H])O[H])[C@]([H])(N([H])C(=O)C([H])([H])[H])[C@@]([H])(O[H])C1([H])[H].[H],"EVODEX-P13801,EVODEX-P15811"
EVODEX-N5123,[H][N:77]([C:76])[H:152]>>[H]OC([H])([H])[C@@]1([H])OC([H])([N:77]([C:76])[H:152])[C@]([H])(N([H])C(=O)C([H])([H])[H])[C@@]([H])(O[H])[C@]1([H])O[H],EVODEX-P13809
EVODEX-N5124,[H]O[C@@]1([H])[C@@]([H])(O[H])[C@]([H])(N2:C([H]):C([H]):C(=O):N([H]):C:2=O)O[C@]1([H])C([H])([H])OP(=O)(O[H])OP(=O)(O[H])O[C@:6]([C:5])([O:32])[H:94]>>[H]OC(=O)[C@@]([H])(N([H])C(=O)[C@@]([H])(N([H])C(=O)[C@@]([H])(N([H])C(=O)[C@@]([H])(N([H])C(=O)[C@@]([H])(N([H])C(=O)[C@@]([H])(N([H])[H])C([H])([H])S[H])C([H])([H])C(=O)N([H])[C:6]([C:5])([O:32])[H:94])C([H])([H])O[H])C([H])([H])C1:C([H]):C([H]):C(O[H]):C([H]):C:1[H])C([H])([H])C([H])([H])C([H])([H])C([H])([H])N([H])[H])C([H])(O[H])C([H])([H])[H],EVODEX-P13810
EVODEX-N5125,[H]O[C@@]1([H])[C@@]([H])(O[H])[C@]([H])(N2:C([H]):C([H]):C(=O):N([H]):C:2=O)O[C@]1([H])C([H])([H])OP(=O)(O[H])OP(=O)(O[H])O[C@@:29]([O:30])([C:38])[H:55]>>[H]O[C@@]([H])(C([H])([H])OP(=O)(O[H])O[H])C([H])([H])O[C@@:29]([O:30])([C:38])[H:55],EVODEX-P13815
EVODEX-N5126,[H]O[C@@]1([H])[C@@]([H])(O[H])[C@]([H])(N2:C([H]):C([H]):C(=O):N([H]):C:2=O)O[C@]1([H])C([H])([H])OP(=O)(O[H])OP(=O)(O[H])O[C@@:29]([O:30])([C:38])[H:55]>>[H]OC([H])([C@@]([H])(O[H])C([H])([H])OP(=O)(O[H])O[H])[C@@:29]([O:30])([C:38])[H:55],EVODEX-P13820
EVODEX-N5127,[H]OC([H])([H])[C@@]1([H])O[C@]([H])(O[C@]2(C([H])([H])O[C@@:5]([O:4])([C:6])[C:31])O[C@]([H])(C([H])([H])O[H])[C@@]([H])(O[H])[C@]2([H])O[H])[C@]([H])(O[H])[C@@]([H])(O[H])[C@]1([H])O[H].[H][O:41][C:40]>>[O:4][C@:5]([C:6])([C:31])[O:41][C:40],"EVODEX-P13827,EVODEX-P14666"
EVODEX-N5128,[H]O[C@@]1([H])[C@@]([H])(O[H])[C@]([H])(N2:C([H]):C([H]):C(=O):N([H]):C:2=O)O[C@]1([H])C([H])([H])OP(=O)(O[H])OP(=O)(O[H])O[C@:138]([C:137])([O:164])[H:177]>>[H]OC(=O)[C@@]([H])(N([H])C(=O)[C@@]([H])(N([H])C(=O)[C@@]([H])(N([H])C(=O)[C@@]([H])(N([H])C(=O)[C@@]([H])(N([H])C(=O)[C@@]([H])(N([H])[H])C([H])([H])S[H])C([H])([H])C(=O)N([H])[C@]1([H])O[C@]([H])(C([H])([H])O[H])[C@@]([H])(O[C@]2([H])O[C@]([H])(C([H])([H])O[H])[C@@]([H])(O[C@]3([H])O[C@]([H])(C([H])([H])O[C@@]4([H])O[C@]([H])(C([H])([H])O[C@@]5([H])O[C@]([H])(C([H])([H])O[H])[C@@]([H])(O[H])[C@]([H])(O[H])[C@]5([H])O[H])[C@@]([H])(O[H])[C@]([H])(O[C@@]5([H])O[C@]([H])(C([H])([H])O[H])[C@@]([H])(O[H])[C@]([H])(O[H])[C@]5([H])O[H])[C@]4([H])O[H])[C@@]([H])(O[H])[C@]([H])(O[C@@]4([H])O[C@]([H])(C([H])([H])O[H])[C@@]([H])(O[H])[C@]([H])(O[C@@:138]([C:137])([O:164])[H:177])[C@]4([H])O[H])[C@]3([H])O[H])[C@]([H])(O[H])[C@@]2([H])N([H])C(=O)C([H])([H])[H])[C@]([H])(O[H])[C@@]1([H])N([H])C(=O)C([H])([H])[H])C([H])([H])O[H])C([H])([H])C1:C([H]):C([H]):C(O[H]):C([H]):C:1[H])C([H])([H])C([H])([H])C([H])([H])C([H])([H])N([H])[H])C([H])(O[H])C([H])([H])[H],EVODEX-P13831
EVODEX-N5129,>>[H]OC(=O)[C@@]([H])(N([H])C(=O)[C@@]([H])(N([H])C(=O)[C@@]([H])(N([H])C(=O)[C@@]([H])(N([H])C(=O)[C@@]([H])(N([H])C(=O)[C@@]([H])(N([H])[H])C([H])([H])S[H])C([H])([H])C(=O)N([H])[C@]1([H])O[C@]([H])(C([H])([H])O[H])[C@@]([H])(O[C@]2([H])O[C@]([H])(C([H])([H])O[H])[C@@]([H])(O[C@]3([H])O[C@]([H])(C([H])([H])O[C@@]4([H])O[C@]([H])(C([H])([H])O[C@@]5([H])O[C@]([H])(C([H])([H])O[H])[C@@]([H])(O[H])[C@]([H])(O[H])[C@]5([H])O[H])[C@@]([H])(O[H])[C@]([H])(O[C@@]5([H])O[C@]([H])(C([H])([H])O[H])[C@@]([H])(O[H])[C@]([H])(O[H])[C@]5([H])O[H])[C@]4([H])O[H])[C@@]([H])(O[H])[C@]([H])(O[C@@]4([H])O[C@]([H])(C([H])([H])O[H])[C@@]([H])(O[H])[C@]([H])(O)[C@]4([H])O[H])[C@]3([H])O[H])[C@]([H])(O[H])[C@@]2([H])N([H])C(=O)C([H])([H])[H])[C@]([H])(O[H])[C@@]1([H])N([H])C(=O)C([H])([H])[H])C([H])([H])O[H])C([H])([H])C1:C([H]):C([H]):C(O[H]):C([H]):C:1[H])C([H])([H])C([H])([H])C([H])([H])C([H])([H])N([H])[H])C([H])(O[H])C([H])([H])[H].[H],EVODEX-P13832
EVODEX-N5130,[H]O[C@@]1([H])[C@@]([H])(O[H])[C@]([H])(N2:C([H]):C([H]):C(=O):N([H]):C:2=O)O[C@]1([H])C([H])([H])OP(=O)(O[H])OP(=O)(O[H])O[C@:6]([C:5])([O:32])[H:87]>>[H]OC([H])([H])[C@]1([H])OC([H])(OC([H])([H])[C@]2([H])O[C@]([H])(OC([H])([H])C([H])([H])C([H])([H])C([H])([H])C([H])([H])C([H])([H])C([H])([H])C([H])([H])[H])[C@]([H])(O[C@@:6]([C:5])([O:32])[H:87])[C@]([H])(OC3([H])O[C@@]([H])(C([H])([H])O[H])C([H])(O[H])[C@@]([H])(O[H])[C@@]3([H])O[H])C2([H])O[H])[C@]([H])(O[H])[C@]([H])(O[H])C1([H])O[H],EVODEX-P13836
EVODEX-N5131,>>[H]OC([H])([H])[C@]1([H])OC([H])(OC([H])([H])[C@]2([H])O[C@]([H])(OC([H])([H])C([H])([H])C([H])([H])C([H])([H])C([H])([H])C([H])([H])C([H])([H])C([H])([H])[H])[C@]([H])(O)[C@]([H])(OC3([H])O[C@@]([H])(C([H])([H])O[H])C([H])(O[H])[C@@]([H])(O[H])[C@@]3([H])O[H])C2([H])O[H])[C@]([H])(O[H])[C@]([H])(O[H])C1([H])O[H].[H],EVODEX-P13837
EVODEX-N5132,[H][O:27][C:26][C:25][O:24][C@@:23]([O:22])([C:32])[H:93].[C:38][C@@:39]([O:40])([O:65])[H:109]>>[O:22][C@@:23]([O:27][C:26][C:25][O:24][C@:39]([C:38])([O:65])[H:109])([C:32])[H:93].[H][O:40],EVODEX-P13838
EVODEX-N5133,[H][O:27][C:26][C:25][O:24][C@@:23]([O:22])([C:32])[H:93].[H]O[C@@]1([H])[C@@]([H])(O[H])[C@]([H])(N2:C([H]):C([H]):C(=O):N([H]):C:2=O)O[C@]1([H])C([H])([H])OP(=O)(O[H])OP(=O)(O[H])O[C@:39]([C:38])([O:65])[H:109]>>[O:22][C@@:23]([O:27][C:26][C:25][O:24][C@:39]([C:38])([O:65])[H:109])([C:32])[H:93],EVODEX-P13839
EVODEX-N5134,[H]O[C@@]1([H])[C@@]([H])(O[H])[C@]([H])(N2:C([H]):C([H]):C(=O):N([H]):C:2=O)O[C@]1([H])C([H])([H])OP(=O)(O[H])OP(=O)(O[H])O[C@:39]([C:38])([O:65])[H:109]>>[H]OC([H])([H])[C@@]1([H])O[C@]([H])(OC([H])([H])C2:C([H]):C([H]):C([H]):C([H]):C:2[H])[C@]([H])(N([H])C(=O)C([H])([H])[H])[C@@]([H])(O[C@@]2([H])OC([H])([H])[C@@]([H])(O[C@:39]([C:38])([O:65])[H:109])[C@]([H])(O[H])[C@]([H])(O[H])[C@@]2([H])O[H])[C@@]1([H])O[H],EVODEX-P13840
EVODEX-N5135,[H][O:27][C:26].[O:22][C@:23]([O:24])([C:32])[H:93]>>[H]OC([H])([H])[C@@]1([H])O[C@]([H])([O:24])[C@]([H])(N([H])C(=O)C([H])([H])[H])[C@@]([H])(O[H])[C@]1([H])O[H].[O:22][C@@:23]([O:27][C:26])([C:32])[H:93],EVODEX-P13841
EVODEX-N5136,>>[H]OC([H])([H])[C@@]1([H])O[C@]([H])(OC([H])([H])C2:C([H]):C([H]):C([H]):C([H]):C:2[H])[C@]([H])(N([H])C(=O)C([H])([H])[H])[C@@]([H])(O[C@@]2([H])OC([H])([H])[C@@]([H])(O)[C@]([H])(O[H])[C@]([H])(O[H])[C@@]2([H])O[H])[C@@]1([H])O[H].[H],EVODEX-P13842
EVODEX-N5137,[H]OC([H])([H])[C@@]1([H])O[C@@]([H])(O[C@@]2([H])[C@@]([H])(O[H])[C@@]([H])(C([H])([H])O[H])O[C@]([H])([O:7][C:8])[C@]2([H])N([H])C(=O)C([H])([H])[H])[C@]([H])(O[H])[C@@]([H])(O[H])[C@@]1([H])O[H]>>[H][O:7][C:8],"EVODEX-P13844,EVODEX-P23536,EVODEX-P23826"
EVODEX-N5138,[H]C1:C([H]):C([H]):C(C([H])([H])O[C@:6]([C:5])([O:15])[H:78]):C([H]):C:1[H].[H][O:68][C:67]>>[C:5][C@@:6]([O:15])([O:68][C:67])[H:78],EVODEX-P13845
EVODEX-N5139,[H][O:68][C:67]>>[H]OC([H])([H])[C@@]1([H])O[C@@]([H])(O[C@@]2([H])[C@@]([H])(O[H])[C@@]([H])(C([H])([H])O[H])O[C@@]([H])([O:68][C:67])[C@]2([H])N([H])C(=O)C([H])([H])[H])[C@]([H])(O[H])[C@@]([H])(O[H])[C@@]1([H])O[H],EVODEX-P13846
EVODEX-N5140,[H]C1:C([H]):C([H]):C(C([H])([H])O[C@:6]([C:5])([O:15])[H:78]):C([H]):C:1[H]>>[H]O[C@@]1([H])[C@@]([H])(O[H])[C@]([H])(N2:C([H]):C([H]):C(=O):N([H]):C:2=O)O[C@]1([H])C([H])([H])OP(=O)(O[H])OP(=O)(O[H])O[C@]1([H])O[C@@]([H])(C([H])([H])O[C@@:6]([C:5])([O:15])[H:78])[C@]([H])(O[H])[C@@]([H])(O[H])[C@]1([H])N([H])C(=O)C([H])([H])[H],EVODEX-P13847
EVODEX-N5141,>>[H]O[C@@]1([H])[C@@]([H])(O[H])[C@]([H])(N2:C([H]):C([H]):C(=O):N([H]):C:2=O)O[C@]1([H])C([H])([H])OP(=O)(O[H])OP(=O)(O[H])O[C@]1([H])O[C@@]([H])(C([H])([H])O)[C@]([H])(O[H])[C@@]([H])(O[H])[C@]1([H])N([H])C(=O)C([H])([H])[H].[H],"EVODEX-P13848,EVODEX-P14336,EVODEX-P14963,EVODEX-P14969,EVODEX-P15905,EVODEX-P18967,EVODEX-P20223"
EVODEX-N5142,[H]O[C@@]1([H])[C@@]([H])(O[H])[C@]([H])(N2:C([H]):C([H]):C(=O):N([H]):C:2=O)O[C@]1([H])C([H])([H])OP(=O)(O[H])OP(=O)(O[H])O[C@@:37]([O:38])([C:46])[H:63]>>[H]OC1:C(O[C@:37]([O:38])([C:46])[H:63]):C([H]):C([H]):C2:C:1C(=O)C1:C([H]):C([H]):C([H]):C([H]):C:1C2=O,EVODEX-P13852
EVODEX-N5143,>>[H].[H]OC1:C(O):C([H]):C([H]):C2:C:1C(=O)C1:C([H]):C([H]):C([H]):C([H]):C:1C2=O,EVODEX-P13853
EVODEX-N5144,[H]O[C@@]1([H])[C@@]([H])(O[H])[C@]([H])(N2:C([H]):C([H]):C(=O):N([H]):C:2=O)O[C@]1([H])C([H])([H])OP(=O)(O[H])OP(=O)(O[H])O[C@@:37]([O:38])([C:46])[H:63]>>[H]OC1:C([H]):C([H]):C(O[C@:37]([O:38])([C:46])[H:63]):C2:C:1C(=O)C1:C([H]):C([H]):C([H]):C([H]):C:1C2=O,EVODEX-P13857
EVODEX-N5145,>>[H].[H]OC1:C([H]):C([H]):C(O):C2:C:1C(=O)C1:C([H]):C([H]):C([H]):C([H]):C:1C2=O,EVODEX-P13858
EVODEX-N5146,[H]O[C@@]1([H])[C@@]([H])(O[H])[C@]([H])(N2:C([H]):C([H]):C(=O):N([H]):C:2=O)O[C@]1([H])C([H])([H])OP(=O)(O[H])OP(=O)(O[H])O[C@@:32]([O:33])([C:41])[H:58]>>[H]OC1:C(O[C@:32]([O:33])([C:41])[H:58]):C([H]):C([H]):C2:C([H]):C([H]):C(=O):O:C:1:2,EVODEX-P13862
EVODEX-N5147,>>[H].[H]OC1:C(O):C([H]):C([H]):C2:C([H]):C([H]):C(=O):O:C:1:2,EVODEX-P13863
EVODEX-N5148,[H]O[C@@]1([H])[C@@]([H])(O[H])[C@]([H])(N2:C([H]):C([H]):C(=O):N([H]):C:2=O)O[C@]1([H])C([H])([H])OP(=O)(O[H])OP(=O)(O[H])O[C@@:32]([O:33])([C:41])[H:58]>>[H]OC1:C(O[C@:32]([O:33])([C:41])[H:58]):C([H]):C2:O:C(=O):C([H]):C([H]):C:2:C:1[H],EVODEX-P13867
EVODEX-N5149,>>[H].[H]OC1:C(O):C([H]):C2:O:C(=O):C([H]):C([H]):C:2:C:1[H],"EVODEX-P13868,EVODEX-P16611"
EVODEX-N5150,[H]O[C@@]1([H])[C@@]([H])(O[H])[C@]([H])(N2:C([H]):C([H]):C(=O):N([H]):C:2=O)O[C@]1([H])C([H])([H])OP(=O)(O[H])OP(=O)(O[H])O[C@@:50]([O:51])([C:59])[H:96]>>[H]OC1:C([H]):C([H]):C(C2:O:C3:C([C@]4([H])O[C@]([H])(C([H])([H])O[H])[C@@]([H])(O[H])[C@]([H])(O[H])[C@@]4([H])O[C@:50]([O:51])([C:59])[H:96]):C(O[H]):C([H]):C(O[H]):C:3:C(=O):C:2[H]):C([H]):C:1[H],EVODEX-P13871
EVODEX-N5151,>>[H]OC1:C([H]):C([H]):C(C2:O:C3:C([C@]4([H])O[C@]([H])(C([H])([H])O[H])[C@@]([H])(O[H])[C@]([H])(O[H])[C@@]4([H])O):C(O[H]):C([H]):C(O[H]):C:3:C(=O):C:2[H]):C([H]):C:1[H].[H],EVODEX-P13873
EVODEX-N5152,[H]O[C@@]1([H])[C@@]([H])(O[H])[C@]([H])(N2:C([H]):C([H]):C(=O):N([H]):C:2=O)O[C@]1([H])C([H])([H])OP(=O)(O[H])OP(=O)(O[H])O[C@@:50]([O:51])([C:59])[H:96]>>[H]OC1:C([H]):C([H]):C(C2:O:C3:C([H]):C(O[H]):C([C@]4([H])O[C@]([H])(C([H])([H])O[H])[C@@]([H])(O[H])[C@]([H])(O[H])[C@@]4([H])O[C@:50]([O:51])([C:59])[H:96]):C(O[H]):C:3:C(=O):C:2[H]):C([H]):C:1[H],EVODEX-P13876
EVODEX-N5153,>>[H]OC1:C([H]):C([H]):C(C2:O:C3:C([H]):C(O[H]):C([C@]4([H])O[C@]([H])(C([H])([H])O[H])[C@@]([H])(O[H])[C@]([H])(O[H])[C@@]4([H])O):C(O[H]):C:3:C(=O):C:2[H]):C([H]):C:1[H].[H],EVODEX-P13878
EVODEX-N5154,[H]O[C@@]1([H])[C@@]([H])(O[H])[C@]([H])(N2:C([H]):C([H]):C(=O):N([H]):C:2=O)O[C@]1([H])C([H])([H])OP(=O)(O[H])OP(=O)(O[H])O[C@@:51]([O:52])([C:60])[H:97]>>[H]OC1:C([H]):C([H]):C(C2:O:C3:C([H]):C(O[H]):C([C@]4([H])O[C@]([H])(C([H])([H])O[H])[C@@]([H])(O[H])[C@]([H])(O[H])[C@@]4([H])O[C@:51]([O:52])([C:60])[H:97]):C(O[H]):C:3:C(=O):C:2[H]):C([H]):C:1O[H],EVODEX-P13881
EVODEX-N5155,>>[H]OC1:C([H]):C([H]):C(C2:O:C3:C([H]):C(O[H]):C([C@]4([H])O[C@]([H])(C([H])([H])O[H])[C@@]([H])(O[H])[C@]([H])(O[H])[C@@]4([H])O):C(O[H]):C:3:C(=O):C:2[H]):C([H]):C:1O[H].[H],EVODEX-P13883
EVODEX-N5156,[H][O:147][C:146].[H]OP(=O)(OC([H])([H])C([H])([H])C([H])(C([H])([H])[H])C([H])([H])C([H])([H])/C([H])=C(/C([H])([H])[H])C([H])([H])C([H])([H])/C([H])=C(/C([H])([H])[H])C([H])([H])C([H])([H])/C([H])=C(/C([H])([H])[H])C([H])([H])C([H])([H])/C([H])=C(/C([H])([H])[H])C([H])([H])C([H])([H])/C([H])=C(/C([H])([H])[H])C([H])([H])C([H])([H])/C([H])=C(/C([H])([H])[H])C([H])([H])C([H])([H])/C([H])=C(/C([H])([H])[H])C([H])([H])C([H])([H])/C([H])=C(/C([H])([H])[H])C([H])([H])C([H])([H])/C([H])=C(/C([H])([H])[H])C([H])([H])C([H])([H])/C([H])=C(/C([H])([H])[H])C([H])([H])C([H])([H])/C([H])=C(/C([H])([H])[H])C([H])([H])C([H])([H])/C([H])=C(/C([H])([H])[H])C([H])([H])C([H])([H])/C([H])=C(/C([H])([H])[H])C([H])([H])C([H])([H])/C([H])=C(/C([H])([H])[H])C([H])([H])C([H])([H])/C([H])=C(/C([H])([H])[H])C([H])([H])C([H])([H])/C([H])=C(/C([H])([H])[H])C([H])([H])C([H])([H])/C([H])=C(\C([H])([H])[H])C([H])([H])C([H])([H])/C([H])=C(\C([H])([H])[H])C([H])([H])C([H])([H])C([H])=C(C([H])([H])[H])C([H])([H])[H])O[C@:106]([O:107])([C:115])[H:376]>>[C:106]([O:107])([C:115])([O:147][C:146])[H:376],"EVODEX-P13885,EVODEX-P13891,EVODEX-P15623"
EVODEX-N5157,[H]OP(=O)(OC([H])([H])C([H])([H])C([H])(C([H])([H])[H])C([H])([H])C([H])([H])/C([H])=C(/C([H])([H])[H])C([H])([H])C([H])([H])/C([H])=C(/C([H])([H])[H])C([H])([H])C([H])([H])/C([H])=C(/C([H])([H])[H])C([H])([H])C([H])([H])/C([H])=C(/C([H])([H])[H])C([H])([H])C([H])([H])/C([H])=C(/C([H])([H])[H])C([H])([H])C([H])([H])/C([H])=C(/C([H])([H])[H])C([H])([H])C([H])([H])/C([H])=C(/C([H])([H])[H])C([H])([H])C([H])([H])/C([H])=C(/C([H])([H])[H])C([H])([H])C([H])([H])/C([H])=C(/C([H])([H])[H])C([H])([H])C([H])([H])/C([H])=C(/C([H])([H])[H])C([H])([H])C([H])([H])/C([H])=C(/C([H])([H])[H])C([H])([H])C([H])([H])/C([H])=C(/C([H])([H])[H])C([H])([H])C([H])([H])/C([H])=C(/C([H])([H])[H])C([H])([H])C([H])([H])/C([H])=C(/C([H])([H])[H])C([H])([H])C([H])([H])/C([H])=C(/C([H])([H])[H])C([H])([H])C([H])([H])/C([H])=C(/C([H])([H])[H])C([H])([H])C([H])([H])/C([H])=C(\C([H])([H])[H])C([H])([H])C([H])([H])/C([H])=C(\C([H])([H])[H])C([H])([H])C([H])([H])C([H])=C(C([H])([H])[H])C([H])([H])[H])O[C@:106]([O:107])([C:115])[H:376]>>[H]OC(=O)[C@@]([H])(N([H])C(=O)[C@@]([H])(N([H])C(=O)[C@@]([H])(N([H])C(=O)[C@@]([H])(N([H])C(=O)[C@@]([H])(N([H])C(=O)[C@@]([H])(N([H])[H])C([H])([H])S[H])C([H])([H])C(=O)N([H])[H])C([H])([H])O[C:106]([O:107])([C:115])[H:376])C([H])([H])C1:C([H]):C([H]):C(O[H]):C([H]):C:1[H])C([H])([H])C([H])([H])C([H])([H])C([H])([H])N([H])[H])C([H])(O[H])C([H])([H])[H],"EVODEX-P13886,EVODEX-P15624"
EVODEX-N5158,[H]OP(=O)(OC([H])([H])C([H])([H])C([H])(C([H])([H])[H])C([H])([H])C([H])([H])/C([H])=C(/C([H])([H])[H])C([H])([H])C([H])([H])/C([H])=C(/C([H])([H])[H])C([H])([H])C([H])([H])/C([H])=C(/C([H])([H])[H])C([H])([H])C([H])([H])/C([H])=C(/C([H])([H])[H])C([H])([H])C([H])([H])/C([H])=C(/C([H])([H])[H])C([H])([H])C([H])([H])/C([H])=C(/C([H])([H])[H])C([H])([H])C([H])([H])/C([H])=C(/C([H])([H])[H])C([H])([H])C([H])([H])/C([H])=C(/C([H])([H])[H])C([H])([H])C([H])([H])/C([H])=C(/C([H])([H])[H])C([H])([H])C([H])([H])/C([H])=C(/C([H])([H])[H])C([H])([H])C([H])([H])/C([H])=C(/C([H])([H])[H])C([H])([H])C([H])([H])/C([H])=C(/C([H])([H])[H])C([H])([H])C([H])([H])/C([H])=C(/C([H])([H])[H])C([H])([H])C([H])([H])/C([H])=C(/C([H])([H])[H])C([H])([H])C([H])([H])/C([H])=C(/C([H])([H])[H])C([H])([H])C([H])([H])/C([H])=C(/C([H])([H])[H])C([H])([H])C([H])([H])/C([H])=C(\C([H])([H])[H])C([H])([H])C([H])([H])/C([H])=C(\C([H])([H])[H])C([H])([H])C([H])([H])C([H])=C(C([H])([H])[H])C([H])([H])[H])O[C@:106]([O:107])([C:115])[H:376]>>[H]OC(=O)[C@@]([H])(N([H])C(=O)[C@@]([H])(N([H])C(=O)[C@@]([H])(N([H])C(=O)[C@@]([H])(N([H])C(=O)[C@@]([H])(N([H])C(=O)[C@@]([H])(N([H])[H])C([H])([H])S[H])C([H])([H])C(=O)N([H])[H])C([H])([H])O[H])C([H])([H])C1:C([H]):C([H]):C(O[H]):C([H]):C:1[H])C([H])([H])C([H])([H])C([H])([H])C([H])([H])N([H])[H])C([H])(O[C@@:106]([O:107])([C:115])[H:376])C([H])([H])[H],EVODEX-P13892
EVODEX-N5159,[H]O[C@@]1([H])[C@@]([H])(O[H])[C@]([H])(N2:C([H]):C([H]):C(=O):N([H]):C:2=O)O[C@]1([H])C([H])([H])OP(=O)(O[H])OP(=O)(O[H])O[C@@:32]([O:33])([C:41])[H:70]>>[H]OC([H])([H])/C([H])=C(\[H])C1:C([H]):C([H]):C(O[C@:32]([O:33])([C:41])[H:70]):C(OC([H])([H])[H]):C:1[H],EVODEX-P13897
EVODEX-N5160,>>[H]OC([H])([H])/C([H])=C(\[H])C1:C([H]):C([H]):C(O):C(OC([H])([H])[H]):C:1[H].[H],EVODEX-P13899
EVODEX-N5161,[H]OC([H])([H])/C([H])=C(\[H])C1:C([H]):C([H]):C(O[C@:14]([O:15])([C:23])[H:61]):C(OC([H])([H])[H]):C:1[H].[H][O:41][P:39]>>[C@@:14]([O:15])([C:23])([O:41][P:39])[H:61],EVODEX-P13902
EVODEX-N5162,[H]OC([H])([H])/C([H])=C(\[H])C1:C([H]):C([H]):C(O[C@:14]([O:15])([C:23])[H:61]):C(OC([H])([H])[H]):C:1[H]>>[H]O[C@@]1([H])[C@@]([H])(O[H])[C@]([H])(N2:C([H]):C([H]):C(=O):N([H]):C:2=O)O[C@]1([H])C([H])([H])OP(=O)(O[H])OP(=O)(O[H])O[C@@:14]([O:15])([C:23])[H:61],EVODEX-P13903
EVODEX-N5163,[H]O[C@@]1([H])[C@@]([H])(O[H])[C@]([H])(N2:C([H]):N:C3:C(N([H])[H]):N:C([H]):N:C:3:2)O[C@]1([H])C([H])([H])OP(=O)(O[H])OP(=O)(O[H])O[C@@:73]([O:74])([C:82])[H:144]>>[H]OC(=O)[C@@]([H])(N([H])C(=O)[C@@]([H])(N([H])C(=O)[C@@]([H])(N([H])C(=O)[C@@]([H])(N([H])C(=O)[C@@]([H])(N([H])C(=O)[C@@]([H])(N([H])[H])C([H])([H])S[H])C([H])([H])C(=O)N([H])[H])C([H])([H])O[H])C([H])([H])C1:C([H]):C([H]):C(O[C@:73]([O:74])([C:82])[H:144]):C([H]):C:1[H])C([H])([H])C([H])([H])C([H])([H])C([H])([H])N([H])[H])C([H])(O[H])C([H])([H])[H],EVODEX-P13907
EVODEX-N5164,[H]O[C@@]1([H])[C@@]([H])(O[H])[C@]([H])(N2:C([H]):C([H]):C(=O):N([H]):C:2=O)O[C@]1([H])C([H])([H])OP(=O)(O[H])OP(=O)(O[H])O[C@@:31]([O:32])([C:40])[H:57]>>[H]OC(=O)/C([H])=C(\[H])C1:C([H]):C([H]):C([H]):C([H]):C:1O[C@:31]([O:32])([C:40])[H:57],EVODEX-P13913
EVODEX-N5165,>>[H].[H]OC(=O)/C([H])=C(\[H])C1:C([H]):C([H]):C([H]):C([H]):C:1O,EVODEX-P13914
EVODEX-N5166,[H]O[C@@]1([H])[C@@]([H])(O[H])[C@]([H])(N2:C([H]):C([H]):C(=O):N([H]):C:2=O)O[C@]1([H])C([H])([H])OP(=O)(O[H])OP(=O)(O[H])O[C@@:49]([O:50])([C:58])[H:120]>>[H]OP(=O)(OC([H])([H])C([H])([H])C([H])(C([H])([H])[H])C([H])([H])C([H])([H])/C([H])=C(/C([H])([H])[H])C([H])([H])C([H])([H])/C([H])=C(\C([H])([H])[H])C([H])([H])C([H])([H])/C([H])=C(\C([H])([H])[H])C([H])([H])C([H])([H])C([H])=C(C([H])([H])[H])C([H])([H])[H])O[C@:49]([O:50])([C:58])[H:120],"EVODEX-P13937,EVODEX-P15613"
EVODEX-N5167,[H]O[C@@]1([H])[C@@]([H])(O[H])[C@]([H])(N2:C([H]):C([H]):C(=O):N([H]):C:2=O)O[C@]1([H])C([H])([H])OP(=O)(O[H])OP(=O)(O[H])O[C@@:124]([O:125])([C:133])[H:315]>>[H]OP(=O)(OC([H])([H])C([H])([H])C([H])(C([H])([H])[H])C([H])([H])C([H])([H])/C([H])=C(/C([H])([H])[H])C([H])([H])C([H])([H])/C([H])=C(/C([H])([H])[H])C([H])([H])C([H])([H])/C([H])=C(/C([H])([H])[H])C([H])([H])C([H])([H])/C([H])=C(/C([H])([H])[H])C([H])([H])C([H])([H])/C([H])=C(/C([H])([H])[H])C([H])([H])C([H])([H])/C([H])=C(/C([H])([H])[H])C([H])([H])C([H])([H])/C([H])=C(/C([H])([H])[H])C([H])([H])C([H])([H])/C([H])=C(/C([H])([H])[H])C([H])([H])C([H])([H])/C([H])=C(/C([H])([H])[H])C([H])([H])C([H])([H])/C([H])=C(/C([H])([H])[H])C([H])([H])C([H])([H])/C([H])=C(/C([H])([H])[H])C([H])([H])C([H])([H])/C([H])=C(/C([H])([H])[H])C([H])([H])C([H])([H])/C([H])=C(/C([H])([H])[H])C([H])([H])C([H])([H])/C([H])=C(/C([H])([H])[H])C([H])([H])C([H])([H])/C([H])=C(/C([H])([H])[H])C([H])([H])C([H])([H])/C([H])=C(/C([H])([H])[H])C([H])([H])C([H])([H])/C([H])=C(\C([H])([H])[H])C([H])([H])C([H])([H])/C([H])=C(\C([H])([H])[H])C([H])([H])C([H])([H])C([H])=C(C([H])([H])[H])C([H])([H])[H])O[C@:124]([O:125])([C:133])[H:315],"EVODEX-P13941,EVODEX-P14164,EVODEX-P15618"
EVODEX-N5168,[H]O[C@@]1([H])[C@@]([H])(O[H])[C@]([H])(N2:C([H]):C([H]):C(=O):N([H]):C:2=O)O[C@]1([H])C([H])([H])OP(=O)(O[H])OP(=O)(O[H])O[C@@:19]([O:20])([C:28])[H:62]>>[H]C1:N:C(N([H])C([H])([H])C2:C([H]):C([H]):C([H]):C([H]):C:2[H]):C2:C(:N:1):N:C([H]):N:2[C@@:19]([O:20])([C:28])[H:62],EVODEX-P13946
EVODEX-N5169,[H]O[C@@]1([H])[C@@]([H])(O[H])[C@]([H])(N2:C([H]):C([H]):C(=O):N([H]):C:2=O)O[C@]1([H])C([H])([H])OP(=O)(O[H])OP(=O)(O[H])O[C@@:35]([O:36])([C:44])[H:74]>>[H]OC([H])([H])/C(=C(\[H])C([H])([H])N([H])C1:N:C([H]):N:C2:N:C([H]):N([C@:35]([O:36])([C:44])[H:74]):C:1:2)C([H])([H])[H],EVODEX-P13950
EVODEX-N5170,[H]OC1:C(OC([H])([H])[H]):C([H]):C(/C([H])=C(\[H])C(=O)O[C@:11]([O:12])([C:20])[H:59]):C([H]):C:1OC([H])([H])[H].[H][O:44][P:42]>>[C@@:11]([O:12])([C:20])([O:44][P:42])[H:59],EVODEX-P13955
EVODEX-N5171,[H]OC1:C(OC([H])([H])[H]):C([H]):C(/C([H])=C(\[H])C(=O)O[C@:11]([O:12])([C:20])[H:59]):C([H]):C:1OC([H])([H])[H]>>[H]O[C@@]1([H])[C@@]([H])(O[H])[C@]([H])(N2:C([H]):C([H]):C(=O):N([H]):C:2=O)O[C@]1([H])C([H])([H])OP(=O)(O[H])OP(=O)(O[H])O[C@@:11]([O:12])([C:20])[H:59],EVODEX-P13956
EVODEX-N5172,[H]O[C@@]1([H])[C@@]([H])(O[H])[C@]([H])(N2:C([H]):C([H]):C(=O):N([H]):C:2=O)O[C@]1([H])C([H])([H])OP(=O)(O[H])OP(=O)(O[H])O[C@@:32]([O:33])([C:41])[H:58]>>[H]C1:C([H]):C([H]):C2:C(:C:1[H]):C(C([H])([H])C(=O)O[C@:32]([O:33])([C:41])[H:58]):C([H]):N:2[H],EVODEX-P13961
EVODEX-N5173,>>[H].[H]C1:C([H]):C([H]):C2:C(:C:1[H]):C(C([H])([H])C(O)=O):C([H]):N:2[H],EVODEX-P13962
EVODEX-N5174,[H]C1:C([H]):C([H]):C2:C(:C:1[H]):C(C([H])([H])C(=O)O[C@:14]([O:15])([C:23])[H:52]):C([H]):N:2[H].[H][O:41][P:39]>>[C@@:14]([O:15])([C:23])([O:41][P:39])[H:52],EVODEX-P13965
EVODEX-N5175,[H]C1:C([H]):C([H]):C2:C(:C:1[H]):C(C([H])([H])C(=O)O[C@:14]([O:15])([C:23])[H:52]):C([H]):N:2[H]>>[H]O[C@@]1([H])[C@@]([H])(O[H])[C@]([H])(N2:C([H]):C([H]):C(=O):N([H]):C:2=O)O[C@]1([H])C([H])([H])OP(=O)(O[H])OP(=O)(O[H])O[C@@:14]([O:15])([C:23])[H:52],EVODEX-P13966
EVODEX-N5176,[H]O[C@@]1([H])[C@@]([H])(O[H])[C@]([H])(N2:C([H]):C([H]):C(=O):N([H]):C:2=O)O[C@]1([H])C([H])([H])OP(=O)(O[H])OP(=O)(O[H])O[C@@:34]([O:35])([C:43])[H:75]>>[H]OC1([H])O[C@]([H])(C([H])([H])O[H])[C@@]([H])(O[H])[C@]([H])(O[C@:34]([O:35])([C:43])[H:75])[C@@]1([H])N([H])C(=O)C([H])([H])[H],EVODEX-P13970
EVODEX-N5177,[H]O[C@@]1([H])[C@@]([H])(O[H])[C@]([H])(N2:C([H]):C([H]):C(=O):N([H]):C:2=O)O[C@]1([H])C([H])([H])OP(=O)(O[H])OP(=O)(O[H])O[C@@:115]([O:116])([C:124])[H:262]>>[H]OC(=O)[C@]1(O[C@]2([H])[C@@]([H])(O[H])[C@]([H])(O[C@@]3([H])[C@]([H])(O[H])[C@@]([H])(O[H])[C@]([H])(OC([H])([H])[C@]([H])(N([H])C(=O)C([H])([H])C([H])([H])C([H])([H])C([H])([H])C([H])([H])C([H])([H])C([H])([H])C([H])([H])C([H])([H])C([H])([H])C([H])([H])C([H])([H])C([H])([H])C([H])([H])C([H])([H])C([H])([H])C([H])([H])[H])[C@]([H])(O[H])/C([H])=C(\[H])C([H])([H])C([H])([H])C([H])([H])C([H])([H])C([H])([H])C([H])([H])C([H])([H])C([H])([H])C([H])([H])C([H])([H])C([H])([H])C([H])([H])C([H])([H])[H])O[C@]3([H])C([H])([H])O[H])O[C@]([H])(C([H])([H])O[H])[C@]2([H])O[C@]2([H])O[C@]([H])(C([H])([H])O[H])[C@]([H])(O[H])[C@]([H])(O[C@:115]([O:116])([C:124])[H:262])[C@@]2([H])N([H])C(=O)C([H])([H])[H])O[C@@]([H])([C@]([H])(O[H])[C@]([H])(O[H])C([H])([H])O[H])[C@]([H])(N([H])C(=O)C([H])([H])[H])[C@@]([H])(O[H])C1([H])[H],EVODEX-P13975
EVODEX-N5178,>>[H]OC(=O)[C@]1(O[C@]2([H])[C@@]([H])(O[H])[C@]([H])(O[C@@]3([H])[C@]([H])(O[H])[C@@]([H])(O[H])[C@]([H])(OC([H])([H])[C@]([H])(N([H])C(=O)C([H])([H])C([H])([H])C([H])([H])C([H])([H])C([H])([H])C([H])([H])C([H])([H])C([H])([H])C([H])([H])C([H])([H])C([H])([H])C([H])([H])C([H])([H])C([H])([H])C([H])([H])C([H])([H])C([H])([H])[H])[C@]([H])(O[H])/C([H])=C(\[H])C([H])([H])C([H])([H])C([H])([H])C([H])([H])C([H])([H])C([H])([H])C([H])([H])C([H])([H])C([H])([H])C([H])([H])C([H])([H])C([H])([H])C([H])([H])[H])O[C@]3([H])C([H])([H])O[H])O[C@]([H])(C([H])([H])O[H])[C@]2([H])O[C@]2([H])O[C@]([H])(C([H])([H])O[H])[C@]([H])(O[H])[C@]([H])(O)[C@@]2([H])N([H])C(=O)C([H])([H])[H])O[C@@]([H])([C@]([H])(O[H])[C@]([H])(O[H])C([H])([H])O[H])[C@]([H])(N([H])C(=O)C([H])([H])[H])[C@@]([H])(O[H])C1([H])[H].[H],EVODEX-P13977
EVODEX-N5179,[H]O[C@@]1([H])[C@@]([H])(O[H])[C@]([H])(N2:C([H]):C([H]):C(=O):N([H]):C:2=O)O[C@]1([H])C([H])([H])OP(=O)(O[H])OP(=O)(O[H])O[C@@:19]([O:20])([C:28])[H:57]>>[H]O[C@@]1([H])[C@]([H])(O[H])[C@@]([H])(O[H])[C@]([H])(O[C@@:19]([O:20])([C:28])[H:57])[C@]([H])(O[H])[C@]1([H])O[H],EVODEX-P13980
EVODEX-N5180,[H][O:17][P:15].[H]O[C@@]1([H])[C@]([H])(O[H])[C@@]([H])(O[H])[C@]([H])(O[C@@:30]([O:29])([C:43])[H:67])[C@]([H])(O[H])[C@]1([H])O[H]>>[P:15][O:17][C@@:30]([O:29])([C:43])[H:67],EVODEX-P13983
EVODEX-N5181,[H]O[C@@]1([H])[C@]([H])(O[H])[C@@]([H])(O[H])[C@]([H])(O[C@@:30]([O:29])([C:43])[H:67])[C@]([H])(O[H])[C@]1([H])O[H]>>[H]O[C@@]1([H])[C@@]([H])(O[H])[C@]([H])(N2:C([H]):C([H]):C(=O):N([H]):C:2=O)O[C@]1([H])C([H])([H])OP(=O)(O[H])OP(=O)(O[H])O[C@@:30]([O:29])([C:43])[H:67],EVODEX-P13984
EVODEX-N5182,[H]O[C@@]1([H])[C@@]([H])(O[H])[C@]([H])(N2:C([H]):C([H]):C(=O):N([H]):C:2=O)O[C@]1([H])C([H])([H])OP(=O)(O[H])OP(=O)(O[H])O[C@@:31]([O:32])([C:40])[H:57]>>[H]OC(=O)/C([H])=C(\[H])C1:C([H]):C([H]):C(O[C@:31]([O:32])([C:40])[H:57]):C([H]):C:1[H],EVODEX-P13989
EVODEX-N5183,>>[H].[H]OC(=O)/C([H])=C(\[H])C1:C([H]):C([H]):C(O):C([H]):C:1[H],EVODEX-P13990
EVODEX-N5184,[H]O[C@@]1([H])[C@@]([H])(O[H])[C@]([H])(N2:C([H]):C([H]):C(=O):N([H]):C:2=O)O[C@]1([H])C([H])([H])OP(=O)(O[H])OP(=O)(O[H])O[C@@:33]([O:34])([C:42])[H:69]>>[H]OC(=O)/C([H])=C(\[H])C1:C([H]):C([H]):C(O[C@@:33]([O:34])([C:42])[H:69]):C(OC([H])([H])[H]):C:1[H],EVODEX-P13993
EVODEX-N5185,>>[H]OC(=O)/C([H])=C(\[H])C1:C([H]):C([H]):C(O):C(OC([H])([H])[H]):C:1[H].[H],"EVODEX-P13995,EVODEX-P14290"
EVODEX-N5186,[H]O[C@@]1([H])[C@@]([H])(O[H])[C@]([H])(N2:C([H]):C([H]):C(=O):N([H]):C:2=O)O[C@]1([H])C([H])([H])OP(=O)(O[H])OP(=O)(O[H])O[C@@:30]([O:31])([C:39])[H:76]>>[H]C([H])([H])C([H])(C([H])([H])[H])[C@]1([H])C([H])([H])C([H])([H])[C@@]([H])(C([H])([H])[H])C([H])([H])[C@@]1([H])O[C@:30]([O:31])([C:39])[H:76],EVODEX-P13998
EVODEX-N5187,[H]O[C@@]1([H])[C@@]([H])(O[H])[C@]([H])(N2:C([H]):C([H]):C(=O):N([H]):C:2=O)O[C@]1([H])C([H])([H])OP(=O)(O[H])OP(=O)(O[H])O[C@@:33]([O:34])([C:42])[H:67]>>[H]C1:C([H]):C2:C([H]):C(OC([H])([H])[H]):C(O[C@:33]([O:34])([C:42])[H:67]):C([H]):C:2:O:C:1=O,EVODEX-P14003
EVODEX-N5188,>>[H]C1:C([H]):C2:C([H]):C(OC([H])([H])[H]):C(O):C([H]):C:2:O:C:1=O.[H],EVODEX-P14005
EVODEX-N5189,[H]O[C@@]1([H])[C@@]([H])(O[H])[C@]([H])(N2:C([H]):C([H]):C(=O):N([H]):C:2=O)O[C@]1([H])C([H])([H])OP(=O)(O[H])OP(=O)(O[H])O[C@@:40]([O:41])([C:49])[H:76]>>[H]OC1:C([H]):C([H]):C(C2:O:C3:C([H]):C(O[C@@:40]([O:41])([C:49])[H:76]):C([H]):C(O[H]):C:3:C(=O):C:2O[H]):C([H]):C:1[H],EVODEX-P14008
EVODEX-N5190,>>[H]OC1:C([H]):C([H]):C(C2:O:C3:C([H]):C(O):C([H]):C(O[H]):C:3:C(=O):C:2O[H]):C([H]):C:1[H].[H],"EVODEX-P14010,EVODEX-P14201,EVODEX-P15750"
EVODEX-N5191,[H]O[C@@]1([H])[C@@]([H])(O[H])[C@]([H])(N2:C([H]):N:C3:C(=O):N([H]):C(N([H])[H]):N:C:3:2)O[C@]1([H])C([H])([H])OP(=O)(O[H])OP(=O)(O[H])O[C@@:170]([O:171])([C:179])[H:399]>>[H]OC([H])([H])[C@@]1([H])O[C@@]([H])(O[C@@]2([H])[C@]([H])(O[H])[C@@]([H])(N([H])C(=O)C([H])([H])[H])[C@]([H])(O[C@@]3([H])[C@]([H])(O[H])[C@@]([H])(N([H])C(=O)C([H])([H])[H])[C@@]([H])(OP(=O)(O[H])OP(=O)(O[H])OC([H])([H])C([H])([H])C([H])(C([H])([H])[H])C([H])([H])C([H])([H])/C([H])=C(/C([H])([H])[H])C([H])([H])C([H])([H])/C([H])=C(/C([H])([H])[H])C([H])([H])C([H])([H])/C([H])=C(/C([H])([H])[H])C([H])([H])C([H])([H])/C([H])=C(/C([H])([H])[H])C([H])([H])C([H])([H])/C([H])=C(/C([H])([H])[H])C([H])([H])C([H])([H])/C([H])=C(/C([H])([H])[H])C([H])([H])C([H])([H])/C([H])=C(/C([H])([H])[H])C([H])([H])C([H])([H])/C([H])=C(/C([H])([H])[H])C([H])([H])C([H])([H])/C([H])=C(/C([H])([H])[H])C([H])([H])C([H])([H])/C([H])=C(/C([H])([H])[H])C([H])([H])C([H])([H])/C([H])=C(/C([H])([H])[H])C([H])([H])C([H])([H])/C([H])=C(/C([H])([H])[H])C([H])([H])C([H])([H])/C([H])=C(/C([H])([H])[H])C([H])([H])C([H])([H])/C([H])=C(/C([H])([H])[H])C([H])([H])C([H])([H])/C([H])=C(/C([H])([H])[H])C([H])([H])C([H])([H])/C([H])=C(/C([H])([H])[H])C([H])([H])C([H])([H])/C([H])=C(\C([H])([H])[H])C([H])([H])C([H])([H])/C([H])=C(\C([H])([H])[H])C([H])([H])C([H])([H])C([H])=C(C([H])([H])[H])C([H])([H])[H])O[C@]3([H])C([H])([H])O[H])O[C@]2([H])C([H])([H])O[H])[C@@]([H])(O[H])[C@@]([H])(O[C@@:170]([O:171])([C:179])[H:399])[C@]1([H])O[H],EVODEX-P14013
EVODEX-N5192,>>[H]OC([H])([H])[C@@]1([H])O[C@@]([H])(O[C@@]2([H])[C@]([H])(O[H])[C@@]([H])(N([H])C(=O)C([H])([H])[H])[C@]([H])(O[C@@]3([H])[C@]([H])(O[H])[C@@]([H])(N([H])C(=O)C([H])([H])[H])[C@@]([H])(OP(=O)(O[H])OP(=O)(O[H])OC([H])([H])C([H])([H])C([H])(C([H])([H])[H])C([H])([H])C([H])([H])/C([H])=C(/C([H])([H])[H])C([H])([H])C([H])([H])/C([H])=C(/C([H])([H])[H])C([H])([H])C([H])([H])/C([H])=C(/C([H])([H])[H])C([H])([H])C([H])([H])/C([H])=C(/C([H])([H])[H])C([H])([H])C([H])([H])/C([H])=C(/C([H])([H])[H])C([H])([H])C([H])([H])/C([H])=C(/C([H])([H])[H])C([H])([H])C([H])([H])/C([H])=C(/C([H])([H])[H])C([H])([H])C([H])([H])/C([H])=C(/C([H])([H])[H])C([H])([H])C([H])([H])/C([H])=C(/C([H])([H])[H])C([H])([H])C([H])([H])/C([H])=C(/C([H])([H])[H])C([H])([H])C([H])([H])/C([H])=C(/C([H])([H])[H])C([H])([H])C([H])([H])/C([H])=C(/C([H])([H])[H])C([H])([H])C([H])([H])/C([H])=C(/C([H])([H])[H])C([H])([H])C([H])([H])/C([H])=C(/C([H])([H])[H])C([H])([H])C([H])([H])/C([H])=C(/C([H])([H])[H])C([H])([H])C([H])([H])/C([H])=C(/C([H])([H])[H])C([H])([H])C([H])([H])/C([H])=C(\C([H])([H])[H])C([H])([H])C([H])([H])/C([H])=C(\C([H])([H])[H])C([H])([H])C([H])([H])C([H])=C(C([H])([H])[H])C([H])([H])[H])O[C@]3([H])C([H])([H])O[H])O[C@]2([H])C([H])([H])O[H])[C@@]([H])(O[H])[C@@]([H])(O)[C@]1([H])O[H].[H],EVODEX-P14015
EVODEX-N5193,[H]O[C@@]1([H])[C@@]([H])(O[H])[C@]([H])(N2:C([H]):C([H]):C(=O):N([H]):C:2=O)O[C@]1([H])C([H])([H])OP(=O)(O[H])OP(=O)(O[H])O[C@@:77]([O:78])([C:86])[H:157]>>[H]OC(=O)C([H])(N([H])C(=O)C([H])(N([H])C(=O)[C@@]([H])(N([H])C(=O)[C@@]([H])(N([H])C(=O)[C@@]([H])(N([H])C(=O)[C@@]([H])(N([H])[H])C([H])([H])S[H])C([H])([H])C(=O)N([H])[H])C([H])([H])O[C@]1([H])OC([H])([H])[C@]([H])(O[C@:77]([O:78])([C:86])[H:157])[C@@]([H])(O[H])[C@]1([H])O[H])C([H])([H])C1:C([H]):C([H]):C(O[H]):C([H]):C:1[H])C([H])([H])C([H])([H])C([H])([H])C([H])([H])N([H])[H])C([H])(O[H])C([H])([H])[H],EVODEX-P14018
EVODEX-N5194,>>[H]OC(=O)C([H])(N([H])C(=O)C([H])(N([H])C(=O)[C@@]([H])(N([H])C(=O)[C@@]([H])(N([H])C(=O)[C@@]([H])(N([H])C(=O)[C@@]([H])(N([H])[H])C([H])([H])S[H])C([H])([H])C(=O)N([H])[H])C([H])([H])O[C@]1([H])OC([H])([H])[C@]([H])(O)[C@@]([H])(O[H])[C@]1([H])O[H])C([H])([H])C1:C([H]):C([H]):C(O[H]):C([H]):C:1[H])C([H])([H])C([H])([H])C([H])([H])C([H])([H])N([H])[H])C([H])(O[H])C([H])([H])[H].[H],EVODEX-P14020
EVODEX-N5195,[H]O[C@@]1([H])[C@@]([H])(O[H])[C@]([H])(N2:C([H]):C([H]):C(=O):N([H]):C:2=O)O[C@]1([H])C([H])([H])OP(=O)(O[H])OP(=O)(O[H])O[C@@:19]([O:20])([C:28])[H:65]>>[H]O[C@@]1([H])[C@]([H])(OC2:C([H]):C([H]):C3:C([H]):C([H]):C([H]):C([H]):C:3:C:2[H])OC([H])([H])[C@@]([H])(O[C@:19]([O:20])([C:28])[H:65])[C@]1([H])O[H],EVODEX-P14024
EVODEX-N5196,>>[H]O[C@@]1([H])[C@]([H])(OC2:C([H]):C([H]):C3:C([H]):C([H]):C([H]):C([H]):C:3:C:2[H])OC([H])([H])[C@@]([H])(O)[C@]1([H])O[H].[H],EVODEX-P14025
EVODEX-N5197,[H]O[C@@]1([H])[C@@]([H])(O[H])[C@]([H])(N2:C([H]):C([H]):C(=O):N([H]):C:2=O)O[C@]1([H])C([H])([H])OP(=O)(O[H])OP(=O)(O[H])O[C@@:88]([O:89])([C:97])[H:178]>>[H]OC(=O)C([H])(N([H])C(=O)C([H])(N([H])C(=O)[C@@]([H])(N([H])C(=O)[C@@]([H])(N([H])C(=O)[C@@]([H])(N([H])C(=O)[C@@]([H])(N([H])[H])C([H])([H])S[H])C([H])([H])C(=O)N([H])[H])C([H])([H])O[C@]1([H])OC([H])([H])[C@]([H])(O[C@]2([H])O[C@]([H])(C([H])([H])O[H])[C@]([H])(O[H])[C@]([H])(O[C@:88]([O:89])([C:97])[H:178])[C@@]2([H])O[H])[C@@]([H])(O[H])[C@]1([H])O[H])C([H])([H])C1:C([H]):C([H]):C(O[H]):C([H]):C:1[H])C([H])([H])C([H])([H])C([H])([H])C([H])([H])N([H])[H])C([H])(O[H])C([H])([H])[H],EVODEX-P14028
EVODEX-N5198,>>[H]OC(=O)C([H])(N([H])C(=O)C([H])(N([H])C(=O)[C@@]([H])(N([H])C(=O)[C@@]([H])(N([H])C(=O)[C@@]([H])(N([H])C(=O)[C@@]([H])(N([H])[H])C([H])([H])S[H])C([H])([H])C(=O)N([H])[H])C([H])([H])O[C@]1([H])OC([H])([H])[C@]([H])(O[C@]2([H])O[C@]([H])(C([H])([H])O[H])[C@]([H])(O[H])[C@]([H])(O)[C@@]2([H])O[H])[C@@]([H])(O[H])[C@]1([H])O[H])C([H])([H])C1:C([H]):C([H]):C(O[H]):C([H]):C:1[H])C([H])([H])C([H])([H])C([H])([H])C([H])([H])N([H])[H])C([H])(O[H])C([H])([H])[H].[H],EVODEX-P14030
EVODEX-N5199,[H]O[C@@]1([H])[C@@]([H])(O[H])[C@]([H])(N2:C([H]):C([H]):C(=O):N([H]):C:2=O)O[C@]1([H])C([H])([H])OP(=O)(O[H])OP(=O)(O[H])O[C@@:19]([O:20])([C:28])[H:66]>>[H]OC([H])([H])[C@@]1([H])O[C@]([H])(O[C@]2([H])C([H])([H])O[C@@]([H])(O[H])[C@]([H])(O[H])[C@@]2([H])O[H])[C@]([H])(O[H])[C@@]([H])(O[C@:19]([O:20])([C:28])[H:66])[C@@]1([H])O[H],EVODEX-P14034
EVODEX-N5200,>>[H]OC([H])([H])[C@@]1([H])O[C@]([H])(O[C@]2([H])C([H])([H])O[C@@]([H])(O[H])[C@]([H])(O[H])[C@@]2([H])O[H])[C@]([H])(O[H])[C@@]([H])(O)[C@@]1([H])O[H].[H],EVODEX-P14035
EVODEX-N5201,[H]O[C@@]1([H])[C@@]([H])(O[H])[C@]([H])(N2:C([H]):C([H]):C(=O):N([H]):C:2=O)O[C@]1([H])C([H])([H])OP(=O)(O[H])OP(=O)(O[H])O[C@@:6]([O:5])([C:32])[H:72]>>[H]OC([H])([H])C1([H])O[C@@]([H])(O[C@]2([H])C([H])(O[H])[C@]([H])(O[C@]3([H])C([H])([H])O[C@@]([H])(O[H])C([H])(O[H])[C@]3([H])O[H])OC([H])(C([H])([H])O[H])[C@]2([H])O[H])C([H])(O[H])[C@]([H])(O[C@:6]([O:5])([C:32])[H:72])[C@@]1([H])O[H],EVODEX-P14039
EVODEX-N5202,>>[H]OC([H])([H])C1([H])O[C@@]([H])(O[C@]2([H])C([H])(O[H])[C@]([H])(O[C@]3([H])C([H])([H])O[C@@]([H])(O[H])C([H])(O[H])[C@]3([H])O[H])OC([H])(C([H])([H])O[H])[C@]2([H])O[H])C([H])(O[H])[C@]([H])(O)[C@@]1([H])O[H].[H],EVODEX-P14040
EVODEX-N5203,[H]O[C@@]1([H])[C@@]([H])(O[H])[C@]([H])(N2:C([H]):C([H]):C(=O):N([H]):C:2=O)O[C@]1([H])C([H])([H])OP(=O)(O[H])OP(=O)(O[H])O[C@@:44]([O:43])([C:70])[H:113]>>[H]OC(=O)[C@@]([H])(N([H])[H])C([H])([H])OC1([H])OC([H])([H])[C@@]([H])(O[C@]2([H])O[C@]([H])(C([H])([H])O[H])[C@]([H])(O[H])[C@]([H])(O[C@]3([H])O[C@]([H])(C([H])([H])O[H])[C@]([H])(O[H])[C@]([H])(O[C@:44]([O:43])([C:70])[H:113])[C@@]3([H])O[H])[C@@]2([H])O[H])[C@]([H])(O[H])[C@@]1([H])O[H],EVODEX-P14043
EVODEX-N5204,>>[H]OC(=O)[C@@]([H])(N([H])[H])C([H])([H])OC1([H])OC([H])([H])[C@@]([H])(O[C@]2([H])O[C@]([H])(C([H])([H])O[H])[C@]([H])(O[H])[C@]([H])(O[C@]3([H])O[C@]([H])(C([H])([H])O[H])[C@]([H])(O[H])[C@]([H])(O)[C@@]3([H])O[H])[C@@]2([H])O[H])[C@]([H])(O[H])[C@@]1([H])O[H].[H],"EVODEX-P14045,EVODEX-P20625"
EVODEX-N5205,[H]O[C@@]1([H])[C@@]([H])(O[H])[C@]([H])(N2:C([H]):C([H]):C(=O):N([H]):C:2=O)O[C@]1([H])C([H])([H])OP(=O)(O[H])OP(=O)(O[H])O[C@@:31]([O:32])([C:40])[H:57]>>[H]OC1:C([H]):C(C(=O)O[C@:31]([O:32])([C:40])[H:57]):C([H]):C(O[H]):C:1O[H],EVODEX-P14049
EVODEX-N5206,>>[H].[H]OC1:C([H]):C(C(O)=O):C([H]):C(O[H]):C:1O[H],EVODEX-P14050
EVODEX-N5207,[H]OC1:C([H]):C(C(=O)O[C@:4]([O:5])([C:13])[H:49]):C([H]):C(O[H]):C:1O[H].[H][O:40][P:38]>>[C@@:4]([O:5])([C:13])([O:40][P:38])[H:49],EVODEX-P14053
EVODEX-N5208,[H]OC1:C([H]):C(C(=O)O[C@:4]([O:5])([C:13])[H:49]):C([H]):C(O[H]):C:1O[H]>>[H]O[C@@]1([H])[C@@]([H])(O[H])[C@]([H])(N2:C([H]):C([H]):C(=O):N([H]):C:2=O)O[C@]1([H])C([H])([H])OP(=O)(O[H])OP(=O)(O[H])O[C@@:4]([O:5])([C:13])[H:49],EVODEX-P14054
EVODEX-N5209,[H]O[C@@]1([H])[C@@]([H])(O[H])[C@]([H])(N2:C([H]):C([H]):C(=O):N([H]):C:2=O)O[C@]1([H])C([H])([H])OP(=O)(O[H])OP(=O)(O[H])O[C@@:29]([O:30])([C:38])[H:55]>>[H]OC([H])([H])[C@@]([H])(O[C@@:29]([O:30])([C:38])[H:55])C([H])([H])OP(=O)(O[H])O[H],EVODEX-P14059
EVODEX-N5210,[H]O[C@@]1([H])[C@@]([H])(O[H])[C@]([H])(N2:C([H]):C([H]):C(=O):N([H]):C:2=O)O[C@]1([H])C([H])([H])OP(=O)(O[H])OP(=O)(O[H])O[C@:6]([C:5])([O:32])[H:90]>>[H]OC([H])([H])[C@@]1([H])O[C@]([H])(O[C@@]2([H])[C@]([H])(O[H])[C@@]([H])(C([H])([H])O[H])O[C@]([H])(O[C@]3([H])[C@@]([H])(O[C@]4([H])[C@@]([H])(O[H])O[C@]([H])(C([H])([H])O[H])[C@@]([H])(O[H])[C@]4([H])O[H])O[C@]([H])(C([H])([H])O[H])[C@@]([H])(O[H])[C@]3([H])O[H])[C@@]2([H])O[C@@:6]([C:5])([O:32])[H:90])[C@@]([H])(O[H])[C@@]([H])(O[H])[C@]1([H])O[H],EVODEX-P14064
EVODEX-N5211,>>[H]OC([H])([H])[C@@]1([H])O[C@]([H])(O[C@]2([H])[C@]([H])(O)[C@@]([H])(O[C@]3([H])[C@@]([H])(O[C@]4([H])[C@@]([H])(O[H])O[C@]([H])(C([H])([H])O[H])[C@@]([H])(O[H])[C@]4([H])O[H])O[C@]([H])(C([H])([H])O[H])[C@@]([H])(O[H])[C@]3([H])O[H])O[C@]([H])(C([H])([H])O[H])[C@@]2([H])O[H])[C@@]([H])(O[H])[C@@]([H])(O[H])[C@]1([H])O[H].[H],EVODEX-P14065
EVODEX-N5212,[H]O[C@@]1([H])[C@@]([H])(O[H])[C@]([H])(N2:C([H]):C([H]):C(=O):N([H]):C:2=O)O[C@]1([H])C([H])([H])OP(=O)(O[H])OP(=O)(O[H])O[C@@:129]([O:128])([C:155])[H:342]>>[H]OC([H])([H])[C@@]1([H])O[C@]([H])(OP(=O)(O[H])OP(=O)(O[H])OC([H])([H])C([H])([H])C([H])(C([H])([H])[H])C([H])([H])C([H])([H])/C([H])=C(/C([H])([H])[H])C([H])([H])C([H])([H])/C([H])=C(/C([H])([H])[H])C([H])([H])C([H])([H])/C([H])=C(/C([H])([H])[H])C([H])([H])C([H])([H])/C([H])=C(/C([H])([H])[H])C([H])([H])C([H])([H])/C([H])=C(/C([H])([H])[H])C([H])([H])C([H])([H])/C([H])=C(/C([H])([H])[H])C([H])([H])C([H])([H])/C([H])=C(/C([H])([H])[H])C([H])([H])C([H])([H])/C([H])=C(/C([H])([H])[H])C([H])([H])C([H])([H])/C([H])=C(/C([H])([H])[H])C([H])([H])C([H])([H])/C([H])=C(/C([H])([H])[H])C([H])([H])C([H])([H])/C([H])=C(/C([H])([H])[H])C([H])([H])C([H])([H])/C([H])=C(/C([H])([H])[H])C([H])([H])C([H])([H])/C([H])=C(/C([H])([H])[H])C([H])([H])C([H])([H])/C([H])=C(/C([H])([H])[H])C([H])([H])C([H])([H])/C([H])=C(/C([H])([H])[H])C([H])([H])C([H])([H])/C([H])=C(/C([H])([H])[H])C([H])([H])C([H])([H])/C([H])=C(\C([H])([H])[H])C([H])([H])C([H])([H])/C([H])=C(\C([H])([H])[H])C([H])([H])C([H])([H])C([H])=C(C([H])([H])[H])C([H])([H])[H])[C@]([H])(N([H])C(=O)C([H])([H])[H])[C@@]([H])(O[H])[C@]1([H])O[C@:129]([O:128])([C:155])[H:342],"EVODEX-P14068,EVODEX-P14074"
EVODEX-N5213,>>[H]OC([H])([H])[C@@]1([H])O[C@]([H])(OP(=O)(O[H])OP(=O)(O[H])OC([H])([H])C([H])([H])C([H])(C([H])([H])[H])C([H])([H])C([H])([H])/C([H])=C(/C([H])([H])[H])C([H])([H])C([H])([H])/C([H])=C(/C([H])([H])[H])C([H])([H])C([H])([H])/C([H])=C(/C([H])([H])[H])C([H])([H])C([H])([H])/C([H])=C(/C([H])([H])[H])C([H])([H])C([H])([H])/C([H])=C(/C([H])([H])[H])C([H])([H])C([H])([H])/C([H])=C(/C([H])([H])[H])C([H])([H])C([H])([H])/C([H])=C(/C([H])([H])[H])C([H])([H])C([H])([H])/C([H])=C(/C([H])([H])[H])C([H])([H])C([H])([H])/C([H])=C(/C([H])([H])[H])C([H])([H])C([H])([H])/C([H])=C(/C([H])([H])[H])C([H])([H])C([H])([H])/C([H])=C(/C([H])([H])[H])C([H])([H])C([H])([H])/C([H])=C(/C([H])([H])[H])C([H])([H])C([H])([H])/C([H])=C(/C([H])([H])[H])C([H])([H])C([H])([H])/C([H])=C(/C([H])([H])[H])C([H])([H])C([H])([H])/C([H])=C(/C([H])([H])[H])C([H])([H])C([H])([H])/C([H])=C(/C([H])([H])[H])C([H])([H])C([H])([H])/C([H])=C(\C([H])([H])[H])C([H])([H])C([H])([H])/C([H])=C(\C([H])([H])[H])C([H])([H])C([H])([H])C([H])=C(C([H])([H])[H])C([H])([H])[H])[C@]([H])(N([H])C(=O)C([H])([H])[H])[C@@]([H])(O[H])[C@]1([H])O.[H],"EVODEX-P14070,EVODEX-P14075"
EVODEX-N5214,[H]O[C@@]1([H])[C@@]([H])(O[H])[C@]([H])(N2:C([H]):N:C3:C(=O):N([H]):C(N([H])[H]):N:C:3:2)O[C@]1([H])C([H])([H])OP(=O)(O[H])OP(=O)(O[H])O[C@@:159]([O:160])([C:168])[H:378]>>[H]OC([H])([H])[C@@]1([H])O[C@]([H])(OP(=O)(O[H])OP(=O)(O[H])OC([H])([H])C([H])([H])C([H])(C([H])([H])[H])C([H])([H])C([H])([H])/C([H])=C(/C([H])([H])[H])C([H])([H])C([H])([H])/C([H])=C(/C([H])([H])[H])C([H])([H])C([H])([H])/C([H])=C(/C([H])([H])[H])C([H])([H])C([H])([H])/C([H])=C(/C([H])([H])[H])C([H])([H])C([H])([H])/C([H])=C(/C([H])([H])[H])C([H])([H])C([H])([H])/C([H])=C(/C([H])([H])[H])C([H])([H])C([H])([H])/C([H])=C(/C([H])([H])[H])C([H])([H])C([H])([H])/C([H])=C(/C([H])([H])[H])C([H])([H])C([H])([H])/C([H])=C(/C([H])([H])[H])C([H])([H])C([H])([H])/C([H])=C(/C([H])([H])[H])C([H])([H])C([H])([H])/C([H])=C(/C([H])([H])[H])C([H])([H])C([H])([H])/C([H])=C(/C([H])([H])[H])C([H])([H])C([H])([H])/C([H])=C(/C([H])([H])[H])C([H])([H])C([H])([H])/C([H])=C(/C([H])([H])[H])C([H])([H])C([H])([H])/C([H])=C(/C([H])([H])[H])C([H])([H])C([H])([H])/C([H])=C(/C([H])([H])[H])C([H])([H])C([H])([H])/C([H])=C(\C([H])([H])[H])C([H])([H])C([H])([H])/C([H])=C(\C([H])([H])[H])C([H])([H])C([H])([H])C([H])=C(C([H])([H])[H])C([H])([H])[H])[C@]([H])(N([H])C(=O)C([H])([H])[H])[C@@]([H])(O[H])[C@]1([H])O[C@]1([H])O[C@]([H])(C([H])([H])O[H])[C@@]([H])(O[C@:159]([O:160])([C:168])[H:378])[C@]([H])(O[H])[C@@]1([H])N([H])C(=O)C([H])([H])[H],EVODEX-P14078
EVODEX-N5215,>>[H]OC([H])([H])[C@@]1([H])O[C@@]([H])(O[C@@]2([H])[C@]([H])(O[H])[C@@]([H])(N([H])C(=O)C([H])([H])[H])[C@@]([H])(OP(=O)(O[H])OP(=O)(O[H])OC([H])([H])C([H])([H])C([H])(C([H])([H])[H])C([H])([H])C([H])([H])/C([H])=C(/C([H])([H])[H])C([H])([H])C([H])([H])/C([H])=C(/C([H])([H])[H])C([H])([H])C([H])([H])/C([H])=C(/C([H])([H])[H])C([H])([H])C([H])([H])/C([H])=C(/C([H])([H])[H])C([H])([H])C([H])([H])/C([H])=C(/C([H])([H])[H])C([H])([H])C([H])([H])/C([H])=C(/C([H])([H])[H])C([H])([H])C([H])([H])/C([H])=C(/C([H])([H])[H])C([H])([H])C([H])([H])/C([H])=C(/C([H])([H])[H])C([H])([H])C([H])([H])/C([H])=C(/C([H])([H])[H])C([H])([H])C([H])([H])/C([H])=C(/C([H])([H])[H])C([H])([H])C([H])([H])/C([H])=C(/C([H])([H])[H])C([H])([H])C([H])([H])/C([H])=C(/C([H])([H])[H])C([H])([H])C([H])([H])/C([H])=C(/C([H])([H])[H])C([H])([H])C([H])([H])/C([H])=C(/C([H])([H])[H])C([H])([H])C([H])([H])/C([H])=C(/C([H])([H])[H])C([H])([H])C([H])([H])/C([H])=C(/C([H])([H])[H])C([H])([H])C([H])([H])/C([H])=C(\C([H])([H])[H])C([H])([H])C([H])([H])/C([H])=C(\C([H])([H])[H])C([H])([H])C([H])([H])C([H])=C(C([H])([H])[H])C([H])([H])[H])O[C@]2([H])C([H])([H])O[H])[C@]([H])(N([H])C(=O)C([H])([H])[H])[C@@]([H])(O[H])[C@]1([H])O.[H],EVODEX-P14080
EVODEX-N5216,[H]O[C@@]1([H])[C@@]([H])(O[H])[C@]([H])(N2:C([H]):C([H]):C(=O):N([H]):C:2=O)O[C@]1([H])C([H])([H])OP(=O)(O[H])OP(=O)(O[H])O[C@:6]([C:5])([O:32])[H:102]>>[H]OC([H])([H])[C@@]1([H])O[C@]([H])(OC([H])([H])[C@@]2([H])O[C@@]([H])(OC([H])([H])C([H])([H])C([H])([H])C([H])([H])C([H])([H])C([H])([H])C([H])([H])C([H])([H])[H])[C@@]([H])(O[C@@:6]([C:5])([O:32])[H:102])[C@@]([H])(O[C@@]3([H])O[C@]([H])(C([H])([H])O[H])[C@@]([H])(O[H])[C@]([H])(O[H])[C@]3([H])O[C@]3([H])O[C@]([H])(C([H])([H])O[H])[C@@]([H])(O[H])[C@]([H])(O[H])[C@@]3([H])N([H])C(=O)C([H])([H])[H])[C@]2([H])O[H])[C@@]([H])(O[H])[C@@]([H])(OC([H])([H])[H])[C@]1([H])O[H],EVODEX-P14084
EVODEX-N5217,>>[H]OC([H])([H])[C@@]1([H])O[C@]([H])(OC([H])([H])[C@@]2([H])O[C@@]([H])(OC([H])([H])C([H])([H])C([H])([H])C([H])([H])C([H])([H])C([H])([H])C([H])([H])C([H])([H])[H])[C@@]([H])(O)[C@@]([H])(O[C@@]3([H])O[C@]([H])(C([H])([H])O[H])[C@@]([H])(O[H])[C@]([H])(O[H])[C@]3([H])O[C@]3([H])O[C@]([H])(C([H])([H])O[H])[C@@]([H])(O[H])[C@]([H])(O[H])[C@@]3([H])N([H])C(=O)C([H])([H])[H])[C@]2([H])O[H])[C@@]([H])(O[H])[C@@]([H])(OC([H])([H])[H])[C@]1([H])O[H].[H],EVODEX-P14085
EVODEX-N5218,[H]O[C@@]1([H])[C@@]([H])(O[H])[C@]([H])(N2:C([H]):C([H]):C(=O):N([H]):C:2=O)O[C@]1([H])C([H])([H])OP(=O)(O[H])OP(=O)(O[H])O[C@:6]([C:5])([O:32])[H:102]>>[H]OC([H])([H])[C@@]1([H])O[C@]([H])(O[C@@]2([H])[C@]([H])(O[H])[C@@]([H])(C([H])([H])O[C@@]3([H])O[C@]([H])(C([H])([H])OC([H])([H])[H])[C@@]([H])(O[H])[C@]([H])(O[H])[C@]3([H])O[H])O[C@@]([H])(OC([H])([H])C([H])([H])C([H])([H])C([H])([H])C([H])([H])C([H])([H])C([H])([H])C([H])([H])[H])[C@@]2([H])O[C@@:6]([C:5])([O:32])[H:102])[C@@]([H])(O[C@]2([H])O[C@]([H])(C([H])([H])O[H])[C@@]([H])(O[H])[C@]([H])(O[H])[C@@]2([H])N([H])C(=O)C([H])([H])[H])[C@@]([H])(O[H])[C@]1([H])O[H],EVODEX-P14089
EVODEX-N5219,>>[H]OC([H])([H])[C@@]1([H])O[C@]([H])(O[C@]2([H])[C@]([H])(O)[C@]([H])(OC([H])([H])C([H])([H])C([H])([H])C([H])([H])C([H])([H])C([H])([H])C([H])([H])C([H])([H])[H])O[C@]([H])(C([H])([H])O[C@@]3([H])O[C@]([H])(C([H])([H])OC([H])([H])[H])[C@@]([H])(O[H])[C@]([H])(O[H])[C@]3([H])O[H])[C@@]2([H])O[H])[C@@]([H])(O[C@]2([H])O[C@]([H])(C([H])([H])O[H])[C@@]([H])(O[H])[C@]([H])(O[H])[C@@]2([H])N([H])C(=O)C([H])([H])[H])[C@@]([H])(O[H])[C@]1([H])O[H].[H],EVODEX-P14090
EVODEX-N5220,[H]O[C@@]1([H])[C@@]([H])(O[H])[C@]([H])(N2:C([H]):C([H]):C(=O):N([H]):C:2=O)O[C@]1([H])C([H])([H])OP(=O)(O[H])OP(=O)(O[H])O[C@:114]([C:113])([O:140])[H:153]>>[H]OC(=O)[C@@]([H])(N([H])[C@]1([H])O[C@]([H])(C([H])([H])O[C@@]2([H])O[C@]([H])(C([H])([H])[H])[C@]([H])(O[H])[C@]([H])(O[H])[C@@]2([H])O[H])[C@@]([H])(O[C@]2([H])O[C@]([H])(C([H])([H])O[H])[C@@]([H])(O[C@]3([H])O[C@]([H])(C([H])([H])O[C@@]4([H])O[C@]([H])(C([H])([H])O[H])[C@@]([H])(O[H])[C@]([H])(O[H])[C@]4([H])O[C@]4([H])O[C@]([H])(C([H])([H])O[H])[C@@]([H])(O[H])[C@]([H])(O[H])[C@@]4([H])N([H])C(=O)C([H])([H])[H])[C@@]([H])(O[C@:114]([C:113])([O:140])[H:153])[C@]([H])(O[C@@]4([H])O[C@]([H])(C([H])([H])O[H])[C@@]([H])(O[H])[C@]([H])(O[H])[C@]4([H])O[C@]4([H])O[C@]([H])(C([H])([H])O[H])[C@@]([H])(O[H])[C@]([H])(O[H])[C@@]4([H])N([H])C(=O)C([H])([H])[H])[C@]3([H])O[H])[C@]([H])(O[H])[C@@]2([H])N([H])C(=O)C([H])([H])[H])[C@]([H])(O[H])[C@@]1([H])N([H])C(=O)C([H])([H])[H])C([H])([H])C(=O)N([H])[H],EVODEX-P14094
EVODEX-N5221,>>[H]OC(=O)[C@@]([H])(N([H])[C@]1([H])O[C@]([H])(C([H])([H])O[C@@]2([H])O[C@]([H])(C([H])([H])[H])[C@]([H])(O[H])[C@]([H])(O[H])[C@@]2([H])O[H])[C@@]([H])(O[C@]2([H])O[C@]([H])(C([H])([H])O[H])[C@@]([H])(O[C@]3([H])O[C@]([H])(C([H])([H])O[C@@]4([H])O[C@]([H])(C([H])([H])O[H])[C@@]([H])(O[H])[C@]([H])(O[H])[C@]4([H])O[C@]4([H])O[C@]([H])(C([H])([H])O[H])[C@@]([H])(O[H])[C@]([H])(O[H])[C@@]4([H])N([H])C(=O)C([H])([H])[H])[C@@]([H])(O)[C@]([H])(O[C@@]4([H])O[C@]([H])(C([H])([H])O[H])[C@@]([H])(O[H])[C@]([H])(O[H])[C@]4([H])O[C@]4([H])O[C@]([H])(C([H])([H])O[H])[C@@]([H])(O[H])[C@]([H])(O[H])[C@@]4([H])N([H])C(=O)C([H])([H])[H])[C@]3([H])O[H])[C@]([H])(O[H])[C@@]2([H])N([H])C(=O)C([H])([H])[H])[C@]([H])(O[H])[C@@]1([H])N([H])C(=O)C([H])([H])[H])C([H])([H])C(=O)N([H])[H].[H],EVODEX-P14095
EVODEX-N5222,[H]O[C@@]1([H])[C@@]([H])(O[H])[C@]([H])(N2:C([H]):C([H]):C(=O):N([H]):C:2=O)O[C@]1([H])C([H])([H])OP(=O)(O[H])OP(=O)(O[H])O[C@:102]([C:101])([O:128])[H:230]>>[H]OC([H])([H])[C@@]1([H])O[C@]([H])(OC([H])([H])[C@@]2([H])O[C@@]([H])(O[C@@]3([H])[C@]([H])(O[H])[C@@]([H])(N([H])C(=O)C([H])([H])[H])[C@]([H])(O[C@@]4([H])[C@]([H])(O[H])[C@@]([H])(N([H])C(=O)C([H])([H])[H])[C@]([H])(N5C([H])C([H])=C([H])C([H])=C5N([H])[H])O[C@]4([H])C([H])([H])O[H])O[C@]3([H])C([H])([H])O[H])[C@@]([H])(O[H])[C@@]([H])(O[C@@]3([H])O[C@]([H])(C([H])([H])O[H])[C@@]([H])(O[H])[C@]([H])(O[H])[C@]3([H])O[C@]3([H])O[C@]([H])(C([H])([H])O[H])[C@@]([H])(O[H])[C@]([H])(O[H])[C@@]3([H])N([H])C(=O)C([H])([H])[H])[C@]2([H])O[C@:102]([C:101])([O:128])[H:230])[C@@]([H])(O[C@]2([H])O[C@]([H])(C([H])([H])O[H])[C@@]([H])(O[H])[C@]([H])(O[H])[C@@]2([H])N([H])C(=O)C([H])([H])[H])[C@@]([H])(O[H])[C@]1([H])O[H],EVODEX-P14098
EVODEX-N5223,>>[H]OC([H])([H])[C@@]1([H])O[C@]([H])(OC([H])([H])[C@@]2([H])O[C@@]([H])(O[C@@]3([H])[C@]([H])(O[H])[C@@]([H])(N([H])C(=O)C([H])([H])[H])[C@]([H])(O[C@@]4([H])[C@]([H])(O[H])[C@@]([H])(N([H])C(=O)C([H])([H])[H])[C@]([H])(N5C([H])C([H])=C([H])C([H])=C5N([H])[H])O[C@]4([H])C([H])([H])O[H])O[C@]3([H])C([H])([H])O[H])[C@@]([H])(O[H])[C@@]([H])(O[C@@]3([H])O[C@]([H])(C([H])([H])O[H])[C@@]([H])(O[H])[C@]([H])(O[H])[C@]3([H])O[C@]3([H])O[C@]([H])(C([H])([H])O[H])[C@@]([H])(O[H])[C@]([H])(O[H])[C@@]3([H])N([H])C(=O)C([H])([H])[H])[C@]2([H])O)[C@@]([H])(O[C@]2([H])O[C@]([H])(C([H])([H])O[H])[C@@]([H])(O[H])[C@]([H])(O[H])[C@@]2([H])N([H])C(=O)C([H])([H])[H])[C@@]([H])(O[H])[C@]1([H])O[H].[H],EVODEX-P14100
EVODEX-N5224,[H]O[C@@]1([H])[C@@]([H])(O[H])[C@]([H])(N2:C([H]):C([H]):C(=O):N([H]):C:2=O)O[C@]1([H])C([H])([H])OP(=O)(O[H])OP(=O)(O[H])O[C@:6]([C:5])([O:32])[H:92]>>[H]OC([H])([H])[C@@]1([H])O[C@@]([H])(OC([H])([H])[C@@]2([H])O[C@@]([H])(OC([H])([H])C3:C([H]):C([H]):C([H]):C([H]):C:3[H])[C@]([H])(N([H])C(=O)C([H])([H])[H])[C@@]([H])(O[C@]3([H])O[C@]([H])(C([H])([H])O[H])[C@]([H])(O[H])[C@]([H])(O[C@:6]([C:5])([O:32])[H:92])[C@@]3([H])O[H])[C@@]2([H])O[H])[C@]([H])(N([H])C(=O)C([H])([H])[H])[C@@]([H])(O[H])[C@]1([H])O[H],EVODEX-P14104
EVODEX-N5225,>>[H]OC([H])([H])[C@@]1([H])O[C@@]([H])(OC([H])([H])[C@@]2([H])O[C@@]([H])(OC([H])([H])C3:C([H]):C([H]):C([H]):C([H]):C:3[H])[C@]([H])(N([H])C(=O)C([H])([H])[H])[C@@]([H])(O[C@]3([H])O[C@]([H])(C([H])([H])O[H])[C@]([H])(O[H])[C@]([H])(O)[C@@]3([H])O[H])[C@@]2([H])O[H])[C@]([H])(N([H])C(=O)C([H])([H])[H])[C@@]([H])(O[H])[C@]1([H])O[H].[H],EVODEX-P14105
EVODEX-N5226,[H]O[C@@]1([H])[C@@]([H])(O[H])[C@]([H])(N2:C([H]):C([H]):C(=O):N([H]):C:2=O)O[C@]1([H])C([H])([H])OP(=O)(O[H])OP(=O)(O[H])O[C@:6]([C:5])([O:32])[H:72]>>[H]OC([H])([H])[C@@]1([H])O[C@]([H])(OC([H])([H])C([H])([H])N([H])C(=O)C([H])([H])C([H])([H])C([H])([H])C(=O)OC([H])([H])[H])[C@]([H])(N([H])C(=O)C([H])([H])[H])[C@@]([H])(O[C@:6]([C:5])([O:32])[H:72])[C@@]1([H])O[H],EVODEX-P14119
EVODEX-N5227,>>[H]OC([H])([H])[C@@]1([H])O[C@]([H])(OC([H])([H])C([H])([H])N([H])C(=O)C([H])([H])C([H])([H])C([H])([H])C(=O)OC([H])([H])[H])[C@]([H])(N([H])C(=O)C([H])([H])[H])[C@@]([H])(O)[C@@]1([H])O[H].[H],EVODEX-P14120
EVODEX-N5228,[H]O[C@@]1([H])[C@@]([H])(O[H])[C@]([H])(N2:C([H]):C([H]):C(=O):N([H]):C:2=O)O[C@]1([H])C([H])([H])OP(=O)(O[H])OP(=O)(O[H])O[C@:6]([C:5])([O:32])[H:80]>>[H]OC([H])([H])[C@@]1([H])O[C@@]([H])(O[C@@]2([H])[C@@]([H])(O[H])[C@@]([H])(C([H])([H])O[C@@:6]([C:5])([O:32])[H:80])O[C@]([H])(OC3:C([H]):C([H]):C([H]):C([H]):C:3[H])[C@]2([H])N([H])C(=O)C([H])([H])[H])[C@]([H])(N([H])C(=O)C([H])([H])[H])[C@@]([H])(O[H])[C@]1([H])O[H],EVODEX-P14129
EVODEX-N5229,>>[H]OC([H])([H])[C@@]1([H])O[C@@]([H])(O[C@@]2([H])[C@@]([H])(O[H])[C@@]([H])(C([H])([H])O)O[C@]([H])(OC3:C([H]):C([H]):C([H]):C([H]):C:3[H])[C@]2([H])N([H])C(=O)C([H])([H])[H])[C@]([H])(N([H])C(=O)C([H])([H])[H])[C@@]([H])(O[H])[C@]1([H])O[H].[H],EVODEX-P14130
EVODEX-N5230,[H]O[C@@]1([H])[C@@]([H])(O[H])[C@]([H])(N2:C([H]):C([H]):C(=O):N([H]):C:2=O)O[C@]1([H])C([H])([H])OP(=O)(O[H])OP(=O)(O[H])O[C@:32]([C:31])([O:58])[H:96]>>[H]OC([H])([H])[C@@]1([H])O[C@@]([H])(O[C@@:32]([C:31])([O:58])[H:96])[C@]([H])(N([H])C(=O)C([H])([H])[H])[C@@]([H])(O[H])[C@]1([H])O[C@]1([H])O[C@]([H])(C([H])([H])O[H])[C@]([H])(O[H])[C@]([H])(O[H])[C@@]1([H])O[H],EVODEX-P14133
EVODEX-N5231,[H]O[C@@]1([H])[C@@]([H])(O[H])[C@]([H])(N2:C([H]):C([H]):C(=O):N([H]):C:2=O)O[C@]1([H])C([H])([H])OP(=O)(O[H])OP(=O)(O[H])O[C@:6]([C:5])([O:32])[H:93]>>[H]OC([H])([H])[C@@]1([H])O[C@@]([H])(O[H])[C@]([H])(O[H])[C@@]([H])(O[H])[C@]1([H])O[C@]1([H])O[C@]([H])(C([H])([H])O[H])[C@]([H])(O[H])[C@]([H])(O[C@]2([H])O[C@]([H])(C([H])([H])O[H])[C@@]([H])(O[C@]3([H])O[C@]([H])(C([H])([H])O[C@:6]([C:5])([O:32])[H:93])[C@]([H])(O[H])[C@]([H])(O[H])[C@@]3([H])O[H])[C@]([H])(O[H])[C@@]2([H])N([H])C(=O)C([H])([H])[H])[C@@]1([H])O[H],EVODEX-P14144
EVODEX-N5232,[H]O[C@@]1([H])[C@@]([H])(O[H])[C@]([H])(N2:C([H]):C([H]):C(=O):N([H]):C:2=O)O[C@]1([H])C([H])([H])OP(=O)(O[H])OP(=O)(O[H])O[C@:6]([C:5])([O:32])[H:85]>>[H]OC([H])([H])[C@@]([H])(O[H])[C@@]([H])(O[C@]1([H])O[C@]([H])(C([H])([H])O[H])[C@]([H])(O[H])[C@]([H])(O[C@]2([H])O[C@]([H])(C([H])([H])O[C@:6]([C:5])([O:32])[H:85])[C@@]([H])(O[H])[C@]([H])(O[H])[C@@]2([H])N([H])C(=O)C([H])([H])[H])[C@@]1([H])O[H])[C@]([H])(O[H])[C@]([H])(C([H])=O)N([H])C(=O)C([H])([H])[H],EVODEX-P14149
EVODEX-N5233,>>[H]OC([H])([H])[C@@]([H])(O[H])[C@@]([H])(O[C@]1([H])O[C@]([H])(C([H])([H])O[H])[C@]([H])(O[H])[C@]([H])(O[C@]2([H])O[C@]([H])(C([H])([H])O)[C@@]([H])(O[H])[C@]([H])(O[H])[C@@]2([H])N([H])C(=O)C([H])([H])[H])[C@@]1([H])O[H])[C@]([H])(O[H])[C@]([H])(C([H])=O)N([H])C(=O)C([H])([H])[H].[H],EVODEX-P14150
EVODEX-N5234,[H]N=C1:N([H]):C(=O):C2:N:C([H]):N([C@]3([H])O[C@]([H])(C([H])([H])OP(=O)(O[H])OP(=O)(O[H])O[C@@:30]([O:29])([C:59])[H:94])[C@@]([H])(O[H])[C@@]3([H])O[H]):C:2:N:1[H]>>[H]OC([H])([H])[C@@]1([H])O[C@@]([H])(O[H])[C@]([H])(N([H])C(=O)C([H])([H])[H])[C@@]([H])(O[C@@:30]([O:29])([C:59])[H:94])[C@]1([H])O[C@]1([H])O[C@]([H])(C([H])([H])O[H])[C@]([H])(O[H])[C@]([H])(O[H])[C@@]1([H])O[H],EVODEX-P14153
EVODEX-N5235,[H]N=C1:N([H]):C(=O):C2:N:C([H]):N([C@]3([H])O[C@]([H])(C([H])([H])OP(=O)(O[H])OP(=O)(O[H])O[C@@:50]([O:49])([C:79])[H:131])[C@@]([H])(O[H])[C@@]3([H])O[H]):C:2:N:1[H]>>[H]OC(=O)[C@]1(OC2([H])C([H])(O[H])C([H])(C([H])([H])O[H])OC([H])(O[C@]3([H])C([H])(C([H])([H])O[H])OC([H])(O[H])[C@]([H])(N([H])C(=O)C([H])([H])[H])[C@@]3([H])O[C@@:50]([O:49])([C:79])[H:131])[C@]2([H])O[H])O[C@@]([H])(C([H])(O[H])[C@]([H])(O[H])C([H])([H])O[H])[C@]([H])(N([H])C(=O)C([H])([H])[H])C([H])(O[H])C1([H])[H],EVODEX-P14158
EVODEX-N5236,>>[H]OC(=O)[C@]1(OC2([H])C([H])(O[H])C([H])(C([H])([H])O[H])OC([H])(O[C@]3([H])C([H])(C([H])([H])O[H])OC([H])(O[H])[C@]([H])(N([H])C(=O)C([H])([H])[H])[C@@]3([H])O)[C@]2([H])O[H])O[C@@]([H])(C([H])(O[H])[C@]([H])(O[H])C([H])([H])O[H])[C@]([H])(N([H])C(=O)C([H])([H])[H])C([H])(O[H])C1([H])[H].[H],EVODEX-P14160
EVODEX-N5237,[H][O:143][P:141]>>[H]OC([H])([H])[C@@]1([H])O[C@]([H])([O:143][P:141])[C@]([H])(N([H])C(=O)C([H])([H])[H])[C@@]([H])(O[H])[C@]1([H])O[H],"EVODEX-P14163,EVODEX-P14580,EVODEX-P14839"
EVODEX-N5238,[H]O[C@@]1([H])[C@@]([H])(O[H])[C@]([H])(N2:C([H]):C([H]):C(=O):N([H]):C:2=O)O[C@]1([H])C([H])([H])OP(=O)(O[H])OP(=O)(O[H])O[C@:90]([C:89])([O:116])[H:206]>>[H]OC(=O)[C@@]([H])(N([H])[H])C([H])([H])C(=O)N([H])[C@]1([H])O[C@]([H])(C([H])([H])O[H])[C@@]([H])(O[C@]2([H])O[C@]([H])(C([H])([H])O[C@@]3([H])O[C@]([H])(C([H])([H])O[H])[C@@]([H])(O[H])[C@]([H])(O[H])[C@]3([H])O[C@]3([H])O[C@]([H])(C([H])([H])O[H])[C@@]([H])(O[H])[C@]([H])(O[H])[C@@]3([H])N([H])C(=O)C([H])([H])[H])[C@@]([H])(O[H])[C@]([H])(O[C@@]3([H])O[C@]([H])(C([H])([H])O[C@:90]([C:89])([O:116])[H:206])[C@@]([H])(O[H])[C@]([H])(O[H])[C@]3([H])O[C@]3([H])O[C@]([H])(C([H])([H])O[H])[C@@]([H])(O[H])[C@]([H])(O[H])[C@@]3([H])N([H])C(=O)C([H])([H])[H])[C@]2([H])O[H])[C@]([H])(O[H])[C@@]1([H])N([H])C(=O)C([H])([H])[H],EVODEX-P14168
EVODEX-N5239,>>[H]OC(=O)[C@@]([H])(N([H])[H])C([H])([H])C(=O)N([H])[C@]1([H])O[C@]([H])(C([H])([H])O[H])[C@@]([H])(O[C@]2([H])O[C@]([H])(C([H])([H])O[C@@]3([H])O[C@]([H])(C([H])([H])O[H])[C@@]([H])(O[H])[C@]([H])(O[H])[C@]3([H])O[C@]3([H])O[C@]([H])(C([H])([H])O[H])[C@@]([H])(O[H])[C@]([H])(O[H])[C@@]3([H])N([H])C(=O)C([H])([H])[H])[C@@]([H])(O[H])[C@]([H])(O[C@@]3([H])O[C@]([H])(C([H])([H])O)[C@@]([H])(O[H])[C@]([H])(O[H])[C@]3([H])O[C@]3([H])O[C@]([H])(C([H])([H])O[H])[C@@]([H])(O[H])[C@]([H])(O[H])[C@@]3([H])N([H])C(=O)C([H])([H])[H])[C@]2([H])O[H])[C@]([H])(O[H])[C@@]1([H])N([H])C(=O)C([H])([H])[H].[H],EVODEX-P14170
EVODEX-N5240,[H]O[C@@]1([H])[C@@]([H])(O[H])[C@]([H])(N2:C([H]):C([H]):C(=O):N([H]):C:2=O)O[C@]1([H])C([H])([H])OP(=O)(O[H])OP(=O)(O[H])O[C@:6]([C:5])([O:32])[H:90]>>[H]OC([H])([H])[C@@]1([H])O[C@]([H])(O[C@@]2([H])C([H])(OC([H])([H])C([H])([H])C([H])([H])C([H])([H])C([H])([H])C([H])([H])C([H])([H])C([H])([H])[H])O[C@]([H])(C([H])([H])O[H])[C@@]([H])(O[H])[C@]2([H])O[H])[C@@]([H])(O[C@]2([H])O[C@]([H])(C([H])([H])O[C@:6]([C:5])([O:32])[H:90])[C@@]([H])(O[H])[C@]([H])(O[H])[C@@]2([H])N([H])C(=O)C([H])([H])[H])[C@@]([H])(O[H])[C@]1([H])O[H],EVODEX-P14174
EVODEX-N5241,>>[H]OC([H])([H])[C@@]1([H])O[C@]([H])(O[C@@]2([H])C([H])(OC([H])([H])C([H])([H])C([H])([H])C([H])([H])C([H])([H])C([H])([H])C([H])([H])C([H])([H])[H])O[C@]([H])(C([H])([H])O[H])[C@@]([H])(O[H])[C@]2([H])O[H])[C@@]([H])(O[C@]2([H])O[C@]([H])(C([H])([H])O)[C@@]([H])(O[H])[C@]([H])(O[H])[C@@]2([H])N([H])C(=O)C([H])([H])[H])[C@@]([H])(O[H])[C@]1([H])O[H].[H],EVODEX-P14175
EVODEX-N5242,[H]O[C@@]1([H])[C@@]([H])(O[H])[C@]([H])(N2:C([H]):C([H]):C(=O):N([H]):C:2=O)O[C@]1([H])C([H])([H])OP(=O)(O[H])OP(=O)(O[H])O[C@@:43]([O:44])([C:52])[H:88]>>[H]O[C@@]1([H])[C@]([H])(O[H])[C@@]([H])(O[C:43]([O:44])([C:52])[H:88])[C@@]([H])(O[H])[C@@]([H])(OC(=O)C([H])([H])C2:C([H]):N([H]):C3:C([H]):C([H]):C([H]):C([H]):C:2:3)[C@]1([H])O[H],EVODEX-P14178
EVODEX-N5243,>>[H]O[C@@]1([H])[C@]([H])(OC(=O)C([H])([H])C2:C([H]):N([H]):C3:C([H]):C([H]):C([H]):C([H]):C:2:3)[C@]([H])(O[H])[C@]([H])(O)[C@@]([H])(O[H])[C@]1([H])O[H].[H],"EVODEX-P14180,EVODEX-P15635"
EVODEX-N5244,[H]O[C@@]1([H])[C@@]([H])(O[H])[C@]([H])(N2:C([H]):C([H]):C(=O):N([H]):C:2=O)O[C@]1([H])C([H])([H])OP(=O)(O[H])OP(=O)(O[H])O[C@@:44]([O:45])([C:53])[H:114]>>[H]OC(=O)C([H])([H])C([H])([H])C([H])([H])C([H])([H])C([H])([H])C([H])([H])C([H])([H])C([H])([H])C([H])([H])C([H])([H])C([H])([H])C([H])(O[C@:44]([O:45])([C:53])[H:114])C([H])([H])C([H])([H])C([H])([H])C([H])([H])C([H])([H])C([H])([H])C([H])([H])C([H])([H])C([H])([H])[H],EVODEX-P14183
EVODEX-N5245,>>[H]OC(=O)C([H])([H])C([H])([H])C([H])([H])C([H])([H])C([H])([H])C([H])([H])C([H])([H])C([H])([H])C([H])([H])C([H])([H])C([H])([H])C([H])(O)C([H])([H])C([H])([H])C([H])([H])C([H])([H])C([H])([H])C([H])([H])C([H])([H])C([H])([H])C([H])([H])[H].[H],EVODEX-P14185
EVODEX-N5246,[H]O[C@@]1([H])[C@@]([H])(O[H])[C@]([H])(N2:C([H]):C([H]):C(=O):N([H]):C:2=O)O[C@]1([H])C([H])([H])OP(=O)(O[H])OP(=O)(O[H])O[C@@:56]([O:57])([C:65])[H:138]>>[H]OC([H])([H])[C@@]1([H])O[C@@]([H])(OC([H])(C([H])([H])C([H])([H])C([H])([H])C([H])([H])C([H])([H])C([H])([H])C([H])([H])C([H])([H])C([H])([H])[H])C([H])([H])C([H])([H])C([H])([H])C([H])([H])C([H])([H])C([H])([H])C([H])([H])C([H])([H])C([H])([H])C([H])([H])C([H])([H])C(=O)OC([H])([H])[H])[C@]([H])(O[C@:56]([O:57])([C:65])[H:138])[C@@]([H])(O[H])[C@]1([H])O[H],EVODEX-P14188
EVODEX-N5247,>>[H]OC([H])([H])[C@@]1([H])O[C@@]([H])(OC([H])(C([H])([H])C([H])([H])C([H])([H])C([H])([H])C([H])([H])C([H])([H])C([H])([H])C([H])([H])C([H])([H])[H])C([H])([H])C([H])([H])C([H])([H])C([H])([H])C([H])([H])C([H])([H])C([H])([H])C([H])([H])C([H])([H])C([H])([H])C([H])([H])C(=O)OC([H])([H])[H])[C@]([H])(O)[C@@]([H])(O[H])[C@]1([H])O[H].[H],EVODEX-P14190
EVODEX-N5248,[H]O[C@@]1([H])[C@@]([H])(O[H])[C@]([H])(N2:C([H]):C([H]):C(=O):N([H]):C:2=O)O[C@]1([H])C([H])([H])OP(=O)(O[H])OP(=O)(O[H])O[C@@:4]([O:3])([C:30])[H:69]>>[H]OC([H])([H])[C@@]1([H])OC([H])(OC2:C(C3:C([H]):C([H]):C([H]):C([H]):C:3[H]):O:C3:C([H]):C([H]):C([H]):C([H]):C:3:C:2=O)[C@]([H])(O[C@@:4]([O:3])([C:30])[H:69])[C@@]([H])(O[H])[C@]1([H])O[H],"EVODEX-P14195,EVODEX-P15638"
EVODEX-N5249,>>[H]OC([H])([H])[C@@]1([H])OC([H])(OC2:C(C3:C([H]):C([H]):C([H]):C([H]):C:3[H]):O:C3:C([H]):C([H]):C([H]):C([H]):C:3:C:2=O)[C@]([H])(O)[C@@]([H])(O[H])[C@]1([H])O[H].[H],"EVODEX-P14196,EVODEX-P15640"
EVODEX-N5250,[H]O[C@@]1([H])[C@@]([H])(O[H])[C@]([H])(N2:C([H]):C([H]):C(=O):N([H]):C:2=O)O[C@]1([H])C([H])([H])OP(=O)(O[H])OP(=O)(O[H])O[C@@:4]([O:3])([C:30])[H:61]>>[H]OC1:C([H]):C([H]):C(C2:O:C3:C([H]):C(O[H]):C([H]):C(O[H]):C:3:C(=O):C:2O[C@@:4]([O:3])([C:30])[H:61]):C([H]):C:1[H],"EVODEX-P14200,EVODEX-P15748"
EVODEX-N5251,[H]O[C@@]1([H])[C@@]([H])(O[H])[C@]([H])(N2:C([H]):C([H]):C(=O):N([H]):C:2=O)O[C@]1([H])C([H])([H])OP(=O)(O[H])OP(=O)(O[H])O[C@@:31]([O:32])([C:40])[H:68]>>[H]OC1:C(C([H])([H])[H]):N:C([H]):C(C([H])([H])O[C@:31]([O:32])([C:40])[H:68]):C:1C([H])([H])O[H],EVODEX-P14204
EVODEX-N5252,>>[H]OC1:C(C([H])([H])[H]):N:C([H]):C(C([H])([H])O):C:1C([H])([H])O[H].[H],"EVODEX-P14206,EVODEX-P18246"
EVODEX-N5253,[H]O[C@@]1([H])[C@@]([H])(O[H])[C@]([H])(N2:C([H]):C([H]):C(=O):N([H]):C:2=O)O[C@]1([H])C([H])([H])OP(=O)(O[H])OP(=O)(O[H])O[C@@:31]([O:32])([C:40])[H:69]>>[H]OC1:C(C([H])([H])[H]):N:C([H]):C(C([H])([H])O[C:31]([O:32])([C:40])[H:69]):C:1C([H])([H])N([H])[H],EVODEX-P14209
EVODEX-N5254,>>[H]OC1:C(C([H])([H])[H]):N:C([H]):C(C([H])([H])O):C:1C([H])([H])N([H])[H].[H],"EVODEX-P14211,EVODEX-P18241"
EVODEX-N5255,[H]OC([H])([H])[C@@]1([H])O[C@]([H])(O[C@@:15]([O:14])([C:16])[C:30])[C@]([H])(O[H])[C@@]([H])(O[H])[C@]1([H])O[H]>>[H]O[C@@]1([H])[C@@]([H])(O[C@:15]([O:14])([C:16])[C:30])OC([H])([H])[C@@]([H])(O[H])[C@]1([H])O[H],EVODEX-P14215
EVODEX-N5256,>>[H]O[C@]1([H])[C@@]([H])(O[H])[C@]([H])(O[H])C([H])([H])O[C@]1([H])O.[H],"EVODEX-P14216,EVODEX-P18314"
EVODEX-N5257,[H][C:9]([C:7])([O:10])[H:41].[C:21][C:22]([O:23])([H:53])[H:54]>>[C:7][C@:9]([O:10])([C:22]([O:23])([H:53])[H:54])[H:41].[H][C:21],EVODEX-P14217
EVODEX-N5258,[H][C:9]([C:7])([O:10])[H:41].[H]OC([H])([H])[C@@]1(O[C@@]2([H])O[C@]([H])([C:22]([O:23])([H:53])[H:54])[C@@]([H])(O[H])[C@]([H])(O[H])[C@@]2([H])O[H])O[C@]([H])(C([H])([H])O[H])[C@@]([H])(O[H])[C@]1([H])O[H]>>[C:7][C@:9]([O:10])([C:22]([O:23])([H:53])[H:54])[H:41],EVODEX-P14218
EVODEX-N5259,[H]OC([H])([H])[C@@]1(O[C@@]2([H])O[C@]([H])([C:22]([O:23])([H:53])[H:54])[C@@]([H])(O[H])[C@]([H])(O[H])[C@@]2([H])O[H])O[C@]([H])(C([H])([H])O[H])[C@@]([H])(O[H])[C@]1([H])O[H]>>[H]O[C@@]([H])([C@]([H])(O[H])[C@]([H])(O[H])[C:22]([O:23])([H:53])[H:54])[C@@]([H])(O[H])C([H])=O,EVODEX-P14219
EVODEX-N5260,[H][C:9]([C:7])([O:10])[H:41]>>[H]OC([H])([H])[C@:9]([C:7])([O:10])[H:41],"EVODEX-P14220,EVODEX-P30018,EVODEX-P30153"
EVODEX-N5261,>>[H].[H]O[C@@]([H])([C@]([H])(O[H])C([H])=O)[C@]([H])(O[H])C([H])([H])O,"EVODEX-P14221,EVODEX-P18369,EVODEX-P18373"
EVODEX-N5262,[H]O[C@@]1([H])[C@@]([H])(O[H])[C@]([H])(N2:C([H]):C([H]):C(=O):N([H]):C:2=O)O[C@]1([H])C([H])([H])OP(=O)(O[H])OP(=O)(O[H])O[C@:6]([C:5])([O:32])[H:88]>>[H]OC(=O)[C@]1(O[C@]2([H])[C@@]([H])(O[H])[C@]([H])(O[C@@]3([H])[C@]([H])(O[H])[C@@]([H])(O[H])C([H])(O[H])O[C@]3([H])C([H])([H])O[H])O[C@]([H])(C([H])([H])O[H])[C@]2([H])O[C@:6]([C:5])([O:32])[H:88])O[C@@]([H])([C@]([H])(O[H])[C@]([H])(O[H])C([H])([H])O[H])[C@]([H])(N([H])C(=O)C([H])([H])[H])[C@@]([H])(O[H])C1([H])[H],EVODEX-P14225
EVODEX-N5263,>>[H]OC(=O)[C@]1(O[C@@]2([H])[C@@]([H])(O)[C@@]([H])(C([H])([H])O[H])O[C@@]([H])(O[C@@]3([H])[C@]([H])(O[H])[C@@]([H])(O[H])C([H])(O[H])O[C@]3([H])C([H])([H])O[H])[C@]2([H])O[H])O[C@@]([H])([C@]([H])(O[H])[C@]([H])(O[H])C([H])([H])O[H])[C@]([H])(N([H])C(=O)C([H])([H])[H])[C@@]([H])(O[H])C1([H])[H].[H],EVODEX-P14226
EVODEX-N5264,[H]O[C@@]1([H])[C@@]([H])(O[H])[C@]([H])(N2:C([H]):C([H]):C(=O):N([H]):C:2=O)O[C@]1([H])C([H])([H])OP(=O)(O[H])OP(=O)(O[H])O[C@:6]([C:5])([O:32])[H:133]>>[H]OC(=O)[C@]1(O[C@]2([H])[C@@]([H])(O[H])[C@]([H])(O[C@@]3([H])[C@]([H])(O[H])[C@@]([H])(C([H])([H])O[C@@]4(C(=O)O[H])O[C@@]([H])([C@]([H])(O[H])[C@]([H])(O[C@@:6]([C:5])([O:32])[H:133])C([H])([H])O[H])[C@]([H])(N([H])C(=O)C([H])([H])[H])[C@@]([H])(O[H])C4([H])[H])O[C@@]([H])(O[C@]4([H])[C@@]([H])(O[H])[C@]([H])(O[C@@]5([H])[C@]([H])(O[H])[C@@]([H])(O[H])[C@]([H])(O[H])O[C@]5([H])C([H])([H])O[H])O[C@]([H])(C([H])([H])O[H])[C@]4([H])O[H])[C@]3([H])N([H])C(=O)C([H])([H])[H])O[C@]([H])(C([H])([H])O[H])[C@]2([H])O[H])O[C@@]([H])([C@]([H])(O[H])[C@]([H])(O[H])C([H])([H])O[H])[C@]([H])(N([H])C(=O)C([H])([H])[H])[C@@]([H])(O[H])C1([H])[H],EVODEX-P14230
EVODEX-N5265,>>[H]OC(=O)[C@]1(OC([H])([H])[C@@]2([H])O[C@@]([H])(O[C@]3([H])[C@@]([H])(O[H])[C@]([H])(O[C@@]4([H])[C@]([H])(O[H])[C@@]([H])(O[H])[C@]([H])(O[H])O[C@]4([H])C([H])([H])O[H])O[C@]([H])(C([H])([H])O[H])[C@]3([H])O[H])[C@]([H])(N([H])C(=O)C([H])([H])[H])[C@@]([H])(O[C@]3([H])O[C@]([H])(C([H])([H])O[H])[C@]([H])(O[H])[C@]([H])(O[C@@]4(C(=O)O[H])O[C@@]([H])([C@]([H])(O[H])[C@]([H])(O[H])C([H])([H])O[H])[C@]([H])(N([H])C(=O)C([H])([H])[H])[C@@]([H])(O[H])C4([H])[H])[C@@]3([H])O[H])[C@]2([H])O[H])O[C@@]([H])([C@]([H])(O[H])[C@]([H])(O)C([H])([H])O[H])[C@]([H])(N([H])C(=O)C([H])([H])[H])[C@@]([H])(O[H])C1([H])[H].[H],EVODEX-P14231
EVODEX-N5266,[H]O[C@@]1([H])[C@@]([H])(O[H])[C@]([H])(N2:C([H]):C([H]):C(=O):N([H]):C:2=O)O[C@]1([H])C([H])([H])OP(=O)(O[H])OP(=O)(O[H])O[C@@:19]([O:20])([C:28])[H:68]>>[H]OC([H])([H])[C@@]1(O[C@@]2([H])O[C@]([H])(C([H])([H])O[H])[C@@]([H])(O[H])[C@]([H])(O[H])[C@@]2([H])O[H])O[C@]([H])(C([H])([H])O[C@@:19]([O:20])([C:28])[H:68])[C@@]([H])(O[H])[C@]1([H])O[H],EVODEX-P14239
EVODEX-N5267,[H]O[C@@]1([H])[C@@]([H])(O[H])[C@]([H])(N2:C([H]):C([H]):C(=O):N([H]):C:2=O)O[C@]1([H])C([H])([H])OP(=O)(O[H])OP(=O)(O[H])O[C@@:39]([O:40])([C:48])[H:75]>>[H]OC1:C([H]):C([H]):C(C2:C([H]):O:C3:C([H]):C(O[C@:39]([O:40])([C:48])[H:75]):C([H]):C(O[H]):C:3:C:2=O):C([H]):C:1[H],EVODEX-P14243
EVODEX-N5268,>>[H]OC1:C([H]):C([H]):C(C2:C([H]):O:C3:C([H]):C(O):C([H]):C(O[H]):C:3:C:2=O):C([H]):C:1[H].[H],EVODEX-P14245
EVODEX-N5269,[H]O[C@@]1([H])[C@@]([H])(O[H])[C@]([H])(N2:C([H]):C([H]):C(=O):N([H]):C:2=O)O[C@]1([H])C([H])([H])OP(=O)(O[H])OP(=O)(O[H])O[C@@:38]([O:39])([C:47])[H:74]>>[H]OC1:C([H]):C([H]):C(C2:C([H]):O:C3:C([H]):C(O[C@:38]([O:39])([C:47])[H:74]):C([H]):C([H]):C:3:C:2=O):C([H]):C:1[H],EVODEX-P14248
EVODEX-N5270,>>[H]OC1:C([H]):C([H]):C(C2:C([H]):O:C3:C([H]):C(O):C([H]):C([H]):C:3:C:2=O):C([H]):C:1[H].[H],EVODEX-P14250
EVODEX-N5271,[H]O[C@@]1([H])[C@@]([H])(O[H])[C@]([H])(N2:C([H]):C([H]):C(=O):N([H]):C:2=O)O[C@]1([H])C([H])([H])OP(=O)(O[H])OP(=O)(O[H])O[C@@:19]([O:20])([C:28])[H:54]>>[H]OC([H])([H])C1:C([H]):C([H]):C([H]):C([H]):C:1O[C@:19]([O:20])([C:28])[H:54],EVODEX-P14259
EVODEX-N5272,>>[H]OC([H])([H])C1:C([H]):C([H]):C([H]):C([H]):C:1O.[H],EVODEX-P14260
EVODEX-N5273,[H]O[C@@]1([H])[C@@]([H])(O[H])[C@]([H])(N2:C([H]):C([H]):C(=O):N([H]):C:2=O)O[C@]1([H])C([H])([H])OP(=O)(O[H])OP(=O)(O[H])O[C@@:19]([O:20])([C:28])[H:63]>>[H]C1([H])C([H])([H])C2([H])C([H])([H])C([H])([H])C3([H])C4([H])C([H])([H])C([H])([H])C([H])(O[C@:19]([O:20])([C:28])[H:63])C([H])([H])C4([H])C([H])([H])C([H])([H])C3([H])C2([H])C1([H])[H],EVODEX-P14264
EVODEX-N5274,[H]O[C@@]1([H])[C@@]([H])(O[H])[C@]([H])(N2:C([H]):C([H]):C(=O):N([H]):C:2=O)O[C@]1([H])C([H])([H])OP(=O)(O[H])OP(=O)(O[H])O[C@@:47]([O:48])([C:56])[H:119]>>[H]C1=C2C([H])([H])C([H])(O[C@@:47]([O:48])([C:56])[H:119])C([H])([H])C([H])([H])[C@]2(C([H])([H])[H])[C@@]2([H])C([H])([H])C([H])([H])[C@@]3(C([H])([H])[H])[C@@]([H])(C([H])([H])C([H])([H])[C@]3([H])[C@]([H])(C([H])([H])[H])C([H])([H])C([H])([H])C([H])([H])C([H])(C([H])([H])[H])C([H])([H])[H])[C@]2([H])C1([H])[H],EVODEX-P14268
EVODEX-N5275,[H]O[C@@]1([H])[C@@]([H])(O[H])[C@]([H])(N2:C([H]):C([H]):C(=O):N([H]):C:2=O)O[C@]1([H])C([H])([H])OP(=O)(O[H])OP(=O)(O[H])O[C@@:44]([O:45])([C:53])[H:92]>>[H]OC(=O)[C@]1([H])[C@]23C([H])([H])C(=C([H])[H])[C@](O[H])(C([H])([H])C([H])([H])[C@@]2([H])[C@@]24OC(=O)[C@](C([H])([H])[H])([C@@]12[H])[C@@]([H])(O[C@:44]([O:45])([C:53])[H:92])C([H])=C4[H])C3([H])[H],EVODEX-P14273
EVODEX-N5276,>>[H]OC(=O)[C@]1([H])[C@]23C([H])([H])C(=C([H])[H])[C@](O[H])(C([H])([H])C([H])([H])[C@@]2([H])[C@@]24OC(=O)[C@](C([H])([H])[H])([C@@]12[H])[C@@]([H])(O)C([H])=C4[H])C3([H])[H].[H],EVODEX-P14275
EVODEX-N5277,[H]O[C@@]1([H])[C@@]([H])(O[H])[C@]([H])(N2:C([H]):C([H]):C(=O):N([H]):C:2=O)O[C@]1([H])C([H])([H])OP(=O)(O[H])OP(=O)(O[H])O[C@@:42]([O:43])([C:51])[H:92]>>[H]C([H])=C1C([H])([H])[C@]23C([H])([H])[C@@]1([H])C([H])([H])C([H])([H])[C@@]2([H])[C@]12OC(=O)[C@](C([H])([H])[H])(C([H])([H])C([H])([H])C1([H])[H])[C@@]2([H])[C@]3([H])C(=O)O[C@:42]([O:43])([C:51])[H:92],EVODEX-P14278
EVODEX-N5278,>>[H]C([H])=C1C([H])([H])[C@]23C([H])([H])[C@@]1([H])C([H])([H])C([H])([H])[C@@]2([H])[C@]12OC(=O)[C@](C([H])([H])[H])(C([H])([H])C([H])([H])C1([H])[H])[C@@]2([H])[C@]3([H])C(O)=O.[H],EVODEX-P14280
EVODEX-N5279,[H]O[C@@]1([H])[C@@]([H])(O[H])[C@]([H])(N2:C([H]):C([H]):C(=O):N([H]):C:2=O)O[C@]1([H])C([H])([H])OP(=O)(O[H])OP(=O)(O[H])O[C@@:30]([O:31])([C:39])[H:56]>>[H]/C(C(=O)O[C@@:30]([O:31])([C:39])[H:56])=C(/[H])C1:C([H]):C([H]):C([H]):C([H]):C:1[H],EVODEX-P14284
EVODEX-N5280,>>[H].[H]/C(C(O)=O)=C(/[H])C1:C([H]):C([H]):C([H]):C([H]):C:1[H],EVODEX-P14285
EVODEX-N5281,[H]O[C@@]1([H])[C@@]([H])(O[H])[C@]([H])(N2:C([H]):C([H]):C(=O):N([H]):C:2=O)O[C@]1([H])C([H])([H])OP(=O)(O[H])OP(=O)(O[H])O[C@@:33]([O:34])([C:42])[H:69]>>[H]OC1:C([H]):C([H]):C(/C([H])=C(\[H])C(=O)O[C@:33]([O:34])([C:42])[H:69]):C([H]):C:1OC([H])([H])[H],EVODEX-P14288
EVODEX-N5282,[H]O[C@@]1([H])[C@@]([H])(O[H])[C@]([H])(N2:C([H]):C([H]):C(=O):N([H]):C:2=O)O[C@]1([H])C([H])([H])OP(=O)(O[H])OP(=O)(O[H])O[C@@:45]([O:46])([C:54])[H:96]>>[H]OC([H])([H])[C@@]1([H])O[C@@]([H])(O[C@@]2([H])[C@@]([H])(O[H])[C@@]([H])(C([H])([H])O[H])O[C@@]([H])(O[H])[C@]2([H])N([H])C(=O)C([H])([H])[H])[C@]([H])(O[H])[C@@]([H])(O[C@:45]([O:46])([C:54])[H:96])[C@@]1([H])O[H],EVODEX-P14298
EVODEX-N5283,>>[H]OC([H])([H])[C@@]1([H])O[C@@]([H])(O[C@@]2([H])[C@@]([H])(O[H])[C@@]([H])(C([H])([H])O[H])O[C@@]([H])(O[H])[C@]2([H])N([H])C(=O)C([H])([H])[H])[C@]([H])(O[H])[C@@]([H])(O)[C@@]1([H])O[H].[H],"EVODEX-P14300,EVODEX-P15186,EVODEX-P15776"
EVODEX-N5284,[H]O[C@@]1([H])[C@@]([H])(O[H])[C@]([H])(N2:C([H]):C([H]):C(=O):N([H]):C:2=O)O[C@]1([H])C([H])([H])OP(=O)(O[H])OP(=O)(O[H])O[C@@:36]([O:37])([C:45])[H:62]>>[H]C1:C([H]):C([H]):C2:C(:C:1[H])C(=O)C1:C([H]):C([H]):C([H]):C(O[C@:36]([O:37])([C:45])[H:62]):C:1C2=O,EVODEX-P14304
EVODEX-N5285,>>[H].[H]C1:C([H]):C([H]):C2:C(:C:1[H])C(=O)C1:C([H]):C([H]):C([H]):C(O):C:1C2=O,EVODEX-P14305
EVODEX-N5286,[H]O[C@@]1([H])[C@@]([H])(O[H])[C@]([H])(N2:C([H]):C([H]):C(=O):N([H]):C:2=O)O[C@]1([H])C([H])([H])OP(=O)(O[H])OP(=O)(O[H])O[C@@:39]([O:40])([C:48])[H:75]>>[H]OC1:C([H]):C(O[H]):C2:C(:C:1[H])C(=O)C1:C([H]):C(C([H])([H])[H]):C([H]):C(O[C@:39]([O:40])([C:48])[H:75]):C:1C2=O,EVODEX-P14308
EVODEX-N5287,>>[H]OC1:C([H]):C(O[H]):C2:C(:C:1[H])C(=O)C1:C([H]):C(C([H])([H])[H]):C([H]):C(O):C:1C2=O.[H],EVODEX-P14310
EVODEX-N5288,[H]O[C@@]1([H])[C@@]([H])(O[H])[C@]([H])(N2:C([H]):C([H]):C(=O):N([H]):C:2=O)O[C@]1([H])C([H])([H])OP(=O)(O[H])OP(=O)(O[H])O[C@@:52]([O:53])([C:61])[H:130]>>[H]OC([H])([H])[C@@]1([H])O[C@@]([H])(OC([H])([H])C([H])([H])SC([H])([H])C([H])([H])C([H])([H])C([H])([H])C([H])([H])C([H])([H])C([H])([H])C([H])([H])C([H])([H])C([H])([H])C([H])([H])C([H])([H])C([H])([H])C([H])([H])C([H])([H])C([H])([H])C([H])([H])C([H])([H])[H])[C@]([H])(O[H])[C@@]([H])(O[C@@:52]([O:53])([C:61])[H:130])[C@]1([H])O[H],EVODEX-P14313
EVODEX-N5289,>>[H]OC([H])([H])[C@@]1([H])O[C@@]([H])(OC([H])([H])C([H])([H])SC([H])([H])C([H])([H])C([H])([H])C([H])([H])C([H])([H])C([H])([H])C([H])([H])C([H])([H])C([H])([H])C([H])([H])C([H])([H])C([H])([H])C([H])([H])C([H])([H])C([H])([H])C([H])([H])C([H])([H])C([H])([H])[H])[C@]([H])(O[H])[C@@]([H])(O)[C@]1([H])O[H].[H],EVODEX-P14315
EVODEX-N5290,[H]O[C@@]1([H])[C@@]([H])(O[H])[C@]([H])(N2:C([H]):C([H]):C(=O):N([H]):C:2=O)O[C@]1([H])C([H])([H])OP(=O)(O[H])OP(=O)(O[H])O[C@@:39]([O:40])([C:48])[H:77]>>[H]OC1:C([H]):C([H]):C2:C(:C:1[H])OC([H])(C1:C([H]):C([H]):C(O[H]):C(O[C@@:39]([O:40])([C:48])[H:77]):C:1[H])C([H])([H])C2=O,EVODEX-P14318
EVODEX-N5291,>>[H]OC1:C([H]):C([H]):C2:C(:C:1[H])OC([H])(C1:C([H]):C([H]):C(O[H]):C(O):C:1[H])C([H])([H])C2=O.[H],EVODEX-P14320
EVODEX-N5292,[H]O[C@@]1([H])[C@@]([H])(O[H])[C@]([H])(N2:C([H]):C([H]):C(=O):N([H]):C:2=O)O[C@]1([H])C([H])([H])OP(=O)(O[H])OP(=O)(O[H])O[C@@:39]([O:40])([C:48])[H:75]>>[H]OC1:C([H]):C([H]):C(C2:O:C3:C([H]):C(O[C@@:39]([O:40])([C:48])[H:75]):C([H]):C([H]):C:3:C(=O):C:2[H]):C([H]):C:1O[H],EVODEX-P14323
EVODEX-N5293,>>[H]OC1:C([H]):C([H]):C(C2:O:C3:C([H]):C(O):C([H]):C([H]):C:3:C(=O):C:2[H]):C([H]):C:1O[H].[H],EVODEX-P14325
EVODEX-N5294,[H]O[C@@]1([H])[C@@]([H])(O[H])[C@]([H])(N2:C([H]):C([H]):C(=O):N([H]):C:2=O)O[C@]1([H])C([H])([H])OP(=O)(O[H])OP(=O)(O[H])O[C@@:54]([O:55])([C:63])[H:126]>>[H]OC([H])([H])[C@@]1([H])O[C@@]([H])(OC([H])([H])C([H])([H])C([H])([H])C([H])([H])C([H])([H])C([H])([H])C([H])([H])C([H])([H])C([H])([H])C([H])([H])C([H])([H])C([H])([H])[H])[C@]([H])(O[H])[C@@]([H])(O[H])[C@]1([H])O[C@@]1([H])O[C@]([H])(C([H])([H])O[H])[C@@]([H])(O[C@@:54]([O:55])([C:63])[H:126])[C@]([H])(O[H])[C@@]1([H])O[H],EVODEX-P14328
EVODEX-N5295,>>[H]OC([H])([H])[C@@]1([H])O[C@]([H])(O[C@@]2([H])[C@]([H])(O[H])[C@@]([H])(O[H])[C@]([H])(OC([H])([H])C([H])([H])C([H])([H])C([H])([H])C([H])([H])C([H])([H])C([H])([H])C([H])([H])C([H])([H])C([H])([H])C([H])([H])C([H])([H])[H])O[C@]2([H])C([H])([H])O[H])[C@]([H])(O[H])[C@@]([H])(O[H])[C@]1([H])O.[H],EVODEX-P14330
EVODEX-N5296,[H][O:37][C:36].[H]OP(=O)(OC([H])([H])/C([H])=C(/C([H])([H])[H])C([H])([H])C([H])([H])/C([H])=C(/C([H])([H])[H])C([H])([H])C([H])([H])/C([H])=C(/C([H])([H])[H])C([H])([H])C([H])([H])/C([H])=C(/C([H])([H])[H])C([H])([H])C([H])([H])/C([H])=C(/C([H])([H])[H])C([H])([H])C([H])([H])/C([H])=C(/C([H])([H])[H])C([H])([H])C([H])([H])/C([H])=C(/C([H])([H])[H])C([H])([H])C([H])([H])/C([H])=C(/C([H])([H])[H])C([H])([H])C([H])([H])/C([H])=C(\C([H])([H])[H])C([H])([H])C([H])([H])/C([H])=C(\C([H])([H])[H])C([H])([H])C([H])([H])C([H])=C(C([H])([H])[H])C([H])([H])[H])OP(=O)(O[H])O[C@:45]([C:44])([O:110])[H:150]>>[C:36][O:37][C@:45]([C:44])([O:110])[H:150],"EVODEX-P14333,EVODEX-P14960"
EVODEX-N5297,[H]OP(=O)(OC([H])([H])/C([H])=C(/C([H])([H])[H])C([H])([H])C([H])([H])/C([H])=C(/C([H])([H])[H])C([H])([H])C([H])([H])/C([H])=C(/C([H])([H])[H])C([H])([H])C([H])([H])/C([H])=C(/C([H])([H])[H])C([H])([H])C([H])([H])/C([H])=C(/C([H])([H])[H])C([H])([H])C([H])([H])/C([H])=C(/C([H])([H])[H])C([H])([H])C([H])([H])/C([H])=C(/C([H])([H])[H])C([H])([H])C([H])([H])/C([H])=C(/C([H])([H])[H])C([H])([H])C([H])([H])/C([H])=C(\C([H])([H])[H])C([H])([H])C([H])([H])/C([H])=C(\C([H])([H])[H])C([H])([H])C([H])([H])C([H])=C(C([H])([H])[H])C([H])([H])[H])OP(=O)(O[H])O[C@:45]([C:44])([O:110])[H:150]>>[H]OC([H])([H])[C@@]1([H])O[C@]([H])(OP(=O)(O[H])OP(=O)(O[H])OC([H])([H])[C@@]2([H])O[C@@]([H])(N3:C([H]):C([H]):C(=O):N([H]):C:3=O)[C@]([H])(O[H])[C@]2([H])O[H])[C@@]([H])(N([H])C(=O)C([H])([H])[H])[C@@]([H])(O[H])[C@]1([H])O[C@:45]([C:44])([O:110])[H:150],EVODEX-P14334
EVODEX-N5298,[H]O[C@@]1([H])[C@@]([H])(O[H])[C@]([H])(N2:C([H]):C([H]):C(=O):N([H]):C:2=O)O[C@]1([H])C([H])([H])OP(=O)(O[H])OP(=O)(O[H])O[C@@:97]([O:98])([C:106])[H:228]>>[H]OC([H])([H])[C@@]1([H])O[C@]([H])(OP(=O)(O[H])OP(=O)(O[H])OC([H])([H])/C([H])=C(/C([H])([H])[H])C([H])([H])C([H])([H])/C([H])=C(/C([H])([H])[H])C([H])([H])C([H])([H])/C([H])=C(/C([H])([H])[H])C([H])([H])C([H])([H])/C([H])=C(/C([H])([H])[H])C([H])([H])C([H])([H])/C([H])=C(/C([H])([H])[H])C([H])([H])C([H])([H])/C([H])=C(/C([H])([H])[H])C([H])([H])C([H])([H])/C([H])=C(/C([H])([H])[H])C([H])([H])C([H])([H])/C([H])=C(/C([H])([H])[H])C([H])([H])C([H])([H])/C([H])=C(\C([H])([H])[H])C([H])([H])C([H])([H])/C([H])=C(\C([H])([H])[H])C([H])([H])C([H])([H])C([H])=C(C([H])([H])[H])C([H])([H])[H])[C@]([H])(N([H])C(=O)C([H])([H])[H])[C@@]([H])(O[H])[C@]1([H])O[C@:97]([O:98])([C:106])[H:228],EVODEX-P14339
EVODEX-N5299,>>[H]OC([H])([H])[C@@]1([H])O[C@]([H])(OP(=O)(O[H])OP(=O)(O[H])OC([H])([H])/C([H])=C(/C([H])([H])[H])C([H])([H])C([H])([H])/C([H])=C(/C([H])([H])[H])C([H])([H])C([H])([H])/C([H])=C(/C([H])([H])[H])C([H])([H])C([H])([H])/C([H])=C(/C([H])([H])[H])C([H])([H])C([H])([H])/C([H])=C(/C([H])([H])[H])C([H])([H])C([H])([H])/C([H])=C(/C([H])([H])[H])C([H])([H])C([H])([H])/C([H])=C(/C([H])([H])[H])C([H])([H])C([H])([H])/C([H])=C(/C([H])([H])[H])C([H])([H])C([H])([H])/C([H])=C(\C([H])([H])[H])C([H])([H])C([H])([H])/C([H])=C(\C([H])([H])[H])C([H])([H])C([H])([H])C([H])=C(C([H])([H])[H])C([H])([H])[H])[C@]([H])(N([H])C(=O)C([H])([H])[H])[C@@]([H])(O)[C@]1([H])O[H].[H],"EVODEX-P14341,EVODEX-P14948,EVODEX-P15205"
EVODEX-N5300,[H]O[C@@]1([H])[C@@]([H])(O[H])[C@]([H])(N2:C([H]):C([H]):C(=O):N([H]):C:2=O)O[C@]1([H])C([H])([H])OP(=O)(O[H])OP(=O)(O[H])O[C@@:39]([O:38])([C:65])[H:91]>>[H]OC(=O)[C@@]1([H])O[C@@]([H])(OC2:C([H]):C(O[H]):C3:C(=O):C([H]):C(C4:C([H]):C([H]):C(O[H]):C(O[H]):C:4[H]):O:C:3:C:2[H])[C@]([H])(O[C@:39]([O:38])([C:65])[H:91])[C@@]([H])(O[H])[C@]1([H])O[H],EVODEX-P14349
EVODEX-N5301,>>[H]OC(=O)[C@@]1([H])O[C@@]([H])(OC2:C([H]):C(O[H]):C3:C(=O):C([H]):C(C4:C([H]):C([H]):C(O[H]):C(O[H]):C:4[H]):O:C:3:C:2[H])[C@]([H])(O)[C@@]([H])(O[H])[C@]1([H])O[H].[H],EVODEX-P14351
EVODEX-N5302,[H]O[C@@]1([H])[C@@]([H])(O[H])[C@]([H])(N2:C([H]):C([H]):C(=O):N([H]):C:2=O)O[C@]1([H])C([H])([H])OP(=O)(O[H])OP(=O)(O[H])O[C@@:38]([O:37])([C:64])[H:90]>>[H]OC(=O)[C@@]1([H])O[C@@]([H])(OC2:C([H]):C(O[H]):C3:C(=O):C([H]):C(C4:C([H]):C([H]):C(O[H]):C([H]):C:4[H]):O:C:3:C:2[H])[C@]([H])(O[C@:38]([O:37])([C:64])[H:90])[C@@]([H])(O[H])[C@]1([H])O[H],EVODEX-P14354
EVODEX-N5303,>>[H]OC(=O)[C@@]1([H])O[C@@]([H])(OC2:C([H]):C(O[H]):C3:C(=O):C([H]):C(C4:C([H]):C([H]):C(O[H]):C([H]):C:4[H]):O:C:3:C:2[H])[C@]([H])(O)[C@@]([H])(O[H])[C@]1([H])O[H].[H],EVODEX-P14356
EVODEX-N5304,[H]O[C@@]1([H])[C@@]([H])(O[H])[C@]([H])(N2:C([H]):C([H]):C(=O):N([H]):C:2=O)O[C@]1([H])C([H])([H])OP(=O)(O[H])OP(=O)(O[H])O[C@@:64]([O:65])([C:73])[H:116]>>[H]OC(=O)[C@@]1([H])O[C@@]([H])(O[C@@]2([H])[C@]([H])(OC3:C([H]):C(O[H]):C4:C(=O):C([H]):C(C5:C([H]):C([H]):C(O[C@:64]([O:65])([C:73])[H:116]):C(O[H]):C:5[H]):O:C:4:C:3[H])O[C@]([H])(C(=O)O[H])[C@@]([H])(O[H])[C@]2([H])O[H])[C@]([H])(O[H])[C@@]([H])(O[H])[C@]1([H])O[H],"EVODEX-P14359,EVODEX-P14365"
EVODEX-N5305,>>[H]OC(=O)[C@@]1([H])O[C@@]([H])(O[C@@]2([H])[C@]([H])(OC3:C([H]):C(O[H]):C4:C(=O):C([H]):C(C5:C([H]):C([H]):C(O):C(O[H]):C:5[H]):O:C:4:C:3[H])O[C@]([H])(C(=O)O[H])[C@@]([H])(O[H])[C@]2([H])O[H])[C@]([H])(O[H])[C@@]([H])(O[H])[C@]1([H])O[H].[H],"EVODEX-P14361,EVODEX-P14367"
EVODEX-N5306,[H]O[C@]1([H])[C@@]([H])(O[H])[C@]([H])(O[H])C([H])([H])O[C@]1([H])[O:63][P:60]>>[H][O:63][P:60],"EVODEX-P14363,EVODEX-P15622,EVODEX-P15627"
EVODEX-N5307,[H][O:15][C:14]>>[H]O[C@]1([H])[C@@]([H])(O[H])[C@]([H])([O:15][C:14])OC([H])([H])[C@@]1([H])O[H],"EVODEX-P14366,EVODEX-P15570,EVODEX-P15582,EVODEX-P15587,EVODEX-P15634,EVODEX-P15639,EVODEX-P15644,EVODEX-P15649,EVODEX-P15653,EVODEX-P15659,EVODEX-P15664,EVODEX-P15668,EVODEX-P15673,EVODEX-P15699,EVODEX-P15705,EVODEX-P15710,EVODEX-P15749,EVODEX-P15754"
EVODEX-N5308,[H]O[C@@]1([H])[C@@]([H])(O[H])[C@]([H])(N2:C([H]):C([H]):C(=O):N([H]):C:2=O)O[C@]1([H])C([H])([H])OP(=O)(O[H])OP(=O)(O[H])O[C@@:50]([O:51])([C:59])[H:118]>>[H]OC([H])([H])[C@@]1(C([H])([H])[H])O[C@@]2(O[C@@]3([H])C([H])([H])[C@@]4([H])[C@]5([H])C([H])([H])C([H])=C6C([H])([H])[C@@]([H])(O[C@:50]([O:51])([C:59])[H:118])C([H])([H])C([H])([H])[C@]6(C([H])([H])[H])[C@@]5([H])C([H])([H])C([H])([H])[C@]4(C([H])([H])[H])[C@@]3([H])[C@]2([H])C([H])([H])[H])C([H])([H])C1([H])[H],EVODEX-P14370
EVODEX-N5309,>>[H]OC([H])([H])[C@@]1(C([H])([H])[H])O[C@@]2(O[C@@]3([H])C([H])([H])[C@@]4([H])[C@]5([H])C([H])([H])C([H])=C6C([H])([H])[C@@]([H])(O)C([H])([H])C([H])([H])[C@]6(C([H])([H])[H])[C@@]5([H])C([H])([H])C([H])([H])[C@]4(C([H])([H])[H])[C@@]3([H])[C@]2([H])C([H])([H])[H])C([H])([H])C1([H])[H].[H],EVODEX-P14372
EVODEX-N5310,[H]O[C@@]1([H])[C@@]([H])(O[H])[C@]([H])(N2:C([H]):C([H]):C(=O):N([H]):C:2=O)O[C@]1([H])C([H])([H])OP(=O)(O[H])OP(=O)(O[H])O[C@@:50]([O:51])([C:59])[H:118]>>[H]O[C@]1([H])C([H])([H])C2=C([H])C([H])([H])[C@@]3([H])[C@]4([H])C([H])([H])[C@]5([H])O[C@]6(OC([H])([H])[C@](O[C@@:50]([O:51])([C:59])[H:118])(C([H])([H])[H])C([H])([H])C6([H])[H])[C@@]([H])(C([H])([H])[H])[C@]5([H])[C@@]4(C([H])([H])[H])C([H])([H])C([H])([H])[C@]3([H])[C@@]2(C([H])([H])[H])C([H])([H])C1([H])[H],EVODEX-P14375
EVODEX-N5311,>>[H]O[C@]1([H])C([H])([H])C2=C([H])C([H])([H])[C@@]3([H])[C@]4([H])C([H])([H])[C@]5([H])O[C@]6(OC([H])([H])[C@](O)(C([H])([H])[H])C([H])([H])C6([H])[H])[C@@]([H])(C([H])([H])[H])[C@]5([H])[C@@]4(C([H])([H])[H])C([H])([H])C([H])([H])[C@]3([H])[C@@]2(C([H])([H])[H])C([H])([H])C1([H])[H].[H],EVODEX-P14377
EVODEX-N5312,[H]O[C@@]1([H])[C@@]([H])(O[H])[C@]([H])(N2:C([H]):C([H]):C(=O):N([H]):C:2=O)O[C@]1([H])C([H])([H])OP(=O)(O[H])OP(=O)(O[H])O[C@@:49]([O:50])([C:58])[H:119]>>[H]C1([H])C([H])([H])[C@@]2(C([H])([H])[H])[C@]([H])(C([H])([H])C([H])([H])[C@]3([H])[C@]2([H])C([H])([H])C([H])([H])[C@@]2(C([H])([H])[H])[C@@]3([H])C([H])([H])[C@]3([H])O[C@@]4(OC([H])([H])[C@@]([H])(C([H])([H])[H])C([H])([H])C4([H])[H])[C@@]([H])(C([H])([H])[H])[C@]23[H])C([H])([H])[C@@]1([H])O[C@:49]([O:50])([C:58])[H:119],EVODEX-P14380
EVODEX-N5313,>>[H]C1([H])C([H])([H])[C@@]2(C([H])([H])[H])[C@]([H])(C([H])([H])C([H])([H])[C@]3([H])[C@]2([H])C([H])([H])C([H])([H])[C@@]2(C([H])([H])[H])[C@@]3([H])C([H])([H])[C@]3([H])O[C@@]4(OC([H])([H])[C@@]([H])(C([H])([H])[H])C([H])([H])C4([H])[H])[C@@]([H])(C([H])([H])[H])[C@]23[H])C([H])([H])[C@@]1([H])O.[H],EVODEX-P14382
EVODEX-N5314,[H]O[C@@]1([H])[C@@]([H])(O[H])[C@]([H])(N2:C([H]):C([H]):C(=O):N([H]):C:2=O)O[C@]1([H])C([H])([H])OP(=O)(O[H])OP(=O)(O[H])O[C@@:49]([O:50])([C:58])[H:117]>>[H]C1=C2C([H])([H])[C@@]([H])(O[C@:49]([O:50])([C:58])[H:117])C([H])([H])C([H])([H])[C@]2(C([H])([H])[H])[C@@]2([H])C([H])([H])C([H])([H])[C@@]3(C([H])([H])[H])[C@@]([H])(C([H])([H])[C@]4([H])O[C@@]5(OC([H])([H])[C@]([H])(C([H])([H])[H])C([H])([H])C5([H])[H])[C@@]([H])(C([H])([H])[H])[C@]34[H])[C@]2([H])C1([H])[H],EVODEX-P14385
EVODEX-N5315,>>[H]C1=C2C([H])([H])[C@@]([H])(O)C([H])([H])C([H])([H])[C@]2(C([H])([H])[H])[C@@]2([H])C([H])([H])C([H])([H])[C@@]3(C([H])([H])[H])[C@@]([H])(C([H])([H])[C@]4([H])O[C@@]5(OC([H])([H])[C@]([H])(C([H])([H])[H])C([H])([H])C5([H])[H])[C@@]([H])(C([H])([H])[H])[C@]34[H])[C@]2([H])C1([H])[H].[H],EVODEX-P14387
EVODEX-N5316,[H]O[C@@]1([H])[C@@]([H])(O[H])[C@]([H])(N2:C([H]):C([H]):C(=O):N([H]):C:2=O)O[C@]1([H])C([H])([H])OP(=O)(O[H])OP(=O)(O[H])O[C@@:29]([O:30])([C:38])[H:55]>>[H]OC(=O)C1:C([H]):C([H]):C(O[C@:29]([O:30])([C:38])[H:55]):C([H]):C:1[H],EVODEX-P14391
EVODEX-N5317,>>[H]OC(=O)C1:C([H]):C:C(O[H]):C([H]):C:1[H].[H],"EVODEX-P14392,EVODEX-P16086,EVODEX-P16092,EVODEX-P32968"
EVODEX-N5318,[H]O[C@@]1([H])[C@@]([H])(O[H])[C@]([H])(N2:C([H]):C([H]):C(=O):N([H]):C:2=O)O[C@]1([H])C([H])([H])OP(=O)(O[H])OP(=O)(O[H])O[C@@:19]([O:20])([C:28])[H:56]>>[H]ON=C(S[C@:19]([O:20])([C:28])[H:56])C([H])([H])C1:C([H]):C([H]):C([H]):C([H]):C:1[H],EVODEX-P14396
EVODEX-N5319,>>[H]ON=C(S)C([H])([H])C1:C([H]):C([H]):C([H]):C([H]):C:1[H].[H],EVODEX-P14397
EVODEX-N5320,[H]O[C@@]1([H])[C@@]([H])(O[H])[C@]([H])(N2:C([H]):C([H]):C(=O):N([H]):C:2=O)O[C@]1([H])C([H])([H])OP(=O)(O[H])OP(=O)(O[H])O[C@@:19]([O:20])([C:28])[H:57]>>[H]ON=C(S[C@@:19]([O:20])([C:28])[H:57])C([H])([H])C([H])([H])C1:C([H]):C([H]):C([H]):C([H]):C:1[H],EVODEX-P14401
EVODEX-N5321,>>[H]ON=C(S)C([H])([H])C([H])([H])C1:C([H]):C([H]):C([H]):C([H]):C:1[H].[H],EVODEX-P14402
EVODEX-N5322,>>[#85].[#85]-[#8]-[#6](=[#8])-[#6]1:[#6](-[#85]):[#6](-[#85]):[#6](-[#85]):[#7&+]:[#6]:1-[#85],"EVODEX-P14406,EVODEX-P15518"
EVODEX-N5323,[#6:7]:[#7&+:8](-[#6@]1(-[#85])-[#8]-[#6@](-[#85])(-[#6](-[#85])(-[#85])-[#8]-[#85])-[#6@@](-[#85])(-[#8]-[#85])-[#6@](-[#85])(-[#8]-[#85])-[#6@@]-1(-[#85])-[#8]-[#85]):[#6:20]>>[#6:7]:[#7:8]:[#6:20],EVODEX-P14408
EVODEX-N5324,[#6:7]:[#7&+:8](-[#6@:9](-[#85:50])(-[#8:10])-[#6@@:18]):[#6:20].[#15:35]-[#8:37]-[#85]>>[#85:50]-[#6@:9](-[#8:37]-[#15:35])(-[#8:10])-[#6@@:18].[#6:7]:[#7:8]:[#6:20],"EVODEX-P14409,EVODEX-P15372,EVODEX-P15477"
EVODEX-N5325,[#6:7]:[#7&+:8](-[#6@:9]):[#6:20]>>[#8](-[#6@:9])-[#15](-[#8]-[#15](-[#8]-[#6](-[#85])(-[#85])-[#6@@]1(-[#85])-[#8]-[#6@@](-[#85])(-[#7]2:[#6](-[#85]):[#6](-[#85]):[#6](=[#8]):[#7](-[#85]):[#6]:2=[#8])-[#6@](-[#85])(-[#8]-[#85])-[#6@]-1(-[#85])-[#8]-[#85])(=[#8])-[#8]-[#85])(=[#8])-[#8]-[#85].[#6:7]:[#7:8]:[#6:20],EVODEX-P14410
EVODEX-N5326,[H]O[C@@]1([H])[C@@]([H])(O[H])[C@]([H])(N2:C([H]):C([H]):C(=O):N([H]):C:2=O)O[C@]1([H])C([H])([H])OP(=O)(O[H])OP(=O)(O[H])O[C@:76]([C:75])([O:102])[H:180]>>[H]OC([H])([H])[C@]1([H])O[C@@]([H])(O[C@]2([H])C([H])(O[C@:76]([C:75])([O:102])[H:180])[C@]([H])(C([H])([H])OC3([H])O[C@@]([H])(C([H])([H])OC4([H])O[C@@]([H])(C([H])([H])O[H])C([H])(O[H])[C@@]([H])(O[H])[C@@]4([H])O[H])C([H])(O[H])[C@@]([H])(O[C@]4([H])O[C@@]([H])(C([H])([H])O[H])C([H])(O[H])[C@@]([H])(O[H])[C@@]4([H])O[H])[C@@]3([H])O[H])O[C@@]([H])(OC3([H])[C@]([H])(C([H])([H])O[H])O[C@]([H])(O[H])[C@]([H])(N([H])C(=O)C([H])([H])[H])[C@]3([H])O[H])[C@]2([H])O[H])[C@]([H])(O[H])[C@]([H])(O[H])C1([H])O[H],EVODEX-P14415
EVODEX-N5327,>>[H]OC([H])([H])[C@]1([H])O[C@@]([H])(O[C@]2([H])C([H])(O)[C@]([H])(C([H])([H])OC3([H])O[C@@]([H])(C([H])([H])OC4([H])O[C@@]([H])(C([H])([H])O[H])C([H])(O[H])[C@@]([H])(O[H])[C@@]4([H])O[H])C([H])(O[H])[C@@]([H])(O[C@]4([H])O[C@@]([H])(C([H])([H])O[H])C([H])(O[H])[C@@]([H])(O[H])[C@@]4([H])O[H])[C@@]3([H])O[H])O[C@@]([H])(OC3([H])[C@]([H])(C([H])([H])O[H])O[C@]([H])(O[H])[C@]([H])(N([H])C(=O)C([H])([H])[H])[C@]3([H])O[H])[C@]2([H])O[H])[C@]([H])(O[H])[C@]([H])(O[H])C1([H])O[H].[H],EVODEX-P14417
EVODEX-N5328,[H]O[C@@]1([H])[C@@]([H])(O[H])[C@]([H])(N2:C([H]):C([H]):C(=O):N([H]):C:2=O)O[C@]1([H])C([H])([H])OP(=O)(O[H])OP(=O)(O[H])O[C@:43]([C:42])([O:69])[H:117]>>[H]OC([H])([H])[C@@]1([H])O[C@@]([H])(O[C@@]2([H])[C@]([H])(O[H])[C@@]([H])(N([H])C(=O)C([H])([H])[H])[C@]([H])(O[H])O[C@]2([H])C([H])([H])O[H])[C@@]([H])(O[H])[C@@]([H])(O[C@@]2([H])O[C@]([H])(C([H])([H])O[H])[C@@]([H])(O[H])[C@]([H])(O[H])[C@]2([H])O[H])C1([H])O[C@@:43]([C:42])([O:69])[H:117],EVODEX-P14420
EVODEX-N5329,[H]OP(=O)(OC([H])([H])C([H])=C(C([H])([H])[H])C([H])([H])C([H])([H])C([H])=C(C([H])([H])[H])C([H])([H])C([H])([H])C([H])=C(C([H])([H])[H])C([H])([H])C([H])([H])C([H])=C(C([H])([H])[H])C([H])([H])C([H])([H])C([H])=C(C([H])([H])[H])C([H])([H])C([H])([H])C([H])=C(C([H])([H])[H])C([H])([H])C([H])([H])C([H])=C(C([H])([H])[H])C([H])([H])C([H])([H])C([H])=C(C([H])([H])[H])C([H])([H])C([H])([H])C([H])=C(C([H])([H])[H])C([H])([H])C([H])([H])C([H])=C(C([H])([H])[H])C([H])([H])[H])O[C:56]([O:57])([C:65])[H:205].[H][O:67][C:68]>>[C@@:56]([O:57])([C:65])([O:67][C:68])[H:205],"EVODEX-P14425,EVODEX-P14430"
EVODEX-N5330,[H]OP(=O)(OC([H])([H])C([H])=C(C([H])([H])[H])C([H])([H])C([H])([H])C([H])=C(C([H])([H])[H])C([H])([H])C([H])([H])C([H])=C(C([H])([H])[H])C([H])([H])C([H])([H])C([H])=C(C([H])([H])[H])C([H])([H])C([H])([H])C([H])=C(C([H])([H])[H])C([H])([H])C([H])([H])C([H])=C(C([H])([H])[H])C([H])([H])C([H])([H])C([H])=C(C([H])([H])[H])C([H])([H])C([H])([H])C([H])=C(C([H])([H])[H])C([H])([H])C([H])([H])C([H])=C(C([H])([H])[H])C([H])([H])C([H])([H])C([H])=C(C([H])([H])[H])C([H])([H])[H])O[C:56]([O:57])([C:65])[H:205]>>[H]O[C@@]1([H])O[C@]([H])(C([H])([H])O[C@@]2([H])O[C@]([H])(C([H])([H])O[C@@]3([H])O[C@]([H])(C([H])([H])O[C@@]4([H])O[C@]([H])(C([H])([H])O[C@@]5([H])O[C@]([H])(C([H])([H])O[C@@:56]([O:57])([C:65])[H:205])[C@@]([H])(O[H])[C@]([H])(O[H])[C@]5([H])O[H])[C@@]([H])(O[H])[C@]([H])(O[H])[C@]4([H])O[H])[C@@]([H])(O[H])[C@]([H])(O[H])[C@]3([H])O[H])[C@@]([H])(O[H])[C@]([H])(O[H])[C@]2([H])O[H])[C@@]([H])(O[H])[C@]([H])(O[H])[C@]1([H])O[H],EVODEX-P14427
EVODEX-N5331,>>[H]O[C@@]1([H])O[C@]([H])(C([H])([H])O[C@@]2([H])O[C@]([H])(C([H])([H])O[C@@]3([H])O[C@]([H])(C([H])([H])O[C@@]4([H])O[C@]([H])(C([H])([H])O[C@@]5([H])O[C@]([H])(C([H])([H])O)[C@@]([H])(O[H])[C@]([H])(O[H])[C@]5([H])O[H])[C@@]([H])(O[H])[C@]([H])(O[H])[C@]4([H])O[H])[C@@]([H])(O[H])[C@]([H])(O[H])[C@]3([H])O[H])[C@@]([H])(O[H])[C@]([H])(O[H])[C@]2([H])O[H])[C@@]([H])(O[H])[C@]([H])(O[H])[C@]1([H])O[H].[H],EVODEX-P14428
EVODEX-N5332,[H]OP(=O)(OC([H])([H])C([H])=C(C([H])([H])[H])C([H])([H])C([H])([H])C([H])=C(C([H])([H])[H])C([H])([H])C([H])([H])C([H])=C(C([H])([H])[H])C([H])([H])C([H])([H])C([H])=C(C([H])([H])[H])C([H])([H])C([H])([H])C([H])=C(C([H])([H])[H])C([H])([H])C([H])([H])C([H])=C(C([H])([H])[H])C([H])([H])C([H])([H])C([H])=C(C([H])([H])[H])C([H])([H])C([H])([H])C([H])=C(C([H])([H])[H])C([H])([H])C([H])([H])C([H])=C(C([H])([H])[H])C([H])([H])C([H])([H])C([H])=C(C([H])([H])[H])C([H])([H])[H])O[C:56]([O:57])([C:65])[H:183]>>[H]O[C@@]1([H])O[C@]([H])(C([H])([H])O[C@@]2([H])O[C@]([H])(C([H])([H])O[C@@]3([H])O[C@]([H])(C([H])([H])O[C@@:56]([O:57])([C:65])[H:183])[C@@]([H])(O[H])[C@]([H])(O[H])[C@]3([H])O[H])[C@@]([H])(O[H])[C@]([H])(O[H])[C@]2([H])O[H])[C@@]([H])(O[H])[C@]([H])(O[H])[C@]1([H])O[H],EVODEX-P14432
EVODEX-N5333,>>[H]O[C@@]1([H])O[C@]([H])(C([H])([H])O[C@@]2([H])O[C@]([H])(C([H])([H])O[C@@]3([H])O[C@]([H])(C([H])([H])O)[C@@]([H])(O[H])[C@]([H])(O[H])[C@]3([H])O[H])[C@@]([H])(O[H])[C@]([H])(O[H])[C@]2([H])O[H])[C@@]([H])(O[H])[C@]([H])(O[H])[C@]1([H])O[H].[H],EVODEX-P14433
EVODEX-N5334,[H]O[C@@]1([H])[C@@]([H])(O[H])[C@]([H])(N2:C([H]):C([H]):C(=O):N([H]):C:2=O)O[C@]1([H])C([H])([H])OP(=O)(O[H])OP(=O)(O[H])O[C@:6]([C:5])([O:32])[H:107]>>[H]OC(=O)C([H])([H])C([H])([H])C([H])([H])C([H])([H])C([H])([H])C([H])([H])C([H])([H])C([H])([H])O[C@]1([H])O[C@]([H])(C([H])([H])O[C@@]2([H])O[C@]([H])(C([H])([H])O[C@@]3([H])O[C@]([H])(C([H])([H])O[H])[C@@]([H])(O[H])[C@]([H])(O[H])[C@@]3([H])N([H])C(=O)C([H])([H])[H])[C@@]([H])(O[C@@:6]([C:5])([O:32])[H:107])[C@]([H])(O[H])[C@]2([H])O[C@]2([H])O[C@]([H])(C([H])([H])O[H])[C@@]([H])(O[H])[C@]([H])(O[H])[C@@]2([H])N([H])C(=O)C([H])([H])[H])[C@@]([H])(O[H])[C@]([H])(O[H])[C@]1([H])O[H],EVODEX-P14437
EVODEX-N5335,>>[H]OC(=O)C([H])([H])C([H])([H])C([H])([H])C([H])([H])C([H])([H])C([H])([H])C([H])([H])C([H])([H])O[C@]1([H])O[C@]([H])(C([H])([H])O[C@@]2([H])O[C@]([H])(C([H])([H])O[C@@]3([H])O[C@]([H])(C([H])([H])O[H])[C@@]([H])(O[H])[C@]([H])(O[H])[C@@]3([H])N([H])C(=O)C([H])([H])[H])[C@@]([H])(O)[C@]([H])(O[H])[C@]2([H])O[C@]2([H])O[C@]([H])(C([H])([H])O[H])[C@@]([H])(O[H])[C@]([H])(O[H])[C@@]2([H])N([H])C(=O)C([H])([H])[H])[C@@]([H])(O[H])[C@]([H])(O[H])[C@]1([H])O[H].[H],EVODEX-P14438
EVODEX-N5336,[H]O[C@@]1([H])[C@@]([H])(O[H])[C@]([H])(N2:C([H]):C([H]):C(=O):N([H]):C:2=O)O[C@]1([H])C([H])([H])OP(=O)(O[H])OP(=O)(O[H])O[C@:6]([C:5])([O:32])[H:105]>>[H]OC([H])([H])[C@@]1([H])O[C@]([H])(OC([H])([H])[C@@]2([H])O[C@]([H])(OC([H])([H])[C@@]3([H])O[C@@]([H])(OC([H])([H])C([H])([H])C([H])([H])C([H])([H])C([H])([H])C([H])([H])C([H])([H])C([H])([H])C([H])([H])[H])[C@@]([H])(O[H])[C@@]([H])(O[H])[C@]3([H])O[H])[C@@]([H])(O[C@]3([H])O[C@]([H])(C([H])([H])O[H])[C@@]([H])(O[H])[C@]([H])(O[H])[C@@]3([H])N([H])C(=O)C([H])([H])[H])[C@@]([H])(O[H])[C@]2([H])O[C@@:6]([C:5])([O:32])[H:105])[C@]([H])(N([H])C(=O)C([H])([H])[H])[C@@]([H])(O[H])[C@]1([H])O[H],EVODEX-P14442
EVODEX-N5337,>>[H]OC([H])([H])[C@@]1([H])O[C@]([H])(OC([H])([H])[C@@]2([H])O[C@]([H])(OC([H])([H])[C@@]3([H])O[C@@]([H])(OC([H])([H])C([H])([H])C([H])([H])C([H])([H])C([H])([H])C([H])([H])C([H])([H])C([H])([H])C([H])([H])[H])[C@@]([H])(O[H])[C@@]([H])(O[H])[C@]3([H])O[H])[C@@]([H])(O[C@]3([H])O[C@]([H])(C([H])([H])O[H])[C@@]([H])(O[H])[C@]([H])(O[H])[C@@]3([H])N([H])C(=O)C([H])([H])[H])[C@@]([H])(O[H])[C@]2([H])O)[C@]([H])(N([H])C(=O)C([H])([H])[H])[C@@]([H])(O[H])[C@]1([H])O[H].[H],EVODEX-P14443
EVODEX-N5338,[H]O[C@@]1([H])[C@@]([H])(O[H])[C@]([H])(N2:C([H]):C([H]):C(=O):N([H]):C:2=O)O[C@]1([H])C([H])([H])OP(=O)(O[H])OP(=O)(O[H])O[C@@:34]([O:35])([C:43])[H:69]>>[H]ON1C(=O)[C@@]([H])(O[C@:34]([O:35])([C:43])[H:69])OC2:C([H]):C(OC([H])([H])[H]):C([H]):C([H]):C:21,EVODEX-P14446
EVODEX-N5339,>>[H]ON1C(=O)[C@@]([H])(O)OC2:C([H]):C(OC([H])([H])[H]):C([H]):C([H]):C:21.[H],EVODEX-P14448
EVODEX-N5340,[H]O[C@@]1([H])[C@@]([H])(O[H])[C@]([H])(N2:C([H]):C([H]):C(=O):N([H]):C:2=O)O[C@]1([H])C([H])([H])OP(=O)(O[H])OP(=O)(O[H])O[C@@:32]([O:33])([C:41])[H:58]>>[H]ON1C(=O)C([H])(O[C@@:32]([O:33])([C:41])[H:58])OC2:C([H]):C([H]):C([H]):C([H]):C:21,EVODEX-P14452
EVODEX-N5341,>>[H].[H]ON1C(=O)C([H])(O)OC2:C([H]):C([H]):C([H]):C([H]):C:21,EVODEX-P14453
EVODEX-N5342,[H]O[C@@]1([H])[C@@]([H])(O[H])[C@]([H])(N2:C([H]):C([H]):C(=O):N([H]):C:2=O)O[C@]1([H])C([H])([H])OP(=O)(O[H])OP(=O)(O[H])O[C@@:35]([O:36])([C:44])[H:74]>>[H]/C(=C(/C([H])([H])[H])C([H])([H])O[C@:35]([O:36])([C:44])[H:74])C([H])([H])N([H])C1:N:C([H]):N:C2:N:C([H]):N([H]):C:1:2,"EVODEX-P14456,EVODEX-P15663"
EVODEX-N5343,>>[H]/C(=C(/C([H])([H])[H])C([H])([H])O)C([H])([H])N([H])C1:N:C([H]):N:C2:N:C([H]):N([H]):C:1:2.[H],"EVODEX-P14458,EVODEX-P15665"
EVODEX-N5344,[H]O[C@@]1([H])[C@@]([H])(O[H])[C@]([H])(N2:C([H]):C([H]):C(=O):N([H]):C:2=O)O[C@]1([H])C([H])([H])OP(=O)(O[H])OP(=O)(O[H])O[C@@:19]([O:20])([C:28])[H:63]>>[H]C1:N:C(N([H])C([H])([H])C2:C([H]):C([H]):C([H]):C(O[C@:19]([O:20])([C:28])[H:63]):C:2[H]):C2:C(:N:1):N:C([H]):N:2[H],EVODEX-P14462
EVODEX-N5345,>>[H]C1:N:C(N([H])C([H])([H])C2:C([H]):C([H]):C([H]):C(O):C:2[H]):C2:C(:N:1):N:C([H]):N:2[H].[H],EVODEX-P14463
EVODEX-N5346,[H]O[C@@]1([H])[C@@]([H])(O[H])[C@]([H])(N2:C([H]):C([H]):C(=O):N([H]):C:2=O)O[C@]1([H])C([H])([H])OP(=O)(O[H])OP(=O)(O[H])O[C@@:19]([O:20])([C:28])[H:79]>>[H]OC([H])([H])[C@@]1([H])O[C@@]([H])(OC([H])([H])[C@@]2([H])O[C@@]([H])(O[H])[C@]([H])(O[H])[C@@]([H])(O[C@]3([H])O[C@]([H])(C([H])([H])O[C@:19]([O:20])([C:28])[H:79])[C@]([H])(O[H])[C@]([H])(O[H])[C@@]3([H])O[H])[C@@]2([H])O[H])[C@]([H])(O[H])[C@@]([H])(O[H])[C@@]1([H])O[H],EVODEX-P14467
EVODEX-N5347,>>[H]OC([H])([H])[C@@]1([H])O[C@@]([H])(OC([H])([H])[C@@]2([H])O[C@@]([H])(O[H])[C@]([H])(O[H])[C@@]([H])(O[C@]3([H])O[C@]([H])(C([H])([H])O)[C@]([H])(O[H])[C@]([H])(O[H])[C@@]3([H])O[H])[C@@]2([H])O[H])[C@]([H])(O[H])[C@@]([H])(O[H])[C@@]1([H])O[H].[H],EVODEX-P14468
EVODEX-N5348,[H]O[C@@]1([H])[C@@]([H])(O[H])[C@]([H])(N2:C([H]):C([H]):C(=O):N([H]):C:2=O)O[C@]1([H])C([H])([H])OP(=O)(O[H])OP(=O)(O[H])O[C@@:19]([O:20])([C:28])[H:68]>>[H]O[C@]1([H])O[C@]([H])(C([H])([H])O[C@]2([H])O[C@]([H])(C([H])([H])O[C:19]([O:20])([C:28])[H:68])[C@]([H])(O[H])[C@]([H])(O[H])[C@@]2([H])O[H])[C@]([H])(O[H])[C@]([H])(O[H])[C@@]1([H])O[H],EVODEX-P14472
EVODEX-N5349,>>[H]O[C@]1([H])O[C@]([H])(C([H])([H])O[C@]2([H])O[C@]([H])(C([H])([H])O)[C@]([H])(O[H])[C@]([H])(O[H])[C@@]2([H])O[H])[C@]([H])(O[H])[C@]([H])(O[H])[C@@]1([H])O[H].[H],"EVODEX-P14473,EVODEX-P18575"
EVODEX-N5350,[H]O[C@@]1([H])[C@@]([H])(O[H])[C@]([H])(N2:C([H]):C([H]):C(=O):N([H]):C:2=O)O[C@]1([H])C([H])([H])OP(=O)(O[H])OP(=O)(O[H])O[C@:6]([C:5])([O:32])[H:112]>>[H]OC([H])([H])C1([H])O[C@@]([H])(C2:C([H]):C([H]):C(C([H])([H])C([H])([H])C([H])([H])C([H])([H])C([H])([H])C([H])([H])C([H])([H])C([H])([H])C([H])([H])C([H])([H])C([H])([H])C([H])([H])C([H])([H])C([H])([H])[H]):C([H]):C:2[H])[C@]([H])(O[H])[C@@]([H])(O[H])[C@]1([H])O[C@]1([H])O[C@]([H])(C([H])([H])O[C@@:6]([C:5])([O:32])[H:112])[C@]([H])(O[H])[C@]([H])(O[C@]2([H])O[C@]([H])(C([H])([H])O[H])[C@@]([H])(O[C@]3([H])O[C@]([H])(C([H])([H])O[H])[C@]([H])(O[H])[C@]([H])(O[H])[C@@]3([H])O[H])[C@]([H])(O[H])[C@@]2([H])N([H])C(=O)C([H])([H])[H])[C@@]1([H])O[H],EVODEX-P14477
EVODEX-N5351,>>[H]OC([H])([H])C1([H])O[C@@]([H])(C2:C([H]):C([H]):C(C([H])([H])C([H])([H])C([H])([H])C([H])([H])C([H])([H])C([H])([H])C([H])([H])C([H])([H])C([H])([H])C([H])([H])C([H])([H])C([H])([H])C([H])([H])C([H])([H])[H]):C([H]):C:2[H])[C@]([H])(O[H])[C@@]([H])(O[H])[C@]1([H])O[C@]1([H])O[C@]([H])(C([H])([H])O)[C@]([H])(O[H])[C@]([H])(O[C@]2([H])O[C@]([H])(C([H])([H])O[H])[C@@]([H])(O[C@]3([H])O[C@]([H])(C([H])([H])O[H])[C@]([H])(O[H])[C@]([H])(O[H])[C@@]3([H])O[H])[C@]([H])(O[H])[C@@]2([H])N([H])C(=O)C([H])([H])[H])[C@@]1([H])O[H].[H],EVODEX-P14478
EVODEX-N5352,[H]O[C@@]1([H])[C@@]([H])(O[H])[C@]([H])(N2:C([H]):C([H]):C(=O):N([H]):C:2=O)O[C@]1([H])C([H])([H])OP(=O)(O[H])OP(=O)(O[H])O[C@:6]([C:5])([O:32])[H:130]>>[H]OC([H])([H])C1([H])O[C@@]([H])(N([H])C([H])([H])[C@]([H])(N([H])C(=O)C([H])([H])C([H])([H])C([H])([H])C([H])([H])C([H])([H])C([H])([H])C([H])([H])C([H])([H])C([H])([H])C([H])([H])C([H])([H])C([H])([H])C([H])([H])C([H])([H])C([H])([H])[H])[C@]([H])(O[H])/C([H])=C(\[H])C([H])([H])C([H])([H])C([H])([H])C([H])([H])C([H])([H])C([H])([H])C([H])([H])C([H])([H])C([H])([H])C([H])([H])C([H])([H])C([H])([H])C([H])([H])[H])[C@]([H])(O[H])[C@@]([H])(O[H])[C@]1([H])O[C@]1([H])O[C@]([H])(C([H])([H])O[H])[C@]([H])(O[H])[C@]([H])(O[C@]2([H])O[C@]([H])(C([H])([H])O[H])[C@@]([H])(O[C@]3([H])O[C@]([H])(C([H])([H])O[H])[C@]([H])(O[H])[C@]([H])(O[C@@:6]([C:5])([O:32])[H:130])[C@@]3([H])O[H])[C@]([H])(O[H])[C@@]2([H])N([H])C(=O)C([H])([H])[H])[C@@]1([H])O[H],EVODEX-P14482
EVODEX-N5353,>>[H]OC([H])([H])C1([H])O[C@@]([H])(N([H])C([H])([H])[C@]([H])(N([H])C(=O)C([H])([H])C([H])([H])C([H])([H])C([H])([H])C([H])([H])C([H])([H])C([H])([H])C([H])([H])C([H])([H])C([H])([H])C([H])([H])C([H])([H])C([H])([H])C([H])([H])C([H])([H])[H])[C@]([H])(O[H])/C([H])=C(\[H])C([H])([H])C([H])([H])C([H])([H])C([H])([H])C([H])([H])C([H])([H])C([H])([H])C([H])([H])C([H])([H])C([H])([H])C([H])([H])C([H])([H])C([H])([H])[H])[C@]([H])(O[H])[C@@]([H])(O[H])[C@]1([H])O[C@]1([H])O[C@]([H])(C([H])([H])O[H])[C@]([H])(O[H])[C@]([H])(O[C@]2([H])O[C@]([H])(C([H])([H])O[H])[C@@]([H])(O[C@]3([H])O[C@]([H])(C([H])([H])O[H])[C@]([H])(O[H])[C@]([H])(O)[C@@]3([H])O[H])[C@]([H])(O[H])[C@@]2([H])N([H])C(=O)C([H])([H])[H])[C@@]1([H])O[H].[H],EVODEX-P14483
EVODEX-N5354,[H]O[C@@]1([H])[C@@]([H])(O[H])[C@]([H])(N2:C([H]):C([H]):C(=O):N([H]):C:2=O)O[C@]1([H])C([H])([H])OP(=O)(O[H])OP(=O)(O[H])O[C@@:54]([O:55])([C:63])[H:112]>>[H]OC(=O)[C@@]1([H])O[C@]12[C@]1(C([H])([H])[H])C(=O)C([H])([H])[C@@]3([H])C(C([H])([H])[H])(C([H])([H])[H])O[C@@]4([H])C([H])([H])C(=O)OC([H])([H])[C@@]34[C@@]1([H])C([H])([H])C([H])([H])[C@@]2(C([H])([H])[H])[C@@]([H])(O[C@:54]([O:55])([C:63])[H:112])C1:C([H]):O:C([H]):C:1[H],EVODEX-P14486
EVODEX-N5355,>>[H]OC(=O)[C@@]1([H])O[C@]12[C@]1(C([H])([H])[H])C(=O)C([H])([H])[C@@]3([H])C(C([H])([H])[H])(C([H])([H])[H])O[C@@]4([H])C([H])([H])C(=O)OC([H])([H])[C@@]34[C@@]1([H])C([H])([H])C([H])([H])[C@@]2(C([H])([H])[H])[C@@]([H])(O)C1:C([H]):O:C([H]):C:1[H].[H],EVODEX-P14488
EVODEX-N5356,[H]OP(=O)(O[H])O[C@@:21]([O:22])([C:30])[H:49]>>[H]OC1([H])O[C@]([H])(C([H])([H])O[H])[C@@]([H])(O[H])[C@]([H])(O[C@:21]([O:22])([C:30])[H:49])[C@@]1([H])N([H])C(=O)C([H])([H])[H],EVODEX-P14491
EVODEX-N5357,[H]OC([H])([H])[C@@]1([H])O[C@@]([H])(O[H])[C@]([H])(N([H])C(=O)C([H])([H])[H])[C@@]([H])(O[C@:8]([O:9])([C:17])[H:38])[C@]1([H])O[H].[H][O:29][P:28]>>[C@@:8]([O:9])([C:17])([O:29][P:28])[H:38],EVODEX-P14495
EVODEX-N5358,[H]OC([H])([H])[C@@]1([H])O[C@@]([H])(O[H])[C@]([H])(N([H])C(=O)C([H])([H])[H])[C@@]([H])(O[C@:8]([O:9])([C:17])[H:38])[C@]1([H])O[H]>>[H]OP(=O)(O[H])O[C@@:8]([O:9])([C:17])[H:38],EVODEX-P14496
EVODEX-N5359,[H]O[C@@]1([H])[C@@]([H])(O[H])[C@]([H])(N2:C([H]):N:C3:C(N([H])[H]):N:C([H]):N:C:3:2)O[C@]1([H])C([H])([H])OP(=O)(O[H])OP(=O)(O[H])O[C@@:24]([O:25])([C:33])[H:59]>>[H]OC([H])([H])[C@@]([H])(O[C@:24]([O:25])([C:33])[H:59])C([H])([H])OP(=O)(O[H])O[H],EVODEX-P14500
EVODEX-N5360,[H]N=C1:N([H]):C(=O):C2:N:C([H]):N([C@]3([H])O[C@]([H])(C([H])([H])OP(=O)(O[H])OP(=O)(O[H])O[C@@:104]([O:103])([C:133])[H:143])[C@@]([H])(O[H])[C@@]3([H])O[H]):C:2:N:1[H]>>[H]OC1([H])C([H])(C([H])([H])[H])OC([H])(OC([H])([H])[C@@]2([H])O[C@@]([H])(O[H])[C@]([H])(N([H])C(=O)C([H])([H])[H])[C@@]([H])(O[C@@:104]([O:103])([C:133])[H:143])[C@]2([H])O[C@]2([H])O[C@]([H])(C([H])([H])O[H])[C@@]([H])(O[C@]3([H])O[C@]([H])(C([H])([H])O[C@@]4([H])O[C@]([H])(C([H])([H])O[H])[C@@]([H])(O[H])[C@]([H])(O[H])[C@]4([H])O[C@]4([H])O[C@]([H])(C([H])([H])O[H])[C@@]([H])(O[H])[C@]([H])(O[H])[C@@]4([H])N([H])C(=O)C([H])([H])[H])[C@@]([H])(O[H])[C@]([H])(O[C@@]4([H])O[C@]([H])(C([H])([H])O[H])[C@@]([H])(O[H])[C@]([H])(O[H])[C@]4([H])O[C@]4([H])O[C@]([H])(C([H])([H])O[H])[C@@]([H])(O[H])[C@]([H])(O[H])[C@@]4([H])N([H])C(=O)C([H])([H])[H])[C@]3([H])O[H])[C@]([H])(O[H])[C@@]2([H])N([H])C(=O)C([H])([H])[H])[C@@]([H])(O[H])C1([H])O[H],EVODEX-P14505
EVODEX-N5361,>>[H]OC1([H])C([H])(C([H])([H])[H])OC([H])(OC([H])([H])[C@@]2([H])O[C@@]([H])(O[H])[C@]([H])(N([H])C(=O)C([H])([H])[H])[C@@]([H])(O)[C@]2([H])O[C@]2([H])O[C@]([H])(C([H])([H])O[H])[C@@]([H])(O[C@]3([H])O[C@]([H])(C([H])([H])O[C@@]4([H])O[C@]([H])(C([H])([H])O[H])[C@@]([H])(O[H])[C@]([H])(O[H])[C@]4([H])O[C@]4([H])O[C@]([H])(C([H])([H])O[H])[C@@]([H])(O[H])[C@]([H])(O[H])[C@@]4([H])N([H])C(=O)C([H])([H])[H])[C@@]([H])(O[H])[C@]([H])(O[C@@]4([H])O[C@]([H])(C([H])([H])O[H])[C@@]([H])(O[H])[C@]([H])(O[H])[C@]4([H])O[C@]4([H])O[C@]([H])(C([H])([H])O[H])[C@@]([H])(O[H])[C@]([H])(O[H])[C@@]4([H])N([H])C(=O)C([H])([H])[H])[C@]3([H])O[H])[C@]([H])(O[H])[C@@]2([H])N([H])C(=O)C([H])([H])[H])[C@@]([H])(O[H])C1([H])O[H].[H],EVODEX-P14506
EVODEX-N5362,[H]N=C1:N([H]):C(=O):C2:N:C([H]):N([C@]3([H])O[C@]([H])(C([H])([H])OP(=O)(O[H])OP(=O)(O[H])O[C@@:94]([O:93])([C:123])[H:217])[C@@]([H])(O[H])[C@@]3([H])O[H]):C:2:N:1[H]>>[H]OC([H])([H])[C@@]1([H])O[C@]([H])(OC([H])([H])[C@@]2([H])O[C@@]([H])(O[C@@]3([H])[C@]([H])(O[H])[C@@]([H])(N([H])C(=O)C([H])([H])[H])[C@]([H])(O[C@@]4([H])[C@]([H])(O[C@@:94]([O:93])([C:123])[H:217])[C@@]([H])(N([H])C(=O)C([H])([H])[H])[C@]([H])(O[H])O[C@]4([H])C([H])([H])O[H])O[C@]3([H])C([H])([H])O[H])[C@@]([H])(O[H])[C@@]([H])(O[C@@]3([H])O[C@]([H])(C([H])([H])O[H])[C@@]([H])(O[H])[C@]([H])(O[H])[C@]3([H])O[C@]3([H])O[C@]([H])(C([H])([H])O[H])[C@@]([H])(O[H])[C@]([H])(O[H])[C@@]3([H])N([H])C(=O)C([H])([H])[H])[C@]2([H])O[H])[C@@]([H])(O[C@]2([H])O[C@]([H])(C([H])([H])O[H])[C@@]([H])(O[H])[C@]([H])(O[H])[C@@]2([H])N([H])C(=O)C([H])([H])[H])[C@@]([H])(O[H])[C@]1([H])O[H],EVODEX-P14509
EVODEX-N5363,>>[H]OC([H])([H])[C@@]1([H])O[C@@]([H])(O[H])[C@]([H])(N([H])C(=O)C([H])([H])[H])[C@@]([H])(O)[C@]1([H])O[C@]1([H])O[C@]([H])(C([H])([H])O[H])[C@@]([H])(O[C@]2([H])O[C@]([H])(C([H])([H])O[C@@]3([H])O[C@]([H])(C([H])([H])O[H])[C@@]([H])(O[H])[C@]([H])(O[H])[C@]3([H])O[C@]3([H])O[C@]([H])(C([H])([H])O[H])[C@@]([H])(O[H])[C@]([H])(O[H])[C@@]3([H])N([H])C(=O)C([H])([H])[H])[C@@]([H])(O[H])[C@]([H])(O[C@@]3([H])O[C@]([H])(C([H])([H])O[H])[C@@]([H])(O[H])[C@]([H])(O[H])[C@]3([H])O[C@]3([H])O[C@]([H])(C([H])([H])O[H])[C@@]([H])(O[H])[C@]([H])(O[H])[C@@]3([H])N([H])C(=O)C([H])([H])[H])[C@]2([H])O[H])[C@]([H])(O[H])[C@@]1([H])N([H])C(=O)C([H])([H])[H].[H],EVODEX-P14511
EVODEX-N5364,[H]O[C@@]1([H])[C@@]([H])(O[H])[C@]([H])(N2:C([H]):C([H]):C(=O):N([H]):C:2=O)O[C@]1([H])C([H])([H])OP(=O)(O[H])OP(=O)(O[H])O[C@@:19]([O:20])([C:28])[H:63]>>[H]C1:N:C(N([H])C([H])([H])C2:C([H]):C([H]):C([H]):C([H]):C:2O[C@:19]([O:20])([C:28])[H:63]):C2:C(:N:1):N:C([H]):N:2[H],EVODEX-P14515
EVODEX-N5365,>>[H]C1:N:C(N([H])C([H])([H])C2:C([H]):C([H]):C([H]):C([H]):C:2O):C2:C(:N:1):N:C([H]):N:2[H].[H],EVODEX-P14516
EVODEX-N5366,[H][O:3][P:2].[H]O[C@]1([H])[C@@]([H])(O[H])[C@@]([H])(O[C@@:16]([O:17])([C:25])[H:42])O[C@]([H])(C([H])([H])OP(=O)(O[H])O[H])[C@@]1([H])O[H]>>[P:2][O:3][C@:16]([O:17])([C:25])[H:42],EVODEX-P14519
EVODEX-N5367,[H]O[C@]1([H])[C@@]([H])(O[H])[C@@]([H])(O[C@@:16]([O:17])([C:25])[H:42])O[C@]([H])(C([H])([H])OP(=O)(O[H])O[H])[C@@]1([H])O[H]>>[H]OP(=O)(O[H])O[C@:16]([O:17])([C:25])[H:42],EVODEX-P14520
EVODEX-N5368,[H]OP(=O)(O[H])O[C@:22]([O:23])([C:31])[H:35]>>[H]O[C@]1([H])[C@@]([H])(O[H])[C@@]([H])(O[C@@:22]([O:23])([C:31])[H:35])O[C@]([H])(C([H])([H])OP(=O)(O[H])O[H])[C@@]1([H])O[H],EVODEX-P14524
EVODEX-N5369,[H]O[C@@]1([H])[C@@]([H])(O[H])[C@]([H])(N2:C([H]):N:C3:C(=O):N([H]):C(N([H])[H]):N:C:3:2)O[C@]1([H])C([H])([H])OP(=O)(O[H])OP(=O)(O[H])O[C@@:22]([O:23])([C:31])[H:60]>>[H]OC(=O)[C@]([H])(O[C@@:22]([O:23])([C:31])[H:60])C([H])([H])OP(=O)(O[H])O[H],EVODEX-P14529
EVODEX-N5370,>>[H].[H]O[C@@]([H])(C(O)=O)C([H])([H])OP(=O)(O[H])O[H],"EVODEX-P14530,EVODEX-P14773,EVODEX-P18704,EVODEX-P19208,EVODEX-P19261,EVODEX-P20117"
EVODEX-N5371,[H]O[C@@]1([H])[C@@]([H])(O[H])[C@]([H])(N2:C([H]):C([H]):C(=O):N([H]):C:2=O)O[C@]1([H])C([H])([H])OP(=O)(O[H])OP(=O)(O[H])O[C@@:19]([O:20])([C:28])[H:53]>>[H]OC1:C([H]):C([H]):C(O[C@:19]([O:20])([C:28])[H:53]):C([H]):C:1[H],EVODEX-P14534
EVODEX-N5372,>>[H]OC1:C([H]):C([H]):C(O):C([H]):C:1[H].[H],EVODEX-P14535
EVODEX-N5373,[H]O[C@@]1([H])[C@@]([H])(O[H])[C@]([H])(N2:C([H]):C([H]):C(=O):N([H]):C:2=O)O[C@]1([H])C([H])([H])OP(=O)(O[H])OP(=O)(O[H])O[C@@:30]([O:31])([C:39])[H:64]>>[H]C(=O)C1:C([H]):C([H]):C(O[C@:30]([O:31])([C:39])[H:64]):C(OC([H])([H])[H]):C:1[H],EVODEX-P14538
EVODEX-N5374,>>[H]C(=O)C1:C([H]):C([H]):C(O):C(OC([H])([H])[H]):C:1[H].[H],EVODEX-P14540
EVODEX-N5375,[H]O[C@@]1([H])[C@@]([H])(O[H])[C@]([H])(N2:C([H]):C([H]):C(=O):N([H]):C:2=O)O[C@]1([H])C([H])([H])OP(=O)(O[H])OP(=O)(O[H])O[C@@:45]([O:46])([C:54])[H:93]>>[H]/C(=C1\[C@@]([H])(O[C@:45]([O:46])([C:54])[H:93])N2[C@]3([H])C4=NC5:C([H]):C([H]):C([H]):C([H]):C:5[C@]45C([H])([H])[C@@]2([H])[C@@]([H])([C@@]5([H])OC(=O)C([H])([H])[H])[C@@]1([H])C3([H])[H])C([H])([H])[H],EVODEX-P14543
EVODEX-N5376,>>[H]/C(=C1\[C@@]([H])(O)N2[C@]3([H])C4=NC5:C([H]):C([H]):C([H]):C([H]):C:5[C@]45C([H])([H])[C@@]2([H])[C@@]([H])([C@@]5([H])OC(=O)C([H])([H])[H])[C@@]1([H])C3([H])[H])C([H])([H])[H].[H],EVODEX-P14545
EVODEX-N5377,[H]/C(=C1\[C@@]([H])(O[C@:6]([O:7])([C:15])[H:68])N2[C@]3([H])C4=NC5:C([H]):C([H]):C([H]):C([H]):C:5[C@]45C([H])([H])[C@@]2([H])[C@@]([H])([C@@]5([H])OC(=O)C([H])([H])[H])[C@@]1([H])C3([H])[H])C([H])([H])[H].[H][O:54][P:52]>>[C@@:6]([O:7])([C:15])([O:54][P:52])[H:68],EVODEX-P14548
EVODEX-N5378,[H]/C(=C1\[C@@]([H])(O[C@:6]([O:7])([C:15])[H:68])N2[C@]3([H])C4=NC5:C([H]):C([H]):C([H]):C([H]):C:5[C@]45C([H])([H])[C@@]2([H])[C@@]([H])([C@@]5([H])OC(=O)C([H])([H])[H])[C@@]1([H])C3([H])[H])C([H])([H])[H]>>[H]O[C@@]1([H])[C@@]([H])(O[H])[C@]([H])(N2:C([H]):C([H]):C(=O):N([H]):C:2=O)O[C@]1([H])C([H])([H])OP(=O)(O[H])OP(=O)(O[H])O[C@@:6]([O:7])([C:15])[H:68],EVODEX-P14549
EVODEX-N5379,[H]O[C@@]1([H])[C@@]([H])(O[H])[C@]([H])(N2:C([H]):C([H]):C(=O):N([H]):C:2=O)O[C@]1([H])C([H])([H])OP(=O)(O[H])OP(=O)(O[H])O[C@@:19]([O:20])([C:28])[H:55]>>[H]C1:C([H]):C([H]):C2:C(:C:1[H]):C(O[C@:19]([O:20])([C:28])[H:55]):C([H]):N:2[H],EVODEX-P14554
EVODEX-N5380,>>[H]C1:C([H]):C([H]):C2:C(:C:1[H]):C(O):C([H]):N:2[H].[H],EVODEX-P14555
EVODEX-N5381,[H]O[C@@]1([H])[C@@]([H])(O[H])[C@]([H])(N2:C([H]):C([H]):C(=O):N([H]):C:2=O)O[C@]1([H])C([H])([H])OP(=O)(O[H])OP(=O)(O[H])O[C@@:19]([O:20])([C:28])[H:55]>>[H]C1:C([H]):C([H]):C2:C(:C([H]):C([H]):N:2[H]):C:1O[C@:19]([O:20])([C:28])[H:55],EVODEX-P14559
EVODEX-N5382,>>[H]C1:C([H]):C([H]):C2:C(:C([H]):C([H]):N:2[H]):C:1O.[H],EVODEX-P14560
EVODEX-N5383,[H]O[C@@]1([H])[C@@]([H])(O[H])[C@]([H])(N2:C([H]):C([H]):C(=O):N([H]):C:2=O)O[C@]1([H])C([H])([H])OP(=O)(O[H])OP(=O)(O[H])O[C@@:33]([O:32])([C:59])[H:90]>>[H]OC(=O)[C@@]1([H])O[C@@]([H])(O[C@@]2([H])[C@@]([H])(O[H])[C@@]([H])(C([H])([H])O[H])O[C@@]([H])(O[H])[C@]2([H])N([H])C(=O)C([H])([H])[H])[C@]([H])(O[H])[C@@]([H])(O[C@:33]([O:32])([C:59])[H:90])[C@]1([H])O[H],EVODEX-P14563
EVODEX-N5384,>>[H]OC(=O)[C@@]1([H])O[C@@]([H])(O[C@@]2([H])[C@@]([H])(O[H])[C@@]([H])(C([H])([H])O[H])O[C@@]([H])(O[H])[C@]2([H])N([H])C(=O)C([H])([H])[H])[C@]([H])(O[H])[C@@]([H])(O)[C@]1([H])O[H].[H],"EVODEX-P14565,EVODEX-P20552,EVODEX-P20620"
EVODEX-N5385,[C:5][C@@:6]([O:7])([C:19])[H:69].[H][O:36][P:34]>>[C:5][C@:6]([C:19])([O:36][P:34])[H:69].[H][O:7],EVODEX-P14566
EVODEX-N5386,[H]OC([H])([H])[C@@]1([H])O[C@@]([H])(O[H])[C@@]([H])(N([H])C(=O)C([H])([H])[H])[C@@]([H])([O:7][C:8])[C@@]1([H])O[H]>>[H][O:7][C:8],EVODEX-P14567
EVODEX-N5387,[H]OC(=O)C1=C([H])[C@@]([H])(O[H])[C@@]([H])(O[H])C([H])(O[C@:6]([C:5])([C:19])[H:69])O1.[H][O:36][P:34]>>[C:5][C@:6]([C:19])([O:36][P:34])[H:69],EVODEX-P14568
EVODEX-N5388,[H][O:36][P:34]>>[H]OC([H])([H])[C@@]1([H])O[C@@]([H])(O[H])[C@@]([H])(N([H])C(=O)C([H])([H])[H])[C@@]([H])([O:36][P:34])[C@@]1([H])O[H],EVODEX-P14569
EVODEX-N5389,[H]OC(=O)C1=C([H])[C@@]([H])(O[H])[C@@]([H])(O[H])C([H])(O[C@:6]([C:5])([C:19])[H:69])O1>>[H]OC(=O)[C@@]1([H])O[C@]([H])(OP(=O)(OP(=O)(O[H])OC([H])([H])[C@@]2([H])O[C@@]([H])(N3:C([H]):C([H]):C(=O):N([H]):C:3=O)[C@]([H])(O[H])[C@]2([H])O[H])O[C@:6]([C:5])([C:19])[H:69])[C@]([H])(O[H])[C@@]([H])(O[H])[C@]1([H])O[H],EVODEX-P14570
EVODEX-N5390,>>[H]OC(=O)[C@@]1([H])O[C@]([H])(OP(O)(=O)OP(=O)(O[H])OC([H])([H])[C@@]2([H])O[C@@]([H])(N3:C([H]):C([H]):C(=O):N([H]):C:3=O)[C@]([H])(O[H])[C@]2([H])O[H])[C@]([H])(O[H])[C@@]([H])(O[H])[C@]1([H])O[H].[H],EVODEX-P14571
EVODEX-N5391,[H]O[C@@]1([H])[C@@]([H])(O[H])[C@]([H])(N2:C([H]):C([H]):C(=O):N([H]):C:2=O)O[C@]1([H])C([H])([H])OP(=O)(O[H])OP(=O)(O[H])O[C@:118]([C:117])([O:144])[H:157]>>[H]OC(=O)[C@]([H])(N([H])C(=O)[C@]([H])(N([H])C(=O)[C@@]([H])(N([H])C(=O)C([H])([H])C([H])([H])[C@]([H])(C(=O)O[H])N([H])C(=O)[C@@]([H])(N([H])C(=O)[C@]([H])(O[C@@]1([H])[C@]([H])(O[C@:118]([C:117])([O:144])[H:157])[C@@]([H])(C([H])([H])O[H])O[C@]([H])(OP(=O)(O[H])OP(=O)(O[H])OC([H])([H])C([H])([H])C([H])(C([H])([H])[H])C([H])([H])C([H])([H])/C([H])=C(/C([H])([H])[H])C([H])([H])C([H])([H])/C([H])=C(/C([H])([H])[H])C([H])([H])C([H])([H])/C([H])=C(/C([H])([H])[H])C([H])([H])C([H])([H])/C([H])=C(/C([H])([H])[H])C([H])([H])C([H])([H])/C([H])=C(/C([H])([H])[H])C([H])([H])C([H])([H])C([H])=C(C([H])([H])[H])C([H])([H])[H])[C@]1([H])N([H])C(=O)C([H])([H])[H])C([H])([H])[H])C([H])([H])[H])C([H])([H])C([H])([H])C([H])([H])C([H])([H])N([H])S(=O)(=O)C1:C([H]):C([H]):C([H]):C2:C(N(C([H])([H])[H])C([H])([H])[H]):C([H]):C([H]):C([H]):C:1:2)C([H])([H])[H])C([H])([H])[H],EVODEX-P14575
EVODEX-N5392,>>[H]OC(=O)[C@]([H])(N([H])C(=O)[C@]([H])(N([H])C(=O)[C@@]([H])(N([H])C(=O)C([H])([H])C([H])([H])[C@]([H])(C(=O)O[H])N([H])C(=O)[C@@]([H])(N([H])C(=O)[C@]([H])(O[C@@]1([H])[C@]([H])(O)[C@@]([H])(C([H])([H])O[H])O[C@]([H])(OP(=O)(O[H])OP(=O)(O[H])OC([H])([H])C([H])([H])C([H])(C([H])([H])[H])C([H])([H])C([H])([H])/C([H])=C(/C([H])([H])[H])C([H])([H])C([H])([H])/C([H])=C(/C([H])([H])[H])C([H])([H])C([H])([H])/C([H])=C(/C([H])([H])[H])C([H])([H])C([H])([H])/C([H])=C(/C([H])([H])[H])C([H])([H])C([H])([H])/C([H])=C(/C([H])([H])[H])C([H])([H])C([H])([H])C([H])=C(C([H])([H])[H])C([H])([H])[H])[C@]1([H])N([H])C(=O)C([H])([H])[H])C([H])([H])[H])C([H])([H])[H])C([H])([H])C([H])([H])C([H])([H])C([H])([H])N([H])S(=O)(=O)C1:C([H]):C([H]):C([H]):C2:C(N(C([H])([H])[H])C([H])([H])[H]):C([H]):C([H]):C([H]):C:1:2)C([H])([H])[H])C([H])([H])[H].[H],EVODEX-P14576
EVODEX-N5393,[H]OC([H])([H])[C@@]1([H])O[C@]([H])([O:7][C:8])[C@]([H])(N([H])C(=O)C([H])([H])[H])[C@@]([H])(O[H])[C@@]1([H])O[H]>>[H][O:7][C:8],"EVODEX-P14578,EVODEX-P14837,EVODEX-P23295,EVODEX-P23300,EVODEX-P23309,EVODEX-P23988"
EVODEX-N5394,[H]OC(=O)[C@]([H])(N([H])C(=O)[C@]([H])(N([H])C(=O)[C@@]([H])(N([H])C(=O)C([H])([H])C([H])([H])[C@]([H])(C(=O)O[H])N([H])C(=O)[C@@]([H])(N([H])C(=O)[C@]([H])(O[C@@]1([H])[C@]([H])(O[C@:6]([C:5])([O:119])[H:157])[C@@]([H])(C([H])([H])O[H])O[C@]([H])(OP(=O)(O[H])OP(=O)(O[H])OC([H])([H])C([H])([H])C([H])(C([H])([H])[H])C([H])([H])C([H])([H])/C([H])=C(/C([H])([H])[H])C([H])([H])C([H])([H])/C([H])=C(/C([H])([H])[H])C([H])([H])C([H])([H])/C([H])=C(/C([H])([H])[H])C([H])([H])C([H])([H])/C([H])=C(/C([H])([H])[H])C([H])([H])C([H])([H])/C([H])=C(/C([H])([H])[H])C([H])([H])C([H])([H])C([H])=C(C([H])([H])[H])C([H])([H])[H])[C@]1([H])N([H])C(=O)C([H])([H])[H])C([H])([H])[H])C([H])([H])[H])C([H])([H])C([H])([H])C([H])([H])C([H])([H])N([H])S(=O)(=O)C1:C([H]):C([H]):C([H]):C2:C(N(C([H])([H])[H])C([H])([H])[H]):C([H]):C([H]):C([H]):C:1:2)C([H])([H])[H])C([H])([H])[H].[H][O:143][P:141]>>[C:5][C@:6]([O:119])([O:143][P:141])[H:157],EVODEX-P14579
EVODEX-N5395,[H]OC(=O)[C@]([H])(N([H])C(=O)[C@]([H])(N([H])C(=O)[C@@]([H])(N([H])C(=O)C([H])([H])C([H])([H])[C@]([H])(C(=O)O[H])N([H])C(=O)[C@@]([H])(N([H])C(=O)[C@]([H])(O[C@@]1([H])[C@]([H])(O[C@:6]([C:5])([O:119])[H:157])[C@@]([H])(C([H])([H])O[H])O[C@]([H])(OP(=O)(O[H])OP(=O)(O[H])OC([H])([H])C([H])([H])C([H])(C([H])([H])[H])C([H])([H])C([H])([H])/C([H])=C(/C([H])([H])[H])C([H])([H])C([H])([H])/C([H])=C(/C([H])([H])[H])C([H])([H])C([H])([H])/C([H])=C(/C([H])([H])[H])C([H])([H])C([H])([H])/C([H])=C(/C([H])([H])[H])C([H])([H])C([H])([H])/C([H])=C(/C([H])([H])[H])C([H])([H])C([H])([H])C([H])=C(C([H])([H])[H])C([H])([H])[H])[C@]1([H])N([H])C(=O)C([H])([H])[H])C([H])([H])[H])C([H])([H])[H])C([H])([H])C([H])([H])C([H])([H])C([H])([H])N([H])S(=O)(=O)C1:C([H]):C([H]):C([H]):C2:C(N(C([H])([H])[H])C([H])([H])[H]):C([H]):C([H]):C([H]):C:1:2)C([H])([H])[H])C([H])([H])[H]>>[H]O[C@@]1([H])[C@@]([H])(O[H])[C@]([H])(N2:C([H]):C([H]):C(=O):N([H]):C:2=O)O[C@]1([H])C([H])([H])OP(=O)(O[H])OP(=O)(O[H])O[C@:6]([C:5])([O:119])[H:157],EVODEX-P14581
EVODEX-N5396,[C:3][C@@:13]([O:14])([C:22])[H:40].[H][O:26][P:25]>>[C@:13]([O:14])([C:22])([O:26][P:25])[H:40].[H][C:3],"EVODEX-P14583,EVODEX-P15384"
EVODEX-N5397,[H]OC([H])([H])[C@@]1([H])O[C@]([H])([C@@:3]([C:2])([O:4])[C:5])[C@]([H])(O[H])[C@@]([H])(O[H])[C@]1([H])O[H]>>[H][C@@:3]([C:2])([O:4])[C:5],EVODEX-P14584
EVODEX-N5398,[H]OC([H])([H])[C@@]([H])(O[H])[C@@]([H])(O[H])[C@]([H])(O[H])[C@@](O[H])(C([H])=O)[C@@:13]([O:14])([C:22])[H:40].[H][O:26][P:25]>>[C@:13]([O:14])([C:22])([O:26][P:25])[H:40],EVODEX-P14585
EVODEX-N5399,[H]OC([H])([H])[C@@]([H])(O[H])[C@@]([H])(O[H])[C@]([H])(O[H])[C@@](O[H])(C([H])=O)[C@@:13]([O:14])([C:22])[H:40]>>[H]OP(=O)(O[H])O[C@:13]([O:14])([C:22])[H:40],EVODEX-P14586
EVODEX-N5400,[O:17][C@:18]([O:19])([C:27])[H:31].[H][C@@:3]([C:2])([O:4])[C:5]>>[H][O:17].[C:2][C@:3]([O:4])([C:5])[C@@:18]([O:19])([C:27])[H:31],EVODEX-P14588
EVODEX-N5401,[H]OP(=O)(O[H])O[C@:18]([O:19])([C:27])[H:31].[H][C@@:3]([C:2])([O:4])[C:5]>>[C:2][C@:3]([O:4])([C:5])[C@@:18]([O:19])([C:27])[H:31],EVODEX-P14589
EVODEX-N5402,[H][C@@:3]([C:2])([O:4])[C:5]>>[H]OC([H])([H])[C@@]1([H])O[C@]([H])([C@@:3]([C:2])([O:4])[C:5])[C@]([H])(O[H])[C@@]([H])(O[H])[C@]1([H])O[H],EVODEX-P14590
EVODEX-N5403,[H]OP(=O)(O[H])O[C@:18]([O:19])([C:27])[H:31]>>[H]OC([H])([H])[C@@]([H])(O[H])[C@@]([H])(O[H])[C@]([H])(O[H])[C@@](O[H])(C([H])=O)[C@@:18]([O:19])([C:27])[H:31],EVODEX-P14591
EVODEX-N5404,>>[H].[H]O[C@@]([H])([C@]([H])(O[H])[C@]([H])(O[H])C([H])([H])O)[C@@]([H])(O[H])C([H])=O,"EVODEX-P14592,EVODEX-P17975,EVODEX-P18398,EVODEX-P18416,EVODEX-P18802,EVODEX-P18832"
EVODEX-N5405,[H]O[C@@]1([H])[C@@]([H])(O[H])[C@]([H])(N2:C([H]):N:C3:C(=O):N([H]):C(N([H])[H]):N:C:3:2)O[C@]1([H])C([H])([H])OP(=O)(O[H])OP(=O)(O[H])O[C@@:125]([O:126])([C:134])[H:247]>>[H]OC([H])([H])[C@@]1([H])O[C@]([H])(O[C@]2([H])[C@@]([H])(O[C@@]3([H])[C@]([H])(O[H])[C@@]([H])(C([H])([H])O[C@@]4([H])O[C@]([H])(C([H])([H])O[H])[C@@]([H])(O[H])[C@]([H])(O[H])[C@]4([H])O[C@@:125]([O:126])([C:134])[H:247])O[C@]([H])(OC([H])([H])[C@@]4([H])O[C@@]([H])(O[C@@]5([H])[C@]([H])(O[H])[C@@]([H])(N([H])C(=O)C([H])([H])[H])[C@]([H])(O[H])O[C@]5([H])C([H])([H])O[H])[C@@]([H])(O[H])[C@@]([H])(O[C@@]5([H])O[C@]([H])(C([H])([H])O[H])[C@@]([H])(O[H])[C@]([H])(O[H])[C@]5([H])O[C@@]5([H])O[C@]([H])(C([H])([H])O[H])[C@@]([H])(O[H])[C@]([H])(O[H])[C@]5([H])O[C@@]5([H])O[C@]([H])(C([H])([H])O[H])[C@@]([H])(O[H])[C@]([H])(O[H])[C@]5([H])O[H])[C@]4([H])O[H])[C@@]3([H])O[H])O[C@]([H])(C([H])([H])O[H])[C@@]([H])(O[H])[C@]2([H])O[H])[C@@]([H])(O[H])[C@@]([H])(O[H])[C@]1([H])O[H],EVODEX-P14595
EVODEX-N5406,>>[H]OC([H])([H])[C@@]1([H])O[C@]([H])(O[C@]2([H])[C@@]([H])(O[C@@]3([H])[C@]([H])(O[H])[C@@]([H])(C([H])([H])O[C@@]4([H])O[C@]([H])(C([H])([H])O[H])[C@@]([H])(O[H])[C@]([H])(O[H])[C@]4([H])O)O[C@]([H])(OC([H])([H])[C@@]4([H])O[C@@]([H])(O[C@@]5([H])[C@]([H])(O[H])[C@@]([H])(N([H])C(=O)C([H])([H])[H])[C@]([H])(O[H])O[C@]5([H])C([H])([H])O[H])[C@@]([H])(O[H])[C@@]([H])(O[C@@]5([H])O[C@]([H])(C([H])([H])O[H])[C@@]([H])(O[H])[C@]([H])(O[H])[C@]5([H])O[C@@]5([H])O[C@]([H])(C([H])([H])O[H])[C@@]([H])(O[H])[C@]([H])(O[H])[C@]5([H])O[C@@]5([H])O[C@]([H])(C([H])([H])O[H])[C@@]([H])(O[H])[C@]([H])(O[H])[C@]5([H])O[H])[C@]4([H])O[H])[C@@]3([H])O[H])O[C@]([H])(C([H])([H])O[H])[C@@]([H])(O[H])[C@]2([H])O[H])[C@@]([H])(O[H])[C@@]([H])(O[H])[C@]1([H])O[H].[H],EVODEX-P14597
EVODEX-N5407,[H]O[C@@]1([H])[C@@]([H])(O[H])[C@]([H])(N2:C([H]):N:C3:C(=O):N([H]):C(N([H])[H]):N:C:3:2)O[C@]1([H])C([H])([H])OP(=O)(O[H])OP(=O)(O[H])O[C@@:46]([O:47])([C:55])[H:91]>>[H]O[C@@]1([H])[C@]([H])(O[H])[C@@]([H])(C([H])([H])O[C@@:46]([O:47])([C:55])[H:91])O[C@]([H])(OC2:C([H]):C([H]):C3:C(C([H])([H])[H]):C([H]):C(=O):O:C:3:C:2[H])[C@@]1([H])O[H],EVODEX-P14600
EVODEX-N5408,[H]O[C@@]1([H])[C@@]([H])(O[H])[C@]([H])(N2:C([H]):C([H]):C(=O):N([H]):C:2=O)O[C@]1([H])C([H])([H])OP(=O)(O[H])OP(=O)(O[H])O[C@@:41]([O:42])([C:50])[H:77]>>[H]OC1:C([H]):C([H]):C(C2:O:C3:C([H]):C(O[H]):C([H]):C(O[H]):C:3:C(=O):C:2O[C@:41]([O:42])([C:50])[H:77]):C([H]):C:1O[H],EVODEX-P14605
EVODEX-N5409,>>[H]OC1:C([H]):C([H]):C(C2:O:C3:C([H]):C(O[H]):C([H]):C(O[H]):C:3:C(=O):C:2O):C([H]):C:1O[H].[H],"EVODEX-P14607,EVODEX-P14627,EVODEX-P15346,EVODEX-P20043,EVODEX-P20048,EVODEX-P20676"
EVODEX-N5410,[H]OC1:C([H]):C([H]):C(C2:O:C3:C([H]):C(O[H]):C([H]):C(O[H]):C:3:C(=O):C:2O[C@:5]([O:6])([C:14])[H:59]):C([H]):C:1O[H].[H][O:50][P:48]>>[C@@:5]([O:6])([C:14])([O:50][P:48])[H:59],EVODEX-P14610
EVODEX-N5411,[H]OC1:C([H]):C([H]):C(C2:O:C3:C([H]):C(O[H]):C([H]):C(O[H]):C:3:C(=O):C:2O[C@:5]([O:6])([C:14])[H:59]):C([H]):C:1O[H]>>[H]O[C@@]1([H])[C@@]([H])(O[H])[C@]([H])(N2:C([H]):C([H]):C(=O):N([H]):C:2=O)O[C@]1([H])C([H])([H])OP(=O)(O[H])OP(=O)(O[H])O[C@@:5]([O:6])([C:14])[H:59],EVODEX-P14611
EVODEX-N5412,[H]O[C@@]1([H])[C@@]([H])(O[H])[C@]([H])(N2:C([H]):C([H]):C(=O):N([H]):C:2=O)O[C@]1([H])C([H])([H])OP(=O)(O[H])OP(=O)(O[H])O[C@@:4]([O:3])([C:30])[H:71]>>[H]OC1:C([H]):C([H]):C([C@@]2([H])OC3:C([H]):C(O[C@]4([H])O[C@]([H])(C([H])([H])O[H])[C@@]([H])(O[H])[C@]([H])(O[H])[C@@]4([H])O[C@:4]([O:3])([C:30])[H:71]):C([H]):C(O[H]):C:3C(=O)C2([H])[H]):C([H]):C:1[H],EVODEX-P14616
EVODEX-N5413,>>[H]OC1:C([H]):C([H]):C([C@@]2([H])OC3:C([H]):C(O[C@]4([H])O[C@]([H])(C([H])([H])O[H])[C@@]([H])(O[H])[C@]([H])(O[H])[C@@]4([H])O):C([H]):C(O[H]):C:3C(=O)C2([H])[H]):C([H]):C:1[H].[H],EVODEX-P14617
EVODEX-N5414,[H]O[C@@]1([H])[C@@]([H])(O[H])[C@]([H])(N2:C([H]):C([H]):C(=O):N([H]):C:2=O)O[C@]1([H])C([H])([H])OP(=O)(O[H])OP(=O)(O[H])O[C@@:37]([O:36])([C:63])[H:97]>>[H]OC1:C([H]):C([C@@]2([H])OC3:C([H]):C(O[C@]4([H])O[C@]([H])(C([H])([H])O[H])[C@@]([H])(O[H])[C@]([H])(O[H])[C@@]4([H])O[C@@:37]([O:36])([C:63])[H:97]):C([H]):C(O[H]):C:3C(=O)C2([H])[H]):C([H]):C([H]):C:1OC([H])([H])[H],EVODEX-P14620
EVODEX-N5415,>>[H]OC1:C([H]):C([C@@]2([H])OC3:C([H]):C(O[C@]4([H])O[C@]([H])(C([H])([H])O[H])[C@@]([H])(O[H])[C@]([H])(O[H])[C@@]4([H])O):C([H]):C(O[H]):C:3C(=O)C2([H])[H]):C([H]):C([H]):C:1OC([H])([H])[H].[H],EVODEX-P14622
EVODEX-N5416,[H]O[C@@]1([H])[C@@]([H])(O[H])[C@]([H])(N2:C([H]):C([H]):C(=O):N([H]):C:2=O)O[C@]1([H])C([H])([H])OP(=O)(O[H])OP(=O)(O[H])O[C@@:41]([O:42])([C:50])[H:77]>>[H]OC1:C([H]):C([H]):C(C2:O:C3:C([H]):C(O[C@:41]([O:42])([C:50])[H:77]):C([H]):C(O[H]):C:3:C(=O):C:2O[H]):C([H]):C:1O[H],EVODEX-P14625
EVODEX-N5417,[H]O[C@@]1([H])[C@@]([H])(O[H])[C@]([H])(N2:C([H]):C([H]):C(=O):N([H]):C:2=O)O[C@]1([H])C([H])([H])OP(=O)(O[H])OP(=O)(O[H])O[C@@:42]([O:43])([C:51])[H:78]>>[H]OC1:C([H]):C([H]):C(C2:O:C3:C(O[H]):C(O[C@:42]([O:43])([C:51])[H:78]):C([H]):C(O[H]):C:3:C(=O):C:2O[H]):C([H]):C:1O[H],EVODEX-P14630
EVODEX-N5418,>>[H]OC1:C([H]):C([H]):C(C2:O:C3:C(O[H]):C(O):C([H]):C(O[H]):C:3:C(=O):C:2O[H]):C([H]):C:1O[H].[H],EVODEX-P14632
EVODEX-N5419,[H]O[C@@]1([H])[C@@]([H])(O[H])[C@]([H])(N2:C([H]):C([H]):C(=O):N([H]):C:2=O)O[C@]1([H])C([H])([H])OP(=O)(O[H])OP(=O)(O[H])O[C@@:39]([O:40])([C:48])[H:75]>>[H]OC1:C([H]):C([H]):C(C2:O:C3:C([H]):C(=O):C([H]):C(O[H]):C3:C([H]):C:2O[C@@:39]([O:40])([C:48])[H:75]):C([H]):C:1[H],EVODEX-P14635
EVODEX-N5420,>>[H]OC1:C([H]):C([H]):C(C2:O:C3:C([H]):C(=O):C([H]):C(O[H]):C3:C([H]):C:2O):C([H]):C:1[H].[H],EVODEX-P14637
EVODEX-N5421,[H]O[C@@]1([H])[C@@]([H])(O[H])[C@]([H])(N2:C([H]):C([H]):C(=O):N([H]):C:2=O)O[C@]1([H])C([H])([H])OP(=O)(O[H])OP(=O)(O[H])O[C@@:63]([O:64])([C:72])[H:119]>>[H]OC1:C([H]):C(C2:O:C3:C([H]):C(=O):C([H]):C(O[C@]4([H])O[C@]([H])(C([H])([H])O[H])[C@@]([H])(O[H])[C@]([H])(O[H])[C@@]4([H])O[H]):C3:C([H]):C:2O[C@]2([H])O[C@]([H])(C([H])([H])O[H])[C@@]([H])(O[H])[C@]([H])(O[C@@:63]([O:64])([C:72])[H:119])[C@@]2([H])O[H]):C([H]):C(O[H]):C:1O[H],EVODEX-P14640
EVODEX-N5422,[H]O[C@@]1([H])C([H])([H])[C@]([H])(N2:C([H]):C(C([H])([H])[H]):C(=O):N([H]):C:2=O)O[C@]1([H])C([H])([H])OP(=O)(O[H])OP(=O)(O[H])O[C@@:20]([O:21])([C:29])[H:82].[H][O:51][C:50]>>[C@:20]([O:21])([C:29])([O:51][C:50])[H:82],"EVODEX-P14645,EVODEX-P14810,EVODEX-P14821,EVODEX-P14827,EVODEX-P14878,EVODEX-P14883,EVODEX-P14940,EVODEX-P14982,EVODEX-P14987,EVODEX-P15007,EVODEX-P15012,EVODEX-P15018,EVODEX-P15024,EVODEX-P15053,EVODEX-P15074,EVODEX-P15080,EVODEX-P15086,EVODEX-P15091,EVODEX-P15096,EVODEX-P15125,EVODEX-P15591"
EVODEX-N5423,[H]O[C@@]1([H])C([H])([H])[C@]([H])(N2:C([H]):C(C([H])([H])[H]):C(=O):N([H]):C:2=O)O[C@]1([H])C([H])([H])OP(=O)(O[H])OP(=O)(O[H])O[C@@:20]([O:21])([C:29])[H:82]>>[H]OC1:C([H]):C([H]):C(C2:O:C3:C([H]):C(O[H]):C([H]):C([H]):C:3:C(=O):C:2O[C@]2([H])O[C@]([H])(C([H])([H])O[H])[C@@]([H])(O[H])[C@]([H])(O[H])[C@@]2([H])O[C@:20]([O:21])([C:29])[H:82]):C([H]):C:1[H],EVODEX-P14647
EVODEX-N5424,>>[H]OC1:C([H]):C([H]):C(C2:O:C3:C([H]):C(O[H]):C([H]):C([H]):C:3:C(=O):C:2O[C@]2([H])O[C@]([H])(C([H])([H])O[H])[C@@]([H])(O[H])[C@]([H])(O[H])[C@@]2([H])O):C([H]):C:1[H].[H],"EVODEX-P14648,EVODEX-P14652"
EVODEX-N5425,[H]O[C@@]1([H])[C@@]([H])(O[H])[C@]([H])(N2:C([H]):C([H]):C(=O):N([H]):C:2=O)O[C@]1([H])C([H])([H])OP(=O)(O[H])OP(=O)(O[H])O[C@@:50]([O:51])([C:59])[H:96]>>[H]OC1:C([H]):C([H]):C(C2:O:C3:C([H]):C(O[H]):C([H]):C([H]):C:3:C(=O):C:2O[C@]2([H])O[C@]([H])(C([H])([H])O[H])[C@@]([H])(O[H])[C@]([H])(O[H])[C@@]2([H])O[C@:50]([O:51])([C:59])[H:96]):C([H]):C:1[H],EVODEX-P14651
EVODEX-N5426,[H]O[C@@]1([H])[C@@]([H])(O[H])[C@]([H])(N2:C([H]):C([H]):C(=O):N([H]):C:2=O)O[C@]1([H])C([H])([H])OP(=O)(O[H])OP(=O)(O[H])O[C@@:62]([O:63])([C:71])[H:118]>>[H]OC1:C([H]):C([H]):C(C2:O:C3:C([H]):C(O[H]):C([H]):C(O[H]):C:3:C(=O):C:2O[C@]2([H])O[C@]([H])(C([H])([H])O[H])[C@@]([H])(O[H])[C@]([H])(O[H])[C@@]2([H])O[C@]2([H])O[C@]([H])(C([H])([H])O[H])[C@@]([H])(O[H])[C@]([H])(O[H])[C@@]2([H])O[C@:62]([O:63])([C:71])[H:118]):C([H]):C:1[H],EVODEX-P14655
EVODEX-N5427,>>[H]OC1:C([H]):C([H]):C(C2:O:C3:C([H]):C(O[H]):C([H]):C(O[H]):C:3:C(=O):C:2O[C@]2([H])O[C@]([H])(C([H])([H])O[H])[C@@]([H])(O[H])[C@]([H])(O[H])[C@@]2([H])O[C@]2([H])O[C@]([H])(C([H])([H])O[H])[C@@]([H])(O[H])[C@]([H])(O[H])[C@@]2([H])O):C([H]):C:1[H].[H],EVODEX-P14657
EVODEX-N5428,[H]O[C@@]1([H])[C@@]([H])(O[H])[C@]([H])(N2:C([H]):C([H]):C(=O):N([H]):C:2=O)O[C@]1([H])C([H])([H])OP(=O)(O[H])OP(=O)(O[H])O[C@@:64]([O:65])([C:73])[H:120]>>[H]OC1:C([H]):C(C2:O:C3:C([H]):C(O[H]):C([H]):C(O[H]):C:3:C(=O):C:2O[C@@]2([H])O[C@]([H])(C([H])([H])O[H])[C@@]([H])(O[H])[C@]([H])(O[C@]3([H])O[C@]([H])(C([H])([H])O[H])[C@@]([H])(O[H])[C@]([H])(O[H])[C@@]3([H])O[H])[C@@]2([H])O[C@@:64]([O:65])([C:73])[H:120]):C([H]):C(O[H]):C:1O[H],EVODEX-P14660
EVODEX-N5429,>>[H]OC1:C([H]):C(C2:O:C3:C([H]):C(O[H]):C([H]):C(O[H]):C:3:C(=O):C:2O[C@@]2([H])O[C@]([H])(C([H])([H])O[H])[C@@]([H])(O[H])[C@]([H])(O[C@]3([H])O[C@]([H])(C([H])([H])O[H])[C@@]([H])(O[H])[C@]([H])(O[H])[C@@]3([H])O[H])[C@@]2([H])O):C([H]):C(O[H]):C:1O[H].[H],EVODEX-P14662
EVODEX-N5430,[H]O[C@@]1([H])[C@@]([H])(O[H])[C@]([H])(N2:C([H]):C([H]):C(=O):N([H]):C:2=O)O[C@]1([H])C([H])([H])OP(=O)(O[H])OP(=O)(O[H])O[C@:6]([C:5])([O:32])[H:86]>>[H]OC([H])([H])[C@@]1([H])O[C@@]([H])(O[C@@]2([H])[C@@]([H])(O[H])[C@@]([H])(C([H])([H])[H])OC([H])(OS(=O)(=O)C3:C([H]):C([H]):C([H]):C4:C(N(C([H])([H])[H])C([H])([H])[H]):C([H]):C([H]):C([H]):C:3:4)[C@]2([H])O[H])[C@]([H])(N([H])C(=O)C([H])([H])[H])[C@@]([H])(O[H])[C@]1([H])O[C@:6]([C:5])([O:32])[H:86],EVODEX-P14670
EVODEX-N5431,>>[H]OC([H])([H])[C@@]1([H])O[C@@]([H])(O[C@@]2([H])[C@@]([H])(O[H])[C@@]([H])(C([H])([H])[H])OC([H])(OS(=O)(=O)C3:C([H]):C([H]):C([H]):C4:C(N(C([H])([H])[H])C([H])([H])[H]):C([H]):C([H]):C([H]):C:3:4)[C@]2([H])O[H])[C@]([H])(N([H])C(=O)C([H])([H])[H])[C@@]([H])(O[H])[C@]1([H])O.[H],EVODEX-P14671
EVODEX-N5432,[H]O[C@@]1([H])[C@@]([H])(O[H])[C@]([H])(N2:C([H]):N:C3:C(N([H])[H]):N:C([H]):N:C:3:2)O[C@]1([H])C([H])([H])OP(=O)(O[H])OP(=O)(O[H])O[C@@:24]([O:25])([C:33])[H:61]>>[H]OC([H])([H])[C@@]1([H])O[C@]([H])(O[C@@:24]([O:25])([C:33])[H:61])[C@]([H])(O[H])[C@@]([H])(O[H])[C@]1([H])O[H],EVODEX-P14679
EVODEX-N5433,[H]OC([H])([H])[C@@]1([H])O[C@]([H])(O[C@@:34]([O:35])([C:43])[H:71])[C@]([H])(O[H])[C@@]([H])(O[H])[C@]1([H])O[H]>>[H]O[C@@]1([H])[C@@]([H])(O[H])[C@]([H])(N2:C([H]):N:C3:C(N([H])[H]):N:C([H]):N:C:3:2)O[C@]1([H])C([H])([H])OP(=O)(O[H])OP(=O)(O[H])O[C@@:34]([O:35])([C:43])[H:71],EVODEX-P14683
EVODEX-N5434,>>[H].[H]O[C@@]1([H])[C@@]([H])(O[H])[C@]([H])(N2:C([H]):N:C3:C(N([H])[H]):N:C([H]):N:C:3:2)O[C@]1([H])C([H])([H])OP(=O)(O[H])OP(O)(=O)O[H],"EVODEX-P14685,EVODEX-P16467,EVODEX-P18015,EVODEX-P18060,EVODEX-P18142,EVODEX-P18161,EVODEX-P18201,EVODEX-P18256,EVODEX-P18309,EVODEX-P18393,EVODEX-P18471,EVODEX-P18654,EVODEX-P18694,EVODEX-P18755,EVODEX-P18765,EVODEX-P19189,EVODEX-P19199,EVODEX-P19212,EVODEX-P19222,EVODEX-P19232,EVODEX-P19242,EVODEX-P19252,EVODEX-P19294,EVODEX-P19319,EVODEX-P19329,EVODEX-P19339,EVODEX-P19349,EVODEX-P19358,EVODEX-P19395,EVODEX-P19418,EVODEX-P19428,EVODEX-P19456,EVODEX-P19471,EVODEX-P19500,EVODEX-P19520,EVODEX-P19530,EVODEX-P19915,EVODEX-P20486"
EVODEX-N5435,[H]O[C@@]1([H])[C@@]([H])(O[H])[C@]([H])(N2:C([H]):N:C3:C(=O):N([H]):C(N([H])[H]):N:C:3:2)O[C@]1([H])C([H])([H])OP(=O)(O[H])OP(=O)(O[H])O[C@@:22]([O:23])([C:31])[H:65]>>[H]OC([H])([H])[C@@]1(O[C@@:22]([O:23])([C:31])[H:65])O[C@]([H])(C([H])([H])OP(=O)(O[H])O[H])[C@@]([H])(O[H])[C@]1([H])O[H],EVODEX-P14688
EVODEX-N5436,[H]O[C@]([H])([C@@]([H])(O[C@:6]([O:7])([C:15])[H:34])[C@@]([H])(O[H])C([H])([H])[H])[C@@]([H])(O[H])C([H])=O.[H][O:25][P:24]>>[C@@:6]([O:7])([C:15])([O:25][P:24])[H:34],EVODEX-P14692
EVODEX-N5437,[H]O[C@]([H])([C@@]([H])(O[C@:6]([O:7])([C:15])[H:34])[C@@]([H])(O[H])C([H])([H])[H])[C@@]([H])(O[H])C([H])=O>>[H]OP(=O)(O[H])O[C@@:6]([O:7])([C:15])[H:34],EVODEX-P14693
EVODEX-N5438,[H]OC1([H])O[C@@]([H])(C([H])([H])[H])[C@]([H])(O[C@:12]([O:13])([C:21])[H:39])[C@@]([H])(O[H])[C@@]1([H])O[H].[H][O:25][P:24]>>[C@@:12]([O:13])([C:21])([O:25][P:24])[H:39],EVODEX-P14697
EVODEX-N5439,[H]OC1([H])O[C@@]([H])(C([H])([H])[H])[C@]([H])(O[C@:12]([O:13])([C:21])[H:39])[C@@]([H])(O[H])[C@@]1([H])O[H]>>[H]OP(=O)(O[H])O[C@@:12]([O:13])([C:21])[H:39],EVODEX-P14698
EVODEX-N5440,[H]O[C@@]1([H])[C@@]([H])(O[H])[C@]([H])(N2:C([H]):C([H]):C(=O):N([H]):C:2=O)O[C@]1([H])C([H])([H])OP(=O)(O[H])OP(=O)(O[H])O[C@:6]([C:5])([O:32])[H:61]>>[H]O[C@@]1([H])[C@]([H])(O[H])[C@@]([H])(OP(=O)(O[H])O[H])[C@@]([H])(O[H])[C@@]([H])(O[C@@:6]([C:5])([O:32])[H:61])[C@]1([H])O[H],EVODEX-P14713
EVODEX-N5441,>>[H]O[C@@]1([H])[C@]([H])(O[H])[C@@]([H])(O[H])[C@]([H])(O)[C@]([H])(O[H])[C@]1([H])OP(=O)(O[H])O[H].[H],"EVODEX-P14714,EVODEX-P19967,EVODEX-P19973,EVODEX-P20256,EVODEX-P20295"
EVODEX-N5442,[H]O[C@@]1([H])[C@@]([H])(O[H])[C@]([H])(N2:C([H]):N:C3:C(=O):N([H]):C(N([H])[H]):N:C:3:2)O[C@]1([H])C([H])([H])OP(=O)(O[H])OP(=O)(O[H])O[C@@:108]([O:109])([C:117])[H:247]>>[H]OC([H])([H])[C@@]1([H])O[C@@]([H])(O[C@@]2([H])[C@]([H])(O[H])[C@@]([H])(O[H])[C@@]([H])(OP(=O)(O[H])OP(=O)(O[H])OC([H])([H])/C([H])=C(/C([H])([H])[H])C([H])([H])C([H])([H])/C([H])=C(/C([H])([H])[H])C([H])([H])C([H])([H])/C([H])=C(/C([H])([H])[H])C([H])([H])C([H])([H])/C([H])=C(/C([H])([H])[H])C([H])([H])C([H])([H])/C([H])=C(/C([H])([H])[H])C([H])([H])C([H])([H])/C([H])=C(/C([H])([H])[H])C([H])([H])C([H])([H])/C([H])=C(/C([H])([H])[H])C([H])([H])C([H])([H])/C([H])=C(/C([H])([H])[H])C([H])([H])C([H])([H])/C([H])=C(\C([H])([H])[H])C([H])([H])C([H])([H])/C([H])=C(\C([H])([H])[H])C([H])([H])C([H])([H])C([H])=C(C([H])([H])[H])C([H])([H])[H])O[C@]2([H])C([H])([H])O[H])[C@]([H])(O[H])[C@@]([H])(O[C@@:108]([O:109])([C:117])[H:247])[C@]1([H])O[H],EVODEX-P14717
EVODEX-N5443,>>[H]OC([H])([H])[C@@]1([H])O[C@@]([H])(O[C@@]2([H])[C@]([H])(O[H])[C@@]([H])(O[H])[C@@]([H])(OP(=O)(O[H])OP(=O)(O[H])OC([H])([H])/C([H])=C(/C([H])([H])[H])C([H])([H])C([H])([H])/C([H])=C(/C([H])([H])[H])C([H])([H])C([H])([H])/C([H])=C(/C([H])([H])[H])C([H])([H])C([H])([H])/C([H])=C(/C([H])([H])[H])C([H])([H])C([H])([H])/C([H])=C(/C([H])([H])[H])C([H])([H])C([H])([H])/C([H])=C(/C([H])([H])[H])C([H])([H])C([H])([H])/C([H])=C(/C([H])([H])[H])C([H])([H])C([H])([H])/C([H])=C(/C([H])([H])[H])C([H])([H])C([H])([H])/C([H])=C(\C([H])([H])[H])C([H])([H])C([H])([H])/C([H])=C(\C([H])([H])[H])C([H])([H])C([H])([H])C([H])=C(C([H])([H])[H])C([H])([H])[H])O[C@]2([H])C([H])([H])O[H])[C@]([H])(O[H])[C@@]([H])(O)[C@]1([H])O[H].[H],EVODEX-P14719
EVODEX-N5444,[H]O[C@@]1([H])[C@@]([H])(O[H])[C@]([H])(N2:C([H]):N:C3:C(=O):N([H]):C(N([H])[H]):N:C:3:2)O[C@]1([H])C([H])([H])OP(=O)(O[H])OP(=O)(O[H])O[C@@:73]([O:74])([C:82])[H:164]>>[H]OC([H])([H])[C@@]1([H])O[C@@]([H])(O[C@@]2([H])[C@]([H])(O[H])[C@@]([H])(O[H])[C@@]([H])(OP(=O)(O[H])OP(=O)(O[H])OC([H])([H])C([H])([H])C([H])(C([H])([H])[H])C([H])([H])C([H])([H])C([H])([H])C([H])(C([H])([H])[H])C([H])([H])C([H])([H])C([H])([H])C([H])(C([H])([H])[H])C([H])([H])C([H])([H])C([H])([H])C([H])(C([H])([H])[H])C([H])([H])[H])O[C@]2([H])C([H])([H])O[H])[C@]([H])(O[H])[C@@]([H])(O[C@@:73]([O:74])([C:82])[H:164])[C@]1([H])O[H],EVODEX-P14722
EVODEX-N5445,>>[H]OC([H])([H])[C@@]1([H])O[C@@]([H])(O[C@@]2([H])[C@]([H])(O[H])[C@@]([H])(O[H])[C@@]([H])(OP(=O)(O[H])OP(=O)(O[H])OC([H])([H])C([H])([H])C([H])(C([H])([H])[H])C([H])([H])C([H])([H])C([H])([H])C([H])(C([H])([H])[H])C([H])([H])C([H])([H])C([H])([H])C([H])(C([H])([H])[H])C([H])([H])C([H])([H])C([H])([H])C([H])(C([H])([H])[H])C([H])([H])[H])O[C@]2([H])C([H])([H])O[H])[C@]([H])(O[H])[C@@]([H])(O)[C@]1([H])O[H].[H],EVODEX-P14724
EVODEX-N5446,[H]O[C@@]1([H])[C@@]([H])(O[H])[C@]([H])(N2:C([H]):C([H]):C(=O):N([H]):C:2=O)O[C@]1([H])C([H])([H])OP(=O)(O[H])OP(=O)(O[H])O[C@@:6]([O:5])([C:32])[H:60]>>[H]OC1:C(O[C@:6]([O:5])([C:32])[H:60]):C([H]):C2:O:C(C3:C([H]):C([H]):C([H]):C([H]):C:3[H]):C([H]):C(=O):C:2:C:1O[H],EVODEX-P14728
EVODEX-N5447,>>[H]OC1:C(O):C([H]):C2:O:C(C3:C([H]):C([H]):C([H]):C([H]):C:3[H]):C([H]):C(=O):C:2:C:1O[H].[H],EVODEX-P14729
EVODEX-N5448,[H]O[C@@]1([H])[C@@]([H])(O[H])[C@]([H])(N2:C([H]):C([H]):C(=O):N([H]):C:2=O)O[C@]1([H])C([H])([H])OP(=O)(O[H])OP(=O)(O[H])O[C@@:6]([O:5])([C:32])[H:61]>>[H]OC1:C([H]):C([H]):C(C2:O:C3:C([H]):C(O[C@:6]([O:5])([C:32])[H:61]):C(O[H]):C(O[H]):C:3:C(=O):C:2[H]):C([H]):C:1[H],EVODEX-P14733
EVODEX-N5449,>>[H]OC1:C([H]):C([H]):C(C2:O:C3:C([H]):C(O):C(O[H]):C(O[H]):C:3:C(=O):C:2[H]):C([H]):C:1[H].[H],EVODEX-P14734
EVODEX-N5450,[H]O[C@@]1([H])[C@@]([H])(O[H])[C@]([H])(N2:C([H]):C([H]):C(=O):N([H]):C:2=O)O[C@]1([H])C([H])([H])OP(=O)(O[H])OP(=O)(O[H])O[C@:6]([C:5])([O:32])[H:94]>>[H]OC(=O)[C@@]([H])(N([H])C(=O)[C@@]([H])(N([H])C(=O)[C@@]([H])(N([H])C(=O)[C@@]([H])(N([H])C(=O)[C@@]([H])(N([H])C(=O)[C@@]([H])(N([H])[H])C([H])([H])S[H])C([H])([H])C(=O)N([H])[H])C([H])([H])O[C@:6]([C:5])([O:32])[H:94])C([H])([H])C1:C([H]):C([H]):C(O[H]):C([H]):C:1[H])C([H])([H])C([H])([H])C([H])([H])C([H])([H])N([H])[H])C([H])(O[H])C([H])([H])[H],"EVODEX-P14748,EVODEX-P15581"
EVODEX-N5451,[H]O[C@@]1([H])[C@@]([H])(O[H])[C@]([H])(N2:C([H]):C([H]):C(=O):N([H]):C:2=O)O[C@]1([H])C([H])([H])OP(=O)(O[H])OP(=O)(O[H])O[C@:6]([C:5])([O:32])[H:111]>>[H]OC(=O)C([H])([H])[C@@]([H])(C(=O)N([H])[C@]([H])(C(=O)N1C([H])([H])C([H])([H])C([H])([H])[C@@]1([H])C(=O)N([H])[C@]([H])(C(=O)N([H])[C@]([H])(C(=O)N([H])[C@]([H])(C(=O)N([H])[C@]([H])(C(=O)O[H])[C@]([H])(O[H])C([H])([H])[H])C([H])([H])O[H])[C@]([H])(O[H])C([H])([H])[H])C([H])([H])O[H])C([H])([H])O[H])N([H])C(=O)[C@@]([H])(N([H])C(=O)[C@@]([H])(N([H])[H])C([H])([H])C1:C([H]):C([H]):C(O[C:6]([C:5])([O:32])[H:111]):C([H]):C:1[H])C([H])([H])O[H],EVODEX-P14753
EVODEX-N5452,>>[H]OC(=O)C([H])([H])[C@@]([H])(C(=O)N([H])[C@]([H])(C(=O)N1C([H])([H])C([H])([H])C([H])([H])[C@@]1([H])C(=O)N([H])[C@]([H])(C(=O)N([H])[C@]([H])(C(=O)N([H])[C@]([H])(C(=O)N([H])[C@]([H])(C(=O)O[H])[C@]([H])(O[H])C([H])([H])[H])C([H])([H])O[H])[C@]([H])(O[H])C([H])([H])[H])C([H])([H])O[H])C([H])([H])O[H])N([H])C(=O)[C@@]([H])(N([H])C(=O)[C@@]([H])(N([H])[H])C([H])([H])C1:C([H]):C([H]):C(O):C([H]):C:1[H])C([H])([H])O[H].[H],EVODEX-P14754
EVODEX-N5453,[H]O[C@@]1([H])[C@@]([H])(O[H])[C@]([H])(N2:C([H]):C([H]):C(=O):N([H]):C:2=O)O[C@]1([H])C([H])([H])OP(=O)(O[H])OP(=O)(O[H])O[C@@:40]([O:39])([C:66])[H:124]>>[H]OC([H])([H])[C@]1(C([H])([H])[H])[C@]2([H])C([H])([H])C([H])([H])[C@@]3(C([H])([H])[H])[C@@]4(C([H])([H])[H])C(=C([H])C([H])([H])[C@]3([H])[C@@]2(C([H])([H])[H])C([H])([H])C([H])([H])[C@]1([H])O[C@:40]([O:39])([C:66])[H:124])[C@]1([H])C([H])([H])C(C([H])([H])[H])(C([H])([H])[H])[C@@]([H])(O[H])[C@@]([H])(O[H])[C@]1(C([H])([H])[H])C([H])([H])C4([H])[H],EVODEX-P14757
EVODEX-N5454,>>[H]OC([H])([H])[C@]1(C([H])([H])[H])[C@]2([H])C([H])([H])C([H])([H])[C@@]3(C([H])([H])[H])[C@@]4(C([H])([H])[H])C(=C([H])C([H])([H])[C@]3([H])[C@@]2(C([H])([H])[H])C([H])([H])C([H])([H])[C@]1([H])O)[C@]1([H])C([H])([H])C(C([H])([H])[H])(C([H])([H])[H])[C@@]([H])(O[H])[C@@]([H])(O[H])[C@]1(C([H])([H])[H])C([H])([H])C4([H])[H].[H],EVODEX-P14759
EVODEX-N5455,[H]O[C@@]1([H])[C@@]([H])(O[H])[C@]([H])(N2:C([H]):C([H]):C(=O):N([H]):C:2=O)O[C@]1([H])C([H])([H])OP(=O)(O[H])OP(=O)(O[H])O[C@@:39]([O:38])([C:65])[H:121]>>[H]OC([H])([H])[C@]1(C([H])([H])[H])[C@]2([H])C([H])([H])C([H])([H])[C@@]3(C([H])([H])[H])[C@@]4(C([H])([H])[H])C(=C([H])C([H])([H])[C@]3([H])[C@@]2(C([H])([H])[H])C([H])([H])C([H])([H])[C@]1([H])O[C@:39]([O:38])([C:65])[H:121])[C@]1([H])C([H])([H])C(C([H])([H])[H])(C([H])([H])[H])C([H])([H])C(=O)[C@]1(C([H])([H])[H])C([H])([H])C4([H])[H],EVODEX-P14762
EVODEX-N5456,>>[H]OC([H])([H])[C@]1(C([H])([H])[H])[C@]2([H])C([H])([H])C([H])([H])[C@@]3(C([H])([H])[H])[C@@]4(C([H])([H])[H])C(=C([H])C([H])([H])[C@]3([H])[C@@]2(C([H])([H])[H])C([H])([H])C([H])([H])[C@]1([H])O)[C@]1([H])C([H])([H])C(C([H])([H])[H])(C([H])([H])[H])C([H])([H])C(=O)[C@]1(C([H])([H])[H])C([H])([H])C4([H])[H].[H],EVODEX-P14764
EVODEX-N5457,[H]O[C@@]1([H])[C@@]([H])(O[H])[C@]([H])(N2:C([H]):C([H]):C(=O):N([H]):C:2=O)O[C@]1([H])C([H])([H])OP(=O)(O[H])OP(=O)(O[H])O[C@@:38]([O:39])([C:47])[H:84]>>[H]O[C@]1(/C([H])=C([H])/C(=C(/[H])C(=O)O[C@:38]([O:39])([C:47])[H:84])C([H])([H])[H])C(C([H])([H])[H])=C([H])C(=O)C([H])([H])C1(C([H])([H])[H])C([H])([H])[H],EVODEX-P14767
EVODEX-N5458,>>[H]O[C@]1(/C([H])=C([H])/C(=C(/[H])C(O)=O)C([H])([H])[H])C(C([H])([H])[H])=C([H])C(=O)C([H])([H])C1(C([H])([H])[H])C([H])([H])[H].[H],EVODEX-P14769
EVODEX-N5459,[H]O[C@@]1([H])[C@@]([H])(O[H])[C@]([H])(N2:C([H]):C([H]):C(=O):N([H]):C:2=O)O[C@]1([H])C([H])([H])OP(=O)(O[H])OP(=O)(O[H])O[C@@:30]([O:31])([C:39])[H:56]>>[H]OC(=O)[C@]([H])(O[C@@:30]([O:31])([C:39])[H:56])C([H])([H])OP(=O)(O[H])O[H],EVODEX-P14772
EVODEX-N5460,[H]O[C@@]1([H])[C@@]([H])(O[H])[C@]([H])(N2:C([H]):N:C3:C(N([H])[H]):N:C([H]):N:C:3:2)O[C@]1([H])C([H])([H])OP(=O)(O[H])OP(=O)(O[H])O[C@@:24]([O:25])([C:33])[H:56]>>[H]OC(=O)[C@]([H])(O[C@@:24]([O:25])([C:33])[H:56])C([H])([H])O[H],EVODEX-P14777
EVODEX-N5461,>>[H].[H]OC(=O)[C@]([H])(O[H])C([H])([H])O,"EVODEX-P14778,EVODEX-P14782,EVODEX-P15219,EVODEX-P18206,EVODEX-P18211,EVODEX-P18893,EVODEX-P18897"
EVODEX-N5462,[H]O[C@@]1([H])[C@@]([H])(O[H])[C@]([H])(N2:C([H]):N:C3:C(=O):N([H]):C(N([H])[H]):N:C:3:2)O[C@]1([H])C([H])([H])OP(=O)(O[H])OP(=O)(O[H])O[C@@:22]([O:23])([C:31])[H:56]>>[H]OC(=O)[C@]([H])(O[C@@:22]([O:23])([C:31])[H:56])C([H])([H])O[H],EVODEX-P14781
EVODEX-N5463,[H]O[C@@]1([H])[C@@]([H])(O[H])[C@]([H])(N2:C([H]):C([H]):C(=O):N([H]):C:2=O)O[C@]1([H])C([H])([H])OP(=O)(O[H])OP(=O)(O[H])O[C@@:65]([O:66])([C:74])[H:135]>>[H]OC([H])([H])[C@@]1([H])O[C@@]([H])(OC([H])([H])[C@@]2([H])O[C@@]([H])(OC(=O)/C(=C([H])/C([H])=C([H])/C(=C([H])/C([H])=C([H])/C([H])=C(C(/[H])=C([H])/C([H])=C(/C(=O)O[C@:65]([O:66])([C:74])[H:135])C([H])([H])[H])\C([H])([H])[H])C([H])([H])[H])C([H])([H])[H])[C@]([H])(O[H])[C@@]([H])(O[H])[C@]2([H])O[H])[C@]([H])(O[H])[C@@]([H])(O[H])[C@]1([H])O[H],EVODEX-P14785
EVODEX-N5464,>>[H]OC([H])([H])[C@@]1([H])O[C@@]([H])(OC([H])([H])[C@@]2([H])O[C@@]([H])(OC(=O)/C(=C([H])/C([H])=C([H])/C(=C([H])/C([H])=C([H])/C([H])=C(C(/[H])=C([H])/C([H])=C(/C(O)=O)C([H])([H])[H])\C([H])([H])[H])C([H])([H])[H])C([H])([H])[H])[C@]([H])(O[H])[C@@]([H])(O[H])[C@]2([H])O[H])[C@]([H])(O[H])[C@@]([H])(O[H])[C@]1([H])O[H].[H],EVODEX-P14787
EVODEX-N5465,[H]O[C@@]1([H])[C@@]([H])(O[H])[C@]([H])(N2:C([H]):C([H]):C(=O):N([H]):C:2=O)O[C@]1([H])C([H])([H])OP(=O)(O[H])OP(=O)(O[H])O[C@@:54]([O:55])([C:63])[H:114]>>[H]OC([H])([H])[C@@]1([H])O[C@@]([H])(OC(=O)/C(=C([H])/C([H])=C([H])/C(=C([H])/C([H])=C([H])/C([H])=C(C(/[H])=C([H])/C([H])=C(/C(=O)O[C@:54]([O:55])([C:63])[H:114])C([H])([H])[H])\C([H])([H])[H])C([H])([H])[H])C([H])([H])[H])[C@]([H])(O[H])[C@@]([H])(O[H])[C@]1([H])O[H],EVODEX-P14790
EVODEX-N5466,>>[H]OC([H])([H])[C@@]1([H])O[C@@]([H])(OC(=O)/C(=C([H])/C([H])=C([H])/C(=C([H])/C([H])=C([H])/C([H])=C(C(/[H])=C([H])/C([H])=C(/C(O)=O)C([H])([H])[H])\C([H])([H])[H])C([H])([H])[H])C([H])([H])[H])[C@]([H])(O[H])[C@@]([H])(O[H])[C@]1([H])O[H].[H],"EVODEX-P14792,EVODEX-P15123"
EVODEX-N5467,[H]O[C@@]1([H])[C@@]([H])(O[H])[C@]([H])(N2:C([H]):C([H]):C(=O):N([H]):C:2=O)O[C@]1([H])C([H])([H])OP(=O)(O[H])OP(=O)(O[H])O[C@@:64]([O:65])([C:73])[H:148]>>[H]OC(=O)[C@@]1([H])O[C@@]([H])(O[C@@]2([H])C([H])([H])C([H])([H])[C@]3(C([H])([H])[H])[C@@]4([H])C([H])([H])C([H])=C5[C@@](C([H])([H])[H])(C([H])([H])C([H])([H])[C@@]6(C([H])([H])[H])[C@]([H])(O[H])C([H])([H])C(C([H])([H])[H])(C([H])([H])[H])C([H])([H])[C@@]56[H])[C@]4(C([H])([H])[H])C([H])([H])C([H])([H])[C@@]3([H])[C@@]2(C([H])([H])[H])C([H])([H])O[H])[C@]([H])(O[C@:64]([O:65])([C:73])[H:148])[C@@]([H])(O[H])[C@]1([H])O[H],EVODEX-P14795
EVODEX-N5468,>>[H]OC(=O)[C@@]1([H])O[C@@]([H])(O[C@@]2([H])C([H])([H])C([H])([H])[C@]3(C([H])([H])[H])[C@@]4([H])C([H])([H])C([H])=C5[C@@](C([H])([H])[H])(C([H])([H])C([H])([H])[C@@]6(C([H])([H])[H])[C@]([H])(O[H])C([H])([H])C(C([H])([H])[H])(C([H])([H])[H])C([H])([H])[C@@]56[H])[C@]4(C([H])([H])[H])C([H])([H])C([H])([H])[C@@]3([H])[C@@]2(C([H])([H])[H])C([H])([H])O[H])[C@]([H])(O)[C@@]([H])(O[H])[C@]1([H])O[H].[H],EVODEX-P14797
EVODEX-N5469,[H]O[C@@]1([H])[C@@]([H])(O[H])[C@]([H])(N2:C([H]):C([H]):C(=O):N([H]):C:2=O)O[C@]1([H])C([H])([H])OP(=O)(O[H])OP(=O)(O[H])O[C@@:60]([O:59])([C:86])[H:164]>>[H]OC(=O)[C@@]1([H])O[C@@]([H])(O[C@@]2([H])C([H])([H])C([H])([H])[C@]3(C([H])([H])[H])[C@@]4([H])C([H])([H])C([H])=C5[C@@](C([H])([H])[H])(C([H])([H])C([H])([H])[C@@]6(C([H])([H])[H])[C@]([H])(O[H])C([H])([H])C(C([H])([H])[H])(C([H])([H])[H])C([H])([H])[C@@]56[H])[C@]4(C([H])([H])[H])C([H])([H])C([H])([H])[C@@]3([H])[C@@]2(C([H])([H])[H])C([H])([H])O[H])[C@]([H])(O[C@]2([H])O[C@]([H])(C([H])([H])O[H])[C@]([H])(O[H])[C@]([H])(O[H])[C@@]2([H])O[C@:60]([O:59])([C:86])[H:164])[C@@]([H])(O[H])[C@]1([H])O[H],EVODEX-P14800
EVODEX-N5470,>>[H]OC(=O)[C@@]1([H])O[C@@]([H])(O[C@@]2([H])C([H])([H])C([H])([H])[C@]3(C([H])([H])[H])[C@@]4([H])C([H])([H])C([H])=C5[C@@](C([H])([H])[H])(C([H])([H])C([H])([H])[C@@]6(C([H])([H])[H])[C@]([H])(O[H])C([H])([H])C(C([H])([H])[H])(C([H])([H])[H])C([H])([H])[C@@]56[H])[C@]4(C([H])([H])[H])C([H])([H])C([H])([H])[C@@]3([H])[C@@]2(C([H])([H])[H])C([H])([H])O[H])[C@]([H])(O[C@]2([H])O[C@]([H])(C([H])([H])O[H])[C@]([H])(O[H])[C@]([H])(O[H])[C@@]2([H])O)[C@@]([H])(O[H])[C@]1([H])O[H].[H],EVODEX-P14802
EVODEX-N5471,[H]O[C@@]1([H])[C@@]([H])(O[H])[C@]([H])(N2:C([H]):C([H]):C(=O):N([H]):C:2=O)O[C@]1([H])C([H])([H])OP(=O)(O[H])OP(=O)(O[H])O[C@@:46]([O:47])([C:55])[H:93]>>[H]OC([H])([H])[C@@]1([H])O[C@@]([H])(OC2:C([H]):C([H]):C3:C(C([H])([H])[H]):C([H]):C(=O):O:C:3:C:2[H])[C@]([H])(N([H])C(=O)C([H])([H])[H])[C@@]([H])(O[H])[C@]1([H])O[C@:46]([O:47])([C:55])[H:93],EVODEX-P14805
EVODEX-N5472,>>[H]OC([H])([H])[C@@]1([H])O[C@@]([H])(OC2:C([H]):C([H]):C3:C(C([H])([H])[H]):C([H]):C(=O):O:C:3:C:2[H])[C@]([H])(N([H])C(=O)C([H])([H])[H])[C@@]([H])(O[H])[C@]1([H])O.[H],EVODEX-P14807
EVODEX-N5473,[H]O[C@]1([H])[C@@]([H])(N(C([H])([H])[H])C([H])([H])[H])C([H])([H])[C@@]([H])(C([H])([H])[H])O[C@]1([H])[O:40][P:37]>>[H][O:40][P:37],EVODEX-P14809
EVODEX-N5474,[H]O[C@@]1([H])C([H])([H])[C@]([H])(N2:C([H]):C(C([H])([H])[H]):C(=O):N([H]):C:2=O)O[C@]1([H])C([H])([H])OP(=O)(O[H])OP(=O)(O[H])O[C@@:41]([O:42])([C:50])[H:100]>>[H]C1=C([H])[C@@]([H])(C([H])([H])[H])[C@@]([H])(C([H])([H])C([H])([H])[H])OC(=O)[C@]([H])(C([H])([H])[H])[C@@]([H])(O[C@:41]([O:42])([C:50])[H:100])[C@@]([H])(C([H])([H])[H])C([H])([H])[C@@]([H])(C([H])([H])[H])C1=O,EVODEX-P14811
EVODEX-N5475,[H][O:10][C:9]>>[H]O[C@]1([H])[C@@]([H])(N(C([H])([H])[H])C([H])([H])[H])C([H])([H])[C@@]([H])(C([H])([H])[H])O[C@@]1([H])[O:10][C:9],"EVODEX-P14812,EVODEX-P14823,EVODEX-P15014"
EVODEX-N5476,>>[H]C1=C([H])[C@@]([H])(C([H])([H])[H])[C@@]([H])(C([H])([H])C([H])([H])[H])OC(=O)[C@]([H])(C([H])([H])[H])[C@@]([H])(O)[C@@]([H])(C([H])([H])[H])C([H])([H])[C@@]([H])(C([H])([H])[H])C1=O.[H],EVODEX-P14813
EVODEX-N5477,[H]O[C@]1([H])[C@@]([H])(N(C([H])([H])[H])C([H])([H])[H])C([H])([H])[C@@]([H])(C([H])([H])[H])O[C@@]1([H])[O:10][C:9]>>[H][O:10][C:9],EVODEX-P14815
EVODEX-N5478,[H]C1=C([H])[C@@]([H])(C([H])([H])[H])[C@@]([H])(C([H])([H])C([H])([H])[H])OC(=O)[C@]([H])(C([H])([H])[H])[C@@]([H])(O[C@:11]([O:12])([C:20])[H:69])[C@@]([H])(C([H])([H])[H])C([H])([H])[C@@]([H])(C([H])([H])[H])C1=O.[H][O:50][P:48]>>[C@@:11]([O:12])([C:20])([O:50][P:48])[H:69],EVODEX-P14816
EVODEX-N5479,[H][O:50][P:48]>>[H]O[C@]1([H])[C@@]([H])(N(C([H])([H])[H])C([H])([H])[H])C([H])([H])[C@@]([H])(C([H])([H])[H])O[C@]1([H])[O:50][P:48],EVODEX-P14817
EVODEX-N5480,[H]C1=C([H])[C@@]([H])(C([H])([H])[H])[C@@]([H])(C([H])([H])C([H])([H])[H])OC(=O)[C@]([H])(C([H])([H])[H])[C@@]([H])(O[C@:11]([O:12])([C:20])[H:69])[C@@]([H])(C([H])([H])[H])C([H])([H])[C@@]([H])(C([H])([H])[H])C1=O>>[H]O[C@@]1([H])C([H])([H])[C@]([H])(N2:C([H]):C(C([H])([H])[H]):C(=O):N([H]):C:2=O)O[C@]1([H])C([H])([H])OP(=O)(O[H])OP(=O)(O[H])O[C@@:11]([O:12])([C:20])[H:69],EVODEX-P14818
EVODEX-N5481,>>[H]O[C@@]1([H])C([H])([H])[C@]([H])(N2:C([H]):C(C([H])([H])[H]):C(=O):N([H]):C:2=O)O[C@]1([H])C([H])([H])OP(=O)(O[H])OP(O)(=O)O[H].[H],"EVODEX-P14819,EVODEX-P15105,EVODEX-P19399"
EVODEX-N5482,[H]O[C@@]1([H])C([H])([H])[C@]([H])(N2:C([H]):C(C([H])([H])[H]):C(=O):N([H]):C:2=O)O[C@]1([H])C([H])([H])OP(=O)(O[H])OP(=O)(O[H])O[C@@:58]([O:59])([C:67])[H:139]>>[H]O[C@]1(C([H])([H])[H])C([H])([H])[C@@]([H])(C([H])([H])[H])C(=O)[C@]([H])(C([H])([H])[H])[C@@]([H])(O[H])[C@@]([H])(C([H])([H])[H])[C@@]([H])(C([H])([H])C([H])([H])[H])OC(=O)[C@]([H])(C([H])([H])[H])[C@@]([H])(O[C@]2([H])O[C@@]([H])(C([H])([H])[H])[C@]([H])(O[H])[C@@](O[H])(C([H])([H])[H])C2([H])[H])[C@]([H])(C([H])([H])[H])[C@@]1([H])O[C@:58]([O:59])([C:67])[H:139],"EVODEX-P14822,EVODEX-P14828"
EVODEX-N5483,>>[H]O[C@]1(C([H])([H])[H])C([H])([H])[C@@]([H])(C([H])([H])[H])C(=O)[C@]([H])(C([H])([H])[H])[C@@]([H])(O[H])[C@@]([H])(C([H])([H])[H])[C@@]([H])(C([H])([H])C([H])([H])[H])OC(=O)[C@]([H])(C([H])([H])[H])[C@@]([H])(O[C@]2([H])O[C@@]([H])(C([H])([H])[H])[C@]([H])(O[H])[C@@](O[H])(C([H])([H])[H])C2([H])[H])[C@]([H])(C([H])([H])[H])[C@@]1([H])O.[H],"EVODEX-P14824,EVODEX-P14830"
EVODEX-N5484,[H]O[C@@]1([H])[C@]([H])(N(C([H])([H])[H])C([H])([H])[H])[C@@]([H])(O[H])[C@@]([H])([O:57][P:54])O[C@]1([H])C([H])([H])[H]>>[H][O:57][P:54],EVODEX-P14826
EVODEX-N5485,[H][O:24][C:23]>>[H]O[C@@]1([H])[C@]([H])(N(C([H])([H])[H])C([H])([H])[H])[C@@]([H])(O[H])[C@]([H])([O:24][C:23])O[C@]1([H])C([H])([H])[H],"EVODEX-P14829,EVODEX-P15009"
EVODEX-N5486,[H][O:3][P:2].[H]OC1([H])O[C@]([H])(C([H])([H])O[H])[C@@]([H])(O[H])[C@]([H])(O[C@@:10]([O:9])([C:23])[H:36])[C@@]1([H])O[H]>>[P:2][O:3][C@:10]([O:9])([C:23])[H:36],EVODEX-P14833
EVODEX-N5487,[H]OC1([H])O[C@]([H])(C([H])([H])O[H])[C@@]([H])(O[H])[C@]([H])(O[C@@:10]([O:9])([C:23])[H:36])[C@@]1([H])O[H]>>[H]OP(=O)(O[H])O[C@:10]([O:9])([C:23])[H:36],EVODEX-P14834
EVODEX-N5488,[H]OC([H])([H])[C@@]1([H])O[C@@]([H])(O[H])[C@]([H])(N([H])C(=O)C([H])([H])[H])[C@@]([H])(O[H])[C@]1([H])O[C@:10]([O:11])([C:19])[H:43].[H][O:33][P:31]>>[C@@:10]([O:11])([C:19])([O:33][P:31])[H:43],"EVODEX-P14838,EVODEX-P15035"
EVODEX-N5489,[H]OC([H])([H])[C@@]1([H])O[C@@]([H])(O[H])[C@]([H])(N([H])C(=O)C([H])([H])[H])[C@@]([H])(O[H])[C@]1([H])O[C@:10]([O:11])([C:19])[H:43]>>[H]OP(=O)(O[H])O[C@@:10]([O:11])([C:19])[H:43],"EVODEX-P14840,EVODEX-P15036"
EVODEX-N5490,[H]OP(=O)(O[H])O[C@:21]([C:20])([O:27])[H:40]>>[H]OC([H])([H])[C@@]1([H])O[C@@]([H])(O[H])[C@]([H])(N([H])C(=O)C([H])([H])[H])[C@@]([H])(O[H])[C@]1([H])O[C@@:21]([C:20])([O:27])[H:40],"EVODEX-P14845,EVODEX-P15040"
EVODEX-N5491,[H]O[C@@]1([H])[C@@]([H])(O[H])[C@]([H])(N2:C([H]):C([H]):C(=O):N([H]):C:2=O)O[C@]1([H])C([H])([H])OP(=O)(O[H])OP(=O)(O[H])O[C@:6]([C:5])([O:32])[H:56]>>[H]O[C@@]1([H])[C@]([H])(O[H])[C@@]([H])(N([H])[H])C([H])([H])[C@@]([H])(N([H])[H])[C@]1([H])O[C@@:6]([C:5])([O:32])[H:56],"EVODEX-P14850,EVODEX-P14854"
EVODEX-N5492,>>[H]O[C@@]1([H])[C@]([H])(O[H])[C@@]([H])(O)[C@]([H])(N([H])[H])C([H])([H])[C@]1([H])N([H])[H].[H],"EVODEX-P14851,EVODEX-P14856"
EVODEX-N5493,[H]O[C@@]1([H])[C@@]([H])(O[H])[C@]([H])(N2:C([H]):C([H]):C(=O):N([H]):C:2=O)O[C@]1([H])C([H])([H])OP(=O)(O[H])OP(=O)(O[H])O[C@:6]([C:5])([O:32])[H:76]>>[H]OC([H])([H])[C@@]1([H])O[C@@]([H])(O[C@@]2([H])[C@]([H])(O[C@@]3([H])O[C@]([H])(C([H])([H])N([H])[H])[C@@]([H])(O[H])[C@]([H])(O[H])[C@@]3([H])N([H])[H])[C@@]([H])(N([H])[H])C([H])([H])[C@@]([H])(N([H])[H])[C@]2([H])O[H])[C@]([H])(O[H])[C@]1([H])O[C@@:6]([C:5])([O:32])[H:76],EVODEX-P14860
EVODEX-N5494,>>[H]OC([H])([H])[C@@]1([H])O[C@@]([H])(O[C@@]2([H])[C@]([H])(O[C@@]3([H])O[C@]([H])(C([H])([H])N([H])[H])[C@@]([H])(O[H])[C@]([H])(O[H])[C@@]3([H])N([H])[H])[C@@]([H])(N([H])[H])C([H])([H])[C@@]([H])(N([H])[H])[C@]2([H])O[H])[C@]([H])(O[H])[C@]1([H])O.[H],EVODEX-P14861
EVODEX-N5495,[H]O[C@@]1([H])[C@@]([H])(O[H])[C@]([H])(N2:C([H]):C([H]):C(=O):N([H]):C:2=O)O[C@]1([H])C([H])([H])OP(=O)(O[H])OP(=O)(O[H])O[C@@:40]([O:41])([C:49])[H:78]>>[H]OC1:C([H]):C([H]):C(/C([H])=C(\[H])C(=O)C2:C(O[H]):C([H]):C(O[C@:40]([O:41])([C:49])[H:78]):C([H]):C:2O[H]):C([H]):C:1O[H],EVODEX-P14864
EVODEX-N5496,>>[H]OC1:C([H]):C([H]):C(/C([H])=C(\[H])C(=O)C2:C(O[H]):C([H]):C(O):C([H]):C:2O[H]):C([H]):C:1O[H].[H],EVODEX-P14866
EVODEX-N5497,[H]O[C@@]1([H])[C@@]([H])(O[H])[C@]([H])(N2:C([H]):C([H]):C(=O):N([H]):C:2=O)O[C@]1([H])C([H])([H])OP(=O)(O[H])OP(=O)(O[H])O[C@@:39]([O:40])([C:48])[H:77]>>[H]OC1:C([H]):C([H]):C(/C([H])=C(\[H])C(=O)C2:C(O[H]):C([H]):C(O[C@:39]([O:40])([C:48])[H:77]):C([H]):C:2O[H]):C([H]):C:1[H],EVODEX-P14869
EVODEX-N5498,>>[H]OC1:C([H]):C([H]):C(/C([H])=C(\[H])C(=O)C2:C(O[H]):C([H]):C(O):C([H]):C:2O[H]):C([H]):C:1[H].[H],"EVODEX-P14871,EVODEX-P16591"
EVODEX-N5499,[H]O[C@@]1([H])[C@@]([H])(O[H])[C@]([H])(N2:C([H]):C([H]):C(=O):N([H]):C:2=O)O[C@]1([H])C([H])([H])OP(=O)(O[H])OP(=O)(O[H])O[C@:86]([C:85])([O:112])[H:233]>>[H]OP(=O)(OC([H])([H])/C([H])=C(\C([H])([H])[H])C([H])([H])C([H])([H])/C([H])=C(\C([H])([H])[H])C([H])([H])C([H])([H])/C([H])=C(/C([H])([H])[H])C([H])([H])C([H])([H])/C([H])=C(\C([H])([H])[H])C([H])([H])C([H])([H])/C([H])=C(/C([H])([H])[H])C([H])([H])C([H])([H])/C([H])=C(/C([H])([H])[H])C([H])([H])C([H])([H])/C([H])=C(/C([H])([H])[H])C([H])([H])C([H])([H])/C([H])=C(\C([H])([H])[H])C([H])([H])C([H])([H])/C([H])=C(\C([H])([H])[H])C([H])([H])C([H])([H])/C([H])=C(\C([H])([H])[H])C([H])([H])C([H])([H])C([H])=C(C([H])([H])[H])C([H])([H])[H])OP(=O)(O[H])O[C@@]1([H])O[C@]([H])(C([H])([H])[H])[C@@]([H])(N([H])C(=O)C([H])([H])[H])[C@]([H])(O[C@@:86]([C:85])([O:112])[H:233])[C@@]1([H])N([H])C(=O)C([H])([H])[H],EVODEX-P14874
EVODEX-N5500,>>[H]OP(=O)(OC([H])([H])/C([H])=C(\C([H])([H])[H])C([H])([H])C([H])([H])/C([H])=C(\C([H])([H])[H])C([H])([H])C([H])([H])/C([H])=C(/C([H])([H])[H])C([H])([H])C([H])([H])/C([H])=C(\C([H])([H])[H])C([H])([H])C([H])([H])/C([H])=C(/C([H])([H])[H])C([H])([H])C([H])([H])/C([H])=C(/C([H])([H])[H])C([H])([H])C([H])([H])/C([H])=C(/C([H])([H])[H])C([H])([H])C([H])([H])/C([H])=C(\C([H])([H])[H])C([H])([H])C([H])([H])/C([H])=C(\C([H])([H])[H])C([H])([H])C([H])([H])/C([H])=C(\C([H])([H])[H])C([H])([H])C([H])([H])C([H])=C(C([H])([H])[H])C([H])([H])[H])OP(=O)(O[H])O[C@@]1([H])O[C@]([H])(C([H])([H])[H])[C@@]([H])(N([H])C(=O)C([H])([H])[H])[C@]([H])(O)[C@@]1([H])N([H])C(=O)C([H])([H])[H].[H],EVODEX-P14876
EVODEX-N5501,[H]OC1:C([H]):C([H]):C(C(=O)O[C@:9]([O:10])([C:18])[H:60]):C([H]):C:1OC([H])([H])[H].[H][O:34][C:33]>>[C@:9]([O:10])([C:18])([O:34][C:33])[H:60],"EVODEX-P14909,EVODEX-P14919"
EVODEX-N5502,[H]OC1:C([H]):C([H]):C(/C([H])=C(\[H])C(=O)O[C@:13]([O:14])([C:22])[H:57]):C([H]):C:1[H].[H][O:34][C:33]>>[C@:13]([O:14])([C:22])([O:34][C:33])[H:57],"EVODEX-P14915,EVODEX-P14924"
EVODEX-N5503,[H]OC([H])([H])[C@@]1([H])O[C@]([H])([O:28][P:29])[C@]([H])(O[H])[C@@]([H])(N([H])[H])[C@]1([H])O[H]>>[H][O:28][P:29],EVODEX-P14928
EVODEX-N5504,[H]O[C@@]1([H])[C@@]([H])(O[H])[C@]([H])(N2:C([H]):C([H]):C(=O):N([H]):C:2=O)O[C@]1([H])C([H])([H])OP(=O)(O[H])OP(=O)(O[H])O[C@:27]([C:25])([O:53])[H:89]>>[H]O[C@@]1([H])[C@]([H])(O[C@@]2([H])O[C@]([H])(C([H])([H])N([H])[H])[C@@]([H])(O[H])[C@]([H])(O[H])[C@@]2([H])O[H])[C@@]([H])(N([H])[H])C([H])([H])[C@@]([H])(N([H])[H])[C@]1([H])O[C@:27]([C:25])([O:53])[H:89],EVODEX-P14930
EVODEX-N5505,[H][O:11][C:10]>>[H]OC([H])([H])[C@@]1([H])O[C@]([H])([O:11][C:10])[C@]([H])(O[H])[C@@]([H])(N([H])[H])[C@]1([H])O[H],"EVODEX-P14931,EVODEX-P14936"
EVODEX-N5506,>>[H]O[C@]1([H])[C@@]([H])(O[H])[C@@]([H])(O[C@@]2([H])[C@]([H])(O[H])[C@@]([H])(O)[C@]([H])(N([H])[H])C([H])([H])[C@]2([H])N([H])[H])O[C@]([H])(C([H])([H])N([H])[H])[C@@]1([H])O[H].[H],EVODEX-P14932
EVODEX-N5507,[H]O[C@@]1([H])[C@@]([H])(O[H])[C@]([H])(N2:C([H]):C([H]):C(=O):N([H]):C:2=O)O[C@]1([H])C([H])([H])OP(=O)(O[H])OP(=O)(O[H])O[C@:27]([C:25])([O:53])[H:88]>>[H]OC([H])([H])[C@@]1([H])O[C@]([H])(O[C@@]2([H])[C@]([H])(O[H])[C@@]([H])(O[C@:27]([C:25])([O:53])[H:88])[C@]([H])(N([H])[H])C([H])([H])[C@]2([H])N([H])[H])[C@]([H])(O[H])[C@@]([H])(O[H])[C@]1([H])O[H],EVODEX-P14935
EVODEX-N5508,>>[H]OC([H])([H])[C@@]1([H])O[C@]([H])(O[C@@]2([H])[C@]([H])(O[H])[C@@]([H])(O)[C@]([H])(N([H])[H])C([H])([H])[C@]2([H])N([H])[H])[C@]([H])(O[H])[C@@]([H])(O[H])[C@]1([H])O[H].[H],EVODEX-P14937
EVODEX-N5509,[H]O[C@@]1([H])[C@@]([H])(O[H])[C@]([H])([O:48][P:45])OC(C([H])([H])[H])(C([H])([H])[H])[C@]1([H])O[H]>>[H][O:48][P:45],EVODEX-P14939
EVODEX-N5510,[H]O[C@@]1([H])C([H])([H])[C@]([H])(N2:C([H]):C(C([H])([H])[H]):C(=O):N([H]):C:2=O)O[C@]1([H])C([H])([H])OP(=O)(O[H])OP(=O)(O[H])O[C@:49]([O:50])([C:58])[H:101]>>[H]OC1:C([H]):C([H]):C(C(=O)N([H])C2:C(O[H]):C3:C([H]):C([H]):C(O[C@:49]([O:50])([C:58])[H:101]):C(C([H])([H])[H]):C:3:O:C:2=O):C([H]):C:1C([H])([H])C([H])=C(C([H])([H])[H])C([H])([H])[H],EVODEX-P14941
EVODEX-N5511,[H][O:19][C:18]>>[H]O[C@@]1([H])[C@@]([H])(O[H])[C@]([H])([O:19][C:18])OC(C([H])([H])[H])(C([H])([H])[H])[C@]1([H])O[H],EVODEX-P14942
EVODEX-N5512,>>[H]OC1:C([H]):C([H]):C(C(=O)N([H])C2:C(O[H]):C3:C([H]):C([H]):C(O):C(C([H])([H])[H]):C:3:O:C:2=O):C([H]):C:1C([H])([H])C([H])=C(C([H])([H])[H])C([H])([H])[H].[H],EVODEX-P14943
EVODEX-N5513,[H]O[C@@]1([H])[C@@]([H])(O[H])[C@]([H])(N2:C([H]):C([H]):C(=O):N([H]):C:2=O)O[C@]1([H])C([H])([H])OP(=O)(O[H])OP(=O)(O[H])O[C@@:97]([O:98])([C:106])[H:228]>>[H]OC([H])([H])[C@@]1([H])O[C@]([H])(OP(=O)(O[H])OP(=O)(O[H])OC([H])([H])/C([H])=C(/C([H])([H])[H])C([H])([H])C([H])([H])/C([H])=C(/C([H])([H])[H])C([H])([H])C([H])([H])/C([H])=C(/C([H])([H])[H])C([H])([H])C([H])([H])/C([H])=C(/C([H])([H])[H])C([H])([H])C([H])([H])/C([H])=C(/C([H])([H])[H])C([H])([H])C([H])([H])/C([H])=C(/C([H])([H])[H])C([H])([H])C([H])([H])/C([H])=C(/C([H])([H])[H])C([H])([H])C([H])([H])/C([H])=C(/C([H])([H])[H])C([H])([H])C([H])([H])/C([H])=C(\C([H])([H])[H])C([H])([H])C([H])([H])/C([H])=C(\C([H])([H])[H])C([H])([H])C([H])([H])C([H])=C(C([H])([H])[H])C([H])([H])[H])[C@]([H])(N([H])C(=O)C([H])([H])[H])[C@@]([H])(O[C@:97]([O:98])([C:106])[H:228])[C@]1([H])O[H],EVODEX-P14946
EVODEX-N5514,[H]O[C@@]1([H])[C@@]([H])(O[H])[C@]([H])(N2:C([H]):C([H]):C(=O):N([H]):C:2=O)O[C@]1([H])C([H])([H])OP(=O)(O[H])OP(=O)(O[H])O[C@@:60]([O:61])([C:69])[H:129]>>[H]OC([H])([H])[C@@]1([H])O[C@]([H])(OP(=O)(O[H])OP(=O)(O[H])OC([H])([H])C([H])([H])C([H])([H])C([H])([H])C([H])([H])C([H])([H])C([H])([H])C([H])([H])C([H])([H])C([H])([H])C([H])([H])OC2:C([H]):C([H]):C([H]):C([H]):C:2[H])[C@]([H])(N([H])C(=O)C([H])([H])[H])[C@@]([H])(O[C@:60]([O:61])([C:69])[H:129])[C@]1([H])O[H],EVODEX-P14951
EVODEX-N5515,>>[H]OC([H])([H])[C@@]1([H])O[C@]([H])(OP(=O)(O[H])OP(=O)(O[H])OC([H])([H])C([H])([H])C([H])([H])C([H])([H])C([H])([H])C([H])([H])C([H])([H])C([H])([H])C([H])([H])C([H])([H])C([H])([H])OC2:C([H]):C([H]):C([H]):C([H]):C:2[H])[C@]([H])(N([H])C(=O)C([H])([H])[H])[C@@]([H])(O)[C@]1([H])O[H].[H],EVODEX-P14953
EVODEX-N5516,[H]O[C@@]1([H])[C@@]([H])(O[H])[C@]([H])(N2:C([H]):C([H]):C(=O):N([H]):C:2=O)O[C@]1([H])C([H])([H])OP(=O)(O[H])OP(=O)(O[H])O[C@@:48]([O:49])([C:57])[H:103]>>[H]OC([H])([H])[C@@]1([H])O[C@]([H])(OP(=O)(O[H])OP(=O)(O[H])OC([H])([H])C([H])([H])C([H])([H])C([H])([H])C([H])([H])C([H])([H])[H])[C@]([H])(N([H])C(=O)C([H])([H])[H])[C@@]([H])(O[H])[C@]1([H])O[C@:48]([O:49])([C:57])[H:103],EVODEX-P14956
EVODEX-N5517,>>[H]OC([H])([H])[C@@]1([H])O[C@]([H])(OP(=O)(O[H])OP(=O)(O[H])OC([H])([H])C([H])([H])C([H])([H])C([H])([H])C([H])([H])C([H])([H])[H])[C@]([H])(N([H])C(=O)C([H])([H])[H])[C@@]([H])(O[H])[C@]1([H])O.[H],EVODEX-P14958
EVODEX-N5518,[H]OP(=O)(OC([H])([H])/C([H])=C(/C([H])([H])[H])C([H])([H])C([H])([H])/C([H])=C(/C([H])([H])[H])C([H])([H])C([H])([H])/C([H])=C(/C([H])([H])[H])C([H])([H])C([H])([H])/C([H])=C(/C([H])([H])[H])C([H])([H])C([H])([H])/C([H])=C(/C([H])([H])[H])C([H])([H])C([H])([H])/C([H])=C(/C([H])([H])[H])C([H])([H])C([H])([H])/C([H])=C(/C([H])([H])[H])C([H])([H])C([H])([H])/C([H])=C(/C([H])([H])[H])C([H])([H])C([H])([H])/C([H])=C(\C([H])([H])[H])C([H])([H])C([H])([H])/C([H])=C(\C([H])([H])[H])C([H])([H])C([H])([H])C([H])=C(C([H])([H])[H])C([H])([H])[H])OP(=O)(O[H])O[C@:6]([C:5])([O:71])[H:123]>>[H]OC([H])([H])[C@@]1([H])O[C@]([H])(OP(=O)(O[H])OP(=O)(O[H])OC([H])([H])[C@@]2([H])O[C@@]([H])(N3:C([H]):C([H]):C(=O):N([H]):C:3=O)[C@]([H])(O[H])[C@]2([H])O[H])[C@]([H])(N([H])C(=O)C([H])([H])[H])[C@@]([H])(O[C@@:6]([C:5])([O:71])[H:123])[C@@]1([H])O[H],EVODEX-P14962
EVODEX-N5519,[H][O:35][C:34].[H]OP(=O)(OC([H])([H])C([H])([H])C([H])([H])C([H])([H])C([H])([H])C([H])([H])C([H])([H])C([H])([H])C([H])([H])C([H])([H])C([H])([H])[H])OP(=O)(O[H])O[C@@:60]([O:61])([C:69])[H:126]>>[C:34][O:35][C@:60]([O:61])([C:69])[H:126],EVODEX-P14966
EVODEX-N5520,[H]OP(=O)(OC([H])([H])C([H])([H])C([H])([H])C([H])([H])C([H])([H])C([H])([H])C([H])([H])C([H])([H])C([H])([H])C([H])([H])C([H])([H])[H])OP(=O)(O[H])O[C@@:60]([O:61])([C:69])[H:126]>>[H]O[C@@]1([H])[C@@]([H])(O[H])[C@@]([H])(C([H])([H])O[C@:60]([O:61])([C:69])[H:126])O[C@]([H])(OP(=O)(O[H])OP(=O)(O[H])OC([H])([H])[C@@]2([H])O[C@@]([H])(N3:C([H]):C([H]):C(=O):N([H]):C:3=O)[C@]([H])(O[H])[C@]2([H])O[H])[C@]1([H])N([H])C(=O)C([H])([H])[H],EVODEX-P14967
EVODEX-N5521,[H]N=C1:N([H]):C(=O):C2:N:C([H]):N([C@]3([H])O[C@]([H])(C([H])([H])OP(=O)(O[H])OP(=O)(O[H])O[C@@:31]([O:30])([C:60])[H:97])[C@@]([H])(O[H])[C@@]3([H])O[H]):C:2:N:1[H]>>[H]OC([H])([H])[C@@]1([H])O[C@@]([H])(O[C@@]2([H])[C@@]([H])(O[H])[C@@]([H])(C([H])([H])O[H])O[C@]([H])(OC([H])([H])[H])[C@]2([H])N([H])C(=O)C([H])([H])[H])[C@]([H])(O[C@:31]([O:30])([C:60])[H:97])[C@@]([H])(O[H])[C@@]1([H])O[H],EVODEX-P14972
EVODEX-N5522,>>[H]OC([H])([H])[C@@]1([H])O[C@]([H])(OC([H])([H])[H])[C@]([H])(N([H])C(=O)C([H])([H])[H])[C@@]([H])(O[C@]2([H])O[C@]([H])(C([H])([H])O[H])[C@]([H])(O[H])[C@]([H])(O[H])[C@@]2([H])O)[C@@]1([H])O[H].[H],EVODEX-P14974
EVODEX-N5523,[H]O[C@@]1([H])[C@@]([H])(O[H])[C@]([H])(N2:C([H]):C([H]):C(=O):N([H]):C:2=O)O[C@]1([H])C([H])([H])OP(=O)(O[H])OP(=O)(O[H])O[C@@:99]([O:100])([C:108])[H:177]>>[H]OC(=O)[C@]1([H])C2:C([H]):C(O[H]):C([H]):C(O[H]):C:2C2:C([H]):C(:C([H]):C([H]):C:2O[H])[C@]2([H])C(=O)N([H])[C@]([H])(C(=O)N1[H])[C@]([H])(O[H])C1:C([H]):C([H]):C(:C(Cl):C:1[H])OC1:C([H]):C3:C([H]):C(:C:1O[C@:99]([O:100])([C:108])[H:177])OC1:C([H]):C([H]):C(:C([H]):C:1Cl)[C@@]([H])(O[H])[C@@]([H])(N([H])C(=O)[C@]([H])(N([H])C([H])([H])[H])C([H])([H])C([H])(C([H])([H])[H])C([H])([H])[H])C(=O)N([H])[C@@]([H])(C([H])([H])C(=O)N([H])[H])C(=O)N([H])[C@@]3([H])C(=O)N2[H],EVODEX-P14977
EVODEX-N5524,>>[H]OC(=O)[C@]1([H])C2:C([H]):C(O[H]):C([H]):C(O[H]):C:2C2:C([H]):C(:C([H]):C([H]):C:2O[H])[C@]2([H])C(=O)N([H])[C@]([H])(C(=O)N1[H])[C@]([H])(O[H])C1:C([H]):C([H]):C(:C(Cl):C:1[H])OC1:C([H]):C3:C([H]):C(:C:1O)OC1:C([H]):C([H]):C(:C([H]):C:1Cl)[C@@]([H])(O[H])[C@@]([H])(N([H])C(=O)[C@]([H])(N([H])C([H])([H])[H])C([H])([H])C([H])(C([H])([H])[H])C([H])([H])[H])C(=O)N([H])[C@@]([H])(C([H])([H])C(=O)N([H])[H])C(=O)N([H])[C@@]3([H])C(=O)N2[H].[H],"EVODEX-P14979,EVODEX-P14990"
EVODEX-N5525,[H]O[C@]1([H])[C@](N([H])[H])(C([H])([H])[H])C([H])([H])[C@@]([H])([O:110][P:107])O[C@@]1([H])C([H])([H])[H]>>[H][O:110][P:107],"EVODEX-P14981,EVODEX-P15058"
EVODEX-N5526,[H]O[C@@]1([H])C([H])([H])[C@]([H])(N2:C([H]):C(C([H])([H])[H]):C(=O):N([H]):C:2=O)O[C@]1([H])C([H])([H])OP(=O)(O[H])OP(=O)(O[H])O[C@:111]([C:112])([O:120])[H:203]>>[H]OC(=O)[C@]1([H])C2:C([H]):C(O[H]):C([H]):C(O[H]):C:2C2:C([H]):C(:C([H]):C([H]):C:2O[H])[C@]2([H])C(=O)N([H])[C@]([H])(C(=O)N1[H])[C@]([H])(O[C@:111]([C:112])([O:120])[H:203])C1:C([H]):C([H]):C(:C(Cl):C:1[H])OC1:C([H]):C3:C([H]):C(:C:1O[C@]1([H])O[C@]([H])(C([H])([H])O[H])[C@@]([H])(O[H])[C@]([H])(O[H])[C@@]1([H])O[H])OC1:C([H]):C([H]):C(:C([H]):C:1Cl)[C@@]([H])(O[H])[C@@]([H])(N([H])C(=O)[C@]([H])(N([H])C([H])([H])[H])C([H])([H])C([H])(C([H])([H])[H])C([H])([H])[H])C(=O)N([H])[C@@]([H])(C([H])([H])C(=O)N([H])[H])C(=O)N([H])[C@@]3([H])C(=O)N2[H],EVODEX-P14983
EVODEX-N5527,[H][O:55][C:54]>>[H]O[C@]1([H])[C@](N([H])[H])(C([H])([H])[H])C([H])([H])[C@@]([H])([O:55][C:54])O[C@@]1([H])C([H])([H])[H],"EVODEX-P14984,EVODEX-P14989,EVODEX-P15055"
EVODEX-N5528,>>[H]OC(=O)[C@]1([H])C2:C([H]):C(O[H]):C([H]):C(O[H]):C:2C2:C([H]):C(:C([H]):C([H]):C:2O[H])[C@]2([H])C(=O)N([H])[C@]([H])(C(=O)N1[H])[C@]([H])(O[H])C1:C([H]):C([H]):C(:C(Cl):C:1[H])OC1:C([H]):C3:C([H]):C(:C:1O[C@]1([H])O[C@]([H])(C([H])([H])O[H])[C@@]([H])(O[H])[C@]([H])(O[H])[C@@]1([H])O)OC1:C([H]):C([H]):C(:C([H]):C:1Cl)[C@@]([H])(O[H])[C@@]([H])(N([H])C(=O)[C@]([H])(N([H])C([H])([H])[H])C([H])([H])C([H])(C([H])([H])[H])C([H])([H])[H])C(=O)N([H])[C@@]([H])(C([H])([H])C(=O)N([H])[H])C(=O)N([H])[C@@]3([H])C(=O)N2[H].[H],"EVODEX-P14985,EVODEX-P15056,EVODEX-P15061"
EVODEX-N5529,[H]O[C@@]1([H])C([H])([H])[C@]([H])(N2:C([H]):C(C([H])([H])[H]):C(=O):N([H]):C:2=O)O[C@]1([H])C([H])([H])OP(=O)(O[H])OP(=O)(O[H])O[C@:100]([C:101])([O:109])[H:182]>>[H]OC(=O)[C@@]1([H])C2:C([H]):C(O[H]):C([H]):C(O[H]):C:2C2:C([H]):C(:C([H]):C([H]):C:2O[H])[C@]2([H])C(=O)N([H])[C@]([H])(C(=O)N1[H])[C@]([H])(O[H])C1:C([H]):C([H]):C(:C(Cl):C:1[H])OC1:C([H]):C3:C([H]):C(:C:1O[H])OC1:C([H]):C([H]):C(:C([H]):C:1Cl)[C@@]([H])(O[C@:100]([C:101])([O:109])[H:182])[C@@]([H])(N([H])C(=O)[C@]([H])(N([H])C([H])([H])[H])C([H])([H])C([H])(C([H])([H])[H])C([H])([H])[H])C(=O)N([H])[C@@]([H])(C([H])([H])C(=O)N([H])[H])C(=O)N([H])[C@@]3([H])C(=O)N2[H],EVODEX-P14988
EVODEX-N5530,[H]O[C@@]1([H])[C@@]([H])(O[H])[C@]([H])(N2:C([H]):C([H]):C(=O):N([H]):C:2=O)O[C@]1([H])C([H])([H])OP(=O)(O[H])OP(=O)(O[H])O[C@@:85]([O:86])([C:94])[H:193]>>[H]OC([H])([H])[C@@]1([H])O[C@@]([H])(O[C@@]2([H])[C@]([H])(O[C@@]3([H])C([H])([H])C([H])([H])[C@@]4(C([H])([H])[H])[C@@]([H])(C([H])([H])C([H])([H])[C@]5(C([H])([H])[H])[C@]4([H])C([H])([H])[C@@]([H])(O[H])[C@]4([H])[C@@]([H])([C@](O[C@]6([H])O[C@]([H])(C([H])([H])O[C@:85]([O:86])([C:94])[H:193])[C@@]([H])(O[H])[C@]([H])(O[H])[C@@]6([H])O[H])(C([H])([H])[H])C([H])([H])C([H])([H])C([H])=C(C([H])([H])[H])C([H])([H])[H])C([H])([H])C([H])([H])[C@@]54C([H])([H])[H])C3(C([H])([H])[H])C([H])([H])[H])O[C@]([H])(C([H])([H])O[H])[C@@]([H])(O[H])[C@]2([H])O[H])[C@]([H])(O[H])[C@@]([H])(O[H])[C@]1([H])O[H],EVODEX-P14998
EVODEX-N5531,>>[H]OC([H])([H])[C@@]1([H])O[C@@]([H])(O[C@@]2([H])[C@]([H])(O[C@@]3([H])C([H])([H])C([H])([H])[C@@]4(C([H])([H])[H])[C@@]([H])(C([H])([H])C([H])([H])[C@]5(C([H])([H])[H])[C@]4([H])C([H])([H])[C@@]([H])(O[H])[C@]4([H])[C@@]([H])([C@](O[C@]6([H])O[C@]([H])(C([H])([H])O)[C@@]([H])(O[H])[C@]([H])(O[H])[C@@]6([H])O[H])(C([H])([H])[H])C([H])([H])C([H])([H])C([H])=C(C([H])([H])[H])C([H])([H])[H])C([H])([H])C([H])([H])[C@@]54C([H])([H])[H])C3(C([H])([H])[H])C([H])([H])[H])O[C@]([H])(C([H])([H])O[H])[C@@]([H])(O[H])[C@]2([H])O[H])[C@]([H])(O[H])[C@@]([H])(O[H])[C@]1([H])O[H].[H],EVODEX-P15000
EVODEX-N5532,[H]O[C@@]1([H])[C@@]([H])(O[H])[C@]([H])(N2:C([H]):C([H]):C(=O):N([H]):C:2=O)O[C@]1([H])C([H])([H])OP(=O)(O[H])OP(=O)(O[H])O[C@@:34]([O:35])([C:43])[H:60]>>[H]OC([H])(C([H])([H])OP(=O)(O[H])OC([H])([H])[C@@]([H])(O[H])C([H])([H])O[H])C([H])([H])O[C@@:34]([O:35])([C:43])[H:60],EVODEX-P15004
EVODEX-N5533,>>[H].[H]OC([H])(C([H])([H])O)C([H])([H])OP(=O)(O[H])OC([H])([H])[C@@]([H])(O[H])C([H])([H])O[H],EVODEX-P15005
EVODEX-N5534,[H]O[C@@]1([H])C([H])([H])[C@]([H])(N2:C([H]):C(C([H])([H])[H]):C(=O):N([H]):C:2=O)O[C@]1([H])C([H])([H])OP(=O)(O[H])OP(=O)(O[H])O[C@@:48]([O:49])([C:58])[H:118]>>[H]O[C@]1([H])C([H])([H])C(=O)O[C@]([H])(C([H])([H])C([H])([H])[H])[C@@]([H])(C([H])([H])[H])C([H])=C(C([H])([H])[H])C([H])=C([H])C(=O)[C@]([H])(C([H])([H])[H])C([H])([H])[C@]([H])(C([H])([H])C([H])([H])[H])[C@]([H])(O[C@:48]([O:49])([C:58])[H:118])[C@@]1([H])C([H])([H])[H],"EVODEX-P15008,EVODEX-P15013"
EVODEX-N5535,>>[H]O[C@]1([H])C([H])([H])C(=O)O[C@]([H])(C([H])([H])C([H])([H])[H])[C@@]([H])(C([H])([H])[H])C([H])=C(C([H])([H])[H])C([H])=C([H])C(=O)[C@]([H])(C([H])([H])[H])C([H])([H])[C@]([H])(C([H])([H])C([H])([H])[H])[C@]([H])(O)[C@@]1([H])C([H])([H])[H].[H],"EVODEX-P15010,EVODEX-P15015"
EVODEX-N5536,[H]O[C@@]1([H])C([H])([H])[C@]([H])(N2:C([H]):C(C([H])([H])[H]):C(=O):N([H]):C:2=O)O[C@]1([H])C([H])([H])OP(=O)(O[H])OP(=O)(O[H])O[C@@:62]([O:63])([C:70])[H:143]>>[H]O[C@@]1([H])[C@]([H])(O[C@@]2([H])[C@@]([H])(C([H])([H])C([H])=O)C([H])([H])[C@@]([H])(C([H])([H])[H])C(=O)C([H])=C([H])C(C([H])([H])[H])=C([H])[C@]([H])(C([H])([H])O[C@:62]([O:63])([C:70])[H:143])[C@@]([H])(C([H])([H])C([H])([H])[H])OC(=O)C([H])([H])[C@@]([H])(O[H])[C@]2([H])C([H])([H])[H])O[C@]([H])(C([H])([H])[H])[C@@]([H])(O[H])[C@]1([H])N(C([H])([H])[H])C([H])([H])[H],EVODEX-P15019
EVODEX-N5537,>>[H]O[C@@]1([H])[C@]([H])(O[C@@]2([H])[C@@]([H])(C([H])([H])C([H])=O)C([H])([H])[C@@]([H])(C([H])([H])[H])C(=O)C([H])=C([H])C(C([H])([H])[H])=C([H])[C@]([H])(C([H])([H])O)[C@@]([H])(C([H])([H])C([H])([H])[H])OC(=O)C([H])([H])[C@@]([H])(O[H])[C@]2([H])C([H])([H])[H])O[C@]([H])(C([H])([H])[H])[C@@]([H])(O[H])[C@]1([H])N(C([H])([H])[H])C([H])([H])[H].[H],EVODEX-P15021
EVODEX-N5538,[H]O[C@]1(C([H])([H])[H])C([H])([H])[C@@]([H])([O:71][P:68])O[C@@]([H])(C([H])([H])[H])[C@]1([H])O[H]>>[H][O:71][P:68],EVODEX-P15023
EVODEX-N5539,[H]O[C@@]1([H])C([H])([H])[C@]([H])(N2:C([H]):C(C([H])([H])[H]):C(=O):N([H]):C:2=O)O[C@]1([H])C([H])([H])OP(=O)(O[H])OP(=O)(O[H])O[C@:72]([C:73])([O:81])[H:163]>>[H]O[C@@]1([H])[C@@]([H])(O[H])[C@]([H])(OC([H])([H])[C@@]2([H])C([H])=C(C([H])([H])[H])C([H])=C([H])C(=O)[C@]([H])(C([H])([H])[H])C([H])([H])[C@]([H])(C([H])([H])C([H])=O)[C@]([H])(O[C@]3([H])O[C@]([H])(C([H])([H])[H])[C@@]([H])(O[C@:72]([C:73])([O:81])[H:163])[C@]([H])(N(C([H])([H])[H])C([H])([H])[H])[C@@]3([H])O[H])[C@@]([H])(C([H])([H])[H])[C@]([H])(O[H])C([H])([H])C(=O)O[C@@]2([H])C([H])([H])C([H])([H])[H])O[C@]([H])(C([H])([H])[H])[C@@]1([H])O[H],EVODEX-P15025
EVODEX-N5540,[H][O:19][C:18]>>[H]O[C@]1(C([H])([H])[H])C([H])([H])[C@@]([H])([O:19][C:18])O[C@@]([H])(C([H])([H])[H])[C@]1([H])O[H],"EVODEX-P15026,EVODEX-P15098"
EVODEX-N5541,>>[H]O[C@@]1([H])[C@@]([H])(O[H])[C@]([H])(OC([H])([H])[C@@]2([H])C([H])=C(C([H])([H])[H])C([H])=C([H])C(=O)[C@]([H])(C([H])([H])[H])C([H])([H])[C@]([H])(C([H])([H])C([H])=O)[C@]([H])(O[C@]3([H])O[C@]([H])(C([H])([H])[H])[C@@]([H])(O)[C@]([H])(N(C([H])([H])[H])C([H])([H])[H])[C@@]3([H])O[H])[C@@]([H])(C([H])([H])[H])[C@]([H])(O[H])C([H])([H])C(=O)O[C@@]2([H])C([H])([H])C([H])([H])[H])O[C@]([H])(C([H])([H])[H])[C@@]1([H])O[H].[H],EVODEX-P15027
EVODEX-N5542,[H][O:3][P:2].[H]OC([H])([H])[C@@]1([H])O[C@@]([H])(O[H])[C@@]([H])(O[H])[C@@]([H])(O[H])[C@]1([H])O[C@]1([H])O[C@]([H])(C([H])([H])O[H])[C@@]([H])(O[C@]2([H])O[C@]([H])(C([H])([H])O[H])[C@@]([H])(O[C@:10]([O:9])([C:45])[H:58])[C@]([H])(O[H])[C@]2([H])O[H])[C@]([H])(O[H])[C@]1([H])O[H]>>[P:2][O:3][C@@:10]([O:9])([C:45])[H:58],EVODEX-P15030
EVODEX-N5543,[H]OC([H])([H])[C@@]1([H])O[C@@]([H])(O[H])[C@@]([H])(O[H])[C@@]([H])(O[H])[C@]1([H])O[C@]1([H])O[C@]([H])(C([H])([H])O[H])[C@@]([H])(O[C@]2([H])O[C@]([H])(C([H])([H])O[H])[C@@]([H])(O[C@:10]([O:9])([C:45])[H:58])[C@]([H])(O[H])[C@]2([H])O[H])[C@]([H])(O[H])[C@]1([H])O[H]>>[H]OP(=O)(O[H])O[C@@:10]([O:9])([C:45])[H:58],EVODEX-P15031
EVODEX-N5544,[H]OP(=O)(O[H])O[C@@:19]([O:20])([C:28])[H:32]>>[H]OC(=O)[C@]([H])(O[H])[C@@]([H])(O[H])[C@]([H])(O[C@:19]([O:20])([C:28])[H:32])[C@]([H])(O[H])C([H])([H])O[H],EVODEX-P15045
EVODEX-N5545,>>[H].[H]OC(=O)[C@]([H])(O[H])[C@@]([H])(O[H])[C@]([H])(O)[C@]([H])(O[H])C([H])([H])O[H],"EVODEX-P15046,EVODEX-P18045"
EVODEX-N5546,[H]OC(=O)[C@]([H])(O[H])[C@@]([H])(O[H])[C@]([H])(O[C@:10]([O:11])([C:19])[H:36])[C@]([H])(O[H])C([H])([H])O[H].[H][O:27][P:26]>>[C@@:10]([O:11])([C:19])([O:27][P:26])[H:36],EVODEX-P15049
EVODEX-N5547,[H]OC(=O)[C@]([H])(O[H])[C@@]([H])(O[H])[C@]([H])(O[C@:10]([O:11])([C:19])[H:36])[C@]([H])(O[H])C([H])([H])O[H]>>[H]OP(=O)(O[H])O[C@@:10]([O:11])([C:19])[H:36],EVODEX-P15050
EVODEX-N5548,[H]O[C@@]1([H])C([H])([H])[C@]([H])(N2:C([H]):C(C([H])([H])[H]):C(=O):N([H]):C:2=O)O[C@]1([H])C([H])([H])OP(=O)(O[H])OP(=O)(O[H])O[C@:111]([C:112])([O:120])[H:203]>>[H]OC(=O)[C@]1([H])C2:C([H]):C(O[H]):C([H]):C(O[H]):C:2C2:C([H]):C(:C([H]):C([H]):C:2O[H])[C@]2([H])C(=O)N([H])[C@]([H])(C(=O)N1[H])[C@]([H])(O[H])C1:C([H]):C([H]):C(:C(Cl):C:1[H])OC1:C([H]):C3:C([H]):C(:C:1O[C@]1([H])O[C@]([H])(C([H])([H])O[H])[C@@]([H])(O[H])[C@]([H])(O[H])[C@@]1([H])O[C@:111]([C:112])([O:120])[H:203])OC1:C([H]):C([H]):C(:C([H]):C:1Cl)[C@@]([H])(O[H])[C@@]([H])(N([H])C(=O)[C@]([H])(N([H])C([H])([H])[H])C([H])([H])C([H])(C([H])([H])[H])C([H])([H])[H])C(=O)N([H])[C@@]([H])(C([H])([H])C(=O)N([H])[H])C(=O)N([H])[C@@]3([H])C(=O)N2[H],EVODEX-P15054
EVODEX-N5549,[H]O[C@@]1([H])[C@@]([H])(O[H])[C@]([H])(N2:C([H]):C([H]):C(=O):N([H]):C:2=O)O[C@]1([H])C([H])([H])OP(=O)(O[H])OP(=O)(O[H])O[C@@:95]([O:94])([C:121])[H:193]>>[H]OC(=O)[C@]1([H])C2:C([H]):C(O[H]):C([H]):C(O[H]):C:2C2:C([H]):C(:C([H]):C([H]):C:2O[H])[C@]2([H])C(=O)N([H])[C@]([H])(C(=O)N1[H])[C@]([H])(O[H])C1:C([H]):C([H]):C(:C(Cl):C:1[H])OC1:C([H]):C3:C([H]):C(:C:1O[C@]1([H])O[C@]([H])(C([H])([H])O[H])[C@@]([H])(O[H])[C@]([H])(O[H])[C@@]1([H])O[C@:95]([O:94])([C:121])[H:193])OC1:C([H]):C([H]):C(:C([H]):C:1Cl)[C@@]([H])(O[H])[C@@]([H])(N([H])C(=O)[C@]([H])(N([H])C([H])([H])[H])C([H])([H])C([H])(C([H])([H])[H])C([H])([H])[H])C(=O)N([H])[C@@]([H])(C([H])([H])C(=O)N([H])[H])C(=O)N([H])[C@@]3([H])C(=O)N2[H],EVODEX-P15060
EVODEX-N5550,[H]O[C@@]1([H])[C@@]([H])(O[H])[C@]([H])(N2:C([H]):C([H]):C(=O):N([H]):C:2=O)O[C@]1([H])C([H])([H])OP(=O)(O[H])OP(=O)(O[H])O[C@@:33]([O:34])([C:42])[H:73]>>[H]OC(=O)C1=C([H])O[C@@]([H])(O[C@:33]([O:34])([C:42])[H:73])[C@]2([H])[C@@]([H])(C([H])([H])[H])C([H])([H])C([H])([H])[C@]12[H],EVODEX-P15064
EVODEX-N5551,>>[H]OC(=O)C1=C([H])O[C@@]([H])(O)[C@]2([H])[C@@]([H])(C([H])([H])[H])C([H])([H])C([H])([H])[C@]12[H].[H],EVODEX-P15066
EVODEX-N5552,[H]O[C@@]1([H])[C@@]([H])(O[H])[C@]([H])(N2:C([H]):C([H]):C(=O):N([H]):C:2=O)O[C@]1([H])C([H])([H])OP(=O)(O[H])OP(=O)(O[H])O[C@@:34]([O:35])([C:43])[H:76]>>[H]C1=C(C(=O)OC([H])([H])[H])[C@@]2([H])C([H])([H])C([H])([H])[C@]([H])(C([H])([H])[H])[C@@]2([H])[C@]([H])(O[C@:34]([O:35])([C:43])[H:76])O1,EVODEX-P15069
EVODEX-N5553,>>[H]C1=C(C(=O)OC([H])([H])[H])[C@@]2([H])C([H])([H])C([H])([H])[C@]([H])(C([H])([H])[H])[C@@]2([H])[C@]([H])(O)O1.[H],EVODEX-P15071
EVODEX-N5554,[H]O[C@]1([H])[C@]([H])(C([H])([H])[H])O[C@]([H])([O:49][P:46])C([H])([H])[C@]1([H])N(C([H])([H])[H])C([H])([H])[H]>>[H][O:49][P:46],EVODEX-P15073
EVODEX-N5555,[H]O[C@@]1([H])C([H])([H])[C@]([H])(N2:C([H]):C(C([H])([H])[H]):C(=O):N([H]):C:2=O)O[C@]1([H])C([H])([H])OP(=O)(O[H])OP(=O)(O[H])O[C@:50]([C:51])([O:60])[H:101]>>[H]OC1:C([H]):C([H]):C([H]):C2:C:1C(=O)C1:C(O[H]):C3:C(:C([H]):C:1C2=O)[C@@]([H])(C(=O)OC([H])([H])[H])[C@@](O[H])(C([H])([H])C([H])([H])[H])C([H])([H])[C@]3([H])O[C@:50]([C:51])([O:60])[H:101],"EVODEX-P15075,EVODEX-P15081"
EVODEX-N5556,[H][O:7][C:6]>>[H]O[C@]1([H])[C@]([H])(C([H])([H])[H])O[C@]([H])([O:7][C:6])C([H])([H])[C@]1([H])N(C([H])([H])[H])C([H])([H])[H],EVODEX-P15076
EVODEX-N5557,>>[H]OC1:C([H]):C([H]):C([H]):C2:C:1C(=O)C1:C(O[H]):C3:C(:C([H]):C:1C2=O)[C@@]([H])(C(=O)OC([H])([H])[H])[C@@](O[H])(C([H])([H])C([H])([H])[H])C([H])([H])[C@]3([H])O.[H],"EVODEX-P15077,EVODEX-P15083"
EVODEX-N5558,[H]O[C@@]1([H])C([H])([H])[C@]([H])([O:49][P:46])O[C@@]([H])(C([H])([H])[H])[C@]1([H])N([H])[H]>>[H][O:49][P:46],EVODEX-P15079
EVODEX-N5559,[H][O:7][C:6]>>[H]O[C@@]1([H])C([H])([H])[C@@]([H])([O:7][C:6])O[C@@]([H])(C([H])([H])[H])[C@]1([H])N([H])[H],EVODEX-P15082
EVODEX-N5560,[H]O[C@]1([H])[C@]([H])(C([H])([H])[H])O[C@]([H])([O:60][P:57])C([H])([H])[C@]1([H])O[H]>>[H][O:60][P:57],EVODEX-P15085
EVODEX-N5561,[H]O[C@@]1([H])C([H])([H])[C@]([H])(N2:C([H]):C(C([H])([H])[H]):C(=O):N([H]):C:2=O)O[C@]1([H])C([H])([H])OP(=O)(O[H])OP(=O)(O[H])O[C@:61]([C:62])([O:69])[H:125]>>[H]OC1:C([H]):C([H]):C([H]):C2:C:1C(=O)C1:C(O[H]):C3:C(:C([H]):C:1C2=O)[C@@]([H])(C(=O)OC([H])([H])[H])[C@@](O[H])(C([H])([H])C([H])([H])[H])C([H])([H])[C@]3([H])O[C@]1([H])O[C@@]([H])(C([H])([H])[H])[C@@]([H])(O[C@:61]([C:62])([O:69])[H:125])[C@@]([H])(N(C([H])([H])[H])C([H])([H])[H])C1([H])[H],EVODEX-P15087
EVODEX-N5562,[H][O:15][C:14]>>[H]O[C@]1([H])[C@]([H])(C([H])([H])[H])O[C@]([H])([O:15][C:14])C([H])([H])[C@]1([H])O[H],"EVODEX-P15088,EVODEX-P15093"
EVODEX-N5563,>>[H]OC1:C([H]):C([H]):C([H]):C2:C:1C(=O)C1:C(O[H]):C3:C(:C([H]):C:1C2=O)[C@@]([H])(C(=O)OC([H])([H])[H])[C@@](O[H])(C([H])([H])C([H])([H])[H])C([H])([H])[C@]3([H])O[C@]1([H])O[C@@]([H])(C([H])([H])[H])[C@@]([H])(O)[C@@]([H])(N(C([H])([H])[H])C([H])([H])[H])C1([H])[H].[H],EVODEX-P15089
EVODEX-N5564,[H]O[C@@]1([H])C([H])([H])[C@]([H])(N2:C([H]):C(C([H])([H])[H]):C(=O):N([H]):C:2=O)O[C@]1([H])C([H])([H])OP(=O)(O[H])OP(=O)(O[H])O[C@:70]([C:71])([O:78])[H:144]>>[H]OC1:C([H]):C([H]):C([H]):C2:C:1C(=O)C1:C(O[H]):C3:C(:C([H]):C:1C2=O)[C@@]([H])(C(=O)OC([H])([H])[H])[C@@](O[H])(C([H])([H])C([H])([H])[H])C([H])([H])[C@]3([H])O[C@]1([H])O[C@@]([H])(C([H])([H])[H])[C@@]([H])(O[C@]2([H])O[C@@]([H])(C([H])([H])[H])[C@@]([H])(O[C@:70]([C:71])([O:78])[H:144])[C@@]([H])(O[H])C2([H])[H])[C@@]([H])(N(C([H])([H])[H])C([H])([H])[H])C1([H])[H],EVODEX-P15092
EVODEX-N5565,>>[H]OC1:C([H]):C([H]):C([H]):C2:C:1C(=O)C1:C(O[H]):C3:C(:C([H]):C:1C2=O)[C@@]([H])(C(=O)OC([H])([H])[H])[C@@](O[H])(C([H])([H])C([H])([H])[H])C([H])([H])[C@]3([H])O[C@]1([H])O[C@@]([H])(C([H])([H])[H])[C@@]([H])(O[C@]2([H])O[C@@]([H])(C([H])([H])[H])[C@@]([H])(O)[C@@]([H])(O[H])C2([H])[H])[C@@]([H])(N(C([H])([H])[H])C([H])([H])[H])C1([H])[H].[H],EVODEX-P15094
EVODEX-N5566,[H]O[C@@]1([H])C([H])([H])[C@]([H])(N2:C([H]):C(C([H])([H])[H]):C(=O):N([H]):C:2=O)O[C@]1([H])C([H])([H])OP(=O)(O[H])OP(=O)(O[H])O[C@:48]([C:49])([O:57])[H:116]>>[H]O[C@]1(C([H])([H])[H])C([H])([H])[C@@]([H])(C([H])([H])[H])C(=O)[C@]([H])(C([H])([H])[H])[C@@]([H])(O[H])[C@@]([H])(C([H])([H])[H])[C@@]([H])(C([H])([H])C([H])([H])[H])OC(=O)[C@]([H])(C([H])([H])[H])[C@@]([H])(O[C@@:48]([C:49])([O:57])[H:116])[C@]([H])(C([H])([H])[H])[C@@]1([H])O[H],EVODEX-P15097
EVODEX-N5567,>>[H]O[C@]1(C([H])([H])[H])C([H])([H])[C@@]([H])(C([H])([H])[H])C(=O)[C@]([H])(C([H])([H])[H])[C@@]([H])(O[H])[C@@]([H])(C([H])([H])[H])[C@@]([H])(C([H])([H])C([H])([H])[H])OC(=O)[C@]([H])(C([H])([H])[H])[C@@]([H])(O)[C@]([H])(C([H])([H])[H])[C@@]1([H])O[H].[H],EVODEX-P15099
EVODEX-N5568,[H]O[C@]1(C([H])([H])[H])C([H])([H])[C@]([H])([O:10][C:9])O[C@@]([H])(C([H])([H])[H])[C@]1([H])O[H]>>[H][O:10][C:9],EVODEX-P15101
EVODEX-N5569,[H]O[C@]1(C([H])([H])[H])C([H])([H])[C@@]([H])(C([H])([H])[H])C(=O)[C@]([H])(C([H])([H])[H])[C@@]([H])(O[H])[C@@]([H])(C([H])([H])[H])[C@@]([H])(C([H])([H])C([H])([H])[H])OC(=O)[C@]([H])(C([H])([H])[H])[C@@]([H])(O[C@@:11]([C:12])([O:20])[H:75])[C@]([H])(C([H])([H])[H])[C@@]1([H])O[H].[H][O:56][P:54]>>[C@:11]([C:12])([O:20])([O:56][P:54])[H:75],EVODEX-P15102
EVODEX-N5570,[H][O:56][P:54]>>[H]O[C@]1(C([H])([H])[H])C([H])([H])[C@@]([H])([O:56][P:54])O[C@@]([H])(C([H])([H])[H])[C@]1([H])O[H],EVODEX-P15103
EVODEX-N5571,[H]O[C@]1(C([H])([H])[H])C([H])([H])[C@@]([H])(C([H])([H])[H])C(=O)[C@]([H])(C([H])([H])[H])[C@@]([H])(O[H])[C@@]([H])(C([H])([H])[H])[C@@]([H])(C([H])([H])C([H])([H])[H])OC(=O)[C@]([H])(C([H])([H])[H])[C@@]([H])(O[C@@:11]([C:12])([O:20])[H:75])[C@]([H])(C([H])([H])[H])[C@@]1([H])O[H]>>[H]O[C@@]1([H])C([H])([H])[C@]([H])(N2:C([H]):C(C([H])([H])[H]):C(=O):N([H]):C:2=O)O[C@]1([H])C([H])([H])OP(=O)(O[H])OP(=O)(O[H])O[C@:11]([C:12])([O:20])[H:75],EVODEX-P15104
EVODEX-N5572,[H]OC([H])([H])[C@@]1(O[C@@:18]([O:19])([C:27])[H:44])O[C@]([H])(C([H])([H])OP(=O)(O[H])O[H])[C@@]([H])(O[H])[C@]1([H])O[H]>>[H]OP(=O)(O[H])O[C@@:18]([O:19])([C:27])[H:44],EVODEX-P15108
EVODEX-N5573,[H]OP(=O)(O[H])O[C@@:22]([O:23])([C:31])[H:35]>>[H]OC([H])([H])[C@@]1(O[C@@:22]([O:23])([C:31])[H:35])O[C@]([H])(C([H])([H])OP(=O)(O[H])O[H])[C@@]([H])(O[H])[C@]1([H])O[H],EVODEX-P15112
EVODEX-N5574,[H]O[C@@]1([H])[C@@]([H])(O[H])[C@]([H])(N2:C([H]):C([H]):C(=O):N([H]):C:2=O)O[C@]1([H])C([H])([H])OP(=O)(O[H])OP(=O)(O[H])O[C@@:76]([O:77])([C:85])[H:156]>>[H]OC([H])([H])[C@@]1([H])O[C@@]([H])(OC([H])([H])[C@@]2([H])O[C@@]([H])(OC(=O)/C(=C([H])/C([H])=C([H])/C(=C([H])/C([H])=C([H])/C([H])=C(C(/[H])=C([H])/C([H])=C(/C(=O)O[C@]3([H])O[C@]([H])(C([H])([H])O[C@:76]([O:77])([C:85])[H:156])[C@@]([H])(O[H])[C@]([H])(O[H])[C@@]3([H])O[H])C([H])([H])[H])\C([H])([H])[H])C([H])([H])[H])C([H])([H])[H])[C@]([H])(O[H])[C@@]([H])(O[H])[C@]2([H])O[H])[C@]([H])(O[H])[C@@]([H])(O[H])[C@]1([H])O[H],EVODEX-P15116
EVODEX-N5575,>>[H]OC([H])([H])[C@@]1([H])O[C@@]([H])(OC([H])([H])[C@@]2([H])O[C@@]([H])(OC(=O)/C(=C([H])/C([H])=C([H])/C(=C([H])/C([H])=C([H])/C([H])=C(C(/[H])=C([H])/C([H])=C(/C(=O)O[C@]3([H])O[C@]([H])(C([H])([H])O)[C@@]([H])(O[H])[C@]([H])(O[H])[C@@]3([H])O[H])C([H])([H])[H])\C([H])([H])[H])C([H])([H])[H])C([H])([H])[H])[C@]([H])(O[H])[C@@]([H])(O[H])[C@]2([H])O[H])[C@]([H])(O[H])[C@@]([H])(O[H])[C@]1([H])O[H].[H],EVODEX-P15118
EVODEX-N5576,[H]O[C@@]1([H])[C@@]([H])(O[H])[C@]([H])(N2:C([H]):C([H]):C(=O):N([H]):C:2=O)O[C@]1([H])C([H])([H])OP(=O)(O[H])OP(=O)(O[H])O[C@@:54]([O:55])([C:63])[H:114]>>[H]OC(=O)/C(=C([H])/C([H])=C([H])/C(=C([H])/C([H])=C([H])/C([H])=C(C(/[H])=C([H])/C([H])=C(/C(=O)O[C@]1([H])O[C@]([H])(C([H])([H])O[C@:54]([O:55])([C:63])[H:114])[C@@]([H])(O[H])[C@]([H])(O[H])[C@@]1([H])O[H])C([H])([H])[H])\C([H])([H])[H])C([H])([H])[H])C([H])([H])[H],EVODEX-P15121
EVODEX-N5577,[H]O[C@@]1([H])C([H])([H])[C@]([H])(N2:C([H]):C(C([H])([H])[H]):C(=O):N([H]):C:2=O)O[C@]1([H])C([H])([H])OP(=O)(O[H])OP(=O)(O[H])O[C@@:53]([O:54])([C:61])[H:101]>>[H]OC1:C2:C(:C([H]):C3:C([H]):C(O[C@:53]([O:54])([C:61])[H:101]):C(C(=O)OC([H])([H])[H]):C(C([H])([H])[H]):C:1:3)C(=O)[C@]1(O[H])[C@@](O[H])(C(=O)C([H])=C(OC([H])([H])[H])[C@@]1([H])O[H])C2=O,EVODEX-P15126
EVODEX-N5578,>>[H]OC1:C2:C(:C([H]):C3:C([H]):C(O):C(C(=O)OC([H])([H])[H]):C(C([H])([H])[H]):C:1:3)C(=O)[C@]1(O[H])[C@@](O[H])(C(=O)C([H])=C(OC([H])([H])[H])[C@@]1([H])O[H])C2=O.[H],EVODEX-P15128
EVODEX-N5579,[H][O:3][P:2].[H]OC([H])([H])C([H])(O[C@@:12]([O:13])([C:21])[H:33])C([H])([H])O[H]>>[P:2][O:3][C@:12]([O:13])([C:21])[H:33],EVODEX-P15131
EVODEX-N5580,[H]OC([H])([H])C([H])(O[C@@:12]([O:13])([C:21])[H:33])C([H])([H])O[H]>>[H]OP(=O)(O[H])O[C@:12]([O:13])([C:21])[H:33],EVODEX-P15132
EVODEX-N5581,[H]OP(=O)(O[H])O[C@:6]([O:7])([C:15])[H:25]>>[H]OC([H])([H])C([H])(O[C@@:6]([O:7])([C:15])[H:25])C([H])([H])O[H],EVODEX-P15137
EVODEX-N5582,>>[H]OC([H])([H])C([H])(O)C([H])([H])O[H].[H],"EVODEX-P15138,EVODEX-P18196,EVODEX-P18531"
EVODEX-N5583,[H][O:3][P:2].[H]OC1([H])O[C@]([H])(C([H])([H])O[H])[C@@]([H])(O[H])[C@]([H])(O[H])[C@@]1([H])O[C@]1([H])O[C@]([H])(C([H])([H])O[H])[C@@]([H])(O[H])[C@]([H])(O[H])[C@@]1([H])O[C@:10]([O:9])([C:34])[H:47]>>[P:2][O:3][C@@:10]([O:9])([C:34])[H:47],EVODEX-P15141
EVODEX-N5584,[H]OC1([H])O[C@]([H])(C([H])([H])O[H])[C@@]([H])(O[H])[C@]([H])(O[H])[C@@]1([H])O[C@]1([H])O[C@]([H])(C([H])([H])O[H])[C@@]([H])(O[H])[C@]([H])(O[H])[C@@]1([H])O[C@:10]([O:9])([C:34])[H:47]>>[H]OP(=O)(O[H])O[C@@:10]([O:9])([C:34])[H:47],EVODEX-P15142
EVODEX-N5585,[H]OP(=O)(O[H])O[C@@:6]([O:7])([C:15])[H:42]>>[H]OC1([H])O[C@]([H])(C([H])([H])O[H])[C@@]([H])(O[H])[C@]([H])(O[H])[C@@]1([H])O[C@]1([H])O[C@]([H])(C([H])([H])O[H])[C@@]([H])(O[H])[C@]([H])(O[H])[C@@]1([H])O[C@:6]([O:7])([C:15])[H:42],EVODEX-P15147
EVODEX-N5586,>>[H]OC1([H])O[C@]([H])(C([H])([H])O[H])[C@@]([H])(O[H])[C@]([H])(O[H])[C@@]1([H])O[C@]1([H])O[C@]([H])(C([H])([H])O[H])[C@@]([H])(O[H])[C@]([H])(O[H])[C@@]1([H])O.[H],"EVODEX-P15148,EVODEX-P18982"
EVODEX-N5587,[H]O[C@@]1([H])[C@@]([H])(O[H])[C@]([H])(N2:C([H]):C([H]):C(=O):N([H]):C:2=O)O[C@]1([H])C([H])([H])OP(=O)(O[H])OP(=O)(O[H])O[C@@:59]([O:60])([C:68])[H:153]>>[H]C([H])([H])C([H])([H])C([H])([H])C([H])([H])C([H])([H])C([H])([H])C([H])([H])C([H])([H])C([H])([H])C([H])([H])C([H])([H])C([H])([H])C([H])([H])C([H])([H])C([H])([H])C(=O)OC([H])([H])[C@@]([H])(OC(=O)C([H])([H])C([H])([H])C([H])([H])C([H])([H])C([H])([H])C([H])([H])C([H])([H])C([H])([H])C([H])([H])C([H])([H])C([H])([H])C([H])([H])C([H])([H])C([H])([H])C([H])([H])[H])C([H])([H])O[C@:59]([O:60])([C:68])[H:153],EVODEX-P15151
EVODEX-N5588,>>[H]C([H])([H])C([H])([H])C([H])([H])C([H])([H])C([H])([H])C([H])([H])C([H])([H])C([H])([H])C([H])([H])C([H])([H])C([H])([H])C([H])([H])C([H])([H])C([H])([H])C([H])([H])C(=O)OC([H])([H])C([H])(OC(=O)C([H])([H])C([H])([H])C([H])([H])C([H])([H])C([H])([H])C([H])([H])C([H])([H])C([H])([H])C([H])([H])C([H])([H])C([H])([H])C([H])([H])C([H])([H])C([H])([H])C([H])([H])[H])C([H])([H])O.[H],"EVODEX-P15153,EVODEX-P18644,EVODEX-P20133"
EVODEX-N5589,[H]O[C@@]1([H])[C@@]([H])(O[H])[C@]([H])(N2:C([H]):C([H]):C(=O):N([H]):C:2=O)O[C@]1([H])C([H])([H])OP(=O)(O[H])OP(=O)(O[H])O[C@@:61]([O:62])([C:70])[H:157]>>[H]/C(=C(/[H])C([H])([H])C([H])([H])C([H])([H])C([H])([H])C([H])([H])C([H])([H])C([H])([H])C([H])([H])[H])C([H])([H])C([H])([H])C([H])([H])C([H])([H])C([H])([H])C([H])([H])C([H])([H])C(=O)OC([H])([H])[C@@]([H])(OC(=O)C([H])([H])C([H])([H])C([H])([H])C([H])([H])C([H])([H])C([H])([H])C([H])([H])C([H])([H])C([H])([H])C([H])([H])C([H])([H])C([H])([H])C([H])([H])C([H])([H])C([H])([H])[H])C([H])([H])O[C@:61]([O:62])([C:70])[H:157],EVODEX-P15156
EVODEX-N5590,>>[H]/C(=C(/[H])C([H])([H])C([H])([H])C([H])([H])C([H])([H])C([H])([H])C([H])([H])C([H])([H])C([H])([H])[H])C([H])([H])C([H])([H])C([H])([H])C([H])([H])C([H])([H])C([H])([H])C([H])([H])C(=O)OC([H])([H])[C@@]([H])(OC(=O)C([H])([H])C([H])([H])C([H])([H])C([H])([H])C([H])([H])C([H])([H])C([H])([H])C([H])([H])C([H])([H])C([H])([H])C([H])([H])C([H])([H])C([H])([H])C([H])([H])C([H])([H])[H])C([H])([H])O.[H],EVODEX-P15158
EVODEX-N5591,[H]O[C@@]1([H])[C@@]([H])(O[H])[C@]([H])(N2:C([H]):C([H]):C(=O):N([H]):C:2=O)O[C@]1([H])C([H])([H])OP(=O)(O[H])OP(=O)(O[H])O[C@@:63]([O:64])([C:72])[H:161]>>[H]/C(=C(\[H])C([H])([H])C([H])([H])C([H])([H])C([H])([H])C([H])([H])C([H])([H])C([H])([H])C([H])([H])[H])C([H])([H])C([H])([H])C([H])([H])C([H])([H])C([H])([H])C([H])([H])C([H])([H])C(=O)OC([H])([H])C([H])(OC(=O)C([H])([H])C([H])([H])C([H])([H])C([H])([H])C([H])([H])C([H])([H])C([H])([H])/C([H])=C(/[H])C([H])([H])C([H])([H])C([H])([H])C([H])([H])C([H])([H])C([H])([H])C([H])([H])C([H])([H])[H])C([H])([H])O[C@@:63]([O:64])([C:72])[H:161],EVODEX-P15161
EVODEX-N5592,[H]O[C@@]1([H])[C@@]([H])(O[H])[C@]([H])(N2:C([H]):C([H]):C(=O):N([H]):C:2=O)O[C@]1([H])C([H])([H])OP(=O)(O[H])OP(=O)(O[H])O[C@@:19]([O:20])([C:28])[H:68]>>[H]OC([H])([H])C1=C([H])[C@]([H])(N([H])[C@@]2([H])C([H])([H])[C@]([H])(C([H])([H])O[H])[C@@]([H])(O[C@:19]([O:20])([C:28])[H:68])[C@]([H])(O[H])[C@@]2([H])O[H])[C@]([H])(O[H])[C@@]([H])(O[H])[C@]1([H])O[H],EVODEX-P15167
EVODEX-N5593,>>[H]OC([H])([H])C1=C([H])[C@]([H])(N([H])[C@@]2([H])C([H])([H])[C@]([H])(C([H])([H])O[H])[C@@]([H])(O)[C@]([H])(O[H])[C@@]2([H])O[H])[C@]([H])(O[H])[C@@]([H])(O[H])[C@]1([H])O[H].[H],"EVODEX-P15168,EVODEX-P15172"
EVODEX-N5594,[H]O[C@@]1([H])[C@@]([H])(O[H])[C@]([H])(N2:C([H]):N:C3:C(N([H])[H]):N:C([H]):N:C:3:2)O[C@]1([H])C([H])([H])OP(=O)(O[H])OP(=O)(O[H])O[C@@:24]([O:25])([C:33])[H:72]>>[H]OC([H])([H])C1=C([H])[C@]([H])(N([H])[C@@]2([H])C([H])([H])[C@]([H])(C([H])([H])O[H])[C@@]([H])(O[C@:24]([O:25])([C:33])[H:72])[C@]([H])(O[H])[C@@]2([H])O[H])[C@]([H])(O[H])[C@@]([H])(O[H])[C@]1([H])O[H],EVODEX-P15171
EVODEX-N5595,[H][O:3][P:2].[H]OC([H])([H])[C@@]1([H])OC([H])(O[H])[C@@]([H])(O[C@:10]([O:9])([C:23])[H:36])[C@@]([H])(O[H])[C@]1([H])O[H]>>[P:2][O:3][C@@:10]([O:9])([C:23])[H:36],EVODEX-P15175
EVODEX-N5596,[H]OC([H])([H])[C@@]1([H])OC([H])(O[H])[C@@]([H])(O[C@:10]([O:9])([C:23])[H:36])[C@@]([H])(O[H])[C@]1([H])O[H]>>[H]OP(=O)(O[H])O[C@@:10]([O:9])([C:23])[H:36],EVODEX-P15176
EVODEX-N5597,[H]OP(=O)(O[H])O[C@@:6]([O:7])([C:15])[H:31]>>[H]OC([H])([H])[C@@]1([H])OC([H])(O[H])[C@@]([H])(O[C@:6]([O:7])([C:15])[H:31])[C@@]([H])(O[H])[C@]1([H])O[H],EVODEX-P15180
EVODEX-N5598,[H]N=C1:N([H]):C(=O):C2:N:C([H]):N([C@]3([H])O[C@]([H])(C([H])([H])OP(=O)(O[H])OP(=O)(O[H])O[C@@:30]([O:29])([C:59])[H:94])[C@@]([H])(O[H])[C@@]3([H])O[H]):C:2:N:1[H]>>[H]OC([H])([H])[C@@]1([H])O[C@@]([H])(O[H])[C@]([H])(N([H])C(=O)C([H])([H])[H])[C@@]([H])(O[C@]2([H])O[C@]([H])(C([H])([H])O[H])[C@]([H])(O[H])[C@]([H])(O[H])[C@@]2([H])O[C@:30]([O:29])([C:59])[H:94])[C@]1([H])O[H],EVODEX-P15184
EVODEX-N5599,[H]O[C@@]1([H])[C@@]([H])(O[H])[C@]([H])(N2:C([H]):N:C3:C(N([H])[H]):N:C([H]):N:C:3:2)O[C@]1([H])C([H])([H])OP(=O)(O[H])OP(=O)(O[H])O[C@@:24]([O:25])([C:33])[H:65]>>[H]OC([H])([H])[C@@]1([H])O[C@]([H])(OP(=O)(O[H])O[H])[C@]([H])(O[H])[C@@]([H])(O[H])[C@]1([H])O[C@@:24]([O:25])([C:33])[H:65],EVODEX-P15190
EVODEX-N5600,>>[H]OC([H])([H])[C@@]1([H])O[C@]([H])(OP(O)(=O)O[H])[C@]([H])(O[H])[C@@]([H])(O[H])[C@]1([H])O[H].[H],"EVODEX-P15191,EVODEX-P18030,EVODEX-P18699,EVODEX-P19665,EVODEX-P19690,EVODEX-P19750,EVODEX-P19761,EVODEX-P19781"
EVODEX-N5601,[H]N=C1:N([H]):C(=O):C2:N:C([H]):N([C@]3([H])O[C@]([H])(C([H])([H])OP(=O)(O[H])OP(=O)(O[H])O[C@@:4]([O:3])([C:33])[H:61])[C@@]([H])(O[H])[C@@]3([H])O[H]):C:2:N:1[H]>>[H]OC([H])([H])[C@@]1([H])O[C@@]([H])(OC2:C([H]):C([H]):C([H]):C([H]):C:2[H])[C@]([H])(O[C@@:4]([O:3])([C:33])[H:61])[C@@]([H])(O[H])[C@@]1([H])O[H],EVODEX-P15195
EVODEX-N5602,>>[H]OC([H])([H])[C@@]1([H])O[C@@]([H])(OC2:C([H]):C([H]):C([H]):C([H]):C:2[H])[C@]([H])(O)[C@@]([H])(O[H])[C@@]1([H])O[H].[H],EVODEX-P15196
EVODEX-N5603,[H]O[C@@]1([H])[C@@]([H])(O[H])[C@]([H])(N2:C([H]):N:C3:C(=O):N([H]):C(N([H])[H]):N:C:3:2)O[C@]1([H])C([H])([H])OP(=O)(O[H])OP(=O)(O[H])O[C@@:100]([O:101])([C:109])[H:232]>>[H]OC([H])([H])[C@@]1([H])O[C@]([H])(OP(=O)(O[H])OP(=O)(O[H])OC([H])([H])/C([H])=C(/C([H])([H])[H])C([H])([H])C([H])([H])/C([H])=C(/C([H])([H])[H])C([H])([H])C([H])([H])/C([H])=C(/C([H])([H])[H])C([H])([H])C([H])([H])/C([H])=C(/C([H])([H])[H])C([H])([H])C([H])([H])/C([H])=C(/C([H])([H])[H])C([H])([H])C([H])([H])/C([H])=C(/C([H])([H])[H])C([H])([H])C([H])([H])/C([H])=C(/C([H])([H])[H])C([H])([H])C([H])([H])/C([H])=C(/C([H])([H])[H])C([H])([H])C([H])([H])/C([H])=C(\C([H])([H])[H])C([H])([H])C([H])([H])/C([H])=C(\C([H])([H])[H])C([H])([H])C([H])([H])C([H])=C(C([H])([H])[H])C([H])([H])[H])[C@]([H])(N([H])C(=O)C([H])([H])[H])[C@@]([H])(O[C@@:100]([O:101])([C:109])[H:232])[C@]1([H])O[H],EVODEX-P15204
EVODEX-N5604,[H]O[C@@]1([H])[C@@]([H])(O[H])[C@]([H])(N2:C([H]):C([H]):C(=O):N([H]):C:2=O)O[C@]1([H])C([H])([H])OP(=O)(O[H])OP(=O)(O[H])O[C@@:53]([O:54])([C:62])[H:131]>>[H]OC(C([H])([H])[H])(C([H])([H])[H])[C@]([H])(O[H])C([H])([H])C([H])([H])[C@@]([H])(C([H])([H])[H])[C@@]1([H])C([H])([H])C([H])([H])[C@@]2(C([H])([H])[H])[C@]3([H])C([H])([H])C([H])=C4C(C([H])([H])[H])(C([H])([H])[H])[C@@]([H])(O[C@:53]([O:54])([C:62])[H:131])C([H])([H])C([H])([H])[C@@]4([H])[C@]3(C([H])([H])[H])[C@]([H])(O[H])C([H])([H])[C@]12C([H])([H])[H],EVODEX-P15208
EVODEX-N5605,>>[H]OC(C([H])([H])[H])(C([H])([H])[H])[C@]([H])(O[H])C([H])([H])C([H])([H])[C@@]([H])(C([H])([H])[H])[C@@]1([H])C([H])([H])C([H])([H])[C@@]2(C([H])([H])[H])[C@]3([H])C([H])([H])C([H])=C4C(C([H])([H])[H])(C([H])([H])[H])[C@@]([H])(O)C([H])([H])C([H])([H])[C@@]4([H])[C@]3(C([H])([H])[H])[C@]([H])(O[H])C([H])([H])[C@]12C([H])([H])[H].[H],EVODEX-P15210
EVODEX-N5606,[H][O:21][P:20].[H]OC(=O)[C@]([H])(O[C@@:8]([O:9])([C:17])[H:32])C([H])([H])O[H]>>[C@@:8]([O:9])([C:17])([O:21][P:20])[H:32],EVODEX-P15213
EVODEX-N5607,[H]OC(=O)[C@]([H])(O[C@@:8]([O:9])([C:17])[H:32])C([H])([H])O[H]>>[H]OP(=O)(O[H])O[C@@:8]([O:9])([C:17])[H:32],EVODEX-P15214
EVODEX-N5608,[H]OP(=O)(O[H])O[C@@:13]([O:14])([C:22])[H:32]>>[H]OC(=O)[C@]([H])(O[C@@:13]([O:14])([C:22])[H:32])C([H])([H])O[H],EVODEX-P15218
EVODEX-N5609,[H]O[C@@]1([H])[C@@]([H])(O[H])[C@]([H])(N2:C([H]):N:C3:C(N([H])[H]):N:C([H]):N:C:3:2)O[C@]1([H])C([H])([H])OP(=O)(O[H])OP(=O)(O[H])O[C@@:28]([O:27])([C:56])[H:94]>>[H]OC(=O)[C@@]12C(C([H])(C([H])([H])[H])C([H])([H])[H])=C([H])[C@@]3([H])C([H])([H])[C@]1(C([H])=O)[C@]1([H])C([H])([H])C([H])([H])[C@@]([H])(C([H])([H])[H])[C@@]1([H])C([H])([H])[C@@]23C([H])([H])O[C@:28]([O:27])([C:56])[H:94],EVODEX-P15223
EVODEX-N5610,>>[H]OC(=O)[C@@]12C(C([H])(C([H])([H])[H])C([H])([H])[H])=C([H])[C@@]3([H])C([H])([H])[C@]1(C([H])=O)[C@]1([H])C([H])([H])C([H])([H])[C@@]([H])(C([H])([H])[H])[C@@]1([H])C([H])([H])[C@@]23C([H])([H])O.[H],"EVODEX-P15225,EVODEX-P15229"
EVODEX-N5611,[H]N=C1:N([H]):C(=O):C2:N:C([H]):N([C@]3([H])O[C@]([H])(C([H])([H])OP(=O)(O[H])OP(=O)(O[H])O[C@@:28]([O:27])([C:57])[H:95])[C@@]([H])(O[H])[C@@]3([H])O[H]):C:2:N:1[H]>>[H]OC(=O)[C@@]12C(C([H])(C([H])([H])[H])C([H])([H])[H])=C([H])[C@@]3([H])C([H])([H])[C@]1(C([H])=O)[C@]1([H])C([H])([H])C([H])([H])[C@@]([H])(C([H])([H])[H])[C@@]1([H])C([H])([H])[C@@]23C([H])([H])O[C@:28]([O:27])([C:57])[H:95],EVODEX-P15228
EVODEX-N5612,[H]O[C@@]1([H])[C@@]([H])(O[H])[C@]([H])(N2:C([H]):C([H]):C(=O):N([H]):C:2=O)O[C@]1([H])C([H])([H])OP(=O)(O[H])OP(=O)(O[H])O[C@@:122]([O:121])([C:148])[H:333]>>[H]OC([H])([H])[C@@]1([H])O[C@@]([H])(OP(=O)(O[H])OC([H])([H])C([H])([H])C([H])(C([H])([H])[H])C([H])([H])C([H])([H])/C([H])=C(/C([H])([H])[H])C([H])([H])C([H])([H])/C([H])=C(/C([H])([H])[H])C([H])([H])C([H])([H])/C([H])=C(/C([H])([H])[H])C([H])([H])C([H])([H])/C([H])=C(/C([H])([H])[H])C([H])([H])C([H])([H])/C([H])=C(/C([H])([H])[H])C([H])([H])C([H])([H])/C([H])=C(/C([H])([H])[H])C([H])([H])C([H])([H])/C([H])=C(/C([H])([H])[H])C([H])([H])C([H])([H])/C([H])=C(/C([H])([H])[H])C([H])([H])C([H])([H])/C([H])=C(/C([H])([H])[H])C([H])([H])C([H])([H])/C([H])=C(/C([H])([H])[H])C([H])([H])C([H])([H])/C([H])=C(/C([H])([H])[H])C([H])([H])C([H])([H])/C([H])=C(/C([H])([H])[H])C([H])([H])C([H])([H])/C([H])=C(/C([H])([H])[H])C([H])([H])C([H])([H])/C([H])=C(/C([H])([H])[H])C([H])([H])C([H])([H])/C([H])=C(/C([H])([H])[H])C([H])([H])C([H])([H])/C([H])=C(/C([H])([H])[H])C([H])([H])C([H])([H])/C([H])=C(\C([H])([H])[H])C([H])([H])C([H])([H])/C([H])=C(\C([H])([H])[H])C([H])([H])C([H])([H])C([H])([H])C([H])(C([H])([H])[H])C([H])([H])[H])[C@]([H])(O[H])[C@@]([H])(O[C@:122]([O:121])([C:148])[H:333])[C@]1([H])O[H],EVODEX-P15232
EVODEX-N5613,>>[H]OC([H])([H])[C@@]1([H])O[C@@]([H])(OP(=O)(O[H])OC([H])([H])C([H])([H])C([H])(C([H])([H])[H])C([H])([H])C([H])([H])/C([H])=C(/C([H])([H])[H])C([H])([H])C([H])([H])/C([H])=C(/C([H])([H])[H])C([H])([H])C([H])([H])/C([H])=C(/C([H])([H])[H])C([H])([H])C([H])([H])/C([H])=C(/C([H])([H])[H])C([H])([H])C([H])([H])/C([H])=C(/C([H])([H])[H])C([H])([H])C([H])([H])/C([H])=C(/C([H])([H])[H])C([H])([H])C([H])([H])/C([H])=C(/C([H])([H])[H])C([H])([H])C([H])([H])/C([H])=C(/C([H])([H])[H])C([H])([H])C([H])([H])/C([H])=C(/C([H])([H])[H])C([H])([H])C([H])([H])/C([H])=C(/C([H])([H])[H])C([H])([H])C([H])([H])/C([H])=C(/C([H])([H])[H])C([H])([H])C([H])([H])/C([H])=C(/C([H])([H])[H])C([H])([H])C([H])([H])/C([H])=C(/C([H])([H])[H])C([H])([H])C([H])([H])/C([H])=C(/C([H])([H])[H])C([H])([H])C([H])([H])/C([H])=C(/C([H])([H])[H])C([H])([H])C([H])([H])/C([H])=C(/C([H])([H])[H])C([H])([H])C([H])([H])/C([H])=C(\C([H])([H])[H])C([H])([H])C([H])([H])/C([H])=C(\C([H])([H])[H])C([H])([H])C([H])([H])C([H])([H])C([H])(C([H])([H])[H])C([H])([H])[H])[C@]([H])(O[H])[C@@]([H])(O)[C@]1([H])O[H].[H],EVODEX-P15234
EVODEX-N5614,[H]O[C@@]1([H])[C@@]([H])(O[H])[C@]([H])(N2:C([H]):C([H]):C(=O):N([H]):C:2=O)O[C@]1([H])C([H])([H])OP(=O)(O[H])OP(=O)(O[H])O[C@@:39]([O:40])([C:48])[H:79]>>[H]OC1:C([H]):C([H]):C(C([H])([H])C([H])([H])C(=O)C2:C(O[H]):C([H]):C(O[C@:39]([O:40])([C:48])[H:79]):C([H]):C:2O[H]):C([H]):C:1[H],EVODEX-P15237
EVODEX-N5615,>>[H]OC1:C([H]):C([H]):C(C([H])([H])C([H])([H])C(=O)C2:C(O[H]):C([H]):C(O):C([H]):C:2O[H]):C([H]):C:1[H].[H],EVODEX-P15239
EVODEX-N5616,[H]OC1:C([H]):C([H]):C(C([H])([H])C([H])([H])C(=O)C2:C(O[H]):C([H]):C(O[C@:18]([O:19])([C:27])[H:61]):C([H]):C:2O[H]):C([H]):C:1[H].[H][O:48][P:46]>>[C@@:18]([O:19])([C:27])([O:48][P:46])[H:61],EVODEX-P15242
EVODEX-N5617,[H]OC1:C([H]):C([H]):C(C([H])([H])C([H])([H])C(=O)C2:C(O[H]):C([H]):C(O[C@:18]([O:19])([C:27])[H:61]):C([H]):C:2O[H]):C([H]):C:1[H]>>[H]O[C@@]1([H])[C@@]([H])(O[H])[C@]([H])(N2:C([H]):C([H]):C(=O):N([H]):C:2=O)O[C@]1([H])C([H])([H])OP(=O)(O[H])OP(=O)(O[H])O[C@@:18]([O:19])([C:27])[H:61],EVODEX-P15243
EVODEX-N5618,[H]O[C@@]1([H])[C@@]([H])(O[H])[C@]([H])(N2:C([H]):C([H]):C(=O):N([H]):C:2=O)O[C@]1([H])C([H])([H])OP(=O)(O[H])OP(=O)(O[H])O[C@@:33]([O:34])([C:42])[H:71]>>[H]OC1:C([H]):C(O[H]):C(C(=O)C([H])(C([H])([H])[H])C([H])([H])[H]):C(O[C@@:33]([O:34])([C:42])[H:71]):C:1[H],EVODEX-P15247
EVODEX-N5619,>>[H]OC1:C([H]):C(O):C(C(=O)C([H])(C([H])([H])[H])C([H])([H])[H]):C(O[H]):C:1[H].[H],"EVODEX-P15249,EVODEX-P16596"
EVODEX-N5620,[H]O[C@@]1([H])[C@@]([H])(O[H])[C@]([H])(N2:C([H]):C([H]):C(=O):N([H]):C:2=O)O[C@]1([H])C([H])([H])OP(=O)(O[H])OP(=O)(O[H])O[C@@:34]([O:35])([C:43])[H:74]>>[H]OC1:C([H]):C(O[H]):C(C(=O)C([H])([H])C([H])(C([H])([H])[H])C([H])([H])[H]):C(O[C@@:34]([O:35])([C:43])[H:74]):C:1[H],EVODEX-P15252
EVODEX-N5621,>>[H]OC1:C([H]):C(O):C(C(=O)C([H])([H])C([H])(C([H])([H])[H])C([H])([H])[H]):C(O[H]):C:1[H].[H],EVODEX-P15254
EVODEX-N5622,[H][C:15](:[C:14]):[C:16].[O:39][C@@:40]([O:41])([C:49])[H:78]>>[C:14]:[C:15](:[C:16])[C@@:40]([O:41])([C:49])[H:78].[H][O:39],"EVODEX-P15255,EVODEX-P15260,EVODEX-P15329,EVODEX-P15334,EVODEX-P30497"
EVODEX-N5623,[H][C:15](:[C:14]):[C:16].[H]O[C@@]1([H])[C@@]([H])(O[H])[C@]([H])(N2:C([H]):C([H]):C(=O):N([H]):C:2=O)O[C@]1([H])C([H])([H])OP(=O)(O[H])OP(=O)(O[H])O[C@@:40]([O:41])([C:49])[H:78]>>[C:14]:[C:15](:[C:16])[C@@:40]([O:41])([C:49])[H:78],"EVODEX-P15256,EVODEX-P15261,EVODEX-P15330,EVODEX-P15335"
EVODEX-N5624,[H]O[C@@]1([H])[C@@]([H])(O[H])[C@]([H])(N2:C([H]):C([H]):C(=O):N([H]):C:2=O)O[C@]1([H])C([H])([H])OP(=O)(O[H])OP(=O)(O[H])O[C@@:40]([O:41])([C:49])[H:78]>>[H]OC1:C([H]):C([H]):C(C2(O[H])OC3:C(:C(O[H]):C([H]):C(O[H]):C:3[C@@:40]([O:41])([C:49])[H:78])C(=O)C2([H])[H]):C([H]):C:1[H],"EVODEX-P15257,EVODEX-P15262"
EVODEX-N5625,[H][C:15](:[C:14]):[C:16]>>[H]OC([H])([H])[C@@]1([H])O[C@]([H])([C:15](:[C:14]):[C:16])[C@]([H])(O[H])[C@@]([H])(O[H])[C@@]1([H])O[H],"EVODEX-P15258,EVODEX-P15332,EVODEX-P15337"
EVODEX-N5626,>>[H]OC1:C:C2:C(:C(O[H]):C:1[H])C(=O)C([H])([H])C(O[H])(C1:C([H]):C([H]):C(O[H]):C([H]):C:1[H])O2.[H],"EVODEX-P15259,EVODEX-P15264"
EVODEX-N5627,[H][C:15](:[C:14]):[C:16]>>[H]O[C@]1([H])[C@@]([H])(O[H])[C@]([H])(O[H])C([H])([H])O[C@]1([H])[C:15](:[C:14]):[C:16],EVODEX-P15263
EVODEX-N5628,[H]O[C@@]1([H])[C@@]([H])(O[H])[C@]([H])(N2:C([H]):N:C3:C(=O):N([H]):C(N([H])[H]):N:C:3:2)O[C@]1([H])C([H])([H])OP(=O)(O[H])OP(=O)(O[H])O[C@@:22]([O:23])([C:31])[H:87]>>[H]OC([H])([H])[C@@]1([H])O[C@@]([H])(O[C@@]2([H])[C@@]([H])(O[H])[C@]([H])(O[H])[C@@]([H])(O[H])[C@]([H])(O[H])[C@@]2([H])OP(=O)(O[H])O[C@@]2([H])[C@]([H])(O[H])[C@@]([H])(O[H])[C@]([H])(O[H])[C@@]([H])(O[H])[C@@]2([H])O[H])[C@@]([H])(O[C@:22]([O:23])([C:31])[H:87])[C@@]([H])(O[H])[C@]1([H])O[H],EVODEX-P15268
EVODEX-N5629,>>[H]OC([H])([H])[C@@]1([H])O[C@@]([H])(O[C@@]2([H])[C@@]([H])(O[H])[C@]([H])(O[H])[C@@]([H])(O[H])[C@]([H])(O[H])[C@@]2([H])OP(=O)(O[H])O[C@@]2([H])[C@]([H])(O[H])[C@@]([H])(O[H])[C@]([H])(O[H])[C@@]([H])(O[H])[C@@]2([H])O[H])[C@@]([H])(O)[C@@]([H])(O[H])[C@]1([H])O[H].[H],EVODEX-P15269
EVODEX-N5630,[H]O[C@@]1([H])[C@@]([H])(O[H])[C@]([H])(N2:C([H]):N:C3:C(=O):N([H]):C(N([H])[H]):N:C:3:2)O[C@]1([H])C([H])([H])OP(=O)(O[H])OP(=O)(O[H])O[C@@:22]([O:23])([C:31])[H:76]>>[H]O[C@@]1([H])[C@]([H])(O[H])[C@@]([H])(O[H])[C@]([H])(OP(=O)(O[H])O[C@]2([H])[C@@]([H])(O[H])[C@]([H])(O[H])[C@@]([H])(O[H])[C@]([H])(O[H])[C@]2([H])O[C@:22]([O:23])([C:31])[H:76])[C@]([H])(O[H])[C@]1([H])O[H],EVODEX-P15273
EVODEX-N5631,>>[H]O[C@@]1([H])[C@]([H])(O[H])[C@@]([H])(O[H])[C@]([H])(OP(=O)(O[H])O[C@@]2([H])[C@@]([H])(O)[C@@]([H])(O[H])[C@]([H])(O[H])[C@@]([H])(O[H])[C@]2([H])O[H])[C@]([H])(O[H])[C@]1([H])O[H].[H],EVODEX-P15274
EVODEX-N5632,[H][O:1][H:25].[H]OC([H])([H])[C@@]1(O[C@@:10]([O:11])([C:19])[H:34])O[C@]([H])(C([H])([H])O[H])[C@@]([H])(O[H])[C@]1([H])O[H]>>[O:1]([C:10]([O:11])([C:19])[H:34])[H:25],"EVODEX-P15276,EVODEX-P23197"
EVODEX-N5633,[H][O:1][H:25]>>[H]OC([H])([H])[C@@]1([H])OC([H])([O:1][H:25])[C@]([H])(O[H])[C@@]([H])(O[H])[C@]1([H])O[H],"EVODEX-P15277,EVODEX-P19177"
EVODEX-N5634,[H]O[C@@]1([H])[C@@]([H])(O[H])[C@]([H])(N2:C([H]):C([H]):C(=O):N([H]):C:2=O)O[C@]1([H])C([H])([H])OP(=O)(O[H])OP(=O)(O[H])O[C@@:52]([O:53])([C:61])[H:130]>>[H]O[C@@]1([H])C([H])([H])C([H])([H])[C@@]2(C([H])([H])[H])[C@@]([H])(C([H])([H])C([H])([H])[C@]3(C([H])([H])[H])[C@]2([H])C([H])([H])[C@@]([H])(O[H])[C@]2([H])[C@@]([H])([C@](O[C@:52]([O:53])([C:61])[H:130])(C([H])([H])[H])C([H])([H])C([H])([H])C([H])=C(C([H])([H])[H])C([H])([H])[H])C([H])([H])C([H])([H])[C@@]32C([H])([H])[H])C1(C([H])([H])[H])C([H])([H])[H],EVODEX-P15281
EVODEX-N5635,>>[H]O[C@@]1([H])C([H])([H])C([H])([H])[C@@]2(C([H])([H])[H])[C@@]([H])(C([H])([H])C([H])([H])[C@]3(C([H])([H])[H])[C@]2([H])C([H])([H])[C@@]([H])(O[H])[C@]2([H])[C@@]([H])([C@](O)(C([H])([H])[H])C([H])([H])C([H])([H])C([H])=C(C([H])([H])[H])C([H])([H])[H])C([H])([H])C([H])([H])[C@@]32C([H])([H])[H])C1(C([H])([H])[H])C([H])([H])[H].[H],"EVODEX-P15283,EVODEX-P15293"
EVODEX-N5636,[H]O[C@@]1([H])[C@@]([H])(O[H])[C@]([H])(N2:C([H]):C([H]):C(=O):N([H]):C:2=O)O[C@]1([H])C([H])([H])OP(=O)(O[H])OP(=O)(O[H])O[C@@:53]([O:54])([C:62])[H:131]>>[H]O[C@@]1([H])C([H])([H])C([H])([H])[C@@]2(C([H])([H])[H])[C@]([H])(C1(C([H])([H])[H])C([H])([H])[H])[C@@]([H])(O[H])C([H])([H])[C@]1(C([H])([H])[H])[C@]2([H])C([H])([H])[C@@]([H])(O[H])[C@]2([H])[C@@]([H])([C@](O[C@:53]([O:54])([C:62])[H:131])(C([H])([H])[H])C([H])([H])C([H])([H])C([H])=C(C([H])([H])[H])C([H])([H])[H])C([H])([H])C([H])([H])[C@@]12C([H])([H])[H],EVODEX-P15286
EVODEX-N5637,>>[H]O[C@@]1([H])C([H])([H])C([H])([H])[C@@]2(C([H])([H])[H])[C@]([H])(C1(C([H])([H])[H])C([H])([H])[H])[C@@]([H])(O[H])C([H])([H])[C@]1(C([H])([H])[H])[C@]2([H])C([H])([H])[C@@]([H])(O[H])[C@]2([H])[C@@]([H])([C@](O)(C([H])([H])[H])C([H])([H])C([H])([H])C([H])=C(C([H])([H])[H])C([H])([H])[H])C([H])([H])C([H])([H])[C@@]12C([H])([H])[H].[H],"EVODEX-P15288,EVODEX-P15318"
EVODEX-N5638,[H]O[C@@]1([H])[C@@]([H])(O[H])[C@]([H])(N2:C([H]):C([H]):C(=O):N([H]):C:2=O)O[C@]1([H])C([H])([H])OP(=O)(O[H])OP(=O)(O[H])O[C@@:52]([O:53])([C:61])[H:130]>>[H]O[C@@](C([H])([H])[H])(C([H])([H])C([H])([H])C([H])=C(C([H])([H])[H])C([H])([H])[H])[C@@]1([H])C([H])([H])C([H])([H])[C@@]2(C([H])([H])[H])[C@]3(C([H])([H])[H])C([H])([H])C([H])([H])[C@@]4([H])C(C([H])([H])[H])(C([H])([H])[H])[C@@]([H])(O[C@:52]([O:53])([C:61])[H:130])C([H])([H])C([H])([H])[C@]4(C([H])([H])[H])[C@@]3([H])C([H])([H])[C@@]([H])(O[H])[C@]12[H],EVODEX-P15291
EVODEX-N5639,[H]O[C@@]1([H])[C@@]([H])(O[H])[C@]([H])(N2:C([H]):C([H]):C(=O):N([H]):C:2=O)O[C@]1([H])C([H])([H])OP(=O)(O[H])OP(=O)(O[H])O[C@@:63]([O:64])([C:72])[H:151]>>[H]OC([H])([H])[C@@]1([H])O[C@@]([H])(O[C@@](C([H])([H])[H])(C([H])([H])C([H])([H])C([H])=C(C([H])([H])[H])C([H])([H])[H])[C@@]2([H])C([H])([H])C([H])([H])[C@@]3(C([H])([H])[H])[C@]4(C([H])([H])[H])C([H])([H])C([H])([H])[C@@]5([H])C(C([H])([H])[H])(C([H])([H])[H])[C@@]([H])(O[C@:63]([O:64])([C:72])[H:151])C([H])([H])C([H])([H])[C@]5(C([H])([H])[H])[C@@]4([H])C([H])([H])[C@@]([H])(O[H])[C@]23[H])[C@]([H])(O[H])[C@@]([H])(O[H])[C@]1([H])O[H],EVODEX-P15296
EVODEX-N5640,>>[H]OC([H])([H])[C@@]1([H])O[C@@]([H])(O[C@@](C([H])([H])[H])(C([H])([H])C([H])([H])C([H])=C(C([H])([H])[H])C([H])([H])[H])[C@@]2([H])C([H])([H])C([H])([H])[C@@]3(C([H])([H])[H])[C@]4(C([H])([H])[H])C([H])([H])C([H])([H])[C@@]5([H])C(C([H])([H])[H])(C([H])([H])[H])[C@@]([H])(O)C([H])([H])C([H])([H])[C@]5(C([H])([H])[H])[C@@]4([H])C([H])([H])[C@@]([H])(O[H])[C@]23[H])[C@]([H])(O[H])[C@@]([H])(O[H])[C@]1([H])O[H].[H],EVODEX-P15298
EVODEX-N5641,[H]O[C@@]1([H])[C@@]([H])(O[H])[C@]([H])(N2:C([H]):C([H]):C(=O):N([H]):C:2=O)O[C@]1([H])C([H])([H])OP(=O)(O[H])OP(=O)(O[H])O[C@@:63]([O:64])([C:72])[H:151]>>[H]OC([H])([H])[C@@]1([H])O[C@@]([H])(O[C@@]2([H])C([H])([H])C([H])([H])[C@@]3(C([H])([H])[H])[C@@]([H])(C([H])([H])C([H])([H])[C@]4(C([H])([H])[H])[C@]3([H])C([H])([H])[C@@]([H])(O[H])[C@]3([H])[C@@]([H])([C@](O[H])(C([H])([H])[H])C([H])([H])C([H])([H])C([H])=C(C([H])([H])[H])C([H])([H])[H])C([H])([H])C([H])([H])[C@@]43C([H])([H])[H])C2(C([H])([H])[H])C([H])([H])[H])[C@]([H])(O[C@:63]([O:64])([C:72])[H:151])[C@@]([H])(O[H])[C@]1([H])O[H],EVODEX-P15301
EVODEX-N5642,>>[H]OC([H])([H])[C@@]1([H])O[C@@]([H])(O[C@@]2([H])C([H])([H])C([H])([H])[C@@]3(C([H])([H])[H])[C@@]([H])(C([H])([H])C([H])([H])[C@]4(C([H])([H])[H])[C@]3([H])C([H])([H])[C@@]([H])(O[H])[C@]3([H])[C@@]([H])([C@](O[H])(C([H])([H])[H])C([H])([H])C([H])([H])C([H])=C(C([H])([H])[H])C([H])([H])[H])C([H])([H])C([H])([H])[C@@]43C([H])([H])[H])C2(C([H])([H])[H])C([H])([H])[H])[C@]([H])(O)[C@@]([H])(O[H])[C@]1([H])O[H].[H],EVODEX-P15303
EVODEX-N5643,[H]O[C@@]1([H])[C@@]([H])(O[H])[C@]([H])(N2:C([H]):C([H]):C(=O):N([H]):C:2=O)O[C@]1([H])C([H])([H])OP(=O)(O[H])OP(=O)(O[H])O[C@@:74]([O:75])([C:83])[H:172]>>[H]OC([H])([H])[C@@]1([H])O[C@@]([H])(O[C@@](C([H])([H])[H])(C([H])([H])C([H])([H])C([H])=C(C([H])([H])[H])C([H])([H])[H])[C@@]2([H])C([H])([H])C([H])([H])[C@@]3(C([H])([H])[H])[C@]4(C([H])([H])[H])C([H])([H])C([H])([H])[C@@]5([H])C(C([H])([H])[H])(C([H])([H])[H])[C@@]([H])(O[C@]6([H])O[C@]([H])(C([H])([H])O[H])[C@@]([H])(O[H])[C@]([H])(O[H])[C@@]6([H])O[C@:74]([O:75])([C:83])[H:172])C([H])([H])C([H])([H])[C@]5(C([H])([H])[H])[C@@]4([H])C([H])([H])[C@@]([H])(O[H])[C@]23[H])[C@]([H])(O[H])[C@@]([H])(O[H])[C@]1([H])O[H],EVODEX-P15306
EVODEX-N5644,>>[H]OC([H])([H])[C@@]1([H])O[C@@]([H])(O[C@@](C([H])([H])[H])(C([H])([H])C([H])([H])C([H])=C(C([H])([H])[H])C([H])([H])[H])[C@@]2([H])C([H])([H])C([H])([H])[C@@]3(C([H])([H])[H])[C@]4(C([H])([H])[H])C([H])([H])C([H])([H])[C@@]5([H])C(C([H])([H])[H])(C([H])([H])[H])[C@@]([H])(O[C@]6([H])O[C@]([H])(C([H])([H])O[H])[C@@]([H])(O[H])[C@]([H])(O[H])[C@@]6([H])O)C([H])([H])C([H])([H])[C@]5(C([H])([H])[H])[C@@]4([H])C([H])([H])[C@@]([H])(O[H])[C@]23[H])[C@]([H])(O[H])[C@@]([H])(O[H])[C@]1([H])O[H].[H],EVODEX-P15308
EVODEX-N5645,[H]O[C@@]1([H])[C@@]([H])(O[H])[C@]([H])(N2:C([H]):C([H]):C(=O):N([H]):C:2=O)O[C@]1([H])C([H])([H])OP(=O)(O[H])OP(=O)(O[H])O[C@@:64]([O:65])([C:73])[H:152]>>[H]OC([H])([H])[C@@]1([H])O[C@@]([H])(O[C@@](C([H])([H])[H])(C([H])([H])C([H])([H])C([H])=C(C([H])([H])[H])C([H])([H])[H])[C@@]2([H])C([H])([H])C([H])([H])[C@@]3(C([H])([H])[H])[C@]4(C([H])([H])[H])C([H])([H])[C@]([H])(O[C@:64]([O:65])([C:73])[H:152])[C@@]5([H])C(C([H])([H])[H])(C([H])([H])[H])[C@@]([H])(O[H])C([H])([H])C([H])([H])[C@]5(C([H])([H])[H])[C@@]4([H])C([H])([H])[C@@]([H])(O[H])[C@]23[H])[C@]([H])(O[H])[C@@]([H])(O[H])[C@]1([H])O[H],EVODEX-P15311
EVODEX-N5646,>>[H]OC([H])([H])[C@@]1([H])O[C@@]([H])(O[C@@](C([H])([H])[H])(C([H])([H])C([H])([H])C([H])=C(C([H])([H])[H])C([H])([H])[H])[C@@]2([H])C([H])([H])C([H])([H])[C@@]3(C([H])([H])[H])[C@]4(C([H])([H])[H])C([H])([H])[C@]([H])(O)[C@@]5([H])C(C([H])([H])[H])(C([H])([H])[H])[C@@]([H])(O[H])C([H])([H])C([H])([H])[C@]5(C([H])([H])[H])[C@@]4([H])C([H])([H])[C@@]([H])(O[H])[C@]23[H])[C@]([H])(O[H])[C@@]([H])(O[H])[C@]1([H])O[H].[H],EVODEX-P15313
EVODEX-N5647,[H]O[C@@]1([H])[C@@]([H])(O[H])[C@]([H])(N2:C([H]):C([H]):C(=O):N([H]):C:2=O)O[C@]1([H])C([H])([H])OP(=O)(O[H])OP(=O)(O[H])O[C@@:53]([O:54])([C:62])[H:131]>>[H]O[C@@]1([H])C([H])([H])C([H])([H])[C@@]2(C([H])([H])[H])[C@]([H])(C1(C([H])([H])[H])C([H])([H])[H])[C@@]([H])(O[C@:53]([O:54])([C:62])[H:131])C([H])([H])[C@]1(C([H])([H])[H])[C@]2([H])C([H])([H])[C@@]([H])(O[H])[C@]2([H])[C@@]([H])([C@](O[H])(C([H])([H])[H])C([H])([H])C([H])([H])C([H])=C(C([H])([H])[H])C([H])([H])[H])C([H])([H])C([H])([H])[C@@]12C([H])([H])[H],EVODEX-P15316
EVODEX-N5648,[H]O[C@@]1([H])[C@@]([H])(O[H])[C@]([H])(N2:C([H]):C([H]):C(=O):N([H]):C:2=O)O[C@]1([H])C([H])([H])OP(=O)(O[H])OP(=O)(O[H])O[C@@:52]([O:53])([C:61])[H:126]>>[H]OC(=O)[C@]12C([H])([H])C([H])([H])C(C([H])([H])[H])(C([H])([H])[H])C([H])([H])[C@@]1([H])C1=C([H])C([H])([H])[C@]3([H])[C@@]4(C([H])([H])[H])C([H])([H])C([H])([H])[C@]([H])(O[C@:52]([O:53])([C:61])[H:126])C(C([H])([H])[H])(C([H])([H])[H])[C@]4([H])C([H])([H])C([H])([H])[C@@]3(C([H])([H])[H])[C@]1(C([H])([H])[H])C([H])([H])C2([H])[H],EVODEX-P15321
EVODEX-N5649,>>[H]OC(=O)[C@]12C([H])([H])C([H])([H])C(C([H])([H])[H])(C([H])([H])[H])C([H])([H])[C@@]1([H])C1=C([H])C([H])([H])[C@]3([H])[C@@]4(C([H])([H])[H])C([H])([H])C([H])([H])[C@]([H])(O)C(C([H])([H])[H])(C([H])([H])[H])[C@]4([H])C([H])([H])C([H])([H])[C@@]3(C([H])([H])[H])[C@]1(C([H])([H])[H])C([H])([H])C2([H])[H].[H],EVODEX-P15323
EVODEX-N5650,[H]O[C@@]1([H])[C@@]([H])(O[H])[C@]([H])(N2:C([H]):C([H]):C(=O):N([H]):C:2=O)O[C@]1([H])C([H])([H])OP(=O)(O[H])OP(=O)(O[H])O[C@@:53]([O:54])([C:62])[H:125]>>[H]OC(=O)[C@@]1(C([H])([H])[H])C([H])([H])C([H])([H])[C@]2(C([H])([H])[H])C([H])([H])C([H])([H])[C@]3(C([H])([H])[H])C(=C([H])C(=O)[C@]4([H])[C@@]5(C([H])([H])[H])C([H])([H])C([H])([H])[C@]([H])(O[C@:53]([O:54])([C:62])[H:125])C(C([H])([H])[H])(C([H])([H])[H])[C@]5([H])C([H])([H])C([H])([H])[C@@]34C([H])([H])[H])[C@@]2([H])C1([H])[H],EVODEX-P15326
EVODEX-N5651,>>[H]OC(=O)[C@@]1(C([H])([H])[H])C([H])([H])C([H])([H])[C@]2(C([H])([H])[H])C([H])([H])C([H])([H])[C@]3(C([H])([H])[H])C(=C([H])C(=O)[C@]4([H])[C@@]5(C([H])([H])[H])C([H])([H])C([H])([H])[C@]([H])(O)C(C([H])([H])[H])(C([H])([H])[H])[C@]5([H])C([H])([H])C([H])([H])[C@@]34C([H])([H])[H])[C@@]2([H])C1([H])[H].[H],EVODEX-P15328
EVODEX-N5652,[H]O[C@@]1([H])[C@@]([H])(O[H])[C@]([H])(N2:C([H]):C([H]):C(=O):N([H]):C:2=O)O[C@]1([H])C([H])([H])OP(=O)(O[H])OP(=O)(O[H])O[C@@:89]([O:90])([C:98])[H:162]>>[H]OC1:C([H]):C([H]):C([H]):C(C(=O)N([H])[C@]2([H])C(=O)OC([H])([H])[C@]([H])(N([H])C(=O)C3:C(O[H]):C(O[H]):C([H]):C([C@]4([H])O[C@]([H])(C([H])([H])O[H])[C@@]([H])(O[H])[C@]([H])(O[H])[C@@]4([H])O[H]):C:3[C@@:89]([O:90])([C:98])[H:162])C(=O)OC([H])([H])[C@]([H])(N([H])C(=O)C3:C([H]):C([C@]4([H])O[C@]([H])(C([H])([H])O[H])[C@@]([H])(O[H])[C@]([H])(O[H])[C@@]4([H])O[H]):C([H]):C(O[H]):C:3O[H])C(=O)OC2([H])[H]):C:1O[H],EVODEX-P15331
EVODEX-N5653,>>[H]OC1:C(C(=O)N([H])[C@]2([H])C(=O)OC([H])([H])[C@]([H])(N([H])C(=O)C3:C([H]):C([C@]4([H])O[C@]([H])(C([H])([H])O[H])[C@@]([H])(O[H])[C@]([H])(O[H])[C@@]4([H])O[H]):C([H]):C(O[H]):C:3O[H])C(=O)OC([H])([H])[C@]([H])(N([H])C(=O)C3:C([H]):C([H]):C([H]):C(O[H]):C:3O[H])C(=O)OC2([H])[H]):C:C([C@]2([H])O[C@]([H])(C([H])([H])O[H])[C@@]([H])(O[H])[C@]([H])(O[H])[C@@]2([H])O[H]):C([H]):C:1O[H].[H],EVODEX-P15333
EVODEX-N5654,[H]O[C@@]1([H])[C@@]([H])(O[H])[C@]([H])(N2:C([H]):C([H]):C(=O):N([H]):C:2=O)O[C@]1([H])C([H])([H])OP(=O)(O[H])OP(=O)(O[H])O[C@@:67]([O:68])([C:76])[H:120]>>[H]OC1:C([H]):C([H]):C([H]):C(C(=O)N([H])[C@]2([H])C(=O)OC([H])([H])[C@]([H])(N([H])C(=O)C3:C([H]):C([C@:67]([O:68])([C:76])[H:120]):C([H]):C(O[H]):C:3O[H])C(=O)OC([H])([H])[C@]([H])(N([H])C(=O)C3:C([H]):C([H]):C([H]):C(O[H]):C:3O[H])C(=O)OC2([H])[H]):C:1O[H],EVODEX-P15336
EVODEX-N5655,>>[H]OC1:C([H]):C:C([H]):C(C(=O)N([H])[C@]2([H])C(=O)OC([H])([H])[C@]([H])(N([H])C(=O)C3:C([H]):C([H]):C([H]):C(O[H]):C:3O[H])C(=O)OC([H])([H])[C@]([H])(N([H])C(=O)C3:C([H]):C([H]):C([H]):C(O[H]):C:3O[H])C(=O)OC2([H])[H]):C:1O[H].[H],EVODEX-P15338
EVODEX-N5656,[H]OC([H])([H])[C@@]1(O[C@@:30]([O:31])([C:39])[H:62])O[C@]([H])(C([H])([H])O[H])[C@@]([H])(O[H])[C@]1([H])O[H]>>[H]OC1:C([H]):C([H]):C(C2:O:C3:C([H]):C(O[C@:30]([O:31])([C:39])[H:62]):C([H]):C(O[H]):C:3:C(=O):C:2[H]):C([H]):C:1O[H],EVODEX-P15341
EVODEX-N5657,[H]OC([H])([H])[C@@]1(O[C@@:31]([O:32])([C:40])[H:63])O[C@]([H])(C([H])([H])O[H])[C@@]([H])(O[H])[C@]1([H])O[H]>>[H]OC1:C([H]):C([H]):C(C2:O:C3:C([H]):C(O[H]):C([H]):C(O[H]):C:3:C(=O):C:2O[C@:31]([O:32])([C:40])[H:63]):C([H]):C:1O[H],EVODEX-P15345
EVODEX-N5658,[H]O[C@@]1([H])[C@@]([H])(O[H])[C@]([H])(N2:C([H]):N:C3:C(=O):N([H]):C(N([H])[H]):N:C:3:2)O[C@]1([H])C([H])([H])OP(=O)(O[H])OP(=O)(O[H])O[C@@:22]([O:23])([C:31])[H:138]>>[H]OC([H])([H])[C@@]1([H])O[C@@]([H])(O[H])[C@@]([H])(O[C@]2([H])O[C@]([H])(C([H])([H])O[H])[C@@]([H])(O[H])[C@]([H])(O[H])[C@]2([H])O[C@]2([H])O[C@]([H])(C([H])([H])O[H])[C@@]([H])(O[H])[C@]([H])(O[H])[C@]2([H])O[C@]2([H])O[C@]([H])(C([H])([H])O[H])[C@@]([H])(O[H])[C@]([H])(O[H])[C@]2([H])O[C@]2([H])O[C@]([H])(C([H])([H])O[H])[C@@]([H])(O[H])[C@]([H])(O[H])[C@]2([H])O[C@]2([H])O[C@]([H])(C([H])([H])O[H])[C@@]([H])(O[H])[C@]([H])(O[H])[C@]2([H])O[C@]2([H])O[C@]([H])(C([H])([H])O[H])[C@@]([H])(O[H])[C@]([H])(O[H])[C@]2([H])O[C@]2([H])O[C@]([H])(C([H])([H])O[H])[C@@]([H])(O[H])[C@]([H])(O[H])[C@]2([H])O[C@:22]([O:23])([C:31])[H:138])[C@@]([H])(O[H])[C@]1([H])O[H],EVODEX-P15350
EVODEX-N5659,>>[H]OC([H])([H])[C@@]1([H])O[C@@]([H])(O[C@]2([H])[C@]([H])(O[C@]3([H])[C@]([H])(O[C@]4([H])[C@]([H])(O[C@]5([H])[C@]([H])(O[C@]6([H])[C@]([H])(O[C@]7([H])[C@]([H])(O[H])O[C@]([H])(C([H])([H])O[H])[C@@]([H])(O[H])[C@]7([H])O[H])O[C@]([H])(C([H])([H])O[H])[C@@]([H])(O[H])[C@]6([H])O[H])O[C@]([H])(C([H])([H])O[H])[C@@]([H])(O[H])[C@]5([H])O[H])O[C@]([H])(C([H])([H])O[H])[C@@]([H])(O[H])[C@]4([H])O[H])O[C@]([H])(C([H])([H])O[H])[C@@]([H])(O[H])[C@]3([H])O[H])O[C@]([H])(C([H])([H])O[H])[C@@]([H])(O[H])[C@]2([H])O[H])[C@@]([H])(O[C@]2([H])O[C@]([H])(C([H])([H])O[H])[C@@]([H])(O[H])[C@]([H])(O[H])[C@]2([H])O)[C@@]([H])(O[H])[C@]1([H])O[H].[H],EVODEX-P15351
EVODEX-N5660,[H][O:20][P:18].[H]OC([H])([H])[C@@]1([H])O[C@@]([H])(O[H])[C@@]([H])(O[C@]2([H])O[C@]([H])(C([H])([H])O[H])[C@@]([H])(O[H])[C@]([H])(O[H])[C@]2([H])O[C@]2([H])O[C@]([H])(C([H])([H])O[H])[C@@]([H])(O[H])[C@]([H])(O[H])[C@]2([H])O[C@]2([H])O[C@]([H])(C([H])([H])O[H])[C@@]([H])(O[H])[C@]([H])(O[H])[C@]2([H])O[C@]2([H])O[C@]([H])(C([H])([H])O[H])[C@@]([H])(O[H])[C@]([H])(O[H])[C@]2([H])O[C@]2([H])O[C@]([H])(C([H])([H])O[H])[C@@]([H])(O[H])[C@]([H])(O[H])[C@]2([H])O[C@]2([H])O[C@]([H])(C([H])([H])O[H])[C@@]([H])(O[H])[C@]([H])(O[H])[C@]2([H])O[C@]2([H])O[C@]([H])(C([H])([H])O[H])[C@@]([H])(O[H])[C@]([H])(O[H])[C@]2([H])O[C@:33]([O:32])([C:123])[H:148])[C@@]([H])(O[H])[C@]1([H])O[H]>>[P:18][O:20][C@@:33]([O:32])([C:123])[H:148],EVODEX-P15354
EVODEX-N5661,[H]OC([H])([H])[C@@]1([H])O[C@@]([H])(O[H])[C@@]([H])(O[C@]2([H])O[C@]([H])(C([H])([H])O[H])[C@@]([H])(O[H])[C@]([H])(O[H])[C@]2([H])O[C@]2([H])O[C@]([H])(C([H])([H])O[H])[C@@]([H])(O[H])[C@]([H])(O[H])[C@]2([H])O[C@]2([H])O[C@]([H])(C([H])([H])O[H])[C@@]([H])(O[H])[C@]([H])(O[H])[C@]2([H])O[C@]2([H])O[C@]([H])(C([H])([H])O[H])[C@@]([H])(O[H])[C@]([H])(O[H])[C@]2([H])O[C@]2([H])O[C@]([H])(C([H])([H])O[H])[C@@]([H])(O[H])[C@]([H])(O[H])[C@]2([H])O[C@]2([H])O[C@]([H])(C([H])([H])O[H])[C@@]([H])(O[H])[C@]([H])(O[H])[C@]2([H])O[C@]2([H])O[C@]([H])(C([H])([H])O[H])[C@@]([H])(O[H])[C@]([H])(O[H])[C@]2([H])O[C@:33]([O:32])([C:123])[H:148])[C@@]([H])(O[H])[C@]1([H])O[H]>>[H]O[C@@]1([H])[C@@]([H])(O[H])[C@]([H])(N2:C([H]):N:C3:C(=O):N([H]):C(N([H])[H]):N:C:3:2)O[C@]1([H])C([H])([H])OP(=O)(O[H])OP(=O)(O[H])O[C@@:33]([O:32])([C:123])[H:148],EVODEX-P15355
EVODEX-N5662,[H]O[C@@]1([H])[C@@]([H])(O[H])[C@]([H])(N2:C([H]):C([H]):C(=O):N([H]):C:2=O)O[C@]1([H])C([H])([H])OP(=O)(O[H])OP(=O)(O[H])O[C@@:42]([O:43])([C:51])[H:78]>>[H]OC1:C([H]):C(C2:O:C3:C([H]):C(O[H]):C([H]):C(O[H]):C:3:C(=O):C:2O[C@:42]([O:43])([C:51])[H:78]):C([H]):C(O[H]):C:1O[H],EVODEX-P15359
EVODEX-N5663,>>[H]OC1:C([H]):C(C2:O:C3:C([H]):C(O[H]):C([H]):C(O[H]):C:3:C(=O):C:2O):C([H]):C(O[H]):C:1O[H].[H],EVODEX-P15361
EVODEX-N5664,[H]O[C@@]1([H])[C@@]([H])(O[H])[C@]([H])(N2:C([H]):C([H]):C(=O):N([H]):C:2=O)O[C@]1([H])C([H])([H])OP(=O)(O[H])OP(=O)(O[H])O[C@@:43]([O:44])([C:52])[H:99]>>[H]C1=C2C([H])([H])C([H])([H])[C@@]3([H])[C@]4([H])C([H])([H])C([H])([H])[C@]([H])(C(=O)C([H])([H])O[C@:43]([O:44])([C:52])[H:99])[C@@]4(C([H])([H])[H])C([H])([H])C([H])([H])[C@]3([H])[C@@]2(C([H])([H])[H])C([H])([H])C([H])([H])C1=O,EVODEX-P15364
EVODEX-N5665,>>[H]C1=C2C([H])([H])C([H])([H])[C@@]3([H])[C@]4([H])C([H])([H])C([H])([H])[C@]([H])(C(=O)C([H])([H])O)[C@@]4(C([H])([H])[H])C([H])([H])C([H])([H])[C@]3([H])[C@@]2(C([H])([H])[H])C([H])([H])C([H])([H])C1=O.[H],EVODEX-P15366
EVODEX-N5666,[H]O[C@@]1([H])[C@@]([H])(O[H])[C@]([H])(N2:C([H]):C([H]):C(=O):N([H]):C:2=O)O[C@]1([H])C([H])([H])OP(=O)(O[H])OP(=O)(O[H])O[C@@:45]([O:46])([C:54])[H:101]>>[H]O[C@@]1([H])C([H])([H])[C@@]2(C([H])([H])[H])[C@@]([H])(C([H])([H])C([H])([H])[C@]2(O[H])C(=O)C([H])([H])O[C@:45]([O:46])([C:54])[H:101])[C@]2([H])C([H])([H])C([H])([H])C3=C([H])C(=O)C([H])([H])C([H])([H])[C@]3(C([H])([H])[H])[C@]21[H],EVODEX-P15369
EVODEX-N5667,[#6:3]:[#7&+:4](-[#6@]1(-[#85])-[#8]-[#6@](-[#85])(-[#6](-[#85])(-[#85])-[#8]-[#85])-[#6@@](-[#85])(-[#8]-[#85])-[#6@@]-1(-[#85])-[#8]-[#85]):[#6:14]>>[#6:3]:[#7:4]:[#6:14],"EVODEX-P15373,EVODEX-P15402,EVODEX-P24231,EVODEX-P24238,EVODEX-P24264"
EVODEX-N5668,[H][O:24][P:23]>>[H]OC([H])([H])[C@@]1([H])O[C@]([H])([O:24][P:23])[C@]([H])(O[H])[C@]1([H])O[H],EVODEX-P15376
EVODEX-N5669,[#6:3]:[#7&+:4](-[#6@:5]):[#6:14]>>[#8](-[#6@:5])-[#15](=[#8])(-[#8]-[#85])-[#8]-[#85].[#6:3]:[#7:4]:[#6:14],EVODEX-P15377
EVODEX-N5670,[#6:3]:[#7:4]:[#6:5].[#85]-[#8]-[#15](=[#8])(-[#8]-[#85])-[#8]-[#6@@:18](-[#85:36])(-[#8:19])-[#6@@:25]>>[#6:3]:[#7&+:4](-[#6@:18](-[#85:36])(-[#8:19])-[#6@@:25]):[#6:5],"EVODEX-P15380,EVODEX-P15397,EVODEX-P15408,EVODEX-P15413"
EVODEX-N5671,>>[#85]-[#6](-[#85])(-[#85])-[#7]1:[#6](-[#85]):[#7&+]:[#6]2:[#7]:[#6](-[#7](-[#85])-[#85]):[#7](-[#85]):[#6](=[#8]):[#6]:1:2.[#85],EVODEX-P15381
EVODEX-N5672,[#6:3]:[#7:4]:[#6:5]>>[#6:3]:[#7&+:4](-[#6@]1(-[#85])-[#8]-[#6@](-[#85])(-[#6](-[#85])(-[#85])-[#8]-[#85])-[#6@@](-[#85])(-[#8]-[#85])-[#6@@]-1(-[#85])-[#8]-[#85]):[#6:5],"EVODEX-P15382,EVODEX-P15399,EVODEX-P24225"
EVODEX-N5673,[H]OC([H])([H])[C@@]1([H])O[C@]([H])([O:17][P:14])[C@]([H])(O[H])[C@]1([H])O[H]>>[H][O:17][P:14],EVODEX-P15383
EVODEX-N5674,[H]O[C@@]1([H])[C@@]([H])(O[H])[C@]([H])(N2:C([H]):C(C([H])([H])[H]):C(=O):N([H]):C:2=O)O[C@]1([H])[C:8]([O:9])([H:30])[H:31]>>[H][C:8]([O:9])([H:30])[H:31],EVODEX-P15385
EVODEX-N5675,[H]OC([H])([H])[C@@:7]([O:6])([C:10])[H:29].[H][O:21][P:20]>>[O:6][C@@:7]([C:10])([O:21][P:20])[H:29],EVODEX-P15386
EVODEX-N5676,[H][O:21][P:20]>>[H]O[C@@]1([H])[C@@]([H])(O[H])[C@]([H])(N2:C([H]):C(C([H])([H])[H]):C(=O):N([H]):C:2=O)O[C@]1([H])[O:21][P:20],EVODEX-P15387
EVODEX-N5677,[H]OC([H])([H])[C@@:7]([O:6])([C:10])[H:29]>>[H]OP(=O)(O[H])O[C@@:7]([O:6])([C:10])[H:29],EVODEX-P15388
EVODEX-N5678,[H][C:1]([O:2])([H:24])[H:25].[O:8][C@:9]([O:10])([C:15])[H:33]>>[C:1]([O:2])([C@@:9]([O:8])([C:15])[H:33])([H:24])[H:25].[H][O:10],EVODEX-P15390
EVODEX-N5679,[H]O[C@@]1([H])[C@@]([H])(O[H])[C@]([H])(N2:C([H]):C(C([H])([H])[H]):C(=O):N([H]):C:2=O)O[C@]1([H])[O:10][P:11]>>[H][O:10][P:11],EVODEX-P15391
EVODEX-N5680,[H][C:1]([O:2])([H:24])[H:25].[H]OP(=O)(O[H])O[C@@:9]([O:8])([C:15])[H:33]>>[C:1]([O:2])([C@@:9]([O:8])([C:15])[H:33])([H:24])[H:25],EVODEX-P15392
EVODEX-N5681,[H]OP(=O)(O[H])O[C@@:9]([O:8])([C:15])[H:33]>>[H]OC([H])([H])[C@@:9]([O:8])([C:15])[H:33],EVODEX-P15393
EVODEX-N5682,[H][C:1]([O:2])([H:24])[H:25]>>[H]O[C@@]1([H])[C@@]([H])(O[H])[C@]([H])(N2:C([H]):C(C([H])([H])[H]):C(=O):N([H]):C:2=O)O[C@]1([H])[C:1]([O:2])([H:24])[H:25],EVODEX-P15394
EVODEX-N5683,[H]OP(=O)(O[H])O[C@@:6]([O:7])([C:13])[H:29]>>[H]C1:C([H]):N([C@:6]([O:7])([C:13])[H:29]):C(=O):N([H]):C:1=O,"EVODEX-P15398,EVODEX-P15414"
EVODEX-N5684,[H][O:3][P:2].[N:10][C@:11]([O:12])([C:18])[H:28]>>[P:2][O:3][C@@:11]([O:12])([C:18])[H:28].[H][N:10],"EVODEX-P15401,EVODEX-P15435,EVODEX-P15446,EVODEX-P15456,EVODEX-P15466,EVODEX-P15506,EVODEX-P15558"
EVODEX-N5685,[H][O:3][P:2].[H]C1:C([H]):N([C@:11]([O:12])([C:18])[H:28]):C(=O):N([H]):C:1=O>>[P:2][O:3][C@@:11]([O:12])([C:18])[H:28],EVODEX-P15403
EVODEX-N5686,[H]C1:C([H]):N([C@:11]([O:12])([C:18])[H:28]):C(=O):N([H]):C:1=O>>[H]OP(=O)(O[H])O[C@@:11]([O:12])([C:18])[H:28],EVODEX-P15404
EVODEX-N5687,[H]OC([H])([H])[C@@]1([H])OC([H])([O:14][P:11])C([H])([H])[C@]1([H])O[H]>>[H][O:14][P:11],EVODEX-P15407
EVODEX-N5688,[H]OP(=O)(O[H])O[C:15]([C:16])([O:22])[H:31]>>[H]C1:C(C([H])([H])[H]):C(=O):N([H]):C(=O):N:1[C@@:15]([C:16])([O:22])[H:31],EVODEX-P15409
EVODEX-N5689,[H][N:4](:[C:3]):[C:5]>>[H]OC([H])([H])[C@@]1([H])O[C@@]([H])([N:4](:[C:3]):[C:5])C([H])([H])[C@]1([H])O[H],"EVODEX-P15410,EVODEX-P15415"
EVODEX-N5690,[C:1]([C:2])([H:29])([H:30])[H:31].[H][C:16](:[N:15]):[N:17]>>[C:1]([C:16](:[N:15]):[N:17])([H:29])([H:30])[H:31].[H][C:2],EVODEX-P15417
EVODEX-N5691,[H]C1:C([C:1]([H:29])([H:30])[H:31]):C(=O):N([H]):C(=O):N:1[H].[H][C:16](:[N:15]):[N:17]>>[C:1]([C:16](:[N:15]):[N:17])([H:29])([H:30])[H:31],EVODEX-P15419
EVODEX-N5692,[H]C1:C([C:1]([H:29])([H:30])[H:31]):C(=O):N([H]):C(=O):N:1[H]>>[H]OC([H])([H])[C@@]1([H])O[C@@]([H])(N2:C([C:1]([H:29])([H:30])[H:31]):N:C3:C(=O):N([H]):C(N([H])[H]):N:C:3:2)C([H])([H])[C@]1([H])O[H],EVODEX-P15421
EVODEX-N5693,>>[H]OC([H])([H])[C@@]1([H])O[C@@]([H])(N2:C:N:C3:C(=O):N([H]):C(N([H])[H]):N:C:3:2)C([H])([H])[C@]1([H])O[H].[H],"EVODEX-P15422,EVODEX-P18501"
EVODEX-N5694,[C:1]([C:2])([H:29])([H:30])[H:31].[H][C:23](:[C:22]):[C:24]>>[C:1]([C:23](:[C:22]):[C:24])([H:29])([H:30])[H:31].[H][C:2],EVODEX-P15423
EVODEX-N5695,[H]C([H])([H])[C:2](:[N:3]):[N:12]>>[H][C:2](:[N:3]):[N:12],EVODEX-P15424
EVODEX-N5696,[H]OC([H])([H])[C@@]1([H])O[C@@]([H])(N2:C([C:1]([H:29])([H:30])[H:31]):N:C3:C(=O):N([H]):C(N([H])[H]):N:C:3:2)C([H])([H])[C@]1([H])O[H].[H][C:23](:[C:22]):[C:24]>>[C:1]([C:23](:[C:22]):[C:24])([H:29])([H:30])[H:31],EVODEX-P15425
EVODEX-N5697,[H]OC([H])([H])[C@@]1([H])O[C@@]([H])(N2:C([C:1]([H:29])([H:30])[H:31]):N:C3:C(=O):N([H]):C(N([H])[H]):N:C:3:2)C([H])([H])[C@]1([H])O[H]>>[H]C1:C([C:1]([H:29])([H:30])[H:31]):C(=O):N([H]):C(=O):N:1[H],EVODEX-P15427
EVODEX-N5698,>>[H]C1:C:C(=O):N([H]):C(=O):N:1[H].[H],"EVODEX-P15428,EVODEX-P30502"
EVODEX-N5699,[H]O[C@@]1([H])[C@@]([H])(O[H])[C@@]([H])([O:20][P:21])O[C@]1([H])C([H])([H])OP(=O)(O[H])O[H]>>[H][O:20][P:21],EVODEX-P15430
EVODEX-N5700,[H][N:9](:[C:8]):[C:10].[H]OP(=O)(O[H])OP(=O)(O[H])O[C@@:19]([O:18])([C:29])[H:43]>>[C:8]:[N:9](:[C:10])[C@@:19]([O:18])([C:29])[H:43],"EVODEX-P15431,EVODEX-P15442,EVODEX-P15452,EVODEX-P15462,EVODEX-P15475,EVODEX-P15537,EVODEX-P15554"
EVODEX-N5701,[H]OP(=O)(O[H])OP(=O)(O[H])O[C@@:19]([O:18])([C:29])[H:43]>>[H]C1:N:C(N([H])[H]):C2:C(:N:1):N:C([H]):N:2[C@@:19]([O:18])([C:29])[H:43],EVODEX-P15432
EVODEX-N5702,[H][N:9](:[C:8]):[C:10]>>[H]O[C@@]1([H])[C@@]([H])(O[H])[C@@]([H])([N:9](:[C:8]):[C:10])O[C@]1([H])C([H])([H])OP(=O)(O[H])O[H],"EVODEX-P15433,EVODEX-P15443,EVODEX-P15453,EVODEX-P15463,EVODEX-P15473,EVODEX-P15538,EVODEX-P15556,EVODEX-P15744"
EVODEX-N5703,[#6:7]:[#7&+:8](-[#6@]1(-[#85])-[#8]-[#6@](-[#85])(-[#6](-[#85])(-[#85])-[#8]-[#15](=[#8])(-[#8]-[#85])-[#8]-[#85])-[#6@@](-[#85])(-[#8]-[#85])-[#6@@]-1(-[#85])-[#8]-[#85]):[#6:22]>>[#6:7]:[#7:8]:[#6:22],"EVODEX-P15436,EVODEX-P15449,EVODEX-P15459,EVODEX-P15467,EVODEX-P15476,EVODEX-P15547,EVODEX-P15559"
EVODEX-N5704,[H]C1:N:C(N([H])[H]):C2:C(:N:1):N:C([H]):N:2[C@@:10]([O:11])([C:21])[H:37].[H][O:26][P:25]>>[C@@:10]([O:11])([C:21])([O:26][P:25])[H:37],EVODEX-P15437
EVODEX-N5705,[H][O:26][P:25]>>[H]O[C@@]1([H])[C@@]([H])(O[H])[C@@]([H])([O:26][P:25])O[C@]1([H])C([H])([H])OP(=O)(O[H])O[H],"EVODEX-P15438,EVODEX-P15690"
EVODEX-N5706,[H]C1:N:C(N([H])[H]):C2:C(:N:1):N:C([H]):N:2[C@@:10]([O:11])([C:21])[H:37]>>[H]OP(=O)(O[H])OP(=O)(O[H])O[C@@:10]([O:11])([C:21])[H:37],EVODEX-P15439
EVODEX-N5707,>>[H]OP(O)(=O)OP(=O)(O[H])O[H].[H],"EVODEX-P15440,EVODEX-P15450,EVODEX-P15460,EVODEX-P15470,EVODEX-P15510,EVODEX-P15562,EVODEX-P16050,EVODEX-P19560,EVODEX-P19620,EVODEX-P19630,EVODEX-P19640,EVODEX-P19650,EVODEX-P19671,EVODEX-P19681,EVODEX-P19696,EVODEX-P19708,EVODEX-P19718,EVODEX-P19728,EVODEX-P19744,EVODEX-P19756,EVODEX-P19766,EVODEX-P19776,EVODEX-P19786,EVODEX-P19813,EVODEX-P19823,EVODEX-P19833,EVODEX-P19863,EVODEX-P19877,EVODEX-P19899,EVODEX-P19930,EVODEX-P20082,EVODEX-P20352,EVODEX-P22947,EVODEX-P31441,EVODEX-P31924,EVODEX-P33168"
EVODEX-N5708,[H]OP(=O)(O[H])OP(=O)(O[H])O[C@@:9]([O:8])([C:19])[H:39]>>[H]C1:N:C2:C(:C(=O):N([H]):C(=O):N:2[H]):N:1[C@@:9]([O:8])([C:19])[H:39],EVODEX-P15444
EVODEX-N5709,[H]C1:N:C2:C(:C(=O):N([H]):C(=O):N:2[H]):N:1[C@@:20]([O:21])([C:31])[H:36].[H][O:3][P:2]>>[P:2][O:3][C@@:20]([O:21])([C:31])[H:36],EVODEX-P15447
EVODEX-N5710,[H]C1:N:C2:C(:C(=O):N([H]):C(=O):N:2[H]):N:1[C@@:20]([O:21])([C:31])[H:36]>>[H]OP(=O)(O[H])OP(=O)(O[H])O[C@@:20]([O:21])([C:31])[H:36],EVODEX-P15448
EVODEX-N5711,[H]OP(=O)(O[H])OP(=O)(O[H])O[C@@:9]([O:8])([C:19])[H:37]>>[H]C1:C(F):C(=O):N([H]):C(=O):N:1[C@:9]([O:8])([C:19])[H:37],EVODEX-P15454
EVODEX-N5712,[H]C1:C(F):C(=O):N([H]):C(=O):N:1[C@:16]([O:17])([C:27])[H:34].[H][O:3][P:2]>>[P:2][O:3][C@@:16]([O:17])([C:27])[H:34],EVODEX-P15457
EVODEX-N5713,[H]C1:C(F):C(=O):N([H]):C(=O):N:1[C@:16]([O:17])([C:27])[H:34]>>[H]OP(=O)(O[H])OP(=O)(O[H])O[C@@:16]([O:17])([C:27])[H:34],EVODEX-P15458
EVODEX-N5714,[H]OP(=O)(O[H])OP(=O)(O[H])O[C@@:20]([O:19])([C:30])[H:39]>>[H]OC(=O)C1:C([H]):C(=O):N([H]):C(=O):N:1[C@:20]([O:19])([C:30])[H:39],EVODEX-P15464
EVODEX-N5715,[H]OC(=O)C1:C([H]):C(=O):N([H]):C(=O):N:1[C@:12]([O:13])([C:23])[H:37].[H][O:27][P:26]>>[C@@:12]([O:13])([C:23])([O:27][P:26])[H:37],EVODEX-P15468
EVODEX-N5716,[H]OC(=O)C1:C([H]):C(=O):N([H]):C(=O):N:1[C@:12]([O:13])([C:23])[H:37]>>[H]OP(=O)(O[H])OP(=O)(O[H])O[C@@:12]([O:13])([C:23])[H:37],EVODEX-P15469
EVODEX-N5717,>>[#85]-[#7](-[#85])-[#6](=[#8])-[#6]1:[#6](-[#85]):[#6](-[#85]):[#6](-[#85]):[#7&+]:[#6]:1-[#85].[#85],"EVODEX-P15474,EVODEX-P15608"
EVODEX-N5718,[#6:7]:[#7&+:8](-[#6@:9]):[#6:22]>>[#8](-[#6@:9])-[#15](=[#8])(-[#8]-[#85])-[#8]-[#15](=[#8])(-[#8]-[#85])-[#8]-[#85].[#6:7]:[#7:8]:[#6:22],"EVODEX-P15478,EVODEX-P15873"
EVODEX-N5719,[H][O:3][P:2].[C:9]1:[C:10](=[O:11]):[N:12]:[C:13]:[N:15]([C@:16]([O:17])([C:23])[H:33]):[C:25]:1>>[P:2][O:3][C@@:16]([O:17])([C:23])[H:33].[H][O:11][C:10]1:[C:9]:[C:25]:[N:15]:[C:13]:[N:12]:1,EVODEX-P15481
EVODEX-N5720,[H]OC([H])([H])[C@@]1([H])O[C@@]([H])([N:15]2:[C:13]:[N:12]:[C:10](=[O:11]):[C:9]:[C:25]:2)[C@]([H])(O[H])[C@]1([H])O[H]>>[H][O:11][C:10]1:[C:9]:[C:25]:[N:15]:[C:13]:[N:12]:1,EVODEX-P15482
EVODEX-N5721,[H][O:3][P:2].[H]N1:C(=O):C2:C(:N([H]):C(=O):N:2[H]):N([C@:16]([O:17])([C:23])[H:33]):C:1=O>>[P:2][O:3][C@@:16]([O:17])([C:23])[H:33],EVODEX-P15483
EVODEX-N5722,[H]N1:C(=O):C2:C(:N([H]):C(=O):N:2[H]):N([C@:16]([O:17])([C:23])[H:33]):C:1=O>>[H]OP(=O)(O[H])O[C@@:16]([O:17])([C:23])[H:33],EVODEX-P15484
EVODEX-N5723,[C:9]1:[C:10](=[O:11]):[N:12]:[C:13]:[N:15]([C:16]):[C:25]:1>>[H]OP(=O)(O[H])O[C:16].[H][O:11][C:10]1:[C:9]:[C:25]:[N:15]:[C:13]:[N:12]:1,EVODEX-P15485
EVODEX-N5724,[H][O:3][As:2].[C:9]1:[C:10](=[O:11]):[N:12]:[C:13]:[N:15]([C@:16]([O:17])([C:23])[H:33]):[C:25]:1>>[As:2][O:3][C@:16]([O:17])([C:23])[H:33].[H][O:11][C:10]1:[C:9]:[C:25]:[N:15]:[C:13]:[N:12]:1,EVODEX-P15486
EVODEX-N5725,[H][O:3][As:2].[H]N1:C(=O):C2:C(:N([H]):C(=O):N:2[H]):N([C@:16]([O:17])([C:23])[H:33]):C:1=O>>[As:2][O:3][C@:16]([O:17])([C:23])[H:33],EVODEX-P15487
EVODEX-N5726,[H]N1:C(=O):C2:C(:N([H]):C(=O):N:2[H]):N([C@:16]([O:17])([C:23])[H:33]):C:1=O>>[H]O[As](=O)(O[H])O[C@:16]([O:17])([C:23])[H:33],EVODEX-P15488
EVODEX-N5727,[H][O:3][As:2]>>[H]OC([H])([H])[C@@]1([H])O[C@@]([H])([O:3][As:2])[C@]([H])(O[H])[C@]1([H])O[H],EVODEX-P15489
EVODEX-N5728,[C:9]1:[C:10](=[O:11]):[N:12]:[C:13]:[N:15]([C:16]):[C:25]:1>>[H]O[As](=O)(O[H])O[C:16].[H][O:11][C:10]1:[C:9]:[C:25]:[N:15]:[C:13]:[N:12]:1,EVODEX-P15490
EVODEX-N5729,[H][N:1]([C:2](:[N:3]:[C:4]):[C:7])[H:54].[O:39][C@:40]([O:41])([C:50])[H:75]>>[N:1](=[C:2](:[N:3](:[C:4])[C@:40]([O:39])([C:50])[H:75]):[C:7])[H:54].[H][O:41],EVODEX-P15491
EVODEX-N5730,[H][N:1]([C:2](:[N:3]:[C:4]):[C:7])[H:54].[H]OP(=O)(O[H])OP(=O)(O[H])O[C@@:40]([O:39])([C:50])[H:75]>>[N:1](=[C:2](:[N:3](:[C:4])[C@:40]([O:39])([C:50])[H:75]):[C:7])[H:54],EVODEX-P15492
EVODEX-N5731,[H]OP(=O)(O[H])OP(=O)(O[H])O[C@@:40]([O:39])([C:50])[H:75]>>[H]N=C1:C2:N:C([H]):N([C@]3([H])O[C@]([H])(C([H])([H])OP(=O)(O[H])OP(=O)(O[H])OP(=O)(O[H])O[H])[C@@]([H])(O[H])[C@@]3([H])O[H]):C:2:N:C([H]):N:1[C@:40]([O:39])([C:50])[H:75],EVODEX-P15493
EVODEX-N5732,[H][N:1]([C:2](:[N:3]:[C:4]):[C:7])[H:54]>>[H]O[C@@]1([H])[C@@]([H])(O[H])[C@]([H])([N:3](:[C:2](=[N:1][H:54]):[C:7]):[C:4])O[C@]1([H])C([H])([H])OP(=O)(O[H])O[H],EVODEX-P15494
EVODEX-N5733,[N:1](=[C:2](:[C:3]):[N:31](:[C:30])[C@:32]([O:33])([C:43])[H:69])[H:54].[H][O:47][P:46]>>[C@@:32]([O:33])([C:43])([O:47][P:46])[H:69].[H][N:1]([C:2](:[C:3]):[N:31]:[C:30])[H:54],EVODEX-P15496
EVODEX-N5734,[H]O[C@@]1([H])[C@@]([H])(O[H])[C@]([H])([N:31](:[C:2](=[N:1][H:54]):[C:3]):[C:30])O[C@]1([H])C([H])([H])OP(=O)(O[H])O[H]>>[H][N:1]([C:2](:[C:3]):[N:31]:[C:30])[H:54],EVODEX-P15497
EVODEX-N5735,[H]N=C1:C2:N:C([H]):N([C@]3([H])O[C@]([H])(C([H])([H])OP(=O)(O[H])OP(=O)(O[H])OP(=O)(O[H])O[H])[C@@]([H])(O[H])[C@@]3([H])O[H]):C:2:N:C([H]):N:1[C@:32]([O:33])([C:43])[H:69].[H][O:47][P:46]>>[C@@:32]([O:33])([C:43])([O:47][P:46])[H:69],EVODEX-P15498
EVODEX-N5736,[H]N=C1:C2:N:C([H]):N([C@]3([H])O[C@]([H])(C([H])([H])OP(=O)(O[H])OP(=O)(O[H])OP(=O)(O[H])O[H])[C@@]([H])(O[H])[C@@]3([H])O[H]):C:2:N:C([H]):N:1[C@:32]([O:33])([C:43])[H:69]>>[H]OP(=O)(O[H])OP(=O)(O[H])O[C@@:32]([O:33])([C:43])[H:69],EVODEX-P15499
EVODEX-N5737,[N:1](=[C:2](:[C:3]):[N:31](:[C:30])[C:32])[H:54]>>[H]OP(=O)(O[H])OP(=O)(O[H])O[C:32].[H][N:1]([C:2](:[C:3]):[N:31]:[C:30])[H:54],EVODEX-P15500
EVODEX-N5738,[H][N:1]([C:2])[H:33].[H]OP(=O)(O[H])OP(=O)(O[H])O[C@@:19]([O:18])([C:29])[H:45]>>[N:1]([C:2])([C@:19]([O:18])([C:29])[H:45])[H:33],EVODEX-P15502
EVODEX-N5739,[H]OP(=O)(O[H])OP(=O)(O[H])O[C@@:19]([O:18])([C:29])[H:45]>>[H]OC(=O)C1:C([H]):C([H]):C([H]):C([H]):C:1N([H])[C@:19]([O:18])([C:29])[H:45],EVODEX-P15503
EVODEX-N5740,[H][N:1]([C:2])[H:33]>>[H]O[C@@]1([H])[C@@]([H])(O[H])[C@]([H])([N:1]([C:2])[H:33])O[C@]1([H])C([H])([H])OP(=O)(O[H])O[H],EVODEX-P15504
EVODEX-N5741,[H]O[C@@]1([H])[C@@]([H])(O[H])[C@]([H])([N:10]([C:9])[H:38])O[C@]1([H])C([H])([H])OP(=O)(O[H])O[H]>>[H][N:10]([C:9])[H:38],EVODEX-P15507
EVODEX-N5742,[H]OC(=O)C1:C([H]):C([H]):C([H]):C([H]):C:1N([H])[C@:11]([O:12])([C:22])[H:39].[H][O:26][P:25]>>[C@@:11]([O:12])([C:22])([O:26][P:25])[H:39],EVODEX-P15508
EVODEX-N5743,[H]OC(=O)C1:C([H]):C([H]):C([H]):C([H]):C:1N([H])[C@:11]([O:12])([C:22])[H:39]>>[H]OP(=O)(O[H])OP(=O)(O[H])O[C@@:11]([O:12])([C:22])[H:39],EVODEX-P15509
EVODEX-N5744,[#6:4]:[#6:9](:[#7:8]:[#6:7])-[#6](=[#8])-[#8]-[#85]>>[#6:4]:[#6:9](:[#7&+:8](:[#6:7])-[#6@]1(-[#85])-[#8]-[#6@](-[#85])(-[#6](-[#85])(-[#85])-[#8]-[#15](=[#8])(-[#8]-[#85])-[#8]-[#85])-[#6@@](-[#85])(-[#8]-[#85])-[#6@@]-1(-[#85])-[#8]-[#85])-[#85],EVODEX-P15512
EVODEX-N5745,[#8:20]-[#6@:21](-[#85:40])(-[#8:22])-[#6@:31].[#6:7]:[#7:8]:[#6:9]-[#6:10](=[#8:11])-[#8:12]-[#85]>>[#6:10](=[#8:11])=[#8:12].[#6:7]:[#7&+:8](-[#6@:21](-[#85:40])(-[#8:20])-[#6@@:31]):[#6:9]-[#85].[#85]-[#8:22],EVODEX-P15513
EVODEX-N5746,[#8:20]-[#6@:21](-[#85:40])(-[#8]-[#15](=[#8])(-[#8]-[#85])-[#8]-[#15](=[#8])(-[#8]-[#85])-[#8]-[#85])-[#6@:31].[#6:7]:[#7:8]:[#6:9]-[#6:10](=[#8:11])-[#8:12]-[#85]>>[#6:10](=[#8:11])=[#8:12].[#6:7]:[#7&+:8](-[#6@:21](-[#85:40])(-[#8:20])-[#6@@:31]):[#6:9]-[#85],EVODEX-P15514
EVODEX-N5747,[H]O[C@@]1([H])[C@@]([H])(O[H])[C@@]([H])([O:22][P:23])O[C@]1([H])C([H])([H])OP(=O)(O[H])O[H].[H]OC(=O)C1:C([C:10](=[O:11])[O:12][H]):N:C([H]):C([H]):C:1[H]>>[C:10](=[O:11])=[O:12].[H][O:22][P:23],EVODEX-P15515
EVODEX-N5748,[#8:20]-[#6@:21](-[#85:40])(-[#8:22])-[#6@:31].[#6:4]:[#6:9](:[#7:8]:[#6:7])-[#6](=[#8])-[#8]-[#85]>>[#6:4]:[#6:9](:[#7&+:8](:[#6:7])-[#6@:21](-[#85:40])(-[#8:20])-[#6@@:31])-[#85].[#85]-[#8:22],EVODEX-P15516
EVODEX-N5749,[H]OC(=O)C1:C([C:10](=[O:11])[O:12][H]):N:C([H]):C([H]):C:1[H]>>[C:10](=[O:11])=[O:12],EVODEX-P15517
EVODEX-N5750,[#8:20]-[#6@:21](-[#85:40])(-[#8]-[#15](=[#8])(-[#8]-[#85])-[#8]-[#15](=[#8])(-[#8]-[#85])-[#8]-[#85])-[#6@:31].[#6:4]:[#6:9](:[#7:8]:[#6:7])-[#6](=[#8])-[#8]-[#85]>>[#6:4]:[#6:9](:[#7&+:8](:[#6:7])-[#6@:21](-[#85:40])(-[#8:20])-[#6@@:31])-[#85],EVODEX-P15519
EVODEX-N5751,[#6:7]:[#7:8]:[#6:9]-[#6:10](=[#8:11])-[#8:12]-[#85]>>[#6:10](=[#8:11])=[#8:12].[#6:7]:[#7&+:8](-[#6@]1(-[#85])-[#8]-[#6@](-[#85])(-[#6](-[#85])(-[#85])-[#8]-[#15](=[#8])(-[#8]-[#85])-[#8]-[#85])-[#6@@](-[#85])(-[#8]-[#85])-[#6@@]-1(-[#85])-[#8]-[#85]):[#6:9]-[#85],EVODEX-P15520
EVODEX-N5752,[#6:4]:[#6:22](:[#7&+:8](:[#6:7])-[#6@:9](-[#85:39])(-[#8:10])-[#6@@:20])-[#85].[#8:23]=[#6:24]=[#8:25].[#85]-[#8:28]-[#15:27]>>[#85:39]-[#6@:9](-[#8:28]-[#15:27])(-[#8:10])-[#6@@:20].[#6:4]:[#6:22](:[#7:8]:[#6:7])-[#6:24](-[#8:23]-[#85])=[#8:25],EVODEX-P15523
EVODEX-N5753,[#6:4]:[#6:22](:[#7&+:8](:[#6:7])-[#6@]1(-[#85])-[#8]-[#6@](-[#85])(-[#6](-[#85])(-[#85])-[#8]-[#15](=[#8])(-[#8]-[#85])-[#8]-[#85])-[#6@@](-[#85])(-[#8]-[#85])-[#6@@]-1(-[#85])-[#8]-[#85])-[#85]>>[#6:4]:[#6:22](:[#7:8]:[#6:7])-[#6](-[#8]-[#85])=[#8],EVODEX-P15524
EVODEX-N5754,[#6:4]:[#6:22](:[#7&+:8](:[#6:7])-[#6@:9](-[#85:39])(-[#8:10])-[#6@@:20])-[#85].[#85]-[#8:28]-[#15:27]>>[#85:39]-[#6@:9](-[#8:28]-[#15:27])(-[#8:10])-[#6@@:20].[#6:4]:[#6:22](:[#7:8]:[#6:7])-[#6](-[#8]-[#85])=[#8],EVODEX-P15525
EVODEX-N5755,[#6:4]:[#6:22](:[#7&+:8](:[#6:7])-[#6@:9])-[#85]>>[#8](-[#6@:9])-[#15](=[#8])(-[#8]-[#85])-[#8]-[#15](=[#8])(-[#8]-[#85])-[#8]-[#85].[#6:4]:[#6:22](:[#7:8]:[#6:7])-[#6](-[#8]-[#85])=[#8],EVODEX-P15526
EVODEX-N5756,[#6:4]:[#6:22](:[#7&+:8](:[#6:7])-[#6@]1(-[#85])-[#8]-[#6@](-[#85])(-[#6](-[#85])(-[#85])-[#8]-[#15](=[#8])(-[#8]-[#85])-[#8]-[#85])-[#6@@](-[#85])(-[#8]-[#85])-[#6@@]-1(-[#85])-[#8]-[#85])-[#85].[#8:23]=[#6:24]=[#8:25]>>[#6:4]:[#6:22](:[#7:8]:[#6:7])-[#6:24](-[#8:23]-[#85])=[#8:25],EVODEX-P15527
EVODEX-N5757,[#6:4]:[#6:22](:[#7&+:8](:[#6:7])-[#6@:9])-[#85].[#8:23]=[#6:24]=[#8:25]>>[#8](-[#6@:9])-[#15](=[#8])(-[#8]-[#85])-[#8]-[#15](=[#8])(-[#8]-[#85])-[#8]-[#85].[#6:4]:[#6:22](:[#7:8]:[#6:7])-[#6:24](-[#8:23]-[#85])=[#8:25],EVODEX-P15528
EVODEX-N5758,[O:23]=[C:24]=[O:25].[H][O:28][P:27]>>[H]O[C@@]1([H])[C@@]([H])(O[H])[C@@]([H])([O:28][P:27])O[C@]1([H])C([H])([H])OP(=O)(O[H])O[H].[H]OC(=O)C1:C([C:24]([O:23][H])=[O:25]):N:C([H]):C([H]):C:1[H],EVODEX-P15529
EVODEX-N5759,[O:23]=[C:24]=[O:25]>>[H]OC(=O)C1:C([C:24]([O:23][H])=[O:25]):N:C([H]):C([H]):C:1[H],EVODEX-P15530
EVODEX-N5760,[O:8][C@:9]([O:10])([C:19])[H:39].[H][O:32][C:31]1:[C:30]:[C:26]:[N:25]:[C:24]:[N:33]:1>>[O:8][C@:9]([C:19])([N:25]1:[C:24]:[N:33]:[C:31](=[O:32]):[C:30]:[C:26]:1)[H:39].[H][O:10],EVODEX-P15531
EVODEX-N5761,[H]OP(=O)(O[H])OP(=O)(O[H])O[C@@:9]([O:8])([C:19])[H:39].[H][O:32][C:31]1:[C:30]:[C:26]:[N:25]:[C:24]:[N:33]:1>>[O:8][C@:9]([C:19])([N:25]1:[C:24]:[N:33]:[C:31](=[O:32]):[C:30]:[C:26]:1)[H:39],EVODEX-P15532
EVODEX-N5762,[H][O:32][C:31]1:[C:30]:[C:26]:[N:25]:[C:24]:[N:33]:1>>[H]O[C@@]1([H])[C@@]([H])(O[H])[C@]([H])([N:25]2:[C:24]:[N:33]:[C:31](=[O:32]):[C:30]:[C:26]:2)O[C@]1([H])C([H])([H])OP(=O)(O[H])O[H],EVODEX-P15533
EVODEX-N5763,[H]OP(=O)(O[H])OP(=O)(O[H])O[C@@:9]([O:8])([C:19])[H:39]>>[H]C1:N:C2:C(=O):N([H]):C(=O):N([C@:9]([O:8])([C:19])[H:39]):C:2:N:1[H],EVODEX-P15534
EVODEX-N5764,[H]OP(=O)(O[H])OP(=O)(O[H])O[C@@:9]([O:8])([C:19])[H:40]>>[H]N1:C(=O):C2:C(:N([H]):C(=O):N:2[H]):N([C@:9]([O:8])([C:19])[H:40]):C:1=O,EVODEX-P15539
EVODEX-N5765,[#6:6]:[#7:7](-[#85]):[#6:8].[#6:18]:[#7&+:19](-[#6@:20](-[#85:71])(-[#8:21])-[#6@@:53]):[#6:55]>>[#6:6]:[#7:7](-[#6@@:20](-[#85:71])(-[#8:21])-[#6@@:53]):[#6:8].[#6:18]:[#7:19]:[#6:55],"EVODEX-P15541,EVODEX-P15741,EVODEX-P15843"
EVODEX-N5766,[#6:18]:[#7&+:19](-[#6@:20]):[#6:55]>>[#85]-[#6](-[#85])(-[#85])-[#6]1:[#6](-[#85]):[#6]2:[#7]:[#6](-[#85]):[#7](-[#6@@:20]):[#6]:2:[#6](-[#85]):[#6]:1-[#6](-[#85])(-[#85])-[#85].[#6:18]:[#7:19]:[#6:55],"EVODEX-P15542,EVODEX-P15742"
EVODEX-N5767,[H][N:7](:[C:6]):[C:8]>>[H]O[C@@]1([H])[C@@]([H])(O[H])[C@]([H])(N2:C([H]):N:C3:C(N([H])[H]):N:C([H]):N:C:3:2)O[C@]1([H])C([H])([H])OP(=O)(O[H])OP(=O)(O[H])OC([H])([H])[C@@]1([H])O[C@]([H])([N:7](:[C:6]):[C:8])[C@]([H])(O[H])[C@]1([H])O[H],"EVODEX-P15544,EVODEX-P15607"
EVODEX-N5768,[#6:18]:[#7&+:19](-[#6@]1(-[#85])-[#8]-[#6@](-[#85])(-[#6](-[#85])(-[#85])-[#8]-[#15](=[#8])(-[#8]-[#85])-[#8]-[#15](=[#8])(-[#8]-[#85])-[#8]-[#6](-[#85])(-[#85])-[#6@@]2(-[#85])-[#8]-[#6@@](-[#85])(-[#7]3:[#6](-[#85]):[#7]:[#6]4:[#6](-[#7](-[#85])-[#85]):[#7]:[#6](-[#85]):[#7]:[#6]:3:4)-[#6@](-[#85])(-[#8]-[#85])-[#6@]-2(-[#85])-[#8]-[#85])-[#6@@](-[#85])(-[#8]-[#85])-[#6@@]-1(-[#85])-[#8]-[#85]):[#6:55]>>[#6:18]:[#7:19]:[#6:55],EVODEX-P15546
EVODEX-N5769,[#6:7]:[#7&+:8](-[#6@:9](-[#85:36])(-[#8:10])-[#6@@:20]):[#6:22].[#6:26]1:[#7:27](-[#85]):[#6:28]:[#7:29]:[#6:30]:1>>[#85:36]-[#6@:9](-[#7:29]1:[#6:28]:[#7:27]:[#6:26]:[#6:30]:1)(-[#8:10])-[#6@@:20].[#6:7]:[#7:8]:[#6:22],EVODEX-P15548
EVODEX-N5770,[#6:7]:[#7&+:8](-[#6@:9]):[#6:22]>>[#7]1(-[#6@:9]):[#6](-[#85]):[#7]:[#6]2:[#6](-[#85]):[#6](-[#85]):[#6](-[#85]):[#6](-[#85]):[#6]:1:2.[#6:7]:[#7:8]:[#6:22],EVODEX-P15549
EVODEX-N5771,[H][N:27]1:[C:26]:[C:30]:[N:29]:[C:28]:1>>[H]O[C@@]1([H])[C@@]([H])(O[H])[C@@]([H])([N:29]2:[C:28]:[N:27]:[C:26]:[C:30]:2)O[C@]1([H])C([H])([H])OP(=O)(O[H])O[H],EVODEX-P15552
EVODEX-N5772,[H]OP(=O)(O[H])OP(=O)(O[H])O[C@@:20]([O:19])([C:30])[H:44]>>[H]N=C1:N([H]):C(=O):C2:N:C([H]):N([C@:20]([O:19])([C:30])[H:44]):C:2:N:1[H],EVODEX-P15555
EVODEX-N5773,[H]N=C1:N([H]):C(=O):C2:N:C([H]):N([C@:10]([O:11])([C:21])[H:37]):C:2:N:1[H].[H][O:27][P:26]>>[C@@:10]([O:11])([C:21])([O:27][P:26])[H:37],EVODEX-P15560
EVODEX-N5774,[H]N=C1:N([H]):C(=O):C2:N:C([H]):N([C@:10]([O:11])([C:21])[H:37]):C:2:N:1[H]>>[H]OP(=O)(O[H])OP(=O)(O[H])O[C@@:10]([O:11])([C:21])[H:37],EVODEX-P15561
EVODEX-N5775,[H]O[C@@]1([H])[C@@]([H])(O[H])[C@]([H])(N2:C([H]):C([H]):C(=O):N([H]):C:2=O)O[C@]1([H])C([H])([H])OP(=O)(O[H])OP(=O)(O[H])O[C@@:55]([O:54])([C:81])[H:123]>>[H]OC(=O)[C@@]1([H])O[C@@]([H])(O[H])[C@]([H])(O[H])[C@@]([H])(O[H])[C@@]1([H])O[C@]1([H])O[C@]([H])(C(=O)O[H])[C@]([H])(O[C@]2([H])O[C@]([H])(C(=O)O[H])[C@]([H])(O[C@]3([H])O[C@]([H])(C(=O)O[H])[C@]([H])(O[C@:55]([O:54])([C:81])[H:123])[C@]([H])(O[H])[C@@]3([H])O[H])[C@]([H])(O[H])[C@@]2([H])O[H])[C@]([H])(O[H])[C@@]1([H])O[H],EVODEX-P15565
EVODEX-N5776,>>[H]OC(=O)[C@@]1([H])O[C@@]([H])(O[C@]2([H])[C@]([H])(O[H])[C@@]([H])(O[H])[C@]([H])(O[C@]3([H])[C@]([H])(O[H])[C@@]([H])(O[H])[C@]([H])(O[C@]4([H])[C@]([H])(O[H])[C@@]([H])(O[H])[C@]([H])(O[H])O[C@]4([H])C(=O)O[H])O[C@]3([H])C(=O)O[H])O[C@]2([H])C(=O)O[H])[C@]([H])(O[H])[C@@]([H])(O[H])[C@@]1([H])O.[H],EVODEX-P15567
EVODEX-N5777,[H]O[C@@]1([H])[C@@]([H])(O[H])[C@]([H])(N2:C([H]):C([H]):C(=O):N([H]):C:2=O)O[C@]1([H])C([H])([H])OP(=O)(O[H])OP(=O)(O[H])O[C@@:19]([O:20])([C:26])[H:77]>>[H]O[C@@]1([H])[C@]([H])(O[C@]2([H])C([H])([H])O[C@@]([H])(N([H])C3:N:C([H]):C([H]):C([H]):C:3[H])[C@]([H])(O[H])[C@@]2([H])O[H])OC([H])([H])[C@@]([H])(O[C@]2([H])OC([H])([H])[C@@]([H])(O[C@:19]([O:20])([C:26])[H:77])[C@]([H])(O[H])[C@@]2([H])O[H])[C@]1([H])O[H],EVODEX-P15571
EVODEX-N5778,>>[H]O[C@@]1([H])[C@]([H])(O[C@]2([H])C([H])([H])O[C@@]([H])(O[C@]3([H])C([H])([H])O[C@@]([H])(N([H])C4:N:C([H]):C([H]):C([H]):C:4[H])[C@]([H])(O[H])[C@@]3([H])O[H])[C@]([H])(O[H])[C@@]2([H])O[H])OC([H])([H])[C@@]([H])(O)[C@]1([H])O[H].[H],EVODEX-P15572
EVODEX-N5779,[H]OC([H])([H])[C@@]1(O[H])C([H])([H])O[C@]([H])([O:49][P:46])[C@]1([H])O[H]>>[H][O:49][P:46],EVODEX-P15574
EVODEX-N5780,[H]O[C@@]1([H])[C@@]([H])(O[H])[C@]([H])(N2:C([H]):C([H]):C(=O):N([H]):C:2=O)O[C@]1([H])C([H])([H])OP(=O)(O[H])OP(=O)(O[H])O[C@@:50]([O:51])([C:57])[H:94]>>[H]OC1:C([H]):C([H]):C(C2:O:C3:C([H]):C(O[C@]4([H])O[C@]([H])(C([H])([H])O[H])[C@@]([H])(O[H])[C@]([H])(O[H])[C@@]4([H])O[C@:50]([O:51])([C:57])[H:94]):C([H]):C(O[H]):C:3:C(=O):C:2[H]):C([H]):C:1[H],EVODEX-P15576
EVODEX-N5781,[H][O:27][C:26]>>[H]OC([H])([H])[C@@]1(O[H])C([H])([H])O[C@@]([H])([O:27][C:26])[C@]1([H])O[H],EVODEX-P15577
EVODEX-N5782,>>[H]OC1:C([H]):C([H]):C(C2:O:C3:C([H]):C(O[C@]4([H])O[C@]([H])(C([H])([H])O[H])[C@@]([H])(O[H])[C@]([H])(O[H])[C@@]4([H])O):C([H]):C(O[H]):C:3:C(=O):C:2[H]):C([H]):C:1[H].[H],EVODEX-P15578
EVODEX-N5783,[H]O[C@@]1([H])[C@@]([H])(O[H])[C@]([H])(N2:C([H]):C([H]):C(=O):N([H]):C:2=O)O[C@]1([H])C([H])([H])OP(=O)(O[H])OP(=O)(O[H])O[C@@:48]([O:49])([C:55])[H:98]>>[H]OC(=O)C([H])([H])N([H])C(=O)[C@@]([H])(N([H])C(=O)C([H])([H])N([H])C(=O)[C@@]([H])(N([H])C(=O)C([H])([H])N([H])C(=O)[C@@]([H])(N([H])[H])C([H])([H])O[C@@:48]([O:49])([C:55])[H:98])C([H])([H])[H])C([H])([H])[H],EVODEX-P15586
EVODEX-N5784,>>[H]OC(=O)C([H])([H])N([H])C(=O)[C@@]([H])(N([H])C(=O)C([H])([H])N([H])C(=O)[C@@]([H])(N([H])C(=O)C([H])([H])N([H])C(=O)[C@@]([H])(N([H])[H])C([H])([H])O)C([H])([H])[H])C([H])([H])[H].[H],EVODEX-P15588
EVODEX-N5785,[H]OC([H])([H])[C@]1(O[H])[C@@]([H])(O[H])[C@@]([H])([O:19][P:16])O[C@@]1([H])C([H])([H])[H]>>[H][O:19][P:16],EVODEX-P15590
EVODEX-N5786,[H][O:42][C:41]>>[H]OC([H])([H])[C@]1(O[H])[C@@]([H])(O[H])[C@]([H])([O:42][C:41])O[C@@]1([H])C([H])([H])[H],EVODEX-P15592
EVODEX-N5787,[H]O[C@@]1([H])C([H])([H])[C@]([H])(N2:C([H]):C(C([H])([H])[H]):C(=O):N([H]):C:2=O)O[C@]1([H])C([H])([H])OP(=O)(O[H])OP(=O)(O[H])O[C@@:20]([O:21])([C:28])[H:72]>>[H]N=C(N([H])[H])N([H])[C@@]1([H])[C@]([H])(O[H])[C@@]([H])(N([H])C(=N[H])N([H])[H])[C@]([H])(O[C@:20]([O:21])([C:28])[H:72])[C@@]([H])(O[H])[C@]1([H])OP(=O)(O[H])O[H],EVODEX-P15593
EVODEX-N5788,>>[H]N=C(N([H])[H])N([H])[C@]1([H])[C@@]([H])(OP(=O)(O[H])O[H])[C@]([H])(O[H])[C@@]([H])(O)[C@]([H])(N([H])C(=N[H])N([H])[H])[C@@]1([H])O[H].[H],EVODEX-P15594
EVODEX-N5789,[#6:7]:[#7&+:8](-[#6@:9](-[#85:51])(-[#8:10])-[#6@@:42]):[#6:44].[#85:74]-[#8:45]-[#85]>>[#85:51]-[#6@@:9](-[#8:45]-[#85:74])(-[#8:10])-[#6@@:42].[#6:7]:[#7:8]:[#6:44],"EVODEX-P15595,EVODEX-P24227,EVODEX-P24232,EVODEX-P24239,EVODEX-P24242,EVODEX-P24247,EVODEX-P24252,EVODEX-P24261"
EVODEX-N5790,[#6:3]:[#7&+:4](-[#6@:5]):[#6:14]>>[#6:3]:[#7:4]:[#6:14].[#6:5]-[#8]-[#85],"EVODEX-P15596,EVODEX-P24230,EVODEX-P24233,EVODEX-P24237,EVODEX-P24243,EVODEX-P24248,EVODEX-P24253,EVODEX-P24265"
EVODEX-N5791,[H][O:45][H:74]>>[H]O[C@@]1([H])[C@@]([H])(O[H])[C@]([H])(N2:C([H]):N:C3:C(N([H])[H]):N:C([H]):N:C:3:2)O[C@]1([H])C([H])([H])OP(=O)(O[H])OP(=O)(O[H])OC([H])([H])[C@@]1([H])O[C@@]([H])([O:45][H:74])[C@]([H])(O[H])[C@]1([H])O[H],EVODEX-P15599
EVODEX-N5792,[#6:16]:[#7&+:17](-[#6@:18]):[#6:53]>>[#6:16]:[#7:17]:[#6:53].[#85]-[#7]=[#6](-[#7](-[#85])-[#6@:18])-[#7](-[#85])-[#6](-[#85])(-[#85])-[#6](-[#85])(-[#85])-[#6](-[#85])(-[#85])-[#6](-[#85])(-[#85])-[#7](-[#85])-[#85],EVODEX-P15601
EVODEX-N5793,[#6:16]:[#7&+:17](-[#6@:18](-[#85:59])(-[#8:19])-[#6@@:51]):[#6:53].[#6:2]-[#7:3](-[#85:83])-[#85]>>[#6:16]:[#7:17]:[#6:53].[#6:2]-[#7:3](-[#85:83])-[#6@:18](-[#85:59])(-[#8:19])-[#6@@:51],EVODEX-P15602
EVODEX-N5794,[H][N:3]([C:2])[H:83]>>[H]O[C@@]1([H])[C@@]([H])(O[H])[C@]([H])(N2:C([H]):N:C3:C(N([H])[H]):N:C([H]):N:C:3:2)O[C@]1([H])C([H])([H])OP(=O)(O[H])OP(=O)(O[H])OC([H])([H])[C@@]1([H])O[C@@]([H])([N:3]([C:2])[H:83])[C@]([H])(O[H])[C@]1([H])O[H],EVODEX-P15604
EVODEX-N5795,[#6:51]:[#7:52]:[#6:53].[#7:9]-[#6@:10](-[#85:73])(-[#8:11])-[#6@@:43]>>[#85:73]-[#6@@:10](-[#7&+:52](:[#6:51]):[#6:53])(-[#8:11])-[#6@@:43].[#7:9]-[#85],EVODEX-P15605
EVODEX-N5796,[#6:51]:[#7:52]:[#6:53].[#85]-[#7]=[#6](-[#7](-[#85])-[#6](-[#85])(-[#85])-[#6](-[#85])(-[#85])-[#6](-[#85])(-[#85])-[#6](-[#85])(-[#85])-[#7](-[#85])-[#85])-[#7](-[#85])-[#6@:10](-[#85:73])(-[#8:11])-[#6@@:43]>>[#85:73]-[#6@@:10](-[#7&+:52](:[#6:51]):[#6:53])(-[#8:11])-[#6@@:43],EVODEX-P15609
EVODEX-N5797,[H]O[C@@]1([H])[C@@]([H])(O[H])[C@]([H])(N2:C([H]):N:C3:C(N([H])[H]):N:C([H]):N:C:3:2)O[C@]1([H])C([H])([H])OP(=O)(O[H])OP(=O)(O[H])OC([H])([H])[C@@]1([H])O[C@@]([H])([N:9]([C:2])[H:72])[C@]([H])(O[H])[C@]1([H])O[H]>>[H][N:9]([C:2])[H:72],"EVODEX-P15610,EVODEX-P24257"
EVODEX-N5798,[H][O:29][P:27]>>[H]O[C@]1([H])[C@@]([H])(O[H])[C@]([H])([O:29][P:27])OC([H])([H])[C@@]1([H])O[H],"EVODEX-P15614,EVODEX-P15619"
EVODEX-N5799,[H]OP(=O)(OC([H])([H])C([H])([H])C([H])(C([H])([H])[H])C([H])([H])C([H])([H])/C([H])=C(/C([H])([H])[H])C([H])([H])C([H])([H])/C([H])=C(\C([H])([H])[H])C([H])([H])C([H])([H])/C([H])=C(\C([H])([H])[H])C([H])([H])C([H])([H])C([H])=C(C([H])([H])[H])C([H])([H])[H])O[C@:31]([O:32])([C:38])[H:133].[H][O:70][C:69]>>[C@:31]([O:32])([C:38])([O:70][C:69])[H:133],EVODEX-P15628
EVODEX-N5800,[H]OP(=O)(OC([H])([H])C([H])([H])C([H])(C([H])([H])[H])C([H])([H])C([H])([H])/C([H])=C(/C([H])([H])[H])C([H])([H])C([H])([H])/C([H])=C(\C([H])([H])[H])C([H])([H])C([H])([H])/C([H])=C(\C([H])([H])[H])C([H])([H])C([H])([H])C([H])=C(C([H])([H])[H])C([H])([H])[H])O[C@:31]([O:32])([C:38])[H:133]>>[H]OC(=O)[C@@]([H])(N([H])C(=O)[C@@]([H])(N([H])C(=O)[C@@]([H])(N([H])C(=O)[C@@]([H])(N([H])C(=O)[C@@]([H])(N([H])C(=O)[C@@]([H])(N([H])[H])C([H])([H])S[H])C([H])([H])C(=O)N([H])[H])C([H])([H])O[C@:31]([O:32])([C:38])[H:133])C([H])([H])C1:C([H]):C([H]):C(O[H]):C([H]):C:1[H])C([H])([H])C([H])([H])C([H])([H])C([H])([H])N([H])[H])C([H])(O[H])C([H])([H])[H],EVODEX-P15629
EVODEX-N5801,[H]O[C@@]1([H])[C@@]([H])(O[H])[C@]([H])(N2:C([H]):C([H]):C(=O):N([H]):C:2=O)O[C@]1([H])C([H])([H])OP(=O)(O[H])OP(=O)(O[H])O[C@@:43]([O:44])([C:50])[H:86]>>[H]O[C@@]1([H])[C@@]([H])(O[H])[C@@]([H])(OC(=O)C([H])([H])C2:C([H]):N([H]):C3:C([H]):C([H]):C([H]):C([H]):C:2:3)[C@]([H])(O[H])[C@@]([H])(O[H])[C@]1([H])O[C@@:43]([O:44])([C:50])[H:86],EVODEX-P15633
EVODEX-N5802,[H]O[C@@]1([H])[C@@]([H])(O[H])[C@]([H])(N2:C([H]):C([H]):C(=O):N([H]):C:2=O)O[C@]1([H])C([H])([H])OP(=O)(O[H])OP(=O)(O[H])O[C@@:52]([O:53])([C:59])[H:96]>>[H]OC1:C([H]):C([H]):C(C2:O:C3:C([H]):C(O[H]):C([H]):C(O[H]):C:3:C(=O):C:2O[C@]2([H])O[C@]([H])(C([H])([H])O[H])[C@]([H])(O[H])[C@]([H])(O[H])[C@@]2([H])O[C@:52]([O:53])([C:59])[H:96]):C([H]):C:1O[H],EVODEX-P15643
EVODEX-N5803,>>[H]OC1:C([H]):C([H]):C(C2:O:C3:C([H]):C(O[H]):C([H]):C(O[H]):C:3:C(=O):C:2O[C@]2([H])O[C@]([H])(C([H])([H])O[H])[C@]([H])(O[H])[C@]([H])(O[H])[C@@]2([H])O):C([H]):C:1O[H].[H],EVODEX-P15645
EVODEX-N5804,[H]O[C@@]1([H])[C@@]([H])(O[H])[C@]([H])(N2:C([H]):C([H]):C(=O):N([H]):C:2=O)O[C@]1([H])C([H])([H])OP(=O)(O[H])OP(=O)(O[H])O[C@@:117]([O:118])([C:124])[H:231]>>[H]OC(=O)[C@@]([H])(N([H])[H])C([H])([H])C(=O)N([H])[C@]1([H])O[C@]([H])(C([H])([H])O[H])[C@@]([H])(O[C@]2([H])O[C@]([H])(C([H])([H])O[H])[C@@]([H])(O[C@]3([H])O[C@]([H])(C([H])([H])O[C@@]4([H])O[C@]([H])(C([H])([H])O[H])[C@@]([H])(O[H])[C@]([H])(O[H])[C@]4([H])O[C@]4([H])O[C@]([H])(C([H])([H])O[H])[C@@]([H])(O[H])[C@]([H])(O[H])[C@@]4([H])N([H])C(=O)C([H])([H])[H])[C@@]([H])(O[H])[C@]([H])(O[C@@]4([H])O[C@]([H])(C([H])([H])O[H])[C@@]([H])(O[H])[C@]([H])(O[H])[C@]4([H])O[C@]4([H])O[C@]([H])(C([H])([H])O[H])[C@@]([H])(O[H])[C@]([H])(O[H])[C@@]4([H])N([H])C(=O)C([H])([H])[H])[C@]3([H])O[C@:117]([O:118])([C:124])[H:231])[C@]([H])(O[H])[C@@]2([H])N([H])C(=O)C([H])([H])[H])[C@]([H])(O[H])[C@@]1([H])N([H])C(=O)C([H])([H])[H],EVODEX-P15648
EVODEX-N5805,[H]O[C@@]1([H])[C@@]([H])(O[H])[C@]([H])(N2:C([H]):C([H]):C(=O):N([H]):C:2=O)O[C@]1([H])C([H])([H])OP(=O)(O[H])OP(=O)(O[H])O[C@@:19]([O:20])([C:26])[H:66]>>[H]OC([H])([H])[C@@]1([H])O[C@]([H])(O[H])[C@@]([H])(O[H])[C@@]([H])(O[C@@]2([H])O[C@]([H])(C([H])([H])O[H])[C@@]([H])(O[H])[C@]([H])(O[H])[C@]2([H])O[C@:19]([O:20])([C:26])[H:66])[C@]1([H])O[H],EVODEX-P15654
EVODEX-N5806,[H]O[C@@]1([H])[C@@]([H])(O[H])[C@]([H])(N2:C([H]):C([H]):C(=O):N([H]):C:2=O)O[C@]1([H])C([H])([H])OP(=O)(O[H])OP(=O)(O[H])O[C@@:35]([O:36])([C:42])[H:74]>>[H]C1:N:C(N([H])C([H])([H])C([H])([H])[C@@]([H])(C([H])([H])[H])C([H])([H])O[C@:35]([O:36])([C:42])[H:74]):C2:C(:N:1):N:C([H]):N:2[H],EVODEX-P15658
EVODEX-N5807,>>[H]C1:N:C(N([H])C([H])([H])C([H])([H])[C@@]([H])(C([H])([H])[H])C([H])([H])O):C2:C(:N:1):N:C([H]):N:2[H].[H],EVODEX-P15660
EVODEX-N5808,[H]O[C@@]1([H])[C@@]([H])(O[H])[C@]([H])(N2:C([H]):C([H]):C(=O):N([H]):C:2=O)O[C@]1([H])C([H])([H])OP(=O)(O[H])OP(=O)(O[H])O[C@@:19]([O:20])([C:26])[H:64]>>[H]OC([H])([H])[C@@]1([H])O[C@@]([H])(OC([H])([H])C([H])([H])N([H])C2:N:C([H]):C([H]):C([H]):C:2[H])[C@]([H])(O[H])[C@@]([H])(O[C@@:19]([O:20])([C:26])[H:64])[C@]1([H])O[H],EVODEX-P15669
EVODEX-N5809,>>[H]OC([H])([H])[C@@]1([H])O[C@@]([H])(OC([H])([H])C([H])([H])N([H])C2:N:C([H]):C([H]):C([H]):C:2[H])[C@]([H])(O[H])[C@@]([H])(O)[C@]1([H])O[H].[H],EVODEX-P15670
EVODEX-N5810,[H]O[C@@]1([H])[C@@]([H])(O[H])[C@]([H])(N2:C([H]):C([H]):C(=O):N([H]):C:2=O)O[C@]1([H])C([H])([H])OP(=O)(O[H])OP(=O)(O[H])O[C@@:19]([O:20])([C:26])[H:55]>>[H]OC1([H])O[C@]([H])(C([H])([H])O[H])[C@@]([H])(O[H])[C@]([H])(O[C@@:19]([O:20])([C:26])[H:55])[C@@]1([H])O[H],EVODEX-P15674
EVODEX-N5811,[H]O[C@]1([H])[C@@]([H])(O[H])[C@]([H])([O:60][P:57])OC([H])([H])[C@]1([H])N([H])[H]>>[H][O:60][P:57],EVODEX-P15677
EVODEX-N5812,[H][O:97][P:95]>>[H]O[C@]1([H])[C@@]([H])(O[H])[C@]([H])([O:97][P:95])OC([H])([H])[C@]1([H])N([H])[H],"EVODEX-P15679,EVODEX-P15684"
EVODEX-N5813,[H]OP(=O)(OC([H])([H])/C([H])=C(/C([H])([H])[H])C([H])([H])C([H])([H])/C([H])=C(/C([H])([H])[H])C([H])([H])C([H])([H])/C([H])=C(/C([H])([H])[H])C([H])([H])C([H])([H])/C([H])=C(/C([H])([H])[H])C([H])([H])C([H])([H])/C([H])=C(/C([H])([H])[H])C([H])([H])C([H])([H])/C([H])=C(/C([H])([H])[H])C([H])([H])C([H])([H])/C([H])=C(/C([H])([H])[H])C([H])([H])C([H])([H])/C([H])=C(/C([H])([H])[H])C([H])([H])C([H])([H])/C([H])=C(\C([H])([H])[H])C([H])([H])C([H])([H])/C([H])=C(\C([H])([H])[H])C([H])([H])C([H])([H])C([H])=C(C([H])([H])[H])C([H])([H])[H])O[C@:61]([O:62])([C:68])[H:255]>>[H]OC([H])([H])[C@@]1([H])O[C@@]([H])(OC([H])([H])[C@@]2([H])O[C@]([H])(OP(=O)(O[H])O[C@:61]([O:62])([C:68])[H:255])[C@]([H])(N([H])C(=O)C([H])([H])[C@]([H])(O[H])C([H])([H])C([H])([H])C([H])([H])C([H])([H])C([H])([H])C([H])([H])C([H])([H])C([H])([H])C([H])([H])C([H])([H])C([H])([H])[H])[C@@]([H])(OC(=O)C([H])([H])[C@]([H])(O[H])C([H])([H])C([H])([H])C([H])([H])C([H])([H])C([H])([H])C([H])([H])C([H])([H])C([H])([H])C([H])([H])C([H])([H])C([H])([H])[H])[C@]2([H])O[H])[C@]([H])(N([H])C(=O)C([H])([H])[C@]([H])(O[H])C([H])([H])C([H])([H])C([H])([H])C([H])([H])C([H])([H])C([H])([H])C([H])([H])C([H])([H])C([H])([H])C([H])([H])C([H])([H])[H])[C@@]([H])(OC(=O)C([H])([H])[C@]([H])(O[H])C([H])([H])C([H])([H])C([H])([H])C([H])([H])C([H])([H])C([H])([H])C([H])([H])C([H])([H])C([H])([H])C([H])([H])C([H])([H])[H])[C@]1([H])OP(=O)(O[H])O[H],EVODEX-P15680
EVODEX-N5814,>>[H]OC([H])([H])[C@@]1([H])O[C@@]([H])(OC([H])([H])[C@@]2([H])O[C@]([H])(OP(O)(=O)O[H])[C@]([H])(N([H])C(=O)C([H])([H])[C@]([H])(O[H])C([H])([H])C([H])([H])C([H])([H])C([H])([H])C([H])([H])C([H])([H])C([H])([H])C([H])([H])C([H])([H])C([H])([H])C([H])([H])[H])[C@@]([H])(OC(=O)C([H])([H])[C@]([H])(O[H])C([H])([H])C([H])([H])C([H])([H])C([H])([H])C([H])([H])C([H])([H])C([H])([H])C([H])([H])C([H])([H])C([H])([H])C([H])([H])[H])[C@]2([H])O[H])[C@]([H])(N([H])C(=O)C([H])([H])[C@]([H])(O[H])C([H])([H])C([H])([H])C([H])([H])C([H])([H])C([H])([H])C([H])([H])C([H])([H])C([H])([H])C([H])([H])C([H])([H])C([H])([H])[H])[C@@]([H])(OC(=O)C([H])([H])[C@]([H])(O[H])C([H])([H])C([H])([H])C([H])([H])C([H])([H])C([H])([H])C([H])([H])C([H])([H])C([H])([H])C([H])([H])C([H])([H])C([H])([H])[H])[C@]1([H])OP(=O)(O[H])O[H].[H],"EVODEX-P15681,EVODEX-P15837"
EVODEX-N5815,[H]OP(=O)(OC([H])([H])/C([H])=C(/C([H])([H])[H])C([H])([H])C([H])([H])/C([H])=C(/C([H])([H])[H])C([H])([H])C([H])([H])/C([H])=C(/C([H])([H])[H])C([H])([H])C([H])([H])/C([H])=C(/C([H])([H])[H])C([H])([H])C([H])([H])/C([H])=C(/C([H])([H])[H])C([H])([H])C([H])([H])/C([H])=C(/C([H])([H])[H])C([H])([H])C([H])([H])/C([H])=C(/C([H])([H])[H])C([H])([H])C([H])([H])/C([H])=C(/C([H])([H])[H])C([H])([H])C([H])([H])/C([H])=C(\C([H])([H])[H])C([H])([H])C([H])([H])/C([H])=C(\C([H])([H])[H])C([H])([H])C([H])([H])C([H])=C(C([H])([H])[H])C([H])([H])[H])O[C@:61]([O:62])([C:68])[H:313]>>[H]OC(=O)[C@]1(OC([H])([H])[C@@]2([H])O[C@@]([H])(OC([H])([H])[C@@]3([H])O[C@]([H])(OP(=O)(O[H])O[H])[C@]([H])(N([H])C(=O)C([H])([H])[C@]([H])(O[H])C([H])([H])C([H])([H])C([H])([H])C([H])([H])C([H])([H])C([H])([H])C([H])([H])C([H])([H])C([H])([H])C([H])([H])C([H])([H])[H])[C@@]([H])(OC(=O)C([H])([H])[C@]([H])(O[H])C([H])([H])C([H])([H])C([H])([H])C([H])([H])C([H])([H])C([H])([H])C([H])([H])C([H])([H])C([H])([H])C([H])([H])C([H])([H])[H])[C@]3([H])O[H])[C@]([H])(N([H])C(=O)C([H])([H])[C@]([H])(OC(=O)C([H])([H])C([H])([H])C([H])([H])C([H])([H])C([H])([H])C([H])([H])C([H])([H])C([H])([H])C([H])([H])C([H])([H])C([H])([H])[H])C([H])([H])C([H])([H])C([H])([H])C([H])([H])C([H])([H])C([H])([H])C([H])([H])C([H])([H])C([H])([H])C([H])([H])C([H])([H])[H])[C@@]([H])(OC(=O)C([H])([H])[C@]([H])(OC(=O)C([H])([H])C([H])([H])C([H])([H])C([H])([H])C([H])([H])C([H])([H])C([H])([H])C([H])([H])C([H])([H])C([H])([H])C([H])([H])C([H])([H])C([H])([H])[H])C([H])([H])C([H])([H])C([H])([H])C([H])([H])C([H])([H])C([H])([H])C([H])([H])C([H])([H])C([H])([H])C([H])([H])C([H])([H])[H])[C@]2([H])OP(=O)(O[H])O[C@@:61]([O:62])([C:68])[H:313])O[C@]([H])([C@]([H])(O[H])C([H])([H])O[H])[C@]([H])(O[H])[C@]([H])(O[C@@]2(C(=O)O[H])O[C@]([H])([C@]([H])(O[H])C([H])([H])O[H])[C@]([H])(O[H])[C@]([H])(O[H])C2([H])[H])C1([H])[H],EVODEX-P15685
EVODEX-N5816,>>[H]OC(=O)[C@]1(OC([H])([H])[C@@]2([H])O[C@@]([H])(OC([H])([H])[C@@]3([H])O[C@]([H])(OP(=O)(O[H])O[H])[C@]([H])(N([H])C(=O)C([H])([H])[C@]([H])(O[H])C([H])([H])C([H])([H])C([H])([H])C([H])([H])C([H])([H])C([H])([H])C([H])([H])C([H])([H])C([H])([H])C([H])([H])C([H])([H])[H])[C@@]([H])(OC(=O)C([H])([H])[C@]([H])(O[H])C([H])([H])C([H])([H])C([H])([H])C([H])([H])C([H])([H])C([H])([H])C([H])([H])C([H])([H])C([H])([H])C([H])([H])C([H])([H])[H])[C@]3([H])O[H])[C@]([H])(N([H])C(=O)C([H])([H])[C@]([H])(OC(=O)C([H])([H])C([H])([H])C([H])([H])C([H])([H])C([H])([H])C([H])([H])C([H])([H])C([H])([H])C([H])([H])C([H])([H])C([H])([H])[H])C([H])([H])C([H])([H])C([H])([H])C([H])([H])C([H])([H])C([H])([H])C([H])([H])C([H])([H])C([H])([H])C([H])([H])C([H])([H])[H])[C@@]([H])(OC(=O)C([H])([H])[C@]([H])(OC(=O)C([H])([H])C([H])([H])C([H])([H])C([H])([H])C([H])([H])C([H])([H])C([H])([H])C([H])([H])C([H])([H])C([H])([H])C([H])([H])C([H])([H])C([H])([H])[H])C([H])([H])C([H])([H])C([H])([H])C([H])([H])C([H])([H])C([H])([H])C([H])([H])C([H])([H])C([H])([H])C([H])([H])C([H])([H])[H])[C@]2([H])OP(O)(=O)O[H])O[C@]([H])([C@]([H])(O[H])C([H])([H])O[H])[C@]([H])(O[H])[C@]([H])(O[C@@]2(C(=O)O[H])O[C@]([H])([C@]([H])(O[H])C([H])([H])O[H])[C@]([H])(O[H])[C@]([H])(O[H])C2([H])[H])C1([H])[H].[H],"EVODEX-P15686,EVODEX-P19536,EVODEX-P19541"
EVODEX-N5817,[H][O:54][P:52].[H]OP(=O)(O[H])OP(=O)(O[H])O[C@@:64]([O:63])([C:74])[H:166]>>[P:52][O:54][C@:64]([O:63])([C:74])[H:166],EVODEX-P15688
EVODEX-N5818,[H]OP(=O)(O[H])OP(=O)(O[H])O[C@@:64]([O:63])([C:74])[H:166]>>[H]OP(=O)(OC([H])([H])/C([H])=C(/C([H])([H])[H])C([H])([H])C([H])([H])/C([H])=C(/C([H])([H])[H])C([H])([H])C([H])([H])/C([H])=C(/C([H])([H])[H])C([H])([H])C([H])([H])/C([H])=C(/C([H])([H])[H])C([H])([H])C([H])([H])/C([H])=C(/C([H])([H])[H])C([H])([H])C([H])([H])/C([H])=C(/C([H])([H])[H])C([H])([H])C([H])([H])/C([H])=C(/C([H])([H])[H])C([H])([H])C([H])([H])/C([H])=C(/C([H])([H])[H])C([H])([H])C([H])([H])/C([H])=C(\C([H])([H])[H])C([H])([H])C([H])([H])C([H])=C(C([H])([H])[H])C([H])([H])[H])O[C@:64]([O:63])([C:74])[H:166],EVODEX-P15689
EVODEX-N5819,>>[H]OP(O)(=O)OC([H])([H])/C([H])=C(/C([H])([H])[H])C([H])([H])C([H])([H])/C([H])=C(/C([H])([H])[H])C([H])([H])C([H])([H])/C([H])=C(/C([H])([H])[H])C([H])([H])C([H])([H])/C([H])=C(/C([H])([H])[H])C([H])([H])C([H])([H])/C([H])=C(/C([H])([H])[H])C([H])([H])C([H])([H])/C([H])=C(/C([H])([H])[H])C([H])([H])C([H])([H])/C([H])=C(/C([H])([H])[H])C([H])([H])C([H])([H])/C([H])=C(/C([H])([H])[H])C([H])([H])C([H])([H])/C([H])=C(\C([H])([H])[H])C([H])([H])C([H])([H])C([H])=C(C([H])([H])[H])C([H])([H])[H].[H],"EVODEX-P15691,EVODEX-P20261"
EVODEX-N5820,[H][O:9][C:8].[H]OP(=O)(O[H])OP(=O)(O[H])O[C@@:31]([O:30])([C:41])[H:76]>>[C:8][O:9][C@:31]([O:30])([C:41])[H:76],EVODEX-P15693
EVODEX-N5821,[H]OP(=O)(O[H])OP(=O)(O[H])O[C@@:31]([O:30])([C:41])[H:76]>>[H]O[C@@]1([H])[C@]([H])(O[H])[C@@]([H])(C([H])([H])N([H])[H])O[C@]([H])(O[C@@]2([H])[C@]([H])(O[C@:31]([O:30])([C:41])[H:76])[C@@]([H])(O[H])[C@]([H])(N([H])[H])C([H])([H])[C@]2([H])N([H])[H])[C@]1([H])N([H])[H],EVODEX-P15694
EVODEX-N5822,[H][O:9][C:8]>>[H]O[C@@]1([H])[C@@]([H])(O[H])[C@]([H])([O:9][C:8])O[C@]1([H])C([H])([H])OP(=O)(O[H])O[H],"EVODEX-P15695,EVODEX-P15739"
EVODEX-N5823,>>[H]O[C@@]1([H])[C@]([H])(O[H])[C@@]([H])(C([H])([H])N([H])[H])O[C@]([H])(O[C@@]2([H])[C@]([H])(O)[C@@]([H])(O[H])[C@]([H])(N([H])[H])C([H])([H])[C@]2([H])N([H])[H])[C@]1([H])N([H])[H].[H],EVODEX-P15696
EVODEX-N5824,[H]O[C@]1([H])[C@@]([H])(O[H])[C@@]([H])([O:68][P:69])OC([H])([H])[C@]1([H])N([H])C([H])=O>>[H][O:68][P:69],EVODEX-P15713
EVODEX-N5825,[H][O:59][P:57]>>[H]O[C@]1([H])[C@@]([H])(O[H])[C@@]([H])([O:59][P:57])OC([H])([H])[C@]1([H])N([H])C([H])=O,EVODEX-P15716
EVODEX-N5826,[H]OP(=O)(O[H])OP(=O)(O[H])O[C@@:19]([O:18])([C:29])[H:45]>>[H]C1:C([H]):C([C@:19]([O:18])([C:29])[H:45]):C([H]):C([H]):C:1N([H])[H],EVODEX-P15718
EVODEX-N5827,[H][O:8][C:6]([C:5])=[O:7]>>[C:6](=[O:7])=[O:8].[H]O[C@@]1([H])[C@@]([H])(O[H])[C@]([H])([C:5])O[C@]1([H])C([H])([H])OP(=O)(O[H])O[H],"EVODEX-P15719,EVODEX-P15735"
EVODEX-N5828,[H][O:8][C:6]([C:5](:[C:4]):[C:9])=[O:7].[O:18][C@:19]([O:20])([C:29])[H:45]>>[C:6](=[O:7])=[O:8].[C:4]:[C:5](:[C:9])[C@:19]([O:18])([C:29])[H:45].[H][O:20],"EVODEX-P15720,EVODEX-P15729"
EVODEX-N5829,[H][O:8][C:6]([C:5](:[C:4]):[C:9])=[O:7].[H]OP(=O)(O[H])OP(=O)(O[H])O[C@@:19]([O:18])([C:29])[H:45]>>[C:6](=[O:7])=[O:8].[C:4]:[C:5](:[C:9])[C@:19]([O:18])([C:29])[H:45],"EVODEX-P15721,EVODEX-P15732"
EVODEX-N5830,[H]C1:C([H]):C([C:6](=[O:7])[O:8][H]):C([H]):C([H]):C:1N([H])[H].[H]O[C@@]1([H])[C@@]([H])(O[H])[C@@]([H])([O:20][P:21])O[C@]1([H])C([H])([H])OP(=O)(O[H])O[H]>>[C:6](=[O:7])=[O:8].[H][O:20][P:21],EVODEX-P15722
EVODEX-N5831,[H]OC(=O)[C:5](:[C:4]):[C:9]>>[H]O[C@@]1([H])[C@@]([H])(O[H])[C@]([H])([C:5](:[C:4]):[C:9])O[C@]1([H])C([H])([H])OP(=O)(O[H])O[H],"EVODEX-P15723,EVODEX-P15734"
EVODEX-N5832,[H]OC(=O)[C:5](:[C:4]):[C:9].[O:18][C@:19]([O:20])([C:29])[H:45]>>[C:4]:[C:5](:[C:9])[C@:19]([O:18])([C:29])[H:45].[H][O:20],"EVODEX-P15724,EVODEX-P15733"
EVODEX-N5833,>>[H]C1:C:C([H]):C([H]):C(N([H])[H]):C:1[H].[H],"EVODEX-P15725,EVODEX-P20537,EVODEX-P27063"
EVODEX-N5834,[H]OC(=O)[C:5](:[C:4]):[C:9].[H]OP(=O)(O[H])OP(=O)(O[H])O[C@@:19]([O:18])([C:29])[H:45]>>[C:4]:[C:5](:[C:9])[C@:19]([O:18])([C:29])[H:45],"EVODEX-P15726,EVODEX-P15730"
EVODEX-N5835,[H]OP(=O)(O[H])OP(=O)(O[H])O[C@@:19]([O:18])([C:29])[H:38]>>[H]OC1:C([H]):C([H]):C([C@:19]([O:18])([C:29])[H:38]):C([H]):C:1[H],EVODEX-P15727
EVODEX-N5836,[H]O[C@@]1([H])[C@@]([H])(O[H])[C@@]([H])([O:20][P:21])O[C@]1([H])C([H])([H])OP(=O)(O[H])O[H].[H]OC1:C([H]):C([H]):C([C:2](=[O:1])[O:3][H]):C([H]):C:1[H]>>[O:1]=[C:2]=[O:3].[H][O:20][P:21],EVODEX-P15731
EVODEX-N5837,[#6:5]-[#8:6]-[#85].[#6:15]:[#7&+:16](-[#6@:17](-[#85:43])(-[#8:18])-[#6@@:28]):[#6:30]>>[#6:5]-[#8:6]-[#6@@:17](-[#85:43])(-[#8:18])-[#6@@:28].[#6:15]:[#7:16]:[#6:30],EVODEX-P15736
EVODEX-N5838,[#6:15]:[#7&+:16](-[#6@:17]):[#6:30]>>[#85]-[#6](-[#85])(-[#85])-[#6]1:[#6](-[#85]):[#6](-[#85]):[#6](-[#8]-[#6@@:17]):[#6](-[#85]):[#6]:1-[#85].[#6:15]:[#7:16]:[#6:30],EVODEX-P15737
EVODEX-N5839,[H]O[C@@]1([H])[C@@]([H])(O[H])[C@]([H])(N2:C([H]):C([H]):C(=O):N([H]):C:2=O)O[C@]1([H])C([H])([H])OP(=O)(O[H])OP(=O)(O[H])O[C@@:42]([O:43])([C:49])[H:78]>>[H]OC1:C([H]):C(C2:O:C3:C([H]):C(O[H]):C([H]):C([H]):C:3:C(=O):C:2O[C@:42]([O:43])([C:49])[H:78]):C([H]):C(OC([H])([H])[H]):C:1O[H],EVODEX-P15753
EVODEX-N5840,>>[H]OC1:C([H]):C(C2:O:C3:C([H]):C(O[H]):C([H]):C([H]):C:3:C(=O):C:2O):C([H]):C(OC([H])([H])[H]):C:1O[H].[H],EVODEX-P15755
EVODEX-N5841,[H]OC(=O)[C@@]1([O:41][P:42])O[C@@]([H])([C@]([H])(O[H])[C@]([H])(O[H])C([H])([H])O[H])[C@]([H])(N([H])C(=O)C([H])([H])[H])[C@@]([H])(O[H])C1([H])[H]>>[H][O:41][P:42],EVODEX-P15757
EVODEX-N5842,[H][O:14][C:13].[H]O[C@@]1([H])[C@@]([H])(O[H])[C@]([H])(N2:C([H]):C([H]):C(N([H])[H]):N:C:2=O)O[C@]1([H])C([H])([H])OP(=O)(O[H])O[C@@:40]([O:39])([C:62])[C:65]>>[C:13][O:14][C@@:40]([O:39])([C:62])[C:65],"EVODEX-P15758,EVODEX-P15763,EVODEX-P15768,EVODEX-P15773,EVODEX-P15778,EVODEX-P15783,EVODEX-P15788,EVODEX-P15793,EVODEX-P15798,EVODEX-P15803,EVODEX-P15808,EVODEX-P15813,EVODEX-P15818,EVODEX-P15823,EVODEX-P15829,EVODEX-P15834,EVODEX-P15839"
EVODEX-N5843,[H]O[C@@]1([H])[C@@]([H])(O[H])[C@]([H])(N2:C([H]):C([H]):C(N([H])[H]):N:C:2=O)O[C@]1([H])C([H])([H])OP(=O)(O[H])O[C@@:40]([O:39])([C:62])[C:65]>>[H]OC([H])([H])[C@@]1([H])O[C@@]([H])(O[H])[C@]([H])(N([H])C(=O)C([H])([H])[H])[C@@]([H])(O[H])[C@]1([H])O[C@]1([H])O[C@]([H])(C([H])([H])O[C@@:40]([O:39])([C:62])[C:65])[C@]([H])(O[H])[C@]([H])(O[H])[C@@]1([H])O[H],EVODEX-P15759
EVODEX-N5844,[H][O:14][C:13]>>[H]OC(=O)[C@@]1([O:14][C:13])O[C@@]([H])([C@]([H])(O[H])[C@]([H])(O[H])C([H])([H])O[H])[C@]([H])(N([H])C(=O)C([H])([H])[H])[C@@]([H])(O[H])C1([H])[H],"EVODEX-P15760,EVODEX-P15764,EVODEX-P15769,EVODEX-P15775,EVODEX-P15779,EVODEX-P15784,EVODEX-P15790,EVODEX-P15795,EVODEX-P15800,EVODEX-P15804,EVODEX-P15809,EVODEX-P15814,EVODEX-P15819,EVODEX-P15824"
EVODEX-N5845,[H]O[C@@]1([H])[C@@]([H])(O[H])[C@]([H])(N2:C([H]):C([H]):C(N([H])[H]):N:C:2=O)O[C@]1([H])C([H])([H])OP(=O)(O[H])O[C@@:14]([O:13])([C:36])[C:39]>>[H]O[C@]1([H])[C@@]([H])(O[H])[C@]([H])(OC([H])([H])[H])O[C@]([H])(C([H])([H])O[C@@:14]([O:13])([C:36])[C:39])[C@]1([H])O[H],EVODEX-P15765
EVODEX-N5846,>>[H]O[C@]1([H])[C@@]([H])(O[H])[C@]([H])(OC([H])([H])[H])O[C@]([H])(C([H])([H])O)[C@]1([H])O[H].[H],"EVODEX-P15766,EVODEX-P20218"
EVODEX-N5847,[H]O[C@@]1([H])[C@@]([H])(O[H])[C@]([H])(N2:C([H]):C([H]):C(N([H])[H]):N:C:2=O)O[C@]1([H])C([H])([H])OP(=O)(O[H])O[C@@:14]([O:13])([C:36])[C:39]>>[H]OC(=O)[C@]1(O[C@]2([H])[C@@]([H])(O[H])[C@]([H])(O[C@@]3([H])[C@]([H])(O[H])[C@@]([H])(O[H])[C@]([H])(OC([H])([H])[C@]([H])(N([H])C(=O)C([H])([H])C([H])([H])C([H])([H])C([H])([H])C([H])([H])C([H])([H])C([H])([H])C([H])([H])C([H])([H])C([H])([H])C([H])([H])C([H])([H])C([H])([H])C([H])([H])C([H])([H])C([H])([H])C([H])([H])[H])[C@]([H])(O[H])/C([H])=C(\[H])C([H])([H])C([H])([H])C([H])([H])C([H])([H])C([H])([H])C([H])([H])C([H])([H])C([H])([H])C([H])([H])C([H])([H])C([H])([H])C([H])([H])C([H])([H])[H])O[C@]3([H])C([H])([H])O[H])O[C@]([H])(C([H])([H])O[H])[C@]2([H])O[C@]2([H])O[C@]([H])(C([H])([H])O[H])[C@]([H])(O[H])[C@]([H])(O[C@]3([H])O[C@]([H])(C([H])([H])O[H])[C@]([H])(O[H])[C@]([H])(O[C@@:14]([O:13])([C:36])[C:39])[C@@]3([H])O[H])[C@@]2([H])N([H])C(=O)C([H])([H])[H])O[C@@]([H])([C@]([H])(O[H])[C@]([H])(O[H])C([H])([H])O[H])[C@]([H])(N([H])C(=O)C([H])([H])[H])[C@@]([H])(O[H])C1([H])[H],EVODEX-P15770
EVODEX-N5848,>>[H]OC(=O)[C@]1(O[C@]2([H])[C@@]([H])(O[H])[C@]([H])(O[C@@]3([H])[C@]([H])(O[H])[C@@]([H])(O[H])[C@]([H])(OC([H])([H])[C@]([H])(N([H])C(=O)C([H])([H])C([H])([H])C([H])([H])C([H])([H])C([H])([H])C([H])([H])C([H])([H])C([H])([H])C([H])([H])C([H])([H])C([H])([H])C([H])([H])C([H])([H])C([H])([H])C([H])([H])C([H])([H])C([H])([H])[H])[C@]([H])(O[H])/C([H])=C(\[H])C([H])([H])C([H])([H])C([H])([H])C([H])([H])C([H])([H])C([H])([H])C([H])([H])C([H])([H])C([H])([H])C([H])([H])C([H])([H])C([H])([H])C([H])([H])[H])O[C@]3([H])C([H])([H])O[H])O[C@]([H])(C([H])([H])O[H])[C@]2([H])O[C@]2([H])O[C@]([H])(C([H])([H])O[H])[C@]([H])(O[H])[C@]([H])(O[C@]3([H])O[C@]([H])(C([H])([H])O[H])[C@]([H])(O[H])[C@]([H])(O)[C@@]3([H])O[H])[C@@]2([H])N([H])C(=O)C([H])([H])[H])O[C@@]([H])([C@]([H])(O[H])[C@]([H])(O[H])C([H])([H])O[H])[C@]([H])(N([H])C(=O)C([H])([H])[H])[C@@]([H])(O[H])C1([H])[H].[H],EVODEX-P15771
EVODEX-N5849,[H]O[C@@]1([H])[C@@]([H])(O[H])[C@]([H])(N2:C([H]):C([H]):C(N([H])[H]):N:C:2=O)O[C@]1([H])C([H])([H])OP(=O)(O[H])O[C@@:40]([O:39])([C:62])[C:65]>>[H]OC([H])([H])[C@@]1([H])O[C@@]([H])(O[H])[C@]([H])(N([H])C(=O)C([H])([H])[H])[C@@]([H])(O[C@]2([H])O[C@]([H])(C([H])([H])O[H])[C@]([H])(O[H])[C@]([H])(O[C@@:40]([O:39])([C:62])[C:65])[C@@]2([H])O[H])[C@]1([H])O[H],EVODEX-P15774
EVODEX-N5850,[H]O[C@@]1([H])[C@@]([H])(O[H])[C@]([H])(N2:C([H]):C([H]):C(N([H])[H]):N:C:2=O)O[C@]1([H])C([H])([H])OP(=O)(O[H])O[C@@:133]([O:132])([C:155])[C:158]>>[H]OC(=O)[C@@]1([H])N(C(=O)[C@@]([H])(N([H])C(=O)[C@@]([H])(N([H])C(=O)[C@@]([H])(N([H])C(=O)[C@@]([H])(N([H])C(=O)[C@@]([H])(N([H])C(=O)[C@@]([H])(N([H])C(=O)[C@@]([H])(N([H])C(=O)[C@@]2([H])N(C(=O)[C@@]([H])(N([H])C(=O)[C@@]3([H])N(C(=O)[C@@]([H])(N([H])C(=O)[C@@]4([H])N(C(=O)[C@@]([H])(N([H])C(=O)[C@@]([H])(N([H])C(=O)C([H])([H])N([H])[H])[C@]([H])(O[H])C([H])([H])[H])[C@]([H])(O[H])C([H])([H])[H])C([H])([H])C([H])([H])C4([H])[H])C([H])([H])O[H])C([H])([H])C([H])([H])C3([H])[H])C([H])(C([H])([H])[H])C([H])([H])[H])C([H])([H])C([H])([H])C2([H])[H])[C@]([H])(O[H])C([H])([H])[H])[C@]([H])(O[C@]2([H])O[C@]([H])(C([H])([H])O[C@@:133]([O:132])([C:155])[C:158])[C@]([H])(O[H])[C@]([H])(O[H])[C@@]2([H])N([H])C(=O)C([H])([H])[H])C([H])([H])[H])C([H])([H])O[H])[C@]([H])(O[H])C([H])([H])[H])[C@]([H])(O[H])C([H])([H])[H])C([H])([H])O[H])C([H])([H])[H])C([H])([H])C([H])([H])C1([H])[H],EVODEX-P15780
EVODEX-N5851,>>[H]OC(=O)[C@@]1([H])N(C(=O)[C@@]([H])(N([H])C(=O)[C@@]([H])(N([H])C(=O)[C@@]([H])(N([H])C(=O)[C@@]([H])(N([H])C(=O)[C@@]([H])(N([H])C(=O)[C@@]([H])(N([H])C(=O)[C@@]([H])(N([H])C(=O)[C@@]2([H])N(C(=O)[C@@]([H])(N([H])C(=O)[C@@]3([H])N(C(=O)[C@@]([H])(N([H])C(=O)[C@@]4([H])N(C(=O)[C@@]([H])(N([H])C(=O)[C@@]([H])(N([H])C(=O)C([H])([H])N([H])[H])[C@]([H])(O[H])C([H])([H])[H])[C@]([H])(O[H])C([H])([H])[H])C([H])([H])C([H])([H])C4([H])[H])C([H])([H])O[H])C([H])([H])C([H])([H])C3([H])[H])C([H])(C([H])([H])[H])C([H])([H])[H])C([H])([H])C([H])([H])C2([H])[H])[C@]([H])(O[H])C([H])([H])[H])[C@]([H])(O[C@]2([H])O[C@]([H])(C([H])([H])O)[C@]([H])(O[H])[C@]([H])(O[H])[C@@]2([H])N([H])C(=O)C([H])([H])[H])C([H])([H])[H])C([H])([H])O[H])[C@]([H])(O[H])C([H])([H])[H])[C@]([H])(O[H])C([H])([H])[H])C([H])([H])O[H])C([H])([H])[H])C([H])([H])C([H])([H])C1([H])[H].[H],EVODEX-P15781
EVODEX-N5852,[H]O[C@@]1([H])[C@@]([H])(O[H])[C@]([H])(N2:C([H]):C([H]):C(N([H])[H]):N:C:2=O)O[C@]1([H])C([H])([H])OP(=O)(O[H])O[C@@:47]([O:46])([C:69])[C:72]>>[H]OC([H])([H])[C@@]1([H])O[C@@]([H])(O[C@@]2([H])[C@@]([H])(O[H])[C@@]([H])(C([H])([H])O[H])O[C@]([H])(OC([H])([H])C3:C([H]):C([H]):C([H]):C([H]):C:3[H])[C@]2([H])N([H])C(=O)C([H])([H])[H])[C@]([H])(O[H])[C@@]([H])(O[C@@:47]([O:46])([C:69])[C:72])[C@@]1([H])O[H],EVODEX-P15789
EVODEX-N5853,>>[H]OC([H])([H])[C@@]1([H])O[C@@]([H])(O[C@@]2([H])[C@@]([H])(O[H])[C@@]([H])(C([H])([H])O[H])O[C@]([H])(OC([H])([H])C3:C([H]):C([H]):C([H]):C([H]):C:3[H])[C@]2([H])N([H])C(=O)C([H])([H])[H])[C@]([H])(O[H])[C@@]([H])(O)[C@@]1([H])O[H].[H],EVODEX-P15791
EVODEX-N5854,[H]O[C@@]1([H])[C@@]([H])(O[H])[C@]([H])(N2:C([H]):C([H]):C(N([H])[H]):N:C:2=O)O[C@]1([H])C([H])([H])OP(=O)(O[H])O[C@@:40]([O:39])([C:62])[C:65]>>[H]OC([H])([H])[C@@]1([H])O[C@@]([H])(O[H])[C@]([H])(N([H])C(=O)C([H])([H])[H])[C@@]([H])(O[H])[C@]1([H])O[C@]1([H])O[C@]([H])(C([H])([H])O[H])[C@]([H])(O[H])[C@]([H])(O[C@@:40]([O:39])([C:62])[C:65])[C@@]1([H])O[H],EVODEX-P15799
EVODEX-N5855,[H]O[C@@]1([H])[C@@]([H])(O[H])[C@]([H])(N2:C([H]):C([H]):C(N([H])[H]):N:C:2=O)O[C@]1([H])C([H])([H])OP(=O)(O[H])O[C@@:14]([O:13])([C:36])[C:39]>>[H]OC([H])([H])[C@@]1([H])O[C@]([H])(O[H])[C@]([H])(O[H])[C@@]([H])(O[H])[C@]1([H])O[C@]1([H])O[C@]([H])(C([H])([H])O[H])[C@]([H])(O[H])[C@]([H])(O[C@@:14]([O:13])([C:36])[C:39])[C@@]1([H])O[H],EVODEX-P15805
EVODEX-N5856,[H]O[C@@]1([H])[C@@]([H])(O[H])[C@]([H])(N2:C([H]):C([H]):C(N([H])[H]):N:C:2=O)O[C@]1([H])C([H])([H])OP(=O)(O[H])O[C@@:14]([O:13])([C:36])[C:39]>>[H]OC(=O)[C@]1(O[C@]2([H])[C@@]([H])(O[H])[C@]([H])(O[C@@]3([H])[C@]([H])(O[H])[C@@]([H])(O[H])[C@]([H])(OC([H])([H])[C@]([H])(N([H])C(=O)C([H])([H])C([H])([H])C([H])([H])C([H])([H])C([H])([H])C([H])([H])C([H])([H])C([H])([H])C([H])([H])C([H])([H])C([H])([H])C([H])([H])C([H])([H])C([H])([H])C([H])([H])C([H])([H])C([H])([H])[H])[C@]([H])(O[H])/C([H])=C(\[H])C([H])([H])C([H])([H])C([H])([H])C([H])([H])C([H])([H])C([H])([H])C([H])([H])C([H])([H])C([H])([H])C([H])([H])C([H])([H])C([H])([H])C([H])([H])[H])O[C@]3([H])C([H])([H])O[H])O[C@]([H])(C([H])([H])O[H])[C@]2([H])O[H])O[C@@]([H])([C@]([H])(O[H])[C@]([H])(O[C@@:14]([O:13])([C:36])[C:39])C([H])([H])O[H])[C@]([H])(N([H])C(=O)C([H])([H])[H])[C@@]([H])(O[H])C1([H])[H],EVODEX-P15810
EVODEX-N5857,[H]O[C@@]1([H])[C@@]([H])(O[H])[C@]([H])(N2:C([H]):C([H]):C(N([H])[H]):N:C:2=O)O[C@]1([H])C([H])([H])OP(=O)(O[H])O[C@@:14]([O:13])([C:36])[C:39]>>[H]OC(=O)[C@]1(O[C@]2([H])[C@@]([H])(O[H])[C@]([H])(O[C@@]3([H])[C@]([H])(O[H])[C@@]([H])(O[H])[C@]([H])(OC([H])([H])[C@]([H])(N([H])[H])[C@]([H])(O[H])/C([H])=C(\[H])C([H])([H])C([H])([H])C([H])([H])C([H])([H])C([H])([H])C([H])([H])C([H])([H])C([H])([H])C([H])([H])C([H])([H])C([H])([H])C([H])([H])C([H])([H])[H])O[C@]3([H])C([H])([H])O[H])O[C@]([H])(C([H])([H])O[H])[C@]2([H])O[H])O[C@@]([H])([C@]([H])(O[H])[C@]([H])(O[C@@:14]([O:13])([C:36])[C:39])C([H])([H])O[H])[C@]([H])(N([H])C(=O)C([H])([H])[H])[C@@]([H])(O[H])C1([H])[H],EVODEX-P15815
EVODEX-N5858,>>[H]OC(=O)[C@]1(O[C@]2([H])[C@@]([H])(O[H])[C@]([H])(O[C@@]3([H])[C@]([H])(O[H])[C@@]([H])(O[H])[C@]([H])(OC([H])([H])[C@]([H])(N([H])[H])[C@]([H])(O[H])/C([H])=C(\[H])C([H])([H])C([H])([H])C([H])([H])C([H])([H])C([H])([H])C([H])([H])C([H])([H])C([H])([H])C([H])([H])C([H])([H])C([H])([H])C([H])([H])C([H])([H])[H])O[C@]3([H])C([H])([H])O[H])O[C@]([H])(C([H])([H])O[H])[C@]2([H])O[H])O[C@@]([H])([C@]([H])(O[H])[C@]([H])(O)C([H])([H])O[H])[C@]([H])(N([H])C(=O)C([H])([H])[H])[C@@]([H])(O[H])C1([H])[H].[H],EVODEX-P15816
EVODEX-N5859,[H]O[C@@]1([H])[C@@]([H])(O[H])[C@]([H])(N2:C([H]):C([H]):C(N([H])[H]):N:C:2=O)O[C@]1([H])C([H])([H])OP(=O)(O[H])O[C@@:14]([O:13])([C:36])[C:39]>>[H]OC([H])([H])[C@@]1([H])O[C@@]([H])(OC([H])([H])[C@]([H])(N([H])C(=O)C([H])([H])C([H])([H])C([H])([H])C([H])([H])C([H])([H])C([H])([H])C([H])([H])C([H])([H])C([H])([H])C([H])([H])C([H])([H])C([H])([H])C([H])([H])C([H])([H])C([H])([H])C([H])([H])C([H])([H])C([H])([H])C([H])([H])C([H])([H])C([H])([H])[H])[C@]([H])(O[H])/C([H])=C(\[H])C([H])([H])C([H])([H])C([H])([H])C([H])([H])C([H])([H])C([H])([H])C([H])([H])C([H])([H])C([H])([H])C([H])([H])C([H])([H])C([H])([H])C([H])([H])[H])[C@@]([H])(O[C@:14]([O:13])([C:36])[C:39])[C@@]([H])(O[H])[C@]1([H])O[C@]1([H])O[C@]([H])(C([H])([H])O[H])[C@]([H])(O[C@]2([H])O[C@]([H])(C([H])([H])O[H])[C@]([H])(O[H])[C@]([H])(O[C@]3([H])O[C@]([H])(C([H])([H])O[H])[C@]([H])(O[H])[C@]([H])(O[H])[C@@]3([H])O[H])[C@@]2([H])N([H])C(=O)C([H])([H])[H])[C@]([H])(O[H])[C@@]1([H])O[H],EVODEX-P15820
EVODEX-N5860,>>[H]OC([H])([H])[C@@]1([H])O[C@@]([H])(OC([H])([H])[C@]([H])(N([H])C(=O)C([H])([H])C([H])([H])C([H])([H])C([H])([H])C([H])([H])C([H])([H])C([H])([H])C([H])([H])C([H])([H])C([H])([H])C([H])([H])C([H])([H])C([H])([H])C([H])([H])C([H])([H])C([H])([H])C([H])([H])C([H])([H])C([H])([H])C([H])([H])C([H])([H])[H])[C@]([H])(O[H])/C([H])=C(\[H])C([H])([H])C([H])([H])C([H])([H])C([H])([H])C([H])([H])C([H])([H])C([H])([H])C([H])([H])C([H])([H])C([H])([H])C([H])([H])C([H])([H])C([H])([H])[H])[C@@]([H])(O)[C@@]([H])(O[H])[C@]1([H])O[C@]1([H])O[C@]([H])(C([H])([H])O[H])[C@]([H])(O[C@]2([H])O[C@]([H])(C([H])([H])O[H])[C@]([H])(O[H])[C@]([H])(O[C@]3([H])O[C@]([H])(C([H])([H])O[H])[C@]([H])(O[H])[C@]([H])(O[H])[C@@]3([H])O[H])[C@@]2([H])N([H])C(=O)C([H])([H])[H])[C@]([H])(O[H])[C@@]1([H])O[H].[H],EVODEX-P15821
EVODEX-N5861,[H]O[C@@]1([H])[C@@]([H])(O[H])[C@]([H])(N2:C([H]):C([H]):C(N([H])[H]):N:C:2=O)O[C@]1([H])C([H])([H])OP(=O)(O[H])O[C@@:14]([O:13])([C:36])[C:39]>>[H]OC([H])([H])C1([H])OC([H])(OC([H])([H])[C@@]([H])(N([H])C(=O)C([H])([H])C([H])([H])C([H])([H])C([H])([H])C([H])([H])C([H])([H])C([H])([H])C([H])([H])C([H])([H])C([H])([H])C([H])([H])C([H])([H])C([H])([H])C([H])([H])C([H])([H])C([H])([H])C([H])([H])[H])[C@@]([H])(O[H])/C([H])=C(\[H])C([H])([H])C([H])([H])C([H])([H])C([H])([H])C([H])([H])C([H])([H])C([H])([H])C([H])([H])C([H])([H])C([H])([H])C([H])([H])C([H])([H])C([H])([H])[H])C([H])(O[H])C([H])(O[H])C1([H])OC1([H])O[C@]([H])(C([H])([H])O[H])[C@]([H])(OC2([H])OC([H])(C([H])([H])O[H])C([H])(O[H])C([H])(O[H])C2([H])N([H])C(=O)C([H])([H])[H])[C@]([H])(O[C@:14]([O:13])([C:36])[C:39])[C@@]1([H])O[H],EVODEX-P15825
EVODEX-N5862,[H]OC(=O)[C@@]1([O:137][P:134])O[C@]([H])([C@]([H])(O[H])C([H])([H])O[H])[C@]([H])(O[H])[C@]([H])(O[H])C1([H])[H]>>[H][O:137][P:134],EVODEX-P15828
EVODEX-N5863,[H]O[C@@]1([H])[C@@]([H])(O[H])[C@]([H])(N2:C([H]):C([H]):C(N([H])[H]):N:C:2=O)O[C@]1([H])C([H])([H])OP(=O)(O[H])O[C@@:138]([C:139])([C:142])[O:152]>>[H]O[C@@]([H])(C([H])([H])C(=O)O[C@@]1([H])[C@]([H])(O[H])[C@@]([H])(C([H])([H])O[C@]2([H])O[C@]([H])(C([H])([H])O[C@@:138]([C:139])([C:142])[O:152])[C@@]([H])(OP(=O)(O[H])O[H])[C@]([H])(OC(=O)C([H])([H])[C@]([H])(OC(=O)C([H])([H])C([H])([H])C([H])([H])C([H])([H])C([H])([H])C([H])([H])C([H])([H])C([H])([H])C([H])([H])C([H])([H])C([H])([H])C([H])([H])C([H])([H])[H])C([H])([H])C([H])([H])C([H])([H])C([H])([H])C([H])([H])C([H])([H])C([H])([H])C([H])([H])C([H])([H])C([H])([H])C([H])([H])[H])[C@@]2([H])N([H])C(=O)C([H])([H])[C@]([H])(OC(=O)C([H])([H])C([H])([H])C([H])([H])C([H])([H])C([H])([H])C([H])([H])C([H])([H])C([H])([H])C([H])([H])C([H])([H])C([H])([H])[H])C([H])([H])C([H])([H])C([H])([H])C([H])([H])C([H])([H])C([H])([H])C([H])([H])C([H])([H])C([H])([H])C([H])([H])C([H])([H])[H])O[C@]([H])(OP(=O)(O[H])O[H])[C@]1([H])N([H])C(=O)C([H])([H])[C@]([H])(O[H])C([H])([H])C([H])([H])C([H])([H])C([H])([H])C([H])([H])C([H])([H])C([H])([H])C([H])([H])C([H])([H])C([H])([H])C([H])([H])[H])C([H])([H])C([H])([H])C([H])([H])C([H])([H])C([H])([H])C([H])([H])C([H])([H])C([H])([H])C([H])([H])C([H])([H])C([H])([H])[H],EVODEX-P15830
EVODEX-N5864,[H][O:117][C:116]>>[H]OC(=O)[C@@]1([O:117][C:116])O[C@]([H])([C@]([H])(O[H])C([H])([H])O[H])[C@]([H])(O[H])[C@]([H])(O[H])C1([H])[H],"EVODEX-P15831,EVODEX-P15836,EVODEX-P15841"
EVODEX-N5865,>>[H]O[C@@]([H])(C([H])([H])C(=O)O[C@@]1([H])[C@]([H])(O[H])[C@@]([H])(C([H])([H])O[C@]2([H])O[C@]([H])(C([H])([H])O)[C@@]([H])(OP(=O)(O[H])O[H])[C@]([H])(OC(=O)C([H])([H])[C@]([H])(OC(=O)C([H])([H])C([H])([H])C([H])([H])C([H])([H])C([H])([H])C([H])([H])C([H])([H])C([H])([H])C([H])([H])C([H])([H])C([H])([H])C([H])([H])C([H])([H])[H])C([H])([H])C([H])([H])C([H])([H])C([H])([H])C([H])([H])C([H])([H])C([H])([H])C([H])([H])C([H])([H])C([H])([H])C([H])([H])[H])[C@@]2([H])N([H])C(=O)C([H])([H])[C@]([H])(OC(=O)C([H])([H])C([H])([H])C([H])([H])C([H])([H])C([H])([H])C([H])([H])C([H])([H])C([H])([H])C([H])([H])C([H])([H])C([H])([H])[H])C([H])([H])C([H])([H])C([H])([H])C([H])([H])C([H])([H])C([H])([H])C([H])([H])C([H])([H])C([H])([H])C([H])([H])C([H])([H])[H])O[C@]([H])(OP(=O)(O[H])O[H])[C@]1([H])N([H])C(=O)C([H])([H])[C@]([H])(O[H])C([H])([H])C([H])([H])C([H])([H])C([H])([H])C([H])([H])C([H])([H])C([H])([H])C([H])([H])C([H])([H])C([H])([H])C([H])([H])[H])C([H])([H])C([H])([H])C([H])([H])C([H])([H])C([H])([H])C([H])([H])C([H])([H])C([H])([H])C([H])([H])C([H])([H])C([H])([H])[H].[H],"EVODEX-P15832,EVODEX-P20313,EVODEX-P20318"
EVODEX-N5866,[H]O[C@@]1([H])[C@@]([H])(O[H])[C@]([H])(N2:C([H]):C([H]):C(N([H])[H]):N:C:2=O)O[C@]1([H])C([H])([H])OP(=O)(O[H])O[C@:110]([C:111])([C:114])[O:124]>>[H]O[C@@]([H])(C([H])([H])C(=O)O[C@@]1([H])[C@]([H])(O[H])[C@@]([H])(C([H])([H])O[C@]2([H])O[C@]([H])(C([H])([H])O[C@@:110]([C:111])([C:114])[O:124])[C@@]([H])(OP(=O)(O[H])O[H])[C@]([H])(OC(=O)C([H])([H])[C@]([H])(O[H])C([H])([H])C([H])([H])C([H])([H])C([H])([H])C([H])([H])C([H])([H])C([H])([H])C([H])([H])C([H])([H])C([H])([H])C([H])([H])[H])[C@@]2([H])N([H])C(=O)C([H])([H])[C@]([H])(O[H])C([H])([H])C([H])([H])C([H])([H])C([H])([H])C([H])([H])C([H])([H])C([H])([H])C([H])([H])C([H])([H])C([H])([H])C([H])([H])[H])O[C@]([H])(OP(=O)(O[H])O[H])[C@]1([H])N([H])C(=O)C([H])([H])[C@]([H])(O[H])C([H])([H])C([H])([H])C([H])([H])C([H])([H])C([H])([H])C([H])([H])C([H])([H])C([H])([H])C([H])([H])C([H])([H])C([H])([H])[H])C([H])([H])C([H])([H])C([H])([H])C([H])([H])C([H])([H])C([H])([H])C([H])([H])C([H])([H])C([H])([H])C([H])([H])C([H])([H])[H],EVODEX-P15835
EVODEX-N5867,[H]O[C@@]1([H])[C@@]([H])(O[H])[C@]([H])(N2:C([H]):C([H]):C(N([H])[H]):N:C:2=O)O[C@]1([H])C([H])([H])OP(=O)(O[H])O[C@:125]([C:126])([C:129])[O:139]>>[H]OC(=O)[C@]1(OC([H])([H])[C@@]2([H])O[C@@]([H])(OC([H])([H])[C@@]3([H])O[C@]([H])(OP(=O)(O[H])O[H])[C@]([H])(N([H])C(=O)C([H])([H])[C@]([H])(O[H])C([H])([H])C([H])([H])C([H])([H])C([H])([H])C([H])([H])C([H])([H])C([H])([H])C([H])([H])C([H])([H])C([H])([H])C([H])([H])[H])[C@@]([H])(OC(=O)C([H])([H])[C@]([H])(O[H])C([H])([H])C([H])([H])C([H])([H])C([H])([H])C([H])([H])C([H])([H])C([H])([H])C([H])([H])C([H])([H])C([H])([H])C([H])([H])[H])[C@]3([H])O[H])[C@]([H])(N([H])C(=O)C([H])([H])[C@]([H])(O[H])C([H])([H])C([H])([H])C([H])([H])C([H])([H])C([H])([H])C([H])([H])C([H])([H])C([H])([H])C([H])([H])C([H])([H])C([H])([H])[H])[C@@]([H])(OC(=O)C([H])([H])[C@]([H])(O[H])C([H])([H])C([H])([H])C([H])([H])C([H])([H])C([H])([H])C([H])([H])C([H])([H])C([H])([H])C([H])([H])C([H])([H])C([H])([H])[H])[C@]2([H])OP(=O)(O[H])O[H])O[C@]([H])([C@]([H])(O[H])C([H])([H])O[H])[C@]([H])(O[H])[C@]([H])(O[C@@:125]([C:126])([C:129])[O:139])C1([H])[H],EVODEX-P15840
EVODEX-N5868,>>[H]OC(=O)[C@]1(OC([H])([H])[C@@]2([H])O[C@@]([H])(OC([H])([H])[C@@]3([H])O[C@]([H])(OP(=O)(O[H])O[H])[C@]([H])(N([H])C(=O)C([H])([H])[C@]([H])(O[H])C([H])([H])C([H])([H])C([H])([H])C([H])([H])C([H])([H])C([H])([H])C([H])([H])C([H])([H])C([H])([H])C([H])([H])C([H])([H])[H])[C@@]([H])(OC(=O)C([H])([H])[C@]([H])(O[H])C([H])([H])C([H])([H])C([H])([H])C([H])([H])C([H])([H])C([H])([H])C([H])([H])C([H])([H])C([H])([H])C([H])([H])C([H])([H])[H])[C@]3([H])O[H])[C@]([H])(N([H])C(=O)C([H])([H])[C@]([H])(O[H])C([H])([H])C([H])([H])C([H])([H])C([H])([H])C([H])([H])C([H])([H])C([H])([H])C([H])([H])C([H])([H])C([H])([H])C([H])([H])[H])[C@@]([H])(OC(=O)C([H])([H])[C@]([H])(O[H])C([H])([H])C([H])([H])C([H])([H])C([H])([H])C([H])([H])C([H])([H])C([H])([H])C([H])([H])C([H])([H])C([H])([H])C([H])([H])[H])[C@]2([H])OP(=O)(O[H])O[H])O[C@]([H])([C@]([H])(O[H])C([H])([H])O[H])[C@]([H])(O[H])[C@]([H])(O)C1([H])[H].[H],EVODEX-P15842
EVODEX-N5869,[#6:7]:[#7&+:8](-[#6@]1(-[#85])-[#8]-[#6@](-[#85])(-[#6](-[#85])(-[#85])-[#8]-[#15](=[#8])(-[#8]-[#85])-[#8]-[#15](=[#8])(-[#8]-[#85])-[#8]-[#6](-[#85])(-[#85])-[#6@@]2(-[#85])-[#8]-[#6@@](-[#85])(-[#7]3:[#6](-[#85]):[#7]:[#6]4:[#6](-[#7](-[#85])-[#85]):[#7]:[#6](-[#85]):[#7]:[#6]:3:4)-[#6@](-[#85])(-[#8]-[#15](=[#8])(-[#8]-[#85])-[#8]-[#85])-[#6@]-2(-[#85])-[#8]-[#85])-[#6@@](-[#85])(-[#8]-[#85])-[#6@@]-1(-[#85])-[#8]-[#85]):[#6:48]>>[#6:7]:[#7:8]:[#6:48],EVODEX-P15844
EVODEX-N5870,[#6:55]:[#7:56]:[#6:57]>>[#85]-[#6@@]1(-[#7&+:56](:[#6:55]):[#6:57])-[#8]-[#6@](-[#85])(-[#6](-[#85])(-[#85])-[#8]-[#15](=[#8])(-[#8]-[#85])-[#8]-[#15](=[#8])(-[#8]-[#85])-[#8]-[#6](-[#85])(-[#85])-[#6@@]2(-[#85])-[#8]-[#6@@](-[#85])(-[#7]3:[#6](-[#85]):[#7]:[#6]4:[#6](-[#7](-[#85])-[#85]):[#7]:[#6](-[#85]):[#7]:[#6]:3:4)-[#6@](-[#85])(-[#8]-[#15](=[#8])(-[#8]-[#85])-[#8]-[#85])-[#6@]-2(-[#85])-[#8]-[#85])-[#6@@](-[#85])(-[#8]-[#85])-[#6@@]-1(-[#85])-[#8]-[#85],EVODEX-P15846
EVODEX-N5871,[H][C:19]([C:18])([O:20])[H:36].[C:1][C:2]([C:3])=[C:4]([C:5])[H:47]>>[C:1][C:2]1([C:3])[C@@:4]([C:5])([H:47])[C@:19]1([C:18])[H:36].[H][O:20],"EVODEX-P15849,EVODEX-P15981,EVODEX-P15983,EVODEX-P16036,EVODEX-P16038,EVODEX-P16637,EVODEX-P16642"
EVODEX-N5872,[H]C(=C(C([H])([H])[H])C([H])([H])[H])C([H])([H])[O:20][P:21]>>[H][O:20][P:21],EVODEX-P15850
EVODEX-N5873,[H]OP(=O)(O[H])OP(=O)(O[H])O[C:19]([H])([C:18])[H:36].[C:1][C:2]([C:3])=[C:4]([C:5])[H:47]>>[C:1][C:2]1([C:3])[C@@:4]([C:5])([H:47])[C@:19]1([C:18])[H:36],"EVODEX-P15851,EVODEX-P15982,EVODEX-P16037,EVODEX-P16039"
EVODEX-N5874,[H][C:15]([C:16]([C:17])=[C:18]([C:19])[H:35])([H:29])[H:30].[C:4][C:5]([O:6])([H:48])[H:49]>>[C:4][C:5]([C@:18]([C:16](=[C:15]([H:29])[H:30])[C:17])([C:19])[H:35])([H:48])[H:49].[H][O:6],"EVODEX-P15852,EVODEX-P16313"
EVODEX-N5875,[H][C:15]([C:16]([C:17])=[C:18]([C:19])[H:35])([H:29])[H:30].[H]OP(=O)(O[H])OP(=O)(O[H])O[C:5]([C:4])([H:48])[H:49]>>[C:4][C:5]([C@:18]([C:16](=[C:15]([H:29])[H:30])[C:17])([C:19])[H:35])([H:48])[H:49],"EVODEX-P15853,EVODEX-P16314"
EVODEX-N5876,[#85]-[#6](-[#85])(-[#85])-[#6]1:[#7]:[#6](-[#85]):[#6](-[#6](-[#85])(-[#85])-[#7&+:7](:[#6:8]):[#6:14]):[#6](-[#7](-[#85])-[#85]):[#7]:1>>[#6:8]:[#7:7]:[#6:14],"EVODEX-P15854,EVODEX-P15871"
EVODEX-N5877,[#6:5]-[#6:6](-[#85:31])(-[#85:32])-[#7&+:7](:[#6:8]):[#6:14].[#6:25]-[#7:26](-[#6@:22])-[#85]>>[#6:5]-[#6:6](-[#85:31])(-[#85:32])-[#7:26](-[#6:22])-[#6:25].[#6:8]:[#7:7]:[#6:14],"EVODEX-P15855,EVODEX-P15860"
EVODEX-N5878,[#6:6]-[#7&+:7](:[#6:8]):[#6:14]>>[#6:6]-[#7]1-[#6](-[#85])(-[#6](=[#8])-[#8]-[#85])-[#6](-[#85])(-[#85])-[#6](-[#85])(-[#85])-[#6]-1(-[#85])-[#85].[#6:8]:[#7:7]:[#6:14],EVODEX-P15856
EVODEX-N5879,[H][N:26]([C:22])[C:25]>>[H]C1:N:C(C([H])([H])[H]):N:C(N([H])[H]):C:1C([H])([H])[N:26]([C:22])[C:25],"EVODEX-P15859,EVODEX-P15864"
EVODEX-N5880,[#6:6]-[#7&+:7](:[#6:8]):[#6:14]>>[#6:6]-[#7]1-[#6](-[#85])(-[#6](=[#8])-[#8]-[#85])-[#6](-[#85])(-[#85])-[#6@@](-[#85])(-[#8]-[#85])-[#6]-1(-[#85])-[#85].[#6:8]:[#7:7]:[#6:14],EVODEX-P15861
EVODEX-N5881,[#6:20]:[#7:21]:[#6:22].[#6:5]-[#6:6](-[#85:46])(-[#85:47])-[#8:7]>>[#6:5]-[#6:6](-[#85:46])(-[#85:47])-[#7&+:21](:[#6:20]):[#6:22].[#85]-[#8:7],"EVODEX-P15865,EVODEX-P16175,EVODEX-P16448,EVODEX-P16653"
EVODEX-N5882,[H]N=C1:C(C([H])([H])[O:7][P:8]):C([H]):N:C(C([H])([H])[H]):N:1[H]>>[H][O:7][P:8],EVODEX-P15866
EVODEX-N5883,[#6:20]:[#7:21]:[#6:22].[#6:5]-[#6:6](-[#85:46])(-[#85:47])-[#8]-[#15](=[#8])(-[#8]-[#85])-[#8]-[#15](=[#8])(-[#8]-[#85])-[#8]-[#85]>>[#6:5]-[#6:6](-[#85:46])(-[#85:47])-[#7&+:21](:[#6:20]):[#6:22],"EVODEX-P15867,EVODEX-P16449,EVODEX-P16656"
EVODEX-N5884,[#6:20]:[#7:21]:[#6:22]>>[#85]-[#6](-[#85])(-[#85])-[#6]1:[#7]:[#6](-[#85]):[#6](-[#6](-[#85])(-[#85])-[#7&+:21](:[#6:20]):[#6:22]):[#6](=[#7]-[#85]):[#7]:1-[#85],EVODEX-P15869
EVODEX-N5885,>>[#7&+]1:[#6](-[#6](-[#85])(-[#85])-[#85]):[#6](-[#6](-[#85])(-[#85])-[#6](-[#85])(-[#85])-[#8]-[#15](=[#8])(-[#8]-[#85])-[#8]-[#85]):[#16]:[#6]:1-[#85].[#85],EVODEX-P15870
EVODEX-N5886,[#6:5]-[#6:6](-[#85:36])(-[#85:37])-[#7&+:7](:[#6:8]):[#6:18].[#85]-[#8:25]-[#15:24]>>[#6:5]-[#6:6](-[#85:36])(-[#85:37])-[#8:25]-[#15:24].[#6:8]:[#7:7]:[#6:18],EVODEX-P15872
EVODEX-N5887,[H][O:25][P:24]>>[H]N=C1:C(C([H])([H])[O:25][P:24]):C([H]):N:C(C([H])([H])[H]):N:1[H],EVODEX-P15876
EVODEX-N5888,[H]O[C@@]1([H])[C@@]([H])(O[H])[C@]([H])(N2:C([H]):N:C3:C(N([H])[H]):N:C([H]):N:C:3:2)O[C@]1([H])C([H])([H])[O:24][P:25]>>[H]O[P:25][O:24][H].[H],EVODEX-P15877
EVODEX-N5889,[#6:1]-[#16:2]-[#6:3].[#6:23](-[#6@:22])(-[#85:59])(-[#85:60])-[#8:24]-[#15:25](=[#8:26])(-[#8:27])-[#8:28].[#85:69]-[#8:41]-[#85]>>[#6:1]-[#16&+:2](-[#6:3])-[#6:23](-[#85:59])(-[#85:60])-[#6@@:22].[#85]-[#8:24]-[#15:25](=[#8:26])(-[#8:27])-[#8:41]-[#85:69].[#85]-[#8:28],EVODEX-P15878
EVODEX-N5890,[#6:1]-[#16:2]-[#6:3]>>[#6:1]-[#16&+:2](-[#6:3])-[#6](-[#85])(-[#85])-[#6@@]1(-[#85])-[#8]-[#6@@](-[#85])(-[#7]2:[#6]3:[#7]:[#6](-[#85]):[#7]:[#6](-[#7](-[#85])-[#85]):[#6]:3:[#7]:[#6]:2-[#85])-[#6@](-[#85])(-[#8]-[#85])-[#6@]-1(-[#85])-[#8]-[#85],EVODEX-P15879
EVODEX-N5891,[#6:1]-[#16:2]-[#6:3].[#6:23](-[#6@:22])(-[#85:59])(-[#85:60])-[#8:24]-[#15:25](=[#8:26])(-[#8:27])-[#8]-[#15](=[#8])(-[#8]-[#85])-[#8]-[#15](=[#8])(-[#8]-[#85])-[#8]-[#85]>>[#6:1]-[#16&+:2](-[#6:3])-[#6:23](-[#85:59])(-[#85:60])-[#6@@:22].[#85]-[#8:24]-[#15:25](=[#8:26])(-[#8:27])-[#8]-[#85],EVODEX-P15880
EVODEX-N5892,[#8:24]-[#15:25](=[#8:26])(-[#8:27])-[#8:28].[#85:69]-[#8:41]-[#85]>>[#85]-[#6](-[#85])(-[#85])-[#16&+]-[#6](-[#85])(-[#85])-[#6](-[#85])(-[#85])-[#6@](-[#85])(-[#7](-[#85])-[#85])-[#6](=[#8])-[#8]-[#85].[#85]-[#8:24]-[#15:25](=[#8:26])(-[#8:27])-[#8:41]-[#85:69].[#85]-[#8:28],EVODEX-P15881
EVODEX-N5893,[#6:23](-[#6@:22])(-[#85:59])(-[#85:60])-[#8]-[#15](=[#8])(-[#8]-[#85])-[#8]-[#15](=[#8])(-[#8]-[#85])-[#8]-[#15](=[#8])(-[#8]-[#85])-[#8]-[#85]>>[#85]-[#6](-[#85])(-[#85])-[#16&+](-[#6](-[#85])(-[#85])-[#6](-[#85])(-[#85])-[#6@](-[#85])(-[#7](-[#85])-[#85])-[#6](=[#8])-[#8]-[#85])-[#6:23](-[#85:59])(-[#85:60])-[#6@@:22],EVODEX-P15882
EVODEX-N5894,[#6:1]-[#16:2]-[#6:3].[#6:23](-[#6@:22])(-[#85:59])(-[#85:60])-[#8:24]-[#15:25](=[#8:26])(-[#8:27])-[#8]-[#15](=[#8])(-[#8]-[#85])-[#8]-[#15](=[#8])(-[#8]-[#85])-[#8]-[#85].[#85:69]-[#8:41]-[#85]>>[#6:1]-[#16&+:2](-[#6:3])-[#6:23](-[#85:59])(-[#85:60])-[#6@@:22].[#85]-[#8:24]-[#15:25](=[#8:26])(-[#8:27])-[#8:41]-[#85:69],EVODEX-P15883
EVODEX-N5895,[#8:24]-[#15:25](=[#8:26])(-[#8:27])-[#8]-[#15](=[#8])(-[#8]-[#85])-[#8]-[#15](=[#8])(-[#8]-[#85])-[#8]-[#85].[#85:69]-[#8:41]-[#85]>>[#85]-[#6](-[#85])(-[#85])-[#16&+]-[#6](-[#85])(-[#85])-[#6](-[#85])(-[#85])-[#6@](-[#85])(-[#7](-[#85])-[#85])-[#6](=[#8])-[#8]-[#85].[#85]-[#8:24]-[#15:25](=[#8:26])(-[#8:27])-[#8:41]-[#85:69],EVODEX-P15884
EVODEX-N5896,[H]O[C@@]1([H])[C@@]([H])(O[H])[C@]([H])(N2:C([H]):N:C3:C(N([H])[H]):N:C([H]):N:C:3:2)O[C@]1([H])C([H])([H])[O:24][P:25](OP(=O)(O[H])OP(=O)(O[H])O[H])(=[O:26])[O:27].[H][O:41][H:69]>>[H][O:24][P:25](=[O:26])([O:27])[O:41][H:69],"EVODEX-P15885,EVODEX-P28919"
EVODEX-N5897,>>[#85]-[#6](-[#85])(-[#85])-[#16&+]-[#6](-[#85])(-[#85])-[#6](-[#85])(-[#85])-[#6@](-[#85])(-[#7](-[#85])-[#85])-[#6](=[#8])-[#8]-[#85].([#85].[#8]-[#85]).[#85],EVODEX-P15886
EVODEX-N5898,[#6:23](-[#6@:22])(-[#85:59])(-[#85:60])-[#8]-[#15](=[#8])(-[#8]-[#85])-[#8:28]-[#15:29]>>[#85]-[#6](-[#85])(-[#85])-[#16&+](-[#6](-[#85])(-[#85])-[#6](-[#85])(-[#85])-[#6@](-[#85])(-[#7](-[#85])-[#85])-[#6](=[#8])-[#8]-[#85])-[#6:23](-[#85:59])(-[#85:60])-[#6@@:22].[#85]-[#8:28]-[#15:29],EVODEX-P15887
EVODEX-N5899,[#6:1]-[#16:2]-[#6:3].[#6:23](-[#6@:22])(-[#85:59])(-[#85:60])-[#8]-[#15](=[#8])(-[#8]-[#85])-[#8]-[#15](=[#8])(-[#8]-[#85])-[#8]-[#15](=[#8])(-[#8]-[#85])-[#8]-[#85]>>[#6:1]-[#16&+:2](-[#6:3])-[#6:23](-[#85:59])(-[#85:60])-[#6@@:22],EVODEX-P15888
EVODEX-N5900,[#6:1]-[#16:2]-[#6:3].[#6:23](-[#6@:22])(-[#85:59])(-[#85:60])-[#8:24]>>[#6:1]-[#16&+:2](-[#6:3])-[#6:23](-[#85:59])(-[#85:60])-[#6@@:22].([#85]-[#8:24].[#8]-[#85]).[#85],EVODEX-P15889
EVODEX-N5901,[H]O[C@@]1([H])[C@@]([H])(O[H])[C@]([H])(N2:C([H]):N:C3:C(N([H])[H]):N:C([H]):N:C:3:2)O[C@]1([H])C([H])([H])[O:24][P:25](=[O:26])([O:27])[O:28].[H][O:41][H:69]>>[H][O:24][P:25](=[O:26])([O:27])[O:41][H:69].[H][O:28],EVODEX-P15890
EVODEX-N5902,[#8:24]-[#15:25](=[#8:26])(-[#8:27])-[#8]-[#15](=[#8])(-[#8]-[#85])-[#8]-[#15](=[#8])(-[#8]-[#85])-[#8]-[#85]>>[#85]-[#6](-[#85])(-[#85])-[#16&+]-[#6](-[#85])(-[#85])-[#6](-[#85])(-[#85])-[#6@](-[#85])(-[#7](-[#85])-[#85])-[#6](=[#8])-[#8]-[#85].[#85]-[#8:24]-[#15:25](=[#8:26])(-[#8:27])-[#8]-[#85],EVODEX-P15891
EVODEX-N5903,[#6:1]-[#16:2]-[#6:3].[#6:23](-[#6@:22])(-[#85:59])(-[#85:60])-[#8]-[#15](=[#8])(-[#8]-[#85])-[#8:28]-[#15:29]>>[#6:1]-[#16&+:2](-[#6:3])-[#6:23](-[#85:59])(-[#85:60])-[#6@@:22].[#85]-[#8:28]-[#15:29],EVODEX-P15892
EVODEX-N5904,[H][O:41][H:69]>>[H]OP(=O)(O[H])[O:41][H:69],EVODEX-P15893
EVODEX-N5905,[#6:1]-[#16:2]-[#6:3].[#85:69]-[#8:41]-[#85]>>[#6:1]-[#16&+:2](-[#6:3])-[#6](-[#85])(-[#85])-[#6@@]1(-[#85])-[#8]-[#6@@](-[#85])(-[#7]2:[#6]3:[#7]:[#6](-[#85]):[#7]:[#6](-[#7](-[#85])-[#85]):[#6]:3:[#7]:[#6]:2-[#85])-[#6@](-[#85])(-[#8]-[#85])-[#6@]-1(-[#85])-[#8]-[#85].[#85]-[#8]-[#15](=[#8])(-[#8]-[#85])-[#8:41]-[#85:69],EVODEX-P15894
EVODEX-N5906,[O:19][P:20](=[O:21])([O:22])[O:23].[H][O:54][H:83]>>[O:19][P:20](=[O:21])([O:22])[O:54][H:83].[H][O:23],"EVODEX-P15895,EVODEX-P21902,EVODEX-P21915,EVODEX-P21979,EVODEX-P22000,EVODEX-P22187,EVODEX-P22192,EVODEX-P22196,EVODEX-P22529,EVODEX-P22556,EVODEX-P22562,EVODEX-P22568,EVODEX-P22574,EVODEX-P28173,EVODEX-P28218,EVODEX-P28232,EVODEX-P28239,EVODEX-P28550,EVODEX-P28780,EVODEX-P28791,EVODEX-P28795,EVODEX-P28800,EVODEX-P28805,EVODEX-P28810,EVODEX-P28815,EVODEX-P28821,EVODEX-P28825,EVODEX-P28836,EVODEX-P28842,EVODEX-P28847,EVODEX-P28853,EVODEX-P28856,EVODEX-P28861,EVODEX-P28881,EVODEX-P28896,EVODEX-P28902,EVODEX-P28908,EVODEX-P28912,EVODEX-P28917,EVODEX-P28927,EVODEX-P28932,EVODEX-P28937,EVODEX-P28943,EVODEX-P28949,EVODEX-P28951,EVODEX-P28956,EVODEX-P28961,EVODEX-P28966,EVODEX-P28972,EVODEX-P28978,EVODEX-P28985,EVODEX-P28990,EVODEX-P28999,EVODEX-P29005,EVODEX-P29010,EVODEX-P29023,EVODEX-P29026,EVODEX-P29034,EVODEX-P29040,EVODEX-P29046,EVODEX-P29051,EVODEX-P29055,EVODEX-P29058,EVODEX-P29061,EVODEX-P29066,EVODEX-P29072,EVODEX-P29078,EVODEX-P29083,EVODEX-P29089,EVODEX-P29095,EVODEX-P29100,EVODEX-P29106,EVODEX-P29112,EVODEX-P29118,EVODEX-P29124,EVODEX-P29130,EVODEX-P29136,EVODEX-P29140,EVODEX-P29145"
EVODEX-N5907,[H]OP(=O)(O[H])[O:6][P:7]>>[H][O:6][P:7],"EVODEX-P15896,EVODEX-P18024,EVODEX-P18104,EVODEX-P18148,EVODEX-P18168,EVODEX-P18273,EVODEX-P18361,EVODEX-P18439,EVODEX-P18528,EVODEX-P19394,EVODEX-P19427,EVODEX-P19455,EVODEX-P19470,EVODEX-P19497,EVODEX-P19519,EVODEX-P19529,EVODEX-P19535,EVODEX-P28806,EVODEX-P29013"
EVODEX-N5908,[H]OP(=O)(O[H])OP(=O)(O[H])O[P:3](=[O:2])([O:4])[O:5].[H][O:1][H:20]>>[O:1]([P:3](=[O:2])([O:4])[O:5])[H:20],"EVODEX-P15897,EVODEX-P20335,EVODEX-P28547,EVODEX-P28792,EVODEX-P28811,EVODEX-P28817,EVODEX-P29020,EVODEX-P29068,EVODEX-P29080,EVODEX-P29085,EVODEX-P29091,EVODEX-P29097,EVODEX-P29102"
EVODEX-N5909,[C:1]=[C:2]([O:3])[C:8].[H][O:49][C:48]>>[C:1]=[C:2]([C:8])[O:49][C:48].[H][O:3],"EVODEX-P15900,EVODEX-P15960"
EVODEX-N5910,[H]OC(=O)C(=C([H])[H])[O:3][P:4]>>[H][O:3][P:4],EVODEX-P15901
EVODEX-N5911,[H]OP(=O)(O[H])O[C:2](=[C:1])[C:8].[H][O:49][C:48]>>[C:1]=[C:2]([C:8])[O:49][C:48],"EVODEX-P15902,EVODEX-P15961"
EVODEX-N5912,[H][O:49][C:48]>>[H]OC(=O)C(=C([H])[H])[O:49][C:48],"EVODEX-P15903,EVODEX-P15962"
EVODEX-N5913,[H]OP(=O)(O[H])O[C:2](=[C:1])[C:8]>>[H]OC([H])([H])[C@@]1([H])O[C@]([H])(OP(=O)(O[H])OP(=O)(O[H])OC([H])([H])[C@@]2([H])O[C@@]([H])(N3:C([H]):C([H]):C(=O):N([H]):C:3=O)[C@]([H])(O[H])[C@]2([H])O[H])[C@]([H])(N([H])C(=O)C([H])([H])[H])[C@@]([H])(O[C:2](=[C:1])[C:8])[C@]1([H])O[H],EVODEX-P15904
EVODEX-N5914,[C:1]=[C:2]([O:3])[C:42].[H][O:47][P:46]>>[C:1]=[C:2]([C:42])[O:47][P:46].[H][O:3],"EVODEX-P15906,EVODEX-P15965"
EVODEX-N5915,[H]OC(=O)C(=C([H])[H])[O:3][C:4]>>[H][O:3][C:4],"EVODEX-P15907,EVODEX-P15966,EVODEX-P24288,EVODEX-P24293,EVODEX-P24345"
EVODEX-N5916,[H]OC([H])([H])[C@@]1([H])O[C@]([H])(OP(=O)(O[H])OP(=O)(O[H])OC([H])([H])[C@@]2([H])O[C@@]([H])(N3:C([H]):C([H]):C(=O):N([H]):C:3=O)[C@]([H])(O[H])[C@]2([H])O[H])[C@]([H])(N([H])C(=O)C([H])([H])[H])[C@@]([H])(O[C:2](=[C:1])[C:42])[C@]1([H])O[H].[H][O:47][P:46]>>[C:1]=[C:2]([C:42])[O:47][P:46],EVODEX-P15908
EVODEX-N5917,[H][O:47][P:46]>>[H]OC(=O)C(=C([H])[H])[O:47][P:46],EVODEX-P15909
EVODEX-N5918,[H]OC([H])([H])[C@@]1([H])O[C@]([H])(OP(=O)(O[H])OP(=O)(O[H])OC([H])([H])[C@@]2([H])O[C@@]([H])(N3:C([H]):C([H]):C(=O):N([H]):C:3=O)[C@]([H])(O[H])[C@]2([H])O[H])[C@]([H])(N([H])C(=O)C([H])([H])[H])[C@@]([H])(O[C:2](=[C:1])[C:42])[C@]1([H])O[H]>>[H]OP(=O)(O[H])O[C:2](=[C:1])[C:42],EVODEX-P15910
EVODEX-N5919,[H][C:4]([C:2](=[C:1]([H:29])[H:30])[C:3])([C:5])[H:34].[C:18][C:19]([O:20])([H:48])[H:49]>>[C:1](/[C:2]([C:3])=[C:4](/[C:5])[H:34])([C:19]([C:18])([H:48])[H:49])([H:29])[H:30].[H][O:20],"EVODEX-P15912,EVODEX-P15970,EVODEX-P15975,EVODEX-P16034,EVODEX-P16297,EVODEX-P16358"
EVODEX-N5920,[H][C:4]([C:2](=[C:1]([H:29])[H:30])[C:3])([C:5])[H:34].[H]OP(=O)(O[H])OP(=O)(O[H])O[C:19]([C:18])([H:48])[H:49]>>[C:1](/[C:2]([C:3])=[C:4](/[C:5])[H:34])([C:19]([C:18])([H:48])[H:49])([H:29])[H:30],"EVODEX-P15913,EVODEX-P15972,EVODEX-P15977,EVODEX-P16035,EVODEX-P16299,EVODEX-P16359"
EVODEX-N5921,[H]OP(=O)(O[H])OP(=O)(O[H])O[C:19]([C:18])([H:48])[H:49]>>[H]OP(=O)(O[H])OP(=O)(O[H])OC([H])([H])/C([H])=C(\C([H])([H])[H])C([H])([H])[C:19]([C:18])([H:48])[H:49],"EVODEX-P15914,EVODEX-P15973,EVODEX-P15978,EVODEX-P16300,EVODEX-P16360"
EVODEX-N5922,[H][C:4]([C:2](=[C:1]([H:29])[H:30])[C:3])([C:5])[H:34]>>[H]C(=C(C([H])([H])[H])C([H])([H])[H])C([H])([H])[C:1](/[C:2]([C:3])=[C:4](/[C:5])[H:34])([H:29])[H:30],EVODEX-P15915
EVODEX-N5923,>>[H]OP(=O)(O[H])OP(=O)(O[H])OC([H])([H])/C([H])=C(/C([H])[H])C([H])([H])[H].[H],"EVODEX-P15916,EVODEX-P15974,EVODEX-P15980,EVODEX-P16302,EVODEX-P16362"
EVODEX-N5924,[H][C:18]([C:16](=[C:15]([H:43])[H:44])[C:17])([C:19]([O:20])([H:50])[H:51])[H:48].[H][C:4]([C:2](=[C:1]([H:55])[H:56])[C:3])([C:5])[H:60].[C:32][C:33]([O:34])([H:74])[H:75]>>[C:1](/[C:2]([C:3])=[C:4](/[C:5])[H:60])([C:19](/[C:18](=[C:16](/[C:15]([C:33]([C:32])([H:74])[H:75])([H:43])[H:44])[C:17])[H:48])([H:50])[H:51])([H:55])[H:56].[H][O:20].[H][O:34],"EVODEX-P15917,EVODEX-P16020,EVODEX-P16026,EVODEX-P16363"
EVODEX-N5925,[H]OP(=O)(O[H])OP(=O)(O[H])O[C:19]([C:18]([H])([C:16](=[C:15]([H:43])[H:44])[C:17])[H:48])([H:50])[H:51].[H]OP(=O)(O[H])OP(=O)(O[H])O[C:33]([C:32])([H:74])[H:75]>>[H]OP(=O)(O[H])OP(=O)(O[H])OC([H])([H])/C([H])=C(\C([H])([H])[H])C([H])([H])[C:19](/[C:18](=[C:16](/[C:15]([C:33]([C:32])([H:74])[H:75])([H:43])[H:44])[C:17])[H:48])([H:50])[H:51],"EVODEX-P15918,EVODEX-P16021"
EVODEX-N5926,[H]OP(=O)(O[H])OP(=O)(O[H])O[C:19]([C:18]([H])([C:16](=[C:15]([H:43])[H:44])[C:17])[H:48])([H:50])[H:51]>>[H]OP(=O)(O[H])OP(=O)(O[H])OC([H])([H])/C([H])=C(\C([H])([H])[H])C([H])([H])[C:19](/[C:18](=[C:16](/[C:15](C([H])([H])C([H])=C(C([H])([H])[H])C([H])([H])[H])([H:43])[H:44])[C:17])[H:48])([H:50])[H:51],EVODEX-P15919
EVODEX-N5927,[H][C:18]([C:16](=[C:15]([H:43])[H:44])[C:17])([C:19])[H:48]>>[H]OP(=O)(O[H])OP(=O)(O[H])OC([H])([H])/C([H])=C(\C([H])([H])[H])C([H])([H])[C:19]/[C:18](=[C:16](/[C:15](C([H])([H])C([H])=C(C([H])([H])[H])C([H])([H])[H])([H:43])[H:44])[C:17])[H:48].[H],EVODEX-P15920
EVODEX-N5928,[H]C([H])=C(C([H])([H])[H])C([H])([H])C([H])([H])[O:20][P:21].[H]C(=C(C([H])([H])[H])C([H])([H])[H])C([H])([H])[O:34][P:35]>>[H][O:20][P:21].[H][O:34][P:35],EVODEX-P15921
EVODEX-N5929,>>[H]OP(=O)(O[H])OP(=O)(O[H])OC([H])([H])/C([H])=C(\C([H])([H])[H])C([H])([H])C([H])([H])/C([H])=C(/C([H])[H])C([H])([H])[H].[H],"EVODEX-P15922,EVODEX-P16024,EVODEX-P16033,EVODEX-P16368"
EVODEX-N5930,[H]C([H])=C(C([H])([H])[H])C([H])([H])C([H])([H])[O:20][P:21]>>[H][O:20][P:21],EVODEX-P15923
EVODEX-N5931,[H]OP(=O)(O[H])OP(=O)(O[H])O[C:33]([C:32])([H:74])[H:75]>>[H]OP(=O)(O[H])OP(=O)(O[H])OC([H])([H])/C([H])=C(\C([H])([H])[H])C([H])([H])C([H])([H])/C([H])=C(\C([H])([H])[H])C([H])([H])[C:33]([C:32])([H:74])[H:75],"EVODEX-P15924,EVODEX-P16025,EVODEX-P16032,EVODEX-P16367"
EVODEX-N5932,[H][N:23]([C:24])[H:42].[C:10][C:11]([O:12])([H:59])[H:60]>>[C:10][C:11]([N:23]([C:24])[H:42])([H:59])[H:60].[H][O:12],"EVODEX-P15925,EVODEX-P15931,EVODEX-P16010,EVODEX-P16015,EVODEX-P16413,EVODEX-P16418,EVODEX-P16463,EVODEX-P16627"
EVODEX-N5933,[H]N=C1:N([H]):C2:C(:C(=O):N:1[H])N=C(C([H])([H])[O:12][P:13])C([H])([H])N2[H]>>[H][O:12][P:13],EVODEX-P15926
EVODEX-N5934,[H][N:23]([C:24])[H:42].[H]OP(=O)(O[H])OP(=O)(O[H])O[C:11]([C:10])([H:59])[H:60]>>[C:10][C:11]([N:23]([C:24])[H:42])([H:59])[H:60],"EVODEX-P15927,EVODEX-P15932,EVODEX-P16011,EVODEX-P16016,EVODEX-P16414,EVODEX-P16419,EVODEX-P16464"
EVODEX-N5935,[H]OP(=O)(O[H])OP(=O)(O[H])O[C:11]([C:10])([H:59])[H:60]>>[H]OC(=O)C([H])([H])C([H])([H])[C@@]([H])(C(=O)O[H])N([H])C(=O)C1:C([H]):C([H]):C(N([H])[C:11]([C:10])([H:59])[H:60]):C([H]):C:1[H],EVODEX-P15928
EVODEX-N5936,[H][N:23]([C:24])[H:42]>>[H]N=C1:N([H]):C2:C(:C(=O):N:1[H])N=C(C([H])([H])[N:23]([C:24])[H:42])C([H])([H])N2[H],"EVODEX-P15929,EVODEX-P15934,EVODEX-P16416,EVODEX-P16421"
EVODEX-N5937,>>[H]NC1:C([H]):C([H]):C(C(=O)N([H])[C@]([H])(C(=O)O[H])C([H])([H])C([H])([H])C(=O)O[H]):C([H]):C:1[H].[H],EVODEX-P15930
EVODEX-N5938,[H]OP(=O)(O[H])OP(=O)(O[H])O[C:11]([C:10])([H:43])[H:44]>>[H]OC(=O)C1:C([H]):C([H]):C(N([H])[C:11]([C:10])([H:43])[H:44]):C([H]):C:1[H],EVODEX-P15933
EVODEX-N5939,>>[H]NC1:C([H]):C([H]):C(C(=O)O[H]):C([H]):C:1[H].[H],EVODEX-P15935
EVODEX-N5940,[#6:1]-[#16&+:2](-[#6:3](-[#85:34])(-[#85:35])-[#6:4])-[#6:7].[#85:54]-[#7:25](-[#85])-[#6:26]>>[#85:34]-[#6:3](-[#85:35])(-[#6:4])-[#7:25](-[#85:54])-[#6:26].[#6:1]-[#16:2]-[#6:7],"EVODEX-P15936,EVODEX-P15942,EVODEX-P15989,EVODEX-P15994,EVODEX-P16108,EVODEX-P16343,EVODEX-P16403,EVODEX-P16408,EVODEX-P16523,EVODEX-P16528,EVODEX-P16539,EVODEX-P16648"
EVODEX-N5941,[#6:1]-[#16&+:2](-[#6](-[#85])(-[#85])-[#6](-[#85])(-[#85])-[#6](-[#85])(-[#85])-[#7](-[#85])-[#85])-[#6:7]>>[#6:1]-[#16:2]-[#6:7],EVODEX-P15937
EVODEX-N5942,[#85]-[#6](-[#85])(-[#85])-[#16&+](-[#6:3](-[#85:34])(-[#85:35])-[#6:4])-[#6](-[#85])(-[#85])-[#6@@]1(-[#85])-[#8]-[#6@@](-[#85])(-[#7]2:[#6](-[#85]):[#7]:[#6]3:[#6](-[#7](-[#85])-[#85]):[#7]:[#6](-[#85]):[#7]:[#6]:2:3)-[#6@](-[#85])(-[#8]-[#85])-[#6@]-1(-[#85])-[#8]-[#85].[#85:54]-[#7:25](-[#85])-[#6:26]>>[#85:34]-[#6:3](-[#85:35])(-[#6:4])-[#7:25](-[#85:54])-[#6:26],"EVODEX-P15938,EVODEX-P15943,EVODEX-P15990,EVODEX-P15995,EVODEX-P16109,EVODEX-P16344,EVODEX-P16404,EVODEX-P16409,EVODEX-P16524,EVODEX-P16529,EVODEX-P16649"
EVODEX-N5943,[#85]-[#6](-[#85])(-[#85])-[#16&+](-[#6:3](-[#85:34])(-[#85:35])-[#6:4])-[#6](-[#85])(-[#85])-[#6@@]1(-[#85])-[#8]-[#6@@](-[#85])(-[#7]2:[#6](-[#85]):[#7]:[#6]3:[#6](-[#7](-[#85])-[#85]):[#7]:[#6](-[#85]):[#7]:[#6]:2:3)-[#6@](-[#85])(-[#8]-[#85])-[#6@]-1(-[#85])-[#8]-[#85]>>[#85:34]-[#6:3](-[#85:35])(-[#6:4])-[#7](-[#85])-[#6](-[#85])(-[#85])-[#6](-[#85])(-[#85])-[#6](-[#85])(-[#85])-[#6](-[#85])(-[#85])-[#7](-[#85])-[#85],EVODEX-P15939
EVODEX-N5944,[H][N:25]([C:26])[H:54]>>[H]N([H])C([H])([H])C([H])([H])C([H])([H])[N:25]([C:26])[H:54],"EVODEX-P15940,EVODEX-P15945,EVODEX-P15992,EVODEX-P15997,EVODEX-P16346,EVODEX-P16406,EVODEX-P16411,EVODEX-P16526,EVODEX-P16531"
EVODEX-N5945,[#85]-[#6](-[#85])(-[#85])-[#16&+](-[#6:3](-[#85:38])(-[#85:39])-[#6:4])-[#6](-[#85])(-[#85])-[#6@@]1(-[#85])-[#8]-[#6@@](-[#85])(-[#7]2:[#6](-[#85]):[#7]:[#6]3:[#6](-[#7](-[#85])-[#85]):[#7]:[#6](-[#85]):[#7]:[#6]:2:3)-[#6@](-[#85])(-[#8]-[#85])-[#6@]-1(-[#85])-[#8]-[#85]>>[#85:38]-[#6:3](-[#85:39])(-[#6:4])-[#7](-[#85])-[#6](-[#85])(-[#85])-[#6](-[#85])(-[#85])-[#6](-[#85])(-[#85])-[#6](-[#85])(-[#85])-[#7](-[#85])-[#6](-[#85])(-[#85])-[#6](-[#85])(-[#85])-[#6](-[#85])(-[#85])-[#7](-[#85])-[#85],EVODEX-P15944
EVODEX-N5946,[#6:1]-[#16&+:2](-[#6:3])-[#6:7]>>[#6:3]-[#7](-[#85])-[#6](-[#85])(-[#85])-[#6](-[#85])(-[#85])-[#6](-[#85])(-[#85])-[#6](-[#85])(-[#85])-[#7](-[#85])-[#6](-[#85])(-[#85])-[#6](-[#85])(-[#85])-[#6](-[#85])(-[#85])-[#7](-[#85])-[#85].[#6:1]-[#16:2]-[#6:7],EVODEX-P15946
EVODEX-N5947,[H][S:10][C:9].[C:27]=[C:28]([Cl:29])[C:30]>>[H][Cl:29].[C:9][S:10][C:28](=[C:27])[C:30],"EVODEX-P15948,EVODEX-P15954"
EVODEX-N5948,[H][S:10][C:9].Cl[C:28](=[C:27])[C:30]>>[C:9][S:10][C:28](=[C:27])[C:30],"EVODEX-P15949,EVODEX-P15955"
EVODEX-N5949,Cl[C:28](=[C:27])[C:30]>>[H]OC(=O)C([H])([H])N([H])C(=O)[C@@]([H])(N([H])C(=O)C([H])([H])C([H])([H])[C@@]([H])(C(=O)O[H])N([H])[H])C([H])([H])S[C:28](=[C:27])[C:30],"EVODEX-P15950,EVODEX-P15956"
EVODEX-N5950,[H][S:10][C:9]>>[H]OC(=O)/C(O[H])=C([H])\C([H])=C(\C(=O)C1:C([H]):C([H]):C([H]):C([H]):C:1[H])[S:10][C:9],EVODEX-P15951
EVODEX-N5951,[H]OC(=O)/C(O[H])=C([H])\C([H])=C(\C(=O)C1:C([H]):C([H]):C([H]):C([H]):C:1[H])[Cl:29]>>[H][Cl:29],EVODEX-P15952
EVODEX-N5952,[H][S:10][C:9]>>[H]OC(=O)/C(O[H])=C(C(\[H])=C(/[H])C(=O)C1:C([H]):C([H]):C([H]):C([H]):C:1[H])/[S:10][C:9],EVODEX-P15957
EVODEX-N5953,[H]OC(=O)/C(O[H])=C(C(\[H])=C(/[H])C(=O)C1:C([H]):C([H]):C([H]):C([H]):C:1[H])/[Cl:27]>>[H][Cl:27],EVODEX-P15958
EVODEX-N5954,[H]OP(=O)(O[H])O[C:2](=[C:1])[C:8]>>[H]OC(=O)C1=C([H])[C@@]([H])(OP(=O)(O[H])O[H])[C@@]([H])(O[H])[C@]([H])(O[C:2](=[C:1])[C:8])C1([H])[H],EVODEX-P15963
EVODEX-N5955,>>[H]OC(=O)C1=C([H])[C@@]([H])(OP(=O)(O[H])O[H])[C@@]([H])(O[H])[C@]([H])(O)C1([H])[H].[H],EVODEX-P15964
EVODEX-N5956,[H]OC(=O)C1=C([H])[C@@]([H])(OP(=O)(O[H])O[H])[C@@]([H])(O[H])[C@]([H])(O[C:2](=[C:1])[C:19])C1([H])[H].[H][O:24][P:23]>>[C:1]=[C:2]([C:19])[O:24][P:23],EVODEX-P15967
EVODEX-N5957,[H]OC(=O)C1=C([H])[C@@]([H])(OP(=O)(O[H])O[H])[C@@]([H])(O[H])[C@]([H])(O[C:2](=[C:1])[C:19])C1([H])[H]>>[H]OP(=O)(O[H])O[C:2](=[C:1])[C:19],EVODEX-P15968
EVODEX-N5958,[H]C(=C(C([H])([H])[H])C([H])([H])[H])C([H])([H])C([H])([H])/C(=C(/[H])C([H])([H])[O:25][P:26])C([H])([H])[H]>>[H][O:25][P:26],EVODEX-P15971
EVODEX-N5959,[H]C(=C(C([H])([H])[H])C([H])([H])[H])C([H])([H])C([H])([H])/C(=C(\[H])C([H])([H])C([H])([H])/C(=C(\[H])C([H])([H])[O:30][P:31])C([H])([H])[H])C([H])([H])[H]>>[H][O:30][P:31],EVODEX-P15976
EVODEX-N5960,[H][C:4]([C:2](=[C:1]([H:39])[H:40])[C:3])([C:5])[H:44]>>[H]C(=C(C([H])([H])[H])C([H])([H])[H])C([H])([H])C([H])([H])/C(=C(\[H])C([H])([H])C([H])([H])/C(=C(\[H])C([H])([H])[C:1]([C:2]([C:3])=[C:4]([C:5])[H:44])([H:39])[H:40])C([H])([H])[H])C([H])([H])[H],EVODEX-P15979
EVODEX-N5961,[H]O[C@@]1([H])[C@@]([H])(O[H])[C@]([H])(N2C([H])=C([H])C([H])([H])C(C(=O)N([H])[H])=C2[H])O[C@]1([H])C([H])([H])[O:50][P:51]>>[H][O:50][P:51],EVODEX-P15984
EVODEX-N5962,[C:30]/[C:31](=[C:32](\[C:33])[C:34])[H:121].[H]O[C@@]1([H])[C@@]([H])(O[H])[C@]([H])(N2:C([H]):N:C3:C(N([H])[H]):N:C([H]):N:C:3:2)O[C@]1([H])C([H])([H])OP(=O)(O[H])OP(=O)(O[H])O[C:49]([H])([C:48])[H:141]>>[C:30][C:31]1([H:121])[C:32]([C:33])([C:34])[C:49]1([C:48])[H:141],"EVODEX-P15985,EVODEX-P16638"
EVODEX-N5963,[H]O[C@@]1([H])[C@@]([H])(O[H])[C@]([H])(N2:C([H]):N:C3:C(N([H])[H]):N:C([H]):N:C:3:2)O[C@]1([H])C([H])([H])OP(=O)(O[H])OP(=O)(O[H])O[C:49]([H])([C:48])[H:141]>>[H]OP(=O)(O[H])OP(=O)(O[H])OC([H])([H])[C@]1([H])[C@@]([H])(/C([H])=C(\C([H])([H])[H])C([H])([H])C([H])([H])/C([H])=C(\C([H])([H])[H])C([H])([H])C([H])([H])C([H])=C(C([H])([H])[H])C([H])([H])[H])[C@@]1(C([H])([H])[H])C([H])([H])C([H])([H])C1([H])C(C([H])([H])[H])(C([H])([H])C([H])([H])C([H])=C(C([H])([H])[H])C([H])([H])[H])[C:49]1([C:48])[H:141],EVODEX-P15986
EVODEX-N5964,[C:30]/[C:31](=[C:32](\[C:33])[C:34])[H:121]>>[H]O[C@@]1([H])[C@@]([H])(O[H])[C@]([H])(N2C([H])=C([H])C([H])([H])C(C(=O)N([H])[H])=C2[H])O[C@]1([H])C1([H])[C:31]([C:30])([H:121])[C:32]1([C:33])[C:34],"EVODEX-P15987,EVODEX-P16640"
EVODEX-N5965,[H][C:49]([C:48])([O:50])[H:141]>>[H]OP(=O)(O[H])OP(=O)(O[H])OC([H])([H])[C@]1([H])[C@@]([H])(/C([H])=C(\C([H])([H])[H])C([H])([H])C([H])([H])/C([H])=C(\C([H])([H])[H])C([H])([H])C([H])([H])C([H])=C(C([H])([H])[H])C([H])([H])[H])[C@@]1(C([H])([H])[H])C([H])([H])C([H])([H])C1([H])C(C([H])([H])[H])(C([H])([H])C([H])([H])C([H])=C(C([H])([H])[H])C([H])([H])[H])[C:49]1([C:48])[H:141].[H][O:50],EVODEX-P15988
EVODEX-N5966,[#85]-[#6](-[#85])(-[#85])-[#16&+](-[#6:3](-[#85:40])(-[#85:41])-[#6:4])-[#6](-[#85])(-[#85])-[#6@@]1(-[#85])-[#8]-[#6@@](-[#85])(-[#7]2:[#6](-[#85]):[#7]:[#6]3:[#6](-[#7](-[#85])-[#85]):[#7]:[#6](-[#85]):[#7]:[#6]:2:3)-[#6@](-[#85])(-[#8]-[#85])-[#6@]-1(-[#85])-[#8]-[#85]>>[#85:40]-[#6:3](-[#85:41])(-[#6:4])-[#7](-[#85])-[#6](-[#85])(-[#85])-[#6](-[#6](-[#85])(-[#85])-[#6](-[#85])(-[#85])-[#7](-[#85])-[#6](-[#85])(-[#85])-[#6](-[#85])(-[#85])-[#6](-[#85])(-[#85])-[#7](-[#85])-[#85])(-[#9])-[#9],EVODEX-P15991
EVODEX-N5967,[#6:1]-[#16&+:2](-[#6:3])-[#6:7]>>[#6:3]-[#7](-[#85])-[#6](-[#85])(-[#85])-[#6](-[#6](-[#85])(-[#85])-[#6](-[#85])(-[#85])-[#7](-[#85])-[#6](-[#85])(-[#85])-[#6](-[#85])(-[#85])-[#6](-[#85])(-[#85])-[#7](-[#85])-[#85])(-[#9])-[#9].[#6:1]-[#16:2]-[#6:7],EVODEX-P15993
EVODEX-N5968,[#85]-[#6](-[#85])(-[#85])-[#16&+](-[#6:3](-[#85:33])(-[#85:34])-[#6:4])-[#6](-[#85])(-[#85])-[#6@@]1(-[#85])-[#8]-[#6@@](-[#85])(-[#7]2:[#6](-[#85]):[#7]:[#6]3:[#6](-[#7](-[#85])-[#85]):[#7]:[#6](-[#85]):[#7]:[#6]:2:3)-[#6@](-[#85])(-[#8]-[#85])-[#6@]-1(-[#85])-[#8]-[#85]>>[#85:33]-[#6:3](-[#85:34])(-[#6:4])-[#7](-[#85])-[#6](-[#85])(-[#85])-[#6](-[#85])(-[#85])-[#6](-[#85])(-[#85])-[#7](-[#85])-[#85],EVODEX-P15996
EVODEX-N5969,[#6:1]-[#16&+:2](-[#6:3])-[#6:7]>>[#6:3]-[#7](-[#85])-[#6](-[#85])(-[#85])-[#6](-[#85])(-[#85])-[#6](-[#85])(-[#85])-[#7](-[#85])-[#85].[#6:1]-[#16:2]-[#6:7],EVODEX-P15998
EVODEX-N5970,[H][C:18]([H])([H])[C:19]([H])([H])[C:20]([H])([H])[C:21]([H])([H])[C:22]([H])([H])[C:23]([H])([H])[C:24]([H])([H])[C:25]([H])([H])[C:26]([H])([H])[C:27]([H])([H])[C:28]([H])([H])[C:29]([H])([H])[C:30]([H])([H])[C:31]([H])([H])[C:32]([H])([H])[C:33]([H])([H])[O:34][C:35]([H])([H])[C:36][C:38]([H])([H])[O:39][P:40]([O:42][H])[O:43][H].[H][C:1]([H])([H])[C:2]([H])([H])[C:3]([H])([H])[C:4]([H])([H])[C:5]([H])([H])[C:6]([H])([H])[C:7]([H])([H])[C:8]([H])([H])[C:9]([H])([H])[C:10]([H])([H])[C:11]([H])([H])[C:12]([H])([H])[C:13]([H])([H])[C:14]([H])([H])[C:15]([H])([H])[C:16]([H])([H])[O:17][H]>>[H][C:18]([H])([H])[C:19]([H])([H])[C:20]([H])([H])[C:21]([H])([H])[C:22]([H])([H])[C:23]([H])([H])[C:24]([H])([H])[C:25]([H])([H])[C:26]([H])([H])[C:27]([H])([H])[C:28]([H])([H])[C:29]([H])([H])[C:30]([H])([H])[C:31]([H])([H])[C:32]([H])([H])[C:33]([H])([H])[O:34][H].[H][C:1]([H])([H])[C:2]([H])([H])[C:3]([H])([H])[C:4]([H])([H])[C:5]([H])([H])[C:6]([H])([H])[C:7]([H])([H])[C:8]([H])([H])[C:9]([H])([H])[C:10]([H])([H])[C:11]([H])([H])[C:12]([H])([H])[C:13]([H])([H])[C:14]([H])([H])[C:15]([H])([H])[C:16]([H])([H])[O:17][C:35]([H])([H])[C:36][C:38]([H])([H])[O:39][P:40]([O:42][H])[O:43][H],EVODEX-P15999
EVODEX-N5971,[H]C([H])([H])C([H])([H])C([H])([H])C([H])([H])C([H])([H])C([H])([H])C([H])([H])C([H])([H])C([H])([H])C([H])([H])C([H])([H])C([H])([H])C([H])([H])C([H])([H])C([H])([H])C([H])([H])O[C:35]([H])([H])[C:36][C:38]([H])([H])[O:39][P:40]([O:42][H])[O:43][H].[H][C:1]([H])([H])[C:2]([H])([H])[C:3]([H])([H])[C:4]([H])([H])[C:5]([H])([H])[C:6]([H])([H])[C:7]([H])([H])[C:8]([H])([H])[C:9]([H])([H])[C:10]([H])([H])[C:11]([H])([H])[C:12]([H])([H])[C:13]([H])([H])[C:14]([H])([H])[C:15]([H])([H])[C:16]([H])([H])[O:17][H]>>[H][C:1]([H])([H])[C:2]([H])([H])[C:3]([H])([H])[C:4]([H])([H])[C:5]([H])([H])[C:6]([H])([H])[C:7]([H])([H])[C:8]([H])([H])[C:9]([H])([H])[C:10]([H])([H])[C:11]([H])([H])[C:12]([H])([H])[C:13]([H])([H])[C:14]([H])([H])[C:15]([H])([H])[C:16]([H])([H])[O:17][C:35]([H])([H])[C:36][C:38]([H])([H])[O:39][P:40]([O:42][H])[O:43][H],EVODEX-P16000
EVODEX-N5972,[H][C:1]([H])([H])[C:2]([H])([H])[C:3]([H])([H])[C:4]([H])([H])[C:5]([H])([H])[C:6]([H])([H])[C:7]([H])([H])[C:8]([H])([H])[C:9]([H])([H])[C:10]([H])([H])[C:11]([H])([H])[C:12]([H])([H])[C:13]([H])([H])[C:14]([H])([H])[C:15]([H])([H])[C:16]([H])([H])[O:17][H]>>[H]OP(=O)(O[H])OC([H])([H])C(=O)C([H])([H])[O:17][C:16]([H])([H])[C:15]([H])([H])[C:14]([H])([H])[C:13]([H])([H])[C:12]([H])([H])[C:11]([H])([H])[C:10]([H])([H])[C:9]([H])([H])[C:8]([H])([H])[C:7]([H])([H])[C:6]([H])([H])[C:5]([H])([H])[C:4]([H])([H])[C:3]([H])([H])[C:2]([H])([H])[C:1]([H])([H])[H],EVODEX-P16001
EVODEX-N5973,[H]C([H])([H])C([H])([H])C([H])([H])C([H])([H])C([H])([H])C([H])([H])C([H])([H])C([H])([H])C([H])([H])C([H])([H])C([H])([H])C([H])([H])C([H])([H])C([H])([H])C([H])([H])C([H])([H])O[C:35]([H])([H])[C:36][C:38]([H])([H])[O:39][P:40]([O:42][H])[O:43][H]>>[H]C([H])([H])C([H])([H])C([H])([H])C([H])([H])C([H])([H])C([H])([H])C([H])([H])C([H])([H])C([H])([H])C([H])([H])C([H])([H])C([H])([H])C([H])([H])C([H])([H])C([H])([H])C([H])([H])O[C:35]([H])([H])[C:36][C:38]([H])([H])[O:39][P:40]([O:42][H])[O:43][H],EVODEX-P16002
EVODEX-N5974,[H]OP(=O)(O[H])OC([H])([H])C(=O)C([H])([H])[O:34][C:33]([H])([H])[C:32]([H])([H])[C:31]([H])([H])[C:30]([H])([H])[C:29]([H])([H])[C:28]([H])([H])[C:27]([H])([H])[C:26]([H])([H])[C:25]([H])([H])[C:24]([H])([H])[C:23]([H])([H])[C:22]([H])([H])[C:21]([H])([H])[C:20]([H])([H])[C:19]([H])([H])[C:18]([H])([H])[H]>>[H][C:18]([H])([H])[C:19]([H])([H])[C:20]([H])([H])[C:21]([H])([H])[C:22]([H])([H])[C:23]([H])([H])[C:24]([H])([H])[C:25]([H])([H])[C:26]([H])([H])[C:27]([H])([H])[C:28]([H])([H])[C:29]([H])([H])[C:30]([H])([H])[C:31]([H])([H])[C:32]([H])([H])[C:33]([H])([H])[O:34][H],EVODEX-P16003
EVODEX-N5975,[H][C:18]([H])([H])[C:19]([H])([H])[C:20]([H])([H])[C:21]([H])([H])[C:22]([H])([H])[C:23]([H])([H])[C:24]([H])([H])[C:25]([H])([H])[C:26]([H])([H])[C:27]([H])([H])[C:28]([H])([H])[C:29]([H])([H])[C:30]([H])([H])[C:31]([H])([H])[C:32]([H])([H])[C:33]([H])([H])[O:34][C:35]([H])([H])[C:36][C:38]([H])([H])[O:39][P:40]([O:42][H])[O:43][H]>>[H][C:18]([H])([H])[C:19]([H])([H])[C:20]([H])([H])[C:21]([H])([H])[C:22]([H])([H])[C:23]([H])([H])[C:24]([H])([H])[C:25]([H])([H])[C:26]([H])([H])[C:27]([H])([H])[C:28]([H])([H])[C:29]([H])([H])[C:30]([H])([H])[C:31]([H])([H])[C:32]([H])([H])[C:33]([H])([H])[O:34][H].[H]C([H])([H])C([H])([H])C([H])([H])C([H])([H])C([H])([H])C([H])([H])C([H])([H])C([H])([H])C([H])([H])C([H])([H])C([H])([H])C([H])([H])C([H])([H])C([H])([H])C([H])([H])C([H])([H])O[C:35]([H])([H])[C:36][C:38]([H])([H])[O:39][P:40]([O:42][H])[O:43][H],EVODEX-P16004
EVODEX-N5976,[O:18][C:19]([C:20])([H:76])[H:77].[H][O:44][C:43]>>[C:19]([C:20])([O:44][C:43])([H:76])[H:77].[H][O:18],"EVODEX-P16005,EVODEX-P16093,EVODEX-P16098,EVODEX-P16433,EVODEX-P16498,EVODEX-P16518,EVODEX-P20038,EVODEX-P20044,EVODEX-P25447"
EVODEX-N5977,[H]OP(=O)(O[H])OC([H])([H])C(=O)C([H])([H])[O:18][C:16]>>[H][O:18][C:16],EVODEX-P16006
EVODEX-N5978,[H]C([H])([H])C([H])([H])C([H])([H])C([H])([H])C([H])([H])C([H])([H])C([H])([H])C([H])([H])C([H])([H])C([H])([H])C([H])([H])C([H])([H])C([H])([H])C([H])([H])C([H])([H])C(=O)O[C:19]([C:20])([H:76])[H:77].[H][O:44][C:43]>>[C:19]([C:20])([O:44][C:43])([H:76])[H:77],EVODEX-P16007
EVODEX-N5979,[H]C([H])([H])C([H])([H])C([H])([H])C([H])([H])C([H])([H])C([H])([H])C([H])([H])C([H])([H])C([H])([H])C([H])([H])C([H])([H])C([H])([H])C([H])([H])C([H])([H])C([H])([H])C(=O)O[C:19]([C:20])([H:76])[H:77]>>[H]C([H])([H])C([H])([H])C([H])([H])C([H])([H])C([H])([H])C([H])([H])C([H])([H])C([H])([H])C([H])([H])C([H])([H])C([H])([H])C([H])([H])C([H])([H])C([H])([H])C([H])([H])C([H])([H])O[C:19]([C:20])([H:76])[H:77],EVODEX-P16008
EVODEX-N5980,[H][N:15]([C:16])[H:50]>>[H]C(=C(C([H])([H])[H])C([H])([H])[H])C([H])([H])[N:15]([C:16])[H:50],"EVODEX-P16012,EVODEX-P16017,EVODEX-P16465"
EVODEX-N5981,[H]OP(=O)(O[H])OP(=O)(O[H])O[C:5]([C:4])([H:45])[H:46]>>[H]O[C@@]1([H])[C@@]([H])(O[H])[C@]([H])(N2:C([H]):N:C3:C(N([H])[C:5]([C:4])([H:45])[H:46]):N:C([H]):N:C:3:2)O[C@]1([H])C([H])([H])OP(=O)(O[H])O[H],EVODEX-P16013
EVODEX-N5982,>>[H]O[C@@]1([H])[C@@]([H])(O[H])[C@]([H])(N2:C([H]):N:C3:C(N([H])[H]):N:C([H]):N:C:3:2)O[C@]1([H])C([H])([H])OP(O)(=O)O[H].[H],"EVODEX-P16014,EVODEX-P18114,EVODEX-P18714,EVODEX-P18828,EVODEX-P19432,EVODEX-P19555,EVODEX-P19569"
EVODEX-N5983,[H]OP(=O)(O[H])OP(=O)(O[H])O[C:5]([C:4])([H:53])[H:54]>>[H]O[C@@]1([H])[C@@]([H])(O[H])[C@]([H])(N2:C([H]):N:C3:C(N([H])[C:5]([C:4])([H:53])[H:54]):N:C([H]):N:C:3:2)O[C@]1([H])C([H])([H])OP(=O)(O[H])OP(=O)(O[H])OP(=O)(O[H])O[H],EVODEX-P16018
EVODEX-N5984,>>[H]O[C@@]1([H])[C@@]([H])(O[H])[C@]([H])(N2:C([H]):N:C3:C(N([H])[H]):N:C([H]):N:C:3:2)O[C@]1([H])C([H])([H])OP(=O)(O[H])OP(=O)(O[H])OP(O)(=O)O[H].[H],"EVODEX-P16019,EVODEX-P28835,EVODEX-P35050,EVODEX-P35056"
EVODEX-N5985,[H][C:18]([C:16](=[C:15]([H:48])[H:49])[C:17])([C:19])[H:53]>>[H]OP(=O)(O[H])OP(=O)(O[H])OC([H])([H])/C([H])=C(\C([H])([H])[H])C([H])([H])[C:19]/[C:18](=[C:16](/[C:15](C([H])([H])/C([H])=C(\C([H])([H])[H])C([H])([H])C([H])([H])C([H])=C(C([H])([H])[H])C([H])([H])[H])([H:48])[H:49])[C:17])[H:53].[H],EVODEX-P16022
EVODEX-N5986,[H]C([H])=C(C([H])([H])[H])C([H])([H])C([H])([H])[O:20][P:21].[H]C(=C(C([H])([H])[H])C([H])([H])[H])C([H])([H])C([H])([H])/C(=C(\[H])C([H])([H])[O:39][P:40])C([H])([H])[H]>>[H][O:20][P:21].[H][O:39][P:40],EVODEX-P16023
EVODEX-N5987,[H][C:18]([C:16](=[C:15]([H:58])[H:59])[C:17])([C:19])[H:63].[H]OP(=O)(O[H])OP(=O)(O[H])O[C:48]([C:47])([H:113])[H:114]>>[H]/C(=C(/C([H])([H])[H])C([H])([H])[C:48]([C:47])([H:113])[H:114])C([H])([H])[C:15](/[C:16]([C:17])=[C:18](/[C:19])[H:63])([H:58])[H:59],"EVODEX-P16027,EVODEX-P16364"
EVODEX-N5988,[H][C:18]([C:16](=[C:15]([H:58])[H:59])[C:17])([C:19])[H:63]>>[H]C(=C(C([H])([H])[H])C([H])([H])[H])C([H])([H])C([H])([H])/C(=C(\[H])C([H])([H])C([H])([H])/C(=C(\[H])C([H])([H])C([H])([H])/C(=C(\[H])C([H])([H])C([H])([H])/C(=C(\[H])C([H])([H])[C:15](/[C:16]([C:17])=[C:18](/[C:19])[H:63])([H:58])[H:59])C([H])([H])[H])C([H])([H])[H])C([H])([H])[H])C([H])([H])[H],EVODEX-P16028
EVODEX-N5989,[H]C(=C(C([H])([H])[H])C([H])([H])[H])C([H])([H])C([H])([H])/C(=C(\[H])C([H])([H])C([H])([H])/C(=C(\[H])C([H])([H])C([H])([H])/C(=C(\[H])C([H])([H])[O:49][P:50])C([H])([H])[H])C([H])([H])[H])C([H])([H])[H]>>[H][O:49][P:50],EVODEX-P16029
EVODEX-N5990,[H][C:18]([C:16](=[C:15]([H:58])[H:59])[C:17])([C:19])[H:63].[H][C:4]([C:2](=[C:1]([H:70])[H:71])[C:3])([C:5]([O:6])([H:77])[H:78])[H:75]>>[H]C(=C(C([H])([H])[H])C([H])([H])[H])C([H])([H])C([H])([H])/C(=C(\[H])C([H])([H])C([H])([H])/C(=C(\[H])C([H])([H])C([H])([H])/C(=C(\[H])C([H])([H])[C:1](/[C:2]([C:3])=[C:4](/[C:5]([C:15](/[C:16]([C:17])=[C:18](/[C:19])[H:63])([H:58])[H:59])([H:77])[H:78])[H:75])([H:70])[H:71])C([H])([H])[H])C([H])([H])[H])C([H])([H])[H].[H][O:6],EVODEX-P16030
EVODEX-N5991,[H]C([H])=C(C([H])([H])[H])C([H])([H])C([H])([H])[O:6][P:7].[H]C(=C(C([H])([H])[H])C([H])([H])[H])C([H])([H])C([H])([H])/C(=C(\[H])C([H])([H])C([H])([H])/C(=C(\[H])C([H])([H])C([H])([H])/C(=C(\[H])C([H])([H])[O:49][P:50])C([H])([H])[H])C([H])([H])[H])C([H])([H])[H]>>[H][O:49][P:50].[H][O:6][P:7],EVODEX-P16031
EVODEX-N5992,[C:4][C:5]([O:6])([H:42])[H:43].[H][C:28](:[C:27]):[C:29]>>[C:4][C:5]([C:28](:[C:27]):[C:29])([H:42])[H:43].[H][O:6],"EVODEX-P16040,EVODEX-P16056,EVODEX-P16061,EVODEX-P16082,EVODEX-P16087,EVODEX-P16303,EVODEX-P16308,EVODEX-P16348,EVODEX-P16353,EVODEX-P16398,EVODEX-P16428,EVODEX-P16443,EVODEX-P16453,EVODEX-P16458,EVODEX-P16468,EVODEX-P16473,EVODEX-P16488,EVODEX-P16493,EVODEX-P16587,EVODEX-P16592,EVODEX-P16597,EVODEX-P16602,EVODEX-P16607,EVODEX-P16612,EVODEX-P16617,EVODEX-P16622,EVODEX-P30317,EVODEX-P30322,EVODEX-P30327,EVODEX-P30383"
EVODEX-N5993,[H]OP(=O)(O[H])OP(=O)(O[H])O[C:5]([C:4])([H:42])[H:43].[H][C:28](:[C:27]):[C:29]>>[C:4][C:5]([C:28](:[C:27]):[C:29])([H:42])[H:43],"EVODEX-P16041,EVODEX-P16057,EVODEX-P16062,EVODEX-P16083,EVODEX-P16089,EVODEX-P16304,EVODEX-P16309,EVODEX-P16349,EVODEX-P16354,EVODEX-P16399,EVODEX-P16429,EVODEX-P16444,EVODEX-P16454,EVODEX-P16459,EVODEX-P16469,EVODEX-P16474,EVODEX-P16494,EVODEX-P16588,EVODEX-P16593,EVODEX-P16598,EVODEX-P16603,EVODEX-P16608,EVODEX-P16613,EVODEX-P16618,EVODEX-P16623"
EVODEX-N5994,[H][C:22](:[C:21]):[C:23]>>[H]C(=C(C([H])([H])[H])C([H])([H])[H])C([H])([H])[C:22](:[C:21]):[C:23],"EVODEX-P16042,EVODEX-P16058,EVODEX-P16063,EVODEX-P16305,EVODEX-P16310,EVODEX-P16350,EVODEX-P16355,EVODEX-P16431,EVODEX-P16445,EVODEX-P16455,EVODEX-P16461,EVODEX-P16495,EVODEX-P16589,EVODEX-P16595,EVODEX-P16600,EVODEX-P16605,EVODEX-P16619,EVODEX-P16624"
EVODEX-N5995,[H]OP(=O)(O[H])OP(=O)(O[H])O[C:5]([C:4])([H:37])[H:38]>>[H]OC(=O)[C@@]([H])(N([H])[H])C([H])([H])C1:C([H]):N([H]):C2:C([H]):C([H]):C([H]):C([C:5]([C:4])([H:37])[H:38]):C:1:2,EVODEX-P16043
EVODEX-N5996,[C:4][C:5]([C:6])([H:37])[H:38].[H][O:23][P:22]>>[C:4][C:5]([O:23][P:22])([H:37])[H:38].[H][C:6],EVODEX-P16045
EVODEX-N5997,[H]C(=C(C([H])([H])[H])C([H])([H])[H])C([H])([H])[C:6](:[C:7]):[C:20]>>[H][C:6](:[C:7]):[C:20],EVODEX-P16046
EVODEX-N5998,[H]OC(=O)[C@@]([H])(N([H])[H])C([H])([H])C1:C([H]):N([H]):C2:C([H]):C([H]):C([H]):C([C:5]([C:4])([H:37])[H:38]):C:1:2.[H][O:23][P:22]>>[C:4][C:5]([O:23][P:22])([H:37])[H:38],EVODEX-P16047
EVODEX-N5999,[H][O:23][P:22]>>[H]C(=C(C([H])([H])[H])C([H])([H])[H])C([H])([H])[O:23][P:22],EVODEX-P16048
EVODEX-N6000,[H]OC(=O)[C@@]([H])(N([H])[H])C([H])([H])C1:C([H]):N([H]):C2:C([H]):C([H]):C([H]):C([C:5]([C:4])([H:37])[H:38]):C:1:2>>[H]OP(=O)(O[H])OP(=O)(O[H])O[C:5]([C:4])([H:37])[H:38],EVODEX-P16049
EVODEX-N6001,[C:18][C:19]([O:20])([H:58])[H:59].[C:4][C:5]([O:6])([H:70])[H:71].[H][C:36](:[C:35]):[C:37].[H][C:46](:[C:45]):[C:47]>>[C:18][C:19]([C:36](:[C:35]):[C:37])([H:58])[H:59].[C:4][C:5]([C:46](:[C:45]):[C:47])([H:70])[H:71].[H][O:20].[H][O:6],EVODEX-P16051
EVODEX-N6002,[H]OP(=O)(O[H])OP(=O)(O[H])O[C:19]([C:18])([H:58])[H:59].[H][C:36](:[C:35]):[C:37].[H][C:46](:[C:45]):[C:47]>>[C:18][C:19]([C:36](:[C:35]):[C:37])([H:58])[H:59].[H]C(=C(C([H])([H])[H])C([H])([H])[H])C([H])([H])[C:46](:[C:45]):[C:47],EVODEX-P16052
EVODEX-N6003,[H]OP(=O)(O[H])OP(=O)(O[H])O[C:19]([C:18])([H:58])[H:59]>>[H]OC1=C(C2:C([H]):C([H]):C(O[H]):C(C([H])([H])C([H])=C(C([H])([H])[H])C([H])([H])[H]):C:2[H])C(=O)O/C1=C(/[H])C1:C([H]):C([H]):C(O[H]):C([C:19]([C:18])([H:58])[H:59]):C:1[H],EVODEX-P16053
EVODEX-N6004,>>[H]OC1=C(C2:C([H]):C([H]):C(O[H]):C(C([H])([H])C([H])=C(C([H])([H])[H])C([H])([H])[H]):C:2[H])C(=O)O/C1=C(/[H])C1:C([H]):C:C(O[H]):C([H]):C:1[H].[H],EVODEX-P16054
EVODEX-N6005,[H][C:36](:[C:35]):[C:37].[H][C:46](:[C:45]):[C:47]>>[H]C(=C(C([H])([H])[H])C([H])([H])[H])C([H])([H])[C:36](:[C:35]):[C:37].[H]C(=C(C([H])([H])[H])C([H])([H])[H])C([H])([H])[C:46](:[C:45]):[C:47],EVODEX-P16055
EVODEX-N6006,[H]OP(=O)(O[H])OP(=O)(O[H])O[C:5]([C:4])([H:44])[H:45]>>[H]OC1=C(C2:C([H]):C([H]):C(O[H]):C([H]):C:2[H])C(=O)OC1=C([H])C1:C([H]):C([H]):C(O[H]):C([C:5]([C:4])([H:44])[H:45]):C:1[H],EVODEX-P16059
EVODEX-N6007,>>[H]OC1=C(C2:C([H]):C([H]):C(O[H]):C([H]):C:2[H])C(=O)OC1=C([H])C1:C([H]):C:C(O[H]):C([H]):C:1[H].[H],EVODEX-P16060
EVODEX-N6008,[H]OP(=O)(O[H])OP(=O)(O[H])O[C:5]([C:4])([H:42])[H:43]>>[H]OC1:C([H]):C([H]):C2:C(:C:1[H])OC([H])([H])[C@@]1(O[H])C3:C([H]):C([C:5]([C:4])([H:42])[H:43]):C(O[H]):C([H]):C:3O[C@@]21[H],EVODEX-P16064
EVODEX-N6009,>>[H]OC1:C:C([H]):C2:C(:C:1[H])O[C@@]1([H])C3:C([H]):C([H]):C(O[H]):C([H]):C:3OC([H])([H])[C@@]21O[H].[H],EVODEX-P16065
EVODEX-N6010,[C:4][C:5]([O:6])([H:26])[H:27].[H][C:16]([N:15])([C:17])[H:33]>>[C:4][C:5]([C:16]([N:15])([C:17])[H:33])([H:26])[H:27].[H][O:6],EVODEX-P16066
EVODEX-N6011,[H]OP(=O)(O[H])OP(=O)(O[H])O[C:5]([C:4])([H:26])[H:27].[H][C:16]([N:15])([C:17])[H:33]>>[C:4][C:5]([C:16]([N:15])([C:17])[H:33])([H:26])[H:27],EVODEX-P16067
EVODEX-N6012,[H][C:16]([N:15])([C:17])[H:33]>>[H]C(=C(C([H])([H])[H])C([H])([H])[H])C([H])([H])[C:16]([N:15])([C:17])[H:33],EVODEX-P16068
EVODEX-N6013,[H]OP(=O)(O[H])OP(=O)(O[H])O[C:5]([C:4])([H:26])[H:27]>>[H]OC([H])([H])C([H])(N([H])[H])[C:5]([C:4])([H:26])[H:27],EVODEX-P16069
EVODEX-N6014,[#6:1]-[#16&+:2](-[#6:3](-[#85:60])(-[#85:61])-[#6:4])-[#6:10].[#6:53]-[#8:54]-[#85]>>[#85:60]-[#6:3](-[#85:61])(-[#6:4])-[#8:54]-[#6:53].[#6:1]-[#16:2]-[#6:10],"EVODEX-P16071,EVODEX-P16077"
EVODEX-N6015,[#6:1]-[#16&+:2](-[#6](-[#85])(-[#85])-[#6](-[#85])(-[#85])-[#6@](-[#85])(-[#7](-[#85])-[#85])-[#6](=[#8])-[#8]-[#85])-[#6:10]>>[#6:1]-[#16:2]-[#6:10],"EVODEX-P16072,EVODEX-P24283"
EVODEX-N6016,[#85]-[#6](-[#85])(-[#85])-[#16&+](-[#6:3](-[#85:60])(-[#85:61])-[#6:4])-[#6](-[#85])(-[#85])-[#6@@]1(-[#85])-[#8]-[#6@@](-[#85])(-[#7]2:[#6](-[#85]):[#7]:[#6]3:[#6](-[#7](-[#85])-[#85]):[#7]:[#6](-[#85]):[#7]:[#6]:2:3)-[#6@](-[#85])(-[#8]-[#85])-[#6@]-1(-[#85])-[#8]-[#85].[#6:53]-[#8:54]-[#85]>>[#85:60]-[#6:3](-[#85:61])(-[#6:4])-[#8:54]-[#6:53],"EVODEX-P16073,EVODEX-P16078"
EVODEX-N6017,[#85]-[#6](-[#85])(-[#85])-[#16&+](-[#6:3](-[#85:60])(-[#85:61])-[#6:4])-[#6](-[#85])(-[#85])-[#6@@]1(-[#85])-[#8]-[#6@@](-[#85])(-[#7]2:[#6](-[#85]):[#7]:[#6]3:[#6](-[#7](-[#85])-[#85]):[#7]:[#6](-[#85]):[#7]:[#6]:2:3)-[#6@](-[#85])(-[#8]-[#85])-[#6@]-1(-[#85])-[#8]-[#85]>>[#85:60]-[#6:3](-[#85:61])(-[#6:4])-[#8]-[#6]1:[#6](-[#85]):[#6](-[#85]):[#6](/[#6](-[#6](=[#8])-[#7](-[#85])-[#6@@]2(-[#85])-[#6](-[#85])(-[#85])-[#7](-[#6@@](-[#85])(-[#6](=[#8])-[#8]-[#85])-[#6]3:[#6](-[#85]):[#6](-[#85]):[#6](-[#8]-[#85]):[#6](-[#85]):[#6]:3-[#85])-[#6]-2=[#8])=[#7]/[#8]-[#85]):[#6](-[#85]):[#6]:1-[#85],EVODEX-P16074
EVODEX-N6018,[H][O:54][C:53]>>[H]OC(=O)[C@@]([H])(N([H])[H])C([H])([H])C([H])([H])[O:54][C:53],"EVODEX-P16075,EVODEX-P16080,EVODEX-P16144"
EVODEX-N6019,[#6:1]-[#16&+:2](-[#6:3])-[#6:10]>>[#6:3]-[#8]-[#6]1:[#6](-[#85]):[#6](-[#85]):[#6](/[#6](-[#6](=[#8])-[#7](-[#85])-[#6@@]2(-[#85])-[#6](-[#85])(-[#85])-[#7](-[#6@@](-[#85])(-[#6](=[#8])-[#8]-[#85])-[#6]3:[#6](-[#85]):[#6](-[#85]):[#6](-[#8]-[#85]):[#6](-[#85]):[#6]:3-[#85])-[#6]-2=[#8])=[#7]/[#8]-[#85]):[#6](-[#85]):[#6]:1-[#85].[#6:1]-[#16:2]-[#6:10],EVODEX-P16076
EVODEX-N6020,[#85]-[#6](-[#85])(-[#85])-[#16&+](-[#6:3](-[#85:60])(-[#85:61])-[#6:4])-[#6](-[#85])(-[#85])-[#6@@]1(-[#85])-[#8]-[#6@@](-[#85])(-[#7]2:[#6](-[#85]):[#7]:[#6]3:[#6](-[#7](-[#85])-[#85]):[#7]:[#6](-[#85]):[#7]:[#6]:2:3)-[#6@](-[#85])(-[#8]-[#85])-[#6@]-1(-[#85])-[#8]-[#85]>>[#85:60]-[#6:3](-[#85:61])(-[#6:4])-[#8]-[#6]1:[#6](-[#85]):[#6](-[#85]):[#6](-[#6@@](-[#85])(-[#7]2-[#6](-[#85])(-[#85])-[#6@](-[#85])(-[#7](-[#85])-[#6](=[#8])/[#6](=[#7]/[#8]-[#85])-[#6]3:[#6](-[#85]):[#6](-[#85]):[#6](-[#8]-[#85]):[#6](-[#85]):[#6]:3-[#85])-[#6]-2=[#8])-[#6](=[#8])-[#8]-[#85]):[#6](-[#85]):[#6]:1-[#85],EVODEX-P16079
EVODEX-N6021,[#6:1]-[#16&+:2](-[#6:3])-[#6:10]>>[#6:3]-[#8]-[#6]1:[#6](-[#85]):[#6](-[#85]):[#6](-[#6@@](-[#85])(-[#7]2-[#6](-[#85])(-[#85])-[#6@](-[#85])(-[#7](-[#85])-[#6](=[#8])/[#6](=[#7]/[#8]-[#85])-[#6]3:[#6](-[#85]):[#6](-[#85]):[#6](-[#8]-[#85]):[#6](-[#85]):[#6]:3-[#85])-[#6]-2=[#8])-[#6](=[#8])-[#8]-[#85]):[#6](-[#85]):[#6]:1-[#85].[#6:1]-[#16:2]-[#6:10],EVODEX-P16081
EVODEX-N6022,[H][C:25](:[C:24]):[C:26]>>[H]C(=C(C([H])([H])[H])C([H])([H])[H])C([H])([H])C([H])([H])/C(=C(\[H])C([H])([H])[C:25](:[C:24]):[C:26])C([H])([H])[H],"EVODEX-P16084,EVODEX-P16400,EVODEX-P16475,EVODEX-P16609,EVODEX-P16614"
EVODEX-N6023,[H]OP(=O)(O[H])OP(=O)(O[H])O[C:10]([C:9])([H:45])[H:46]>>[H]OC(=O)C1:C([H]):C([H]):C(O[H]):C([C:10]([C:9])([H:45])[H:46]):C:1[H],"EVODEX-P16085,EVODEX-P16091"
EVODEX-N6024,[H]C(=C(C([H])([H])[H])C([H])([H])[H])C([H])([H])C([H])([H])/C(=C(\[H])C([H])([H])C([H])([H])/C(=C(\[H])C([H])([H])C([H])([H])/C(=C(\[H])C([H])([H])C([H])([H])/C(=C(\[H])C([H])([H])C([H])([H])/C(=C(\[H])C([H])([H])C([H])([H])/C(=C(\[H])C([H])([H])C([H])([H])/C(=C(\[H])C([H])([H])C([H])([H])/C(=C(\[H])C([H])([H])[O:46][P:47])C([H])([H])[H])C([H])([H])[H])C([H])([H])[H])C([H])([H])[H])C([H])([H])[H])C([H])([H])[H])C([H])([H])[H])C([H])([H])[H]>>[H][O:46][P:47],EVODEX-P16088
EVODEX-N6025,[H][C:60](:[C:59]):[C:61]>>[H]C(=C(C([H])([H])[H])C([H])([H])[H])C([H])([H])C([H])([H])/C(=C(\[H])C([H])([H])C([H])([H])/C(=C(\[H])C([H])([H])C([H])([H])/C(=C(\[H])C([H])([H])C([H])([H])/C(=C(\[H])C([H])([H])C([H])([H])/C(=C(\[H])C([H])([H])C([H])([H])/C(=C(\[H])C([H])([H])C([H])([H])/C(=C(\[H])C([H])([H])C([H])([H])/C(=C(\[H])C([H])([H])[C:60](:[C:59]):[C:61])C([H])([H])[H])C([H])([H])[H])C([H])([H])[H])C([H])([H])[H])C([H])([H])[H])C([H])([H])[H])C([H])([H])[H])C([H])([H])[H],"EVODEX-P16090,EVODEX-P16470"
EVODEX-N6026,[H]OP(=O)(O[H])OP(=O)(O[H])O[C:20]([C:19])([H:71])[H:72].[H][O:39][C:38]>>[C:19][C:20]([O:39][C:38])([H:71])[H:72],"EVODEX-P16094,EVODEX-P16099,EVODEX-P16434,EVODEX-P16499,EVODEX-P16519,EVODEX-P20040,EVODEX-P20045"
EVODEX-N6027,[H][O:39][C:38]>>[H]C(=C(C([H])([H])[H])C([H])([H])[H])C([H])([H])C([H])([H])/C(=C(\[H])C([H])([H])C([H])([H])/C(=C(\[H])C([H])([H])C([H])([H])/C(=C(\[H])C([H])([H])[O:39][C:38])C([H])([H])[H])C([H])([H])[H])C([H])([H])[H],"EVODEX-P16095,EVODEX-P16101"
EVODEX-N6028,[H]OP(=O)(O[H])OP(=O)(O[H])O[C:20]([C:19])([H:71])[H:72]>>[H]O[C@]([H])(C([H])([H])OP(=O)(O[H])O[H])C([H])([H])O[C:20]([C:19])([H:71])[H:72],EVODEX-P16096
EVODEX-N6029,[H]OP(=O)(O[H])OP(=O)(O[H])O[C:50]([C:49])([H:132])[H:133]>>[H]OP(=O)(O[H])OC([H])([H])[C@]([H])(O[C:50]([C:49])([H:132])[H:133])C([H])([H])OC([H])([H])/C([H])=C(\C([H])([H])[H])C([H])([H])C([H])([H])/C([H])=C(\C([H])([H])[H])C([H])([H])C([H])([H])/C([H])=C(\C([H])([H])[H])C([H])([H])C([H])([H])C([H])=C(C([H])([H])[H])C([H])([H])[H],EVODEX-P16100
EVODEX-N6030,>>[H]OP(=O)(O[H])OC([H])([H])[C@]([H])(O)C([H])([H])OC([H])([H])/C([H])=C(\C([H])([H])[H])C([H])([H])C([H])([H])/C([H])=C(\C([H])([H])[H])C([H])([H])C([H])([H])/C([H])=C(\C([H])([H])[H])C([H])([H])C([H])([H])C([H])=C(C([H])([H])[H])C([H])([H])[H].[H],EVODEX-P16102
EVODEX-N6031,[#85]-[#6](-[#85])(-[#85])-[#16&+](-[#6:3](-[#85:68])(-[#85:69])-[#6:4])-[#6](-[#85])(-[#85])-[#6@@]1(-[#85])-[#8]-[#6@@](-[#85])(-[#7]2:[#6](-[#85]):[#7]:[#6]3:[#6](-[#7](-[#85])-[#85]):[#7]:[#6](-[#85]):[#7]:[#6]:2:3)-[#6@](-[#85])(-[#8]-[#85])-[#6@]-1(-[#85])-[#8]-[#85]>>[#85:68]-[#6:3](-[#85:69])(-[#6:4])-[#7](-[#85])-[#6@@](-[#85])(-[#6](-[#85])(-[#85])-[#6](-[#85])(-[#85])-[#7](-[#85])-[#6@](-[#85])(-[#6](-[#85])(-[#85])-[#6](-[#85])(-[#85])-[#6](=[#8])-[#8]-[#85])-[#6](=[#8])-[#8]-[#85])-[#6](=[#8])-[#8]-[#85],EVODEX-P16103
EVODEX-N6032,[#6:1]-[#16&+:2](-[#6:3])-[#6:10].[#85:111]-[#7:55](-[#85])-[#6@:56]>>[#6:3]-[#7](-[#85])-[#6@@](-[#85])(-[#6](-[#85])(-[#85])-[#6](-[#85])(-[#85])-[#7:55](-[#85:111])-[#6@:56])-[#6](=[#8])-[#8]-[#85].[#6:1]-[#16:2]-[#6:10],EVODEX-P16104
EVODEX-N6033,[H][N:55]([C:56])[H:111]>>[H]OC(=O)[C@@]([H])(N([H])[H])C([H])([H])C([H])([H])N([H])[C@]([H])(C(=O)O[H])C([H])([H])C([H])([H])[N:55]([C:56])[H:111],EVODEX-P16105
EVODEX-N6034,[#85]-[#6](-[#85])(-[#85])-[#16&+](-[#6:3](-[#85:68])(-[#85:69])-[#6:4])-[#6](-[#85])(-[#85])-[#6@@]1(-[#85])-[#8]-[#6@@](-[#85])(-[#7]2:[#6](-[#85]):[#7]:[#6]3:[#6](-[#7](-[#85])-[#85]):[#7]:[#6](-[#85]):[#7]:[#6]:2:3)-[#6@](-[#85])(-[#8]-[#85])-[#6@]-1(-[#85])-[#8]-[#85].[#85]-[#6](-[#85])(-[#85])-[#16&+](-[#6:30](-[#85:91])(-[#85:92])-[#6:31]-[#6@:32]-[#7:33](-[#85:96])-[#85])-[#6](-[#85])(-[#85])-[#6@@]1(-[#85])-[#8]-[#6@@](-[#85])(-[#7]2:[#6](-[#85]):[#7]:[#6]3:[#6](-[#7](-[#85])-[#85]):[#7]:[#6](-[#85]):[#7]:[#6]:2:3)-[#6@](-[#85])(-[#8]-[#85])-[#6@]-1(-[#85])-[#8]-[#85].[#85:111]-[#7:55](-[#85])-[#6@:56]>>[#85:68]-[#6:3](-[#85:69])(-[#6:4])-[#7:33](-[#85:96])-[#6@@:32]-[#6:31]-[#6:30](-[#85:91])(-[#85:92])-[#7:55](-[#85:111])-[#6@:56],EVODEX-P16106
EVODEX-N6035,[#6:1]-[#16&+:2](-[#6:3])-[#6:10]>>[#6:3]-[#7](-[#85])-[#6@@](-[#85])(-[#6](-[#85])(-[#85])-[#6](-[#85])(-[#85])-[#7](-[#85])-[#6@](-[#85])(-[#6](-[#85])(-[#85])-[#6](-[#85])(-[#85])-[#6](=[#8])-[#8]-[#85])-[#6](=[#8])-[#8]-[#85])-[#6](=[#8])-[#8]-[#85].[#6:1]-[#16:2]-[#6:10],EVODEX-P16107
EVODEX-N6036,[N:1][C:2]([C:3])([H:15])[H:16].[H][N:7]([C:8])[H:25]>>[C:2]([C:3])([N:7]([C:8])[H:25])([H:15])[H:16].[H][N:1],"EVODEX-P16110,EVODEX-P16112,EVODEX-P16116"
EVODEX-N6037,[H]N([H])[C:2]([C:3])([H:15])[H:16].[H][N:7]([C:8])[H:25]>>[C:2]([C:3])([N:7]([C:8])[H:25])([H:15])[H:16],EVODEX-P16111
EVODEX-N6038,[H][N:1]([C:2])[H:17].[H]N([H])C([H])([H])C([H])([H])C([H])([H])N([H])[C:11]([C:10])([H:37])[H:38]>>[N:1]([C:2])([C:11]([C:10])([H:37])[H:38])[H:17],"EVODEX-P16113,EVODEX-P16117"
EVODEX-N6039,[H]N([H])C([H])([H])C([H])([H])C([H])([H])N([H])[C:11]([C:10])([H:37])[H:38]>>[H]N([H])C([H])([H])C([H])([H])C([H])([H])C([H])([H])N([H])[C:11]([C:10])([H:37])[H:38],"EVODEX-P16114,EVODEX-P16118"
EVODEX-N6040,[H][N:1]([C:2])[H:21]>>[H]N([H])C([H])([H])C([H])([H])C([H])([H])N([H])C([H])([H])C([H])([H])C([H])([H])C([H])([H])[N:1]([C:2])[H:21],EVODEX-P16119
EVODEX-N6041,[O:4][C:5]([C:6])([H:15])[H:16].[H][S:11][H:21]>>[C:5]([C:6])([S:11][H:21])([H:15])[H:16].[H][O:4],"EVODEX-P16123,EVODEX-P16147,EVODEX-P16281"
EVODEX-N6042,[H]OC(=O)[C@@]([H])(N([H])[H])C([H])([H])[O:4][C:2]>>[H][O:4][C:2],EVODEX-P16124
EVODEX-N6043,[H]C([H])([H])C(=O)O[C:5]([C:6])([H:15])[H:16].[H][S:11][H:21]>>[C:5]([C:6])([S:11][H:21])([H:15])[H:16],"EVODEX-P16125,EVODEX-P16149"
EVODEX-N6044,[H][S:11][H:21]>>[H]OC(=O)[C@@]([H])(N([H])[H])C([H])([H])[S:11][H:21],EVODEX-P16126
EVODEX-N6045,[H]C([H])([H])C(=O)O[C:5]([C:6])([H:15])[H:16]>>[H]S[C:5]([C:6])([H:15])[H:16],"EVODEX-P16127,EVODEX-P16151"
EVODEX-N6046,[H][O:4][C:2].[C:6][C:7]([S:8])([H:19])[H:20]>>[C:2][O:4][C:7]([C:6])([H:19])[H:20].[H][S:8],"EVODEX-P16129,EVODEX-P16141,EVODEX-P16576"
EVODEX-N6047,[H]OC(=O)[C@@]([H])(N([H])[H])C([H])([H])[S:8][H:21]>>[H][S:8][H:21],EVODEX-P16130
EVODEX-N6048,[H][O:4][C:2].[H]S[C:7]([C:6])([H:19])[H:20]>>[C:2][O:4][C:7]([C:6])([H:19])[H:20],EVODEX-P16131
EVODEX-N6049,[H]S[C:7]([C:6])([H:19])[H:20]>>[H]C([H])([H])C(=O)O[C:7]([C:6])([H:19])[H:20],EVODEX-P16132
EVODEX-N6050,[H][O:4][C:2]>>[H]OC(=O)[C@@]([H])(N([H])[H])C([H])([H])[O:4][C:2],EVODEX-P16133
EVODEX-N6051,[H][S:19][C:18].[C:3][C:4]([O:5])([H:35])[H:36]>>[C:3][C:4]([S:19][C:18])([H:35])[H:36].[H][O:5],"EVODEX-P16135,EVODEX-P16153,EVODEX-P16256,EVODEX-P16261,EVODEX-P16266,EVODEX-P24271,EVODEX-P29439,EVODEX-P30388"
EVODEX-N6052,[H]OC(=O)[C@@]([H])(N([H])[H])C([H])([H])C([H])([H])[O:5][C:6]>>[H][O:5][C:6],"EVODEX-P16136,EVODEX-P16148"
EVODEX-N6053,[H][S:19][C:18].[H]OC(=O)C([H])([H])C([H])([H])C(=O)O[C:4]([C:3])([H:35])[H:36]>>[C:3][C:4]([S:19][C:18])([H:35])[H:36],EVODEX-P16137
EVODEX-N6054,[H]OC(=O)C([H])([H])C([H])([H])C(=O)O[C:4]([C:3])([H:35])[H:36]>>[H]OC(=O)[C@@]([H])(N([H])[H])C([H])([H])S[C:4]([C:3])([H:35])[H:36],EVODEX-P16138
EVODEX-N6055,[H][S:19][C:18]>>[H]OC(=O)[C@@]([H])(N([H])[H])C([H])([H])C([H])([H])[S:19][C:18],"EVODEX-P16139,EVODEX-P16156"
EVODEX-N6056,>>[H]OC(=O)[C@@]([H])(N([H])[H])C([H])([H])S.[H],"EVODEX-P16140,EVODEX-P33153"
EVODEX-N6057,[H]OC(=O)[C@@]([H])(N([H])[H])C([H])([H])C([H])([H])[S:5][C:6]>>[H][S:5][C:6],EVODEX-P16142
EVODEX-N6058,[H]OC(=O)[C@@]([H])(N([H])[H])C([H])([H])S[C:4]([C:3])([H:28])[H:29].[H][O:17][C:16]>>[C:3][C:4]([O:17][C:16])([H:28])[H:29],EVODEX-P16143
EVODEX-N6059,[H]OC(=O)[C@@]([H])(N([H])[H])C([H])([H])S[C:4]([C:3])([H:28])[H:29]>>[H]OC(=O)C([H])([H])C([H])([H])C(=O)O[C:4]([C:3])([H:28])[H:29],EVODEX-P16145
EVODEX-N6060,>>[H]OC(=O)C([H])([H])C([H])([H])C(O)=O.[H],"EVODEX-P16146,EVODEX-P20931,EVODEX-P21010"
EVODEX-N6061,[H][S:12][H:24]>>[H]OC(=O)[C@@]([H])(N([H])[H])C([H])([H])C([H])([H])[S:12][H:24],EVODEX-P16150
EVODEX-N6062,[H][S:13][C:12].[H]C([H])([H])C(=O)O[C:5]([C:6])([H:21])[H:22]>>[C:5]([C:6])([S:13][C:12])([H:21])[H:22],EVODEX-P16154
EVODEX-N6063,[H]C([H])([H])C(=O)O[C:5]([C:6])([H:21])[H:22]>>[H]C([H])([H])S[C:5]([C:6])([H:21])[H:22],EVODEX-P16155
EVODEX-N6064,[O:4][C:5]([C:6])([H:19])[H:20].[H][N:14](:[N:13]):[C:15]>>[C:5]([C:6])([N:14](:[N:13]):[C:15])([H:19])[H:20].[H][O:4],"EVODEX-P16158,EVODEX-P16163,EVODEX-P30450"
EVODEX-N6065,[H]C([H])([H])C(=O)O[C:5]([C:6])([H:19])[H:20].[H][N:14](:[N:13]):[C:15]>>[C:5]([C:6])([N:14](:[N:13]):[C:15])([H:19])[H:20],"EVODEX-P16159,EVODEX-P16164"
EVODEX-N6066,[H][N:14](:[N:13]):[C:15]>>[H]OC(=O)[C@@]([H])(N([H])[H])C([H])([H])[N:14](:[N:13]):[C:15],"EVODEX-P16160,EVODEX-P16165"
EVODEX-N6067,[H]C([H])([H])C(=O)O[C:5]([C:6])([H:19])[H:20]>>[H]C1:N:N([C:5]([C:6])([H:19])[H:20]):C([H]):C:1[H],EVODEX-P16161
EVODEX-N6068,[H]C([H])([H])C(=O)O[C:5]([C:6])([H:20])[H:21]>>[H]N=C1:N:C([H]):N([C:5]([C:6])([H:20])[H:21]):N:1[H],EVODEX-P16166
EVODEX-N6069,[O:4][C:5]([C:6])([H:22])[H:23].[H][O:11][C:12]1:[C:13]:[C:14]:[N:15]:[C:16]:[C:17]:1>>[C:5]([C:6])([N:15]1:[C:14]:[C:13]:[C:12](=[O:11]):[C:17]:[C:16]:1)([H:22])[H:23].[H][O:4],EVODEX-P16168
EVODEX-N6070,[H]C([H])([H])C(=O)O[C:5]([C:6])([H:22])[H:23].[H][O:11][C:12]1:[C:13]:[C:14]:[N:15]:[C:16]:[C:17]:1>>[C:5]([C:6])([N:15]1:[C:14]:[C:13]:[C:12](=[O:11]):[C:17]:[C:16]:1)([H:22])[H:23],EVODEX-P16169
EVODEX-N6071,[H][O:11][C:12]1:[C:13]:[C:14]:[N:15]:[C:16]:[C:17]:1>>[H]OC(=O)[C@@]([H])(N([H])[H])C([H])([H])[N:15]1:[C:14]:[C:13]:[C:12](=[O:11]):[C:17]:[C:16]:1,EVODEX-P16170
EVODEX-N6072,[H]C([H])([H])C(=O)O[C:5]([C:6])([H:22])[H:23]>>[H]OC1:C([H]):N([C:5]([C:6])([H:22])[H:23]):C([H]):C([H]):C:1=O,EVODEX-P16171
EVODEX-N6073,[H]C([H])([H])C(=O)O[C:5]([C:6])([H:49])[H:50]>>[H]C1:C([H]):N([H]):C(=O):N([C:5]([C:6])([H:49])[H:50]):C:1=O,EVODEX-P16173
EVODEX-N6074,[O:14][C:15]([C:16])([H:40])[H:41].[H][N:25](:[C:24]):[C:26].[H][N:36](:[C:30]):[C:34]>>[C:15]([C:16])([N:25](:[C:24]):[C:26])([H:40])[H:41].[H]OC(=O)[C@@]([H])(N([H])[H])C([H])([H])[N:36](:[C:30]):[C:34].[H][O:14],EVODEX-P16174
EVODEX-N6075,[H]C([H])([H])C(=O)O[C:15]([C:16])([H:40])[H:41]>>[H]C1:C([H]):N([C:15]([C:16])([H:40])[H:41]):C(=O):N([H]):C:1=O,EVODEX-P16176
EVODEX-N6076,[H]C([H])([H])C(=O)O[C:5]([C:6])([H:49])[H:50].[H][N:25](:[C:24]):[C:26].[H][N:36](:[C:30]):[C:34]>>[H]OC(=O)[C@@]([H])(N([H])[H])C([H])([H])[N:25](:[C:24]):[C:26].[C:5]([C:6])([N:36](:[C:30]):[C:34])([H:49])[H:50],EVODEX-P16178
EVODEX-N6077,[H]OC(=O)[C@@]([H])(N([H])[H])C([H])([H])[O:14][C:12].[H]C([H])([H])C(=O)O[C:5]([C:6])([H:49])[H:50]>>[H]C1:C([H]):N([H]):C(=O):N([C:5]([C:6])([H:49])[H:50]):C:1=O.[H][O:14][C:12],EVODEX-P16179
EVODEX-N6078,[H][N:25](:[C:24]):[C:26]>>[H]OC(=O)[C@@]([H])(N([H])[H])C([H])([H])[N:25](:[C:24]):[C:26],"EVODEX-P16180,EVODEX-P16183,EVODEX-P16186"
EVODEX-N6079,[H]C([H])([H])C(=O)O[C:15]([C:16])([H:40])[H:41].[H]OC(=O)[C@@]([H])(N([H])[H])C([H])([H])[O:4][C:2].[H][N:25](:[C:24]):[C:26]>>[C:15]([C:16])([N:25](:[C:24]):[C:26])([H:40])[H:41].[H][O:4][C:2],EVODEX-P16181
EVODEX-N6080,[H]C([H])([H])C(=O)O[C:5]([C:6])([H:49])[H:50].[H][N:36](:[C:30]):[C:34]>>[C:5]([C:6])([N:36](:[C:30]):[C:34])([H:49])[H:50],"EVODEX-P16184,EVODEX-P16185"
EVODEX-N6081,[H]C([H])([H])C(=O)O[C:15]([C:16])([H:40])[H:41].[H]C([H])([H])C(=O)O[C:5]([C:6])([H:49])[H:50]>>[H]C1:C([H]):N([C:15]([C:16])([H:40])[H:41]):C(=O):N([H]):C:1=O.[H]C1:C([H]):N([H]):C(=O):N([C:5]([C:6])([H:49])[H:50]):C:1=O,EVODEX-P16187
EVODEX-N6082,[C:1](=[C:2]([O:3][P:4](=[O:5])([O:6])[O:7])[C:8])([H:24])[H:25].[O:12]=[C:13]([C:14])[H:29].[H][O:11][H:38]>>[H][O:12][C@:13]([C:1]([C:2](=[O:3])[C:8])([H:24])[H:25])([C:14])[H:29].[P:4](=[O:5])([O:6])([O:7])[O:11][H:38],"EVODEX-P16188,EVODEX-P16207,EVODEX-P16226"
EVODEX-N6083,[H]OP(=O)(O[H])[O:3][C:2](=[C:1]([H:24])[H:25])[C:8]>>[H]O[C@@]([H])([C@]([H])(O[H])[C:1]([C:2](=[O:3])[C:8])([H:24])[H:25])[C@]([H])(O[H])C([H])([H])OP(=O)(O[H])O[H],EVODEX-P16189
EVODEX-N6084,[C:1](=[C:2]([O:3][P:4])[C:8])([H:24])[H:25]>>[H]O[C@@]([H])([C@]([H])(O[H])[C:1]([C:2](=[O:3])[C:8])([H:24])[H:25])[C@]([H])(O[H])C([H])([H])OP(=O)(O[H])O[H].[H]O[P:4],EVODEX-P16190
EVODEX-N6085,[C:1](=[C:2]([O:3][P:4](=[O:5])([O:6])[O:7])[C:8])([H:24])[H:25].[H][O:11][H:38]>>[H]O[C@@]([H])([C@]([H])(O[H])[C:1]([C:2](=[O:3])[C:8])([H:24])[H:25])[C@]([H])(O[H])C([H])([H])OP(=O)(O[H])O[H].[P:4](=[O:5])([O:6])([O:7])[O:11][H:38],EVODEX-P16191
EVODEX-N6086,[H]OP(=O)(O[H])[O:3][C:2](=[C:1]([H:24])[H:25])[C:8].[O:12]=[C:13]([C:14])[H:29]>>[H][O:12][C@:13]([C:1]([C:2](=[O:3])[C:8])([H:24])[H:25])([C:14])[H:29],"EVODEX-P16192,EVODEX-P16211,EVODEX-P16230"
EVODEX-N6087,[C:1](=[C:2]([O:3][P:4])[C:8])([H:24])[H:25].[O:12]=[C:13]([C:14])[H:29]>>[H][O:12][C@:13]([C:1]([C:2](=[O:3])[C:8])([H:24])[H:25])([C:14])[H:29].[H]O[P:4],"EVODEX-P16193,EVODEX-P16212,EVODEX-P16231"
EVODEX-N6088,[O:12]=[C:13]([C:14])[H:29].[H][O:11][H:38]>>[H]OC(=O)C(=O)C([H])([H])[C@@:13]([O:12][H])([C:14])[H:29].[H]OP(=O)(O[H])[O:11][H:38],"EVODEX-P16194,EVODEX-P16213,EVODEX-P16232"
EVODEX-N6089,[H]OC(=O)C(O[P:4](=[O:5])([O:6])[O:7])=C([H])[H].[H][O:11][H:38]>>[P:4](=[O:5])([O:6])([O:7])[O:11][H:38],EVODEX-P16195
EVODEX-N6090,[O:12]=[C:13]([C:14])[H:29]>>[H]OC(=O)C(=O)C([H])([H])[C@@:13]([O:12][H])([C:14])[H:29],"EVODEX-P16196,EVODEX-P16214,EVODEX-P16233,EVODEX-P30078,EVODEX-P30093,EVODEX-P30099,EVODEX-P30108,EVODEX-P30186,EVODEX-P30189,EVODEX-P30253,EVODEX-P30302,EVODEX-P30313"
EVODEX-N6091,[H]O[C@@]([H])([C@]([H])(O[H])[C:6]([C:4]([C:2])=[O:5])([H:28])[H:29])[C@]([H])(O[H])C([H])([H])OP(=O)(O[H])O[H]>>[H]OP(=O)(O[H])[O:5][C:4]([C:2])=[C:6]([H:28])[H:29],EVODEX-P16197
EVODEX-N6092,[H]OP(=O)(O[H])[O:21][H:24]>>[H][O:21][H:24],EVODEX-P16198
EVODEX-N6093,>>[H]OC(=O)C(O)=C([H])[H].[H],"EVODEX-P16199,EVODEX-P18277,EVODEX-P29545,EVODEX-P29554,EVODEX-P29610"
EVODEX-N6094,[O:19]=[P:20]([O:21])([O:22])[O:23].[H][O:8][C@:7]([C:6]([C:4]([C:2])=[O:5])([H:28])[H:29])([C:9])[H:30]>>[C:7](=[O:8])([C:9])[H:30].[C:2][C:4]([O:5][P:20](=[O:19])([O:22])[O:23])=[C:6]([H:28])[H:29].[H][O:21],EVODEX-P16200
EVODEX-N6095,[H]O[P:20](=[O:19])([O:22])[O:23].[H][O:8][C@:7]([C:6]([C:4]([C:2])=[O:5])([H:28])[H:29])([C:9])[H:30]>>[C:7](=[O:8])([C:9])[H:30].[C:2][C:4]([O:5][P:20](=[O:19])([O:22])[O:23])=[C:6]([H:28])[H:29],EVODEX-P16201
EVODEX-N6096,[H]OP(=O)(O[H])[O:21][H:24].[H]OC(=O)C(=O)C([H])([H])[C@@:7]([O:8][H])([C:9])[H:30]>>[C:7](=[O:8])([C:9])[H:30].[H][O:21][H:24],EVODEX-P16202
EVODEX-N6097,[O:19]=[P:20]([O:21])([O:22])[O:23].[H]O[C@@]([H])([C@]([H])(O[H])[C:6]([C:4]([C:2])=[O:5])([H:28])[H:29])[C@]([H])(O[H])C([H])([H])OP(=O)(O[H])O[H]>>[C:2][C:4]([O:5][P:20](=[O:19])([O:22])[O:23])=[C:6]([H:28])[H:29].[H][O:21],EVODEX-P16203
EVODEX-N6098,[H]OC(=O)C(=O)C([H])([H])[C@@:7]([O:8][H])([C:9])[H:30]>>[C:7](=[O:8])([C:9])[H:30],"EVODEX-P16204,EVODEX-P30076,EVODEX-P30088,EVODEX-P30091,EVODEX-P30097,EVODEX-P30103,EVODEX-P30106,EVODEX-P30182,EVODEX-P30199,EVODEX-P30251,EVODEX-P30300,EVODEX-P30311"
EVODEX-N6099,[H][O:8][C@:7]([C:6]([C:4]([C:2])=[O:5])([H:28])[H:29])([C:9])[H:30]>>[C:7](=[O:8])([C:9])[H:30].[H]OP(=O)(O[H])[O:5][C:4]([C:2])=[C:6]([H:28])[H:29],EVODEX-P16205
EVODEX-N6100,[H]O[P:20](=[O:19])([O:22])[O:23].[H]O[C@@]([H])([C@]([H])(O[H])[C:6]([C:4]([C:2])=[O:5])([H:28])[H:29])[C@]([H])(O[H])C([H])([H])OP(=O)(O[H])O[H]>>[C:2][C:4]([O:5][P:20](=[O:19])([O:22])[O:23])=[C:6]([H:28])[H:29],EVODEX-P16206
EVODEX-N6101,[H]OP(=O)(O[H])[O:3][C:2](=[C:1]([H:26])[H:27])[C:8]>>[H]O[C@@]([H])([C@]([H])(O[H])[C@]([H])(O[H])C([H])([H])OP(=O)(O[H])O[H])[C@]([H])(O[H])[C:1]([C:2](=[O:3])[C:8])([H:26])[H:27],EVODEX-P16208
EVODEX-N6102,[C:1](=[C:2]([O:3][P:4])[C:8])([H:26])[H:27]>>[H]O[C@@]([H])([C@]([H])(O[H])[C@]([H])(O[H])C([H])([H])OP(=O)(O[H])O[H])[C@]([H])(O[H])[C:1]([C:2](=[O:3])[C:8])([H:26])[H:27].[H]O[P:4],EVODEX-P16209
EVODEX-N6103,[C:1](=[C:2]([O:3][P:4](=[O:5])([O:6])[O:7])[C:8])([H:26])[H:27].[H][O:11][H:42]>>[H]O[C@@]([H])([C@]([H])(O[H])[C@]([H])(O[H])C([H])([H])OP(=O)(O[H])O[H])[C@]([H])(O[H])[C:1]([C:2](=[O:3])[C:8])([H:26])[H:27].[P:4](=[O:5])([O:6])([O:7])[O:11][H:42],EVODEX-P16210
EVODEX-N6104,[C:1](=[C:2]([O:3])[C:8])([H:27])[H:28].[H][O:25][C:24][C:15][C:16]([O:17])([O:18])[H:37]>>[H]O[C@@:2]1([C:8])[C:1]([H:27])([H:28])[C@@:16]([O:17])([H:37])[C:15][C:24][O:25]1.[H][O:18].[H][O:3],"EVODEX-P16215,EVODEX-P16234,EVODEX-P16245,EVODEX-P16387,EVODEX-P16554"
EVODEX-N6105,[C:1](=[C:2]([O:3])[C:8])([H:27])[H:28].[H][O:26][H:47]>>[H]OC([H])([H])[C@@]([H])(O[H])[C@@]([H])(O[H])[C@]1([H])O[C@@:2]([C:8])([O:26][H:47])[C:1]([H:27])([H:28])[C@]([H])(O[H])[C@@]1([H])N([H])C(=O)C([H])([H])[H].[H][O:3],EVODEX-P16216
EVODEX-N6106,[C:1](=[C:2]([O:3])[C:8])([H:27])[H:28].[H][O:25][C:24][C:15][C:16]([O:17])([O:18])[H:37].[H][O:26][H:47]>>[C:1]1([H:27])([H:28])[C@:2]([C:8])([O:26][H:47])[O:25][C:24][C:15][C@:16]1([O:17])[H:37].[H][O:18].[H][O:3],"EVODEX-P16217,EVODEX-P16236,EVODEX-P16247,EVODEX-P16389,EVODEX-P16556"
EVODEX-N6107,[H][O:26][H:47]>>[H]OC(=O)[C@@]1([O:26][H:47])O[C@@]([H])([C@]([H])(O[H])[C@]([H])(O[H])C([H])([H])O[H])[C@]([H])(N([H])C(=O)C([H])([H])[H])[C@@]([H])(O[H])C1([H])[H],EVODEX-P16218
EVODEX-N6108,[H]OP(=O)(O[H])O[C:2](=[C:1]([H:27])[H:28])[C:8].[H][O:25][C:24][C:15][C:16]([O:17])([O:18])[H:37]>>[H]O[C@@:2]1([C:8])[C:1]([H:27])([H:28])[C@@:16]([O:17])([H:37])[C:15][C:24][O:25]1.[H][O:18],"EVODEX-P16219,EVODEX-P16238,EVODEX-P16249,EVODEX-P16391,EVODEX-P16558"
EVODEX-N6109,[H]OP(=O)(O[H])O[C:2](=[C:1]([H:27])[H:28])[C:8].[H][O:26][H:47]>>[H]OC([H])([H])[C@@]([H])(O[H])[C@@]([H])(O[H])[C@]1([H])O[C@@:2]([C:8])([O:26][H:47])[C:1]([H:27])([H:28])[C@]([H])(O[H])[C@@]1([H])N([H])C(=O)C([H])([H])[H],EVODEX-P16220
EVODEX-N6110,[H][O:25][C:24]>>[H].[H]OC(=O)[C@](O[H])(C([H])[H])[O:25][C:24],"EVODEX-P16221,EVODEX-P16240,EVODEX-P16251,EVODEX-P16393,EVODEX-P16560"
EVODEX-N6111,[H]OP(=O)(O[H])O[C:2](=[C:1]([H:27])[H:28])[C:8]>>[H]OC([H])([H])[C@@]([H])(O[H])[C@@]([H])(O[H])[C@]1([H])O[C@:2](O[H])([C:8])[C:1]([H:27])([H:28])[C@]([H])(O[H])[C@@]1([H])N([H])C(=O)C([H])([H])[H],EVODEX-P16222
EVODEX-N6112,[H]OP(=O)(O[H])O[C:2](=[C:1]([H:27])[H:28])[C:8].[H][O:25][C:24][C:15][C:16]([O:17])([O:18])[H:37].[H][O:26][H:47]>>[C:1]1([H:27])([H:28])[C@:2]([C:8])([O:26][H:47])[O:25][C:24][C:15][C@:16]1([O:17])[H:37].[H][O:18],"EVODEX-P16223,EVODEX-P16242,EVODEX-P16253,EVODEX-P16395,EVODEX-P16562"
EVODEX-N6113,[H][O:25][C:24].[H][O:26][H:47]>>[H].[H]OC(=O)[C@](C([H])[H])([O:25][C:24])[O:26][H:47],"EVODEX-P16224,EVODEX-P16243,EVODEX-P16254,EVODEX-P16396,EVODEX-P16563"
EVODEX-N6114,[C:1](=[C:2]([O:3])[C:8])([H:27])[H:28]>>[H]OC([H])([H])[C@@]([H])(O[H])[C@@]([H])(O[H])[C@]1([H])O[C@:2](O[H])([C:8])[C:1]([H:27])([H:28])[C@]([H])(O[H])[C@@]1([H])N([H])C(=O)C([H])([H])[H].[H][O:3],EVODEX-P16225
EVODEX-N6115,[C:1](=[C:2]([O:3])[C:8])([H:31])[H:32].[H][O:30][H:52]>>[H]O[C@@]([H])([C@]1([H])O[C@:2]([C:8])([O:30][H:52])[C:1]([H:31])([H:32])[C@]([H])(O[H])[C@@]1([H])N([H])C(=O)C([H])([H])[H])[C@]([H])(O[H])C([H])([H])OP(=O)(O[H])O[H].[H][O:3],EVODEX-P16235
EVODEX-N6116,[H][O:30][H:52]>>[H]OC(=O)[C@]1([O:30][H:52])O[C@@]([H])([C@]([H])(O[H])[C@]([H])(O[H])C([H])([H])OP(=O)(O[H])O[H])[C@]([H])(N([H])C(=O)C([H])([H])[H])[C@@]([H])(O[H])C1([H])[H],EVODEX-P16237
EVODEX-N6117,[H]OP(=O)(O[H])O[C:2](=[C:1]([H:31])[H:32])[C:8].[H][O:30][H:52]>>[H]O[C@@]([H])([C@]1([H])O[C@:2]([C:8])([O:30][H:52])[C:1]([H:31])([H:32])[C@]([H])(O[H])[C@@]1([H])N([H])C(=O)C([H])([H])[H])[C@]([H])(O[H])C([H])([H])OP(=O)(O[H])O[H],EVODEX-P16239
EVODEX-N6118,[H]OP(=O)(O[H])O[C:2](=[C:1]([H:31])[H:32])[C:8]>>[H]O[C@@]([H])([C@]1([H])O[C@@:2](O[H])([C:8])[C:1]([H:31])([H:32])[C@]([H])(O[H])[C@@]1([H])N([H])C(=O)C([H])([H])[H])[C@]([H])(O[H])C([H])([H])OP(=O)(O[H])O[H],EVODEX-P16241
EVODEX-N6119,[C:1](=[C:2]([O:3])[C:8])([H:31])[H:32]>>[H]O[C@@]([H])([C@]1([H])O[C@@:2](O[H])([C:8])[C:1]([H:31])([H:32])[C@]([H])(O[H])[C@@]1([H])N([H])C(=O)C([H])([H])[H])[C@]([H])(O[H])C([H])([H])OP(=O)(O[H])O[H].[H][O:3],EVODEX-P16244
EVODEX-N6120,[C:1](=[C:2]([O:3])[C:8])([H:32])[H:33].[H][O:11][H:53]>>[H]OC([H])([H])C(=O)N([H])[C@@]1([H])[C@]([H])([C@]([H])(O[H])C([H])(O[H])C([H])([H])OP(=O)(O[H])O[H])O[C@@:2]([C:8])([O:11][H:53])[C:1]([H:32])([H:33])[C@@]1([H])O[H].[H][O:3],EVODEX-P16246
EVODEX-N6121,[H][O:11][H:53]>>[H]OC(=O)[C@@]1([O:11][H:53])O[C@@]([H])([C@]([H])(O[H])C([H])(O[H])C([H])([H])OP(=O)(O[H])O[H])[C@]([H])(N([H])C(=O)C([H])([H])O[H])[C@]([H])(O[H])C1([H])[H],EVODEX-P16248
EVODEX-N6122,[H]OP(=O)(O[H])O[C:2](=[C:1]([H:32])[H:33])[C:8].[H][O:11][H:53]>>[H]OC([H])([H])C(=O)N([H])[C@@]1([H])[C@]([H])([C@]([H])(O[H])C([H])(O[H])C([H])([H])OP(=O)(O[H])O[H])O[C@@:2]([C:8])([O:11][H:53])[C:1]([H:32])([H:33])[C@@]1([H])O[H],EVODEX-P16250
EVODEX-N6123,[H]OP(=O)(O[H])O[C:2](=[C:1]([H:32])[H:33])[C:8]>>[H]OC([H])([H])C(=O)N([H])[C@@]1([H])[C@]([H])([C@]([H])(O[H])C([H])(O[H])C([H])([H])OP(=O)(O[H])O[H])O[C@:2](O[H])([C:8])[C:1]([H:32])([H:33])[C@@]1([H])O[H],EVODEX-P16252
EVODEX-N6124,[C:1](=[C:2]([O:3])[C:8])([H:32])[H:33]>>[H]OC([H])([H])C(=O)N([H])[C@@]1([H])[C@]([H])([C@]([H])(O[H])C([H])(O[H])C([H])([H])OP(=O)(O[H])O[H])O[C@:2](O[H])([C:8])[C:1]([H:32])([H:33])[C@@]1([H])O[H].[H][O:3],EVODEX-P16255
EVODEX-N6125,[H]OP(=O)(O[H])OP(=O)(O[H])O[C:15]([C:14])([H:97])[H:98].[H][S:70][C:69]>>[C:14][C:15]([S:70][C:69])([H:97])[H:98],"EVODEX-P16257,EVODEX-P16262,EVODEX-P16267"
EVODEX-N6126,[H][S:70][C:69]>>[H]C(=C(C([H])([H])[H])C([H])([H])[H])C([H])([H])C([H])([H])/C(=C(\[H])C([H])([H])C([H])([H])/C(=C(\[H])C([H])([H])[S:70][C:69])C([H])([H])[H])C([H])([H])[H],"EVODEX-P16258,EVODEX-P16263"
EVODEX-N6127,[H]OP(=O)(O[H])OP(=O)(O[H])O[C:15]([C:14])([H:97])[H:98]>>[H]OC(=O)[C@@]([H])(N([H])C(=O)[C@@]([H])(N([H])C(=O)[C@@]([H])(N([H])C(=O)[C@@]([H])(N([H])C(=O)[C@@]([H])(N([H])C(=O)[C@@]([H])(N([H])[H])C([H])([H])S[C:15]([C:14])([H:97])[H:98])C([H])([H])C(=O)N([H])[H])C([H])([H])O[H])C([H])([H])C1:C([H]):C([H]):C(O[H]):C([H]):C:1[H])C([H])([H])C([H])([H])C([H])([H])C([H])([H])N([H])[H])C([H])(O[H])C([H])([H])[H],"EVODEX-P16259,EVODEX-P16269"
EVODEX-N6128,[H]OP(=O)(O[H])OP(=O)(O[H])O[C:15]([C:14])([H:135])[H:136]>>[H]N=C(N([H])[H])N([H])C([H])([H])C([H])([H])C([H])([H])[C@@]([H])(C(=O)N([H])[C@]([H])(C(=O)N([H])[C@]([H])(C(=O)N([H])[C@]([H])(C(=O)N([H])[C@]([H])(C(=O)N([H])[C@]([H])(C(=O)N([H])[C@]([H])(C(=O)N([H])[C@]([H])(C(=O)N([H])[C@]([H])(C(=O)N([H])[C@]([H])(C(=O)O[H])C([H])([H])C([H])([H])SC([H])([H])[H])[C@@]([H])(C([H])([H])[H])C([H])([H])C([H])([H])[H])C([H])([H])[H])C([H])([H])S[C:15]([C:14])([H:135])[H:136])C([H])([H])O[H])C([H])([H])C([H])([H])C([H])([H])N([H])C(=N[H])N([H])[H])C([H])([H])C(=O)N([H])[H])C([H])([H])O[H])C([H])([H])[H])N([H])C(=O)[C@@]([H])(N([H])[H])C([H])([H])C1:C([H]):C([H]):C(O[H]):C([H]):C:1[H],EVODEX-P16264
EVODEX-N6129,>>[H]N=C(N([H])[H])N([H])C([H])([H])C([H])([H])C([H])([H])[C@@]([H])(C(=O)N([H])[C@]([H])(C(=O)N([H])[C@]([H])(C(=O)N([H])[C@]([H])(C(=O)N([H])[C@]([H])(C(=O)N([H])[C@]([H])(C(=O)N([H])[C@]([H])(C(=O)N([H])[C@]([H])(C(=O)N([H])[C@]([H])(C(=O)N([H])[C@]([H])(C(=O)O[H])C([H])([H])C([H])([H])SC([H])([H])[H])[C@@]([H])(C([H])([H])[H])C([H])([H])C([H])([H])[H])C([H])([H])[H])C([H])([H])S)C([H])([H])O[H])C([H])([H])C([H])([H])C([H])([H])N([H])C(=N[H])N([H])[H])C([H])([H])C(=O)N([H])[H])C([H])([H])O[H])C([H])([H])[H])N([H])C(=O)[C@@]([H])(N([H])[H])C([H])([H])C1:C([H]):C([H]):C(O[H]):C([H]):C:1[H].[H],EVODEX-P16265
EVODEX-N6130,[H][S:75][C:74]>>[H]C(=C(C([H])([H])[H])C([H])([H])[H])C([H])([H])C([H])([H])/C(=C(\[H])C([H])([H])C([H])([H])/C(=C(\[H])C([H])([H])C([H])([H])/C(=C(\[H])C([H])([H])[S:75][C:74])C([H])([H])[H])C([H])([H])[H])C([H])([H])[H],EVODEX-P16268
EVODEX-N6131,[#6:1]-[#16&+:2](-[#6:3])-[#6:10](-[#85:40])(-[#85:41])-[#6@@:11].[#85]-[#9:28]>>[#85:40]-[#6:10](-[#85:41])(-[#6@@:11])-[#9:28].[#6:1]-[#16:2]-[#6:3],EVODEX-P16271
EVODEX-N6132,[#85]-[#6](-[#85])(-[#85])-[#16&+](-[#6](-[#85])(-[#85])-[#6](-[#85])(-[#85])-[#6@](-[#85])(-[#7](-[#85])-[#85])-[#6](=[#8])-[#8]-[#85])-[#6:10](-[#85:40])(-[#85:41])-[#6@@:11].[#85]-[#9:28]>>[#85:40]-[#6:10](-[#85:41])(-[#6@@:11])-[#9:28],EVODEX-P16272
EVODEX-N6133,[#85]-[#6](-[#85])(-[#85])-[#16&+](-[#6](-[#85])(-[#85])-[#6](-[#85])(-[#85])-[#6@](-[#85])(-[#7](-[#85])-[#85])-[#6](=[#8])-[#8]-[#85])-[#6:10](-[#85:40])(-[#85:41])-[#6@@:11]>>[#85:40]-[#6:10](-[#85:41])(-[#6@@:11])-[#9],EVODEX-P16273
EVODEX-N6134,[H][F:28]>>[H]O[C@@]1([H])[C@@]([H])(O[H])[C@]([H])(N2:C([H]):N:C3:C(N([H])[H]):N:C([H]):N:C:3:2)O[C@]1([H])C([H])([H])[F:28],EVODEX-P16274
EVODEX-N6135,[#6:1]-[#16&+:2](-[#6:3])-[#6:10]>>[#6:10]-[#9].[#6:1]-[#16:2]-[#6:3],EVODEX-P16275
EVODEX-N6136,[#6:1]-[#16:2]-[#6:3].[#6:23](-[#6@:22])(-[#85:46])(-[#85:47])-[#9:24]>>[#6:1]-[#16&+:2](-[#6:3])-[#6:23](-[#85:46])(-[#85:47])-[#6@@:22].[#85]-[#9:24],EVODEX-P16276
EVODEX-N6137,[#6:23](-[#6@:22])(-[#85:46])(-[#85:47])-[#9]>>[#85]-[#6](-[#85])(-[#85])-[#16&+](-[#6](-[#85])(-[#85])-[#6](-[#85])(-[#85])-[#6@](-[#85])(-[#7](-[#85])-[#85])-[#6](=[#8])-[#8]-[#85])-[#6:23](-[#85:46])(-[#85:47])-[#6@@:22],EVODEX-P16277
EVODEX-N6138,[#6:1]-[#16:2]-[#6:3].[#6:23](-[#6@:22])(-[#85:46])(-[#85:47])-[#9]>>[#6:1]-[#16&+:2](-[#6:3])-[#6:23](-[#85:46])(-[#85:47])-[#6@@:22],EVODEX-P16278
EVODEX-N6139,[H]O[C@@]1([H])[C@@]([H])(O[H])[C@]([H])(N2:C([H]):N:C3:C(N([H])[H]):N:C([H]):N:C:3:2)O[C@]1([H])C([H])([H])[F:24]>>[H][F:24],EVODEX-P16280
EVODEX-N6140,[H]OC(=O)[C@@]([H])(N([H])[H])C([H])([H])[O:4][P:5]>>[H][O:4][P:5],"EVODEX-P16282,EVODEX-P22580"
EVODEX-N6141,[H]OP(=O)(O[H])O[C:3]([C:2])([H:16])[H:17].[H][S:12][H:21]>>[C:2][C:3]([S:12][H:21])([H:16])[H:17],EVODEX-P16283
EVODEX-N6142,[H]OP(=O)(O[H])O[C:3]([C:2])([H:16])[H:17]>>[H]S[C:3]([C:2])([H:16])[H:17],EVODEX-P16284
EVODEX-N6143,[H][N:1]([C:2])[H:21].[H][C:12](=[O:11])[C:13]([O:14][H:37])[C:15]([O:16])([H:38])[H:39]>>[H][C:13]([C:12](=[O:11])[O:14][H:37])[C:15]([N:1]([C:2])[H:21])([H:38])[H:39].[H][O:16],"EVODEX-P16286,EVODEX-P16292"
EVODEX-N6144,[H]O[C@@]([H])(C([H])=O)C([H])([H])[O:16][P:17]>>[H][O:16][P:17],EVODEX-P16287
EVODEX-N6145,[H][N:1]([C:2])[H:21].[H]OP(=O)(O[H])O[C:15]([C:13]([C:12]([H])=[O:11])[O:14][H:37])([H:38])[H:39]>>[H][C:13]([C:12](=[O:11])[O:14][H:37])[C:15]([N:1]([C:2])[H:21])([H:38])[H:39],"EVODEX-P16288,EVODEX-P16293"
EVODEX-N6146,[H]OP(=O)(O[H])O[C:15]([C:13]([C:12]([H])=[O:11])[O:14][H:37])([H:38])[H:39]>>[H]OC(=O)[C@@]([H])(N([H])[H])C([H])([H])C([H])([H])C([H])([H])C([H])([H])N([H])[C:15]([C:13]([H])[C:12](=[O:11])[O:14][H:37])([H:38])[H:39],EVODEX-P16289
EVODEX-N6147,[H][N:1]([C:2])[H:21]>>[H]OC(=O)C([H])([H])C([H])([H])[N:1]([C:2])[H:21],"EVODEX-P16290,EVODEX-P16295"
EVODEX-N6148,[H][C:12](=[O:11])[C:13][O:14][H:37]>>[H]NC([H])([H])C([H])([H])C([H])([H])C([H])([H])[C@@]([H])(C(=O)O[H])N([H])[H].[H][C:13][C:12](=[O:11])[O:14][H:37].[H],EVODEX-P16291
EVODEX-N6149,[H]OP(=O)(O[H])O[C:17]([C:15]([C:14]([H])=[O:13])[O:16][H:39])([H:40])[H:41]>>[H]N=C(N([H])[H])N([H])C([H])([H])C([H])([H])C([H])([H])[C@@]([H])(C(=O)O[H])N([H])[C:17]([C:15]([H])[C:14](=[O:13])[O:16][H:39])([H:40])[H:41],EVODEX-P16294
EVODEX-N6150,[H][C:14](=[O:13])[C:15][O:16][H:39]>>[H]N[C@]([H])(C(=O)O[H])C([H])([H])C([H])([H])C([H])([H])N([H])C(=N[H])N([H])[H].[H][C:15][C:14](=[O:13])[O:16][H:39].[H],EVODEX-P16296
EVODEX-N6151,[H]OC([H])([H])/C(=C(\[H])C([H])([H])C([H])([H])/C(=C(\[H])C([H])([H])[O:10][P:11])C([H])([H])[H])C([H])([H])[H]>>[H][O:10][P:11],EVODEX-P16298
EVODEX-N6152,[H][C:24]([C:22](=[C:21]([H:35])[H:36])[C:23])([C:25])[H:40]>>[H]OC([H])([H])/C(=C(\[H])C([H])([H])C([H])([H])/C(=C(\[H])C([H])([H])[C:21]([C:22]([C:23])=[C:24]([C:25])[H:40])([H:35])[H:36])C([H])([H])[H])C([H])([H])[H],EVODEX-P16301
EVODEX-N6153,[H]OP(=O)(O[H])OP(=O)(O[H])O[C:5]([C:4])([H:42])[H:43]>>[H]OC1:C([H]):C([H]):C([C@@]2([H])OC3:C(:C(O[H]):C([H]):C(O[H]):C:3[C:5]([C:4])([H:42])[H:43])C(=O)C2([H])[H]):C([H]):C:1[H],EVODEX-P16306
EVODEX-N6154,>>[H]OC1:C:C2:C(:C(O[H]):C:1[H])C(=O)C([H])([H])[C@@]([H])(C1:C([H]):C([H]):C(O[H]):C([H]):C:1[H])O2.[H],EVODEX-P16307
EVODEX-N6155,[H]OP(=O)(O[H])OP(=O)(O[H])O[C:5]([C:4])([H:43])[H:44]>>[H]OC1:C([H]):C([H]):C([C@@]2([H])OC3:C(:C(O[H]):C([H]):C(O[H]):C:3[C:5]([C:4])([H:43])[H:44])C(=O)C2([H])[H]):C(O[H]):C:1[H],EVODEX-P16311
EVODEX-N6156,>>[H]OC1:C:C2:C(:C(O[H]):C:1[H])C(=O)C([H])([H])[C@@]([H])(C1:C([H]):C([H]):C(O[H]):C([H]):C:1O[H])O2.[H],EVODEX-P16312
EVODEX-N6157,[H]OP(=O)(O[H])OP(=O)(O[H])O[C:5]([C:4])([H:68])[H:69]>>[H]OC1:C([H]):C([H]):C([C@@]2([H])OC3:C(:C(O[H]):C([H]):C(O[H]):C:3C([H])([H])[C@]([H])(C(=C([H])[H])C([H])([H])[H])[C:5]([C:4])([H:68])[H:69])C(=O)C2([H])[H]):C(O[H]):C:1[H],EVODEX-P16315
EVODEX-N6158,[H][C:15]([C:16]([C:17])=[C:18]([C:19])[H:47])([H:41])[H:42]>>[H]C(=C(C([H])([H])[H])C([H])([H])[H])C([H])([H])[C@@:18]([C:16](=[C:15]([H:41])[H:42])[C:17])([C:19])[H:47],EVODEX-P16316
EVODEX-N6159,>>[H]OC1:C([H]):C([H]):C([C@@]2([H])OC3:C(:C(O[H]):C([H]):C(O[H]):C:3C([H])([H])C([H])C(=C([H])[H])C([H])([H])[H])C(=O)C2([H])[H]):C(O[H]):C:1[H].[H],EVODEX-P16317
EVODEX-N6160,[H]OC1:C([H]):C([C:51](=[O:50])[O:52][H]):C(O[H]):C2:C([H]):C([H]):C([H]):C([H]):C:1:2>>[O:50]=[C:51]=[O:52],EVODEX-P16318
EVODEX-N6161,[H]OP(=O)(O[H])OP(=O)(O[H])O[C:40]([C:39])([H:128])[H:129]>>[H]OC1:C([H]):C([C:40]([C:39])([H:128])[H:129]):C(O[H]):C2:C([H]):C([H]):C([H]):C([H]):C:1:2,"EVODEX-P16319,EVODEX-P16329,EVODEX-P16544"
EVODEX-N6162,[H]C(=C(C([H])([H])[H])C([H])([H])[H])C([H])([H])C([H])([H])/C(=C(\[H])C([H])([H])C([H])([H])/C(=C(\[H])C([H])([H])C([H])([H])/C(=C(\[H])C([H])([H])C([H])([H])/C(=C(\[H])C([H])([H])C([H])([H])/C(=C(\[H])C([H])([H])C([H])([H])/C(=C(\[H])C([H])([H])C([H])([H])/C(=C(\[H])C([H])([H])[O:41][P:42])C([H])([H])[H])C([H])([H])[H])C([H])([H])[H])C([H])([H])[H])C([H])([H])[H])C([H])([H])[H])C([H])([H])[H]>>[H][O:41][P:42],EVODEX-P16320
EVODEX-N6163,>>[H]OC1:C:C([H]):C(O[H]):C2:C([H]):C([H]):C([H]):C([H]):C:1:2.[H],"EVODEX-P16321,EVODEX-P16330,EVODEX-P16546"
EVODEX-N6164,[H]OP(=O)(O[H])OP(=O)(O[H])O[C:40]([C:39])([H:128])[H:129].[H]OC(=O)[C:53](:[C:54]):[C:63]>>[C:39][C:40]([C:53](:[C:54]):[C:63])([H:128])[H:129],"EVODEX-P16322,EVODEX-P16331"
EVODEX-N6165,[C:39][C:40]([O:41])([H:128])[H:129].[H][O:52][C:51](=[O:50])[C:53](:[C:54]):[C:63]>>[C:39][C:40]([C:53](:[C:54]):[C:63])([H:128])[H:129].[O:50]=[C:51]=[O:52].[H][O:41],"EVODEX-P16323,EVODEX-P16332"
EVODEX-N6166,[H]OP(=O)(O[H])OP(=O)(O[H])O[C:40]([C:39])([H:128])[H:129].[H][O:52][C:51](=[O:50])[C:53](:[C:54]):[C:63]>>[C:39][C:40]([C:53](:[C:54]):[C:63])([H:128])[H:129].[O:50]=[C:51]=[O:52],"EVODEX-P16324,EVODEX-P16333"
EVODEX-N6167,[C:39][C:40]([O:41])([H:128])[H:129].[H]OC(=O)[C:53](:[C:54]):[C:63]>>[C:39][C:40]([C:53](:[C:54]):[C:63])([H:128])[H:129].[H][O:41],"EVODEX-P16325,EVODEX-P16334"
EVODEX-N6168,[H]C(=C(C([H])([H])[H])C([H])([H])[H])C([H])([H])C([H])([H])/C(=C(\[H])C([H])([H])C([H])([H])/C(=C(\[H])C([H])([H])C([H])([H])/C(=C(\[H])C([H])([H])C([H])([H])/C(=C(\[H])C([H])([H])C([H])([H])/C(=C(\[H])C([H])([H])C([H])([H])/C(=C(\[H])C([H])([H])C([H])([H])/C(=C(\[H])C([H])([H])[O:41][P:42])C([H])([H])[H])C([H])([H])[H])C([H])([H])[H])C([H])([H])[H])C([H])([H])[H])C([H])([H])[H])C([H])([H])[H].[H]OC1:C([H]):C([C:51](=[O:50])[O:52][H]):C(O[H]):C2:C([H]):C([H]):C([H]):C([H]):C:1:2>>[O:50]=[C:51]=[O:52].[H][O:41][P:42],EVODEX-P16326
EVODEX-N6169,[H]OC(=O)[C:53](:[C:54]):[C:63]>>[H]C(=C(C([H])([H])[H])C([H])([H])[H])C([H])([H])C([H])([H])/C(=C(\[H])C([H])([H])C([H])([H])/C(=C(\[H])C([H])([H])C([H])([H])/C(=C(\[H])C([H])([H])C([H])([H])/C(=C(\[H])C([H])([H])C([H])([H])/C(=C(\[H])C([H])([H])C([H])([H])/C(=C(\[H])C([H])([H])C([H])([H])/C(=C(\[H])C([H])([H])[C:53](:[C:54]):[C:63])C([H])([H])[H])C([H])([H])[H])C([H])([H])[H])C([H])([H])[H])C([H])([H])[H])C([H])([H])[H])C([H])([H])[H],EVODEX-P16327
EVODEX-N6170,[H][O:52][C:51](=[O:50])[C:53]>>[H]C(=C(C([H])([H])[H])C([H])([H])[H])C([H])([H])C([H])([H])/C(=C(\[H])C([H])([H])C([H])([H])/C(=C(\[H])C([H])([H])C([H])([H])/C(=C(\[H])C([H])([H])C([H])([H])/C(=C(\[H])C([H])([H])C([H])([H])/C(=C(\[H])C([H])([H])C([H])([H])/C(=C(\[H])C([H])([H])C([H])([H])/C(=C(\[H])C([H])([H])[C:53])C([H])([H])[H])C([H])([H])[H])C([H])([H])[H])C([H])([H])[H])C([H])([H])[H])C([H])([H])[H])C([H])([H])[H].[O:50]=[C:51]=[O:52],EVODEX-P16328
EVODEX-N6171,[H]C(=C(C([H])([H])[H])C([H])([H])[H])C([H])([H])C([H])([H])/C(=C(\[H])C([H])([H])C([H])([H])/C(=C(\[H])C([H])([H])C([H])([H])/C(=C(\[H])C([H])([H])C([H])([H])/C(=C(\[H])C([H])([H])C([H])([H])/C(=C(\[H])C([H])([H])C([H])([H])/C(=C(\[H])C([H])([H])C([H])([H])/C(=C(\[H])C([H])([H])C([H])([H])/C(=C(\[H])C([H])([H])[O:46][P:47])C([H])([H])[H])C([H])([H])[H])C([H])([H])[H])C([H])([H])[H])C([H])([H])[H])C([H])([H])[H])C([H])([H])[H])C([H])([H])[H].[H]OC1:C([H]):C([C:56](=[O:55])[O:57][H]):C(O[H]):C2:C([H]):C([H]):C([H]):C([H]):C:1:2>>[O:55]=[C:56]=[O:57].[H][O:46][P:47],EVODEX-P16335
EVODEX-N6172,[H]OC(=O)[C:58](:[C:59]):[C:68]>>[H]C(=C(C([H])([H])[H])C([H])([H])[H])C([H])([H])C([H])([H])/C(=C(\[H])C([H])([H])C([H])([H])/C(=C(\[H])C([H])([H])C([H])([H])/C(=C(\[H])C([H])([H])C([H])([H])/C(=C(\[H])C([H])([H])C([H])([H])/C(=C(\[H])C([H])([H])C([H])([H])/C(=C(\[H])C([H])([H])C([H])([H])/C(=C(\[H])C([H])([H])C([H])([H])/C(=C(\[H])C([H])([H])[C:58](:[C:59]):[C:68])C([H])([H])[H])C([H])([H])[H])C([H])([H])[H])C([H])([H])[H])C([H])([H])[H])C([H])([H])[H])C([H])([H])[H])C([H])([H])[H],EVODEX-P16336
EVODEX-N6173,[H][O:57][C:56](=[O:55])[C:58]>>[H]C(=C(C([H])([H])[H])C([H])([H])[H])C([H])([H])C([H])([H])/C(=C(\[H])C([H])([H])C([H])([H])/C(=C(\[H])C([H])([H])C([H])([H])/C(=C(\[H])C([H])([H])C([H])([H])/C(=C(\[H])C([H])([H])C([H])([H])/C(=C(\[H])C([H])([H])C([H])([H])/C(=C(\[H])C([H])([H])C([H])([H])/C(=C(\[H])C([H])([H])C([H])([H])/C(=C(\[H])C([H])([H])[C:58])C([H])([H])[H])C([H])([H])[H])C([H])([H])[H])C([H])([H])[H])C([H])([H])[H])C([H])([H])[H])C([H])([H])[H])C([H])([H])[H].[O:55]=[C:56]=[O:57],EVODEX-P16337
EVODEX-N6174,[C:2][C:3]([O:4])([H:19])[H:20].[H][O:14][S:13](=[O:12])[O:15]>>[C:2][C:3]([S:13](=[O:12])(=[O:14])[O:15])([H:19])[H:20].[H][O:4],"EVODEX-P16338,EVODEX-P29386"
EVODEX-N6175,[H]OP(=O)(O[H])O[C:3]([C:2])([H:19])[H:20].[H][O:14][S:13](=[O:12])[O:15]>>[C:2][C:3]([S:13](=[O:12])(=[O:14])[O:15])([H:19])[H:20],EVODEX-P16339
EVODEX-N6176,[H][O:14][S:13](=[O:12])[O:15]>>[H]OC(=O)[C@@]([H])(N([H])[H])C([H])([H])[S:13](=[O:12])(=[O:14])[O:15],EVODEX-P16340
EVODEX-N6177,[H]OP(=O)(O[H])O[C:3]([C:2])([H:19])[H:20]>>[H]OS(=O)(=O)[C:3]([C:2])([H:19])[H:20],EVODEX-P16341
EVODEX-N6178,>>[H]OS(=O)=O.[H],"EVODEX-P16342,EVODEX-P29391"
EVODEX-N6179,[#85]-[#6](-[#85])(-[#85])-[#16&+](-[#6:3](-[#85:38])(-[#85:39])-[#6:4])-[#6](-[#85])(-[#85])-[#6@@]1(-[#85])-[#8]-[#6@@](-[#85])(-[#7]2:[#6](-[#85]):[#7]:[#6]3:[#6](-[#7](-[#85])-[#85]):[#7]:[#6](-[#85]):[#7]:[#6]:2:3)-[#6@](-[#85])(-[#8]-[#85])-[#6@]-1(-[#85])-[#8]-[#85]>>[#85:38]-[#6:3](-[#85:39])(-[#6:4])-[#7](-[#85])-[#6](-[#85])(-[#85])-[#6](-[#85])(-[#85])-[#6](-[#85])(-[#85])-[#7](-[#85])-[#6](-[#85])(-[#85])-[#6](-[#85])(-[#85])-[#6](-[#85])(-[#85])-[#6](-[#85])(-[#85])-[#7](-[#85])-[#85],EVODEX-P16345
EVODEX-N6180,[#6:1]-[#16&+:2](-[#6:3])-[#6:7]>>[#6:3]-[#7](-[#85])-[#6](-[#85])(-[#85])-[#6](-[#85])(-[#85])-[#6](-[#85])(-[#85])-[#7](-[#85])-[#6](-[#85])(-[#85])-[#6](-[#85])(-[#85])-[#6](-[#85])(-[#85])-[#6](-[#85])(-[#85])-[#7](-[#85])-[#85].[#6:1]-[#16:2]-[#6:7],EVODEX-P16347
EVODEX-N6181,[H]OP(=O)(O[H])OP(=O)(O[H])O[C:5]([C:4])([H:37])[H:38]>>[H]OC(=O)[C@@]([H])(N([H])[H])C([H])([H])C1:C([H]):N([H]):C2:C([C:5]([C:4])([H:37])[H:38]):C([H]):C([H]):C([H]):C:1:2,EVODEX-P16351
EVODEX-N6182,[H]OP(=O)(O[H])OP(=O)(O[H])O[C:5]([C:4])([H:34])[H:35]>>[H]OC1:C([H]):C([H]):C2:C(O[H]):C([H]):C([H]):C([C:5]([C:4])([H:34])[H:35]):C:2:C:1[H],EVODEX-P16356
EVODEX-N6183,>>[H]OC1:C([H]):C([H]):C2:C(O[H]):C([H]):C([H]):C:C:2:C:1[H].[H],EVODEX-P16357
EVODEX-N6184,[H][C:4]([C:2](=[C:1]([H:44])[H:45])[C:3])([C:5])[H:49]>>[H]C(=C(C([H])([H])[H])C([H])([H])[H])C([H])([H])C([H])([H])/C(=C(\[H])C([H])([H])C([H])([H])/C(=C(\[H])C([H])([H])C([H])([H])/C(=C(\[H])C([H])([H])[C:1](/[C:2]([C:3])=[C:4](/[C:5])[H:49])([H:44])[H:45])C([H])([H])[H])C([H])([H])[H])C([H])([H])[H],EVODEX-P16361
EVODEX-N6185,[H][C:18]([C:16](=[C:15]([H:53])[H:54])[C:17])([C:19])[H:58].[H][C:4]([C:2](=[C:1]([H:65])[H:66])[C:3])([C:5]([O:6])([H:72])[H:73])[H:70]>>[H]C(=C(C([H])([H])[H])C([H])([H])[H])C([H])([H])C([H])([H])/C(=C(\[H])C([H])([H])C([H])([H])/C(=C(\[H])C([H])([H])[C:1](/[C:2]([C:3])=[C:4](/[C:5]([C:15](/[C:16]([C:17])=[C:18](/[C:19])[H:58])([H:53])[H:54])([H:72])[H:73])[H:70])([H:65])[H:66])C([H])([H])[H])C([H])([H])[H].[H][O:6],EVODEX-P16365
EVODEX-N6186,[H]C([H])=C(C([H])([H])[H])C([H])([H])C([H])([H])[O:6][P:7].[H]C(=C(C([H])([H])[H])C([H])([H])[H])C([H])([H])C([H])([H])/C(=C(\[H])C([H])([H])C([H])([H])/C(=C(\[H])C([H])([H])[O:44][P:45])C([H])([H])[H])C([H])([H])[H]>>[H][O:44][P:45].[H][O:6][P:7],EVODEX-P16366
EVODEX-N6187,[#6:1]-[#16:2]-[#6:3].[#6:23](-[#6@:22])(-[#85:46])(-[#85:47])-[#17:24]>>[#6:1]-[#16&+:2](-[#6:3])-[#6:23](-[#85:46])(-[#85:47])-[#6@@:22].[#85]-[#17:24],EVODEX-P16369
EVODEX-N6188,[#6:23](-[#6@:22])(-[#85:46])(-[#85:47])-[#17]>>[#85]-[#6](-[#85])(-[#85])-[#16&+](-[#6](-[#85])(-[#85])-[#6](-[#85])(-[#85])-[#6@](-[#85])(-[#7](-[#85])-[#85])-[#6](=[#8])-[#8]-[#85])-[#6:23](-[#85:46])(-[#85:47])-[#6@@:22],EVODEX-P16370
EVODEX-N6189,[#6:1]-[#16:2]-[#6:3].[#6:23](-[#6@:22])(-[#85:46])(-[#85:47])-[#17]>>[#6:1]-[#16&+:2](-[#6:3])-[#6:23](-[#85:46])(-[#85:47])-[#6@@:22],EVODEX-P16371
EVODEX-N6190,[H]O[C@@]1([H])[C@@]([H])(O[H])[C@]([H])(N2:C([H]):N:C3:C(N([H])[H]):N:C([H]):N:C:3:2)O[C@]1([H])C([H])([H])[Cl:24]>>[H][Cl:24],EVODEX-P16373
EVODEX-N6191,[#6:1]-[#16&+:2](-[#6:3])-[#6:10](-[#85:40])(-[#85:41])-[#6@@:11].[#85]-[#17:28]>>[#85:40]-[#6:10](-[#85:41])(-[#6@@:11])-[#17:28].[#6:1]-[#16:2]-[#6:3],EVODEX-P16374
EVODEX-N6192,[#85]-[#6](-[#85])(-[#85])-[#16&+](-[#6](-[#85])(-[#85])-[#6](-[#85])(-[#85])-[#6@](-[#85])(-[#7](-[#85])-[#85])-[#6](=[#8])-[#8]-[#85])-[#6:10](-[#85:40])(-[#85:41])-[#6@@:11].[#85]-[#17:28]>>[#85:40]-[#6:10](-[#85:41])(-[#6@@:11])-[#17:28],EVODEX-P16375
EVODEX-N6193,[#85]-[#6](-[#85])(-[#85])-[#16&+](-[#6](-[#85])(-[#85])-[#6](-[#85])(-[#85])-[#6@](-[#85])(-[#7](-[#85])-[#85])-[#6](=[#8])-[#8]-[#85])-[#6:10](-[#85:40])(-[#85:41])-[#6@@:11]>>[#85:40]-[#6:10](-[#85:41])(-[#6@@:11])-[#17],EVODEX-P16376
EVODEX-N6194,[H][Cl:28]>>[H]O[C@@]1([H])[C@@]([H])(O[H])[C@]([H])(N2:C([H]):N:C3:C(N([H])[H]):N:C([H]):N:C:3:2)O[C@]1([H])C([H])([H])[Cl:28],EVODEX-P16377
EVODEX-N6195,[H]C(=C(C([H])([H])[H])C([H])([H])[H])C([H])([H])C([H])([H])/C(=C(\[H])C([H])([H])C([H])([H])/C(=C(\[H])[C@]1([H])[C@@]([H])(C([H])([H])[O:18][P:19])[C@]1(C([H])([H])[H])C([H])([H])C([H])([H])/C([H])=C(\C([H])([H])[H])C([H])([H])C([H])([H])C([H])=C(C([H])([H])[H])C([H])([H])[H])C([H])([H])[H])C([H])([H])[H]>>[H][O:18][P:19],EVODEX-P16379
EVODEX-N6196,[H][C:17]([C@:16]1([H:64])[C@:15]([C:14](=[C:12])[H:62])([H:63])[C@@:27]1([C:28])[C:29])([O:18])[H:65]>>[C:12]=[C:14](/[C:17](=[C:16]([C:15](=[C:27](/[C:28])[C:29])\[H:63])/[H:64])[H:65])[H:62].[H][O:18],EVODEX-P16380
EVODEX-N6197,[H]OP(=O)(O[H])OP(=O)(O[H])O[C:17]([H])([C@:16]1([H:64])[C@:15]([C:14](=[C:12])[H:62])([H:63])[C@@:27]1([C:28])[C:29])[H:65]>>[C:12]=[C:14](/[C:17](=[C:16]([C:15](=[C:27](/[C:28])[C:29])\[H:63])/[H:64])[H:65])[H:62],EVODEX-P16381
EVODEX-N6198,[H][C:13](:[N:12]):[C:14].[C:23][C:24]([C:25])=[C:26]([C:27]([O:28])([H:66])[H:67])[H:65]>>[N:12]:[C:13](:[C:14])[C:24]([C:23])([C:25])[C:26](=[C:27]([H:66])[H:67])[H:65].[H][O:28],"EVODEX-P16382,EVODEX-P16438"
EVODEX-N6199,[H][C:13](:[N:12]):[C:14].[H]OP(=O)(O[H])OP(=O)(O[H])O[C:27]([C:26](=[C:24]([C:23])[C:25])[H:65])([H:66])[H:67]>>[N:12]:[C:13](:[C:14])[C:24]([C:23])([C:25])[C:26](=[C:27]([H:66])[H:67])[H:65],"EVODEX-P16383,EVODEX-P16439"
EVODEX-N6200,[H]OP(=O)(O[H])OP(=O)(O[H])O[C:27]([C:26](=[C:24]([C:23])[C:25])[H:65])([H:66])[H:67]>>[H]C1:C([H]):C([H]):C2:C3:C(:C([C:24]([C:23])([C:25])[C:26](=[C:27]([H:66])[H:67])[H:65]):N:2[H])C([H])([H])[C@@]2([H])N(C([H])([H])[H])C([H])([H])[C@@]([H])(C([H])([H])[H])[C@]([H])(OC(=O)C([H])([H])[H])[C@]2([H])C:1:3,EVODEX-P16384
EVODEX-N6201,[H][C:13](:[N:12]):[C:14]>>[H]C([H])=C([H])C(C([H])([H])[H])(C([H])([H])[H])[C:13](:[N:12]):[C:14],"EVODEX-P16385,EVODEX-P16440"
EVODEX-N6202,[C:23][C:24]([C:25])=[C:26]([C:27]([O:28])([H:66])[H:67])[H:65]>>[H]C1:C([H]):C([H]):C2:C3:C(:C([C:24]([C:23])([C:25])[C:26](=[C:27]([H:66])[H:67])[H:65]):N:2[H])C([H])([H])[C@@]2([H])N(C([H])([H])[H])C([H])([H])[C@@]([H])(C([H])([H])[H])[C@]([H])(OC(=O)C([H])([H])[H])[C@]2([H])C:1:3.[H][O:28],EVODEX-P16386
EVODEX-N6203,[C:1](=[C:2]([O:3])[C:8])([H:29])[H:30].[H][O:28][H:52]>>[H]O[C@]([H])(C([H])([H])[H])[C@@]([H])(N([H])C(=O)C([H])([H])[H])[C@]1([H])O[C@@:2]([C:8])([O:28][H:52])[C:1]([H:29])([H:30])[C@]([H])(O[H])[C@@]1([H])N([H])C(=O)C([H])([H])[H].[H][O:3],EVODEX-P16388
EVODEX-N6204,[H][O:28][H:52]>>[H]OC(=O)[C@@]1([O:28][H:52])O[C@@]([H])([C@]([H])(N([H])C(=O)C([H])([H])[H])[C@]([H])(O[H])C([H])([H])[H])[C@]([H])(N([H])C(=O)C([H])([H])[H])[C@@]([H])(O[H])C1([H])[H],EVODEX-P16390
EVODEX-N6205,[H]OP(=O)(O[H])O[C:2](=[C:1]([H:29])[H:30])[C:8].[H][O:28][H:52]>>[H]O[C@]([H])(C([H])([H])[H])[C@@]([H])(N([H])C(=O)C([H])([H])[H])[C@]1([H])O[C@@:2]([C:8])([O:28][H:52])[C:1]([H:29])([H:30])[C@]([H])(O[H])[C@@]1([H])N([H])C(=O)C([H])([H])[H],EVODEX-P16392
EVODEX-N6206,[H]OP(=O)(O[H])O[C:2](=[C:1]([H:29])[H:30])[C:8]>>[H]O[C@]([H])(C([H])([H])[H])[C@@]([H])(N([H])C(=O)C([H])([H])[H])[C@]1([H])O[C@:2](O[H])([C:8])[C:1]([H:29])([H:30])[C@]([H])(O[H])[C@@]1([H])N([H])C(=O)C([H])([H])[H],EVODEX-P16394
EVODEX-N6207,[C:1](=[C:2]([O:3])[C:8])([H:29])[H:30]>>[H]O[C@]([H])(C([H])([H])[H])[C@@]([H])(N([H])C(=O)C([H])([H])[H])[C@]1([H])O[C@:2](O[H])([C:8])[C:1]([H:29])([H:30])[C@]([H])(O[H])[C@@]1([H])N([H])C(=O)C([H])([H])[H].[H][O:3],EVODEX-P16397
EVODEX-N6208,[H]OP(=O)(O[H])OP(=O)(O[H])O[C:10]([C:9])([H:51])[H:52]>>[H]OC(=O)C1:C(O[H]):C([C:10]([C:9])([H:51])[H:52]):C(O[H]):C([H]):C:1C([H])([H])C([H])([H])C([H])([H])C([H])([H])C([H])([H])[H],EVODEX-P16401
EVODEX-N6209,>>[H]OC(=O)C1:C(O[H]):C:C(O[H]):C([H]):C:1C([H])([H])C([H])([H])C([H])([H])C([H])([H])C([H])([H])[H].[H],EVODEX-P16402
EVODEX-N6210,[#85]-[#6](-[#85])(-[#85])-[#16&+](-[#6:3](-[#85:35])(-[#85:36])-[#6:4])-[#6](-[#85])(-[#85])-[#6@@]1(-[#85])-[#8]-[#6@@](-[#85])(-[#7]2:[#6](-[#85]):[#7]:[#6]3:[#6](-[#7](-[#85])-[#85]):[#7]:[#6](-[#85]):[#7]:[#6]:2:3)-[#6@](-[#85])(-[#8]-[#85])-[#6@]-1(-[#85])-[#8]-[#85]>>[#85:35]-[#6:3](-[#85:36])(-[#6:4])-[#7](-[#85])-[#6](-[#85])(-[#85])-[#6](-[#85])(-[#85])-[#6](-[#85])(-[#85])-[#6](-[#85])(-[#85])-[#6](-[#85])(-[#85])-[#7](-[#85])-[#85],EVODEX-P16405
EVODEX-N6211,[#6:1]-[#16&+:2](-[#6:3])-[#6:7]>>[#6:3]-[#7](-[#85])-[#6](-[#85])(-[#85])-[#6](-[#85])(-[#85])-[#6](-[#85])(-[#85])-[#6](-[#85])(-[#85])-[#6](-[#85])(-[#85])-[#7](-[#85])-[#85].[#6:1]-[#16:2]-[#6:7],EVODEX-P16407
EVODEX-N6212,[#85]-[#6](-[#85])(-[#85])-[#16&+](-[#6:3](-[#85:37])(-[#85:38])-[#6:4])-[#6](-[#85])(-[#85])-[#6@@]1(-[#85])-[#8]-[#6@@](-[#85])(-[#7]2:[#6](-[#85]):[#7]:[#6]3:[#6](-[#7](-[#85])-[#85]):[#7]:[#6](-[#85]):[#7]:[#6]:2:3)-[#6@](-[#85])(-[#8]-[#85])-[#6@]-1(-[#85])-[#8]-[#85]>>[#85:37]-[#6:3](-[#85:38])(-[#6:4])-[#7](-[#85])-[#6](-[#85])(-[#85])-[#6](-[#85])(-[#85])-[#6](-[#85])(-[#85])-[#6](-[#85])(-[#85])-[#7](-[#85])-[#6](=[#7]-[#85])-[#7](-[#85])-[#85],EVODEX-P16410
EVODEX-N6213,[#6:1]-[#16&+:2](-[#6:3])-[#6:7]>>[#6:3]-[#7](-[#85])-[#6](-[#85])(-[#85])-[#6](-[#85])(-[#85])-[#6](-[#85])(-[#85])-[#6](-[#85])(-[#85])-[#7](-[#85])-[#6](=[#7]-[#85])-[#7](-[#85])-[#85].[#6:1]-[#16:2]-[#6:7],EVODEX-P16412
EVODEX-N6214,[H]OP(=O)(O[H])OP(=O)(O[H])O[C:11]([C:10])([H:62])[H:63]>>[H]O[C@@]1([H])[C@@]([H])(O[H])[C@]([H])(C2:C([H]):C([H]):C(N([H])[C:11]([C:10])([H:62])[H:63]):C([H]):C:2[H])O[C@]1([H])C([H])([H])OP(=O)(O[H])O[H],EVODEX-P16415
EVODEX-N6215,>>[H]NC1:C([H]):C([H]):C([C@]2([H])O[C@]([H])(C([H])([H])OP(=O)(O[H])O[H])[C@@]([H])(O[H])[C@@]2([H])O[H]):C([H]):C:1[H].[H],EVODEX-P16417
EVODEX-N6216,[H]OP(=O)(O[H])OP(=O)(O[H])O[C:11]([C:10])([H:59])[H:60]>>[H]OC([H])([H])[C@@]([H])(O[H])[C@@]([H])(O[H])[C@@]([H])(O[H])C([H])([H])C1:C([H]):C([H]):C(N([H])[C:11]([C:10])([H:59])[H:60]):C([H]):C:1[H],EVODEX-P16420
EVODEX-N6217,>>[H]NC1:C([H]):C([H]):C(C([H])([H])[C@]([H])(O[H])[C@]([H])(O[H])[C@]([H])(O[H])C([H])([H])O[H]):C([H]):C:1[H].[H],EVODEX-P16422
EVODEX-N6218,[C:4][C:5]([O:6])([H:43])[H:44].[H][C:21](:[C:20]):[N:22]>>[C:4][C:5]([C:21](:[C:20]):[N:22])([H:43])[H:44].[H][O:6],EVODEX-P16423
EVODEX-N6219,[H]OP(=O)(O[H])OP(=O)(O[H])O[C:5]([C:4])([H:43])[H:44].[H][C:21](:[C:20]):[N:22]>>[C:4][C:5]([C:21](:[C:20]):[N:22])([H:43])[H:44],EVODEX-P16424
EVODEX-N6220,[H][C:21](:[C:20]):[N:22]>>[H]C(=C(C([H])([H])[H])C([H])([H])[H])C([H])([H])[C:21](:[C:20]):[N:22],EVODEX-P16425
EVODEX-N6221,[H]OP(=O)(O[H])OP(=O)(O[H])O[C:5]([C:4])([H:43])[H:44]>>[H]C1:C([H]):C([H]):C2:C(:C:1[H]):C(C([H])([H])[C@@]1([H])C(=O)N3C([H])([H])C([H])([H])C([H])([H])[C@@]3([H])C(=O)N1[H]):C([C:5]([C:4])([H:43])[H:44]):N:2[H],EVODEX-P16426
EVODEX-N6222,>>[H]C1:C([H]):C([H]):C2:C(:C(C([H])([H])[C@@]3([H])C(=O)N4C([H])([H])C([H])([H])C([H])([H])[C@@]4([H])C(=O)N3[H]):C:N:2[H]):C:1[H].[H],EVODEX-P16427
EVODEX-N6223,[H]OP(=O)(O[H])OP(=O)(O[H])O[C:5]([C:4])([H:65])[H:66]>>[H]C1:C([H]):C2:C(:C([C:5]([C:4])([H:65])[H:66]):C:1[H])C([H])(C([H])([H])[C@@]1([H])C(=O)N3C([H])([H])C([H])([H])C([H])([H])[C@@]3([H])C(=O)N1[H])C([H])(C([H])([H])[H])N2[H],EVODEX-P16430
EVODEX-N6224,>>[H]C1:C:C2:C(:C([H]):C:1[H])N([H])C([H])(C([H])([H])[H])C2([H])C([H])([H])[C@@]1([H])C(=O)N2C([H])([H])C([H])([H])C([H])([H])[C@@]2([H])C(=O)N1[H].[H],EVODEX-P16432
EVODEX-N6225,[H]OP(=O)(O[H])OP(=O)(O[H])O[C:5]([C:4])([H:92])[H:93]>>[H]O[C@]12C(=O)N3C([H])([H])C([H])([H])C([H])([H])[C@@]3([H])C(=O)N1[C@]1([H])C3:C(:C4:C([H]):C([H]):C(OC([H])([H])[H]):C([H]):C:4:N:3[C@]([H])(C([H])=C(C([H])([H])[H])C([H])([H])[H])OOC(C([H])([H])[H])(C([H])([H])[H])C1([H])[H])[C@]2([H])O[C:5]([C:4])([H:92])[H:93],EVODEX-P16435
EVODEX-N6226,[H][O:51][C:50]>>[H]C(=C(C([H])([H])[H])C([H])([H])[H])C([H])([H])[O:51][C:50],"EVODEX-P16436,EVODEX-P16500"
EVODEX-N6227,>>[H]O[C@]12C(=O)N3C([H])([H])C([H])([H])C([H])([H])[C@@]3([H])C(=O)N1[C@]1([H])C3:C(:C4:C([H]):C([H]):C(OC([H])([H])[H]):C([H]):C:4:N:3[C@]([H])(C([H])=C(C([H])([H])[H])C([H])([H])[H])OOC(C([H])([H])[H])(C([H])([H])[H])C1([H])[H])[C@]2([H])O.[H],EVODEX-P16437
EVODEX-N6228,[H]OP(=O)(O[H])OP(=O)(O[H])O[C:5]([C:4](=[C:2]([C:1])[C:3])[H:42])([H:43])[H:44]>>[H]C1:C([H]):C([H]):C2:C(:C:1[H]):C(C([H])([H])[C@@]1([H])C(=O)N3C([H])([H])C([H])([H])C([H])([H])[C@@]3([H])C(=O)N1[H]):C([C:2]([C:1])([C:3])[C:4](=[C:5]([H:43])[H:44])[H:42]):N:2[H],EVODEX-P16441
EVODEX-N6229,[C:1][C:2]([C:3])=[C:4]([C:5]([O:6])([H:43])[H:44])[H:42]>>[H]C1:C([H]):C([H]):C2:C(:C:1[H]):C(C([H])([H])[C@@]1([H])C(=O)N3C([H])([H])C([H])([H])C([H])([H])[C@@]3([H])C(=O)N1[H]):C([C:2]([C:1])([C:3])[C:4](=[C:5]([H:43])[H:44])[H:42]):N:2[H].[H][O:6],EVODEX-P16442
EVODEX-N6230,[H]OP(=O)(O[H])OP(=O)(O[H])O[C:5]([C:4])([H:50])[H:51]>>[H]C1:C([H]):C([H]):C2:C(:C:1[H]):C(C([H])([H])[C@@]1([H])C(=O)N([H])[C@@]([H])(C([H])([H])C3:C([H]):N([H]):C4:C([C:5]([C:4])([H:50])[H:51]):C([H]):C([H]):C([H]):C:3:4)C(=O)N1[H]):C([H]):N:2[H],EVODEX-P16446
EVODEX-N6231,>>[H]C1:C:C2:C(:C([H]):C:1[H]):C(C([H])([H])[C@@]1([H])C(=O)N([H])[C@@]([H])(C([H])([H])C3:C([H]):N([H]):C4:C([H]):C([H]):C([H]):C([H]):C:3:4)C(=O)N1[H]):C([H]):N:2[H].[H],EVODEX-P16447
EVODEX-N6232,[H]OP(=O)(O[H])OP(=O)(O[H])O[C:5]([C:4])([H:77])[H:78]>>[H]O[C@@]1([H])C2:C(:N([C:5]([C:4])([H:77])[H:78]):C3:C([H]):C(OC([H])([H])[H]):C([H]):C([H]):C:2:3)[C@]([H])(C([H])=C(C([H])([H])[H])C([H])([H])[H])N2C(=O)[C@@]3([H])N(C(=O)[C@@]21O[H])C([H])([H])C([H])([H])C3([H])[H],EVODEX-P16450
EVODEX-N6233,[H][N:23](:[C:22]):[C:24]>>[H]C(=C(C([H])([H])[H])C([H])([H])[H])C([H])([H])[N:23](:[C:22]):[C:24],EVODEX-P16451
EVODEX-N6234,[H]OP(=O)(O[H])OP(=O)(O[H])O[C:5]([C:4])([H:35])[H:36]>>[H]OC(=O)C(=O)C([H])([H])C1:C([H]):C([H]):C(O[H]):C([C:5]([C:4])([H:35])[H:36]):C:1[H],EVODEX-P16456
EVODEX-N6235,>>[H]OC(=O)C(=O)C([H])([H])C1:C([H]):C:C(O[H]):C([H]):C:1[H].[H],EVODEX-P16457
EVODEX-N6236,[H]OP(=O)(O[H])OP(=O)(O[H])O[C:5]([C:4])([H:54])[H:55]>>[H]OC1:C([H]):C([H]):C(C2:O:C3:C([H]):C(OC([H])([H])[H]):C([H]):C([H]):C:3:C(=O):C:2[H]):C([H]):C:1[C:5]([C:4])([H:54])[H:55],EVODEX-P16460
EVODEX-N6237,>>[H]OC1:C:C([H]):C(C2:O:C3:C([H]):C(OC([H])([H])[H]):C([H]):C([H]):C:3:C(=O):C:2[H]):C([H]):C:1[H].[H],EVODEX-P16462
EVODEX-N6238,[H]OP(=O)(O[H])OP(=O)(O[H])O[C:5]([C:4])([H:49])[H:50]>>[H]O[C@@]1([H])[C@@]([H])(O[H])[C@]([H])(N2:C([H]):N:C3:C(N([H])[C:5]([C:4])([H:49])[H:50]):N:C([H]):N:C:3:2)O[C@]1([H])C([H])([H])OP(=O)(O[H])OP(=O)(O[H])O[H],EVODEX-P16466
EVODEX-N6239,[H]OP(=O)(O[H])OP(=O)(O[H])O[C:45]([C:44])([H:138])[H:139]>>[H]OC(=O)C([H])([H])C1:C([H]):C(O[H]):C([H]):C([C:45]([C:44])([H:138])[H:139]):C:1O[H],"EVODEX-P16471,EVODEX-P16476"
EVODEX-N6240,>>[H]OC(=O)C([H])([H])C1:C(O[H]):C:C([H]):C(O[H]):C:1[H].[H],"EVODEX-P16472,EVODEX-P16477"
EVODEX-N6241,[O:4][C:5]([C:6])([H:20])[H:21].[H][N:15](:[C:14]):[O:16]>>[C:5]([C:6])([N:15](:[C:14]):[O:16])([H:20])[H:21].[H][O:4],EVODEX-P16478
EVODEX-N6242,[H]C([H])([H])C(=O)O[C:5]([C:6])([H:20])[H:21].[H][N:15](:[C:14]):[O:16]>>[C:5]([C:6])([N:15](:[C:14]):[O:16])([H:20])[H:21],EVODEX-P16479
EVODEX-N6243,[H][N:15](:[C:14]):[O:16]>>[H]OC(=O)[C@@]([H])(N([H])[H])C([H])([H])[N:15](:[C:14]):[O:16],EVODEX-P16480
EVODEX-N6244,[H]C([H])([H])C(=O)O[C:5]([C:6])([H:20])[H:21]>>[H]C1:C([H]):N([C:5]([C:6])([H:20])[H:21]):O:C:1=O,EVODEX-P16481
EVODEX-N6245,[O:4][C:5]([C:6])([H:20])[H:21].[H][C:13]([C:12])([C:14])[H:26]>>[C:5]([C:6])([C:13]([C:12])([C:14])[H:26])([H:20])[H:21].[H][O:4],EVODEX-P16483
EVODEX-N6246,[H]C([H])([H])C(=O)O[C:5]([C:6])([H:20])[H:21].[H][C:13]([C:12])([C:14])[H:26]>>[C:5]([C:6])([C:13]([C:12])([C:14])[H:26])([H:20])[H:21],EVODEX-P16484
EVODEX-N6247,[H][C:13]([C:12])([C:14])[H:26]>>[H]OC(=O)[C@@]([H])(N([H])[H])C([H])([H])[C:13]([C:12])([C:14])[H:26],EVODEX-P16485
EVODEX-N6248,[H]C([H])([H])C(=O)O[C:5]([C:6])([H:20])[H:21]>>[H]C1=NOC(=O)C1([H])[C:5]([C:6])([H:20])[H:21],EVODEX-P16486
EVODEX-N6249,>>[H]C1C(=O)ON=C1[H].[H],EVODEX-P16487
EVODEX-N6250,[H]C([H])([H])C(=O)O[C:5]([C:6])([H:20])[H:21].[H][C:13](:[C:12]):[C:14]>>[C:5]([C:6])([C:13](:[C:12]):[C:14])([H:20])[H:21],EVODEX-P16489
EVODEX-N6251,[H][C:13](:[C:12]):[C:14]>>[H]OC(=O)[C@@]([H])(N([H])[H])C([H])([H])[C:13](:[C:12]):[C:14],"EVODEX-P16490,EVODEX-P30319,EVODEX-P30324,EVODEX-P30329,EVODEX-P30385"
EVODEX-N6252,[H]C([H])([H])C(=O)O[C:5]([C:6])([H:20])[H:21]>>[H]C1:C([C:5]([C:6])([H:20])[H:21]):C(=O):O:N:1[H],EVODEX-P16491
EVODEX-N6253,>>[H]C1:C:C(=O):O:N:1[H].[H],EVODEX-P16492
EVODEX-N6254,[H]OP(=O)(O[H])OP(=O)(O[H])O[C:5]([C:4])([H:39])[H:40]>>[H]OC(=O)C1:C([H]):C([H]):C([H]):C2:C:1N([H])C1:C(:C([H]):C([H]):C([H]):C:1[C:5]([C:4])([H:39])[H:40])N2[H],EVODEX-P16496
EVODEX-N6255,>>[H]OC(=O)C1:C([H]):C([H]):C([H]):C2:C:1N([H])C1:C:C([H]):C([H]):C([H]):C:1N2[H].[H],EVODEX-P16497
EVODEX-N6256,[H]OP(=O)(O[H])OP(=O)(O[H])O[C:5]([C:4])([H:35])[H:36]>>[H]OC(=O)[C@@]([H])(N([H])[H])C([H])([H])C1:C([H]):C([H]):C(O[C:5]([C:4])([H:35])[H:36]):C([H]):C:1[H],EVODEX-P16501
EVODEX-N6257,[C:6]/[C:7]([C:8])=[C:9](/[C:10]([O:11])([H:50])[H:51])[H:49].[H][C:22]([C:21])=[C:23]>>[C:6][C:7]([C:8])([C:9](=[C:10]([H:50])[H:51])[H:49])[C:22]([C:21])=[C:23].[H][O:11],EVODEX-P16503
EVODEX-N6258,[H]OP(=O)(O[H])OP(=O)(O[H])O[C:10](/[C:9](=[C:7](/[C:6])[C:8])[H:49])([H:50])[H:51].[H][C:22]([C:21])=[C:23]>>[C:6][C:7]([C:8])([C:9](=[C:10]([H:50])[H:51])[H:49])[C:22]([C:21])=[C:23],EVODEX-P16504
EVODEX-N6259,[H][C:22]([C:21])=[C:23]>>[H]C([H])=C([H])C(C([H])([H])[H])(C([H])([H])C([H])([H])C([H])=C(C([H])([H])[H])C([H])([H])[H])[C:22]([C:21])=[C:23],EVODEX-P16505
EVODEX-N6260,[H]OP(=O)(O[H])OP(=O)(O[H])O[C:10](/[C:9](=[C:7](/[C:6])[C:8])[H:49])([H:50])[H:51]>>[H]OC1=C([C:7]([C:6])([C:8])[C:9](=[C:10]([H:50])[H:51])[H:49])C(=O)C(=O)C2:C([H]):C(O[H]):C([H]):C(O[H]):C:21,EVODEX-P16506
EVODEX-N6261,[C:6]/[C:7]([C:8])=[C:9](/[C:10]([O:11])([H:50])[H:51])[H:49]>>[H]OC1=C([C:7]([C:6])([C:8])[C:9](=[C:10]([H:50])[H:51])[H:49])C(=O)C(=O)C2:C([H]):C(O[H]):C([H]):C(O[H]):C:21.[H][O:11],EVODEX-P16507
EVODEX-N6262,[C:6]/[C:7]([C:8])=[C:9](/[C:10]([O:11])([H:52])[H:53])[H:51].[H][C:30](:[C:28]):[C:31]>>[C:6][C:7]([C:8])([C:9](=[C:10]([H:52])[H:53])[H:51])[C:30](:[C:28]):[C:31].[H][O:11],"EVODEX-P16508,EVODEX-P16513"
EVODEX-N6263,[H]OP(=O)(O[H])OP(=O)(O[H])O[C:10](/[C:9](=[C:7](/[C:6])[C:8])[H:51])([H:52])[H:53].[H][C:30](:[C:28]):[C:31]>>[C:6][C:7]([C:8])([C:9](=[C:10]([H:52])[H:53])[H:51])[C:30](:[C:28]):[C:31],"EVODEX-P16509,EVODEX-P16514"
EVODEX-N6264,[H][C:30](:[C:28]):[C:31]>>[H]C([H])=C([H])C(C([H])([H])[H])(C([H])([H])C([H])([H])C([H])=C(C([H])([H])[H])C([H])([H])[H])[C:30](:[C:28]):[C:31],"EVODEX-P16510,EVODEX-P16515"
EVODEX-N6265,[H]OP(=O)(O[H])OP(=O)(O[H])O[C:10](/[C:9](=[C:7](/[C:6])[C:8])[H:51])([H:52])[H:53]>>[H]OC1:C([H]):C2:C(:C(O[H]):C:1[C:7]([C:6])([C:8])[C:9](=[C:10]([H:52])[H:53])[H:51])C(=O)C(C([H])([H])[H])=C(OC([H])([H])[H])C2=O,EVODEX-P16511
EVODEX-N6266,[C:6]/[C:7]([C:8])=[C:9](/[C:10]([O:11])([H:52])[H:53])[H:51]>>[H]OC1:C([H]):C2:C(:C(O[H]):C:1[C:7]([C:6])([C:8])[C:9](=[C:10]([H:52])[H:53])[H:51])C(=O)C(C([H])([H])[H])=C(OC([H])([H])[H])C2=O.[H][O:11],EVODEX-P16512
EVODEX-N6267,[H]OP(=O)(O[H])OP(=O)(O[H])O[C:10](/[C:9](=[C:7](/[C:6])[C:8])[H:49])([H:50])[H:51]>>[H]OC1=C([H])C(=O)C(=O)C2:C([H]):C(O[H]):C([C:7]([C:6])([C:8])[C:9](=[C:10]([H:50])[H:51])[H:49]):C(O[H]):C:21,EVODEX-P16516
EVODEX-N6268,[C:6]/[C:7]([C:8])=[C:9](/[C:10]([O:11])([H:50])[H:51])[H:49]>>[H]OC1=C([H])C(=O)C(=O)C2:C([H]):C(O[H]):C([C:7]([C:6])([C:8])[C:9](=[C:10]([H:50])[H:51])[H:49]):C(O[H]):C:21.[H][O:11],EVODEX-P16517
EVODEX-N6269,[H][O:32][C:31]>>[H]C(=C(C([H])([H])[H])C([H])([H])[H])C([H])([H])C([H])([H])/C(=C(\[H])C([H])([H])[O:32][C:31])C([H])([H])[H],EVODEX-P16520
EVODEX-N6270,[H]OP(=O)(O[H])OP(=O)(O[H])O[C:10]([C:9])([H:52])[H:53]>>[H]OC1:C([H]):C(O[C:10]([C:9])([H:52])[H:53]):C([H]):C2:C:1C(=O)C(C([H])([H])[H])=C(OC([H])([H])[H])C2=O,EVODEX-P16521
EVODEX-N6271,>>[H]OC1:C([H]):C(O):C([H]):C2:C:1C(=O)C(C([H])([H])[H])=C(OC([H])([H])[H])C2=O.[H],EVODEX-P16522
EVODEX-N6272,[#85]-[#6](-[#85])(-[#85])-[#16&+](-[#6:3](-[#85:45])(-[#85:46])-[#6:4])-[#6](-[#85])(-[#85])-[#6@@]1(-[#85])-[#8]-[#6@@](-[#85])(-[#7]2:[#6](-[#85]):[#7]:[#6]3:[#6](-[#7](-[#85])-[#85]):[#7]:[#6](-[#85]):[#7]:[#6]:2:3)-[#6@](-[#85])(-[#8]-[#85])-[#6@]-1(-[#85])-[#8]-[#85]>>[#85:45]-[#6:3](-[#85:46])(-[#6:4])-[#7](-[#85])-[#6](-[#85])(-[#85])-[#6](-[#85])(-[#85])-[#6](-[#85])(-[#85])-[#7](-[#85])-[#6](-[#85])(-[#85])-[#6](-[#85])(-[#85])-[#6](-[#85])(-[#85])-[#7](-[#85])-[#6](-[#85])(-[#85])-[#6](-[#85])(-[#85])-[#6](-[#85])(-[#85])-[#7](-[#85])-[#6](-[#85])(-[#85])-[#6](-[#85])(-[#85])-[#6](-[#85])(-[#85])-[#7](-[#85])-[#85],EVODEX-P16525
EVODEX-N6273,[#6:1]-[#16&+:2](-[#6:3])-[#6:7]>>[#6:3]-[#7](-[#85])-[#6](-[#85])(-[#85])-[#6](-[#85])(-[#85])-[#6](-[#85])(-[#85])-[#7](-[#85])-[#6](-[#85])(-[#85])-[#6](-[#85])(-[#85])-[#6](-[#85])(-[#85])-[#7](-[#85])-[#6](-[#85])(-[#85])-[#6](-[#85])(-[#85])-[#6](-[#85])(-[#85])-[#7](-[#85])-[#6](-[#85])(-[#85])-[#6](-[#85])(-[#85])-[#6](-[#85])(-[#85])-[#7](-[#85])-[#85].[#6:1]-[#16:2]-[#6:7],EVODEX-P16527
EVODEX-N6274,[#85]-[#6](-[#85])(-[#85])-[#16&+](-[#6:3](-[#85:37])(-[#85:38])-[#6:4])-[#6](-[#85])(-[#85])-[#6@@]1(-[#85])-[#8]-[#6@@](-[#85])(-[#7]2:[#6](-[#85]):[#7]:[#6]3:[#6](-[#7](-[#85])-[#85]):[#7]:[#6](-[#85]):[#7]:[#6]:2:3)-[#6@](-[#85])(-[#8]-[#85])-[#6@]-1(-[#85])-[#8]-[#85]>>[#85:37]-[#6:3](-[#85:38])(-[#6:4])-[#7](-[#85])-[#6](-[#85])(-[#85])-[#6](-[#85])(-[#85])-[#6](-[#85])(-[#85])-[#7](-[#85])-[#6](-[#85])(-[#85])-[#6](-[#85])(-[#85])-[#6](-[#85])(-[#85])-[#7](-[#85])-[#85],EVODEX-P16530
EVODEX-N6275,[#6:1]-[#16&+:2](-[#6:3])-[#6:7]>>[#6:3]-[#7](-[#85])-[#6](-[#85])(-[#85])-[#6](-[#85])(-[#85])-[#6](-[#85])(-[#85])-[#7](-[#85])-[#6](-[#85])(-[#85])-[#6](-[#85])(-[#85])-[#6](-[#85])(-[#85])-[#7](-[#85])-[#85].[#6:1]-[#16:2]-[#6:7],EVODEX-P16532
EVODEX-N6276,[#6:1]-[#16&+:2](-[#6:3])-[#6:7](-[#85:54])(-[#85:55])-[#6@@:8].[#6:28]-[#7:29](-[#85])-[#6:30]>>[#85:54]-[#6:7](-[#85:55])(-[#6@@:8])-[#7:29](-[#6:28])-[#6:30].[#6:1]-[#16:2]-[#6:3],EVODEX-P16533
EVODEX-N6277,[#85]-[#6](-[#85])(-[#85])-[#16&+](-[#6](-[#85])(-[#85])-[#6](-[#85])(-[#85])-[#6](-[#85])(-[#85])-[#7](-[#85])-[#85])-[#6:7](-[#85:54])(-[#85:55])-[#6@@:8].[#6:28]-[#7:29](-[#85])-[#6:30]>>[#85:54]-[#6:7](-[#85:55])(-[#6@@:8])-[#7:29](-[#6:28])-[#6:30],EVODEX-P16535
EVODEX-N6278,[#85]-[#6](-[#85])(-[#85])-[#16&+](-[#6](-[#85])(-[#85])-[#6](-[#85])(-[#85])-[#6](-[#85])(-[#85])-[#7](-[#85])-[#85])-[#6:7](-[#85:54])(-[#85:55])-[#6@@:8]>>[#85:54]-[#6:7](-[#85:55])(-[#6@@:8])-[#7](-[#6](-[#85])(-[#85])-[#6](-[#85])(-[#85])-[#6](-[#85])(-[#85])-[#7](-[#85])-[#85])-[#6](-[#85])(-[#85])-[#6](-[#85])(-[#85])-[#6](-[#85])(-[#85])-[#6](-[#85])(-[#85])-[#7](-[#6](-[#85])(-[#85])-[#6](-[#85])(-[#85])-[#6](-[#85])(-[#85])-[#7](-[#85])-[#85])-[#6](-[#85])(-[#85])-[#6](-[#85])(-[#85])-[#6](-[#85])(-[#85])-[#7](-[#85])-[#85],EVODEX-P16536
EVODEX-N6279,[H][N:29]([C:28])[C:30]>>[H]O[C@@]1([H])[C@@]([H])(O[H])[C@]([H])(N2:C([H]):N:C3:C(N([H])[H]):N:C([H]):N:C:3:2)O[C@]1([H])C([H])([H])[N:29]([C:28])[C:30],EVODEX-P16537
EVODEX-N6280,[#6:1]-[#16&+:2](-[#6:3])-[#6:7]>>[#6:7]-[#7](-[#6](-[#85])(-[#85])-[#6](-[#85])(-[#85])-[#6](-[#85])(-[#85])-[#7](-[#85])-[#85])-[#6](-[#85])(-[#85])-[#6](-[#85])(-[#85])-[#6](-[#85])(-[#85])-[#6](-[#85])(-[#85])-[#7](-[#6](-[#85])(-[#85])-[#6](-[#85])(-[#85])-[#6](-[#85])(-[#85])-[#7](-[#85])-[#85])-[#6](-[#85])(-[#85])-[#6](-[#85])(-[#85])-[#6](-[#85])(-[#85])-[#7](-[#85])-[#85].[#6:1]-[#16:2]-[#6:3],EVODEX-P16538
EVODEX-N6281,[#85]-[#6](-[#85])(-[#85])-[#16&+](-[#6](-[#85])(-[#85])-[#6](-[#85])(-[#85])-[#6](-[#85])(-[#85])-[#7](-[#85])-[#85])-[#6:7](-[#85:54])(-[#85:55])-[#6@@:8].[#6:41]-[#7:42](-[#85:97])-[#85]>>[#85:54]-[#6:7](-[#85:55])(-[#6@@:8])-[#7:42](-[#85:97])-[#6:41],EVODEX-P16540
EVODEX-N6282,[#85]-[#6](-[#85])(-[#85])-[#16&+](-[#6](-[#85])(-[#85])-[#6](-[#85])(-[#85])-[#6](-[#85])(-[#85])-[#7](-[#85])-[#85])-[#6:7](-[#85:54])(-[#85:55])-[#6@@:8]>>[#85:54]-[#6:7](-[#85:55])(-[#6@@:8])-[#7](-[#85])-[#6](-[#85])(-[#85])-[#6](-[#85])(-[#85])-[#6](-[#85])(-[#85])-[#7](-[#85])-[#6](-[#85])(-[#85])-[#6](-[#85])(-[#85])-[#6](-[#85])(-[#85])-[#7](-[#85])-[#6](-[#85])(-[#85])-[#6](-[#85])(-[#85])-[#6](-[#85])(-[#85])-[#6](-[#85])(-[#85])-[#7](-[#85])-[#6](-[#85])(-[#85])-[#6](-[#85])(-[#85])-[#6](-[#85])(-[#85])-[#7](-[#85])-[#85],EVODEX-P16541
EVODEX-N6283,[H][N:42]([C:41])[H:97]>>[H]O[C@@]1([H])[C@@]([H])(O[H])[C@]([H])(N2:C([H]):N:C3:C(N([H])[H]):N:C([H]):N:C:3:2)O[C@]1([H])C([H])([H])[N:42]([C:41])[H:97],EVODEX-P16542
EVODEX-N6284,[#6:1]-[#16&+:2](-[#6:3])-[#6:7]>>[#6:7]-[#7](-[#85])-[#6](-[#85])(-[#85])-[#6](-[#85])(-[#85])-[#6](-[#85])(-[#85])-[#7](-[#85])-[#6](-[#85])(-[#85])-[#6](-[#85])(-[#85])-[#6](-[#85])(-[#85])-[#7](-[#85])-[#6](-[#85])(-[#85])-[#6](-[#85])(-[#85])-[#6](-[#85])(-[#85])-[#6](-[#85])(-[#85])-[#7](-[#85])-[#6](-[#85])(-[#85])-[#6](-[#85])(-[#85])-[#6](-[#85])(-[#85])-[#7](-[#85])-[#85].[#6:1]-[#16:2]-[#6:3],EVODEX-P16543
EVODEX-N6285,[H]/C(=C(/C([H])([H])[H])C([H])([H])C([H])([H])C([H])([H])[C@]([H])(C([H])([H])[H])C([H])([H])C([H])([H])C([H])([H])[C@]([H])(C([H])([H])[H])C([H])([H])C([H])([H])C([H])([H])C([H])(C([H])([H])[H])C([H])([H])[H])C([H])([H])[O:5][P:6]>>[H][O:5][P:6],EVODEX-P16545
EVODEX-N6286,[H]OP(=O)(O[H])OP(=O)(O[H])O[C:4]([C:3])([H:49])[H:50].[H]OC(=O)[C:33](=[C:34])[C:43]>>[C:3][C:4]([C:33](=[C:34])[C:43])([H:49])[H:50],EVODEX-P16547
EVODEX-N6287,[C:3][C:4]([O:5])([H:49])[H:50].[H][O:32][C:31](=[O:30])[C:33](=[C:34])[C:43]>>[C:3][C:4]([C:33](=[C:34])[C:43])([H:49])[H:50].[O:30]=[C:31]=[O:32].[H][O:5],EVODEX-P16548
EVODEX-N6288,[H]OP(=O)(O[H])OP(=O)(O[H])O[C:4]([C:3])([H:49])[H:50].[H][O:32][C:31](=[O:30])[C:33](=[C:34])[C:43]>>[C:3][C:4]([C:33](=[C:34])[C:43])([H:49])[H:50].[O:30]=[C:31]=[O:32],EVODEX-P16549
EVODEX-N6289,[C:3][C:4]([O:5])([H:49])[H:50].[H]OC(=O)[C:33](=[C:34])[C:43]>>[C:3][C:4]([C:33](=[C:34])[C:43])([H:49])[H:50].[H][O:5],EVODEX-P16550
EVODEX-N6290,[H]/C(=C(/C([H])([H])[H])C([H])([H])C([H])([H])C([H])([H])[C@]([H])(C([H])([H])[H])C([H])([H])C([H])([H])C([H])([H])[C@]([H])(C([H])([H])[H])C([H])([H])C([H])([H])C([H])([H])C([H])(C([H])([H])[H])C([H])([H])[H])C([H])([H])[O:5][P:6].[H]C1=C([C:31](=[O:30])[O:32][H])C(=O)C2:C([H]):C([H]):C([H]):C([H]):C:2C1=O>>[O:30]=[C:31]=[O:32].[H][O:5][P:6],EVODEX-P16551
EVODEX-N6291,[H]OC(=O)[C:33](=[C:34])[C:43]>>[H]/C(=C(/C([H])([H])[H])C([H])([H])C([H])([H])C([H])([H])[C@]([H])(C([H])([H])[H])C([H])([H])C([H])([H])C([H])([H])[C@]([H])(C([H])([H])[H])C([H])([H])C([H])([H])C([H])([H])C([H])(C([H])([H])[H])C([H])([H])[H])C([H])([H])[C:33](=[C:34])[C:43],EVODEX-P16552
EVODEX-N6292,[H][O:32][C:31](=[O:30])[C:33]>>[H]/C(=C(/C([H])([H])[H])C([H])([H])C([H])([H])C([H])([H])[C@]([H])(C([H])([H])[H])C([H])([H])C([H])([H])C([H])([H])[C@]([H])(C([H])([H])[H])C([H])([H])C([H])([H])C([H])([H])C([H])(C([H])([H])[H])C([H])([H])[H])C([H])([H])[C:33].[O:30]=[C:31]=[O:32],EVODEX-P16553
EVODEX-N6293,[C:1](=[C:2]([O:3])[C:8])([H:28])[H:29].[H][O:11][H:46]>>[H]O[C@@]([H])([C@]1([H])O[C@@:2]([C:8])([O:11][H:46])[C:1]([H:28])([H:29])[C@]([H])(O[H])[C@@]1([H])O[H])[C@]([H])(O[H])C([H])([H])OP(=O)(O[H])O[H].[H][O:3],EVODEX-P16555
EVODEX-N6294,[H][O:11][H:46]>>[H]OC(=O)[C@@]1([O:11][H:46])O[C@@]([H])([C@]([H])(O[H])[C@]([H])(O[H])C([H])([H])OP(=O)(O[H])O[H])[C@]([H])(O[H])[C@@]([H])(O[H])C1([H])[H],EVODEX-P16557
EVODEX-N6295,[H]OP(=O)(O[H])O[C:2](=[C:1]([H:28])[H:29])[C:8].[H][O:11][H:46]>>[H]O[C@@]([H])([C@]1([H])O[C@@:2]([C:8])([O:11][H:46])[C:1]([H:28])([H:29])[C@]([H])(O[H])[C@@]1([H])O[H])[C@]([H])(O[H])C([H])([H])OP(=O)(O[H])O[H],EVODEX-P16559
EVODEX-N6296,[H]OP(=O)(O[H])O[C:2](=[C:1]([H:28])[H:29])[C:8]>>[H]O[C@@]([H])([C@]1([H])O[C@:2](O[H])([C:8])[C:1]([H:28])([H:29])[C@]([H])(O[H])[C@@]1([H])O[H])[C@]([H])(O[H])C([H])([H])OP(=O)(O[H])O[H],EVODEX-P16561
EVODEX-N6297,[C:1](=[C:2]([O:3])[C:8])([H:28])[H:29]>>[H]O[C@@]([H])([C@]1([H])O[C@:2](O[H])([C:8])[C:1]([H:28])([H:29])[C@]([H])(O[H])[C@@]1([H])O[H])[C@]([H])(O[H])C([H])([H])OP(=O)(O[H])O[H].[H][O:3],EVODEX-P16564
EVODEX-N6298,[H]OC(=O)[C@@]1([O:5][H:29])O[C@@]([H])([C@]([H])(O[H])[C@]([H])(O[H])C([H])([H])OP(=O)(O[H])O[H])[C@]([H])(O[H])[C@@]([H])(O[H])C1([H])[H]>>[H][O:5][H:29],EVODEX-P16565
EVODEX-N6299,[H]O[C@@:4]([C:2])([C:6]([C@:7]([O:8])([C:9])[H:32])([H:30])[H:31])[O:22].[H][O:15][C:14].[H][O:25][P:24]>>[C:7]([O:8])([C:9])([O:15][C:14])[H:32].[H][O:22].[C:2][C:4](=[C:6]([H:30])[H:31])[O:25][P:24],EVODEX-P16566
EVODEX-N6300,[H]OC(=O)[C@]1([O:5][H:29])C([H])([H])[C@@:7]([O:8])([H:32])[C:9][C:11][O:22]1.[H][O:15][C:14]>>[H][O:22][C:11][C:9][C:7]([O:8])([O:15][C:14])[H:32].[H][O:5][H:29],EVODEX-P16567
EVODEX-N6301,[H]O[C@@]([H])([C@]1([H])O[C@@:4]([C:2])([O:5])[C:6]([H:30])([H:31])[C@]([H])(O[H])[C@@]1([H])O[H])[C@]([H])(O[H])C([H])([H])OP(=O)(O[H])O[H]>>[H]OP(=O)(O[H])O[C:4]([C:2])=[C:6]([H:30])[H:31].[H][O:5],EVODEX-P16568
EVODEX-N6302,[H]O[C@@]([H])([C@]1([H])O[C@:4](O[H])([C:2])[C:6]([H:30])([H:31])[C@]([H])(O[H])[C@@]1([H])O[H])[C@]([H])(O[H])C([H])([H])OP(=O)(O[H])O[H]>>[H]OP(=O)(O[H])O[C:4]([C:2])=[C:6]([H:30])[H:31],EVODEX-P16569
EVODEX-N6303,[H]O[C@@]([H])([C@]1([H])O[C@:4](O[H])([C:2])[C:6]([H:30])([H:31])[C@]([H])(O[H])[C@@]1([H])O[H])[C@]([H])(O[H])C([H])([H])OP(=O)(O[H])O[H].[H][O:25][P:24]>>[C:2][C:4](=[C:6]([H:30])[H:31])[O:25][P:24],EVODEX-P16570
EVODEX-N6304,[H]O[C@@]([H])([C@]1([H])O[C@@:4]([C:2])([O:5])[C:6]([H:30])([H:31])[C@]([H])(O[H])[C@@]1([H])O[H])[C@]([H])(O[H])C([H])([H])OP(=O)(O[H])O[H].[H][O:25][P:24]>>[C:2][C:4](=[C:6]([H:30])[H:31])[O:25][P:24].[H][O:5],EVODEX-P16571
EVODEX-N6305,[C:2][C@:4]([O:5])([C:6]([C@:7]([O:8])([C:9])[H:32])([H:30])[H:31])[O:22].[H][O:15][C:14]>>[C:7]([O:8])([C:9])([O:15][C:14])[H:32].[H][O:22].[H]OP(=O)(O[H])O[C:4]([C:2])=[C:6]([H:30])[H:31].[H][O:5],EVODEX-P16572
EVODEX-N6306,[C:2][C@:4]([O:5])([C:6]([C@:7]([O:8])([C:9])[H:32])([H:30])[H:31])[O:22].[H][O:15][C:14].[H][O:25][P:24]>>[C:7]([O:8])([C:9])([O:15][C:14])[H:32].[H][O:22].[C:2][C:4](=[C:6]([H:30])[H:31])[O:25][P:24].[H][O:5],EVODEX-P16573
EVODEX-N6307,[H]OC(=O)[C@]1(O[H])C([H])([H])[C@@:7]([O:8])([H:32])[C:9][C:11][O:22]1.[H][O:15][C:14]>>[H][O:22][C:11][C:9][C:7]([O:8])([O:15][C:14])[H:32],"EVODEX-P16574,EVODEX-P30233"
EVODEX-N6308,[H]O[C@@:4]([C:2])([C:6]([C@:7]([O:8])([C:9])[H:32])([H:30])[H:31])[O:22].[H][O:15][C:14]>>[C:7]([O:8])([C:9])([O:15][C:14])[H:32].[H][O:22].[H]OP(=O)(O[H])O[C:4]([C:2])=[C:6]([H:30])[H:31],EVODEX-P16575
EVODEX-N6309,[H]OC(=O)[C@@]([H])(N([H])[H])C([H])([H])[S:9][C:8]>>[H][S:9][C:8],EVODEX-P16577
EVODEX-N6310,[H][O:4][C:2].[H]OC(=O)[C@@]([H])(N([H])[H])C([H])([H])C([H])([H])S[C:10]([C:11])([H:30])[H:31]>>[C:2][O:4][C:10]([C:11])([H:30])[H:31],EVODEX-P16578
EVODEX-N6311,[H]OC(=O)[C@@]([H])(N([H])[H])C([H])([H])C([H])([H])S[C:10]([C:11])([H:30])[H:31]>>[H]C([H])([H])C(=O)O[C:10]([C:11])([H:30])[H:31],EVODEX-P16579
EVODEX-N6312,[O:37][C@@:38]([C:39])([C:47])[H:65].[H][N:1]([C:2])[H:81]>>[H][O:37].[N:1]([C:2])([C@@:38]([C:39])([C:47])[H:65])[H:81],EVODEX-P16581
EVODEX-N6313,[H]O[C@@]1([H])[C@@]([H])(O[H])[C@]([H])(N2:C([H]):N:C3:C(=O):N([H]):C(N([H])[H]):N:C:3:2)O[C@]1([H])C([H])([H])OP(=O)(O[H])OP(=O)(O[H])O[C@@:38]([C:39])([C:47])[H:65].[H][N:1]([C:2])[H:81]>>[N:1]([C:2])([C@@:38]([C:39])([C:47])[H:65])[H:81],EVODEX-P16582
EVODEX-N6314,[H][N:1]([C:2])[H:81]>>[H]OC([H])([H])C1=C([H])[C@]([H])([N:1]([C:2])[H:81])[C@]([H])(O[H])[C@@]([H])(O[H])[C@]1([H])O[H],EVODEX-P16583
EVODEX-N6315,[H]O[C@@]1([H])[C@@]([H])(O[H])[C@]([H])(N2:C([H]):N:C3:C(=O):N([H]):C(N([H])[H]):N:C:3:2)O[C@]1([H])C([H])([H])OP(=O)(O[H])OP(=O)(O[H])O[C@@:38]([C:39])([C:47])[H:65]>>[H]O[C@@]1([H])[C@]([H])(O[H])[C@@]([H])(C([H])([H])OP(=O)(O[H])O[H])C([H])([H])[C@]([H])(N([H])[C@@:38]([C:39])([C:47])[H:65])[C@]1([H])O[H],EVODEX-P16584
EVODEX-N6316,[H]OC([H])([H])C1=C([H])[C@]([H])([O:37][P:34])[C@]([H])(O[H])[C@@]([H])(O[H])[C@]1([H])O[H]>>[H][O:37][P:34],EVODEX-P16585
EVODEX-N6317,>>[H].[H]N[C@@]1([H])C([H])([H])[C@]([H])(C([H])([H])OP(=O)(O[H])O[H])[C@@]([H])(O[H])[C@]([H])(O[H])[C@@]1([H])O[H],EVODEX-P16586
EVODEX-N6318,[H]OP(=O)(O[H])OP(=O)(O[H])O[C:5]([C:4])([H:42])[H:43]>>[H]OC1:C([H]):C([H]):C(/C([H])=C(\[H])C(=O)C2:C(O[H]):C([H]):C(O[H]):C([C:5]([C:4])([H:42])[H:43]):C:2O[H]):C([H]):C:1[H],EVODEX-P16590
EVODEX-N6319,[H]OP(=O)(O[H])OP(=O)(O[H])O[C:5]([C:4])([H:48])[H:49]>>[H]OC1:C([H]):C(O[H]):C([C:5]([C:4])([H:48])[H:49]):C(O[H]):C:1C(=O)C([H])(C([H])([H])[H])C([H])([H])[H],EVODEX-P16594
EVODEX-N6320,[H]OP(=O)(O[H])OP(=O)(O[H])O[C:5]([C:4])([H:61])[H:62]>>[H]OC1:C(C(=O)C([H])(C([H])([H])[H])C([H])([H])[H]):C(O[H]):C([C:5]([C:4])([H:61])[H:62]):C(O[H]):C:1C([H])([H])C([H])=C(C([H])([H])[H])C([H])([H])[H],EVODEX-P16599
EVODEX-N6321,>>[H]OC1:C:C(O[H]):C(C([H])([H])C([H])=C(C([H])([H])[H])C([H])([H])[H]):C(O[H]):C:1C(=O)C([H])(C([H])([H])[H])C([H])([H])[H].[H],EVODEX-P16601
EVODEX-N6322,[H]OP(=O)(O[H])OP(=O)(O[H])O[C:5]([C:4])([H:64])[H:65]>>[H]OC1:C(C(=O)C([H])([H])C([H])(C([H])([H])[H])C([H])([H])[H]):C(O[H]):C([C:5]([C:4])([H:64])[H:65]):C(O[H]):C:1C([H])([H])C([H])=C(C([H])([H])[H])C([H])([H])[H],EVODEX-P16604
EVODEX-N6323,>>[H]OC1:C:C(O[H]):C(C([H])([H])C([H])=C(C([H])([H])[H])C([H])([H])[H]):C(O[H]):C:1C(=O)C([H])([H])C([H])(C([H])([H])[H])C([H])([H])[H].[H],EVODEX-P16606
EVODEX-N6324,[H]OP(=O)(O[H])OP(=O)(O[H])O[C:10]([C:9])([H:48])[H:49]>>[H]OC1:C(O[H]):C([H]):C2:C([H]):C([H]):C(=O):O:C:2:C:1[C:10]([C:9])([H:48])[H:49],EVODEX-P16610
EVODEX-N6325,[H]OP(=O)(O[H])OP(=O)(O[H])O[C:10]([C:9])([H:47])[H:48]>>[H]OC1:C([H]):C([H]):C2:C([H]):C([H]):C(=O):O:C:2:C:1[C:10]([C:9])([H:47])[H:48],"EVODEX-P16615,EVODEX-P16625"
EVODEX-N6326,>>[H]OC1:C:C2:O:C(=O):C([H]):C([H]):C:2:C([H]):C:1[H].[H],"EVODEX-P16616,EVODEX-P16621,EVODEX-P16626"
EVODEX-N6327,[H]OP(=O)(O[H])OP(=O)(O[H])O[C:5]([C:4])([H:34])[H:35]>>[H]OC1:C([C:5]([C:4])([H:34])[H:35]):C([H]):C2:C([H]):C([H]):C(=O):O:C:2:C:1[H],EVODEX-P16620
EVODEX-N6328,[H]OP(=O)(O[H])O[C:13]([C:12])([H:25])[H:26].[H][N:1]([C:2])[H:30]>>[N:1]([C:2])([C:13]([C:12])([H:25])[H:26])[H:30],EVODEX-P16628
EVODEX-N6329,[H][N:1]([C:2])[H:30]>>[H]OC(=O)[C@@]([H])(N([H])[H])C([H])([H])[N:1]([C:2])[H:30],EVODEX-P16629
EVODEX-N6330,[H]OP(=O)(O[H])O[C:13]([C:12])([H:25])[H:26]>>[H]OC(=O)C([H])([H])C([H])([H])[C@@]([H])(C(=O)O[H])N([H])[C:13]([C:12])([H:25])[H:26],EVODEX-P16630
EVODEX-N6331,[O:4][C:5]([C:6])([H:15])[H:16].[H][Se:11][H:21]>>[C:5]([C:6])([Se:11][H:21])([H:15])[H:16].[H][O:4],EVODEX-P16632
EVODEX-N6332,[H]C([H])([H])C(=O)O[C:5]([C:6])([H:15])[H:16].[H][Se:11][H:21]>>[C:5]([C:6])([Se:11][H:21])([H:15])[H:16],EVODEX-P16633
EVODEX-N6333,[H][Se:11][H:21]>>[H]OC(=O)[C@@]([H])(N([H])[H])C([H])([H])[Se:11][H:21],EVODEX-P16634
EVODEX-N6334,[H]C([H])([H])C(=O)O[C:5]([C:6])([H:15])[H:16]>>[H][Se][C:5]([C:6])([H:15])[H:16],EVODEX-P16635
EVODEX-N6335,>>[H][Se].[H],EVODEX-P16636
EVODEX-N6336,[H]O[C@@]1([H])[C@@]([H])(O[H])[C@]([H])(N2:C([H]):N:C3:C(N([H])[H]):N:C([H]):N:C:3:2)O[C@]1([H])C([H])([H])OP(=O)(O[H])OP(=O)(O[H])O[C:39]([H])([C:38])[H:115]>>[H]OP(=O)(O[H])OP(=O)(O[H])OC([H])([H])C1([H])C(C([H])([H])[H])(C([H])([H])C([H])([H])/C([H])=C(\C([H])([H])[H])C([H])([H])C([H])([H])/C([H])=C(\C([H])([H])[H])C([H])([H])C([H])([H])C([H])=C(C([H])([H])[H])C([H])([H])[H])[C:39]1([C:38])[H:115],EVODEX-P16639
EVODEX-N6337,[H][C:39]([C:38])([O:40])[H:115]>>[H]OP(=O)(O[H])OP(=O)(O[H])OC([H])([H])C1([H])C(C([H])([H])[H])(C([H])([H])C([H])([H])/C([H])=C(\C([H])([H])[H])C([H])([H])C([H])([H])/C([H])=C(\C([H])([H])[H])C([H])([H])C([H])([H])C([H])=C(C([H])([H])[H])C([H])([H])[H])[C:39]1([C:38])[H:115].[H][O:40],"EVODEX-P16641,EVODEX-P16647"
EVODEX-N6338,[H]O[C@@]1([H])[C@@]([H])(OP(=O)(O[H])O[H])[C@]([H])(N2:C([H]):N:C3:C(N([H])[H]):N:C([H]):N:C:3:2)O[C@]1([H])C([H])([H])[O:48][P:45]>>[H][O:48][P:45],EVODEX-P16643
EVODEX-N6339,[C:16]/[C:17]([C:18])=[C:19](/[C:20])[H:108].[H]O[C@@]1([H])[C@@]([H])(O[H])[C@]([H])(N2C([H])=C([H])C([H])([H])C(C(=O)N([H])[H])=C2[H])O[C@]1([H])C([H])([H])OP(=O)(O[H])OP(=O)(O[H])O[C:49]([H])([C:50])[H:123]>>[C:16][C:17]1([C:18])[C:19]([C:20])([H:108])[C:49]1([C:50])[H:123],EVODEX-P16644
EVODEX-N6340,[H]O[C@@]1([H])[C@@]([H])(O[H])[C@]([H])(N2C([H])=C([H])C([H])([H])C(C(=O)N([H])[H])=C2[H])O[C@]1([H])C([H])([H])OP(=O)(O[H])OP(=O)(O[H])O[C:49]([H])([C:50])[H:123]>>[H]OP(=O)(O[H])OP(=O)(O[H])OC([H])([H])C1([H])C(C([H])([H])[H])(C([H])([H])C([H])([H])/C([H])=C(\C([H])([H])[H])C([H])([H])C([H])([H])/C([H])=C(\C([H])([H])[H])C([H])([H])C([H])([H])C([H])=C(C([H])([H])[H])C([H])([H])[H])[C:49]1([C:50])[H:123],EVODEX-P16645
EVODEX-N6341,[C:16]/[C:17]([C:18])=[C:19](/[C:20])[H:108]>>[H]O[C@@]1([H])[C@@]([H])(OP(=O)(O[H])O[H])[C@]([H])(N2:C([H]):N:C3:C(N([H])[H]):N:C([H]):N:C:3:2)O[C@]1([H])C1([H])[C:17]([C:16])([C:18])[C:19]1([C:20])[H:108],EVODEX-P16646
EVODEX-N6342,[#85]-[#6](-[#85])(-[#85])-[#16&+](-[#6:3](-[#85:42])(-[#85:43])-[#6:4])-[#6](-[#85])(-[#85])-[#6@@]1(-[#85])-[#8]-[#6@@](-[#85])(-[#7]2:[#6](-[#85]):[#7]:[#6]3:[#6](-[#7](-[#85])-[#85]):[#7]:[#6](-[#85]):[#7]:[#6]:2:3)-[#6@](-[#85])(-[#8]-[#85])-[#6@]-1(-[#85])-[#8]-[#85]>>[#85:42]-[#6:3](-[#85:43])(-[#6:4])-[#7](-[#85])-[#6@](-[#85])(-[#6](-[#85])(-[#85])-[#6]1:[#6](-[#85]):[#7]:[#6](-[#85]):[#7]:1-[#85])-[#6](=[#8])-[#8]-[#85],EVODEX-P16650
EVODEX-N6343,[#6:31]:[#7:32]:[#6:33]>>[#85]-[#6](-[#85])(-[#85])/[#6](=[#6](/[#85])-[#6](-[#85])(-[#85])-[#7&+:32](:[#6:31]):[#6:33])-[#6](-[#85])(-[#85])-[#6](-[#85])(-[#85])-[#6@@]1(-[#6](-[#85])(-[#85])-[#85])-[#6@]2(-[#85])-[#6](-[#85])(-[#85])-[#6](-[#85])(-[#85])-[#6](-[#85])(-[#85])-[#6](-[#6](-[#85])(-[#85])-[#85])(-[#6](-[#85])(-[#85])-[#85])-[#6]-2=[#6](-[#85])-[#6](-[#85])(-[#85])-[#6@]-1(-[#85])-[#6](-[#85])(-[#85])-[#85],EVODEX-P16654
EVODEX-N6344,[H]C1=C2C(C([H])([H])[H])(C([H])([H])[H])C([H])([H])C([H])([H])C([H])([H])[C@@]2([H])[C@](C([H])([H])[H])(C([H])([H])C([H])([H])/C(=C(\[H])C([H])([H])[O:5][P:6])C([H])([H])[H])[C@@]([H])(C([H])([H])[H])C1([H])[H]>>[H][O:5][P:6],EVODEX-P16655
EVODEX-N6345,>>[H]O[C@@]1([H])[C@@]([H])(O[H])[C@]([H])(N2:C([H]):N:C3:C(N([H])[H]):N:C([H]):N:C:3:2)O[C@]1([H])C([H])([H])O.[H],"EVODEX-P16658,EVODEX-P18109,EVODEX-P18811"
EVODEX-N6346,[O:6][C:7]([C:8])([H:31])[H:32].[H][O:1][H:52]>>[H][O:6].[O:1]([C:7]([C:8])([H:31])[H:32])[H:52],"EVODEX-P16659,EVODEX-P21211,EVODEX-P21239,EVODEX-P21245,EVODEX-P21366,EVODEX-P21372,EVODEX-P21383,EVODEX-P21388,EVODEX-P21435,EVODEX-P21505,EVODEX-P21679,EVODEX-P21690,EVODEX-P21703,EVODEX-P21719,EVODEX-P21903,EVODEX-P21920,EVODEX-P21929,EVODEX-P21935,EVODEX-P21941,EVODEX-P21946,EVODEX-P21984,EVODEX-P21990,EVODEX-P22004,EVODEX-P22010,EVODEX-P22016,EVODEX-P22022,EVODEX-P22028,EVODEX-P22034,EVODEX-P22040,EVODEX-P22052,EVODEX-P22056,EVODEX-P22061,EVODEX-P22067,EVODEX-P22073,EVODEX-P22078,EVODEX-P22096,EVODEX-P22108,EVODEX-P22113,EVODEX-P22119,EVODEX-P22136,EVODEX-P22148,EVODEX-P22171,EVODEX-P22177,EVODEX-P22199,EVODEX-P22205,EVODEX-P22211,EVODEX-P22245,EVODEX-P22251,EVODEX-P22284,EVODEX-P22290,EVODEX-P22296,EVODEX-P22307,EVODEX-P22312,EVODEX-P22318,EVODEX-P22324,EVODEX-P22330,EVODEX-P22357,EVODEX-P22362,EVODEX-P22368,EVODEX-P22374,EVODEX-P22396,EVODEX-P22402,EVODEX-P22408,EVODEX-P22419,EVODEX-P22425,EVODEX-P22430,EVODEX-P22436,EVODEX-P22449,EVODEX-P22455,EVODEX-P22461,EVODEX-P22472,EVODEX-P22478,EVODEX-P22489,EVODEX-P22495,EVODEX-P22501,EVODEX-P22507,EVODEX-P22512,EVODEX-P22518,EVODEX-P22535,EVODEX-P22540,EVODEX-P22545,EVODEX-P22579,EVODEX-P22605,EVODEX-P22616,EVODEX-P22622,EVODEX-P22631,EVODEX-P22636,EVODEX-P22647,EVODEX-P22687,EVODEX-P22693,EVODEX-P22724,EVODEX-P22730,EVODEX-P22768,EVODEX-P22774,EVODEX-P22802,EVODEX-P22808,EVODEX-P22847,EVODEX-P22852,EVODEX-P22880,EVODEX-P22921,EVODEX-P22927,EVODEX-P22932,EVODEX-P22937,EVODEX-P22954,EVODEX-P22959,EVODEX-P22964,EVODEX-P22980,EVODEX-P23006,EVODEX-P23130,EVODEX-P23272,EVODEX-P23284,EVODEX-P23289,EVODEX-P23313,EVODEX-P23409,EVODEX-P23675,EVODEX-P23858,EVODEX-P23918,EVODEX-P24049,EVODEX-P24055,EVODEX-P24073,EVODEX-P24085,EVODEX-P24090,EVODEX-P25129,EVODEX-P25134,EVODEX-P25321,EVODEX-P25465,EVODEX-P27357,EVODEX-P27362,EVODEX-P29182,EVODEX-P31469,EVODEX-P31475,EVODEX-P31479,EVODEX-P31485"
EVODEX-N6347,[H]C([H])=C1C([H])([H])C([H])([H])[C@@]2([H])C(C([H])([H])[H])(C([H])([H])[H])C([H])([H])C([H])([H])C([H])([H])[C@]2(C([H])([H])[H])[C@@]1([H])C([H])([H])C([H])([H])/C(=C(\[H])C([H])([H])[O:21][P:22])C([H])([H])[H]>>[H][O:21][P:22],EVODEX-P16660
EVODEX-N6348,[H]OP(=O)(O[H])OP(=O)(O[H])O[C:20]([C:19])([H:62])[H:63].[H][O:30][H:67]>>[C:19][C:20]([O:30][H:67])([H:62])[H:63],"EVODEX-P16661,EVODEX-P22421,EVODEX-P22928,EVODEX-P22938,EVODEX-P22955,EVODEX-P22960,EVODEX-P22965"
EVODEX-N6349,[H][O:30][H:67]>>[H]C([H])=C1C([H])([H])C([H])([H])[C@@]2([H])C(C([H])([H])[H])(C([H])([H])[H])C([H])([H])C([H])([H])C([H])([H])[C@]2(C([H])([H])[H])[C@@]1([H])C([H])([H])C([H])([H])/C(=C(\[H])C([H])([H])[O:30][H:67])C([H])([H])[H],EVODEX-P16662
EVODEX-N6350,[H]OP(=O)(O[H])OP(=O)(O[H])O[C:20]([C:19])([H:62])[H:63]>>[H]O[C:20]([C:19])([H:62])[H:63],"EVODEX-P16663,EVODEX-P22423,EVODEX-P22930,EVODEX-P22940,EVODEX-P22957,EVODEX-P22962,EVODEX-P22967"
EVODEX-N6351,[H]OC(=O)C([H])([H])[C@@]([H])(C(=O)O[H])[N:1]([H:20])[H:21].O=[C:15]([C:14])[C:17]>>[H][C@:15]([N:1]([H:20])[H:21])([C:14])[C:17],"EVODEX-P16666,EVODEX-P17431,EVODEX-P17536"
EVODEX-N6352,[H]OC(=O)C([H])([H])[C@@]([H])(C(=O)O[H])[N:1]([H:20])[H:21]>>[H]OC(=O)C([H])([H])C([H])([H])[C@@]([H])(C(=O)O[H])[N:1]([H:20])[H:21],EVODEX-P16667
EVODEX-N6353,[H]N([H])[C@@:5]([H])([C:4])[C:7].[H]OC(=O)C(C([H])([H])C([H])([H])C(=O)O[H])=[O:16]>>[C:4][C:5]([C:7])=[O:16],"EVODEX-P16668,EVODEX-P16692,EVODEX-P16713,EVODEX-P16729,EVODEX-P16743,EVODEX-P16758,EVODEX-P16767,EVODEX-P16783,EVODEX-P16860,EVODEX-P16917,EVODEX-P16925,EVODEX-P16932,EVODEX-P16948,EVODEX-P17033,EVODEX-P17049,EVODEX-P17105,EVODEX-P17113,EVODEX-P17154,EVODEX-P17242,EVODEX-P17283,EVODEX-P17389,EVODEX-P17418,EVODEX-P17425,EVODEX-P17462,EVODEX-P17481,EVODEX-P17494,EVODEX-P17561,EVODEX-P17568,EVODEX-P17621,EVODEX-P17629,EVODEX-P17682,EVODEX-P17750,EVODEX-P17758,EVODEX-P17781,EVODEX-P17813,EVODEX-P17829,EVODEX-P17881"
EVODEX-N6354,[H]OC(=O)C(C([H])([H])C([H])([H])C(=O)O[H])=[O:16]>>[H]OC(=O)C(C([H])([H])C(=O)O[H])=[O:16],EVODEX-P16669
EVODEX-N6355,[C:11][C:13](=[O:14])[C:15]>>[H]OC(=O)C(C([H])([H])C(=O)O[H])=[O:14].[H]N([H])[C@:13]([H])([C:11])[C:15],"EVODEX-P16670,EVODEX-P17435,EVODEX-P17541"
EVODEX-N6356,[H][C@@:5]([C:4])([N:6])[C:7]>>O=[C:5]([C:4])[C:7].[H]OC(=O)C([H])([H])C([H])([H])[C@@]([H])(C(=O)O[H])[N:6],"EVODEX-P16671,EVODEX-P16696,EVODEX-P16717,EVODEX-P16733,EVODEX-P16749,EVODEX-P16762,EVODEX-P16787,EVODEX-P16864,EVODEX-P16921,EVODEX-P16928,EVODEX-P16936,EVODEX-P16951,EVODEX-P17037,EVODEX-P17053,EVODEX-P17109,EVODEX-P17117,EVODEX-P17157,EVODEX-P17245,EVODEX-P17287,EVODEX-P17393,EVODEX-P17421,EVODEX-P17429,EVODEX-P17466,EVODEX-P17485,EVODEX-P17498,EVODEX-P17564,EVODEX-P17572,EVODEX-P17625,EVODEX-P17633,EVODEX-P17686,EVODEX-P17754,EVODEX-P17762,EVODEX-P17785,EVODEX-P17817,EVODEX-P17833,EVODEX-P17885"
EVODEX-N6357,[H]OC(=O)C([H])([H])C([H])([H])[C@@]([H])(C(=O)O[H])[N:1]([H:24])[H:25].O=[C:14]([C:12])[C:16]>>[H][C@@:14]([N:1]([H:24])[H:25])([C:12])[C:16],"EVODEX-P16673,EVODEX-P16698,EVODEX-P16719,EVODEX-P16737,EVODEX-P16773,EVODEX-P16850,EVODEX-P16938,EVODEX-P16953,EVODEX-P17025,EVODEX-P17041,EVODEX-P17095,EVODEX-P17119,EVODEX-P17161,EVODEX-P17273,EVODEX-P17468,EVODEX-P17500,EVODEX-P17552,EVODEX-P17611,EVODEX-P17637,EVODEX-P17690,EVODEX-P17726,EVODEX-P17734,EVODEX-P17740,EVODEX-P17773,EVODEX-P17821"
EVODEX-N6358,[H]OC(=O)C([H])([H])C([H])([H])[C@@]([H])(C(=O)O[H])[N:1]([H:20])[H:21]>>[H]OC(=O)C([H])([H])[C@@]([H])(C(=O)O[H])[N:1]([H:20])[H:21],EVODEX-P16674
EVODEX-N6359,[H]N([H])[C@@:2]([H])([C:3])[C:8].[H]OC(=O)C(C([H])([H])C(=O)O[H])=[O:16]>>[C:2]([C:3])([C:8])=[O:16],"EVODEX-P16675,EVODEX-P17147,EVODEX-P17440,EVODEX-P17546"
EVODEX-N6360,[H]OC(=O)C(C([H])([H])C(=O)O[H])=[O:16]>>[H]OC(=O)C(C([H])([H])C([H])([H])C(=O)O[H])=[O:16],EVODEX-P16676
EVODEX-N6361,[C:12][C:14](=[O:15])[C:16]>>[H]OC(=O)C(C([H])([H])C([H])([H])C(=O)O[H])=[O:15].[H]N([H])[C@:14]([H])([C:12])[C:16],"EVODEX-P16677,EVODEX-P16703,EVODEX-P16724,EVODEX-P16741,EVODEX-P16778,EVODEX-P16855,EVODEX-P16943,EVODEX-P16957,EVODEX-P17029,EVODEX-P17045,EVODEX-P17100,EVODEX-P17124,EVODEX-P17164,EVODEX-P17278,EVODEX-P17473,EVODEX-P17505,EVODEX-P17556,EVODEX-P17616,EVODEX-P17641,EVODEX-P17694,EVODEX-P17730,EVODEX-P17738,EVODEX-P17745,EVODEX-P17777,EVODEX-P17825"
EVODEX-N6362,[H][C@:2]([N:1])([C:3])[C:8]>>O=[C:2]([C:3])[C:8].[H]OC(=O)C([H])([H])[C@@]([H])(C(=O)O[H])[N:1],"EVODEX-P16678,EVODEX-P17150,EVODEX-P17443,EVODEX-P17550"
EVODEX-N6363,[H][C:1]([C:2])([H:60])[H:61].[C:55][C:56]([C:57])([H:101])[H:102]>>[C:1]([C:2])([C:56]([C:57])([H:101])[H:102])([H:60])[H:61].[H][C:55],"EVODEX-P16679,EVODEX-P16684,EVODEX-P16834,EVODEX-P17486,EVODEX-P17589,EVODEX-P17956,EVODEX-P20829,EVODEX-P20914,EVODEX-P20961,EVODEX-P20966"
EVODEX-N6364,[H]OC(=O)C([H])([H])[C:11]([C:12])([H:27])[H:28]>>[H][C:11]([C:12])([H:27])[H:28],"EVODEX-P16680,EVODEX-P16685,EVODEX-P20962,EVODEX-P20967"
EVODEX-N6365,[H][C:1]([C:2])([H:17])[H:18].[H]OC(=O)C(=O)C([H])([H])[C:10]([C:8])([H:25])[H:26]>>[C:1]([C:2])([C:10]([C:8])([H:25])[H:26])([H:17])[H:18],"EVODEX-P16681,EVODEX-P17488,EVODEX-P17957"
EVODEX-N6366,[H][C:1]([C:2])([H:60])[H:61]>>[H]OC(=O)C([H])([H])[C:1]([C:2])([H:60])[H:61],"EVODEX-P16682,EVODEX-P16687,EVODEX-P17959,EVODEX-P20964,EVODEX-P20969"
EVODEX-N6367,[H][C:1]([C:2])([H:17])[H:18].[H]OC(=O)[C@@]([H])(N([H])[H])C([H])([H])[C:10]([C:11])([H:26])[H:27]>>[C:1]([C:2])([C:10]([C:11])([H:26])[H:27])([H:17])[H:18],"EVODEX-P16686,EVODEX-P16836,EVODEX-P17591"
EVODEX-N6368,[H]OC(=O)[C@]([H])(C([H])([H])S[H])[N:1]([H:18])[H:19].O=[C:13]([C:12])[C:15]>>[H][C@:13]([N:1]([H:18])[H:19])([C:12])[C:15],EVODEX-P16690
EVODEX-N6369,[H]OC(=O)[C@]([H])(C([H])([H])S[H])[N:1]([H:18])[H:19]>>[H]OC(=O)C([H])([H])C([H])([H])[C@@]([H])(C(=O)O[H])[N:1]([H:18])[H:19],EVODEX-P16691
EVODEX-N6370,[H]OC(=O)C(C([H])([H])C([H])([H])C(=O)O[H])=[O:14]>>[H]OC(=O)C(C([H])([H])S[H])=[O:14],EVODEX-P16693
EVODEX-N6371,[C:12][C:13](=[O:14])[C:15]>>[H]OC(=O)C(C([H])([H])S[H])=[O:14].[H]N([H])[C@@:13]([H])([C:12])[C:15],EVODEX-P16695
EVODEX-N6372,[H]OC(=O)C([H])([H])C([H])([H])[C@@]([H])(C(=O)O[H])[N:1]([H:18])[H:19]>>[H]OC(=O)[C@]([H])(C([H])([H])S[H])[N:1]([H:18])[H:19],EVODEX-P16700
EVODEX-N6373,[H]N([H])[C@@:2]([H])([C:3])[C:8].[H]OC(=O)C(C([H])([H])S[H])=[O:15]>>[C:2]([C:3])([C:8])=[O:15],EVODEX-P16701
EVODEX-N6374,[H]OC(=O)C(C([H])([H])S[H])=[O:15]>>[H]OC(=O)C(C([H])([H])C([H])([H])C(=O)O[H])=[O:15],EVODEX-P16702
EVODEX-N6375,[H][C@:2]([N:1])([C:3])[C:8]>>O=[C:2]([C:3])[C:8].[H]OC(=O)[C@]([H])(C([H])([H])S[H])[N:1],EVODEX-P16704
EVODEX-N6376,[C:2][C:3]([C:4])([H:19])[H:20].[H][C:12](=[O:11])[C:13]>>[C:3]([C:4])([C:12](=[O:11])[C:13])([H:19])[H:20].[H][C:2],"EVODEX-P16705,EVODEX-P16824,EVODEX-P17054,EVODEX-P17359,EVODEX-P17373"
EVODEX-N6377,[H]OC(=O)C([H])([H])C([H])([H])[C@:2]([N:1])([C:8])[H:18]>>[H][C:2]([N:1])([C:8])[H:18],EVODEX-P16706
EVODEX-N6378,[H]OC(=O)[C@@]([H])(N([H])[H])[C:3]([C:4])([H:19])[H:20].[H][C:12](=[O:11])[C:13]>>[C:3]([C:4])([C:12](=[O:11])[C:13])([H:19])[H:20],"EVODEX-P16707,EVODEX-P16825,EVODEX-P17056,EVODEX-P17360,EVODEX-P17374"
EVODEX-N6379,[H][C:12](=[O:11])[C:13]>>[H]OC(=O)C([H])([H])C([H])([H])[C:12](=[O:11])[C:13],EVODEX-P16708
EVODEX-N6380,>>[H].[H]OC(=O)C=O,"EVODEX-P16709,EVODEX-P16828,EVODEX-P17058,EVODEX-P17184,EVODEX-P17193,EVODEX-P17363,EVODEX-P17377"
EVODEX-N6381,[H]OC(=O)[C@]([H])(C([H])([H])C1:C([H]):C([H]):C(O[H]):C([H]):C:1[H])[N:1]([H:24])[H:25].O=[C:19]([C:18])[C:21]>>[H][C@:19]([N:1]([H:24])[H:25])([C:18])[C:21],"EVODEX-P16711,EVODEX-P17338"
EVODEX-N6382,[H]OC(=O)[C@]([H])(C([H])([H])C1:C([H]):C([H]):C(O[H]):C([H]):C:1[H])[N:1]([H:24])[H:25]>>[H]OC(=O)C([H])([H])C([H])([H])[C@@]([H])(C(=O)O[H])[N:1]([H:24])[H:25],EVODEX-P16712
EVODEX-N6383,[H]OC(=O)C(C([H])([H])C([H])([H])C(=O)O[H])=[O:20]>>[H]OC(=O)C(C([H])([H])C1:C([H]):C([H]):C(O[H]):C([H]):C:1[H])=[O:20],EVODEX-P16714
EVODEX-N6384,[C:18][C:19](=[O:20])[C:21]>>[H]OC(=O)C(C([H])([H])C1:C([H]):C([H]):C(O[H]):C([H]):C:1[H])=[O:20].[H]N([H])[C@@:19]([H])([C:18])[C:21],"EVODEX-P16716,EVODEX-P17341"
EVODEX-N6385,[H]OC(=O)C([H])([H])C([H])([H])[C@@]([H])(C(=O)O[H])[N:1]([H:24])[H:25]>>[H]OC(=O)[C@]([H])(C([H])([H])C1:C([H]):C([H]):C(O[H]):C([H]):C:1[H])[N:1]([H:24])[H:25],EVODEX-P16721
EVODEX-N6386,[H]N([H])[C@@:2]([H])([C:3])[C:8].[H]OC(=O)C(C([H])([H])C1:C([H]):C([H]):C(O[H]):C([H]):C:1[H])=[O:15]>>[C:2]([C:3])([C:8])=[O:15],EVODEX-P16722
EVODEX-N6387,[H]OC(=O)C(C([H])([H])C1:C([H]):C([H]):C(O[H]):C([H]):C:1[H])=[O:15]>>[H]OC(=O)C(C([H])([H])C([H])([H])C(=O)O[H])=[O:15],EVODEX-P16723
EVODEX-N6388,[H][C@:2]([N:1])([C:3])[C:8]>>O=[C:2]([C:3])[C:8].[H]OC(=O)[C@]([H])(C([H])([H])C1:C([H]):C([H]):C(O[H]):C([H]):C:1[H])[N:1],EVODEX-P16725
EVODEX-N6389,[H]OC(=O)[C@]([H])(C([H])([H])C([H])([H])SC([H])([H])[H])[N:6]([H:28])[H:29].O=[C:15]([C:14])[C:17]>>[H][C@:15]([N:6]([H:28])[H:29])([C:14])[C:17],"EVODEX-P16727,EVODEX-P17145"
EVODEX-N6390,[H]OC(=O)[C@]([H])(C([H])([H])C([H])([H])SC([H])([H])[H])[N:6]([H:28])[H:29]>>[H]OC(=O)C([H])([H])C([H])([H])[C@@]([H])(C(=O)O[H])[N:6]([H:28])[H:29],EVODEX-P16728
EVODEX-N6391,[H]OC(=O)C(C([H])([H])C([H])([H])C(=O)O[H])=[O:16]>>[H]OC(=O)C(C([H])([H])C([H])([H])SC([H])([H])[H])=[O:16],EVODEX-P16730
EVODEX-N6392,[C:14][C:15](=[O:16])[C:17]>>[H]OC(=O)C(C([H])([H])C([H])([H])SC([H])([H])[H])=[O:16].[H]N([H])[C@@:15]([H])([C:14])[C:17],"EVODEX-P16732,EVODEX-P17149"
EVODEX-N6393,[H]OC(=O)C(C([H])([H])C([H])([H])SC([H])([H])[H])=[O:6].[H]N([H])[C@@:11]([H])([C:12])[C:17]>>[O:6]=[C:11]([C:12])[C:17],"EVODEX-P16735,EVODEX-P17336,EVODEX-P17343,EVODEX-P17902,EVODEX-P17909"
EVODEX-N6394,[H]OC(=O)C(C([H])([H])C([H])([H])SC([H])([H])[H])=[O:6]>>[H]OC(=O)C(C([H])([H])C([H])([H])C(=O)O[H])=[O:6],EVODEX-P16736
EVODEX-N6395,[H]OC(=O)C([H])([H])C([H])([H])[C@@]([H])(C(=O)O[H])[N:10]([H:28])[H:29]>>[H]OC(=O)[C@]([H])(C([H])([H])C([H])([H])SC([H])([H])[H])[N:10]([H:28])[H:29],EVODEX-P16738
EVODEX-N6396,[H][C@:11]([N:10])([C:12])[C:17]>>[H]OC(=O)[C@]([H])(C([H])([H])C([H])([H])SC([H])([H])[H])[N:10].O=[C:11]([C:12])[C:17],"EVODEX-P16740,EVODEX-P17340,EVODEX-P17347,EVODEX-P17906,EVODEX-P17913"
EVODEX-N6397,[H]OC(=O)C(C([H])([H])C([H])([H])C(=O)O[H])=[O:22]>>[H]OC(=O)C(C([H])([H])C(=O)C1:C([H]):C([H]):C([H]):C([H]):C:1N([H])[H])=[O:22],EVODEX-P16744
EVODEX-N6398,[H]OC(=O)[C@]([H])(C([H])([H])C(=O)C1:C([H]):C([H]):C([H]):C([H]):C:1N([H])[H])[N:12]([H:35])[H:36].O=[C:21]([C:20])[C:23]>>[H][C:21]([N:12]([H:35])[H:36])([C:20])[C:23],EVODEX-P16746
EVODEX-N6399,[H]OC(=O)[C@]([H])(C([H])([H])C(=O)C1:C([H]):C([H]):C([H]):C([H]):C:1N([H])[H])[N:12]([H:35])[H:36]>>[H]OC(=O)C([H])([H])C([H])([H])C([H])(C(=O)O[H])[N:12]([H:35])[H:36],EVODEX-P16747
EVODEX-N6400,[C:20][C:21](=[O:22])[C:23]>>[H]N([H])[C:21]([H])([C:20])[C:23].[H]OC(=O)C(C([H])([H])C(=O)C1:C([H]):C([H]):C([H]):C([H]):C:1N([H])[H])=[O:22],EVODEX-P16748
EVODEX-N6401,[H][C:1]([C:2])([H:22])[H:23].[C:13][C:14](=[O:15])[C:16]>>[C:1]([C:2])([C:14]([C:13])=[O:15])([H:22])[H:23].[H][C:16],"EVODEX-P16750,EVODEX-P20835"
EVODEX-N6402,[H]C1:C([H]):C([H]):C(N([H])[H]):C(C(=O)[C:16]([C:17])([H:32])[H:33]):C:1[H]>>[H][C:16]([C:17])([H:32])[H:33],EVODEX-P16751
EVODEX-N6403,[H][C:1]([C:2])([H:22])[H:23].[H]OC(=O)[C@@]([H])(N([H])[H])C([H])([H])[C:14]([C:13])=[O:15]>>[C:1]([C:2])([C:14]([C:13])=[O:15])([H:22])[H:23],EVODEX-P16752
EVODEX-N6404,[H][C:1]([C:2])([H:22])[H:23]>>[H]C1:C([H]):C([H]):C(N([H])[H]):C(C(=O)[C:1]([C:2])([H:22])[H:23]):C:1[H],EVODEX-P16753
EVODEX-N6405,[H]OC(=O)[C@]([H])(C([H])([H])C([H])([H])C([H])([H])N([H])[H])[N:6]([H:29])[H:30].O=[C:15]([C:14])[C:17]>>[H][C@:15]([N:6]([H:29])[H:30])([C:14])[C:17],EVODEX-P16756
EVODEX-N6406,[H]OC(=O)[C@]([H])(C([H])([H])C([H])([H])C([H])([H])N([H])[H])[N:6]([H:29])[H:30]>>[H]OC(=O)C([H])([H])C([H])([H])[C@@]([H])(C(=O)O[H])[N:6]([H:29])[H:30],EVODEX-P16757
EVODEX-N6407,[H]OC(=O)C(C([H])([H])C([H])([H])C(=O)O[H])=[O:16]>>[H]OC(=O)C(C([H])([H])C([H])([H])C([H])([H])N([H])[H])=[O:16],EVODEX-P16759
EVODEX-N6408,[C:14][C:15](=[O:16])[C:17]>>[H]OC(=O)C(C([H])([H])C([H])([H])C([H])([H])N([H])[H])=[O:16].[H]N([H])[C@@:15]([H])([C:14])[C:17],EVODEX-P16761
EVODEX-N6409,[H][C:2]([N:1]([H:22])[H:23])([C:3])[C:9].[C:17][C:19](=[O:20])[O:21]>>[C:2]([C:3])([C:9])=[O:20].[H][C:19]([N:1]([H:22])[H:23])([C:17])[O:21],EVODEX-P16763
EVODEX-N6410,[H]OC(=O)C([H])(C([H])([H])[C@@]([H])(C(=O)O[H])N([H])[H])[N:1]([H:22])[H:23].O=[C:19]([C:17])[O:21]>>[H][C:19]([N:1]([H:22])[H:23])([C:17])[O:21],EVODEX-P16764
EVODEX-N6411,O=[C:19]([C:17])[O:21]>>[H]N([H])[C:19]([H])([C:17])[O:21],EVODEX-P16765
EVODEX-N6412,[H]OC(=O)C([H])(C([H])([H])[C@@]([H])(C(=O)O[H])N([H])[H])[N:1]([H:22])[H:23]>>[H]OC(=O)C([H])([H])C([H])([H])C(=O)C([H])(O[H])[N:1]([H:22])[H:23],EVODEX-P16766
EVODEX-N6413,[H]OC(=O)C([H])([H])C([H])([H])C(=O)C(O[H])=[O:20]>>[H]OC(=O)C(C([H])([H])[C@@]([H])(C(=O)O[H])N([H])[H])=[O:20],EVODEX-P16768
EVODEX-N6414,[C:17][C:19](=[O:20])[O:21]>>[H]OC(=O)C(C([H])([H])[C@@]([H])(C(=O)O[H])N([H])[H])=[O:20].[H]N([H])[C:19]([H])([C:17])[O:21],EVODEX-P16770
EVODEX-N6415,[H][C:2]([N:1])([C:3])[C:9]>>O=[C:2]([C:3])[C:9].[H]OC(=O)C([H])([H])C([H])([H])C(=O)C([H])(O[H])[N:1],EVODEX-P16771
EVODEX-N6416,[H]OC(=O)C([H])([H])C([H])([H])[C@@]([H])(C(=O)O[H])[N:1]([H:25])[H:26]>>[H]OP(=O)(O[H])OC([H])([H])[C@]([H])(C([H])([H])C1:N:C([H]):N([H]):C:1[H])[N:1]([H:25])[H:26],EVODEX-P16775
EVODEX-N6417,[H]N([H])[C@@:2]([H])([C:3])[C:8].[H]OP(=O)(O[H])OC([H])([H])C(C([H])([H])C1:N:C([H]):N([H]):C:1[H])=[O:11]>>[C:2]([C:3])([C:8])=[O:11],EVODEX-P16776
EVODEX-N6418,[H]OP(=O)(O[H])OC([H])([H])C(C([H])([H])C1:N:C([H]):N([H]):C:1[H])=[O:11]>>[H]OC(=O)C(C([H])([H])C([H])([H])C(=O)O[H])=[O:11],EVODEX-P16777
EVODEX-N6419,[H][C@:2]([N:1])([C:3])[C:8]>>O=[C:2]([C:3])[C:8].[H]OP(=O)(O[H])OC([H])([H])[C@]([H])(C([H])([H])C1:N:C([H]):N([H]):C:1[H])[N:1],EVODEX-P16779
EVODEX-N6420,[H]OP(=O)(O[H])OC([H])([H])[C@]([H])(C([H])([H])C1:N:C([H]):N([H]):C:1[H])[N:1]([H:25])[H:26].O=[C:20]([C:19])[C:22]>>[H][C@:20]([N:1]([H:25])[H:26])([C:19])[C:22],EVODEX-P16781
EVODEX-N6421,[H]OP(=O)(O[H])OC([H])([H])[C@]([H])(C([H])([H])C1:N:C([H]):N([H]):C:1[H])[N:1]([H:25])[H:26]>>[H]OC(=O)C([H])([H])C([H])([H])[C@@]([H])(C(=O)O[H])[N:1]([H:25])[H:26],EVODEX-P16782
EVODEX-N6422,[H]OC(=O)C(C([H])([H])C([H])([H])C(=O)O[H])=[O:21]>>[H]OP(=O)(O[H])OC([H])([H])C(C([H])([H])C1:N:C([H]):N([H]):C:1[H])=[O:21],EVODEX-P16784
EVODEX-N6423,[C:19][C:20](=[O:21])[C:22]>>[H]OP(=O)(O[H])OC([H])([H])C(C([H])([H])C1:N:C([H]):N([H]):C:1[H])=[O:21].[H]N([H])[C@@:20]([H])([C:19])[C:22],EVODEX-P16786
EVODEX-N6424,[H][C:2]([N:1])([C:3])[H:20].[C:13][C:15](=[O:16])[O:17]>>[N:1][C@@:2]([C:3])([C:15](=[O:16])[O:17])[H:20].[H][C:13],EVODEX-P16788
EVODEX-N6425,[H]OC(=O)[C:4](=[O:5])[C:6]>>[H][C:4](=[O:5])[C:6],"EVODEX-P16789,EVODEX-P29445,EVODEX-P29464,EVODEX-P29629,EVODEX-P29634,EVODEX-P29635,EVODEX-P29752,EVODEX-P29754,EVODEX-P29760,EVODEX-P29761,EVODEX-P29778,EVODEX-P29780,EVODEX-P29789"
EVODEX-N6426,[H][C:2]([N:1])([C:3])[H:20].[H]OC(=O)C([H])([H])C([H])([H])C(=O)[C:15](=[O:16])[O:17]>>[N:1][C@@:2]([C:3])([C:15](=[O:16])[O:17])[H:20],EVODEX-P16790
EVODEX-N6427,[H][C:2]([N:1])([C:3])[H:20]>>[H]OC(=O)[C@@:2]([N:1])([C:3])[H:20],"EVODEX-P16791,EVODEX-P29661"
EVODEX-N6428,>>[H]OC(=O)C([H])([H])C([H])([H])C([H])N([H])[H].[H],EVODEX-P16792
EVODEX-N6429,[H][C@@:2]([C:1])([N:3]([H:18])[H:19])[C:4].[O:7]=[C:8]([C:9])[H:21]>>[C:1][C:2]([C:4])=[O:7].[H][C:8]([N:3]([H:18])[H:19])([C:9])[H:21],"EVODEX-P16793,EVODEX-P16816,EVODEX-P16865,EVODEX-P16894,EVODEX-P16995,EVODEX-P17010,EVODEX-P17071,EVODEX-P17086,EVODEX-P17133,EVODEX-P17165,EVODEX-P17173,EVODEX-P17207,EVODEX-P17231,EVODEX-P17295,EVODEX-P17311,EVODEX-P17514,EVODEX-P17528,EVODEX-P17642,EVODEX-P17671,EVODEX-P17786,EVODEX-P17794,EVODEX-P17802,EVODEX-P17931,EVODEX-P30284"
EVODEX-N6430,[H]OC(=O)[C@@]([H])(N([H])C(=O)C([H])([H])[H])C([H])([H])C([H])([H])C([H])=[O:9].[H]N([H])[C@@:14]([H])([C:15])[C:20]>>[O:9]=[C:14]([C:15])[C:20],EVODEX-P16794
EVODEX-N6431,[H]OC(=O)[C@@]([H])(N([H])C(=O)C([H])([H])[H])C([H])([H])C([H])([H])C([H])=[O:9]>>[H]OC(=O)C(C([H])([H])C([H])([H])C(=O)O[H])=[O:9],EVODEX-P16795
EVODEX-N6432,[H]OC(=O)C([H])([H])C([H])([H])[C@@]([H])(C(=O)O[H])[N:1]([H:27])[H:28].O=[C:12]([C:13])[H:36]>>[H][C:12]([N:1]([H:27])[H:28])([C:13])[H:36],"EVODEX-P16796,EVODEX-P16817,EVODEX-P16897,EVODEX-P17072,EVODEX-P17232,EVODEX-P17298,EVODEX-P17312,EVODEX-P17517,EVODEX-P17643,EVODEX-P17795,EVODEX-P17803"
EVODEX-N6433,[H]OC(=O)C([H])([H])C([H])([H])[C@@]([H])(C(=O)O[H])[N:13]([H:34])[H:35]>>[H]OC(=O)[C@@]([H])(N([H])C(=O)C([H])([H])[H])C([H])([H])C([H])([H])C([H])([H])[N:13]([H:34])[H:35],EVODEX-P16797
EVODEX-N6434,[H][C@:14]([N:13])([C:15])[C:20]>>[H]OC(=O)[C@@]([H])(N([H])C(=O)C([H])([H])[H])C([H])([H])C([H])([H])C([H])([H])[N:13].O=[C:14]([C:15])[C:20],EVODEX-P16799
EVODEX-N6435,[O:11]=[C:12]([C:13])[H:36]>>[H]OC(=O)C(C([H])([H])C([H])([H])C(=O)O[H])=[O:11].[H]N([H])[C:12]([H])([C:13])[H:36],"EVODEX-P16800,EVODEX-P16823,EVODEX-P16901,EVODEX-P17077,EVODEX-P17237,EVODEX-P17302,EVODEX-P17317,EVODEX-P17520,EVODEX-P17649,EVODEX-P17800,EVODEX-P17808"
EVODEX-N6436,[H][C:1]([C:2])([H:14])[H:15].[C:7]([C:8])([H:18])([H:19])[H:20]>>[C:1]([C:2])([C:7]([H:18])([H:19])[H:20])([H:14])[H:15].[H][C:8],"EVODEX-P16801,EVODEX-P16806,EVODEX-P17017,EVODEX-P20767,EVODEX-P20773"
EVODEX-N6437,[H]C([H])([H])[C:8]([C:9])([H:21])[H:22]>>[H][C:8]([C:9])([H:21])[H:22],"EVODEX-P16802,EVODEX-P16807,EVODEX-P17018,EVODEX-P20768,EVODEX-P20774"
EVODEX-N6438,[H][C:1]([C:2])([H:14])[H:15].[H]OC(=O)[C@@]([H])(N([H])[H])C([H])([H])[C:7]([H:18])([H:19])[H:20]>>[C:1]([C:2])([C:7]([H:18])([H:19])[H:20])([H:14])[H:15],EVODEX-P16803
EVODEX-N6439,[H][C:1]([C:2])([H:57])[H:58]>>[H]C([H])([H])[C:1]([C:2])([H:57])[H:58],"EVODEX-P16804,EVODEX-P16809,EVODEX-P17020,EVODEX-P20771,EVODEX-P20777"
EVODEX-N6440,[H]OC(=O)C(=O)C([H])([H])[C:1]([H:14])([H:15])[H:16].[H][C:8]([C:9])([H:20])[H:21]>>[C:1]([C:8]([C:9])([H:20])[H:21])([H:14])([H:15])[H:16],EVODEX-P16808
EVODEX-N6441,[C:1][C:2](=[O:3])[C:4].[H][C:8]([N:7]([H:18])[H:19])([C:9])[H:20]>>[H][C@:2]([C:1])([C:4])[N:7]([H:18])[H:19].[O:3]=[C:8]([C:9])[H:20],"EVODEX-P16811,EVODEX-P16873,EVODEX-P16886,EVODEX-P16973,EVODEX-P16980,EVODEX-P16987,EVODEX-P17003,EVODEX-P17064,EVODEX-P17078,EVODEX-P17126,EVODEX-P17199,EVODEX-P17223,EVODEX-P17288,EVODEX-P17303,EVODEX-P17444,EVODEX-P17451,EVODEX-P17507,EVODEX-P17521,EVODEX-P17573,EVODEX-P17581,EVODEX-P17650,EVODEX-P17658,EVODEX-P17664,EVODEX-P17763,EVODEX-P17849,EVODEX-P17857,EVODEX-P17870,EVODEX-P17886,EVODEX-P17894,EVODEX-P17915,EVODEX-P17923,EVODEX-P17939,EVODEX-P30291"
EVODEX-N6442,[H]N([H])[C:2]([H])([C:3])[H:22].[H]OC(=O)C(C([H])([H])C([H])([H])C(=O)O[H])=[O:16]>>[C:2]([C:3])(=[O:16])[H:22],"EVODEX-P16812,EVODEX-P16889,EVODEX-P16976,EVODEX-P16983,EVODEX-P17067,EVODEX-P17226,EVODEX-P17291,EVODEX-P17306,EVODEX-P17510,EVODEX-P17576,EVODEX-P17584,EVODEX-P17653,EVODEX-P17659,EVODEX-P17889,EVODEX-P17918,EVODEX-P17926"
EVODEX-N6443,[H]OC(=O)C(C([H])([H])C([H])([H])C(=O)O[H])=[O:16]>>[H]OC(=O)[C@@]([H])(N([H])[H])C([H])([H])C([H])([H])C([H])=[O:16],EVODEX-P16813
EVODEX-N6444,[C:14][C:15](=[O:16])[C:17]>>[H]OC(=O)[C@@]([H])(N([H])[H])C([H])([H])C([H])([H])C([H])=[O:16].[H]N([H])[C@@:15]([H])([C:14])[C:17],EVODEX-P16814
EVODEX-N6445,[H][C:2]([N:1])([C:3])[H:22]>>O=[C:2]([C:3])[H:22].[H]OC(=O)C([H])([H])C([H])([H])[C@@]([H])(C(=O)O[H])[N:1],"EVODEX-P16815,EVODEX-P16893,EVODEX-P16979,EVODEX-P16986,EVODEX-P17070,EVODEX-P17230,EVODEX-P17294,EVODEX-P17310,EVODEX-P17513,EVODEX-P17580,EVODEX-P17588,EVODEX-P17657,EVODEX-P17663,EVODEX-P17893,EVODEX-P17922,EVODEX-P17930"
EVODEX-N6446,[H]OC(=O)C([H])([H])C([H])([H])[C@@]([H])(C(=O)O[H])[N:1]([H:29])[H:30]>>[H]OC(=O)[C@@]([H])(N([H])[H])C([H])([H])C([H])([H])C([H])([H])[N:1]([H:29])[H:30],EVODEX-P16818
EVODEX-N6447,[H]OC(=O)[C@@]([H])(N([H])[H])C([H])([H])C([H])([H])C([H])=[O:16].[H]N([H])[C@@:2]([H])([C:3])[C:8]>>[C:2]([C:3])([C:8])=[O:16],EVODEX-P16820
EVODEX-N6448,[H]OC(=O)[C@@]([H])(N([H])[H])C([H])([H])C([H])([H])C([H])=[O:16]>>[H]OC(=O)C(C([H])([H])C([H])([H])C(=O)O[H])=[O:16],EVODEX-P16821
EVODEX-N6449,[H][C@:2]([N:1])([C:3])[C:8]>>O=[C:2]([C:3])[C:8].[H]OC(=O)[C@@]([H])(N([H])[H])C([H])([H])C([H])([H])C([H])([H])[N:1],EVODEX-P16822
EVODEX-N6450,[H][C:11](=[O:10])[C:12]>>[H]N([H])C(=O)C([H])([H])[C:11](=[O:10])[C:12],EVODEX-P16826
EVODEX-N6451,[H]N([H])C(=O)C([H])([H])[C@:5]([N:6])([C:7])[H:19]>>[H][C:5]([N:6])([C:7])[H:19],EVODEX-P16827
EVODEX-N6452,[H][C:1]([C:2])([H:16])[H:17].[N:7][C:8](=[O:9])[C:10]>>[C:1]([C:2])([C:8]([N:7])=[O:9])([H:16])[H:17].[H][C:10],EVODEX-P16829
EVODEX-N6453,[H]N([H])C(=O)[C:10]([C:11])([H:22])[H:23]>>[H][C:10]([C:11])([H:22])[H:23],EVODEX-P16830
EVODEX-N6454,[H][C:1]([C:2])([H:16])[H:17].[H]OC(=O)[C@@]([H])(N([H])[H])C([H])([H])[C:8]([N:7])=[O:9]>>[C:1]([C:2])([C:8]([N:7])=[O:9])([H:16])[H:17],EVODEX-P16831
EVODEX-N6455,[H][C:1]([C:2])([H:16])[H:17]>>[H]N([H])C(=O)[C:1]([C:2])([H:16])[H:17],EVODEX-P16832
EVODEX-N6456,[H]N([H])C(=O)C([H])([H])[C:11]([C:12])([H:25])[H:26]>>[H][C:11]([C:12])([H:25])[H:26],EVODEX-P16835
EVODEX-N6457,[H]OC(=O)[C@@]([H])(N([H])[H])C([H])([H])[C:10]([C:8])([H:23])[H:24]>>[H]OC(=O)C(=O)C([H])([H])[C:10]([C:8])([H:23])[H:24],EVODEX-P16837
EVODEX-N6458,[H][C:1]([C:2])([H:17])[H:18]>>[H]N([H])C(=O)C([H])([H])[C:1]([C:2])([H:17])[H:18],EVODEX-P16838
EVODEX-N6459,[H]OC(=O)[C@]([H])(C([H])([H])C([H])([H])C(=O)N([H])[H])[N:7]([H:30])[H:31].O=[C:14]([C:12])[C:16]>>[H][C@@:14]([N:7]([H:30])[H:31])([C:12])[C:16],"EVODEX-P16841,EVODEX-P17247,EVODEX-P17255,EVODEX-P17716,EVODEX-P17904"
EVODEX-N6460,[H]OC(=O)[C@]([H])(C([H])([H])C([H])([H])C(=O)N([H])[H])[N:7]([H:30])[H:31]>>[H]OC(=O)[C@]([H])(C([H])([H])C1:C([H]):C([H]):C([H]):C([H]):C:1[H])[N:7]([H:30])[H:31],EVODEX-P16842
EVODEX-N6461,[H]N([H])[C@@:6]([H])([C:5])[C:8].[H]OC(=O)C(C([H])([H])C1:C([H]):C([H]):C([H]):C([H]):C:1[H])=[O:15]>>[C:5][C:6]([C:8])=[O:15],"EVODEX-P16843,EVODEX-P16962,EVODEX-P17433"
EVODEX-N6462,[H]OC(=O)C(C([H])([H])C1:C([H]):C([H]):C([H]):C([H]):C:1[H])=[O:15]>>[H]OC(=O)C(C([H])([H])C([H])([H])C(=O)N([H])[H])=[O:15],EVODEX-P16844
EVODEX-N6463,[C:12][C:14](=[O:15])[C:16]>>[H]OC(=O)C(C([H])([H])C([H])([H])C(=O)N([H])[H])=[O:15].[H]N([H])[C@:14]([H])([C:12])[C:16],"EVODEX-P16845,EVODEX-P17252,EVODEX-P17260,EVODEX-P17722,EVODEX-P17907"
EVODEX-N6464,[H][C@@:6]([C:5])([N:7])[C:8]>>O=[C:6]([C:5])[C:8].[H]OC(=O)[C@]([H])(C([H])([H])C1:C([H]):C([H]):C([H]):C([H]):C:1[H])[N:7],"EVODEX-P16846,EVODEX-P16965,EVODEX-P17436"
EVODEX-N6465,[H][C:3]([C:2](=[O:1])[C:5])([O:4][H])[H:11]>>[H][O:1][C@@:2]([H])([C:3](=[O:4])[H:11])[C:5],"EVODEX-P16847,EVODEX-P31654,EVODEX-P31656,EVODEX-P31657,EVODEX-P31660,EVODEX-P31661,EVODEX-P31667,EVODEX-P31670,EVODEX-P31677,EVODEX-P31682,EVODEX-P31686,EVODEX-P31688"
EVODEX-N6466,[H][C@@:3]([C:2](=[O:1])[H:11])([O:4][H])[C:5]>>[H][O:1][C:2]([H])([C:3](=[O:4])[C:5])[H:11],"EVODEX-P16848,EVODEX-P31589,EVODEX-P31653,EVODEX-P31655,EVODEX-P31658,EVODEX-P31659,EVODEX-P31662,EVODEX-P31665,EVODEX-P31666,EVODEX-P31669,EVODEX-P31678,EVODEX-P31681,EVODEX-P31687"
EVODEX-N6467,[H]OC(=O)C([H])([H])C([H])([H])[C@@]([H])(C(=O)O[H])[N:1]([H:31])[H:32]>>[H]OC(=O)C([H])([H])C([H])([H])C(=O)N([H])C([H])(C(=O)O[H])C([H])([H])C([H])([H])C([H])([H])[C@@]([H])(C(=O)O[H])[N:1]([H:31])[H:32],EVODEX-P16852
EVODEX-N6468,[H]N([H])[C@@:2]([H])([C:3])[C:8].[H]OC(=O)C(C([H])([H])C([H])([H])C([H])([H])C([H])(C(=O)O[H])N([H])C(=O)C([H])([H])C([H])([H])C(=O)O[H])=[O:24]>>[C:2]([C:3])([C:8])=[O:24],EVODEX-P16853
EVODEX-N6469,[H]OC(=O)C(C([H])([H])C([H])([H])C([H])([H])C([H])(C(=O)O[H])N([H])C(=O)C([H])([H])C([H])([H])C(=O)O[H])=[O:24]>>[H]OC(=O)C(C([H])([H])C([H])([H])C(=O)O[H])=[O:24],EVODEX-P16854
EVODEX-N6470,[H][C@:2]([N:1])([C:3])[C:8]>>O=[C:2]([C:3])[C:8].[H]OC(=O)C([H])([H])C([H])([H])C(=O)N([H])C([H])(C(=O)O[H])C([H])([H])C([H])([H])C([H])([H])[C@@]([H])(C(=O)O[H])[N:1],EVODEX-P16856
EVODEX-N6471,[H]OC(=O)C([H])([H])C([H])([H])C(=O)N([H])C([H])(C(=O)O[H])C([H])([H])C([H])([H])C([H])([H])[C@@]([H])(C(=O)O[H])[N:1]([H:31])[H:32].O=[C:26]([C:25])[C:28]>>[H][C@:26]([N:1]([H:31])[H:32])([C:25])[C:28],EVODEX-P16858
EVODEX-N6472,[H]OC(=O)C([H])([H])C([H])([H])C(=O)N([H])C([H])(C(=O)O[H])C([H])([H])C([H])([H])C([H])([H])[C@@]([H])(C(=O)O[H])[N:1]([H:31])[H:32]>>[H]OC(=O)C([H])([H])C([H])([H])[C@@]([H])(C(=O)O[H])[N:1]([H:31])[H:32],EVODEX-P16859
EVODEX-N6473,[H]OC(=O)C(C([H])([H])C([H])([H])C(=O)O[H])=[O:27]>>[H]OC(=O)C(C([H])([H])C([H])([H])C([H])([H])C([H])(C(=O)O[H])N([H])C(=O)C([H])([H])C([H])([H])C(=O)O[H])=[O:27],EVODEX-P16861
EVODEX-N6474,[C:25][C:26](=[O:27])[C:28]>>[H]OC(=O)C(C([H])([H])C([H])([H])C([H])([H])C([H])(C(=O)O[H])N([H])C(=O)C([H])([H])C([H])([H])C(=O)O[H])=[O:27].[H]N([H])[C@@:26]([H])([C:25])[C:28],EVODEX-P16863
EVODEX-N6475,[H]OC(=O)[C@]([H])(C([H])([H])[H])[N:3]([H:18])[H:19].O=[C:8]([C:9])[H:21]>>[H][C:8]([N:3]([H:18])[H:19])([C:9])[H:21],"EVODEX-P16866,EVODEX-P16996,EVODEX-P17087,EVODEX-P17136,EVODEX-P17166,EVODEX-P17208,EVODEX-P17529,EVODEX-P17672,EVODEX-P17787,EVODEX-P17934,EVODEX-P30285"
EVODEX-N6476,[H]OC(=O)[C@]([H])(C([H])([H])[H])[N:3]([H:17])[H:18]>>[H]OC(=O)C([H])([H])C([H])([H])[N:3]([H:17])[H:18],EVODEX-P16868
EVODEX-N6477,[H]N([H])[C@@:2]([H])([C:1])[C:4].[H]OC(=O)C([H])([H])C([H])=[O:7]>>[C:1][C:2]([C:4])=[O:7],EVODEX-P16869
EVODEX-N6478,[H]OC(=O)C([H])([H])C([H])=[O:7]>>[H]OC(=O)C(C([H])([H])[H])=[O:7],EVODEX-P16870
EVODEX-N6479,[O:7]=[C:8]([C:9])[H:21]>>[H]OC(=O)C(C([H])([H])[H])=[O:7].[H]N([H])[C:8]([H])([C:9])[H:21],"EVODEX-P16871,EVODEX-P17001,EVODEX-P17092,EVODEX-P17139,EVODEX-P17171,EVODEX-P17213,EVODEX-P17533,EVODEX-P17677,EVODEX-P17792,EVODEX-P17937,EVODEX-P30289"
EVODEX-N6480,[H][C@@:2]([C:1])([N:3])[C:4]>>O=[C:2]([C:1])[C:4].[H]OC(=O)C([H])([H])C([H])([H])[N:3],EVODEX-P16872
EVODEX-N6481,[H]OC(=O)C(C([H])([H])[H])=[O:3].[H]N([H])[C:8]([H])([C:9])[H:20]>>[O:3]=[C:8]([C:9])[H:20],"EVODEX-P16874,EVODEX-P16988,EVODEX-P17079,EVODEX-P17127,EVODEX-P17200,EVODEX-P17445,EVODEX-P17452,EVODEX-P17522,EVODEX-P17665,EVODEX-P17850,EVODEX-P17858,EVODEX-P17873,EVODEX-P17895,EVODEX-P17940,EVODEX-P30292"
EVODEX-N6482,[H]OC(=O)C(C([H])([H])[H])=[O:3]>>[H]OC(=O)C([H])([H])C([H])=[O:3],EVODEX-P16876
EVODEX-N6483,O=[C:2]([C:1])[C:4].[H]OC(=O)C([H])([H])C([H])([H])[N:7]([H:17])[H:18]>>[H][C@:2]([C:1])([C:4])[N:7]([H:17])[H:18],EVODEX-P16877
EVODEX-N6484,[H]OC(=O)C([H])([H])C([H])([H])[N:7]([H:17])[H:18]>>[H]OC(=O)[C@]([H])(C([H])([H])[H])[N:7]([H:17])[H:18],EVODEX-P16878
EVODEX-N6485,[H][C:8]([N:7])([C:9])[H:20]>>[H]OC(=O)[C@]([H])(C([H])([H])[H])[N:7].O=[C:8]([C:9])[H:20],"EVODEX-P16879,EVODEX-P16993,EVODEX-P17084,EVODEX-P17131,EVODEX-P17205,EVODEX-P17449,EVODEX-P17457,EVODEX-P17526,EVODEX-P17669,EVODEX-P17855,EVODEX-P17863,EVODEX-P17876,EVODEX-P17899,EVODEX-P17945,EVODEX-P30296"
EVODEX-N6486,[C:1][C:2](=[O:3])[C:4]>>[H]N([H])[C@@:2]([H])([C:1])[C:4].[H]OC(=O)C([H])([H])C([H])=[O:3],EVODEX-P16880
EVODEX-N6487,[C:2][C:8](=[O:9])[O:10].[H][C:12](=[O:11])[C:13]>>[C:8](=[O:9])([O:10])[C:12](=[O:11])[C:13].[H][C:2],EVODEX-P16881
EVODEX-N6488,[H]OC(=O)C([H])([H])C([H])([H])[C@]([H])(N([H])[H])[C:8](=[O:9])[O:10].[H][C:12](=[O:11])[C:13]>>[C:8](=[O:9])([O:10])[C:12](=[O:11])[C:13],EVODEX-P16883
EVODEX-N6489,[H][C:12](=[O:11])[C:13]>>[H]OC(=O)[C:12](=[O:11])[C:13],"EVODEX-P16884,EVODEX-P29448,EVODEX-P29466"
EVODEX-N6490,[H]OC(=O)[C@@]([H])(C([H])([H])[H])C([H])([H])[N:4]([H:24])[H:25].O=[C:13]([C:12])[C:15]>>[H][C@:13]([N:4]([H:24])[H:25])([C:12])[C:15],"EVODEX-P16887,EVODEX-P17129"
EVODEX-N6491,[H]OC(=O)[C@@]([H])(C([H])([H])[H])C([H])([H])[N:4]([H:24])[H:25]>>[H]OC(=O)C([H])([H])C([H])([H])[C@@]([H])(C(=O)O[H])[N:4]([H:24])[H:25],EVODEX-P16888
EVODEX-N6492,[H]OC(=O)C(C([H])([H])C([H])([H])C(=O)O[H])=[O:14]>>[H]OC(=O)C([H])(C([H])=[O:14])C([H])([H])[H],EVODEX-P16890
EVODEX-N6493,[C:12][C:13](=[O:14])[C:15]>>[H]OC(=O)C([H])(C([H])=[O:14])C([H])([H])[H].[H]N([H])[C@@:13]([H])([C:12])[C:15],"EVODEX-P16892,EVODEX-P17132"
EVODEX-N6494,[H]OC(=O)C([H])(C([H])=[O:4])C([H])([H])[H].[H]N([H])[C@@:9]([H])([C:10])[C:15]>>[O:4]=[C:9]([C:10])[C:15],"EVODEX-P16895,EVODEX-P17134"
EVODEX-N6495,[H]OC(=O)C([H])(C([H])=[O:4])C([H])([H])[H]>>[H]OC(=O)C(C([H])([H])C([H])([H])C(=O)O[H])=[O:4],EVODEX-P16896
EVODEX-N6496,[H]OC(=O)C([H])([H])C([H])([H])[C@@]([H])(C(=O)O[H])[N:8]([H:24])[H:25]>>[H]OC(=O)[C@@]([H])(C([H])([H])[H])C([H])([H])[N:8]([H:24])[H:25],EVODEX-P16898
EVODEX-N6497,[H][C@:9]([N:8])([C:10])[C:15]>>[H]OC(=O)[C@@]([H])(C([H])([H])[H])C([H])([H])[N:8].O=[C:9]([C:10])[C:15],"EVODEX-P16900,EVODEX-P17138"
EVODEX-N6498,[C:4][O:5][H:28].[H][C:15]([C:13])([C:16])[H:32]>>[H][C:4].[O:5]([C:15]([C:13])([C:16])[H:32])[H:28],"EVODEX-P16902,EVODEX-P16908,EVODEX-P20985,EVODEX-P21000,EVODEX-P21005,EVODEX-P21028"
EVODEX-N6499,[H]OC(=O)C([H])(C([H])([H])[C@@]([H])(C(=O)O[H])N([H])[H])[O:5][H:28].[H][C:15]([C:13])([C:16])[H:32]>>[O:5]([C:15]([C:13])([C:16])[H:32])[H:28],EVODEX-P16903
EVODEX-N6500,[H]OC(=O)C([H])(C([H])([H])[C@@]([H])(C(=O)O[H])N([H])[H])[O:5][H:28]>>[H]OC(=O)C(=O)C([H])([H])C([H])(C(=O)O[H])[O:5][H:28],EVODEX-P16905
EVODEX-N6501,>>[H].[H]OC(=O)C([H])C([H])([H])C(=O)C(=O)O[H],EVODEX-P16907
EVODEX-N6502,[H][C:4]([C:3])([C:5])[H:27].[H]OC(=O)C(=O)C([H])([H])C([H])(C(=O)O[H])[O:18][H:35]>>[C:3][C:4]([C:5])([O:18][H:35])[H:27],EVODEX-P16910
EVODEX-N6503,[H]OC(=O)C(=O)C([H])([H])C([H])(C(=O)O[H])[O:18][H:35]>>[H]OC(=O)C([H])(C([H])([H])[C@@]([H])(C(=O)O[H])N([H])[H])[O:18][H:35],EVODEX-P16911
EVODEX-N6504,[H]OC(=O)[C@]([H])(C([H])([H])C1:C([H]):C(I):C(O[H]):C(I):C:1[H])[N:1]([H:26])[H:27].O=[C:21]([C:20])[C:23]>>[H][C@:21]([N:1]([H:26])[H:27])([C:20])[C:23],EVODEX-P16915
EVODEX-N6505,[H]OC(=O)[C@]([H])(C([H])([H])C1:C([H]):C(I):C(O[H]):C(I):C:1[H])[N:1]([H:26])[H:27]>>[H]OC(=O)C([H])([H])C([H])([H])[C@@]([H])(C(=O)O[H])[N:1]([H:26])[H:27],EVODEX-P16916
EVODEX-N6506,[H]OC(=O)C(C([H])([H])C([H])([H])C(=O)O[H])=[O:22]>>[H]OC(=O)C(C([H])([H])C1:C([H]):C(I):C(O[H]):C(I):C:1[H])=[O:22],EVODEX-P16918
EVODEX-N6507,[C:20][C:21](=[O:22])[C:23]>>[H]OC(=O)C(C([H])([H])C1:C([H]):C(I):C(O[H]):C(I):C:1[H])=[O:22].[H]N([H])[C@@:21]([H])([C:20])[C:23],EVODEX-P16920
EVODEX-N6508,[H]OC(=O)[C@]([H])(C([H])([H])C1:C([H]):C([H]):C([H]):C([H]):C:1[H])[N:1]([H:23])[H:24].O=[C:18]([C:17])[C:20]>>[H][C@:18]([N:1]([H:23])[H:24])([C:17])[C:20],"EVODEX-P16923,EVODEX-P16967,EVODEX-P17345,EVODEX-P17381,EVODEX-P17438"
EVODEX-N6509,[H]OC(=O)[C@]([H])(C([H])([H])C1:C([H]):C([H]):C([H]):C([H]):C:1[H])[N:1]([H:23])[H:24]>>[H]OC(=O)C([H])([H])C([H])([H])[C@@]([H])(C(=O)O[H])[N:1]([H:23])[H:24],EVODEX-P16924
EVODEX-N6510,[H]OC(=O)C(C([H])([H])C([H])([H])C(=O)O[H])=[O:19]>>[H]OC(=O)C(C([H])([H])C1:C([H]):C([H]):C([H]):C([H]):C:1[H])=[O:19],EVODEX-P16926
EVODEX-N6511,[C:17][C:18](=[O:19])[C:20]>>[H]OC(=O)C(C([H])([H])C1:C([H]):C([H]):C([H]):C([H]):C:1[H])=[O:19].[H]N([H])[C@@:18]([H])([C:17])[C:20],"EVODEX-P16927,EVODEX-P16971,EVODEX-P17348,EVODEX-P17384,EVODEX-P17442"
EVODEX-N6512,[H]OC(=O)[C@]([H])(C([H])([H])C1:C([H]):C(I):C(OC2:C([H]):C([H]):C(O[H]):C(I):C:2[H]):C(I):C:1[H])[N:1]([H:34])[H:35].O=[C:29]([C:28])[C:31]>>[H][C@:29]([N:1]([H:34])[H:35])([C:28])[C:31],EVODEX-P16930
EVODEX-N6513,[H]OC(=O)[C@]([H])(C([H])([H])C1:C([H]):C(I):C(OC2:C([H]):C([H]):C(O[H]):C(I):C:2[H]):C(I):C:1[H])[N:1]([H:34])[H:35]>>[H]OC(=O)C([H])([H])C([H])([H])[C@@]([H])(C(=O)O[H])[N:1]([H:34])[H:35],EVODEX-P16931
EVODEX-N6514,[H]OC(=O)C(C([H])([H])C([H])([H])C(=O)O[H])=[O:30]>>[H]OC(=O)C(C([H])([H])C1:C([H]):C(I):C(OC2:C([H]):C([H]):C(O[H]):C(I):C:2[H]):C(I):C:1[H])=[O:30],EVODEX-P16933
EVODEX-N6515,[C:28][C:29](=[O:30])[C:31]>>[H]OC(=O)C(C([H])([H])C1:C([H]):C(I):C(OC2:C([H]):C([H]):C(O[H]):C(I):C:2[H]):C(I):C:1[H])=[O:30].[H]N([H])[C@@:29]([H])([C:28])[C:31],EVODEX-P16935
EVODEX-N6516,[H]OC(=O)C([H])([H])C([H])([H])[C@@]([H])(C(=O)O[H])[N:1]([H:34])[H:35]>>[H]OC(=O)[C@]([H])(C([H])([H])C1:C([H]):C(I):C(OC2:C([H]):C([H]):C(O[H]):C(I):C:2[H]):C(I):C:1[H])[N:1]([H:34])[H:35],EVODEX-P16940
EVODEX-N6517,[H]N([H])[C@@:2]([H])([C:3])[C:8].[H]OC(=O)C(C([H])([H])C1:C([H]):C(I):C(OC2:C([H]):C([H]):C(O[H]):C(I):C:2[H]):C(I):C:1[H])=[O:15]>>[C:2]([C:3])([C:8])=[O:15],EVODEX-P16941
EVODEX-N6518,[H]OC(=O)C(C([H])([H])C1:C([H]):C(I):C(OC2:C([H]):C([H]):C(O[H]):C(I):C:2[H]):C(I):C:1[H])=[O:15]>>[H]OC(=O)C(C([H])([H])C([H])([H])C(=O)O[H])=[O:15],EVODEX-P16942
EVODEX-N6519,[H][C@:2]([N:1])([C:3])[C:8]>>O=[C:2]([C:3])[C:8].[H]OC(=O)[C@]([H])(C([H])([H])C1:C([H]):C(I):C(OC2:C([H]):C([H]):C(O[H]):C(I):C:2[H]):C(I):C:1[H])[N:1],EVODEX-P16944
EVODEX-N6520,[H]OC(=O)[C@]([H])(C([H])([H])C1:C([H]):N([H]):C2:C([H]):C([H]):C([H]):C([H]):C:1:2)[N:1]([H:26])[H:27].O=[C:21]([C:20])[C:23]>>[H][C@:21]([N:1]([H:26])[H:27])([C:20])[C:23],"EVODEX-P16946,EVODEX-P16960"
EVODEX-N6521,[H]OC(=O)[C@]([H])(C([H])([H])C1:C([H]):N([H]):C2:C([H]):C([H]):C([H]):C([H]):C:1:2)[N:1]([H:26])[H:27]>>[H]OC(=O)C([H])([H])C([H])([H])[C@@]([H])(C(=O)O[H])[N:1]([H:26])[H:27],EVODEX-P16947
EVODEX-N6522,[H]OC(=O)C(C([H])([H])C([H])([H])C(=O)O[H])=[O:22]>>[H]OC(=O)C(C([H])([H])C1:C([H]):N([H]):C2:C([H]):C([H]):C([H]):C([H]):C:1:2)=[O:22],EVODEX-P16949
EVODEX-N6523,[C:20][C:21](=[O:22])[C:23]>>[H]OC(=O)C(C([H])([H])C1:C([H]):N([H]):C2:C([H]):C([H]):C([H]):C([H]):C:1:2)=[O:22].[H]N([H])[C@@:21]([H])([C:20])[C:23],"EVODEX-P16950,EVODEX-P16964"
EVODEX-N6524,[H]OC(=O)C([H])([H])C([H])([H])[C@@]([H])(C(=O)O[H])[N:1]([H:26])[H:27]>>[H]OC(=O)[C@]([H])(C([H])([H])C1:C([H]):N([H]):C2:C([H]):C([H]):C([H]):C([H]):C:1:2)[N:1]([H:26])[H:27],EVODEX-P16954
EVODEX-N6525,[H]N([H])[C@@:2]([H])([C:3])[C:8].[H]OC(=O)C(C([H])([H])C1:C([H]):N([H]):C2:C([H]):C([H]):C([H]):C([H]):C:1:2)=[O:15]>>[C:2]([C:3])([C:8])=[O:15],"EVODEX-P16955,EVODEX-P16969,EVODEX-P17703"
EVODEX-N6526,[H]OC(=O)C(C([H])([H])C1:C([H]):N([H]):C2:C([H]):C([H]):C([H]):C([H]):C:1:2)=[O:15]>>[H]OC(=O)C(C([H])([H])C([H])([H])C(=O)O[H])=[O:15],EVODEX-P16956
EVODEX-N6527,[H][C@:2]([N:1])([C:3])[C:8]>>O=[C:2]([C:3])[C:8].[H]OC(=O)[C@]([H])(C([H])([H])C1:C([H]):N([H]):C2:C([H]):C([H]):C([H]):C([H]):C:1:2)[N:1],"EVODEX-P16958,EVODEX-P16972,EVODEX-P17706"
EVODEX-N6528,[H]OC(=O)[C@]([H])(C([H])([H])C1:C([H]):N([H]):C2:C([H]):C([H]):C([H]):C([H]):C:1:2)[N:1]([H:28])[H:29]>>[H]OC(=O)[C@]([H])(C([H])([H])C1:C([H]):C([H]):C([H]):C([H]):C:1[H])[N:1]([H:28])[H:29],EVODEX-P16961
EVODEX-N6529,[H]OC(=O)C(C([H])([H])C1:C([H]):C([H]):C([H]):C([H]):C:1[H])=[O:20]>>[H]OC(=O)C(C([H])([H])C1:C([H]):N([H]):C2:C([H]):C([H]):C([H]):C([H]):C:1:2)=[O:20],EVODEX-P16963
EVODEX-N6530,[H]OC(=O)[C@]([H])(C([H])([H])C1:C([H]):C([H]):C([H]):C([H]):C:1[H])[N:1]([H:28])[H:29]>>[H]OC(=O)[C@]([H])(C([H])([H])C1:C([H]):N([H]):C2:C([H]):C([H]):C([H]):C([H]):C:1:2)[N:1]([H:28])[H:29],EVODEX-P16968
EVODEX-N6531,[H]OC(=O)C(C([H])([H])C1:C([H]):N([H]):C2:C([H]):C([H]):C([H]):C([H]):C:1:2)=[O:17]>>[H]OC(=O)C(C([H])([H])C1:C([H]):C([H]):C([H]):C([H]):C:1[H])=[O:17],EVODEX-P16970
EVODEX-N6532,[H]N([H])C([H])([H])C([H])([H])C([H])([H])C([H])([H])[N:1]([H:17])[H:18].O=[C:12]([C:11])[C:14]>>[H][C@:12]([N:1]([H:17])[H:18])([C:11])[C:14],EVODEX-P16974
EVODEX-N6533,[H]N([H])C([H])([H])C([H])([H])C([H])([H])C([H])([H])[N:1]([H:17])[H:18]>>[H]OC(=O)C([H])([H])C([H])([H])[C@@]([H])(C(=O)O[H])[N:1]([H:17])[H:18],EVODEX-P16975
EVODEX-N6534,[H]OC(=O)C(C([H])([H])C([H])([H])C(=O)O[H])=[O:13]>>[H]C(C([H])([H])C([H])([H])C([H])([H])N([H])[H])=[O:13],EVODEX-P16977
EVODEX-N6535,[C:11][C:12](=[O:13])[C:14]>>[H]C(C([H])([H])C([H])([H])C([H])([H])N([H])[H])=[O:13].[H]N([H])[C@@:12]([H])([C:11])[C:14],EVODEX-P16978
EVODEX-N6536,[H]N([H])C([H])([H])C([H])([H])C([H])([H])[N:1]([H:16])[H:17].O=[C:11]([C:10])[C:13]>>[H][C@:11]([N:1]([H:16])[H:17])([C:10])[C:13],EVODEX-P16981
EVODEX-N6537,[H]N([H])C([H])([H])C([H])([H])C([H])([H])[N:1]([H:16])[H:17]>>[H]OC(=O)C([H])([H])C([H])([H])[C@@]([H])(C(=O)O[H])[N:1]([H:16])[H:17],EVODEX-P16982
EVODEX-N6538,[H]OC(=O)C(C([H])([H])C([H])([H])C(=O)O[H])=[O:12]>>[H]C(C([H])([H])C([H])([H])N([H])[H])=[O:12],EVODEX-P16984
EVODEX-N6539,[C:10][C:11](=[O:12])[C:13]>>[H]C(C([H])([H])C([H])([H])N([H])[H])=[O:12].[H]N([H])[C@@:11]([H])([C:10])[C:13],EVODEX-P16985
EVODEX-N6540,[H]OC(=O)C(C([H])([H])[H])=[O:3]>>[H]OC1:C(C([H])([H])[H]):N:C([H]):C(C([H])([H])O[H]):C:1C([H])=[O:3],EVODEX-P16990
EVODEX-N6541,O=[C:2]([C:1])[C:4].[H]OC1:C(C([H])([H])[H]):N:C([H]):C(C([H])([H])O[H]):C:1C([H])([H])[N:16]([H:32])[H:33]>>[H][C@:2]([C:1])([C:4])[N:16]([H:32])[H:33],"EVODEX-P16991,EVODEX-P17004"
EVODEX-N6542,[H]OC1:C(C([H])([H])[H]):N:C([H]):C(C([H])([H])O[H]):C:1C([H])([H])[N:16]([H:32])[H:33]>>[H]OC(=O)[C@]([H])(C([H])([H])[H])[N:16]([H:32])[H:33],EVODEX-P16992
EVODEX-N6543,[C:1][C:2](=[O:3])[C:4]>>[H]N([H])[C@@:2]([H])([C:1])[C:4].[H]OC1:C(C([H])([H])[H]):N:C([H]):C(C([H])([H])O[H]):C:1C([H])=[O:3],"EVODEX-P16994,EVODEX-P17008"
EVODEX-N6544,[H]OC(=O)[C@]([H])(C([H])([H])[H])[N:3]([H:23])[H:24]>>[H]OC1:C(C([H])([H])[H]):N:C([H]):C(C([H])([H])O[H]):C:1C([H])([H])[N:3]([H:23])[H:24],EVODEX-P16998
EVODEX-N6545,[H]N([H])[C@@:2]([H])([C:1])[C:4].[H]OC1:C(C([H])([H])[H]):N:C([H]):C(C([H])([H])O[H]):C:1C([H])=[O:16]>>[C:1][C:2]([C:4])=[O:16],"EVODEX-P16999,EVODEX-P17011"
EVODEX-N6546,[H]OC1:C(C([H])([H])[H]):N:C([H]):C(C([H])([H])O[H]):C:1C([H])=[O:16]>>[H]OC(=O)C(C([H])([H])[H])=[O:16],EVODEX-P17000
EVODEX-N6547,[H][C@@:2]([C:1])([N:3])[C:4]>>O=[C:2]([C:1])[C:4].[H]OC1:C(C([H])([H])[H]):N:C([H]):C(C([H])([H])O[H]):C:1C([H])([H])[N:3],"EVODEX-P17002,EVODEX-P17015"
EVODEX-N6548,[H]OC1:C(C([H])([H])[H]):N:C([H]):C(C([H])([H])O[H]):C:1C([H])([H])[N:10]([H:31])[H:32]>>[H]OC(=O)C([H])([H])[C@@]([H])(C(=O)O[H])[N:10]([H:31])[H:32],EVODEX-P17005
EVODEX-N6549,[H]N([H])[C:9]([H])([C:8])[H:29].[H]OC(=O)C(C([H])([H])C(=O)O[H])=[O:18]>>[C:8][C:9](=[O:18])[H:29],EVODEX-P17006
EVODEX-N6550,[H]OC(=O)C(C([H])([H])C(=O)O[H])=[O:18]>>[H]OC1:C(C([H])([H])[H]):N:C([H]):C(C([H])([H])O[H]):C:1C([H])=[O:18],EVODEX-P17007
EVODEX-N6551,[H][C:9]([C:8])([N:10])[H:29]>>O=[C:9]([C:8])[H:29].[H]OC(=O)C([H])([H])[C@@]([H])(C(=O)O[H])[N:10],EVODEX-P17009
EVODEX-N6552,[H]OC1:C(C([H])([H])[H]):N:C([H]):C(C([H])([H])O[H]):C:1C([H])=[O:10]>>[H]OC(=O)C(C([H])([H])C(=O)O[H])=[O:10],EVODEX-P17012
EVODEX-N6553,O=[C:9]([C:8])[H:29].[H]OC(=O)C([H])([H])[C@@]([H])(C(=O)O[H])[N:13]([H:31])[H:32]>>[H][C:9]([C:8])([N:13]([H:31])[H:32])[H:29],EVODEX-P17013
EVODEX-N6554,[H]OC(=O)C([H])([H])[C@@]([H])(C(=O)O[H])[N:13]([H:31])[H:32]>>[H]OC1:C(C([H])([H])[H]):N:C([H]):C(C([H])([H])O[H]):C:1C([H])([H])[N:13]([H:31])[H:32],EVODEX-P17014
EVODEX-N6555,[C:8][C:9](=[O:10])[H:29]>>[H]N([H])[C:9]([H])([C:8])[H:29].[H]OC(=O)C(C([H])([H])C(=O)O[H])=[O:10],EVODEX-P17016
EVODEX-N6556,[H][C:1]([C:2])([H:18])[H:19].[H]OC(=O)C(=O)[C@@]([H])(C([H])([H])[H])C([H])([H])[C:9]([H:29])([H:30])[H:31]>>[C:1]([C:2])([C:9]([H:29])([H:30])[H:31])([H:18])[H:19],EVODEX-P17019
EVODEX-N6557,>>[H]OC(=O)[C@@]([H])(N([H])[H])[C@]([H])(C([H])[H])C([H])([H])[H].[H],EVODEX-P17021
EVODEX-N6558,[H]O[C@@]1([H])[C@@]([H])(OP(=O)(O[H])OP(=O)(O[H])OC([H])([H])[C@@]2([H])O[C@@]([H])(N3:C([H]):C(C([H])([H])[H]):C(=O):N([H]):C:3=O)C([H])([H])[C@]2([H])O[H])O[C@]([H])(C([H])([H])[H])C(=[O:25])[C@]1([H])O[H].[H]N([H])[C@@:37]([H])([C:38])[C:43]>>[O:25]=[C:37]([C:38])[C:43],EVODEX-P17023
EVODEX-N6559,[H]O[C@@]1([H])[C@@]([H])(OP(=O)(O[H])OP(=O)(O[H])OC([H])([H])[C@@]2([H])O[C@@]([H])(N3:C([H]):C(C([H])([H])[H]):C(=O):N([H]):C:3=O)C([H])([H])[C@]2([H])O[H])O[C@]([H])(C([H])([H])[H])C(=[O:25])[C@]1([H])O[H]>>[H]OC(=O)C(C([H])([H])C([H])([H])C(=O)O[H])=[O:25],EVODEX-P17024
EVODEX-N6560,[H]OC(=O)C([H])([H])C([H])([H])[C@@]([H])(C(=O)O[H])[N:36]([H:70])[H:71]>>[H]O[C@@]1([H])[C@@]([H])(OP(=O)(O[H])OP(=O)(O[H])OC([H])([H])[C@@]2([H])O[C@@]([H])(N3:C([H]):C(C([H])([H])[H]):C(=O):N([H]):C:3=O)C([H])([H])[C@]2([H])O[H])O[C@]([H])(C([H])([H])[H])[C@@]([H])([N:36]([H:70])[H:71])[C@]1([H])O[H],EVODEX-P17026
EVODEX-N6561,[H][C@:37]([N:36])([C:38])[C:43]>>[H]O[C@@]1([H])[C@@]([H])(OP(=O)(O[H])OP(=O)(O[H])OC([H])([H])[C@@]2([H])O[C@@]([H])(N3:C([H]):C(C([H])([H])[H]):C(=O):N([H]):C:3=O)C([H])([H])[C@]2([H])O[H])O[C@]([H])(C([H])([H])[H])[C@@]([H])([N:36])[C@]1([H])O[H].O=[C:37]([C:38])[C:43],EVODEX-P17028
EVODEX-N6562,[H]O[C@@]1([H])[C@@]([H])(OP(=O)(O[H])OP(=O)(O[H])OC([H])([H])[C@@]2([H])O[C@@]([H])(N3:C([H]):C(C([H])([H])[H]):C(=O):N([H]):C:3=O)C([H])([H])[C@]2([H])O[H])O[C@]([H])(C([H])([H])[H])[C@@]([H])([N:25]([H:66])[H:67])[C@]1([H])O[H].O=[C:41]([C:40])[C:43]>>[H][C@:41]([N:25]([H:66])[H:67])([C:40])[C:43],EVODEX-P17031
EVODEX-N6563,[H]O[C@@]1([H])[C@@]([H])(OP(=O)(O[H])OP(=O)(O[H])OC([H])([H])[C@@]2([H])O[C@@]([H])(N3:C([H]):C(C([H])([H])[H]):C(=O):N([H]):C:3=O)C([H])([H])[C@]2([H])O[H])O[C@]([H])(C([H])([H])[H])[C@@]([H])([N:25]([H:66])[H:67])[C@]1([H])O[H]>>[H]OC(=O)C([H])([H])C([H])([H])[C@@]([H])(C(=O)O[H])[N:25]([H:66])[H:67],EVODEX-P17032
EVODEX-N6564,[H]OC(=O)C(C([H])([H])C([H])([H])C(=O)O[H])=[O:42]>>[H]O[C@@]1([H])[C@@]([H])(OP(=O)(O[H])OP(=O)(O[H])OC([H])([H])[C@@]2([H])O[C@@]([H])(N3:C([H]):C(C([H])([H])[H]):C(=O):N([H]):C:3=O)C([H])([H])[C@]2([H])O[H])O[C@]([H])(C([H])([H])[H])C(=[O:42])[C@]1([H])O[H],EVODEX-P17034
EVODEX-N6565,[C:40][C:41](=[O:42])[C:43]>>[H]O[C@@]1([H])[C@@]([H])(OP(=O)(O[H])OP(=O)(O[H])OC([H])([H])[C@@]2([H])O[C@@]([H])(N3:C([H]):C(C([H])([H])[H]):C(=O):N([H]):C:3=O)C([H])([H])[C@]2([H])O[H])O[C@]([H])(C([H])([H])[H])C(=[O:42])[C@]1([H])O[H].[H]N([H])[C@@:41]([H])([C:40])[C:43],EVODEX-P17036
EVODEX-N6566,[H]OC1([H])C(=[O:36])C([H])(C([H])([H])[H])OC([H])(OP(=O)(O[H])OP(=O)(O[H])OC([H])([H])[C@@]2([H])O[C@@]([H])(N3:C([H]):C([H]):C(=O):N([H]):C:3=O)[C@]([H])(O[H])[C@]2([H])O[H])C1([H])N([H])C(=O)C([H])([H])[H].[H]N([H])[C@@:40]([H])([C:41])[C:46]>>[O:36]=[C:40]([C:41])[C:46],EVODEX-P17039
EVODEX-N6567,[H]OC1([H])C(=[O:36])C([H])(C([H])([H])[H])OC([H])(OP(=O)(O[H])OP(=O)(O[H])OC([H])([H])[C@@]2([H])O[C@@]([H])(N3:C([H]):C([H]):C(=O):N([H]):C:3=O)[C@]([H])(O[H])[C@]2([H])O[H])C1([H])N([H])C(=O)C([H])([H])[H]>>[H]OC(=O)C(C([H])([H])C([H])([H])C(=O)O[H])=[O:36],EVODEX-P17040
EVODEX-N6568,[H]OC(=O)C([H])([H])C([H])([H])[C@@]([H])(C(=O)O[H])[N:39]([H:74])[H:75]>>[H]OC1([H])C([H])(N([H])C(=O)C([H])([H])[H])C([H])(OP(=O)(O[H])OP(=O)(O[H])OC([H])([H])[C@@]2([H])O[C@@]([H])(N3:C([H]):C([H]):C(=O):N([H]):C:3=O)[C@]([H])(O[H])[C@]2([H])O[H])OC([H])(C([H])([H])[H])C1([H])[N:39]([H:74])[H:75],EVODEX-P17042
EVODEX-N6569,[H][C@:40]([N:39])([C:41])[C:46]>>[H]OC1([H])C([H])(N([H])C(=O)C([H])([H])[H])C([H])(OP(=O)(O[H])OP(=O)(O[H])OC([H])([H])[C@@]2([H])O[C@@]([H])(N3:C([H]):C([H]):C(=O):N([H]):C:3=O)[C@]([H])(O[H])[C@]2([H])O[H])OC([H])(C([H])([H])[H])C1([H])[N:39].O=[C:40]([C:41])[C:46],EVODEX-P17044
EVODEX-N6570,[H]OC1([H])C([H])(N([H])C(=O)C([H])([H])[H])C([H])(OP(=O)(O[H])OP(=O)(O[H])OC([H])([H])[C@@]2([H])O[C@@]([H])(N3:C([H]):C([H]):C(=O):N([H]):C:3=O)[C@]([H])(O[H])[C@]2([H])O[H])OC([H])(C([H])([H])[H])C1([H])[N:36]([H:73])[H:74].O=[C:44]([C:43])[C:46]>>[H][C@:44]([N:36]([H:73])[H:74])([C:43])[C:46],EVODEX-P17047
EVODEX-N6571,[H]OC1([H])C([H])(N([H])C(=O)C([H])([H])[H])C([H])(OP(=O)(O[H])OP(=O)(O[H])OC([H])([H])[C@@]2([H])O[C@@]([H])(N3:C([H]):C([H]):C(=O):N([H]):C:3=O)[C@]([H])(O[H])[C@]2([H])O[H])OC([H])(C([H])([H])[H])C1([H])[N:36]([H:73])[H:74]>>[H]OC(=O)C([H])([H])C([H])([H])[C@@]([H])(C(=O)O[H])[N:36]([H:73])[H:74],EVODEX-P17048
EVODEX-N6572,[H]OC(=O)C(C([H])([H])C([H])([H])C(=O)O[H])=[O:45]>>[H]OC1([H])C(=[O:45])C([H])(C([H])([H])[H])OC([H])(OP(=O)(O[H])OP(=O)(O[H])OC([H])([H])[C@@]2([H])O[C@@]([H])(N3:C([H]):C([H]):C(=O):N([H]):C:3=O)[C@]([H])(O[H])[C@]2([H])O[H])C1([H])N([H])C(=O)C([H])([H])[H],EVODEX-P17050
EVODEX-N6573,[C:43][C:44](=[O:45])[C:46]>>[H]OC1([H])C(=[O:45])C([H])(C([H])([H])[H])OC([H])(OP(=O)(O[H])OP(=O)(O[H])OC([H])([H])[C@@]2([H])O[C@@]([H])(N3:C([H]):C([H]):C(=O):N([H]):C:3=O)[C@]([H])(O[H])[C@]2([H])O[H])C1([H])N([H])C(=O)C([H])([H])[H].[H]N([H])[C@@:44]([H])([C:43])[C:46],EVODEX-P17052
EVODEX-N6574,[H]OC(=O)C([H])([H])[C@:2]([N:1])([C:7])[H:17]>>[H][C:2]([N:1])([C:7])[H:17],EVODEX-P17055
EVODEX-N6575,[H][C:11](=[O:10])[C:12]>>[H]OC(=O)C([H])([H])[C:11](=[O:10])[C:12],EVODEX-P17057
EVODEX-N6576,[H][C:2]([N:1])([C:3])[H:17].[H]OC(=O)C(=O)[C:9]([C:7])([H:21])[H:22]>>[N:1][C@:2]([C:3])([C:9]([C:7])([H:21])[H:22])[H:17],EVODEX-P17060
EVODEX-N6577,[H][C:2]([N:1])([C:3])[H:17]>>[H]OC(=O)C([H])([H])[C@:2]([N:1])([C:3])[H:17],EVODEX-P17061
EVODEX-N6578,[H]OC(=O)C([H])([H])[C:10](=[O:11])[C:12]>>[H][C:10](=[O:11])[C:12],EVODEX-P17062
EVODEX-N6579,[H]OC(=O)[C@@]([H])(N([H])[H])C([H])([H])C([H])([H])C([H])([H])C([H])([H])[N:1]([H:21])[H:22].O=[C:16]([C:15])[C:18]>>[H][C@:16]([N:1]([H:21])[H:22])([C:15])[C:18],"EVODEX-P17065,EVODEX-P17447,EVODEX-P17766"
EVODEX-N6580,[H]OC(=O)[C@@]([H])(N([H])[H])C([H])([H])C([H])([H])C([H])([H])C([H])([H])[N:1]([H:21])[H:22]>>[H]OC(=O)C([H])([H])C([H])([H])[C@@]([H])(C(=O)O[H])[N:1]([H:21])[H:22],EVODEX-P17066
EVODEX-N6581,[H]OC(=O)C(C([H])([H])C([H])([H])C(=O)O[H])=[O:17]>>[H]OC(=O)[C@@]([H])(N([H])[H])C([H])([H])C([H])([H])C([H])([H])C([H])=[O:17],EVODEX-P17068
EVODEX-N6582,[C:15][C:16](=[O:17])[C:18]>>[H]OC(=O)[C@@]([H])(N([H])[H])C([H])([H])C([H])([H])C([H])([H])C([H])=[O:17].[H]N([H])[C@@:16]([H])([C:15])[C:18],"EVODEX-P17069,EVODEX-P17450,EVODEX-P17769"
EVODEX-N6583,[H]OC(=O)C([H])([H])C([H])([H])[C@@]([H])(C(=O)O[H])[N:1]([H:32])[H:33]>>[H]OC(=O)[C@@]([H])(N([H])[H])C([H])([H])C([H])([H])C([H])([H])C([H])([H])[N:1]([H:32])[H:33],EVODEX-P17073
EVODEX-N6584,[H]OC(=O)[C@@]([H])(N([H])[H])C([H])([H])C([H])([H])C([H])([H])C([H])=[O:17].[H]N([H])[C@@:2]([H])([C:3])[C:8]>>[C:2]([C:3])([C:8])=[O:17],EVODEX-P17074
EVODEX-N6585,[H]OC(=O)[C@@]([H])(N([H])[H])C([H])([H])C([H])([H])C([H])([H])C([H])=[O:17]>>[H]OC(=O)C(C([H])([H])C([H])([H])C(=O)O[H])=[O:17],EVODEX-P17075
EVODEX-N6586,[H][C@:2]([N:1])([C:3])[C:8]>>O=[C:2]([C:3])[C:8].[H]OC(=O)[C@@]([H])(N([H])[H])C([H])([H])C([H])([H])C([H])([H])C([H])([H])[N:1],EVODEX-P17076
EVODEX-N6587,[H]OC(=O)C(C([H])([H])[H])=[O:3]>>[H]OP(=O)(O[H])C([H])([H])C([H])=[O:3],EVODEX-P17081
EVODEX-N6588,O=[C:2]([C:1])[C:4].[H]OP(=O)(O[H])C([H])([H])C([H])([H])[N:7]([H:18])[H:19]>>[H][C@:2]([C:1])([C:4])[N:7]([H:18])[H:19],EVODEX-P17082
EVODEX-N6589,[H]OP(=O)(O[H])C([H])([H])C([H])([H])[N:7]([H:18])[H:19]>>[H]OC(=O)[C@]([H])(C([H])([H])[H])[N:7]([H:18])[H:19],EVODEX-P17083
EVODEX-N6590,[C:1][C:2](=[O:3])[C:4]>>[H]N([H])[C@@:2]([H])([C:1])[C:4].[H]OP(=O)(O[H])C([H])([H])C([H])=[O:3],EVODEX-P17085
EVODEX-N6591,[H]OC(=O)[C@]([H])(C([H])([H])[H])[N:3]([H:18])[H:19]>>[H]OP(=O)(O[H])C([H])([H])C([H])([H])[N:3]([H:18])[H:19],EVODEX-P17089
EVODEX-N6592,[H]N([H])[C@@:2]([H])([C:1])[C:4].[H]OP(=O)(O[H])C([H])([H])C([H])=[O:7]>>[C:1][C:2]([C:4])=[O:7],EVODEX-P17090
EVODEX-N6593,[H]OP(=O)(O[H])C([H])([H])C([H])=[O:7]>>[H]OC(=O)C(C([H])([H])[H])=[O:7],EVODEX-P17091
EVODEX-N6594,[H][C@@:2]([C:1])([N:3])[C:4]>>O=[C:2]([C:1])[C:4].[H]OP(=O)(O[H])C([H])([H])C([H])([H])[N:3],EVODEX-P17093
EVODEX-N6595,[H]OC(=O)C([H])([H])C([H])([H])[C@@]([H])(C(=O)O[H])[N:1]([H:22])[H:23]>>[H]OC(=O)[C@]([H])(C([H])([H])C1:C([H]):N:C([H]):N:1[H])[N:1]([H:22])[H:23],EVODEX-P17097
EVODEX-N6596,[H]N([H])[C@@:2]([H])([C:3])[C:8].[H]OC(=O)C(C([H])([H])C1:C([H]):N:C([H]):N:1[H])=[O:15]>>[C:2]([C:3])([C:8])=[O:15],EVODEX-P17098
EVODEX-N6597,[H]OC(=O)C(C([H])([H])C1:C([H]):N:C([H]):N:1[H])=[O:15]>>[H]OC(=O)C(C([H])([H])C([H])([H])C(=O)O[H])=[O:15],EVODEX-P17099
EVODEX-N6598,[H][C@:2]([N:1])([C:3])[C:8]>>O=[C:2]([C:3])[C:8].[H]OC(=O)[C@]([H])(C([H])([H])C1:C([H]):N:C([H]):N:1[H])[N:1],EVODEX-P17101
EVODEX-N6599,[H]OC(=O)[C@]([H])(C([H])([H])C1:C([H]):N:C([H]):N:1[H])[N:1]([H:22])[H:23].O=[C:17]([C:16])[C:19]>>[H][C@:17]([N:1]([H:22])[H:23])([C:16])[C:19],"EVODEX-P17103,EVODEX-P17911"
EVODEX-N6600,[H]OC(=O)[C@]([H])(C([H])([H])C1:C([H]):N:C([H]):N:1[H])[N:1]([H:22])[H:23]>>[H]OC(=O)C([H])([H])C([H])([H])[C@@]([H])(C(=O)O[H])[N:1]([H:22])[H:23],EVODEX-P17104
EVODEX-N6601,[H]OC(=O)C(C([H])([H])C([H])([H])C(=O)O[H])=[O:18]>>[H]OC(=O)C(C([H])([H])C1:C([H]):N:C([H]):N:1[H])=[O:18],EVODEX-P17106
EVODEX-N6602,[C:16][C:17](=[O:18])[C:19]>>[H]OC(=O)C(C([H])([H])C1:C([H]):N:C([H]):N:1[H])=[O:18].[H]N([H])[C@@:17]([H])([C:16])[C:19],"EVODEX-P17108,EVODEX-P17914"
EVODEX-N6603,[H]OC(=O)C([H])([H])C([H])([H])C([H])([H])[C@@]([H])(C(=O)O[H])[N:1]([H:22])[H:23].O=[C:17]([C:16])[C:19]>>[H][C@:17]([N:1]([H:22])[H:23])([C:16])[C:19],EVODEX-P17111
EVODEX-N6604,[H]OC(=O)C([H])([H])C([H])([H])C([H])([H])[C@@]([H])(C(=O)O[H])[N:1]([H:22])[H:23]>>[H]OC(=O)C([H])([H])C([H])([H])[C@@]([H])(C(=O)O[H])[N:1]([H:22])[H:23],EVODEX-P17112
EVODEX-N6605,[H]OC(=O)C(C([H])([H])C([H])([H])C(=O)O[H])=[O:18]>>[H]OC(=O)C(C([H])([H])C([H])([H])C([H])([H])C(=O)O[H])=[O:18],EVODEX-P17114
EVODEX-N6606,[C:16][C:17](=[O:18])[C:19]>>[H]OC(=O)C(C([H])([H])C([H])([H])C([H])([H])C(=O)O[H])=[O:18].[H]N([H])[C@@:17]([H])([C:16])[C:19],EVODEX-P17116
EVODEX-N6607,[H]OC(=O)C([H])([H])C([H])([H])[C@@]([H])(C(=O)O[H])[N:1]([H:22])[H:23]>>[H]OC(=O)C([H])([H])C([H])([H])C([H])([H])[C@@]([H])(C(=O)O[H])[N:1]([H:22])[H:23],EVODEX-P17121
EVODEX-N6608,[H]N([H])[C@@:2]([H])([C:3])[C:8].[H]OC(=O)C(C([H])([H])C([H])([H])C([H])([H])C(=O)O[H])=[O:18]>>[C:2]([C:3])([C:8])=[O:18],EVODEX-P17122
EVODEX-N6609,[H]OC(=O)C(C([H])([H])C([H])([H])C([H])([H])C(=O)O[H])=[O:18]>>[H]OC(=O)C(C([H])([H])C([H])([H])C(=O)O[H])=[O:18],EVODEX-P17123
EVODEX-N6610,[H][C@:2]([N:1])([C:3])[C:8]>>O=[C:2]([C:3])[C:8].[H]OC(=O)C([H])([H])C([H])([H])C([H])([H])[C@@]([H])(C(=O)O[H])[N:1],EVODEX-P17125
EVODEX-N6611,[H]OC(=O)C(C([H])([H])[H])=[O:3]>>[H]OC(=O)C([H])(C([H])=[O:3])C([H])([H])[H],EVODEX-P17128
EVODEX-N6612,[H]OC(=O)[C@]([H])(C([H])([H])[H])C([H])([H])[N:10]([H:24])[H:25]>>[H]OC(=O)[C@]([H])(C([H])([H])[H])[N:10]([H:24])[H:25],EVODEX-P17130
EVODEX-N6613,[H]OC(=O)C([H])(C([H])=[O:4])C([H])([H])[H]>>[H]OC(=O)C(C([H])([H])[H])=[O:4],EVODEX-P17135
EVODEX-N6614,[H]OC(=O)[C@]([H])(C([H])([H])[H])[N:10]([H:24])[H:25]>>[H]OC(=O)[C@]([H])(C([H])([H])[H])C([H])([H])[N:10]([H:24])[H:25],EVODEX-P17137
EVODEX-N6615,[H]OC(=O)[C@@]([H])(C([H])([H])C([H])([H])SC([H])([H])[H])[N:6]([H:27])[H:28]>>[H]OC(=O)C([H])([H])[C@@]([H])(C(=O)O[H])[N:6]([H:27])[H:28],EVODEX-P17146
EVODEX-N6616,[H]OC(=O)C(C([H])([H])C(=O)O[H])=[O:15]>>[H]OC(=O)C(C([H])([H])C([H])([H])SC([H])([H])[H])=[O:15],EVODEX-P17148
EVODEX-N6617,[H]OC(=O)[C@]([H])([C@@]([H])(C([H])([H])[H])C([H])([H])C([H])([H])[H])[N:6]([H:30])[H:31].O=[C:15]([C:14])[C:17]>>[H][C@:15]([N:6]([H:30])[H:31])([C:14])[C:17],"EVODEX-P17152,EVODEX-P17701"
EVODEX-N6618,[H]OC(=O)[C@]([H])([C@@]([H])(C([H])([H])[H])C([H])([H])C([H])([H])[H])[N:6]([H:30])[H:31]>>[H]OC(=O)C([H])([H])C([H])([H])[C@@]([H])(C(=O)O[H])[N:6]([H:30])[H:31],EVODEX-P17153
EVODEX-N6619,[H]OC(=O)C(C([H])([H])C([H])([H])C(=O)O[H])=[O:16]>>[H]OC(=O)C(C([H])(C([H])([H])[H])C([H])([H])C([H])([H])[H])=[O:16],EVODEX-P17155
EVODEX-N6620,[C:14][C:15](=[O:16])[C:17]>>[H]OC(=O)C(C([H])(C([H])([H])[H])C([H])([H])C([H])([H])[H])=[O:16].[H]N([H])[C@@:15]([H])([C:14])[C:17],"EVODEX-P17156,EVODEX-P17705"
EVODEX-N6621,[H]OC(=O)C(C([H])(C([H])([H])[H])C([H])([H])C([H])([H])[H])=[O:6].[H]N([H])[C@@:11]([H])([C:12])[C:17]>>[O:6]=[C:11]([C:12])[C:17],EVODEX-P17159
EVODEX-N6622,[H]OC(=O)C(C([H])(C([H])([H])[H])C([H])([H])C([H])([H])[H])=[O:6]>>[H]OC(=O)C(C([H])([H])C([H])([H])C(=O)O[H])=[O:6],EVODEX-P17160
EVODEX-N6623,[H]OC(=O)C([H])([H])C([H])([H])[C@@]([H])(C(=O)O[H])[N:10]([H:30])[H:31]>>[H]OC(=O)[C@]([H])([C@@]([H])(C([H])([H])[H])C([H])([H])C([H])([H])[H])[N:10]([H:30])[H:31],EVODEX-P17162
EVODEX-N6624,[H][C@:11]([N:10])([C:12])[C:17]>>[H]OC(=O)[C@]([H])([C@@]([H])(C([H])([H])[H])C([H])([H])C([H])([H])[H])[N:10].O=[C:11]([C:12])[C:17],EVODEX-P17163
EVODEX-N6625,[H]OC(=O)[C@]([H])(C([H])([H])[H])[N:3]([H:20])[H:21]>>[H]OC(=O)C([H])([H])C([H])([H])C(=O)C([H])([H])[N:3]([H:20])[H:21],EVODEX-P17168
EVODEX-N6626,[H]N([H])[C@@:2]([H])([C:1])[C:4].[H]OC(=O)C([H])([H])C([H])([H])C(=O)C([H])=[O:7]>>[C:1][C:2]([C:4])=[O:7],"EVODEX-P17169,EVODEX-P17176"
EVODEX-N6627,[H]OC(=O)C([H])([H])C([H])([H])C(=O)C([H])=[O:7]>>[H]OC(=O)C(C([H])([H])[H])=[O:7],EVODEX-P17170
EVODEX-N6628,[H][C@@:2]([C:1])([N:3])[C:4]>>O=[C:2]([C:1])[C:4].[H]OC(=O)C([H])([H])C([H])([H])C(=O)C([H])([H])[N:3],"EVODEX-P17172,EVODEX-P17179"
EVODEX-N6629,[H]OC(=O)[C@]([H])(C([H])([H])C(=O)N([H])[H])[N:6]([H:24])[H:25].O=[C:11]([C:12])[H:27]>>[H][C:11]([N:6]([H:24])[H:25])([C:12])[H:27],EVODEX-P17174
EVODEX-N6630,[H]OC(=O)[C@]([H])(C([H])([H])C(=O)N([H])[H])[N:6]([H:24])[H:25]>>[H]OC(=O)C([H])([H])C([H])([H])C(=O)C([H])([H])[N:6]([H:24])[H:25],EVODEX-P17175
EVODEX-N6631,[H]OC(=O)C([H])([H])C([H])([H])C(=O)C([H])=[O:10]>>[H]OC(=O)C(C([H])([H])C(=O)N([H])[H])=[O:10],EVODEX-P17177
EVODEX-N6632,[O:10]=[C:11]([C:12])[H:27]>>[H]OC(=O)C(C([H])([H])C(=O)N([H])[H])=[O:10].[H]N([H])[C:11]([H])([C:12])[H:27],EVODEX-P17178
EVODEX-N6633,[C:1]([C:2])([H:12])([H:13])[H:14].[H][C:8](=[O:7])[C:9]>>[H][C:2].[C:1]([C:8](=[O:7])[C:9])([H:12])([H:13])[H:14],EVODEX-P17180
EVODEX-N6634,[H]OC(=O)[C@@]([H])(N([H])[H])[C:1]([H:12])([H:13])[H:14].[H][C:8](=[O:7])[C:9]>>[C:1]([C:8](=[O:7])[C:9])([H:12])([H:13])[H:14],EVODEX-P17181
EVODEX-N6635,[H][C:8](=[O:7])[C:9]>>[H]C([H])([H])[C:8](=[O:7])[C:9],EVODEX-P17182
EVODEX-N6636,[H]C([H])([H])[C@:2]([N:3])([C:4])[H:15]>>[H][C:2]([N:3])([C:4])[H:15],EVODEX-P17183
EVODEX-N6637,[C:1]([C:2])([H:12])([H:13])[H:14].[H][C:8]([N:7])([C:9])[H:18]>>[C:1]([C@:8]([N:7])([C:9])[H:18])([H:12])([H:13])[H:14].[H][C:2],EVODEX-P17185
EVODEX-N6638,[H]C([H])([H])[C:2](=[O:3])[C:4]>>[H][C:2](=[O:3])[C:4],EVODEX-P17186
EVODEX-N6639,[H]OC(=O)C(=O)[C:1]([H:12])([H:13])[H:14].[H][C:8]([N:7])([C:9])[H:18]>>[C:1]([C@:8]([N:7])([C:9])[H:18])([H:12])([H:13])[H:14],EVODEX-P17187
EVODEX-N6640,[H][C:8]([N:7])([C:9])[H:18]>>[H]C([H])([H])[C@:8]([N:7])([C:9])[H:18],EVODEX-P17188
EVODEX-N6641,[C:2][C:3]([O:4])([H:16])[H:17].[H][C:9](=[O:8])[C:10]>>[C:3]([O:4])([C:9](=[O:8])[C:10])([H:16])[H:17].[H][C:2],EVODEX-P17190
EVODEX-N6642,[H]OC(=O)[C@@]([H])(N([H])[H])[C:3]([O:4])([H:16])[H:17].[H][C:9](=[O:8])[C:10]>>[C:3]([O:4])([C:9](=[O:8])[C:10])([H:16])[H:17],EVODEX-P17191
EVODEX-N6643,[H][C:9](=[O:8])[C:10]>>[H]OC([H])([H])[C:9](=[O:8])[C:10],EVODEX-P17192
EVODEX-N6644,[H][C:2]([N:1])([C:3])[H:15].[C:9][C:11]([O:12])([H:19])[H:20]>>[N:1][C@:2]([C:3])([C:11]([O:12])([H:19])[H:20])[H:15].[H][C:9],EVODEX-P17194
EVODEX-N6645,[H]OC([H])([H])[C:9]([C:7])=[O:10]>>[H][C:9]([C:7])=[O:10],EVODEX-P17195
EVODEX-N6646,[H][C:2]([N:1])([C:3])[H:15].[H]OC(=O)C(=O)[C:11]([O:12])([H:19])[H:20]>>[N:1][C@:2]([C:3])([C:11]([O:12])([H:19])[H:20])[H:15],EVODEX-P17196
EVODEX-N6647,[H]OC(=O)C(=O)[C:11]([O:12])([H:19])[H:20]>>[H]OC(=O)[C@@]([H])(N([H])[H])[C:11]([O:12])([H:19])[H:20],EVODEX-P17197
EVODEX-N6648,[H]OC(=O)C(C([H])([H])[H])=[O:3]>>[H]OC(=O)[C@@]([H])(N([H])[H])C([H])([H])C([H])=[O:3],EVODEX-P17202
EVODEX-N6649,O=[C:2]([C:1])[C:4].[H]OC(=O)[C@@]([H])(N([H])[H])C([H])([H])C([H])([H])[N:7]([H:19])[H:20]>>[H][C@:2]([C:1])([C:4])[N:7]([H:19])[H:20],"EVODEX-P17203,EVODEX-P17508"
EVODEX-N6650,[H]OC(=O)[C@@]([H])(N([H])[H])C([H])([H])C([H])([H])[N:7]([H:19])[H:20]>>[H]OC(=O)[C@]([H])(C([H])([H])[H])[N:7]([H:19])[H:20],EVODEX-P17204
EVODEX-N6651,[C:1][C:2](=[O:3])[C:4]>>[H]N([H])[C@@:2]([H])([C:1])[C:4].[H]OC(=O)[C@@]([H])(N([H])[H])C([H])([H])C([H])=[O:3],"EVODEX-P17206,EVODEX-P17512"
EVODEX-N6652,[H]OC(=O)[C@]([H])(C([H])([H])[H])[N:3]([H:19])[H:20]>>[H]OC(=O)[C@@]([H])(N([H])[H])C([H])([H])C([H])([H])[N:3]([H:19])[H:20],EVODEX-P17210
EVODEX-N6653,[H]N([H])[C@@:2]([H])([C:1])[C:4].[H]OC(=O)[C@@]([H])(N([H])[H])C([H])([H])C([H])=[O:11]>>[C:1][C:2]([C:4])=[O:11],"EVODEX-P17211,EVODEX-P17515"
EVODEX-N6654,[H]OC(=O)[C@@]([H])(N([H])[H])C([H])([H])C([H])=[O:11]>>[H]OC(=O)C(C([H])([H])[H])=[O:11],EVODEX-P17212
EVODEX-N6655,[H][C@@:2]([C:1])([N:3])[C:4]>>O=[C:2]([C:1])[C:4].[H]OC(=O)[C@@]([H])(N([H])[H])C([H])([H])C([H])([H])[N:3],"EVODEX-P17214,EVODEX-P17519"
EVODEX-N6656,[H]OC(=O)C([H])(C([H])([H])[H])[N:3]([H:19])[H:20].O=[C:10]([C:8])[C:12]>>[H][C:10]([N:3]([H:19])[H:20])([C:8])[C:12],"EVODEX-P17216,EVODEX-P17320,EVODEX-P17404"
EVODEX-N6657,[H]OC(=O)C([H])(C([H])([H])[H])[N:3]([H:19])[H:20]>>[H]OC(=O)C([H])(C(=O)O[H])[N:3]([H:19])[H:20],EVODEX-P17218
EVODEX-N6658,[H]N([H])[C:2]([H])([C:1])[C:4].[H]OC(=O)C(C(=O)O[H])=[O:11]>>[C:1][C:2]([C:4])=[O:11],EVODEX-P17219
EVODEX-N6659,[H]OC(=O)C(C(=O)O[H])=[O:11]>>[H]OC(=O)C(C([H])([H])[H])=[O:11],EVODEX-P17220
EVODEX-N6660,[C:8][C:10](=[O:11])[C:12]>>[H]OC(=O)C(C([H])([H])[H])=[O:11].[H]N([H])[C:10]([H])([C:8])[C:12],"EVODEX-P17221,EVODEX-P17325,EVODEX-P17407"
EVODEX-N6661,[H][C:2]([C:1])([N:3])[C:4]>>O=[C:2]([C:1])[C:4].[H]OC(=O)C([H])(C(=O)O[H])[N:3],EVODEX-P17222
EVODEX-N6662,[H]OC(=O)C([H])([H])C([H])([H])C([H])([H])C([H])([H])[N:1]([H:19])[H:20].O=[C:14]([C:13])[C:16]>>[H][C@:14]([N:1]([H:19])[H:20])([C:13])[C:16],EVODEX-P17224
EVODEX-N6663,[H]OC(=O)C([H])([H])C([H])([H])C([H])([H])C([H])([H])[N:1]([H:19])[H:20]>>[H]OC(=O)C([H])([H])C([H])([H])[C@@]([H])(C(=O)O[H])[N:1]([H:19])[H:20],EVODEX-P17225
EVODEX-N6664,[H]OC(=O)C(C([H])([H])C([H])([H])C(=O)O[H])=[O:15]>>[H]OC(=O)C([H])([H])C([H])([H])C([H])([H])C([H])=[O:15],EVODEX-P17227
EVODEX-N6665,[C:13][C:14](=[O:15])[C:16]>>[H]OC(=O)C([H])([H])C([H])([H])C([H])([H])C([H])=[O:15].[H]N([H])[C@@:14]([H])([C:13])[C:16],EVODEX-P17229
EVODEX-N6666,[H]OC(=O)C([H])([H])C([H])([H])[C@@]([H])(C(=O)O[H])[N:1]([H:19])[H:20]>>[H]OC(=O)C([H])([H])C([H])([H])C([H])([H])C([H])([H])[N:1]([H:19])[H:20],EVODEX-P17234
EVODEX-N6667,[H]N([H])[C@@:2]([H])([C:3])[C:8].[H]OC(=O)C([H])([H])C([H])([H])C([H])([H])C([H])=[O:11]>>[C:2]([C:3])([C:8])=[O:11],EVODEX-P17235
EVODEX-N6668,[H]OC(=O)C([H])([H])C([H])([H])C([H])([H])C([H])=[O:11]>>[H]OC(=O)C(C([H])([H])C([H])([H])C(=O)O[H])=[O:11],EVODEX-P17236
EVODEX-N6669,[H][C@:2]([N:1])([C:3])[C:8]>>O=[C:2]([C:3])[C:8].[H]OC(=O)C([H])([H])C([H])([H])C([H])([H])C([H])([H])[N:1],EVODEX-P17238
EVODEX-N6670,[H]OC(=O)[C@]([H])(C([H])([H])C1:C([H]):C([H]):C(O[H]):C(O[H]):C:1[H])[N:1]([H:25])[H:26].O=[C:20]([C:19])[C:22]>>[H][C@:20]([N:1]([H:25])[H:26])([C:19])[C:22],EVODEX-P17240
EVODEX-N6671,[H]OC(=O)[C@]([H])(C([H])([H])C1:C([H]):C([H]):C(O[H]):C(O[H]):C:1[H])[N:1]([H:25])[H:26]>>[H]OC(=O)C([H])([H])C([H])([H])[C@@]([H])(C(=O)O[H])[N:1]([H:25])[H:26],EVODEX-P17241
EVODEX-N6672,[H]OC(=O)C(C([H])([H])C([H])([H])C(=O)O[H])=[O:21]>>[H]OC(=O)C(C([H])([H])C1:C([H]):C([H]):C(O[H]):C(O[H]):C:1[H])=[O:21],EVODEX-P17243
EVODEX-N6673,[C:19][C:20](=[O:21])[C:22]>>[H]OC(=O)C(C([H])([H])C1:C([H]):C([H]):C(O[H]):C(O[H]):C:1[H])=[O:21].[H]N([H])[C@@:20]([H])([C:19])[C:22],EVODEX-P17244
EVODEX-N6674,[H]OC(=O)[C@]([H])(C([H])([H])C([H])([H])C(=O)N([H])[H])[N:7]([H:29])[H:30]>>[H]O[C@@]1([H])[C@]([H])(O[H])[C@@]([H])([N:7]([H:29])[H:30])C([H])([H])[C@@]([H])(O[H])[C@]1([H])O[H],EVODEX-P17249
EVODEX-N6675,[H]N([H])[C@@:6]([H])([C:5])[C:8].[H]O[C@]1([H])[C@@]([H])(O[H])[C@]([H])(O[H])C([H])([H])C(=[O:11])[C@@]1([H])O[H]>>[C:5][C:6]([C:8])=[O:11],EVODEX-P17250
EVODEX-N6676,[H]O[C@]1([H])[C@@]([H])(O[H])[C@]([H])(O[H])C([H])([H])C(=[O:11])[C@@]1([H])O[H]>>[H]OC(=O)C(C([H])([H])C([H])([H])C(=O)N([H])[H])=[O:11],EVODEX-P17251
EVODEX-N6677,[H][C@@:6]([C:5])([N:7])[C:8]>>O=[C:6]([C:5])[C:8].[H]O[C@@]1([H])[C@]([H])(O[H])[C@@]([H])([N:7])C([H])([H])[C@@]([H])(O[H])[C@]1([H])O[H],EVODEX-P17253
EVODEX-N6678,[H]OC(=O)[C@]([H])(C([H])([H])C([H])([H])C(=O)N([H])[H])[N:7]([H:30])[H:31]>>[H]OC1([H])[C@]([H])(O[H])[C@@]([H])(O[H])[C@]([H])([N:7]([H:30])[H:31])[C@@]([H])(O[H])[C@]1([H])O[H],EVODEX-P17257
EVODEX-N6679,[H]N([H])[C@@:6]([H])([C:5])[C:8].[H]OC1([H])[C@]([H])(O[H])[C@@]([H])(O[H])C(=[O:11])[C@@]([H])(O[H])[C@]1([H])O[H]>>[C:5][C:6]([C:8])=[O:11],EVODEX-P17258
EVODEX-N6680,[H]OC1([H])[C@]([H])(O[H])[C@@]([H])(O[H])C(=[O:11])[C@@]([H])(O[H])[C@]1([H])O[H]>>[H]OC(=O)C(C([H])([H])C([H])([H])C(=O)N([H])[H])=[O:11],EVODEX-P17259
EVODEX-N6681,[H][C@@:6]([C:5])([N:7])[C:8]>>O=[C:6]([C:5])[C:8].[H]OC1([H])[C@]([H])(O[H])[C@@]([H])(O[H])[C@]([H])([N:7])[C@@]([H])(O[H])[C@]1([H])O[H],EVODEX-P17261
EVODEX-N6682,[H][C:1]([C:2])([H:14])[H:15].[C:9][O:10][H:23]>>[C:1]([C:2])([O:10][H:23])([H:14])[H:15].[H][C:9],"EVODEX-P17262,EVODEX-P17267"
EVODEX-N6683,[H][C:1]([C:2])([H:14])[H:15].[H]OC(=O)[C@@]([H])(N([H])[H])C([H])([H])[O:10][H:23]>>[C:1]([C:2])([O:10][H:23])([H:14])[H:15],EVODEX-P17264
EVODEX-N6684,[H][C:1]([C:2])([H:14])[H:15].[H]OC(=O)C(=O)C([H])([H])[O:13][H:24]>>[C:1]([C:2])([O:13][H:24])([H:14])[H:15],EVODEX-P17269
EVODEX-N6685,[H]OC(=O)C([H])([H])C([H])([H])[C@@]([H])(C(=O)O[H])[N:1]([H:22])[H:23]>>[H]OC(=O)[C@]([H])(C([H])([H])OP(=O)(O[H])O[H])[N:1]([H:22])[H:23],EVODEX-P17275
EVODEX-N6686,[H]N([H])[C@@:2]([H])([C:3])[C:8].[H]OC(=O)C(C([H])([H])OP(=O)(O[H])O[H])=[O:15]>>[C:2]([C:3])([C:8])=[O:15],EVODEX-P17276
EVODEX-N6687,[H]OC(=O)C(C([H])([H])OP(=O)(O[H])O[H])=[O:15]>>[H]OC(=O)C(C([H])([H])C([H])([H])C(=O)O[H])=[O:15],EVODEX-P17277
EVODEX-N6688,[H][C@:2]([N:1])([C:3])[C:8]>>O=[C:2]([C:3])[C:8].[H]OC(=O)[C@]([H])(C([H])([H])OP(=O)(O[H])O[H])[N:1],EVODEX-P17279
EVODEX-N6689,[H]OC(=O)[C@]([H])(C([H])([H])OP(=O)(O[H])O[H])[N:1]([H:22])[H:23].O=[C:17]([C:16])[C:19]>>[H][C@:17]([N:1]([H:22])[H:23])([C:16])[C:19],EVODEX-P17281
EVODEX-N6690,[H]OC(=O)[C@]([H])(C([H])([H])OP(=O)(O[H])O[H])[N:1]([H:22])[H:23]>>[H]OC(=O)C([H])([H])C([H])([H])[C@@]([H])(C(=O)O[H])[N:1]([H:22])[H:23],EVODEX-P17282
EVODEX-N6691,[H]OC(=O)C(C([H])([H])C([H])([H])C(=O)O[H])=[O:18]>>[H]OC(=O)C(C([H])([H])OP(=O)(O[H])O[H])=[O:18],EVODEX-P17284
EVODEX-N6692,[C:16][C:17](=[O:18])[C:19]>>[H]OC(=O)C(C([H])([H])OP(=O)(O[H])O[H])=[O:18].[H]N([H])[C@@:17]([H])([C:16])[C:19],EVODEX-P17286
EVODEX-N6693,[H]OC1:C(C([H])([H])[H]):N:C([H]):C(C([H])([H])OP(=O)(O[H])O[H]):C:1C([H])([H])[N:14]([H:37])[H:38].O=[C:22]([C:21])[C:24]>>[H][C@@:22]([N:14]([H:37])[H:38])([C:21])[C:24],"EVODEX-P17289,EVODEX-P30294"
EVODEX-N6694,[H]OC1:C(C([H])([H])[H]):N:C([H]):C(C([H])([H])OP(=O)(O[H])O[H]):C:1C([H])([H])[N:14]([H:37])[H:38]>>[H]OC(=O)C([H])([H])C([H])([H])[C@]([H])(C(=O)O[H])[N:14]([H:37])[H:38],EVODEX-P17290
EVODEX-N6695,[H]OC(=O)C(C([H])([H])C([H])([H])C(=O)O[H])=[O:23]>>[H]OC1:C(C([H])([H])[H]):N:C([H]):C(C([H])([H])OP(=O)(O[H])O[H]):C:1C([H])=[O:23],EVODEX-P17292
EVODEX-N6696,[C:21][C:22](=[O:23])[C:24]>>[H]OC1:C(C([H])([H])[H]):N:C([H]):C(C([H])([H])OP(=O)(O[H])O[H]):C:1C([H])=[O:23].[H]N([H])[C@:22]([H])([C:21])[C:24],"EVODEX-P17293,EVODEX-P30297"
EVODEX-N6697,[H]OC1:C(C([H])([H])[H]):N:C([H]):C(C([H])([H])OP(=O)(O[H])O[H]):C:1C([H])=[O:14].[H]N([H])[C@:18]([H])([C:19])[C:24]>>[O:14]=[C:18]([C:19])[C:24],"EVODEX-P17296,EVODEX-P30287"
EVODEX-N6698,[H]OC1:C(C([H])([H])[H]):N:C([H]):C(C([H])([H])OP(=O)(O[H])O[H]):C:1C([H])=[O:14]>>[H]OC(=O)C(C([H])([H])C([H])([H])C(=O)O[H])=[O:14],EVODEX-P17297
EVODEX-N6699,[H]OC(=O)C([H])([H])C([H])([H])[C@]([H])(C(=O)O[H])[N:17]([H:37])[H:38]>>[H]OC1:C(C([H])([H])[H]):N:C([H]):C(C([H])([H])OP(=O)(O[H])O[H]):C:1C([H])([H])[N:17]([H:37])[H:38],EVODEX-P17299
EVODEX-N6700,[H][C@@:18]([N:17])([C:19])[C:24]>>[H]OC1:C(C([H])([H])[H]):N:C([H]):C(C([H])([H])OP(=O)(O[H])O[H]):C:1C([H])([H])[N:17].O=[C:18]([C:19])[C:24],"EVODEX-P17301,EVODEX-P30290"
EVODEX-N6701,[H]OS(=O)(=O)C([H])([H])C([H])([H])[N:1]([H:18])[H:19].O=[C:13]([C:12])[C:15]>>[H][C@:13]([N:1]([H:18])[H:19])([C:12])[C:15],"EVODEX-P17304,EVODEX-P17524"
EVODEX-N6702,[H]OS(=O)(=O)C([H])([H])C([H])([H])[N:1]([H:18])[H:19]>>[H]OC(=O)C([H])([H])C([H])([H])[C@@]([H])(C(=O)O[H])[N:1]([H:18])[H:19],EVODEX-P17305
EVODEX-N6703,[H]OC(=O)C(C([H])([H])C([H])([H])C(=O)O[H])=[O:14]>>[H]OS(=O)(=O)C([H])([H])C([H])=[O:14],EVODEX-P17307
EVODEX-N6704,[C:12][C:13](=[O:14])[C:15]>>[H]OS(=O)(=O)C([H])([H])C([H])=[O:14].[H]N([H])[C@@:13]([H])([C:12])[C:15],"EVODEX-P17309,EVODEX-P17527"
EVODEX-N6705,[H]OC(=O)C([H])([H])C([H])([H])[C@@]([H])(C(=O)O[H])[N:1]([H:18])[H:19]>>[H]OS(=O)(=O)C([H])([H])C([H])([H])[N:1]([H:18])[H:19],EVODEX-P17314
EVODEX-N6706,[H]N([H])[C@@:2]([H])([C:3])[C:8].[H]OS(=O)(=O)C([H])([H])C([H])=[O:11]>>[C:2]([C:3])([C:8])=[O:11],"EVODEX-P17315,EVODEX-P17531"
EVODEX-N6707,[H]OS(=O)(=O)C([H])([H])C([H])=[O:11]>>[H]OC(=O)C(C([H])([H])C([H])([H])C(=O)O[H])=[O:11],EVODEX-P17316
EVODEX-N6708,[H][C@:2]([N:1])([C:3])[C:8]>>O=[C:2]([C:3])[C:8].[H]OS(=O)(=O)C([H])([H])C([H])([H])[N:1],"EVODEX-P17318,EVODEX-P17534"
EVODEX-N6709,[H]OC(=O)[C@]([H])(C([H])([H])[H])[N:3]([H:26])[H:27]>>[H]N=C(N([H])[H])N([H])[C@@]1([H])[C@]([H])(O[H])[C@@]([H])(O[H])[C@]([H])(O[H])[C@@]([H])([N:3]([H:26])[H:27])[C@]1([H])O[H],EVODEX-P17322
EVODEX-N6710,[H]N([H])[C@@:2]([H])([C:1])[C:4].[H]N=C(N([H])[H])N([H])[C@@]1([H])[C@]([H])(O[H])[C@@]([H])(O[H])[C@]([H])(O[H])C(=[O:19])[C@]1([H])O[H]>>[C:1][C:2]([C:4])=[O:19],EVODEX-P17323
EVODEX-N6711,[H]N=C(N([H])[H])N([H])[C@@]1([H])[C@]([H])(O[H])[C@@]([H])(O[H])[C@]([H])(O[H])C(=[O:19])[C@]1([H])O[H]>>[H]OC(=O)C(C([H])([H])[H])=[O:19],EVODEX-P17324
EVODEX-N6712,[H][C@@:2]([C:1])([N:3])[C:4]>>O=[C:2]([C:1])[C:4].[H]N=C(N([H])[H])N([H])[C@@]1([H])[C@]([H])(O[H])[C@@]([H])(O[H])[C@]([H])(O[H])[C@@]([H])([N:3])[C@]1([H])O[H],EVODEX-P17326
EVODEX-N6713,[H]OC(=O)C(C([H])([H])[H])=[O:3].[H]N([H])[C@:18]([H])([C:16])[C:20]>>[O:3]=[C:18]([C:16])[C:20],"EVODEX-P17328,EVODEX-P17395,EVODEX-P17409,EVODEX-P17835"
EVODEX-N6714,[H]OC(=O)C(C([H])([H])[H])=[O:3]>>[H]N=C(N([H])[H])N([H])[C@@]1([H])[C@]([H])(O[H])[C@@]([H])(O[H])[C@]([H])(O[H])C(=[O:3])[C@]1([H])O[H],EVODEX-P17330
EVODEX-N6715,O=[C:2]([C:1])[C:4].[H]N=C(N([H])[H])N([H])[C@@]1([H])[C@]([H])(O[H])[C@@]([H])(O[H])[C@]([H])(O[H])[C@@]([H])([N:19]([H:38])[H:39])[C@]1([H])O[H]>>[H][C@:2]([C:1])([C:4])[N:19]([H:38])[H:39],EVODEX-P17331
EVODEX-N6716,[H]N=C(N([H])[H])N([H])[C@@]1([H])[C@]([H])(O[H])[C@@]([H])(O[H])[C@]([H])(O[H])[C@@]([H])([N:19]([H:38])[H:39])[C@]1([H])O[H]>>[H]OC(=O)[C@]([H])(C([H])([H])[H])[N:19]([H:38])[H:39],EVODEX-P17332
EVODEX-N6717,[H][C@:18]([C:16])([N:19])[C:20]>>[H]OC(=O)[C@]([H])(C([H])([H])[H])[N:19].O=[C:18]([C:16])[C:20],"EVODEX-P17333,EVODEX-P17399,EVODEX-P17413,EVODEX-P17839"
EVODEX-N6718,[C:1][C:2](=[O:3])[C:4]>>[H]N([H])[C@@:2]([H])([C:1])[C:4].[H]N=C(N([H])[H])N([H])[C@@]1([H])[C@]([H])(O[H])[C@@]([H])(O[H])[C@]([H])(O[H])C(=[O:3])[C@]1([H])O[H],EVODEX-P17334
EVODEX-N6719,[H]OC(=O)C(C([H])([H])C([H])([H])SC([H])([H])[H])=[O:6]>>[H]OC(=O)C(C([H])([H])C1:C([H]):C([H]):C(O[H]):C([H]):C:1[H])=[O:6],EVODEX-P17337
EVODEX-N6720,[H]OC(=O)[C@]([H])(C([H])([H])C1:C([H]):C([H]):C(O[H]):C([H]):C:1[H])[N:10]([H:31])[H:32]>>[H]OC(=O)[C@]([H])(C([H])([H])C([H])([H])SC([H])([H])[H])[N:10]([H:31])[H:32],EVODEX-P17339
EVODEX-N6721,[H]OC(=O)C(C([H])([H])C([H])([H])SC([H])([H])[H])=[O:6]>>[H]OC(=O)C(C([H])([H])C1:C([H]):C([H]):C([H]):C([H]):C:1[H])=[O:6],EVODEX-P17344
EVODEX-N6722,[H]OC(=O)[C@]([H])(C([H])([H])C1:C([H]):C([H]):C([H]):C([H]):C:1[H])[N:10]([H:30])[H:31]>>[H]OC(=O)[C@]([H])(C([H])([H])C([H])([H])SC([H])([H])[H])[N:10]([H:30])[H:31],EVODEX-P17346
EVODEX-N6723,[H][C:1]([C:2])([H:19])[H:20].[C:9][C:10](:[C:11]):[C:15]>>[C:1]([C:2])([C:10](:[C:11]):[C:15])([H:19])[H:20].[H][C:9],"EVODEX-P17349,EVODEX-P17695"
EVODEX-N6724,[H]C1:C([H]):C([H]):C([C:9]([C:8])([H:26])[H:27]):C([H]):C:1[H]>>[H][C:9]([C:8])([H:26])[H:27],"EVODEX-P17350,EVODEX-P21074"
EVODEX-N6725,[H][C:1]([C:2])([H:19])[H:20].[H]OC(=O)[C@@]([H])(N([H])[H])C([H])([H])[C:10](:[C:11]):[C:15]>>[C:1]([C:2])([C:10](:[C:11]):[C:15])([H:19])[H:20],"EVODEX-P17351,EVODEX-P17697"
EVODEX-N6726,[H][C:1]([C:2])([H:19])[H:20]>>[H]C1:C([H]):C([H]):C([C:1]([C:2])([H:19])[H:20]):C([H]):C:1[H],EVODEX-P17352
EVODEX-N6727,[H][C:1]([C:2])([H:18])[H:19].[C:9][C:10](:[C:11]):[N:14]>>[C:1]([C:2])([C:10](:[C:11]):[N:14])([H:18])[H:19].[H][C:9],EVODEX-P17354
EVODEX-N6728,[H]C1:N:C([C:9]([C:8])([H:25])[H:26]):C([H]):N:1[H]>>[H][C:9]([C:8])([H:25])[H:26],EVODEX-P17355
EVODEX-N6729,[H][C:1]([C:2])([H:18])[H:19].[H]OC(=O)[C@@]([H])(N([H])[H])C([H])([H])[C:10](:[C:11]):[N:14]>>[C:1]([C:2])([C:10](:[C:11]):[N:14])([H:18])[H:19],EVODEX-P17356
EVODEX-N6730,[H][C:1]([C:2])([H:18])[H:19]>>[H]C1:N:C([C:1]([C:2])([H:18])[H:19]):C([H]):N:1[H],EVODEX-P17357
EVODEX-N6731,[H][C:11](=[O:10])[C:12]>>[H]C([H])([H])SC([H])([H])C([H])([H])[C:11](=[O:10])[C:12],EVODEX-P17361
EVODEX-N6732,[H]C([H])([H])SC([H])([H])C([H])([H])[C@:5]([N:6])([C:7])[H:22]>>[H][C:5]([N:6])([C:7])[H:22],EVODEX-P17362
EVODEX-N6733,O=[C:18]([C:17])[C:20].[H]OC(=O)C([H])([H])C([H])([H])C([H])([H])C([H])([H])C([H])([H])[C@@]([H])([C@]([H])(N([H])[H])C([H])([H])[H])[N:5]([H:68])[H:69]>>[H][C@:18]([N:5]([H:68])[H:69])([C:17])[C:20],EVODEX-P17365
EVODEX-N6734,[#85]-[#6](-[#85])(-[#85])-[#6@@](-[#85])(-[#7](-[#85])-[#85])-[#6@@](-[#85])(-[#7:5](-[#85:68])-[#85:69])-[#6](-[#85])(-[#85])-[#6](-[#85])(-[#85])-[#6](-[#85])(-[#85])-[#6](-[#85])(-[#85])-[#6](-[#85])(-[#85])-[#6](=[#8])-[#8]-[#85]>>[#85:68]-[#7:5](-[#85:69])-[#6@@](-[#85])(-[#6](-[#85])(-[#85])-[#6](-[#85])(-[#85])-[#16&+](-[#6](-[#85])(-[#85])-[#85])-[#6](-[#85])(-[#85])-[#6@@]1(-[#85])-[#8]-[#6@@](-[#85])(-[#7]2:[#6](-[#85]):[#7]:[#6]3:[#6](-[#7](-[#85])-[#85]):[#7]:[#6](-[#85]):[#7]:[#6]:2:3)-[#6@](-[#85])(-[#8]-[#85])-[#6@]-1(-[#85])-[#8]-[#85])-[#6](=[#8])-[#8]-[#85],EVODEX-P17366
EVODEX-N6735,[#85]-[#6](-[#85])(-[#85])-[#16&+](-[#6](-[#85])(-[#85])-[#6](-[#85])(-[#85])-[#6](=[#8:19])-[#6](=[#8])-[#8]-[#85])-[#6](-[#85])(-[#85])-[#6@@]1(-[#85])-[#8]-[#6@@](-[#85])(-[#7]2:[#6](-[#85]):[#7]:[#6]3:[#6](-[#7](-[#85])-[#85]):[#7]:[#6](-[#85]):[#7]:[#6]:2:3)-[#6@](-[#85])(-[#8]-[#85])-[#6@]-1(-[#85])-[#8]-[#85].[#85]-[#6@:4](-[#6@@:2])(-[#7](-[#85])-[#85])-[#6:6]>>[#6:2]-[#6:4](-[#6:6])=[#8:19],EVODEX-P17368
EVODEX-N6736,[#85]-[#6](-[#85])(-[#85])-[#16&+](-[#6](-[#85])(-[#85])-[#6](-[#85])(-[#85])-[#6](=[#8:19])-[#6](=[#8])-[#8]-[#85])-[#6](-[#85])(-[#85])-[#6@@]1(-[#85])-[#8]-[#6@@](-[#85])(-[#7]2:[#6](-[#85]):[#7]:[#6]3:[#6](-[#7](-[#85])-[#85]):[#7]:[#6](-[#85]):[#7]:[#6]:2:3)-[#6@](-[#85])(-[#8]-[#85])-[#6@]-1(-[#85])-[#8]-[#85]>>[#85]-[#6](-[#85])(-[#85])-[#6](-[#85])(-[#7](-[#85])-[#85])-[#6](-[#6](-[#85])(-[#85])-[#6](-[#85])(-[#85])-[#6](-[#85])(-[#85])-[#6](-[#85])(-[#85])-[#6](-[#85])(-[#85])-[#6](=[#8])-[#8]-[#85])=[#8:19],EVODEX-P17370
EVODEX-N6737,[#85]-[#6@:4](-[#6@@:2])(-[#7:5])-[#6:6]>>[#6:2]-[#6:4](-[#6:6])=[#8].[#7:5]-[#6@@](-[#85])(-[#6](-[#85])(-[#85])-[#6](-[#85])(-[#85])-[#16&+](-[#6](-[#85])(-[#85])-[#85])-[#6](-[#85])(-[#85])-[#6@@]1(-[#85])-[#8]-[#6@@](-[#85])(-[#7]2:[#6](-[#85]):[#7]:[#6]3:[#6](-[#7](-[#85])-[#85]):[#7]:[#6](-[#85]):[#7]:[#6]:2:3)-[#6@](-[#85])(-[#8]-[#85])-[#6@]-1(-[#85])-[#8]-[#85])-[#6](=[#8])-[#8]-[#85],EVODEX-P17371
EVODEX-N6738,[C:17][C:18](=[O:19])[C:20]>>[H]OC(=O)C([H])([H])C([H])([H])C([H])([H])C([H])([H])C([H])([H])C(C([H])(N([H])[H])C([H])([H])[H])=[O:19].[H]N([H])[C@@:18]([H])([C:17])[C:20],EVODEX-P17372
EVODEX-N6739,[H][C:17](=[O:16])[C:18]>>[H]C1:C([H]):C([H]):C(N([H])[H]):C(C(=O)C([H])([H])[C:17](=[O:16])[C:18]):C:1[H],EVODEX-P17375
EVODEX-N6740,[H]C1:C([H]):C([H]):C(N([H])[H]):C(C(=O)C([H])([H])[C@:11]([N:12])([C:13])[H:29]):C:1[H]>>[H][C:11]([N:12])([C:13])[H:29],EVODEX-P17376
EVODEX-N6741,[H]N([H])[C@@:12]([H])([C:13])[C:20].[H]OC(=O)C(C([H])([H])C([H])([H])C(=O)N([H])[H])=[O:7]>>[O:7]=[C:12]([C:13])[C:20],"EVODEX-P17379,EVODEX-P17708"
EVODEX-N6742,[H]OC(=O)C(C([H])([H])C([H])([H])C(=O)N([H])[H])=[O:7]>>[H]OC(=O)C(C([H])([H])C1:C([H]):C([H]):C([H]):C([H]):C:1[H])=[O:7],EVODEX-P17380
EVODEX-N6743,[H]OC(=O)[C@]([H])(C([H])([H])C1:C([H]):C([H]):C([H]):C([H]):C:1[H])[N:11]([H:23])[H:24]>>[H]OC(=O)[C@]([H])(C([H])([H])C([H])([H])C(=O)N([H])[H])[N:11]([H:23])[H:24],EVODEX-P17383
EVODEX-N6744,[H]OC(=O)C([H])([H])C([H])(C([H])([H])C([H])([H])C([H])([H])N([H])C(=O)C([H])([H])[H])[N:9]([H:35])[H:36].O=[C:19]([C:18])[C:21]>>[H][C@:19]([N:9]([H:35])[H:36])([C:18])[C:21],"EVODEX-P17387,EVODEX-P17397"
EVODEX-N6745,[H]OC(=O)C([H])([H])C([H])(C([H])([H])C([H])([H])C([H])([H])N([H])C(=O)C([H])([H])[H])[N:9]([H:35])[H:36]>>[H]OC(=O)C([H])([H])C([H])([H])[C@@]([H])(C(=O)O[H])[N:9]([H:35])[H:36],EVODEX-P17388
EVODEX-N6746,[H]OC(=O)C(C([H])([H])C([H])([H])C(=O)O[H])=[O:20]>>[H]OC(=O)C([H])([H])C(C([H])([H])C([H])([H])C([H])([H])N([H])C(=O)C([H])([H])[H])=[O:20],EVODEX-P17390
EVODEX-N6747,[C:18][C:19](=[O:20])[C:21]>>[H]OC(=O)C([H])([H])C(C([H])([H])C([H])([H])C([H])([H])N([H])C(=O)C([H])([H])[H])=[O:20].[H]N([H])[C@@:19]([H])([C:18])[C:21],"EVODEX-P17392,EVODEX-P17400"
EVODEX-N6748,[H]OC(=O)C(C([H])([H])[H])=[O:3]>>[H]OC(=O)C([H])([H])C(C([H])([H])C([H])([H])C([H])([H])N([H])C(=O)C([H])([H])[H])=[O:3],EVODEX-P17396
EVODEX-N6749,[H]OC(=O)C([H])([H])C([H])(C([H])([H])C([H])([H])C([H])([H])N([H])C(=O)C([H])([H])[H])[N:15]([H:35])[H:36]>>[H]OC(=O)[C@]([H])(C([H])([H])[H])[N:15]([H:35])[H:36],EVODEX-P17398
EVODEX-N6750,[H]OC(=O)C(C([H])(C([H])([H])[H])C([H])([H])[H])=[O:5].[H]N([H])[C@@:10]([H])([C:9])[C:12]>>[O:5]=[C:10]([C:9])[C:12],EVODEX-P17402
EVODEX-N6751,[H]OC(=O)C(C([H])(C([H])([H])[H])C([H])([H])[H])=[O:5]>>[H]OC(=O)C(C([H])([H])[H])=[O:5],EVODEX-P17403
EVODEX-N6752,[H]OC(=O)[C@]([H])(C([H])([H])[H])[N:11]([H:27])[H:28]>>[H]OC(=O)[C@]([H])(C([H])(C([H])([H])[H])C([H])([H])[H])[N:11]([H:27])[H:28],EVODEX-P17405
EVODEX-N6753,[H][C@@:10]([C:9])([N:11])[C:12]>>[H]OC(=O)[C@]([H])(C([H])(C([H])([H])[H])C([H])([H])[H])[N:11].O=[C:10]([C:9])[C:12],EVODEX-P17406
EVODEX-N6754,[H]OC(=O)C(C([H])([H])[H])=[O:3]>>[H]OC(=O)C(C([H])(C([H])([H])[H])C([H])([H])[H])=[O:3],EVODEX-P17410
EVODEX-N6755,O=[C:2]([C:1])[C:4].[H]OC(=O)[C@]([H])(C([H])(C([H])([H])[H])C([H])([H])[H])[N:11]([H:27])[H:28]>>[H][C@:2]([C:1])([C:4])[N:11]([H:27])[H:28],EVODEX-P17411
EVODEX-N6756,[H]OC(=O)[C@]([H])(C([H])(C([H])([H])[H])C([H])([H])[H])[N:11]([H:27])[H:28]>>[H]OC(=O)[C@]([H])(C([H])([H])[H])[N:11]([H:27])[H:28],EVODEX-P17412
EVODEX-N6757,[C:1][C:2](=[O:3])[C:4]>>[H]N([H])[C@@:2]([H])([C:1])[C:4].[H]OC(=O)C(C([H])(C([H])([H])[H])C([H])([H])[H])=[O:3],EVODEX-P17414
EVODEX-N6758,[H]OC(=O)[C@]([H])(C([H])([H])C([H])(C([H])([H])[H])C([H])([H])[H])[N:6]([H:30])[H:31].O=[C:15]([C:14])[C:17]>>[H][C@:15]([N:6]([H:30])[H:31])([C:14])[C:17],EVODEX-P17416
EVODEX-N6759,[H]OC(=O)[C@]([H])(C([H])([H])C([H])(C([H])([H])[H])C([H])([H])[H])[N:6]([H:30])[H:31]>>[H]OC(=O)C([H])([H])C([H])([H])[C@@]([H])(C(=O)O[H])[N:6]([H:30])[H:31],EVODEX-P17417
EVODEX-N6760,[H]OC(=O)C(C([H])([H])C([H])([H])C(=O)O[H])=[O:16]>>[H]OC(=O)C(C([H])([H])C([H])(C([H])([H])[H])C([H])([H])[H])=[O:16],EVODEX-P17419
EVODEX-N6761,[C:14][C:15](=[O:16])[C:17]>>[H]OC(=O)C(C([H])([H])C([H])(C([H])([H])[H])C([H])([H])[H])=[O:16].[H]N([H])[C@@:15]([H])([C:14])[C:17],EVODEX-P17420
EVODEX-N6762,[H]OC(=O)[C@]([H])(C([H])([H])C([H])([H])C([H])([H])C([H])([H])[H])[N:6]([H:30])[H:31].O=[C:15]([C:14])[C:17]>>[H][C@:15]([N:6]([H:30])[H:31])([C:14])[C:17],EVODEX-P17423
EVODEX-N6763,[H]OC(=O)[C@]([H])(C([H])([H])C([H])([H])C([H])([H])C([H])([H])[H])[N:6]([H:30])[H:31]>>[H]OC(=O)C([H])([H])C([H])([H])[C@@]([H])(C(=O)O[H])[N:6]([H:30])[H:31],EVODEX-P17424
EVODEX-N6764,[H]OC(=O)C(C([H])([H])C([H])([H])C(=O)O[H])=[O:16]>>[H]OC(=O)C(C([H])([H])C([H])([H])C([H])([H])C([H])([H])[H])=[O:16],EVODEX-P17426
EVODEX-N6765,[C:14][C:15](=[O:16])[C:17]>>[H]OC(=O)C(C([H])([H])C([H])([H])C([H])([H])C([H])([H])[H])=[O:16].[H]N([H])[C@@:15]([H])([C:14])[C:17],EVODEX-P17428
EVODEX-N6766,[H]OC(=O)C([H])([H])[C@@]([H])(C(=O)O[H])[N:1]([H:22])[H:23]>>[H]OC(=O)[C@]([H])(C([H])([H])C1:C([H]):C([H]):C([H]):C([H]):C:1[H])[N:1]([H:22])[H:23],EVODEX-P17432
EVODEX-N6767,[H]OC(=O)C(C([H])([H])C1:C([H]):C([H]):C([H]):C([H]):C:1[H])=[O:14]>>[H]OC(=O)C(C([H])([H])C(=O)O[H])=[O:14],EVODEX-P17434
EVODEX-N6768,[H]OC(=O)[C@]([H])(C([H])([H])C1:C([H]):C([H]):C([H]):C([H]):C:1[H])[N:1]([H:22])[H:23]>>[H]OC(=O)C([H])([H])[C@@]([H])(C(=O)O[H])[N:1]([H:22])[H:23],EVODEX-P17439
EVODEX-N6769,[H]OC(=O)C(C([H])([H])C(=O)O[H])=[O:18]>>[H]OC(=O)C(C([H])([H])C1:C([H]):C([H]):C([H]):C([H]):C:1[H])=[O:18],EVODEX-P17441
EVODEX-N6770,[H]OC(=O)C(C([H])([H])[H])=[O:3]>>[H]OC(=O)[C@@]([H])(N([H])[H])C([H])([H])C([H])([H])C([H])([H])C([H])=[O:3],EVODEX-P17446
EVODEX-N6771,[H]OC(=O)[C@@]([H])(N([H])[H])C([H])([H])C([H])([H])C([H])([H])C([H])([H])[N:7]([H:21])[H:22]>>[H]OC(=O)[C@]([H])(C([H])([H])[H])[N:7]([H:21])[H:22],EVODEX-P17448
EVODEX-N6772,[H]OC(=O)C(C([H])([H])[H])=[O:3]>>[H]OC(=O)C(=O)C([H])([H])C([H])=[O:3],EVODEX-P17454
EVODEX-N6773,O=[C:2]([C:1])[C:4].[H]OC(=O)C(=O)C([H])([H])C([H])([H])[N:7]([H:19])[H:20]>>[H][C@:2]([C:1])([C:4])[N:7]([H:19])[H:20],EVODEX-P17455
EVODEX-N6774,[H]OC(=O)C(=O)C([H])([H])C([H])([H])[N:7]([H:19])[H:20]>>[H]OC(=O)[C@]([H])(C([H])([H])[H])[N:7]([H:19])[H:20],EVODEX-P17456
EVODEX-N6775,[C:1][C:2](=[O:3])[C:4]>>[H]N([H])[C@@:2]([H])([C:1])[C:4].[H]OC(=O)C(=O)C([H])([H])C([H])=[O:3],EVODEX-P17458
EVODEX-N6776,[H]OC(=O)[C@@]([H])(C1:C([H]):C([H]):C(O[H]):C([H]):C:1[H])[N:1]([H:23])[H:24].O=[C:18]([C:17])[C:20]>>[H][C@:18]([N:1]([H:23])[H:24])([C:17])[C:20],EVODEX-P17460
EVODEX-N6777,[H]OC(=O)[C@@]([H])(C1:C([H]):C([H]):C(O[H]):C([H]):C:1[H])[N:1]([H:23])[H:24]>>[H]OC(=O)C([H])([H])C([H])([H])[C@@]([H])(C(=O)O[H])[N:1]([H:23])[H:24],EVODEX-P17461
EVODEX-N6778,[H]OC(=O)C(C([H])([H])C([H])([H])C(=O)O[H])=[O:19]>>[H]OC(=O)C(C1:C([H]):C([H]):C(O[H]):C([H]):C:1[H])=[O:19],EVODEX-P17463
EVODEX-N6779,[C:17][C:18](=[O:19])[C:20]>>[H]OC(=O)C(C1:C([H]):C([H]):C(O[H]):C([H]):C:1[H])=[O:19].[H]N([H])[C@@:18]([H])([C:17])[C:20],EVODEX-P17465
EVODEX-N6780,[H]OC(=O)C([H])([H])C([H])([H])[C@@]([H])(C(=O)O[H])[N:1]([H:23])[H:24]>>[H]OC(=O)[C@@]([H])(C1:C([H]):C([H]):C(O[H]):C([H]):C:1[H])[N:1]([H:23])[H:24],EVODEX-P17470
EVODEX-N6781,[H]N([H])[C@@:2]([H])([C:3])[C:8].[H]OC(=O)C(C1:C([H]):C([H]):C(O[H]):C([H]):C:1[H])=[O:15]>>[C:2]([C:3])([C:8])=[O:15],EVODEX-P17471
EVODEX-N6782,[H]OC(=O)C(C1:C([H]):C([H]):C(O[H]):C([H]):C:1[H])=[O:15]>>[H]OC(=O)C(C([H])([H])C([H])([H])C(=O)O[H])=[O:15],EVODEX-P17472
EVODEX-N6783,[H][C@:2]([N:1])([C:3])[C:8]>>O=[C:2]([C:3])[C:8].[H]OC(=O)[C@@]([H])(C1:C([H]):C([H]):C(O[H]):C([H]):C:1[H])[N:1],EVODEX-P17474
EVODEX-N6784,[H][C:10]([H])([H])[S:11][C:12]([H])([H])[C:13]([H])([H])[C@:14]([H])([N:15]([H])[H])[C:16][O:18][H].[H][C:1]([H])([H])[S:2][C:3]([H])([H])[C:4]([H])([H])[C:5][C:7][O:9][H]>>[H][C:10]([H])([H])[S:11][C:12]([H])([H])[C:13]([H])([H])[C@:14]([H])([N:15]([H])[H])[C:16][O:18][H].[H][C:1]([H])([H])[S:2][C:3]([H])([H])[C:4]([H])([H])[C:5][C:7][O:9][H],EVODEX-P17475
EVODEX-N6785,[H][C:1]([H])([H])[S:2][C:3]([H])([H])[C:4]([H])([H])[C:5][C:7][O:9][H]>>[H][C:1]([H])([H])[S:2][C:3]([H])([H])[C:4]([H])([H])[C:5][C:7][O:9][H],EVODEX-P17476
EVODEX-N6786,[H][C:10]([H])([H])[S:11][C:12]([H])([H])[C:13]([H])([H])[C@:14]([H])([N:15]([H])[H])[C:16][O:18][H]>>[H][C:10]([H])([H])[S:11][C:12]([H])([H])[C:13]([H])([H])[C@:14]([H])([N:15]([H])[H])[C:16][O:18][H],EVODEX-P17477
EVODEX-N6787,[H]OC(=O)C1=C(C([H])([H])OC(=O)C([H])([H])[H])C([H])([H])S[C@@]2([H])N1C(=O)[C@@]2([H])N([H])C(=O)C([H])([H])C([H])([H])C([H])([H])[C@]([H])(C(=O)O[H])[N:22]([H:54])[H:55].O=[C:34]([C:33])[C:36]>>[H][C@@:34]([N:22]([H:54])[H:55])([C:33])[C:36],EVODEX-P17479
EVODEX-N6788,[H]OC(=O)C1=C(C([H])([H])OC(=O)C([H])([H])[H])C([H])([H])S[C@@]2([H])N1C(=O)[C@@]2([H])N([H])C(=O)C([H])([H])C([H])([H])C([H])([H])[C@]([H])(C(=O)O[H])[N:22]([H:54])[H:55]>>[H]OC(=O)C([H])([H])C([H])([H])[C@]([H])(C(=O)O[H])[N:22]([H:54])[H:55],EVODEX-P17480
EVODEX-N6789,[H]OC(=O)C(C([H])([H])C([H])([H])C(=O)O[H])=[O:35]>>[H]OC(=O)C1=C(C([H])([H])OC(=O)C([H])([H])[H])C([H])([H])S[C@@]2([H])N1C(=O)[C@@]2([H])N([H])C(=O)C([H])([H])C([H])([H])C([H])([H])C(C(=O)O[H])=[O:35],EVODEX-P17482
EVODEX-N6790,[C:33][C:34](=[O:35])[C:36]>>[H]OC(=O)C1=C(C([H])([H])OC(=O)C([H])([H])[H])C([H])([H])S[C@@]2([H])N1C(=O)[C@@]2([H])N([H])C(=O)C([H])([H])C([H])([H])C([H])([H])C(C(=O)O[H])=[O:35].[H]N([H])[C@:34]([H])([C:33])[C:36],EVODEX-P17484
EVODEX-N6791,[H]OC(=O)C([H])([H])C([H])([H])[C:12]([C:13])([H:30])[H:31]>>[H][C:12]([C:13])([H:30])[H:31],EVODEX-P17487
EVODEX-N6792,[H][C:1]([C:2])([H:18])[H:19]>>[H]OC(=O)C([H])([H])C([H])([H])[C:1]([C:2])([H:18])[H:19],EVODEX-P17489
EVODEX-N6793,[H]OC(=O)[C@]([H])(C([H])([H])SC1:C([H]):C([H]):C(Br):C([H]):C:1[H])[N:1]([H:25])[H:26].O=[C:20]([C:19])[C:22]>>[H][C@:20]([N:1]([H:25])[H:26])([C:19])[C:22],EVODEX-P17492
EVODEX-N6794,[H]OC(=O)[C@]([H])(C([H])([H])SC1:C([H]):C([H]):C(Br):C([H]):C:1[H])[N:1]([H:25])[H:26]>>[H]OC(=O)C([H])([H])C([H])([H])[C@@]([H])(C(=O)O[H])[N:1]([H:25])[H:26],EVODEX-P17493
EVODEX-N6795,[H]OC(=O)C(C([H])([H])C([H])([H])C(=O)O[H])=[O:21]>>[H]OC(=O)C(C([H])([H])SC1:C([H]):C([H]):C(Br):C([H]):C:1[H])=[O:21],EVODEX-P17495
EVODEX-N6796,[C:19][C:20](=[O:21])[C:22]>>[H]OC(=O)C(C([H])([H])SC1:C([H]):C([H]):C(Br):C([H]):C:1[H])=[O:21].[H]N([H])[C@@:20]([H])([C:19])[C:22],EVODEX-P17497
EVODEX-N6797,[H]OC(=O)C([H])([H])C([H])([H])[C@@]([H])(C(=O)O[H])[N:1]([H:25])[H:26]>>[H]OC(=O)[C@]([H])(C([H])([H])SC1:C([H]):C([H]):C(Br):C([H]):C:1[H])[N:1]([H:25])[H:26],EVODEX-P17502
EVODEX-N6798,[H]N([H])[C@@:2]([H])([C:3])[C:8].[H]OC(=O)C(C([H])([H])SC1:C([H]):C([H]):C(Br):C([H]):C:1[H])=[O:15]>>[C:2]([C:3])([C:8])=[O:15],EVODEX-P17503
EVODEX-N6799,[H]OC(=O)C(C([H])([H])SC1:C([H]):C([H]):C(Br):C([H]):C:1[H])=[O:15]>>[H]OC(=O)C(C([H])([H])C([H])([H])C(=O)O[H])=[O:15],EVODEX-P17504
EVODEX-N6800,[H][C@:2]([N:1])([C:3])[C:8]>>O=[C:2]([C:3])[C:8].[H]OC(=O)[C@]([H])(C([H])([H])SC1:C([H]):C([H]):C(Br):C([H]):C:1[H])[N:1],EVODEX-P17506
EVODEX-N6801,[H]OC(=O)[C@@]([H])(N([H])[H])C([H])([H])C([H])([H])[N:1]([H:19])[H:20]>>[H]OC(=O)C([H])([H])C([H])([H])[C@@]([H])(C(=O)O[H])[N:1]([H:19])[H:20],EVODEX-P17509
EVODEX-N6802,[H]OC(=O)C(C([H])([H])C([H])([H])C(=O)O[H])=[O:15]>>[H]OC(=O)[C@@]([H])(N([H])[H])C([H])([H])C([H])=[O:15],EVODEX-P17511
EVODEX-N6803,[H]OC(=O)[C@@]([H])(N([H])[H])C([H])([H])C([H])=[O:5]>>[H]OC(=O)C(C([H])([H])C([H])([H])C(=O)O[H])=[O:5],EVODEX-P17516
EVODEX-N6804,[H]OC(=O)C([H])([H])C([H])([H])[C@@]([H])(C(=O)O[H])[N:9]([H:26])[H:27]>>[H]OC(=O)[C@@]([H])(N([H])[H])C([H])([H])C([H])([H])[N:9]([H:26])[H:27],EVODEX-P17518
EVODEX-N6805,[H]OC(=O)C(C([H])([H])[H])=[O:3]>>[H]OS(=O)(=O)C([H])([H])C([H])=[O:3],EVODEX-P17523
EVODEX-N6806,[H]OS(=O)(=O)C([H])([H])C([H])([H])[N:7]([H:18])[H:19]>>[H]OC(=O)[C@]([H])(C([H])([H])[H])[N:7]([H:18])[H:19],EVODEX-P17525
EVODEX-N6807,[H]OC(=O)[C@]([H])(C([H])([H])[H])[N:3]([H:18])[H:19]>>[H]OS(=O)(=O)C([H])([H])C([H])([H])[N:3]([H:18])[H:19],EVODEX-P17530
EVODEX-N6808,[H]OS(=O)(=O)C([H])([H])C([H])=[O:7]>>[H]OC(=O)C(C([H])([H])[H])=[O:7],EVODEX-P17532
EVODEX-N6809,[H]OC(=O)C([H])([H])[C@@]([H])(C(=O)O[H])[N:1]([H:26])[H:27]>>[H]OC(=O)[C@]([H])(C([H])([H])[C@]1(C(=O)O[H])C([H])=C([H])[C@@]([H])(O[H])C([H])=C1[H])[N:1]([H:26])[H:27],EVODEX-P17538
EVODEX-N6810,[H]N([H])[C@@:2]([H])([C:3])[C:7].[H]OC(=O)C(C([H])([H])[C@]1(C(=O)O[H])C([H])=C([H])[C@@]([H])(O[H])C([H])=C1[H])=[O:14]>>[C:2]([C:3])([C:7])=[O:14],"EVODEX-P17539,EVODEX-P17554"
EVODEX-N6811,[H]OC(=O)C(C([H])([H])[C@]1(C(=O)O[H])C([H])=C([H])[C@@]([H])(O[H])C([H])=C1[H])=[O:14]>>[H]OC(=O)C(C([H])([H])C(=O)O[H])=[O:14],EVODEX-P17540
EVODEX-N6812,[H][C@:2]([N:1])([C:3])[C:7]>>O=[C:2]([C:3])[C:7].[H]OC(=O)[C@]([H])(C([H])([H])[C@]1(C(=O)O[H])C([H])=C([H])[C@@]([H])(O[H])C([H])=C1[H])[N:1],"EVODEX-P17542,EVODEX-P17557"
EVODEX-N6813,[H]OC(=O)[C@]([H])(C([H])([H])[C@]1(C(=O)O[H])C([H])=C([H])[C@@]([H])(O[H])C([H])=C1[H])[N:1]([H:26])[H:27].O=[C:21]([C:20])[C:23]>>[H][C@:21]([N:1]([H:26])[H:27])([C:20])[C:23],"EVODEX-P17544,EVODEX-P17559"
EVODEX-N6814,[H]OC(=O)[C@]([H])(C([H])([H])[C@]1(C(=O)O[H])C([H])=C([H])[C@@]([H])(O[H])C([H])=C1[H])[N:1]([H:26])[H:27]>>[H]OC(=O)C([H])([H])[C@@]([H])(C(=O)O[H])[N:1]([H:26])[H:27],EVODEX-P17545
EVODEX-N6815,[H]OC(=O)C(C([H])([H])C(=O)O[H])=[O:22]>>[H]OC(=O)C(C([H])([H])[C@]1(C(=O)O[H])C([H])=C([H])[C@@]([H])(O[H])C([H])=C1[H])=[O:22],EVODEX-P17547
EVODEX-N6816,[C:20][C:21](=[O:22])[C:23]>>[H]OC(=O)C(C([H])([H])[C@]1(C(=O)O[H])C([H])=C([H])[C@@]([H])(O[H])C([H])=C1[H])=[O:22].[H]N([H])[C@@:21]([H])([C:20])[C:23],"EVODEX-P17549,EVODEX-P17563"
EVODEX-N6817,[H]OC(=O)C([H])([H])C([H])([H])[C@@]([H])(C(=O)O[H])[N:1]([H:27])[H:28]>>[H]OC(=O)[C@]([H])(C([H])([H])[C@]1(C(=O)O[H])C([H])=C([H])[C@@]([H])(O[H])C([H])=C1[H])[N:1]([H:27])[H:28],EVODEX-P17553
EVODEX-N6818,[H]OC(=O)C(C([H])([H])[C@]1(C(=O)O[H])C([H])=C([H])[C@@]([H])(O[H])C([H])=C1[H])=[O:15]>>[H]OC(=O)C(C([H])([H])C([H])([H])C(=O)O[H])=[O:15],EVODEX-P17555
EVODEX-N6819,[H]OC(=O)[C@]([H])(C([H])([H])[C@]1(C(=O)O[H])C([H])=C([H])[C@@]([H])(O[H])C([H])=C1[H])[N:1]([H:27])[H:28]>>[H]OC(=O)C([H])([H])C([H])([H])[C@@]([H])(C(=O)O[H])[N:1]([H:27])[H:28],EVODEX-P17560
EVODEX-N6820,[H]OC(=O)C(C([H])([H])C([H])([H])C(=O)O[H])=[O:23]>>[H]OC(=O)C(C([H])([H])[C@]1(C(=O)O[H])C([H])=C([H])[C@@]([H])(O[H])C([H])=C1[H])=[O:23],EVODEX-P17562
EVODEX-N6821,[H]OC(=O)[C@@]1([H])N(C([H])([H])C([H])([H])[C@@]([H])(C(=O)O[H])N([H])C([H])([H])C([H])([H])[C@@]([H])(C(=O)O[H])[N:1]([H:32])[H:33])C([H])([H])C1([H])[H].O=[C:27]([C:26])[C:29]>>[H][C@:27]([N:1]([H:32])[H:33])([C:26])[C:29],EVODEX-P17566
EVODEX-N6822,[H]OC(=O)[C@@]1([H])N(C([H])([H])C([H])([H])[C@@]([H])(C(=O)O[H])N([H])C([H])([H])C([H])([H])[C@@]([H])(C(=O)O[H])[N:1]([H:32])[H:33])C([H])([H])C1([H])[H]>>[H]OC(=O)C([H])([H])C([H])([H])[C@@]([H])(C(=O)O[H])[N:1]([H:32])[H:33],EVODEX-P17567
EVODEX-N6823,[H]OC(=O)C(C([H])([H])C([H])([H])C(=O)O[H])=[O:28]>>[H]OC(=O)C(C([H])([H])C([H])([H])N([H])[C@]([H])(C(=O)O[H])C([H])([H])C([H])([H])N1C([H])([H])C([H])([H])[C@@]1([H])C(=O)O[H])=[O:28],EVODEX-P17569
EVODEX-N6824,[C:26][C:27](=[O:28])[C:29]>>[H]OC(=O)C(C([H])([H])C([H])([H])N([H])[C@]([H])(C(=O)O[H])C([H])([H])C([H])([H])N1C([H])([H])C([H])([H])[C@@]1([H])C(=O)O[H])=[O:28].[H]N([H])[C@@:27]([H])([C:26])[C:29],EVODEX-P17571
EVODEX-N6825,[H]OC(=O)C([H])([H])C([H])([H])C(=O)N([H])[C@]([H])(C(=O)O[H])C([H])([H])C([H])([H])C([H])([H])[N:1]([H:27])[H:28].O=[C:22]([C:21])[C:24]>>[H][C@:22]([N:1]([H:27])[H:28])([C:21])[C:24],EVODEX-P17574
EVODEX-N6826,[H]OC(=O)C([H])([H])C([H])([H])C(=O)N([H])[C@]([H])(C(=O)O[H])C([H])([H])C([H])([H])C([H])([H])[N:1]([H:27])[H:28]>>[H]OC(=O)C([H])([H])C([H])([H])[C@@]([H])(C(=O)O[H])[N:1]([H:27])[H:28],EVODEX-P17575
EVODEX-N6827,[H]OC(=O)C(C([H])([H])C([H])([H])C(=O)O[H])=[O:23]>>[H]OC(=O)C([H])([H])C([H])([H])C(=O)N([H])[C@]([H])(C(=O)O[H])C([H])([H])C([H])([H])C([H])=[O:23],EVODEX-P17577
EVODEX-N6828,[C:21][C:22](=[O:23])[C:24]>>[H]OC(=O)C([H])([H])C([H])([H])C(=O)N([H])[C@]([H])(C(=O)O[H])C([H])([H])C([H])([H])C([H])=[O:23].[H]N([H])[C@@:22]([H])([C:21])[C:24],EVODEX-P17579
EVODEX-N6829,[H]N([H])C([H])([H])C([H])([H])C([H])([H])C([H])([H])C([H])([H])[N:1]([H:18])[H:19].O=[C:13]([C:12])[C:15]>>[H][C@:13]([N:1]([H:18])[H:19])([C:12])[C:15],EVODEX-P17582
EVODEX-N6830,[H]N([H])C([H])([H])C([H])([H])C([H])([H])C([H])([H])C([H])([H])[N:1]([H:18])[H:19]>>[H]OC(=O)C([H])([H])C([H])([H])[C@@]([H])(C(=O)O[H])[N:1]([H:18])[H:19],EVODEX-P17583
EVODEX-N6831,[H]OC(=O)C(C([H])([H])C([H])([H])C(=O)O[H])=[O:14]>>[H]C(C([H])([H])C([H])([H])C([H])([H])C([H])([H])N([H])[H])=[O:14],EVODEX-P17585
EVODEX-N6832,[C:12][C:13](=[O:14])[C:15]>>[H]C(C([H])([H])C([H])([H])C([H])([H])C([H])([H])N([H])[H])=[O:14].[H]N([H])[C@@:13]([H])([C:12])[C:15],EVODEX-P17587
EVODEX-N6833,[H]N=C(N([H])[H])N([H])C([H])([H])C([H])([H])[C:13]([C:14])([H:31])[H:32]>>[H][C:13]([C:14])([H:31])[H:32],EVODEX-P17590
EVODEX-N6834,[H][C:1]([C:2])([H:19])[H:20]>>[H]N=C(N([H])[H])N([H])C([H])([H])C([H])([H])[C:1]([C:2])([H:19])[H:20],EVODEX-P17592
EVODEX-N6835,[C:4][C@@:12]([C:11])([O:13][H:35])[H:34].[N:17]([C:18](=[O:19])[C:20])([H:37])[H:38]>>[C:4][C@@:12]([C:11])([N:17]([H:37])[H:38])[H:34].[O:13]([C:18](=[O:19])[C:20])[H:35],EVODEX-P17594
EVODEX-N6836,[H]OC(=O)C(O[C@]1([H])C([H])=C(C(=O)O[H])C([H])=C([H])[C@@]1([H])[O:13][H:35])=C([H])[H].[H]N([H])[C:18](=[O:19])[C:20]>>[O:13]([C:18](=[O:19])[C:20])[H:35],EVODEX-P17595
EVODEX-N6837,[H]OC(=O)C(O[C@]1([H])C([H])=C(C(=O)O[H])C([H])=C([H])[C@@]1([H])[O:13][H:35])=C([H])[H]>>[H]OC(=O)[C@@]([H])(N([H])[H])C([H])([H])C([H])([H])C(=O)[O:13][H:35],EVODEX-P17596
EVODEX-N6838,[H]O[C@@:12]([C:4])([C:11])[H:34].[H]OC(=O)[C@@]([H])(N([H])[H])C([H])([H])C([H])([H])C(=O)[N:17]([H:37])[H:38]>>[C:4][C@@:12]([C:11])([N:17]([H:37])[H:38])[H:34],EVODEX-P17597
EVODEX-N6839,[H]OC(=O)[C@@]([H])(N([H])[H])C([H])([H])C([H])([H])C(=O)[N:17]([H:37])[H:38]>>[H]OC(=O)C(O[C@]1([H])C([H])=C(C(=O)O[H])C([H])=C([H])[C@@]1([H])[N:17]([H:37])[H:38])=C([H])[H],EVODEX-P17598
EVODEX-N6840,[H]O[C@@:12]([C:4])([C:11])[H:34]>>[H]N([H])[C@@:12]([C:4])([C:11])[H:34],EVODEX-P17599
EVODEX-N6841,>>[H]OC(=O)C(O[C@@]1([H])C([H])C([H])=C([H])C(C(=O)O[H])=C1[H])=C([H])[H].[H]O,EVODEX-P17600
EVODEX-N6842,>>[H]N[H].[H]OC(=O)[C@@]([H])(N([H])[H])C([H])([H])C([H])([H])C=O,EVODEX-P17601
EVODEX-N6843,[C:4][C@@:12]([C:11])([N:13]([H:35])[H:36])[H:34].[C:20][C:21](=[O:22])[O:23][H:45]>>[C:4][C@@:12]([C:11])([O:23][H:45])[H:34].[N:13]([C:21]([C:20])=[O:22])([H:35])[H:36],EVODEX-P17602
EVODEX-N6844,[H]OC(=O)C(O[C@]1([H])C([H])=C(C(=O)O[H])C([H])=C([H])[C@@]1([H])[N:13]([H:35])[H:36])=C([H])[H].[H]O[C:21]([C:20])=[O:22]>>[N:13]([C:21]([C:20])=[O:22])([H:35])[H:36],EVODEX-P17603
EVODEX-N6845,[H]OC(=O)C(O[C@]1([H])C([H])=C(C(=O)O[H])C([H])=C([H])[C@@]1([H])[N:13]([H:35])[H:36])=C([H])[H]>>[H]OC(=O)[C@@]([H])(N([H])[H])C([H])([H])C([H])([H])C(=O)[N:13]([H:35])[H:36],EVODEX-P17604
EVODEX-N6846,[H]N([H])[C@@:12]([C:4])([C:11])[H:34].[H]OC(=O)[C@@]([H])(N([H])[H])C([H])([H])C([H])([H])C(=O)[O:23][H:45]>>[C:4][C@@:12]([C:11])([O:23][H:45])[H:34],EVODEX-P17605
EVODEX-N6847,[H]OC(=O)[C@@]([H])(N([H])[H])C([H])([H])C([H])([H])C(=O)[O:23][H:45]>>[H]OC(=O)C(O[C@]1([H])C([H])=C(C(=O)O[H])C([H])=C([H])[C@@]1([H])[O:23][H:45])=C([H])[H],EVODEX-P17606
EVODEX-N6848,[H]N([H])[C@@:12]([C:4])([C:11])[H:34]>>[H]O[C@@:12]([C:4])([C:11])[H:34],EVODEX-P17607
EVODEX-N6849,>>[H]OC(=O)C(O[C@@]1([H])C([H])C([H])=C([H])C(C(=O)O[H])=C1[H])=C([H])[H].[H]N[H],EVODEX-P17608
EVODEX-N6850,>>[H]O.[H]OC(=O)[C@@]([H])(N([H])[H])C([H])([H])C([H])([H])C=O,EVODEX-P17609
EVODEX-N6851,[H]OC(=O)C([H])([H])C([H])([H])[C@@]([H])(C(=O)O[H])[N:1]([H:45])[H:46]>>[H]O[C@@]1([H])[C@@]([H])(OP(=O)(O[H])OP(=O)(O[H])OC([H])([H])[C@@]2([H])O[C@@]([H])(N3:C([H]):C([H]):C(=O):N([H]):C:3=O)[C@]([H])(O[H])[C@]2([H])O[H])OC([H])([H])[C@]([H])([N:1]([H:45])[H:46])[C@]1([H])O[H],EVODEX-P17613
EVODEX-N6852,[H]N([H])[C@@:2]([H])([C:3])[C:8].[H]O[C@@]1([H])[C@@]([H])(OP(=O)(O[H])OP(=O)(O[H])OC([H])([H])[C@@]2([H])O[C@@]([H])(N3:C([H]):C([H]):C(=O):N([H]):C:3=O)[C@]([H])(O[H])[C@]2([H])O[H])OC([H])([H])C(=[O:11])[C@]1([H])O[H]>>[C:2]([C:3])([C:8])=[O:11],EVODEX-P17614
EVODEX-N6853,[H]O[C@@]1([H])[C@@]([H])(OP(=O)(O[H])OP(=O)(O[H])OC([H])([H])[C@@]2([H])O[C@@]([H])(N3:C([H]):C([H]):C(=O):N([H]):C:3=O)[C@]([H])(O[H])[C@]2([H])O[H])OC([H])([H])C(=[O:11])[C@]1([H])O[H]>>[H]OC(=O)C(C([H])([H])C([H])([H])C(=O)O[H])=[O:11],EVODEX-P17615
EVODEX-N6854,[H][C@:2]([N:1])([C:3])[C:8]>>O=[C:2]([C:3])[C:8].[H]O[C@@]1([H])[C@@]([H])(OP(=O)(O[H])OP(=O)(O[H])OC([H])([H])[C@@]2([H])O[C@@]([H])(N3:C([H]):C([H]):C(=O):N([H]):C:3=O)[C@]([H])(O[H])[C@]2([H])O[H])OC([H])([H])[C@]([H])([N:1])[C@]1([H])O[H],EVODEX-P17617
EVODEX-N6855,[H]O[C@@]1([H])[C@@]([H])(OP(=O)(O[H])OP(=O)(O[H])OC([H])([H])[C@@]2([H])O[C@@]([H])(N3:C([H]):C([H]):C(=O):N([H]):C:3=O)[C@]([H])(O[H])[C@]2([H])O[H])OC([H])([H])[C@]([H])([N:1]([H:45])[H:46])[C@]1([H])O[H].O=[C:40]([C:39])[C:42]>>[H][C@:40]([N:1]([H:45])[H:46])([C:39])[C:42],EVODEX-P17619
EVODEX-N6856,[H]O[C@@]1([H])[C@@]([H])(OP(=O)(O[H])OP(=O)(O[H])OC([H])([H])[C@@]2([H])O[C@@]([H])(N3:C([H]):C([H]):C(=O):N([H]):C:3=O)[C@]([H])(O[H])[C@]2([H])O[H])OC([H])([H])[C@]([H])([N:1]([H:45])[H:46])[C@]1([H])O[H]>>[H]OC(=O)C([H])([H])C([H])([H])[C@@]([H])(C(=O)O[H])[N:1]([H:45])[H:46],EVODEX-P17620
EVODEX-N6857,[H]OC(=O)C(C([H])([H])C([H])([H])C(=O)O[H])=[O:41]>>[H]O[C@@]1([H])[C@@]([H])(OP(=O)(O[H])OP(=O)(O[H])OC([H])([H])[C@@]2([H])O[C@@]([H])(N3:C([H]):C([H]):C(=O):N([H]):C:3=O)[C@]([H])(O[H])[C@]2([H])O[H])OC([H])([H])C(=[O:41])[C@]1([H])O[H],EVODEX-P17622
EVODEX-N6858,[C:39][C:40](=[O:41])[C:42]>>[H]O[C@@]1([H])[C@@]([H])(OP(=O)(O[H])OP(=O)(O[H])OC([H])([H])[C@@]2([H])O[C@@]([H])(N3:C([H]):C([H]):C(=O):N([H]):C:3=O)[C@]([H])(O[H])[C@]2([H])O[H])OC([H])([H])C(=[O:41])[C@]1([H])O[H].[H]N([H])[C@@:40]([H])([C:39])[C:42],EVODEX-P17624
EVODEX-N6859,[H]O[C@@]1([H])[C@@]([H])(OP(=O)(O[H])OP(=O)(O[H])OC([H])([H])[C@@]2([H])O[C@@]([H])(N3:C([H]):C(C([H])([H])[H]):C(=O):N([H]):C:3=O)C([H])([H])[C@]2([H])O[H])O[C@]([H])(C([H])([H])[H])[C@@]([H])(O[H])[C@]1([H])[N:27]([H:68])[H:69].O=[C:41]([C:40])[C:43]>>[H][C@:41]([N:27]([H:68])[H:69])([C:40])[C:43],EVODEX-P17627
EVODEX-N6860,[H]O[C@@]1([H])[C@@]([H])(OP(=O)(O[H])OP(=O)(O[H])OC([H])([H])[C@@]2([H])O[C@@]([H])(N3:C([H]):C(C([H])([H])[H]):C(=O):N([H]):C:3=O)C([H])([H])[C@]2([H])O[H])O[C@]([H])(C([H])([H])[H])[C@@]([H])(O[H])[C@]1([H])[N:27]([H:68])[H:69]>>[H]OC(=O)C([H])([H])C([H])([H])[C@@]([H])(C(=O)O[H])[N:27]([H:68])[H:69],EVODEX-P17628
EVODEX-N6861,[H]OC(=O)C(C([H])([H])C([H])([H])C(=O)O[H])=[O:42]>>[H]O[C@@]1([H])C(=[O:42])[C@@]([H])(O[H])[C@@]([H])(OP(=O)(O[H])OP(=O)(O[H])OC([H])([H])[C@@]2([H])O[C@@]([H])(N3:C([H]):C(C([H])([H])[H]):C(=O):N([H]):C:3=O)C([H])([H])[C@]2([H])O[H])O[C@]1([H])C([H])([H])[H],EVODEX-P17630
EVODEX-N6862,[C:40][C:41](=[O:42])[C:43]>>[H]O[C@@]1([H])C(=[O:42])[C@@]([H])(O[H])[C@@]([H])(OP(=O)(O[H])OP(=O)(O[H])OC([H])([H])[C@@]2([H])O[C@@]([H])(N3:C([H]):C(C([H])([H])[H]):C(=O):N([H]):C:3=O)C([H])([H])[C@]2([H])O[H])O[C@]1([H])C([H])([H])[H].[H]N([H])[C@@:41]([H])([C:40])[C:43],EVODEX-P17632
EVODEX-N6863,[H]O[C@@]1([H])C(=[O:27])[C@@]([H])(O[H])[C@@]([H])(OP(=O)(O[H])OP(=O)(O[H])OC([H])([H])[C@@]2([H])O[C@@]([H])(N3:C([H]):C(C([H])([H])[H]):C(=O):N([H]):C:3=O)C([H])([H])[C@]2([H])O[H])O[C@]1([H])C([H])([H])[H].[H]N([H])[C@@:37]([H])([C:38])[C:43]>>[O:27]=[C:37]([C:38])[C:43],EVODEX-P17635
EVODEX-N6864,[H]O[C@@]1([H])C(=[O:27])[C@@]([H])(O[H])[C@@]([H])(OP(=O)(O[H])OP(=O)(O[H])OC([H])([H])[C@@]2([H])O[C@@]([H])(N3:C([H]):C(C([H])([H])[H]):C(=O):N([H]):C:3=O)C([H])([H])[C@]2([H])O[H])O[C@]1([H])C([H])([H])[H]>>[H]OC(=O)C(C([H])([H])C([H])([H])C(=O)O[H])=[O:27],EVODEX-P17636
EVODEX-N6865,[H]OC(=O)C([H])([H])C([H])([H])[C@@]([H])(C(=O)O[H])[N:36]([H:70])[H:71]>>[H]O[C@@]1([H])[C@@]([H])(OP(=O)(O[H])OP(=O)(O[H])OC([H])([H])[C@@]2([H])O[C@@]([H])(N3:C([H]):C(C([H])([H])[H]):C(=O):N([H]):C:3=O)C([H])([H])[C@]2([H])O[H])O[C@]([H])(C([H])([H])[H])[C@@]([H])(O[H])[C@]1([H])[N:36]([H:70])[H:71],EVODEX-P17638
EVODEX-N6866,[H][C@:37]([N:36])([C:38])[C:43]>>[H]O[C@@]1([H])[C@@]([H])(OP(=O)(O[H])OP(=O)(O[H])OC([H])([H])[C@@]2([H])O[C@@]([H])(N3:C([H]):C(C([H])([H])[H]):C(=O):N([H]):C:3=O)C([H])([H])[C@]2([H])O[H])O[C@]([H])(C([H])([H])[H])[C@@]([H])(O[H])[C@]1([H])[N:36].O=[C:37]([C:38])[C:43],EVODEX-P17640
EVODEX-N6867,[H]OC(=O)C([H])([H])C([H])([H])[C@@]([H])(C(=O)O[H])[N:1]([H:56])[H:57]>>[H]O[C@@]1([H])[C@]([H])(O[C@@]2([H])O[C@]([H])(C([H])([H])[N:1]([H:56])[H:57])[C@@]([H])(O[H])[C@]([H])(O[H])[C@@]2([H])N([H])[H])[C@@]([H])(N([H])[H])C([H])([H])[C@@]([H])(N([H])[H])[C@]1([H])O[H],EVODEX-P17644
EVODEX-N6868,[H]O[C@@]1([H])[C@]([H])(O[C@@]2([H])O[C@]([H])(C([H])=[O:28])[C@@]([H])(O[H])[C@]([H])(O[H])[C@@]2([H])N([H])[H])[C@@]([H])(N([H])[H])C([H])([H])[C@@]([H])(N([H])[H])[C@]1([H])O[H].[H]N([H])[C@@:2]([H])([C:3])[C:8]>>[C:2]([C:3])([C:8])=[O:28],EVODEX-P17646
EVODEX-N6869,[H]O[C@@]1([H])[C@]([H])(O[C@@]2([H])O[C@]([H])(C([H])=[O:28])[C@@]([H])(O[H])[C@]([H])(O[H])[C@@]2([H])N([H])[H])[C@@]([H])(N([H])[H])C([H])([H])[C@@]([H])(N([H])[H])[C@]1([H])O[H]>>[H]OC(=O)C(C([H])([H])C([H])([H])C(=O)O[H])=[O:28],EVODEX-P17647
EVODEX-N6870,[H][C@:2]([N:1])([C:3])[C:8]>>O=[C:2]([C:3])[C:8].[H]O[C@@]1([H])[C@]([H])(O[C@@]2([H])O[C@]([H])(C([H])([H])[N:1])[C@@]([H])(O[H])[C@]([H])(O[H])[C@@]2([H])N([H])[H])[C@@]([H])(N([H])[H])C([H])([H])[C@@]([H])(N([H])[H])[C@]1([H])O[H],EVODEX-P17648
EVODEX-N6871,[H]OC([H])([H])[C@@]1([H])O[C@@]([H])(O[C@@]2([H])[C@]([H])(O[C@@]3([H])O[C@]([H])(C([H])([H])[N:26]([H:79])[H:80])[C@@]([H])(O[H])[C@]([H])(O[H])[C@@]3([H])N([H])[H])[C@@]([H])(N([H])[H])C([H])([H])[C@@]([H])(N([H])[H])[C@]2([H])O[H])[C@]([H])(O[H])[C@]1([H])O[C@@]1([H])O[C@@]([H])(C([H])([H])N([H])[H])[C@@]([H])(O[H])[C@]([H])(O[H])[C@@]1([H])N([H])[H].O=[C:48]([C:47])[C:50]>>[H][C@:48]([N:26]([H:79])[H:80])([C:47])[C:50],EVODEX-P17651
EVODEX-N6872,[H]OC([H])([H])[C@@]1([H])O[C@@]([H])(O[C@@]2([H])[C@]([H])(O[C@@]3([H])O[C@]([H])(C([H])([H])[N:26]([H:79])[H:80])[C@@]([H])(O[H])[C@]([H])(O[H])[C@@]3([H])N([H])[H])[C@@]([H])(N([H])[H])C([H])([H])[C@@]([H])(N([H])[H])[C@]2([H])O[H])[C@]([H])(O[H])[C@]1([H])O[C@@]1([H])O[C@@]([H])(C([H])([H])N([H])[H])[C@@]([H])(O[H])[C@]([H])(O[H])[C@@]1([H])N([H])[H]>>[H]OC(=O)C([H])([H])C([H])([H])[C@@]([H])(C(=O)O[H])[N:26]([H:79])[H:80],EVODEX-P17652
EVODEX-N6873,[H]OC(=O)C(C([H])([H])C([H])([H])C(=O)O[H])=[O:49]>>[H]OC([H])([H])[C@@]1([H])O[C@@]([H])(O[C@@]2([H])[C@]([H])(O[C@@]3([H])O[C@]([H])(C([H])=[O:49])[C@@]([H])(O[H])[C@]([H])(O[H])[C@@]3([H])N([H])[H])[C@@]([H])(N([H])[H])C([H])([H])[C@@]([H])(N([H])[H])[C@]2([H])O[H])[C@]([H])(O[H])[C@]1([H])O[C@@]1([H])O[C@@]([H])(C([H])([H])N([H])[H])[C@@]([H])(O[H])[C@]([H])(O[H])[C@@]1([H])N([H])[H],EVODEX-P17654
EVODEX-N6874,[C:47][C:48](=[O:49])[C:50]>>[H]OC([H])([H])[C@@]1([H])O[C@@]([H])(O[C@@]2([H])[C@]([H])(O[C@@]3([H])O[C@]([H])(C([H])=[O:49])[C@@]([H])(O[H])[C@]([H])(O[H])[C@@]3([H])N([H])[H])[C@@]([H])(N([H])[H])C([H])([H])[C@@]([H])(N([H])[H])[C@]2([H])O[H])[C@]([H])(O[H])[C@]1([H])O[C@@]1([H])O[C@@]([H])(C([H])([H])N([H])[H])[C@@]([H])(O[H])[C@]([H])(O[H])[C@@]1([H])N([H])[H].[H]N([H])[C@@:48]([H])([C:47])[C:50],EVODEX-P17656
EVODEX-N6875,[H]OC(=O)C(C([H])([H])C([H])([H])C(=O)O[H])=[O:49]>>[H]OC([H])([H])[C@@]1([H])O[C@@]([H])(O[C@@]2([H])[C@]([H])(O[C@@]3([H])O[C@]([H])(C([H])([H])N([H])[H])[C@@]([H])(O[H])[C@]([H])(O[H])[C@@]3([H])N([H])[H])[C@@]([H])(N([H])[H])C([H])([H])[C@@]([H])(N([H])[H])[C@]2([H])O[H])[C@]([H])(O[H])[C@]1([H])O[C@@]1([H])O[C@]([H])(C([H])=[O:49])[C@@]([H])(O[H])[C@]([H])(O[H])[C@@]1([H])N([H])[H],EVODEX-P17660
EVODEX-N6876,[C:47][C:48](=[O:49])[C:50]>>[H]OC([H])([H])[C@@]1([H])O[C@@]([H])(O[C@@]2([H])[C@]([H])(O[C@@]3([H])O[C@]([H])(C([H])([H])N([H])[H])[C@@]([H])(O[H])[C@]([H])(O[H])[C@@]3([H])N([H])[H])[C@@]([H])(N([H])[H])C([H])([H])[C@@]([H])(N([H])[H])[C@]2([H])O[H])[C@]([H])(O[H])[C@]1([H])O[C@@]1([H])O[C@]([H])(C([H])=[O:49])[C@@]([H])(O[H])[C@]([H])(O[H])[C@@]1([H])N([H])[H].[H]N([H])[C:48]([H])([C:47])[C:50],EVODEX-P17662
EVODEX-N6877,[H]OC(=O)C(C([H])([H])[H])=[O:3]>>[H]OC(=O)C([H])([H])C([H])([H])C([H])=[O:3],EVODEX-P17666
EVODEX-N6878,O=[C:2]([C:1])[C:4].[H]OC(=O)C([H])([H])C([H])([H])C([H])([H])[N:7]([H:18])[H:19]>>[H][C@:2]([C:1])([C:4])[N:7]([H:18])[H:19],EVODEX-P17667
EVODEX-N6879,[H]OC(=O)C([H])([H])C([H])([H])C([H])([H])[N:7]([H:18])[H:19]>>[H]OC(=O)[C@]([H])(C([H])([H])[H])[N:7]([H:18])[H:19],EVODEX-P17668
EVODEX-N6880,[C:1][C:2](=[O:3])[C:4]>>[H]N([H])[C@@:2]([H])([C:1])[C:4].[H]OC(=O)C([H])([H])C([H])([H])C([H])=[O:3],EVODEX-P17670
EVODEX-N6881,[H]OC(=O)[C@]([H])(C([H])([H])[H])[N:3]([H:18])[H:19]>>[H]OC(=O)C([H])([H])C([H])([H])C([H])([H])[N:3]([H:18])[H:19],EVODEX-P17674
EVODEX-N6882,[H]N([H])[C@@:2]([H])([C:1])[C:4].[H]OC(=O)C([H])([H])C([H])([H])C([H])=[O:7]>>[C:1][C:2]([C:4])=[O:7],EVODEX-P17675
EVODEX-N6883,[H]OC(=O)C([H])([H])C([H])([H])C([H])=[O:7]>>[H]OC(=O)C(C([H])([H])[H])=[O:7],EVODEX-P17676
EVODEX-N6884,[H][C@@:2]([C:1])([N:3])[C:4]>>O=[C:2]([C:1])[C:4].[H]OC(=O)C([H])([H])C([H])([H])C([H])([H])[N:3],EVODEX-P17678
EVODEX-N6885,[H]OC(=O)[C@@]1([H])O[C@]([H])(OP(=O)(O[H])OP(=O)(O[H])OC([H])([H])[C@@]2([H])O[C@@]([H])(N3:C([H]):C([H]):C(=O):N([H]):C:3=O)[C@]([H])(O[H])[C@]2([H])O[H])[C@]([H])(N([H])C(=O)C([H])([H])[H])[C@@]([H])([N:40]([H:75])[H:76])[C@]1([H])O[H].O=[C:46]([C:45])[C:48]>>[H][C@:46]([N:40]([H:75])[H:76])([C:45])[C:48],EVODEX-P17680
EVODEX-N6886,[H]OC(=O)[C@@]1([H])O[C@]([H])(OP(=O)(O[H])OP(=O)(O[H])OC([H])([H])[C@@]2([H])O[C@@]([H])(N3:C([H]):C([H]):C(=O):N([H]):C:3=O)[C@]([H])(O[H])[C@]2([H])O[H])[C@]([H])(N([H])C(=O)C([H])([H])[H])[C@@]([H])([N:40]([H:75])[H:76])[C@]1([H])O[H]>>[H]OC(=O)C([H])([H])C([H])([H])[C@@]([H])(C(=O)O[H])[N:40]([H:75])[H:76],EVODEX-P17681
EVODEX-N6887,[H]OC(=O)C(C([H])([H])C([H])([H])C(=O)O[H])=[O:47]>>[H]OC(=O)[C@@]1([H])O[C@]([H])(OP(=O)(O[H])OP(=O)(O[H])OC([H])([H])[C@@]2([H])O[C@@]([H])(N3:C([H]):C([H]):C(=O):N([H]):C:3=O)[C@]([H])(O[H])[C@]2([H])O[H])[C@]([H])(N([H])C(=O)C([H])([H])[H])C(=[O:47])[C@]1([H])O[H],EVODEX-P17683
EVODEX-N6888,[C:45][C:46](=[O:47])[C:48]>>[H]OC(=O)[C@@]1([H])O[C@]([H])(OP(=O)(O[H])OP(=O)(O[H])OC([H])([H])[C@@]2([H])O[C@@]([H])(N3:C([H]):C([H]):C(=O):N([H]):C:3=O)[C@]([H])(O[H])[C@]2([H])O[H])[C@]([H])(N([H])C(=O)C([H])([H])[H])C(=[O:47])[C@]1([H])O[H].[H]N([H])[C@@:46]([H])([C:45])[C:48],EVODEX-P17685
EVODEX-N6889,[H]OC(=O)[C@@]1([H])O[C@]([H])(OP(=O)(O[H])OP(=O)(O[H])OC([H])([H])[C@@]2([H])O[C@@]([H])(N3:C([H]):C([H]):C(=O):N([H]):C:3=O)[C@]([H])(O[H])[C@]2([H])O[H])[C@]([H])(N([H])C(=O)C([H])([H])[H])C(=[O:7])[C@]1([H])O[H].[H]N([H])[C@@:42]([H])([C:43])[C:48]>>[O:7]=[C:42]([C:43])[C:48],EVODEX-P17688
EVODEX-N6890,[H]OC(=O)[C@@]1([H])O[C@]([H])(OP(=O)(O[H])OP(=O)(O[H])OC([H])([H])[C@@]2([H])O[C@@]([H])(N3:C([H]):C([H]):C(=O):N([H]):C:3=O)[C@]([H])(O[H])[C@]2([H])O[H])[C@]([H])(N([H])C(=O)C([H])([H])[H])C(=[O:7])[C@]1([H])O[H]>>[H]OC(=O)C(C([H])([H])C([H])([H])C(=O)O[H])=[O:7],EVODEX-P17689
EVODEX-N6891,[H]OC(=O)C([H])([H])C([H])([H])[C@@]([H])(C(=O)O[H])[N:41]([H:74])[H:75]>>[H]OC(=O)[C@@]1([H])O[C@]([H])(OP(=O)(O[H])OP(=O)(O[H])OC([H])([H])[C@@]2([H])O[C@@]([H])(N3:C([H]):C([H]):C(=O):N([H]):C:3=O)[C@]([H])(O[H])[C@]2([H])O[H])[C@]([H])(N([H])C(=O)C([H])([H])[H])[C@@]([H])([N:41]([H:74])[H:75])[C@]1([H])O[H],EVODEX-P17691
EVODEX-N6892,[H][C@:42]([N:41])([C:43])[C:48]>>[H]OC(=O)[C@@]1([H])O[C@]([H])(OP(=O)(O[H])OP(=O)(O[H])OC([H])([H])[C@@]2([H])O[C@@]([H])(N3:C([H]):C([H]):C(=O):N([H]):C:3=O)[C@]([H])(O[H])[C@]2([H])O[H])[C@]([H])(N([H])C(=O)C([H])([H])[H])[C@@]([H])([N:41])[C@]1([H])O[H].O=[C:42]([C:43])[C:48],EVODEX-P17693
EVODEX-N6893,[H]C1:C([H]):C([H]):C2:C(:C:1[H]):C([C:9]([C:8])([H:29])[H:30]):C([H]):N:2[H]>>[H][C:9]([C:8])([H:29])[H:30],EVODEX-P17696
EVODEX-N6894,[H][C:1]([C:2])([H:22])[H:23]>>[H]C1:C([H]):C([H]):C2:C(:C:1[H]):C([C:1]([C:2])([H:22])[H:23]):C([H]):N:2[H],EVODEX-P17698
EVODEX-N6895,[H]OC(=O)[C@]([H])([C@@]([H])(C([H])([H])[H])C([H])([H])C([H])([H])[H])[N:6]([H:35])[H:36]>>[H]OC(=O)[C@]([H])(C([H])([H])C1:C([H]):N([H]):C2:C([H]):C([H]):C([H]):C([H]):C:1:2)[N:6]([H:35])[H:36],EVODEX-P17702
EVODEX-N6896,[H]OC(=O)C(C([H])([H])C1:C([H]):N([H]):C2:C([H]):C([H]):C([H]):C([H]):C:1:2)=[O:14]>>[H]OC(=O)C(C([H])(C([H])([H])[H])C([H])([H])C([H])([H])[H])=[O:14],EVODEX-P17704
EVODEX-N6897,[H]OC(=O)C(C([H])([H])C([H])([H])C(=O)N([H])[H])=[O:7]>>[H]O[C@]1([H])[C@@]([H])(O[H])[C@]([H])(O[H])C([H])([H])C(=[O:7])[C@@]1([H])O[H],EVODEX-P17709
EVODEX-N6898,[H]O[C@@]1([H])[C@]([H])(O[H])[C@@]([H])([N:11]([H:22])[H:23])C([H])([H])[C@@]([H])(O[H])[C@]1([H])O[H].O=[C:6]([C:5])[C:8]>>[H][C@:6]([C:5])([C:8])[N:11]([H:22])[H:23],EVODEX-P17711
EVODEX-N6899,[H]O[C@@]1([H])[C@]([H])(O[H])[C@@]([H])([N:11]([H:22])[H:23])C([H])([H])[C@@]([H])(O[H])[C@]1([H])O[H]>>[H]OC(=O)[C@]([H])(C([H])([H])C([H])([H])C(=O)N([H])[H])[N:11]([H:22])[H:23],EVODEX-P17712
EVODEX-N6900,[C:5][C:6](=[O:7])[C:8]>>[H]N([H])[C@@:6]([H])([C:5])[C:8].[H]O[C@]1([H])[C@@]([H])(O[H])[C@]([H])(O[H])C([H])([H])C(=[O:7])[C@@]1([H])O[H],EVODEX-P17713
EVODEX-N6901,[H]OC(=O)[C@]([H])(C([H])([H])C([H])([H])C(=O)N([H])[H])[N:7]([H:40])[H:41]>>[H]O[C@@]1([H])[C@]([H])(O[H])[C@@]([H])(N([H])[H])C([H])([H])[C@@]([H])([N:7]([H:40])[H:41])[C@]1([H])O[H],EVODEX-P17717
EVODEX-N6902,[H]O[C@]1([H])[C@@]([H])(O[H])[C@]([H])(N([H])[H])C([H])([H])C(=[O:15])[C@@]1([H])O[H].[H]N([H])[C@@:6]([H])([C:5])[C:8]>>[C:5][C:6]([C:8])=[O:15],EVODEX-P17719
EVODEX-N6903,[H]O[C@]1([H])[C@@]([H])(O[H])[C@]([H])(N([H])[H])C([H])([H])C(=[O:15])[C@@]1([H])O[H]>>[H]OC(=O)C(C([H])([H])C([H])([H])C(=O)N([H])[H])=[O:15],EVODEX-P17720
EVODEX-N6904,[H][C@@:6]([C:5])([N:7])[C:8]>>O=[C:6]([C:5])[C:8].[H]O[C@@]1([H])[C@]([H])(O[H])[C@@]([H])(N([H])[H])C([H])([H])[C@@]([H])([N:7])[C@]1([H])O[H],EVODEX-P17721
EVODEX-N6905,[H]N=C1:N([H]):C(=O):C2:N:C([H]):N([C@]3([H])O[C@]([H])(C([H])([H])OP(=O)(O[H])OP(=O)(O[H])O[C@@]4([H])O[C@]([H])(C([H])([H])[H])C(=[O:38])[C@]([H])(O[H])[C@]4([H])O[H])[C@@]([H])(O[H])[C@@]3([H])O[H]):C:2:N:1[H].[H]N([H])[C@@:40]([H])([C:41])[C:46]>>[O:38]=[C:40]([C:41])[C:46],EVODEX-P17724
EVODEX-N6906,[H]N=C1:N([H]):C(=O):C2:N:C([H]):N([C@]3([H])O[C@]([H])(C([H])([H])OP(=O)(O[H])OP(=O)(O[H])O[C@@]4([H])O[C@]([H])(C([H])([H])[H])C(=[O:38])[C@]([H])(O[H])[C@]4([H])O[H])[C@@]([H])(O[H])[C@@]3([H])O[H]):C:2:N:1[H]>>[H]OC(=O)C(C([H])([H])C([H])([H])C(=O)O[H])=[O:38],EVODEX-P17725
EVODEX-N6907,[H]OC(=O)C([H])([H])C([H])([H])[C@@]([H])(C(=O)O[H])[N:39]([H:72])[H:73]>>[H]N=C1:N([H]):C(=O):C2:N:C([H]):N([C@]3([H])O[C@]([H])(C([H])([H])OP(=O)(O[H])OP(=O)(O[H])O[C@@]4([H])O[C@]([H])(C([H])([H])[H])[C@@]([H])([N:39]([H:72])[H:73])[C@]([H])(O[H])[C@]4([H])O[H])[C@@]([H])(O[H])[C@@]3([H])O[H]):C:2:N:1[H],EVODEX-P17727
EVODEX-N6908,[H][C@:40]([N:39])([C:41])[C:46]>>[H]N=C1:N([H]):C(=O):C2:N:C([H]):N([C@]3([H])O[C@]([H])(C([H])([H])OP(=O)(O[H])OP(=O)(O[H])O[C@@]4([H])O[C@]([H])(C([H])([H])[H])[C@@]([H])([N:39])[C@]([H])(O[H])[C@]4([H])O[H])[C@@]([H])(O[H])[C@@]3([H])O[H]):C:2:N:1[H].O=[C:40]([C:41])[C:46],EVODEX-P17729
EVODEX-N6909,[H]O[C@@]1([H])[C@@]([H])(O[H])[C@]([H])(N2:C([H]):N:C3:C(=O):N([H]):C(N([H])[H]):N:C:3:2)O[C@]1([H])C([H])([H])OP(=O)(O[H])OP(=O)(O[H])O[C@@]1([H])O[C@]([H])(C([H])([H])[H])C(=[O:37])C([H])([H])[C@]1([H])O[H].[H]N([H])[C@@:39]([H])([C:40])[C:45]>>[O:37]=[C:39]([C:40])[C:45],EVODEX-P17732
EVODEX-N6910,[H]O[C@@]1([H])[C@@]([H])(O[H])[C@]([H])(N2:C([H]):N:C3:C(=O):N([H]):C(N([H])[H]):N:C:3:2)O[C@]1([H])C([H])([H])OP(=O)(O[H])OP(=O)(O[H])O[C@@]1([H])O[C@]([H])(C([H])([H])[H])C(=[O:37])C([H])([H])[C@]1([H])O[H]>>[H]OC(=O)C(C([H])([H])C([H])([H])C(=O)O[H])=[O:37],EVODEX-P17733
EVODEX-N6911,[H]OC(=O)C([H])([H])C([H])([H])[C@@]([H])(C(=O)O[H])[N:38]([H:71])[H:72]>>[H]O[C@@]1([H])[C@@]([H])(O[H])[C@]([H])(N2:C([H]):N:C3:C(=O):N([H]):C(N([H])[H]):N:C:3:2)O[C@]1([H])C([H])([H])OP(=O)(O[H])OP(=O)(O[H])O[C@@]1([H])O[C@]([H])(C([H])([H])[H])[C@@]([H])([N:38]([H:71])[H:72])C([H])([H])[C@]1([H])O[H],EVODEX-P17735
EVODEX-N6912,[H][C@:39]([N:38])([C:40])[C:45]>>[H]O[C@@]1([H])[C@@]([H])(O[H])[C@]([H])(N2:C([H]):N:C3:C(=O):N([H]):C(N([H])[H]):N:C:3:2)O[C@]1([H])C([H])([H])OP(=O)(O[H])OP(=O)(O[H])O[C@@]1([H])O[C@]([H])(C([H])([H])[H])[C@@]([H])([N:38])C([H])([H])[C@]1([H])O[H].O=[C:39]([C:40])[C:45],EVODEX-P17737
EVODEX-N6913,[H]OC(=O)C([H])([H])C([H])([H])[C@@]([H])(C(=O)O[H])[N:1]([H:24])[H:25]>>[H]OC(=O)[C@]([H])(C1:C([H]):C(O[H]):C([H]):C(O[H]):C:1[H])[N:1]([H:24])[H:25],EVODEX-P17742
EVODEX-N6914,[H]N([H])[C@@:2]([H])([C:3])[C:8].[H]OC(=O)C(C1:C([H]):C(O[H]):C([H]):C(O[H]):C:1[H])=[O:15]>>[C:2]([C:3])([C:8])=[O:15],EVODEX-P17743
EVODEX-N6915,[H]OC(=O)C(C1:C([H]):C(O[H]):C([H]):C(O[H]):C:1[H])=[O:15]>>[H]OC(=O)C(C([H])([H])C([H])([H])C(=O)O[H])=[O:15],EVODEX-P17744
EVODEX-N6916,[H][C@:2]([N:1])([C:3])[C:8]>>O=[C:2]([C:3])[C:8].[H]OC(=O)[C@]([H])(C1:C([H]):C(O[H]):C([H]):C(O[H]):C:1[H])[N:1],EVODEX-P17746
EVODEX-N6917,[H]OC(=O)[C@]([H])(C1:C([H]):C(O[H]):C([H]):C(O[H]):C:1[H])[N:1]([H:24])[H:25].O=[C:19]([C:18])[C:21]>>[H][C@:19]([N:1]([H:24])[H:25])([C:18])[C:21],EVODEX-P17748
EVODEX-N6918,[H]OC(=O)[C@]([H])(C1:C([H]):C(O[H]):C([H]):C(O[H]):C:1[H])[N:1]([H:24])[H:25]>>[H]OC(=O)C([H])([H])C([H])([H])[C@@]([H])(C(=O)O[H])[N:1]([H:24])[H:25],EVODEX-P17749
EVODEX-N6919,[H]OC(=O)C(C([H])([H])C([H])([H])C(=O)O[H])=[O:20]>>[H]OC(=O)C(C1:C([H]):C(O[H]):C([H]):C(O[H]):C:1[H])=[O:20],EVODEX-P17751
EVODEX-N6920,[C:18][C:19](=[O:20])[C:21]>>[H]OC(=O)C(C1:C([H]):C(O[H]):C([H]):C(O[H]):C:1[H])=[O:20].[H]N([H])[C@@:19]([H])([C:18])[C:21],EVODEX-P17753
EVODEX-N6921,[H]OC1([H])O[C@]([H])(C([H])([H])OP(=O)(O[H])O[H])[C@@]([H])(O[H])[C@]([H])([N:1]([H:27])[H:28])[C@@]1([H])O[H].O=[C:22]([C:21])[C:24]>>[H][C@:22]([N:1]([H:27])[H:28])([C:21])[C:24],EVODEX-P17756
EVODEX-N6922,[H]OC1([H])O[C@]([H])(C([H])([H])OP(=O)(O[H])O[H])[C@@]([H])(O[H])[C@]([H])([N:1]([H:27])[H:28])[C@@]1([H])O[H]>>[H]OC(=O)C([H])([H])C([H])([H])[C@@]([H])(C(=O)O[H])[N:1]([H:27])[H:28],EVODEX-P17757
EVODEX-N6923,[H]OC(=O)C(C([H])([H])C([H])([H])C(=O)O[H])=[O:23]>>[H]OC1([H])O[C@]([H])(C([H])([H])OP(=O)(O[H])O[H])[C@@]([H])(O[H])C(=[O:23])[C@@]1([H])O[H],EVODEX-P17759
EVODEX-N6924,[C:21][C:22](=[O:23])[C:24]>>[H]OC1([H])O[C@]([H])(C([H])([H])OP(=O)(O[H])O[H])[C@@]([H])(O[H])C(=[O:23])[C@@]1([H])O[H].[H]N([H])[C@@:22]([H])([C:21])[C:24],EVODEX-P17761
EVODEX-N6925,[H]OC(=O)C([H])([H])C([H])([H])C([H])([H])C([H])([H])C([H])([H])C(C([H])(N([H])[H])C([H])([H])[H])=[O:5].[H]N([H])[C:15]([H])([C:16])[H:43]>>[O:5]=[C:15]([C:16])[H:43],EVODEX-P17764
EVODEX-N6926,[H]OC(=O)C([H])([H])C([H])([H])C([H])([H])C([H])([H])C([H])([H])C(C([H])(N([H])[H])C([H])([H])[H])=[O:5]>>[H]OC(=O)[C@@]([H])(N([H])[H])C([H])([H])C([H])([H])C([H])([H])C([H])=[O:5],EVODEX-P17765
EVODEX-N6927,[H]OC(=O)[C@@]([H])(N([H])[H])C([H])([H])C([H])([H])C([H])([H])C([H])([H])[N:14]([H:41])[H:42]>>[H]OC(=O)C([H])([H])C([H])([H])C([H])([H])C([H])([H])C([H])([H])C([H])(C([H])(N([H])[H])C([H])([H])[H])[N:14]([H:41])[H:42],EVODEX-P17767
EVODEX-N6928,[H][C:15]([N:14])([C:16])[H:43]>>[H]OC(=O)C([H])([H])C([H])([H])C([H])([H])C([H])([H])C([H])([H])C([H])(C([H])(N([H])[H])C([H])([H])[H])[N:14].O=[C:15]([C:16])[H:43],EVODEX-P17768
EVODEX-N6929,[H]O[C@@]1([H])C([H])([H])[C@]([H])(N2:C([H]):C(C([H])([H])[H]):C(=O):N([H]):C:2=O)O[C@]1([H])C([H])([H])OP(=O)(O[H])OP(=O)(O[H])O[C@@]1([H])O[C@]([H])(C([H])([H])[H])C([H])([H])C(=[O:26])[C@@]1([H])O[H].[H]N([H])[C@@:36]([H])([C:37])[C:42]>>[O:26]=[C:36]([C:37])[C:42],EVODEX-P17771
EVODEX-N6930,[H]O[C@@]1([H])C([H])([H])[C@]([H])(N2:C([H]):C(C([H])([H])[H]):C(=O):N([H]):C:2=O)O[C@]1([H])C([H])([H])OP(=O)(O[H])OP(=O)(O[H])O[C@@]1([H])O[C@]([H])(C([H])([H])[H])C([H])([H])C(=[O:26])[C@@]1([H])O[H]>>[H]OC(=O)C(C([H])([H])C([H])([H])C(=O)O[H])=[O:26],EVODEX-P17772
EVODEX-N6931,[H]OC(=O)C([H])([H])C([H])([H])[C@@]([H])(C(=O)O[H])[N:35]([H:69])[H:70]>>[H]O[C@@]1([H])[C@@]([H])(OP(=O)(O[H])OP(=O)(O[H])OC([H])([H])[C@@]2([H])O[C@@]([H])(N3:C([H]):C(C([H])([H])[H]):C(=O):N([H]):C:3=O)C([H])([H])[C@]2([H])O[H])O[C@]([H])(C([H])([H])[H])C([H])([H])[C@]1([H])[N:35]([H:69])[H:70],EVODEX-P17774
EVODEX-N6932,[H][C@:36]([N:35])([C:37])[C:42]>>[H]O[C@@]1([H])[C@@]([H])(OP(=O)(O[H])OP(=O)(O[H])OC([H])([H])[C@@]2([H])O[C@@]([H])(N3:C([H]):C(C([H])([H])[H]):C(=O):N([H]):C:3=O)C([H])([H])[C@]2([H])O[H])O[C@]([H])(C([H])([H])[H])C([H])([H])[C@]1([H])[N:35].O=[C:36]([C:37])[C:42],EVODEX-P17776
EVODEX-N6933,[H]OC(=O)[C@]([H])([C@]([H])(C1:C([H]):C([H]):C([H]):C([H]):C:1[H])C([H])([H])[H])[N:10]([H:34])[H:35].O=[C:19]([C:18])[C:21]>>[H][C@:19]([N:10]([H:34])[H:35])([C:18])[C:21],EVODEX-P17779
EVODEX-N6934,[H]OC(=O)[C@]([H])([C@]([H])(C1:C([H]):C([H]):C([H]):C([H]):C:1[H])C([H])([H])[H])[N:10]([H:34])[H:35]>>[H]OC(=O)C([H])([H])C([H])([H])[C@@]([H])(C(=O)O[H])[N:10]([H:34])[H:35],EVODEX-P17780
EVODEX-N6935,[H]OC(=O)C(C([H])([H])C([H])([H])C(=O)O[H])=[O:20]>>[H]OC(=O)C([C@]([H])(C1:C([H]):C([H]):C([H]):C([H]):C:1[H])C([H])([H])[H])=[O:20],EVODEX-P17782
EVODEX-N6936,[C:18][C:19](=[O:20])[C:21]>>[H]OC(=O)C([C@]([H])(C1:C([H]):C([H]):C([H]):C([H]):C:1[H])C([H])([H])[H])=[O:20].[H]N([H])[C@@:19]([H])([C:18])[C:21],EVODEX-P17784
EVODEX-N6937,[H]OC(=O)[C@]([H])(C([H])([H])[H])[N:3]([H:24])[H:25]>>[H]OP(=O)(O[H])OC([H])([H])C1:C([H]):O:C(C([H])([H])[N:3]([H:24])[H:25]):C:1[H],EVODEX-P17789
EVODEX-N6938,[H]N([H])[C@@:2]([H])([C:1])[C:4].[H]OP(=O)(O[H])OC([H])([H])C1:C([H]):O:C(C([H])=[O:7]):C:1[H]>>[C:1][C:2]([C:4])=[O:7],EVODEX-P17790
EVODEX-N6939,[H]OP(=O)(O[H])OC([H])([H])C1:C([H]):O:C(C([H])=[O:7]):C:1[H]>>[H]OC(=O)C(C([H])([H])[H])=[O:7],EVODEX-P17791
EVODEX-N6940,[H][C@@:2]([C:1])([N:3])[C:4]>>O=[C:2]([C:1])[C:4].[H]OP(=O)(O[H])OC([H])([H])C1:C([H]):O:C(C([H])([H])[N:3]):C:1[H],EVODEX-P17793
EVODEX-N6941,[H]OC(=O)C([H])([H])C([H])([H])[C@@]([H])(C(=O)O[H])[N:1]([H:27])[H:28]>>[H]OC(=O)C(=O)C([H])([H])[C@@]([H])(O[H])[C@@]([H])(O[H])[C@]([H])(O[H])[C@]([H])(O[H])C([H])([H])[N:1]([H:27])[H:28],EVODEX-P17797
EVODEX-N6942,[H]N([H])[C@@:2]([H])([C:3])[C:8].[H]OC(=O)C(=O)C([H])([H])[C@@]([H])(O[H])[C@@]([H])(O[H])[C@]([H])(O[H])[C@]([H])(O[H])C([H])=[O:11]>>[C:2]([C:3])([C:8])=[O:11],EVODEX-P17798
EVODEX-N6943,[H]OC(=O)C(=O)C([H])([H])[C@@]([H])(O[H])[C@@]([H])(O[H])[C@]([H])(O[H])[C@]([H])(O[H])C([H])=[O:11]>>[H]OC(=O)C(C([H])([H])C([H])([H])C(=O)O[H])=[O:11],EVODEX-P17799
EVODEX-N6944,[H][C@:2]([N:1])([C:3])[C:8]>>O=[C:2]([C:3])[C:8].[H]OC(=O)C(=O)C([H])([H])[C@@]([H])(O[H])[C@@]([H])(O[H])[C@]([H])(O[H])[C@]([H])(O[H])C([H])([H])[N:1],EVODEX-P17801
EVODEX-N6945,[H]OC(=O)C([H])([H])C([H])([H])[C@@]([H])(C(=O)O[H])[N:1]([H:27])[H:28]>>[H]OC(=O)C1(O[H])O[C@]([H])([C@]([H])(O[H])C([H])([H])[N:1]([H:27])[H:28])[C@]([H])(O[H])[C@]([H])(O[H])C1([H])[H],EVODEX-P17805
EVODEX-N6946,[H]N([H])[C@@:2]([H])([C:3])[C:8].[H]OC(=O)C1(O[H])O[C@]([H])([C@]([H])(O[H])C([H])=[O:11])[C@]([H])(O[H])[C@]([H])(O[H])C1([H])[H]>>[C:2]([C:3])([C:8])=[O:11],EVODEX-P17806
EVODEX-N6947,[H]OC(=O)C1(O[H])O[C@]([H])([C@]([H])(O[H])C([H])=[O:11])[C@]([H])(O[H])[C@]([H])(O[H])C1([H])[H]>>[H]OC(=O)C(C([H])([H])C([H])([H])C(=O)O[H])=[O:11],EVODEX-P17807
EVODEX-N6948,[H][C@:2]([N:1])([C:3])[C:8]>>O=[C:2]([C:3])[C:8].[H]OC(=O)C1(O[H])O[C@]([H])([C@]([H])(O[H])C([H])([H])[N:1])[C@]([H])(O[H])[C@]([H])(O[H])C1([H])[H],EVODEX-P17809
EVODEX-N6949,[H]O[C@@]1([H])C([H])([H])[C@]([H])(N2:C([H]):C(C([H])([H])[H]):C(=O):N([H]):C:2=O)O[C@]1([H])C([H])([H])OP(=O)(O[H])OP(=O)(O[H])O[C@@]1([H])O[C@]([H])(C([H])([H])[H])[C@@]([H])([N:24]([H:64])[H:65])C([H])([H])C1([H])[H].O=[C:39]([C:38])[C:41]>>[H][C@:39]([N:24]([H:64])[H:65])([C:38])[C:41],EVODEX-P17811
EVODEX-N6950,[H]O[C@@]1([H])C([H])([H])[C@]([H])(N2:C([H]):C(C([H])([H])[H]):C(=O):N([H]):C:2=O)O[C@]1([H])C([H])([H])OP(=O)(O[H])OP(=O)(O[H])O[C@@]1([H])O[C@]([H])(C([H])([H])[H])[C@@]([H])([N:24]([H:64])[H:65])C([H])([H])C1([H])[H]>>[H]OC(=O)C([H])([H])C([H])([H])[C@@]([H])(C(=O)O[H])[N:24]([H:64])[H:65],EVODEX-P17812
EVODEX-N6951,[H]OC(=O)C(C([H])([H])C([H])([H])C(=O)O[H])=[O:40]>>[H]O[C@@]1([H])C([H])([H])[C@]([H])(N2:C([H]):C(C([H])([H])[H]):C(=O):N([H]):C:2=O)O[C@]1([H])C([H])([H])OP(=O)(O[H])OP(=O)(O[H])O[C@@]1([H])O[C@]([H])(C([H])([H])[H])C(=[O:40])C([H])([H])C1([H])[H],EVODEX-P17814
EVODEX-N6952,[C:38][C:39](=[O:40])[C:41]>>[H]O[C@@]1([H])C([H])([H])[C@]([H])(N2:C([H]):C(C([H])([H])[H]):C(=O):N([H]):C:2=O)O[C@]1([H])C([H])([H])OP(=O)(O[H])OP(=O)(O[H])O[C@@]1([H])O[C@]([H])(C([H])([H])[H])C(=[O:40])C([H])([H])C1([H])[H].[H]N([H])[C@@:39]([H])([C:38])[C:41],EVODEX-P17816
EVODEX-N6953,[H]O[C@@]1([H])C([H])([H])[C@]([H])(N2:C([H]):C(C([H])([H])[H]):C(=O):N([H]):C:2=O)O[C@]1([H])C([H])([H])OP(=O)(O[H])OP(=O)(O[H])O[C@@]1([H])O[C@]([H])(C([H])([H])[H])C(=[O:24])C([H])([H])C1([H])[H].[H]N([H])[C@@:35]([H])([C:36])[C:41]>>[O:24]=[C:35]([C:36])[C:41],EVODEX-P17819
EVODEX-N6954,[H]O[C@@]1([H])C([H])([H])[C@]([H])(N2:C([H]):C(C([H])([H])[H]):C(=O):N([H]):C:2=O)O[C@]1([H])C([H])([H])OP(=O)(O[H])OP(=O)(O[H])O[C@@]1([H])O[C@]([H])(C([H])([H])[H])C(=[O:24])C([H])([H])C1([H])[H]>>[H]OC(=O)C(C([H])([H])C([H])([H])C(=O)O[H])=[O:24],EVODEX-P17820
EVODEX-N6955,[H]OC(=O)C([H])([H])C([H])([H])[C@@]([H])(C(=O)O[H])[N:34]([H:68])[H:69]>>[H]O[C@@]1([H])C([H])([H])[C@]([H])(N2:C([H]):C(C([H])([H])[H]):C(=O):N([H]):C:2=O)O[C@]1([H])C([H])([H])OP(=O)(O[H])OP(=O)(O[H])O[C@@]1([H])O[C@]([H])(C([H])([H])[H])[C@@]([H])([N:34]([H:68])[H:69])C([H])([H])C1([H])[H],EVODEX-P17822
EVODEX-N6956,[H][C@:35]([N:34])([C:36])[C:41]>>[H]O[C@@]1([H])C([H])([H])[C@]([H])(N2:C([H]):C(C([H])([H])[H]):C(=O):N([H]):C:2=O)O[C@]1([H])C([H])([H])OP(=O)(O[H])OP(=O)(O[H])O[C@@]1([H])O[C@]([H])(C([H])([H])[H])[C@@]([H])([N:34])C([H])([H])C1([H])[H].O=[C:35]([C:36])[C:41],EVODEX-P17824
EVODEX-N6957,[H]O[C@]1([H])[C@]([H])(OP(=O)(O[H])O[H])[C@@]([H])(C([H])([H])OP(=O)(O[H])OP(=O)(O[H])OC([H])([H])C(C([H])([H])[H])(C([H])([H])[H])[C@@]([H])(O[H])C(=O)N([H])C([H])([H])C([H])([H])C(=O)N([H])C([H])([H])C([H])([H])SC(=O)C([H])([H])[C@]([H])(C([H])([H])[H])[N:3]([H:69])[H:70])O[C@@]1([H])N1:C([H]):N:C2:C(N([H])[H]):N:C([H]):N:C:2:1.O=[C:60]([C:59])[C:62]>>[H][C@:60]([N:3]([H:69])[H:70])([C:59])[C:62],"EVODEX-P17827,EVODEX-P17837"
EVODEX-N6958,[H]O[C@]1([H])[C@]([H])(OP(=O)(O[H])O[H])[C@@]([H])(C([H])([H])OP(=O)(O[H])OP(=O)(O[H])OC([H])([H])C(C([H])([H])[H])(C([H])([H])[H])[C@@]([H])(O[H])C(=O)N([H])C([H])([H])C([H])([H])C(=O)N([H])C([H])([H])C([H])([H])SC(=O)C([H])([H])[C@]([H])(C([H])([H])[H])[N:3]([H:69])[H:70])O[C@@]1([H])N1:C([H]):N:C2:C(N([H])[H]):N:C([H]):N:C:2:1>>[H]OC(=O)C([H])([H])C([H])([H])[C@@]([H])(C(=O)O[H])[N:3]([H:69])[H:70],EVODEX-P17828
EVODEX-N6959,[H]OC(=O)C(C([H])([H])C([H])([H])C(=O)O[H])=[O:61]>>[H]O[C@]1([H])[C@]([H])(OP(=O)(O[H])O[H])[C@@]([H])(C([H])([H])OP(=O)(O[H])OP(=O)(O[H])OC([H])([H])C(C([H])([H])[H])(C([H])([H])[H])[C@@]([H])(O[H])C(=O)N([H])C([H])([H])C([H])([H])C(=O)N([H])C([H])([H])C([H])([H])SC(=O)C([H])([H])C(C([H])([H])[H])=[O:61])O[C@@]1([H])N1:C([H]):N:C2:C(N([H])[H]):N:C([H]):N:C:2:1,EVODEX-P17830
EVODEX-N6960,[C:59][C:60](=[O:61])[C:62]>>[H]O[C@]1([H])[C@]([H])(OP(=O)(O[H])O[H])[C@@]([H])(C([H])([H])OP(=O)(O[H])OP(=O)(O[H])OC([H])([H])C(C([H])([H])[H])(C([H])([H])[H])[C@@]([H])(O[H])C(=O)N([H])C([H])([H])C([H])([H])C(=O)N([H])C([H])([H])C([H])([H])SC(=O)C([H])([H])C(C([H])([H])[H])=[O:61])O[C@@]1([H])N1:C([H]):N:C2:C(N([H])[H]):N:C([H]):N:C:2:1.[H]N([H])[C@@:60]([H])([C:59])[C:62],"EVODEX-P17832,EVODEX-P17840"
EVODEX-N6961,[H]OC(=O)C(C([H])([H])[H])=[O:3]>>[H]O[C@]1([H])[C@]([H])(OP(=O)(O[H])O[H])[C@@]([H])(C([H])([H])OP(=O)(O[H])OP(=O)(O[H])OC([H])([H])C(C([H])([H])[H])(C([H])([H])[H])[C@@]([H])(O[H])C(=O)N([H])C([H])([H])C([H])([H])C(=O)N([H])C([H])([H])C([H])([H])SC(=O)C([H])([H])C(C([H])([H])[H])=[O:3])O[C@@]1([H])N1:C([H]):N:C2:C(N([H])[H]):N:C([H]):N:C:2:1,EVODEX-P17836
EVODEX-N6962,[H]O[C@]1([H])[C@]([H])(OP(=O)(O[H])O[H])[C@@]([H])(C([H])([H])OP(=O)(O[H])OP(=O)(O[H])OC([H])([H])C(C([H])([H])[H])(C([H])([H])[H])[C@@]([H])(O[H])C(=O)N([H])C([H])([H])C([H])([H])C(=O)N([H])C([H])([H])C([H])([H])SC(=O)C([H])([H])[C@]([H])(C([H])([H])[H])[N:9]([H:69])[H:70])O[C@@]1([H])N1:C([H]):N:C2:C(N([H])[H]):N:C([H]):N:C:2:1>>[H]OC(=O)[C@]([H])(C([H])([H])[H])[N:9]([H:69])[H:70],EVODEX-P17838
EVODEX-N6963,[H][C@@:5]([N:4])([N:6]([H:19])[H:20])[C:7].[O:10]=[C:11]([C:12])[H:22]>>[N:4][C:5]([C:7])=[O:10].[H][C:11]([N:6]([H:19])[H:20])([C:12])[H:22],EVODEX-P17841
EVODEX-N6964,[H]OC(=O)[C@]([H])(N([H])C(=O)N([H])[H])[N:6]([H:19])[H:20].O=[C:11]([C:12])[H:22]>>[H][C:11]([N:6]([H:19])[H:20])([C:12])[H:22],EVODEX-P17842
EVODEX-N6965,[H]OC(=O)[C@]([H])(N([H])C(=O)N([H])[H])[N:6]([H:19])[H:20]>>[H]OC(=O)C([H])([H])[N:6]([H:19])[H:20],EVODEX-P17843
EVODEX-N6966,[H]N([H])[C@@:5]([H])([N:4])[C:7].[H]OC(=O)C([H])=[O:10]>>[N:4][C:5]([C:7])=[O:10],EVODEX-P17844
EVODEX-N6967,[H]OC(=O)C([H])=[O:10]>>[H]OC(=O)C(N([H])C(=O)N([H])[H])=[O:10],EVODEX-P17845
EVODEX-N6968,[H]N([H])[C@@:5]([H])([N:4])[C:7]>>O=[C:5]([N:4])[C:7],EVODEX-P17846
EVODEX-N6969,[O:10]=[C:11]([C:12])[H:22]>>[H]OC(=O)C(N([H])C(=O)N([H])[H])=[O:10].[H]N([H])[C:11]([H])([C:12])[H:22],EVODEX-P17847
EVODEX-N6970,[H][C@@:5]([N:4])([N:6])[C:7]>>O=[C:5]([N:4])[C:7].[H]OC(=O)C([H])([H])[N:6],EVODEX-P17848
EVODEX-N6971,[H]OC(=O)C(C([H])([H])[H])=[O:3]>>[H]C(C([H])([H])N([H])[H])=[O:3],EVODEX-P17852
EVODEX-N6972,O=[C:2]([C:1])[C:4].[H]N([H])C([H])([H])C([H])([H])[N:7]([H:15])[H:16]>>[H][C:2]([C:1])([C:4])[N:7]([H:15])[H:16],EVODEX-P17853
EVODEX-N6973,[H]N([H])C([H])([H])C([H])([H])[N:7]([H:15])[H:16]>>[H]OC(=O)C([H])(C([H])([H])[H])[N:7]([H:15])[H:16],EVODEX-P17854
EVODEX-N6974,[C:1][C:2](=[O:3])[C:4]>>[H]N([H])[C:2]([H])([C:1])[C:4].[H]C(C([H])([H])N([H])[H])=[O:3],EVODEX-P17856
EVODEX-N6975,[H]OC(=O)C(C([H])([H])[H])=[O:3]>>[H]C(C([H])([H])C([H])([H])C([H])([H])C([H])([H])C([H])([H])N([H])[H])=[O:3],EVODEX-P17860
EVODEX-N6976,O=[C:2]([C:1])[C:4].[H]N([H])C([H])([H])C([H])([H])C([H])([H])C([H])([H])C([H])([H])C([H])([H])[N:7]([H:19])[H:20]>>[H][C:2]([C:1])([C:4])[N:7]([H:19])[H:20],EVODEX-P17861
EVODEX-N6977,[H]N([H])C([H])([H])C([H])([H])C([H])([H])C([H])([H])C([H])([H])C([H])([H])[N:7]([H:19])[H:20]>>[H]OC(=O)C([H])(C([H])([H])[H])[N:7]([H:19])[H:20],EVODEX-P17862
EVODEX-N6978,[C:1][C:2](=[O:3])[C:4]>>[H]N([H])[C:2]([H])([C:1])[C:4].[H]C(C([H])([H])C([H])([H])C([H])([H])C([H])([H])C([H])([H])N([H])[H])=[O:3],EVODEX-P17864
EVODEX-N6979,O=[O:32]>>[H]O[C@@]([H])([C@@]([H])(O[H])C([H])([H])N1:C2:N:C(=O):N([H]):C(=O):C2:N:C2:C([H]):C(C([H])([H])[H]):C(C([H])=[O:32]):C([H]):C:2:1)[C@]([H])(O[H])C([H])([H])OP(=O)(O[H])O[H],EVODEX-P17867
EVODEX-N6980,[O:32]=[O:33]>>[H]O[C@@]([H])([C@@]([H])(O[H])C([H])([H])N1:C2:N:C(=O):N([H]):C(=O):C2:N:C2:C([H]):C(C([H])([H])[H]):C(C([H])=[O:32]):C([H]):C:2:1)[C@]([H])(O[H])C([H])([H])OP(=O)(O[H])O[H].[H][O:33][H],EVODEX-P17869
EVODEX-N6981,O=[C:16]([C:15])[C:18].[H]O[C@]([H])(/C([H])=C([H])/C([H])=C([H])/C([H])=C(\[H])C([H])([H])[H])C([H])([H])/C([H])=C(\[H])C([H])([H])[N:14]([H:42])[H:43]>>[H][C@:16]([N:14]([H:42])[H:43])([C:15])[C:18],EVODEX-P17871
EVODEX-N6982,[H]O[C@]([H])(/C([H])=C([H])/C([H])=C([H])/C([H])=C(\[H])C([H])([H])[H])C([H])([H])/C([H])=C(\[H])C([H])([H])[N:14]([H:42])[H:43]>>[H]OC(=O)[C@]([H])(C([H])([H])[H])[N:14]([H:42])[H:43],EVODEX-P17872
EVODEX-N6983,[H]OC(=O)C(C([H])([H])[H])=[O:17]>>[H]O[C@]([H])(/C([H])=C([H])/C([H])=C([H])/C([H])=C(\[H])C([H])([H])[H])C([H])([H])/C([H])=C(\[H])C([H])=[O:17],EVODEX-P17875
EVODEX-N6984,[C:15][C:16](=[O:17])[C:18]>>[H]O[C@]([H])(/C([H])=C([H])/C([H])=C([H])/C([H])=C(\[H])C([H])([H])[H])C([H])([H])/C([H])=C(\[H])C([H])=[O:17].[H]N([H])[C@@:16]([H])([C:15])[C:18],EVODEX-P17877
EVODEX-N6985,[H]C1([H])C([H])([H])C([H])([H])C([H])(C([H])(C2([H])C([H])([H])C([H])([H])C([H])([H])C2([H])[H])[N:1]([H:23])[H:24])C1([H])[H].O=[C:18]([C:17])[C:20]>>[H][C@:18]([N:1]([H:23])[H:24])([C:17])[C:20],EVODEX-P17879
EVODEX-N6986,[H]C1([H])C([H])([H])C([H])([H])C([H])(C([H])(C2([H])C([H])([H])C([H])([H])C([H])([H])C2([H])[H])[N:1]([H:23])[H:24])C1([H])[H]>>[H]OC(=O)C([H])([H])C([H])([H])[C@@]([H])(C(=O)O[H])[N:1]([H:23])[H:24],EVODEX-P17880
EVODEX-N6987,[H]OC(=O)C(C([H])([H])C([H])([H])C(=O)O[H])=[O:19]>>[H]C1([H])C([H])([H])C([H])([H])C([H])(C(C2([H])C([H])([H])C([H])([H])C([H])([H])C2([H])[H])=[O:19])C1([H])[H],EVODEX-P17882
EVODEX-N6988,[C:17][C:18](=[O:19])[C:20]>>[H]C1([H])C([H])([H])C([H])([H])C([H])(C(C2([H])C([H])([H])C([H])([H])C([H])([H])C2([H])[H])=[O:19])C1([H])[H].[H]N([H])[C@@:18]([H])([C:17])[C:20],EVODEX-P17884
EVODEX-N6989,[H]OC(=O)C([H])([H])C([H])([H])C([H])([H])C([H])([H])C([H])([H])[N:1]([H:20])[H:21].O=[C:15]([C:14])[C:17]>>[H][C@:15]([N:1]([H:20])[H:21])([C:14])[C:17],"EVODEX-P17887,EVODEX-P17897"
EVODEX-N6990,[H]OC(=O)C([H])([H])C([H])([H])C([H])([H])C([H])([H])C([H])([H])[N:1]([H:20])[H:21]>>[H]OC(=O)C([H])([H])C([H])([H])[C@@]([H])(C(=O)O[H])[N:1]([H:20])[H:21],EVODEX-P17888
EVODEX-N6991,[H]OC(=O)C(C([H])([H])C([H])([H])C(=O)O[H])=[O:16]>>[H]OC(=O)C([H])([H])C([H])([H])C([H])([H])C([H])([H])C([H])=[O:16],EVODEX-P17890
EVODEX-N6992,[C:14][C:15](=[O:16])[C:17]>>[H]OC(=O)C([H])([H])C([H])([H])C([H])([H])C([H])([H])C([H])=[O:16].[H]N([H])[C@@:15]([H])([C:14])[C:17],"EVODEX-P17892,EVODEX-P17900"
EVODEX-N6993,[H]OC(=O)C(C([H])([H])[H])=[O:3]>>[H]OC(=O)C([H])([H])C([H])([H])C([H])([H])C([H])([H])C([H])=[O:3],EVODEX-P17896
EVODEX-N6994,[H]OC(=O)C([H])([H])C([H])([H])C([H])([H])C([H])([H])C([H])([H])[N:7]([H:20])[H:21]>>[H]OC(=O)[C@]([H])(C([H])([H])[H])[N:7]([H:20])[H:21],EVODEX-P17898
EVODEX-N6995,[H]OC(=O)C(C([H])([H])C([H])([H])SC([H])([H])[H])=[O:6]>>[H]OC(=O)C(C([H])([H])C([H])([H])C(=O)N([H])[H])=[O:6],EVODEX-P17903
EVODEX-N6996,[H]OC(=O)[C@]([H])(C([H])([H])C([H])([H])C(=O)N([H])[H])[N:16]([H:35])[H:36]>>[H]OC(=O)[C@]([H])(C([H])([H])C([H])([H])SC([H])([H])[H])[N:16]([H:35])[H:36],EVODEX-P17905
EVODEX-N6997,[H]OC(=O)C(C([H])([H])C([H])([H])SC([H])([H])[H])=[O:6]>>[H]OC(=O)C(C([H])([H])C1:C([H]):N:C([H]):N:1[H])=[O:6],EVODEX-P17910
EVODEX-N6998,[H]OC(=O)[C@]([H])(C([H])([H])C1:C([H]):N:C([H]):N:1[H])[N:10]([H:29])[H:30]>>[H]OC(=O)[C@]([H])(C([H])([H])C([H])([H])SC([H])([H])[H])[N:10]([H:29])[H:30],EVODEX-P17912
EVODEX-N6999,[H]OC(=O)[C@@]([H])(N([H])C(=O)C([H])([H])[H])C([H])([H])C([H])([H])C([H])([H])C([H])([H])[N:10]([H:37])[H:38].O=[C:19]([C:18])[C:21]>>[H][C@:19]([N:10]([H:37])[H:38])([C:18])[C:21],EVODEX-P17916
EVODEX-N7000,[H]OC(=O)[C@@]([H])(N([H])C(=O)C([H])([H])[H])C([H])([H])C([H])([H])C([H])([H])C([H])([H])[N:10]([H:37])[H:38]>>[H]OC(=O)C([H])([H])C([H])([H])[C@@]([H])(C(=O)O[H])[N:10]([H:37])[H:38],EVODEX-P17917
EVODEX-N7001,[H]OC(=O)C(C([H])([H])C([H])([H])C(=O)O[H])=[O:20]>>[H]OC(=O)[C@@]([H])(N([H])C(=O)C([H])([H])[H])C([H])([H])C([H])([H])C([H])([H])C([H])=[O:20],EVODEX-P17919
EVODEX-N7002,[C:18][C:19](=[O:20])[C:21]>>[H]OC(=O)[C@@]([H])(N([H])C(=O)C([H])([H])[H])C([H])([H])C([H])([H])C([H])([H])C([H])=[O:20].[H]N([H])[C@@:19]([H])([C:18])[C:21],EVODEX-P17921
EVODEX-N7003,[H]OC(=O)[C@@]([H])(N([H])C(=O)C([H])([H])[H])C([H])([H])C([H])([H])C([H])([H])[N:9]([H:34])[H:35].O=[C:18]([C:17])[C:20]>>[H][C@:18]([N:9]([H:34])[H:35])([C:17])[C:20],EVODEX-P17924
EVODEX-N7004,[H]OC(=O)[C@@]([H])(N([H])C(=O)C([H])([H])[H])C([H])([H])C([H])([H])C([H])([H])[N:9]([H:34])[H:35]>>[H]OC(=O)C([H])([H])C([H])([H])[C@@]([H])(C(=O)O[H])[N:9]([H:34])[H:35],EVODEX-P17925
EVODEX-N7005,[H]OC(=O)C(C([H])([H])C([H])([H])C(=O)O[H])=[O:19]>>[H]OC(=O)[C@@]([H])(N([H])C(=O)C([H])([H])[H])C([H])([H])C([H])([H])C([H])=[O:19],EVODEX-P17927
EVODEX-N7006,[C:17][C:18](=[O:19])[C:20]>>[H]OC(=O)[C@@]([H])(N([H])C(=O)C([H])([H])[H])C([H])([H])C([H])([H])C([H])=[O:19].[H]N([H])[C@@:18]([H])([C:17])[C:20],EVODEX-P17929
EVODEX-N7007,[H]N([H])[C@@:13]([H])([C:12])[C:15].[H]OC1:C([H]):C([H]):C(C([H])=[O:7]):C([H]):C:1OC([H])([H])[H]>>[O:7]=[C:13]([C:12])[C:15],EVODEX-P17932
EVODEX-N7008,[H]OC1:C([H]):C([H]):C(C([H])=[O:7]):C([H]):C:1OC([H])([H])[H]>>[H]OC(=O)C(C([H])([H])[H])=[O:7],EVODEX-P17933
EVODEX-N7009,[H]OC(=O)[C@]([H])(C([H])([H])[H])[N:14]([H:22])[H:23]>>[H]OC1:C([H]):C([H]):C(C([H])([H])[N:14]([H:22])[H:23]):C([H]):C:1OC([H])([H])[H],EVODEX-P17936
EVODEX-N7010,[H][C@@:13]([C:12])([N:14])[C:15]>>[H]OC1:C([H]):C([H]):C(C([H])([H])[N:14]):C([H]):C:1OC([H])([H])[H].O=[C:13]([C:12])[C:15],EVODEX-P17938
EVODEX-N7011,[H]OC(=O)C(C([H])([H])[H])=[O:3]>>[H]OC1:C([H]):C([H]):C(C([H])=[O:3]):C([H]):C:1OC([H])([H])[H],EVODEX-P17942
EVODEX-N7012,O=[C:2]([C:1])[C:4].[H]OC1:C([H]):C([H]):C(C([H])([H])[N:13]([H:28])[H:29]):C([H]):C:1OC([H])([H])[H]>>[H][C@:2]([C:1])([C:4])[N:13]([H:28])[H:29],EVODEX-P17943
EVODEX-N7013,[H]OC1:C([H]):C([H]):C(C([H])([H])[N:13]([H:28])[H:29]):C([H]):C:1OC([H])([H])[H]>>[H]OC(=O)[C@]([H])(C([H])([H])[H])[N:13]([H:28])[H:29],EVODEX-P17944
EVODEX-N7014,[C:1][C:2](=[O:3])[C:4]>>[H]N([H])[C@@:2]([H])([C:1])[C:4].[H]OC1:C([H]):C([H]):C(C([H])=[O:3]):C([H]):C:1OC([H])([H])[H],EVODEX-P17946
EVODEX-N7015,[C:1][C:2](=[O:3])[C:4].[C:15]/[C:17](=[N:18]/[O:19])[H:35]>>[C:1]/[C:2]([C:4])=[N:18]\[O:19].[O:3]=[C:17]([C:15])[H:35],EVODEX-P17947
EVODEX-N7016,[H]OC(=O)C(C([H])([H])[H])=[O:3].[H]O/N=[C:17](/[C:15])[H:35]>>[O:3]=[C:17]([C:15])[H:35],EVODEX-P17948
EVODEX-N7017,[H]O/N=[C:17](/[C:15])[H:35]>>O=[C:17]([C:15])[H:35],EVODEX-P17949
EVODEX-N7018,[H]OC(=O)C(C([H])([H])[H])=[O:3]>>[H]OC([H])([H])[C@@]([H])(O[H])[C@@]([H])(O[H])[C@]([H])(O[H])[C@@]([H])(O[H])C([H])=[O:3],EVODEX-P17950
EVODEX-N7019,O=[C:2]([C:1])[C:4].[H]OC([H])([H])[C@@]([H])(O[H])[C@@]([H])(O[H])[C@]([H])(O[H])[C@@]([H])(O[H])/C([H])=[N:18]/[O:19]>>[C:1]/[C:2]([C:4])=[N:18]\[O:19],EVODEX-P17951
EVODEX-N7020,[H]OC([H])([H])[C@@]([H])(O[H])[C@@]([H])(O[H])[C@]([H])(O[H])[C@@]([H])(O[H])/C([H])=[N:18]/[O:19]>>[H]OC(=O)/C(C([H])([H])[H])=[N:18]/[O:19],EVODEX-P17952
EVODEX-N7021,O=[C:2]([C:1])[C:4]>>[H]O/N=[C:2](\[C:1])[C:4],EVODEX-P17953
EVODEX-N7022,>>[H]OC(=O)CC([H])([H])[H].O,EVODEX-P17954
EVODEX-N7023,>>[H]ON.[H]C[C@]([H])(O[H])[C@@]([H])(O[H])[C@]([H])(O[H])[C@]([H])(O[H])C([H])([H])O[H],EVODEX-P17955
EVODEX-N7024,[H]OC(=O)C(=O)C([H])([H])[C:11]([C:9])([H:24])[H:25]>>[H]O/N=C(/C(=O)O[H])C([H])([H])[C:11]([C:9])([H:24])[H:25],EVODEX-P17958
EVODEX-N7025,>>[H]O/N=C(\C([H])[H])C(=O)O[H].[H],EVODEX-P17960
EVODEX-N7026,[O:4][C:5]([C:6])([H:19])[H:20].[H][O:15][N:14]>>[C:5]([C:6])([O:15][N:14])([H:19])[H:20].[H][O:4],EVODEX-P17961
EVODEX-N7027,[H]C([H])([H])C(=O)O[C:5]([C:6])([H:19])[H:20].[H][O:15][N:14]>>[C:5]([C:6])([O:15][N:14])([H:19])[H:20],EVODEX-P17962
EVODEX-N7028,[H][O:15][N:14]>>[H]OC(=O)[C@@]([H])(N([H])[H])C([H])([H])[O:15][N:14],EVODEX-P17963
EVODEX-N7029,[H]C([H])([H])C(=O)O[C:5]([C:6])([H:19])[H:20]>>[H]N([H])C(=O)N([H])O[C:5]([C:6])([H:19])[H:20],EVODEX-P17964
EVODEX-N7030,>>[H]N([H])C(=O)N([H])O.[H],EVODEX-P17965
EVODEX-N7031,[H]O[C@@]1([H])[C@@]([H])(O[H])[C@]([H])(N2:C([H]):N:C3:C(N([H])[H]):N:C([H]):N:C:3:2)O[C@]1([H])C([H])([H])OP(=O)(O[H])OP(=O)(O[H])O[P:24](=[O:25])([O:26])[O:27].[H][O:32][C:33]>>[P:24](=[O:25])([O:26])([O:27])[O:32][C:33],"EVODEX-P17967,EVODEX-P17972,EVODEX-P17977,EVODEX-P17982,EVODEX-P17987,EVODEX-P17992,EVODEX-P17997,EVODEX-P18002,EVODEX-P18007,EVODEX-P18017,EVODEX-P18027,EVODEX-P18032,EVODEX-P18037,EVODEX-P18042,EVODEX-P18047,EVODEX-P18052,EVODEX-P18062,EVODEX-P18067,EVODEX-P18072,EVODEX-P18077,EVODEX-P18087,EVODEX-P18092,EVODEX-P18097,EVODEX-P18116,EVODEX-P18121,EVODEX-P18126,EVODEX-P18131,EVODEX-P18136,EVODEX-P18144,EVODEX-P18153,EVODEX-P18163,EVODEX-P18173,EVODEX-P18178,EVODEX-P18183,EVODEX-P18193,EVODEX-P18208,EVODEX-P18213,EVODEX-P18218,EVODEX-P18223,EVODEX-P18228,EVODEX-P18233,EVODEX-P18238,EVODEX-P18243,EVODEX-P18248,EVODEX-P18258,EVODEX-P18263,EVODEX-P18296,EVODEX-P18301,EVODEX-P18311,EVODEX-P18316,EVODEX-P18321,EVODEX-P18326,EVODEX-P18331,EVODEX-P18341,EVODEX-P18346,EVODEX-P18351,EVODEX-P18356,EVODEX-P18366,EVODEX-P18375,EVODEX-P18378,EVODEX-P18381,EVODEX-P18422,EVODEX-P18431,EVODEX-P18442,EVODEX-P18447,EVODEX-P18452,EVODEX-P18463,EVODEX-P18473,EVODEX-P18478,EVODEX-P18483,EVODEX-P18488,EVODEX-P18493,EVODEX-P18498,EVODEX-P18503,EVODEX-P18508,EVODEX-P18523,EVODEX-P18548,EVODEX-P18552,EVODEX-P18557,EVODEX-P18562,EVODEX-P18567,EVODEX-P18572,EVODEX-P18577,EVODEX-P18581,EVODEX-P18586,EVODEX-P18591,EVODEX-P18596,EVODEX-P18611,EVODEX-P18616,EVODEX-P18621,EVODEX-P18626,EVODEX-P18631,EVODEX-P18641,EVODEX-P18646,EVODEX-P18656,EVODEX-P18661,EVODEX-P18666,EVODEX-P18671,EVODEX-P18676,EVODEX-P18681,EVODEX-P18686,EVODEX-P18725,EVODEX-P18742,EVODEX-P18747,EVODEX-P18757,EVODEX-P18767,EVODEX-P18772,EVODEX-P18777,EVODEX-P18782,EVODEX-P18787,EVODEX-P18792,EVODEX-P18797,EVODEX-P18817,EVODEX-P18838,EVODEX-P18843,EVODEX-P18848,EVODEX-P18857,EVODEX-P18862,EVODEX-P18867,EVODEX-P18880,EVODEX-P18885,EVODEX-P18890,EVODEX-P18899,EVODEX-P18904,EVODEX-P18920,EVODEX-P18925,EVODEX-P18930,EVODEX-P18935,EVODEX-P18945,EVODEX-P18955,EVODEX-P18964,EVODEX-P18969,EVODEX-P18974,EVODEX-P18979,EVODEX-P18984,EVODEX-P18994,EVODEX-P18998,EVODEX-P19003,EVODEX-P19008,EVODEX-P19031,EVODEX-P19036,EVODEX-P19041,EVODEX-P19046,EVODEX-P19051,EVODEX-P19066,EVODEX-P19086,EVODEX-P19091,EVODEX-P19096,EVODEX-P19105,EVODEX-P19110,EVODEX-P19115,EVODEX-P19120,EVODEX-P19125,EVODEX-P19130,EVODEX-P19135,EVODEX-P19140,EVODEX-P19145,EVODEX-P19150,EVODEX-P19155,EVODEX-P19160,EVODEX-P19168,EVODEX-P19173,EVODEX-P19191,EVODEX-P19201,EVODEX-P19206,EVODEX-P19214,EVODEX-P19224,EVODEX-P19234,EVODEX-P19244,EVODEX-P19263,EVODEX-P19268,EVODEX-P19281,EVODEX-P19286,EVODEX-P19296,EVODEX-P19301,EVODEX-P19306,EVODEX-P19438,EVODEX-P19443,EVODEX-P20358,EVODEX-P20378,EVODEX-P20383,EVODEX-P20388,EVODEX-P20393,EVODEX-P20398,EVODEX-P20408,EVODEX-P20413,EVODEX-P20418,EVODEX-P20423,EVODEX-P20428,EVODEX-P20433,EVODEX-P20438,EVODEX-P20443,EVODEX-P20448,EVODEX-P20458,EVODEX-P20463,EVODEX-P20468,EVODEX-P20473"
EVODEX-N7032,[H]O[C@@]1([H])[C@@]([H])(O[H])[C@]([H])(N2:C([H]):N:C3:C(N([H])[H]):N:C([H]):N:C:3:2)O[C@]1([H])C([H])([H])OP(=O)(O[H])OP(=O)(O[H])O[P:24](=[O:25])([O:26])[O:27]>>[H]OC1([H])OC([H])(C([H])([H])O[P:24](=[O:25])([O:26])[O:27])C([H])(O[H])C([H])(O[H])C1([H])O[H],EVODEX-P17969
EVODEX-N7033,[H]O[C@@]1([H])[C@@]([H])(O[H])[C@]([H])(N2:C([H]):N:C3:C(N([H])[H]):N:C([H]):N:C:3:2)O[C@]1([H])C([H])([H])OP(=O)(O[H])OP(=O)(O[H])O[P:24](=[O:25])([O:26])[O:27]>>[H]O[C@@]([H])([C@]([H])(O[H])[C@]([H])(O[H])C([H])([H])O[P:24](=[O:25])([O:26])[O:27])[C@@]([H])(O[H])C([H])=O,EVODEX-P17974
EVODEX-N7034,[H]O[C@@]1([H])[C@@]([H])(O[H])[C@]([H])(N2:C([H]):N:C3:C(N([H])[H]):N:C([H]):N:C:3:2)O[C@]1([H])C([H])([H])OP(=O)(O[H])OP(=O)(O[H])O[P:24](=[O:25])([O:26])[O:27]>>[H]OC([H])([H])[C@@]([H])(O[H])[C@@]([H])(O[H])[C@]([H])(O[H])C(=O)C([H])([H])O[P:24](=[O:25])([O:26])[O:27],EVODEX-P17979
EVODEX-N7035,>>[H].[H]OC([H])([H])[C@@]([H])(O[H])[C@@]([H])(O[H])[C@]([H])(O[H])C(=O)C([H])([H])O,"EVODEX-P17980,EVODEX-P17990"
EVODEX-N7036,[H]O[C@@]1([H])[C@@]([H])(O[H])[C@]([H])(N2:C([H]):N:C3:C(N([H])[H]):N:C([H]):N:C:3:2)O[C@]1([H])C([H])([H])OP(=O)(O[H])OP(=O)(O[H])O[P:24](=[O:25])([O:26])[O:27]>>[H]OC([H])([H])[C@@]1([H])OC(O[H])(C([H])([H])O[P:24](=[O:25])([O:26])[O:27])[C@@]([H])(O[H])[C@]1([H])O[H],EVODEX-P17984
EVODEX-N7037,[H]O[C@@]1([H])[C@@]([H])(O[H])[C@]([H])(N2:C([H]):N:C3:C(N([H])[H]):N:C([H]):N:C:3:2)O[C@]1([H])C([H])([H])OP(=O)(O[H])OP(=O)(O[H])O[P:24](=[O:25])([O:26])[O:27]>>[H]OC([H])([H])C(=O)[C@@]([H])(O[H])[C@]([H])(O[H])[C@]([H])(O[H])C([H])([H])O[P:24](=[O:25])([O:26])[O:27],EVODEX-P17989
EVODEX-N7038,[H]O[C@@]1([H])[C@@]([H])(O[H])[C@]([H])(N2:C([H]):N:C3:C(N([H])[H]):N:C([H]):N:C:3:2)O[C@]1([H])C([H])([H])OP(=O)(O[H])OP(=O)(O[H])O[P:24](=[O:25])([O:26])[O:27]>>[H]OC([H])([H])C1(O[H])O[C@]([H])(C([H])([H])O[P:24](=[O:25])([O:26])[O:27])[C@@]([H])(O[H])[C@]1([H])O[H],EVODEX-P17994
EVODEX-N7039,[H]O[C@@]1([H])[C@@]([H])(O[H])[C@]([H])(N2:C([H]):N:C3:C(N([H])[H]):N:C([H]):N:C:3:2)O[C@]1([H])C([H])([H])OP(=O)(O[H])OP(=O)(O[H])O[P:35](=[O:36])([O:37])[O:38]>>[H]O[C@@]1(C([H])([H])O[P:35](=[O:36])([O:37])[O:38])O[C@@]([H])(C([H])([H])[H])[C@]([H])(O[H])[C@@]1([H])O[H],EVODEX-P17998
EVODEX-N7040,>>[H]O[C@@]1(C([H])([H])O)O[C@@]([H])(C([H])([H])[H])[C@]([H])(O[H])[C@@]1([H])O[H].[H],EVODEX-P18000
EVODEX-N7041,[H]O[C@@]1([H])[C@@]([H])(O[H])[C@]([H])(N2:C([H]):N:C3:C(N([H])[H]):N:C([H]):N:C:3:2)O[C@]1([H])C([H])([H])OP(=O)(O[H])OP(=O)(O[H])O[P:35](=[O:36])([O:37])[O:38]>>[H]O[C@]([H])([C@@]([H])(O[H])C([H])([H])[H])[C@]([H])(O[H])C(=O)C([H])([H])O[P:35](=[O:36])([O:37])[O:38],EVODEX-P18003
EVODEX-N7042,>>[H]O[C@]([H])([C@@]([H])(O[H])C([H])([H])[H])[C@]([H])(O[H])C(=O)C([H])([H])O.[H],EVODEX-P18005
EVODEX-N7043,[H]O[C@@]1([H])[C@@]([H])(O[H])[C@]([H])(N2:C([H]):N:C3:C(N([H])[H]):N:C([H]):N:C:3:2)O[C@]1([H])C([H])([H])OP(=O)(O[H])OP(=O)(O[H])O[P:24](=[O:25])([O:26])[O:27]>>[H]OC([H])([H])[C@@]1([H])O[C@]([H])(O[P:24](=[O:25])([O:26])[O:27])[C@]([H])(O[H])[C@@]([H])(O[H])[C@@]1([H])O[H],EVODEX-P18009
EVODEX-N7044,[O:15][P:16](=[O:17])([O:18])[O:19].[H][O:34][P:33]>>[O:15][P:16](=[O:17])([O:18])[O:34][P:33].[H][O:19],"EVODEX-P18011,EVODEX-P18056,EVODEX-P18110,EVODEX-P18139,EVODEX-P18157,EVODEX-P18197,EVODEX-P18252,EVODEX-P18305,EVODEX-P18335,EVODEX-P18389,EVODEX-P18467,EVODEX-P18604,EVODEX-P18650,EVODEX-P18690,EVODEX-P18710,EVODEX-P18751,EVODEX-P18761,EVODEX-P18824,EVODEX-P19186,EVODEX-P19195,EVODEX-P19209,EVODEX-P19218,EVODEX-P19228,EVODEX-P19238,EVODEX-P19248,EVODEX-P19253,EVODEX-P19276,EVODEX-P19290,EVODEX-P19382,EVODEX-P19386,EVODEX-P19391,EVODEX-P19396,EVODEX-P19400,EVODEX-P19401,EVODEX-P19406,EVODEX-P19411,EVODEX-P19415,EVODEX-P19419,EVODEX-P19424,EVODEX-P19429,EVODEX-P19433,EVODEX-P19447,EVODEX-P19452,EVODEX-P19457,EVODEX-P19462,EVODEX-P19467,EVODEX-P19472,EVODEX-P19477,EVODEX-P19481,EVODEX-P19486,EVODEX-P19491,EVODEX-P19496,EVODEX-P19501,EVODEX-P19506,EVODEX-P19511,EVODEX-P19516,EVODEX-P19521,EVODEX-P19526,EVODEX-P19531,EVODEX-P19537,EVODEX-P19542,EVODEX-P19547,EVODEX-P19552,EVODEX-P19556,EVODEX-P19565,EVODEX-P19610,EVODEX-P19615,EVODEX-P19621,EVODEX-P19626,EVODEX-P19631,EVODEX-P19636,EVODEX-P19646,EVODEX-P19651,EVODEX-P19660,EVODEX-P19666,EVODEX-P19672,EVODEX-P19677,EVODEX-P19685,EVODEX-P19691,EVODEX-P19697,EVODEX-P19703,EVODEX-P19709,EVODEX-P19714,EVODEX-P19719,EVODEX-P19724,EVODEX-P19735,EVODEX-P19740,EVODEX-P19745,EVODEX-P19751,EVODEX-P19757,EVODEX-P19762,EVODEX-P19767,EVODEX-P19772,EVODEX-P19777,EVODEX-P19782,EVODEX-P19809,EVODEX-P19814,EVODEX-P19819,EVODEX-P19824,EVODEX-P19829,EVODEX-P19834,EVODEX-P19839,EVODEX-P19854,EVODEX-P19859,EVODEX-P19864,EVODEX-P19866,EVODEX-P19873,EVODEX-P19911,EVODEX-P19916,EVODEX-P19921,EVODEX-P19926,EVODEX-P19931,EVODEX-P19936,EVODEX-P19942,EVODEX-P19947,EVODEX-P19953,EVODEX-P19958,EVODEX-P19963,EVODEX-P19974,EVODEX-P19979,EVODEX-P19984,EVODEX-P20054,EVODEX-P20059,EVODEX-P20069,EVODEX-P20074,EVODEX-P20079,EVODEX-P20099,EVODEX-P20103,EVODEX-P20108,EVODEX-P20113,EVODEX-P20118,EVODEX-P20150,EVODEX-P20156,EVODEX-P20162,EVODEX-P20197,EVODEX-P20203,EVODEX-P20208,EVODEX-P20241,EVODEX-P20246,EVODEX-P20257,EVODEX-P20262,EVODEX-P20267,EVODEX-P20273,EVODEX-P20308,EVODEX-P20314,EVODEX-P23003,EVODEX-P28831,EVODEX-P31902,EVODEX-P31920,EVODEX-P33164,EVODEX-P35057"
EVODEX-N7045,[H][O:22][P:20].[H]OC([H])([H])[C@@]1([H])O[C@]([H])(O[P:29](=[O:28])([O:30])[O:31])[C@]([H])(O[H])[C@@]([H])(O[H])[C@@]1([H])O[H]>>[P:20][O:22][P:29](=[O:28])([O:30])[O:31],EVODEX-P18013
EVODEX-N7046,[H]OC([H])([H])[C@@]1([H])O[C@]([H])(O[P:29](=[O:28])([O:30])[O:31])[C@]([H])(O[H])[C@@]([H])(O[H])[C@@]1([H])O[H]>>[H]O[C@@]1([H])[C@@]([H])(O[H])[C@]([H])(N2:C([H]):N:C3:C(N([H])[H]):N:C([H]):N:C:3:2)O[C@]1([H])C([H])([H])OP(=O)(O[H])OP(=O)(O[H])O[P:29](=[O:28])([O:30])[O:31],EVODEX-P18014
EVODEX-N7047,[H]O[C@@]1([H])[C@@]([H])(O[H])[C@]([H])(N2:C([H]):N:C3:C(N([H])[H]):N:C([H]):N:C:3:2)O[C@]1([H])C([H])([H])OP(=O)(O[H])OP(=O)(O[H])O[P:36](=[O:37])([O:38])[O:39]>>[H]OC1([H])O[C@]([H])(C([H])([H])O[P:36](=[O:37])([O:38])[O:39])[C@@]([H])(O[H])[C@]([H])(O[H])[C@@]1([H])N([H])[H],EVODEX-P18019
EVODEX-N7048,[H]O[C@@]1([H])[C@@]([H])(O[H])[C@]([H])(N2:C([H]):N:C3:C(=O):N([H]):C(N([H])[H]):N:C:3:2)O[C@]1([H])C([H])([H])OP(=O)(O[H])OP(=O)(O[H])O[P:34](=[O:35])([O:36])[O:37].[H][O:8][C:7]>>[C:7][O:8][P:34](=[O:35])([O:36])[O:37],"EVODEX-P18022,EVODEX-P18371,EVODEX-P18427,EVODEX-P18543,EVODEX-P18960,EVODEX-P19056,EVODEX-P19061,EVODEX-P19259"
EVODEX-N7049,[H]O[C@@]1([H])[C@@]([H])(O[H])[C@]([H])(N2:C([H]):N:C3:C(=O):N([H]):C(N([H])[H]):N:C:3:2)O[C@]1([H])C([H])([H])OP(=O)(O[H])OP(=O)(O[H])O[P:34](=[O:35])([O:36])[O:37]>>[H]OC1([H])O[C@]([H])(C([H])([H])O[P:34](=[O:35])([O:36])[O:37])[C@@]([H])(O[H])[C@]([H])(O[H])[C@@]1([H])N([H])[H],EVODEX-P18023
EVODEX-N7050,[H]O[C@@]1([H])[C@@]([H])(O[H])[C@]([H])(N2:C([H]):N:C3:C(N([H])[H]):N:C([H]):N:C:3:2)O[C@]1([H])C([H])([H])OP(=O)(O[H])OP(=O)(O[H])O[P:24](=[O:25])([O:26])[O:27]>>[H]O[C@]1([H])[C@@]([H])(O[H])[C@@]([H])(OP(=O)(O[H])O[H])O[C@]([H])(C([H])([H])O[P:24](=[O:25])([O:26])[O:27])[C@@]1([H])O[H],EVODEX-P18029
EVODEX-N7051,[H]O[C@@]1([H])[C@@]([H])(O[H])[C@]([H])(N2:C([H]):N:C3:C(N([H])[H]):N:C([H]):N:C:3:2)O[C@]1([H])C([H])([H])OP(=O)(O[H])OP(=O)(O[H])O[P:24](=[O:25])([O:26])[O:27]>>[H]O[C@@]([H])([C@]([H])(O[H])C(=O)C([H])([H])O[P:24](=[O:25])([O:26])[O:27])[C@]([H])(O[H])C([H])([H])OP(=O)(O[H])O[H],EVODEX-P18034
EVODEX-N7052,>>[H].[H]O[C@@]([H])([C@]([H])(O[H])C(=O)C([H])([H])O)[C@]([H])(O[H])C([H])([H])OP(=O)(O[H])O[H],"EVODEX-P18035,EVODEX-P18603,EVODEX-P18823"
EVODEX-N7053,[H]O[C@@]1([H])[C@@]([H])(O[H])[C@]([H])(N2:C([H]):N:C3:C(N([H])[H]):N:C([H]):N:C:3:2)O[C@]1([H])C([H])([H])OP(=O)(O[H])OP(=O)(O[H])O[P:24](=[O:25])([O:26])[O:27]>>[H]OC1(C([H])([H])O[P:24](=[O:25])([O:26])[O:27])O[C@]([H])(C([H])([H])OP(=O)(O[H])O[H])[C@@]([H])(O[H])[C@]1([H])O[H],EVODEX-P18039
EVODEX-N7054,[H]O[C@@]1([H])[C@@]([H])(O[H])[C@]([H])(N2:C([H]):N:C3:C(N([H])[H]):N:C([H]):N:C:3:2)O[C@]1([H])C([H])([H])OP(=O)(O[H])OP(=O)(O[H])O[P:24](=[O:25])([O:26])[O:27]>>[H]OC(=O)[C@]([H])(O[H])[C@@]([H])(O[H])[C@]([H])(O[H])[C@]([H])(O[H])C([H])([H])O[P:24](=[O:25])([O:26])[O:27],EVODEX-P18044
EVODEX-N7055,[H]O[C@@]1([H])[C@@]([H])(O[H])[C@]([H])(N2:C([H]):N:C3:C(N([H])[H]):N:C([H]):N:C:3:2)O[C@]1([H])C([H])([H])OP(=O)(O[H])OP(=O)(O[H])O[P:24](=[O:25])([O:26])[O:27]>>[H]O[C@@]1([H])[C@]([H])(O[H])[C@@]([H])(C([H])([H])O[P:24](=[O:25])([O:26])[O:27])OC(=O)[C@]1([H])O[H],EVODEX-P18049
EVODEX-N7056,[H]O[C@@]1([H])[C@@]([H])(O[H])[C@]([H])(N2:C([H]):N:C3:C(N([H])[H]):N:C([H]):N:C:3:2)O[C@]1([H])C([H])([H])OP(=O)(O[H])OP(=O)(O[H])O[P:24](=[O:25])([O:26])[O:27]>>[H]OC(=O)C(=O)[C@@]([H])(O[H])[C@]([H])(O[H])[C@]([H])(O[H])C([H])([H])O[P:24](=[O:25])([O:26])[O:27],EVODEX-P18054
EVODEX-N7057,>>[H].[H]OC(=O)C(=O)[C@@]([H])(O[H])[C@]([H])(O[H])[C@]([H])(O[H])C([H])([H])O,EVODEX-P18055
EVODEX-N7058,[H][O:22][P:20].[H]OC(=O)C(=O)[C@@]([H])(O[H])[C@]([H])(O[H])[C@]([H])(O[H])C([H])([H])O[P:41](=[O:42])([O:43])[O:44]>>[P:20][O:22][P:41](=[O:42])([O:43])[O:44],EVODEX-P18058
EVODEX-N7059,[H]OC(=O)C(=O)[C@@]([H])(O[H])[C@]([H])(O[H])[C@]([H])(O[H])C([H])([H])O[P:41](=[O:42])([O:43])[O:44]>>[H]O[C@@]1([H])[C@@]([H])(O[H])[C@]([H])(N2:C([H]):N:C3:C(N([H])[H]):N:C([H]):N:C:3:2)O[C@]1([H])C([H])([H])OP(=O)(O[H])OP(=O)(O[H])O[P:41](=[O:42])([O:43])[O:44],EVODEX-P18059
EVODEX-N7060,[H]O[C@@]1([H])[C@@]([H])(O[H])[C@]([H])(N2:C([H]):N:C3:C(N([H])[H]):N:C([H]):N:C:3:2)O[C@]1([H])C([H])([H])OP(=O)(O[H])OP(=O)(O[H])O[P:24](=[O:25])([O:26])[O:27]>>[H]OC([H])([H])C(=O)[C@@]([H])(O[H])[C@]([H])(O[H])[C@]([H])(O[H])[C@]([H])(O[H])C([H])([H])O[P:24](=[O:25])([O:26])[O:27],EVODEX-P18064
EVODEX-N7061,>>[H].[H]OC([H])([H])C(=O)[C@@]([H])(O[H])[C@]([H])(O[H])[C@]([H])(O[H])[C@]([H])(O[H])C([H])([H])O,EVODEX-P18065
EVODEX-N7062,[H]O[C@@]1([H])[C@@]([H])(O[H])[C@]([H])(N2:C([H]):N:C3:C(N([H])[H]):N:C([H]):N:C:3:2)O[C@]1([H])C([H])([H])OP(=O)(O[H])OP(=O)(O[H])O[P:24](=[O:25])([O:26])[O:27]>>[H]O[C@@]([H])(C([H])([H])C([H])=O)[C@]([H])(O[H])C([H])([H])O[P:24](=[O:25])([O:26])[O:27],EVODEX-P18069
EVODEX-N7063,>>[H].[H]O[C@@]([H])(C([H])([H])C([H])=O)[C@]([H])(O[H])C([H])([H])O,EVODEX-P18070
EVODEX-N7064,[H]O[C@@]1([H])[C@@]([H])(O[H])[C@]([H])(N2:C([H]):N:C3:C(N([H])[H]):N:C([H]):N:C:3:2)O[C@]1([H])C([H])([H])OP(=O)(O[H])OP(=O)(O[H])O[P:24](=[O:25])([O:26])[O:27]>>[H]OC1([H])O[C@]([H])(C([H])([H])O[P:24](=[O:25])([O:26])[O:27])[C@@]([H])(O[H])C1([H])[H],EVODEX-P18074
EVODEX-N7065,>>[H].[H]OC1([H])O[C@]([H])(C([H])([H])O)[C@@]([H])(O[H])C1([H])[H],EVODEX-P18075
EVODEX-N7066,[H]O[C@@]1([H])[C@@]([H])(O[H])[C@]([H])(N2:C([H]):N:C3:C(N([H])[H]):N:C([H]):N:C:3:2)O[C@]1([H])C([H])([H])OP(=O)(O[H])OP(=O)(O[H])O[P:24](=[O:25])([O:26])[O:27]>>[H]OC([H])([H])C(=O)[C@@]([H])(O[H])[C@@]([H])(O[H])C([H])([H])O[P:24](=[O:25])([O:26])[O:27],EVODEX-P18079
EVODEX-N7067,>>[H].[H]OC([H])([H])C(=O)[C@@]([H])(O[H])[C@@]([H])(O[H])C([H])([H])O,"EVODEX-P18080,EVODEX-P18085,EVODEX-P18354"
EVODEX-N7068,[H][O:13][C:12]>>[H]OP(=O)(O[H])OP(=O)(O[H])[O:13][C:12],"EVODEX-P18083,EVODEX-P18108,EVODEX-P18204,EVODEX-P18638,EVODEX-P18708,EVODEX-P18941,EVODEX-P19082,EVODEX-P19563,EVODEX-P19572,EVODEX-P19577,EVODEX-P19581,EVODEX-P19586,EVODEX-P19591,EVODEX-P19596,EVODEX-P19601,EVODEX-P20375,EVODEX-P20405,EVODEX-P20454"
EVODEX-N7069,[H]O[C@@]1([H])[C@@]([H])(O[H])[C@]([H])(N2:C([H]):N:C3:C(N([H])[H]):N:C([H]):N:C:3:2)O[C@]1([H])C([H])([H])OP(=O)(O[H])O[P:20](=[O:21])([O:22])[O:23]>>[H]OC([H])([H])C(=O)[C@]([H])(O[H])[C@@]([H])(O[H])C([H])([H])O[P:20](=[O:21])([O:22])[O:23],EVODEX-P18084
EVODEX-N7070,[H]O[C@@]1([H])[C@@]([H])(O[H])[C@]([H])(N2:C([H]):N:C3:C(N([H])[H]):N:C([H]):N:C:3:2)O[C@]1([H])C([H])([H])OP(=O)(O[H])OP(=O)(O[H])O[P:33](=[O:34])([O:35])[O:36]>>[H]O[C@]([H])(C(=O)C([H])([H])[H])[C@]([H])(O[H])C([H])([H])O[P:33](=[O:34])([O:35])[O:36],EVODEX-P18088
EVODEX-N7071,>>[H]O[C@]([H])(C(=O)C([H])([H])[H])[C@]([H])(O[H])C([H])([H])O.[H],EVODEX-P18090
EVODEX-N7072,[H]O[C@@]1([H])[C@@]([H])(O[H])[C@]([H])(N2:C([H]):N:C3:C(N([H])[H]):N:C([H]):N:C:3:2)O[C@]1([H])C([H])([H])OP(=O)(O[H])OP(=O)(O[H])O[P:24](=[O:25])([O:26])[O:27]>>[H]O[C@@]1([H])[C@@]([H])(O[H])C([H])(O[P:24](=[O:25])([O:26])[O:27])O[C@]1([H])C([H])([H])OP(=O)(O[H])O[H],EVODEX-P18094
EVODEX-N7073,>>[H].[H]O[C@@]1([H])[C@@]([H])(O[H])C([H])(O)O[C@]1([H])C([H])([H])OP(=O)(O[H])O[H],"EVODEX-P18095,EVODEX-P19564,EVODEX-P20078"
EVODEX-N7074,[H]O[C@@]1([H])[C@@]([H])(O[H])[C@]([H])(N2:C([H]):N:C3:C(N([H])[H]):N:C([H]):N:C:3:2)O[C@]1([H])C([H])([H])OP(=O)(O[H])OP(=O)(O[H])O[P:24](=[O:25])([O:26])[O:27]>>[H]O[C@@]([H])(C(=O)C([H])([H])O[P:24](=[O:25])([O:26])[O:27])[C@]([H])(O[H])C([H])([H])OP(=O)(O[H])O[H],EVODEX-P18099
EVODEX-N7075,>>[H].[H]O[C@@]([H])(C(=O)C([H])([H])O)[C@]([H])(O[H])C([H])([H])OP(=O)(O[H])O[H],"EVODEX-P18100,EVODEX-P18105"
EVODEX-N7076,[H]O[C@@]1([H])[C@@]([H])(O[H])[C@]([H])(N2:C([H]):C([H]):C(=O):N([H]):C:2=O)O[C@]1([H])C([H])([H])OP(=O)(O[H])OP(=O)(O[H])O[P:33](=[O:34])([O:35])[O:36].[H][O:4][C:3]>>[C:3][O:4][P:33](=[O:34])([O:35])[O:36],"EVODEX-P18102,EVODEX-P18730,EVODEX-P18876"
EVODEX-N7077,[H]O[C@@]1([H])[C@@]([H])(O[H])[C@]([H])(N2:C([H]):C([H]):C(=O):N([H]):C:2=O)O[C@]1([H])C([H])([H])OP(=O)(O[H])OP(=O)(O[H])O[P:33](=[O:34])([O:35])[O:36]>>[H]O[C@@]([H])(C(=O)C([H])([H])O[P:33](=[O:34])([O:35])[O:36])[C@]([H])(O[H])C([H])([H])OP(=O)(O[H])O[H],EVODEX-P18103
EVODEX-N7078,[H]OP(=O)(O[H])OP(=O)(O[H])[O:38][C:37]>>[H][O:38][C:37],"EVODEX-P18111,EVODEX-P18713,EVODEX-P19566,EVODEX-P21917"
EVODEX-N7079,[H][O:18][P:16].[H]O[C@@]1([H])[C@@]([H])(O[H])[C@]([H])(N2:C([H]):N:C3:C(N([H])[H]):N:C([H]):N:C:3:2)O[C@]1([H])C([H])([H])O[P:39](=[O:40])([O:41])[O:42]>>[P:16][O:18][P:39](=[O:40])([O:41])[O:42],EVODEX-P18112
EVODEX-N7080,[H][O:18][P:16]>>[H]OP(=O)(O[H])OP(=O)(O[H])[O:18][P:16],EVODEX-P18113
EVODEX-N7081,[H]O[C@@]1([H])[C@@]([H])(O[H])[C@]([H])(N2:C([H]):N:C3:C(N([H])[H]):N:C([H]):N:C:3:2)O[C@]1([H])C([H])([H])OP(=O)(O[H])OP(=O)(O[H])O[P:24](=[O:25])([O:26])[O:27]>>[H]O[C@@]1([H])C([H])([H])[C@]([H])(N2:C([H]):C([H]):C(=O):N([H]):C:2=O)O[C@]1([H])C([H])([H])O[P:24](=[O:25])([O:26])[O:27],EVODEX-P18118
EVODEX-N7082,>>[H].[H]O[C@@]1([H])C([H])([H])[C@]([H])(N2:C([H]):C([H]):C(=O):N([H]):C:2=O)O[C@]1([H])C([H])([H])O,EVODEX-P18119
EVODEX-N7083,[H]O[C@@]1([H])[C@@]([H])(O[H])[C@]([H])(N2:C([H]):N:C3:C(N([H])[H]):N:C([H]):N:C:3:2)O[C@]1([H])C([H])([H])OP(=O)(O[H])OP(=O)(O[H])O[P:40](=[O:41])([O:42])[O:43]>>[H]C1:N:C2:C(=O):N([H]):C(N([H])[H]):N:C:2:N:1C([H])([H])OC([H])([H])C([H])([H])O[P:40](=[O:41])([O:42])[O:43],EVODEX-P18123
EVODEX-N7084,>>[H].[H]C1:N:C2:C(=O):N([H]):C(N([H])[H]):N:C:2:N:1C([H])([H])OC([H])([H])C([H])([H])O,EVODEX-P18124
EVODEX-N7085,[H]O[C@@]1([H])[C@@]([H])(O[H])[C@]([H])(N2:C([H]):N:C3:C(N([H])[H]):N:C([H]):N:C:3:2)O[C@]1([H])C([H])([H])OP(=O)(O[H])OP(=O)(O[H])O[P:42](=[O:43])([O:44])[O:45]>>[H]O[C@@]1([H])[C@@]([H])(O[H])[C@]([H])(N2C([H])=C([H])C([H])=C(C(=O)N([H])[H])C2([H])[H])O[C@]1([H])C([H])([H])O[P:42](=[O:43])([O:44])[O:45],EVODEX-P18133
EVODEX-N7086,>>[H].[H]O[C@@]1([H])[C@@]([H])(O[H])[C@]([H])(N2C([H])=C([H])C([H])=C(C(=O)N([H])[H])C2([H])[H])O[C@]1([H])C([H])([H])O,"EVODEX-P18134,EVODEX-P20456"
EVODEX-N7087,[H]O[C@@]1([H])[C@@]([H])(O[H])[C@]([H])(N2:C([H]):N:C3:C(N([H])[H]):N:C([H]):N:C:3:2)O[C@]1([H])C([H])([H])OP(=O)(O[H])OP(=O)(O[H])O[P:68](=[O:69])([O:70])[O:71]>>[H]O[C@]1([H])[C@]([H])(O[P:68](=[O:69])([O:70])[O:71])[C@@]([H])(C([H])([H])OP(=O)(O[H])OP(=O)(O[H])OC([H])([H])C(C([H])([H])[H])(C([H])([H])[H])[C@@]([H])(O[H])C(=O)N([H])C([H])([H])C([H])([H])C(=O)N([H])C([H])([H])C([H])([H])S[H])O[C@@]1([H])N1:C([H]):N:C2:C(N([H])[H]):N:C([H]):N:C:2:1,EVODEX-P18145
EVODEX-N7088,[H][O:31][C:30].[H]O[C@@]1([H])[C@@]([H])(O[H])[C@]([H])(N2:C([H]):C([H]):C(N([H])[H]):N:C:2=O)O[C@]1([H])C([H])([H])OP(=O)(O[H])OP(=O)(O[H])O[P:63](=[O:64])([O:65])[O:66]>>[C:30][O:31][P:63](=[O:64])([O:65])[O:66],"EVODEX-P18149,EVODEX-P18716,EVODEX-P18721,EVODEX-P18872,EVODEX-P18950,EVODEX-P18989,EVODEX-P19101"
EVODEX-N7089,[H]O[C@@]1([H])[C@@]([H])(O[H])[C@]([H])(N2:C([H]):C([H]):C(N([H])[H]):N:C:2=O)O[C@]1([H])C([H])([H])OP(=O)(O[H])OP(=O)(O[H])O[P:63](=[O:64])([O:65])[O:66]>>[H]O[C@]1([H])[C@]([H])(O[P:63](=[O:64])([O:65])[O:66])[C@@]([H])(C([H])([H])OP(=O)(O[H])OP(=O)(O[H])OC([H])([H])C(C([H])([H])[H])(C([H])([H])[H])[C@@]([H])(O[H])C(=O)N([H])C([H])([H])C([H])([H])C(=O)N([H])C([H])([H])C([H])([H])S[H])O[C@@]1([H])N1:C([H]):N:C2:C(N([H])[H]):N:C([H]):N:C:2:1,EVODEX-P18150
EVODEX-N7090,[H]O[C@@]1([H])[C@@]([H])(O[H])[C@]([H])(N2:C([H]):N:C3:C(N([H])[H]):N:C([H]):N:C:3:2)O[C@]1([H])C([H])([H])OP(=O)(O[H])OP(=O)(O[H])O[P:24](=[O:25])([O:26])[O:27]>>[H]O[C@]1([H])[C@]([H])(O[P:24](=[O:25])([O:26])[O:27])[C@@]([H])(C([H])([H])OP(=O)(O[H])OS(=O)(=O)O[H])O[C@@]1([H])N1:C([H]):N:C2:C(N([H])[H]):N:C([H]):N:C:2:1,EVODEX-P18155
EVODEX-N7091,>>[H].[H]O[C@]1([H])[C@]([H])(O)[C@@]([H])(C([H])([H])OP(=O)(O[H])OS(=O)(=O)O[H])O[C@@]1([H])N1:C([H]):N:C2:C(N([H])[H]):N:C([H]):N:C:2:1,EVODEX-P18156
EVODEX-N7092,[H][O:22][P:20].[H]O[C@]1([H])[C@]([H])(O[P:53](=[O:54])([O:55])[O:56])[C@@]([H])(C([H])([H])OP(=O)(O[H])OS(=O)(=O)O[H])O[C@@]1([H])N1:C([H]):N:C2:C(N([H])[H]):N:C([H]):N:C:2:1>>[P:20][O:22][P:53](=[O:54])([O:55])[O:56],EVODEX-P18159
EVODEX-N7093,[H]O[C@]1([H])[C@]([H])(O[P:53](=[O:54])([O:55])[O:56])[C@@]([H])(C([H])([H])OP(=O)(O[H])OS(=O)(=O)O[H])O[C@@]1([H])N1:C([H]):N:C2:C(N([H])[H]):N:C([H]):N:C:2:1>>[H]O[C@@]1([H])[C@@]([H])(O[H])[C@]([H])(N2:C([H]):N:C3:C(N([H])[H]):N:C([H]):N:C:3:2)O[C@]1([H])C([H])([H])OP(=O)(O[H])OP(=O)(O[H])O[P:53](=[O:54])([O:55])[O:56],EVODEX-P18160
EVODEX-N7094,[H]O[C@@]1([H])[C@@]([H])(O[H])[C@]([H])(N2:C([H]):N:C3:C(N([H])[H]):N:C([H]):N:C:3:2)O[C@]1([H])C([H])([H])OP(=O)(O[H])OP(=O)(O[H])O[P:51](=[O:52])([O:53])[O:54]>>[H]O[C@@]([H])([C@@]([H])(O[H])C([H])([H])N1:C2:N:C(=O):N([H]):C(=O):C2:N:C2:C([H]):C(C([H])([H])[H]):C(C([H])([H])[H]):C([H]):C:2:1)[C@]([H])(O[H])C([H])([H])O[P:51](=[O:52])([O:53])[O:54],EVODEX-P18164
EVODEX-N7095,>>[H]O[C@@]([H])([C@@]([H])(O[H])C([H])([H])N1:C2:N:C(=O):N([H]):C(=O):C2:N:C2:C([H]):C(C([H])([H])[H]):C(C([H])([H])[H]):C([H]):C:2:1)[C@]([H])(O[H])C([H])([H])O.[H],"EVODEX-P18166,EVODEX-P18171,EVODEX-P18284,EVODEX-P18874,EVODEX-P18878"
EVODEX-N7096,[H]O[C@@]1([H])[C@@]([H])(O[H])[C@]([H])(N2:C([H]):N:C3:C(N([H])[H]):N:C([H]):N:C:3:2)O[C@]1([H])C([H])([H])OP(=O)(O[H])O[P:47](=[O:48])([O:49])[O:50]>>[H]O[C@@]([H])([C@@]([H])(O[H])C([H])([H])N1:C2:N:C(=O):N([H]):C(=O):C2:N:C2:C([H]):C(C([H])([H])[H]):C(C([H])([H])[H]):C([H]):C:2:1)[C@]([H])(O[H])C([H])([H])O[P:47](=[O:48])([O:49])[O:50],EVODEX-P18170
EVODEX-N7097,[H]O[C@@]1([H])[C@@]([H])(O[H])[C@]([H])(N2:C([H]):N:C3:C(N([H])[H]):N:C([H]):N:C:3:2)O[C@]1([H])C([H])([H])OP(=O)(O[H])OP(=O)(O[H])O[P:24](=[O:25])([O:26])[O:27]>>[H]OC([H])([H])[C@]([H])(O[H])[C@]([H])(O[H])C([H])([H])O[P:24](=[O:25])([O:26])[O:27],EVODEX-P18175
EVODEX-N7098,>>[H].[H]OC([H])([H])[C@]([H])(O[H])[C@]([H])(O[H])C([H])([H])O,EVODEX-P18176
EVODEX-N7099,[H]O[C@@]1([H])[C@@]([H])(O[H])[C@]([H])(N2:C([H]):N:C3:C(N([H])[H]):N:C([H]):N:C:3:2)O[C@]1([H])C([H])([H])OP(=O)(O[H])OP(=O)(O[H])O[P:24](=[O:25])([O:26])[O:27]>>[H]O[C@@]([H])(C([H])=O)C([H])([H])O[P:24](=[O:25])([O:26])[O:27],EVODEX-P18180
EVODEX-N7100,>>[H].[H]O[C@@]([H])(C([H])=O)C([H])([H])O,EVODEX-P18181
EVODEX-N7101,[H]O[C@@]1([H])[C@@]([H])(O[H])[C@]([H])(N2:C([H]):N:C3:C(N([H])[H]):N:C([H]):N:C:3:2)O[C@]1([H])C([H])([H])OP(=O)(O[H])OP(=O)(O[H])O[P:24](=[O:25])([O:26])[O:27]>>[H]OC([H])([H])C(=O)C([H])([H])O[P:24](=[O:25])([O:26])[O:27],EVODEX-P18185
EVODEX-N7102,[C:1](=[C:2]([O:3][P:4](=[O:5])([O:6])[O:7])[C:8])([H:17])[H:18].[H][O:14][C:13]>>[H][C:1]([C:2](=[O:3])[C:8])([H:17])[H:18].[P:4](=[O:5])([O:6])([O:7])[O:14][C:13],"EVODEX-P18187,EVODEX-P19364,EVODEX-P19368"
EVODEX-N7103,[H]OC(=O)C(O[P:4](=[O:5])([O:6])[O:7])=C([H])[H].[H][O:14][C:13]>>[P:4](=[O:5])([O:6])([O:7])[O:14][C:13],"EVODEX-P18188,EVODEX-P19365,EVODEX-P19369"
EVODEX-N7104,[H]OC(=O)C(O[P:4](=[O:5])([O:6])[O:7])=C([H])[H]>>[H]OC([H])([H])C(=O)C([H])([H])O[P:4](=[O:5])([O:6])[O:7],EVODEX-P18189
EVODEX-N7105,[H]OP(=O)(O[H])[O:3][C:2](=[C:1]([H:17])[H:18])[C:8]>>[H][C:1]([C:2](=[O:3])[C:8])([H:17])[H:18],EVODEX-P18190
EVODEX-N7106,[C:1](=[C:2]([O:3][P:4])[C:8])([H:17])[H:18]>>[H][C:1]([C:2](=[O:3])[C:8])([H:17])[H:18].[H]OC([H])([H])C(=O)C([H])([H])O[P:4],EVODEX-P18191
EVODEX-N7107,[H]O[C@@]1([H])[C@@]([H])(O[H])[C@]([H])(N2:C([H]):N:C3:C(N([H])[H]):N:C([H]):N:C:3:2)O[C@]1([H])C([H])([H])OP(=O)(O[H])OP(=O)(O[H])O[P:24](=[O:25])([O:26])[O:27]>>[H]OC([H])([H])C([H])(O[H])C([H])([H])O[P:24](=[O:25])([O:26])[O:27],EVODEX-P18195
EVODEX-N7108,[H][O:22][P:20].[H]OC([H])([H])C([H])(O[H])C([H])([H])O[P:29](=[O:28])([O:30])[O:31]>>[P:20][O:22][P:29](=[O:28])([O:30])[O:31],EVODEX-P18199
EVODEX-N7109,[H]OC([H])([H])C([H])(O[H])C([H])([H])O[P:29](=[O:28])([O:30])[O:31]>>[H]O[C@@]1([H])[C@@]([H])(O[H])[C@]([H])(N2:C([H]):N:C3:C(N([H])[H]):N:C([H]):N:C:3:2)O[C@]1([H])C([H])([H])OP(=O)(O[H])OP(=O)(O[H])O[P:29](=[O:28])([O:30])[O:31],EVODEX-P18200
EVODEX-N7110,[H]O[C@@]1([H])[C@@]([H])(O[H])[C@]([H])(N2:C([H]):N:C3:C(N([H])[H]):N:C([H]):N:C:3:2)O[C@]1([H])C([H])([H])OP(=O)(O[H])O[P:20](=[O:21])([O:22])[O:23]>>[H]OC(=O)[C@]([H])(O[H])C([H])([H])O[P:20](=[O:21])([O:22])[O:23],"EVODEX-P18205,EVODEX-P18896"
EVODEX-N7111,[H]O[C@@]1([H])[C@@]([H])(O[H])[C@]([H])(N2:C([H]):N:C3:C(N([H])[H]):N:C([H]):N:C:3:2)O[C@]1([H])C([H])([H])OP(=O)(O[H])OP(=O)(O[H])O[P:24](=[O:25])([O:26])[O:27]>>[H]OC(=O)[C@]([H])(O[H])C([H])([H])O[P:24](=[O:25])([O:26])[O:27],EVODEX-P18210
EVODEX-N7112,[H]O[C@@]1([H])[C@@]([H])(O[H])[C@]([H])(N2:C([H]):N:C3:C(N([H])[H]):N:C([H]):N:C:3:2)O[C@]1([H])C([H])([H])OP(=O)(O[H])OP(=O)(O[H])O[P:28](=[O:29])([O:30])[O:31]>>[H]N([H])C([H])([H])C([H])([H])O[P:28](=[O:29])([O:30])[O:31],EVODEX-P18219
EVODEX-N7113,[H]O[C@@]1([H])[C@@]([H])(O[H])[C@]([H])(N2:C([H]):N:C3:C(N([H])[H]):N:C([H]):N:C:3:2)O[C@]1([H])C([H])([H])OP(=O)(O[H])OP(=O)(O[H])O[P:39](=[O:40])([O:41])[O:42]>>[H]OC(=O)C([H])([H])C([H])([H])N([H])C(=O)[C@@]([H])(O[H])C(C([H])([H])[H])(C([H])([H])[H])C([H])([H])O[P:39](=[O:40])([O:41])[O:42],EVODEX-P18224
EVODEX-N7114,>>[H]OC(=O)C([H])([H])C([H])([H])N([H])C(=O)[C@@]([H])(O[H])C(C([H])([H])[H])(C([H])([H])[H])C([H])([H])O.[H],EVODEX-P18226
EVODEX-N7115,[H]O[C@@]1([H])[C@@]([H])(O[H])[C@]([H])(N2:C([H]):N:C3:C(N([H])[H]):N:C([H]):N:C:3:2)O[C@]1([H])C([H])([H])OP(=O)(O[H])OP(=O)(O[H])O[P:46](=[O:47])([O:48])[O:49]>>[H]O[C@@]([H])(C(=O)N([H])C([H])([H])C([H])([H])C(=O)N([H])C([H])([H])C([H])([H])C([H])([H])C([H])([H])C([H])([H])C([H])([H])C([H])([H])[H])C(C([H])([H])[H])(C([H])([H])[H])C([H])([H])O[P:46](=[O:47])([O:48])[O:49],EVODEX-P18229
EVODEX-N7116,>>[H]O[C@@]([H])(C(=O)N([H])C([H])([H])C([H])([H])C(=O)N([H])C([H])([H])C([H])([H])C([H])([H])C([H])([H])C([H])([H])C([H])([H])C([H])([H])[H])C(C([H])([H])[H])(C([H])([H])[H])C([H])([H])O.[H],EVODEX-P18231
EVODEX-N7117,[H]O[C@@]1([H])[C@@]([H])(O[H])[C@]([H])(N2:C([H]):N:C3:C(N([H])[H]):N:C([H]):N:C:3:2)O[C@]1([H])C([H])([H])OP(=O)(O[H])OP(=O)(O[H])O[P:42](=[O:43])([O:44])[O:45]>>[H]O[C@@]([H])(C(=O)N([H])C([H])([H])C([H])([H])C(=O)N([H])C([H])([H])C([H])([H])S[H])C(C([H])([H])[H])(C([H])([H])[H])C([H])([H])O[P:42](=[O:43])([O:44])[O:45],EVODEX-P18234
EVODEX-N7118,[H]O[C@@]1([H])[C@@]([H])(O[H])[C@]([H])(N2:C([H]):N:C3:C(N([H])[H]):N:C([H]):N:C:3:2)O[C@]1([H])C([H])([H])OP(=O)(O[H])OP(=O)(O[H])O[P:36](=[O:37])([O:38])[O:39]>>[H]OC1:C(C([H])([H])[H]):N:C([H]):C(C([H])([H])O[P:36](=[O:37])([O:38])[O:39]):C:1C([H])([H])N([H])[H],EVODEX-P18239
EVODEX-N7119,[H]O[C@@]1([H])[C@@]([H])(O[H])[C@]([H])(N2:C([H]):N:C3:C(N([H])[H]):N:C([H]):N:C:3:2)O[C@]1([H])C([H])([H])OP(=O)(O[H])OP(=O)(O[H])O[P:36](=[O:37])([O:38])[O:39]>>[H]OC1:C(C([H])([H])[H]):N:C([H]):C(C([H])([H])O[P:36](=[O:37])([O:38])[O:39]):C:1C([H])([H])O[H],EVODEX-P18244
EVODEX-N7120,[H]O[C@@]1([H])[C@@]([H])(O[H])[C@]([H])(N2:C([H]):N:C3:C(N([H])[H]):N:C([H]):N:C:3:2)O[C@]1([H])C([H])([H])OP(=O)(O[H])OP(=O)(O[H])O[P:34](=[O:35])([O:36])[O:37]>>[H]OC(=O)C([H])([H])[C@@](O[H])(C([H])([H])[H])C([H])([H])C([H])([H])O[P:34](=[O:35])([O:36])[O:37],EVODEX-P18249
EVODEX-N7121,>>[H]OC(=O)C([H])([H])[C@@](O[H])(C([H])([H])[H])C([H])([H])C([H])([H])O.[H],"EVODEX-P18251,EVODEX-P19011"
EVODEX-N7122,[H]OC(=O)C([H])([H])[C@@](O[H])(C([H])([H])[H])C([H])([H])C([H])([H])O[P:7](=[O:8])([O:9])[O:10].[H][O:36][P:34]>>[P:7](=[O:8])([O:9])([O:10])[O:36][P:34],EVODEX-P18253
EVODEX-N7123,[H]OC(=O)C([H])([H])[C@@](O[H])(C([H])([H])[H])C([H])([H])C([H])([H])O[P:7](=[O:8])([O:9])[O:10]>>[H]O[C@@]1([H])[C@@]([H])(O[H])[C@]([H])(N2:C([H]):N:C3:C(N([H])[H]):N:C([H]):N:C:3:2)O[C@]1([H])C([H])([H])OP(=O)(O[H])OP(=O)(O[H])O[P:7](=[O:8])([O:9])[O:10],EVODEX-P18254
EVODEX-N7124,[H]O[C@@]1([H])[C@@]([H])(O[H])[C@]([H])(N2:C([H]):N:C3:C(N([H])[H]):N:C([H]):N:C:3:2)O[C@]1([H])C([H])([H])OP(=O)(O[H])OP(=O)(O[H])O[P:32](=[O:33])([O:34])[O:35]>>[H]OC(=O)[C@@]([H])(N([H])[H])C([H])([H])C([H])([H])O[P:32](=[O:33])([O:34])[O:35],EVODEX-P18259
EVODEX-N7125,[H]O[C@@]1([H])[C@@]([H])(O[H])[C@]([H])(N2:C([H]):N:C3:C(N([H])[H]):N:C([H]):N:C:3:2)O[C@]1([H])C([H])([H])OP(=O)(O[H])OP(=O)(O[H])O[P:33](=[O:34])([O:35])[O:36]>>[H]OC(=O)[C@@]([H])(N([H])[H])C([H])([H])C([H])(O[P:33](=[O:34])([O:35])[O:36])C([H])([H])[H],EVODEX-P18264
EVODEX-N7126,>>[H]OC(=O)[C@@]([H])(N([H])[H])C([H])([H])C([H])(O)C([H])([H])[H].[H],EVODEX-P18266
EVODEX-N7127,[C:1](=[C:2]([O:3][P:4](=[O:5])([O:6])[O:7])[C:8])([H:36])[H:37].[H][O:28][P:26]>>[H][C:1]([C:2](=[O:3])[C:8])([H:36])[H:37].[P:4](=[O:5])([O:6])([O:7])[O:28][P:26],EVODEX-P18267
EVODEX-N7128,[H]OC(=O)C(O[P:4](=[O:5])([O:6])[O:7])=C([H])[H].[H][O:28][P:26]>>[P:4](=[O:5])([O:6])([O:7])[O:28][P:26],"EVODEX-P18268,EVODEX-P29544,EVODEX-P29566,EVODEX-P29607"
EVODEX-N7129,[H][O:10][P:8]>>[H]OP(=O)(O[H])[O:10][P:8],"EVODEX-P18269,EVODEX-P18338,EVODEX-P18606,EVODEX-P18827,EVODEX-P19256,EVODEX-P19361,EVODEX-P19389,EVODEX-P19404,EVODEX-P19408,EVODEX-P19422,EVODEX-P19450,EVODEX-P19460,EVODEX-P19465,EVODEX-P19475,EVODEX-P19483,EVODEX-P19488,EVODEX-P19493,EVODEX-P19503,EVODEX-P19508,EVODEX-P19514,EVODEX-P19524,EVODEX-P19533,EVODEX-P19539,EVODEX-P19544,EVODEX-P19550,EVODEX-P19558,EVODEX-P28834"
EVODEX-N7130,[H]OC(=O)C(O[P:4](=[O:5])([O:6])[O:7])=C([H])[H]>>[H]O[C@@]1([H])C([H])([H])[C@]([H])(N2:C([H]):C(C([H])([H])[H]):C(=O):N([H]):C:2=O)O[C@]1([H])C([H])([H])OP(=O)(O[H])OP(=O)(O[H])O[P:4](=[O:5])([O:6])[O:7],EVODEX-P18270
EVODEX-N7131,[C:1](=[C:2]([O:3][P:4])[C:8])([H:36])[H:37]>>[H][C:1]([C:2](=[O:3])[C:8])([H:36])[H:37].[H]O[C@@]1([H])C([H])([H])[C@]([H])(N2:C([H]):C(C([H])([H])[H]):C(=O):N([H]):C:2=O)O[C@]1([H])C([H])([H])OP(=O)(O[H])OP(=O)(O[H])O[P:4],EVODEX-P18271
EVODEX-N7132,[H][C:1]([C:2](=[O:3])[C:4])([H:36])[H:37].[O:25][P:26](=[O:27])([O:28])[O:29]>>[C:1](=[C:2]([O:3][P:26](=[O:27])([O:28])[O:29])[C:4])([H:36])[H:37].[H][O:25],"EVODEX-P18272,EVODEX-P20324"
EVODEX-N7133,[H][C:1]([C:2](=[O:3])[C:4])([H:36])[H:37].[H]O[C@@]1([H])C([H])([H])[C@]([H])(N2:C([H]):C(C([H])([H])[H]):C(=O):N([H]):C:2=O)O[C@]1([H])C([H])([H])OP(=O)(O[H])OP(=O)(O[H])O[P:26](=[O:27])([O:28])[O:29]>>[C:1](=[C:2]([O:3][P:26](=[O:27])([O:28])[O:29])[C:4])([H:36])[H:37],EVODEX-P18274
EVODEX-N7134,[H]O[C@@]1([H])C([H])([H])[C@]([H])(N2:C([H]):C(C([H])([H])[H]):C(=O):N([H]):C:2=O)O[C@]1([H])C([H])([H])OP(=O)(O[H])OP(=O)(O[H])O[P:26](=[O:27])([O:28])[O:29]>>[H]OC(=O)C(O[P:26](=[O:27])([O:28])[O:29])=C([H])[H],EVODEX-P18275
EVODEX-N7135,[H][C:1]([C:2](=[O:3])[C:4])([H:36])[H:37]>>[H]OP(=O)(O[H])[O:3][C:2](=[C:1]([H:36])[H:37])[C:4],EVODEX-P18276
EVODEX-N7136,[H][O:23][C:22].[H]OC([H])([H])[C@@]1([H])O[C@]([H])(O[P:29](=[O:28])([O:30])[O:31])[C@]([H])(O[H])[C@@]([H])(O[H])[C@]1([H])O[H]>>[C:22][O:23][P:29](=[O:28])([O:30])[O:31],"EVODEX-P18282,EVODEX-P18286,EVODEX-P31765,EVODEX-P31770"
EVODEX-N7137,[H]OC([H])([H])[C@@]1([H])O[C@]([H])(O[P:29](=[O:28])([O:30])[O:31])[C@]([H])(O[H])[C@@]([H])(O[H])[C@]1([H])O[H]>>[H]O[C@@]([H])([C@@]([H])(O[H])C([H])([H])N1:C2:N:C(=O):N([H]):C(=O):C2:N:C2:C([H]):C(C([H])([H])[H]):C(C([H])([H])[H]):C([H]):C:2:1)[C@]([H])(O[H])C([H])([H])O[P:29](=[O:28])([O:30])[O:31],EVODEX-P18283
EVODEX-N7138,[H]OC([H])([H])[C@@]1([H])O[C@]([H])(O[P:28](=[O:27])([O:29])[O:30])[C@]([H])(O[H])[C@@]([H])(O[H])[C@]1([H])O[H]>>[H]O[C@@]([H])([C@@]([H])(O[H])C([H])([H])N1:C2:N:C(=O):N([H]):C(=O):C2:N:C2:C([H]):C(C([H])([H])[H]):C([H]):C([H]):C:2:1)[C@]([H])(O[H])C([H])([H])O[P:28](=[O:27])([O:29])[O:30],EVODEX-P18287
EVODEX-N7139,>>[H]O[C@@]([H])([C@@]([H])(O[H])C([H])([H])N1:C2:N:C(=O):N([H]):C(=O):C2:N:C2:C([H]):C(C([H])([H])[H]):C([H]):C([H]):C:2:1)[C@]([H])(O[H])C([H])([H])O.[H],EVODEX-P18289
EVODEX-N7140,[O:23][P:24](=[O:25])([O:26])[O:27].[H][C:33](=[O:32])[C:34]>>[H][O:23].[P:24](=[O:25])([O:26])([O:27])[C:33](=[O:32])[C:34],EVODEX-P18290
EVODEX-N7141,[H]O[C@@]1([H])[C@@]([H])(O[H])[C@]([H])(N2:C([H]):N:C3:C(N([H])[H]):N:C([H]):N:C:3:2)O[C@]1([H])C([H])([H])OP(=O)(O[H])OP(=O)(O[H])O[P:24](=[O:25])([O:26])[O:27].[H][C:33](=[O:32])[C:34]>>[P:24](=[O:25])([O:26])([O:27])[C:33](=[O:32])[C:34],EVODEX-P18291
EVODEX-N7142,[H][C:33](=[O:32])[C:34]>>[H]OP(=O)(O[H])[C:33](=[O:32])[C:34],EVODEX-P18292
EVODEX-N7143,[H]O[C@@]1([H])[C@@]([H])(O[H])[C@]([H])(N2:C([H]):N:C3:C(N([H])[H]):N:C([H]):N:C:3:2)O[C@]1([H])C([H])([H])OP(=O)(O[H])OP(=O)(O[H])O[P:24](=[O:25])([O:26])[O:27]>>[H]OC(=O)[C@@]([H])(O[H])[C@@]([H])(O[H])[C@]([H])(O[H])[C@@]([H])(O[H])C(=O)[P:24](=[O:25])([O:26])[O:27],EVODEX-P18293
EVODEX-N7144,>>[H].[H]OC(=O)[C@@]([H])(O[H])[C@@]([H])(O[H])[C@]([H])(O[H])[C@]([H])(C=O)O[H],EVODEX-P18294
EVODEX-N7145,[H]O[C@@]1([H])[C@@]([H])(O[H])[C@]([H])(N2:C([H]):N:C3:C(N([H])[H]):N:C([H]):N:C:3:2)O[C@]1([H])C([H])([H])OP(=O)(O[H])OP(=O)(O[H])O[P:24](=[O:25])([O:26])[O:27]>>[H]OC(=O)[C@@]1([H])OC([H])(O[P:24](=[O:25])([O:26])[O:27])[C@]([H])(O[H])[C@@]([H])(O[H])[C@]1([H])O[H],EVODEX-P18298
EVODEX-N7146,>>[H].[H]OC(=O)[C@@]1([H])OC([H])(O)[C@]([H])(O[H])[C@@]([H])(O[H])[C@]1([H])O[H],EVODEX-P18299
EVODEX-N7147,[H]O[C@@]1([H])[C@@]([H])(O[H])[C@]([H])(N2:C([H]):N:C3:C(N([H])[H]):N:C([H]):N:C:3:2)O[C@]1([H])C([H])([H])OP(=O)(O[H])OP(=O)(O[H])O[P:24](=[O:25])([O:26])[O:27]>>[H]OC(=O)C(=O)C([H])([H])[C@]([H])(O[H])[C@]([H])(O[H])C([H])([H])O[P:24](=[O:25])([O:26])[O:27],EVODEX-P18303
EVODEX-N7148,>>[H].[H]OC(=O)C(=O)C([H])([H])[C@]([H])(O[H])[C@]([H])(O[H])C([H])([H])O,EVODEX-P18304
EVODEX-N7149,[H][O:22][P:20].[H]OC(=O)C(=O)C([H])([H])[C@]([H])(O[H])[C@]([H])(O[H])C([H])([H])O[P:40](=[O:41])([O:42])[O:43]>>[P:20][O:22][P:40](=[O:41])([O:42])[O:43],EVODEX-P18307
EVODEX-N7150,[H]OC(=O)C(=O)C([H])([H])[C@]([H])(O[H])[C@]([H])(O[H])C([H])([H])O[P:40](=[O:41])([O:42])[O:43]>>[H]O[C@@]1([H])[C@@]([H])(O[H])[C@]([H])(N2:C([H]):N:C3:C(N([H])[H]):N:C([H]):N:C:3:2)O[C@]1([H])C([H])([H])OP(=O)(O[H])OP(=O)(O[H])O[P:40](=[O:41])([O:42])[O:43],EVODEX-P18308
EVODEX-N7151,[H]O[C@@]1([H])[C@@]([H])(O[H])[C@]([H])(N2:C([H]):N:C3:C(N([H])[H]):N:C([H]):N:C:3:2)O[C@]1([H])C([H])([H])OP(=O)(O[H])OP(=O)(O[H])O[P:24](=[O:25])([O:26])[O:27]>>[H]O[C@@]1([H])[C@@]([H])(O[P:24](=[O:25])([O:26])[O:27])OC([H])([H])[C@]([H])(O[H])[C@]1([H])O[H],EVODEX-P18313
EVODEX-N7152,[H]O[C@@]1([H])[C@@]([H])(O[H])[C@]([H])(N2:C([H]):N:C3:C(N([H])[H]):N:C([H]):N:C:3:2)O[C@]1([H])C([H])([H])OP(=O)(O[H])OP(=O)(O[H])O[P:24](=[O:25])([O:26])[O:27]>>[H]OC([H])([H])[C@@]([H])(O[H])[C@@]([H])(O[H])[C@@]([H])(O[H])C([H])([H])O[P:24](=[O:25])([O:26])[O:27],EVODEX-P18318
EVODEX-N7153,>>[H].[H]OC([H])([H])[C@@]([H])(O[H])[C@@]([H])(O[H])[C@@]([H])(O[H])C([H])([H])O,EVODEX-P18319
EVODEX-N7154,[H]O[C@@]1([H])[C@@]([H])(O[H])[C@]([H])(N2:C([H]):N:C3:C(N([H])[H]):N:C([H]):N:C:3:2)O[C@]1([H])C([H])([H])OP(=O)(O[H])OP(=O)(O[H])O[P:41](=[O:42])([O:43])[O:44]>>[H]O[C@@]1([H])[C@@]([H])(O[H])[C@]([H])(N2:C([H]):C([H]):C(N([H])[H]):N:C:2=O)O[C@]1([H])C([H])([H])O[P:41](=[O:42])([O:43])[O:44],EVODEX-P18323
EVODEX-N7155,>>[H].[H]O[C@@]1([H])[C@@]([H])(O[H])[C@]([H])(N2:C([H]):C([H]):C(N([H])[H]):N:C:2=O)O[C@]1([H])C([H])([H])O,"EVODEX-P18324,EVODEX-P19084"
EVODEX-N7156,[H]O[C@@]1([H])[C@@]([H])(O[H])[C@]([H])(N2:C([H]):N:C3:C(N([H])[H]):N:C([H]):N:C:3:2)O[C@]1([H])C([H])([H])OP(=O)(O[H])OP(=O)(O[H])O[P:24](=[O:25])([O:26])[O:27]>>[H]O[C@@]1([H])[C@@]([H])(O[H])[C@]([H])(N2:C([H]):C([H]):C(=O):N([H]):C:2=O)O[C@]1([H])C([H])([H])O[P:24](=[O:25])([O:26])[O:27],EVODEX-P18328
EVODEX-N7157,>>[H].[H]O[C@@]1([H])[C@@]([H])(O[H])[C@]([H])(N2:C([H]):C([H]):C(=O):N([H]):C:2=O)O[C@]1([H])C([H])([H])O,"EVODEX-P18329,EVODEX-P18736"
EVODEX-N7158,[H]O[C@@]1([H])[C@@]([H])(O[H])[C@]([H])(N2:C([H]):N:C3:C(N([H])[H]):N:C([H]):N:C:3:2)O[C@]1([H])C([H])([H])OP(=O)(O[H])OP(=O)(O[H])O[P:34](=[O:35])([O:36])[O:37]>>[H]N=C1:C(C([H])([H])O[P:34](=[O:35])([O:36])[O:37]):C([H]):N:C(C([H])([H])[H]):N:1[H],EVODEX-P18332
EVODEX-N7159,>>[H]N=C1:C(C([H])([H])O):C([H]):N:C(C([H])([H])[H]):N:1[H].[H],EVODEX-P18334
EVODEX-N7160,[H][O:14][P:12].[H]O[C@@]1([H])[C@@]([H])(O[H])[C@]([H])(N2:C([H]):N:C3:C(N([H])[H]):N:C([H]):N:C:3:2)O[C@]1([H])C([H])([H])OP(=O)(O[H])OP(=O)(O[H])O[P:45](=[O:46])([O:47])[O:48]>>[P:12][O:14][P:45](=[O:46])([O:47])[O:48],"EVODEX-P18336,EVODEX-P19387,EVODEX-P19402,EVODEX-P19407,EVODEX-P19412,EVODEX-P19420,EVODEX-P19448,EVODEX-P19458,EVODEX-P19463,EVODEX-P19473,EVODEX-P19482,EVODEX-P19487,EVODEX-P19492,EVODEX-P19502,EVODEX-P19507,EVODEX-P19512,EVODEX-P19522,EVODEX-P19543"
EVODEX-N7161,[H]O[C@@]1([H])[C@@]([H])(O[H])[C@]([H])(N2:C([H]):N:C3:C(N([H])[H]):N:C([H]):N:C:3:2)O[C@]1([H])C([H])([H])OP(=O)(O[H])OP(=O)(O[H])O[P:38](=[O:39])([O:40])[O:41]>>[H]OP(=O)(OC([H])([H])C1:C([H]):N:C(C([H])([H])[H]):N:C:1N([H])[H])O[P:38](=[O:39])([O:40])[O:41],EVODEX-P18337
EVODEX-N7162,>>[H]OP(O)(=O)OC([H])([H])C1:C([H]):N:C(C([H])([H])[H]):N:C:1N([H])[H].[H],EVODEX-P18339
EVODEX-N7163,[H]O[C@@]1([H])[C@@]([H])(O[H])[C@]([H])(N2:C([H]):N:C3:C(N([H])[H]):N:C([H]):N:C:3:2)O[C@]1([H])C([H])([H])OP(=O)(O[H])OP(=O)(O[H])O[P:33](=[O:34])([O:35])[O:36]>>[H]C1:N:C(C([H])([H])[H]):C(C([H])([H])C([H])([H])O[P:33](=[O:34])([O:35])[O:36]):S:1,EVODEX-P18342
EVODEX-N7164,>>[H]C1:N:C(C([H])([H])[H]):C(C([H])([H])C([H])([H])O):S:1.[H],EVODEX-P18344
EVODEX-N7165,[H]O[C@@]1([H])[C@@]([H])(O[H])[C@]([H])(N2:C([H]):N:C3:C(N([H])[H]):N:C([H]):N:C:3:2)O[C@]1([H])C([H])([H])OP(=O)(O[H])OP(=O)(O[H])O[P:35](=[O:36])([O:37])[O:38]>>[H]C([H])([H])C1:N:N(C([H])([H])[H]):C(C([H])([H])[H]):C:1C([H])([H])C([H])([H])O[P:35](=[O:36])([O:37])[O:38],EVODEX-P18347
EVODEX-N7166,>>[H]C([H])([H])C1:N:N(C([H])([H])[H]):C(C([H])([H])[H]):C:1C([H])([H])C([H])([H])O.[H],EVODEX-P18349
EVODEX-N7167,[H]O[C@@]1([H])[C@@]([H])(O[H])[C@]([H])(N2:C([H]):N:C3:C(N([H])[H]):N:C([H]):N:C:3:2)O[C@]1([H])C([H])([H])OP(=O)(O[H])OP(=O)(O[H])O[P:24](=[O:25])([O:26])[O:27]>>[H]OC([H])([H])[C@@]([H])(O[H])[C@@]([H])(O[H])C(=O)C([H])([H])O[P:24](=[O:25])([O:26])[O:27],EVODEX-P18353
EVODEX-N7168,[H]O[C@@]1([H])[C@@]([H])(O[H])[C@]([H])(N2:C([H]):N:C3:C(N([H])[H]):N:C([H]):N:C:3:2)O[C@]1([H])C([H])([H])OP(=O)(O[H])OP(=O)(O[H])O[P:35](=[O:36])([O:37])[O:38]>>[H]O[C@]1([H])[C@]([H])(O[H])[C@]([H])(C([H])([H])[H])O[C@]([H])(O[P:35](=[O:36])([O:37])[O:38])[C@@]1([H])O[H],EVODEX-P18357
EVODEX-N7169,>>[H]O[C@@]1([H])[C@]([H])(O[H])[C@@]([H])(O)O[C@@]([H])(C([H])([H])[H])[C@@]1([H])O[H].[H],"EVODEX-P18359,EVODEX-P18364"
EVODEX-N7170,[H][O:5][C:4].[H]O[C@@]1([H])[C@@]([H])(O[H])[C@]([H])(N2:C([H]):N:C3:C(=O):N([H]):C([H]):N:C:3:2)O[C@]1([H])C([H])([H])OP(=O)(O[H])OP(=O)(O[H])O[P:35](=[O:36])([O:37])[O:38]>>[C:4][O:5][P:35](=[O:36])([O:37])[O:38],"EVODEX-P18362,EVODEX-P18386,EVODEX-P18414,EVODEX-P18418"
EVODEX-N7171,[H]O[C@@]1([H])[C@@]([H])(O[H])[C@]([H])(N2:C([H]):N:C3:C(=O):N([H]):C([H]):N:C:3:2)O[C@]1([H])C([H])([H])OP(=O)(O[H])OP(=O)(O[H])O[P:35](=[O:36])([O:37])[O:38]>>[H]O[C@]1([H])[C@]([H])(O[H])[C@]([H])(C([H])([H])[H])O[C@]([H])(O[P:35](=[O:36])([O:37])[O:38])[C@@]1([H])O[H],EVODEX-P18363
EVODEX-N7172,[H]O[C@@]1([H])[C@@]([H])(O[H])[C@]([H])(N2:C([H]):N:C3:C(N([H])[H]):N:C([H]):N:C:3:2)O[C@]1([H])C([H])([H])OP(=O)(O[H])OP(=O)(O[H])O[P:24](=[O:25])([O:26])[O:27]>>[H]O[C@@]([H])([C@]([H])(O[H])C([H])=O)[C@]([H])(O[H])C([H])([H])O[P:24](=[O:25])([O:26])[O:27],EVODEX-P18368
EVODEX-N7173,[H]O[C@@]1([H])[C@@]([H])(O[H])[C@]([H])(N2:C([H]):N:C3:C(=O):N([H]):C(N([H])[H]):N:C:3:2)O[C@]1([H])C([H])([H])OP(=O)(O[H])OP(=O)(O[H])O[P:22](=[O:23])([O:24])[O:25]>>[H]O[C@@]([H])([C@]([H])(O[H])C([H])=O)[C@]([H])(O[H])C([H])([H])O[P:22](=[O:23])([O:24])[O:25],EVODEX-P18372
EVODEX-N7174,[H]O[C@@]1([H])[C@@]([H])(O[H])[C@]([H])(N2:C([H]):N:C3:C(N([H])[H]):N:C([H]):N:C:3:2)O[C@]1([H])C([H])([H])OP(=O)(O[H])OP(=O)(O[H])O[P:39](=[O:40])([O:41])[O:42]>>[H]OC1([H])O[C@]([H])(C([H])([H])O[P:39](=[O:40])([O:41])[O:42])[C@@]([H])(O[H])[C@]([H])(O[H])[C@@]1([H])N([H])C(=O)C([H])([H])[H],EVODEX-P18382
EVODEX-N7175,[H]O[C@@]1([H])[C@@]([H])(O[H])[C@]([H])(N2:C([H]):N:C3:C(=O):N([H]):C([H]):N:C:3:2)O[C@]1([H])C([H])([H])OP(=O)(O[H])OP(=O)(O[H])O[P:39](=[O:40])([O:41])[O:42]>>[H]OC1([H])O[C@]([H])(C([H])([H])O[P:39](=[O:40])([O:41])[O:42])[C@@]([H])(O[H])[C@]([H])(O[H])[C@@]1([H])N([H])C(=O)C([H])([H])[H],EVODEX-P18387
EVODEX-N7176,[H]OC1([H])O[C@]([H])(C([H])([H])O[P:12](=[O:13])([O:14])[O:15])[C@@]([H])(O[H])[C@]([H])(O[H])[C@]1([H])N([H])C(=O)C([H])([H])[H].[H][O:41][P:39]>>[P:12](=[O:13])([O:14])([O:15])[O:41][P:39],EVODEX-P18390
EVODEX-N7177,[H]OC1([H])O[C@]([H])(C([H])([H])O[P:12](=[O:13])([O:14])[O:15])[C@@]([H])(O[H])[C@]([H])(O[H])[C@]1([H])N([H])C(=O)C([H])([H])[H]>>[H]O[C@@]1([H])[C@@]([H])(O[H])[C@]([H])(N2:C([H]):N:C3:C(N([H])[H]):N:C([H]):N:C:3:2)O[C@]1([H])C([H])([H])OP(=O)(O[H])OP(=O)(O[H])O[P:12](=[O:13])([O:14])[O:15],EVODEX-P18391
EVODEX-N7178,[H]C([H])([H])C(=O)O[P:5](=[O:6])([O:7])[O:8].[H][O:20][C:19]>>[P:5](=[O:6])([O:7])([O:8])[O:20][C:19],"EVODEX-P18395,EVODEX-P18400"
EVODEX-N7179,[H]C([H])([H])C(=O)O[P:5](=[O:6])([O:7])[O:8]>>[H]O[C@@]([H])([C@]([H])(O[H])[C@]([H])(O[H])C([H])([H])O[P:5](=[O:6])([O:7])[O:8])[C@@]([H])(O[H])C([H])=O,EVODEX-P18396
EVODEX-N7180,[H]C([H])([H])C(=O)O[P:5](=[O:6])([O:7])[O:8]>>[H]OC1([H])O[C@]([H])(C([H])([H])O[P:5](=[O:6])([O:7])[O:8])[C@@]([H])(O[H])[C@]([H])(O[H])[C@@]1([H])O[H],EVODEX-P18401
EVODEX-N7181,[N:1][P:2](=[O:3])([O:4])[O:5].[H][O:11][C:10]>>[H][N:1].[P:2](=[O:3])([O:4])([O:5])[O:11][C:10],"EVODEX-P18403,EVODEX-P18408"
EVODEX-N7182,[H]N([H])[P:2](=[O:3])([O:4])[O:5].[H][O:11][C:10]>>[P:2](=[O:3])([O:4])([O:5])[O:11][C:10],"EVODEX-P18404,EVODEX-P18409"
EVODEX-N7183,[H]N([H])[P:2](=[O:3])([O:4])[O:5]>>[H]OC([H])([H])[C@@]1([H])O[C@]([H])(O[P:2](=[O:3])([O:4])[O:5])[C@]([H])(O[H])[C@@]([H])(O[H])[C@]1([H])O[H],EVODEX-P18405
EVODEX-N7184,[H]OP(=O)(O[H])[N:1]([H:18])[H:19]>>[H][N:1]([H:18])[H:19],EVODEX-P18406
EVODEX-N7185,[H]N([H])[P:2](=[O:3])([O:4])[O:5]>>[H]OC([H])([H])[C@@]1([H])O[C@@]([H])(O[P:2](=[O:3])([O:4])[O:5])C([H])([H])[C@@]([H])(O[H])[C@]1([H])O[H],EVODEX-P18411
EVODEX-N7186,>>[H].[H]OC([H])([H])[C@@]1([H])O[C@@]([H])(O)C([H])([H])[C@@]([H])(O[H])[C@]1([H])O[H],"EVODEX-P18412,EVODEX-P31773"
EVODEX-N7187,[H]O[C@@]1([H])[C@@]([H])(O[H])[C@]([H])(N2:C([H]):N:C3:C(=O):N([H]):C([H]):N:C:3:2)O[C@]1([H])C([H])([H])OP(=O)(O[H])OP(=O)(O[H])O[P:36](=[O:37])([O:38])[O:39]>>[H]O[C@@]([H])([C@]([H])(O[H])[C@]([H])(O[H])C([H])([H])O[P:36](=[O:37])([O:38])[O:39])[C@@]([H])(O[H])C([H])=O,EVODEX-P18415
EVODEX-N7188,[H]O[C@@]1([H])[C@@]([H])(O[H])[C@]([H])(N2:C([H]):N:C3:C(=O):N([H]):C([H]):N:C:3:2)O[C@]1([H])C([H])([H])OP(=O)(O[H])OP(=O)(O[H])O[P:24](=[O:25])([O:26])[O:27]>>[H]OC1([H])O[C@]([H])(C([H])([H])O[P:24](=[O:25])([O:26])[O:27])[C@@]([H])(O[H])[C@]([H])(O[H])[C@@]1([H])O[H],EVODEX-P18419
EVODEX-N7189,[H]O[C@@]1([H])[C@@]([H])(O[H])[C@]([H])(N2:C([H]):N:C3:C(N([H])[H]):N:C([H]):N:C:3:2)O[C@]1([H])C([H])([H])OP(=O)(O[H])OP(=O)(O[H])O[P:24](=[O:25])([O:26])[O:27]>>[H]O[C@@]1([H])[C@]([H])(O[H])[C@]([H])(O[H])[C@]([H])(O[P:24](=[O:25])([O:26])[O:27])[C@@]([H])(O[H])[C@]1([H])O[H],EVODEX-P18424
EVODEX-N7190,[H]O[C@@]1([H])[C@@]([H])(O[H])[C@]([H])(N2:C([H]):N:C3:C(=O):N([H]):C(N([H])[H]):N:C:3:2)O[C@]1([H])C([H])([H])OP(=O)(O[H])OP(=O)(O[H])O[P:22](=[O:23])([O:24])[O:25]>>[H]O[C@@]1([H])[C@]([H])(O[H])[C@]([H])(O[H])[C@]([H])(O[P:22](=[O:23])([O:24])[O:25])[C@@]([H])(O[H])[C@]1([H])O[H],EVODEX-P18428
EVODEX-N7191,[H]O[C@@]1([H])[C@@]([H])(O[H])[C@]([H])(N2:C([H]):N:C3:C(N([H])[H]):N:C([H]):N:C:3:2)O[C@]1([H])C([H])([H])OP(=O)(O[H])OP(=O)(O[H])O[P:36](=[O:37])([O:38])[O:39]>>[H]O[C@@]1([H])[C@]([H])(O[P:36](=[O:37])([O:38])[O:39])[C@@]([H])(O[H])[C@]([H])(O[H])[C@@]([H])(N([H])[H])[C@]1([H])O[H],EVODEX-P18433
EVODEX-N7192,>>[H].[H]O[C@@]1([H])[C@]([H])(O)[C@@]([H])(O[H])[C@]([H])(O[H])[C@@]([H])(N([H])[H])[C@]1([H])O[H],"EVODEX-P18434,EVODEX-P18440"
EVODEX-N7193,[H]O[C@@]1([H])C([H])([H])[C@]([H])(N2:C([H]):N:C3:C(N([H])[H]):N:C([H]):N:C:3:2)O[C@]1([H])C([H])([H])OP(=O)(O[H])OP(=O)(O[H])O[P:38](=[O:39])([O:40])[O:41].[H][O:4][C:3]>>[C:3][O:4][P:38](=[O:39])([O:40])[O:41],EVODEX-P18436
EVODEX-N7194,[H]O[C@@]1([H])C([H])([H])[C@]([H])(N2:C([H]):N:C3:C(N([H])[H]):N:C([H]):N:C:3:2)O[C@]1([H])C([H])([H])OP(=O)(O[H])OP(=O)(O[H])O[P:38](=[O:39])([O:40])[O:41]>>[H]O[C@@]1([H])[C@]([H])(O[H])[C@@]([H])(O[H])[C@]([H])(N([H])[H])[C@@]([H])(O[P:38](=[O:39])([O:40])[O:41])[C@]1([H])O[H],EVODEX-P18438
EVODEX-N7195,[H]O[C@@]1([H])[C@@]([H])(O[H])[C@]([H])(N2:C([H]):N:C3:C(N([H])[H]):N:C([H]):N:C:3:2)O[C@]1([H])C([H])([H])OP(=O)(O[H])OP(=O)(O[H])O[P:80](=[O:81])([O:82])[O:83]>>[H]C(=C(C([H])([H])[H])C([H])([H])[H])C([H])([H])C([H])([H])/C(=C(\[H])C([H])([H])C([H])([H])/C(=C(\[H])C([H])([H])C([H])([H])/C(=C(\[H])C([H])([H])C([H])([H])/C(=C(\[H])C([H])([H])C([H])([H])/C(=C(\[H])C([H])([H])C([H])([H])/C(=C(\[H])C([H])([H])C([H])([H])/C(=C(\[H])C([H])([H])C([H])([H])/C(=C(\[H])C([H])([H])C([H])([H])/C(=C(\[H])C([H])([H])C([H])([H])/C(=C(\[H])C([H])([H])O[P:80](=[O:81])([O:82])[O:83])C([H])([H])[H])C([H])([H])[H])C([H])([H])[H])C([H])([H])[H])C([H])([H])[H])C([H])([H])[H])C([H])([H])[H])C([H])([H])[H])C([H])([H])[H])C([H])([H])[H],EVODEX-P18443
EVODEX-N7196,>>[H]C(=C(C([H])([H])[H])C([H])([H])[H])C([H])([H])C([H])([H])/C(=C(\[H])C([H])([H])C([H])([H])/C(=C(\[H])C([H])([H])C([H])([H])/C(=C(\[H])C([H])([H])C([H])([H])/C(=C(\[H])C([H])([H])C([H])([H])/C(=C(\[H])C([H])([H])C([H])([H])/C(=C(\[H])C([H])([H])C([H])([H])/C(=C(\[H])C([H])([H])C([H])([H])/C(=C(\[H])C([H])([H])C([H])([H])/C(=C(\[H])C([H])([H])C([H])([H])/C(=C(\[H])C([H])([H])O)C([H])([H])[H])C([H])([H])[H])C([H])([H])[H])C([H])([H])[H])C([H])([H])[H])C([H])([H])[H])C([H])([H])[H])C([H])([H])[H])C([H])([H])[H])C([H])([H])[H].[H],"EVODEX-P18445,EVODEX-P18723"
EVODEX-N7197,[H]O[C@@]1([H])[C@@]([H])(O[H])[C@]([H])(N2:C([H]):N:C3:C(N([H])[H]):N:C([H]):N:C:3:2)O[C@]1([H])C([H])([H])OP(=O)(O[H])OP(=O)(O[H])O[P:45](=[O:46])([O:47])[O:48]>>[H]C(=C(C([H])([H])[H])C([H])([H])[H])C([H])([H])C([H])([H])/C(=C(\[H])C([H])([H])C([H])([H])/C(=C(\[H])C([H])([H])C([H])([H])/C(=C(\[H])C([H])([H])O[P:45](=[O:46])([O:47])[O:48])C([H])([H])[H])C([H])([H])[H])C([H])([H])[H],EVODEX-P18448
EVODEX-N7198,>>[H]C(=C(C([H])([H])[H])C([H])([H])[H])C([H])([H])C([H])([H])/C(=C(\[H])C([H])([H])C([H])([H])/C(=C(\[H])C([H])([H])C([H])([H])/C(=C(\[H])C([H])([H])O)C([H])([H])[H])C([H])([H])[H])C([H])([H])[H].[H],EVODEX-P18450
EVODEX-N7199,[H]O[C@@]1([H])[C@@]([H])(O[H])[C@]([H])(N2:C([H]):N:C3:C(N([H])[H]):N:C([H]):N:C:3:2)O[C@]1([H])C([H])([H])OP(=O)(O[H])OP(=O)(O[H])O[P:83](=[O:84])([O:85])[O:86]>>[H]O[C@@]1([H])[C@]([H])(O[H])[C@@]([H])(OP(=O)(O[H])OC([H])([H])C([H])(OC(=O)C([H])([H])C([H])([H])C([H])([H])C([H])([H])C([H])([H])C([H])([H])C([H])([H])C([H])([H])C([H])([H])C([H])([H])C([H])([H])C([H])([H])C([H])([H])C([H])([H])C([H])([H])[H])C([H])([H])OC(=O)C([H])([H])C([H])([H])C([H])([H])C([H])([H])C([H])([H])C([H])([H])C([H])([H])C([H])([H])C([H])([H])C([H])([H])C([H])([H])C([H])([H])C([H])([H])C([H])([H])C([H])([H])[H])[C@@]([H])(O[H])[C@@]([H])(O[P:83](=[O:84])([O:85])[O:86])[C@]1([H])OP(=O)(O[H])O[H],EVODEX-P18453
EVODEX-N7200,>>[H]O[C@@]1([H])[C@]([H])(O[H])[C@@]([H])(OP(=O)(O[H])O[H])[C@]([H])(O)[C@]([H])(O[H])[C@]1([H])OP(=O)(O[H])OC([H])([H])C([H])(OC(=O)C([H])([H])C([H])([H])C([H])([H])C([H])([H])C([H])([H])C([H])([H])C([H])([H])C([H])([H])C([H])([H])C([H])([H])C([H])([H])C([H])([H])C([H])([H])C([H])([H])C([H])([H])[H])C([H])([H])OC(=O)C([H])([H])C([H])([H])C([H])([H])C([H])([H])C([H])([H])C([H])([H])C([H])([H])C([H])([H])C([H])([H])C([H])([H])C([H])([H])C([H])([H])C([H])([H])C([H])([H])C([H])([H])[H].[H],EVODEX-P18455
EVODEX-N7201,[H]OP(=O)(O[H])OP(=O)(O[H])OP(=O)(O[H])[O:78][C:77]>>[H][O:78][C:77],EVODEX-P18457
EVODEX-N7202,[H][O:31][C:30].[H]O[C@@]1([H])[C@@]([H])(O[H])[C@]([H])(N2:C([H]):N:C3:C(N([H])[H]):N:C([H]):N:C:3:2)O[C@]1([H])C([H])([H])O[P:79](=[O:80])([O:81])[O:82]>>[C:30][O:31][P:79](=[O:80])([O:81])[O:82],"EVODEX-P18458,EVODEX-P18514,EVODEX-P18519,EVODEX-P18734"
EVODEX-N7203,[H]O[C@@]1([H])[C@@]([H])(O[H])[C@]([H])(N2:C([H]):N:C3:C(N([H])[H]):N:C([H]):N:C:3:2)O[C@]1([H])C([H])([H])O[P:79](=[O:80])([O:81])[O:82]>>[H]O[C@@]1([H])[C@@]([H])(OP(=O)(O[H])OC([H])([H])[C@]([H])(OC(=O)C([H])([H])C([H])([H])C([H])([H])C([H])([H])C([H])([H])C([H])([H])C([H])([H])C([H])([H])C([H])([H])C([H])([H])C([H])([H])C([H])([H])C([H])([H])C([H])([H])C([H])([H])[H])C([H])([H])OC(=O)C([H])([H])C([H])([H])C([H])([H])C([H])([H])C([H])([H])C([H])([H])C([H])([H])C([H])([H])C([H])([H])C([H])([H])C([H])([H])C([H])([H])C([H])([H])C([H])([H])C([H])([H])[H])[C@]([H])(O[H])[C@@]([H])(OP(=O)(O[H])O[H])[C@]([H])(OP(=O)(O[H])O[H])[C@@]1([H])O[P:79](=[O:80])([O:81])[O:82],EVODEX-P18459
EVODEX-N7204,[H][O:31][C:30]>>[H]OP(=O)(O[H])OP(=O)(O[H])OP(=O)(O[H])[O:31][C:30],EVODEX-P18460
EVODEX-N7205,>>[H]O[C@@]1([H])[C@]([H])(OP(=O)(O[H])OC([H])([H])[C@]([H])(OC(=O)C([H])([H])C([H])([H])C([H])([H])C([H])([H])C([H])([H])C([H])([H])C([H])([H])C([H])([H])C([H])([H])C([H])([H])C([H])([H])C([H])([H])C([H])([H])C([H])([H])C([H])([H])[H])C([H])([H])OC(=O)C([H])([H])C([H])([H])C([H])([H])C([H])([H])C([H])([H])C([H])([H])C([H])([H])C([H])([H])C([H])([H])C([H])([H])C([H])([H])C([H])([H])C([H])([H])C([H])([H])C([H])([H])[H])[C@]([H])(O[H])[C@]([H])(O)[C@@]([H])(OP(=O)(O[H])O[H])[C@]1([H])OP(=O)(O[H])O[H].[H],EVODEX-P18461
EVODEX-N7206,[H]O[C@@]1([H])[C@@]([H])(O[H])[C@]([H])(N2:C([H]):N:C3:C(N([H])[H]):N:C([H]):N:C:3:2)O[C@]1([H])C([H])([H])OP(=O)(O[H])OP(=O)(O[H])O[P:24](=[O:25])([O:26])[O:27]>>[H]OC(=O)C1=C([H])[C@@]([H])(O[P:24](=[O:25])([O:26])[O:27])[C@@]([H])(O[H])[C@]([H])(O[H])C1([H])[H],EVODEX-P18465
EVODEX-N7207,[H][O:22][P:20].[H]OC(=O)C1=C([H])[C@@]([H])(O[P:35](=[O:36])([O:37])[O:38])[C@@]([H])(O[H])[C@]([H])(O[H])C1([H])[H]>>[P:20][O:22][P:35](=[O:36])([O:37])[O:38],EVODEX-P18469
EVODEX-N7208,[H]OC(=O)C1=C([H])[C@@]([H])(O[P:35](=[O:36])([O:37])[O:38])[C@@]([H])(O[H])[C@]([H])(O[H])C1([H])[H]>>[H]O[C@@]1([H])[C@@]([H])(O[H])[C@]([H])(N2:C([H]):N:C3:C(N([H])[H]):N:C([H]):N:C:3:2)O[C@]1([H])C([H])([H])OP(=O)(O[H])OP(=O)(O[H])O[P:35](=[O:36])([O:37])[O:38],EVODEX-P18470
EVODEX-N7209,[H]O[C@@]1([H])[C@@]([H])(O[H])[C@]([H])(N2:C([H]):N:C3:C(N([H])[H]):N:C([H]):N:C:3:2)O[C@]1([H])C([H])([H])OP(=O)(O[H])OP(=O)(O[H])O[P:64](=[O:65])([O:66])[O:67]>>[H]N=C(N([H])[H])N([H])[C@@]1([H])[C@]([H])(O[H])[C@@]([H])(N([H])C(=N[H])N([H])[H])[C@]([H])(O[P:64](=[O:65])([O:66])[O:67])[C@@]([H])(O[H])[C@]1([H])O[C@]1([H])O[C@@]([H])(C([H])([H])[H])[C@](O[H])(C([H])=O)[C@@]1([H])O[C@]1([H])O[C@@]([H])(C([H])([H])O[H])[C@]([H])(O[H])[C@@]([H])(O[H])[C@]1([H])N([H])C([H])([H])[H],EVODEX-P18474
EVODEX-N7210,>>[H]N=C(N([H])[H])N([H])[C@@]1([H])[C@]([H])(O[H])[C@@]([H])(N([H])C(=N[H])N([H])[H])[C@]([H])(O[H])[C@@]([H])(O[H])[C@]1([H])O[C@]1([H])O[C@@]([H])(C([H])([H])[H])[C@](O[H])(C([H])=O)[C@@]1([H])O[C@]1([H])O[C@@]([H])(C([H])([H])O[H])[C@]([H])(O[H])[C@@]([H])(O)[C@]1([H])N([H])C([H])([H])[H].[H],"EVODEX-P18476,EVODEX-P18584,EVODEX-P19882"
EVODEX-N7211,[H]O[C@@]1([H])[C@@]([H])(O[H])[C@]([H])(N2:C([H]):N:C3:C(N([H])[H]):N:C([H]):N:C:3:2)O[C@]1([H])C([H])([H])OP(=O)(O[H])OP(=O)(O[H])O[P:42](=[O:43])([O:44])[O:45]>>[H]N=C(N([H])[H])N([H])[C@@]1([H])[C@]([H])(O[H])[C@@]([H])(N([H])C(=N[H])N([H])[H])[C@]([H])(O[H])[C@@]([H])(O[H])[C@]1([H])O[P:42](=[O:43])([O:44])[O:45],EVODEX-P18480
EVODEX-N7212,>>[H].[H]N=C(N([H])[H])N([H])[C@@]1([H])[C@]([H])(O[H])[C@@]([H])(O[H])[C@]([H])(O)[C@@]([H])(N([H])C(=N[H])N([H])[H])[C@]1([H])O[H],EVODEX-P18481
EVODEX-N7213,[H]O[C@@]1([H])[C@@]([H])(O[H])[C@]([H])(N2:C([H]):N:C3:C(N([H])[H]):N:C([H]):N:C:3:2)O[C@]1([H])C([H])([H])OP(=O)(O[H])OP(=O)(O[H])O[P:44](=[O:45])([O:46])[O:47]>>[H]N=C1:N([H]):C(=O):C2:N:C([H]):N([C@]3([H])O[C@]([H])(C([H])([H])O[P:44](=[O:45])([O:46])[O:47])[C@@]([H])(O[H])[C@@]3([H])O[H]):C:2:N:1[H],EVODEX-P18485
EVODEX-N7214,>>[H].[H]N=C1:N([H]):C(=O):C2:N:C([H]):N([C@]3([H])O[C@]([H])(C([H])([H])O)[C@@]([H])(O[H])[C@@]3([H])O[H]):C:2:N:1[H],"EVODEX-P18486,EVODEX-P18815"
EVODEX-N7215,[H]O[C@@]1([H])[C@@]([H])(O[H])[C@]([H])(N2:C([H]):N:C3:C(N([H])[H]):N:C([H]):N:C:3:2)O[C@]1([H])C([H])([H])OP(=O)(O[H])OP(=O)(O[H])O[P:24](=[O:25])([O:26])[O:27]>>[H]O[C@@]1([H])[C@@]([H])(O[H])[C@]([H])(N2:C([H]):N:C3:C(=O):N([H]):C([H]):N:C:3:2)O[C@]1([H])C([H])([H])O[P:24](=[O:25])([O:26])[O:27],EVODEX-P18490
EVODEX-N7216,>>[H].[H]O[C@@]1([H])[C@@]([H])(O[H])[C@]([H])(N2:C([H]):N:C3:C(=O):N([H]):C([H]):N:C:3:2)O[C@]1([H])C([H])([H])O,"EVODEX-P18491,EVODEX-P18521"
EVODEX-N7217,[H]O[C@@]1([H])[C@@]([H])(O[H])[C@]([H])(N2:C([H]):N:C3:C(N([H])[H]):N:C([H]):N:C:3:2)O[C@]1([H])C([H])([H])OP(=O)(O[H])OP(=O)(O[H])O[P:41](=[O:42])([O:43])[O:44]>>[H]O[C@@]1([H])C([H])([H])[C@]([H])(N2:C([H]):C(C([H])([H])[H]):C(N([H])[H]):N:C:2=O)O[C@]1([H])C([H])([H])O[P:41](=[O:42])([O:43])[O:44],EVODEX-P18494
EVODEX-N7218,>>[H]O[C@@]1([H])C([H])([H])[C@]([H])(N2:C([H]):C(C([H])([H])[H]):C(N([H])[H]):N:C:2=O)O[C@]1([H])C([H])([H])O.[H],EVODEX-P18496
EVODEX-N7219,[H]O[C@@]1([H])[C@@]([H])(O[H])[C@]([H])(N2:C([H]):N:C3:C(N([H])[H]):N:C([H]):N:C:3:2)O[C@]1([H])C([H])([H])OP(=O)(O[H])OP(=O)(O[H])O[P:43](=[O:44])([O:45])[O:46]>>[H]O[C@@]1([H])C([H])([H])[C@]([H])(N2:C([H]):N:C3:C(=O):N([H]):C(N([H])[H]):N:C:3:2)O[C@]1([H])C([H])([H])O[P:43](=[O:44])([O:45])[O:46],EVODEX-P18499
EVODEX-N7220,[H]O[C@@]1([H])[C@@]([H])(O[H])[C@]([H])(N2:C([H]):N:C3:C(N([H])[H]):N:C([H]):N:C:3:2)O[C@]1([H])C([H])([H])OP(=O)(O[H])OP(=O)(O[H])O[P:24](=[O:25])([O:26])[O:27]>>[H]O[C@@]1([H])C([H])([H])[C@]([H])(N2:C([H]):N:C3:C(N([H])[H]):N:C([H]):N:C:3:2)O[C@]1([H])C([H])([H])O[P:24](=[O:25])([O:26])[O:27],EVODEX-P18505
EVODEX-N7221,>>[H].[H]O[C@@]1([H])C([H])([H])[C@]([H])(N2:C([H]):N:C3:C(N([H])[H]):N:C([H]):N:C:3:2)O[C@]1([H])C([H])([H])O,"EVODEX-P18506,EVODEX-P18732"
EVODEX-N7222,[H]O[C@@]1([H])[C@@]([H])(O[H])[C@]([H])(N2:C([H]):N:C3:C(N([H])[H]):N:C([H]):N:C:3:2)O[C@]1([H])C([H])([H])OP(=O)(O[H])OP(=O)(O[H])O[P:40](=[O:41])([O:42])[O:43]>>[H]O[C@@]1([H])C([H])([H])[C@]([H])(N2:C([H]):C([H]):C(N([H])[H]):N:C:2=O)O[C@]1([H])C([H])([H])O[P:40](=[O:41])([O:42])[O:43],EVODEX-P18510
EVODEX-N7223,>>[H].[H]O[C@@]1([H])C([H])([H])[C@]([H])(N2:C([H]):C([H]):C(N([H])[H]):N:C:2=O)O[C@]1([H])C([H])([H])O,EVODEX-P18511
EVODEX-N7224,[H]O[C@@]1([H])[C@@]([H])(O[H])[C@]([H])(N2:C([H]):N:C3:C(N([H])[H]):N:C([H]):N:C:3:2)O[C@]1([H])C([H])([H])O[P:33](=[O:34])([O:35])[O:36]>>[H]O[C@@]1([H])C([H])([H])[C@]([H])(N2:C([H]):C(C([H])([H])[H]):C(=O):N([H]):C:2=O)O[C@]1([H])C([H])([H])O[P:33](=[O:34])([O:35])[O:36],EVODEX-P18515
EVODEX-N7225,>>[H]O[C@@]1([H])C([H])([H])[C@]([H])(N2:C([H]):C(C([H])([H])[H]):C(=O):N([H]):C:2=O)O[C@]1([H])C([H])([H])O.[H],"EVODEX-P18517,EVODEX-P18740,EVODEX-P18819"
EVODEX-N7226,[H]O[C@@]1([H])[C@@]([H])(O[H])[C@]([H])(N2:C([H]):N:C3:C(N([H])[H]):N:C([H]):N:C:3:2)O[C@]1([H])C([H])([H])O[P:16](=[O:17])([O:18])[O:19]>>[H]O[C@@]1([H])[C@@]([H])(O[H])[C@]([H])(N2:C([H]):N:C3:C(=O):N([H]):C([H]):N:C:3:2)O[C@]1([H])C([H])([H])O[P:16](=[O:17])([O:18])[O:19],EVODEX-P18520
EVODEX-N7227,[H]O[C@@]1([H])[C@@]([H])(O[H])[C@]([H])(N2:C([H]):N:C3:C(N([H])[H]):N:C([H]):N:C:3:2)O[C@]1([H])C([H])([H])OP(=O)(O[H])OP(=O)(O[H])O[P:45](=[O:46])([O:47])[O:48]>>[H]O[C@]1([H])[C@]([H])(OP(=O)(O[H])O[H])[C@@]([H])(C([H])([H])O[P:45](=[O:46])([O:47])[O:48])O[C@@]1([H])N1:C([H]):C([H]):C(N([H])[H]):N:C:1=O,EVODEX-P18524
EVODEX-N7228,>>[H]O[C@]1([H])[C@]([H])(OP(=O)(O[H])O[H])[C@@]([H])(C([H])([H])O)O[C@@]1([H])N1:C([H]):C([H]):C(N([H])[H]):N:C:1=O.[H],EVODEX-P18526
EVODEX-N7229,[H]OP(=O)(O[H])O[P:2](=[O:1])([O:3])[O:4].[H][O:10][C:11]>>[O:1]=[P:2]([O:3])([O:4])[O:10][C:11],"EVODEX-P18529,EVODEX-P18533,EVODEX-P18538,EVODEX-P18601,EVODEX-P18808,EVODEX-P18813,EVODEX-P19273"
EVODEX-N7230,[H]OP(=O)(O[H])O[P:2](=[O:1])([O:3])[O:4]>>[H]OC([H])([H])C([H])(O[H])C([H])([H])O[P:2](=[O:1])([O:3])[O:4],EVODEX-P18530
EVODEX-N7231,[H]OP(=O)(O[H])O[P:9](=[O:8])([O:10])[O:11]>>[H]OC(=O)[C@@]([H])(N([H])[H])C([H])([H])O[P:9](=[O:8])([O:10])[O:11],EVODEX-P18534
EVODEX-N7232,[H]OP(=O)(O[H])O[P:13](=[O:12])([O:14])[O:15]>>[H]OC(=O)[C@@]([H])(N([H])C(=O)C([H])([H])Cl)C([H])([H])O[P:13](=[O:12])([O:14])[O:15],EVODEX-P18540
EVODEX-N7233,>>[H]OC(=O)[C@@]([H])(N([H])C(=O)C([H])([H])Cl)C([H])([H])O.[H],EVODEX-P18541
EVODEX-N7234,[H]O[C@@]1([H])[C@@]([H])(O[H])[C@]([H])(N2:C([H]):N:C3:C(=O):N([H]):C(N([H])[H]):N:C:3:2)O[C@]1([H])C([H])([H])OP(=O)(O[H])OP(=O)(O[H])O[P:33](=[O:34])([O:35])[O:36]>>[H]OC(=O)[C@@]([H])(N([H])[H])C([H])([H])C([H])([H])[C@@]([H])(O[P:33](=[O:34])([O:35])[O:36])C([H])([H])N([H])[H],EVODEX-P18545
EVODEX-N7235,>>[H].[H]OC(=O)[C@@]([H])(N([H])[H])C([H])([H])C([H])([H])[C@@]([H])(O)C([H])([H])N([H])[H],"EVODEX-P18546,EVODEX-P18550"
EVODEX-N7236,[H]O[C@@]1([H])[C@@]([H])(O[H])[C@]([H])(N2:C([H]):N:C3:C(N([H])[H]):N:C([H]):N:C:3:2)O[C@]1([H])C([H])([H])OP(=O)(O[H])OP(=O)(O[H])O[P:35](=[O:36])([O:37])[O:38]>>[H]OC(=O)[C@@]([H])(N([H])[H])C([H])([H])C([H])([H])[C@@]([H])(O[P:35](=[O:36])([O:37])[O:38])C([H])([H])N([H])[H],EVODEX-P18549
EVODEX-N7237,[H]O[C@@]1([H])[C@@]([H])(O[H])[C@]([H])(N2:C([H]):N:C3:C(N([H])[H]):N:C([H]):N:C:3:2)O[C@]1([H])C([H])([H])OP(=O)(O[H])OP(=O)(O[H])O[P:29](=[O:30])([O:31])[O:32]>>[H]N([H])C([H])([H])C([H])(O[P:29](=[O:30])([O:31])[O:32])C([H])([H])[H],EVODEX-P18553
EVODEX-N7238,>>[H]N([H])C([H])([H])C([H])(O)C([H])([H])[H].[H],EVODEX-P18555
EVODEX-N7239,[H]O[C@@]1([H])[C@@]([H])(O[H])[C@]([H])(N2:C([H]):N:C3:C(N([H])[H]):N:C([H]):N:C:3:2)O[C@]1([H])C([H])([H])OP(=O)(O[H])OP(=O)(O[H])O[P:24](=[O:25])([O:26])[O:27]>>[H]O[C@@]1([H])[C@@]([H])(O[H])[C@]([H])(C2:C([H]):N([H]):C(=O):N([H]):C:2=O)O[C@]1([H])C([H])([H])O[P:24](=[O:25])([O:26])[O:27],EVODEX-P18559
EVODEX-N7240,>>[H].[H]O[C@@]1([H])[C@@]([H])(O[H])[C@]([H])(C2:C([H]):N([H]):C(=O):N([H]):C:2=O)O[C@]1([H])C([H])([H])O,EVODEX-P18560
EVODEX-N7241,[H]O[C@@]1([H])[C@@]([H])(O[H])[C@]([H])(N2:C([H]):N:C3:C(N([H])[H]):N:C([H]):N:C:3:2)O[C@]1([H])C([H])([H])OP(=O)(O[H])OP(=O)(O[H])O[P:48](=[O:49])([O:50])[O:51]>>[H]C([H])(OC([H])([H])C([H])([H])C([H])([H])C([H])([H])C([H])([H])C([H])([H])C([H])([H])C([H])([H])C([H])([H])C([H])([H])C([H])([H])C([H])([H])C([H])([H])C([H])([H])C([H])([H])C([H])([H])C([H])([H])C([H])([H])[H])C(=O)C([H])([H])O[P:48](=[O:49])([O:50])[O:51],EVODEX-P18563
EVODEX-N7242,>>[H]C([H])(O)C(=O)C([H])([H])OC([H])([H])C([H])([H])C([H])([H])C([H])([H])C([H])([H])C([H])([H])C([H])([H])C([H])([H])C([H])([H])C([H])([H])C([H])([H])C([H])([H])C([H])([H])C([H])([H])C([H])([H])C([H])([H])C([H])([H])C([H])([H])[H].[H],EVODEX-P18565
EVODEX-N7243,[H]O[C@@]1([H])[C@@]([H])(O[H])[C@]([H])(N2:C([H]):N:C3:C(N([H])[H]):N:C([H]):N:C:3:2)O[C@]1([H])C([H])([H])OP(=O)(O[H])OP(=O)(O[H])O[P:24](=[O:25])([O:26])[O:27]>>[H]OC([H])([H])[C@@]1([H])O[C@]([H])(O[H])[C@]([H])(O[H])[C@@]([H])(O[H])[C@]1([H])O[C@]1([H])O[C@]([H])(C([H])([H])O[P:24](=[O:25])([O:26])[O:27])[C@@]([H])(O[H])[C@]([H])(O[H])[C@@]1([H])O[H],EVODEX-P18569
EVODEX-N7244,[H]O[C@@]1([H])[C@@]([H])(O[H])[C@]([H])(N2:C([H]):N:C3:C(N([H])[H]):N:C([H]):N:C:3:2)O[C@]1([H])C([H])([H])OP(=O)(O[H])OP(=O)(O[H])O[P:24](=[O:25])([O:26])[O:27]>>[H]O[C@]1([H])O[C@]([H])(C([H])([H])O[C@]2([H])O[C@]([H])(C([H])([H])O[P:24](=[O:25])([O:26])[O:27])[C@@]([H])(O[H])[C@]([H])(O[H])[C@@]2([H])O[H])[C@@]([H])(O[H])[C@]([H])(O[H])[C@@]1([H])O[H],EVODEX-P18574
EVODEX-N7245,[H]O[C@@]1([H])[C@@]([H])(O[H])[C@]([H])(N2:C([H]):N:C3:C(N([H])[H]):N:C([H]):N:C:3:2)O[C@]1([H])C([H])([H])OP(=O)(O[H])OP(=O)(O[H])O[P:68](=[O:69])([O:70])[O:71]>>[H]O[C@@]1([H])[C@@]([H])(O[H])[C@]([H])(N2C([H])=C([H])C([H])([H])C(C(=O)N([H])[H])=C2[H])O[C@]1([H])C([H])([H])OP(=O)(O[H])OP(=O)(O[H])OC([H])([H])[C@@]1([H])O[C@@]([H])(N2:C([H]):N:C3:C(N([H])[H]):N:C([H]):N:C:3:2)[C@]([H])(O[P:68](=[O:69])([O:70])[O:71])[C@]1([H])O[H],EVODEX-P18578
EVODEX-N7246,[H]O[C@@]1([H])[C@@]([H])(O[H])[C@]([H])(N2:C([H]):N:C3:C(N([H])[H]):N:C([H]):N:C:3:2)O[C@]1([H])C([H])([H])OP(=O)(O[H])OP(=O)(O[H])O[P:64](=[O:65])([O:66])[O:67]>>[H]N=C(N([H])[H])N([H])[C@@]1([H])[C@]([H])(O[H])[C@@]([H])(N([H])C(=N[H])N([H])[H])[C@]([H])(O[H])[C@@]([H])(O[H])[C@]1([H])O[C@]1([H])O[C@@]([H])(C([H])([H])[H])[C@](O[H])(C([H])=O)[C@@]1([H])O[C@]1([H])O[C@@]([H])(C([H])([H])O[H])[C@]([H])(O[H])[C@@]([H])(O[P:64](=[O:65])([O:66])[O:67])[C@]1([H])N([H])C([H])([H])[H],EVODEX-P18582
EVODEX-N7247,[H]O[C@@]1([H])[C@@]([H])(O[H])[C@]([H])(N2:C([H]):N:C3:C(N([H])[H]):N:C([H]):N:C:3:2)O[C@]1([H])C([H])([H])OP(=O)(O[H])OP(=O)(O[H])O[P:64](=[O:65])([O:66])[O:67]>>[H]N=C(N([H])[H])N([H])[C@@]1([H])[C@]([H])(O[H])[C@@]([H])(N([H])C(=N[H])N([H])[H])[C@]([H])(O[H])[C@@]([H])(O[H])[C@]1([H])O[C@]1([H])O[C@@]([H])(C([H])([H])[H])[C@](O[H])(C([H])([H])O[H])[C@@]1([H])O[C@]1([H])O[C@@]([H])(C([H])([H])O[H])[C@]([H])(O[H])[C@@]([H])(O[P:64](=[O:65])([O:66])[O:67])[C@]1([H])N([H])C([H])([H])[H],EVODEX-P18587
EVODEX-N7248,>>[H]N=C(N([H])[H])N([H])[C@@]1([H])[C@]([H])(O[H])[C@@]([H])(N([H])C(=N[H])N([H])[H])[C@]([H])(O[H])[C@@]([H])(O[H])[C@]1([H])O[C@]1([H])O[C@@]([H])(C([H])([H])[H])[C@](O[H])(C([H])([H])O[H])[C@@]1([H])O[C@]1([H])O[C@@]([H])(C([H])([H])O[H])[C@]([H])(O[H])[C@@]([H])(O)[C@]1([H])N([H])C([H])([H])[H].[H],EVODEX-P18589
EVODEX-N7249,[H]O[C@@]1([H])[C@@]([H])(O[H])[C@]([H])(N2:C([H]):N:C3:C(N([H])[H]):N:C([H]):N:C:3:2)O[C@]1([H])C([H])([H])OP(=O)(O[H])OP(=O)(O[H])O[P:68](=[O:69])([O:70])[O:71]>>[H]N=C(N([H])[H])N([H])[C@@]1([H])[C@]([H])(O[P:68](=[O:69])([O:70])[O:71])[C@@]([H])(N([H])C(=N[H])N([H])[H])[C@]([H])(O[H])[C@@]([H])(O[H])[C@]1([H])O[C@]1([H])O[C@@]([H])(C([H])([H])[H])[C@](O[H])(C([H])([H])O[H])[C@@]1([H])O[C@]1([H])O[C@@]([H])(C([H])([H])OP(=O)(O[H])O[H])[C@]([H])(O[H])[C@@]([H])(O[H])[C@]1([H])N([H])C([H])([H])[H],EVODEX-P18592
EVODEX-N7250,>>[H]N=C(N([H])[H])N([H])[C@@]1([H])[C@]([H])(O)[C@@]([H])(N([H])C(=N[H])N([H])[H])[C@]([H])(O[H])[C@@]([H])(O[H])[C@]1([H])O[C@]1([H])O[C@@]([H])(C([H])([H])[H])[C@](O[H])(C([H])([H])O[H])[C@@]1([H])O[C@]1([H])O[C@@]([H])(C([H])([H])OP(=O)(O[H])O[H])[C@]([H])(O[H])[C@@]([H])(O[H])[C@]1([H])N([H])C([H])([H])[H].[H],EVODEX-P18594
EVODEX-N7251,[H]OP(=O)(O[H])O[P:18](=[O:17])([O:19])[O:20]>>[H]O[C@@]([H])([C@]([H])(O[H])C(=O)C([H])([H])O[P:18](=[O:17])([O:19])[O:20])[C@]([H])(O[H])C([H])([H])OP(=O)(O[H])O[H],EVODEX-P18602
EVODEX-N7252,[H]O[C@@]([H])([C@]([H])(O[H])C(=O)C([H])([H])O[P:5](=[O:6])([O:7])[O:8])[C@]([H])(O[H])C([H])([H])OP(=O)(O[H])O[H].[H][O:23][P:22]>>[P:5](=[O:6])([O:7])([O:8])[O:23][P:22],"EVODEX-P18605,EVODEX-P18825"
EVODEX-N7253,[H]O[C@@]([H])([C@]([H])(O[H])C(=O)C([H])([H])O[P:5](=[O:6])([O:7])[O:8])[C@]([H])(O[H])C([H])([H])OP(=O)(O[H])O[H]>>[H]OP(=O)(O[H])O[P:5](=[O:6])([O:7])[O:8],EVODEX-P18607
EVODEX-N7254,[H]O[C@@]1([H])[C@@]([H])(O[H])[C@]([H])(N2:C([H]):N:C3:C(N([H])[H]):N:C([H]):N:C:3:2)O[C@]1([H])C([H])([H])OP(=O)(O[H])OP(=O)(O[H])O[P:45](=[O:46])([O:47])[O:48]>>[H]O[C@@]([H])(C([H])([H])C([H])([H])C([H])([H])C([H])([H])C([H])([H])C([H])([H])C([H])([H])C([H])([H])C([H])([H])C([H])([H])C([H])([H])C([H])([H])C([H])([H])C([H])([H])C([H])([H])[H])[C@@]([H])(N([H])[H])C([H])([H])O[P:45](=[O:46])([O:47])[O:48],EVODEX-P18612
EVODEX-N7255,[H]O[C@@]1([H])[C@@]([H])(O[H])[C@]([H])(N2:C([H]):N:C3:C(N([H])[H]):N:C([H]):N:C:3:2)O[C@]1([H])C([H])([H])OP(=O)(O[H])OP(=O)(O[H])O[P:45](=[O:46])([O:47])[O:48]>>[H]O[C@]([H])(/C([H])=C(\[H])C([H])([H])C([H])([H])C([H])([H])C([H])([H])C([H])([H])C([H])([H])C([H])([H])C([H])([H])C([H])([H])C([H])([H])C([H])([H])C([H])([H])C([H])([H])[H])[C@@]([H])(N([H])[H])C([H])([H])O[P:45](=[O:46])([O:47])[O:48],EVODEX-P18617
EVODEX-N7256,[H]O[C@@]1([H])[C@@]([H])(O[H])[C@]([H])(N2:C([H]):N:C3:C(N([H])[H]):N:C([H]):N:C:3:2)O[C@]1([H])C([H])([H])OP(=O)(O[H])OP(=O)(O[H])O[P:24](=[O:25])([O:26])[O:27]>>[H]OC(=O)C([H])([H])[C@@]([H])(O[H])[C@]([H])(O[H])C(=O)C([H])([H])O[P:24](=[O:25])([O:26])[O:27],EVODEX-P18623
EVODEX-N7257,>>[H].[H]OC(=O)C([H])([H])[C@@]([H])(O[H])[C@]([H])(O[H])C(=O)C([H])([H])O,EVODEX-P18624
EVODEX-N7258,[H]O[C@@]1([H])[C@@]([H])(O[H])[C@]([H])(N2:C([H]):N:C3:C(N([H])[H]):N:C([H]):N:C:3:2)O[C@]1([H])C([H])([H])OP(=O)(O[H])OP(=O)(O[H])O[P:46](=[O:47])([O:48])[O:49]>>[H]O[C@]([H])(C([H])([H])OC([H])([H])C([H])([H])C([H])([H])C([H])([H])C([H])([H])C([H])([H])C([H])([H])C([H])([H])C([H])([H])C([H])([H])C([H])([H])C([H])([H])C([H])([H])C([H])([H])C([H])([H])C([H])([H])[H])C([H])([H])O[P:46](=[O:47])([O:48])[O:49],EVODEX-P18627
EVODEX-N7259,>>[H]O[C@@]([H])(C([H])([H])O)C([H])([H])OC([H])([H])C([H])([H])C([H])([H])C([H])([H])C([H])([H])C([H])([H])C([H])([H])C([H])([H])C([H])([H])C([H])([H])C([H])([H])C([H])([H])C([H])([H])C([H])([H])C([H])([H])C([H])([H])[H].[H],EVODEX-P18629
EVODEX-N7260,[H]O[C@@]1([H])[C@@]([H])(O[H])[C@]([H])(N2:C([H]):N:C3:C(N([H])[H]):N:C([H]):N:C:3:2)O[C@]1([H])C([H])([H])OP(=O)(O[H])OP(=O)(O[H])O[P:48](=[O:49])([O:50])[O:51]>>[H]O[C@]([H])(C([H])([H])OC([H])([H])C([H])([H])C([H])([H])C([H])([H])C([H])([H])C([H])([H])C([H])([H])C([H])([H])C([H])([H])C([H])([H])C([H])([H])C([H])([H])C([H])([H])C([H])([H])C([H])([H])C([H])([H])C([H])([H])C([H])([H])[H])C([H])([H])O[P:48](=[O:49])([O:50])[O:51],EVODEX-P18632
EVODEX-N7261,>>[H]O[C@@]([H])(C([H])([H])O)C([H])([H])OC([H])([H])C([H])([H])C([H])([H])C([H])([H])C([H])([H])C([H])([H])C([H])([H])C([H])([H])C([H])([H])C([H])([H])C([H])([H])C([H])([H])C([H])([H])C([H])([H])C([H])([H])C([H])([H])C([H])([H])C([H])([H])[H].[H],EVODEX-P18634
EVODEX-N7262,[H]O[C@@]1([H])[C@@]([H])(O[H])[C@]([H])(N2:C([H]):N:C3:C(N([H])[H]):N:C([H]):N:C:3:2)O[C@]1([H])C([H])([H])OP(=O)(O[H])O[P:62](=[O:63])([O:64])[O:65]>>[H]/C(=C(/[H])C([H])([H])C([H])([H])C([H])([H])C([H])([H])C([H])([H])C([H])([H])C([H])([H])C([H])([H])[H])C([H])([H])C([H])([H])C([H])([H])C([H])([H])C([H])([H])C([H])([H])C([H])([H])C(=O)OC([H])(C([H])([H])OC(=O)C([H])([H])C([H])([H])C([H])([H])C([H])([H])C([H])([H])C([H])([H])C([H])([H])C([H])([H])C([H])([H])C([H])([H])C([H])([H])C([H])([H])C([H])([H])C([H])([H])C([H])([H])[H])C([H])([H])O[P:62](=[O:63])([O:64])[O:65],EVODEX-P18637
EVODEX-N7263,>>[H]/C(=C(/[H])C([H])([H])C([H])([H])C([H])([H])C([H])([H])C([H])([H])C([H])([H])C([H])([H])C([H])([H])[H])C([H])([H])C([H])([H])C([H])([H])C([H])([H])C([H])([H])C([H])([H])C([H])([H])C(=O)OC([H])(C([H])([H])O)C([H])([H])OC(=O)C([H])([H])C([H])([H])C([H])([H])C([H])([H])C([H])([H])C([H])([H])C([H])([H])C([H])([H])C([H])([H])C([H])([H])C([H])([H])C([H])([H])C([H])([H])C([H])([H])C([H])([H])[H].[H],EVODEX-P18639
EVODEX-N7264,[H]O[C@@]1([H])[C@@]([H])(O[H])[C@]([H])(N2:C([H]):N:C3:C(N([H])[H]):N:C([H]):N:C:3:2)O[C@]1([H])C([H])([H])OP(=O)(O[H])OP(=O)(O[H])O[P:64](=[O:65])([O:66])[O:67]>>[H]C([H])([H])C([H])([H])C([H])([H])C([H])([H])C([H])([H])C([H])([H])C([H])([H])C([H])([H])C([H])([H])C([H])([H])C([H])([H])C([H])([H])C([H])([H])C([H])([H])C([H])([H])C(=O)OC([H])([H])C([H])(OC(=O)C([H])([H])C([H])([H])C([H])([H])C([H])([H])C([H])([H])C([H])([H])C([H])([H])C([H])([H])C([H])([H])C([H])([H])C([H])([H])C([H])([H])C([H])([H])C([H])([H])C([H])([H])[H])C([H])([H])O[P:64](=[O:65])([O:66])[O:67],EVODEX-P18642
EVODEX-N7265,[H]O[C@@]1([H])[C@@]([H])(O[H])[C@]([H])(N2:C([H]):N:C3:C(N([H])[H]):N:C([H]):N:C:3:2)O[C@]1([H])C([H])([H])OP(=O)(O[H])OP(=O)(O[H])O[P:57](=[O:58])([O:59])[O:60]>>[H]OC([H])([H])[C@@]1([H])O[C@]([H])(O[C@]2([H])[C@@]([H])(O[H])[C@]([H])(O[C@@]3([H])O[C@]([H])(C([H])([H])N([H])[H])[C@@]([H])(O[H])[C@]([H])(O[P:57](=[O:58])([O:59])[O:60])[C@@]3([H])O[H])[C@@]([H])(N([H])[H])C([H])([H])[C@@]2([H])N([H])[H])[C@]([H])(O[H])[C@@]([H])(N([H])[H])[C@]1([H])O[H],EVODEX-P18647
EVODEX-N7266,>>[H]OC([H])([H])[C@@]1([H])O[C@]([H])(O[C@]2([H])[C@@]([H])(O[H])[C@]([H])(O[C@@]3([H])O[C@]([H])(C([H])([H])N([H])[H])[C@@]([H])(O[H])[C@]([H])(O)[C@@]3([H])O[H])[C@@]([H])(N([H])[H])C([H])([H])[C@@]2([H])N([H])[H])[C@]([H])(O[H])[C@@]([H])(N([H])[H])[C@]1([H])O[H].[H],EVODEX-P18649
EVODEX-N7267,[H]OC([H])([H])[C@@]1([H])O[C@]([H])(O[C@]2([H])[C@@]([H])(O[H])[C@]([H])(O[C@@]3([H])O[C@]([H])(C([H])([H])N([H])[H])[C@@]([H])(O[H])[C@]([H])(O[P:32](=[O:33])([O:34])[O:35])[C@@]3([H])O[H])[C@@]([H])(N([H])[H])C([H])([H])[C@@]2([H])N([H])[H])[C@]([H])(O[H])[C@@]([H])(N([H])[H])[C@]1([H])O[H].[H][O:59][P:57]>>[P:32](=[O:33])([O:34])([O:35])[O:59][P:57],EVODEX-P18651
EVODEX-N7268,[H]OC([H])([H])[C@@]1([H])O[C@]([H])(O[C@]2([H])[C@@]([H])(O[H])[C@]([H])(O[C@@]3([H])O[C@]([H])(C([H])([H])N([H])[H])[C@@]([H])(O[H])[C@]([H])(O[P:32](=[O:33])([O:34])[O:35])[C@@]3([H])O[H])[C@@]([H])(N([H])[H])C([H])([H])[C@@]2([H])N([H])[H])[C@]([H])(O[H])[C@@]([H])(N([H])[H])[C@]1([H])O[H]>>[H]O[C@@]1([H])[C@@]([H])(O[H])[C@]([H])(N2:C([H]):N:C3:C(N([H])[H]):N:C([H]):N:C:3:2)O[C@]1([H])C([H])([H])OP(=O)(O[H])OP(=O)(O[H])O[P:32](=[O:33])([O:34])[O:35],EVODEX-P18652
EVODEX-N7269,[H]O[C@@]1([H])[C@@]([H])(O[H])[C@]([H])(N2:C([H]):N:C3:C(N([H])[H]):N:C([H]):N:C:3:2)O[C@]1([H])C([H])([H])OP(=O)(O[H])OP(=O)(O[H])O[P:35](=[O:36])([O:37])[O:38]>>[H]O[C@@]1([H])[C@@]([H])(O[P:35](=[O:36])([O:37])[O:38])O[C@]([H])(C([H])([H])SC([H])([H])[H])[C@@]1([H])O[H],EVODEX-P18657
EVODEX-N7270,>>[H]O[C@@]1([H])[C@@]([H])(O[H])[C@@]([H])(O)O[C@]1([H])C([H])([H])SC([H])([H])[H].[H],EVODEX-P18659
EVODEX-N7271,[H]O[C@@]1([H])[C@@]([H])(O[H])[C@]([H])(N2:C([H]):N:C3:C(N([H])[H]):N:C([H]):N:C:3:2)O[C@]1([H])C([H])([H])OP(=O)(O[H])OP(=O)(O[H])O[P:24](=[O:25])([O:26])[O:27]>>[H]OC([H])([H])[C@@]1([H])O[C@]([H])(O[P:24](=[O:25])([O:26])[O:27])[C@]([H])(O[H])[C@]1([H])O[H],EVODEX-P18663
EVODEX-N7272,>>[H].[H]OC([H])([H])[C@@]1([H])O[C@]([H])(O)[C@]([H])(O[H])[C@]1([H])O[H],EVODEX-P18664
EVODEX-N7273,[H]O[C@@]1([H])[C@@]([H])(O[H])[C@]([H])(N2:C([H]):N:C3:C(N([H])[H]):N:C([H]):N:C:3:2)O[C@]1([H])C([H])([H])OP(=O)(O[H])OP(=O)(O[H])O[P:24](=[O:25])([O:26])[O:27]>>[H]OC1([H])OC([H])([H])[C@@]([H])(O[H])[C@@]([H])(O[H])[C@]1(O[H])C([H])([H])O[P:24](=[O:25])([O:26])[O:27],EVODEX-P18668
EVODEX-N7274,>>[H].[H]OC1([H])OC([H])([H])[C@@]([H])(O[H])[C@@]([H])(O[H])[C@]1(O[H])C([H])([H])O,EVODEX-P18669
EVODEX-N7275,[H]O[C@@]1([H])[C@@]([H])(O[H])[C@]([H])(N2:C([H]):N:C3:C(N([H])[H]):N:C([H]):N:C:3:2)O[C@]1([H])C([H])([H])OP(=O)(O[H])OP(=O)(O[H])O[P:24](=[O:25])([O:26])[O:27]>>[H]OC([H])([H])C(O[H])(C([H])([H])O[P:24](=[O:25])([O:26])[O:27])[C@]([H])(O[H])[C@]([H])(O[H])C([H])([H])O[H],EVODEX-P18673
EVODEX-N7276,>>[H].[H]OC([H])([H])C(O[H])(C([H])([H])O)[C@]([H])(O[H])[C@]([H])(O[H])C([H])([H])O[H],EVODEX-P18674
EVODEX-N7277,[H]O[C@@]1([H])[C@@]([H])(O[H])[C@]([H])(N2:C([H]):N:C3:C(N([H])[H]):N:C([H]):N:C:3:2)O[C@]1([H])C([H])([H])OP(=O)(O[H])OP(=O)(O[H])O[P:72](=[O:73])([O:74])[O:75]>>[H]N=C1N([H])[C@@]([H])(O[H])C([H])([H])[C@]([H])([C@@]2([H])C(=O)N([H])C([H])([H])[C@]([H])(N([H])C(=O)C([H])([H])[C@@]([H])(N([H])[H])C([H])([H])C([H])([H])C([H])([H])N([H])[H])C(=O)N([H])[C@@]([H])(C([H])([H])O[P:72](=[O:73])([O:74])[O:75])C(=O)N([H])[C@@]([H])(C([H])([H])O[H])C(=O)N([H])/C(=C(/[H])N([H])C(=O)N([H])[H])C(=O)N2[H])N1[H],EVODEX-P18678
EVODEX-N7278,>>[H].[H]N=C1N([H])[C@@]([H])(O[H])C([H])([H])[C@]([H])([C@@]2([H])C(=O)N([H])C([H])([H])[C@]([H])(N([H])C(=O)C([H])([H])[C@@]([H])(N([H])[H])C([H])([H])C([H])([H])C([H])([H])N([H])[H])C(=O)N([H])[C@@]([H])(C([H])([H])O)C(=O)N([H])[C@@]([H])(C([H])([H])O[H])C(=O)N([H])/C(=C(/[H])N([H])C(=O)N([H])[H])C(=O)N2[H])N1[H],"EVODEX-P18679,EVODEX-P18684"
EVODEX-N7279,[H]O[C@@]1([H])[C@@]([H])(O[H])[C@]([H])(N2:C([H]):N:C3:C(N([H])[H]):N:C([H]):N:C:3:2)O[C@]1([H])C([H])([H])OP(=O)(O[H])OP(=O)(O[H])O[P:72](=[O:73])([O:74])[O:75]>>[H]N=C1N([H])[C@]([H])([C@]2([H])C(=O)N([H])C([H])([H])[C@]([H])(N([H])C(=O)C([H])([H])[C@@]([H])(N([H])[H])C([H])([H])C([H])([H])C([H])([H])N([H])[H])C(=O)N([H])[C@@]([H])(C([H])([H])O[H])C(=O)N([H])[C@@]([H])(C([H])([H])O[P:72](=[O:73])([O:74])[O:75])C(=O)N([H])/C(=C(/[H])N([H])C(=O)N([H])[H])C(=O)N2[H])C([H])([H])[C@]([H])(O[H])N1[H],EVODEX-P18683
EVODEX-N7280,[H]O[C@@]1([H])[C@@]([H])(O[H])[C@]([H])(N2:C([H]):N:C3:C(N([H])[H]):N:C([H]):N:C:3:2)O[C@]1([H])C([H])([H])OP(=O)(O[H])OP(=O)(O[H])O[P:24](=[O:25])([O:26])[O:27]>>[H]OC([H])([H])[C@@]1(O[P:24](=[O:25])([O:26])[O:27])O[C@]([H])(C([H])([H])OP(=O)(O[H])O[H])[C@@]([H])(O[H])[C@]1([H])O[H],EVODEX-P18688
EVODEX-N7281,[H][O:22][P:20].[H]OC([H])([H])[C@@]1(O[P:40](=[O:41])([O:42])[O:43])O[C@]([H])(C([H])([H])OP(=O)(O[H])O[H])[C@@]([H])(O[H])[C@]1([H])O[H]>>[P:20][O:22][P:40](=[O:41])([O:42])[O:43],EVODEX-P18692
EVODEX-N7282,[H]OC([H])([H])[C@@]1(O[P:40](=[O:41])([O:42])[O:43])O[C@]([H])(C([H])([H])OP(=O)(O[H])O[H])[C@@]([H])(O[H])[C@]1([H])O[H]>>[H]O[C@@]1([H])[C@@]([H])(O[H])[C@]([H])(N2:C([H]):N:C3:C(N([H])[H]):N:C([H]):N:C:3:2)O[C@]1([H])C([H])([H])OP(=O)(O[H])OP(=O)(O[H])O[P:40](=[O:41])([O:42])[O:43],EVODEX-P18693
EVODEX-N7283,[H][O:25][C:24].[H]O[C@@]([H])(C(=O)O[P:4](=[O:5])([O:6])[O:7])C([H])([H])OP(=O)(O[H])O[H]>>[P:4](=[O:5])([O:6])([O:7])[O:25][C:24],EVODEX-P18696
EVODEX-N7284,[H]O[C@@]([H])(C(=O)O[P:4](=[O:5])([O:6])[O:7])C([H])([H])OP(=O)(O[H])O[H]>>[H]O[C@]1([H])[C@@]([H])(O[H])[C@@]([H])(OP(=O)(O[H])O[H])O[C@]([H])(C([H])([H])O[P:4](=[O:5])([O:6])[O:7])[C@@]1([H])O[H],EVODEX-P18697
EVODEX-N7285,[H]O[C@]1([H])[C@@]([H])(O[H])[C@@]([H])(OP(=O)(O[H])O[H])O[C@]([H])(C([H])([H])O[P:13](=[O:12])([O:14])[O:15])[C@@]1([H])O[H].[H][O:3][C:2]>>[C:2][O:3][P:13](=[O:12])([O:14])[O:15],EVODEX-P18701
EVODEX-N7286,[H]O[C@]1([H])[C@@]([H])(O[H])[C@@]([H])(OP(=O)(O[H])O[H])O[C@]([H])(C([H])([H])O[P:13](=[O:12])([O:14])[O:15])[C@@]1([H])O[H]>>[H]O[C@@]([H])(C(=O)O[P:13](=[O:12])([O:14])[O:15])C([H])([H])OP(=O)(O[H])O[H],EVODEX-P18703
EVODEX-N7287,[H]O[C@@]1([H])[C@@]([H])(O[H])[C@]([H])(N2:C([H]):N:C3:C(N([H])[H]):N:C([H]):N:C:3:2)O[C@]1([H])C([H])([H])OP(=O)(O[H])O[P:32](=[O:33])([O:34])[O:35]>>[H]C([H])([H])C(=O)OC([H])([H])C([H])(OC(=O)C([H])([H])[H])C([H])([H])O[P:32](=[O:33])([O:34])[O:35],EVODEX-P18707
EVODEX-N7288,>>[H]C([H])([H])C(=O)OC([H])([H])C([H])(OC(=O)C([H])([H])[H])C([H])([H])O.[H],EVODEX-P18709
EVODEX-N7289,[H]C([H])([H])C(=O)OC([H])([H])C([H])(OC(=O)C([H])([H])[H])C([H])([H])O[P:9](=[O:10])([O:11])[O:12].[H][O:38][P:36]>>[P:9](=[O:10])([O:11])([O:12])[O:38][P:36],EVODEX-P18711
EVODEX-N7290,[H]C([H])([H])C(=O)OC([H])([H])C([H])(OC(=O)C([H])([H])[H])C([H])([H])O[P:9](=[O:10])([O:11])[O:12]>>[H]O[C@@]1([H])[C@@]([H])(O[H])[C@]([H])(N2:C([H]):N:C3:C(N([H])[H]):N:C([H]):N:C:3:2)O[C@]1([H])C([H])([H])OP(=O)(O[H])O[P:9](=[O:10])([O:11])[O:12],EVODEX-P18712
EVODEX-N7291,[H]O[C@@]1([H])[C@@]([H])(O[H])[C@]([H])(N2:C([H]):C([H]):C(N([H])[H]):N:C:2=O)O[C@]1([H])C([H])([H])OP(=O)(O[H])OP(=O)(O[H])O[P:120](=[O:121])([O:122])[O:123]>>[H]C(=C(C([H])([H])[H])C([H])([H])[H])C([H])([H])C([H])([H])/C(=C(\[H])C([H])([H])C([H])([H])/C(=C(\[H])C([H])([H])C([H])([H])/C(=C(/[H])C([H])([H])C([H])([H])/C(=C(/[H])C([H])([H])C([H])([H])/C(=C(/[H])C([H])([H])C([H])([H])/C(=C(/[H])C([H])([H])C([H])([H])/C(=C(/[H])C([H])([H])C([H])([H])/C(=C(/[H])C([H])([H])C([H])([H])/C(=C(/[H])C([H])([H])C([H])([H])/C(=C(/[H])C([H])([H])C([H])([H])/C(=C(/[H])C([H])([H])C([H])([H])/C(=C(/[H])C([H])([H])C([H])([H])/C(=C(/[H])C([H])([H])C([H])([H])/C(=C(/[H])C([H])([H])C([H])([H])/C(=C(/[H])C([H])([H])C([H])([H])/C(=C(/[H])C([H])([H])C([H])([H])/C(=C(/[H])C([H])([H])C([H])([H])/C(=C(/[H])C([H])([H])C([H])([H])C([H])(C([H])([H])[H])C([H])([H])C([H])([H])O[P:120](=[O:121])([O:122])[O:123])C([H])([H])[H])C([H])([H])[H])C([H])([H])[H])C([H])([H])[H])C([H])([H])[H])C([H])([H])[H])C([H])([H])[H])C([H])([H])[H])C([H])([H])[H])C([H])([H])[H])C([H])([H])[H])C([H])([H])[H])C([H])([H])[H])C([H])([H])[H])C([H])([H])[H])C([H])([H])[H])C([H])([H])[H])C([H])([H])[H],EVODEX-P18717
EVODEX-N7292,[H]O[C@@]1([H])[C@@]([H])(O[H])[C@]([H])(N2:C([H]):C([H]):C(N([H])[H]):N:C:2=O)O[C@]1([H])C([H])([H])OP(=O)(O[H])OP(=O)(O[H])O[P:75](=[O:76])([O:77])[O:78]>>[H]C(=C(C([H])([H])[H])C([H])([H])[H])C([H])([H])C([H])([H])/C(=C(\[H])C([H])([H])C([H])([H])/C(=C(\[H])C([H])([H])C([H])([H])/C(=C(\[H])C([H])([H])C([H])([H])/C(=C(\[H])C([H])([H])C([H])([H])/C(=C(\[H])C([H])([H])C([H])([H])/C(=C(\[H])C([H])([H])C([H])([H])/C(=C(\[H])C([H])([H])C([H])([H])/C(=C(\[H])C([H])([H])C([H])([H])/C(=C(\[H])C([H])([H])C([H])([H])/C(=C(\[H])C([H])([H])O[P:75](=[O:76])([O:77])[O:78])C([H])([H])[H])C([H])([H])[H])C([H])([H])[H])C([H])([H])[H])C([H])([H])[H])C([H])([H])[H])C([H])([H])[H])C([H])([H])[H])C([H])([H])[H])C([H])([H])[H],EVODEX-P18722
EVODEX-N7293,[H]O[C@@]1([H])[C@@]([H])(O[H])[C@]([H])(N2:C([H]):N:C3:C(N([H])[H]):N:C([H]):N:C:3:2)O[C@]1([H])C([H])([H])OP(=O)(O[H])OP(=O)(O[H])O[P:24](=[O:25])([O:26])[O:27]>>[H]O[C@@]1([H])C([H])([H])[C@]([H])(N2:C([H]):N:C3:C(=O):N([H]):C([H]):N:C:3:2)O[C@]1([H])C([H])([H])O[P:24](=[O:25])([O:26])[O:27],EVODEX-P18727
EVODEX-N7294,>>[H].[H]O[C@@]1([H])C([H])([H])[C@]([H])(N2:C([H]):N:C3:C(=O):N([H]):C([H]):N:C:3:2)O[C@]1([H])C([H])([H])O,EVODEX-P18728
EVODEX-N7295,[H]O[C@@]1([H])[C@@]([H])(O[H])[C@]([H])(N2:C([H]):C([H]):C(=O):N([H]):C:2=O)O[C@]1([H])C([H])([H])OP(=O)(O[H])OP(=O)(O[H])O[P:37](=[O:38])([O:39])[O:40]>>[H]O[C@@]1([H])C([H])([H])[C@]([H])(N2:C([H]):N:C3:C(N([H])[H]):N:C([H]):N:C:3:2)O[C@]1([H])C([H])([H])O[P:37](=[O:38])([O:39])[O:40],EVODEX-P18731
EVODEX-N7296,[H]O[C@@]1([H])[C@@]([H])(O[H])[C@]([H])(N2:C([H]):N:C3:C(N([H])[H]):N:C([H]):N:C:3:2)O[C@]1([H])C([H])([H])O[P:16](=[O:17])([O:18])[O:19]>>[H]O[C@@]1([H])[C@@]([H])(O[H])[C@]([H])(N2:C([H]):C([H]):C(=O):N([H]):C:2=O)O[C@]1([H])C([H])([H])O[P:16](=[O:17])([O:18])[O:19],EVODEX-P18735
EVODEX-N7297,[H]O[C@@]1([H])[C@@]([H])(O[H])[C@]([H])(N2:C([H]):N:C3:C(N([H])[H]):N:C([H]):N:C:3:2)O[C@]1([H])C([H])([H])OP(=O)(O[H])O[P:37](=[O:38])([O:39])[O:40]>>[H]O[C@@]1([H])C([H])([H])[C@]([H])(N2:C([H]):C(C([H])([H])[H]):C(=O):N([H]):C:2=O)O[C@]1([H])C([H])([H])O[P:37](=[O:38])([O:39])[O:40],EVODEX-P18739
EVODEX-N7298,[H]O[C@@]1([H])[C@@]([H])(O[H])[C@]([H])(N2:C([H]):N:C3:C(N([H])[H]):N:C([H]):N:C:3:2)O[C@]1([H])C([H])([H])OP(=O)(O[H])OP(=O)(O[H])O[P:60](=[O:61])([O:62])[O:63]>>[H]OC([H])([H])[C@@]1([H])O[C@@]([H])(O[C@@]2([H])[C@]([H])(O[H])[C@@]([H])(N([H])C([H])([H])[H])C([H])([H])[C@@]([H])(N([H])[H])[C@]2([H])O[H])[C@@]2([H])O[C@]3(O[C@@]2([H])[C@@]1([H])O[H])O[C@]([H])([C@]([H])(N([H])[H])C([H])([H])O[P:60](=[O:61])([O:62])[O:63])[C@]([H])(O[H])[C@]([H])(O[H])[C@@]3([H])O[H],EVODEX-P18743
EVODEX-N7299,>>[H]OC([H])([H])[C@@]1([H])O[C@@]([H])(O[C@@]2([H])[C@]([H])(O[H])[C@@]([H])(N([H])C([H])([H])[H])C([H])([H])[C@@]([H])(N([H])[H])[C@]2([H])O[H])[C@@]2([H])O[C@]3(O[C@@]2([H])[C@@]1([H])O[H])O[C@]([H])([C@]([H])(N([H])[H])C([H])([H])O)[C@]([H])(O[H])[C@]([H])(O[H])[C@@]3([H])O[H].[H],"EVODEX-P18745,EVODEX-P18888"
EVODEX-N7300,[H]O[C@@]1([H])[C@@]([H])(O[H])[C@]([H])(N2:C([H]):N:C3:C(N([H])[H]):N:C([H]):N:C:3:2)O[C@]1([H])C([H])([H])OP(=O)(O[H])OP(=O)(O[H])O[P:24](=[O:25])([O:26])[O:27]>>[H]O[C@@]1([H])[C@]([H])(OP(=O)(O[H])O[H])[C@]([H])(O[H])[C@]([H])(O[P:24](=[O:25])([O:26])[O:27])[C@@]([H])(OP(=O)(O[H])O[H])[C@]1([H])OP(=O)(O[H])O[H],EVODEX-P18749
EVODEX-N7301,>>[H].[H]O[C@@]1([H])[C@]([H])(OP(=O)(O[H])O[H])[C@]([H])(O[H])[C@]([H])(O)[C@@]([H])(OP(=O)(O[H])O[H])[C@]1([H])OP(=O)(O[H])O[H],EVODEX-P18750
EVODEX-N7302,[H][O:22][P:20].[H]O[C@@]1([H])[C@@]([H])(OP(=O)(O[H])O[H])[C@]([H])(O[H])[C@@]([H])(O[P:38](=[O:39])([O:40])[O:41])[C@]([H])(OP(=O)(O[H])O[H])[C@@]1([H])OP(=O)(O[H])O[H]>>[P:20][O:22][P:38](=[O:39])([O:40])[O:41],EVODEX-P18753
EVODEX-N7303,[H]O[C@@]1([H])[C@@]([H])(OP(=O)(O[H])O[H])[C@]([H])(O[H])[C@@]([H])(O[P:38](=[O:39])([O:40])[O:41])[C@]([H])(OP(=O)(O[H])O[H])[C@@]1([H])OP(=O)(O[H])O[H]>>[H]O[C@@]1([H])[C@@]([H])(O[H])[C@]([H])(N2:C([H]):N:C3:C(N([H])[H]):N:C([H]):N:C:3:2)O[C@]1([H])C([H])([H])OP(=O)(O[H])OP(=O)(O[H])O[P:38](=[O:39])([O:40])[O:41],EVODEX-P18754
EVODEX-N7304,[H]O[C@@]1([H])[C@@]([H])(O[H])[C@]([H])(N2:C([H]):N:C3:C(N([H])[H]):N:C([H]):N:C:3:2)O[C@]1([H])C([H])([H])OP(=O)(O[H])OP(=O)(O[H])O[P:24](=[O:25])([O:26])[O:27]>>[H]O[C@]1([H])[C@]([H])(OP(=O)(O[H])O[H])[C@@]([H])(OP(=O)(O[H])O[H])[C@]([H])(OP(=O)(O[H])O[H])[C@@]([H])(OP(=O)(O[H])O[H])[C@]1([H])O[P:24](=[O:25])([O:26])[O:27],EVODEX-P18759
EVODEX-N7305,>>[H].[H]O[C@@]1([H])[C@@]([H])(O)[C@]([H])(OP(=O)(O[H])O[H])[C@@]([H])(OP(=O)(O[H])O[H])[C@]([H])(OP(=O)(O[H])O[H])[C@@]1([H])OP(=O)(O[H])O[H],EVODEX-P18760
EVODEX-N7306,[H][O:22][P:20].[H]O[C@]1([H])[C@]([H])(OP(=O)(O[H])O[H])[C@@]([H])(OP(=O)(O[H])O[H])[C@]([H])(OP(=O)(O[H])O[H])[C@@]([H])(OP(=O)(O[H])O[H])[C@]1([H])O[P:42](=[O:43])([O:44])[O:45]>>[P:20][O:22][P:42](=[O:43])([O:44])[O:45],EVODEX-P18763
EVODEX-N7307,[H]O[C@]1([H])[C@]([H])(OP(=O)(O[H])O[H])[C@@]([H])(OP(=O)(O[H])O[H])[C@]([H])(OP(=O)(O[H])O[H])[C@@]([H])(OP(=O)(O[H])O[H])[C@]1([H])O[P:42](=[O:43])([O:44])[O:45]>>[H]O[C@@]1([H])[C@@]([H])(O[H])[C@]([H])(N2:C([H]):N:C3:C(N([H])[H]):N:C([H]):N:C:3:2)O[C@]1([H])C([H])([H])OP(=O)(O[H])OP(=O)(O[H])O[P:42](=[O:43])([O:44])[O:45],EVODEX-P18764
EVODEX-N7308,[H]O[C@@]1([H])[C@@]([H])(O[H])[C@]([H])(N2:C([H]):N:C3:C(N([H])[H]):N:C([H]):N:C:3:2)O[C@]1([H])C([H])([H])OP(=O)(O[H])OP(=O)(O[H])O[P:76](=[O:77])([O:78])[O:79]>>[H]O[C@]1(C([H])([H])[H])C([H])([H])[C@@]([H])(C([H])([H])[H])C([H])([H])N(C([H])([H])[H])[C@]([H])(C([H])([H])[H])[C@@]([H])(O[H])[C@@](O[H])(C([H])([H])[H])[C@@]([H])(C([H])([H])C([H])([H])[H])OC(=O)[C@]([H])(C([H])([H])[H])[C@@]([H])(O[C@]2([H])O[C@@]([H])(C([H])([H])[H])[C@]([H])(O[H])[C@@](OC([H])([H])[H])(C([H])([H])[H])C2([H])[H])[C@]([H])(C([H])([H])[H])[C@@]1([H])O[C@]1([H])O[C@]([H])(C([H])([H])[H])C([H])([H])[C@]([H])(N(C([H])([H])[H])C([H])([H])[H])[C@@]1([H])O[P:76](=[O:77])([O:78])[O:79],EVODEX-P18768
EVODEX-N7309,>>[H]O[C@]1(C([H])([H])[H])C([H])([H])[C@@]([H])(C([H])([H])[H])C([H])([H])N(C([H])([H])[H])[C@]([H])(C([H])([H])[H])[C@@]([H])(O[H])[C@@](O[H])(C([H])([H])[H])[C@@]([H])(C([H])([H])C([H])([H])[H])OC(=O)[C@]([H])(C([H])([H])[H])[C@@]([H])(O[C@]2([H])O[C@@]([H])(C([H])([H])[H])[C@]([H])(O[H])[C@@](OC([H])([H])[H])(C([H])([H])[H])C2([H])[H])[C@]([H])(C([H])([H])[H])[C@@]1([H])O[C@]1([H])O[C@]([H])(C([H])([H])[H])C([H])([H])[C@]([H])(N(C([H])([H])[H])C([H])([H])[H])[C@@]1([H])O.[H],EVODEX-P18770
EVODEX-N7310,[H]O[C@@]1([H])[C@@]([H])(O[H])[C@]([H])(N2:C([H]):N:C3:C(N([H])[H]):N:C([H]):N:C:3:2)O[C@]1([H])C([H])([H])OP(=O)(O[H])OP(=O)(O[H])O[P:76](=[O:77])([O:78])[O:79]>>[H]O[C@@]1([H])[C@@](O[H])(C([H])([H])[H])[C@@]([H])(C([H])([H])C([H])([H])[H])OC(=O)[C@]([H])(C([H])([H])[H])[C@@]([H])(O[C@]2([H])O[C@@]([H])(C([H])([H])[H])[C@]([H])(O[H])[C@@](OC([H])([H])[H])(C([H])([H])[H])C2([H])[H])[C@]([H])(C([H])([H])[H])[C@@]([H])(O[C@]2([H])O[C@]([H])(C([H])([H])[H])C([H])([H])[C@]([H])(N(C([H])([H])[H])C([H])([H])[H])[C@@]2([H])O[P:76](=[O:77])([O:78])[O:79])[C@@](OC([H])([H])[H])(C([H])([H])[H])C([H])([H])[C@@]([H])(C([H])([H])[H])C(=O)[C@]1([H])C([H])([H])[H],EVODEX-P18773
EVODEX-N7311,>>[H]O[C@@]1([H])[C@@](O[H])(C([H])([H])[H])[C@@]([H])(C([H])([H])C([H])([H])[H])OC(=O)[C@]([H])(C([H])([H])[H])[C@@]([H])(O[C@]2([H])O[C@@]([H])(C([H])([H])[H])[C@]([H])(O[H])[C@@](OC([H])([H])[H])(C([H])([H])[H])C2([H])[H])[C@]([H])(C([H])([H])[H])[C@@]([H])(O[C@]2([H])O[C@]([H])(C([H])([H])[H])C([H])([H])[C@]([H])(N(C([H])([H])[H])C([H])([H])[H])[C@@]2([H])O)[C@@](OC([H])([H])[H])(C([H])([H])[H])C([H])([H])[C@@]([H])(C([H])([H])[H])C(=O)[C@]1([H])C([H])([H])[H].[H],EVODEX-P18775
EVODEX-N7312,[H]O[C@@]1([H])[C@@]([H])(O[H])[C@]([H])(N2:C([H]):N:C3:C(N([H])[H]):N:C([H]):N:C:3:2)O[C@]1([H])C([H])([H])OP(=O)(O[H])OP(=O)(O[H])O[P:88](=[O:89])([O:90])[O:91]>>[H]OC1([H])C([H])(OP(=O)(O[H])OC([H])([H])[C@]([H])(OC(=O)C([H])([H])C([H])([H])C([H])([H])/C([H])=C(/[H])C([H])([H])/C([H])=C(/[H])C([H])([H])/C([H])=C(/[H])C([H])([H])/C([H])=C(/[H])C([H])([H])C([H])([H])C([H])([H])C([H])([H])C([H])([H])[H])C([H])([H])OC(=O)C([H])([H])C([H])([H])C([H])([H])C([H])([H])C([H])([H])C([H])([H])C([H])([H])C([H])([H])C([H])([H])C([H])([H])C([H])([H])C([H])([H])C([H])([H])C([H])([H])C([H])([H])C([H])([H])[H])C([H])(O[H])[C@]([H])(O[P:88](=[O:89])([O:90])[O:91])C([H])(OP(=O)(O[H])O[H])[C@@]1([H])O[H],EVODEX-P18778
EVODEX-N7313,>>[H]OC1([H])C([H])(OP(=O)(O[H])OC([H])([H])[C@]([H])(OC(=O)C([H])([H])C([H])([H])C([H])([H])/C([H])=C(/[H])C([H])([H])/C([H])=C(/[H])C([H])([H])/C([H])=C(/[H])C([H])([H])/C([H])=C(/[H])C([H])([H])C([H])([H])C([H])([H])C([H])([H])C([H])([H])[H])C([H])([H])OC(=O)C([H])([H])C([H])([H])C([H])([H])C([H])([H])C([H])([H])C([H])([H])C([H])([H])C([H])([H])C([H])([H])C([H])([H])C([H])([H])C([H])([H])C([H])([H])C([H])([H])C([H])([H])C([H])([H])[H])C([H])(O[H])[C@]([H])(O[H])C([H])(OP(=O)(O[H])O[H])[C@@]1([H])O.[H],EVODEX-P18780
EVODEX-N7314,[H]O[C@@]1([H])[C@@]([H])(O[H])[C@]([H])(N2:C([H]):N:C3:C(N([H])[H]):N:C([H]):N:C:3:2)O[C@]1([H])C([H])([H])OP(=O)(O[H])OP(=O)(O[H])O[P:71](=[O:72])([O:73])[O:74]>>[H]O[C@@]1([H])[C@@]([H])(OP(=O)(O[H])O[H])[C@]([H])(OP(=O)(O[H])O[H])[C@@]([H])(O[P:71](=[O:72])([O:73])[O:74])[C@]([H])(O[H])[C@@]1([H])OP(=O)(O[H])OC([H])([H])[C@]([H])(OC(=O)C([H])([H])C([H])([H])C([H])([H])C([H])([H])C([H])([H])C([H])([H])C([H])([H])[H])C([H])([H])OC(=O)C([H])([H])C([H])([H])C([H])([H])C([H])([H])C([H])([H])C([H])([H])C([H])([H])[H],EVODEX-P18783
EVODEX-N7315,>>[H]O[C@]1([H])[C@]([H])(OP(=O)(O[H])OC([H])([H])[C@]([H])(OC(=O)C([H])([H])C([H])([H])C([H])([H])C([H])([H])C([H])([H])C([H])([H])C([H])([H])[H])C([H])([H])OC(=O)C([H])([H])C([H])([H])C([H])([H])C([H])([H])C([H])([H])C([H])([H])C([H])([H])[H])[C@@]([H])(O[H])[C@]([H])(O)[C@@]([H])(OP(=O)(O[H])O[H])[C@]1([H])OP(=O)(O[H])O[H].[H],EVODEX-P18785
EVODEX-N7316,[H]O[C@@]1([H])[C@@]([H])(O[H])[C@]([H])(N2:C([H]):N:C3:C(N([H])[H]):N:C([H]):N:C:3:2)O[C@]1([H])C([H])([H])OP(=O)(O[H])OP(=O)(O[H])O[P:62](=[O:63])([O:64])[O:65]>>[H]O[C@]([H])(/C([H])=C(\[H])C([H])([H])C([H])([H])C([H])([H])C([H])([H])C([H])([H])C([H])([H])C([H])([H])C([H])([H])C([H])([H])C([H])([H])C([H])([H])C([H])([H])C([H])([H])[H])[C@@]([H])(N([H])C(=O)C([H])([H])C([H])([H])C([H])([H])C([H])([H])C([H])([H])C([H])([H])C([H])([H])C([H])([H])C([H])([H])C([H])([H])C([H])([H])C([H])([H])C([H])([H])C([H])([H])C([H])([H])[H])C([H])([H])O[P:62](=[O:63])([O:64])[O:65],EVODEX-P18788
EVODEX-N7317,[H]O[C@@]1([H])[C@@]([H])(O[H])[C@]([H])(N2:C([H]):N:C3:C(N([H])[H]):N:C([H]):N:C:3:2)O[C@]1([H])C([H])([H])OP(=O)(O[H])OP(=O)(O[H])O[P:52](=[O:53])([O:54])[O:55]>>[H]O[C@]([H])(/C([H])=C(\[H])C([H])([H])C([H])([H])C([H])([H])C([H])([H])C([H])([H])C([H])([H])C([H])([H])C([H])([H])C([H])([H])C([H])([H])C([H])([H])C([H])([H])C([H])([H])[H])[C@@]([H])(N([H])C(=O)C([H])([H])C([H])([H])C([H])([H])C([H])([H])C([H])([H])[H])C([H])([H])O[P:52](=[O:53])([O:54])[O:55],EVODEX-P18793
EVODEX-N7318,>>[H]O[C@]([H])(/C([H])=C(\[H])C([H])([H])C([H])([H])C([H])([H])C([H])([H])C([H])([H])C([H])([H])C([H])([H])C([H])([H])C([H])([H])C([H])([H])C([H])([H])C([H])([H])C([H])([H])[H])[C@@]([H])(N([H])C(=O)C([H])([H])C([H])([H])C([H])([H])C([H])([H])C([H])([H])[H])C([H])([H])O.[H],EVODEX-P18795
EVODEX-N7319,[H]OC([H])([H])[C@@]([H])(O[H])C([H])([H])O[P:14](=[O:13])([O:15])[O:16].[H][O:12][C:11]>>[C:11][O:12][P:14](=[O:13])([O:15])[O:16],"EVODEX-P18800,EVODEX-P18804"
EVODEX-N7320,[H]OC([H])([H])[C@@]([H])(O[H])C([H])([H])O[P:14](=[O:13])([O:15])[O:16]>>[H]O[C@@]([H])([C@]([H])(O[H])[C@]([H])(O[H])C([H])([H])O[P:14](=[O:13])([O:15])[O:16])[C@@]([H])(O[H])C([H])=O,EVODEX-P18801
EVODEX-N7321,[H]OC([H])([H])[C@@]([H])(O[H])C([H])([H])O[P:2](=[O:1])([O:3])[O:4]>>[H]OC1([H])O[C@]([H])(C([H])([H])O[P:2](=[O:1])([O:3])[O:4])[C@@]([H])(O[H])[C@]([H])(O[H])[C@@]1([H])O[H],EVODEX-P18805
EVODEX-N7322,[H]OP(=O)(O[H])O[P:21](=[O:20])([O:22])[O:23]>>[H]O[C@@]1([H])[C@@]([H])(O[H])[C@]([H])(N2:C([H]):N:C3:C(N([H])[H]):N:C([H]):N:C:3:2)O[C@]1([H])C([H])([H])O[P:21](=[O:20])([O:22])[O:23],EVODEX-P18809
EVODEX-N7323,[H]OP(=O)(O[H])O[P:22](=[O:21])([O:23])[O:24]>>[H]N=C1:N([H]):C(=O):C2:N:C([H]):N([C@]3([H])O[C@]([H])(C([H])([H])O[P:22](=[O:21])([O:23])[O:24])[C@@]([H])(O[H])[C@@]3([H])O[H]):C:2:N:1[H],EVODEX-P18814
EVODEX-N7324,[H]O[C@@]1([H])[C@@]([H])(O[H])[C@]([H])(N2:C([H]):N:C3:C(N([H])[H]):N:C([H]):N:C:3:2)O[C@]1([H])C([H])([H])OP(=O)(O[H])OP(=O)(O[H])O[P:41](=[O:42])([O:43])[O:44]>>[H]O[C@@]1([H])C([H])([H])[C@]([H])(N2:C([H]):C(C([H])([H])[H]):C(=O):N([H]):C:2=O)O[C@]1([H])C([H])([H])O[P:41](=[O:42])([O:43])[O:44],EVODEX-P18818
EVODEX-N7325,[H]O[C@@]1([H])[C@@]([H])(O[H])[C@]([H])(N2:C([H]):N:C3:C(N([H])[H]):N:C([H]):N:C:3:2)O[C@]1([H])C([H])([H])OP(=O)(O[H])O[P:20](=[O:21])([O:22])[O:23]>>[H]O[C@@]([H])([C@]([H])(O[H])C(=O)C([H])([H])O[P:20](=[O:21])([O:22])[O:23])[C@]([H])(O[H])C([H])([H])OP(=O)(O[H])O[H],EVODEX-P18822
EVODEX-N7326,[H]O[C@@]([H])([C@]([H])(O[H])C(=O)C([H])([H])O[P:28](=[O:29])([O:30])[O:31])[C@]([H])(O[H])C([H])([H])OP(=O)(O[H])O[H]>>[H]O[C@@]1([H])[C@@]([H])(O[H])[C@]([H])(N2:C([H]):N:C3:C(N([H])[H]):N:C([H]):N:C:3:2)O[C@]1([H])C([H])([H])OP(=O)(O[H])O[P:28](=[O:29])([O:30])[O:31],EVODEX-P18826
EVODEX-N7327,[H]O[C@@]1([H])[C@@]([H])(O[H])[C@]([H])(N2:C([H]):N:C3:C(N([H])[H]):N:C([H]):N:C:3:2)O[C@]1([H])C([H])([H])OP(=O)(O[H])O[P:20](=[O:21])([O:22])[O:23]>>[H]O[C@@]([H])([C@]([H])(O[H])[C@]([H])(O[H])C([H])([H])O[P:20](=[O:21])([O:22])[O:23])[C@@]([H])(O[H])C([H])=O,EVODEX-P18831
EVODEX-N7328,[H]O[C@@]1([H])[C@@]([H])(O[H])[C@]([H])(N2:C([H]):N:C3:C(N([H])[H]):N:C([H]):N:C:3:2)O[C@]1([H])C([H])([H])OP(=O)(O[H])O[P:20](=[O:21])([O:22])[O:23]>>[H]OC1([H])O[C@]([H])(C([H])([H])O[P:20](=[O:21])([O:22])[O:23])[C@@]([H])(O[H])[C@]([H])(O[H])[C@@]1([H])O[H],EVODEX-P18835
EVODEX-N7329,[H]O[C@@]1([H])[C@@]([H])(O[H])[C@]([H])(N2:C([H]):N:C3:C(N([H])[H]):N:C([H]):N:C:3:2)O[C@]1([H])C([H])([H])OP(=O)(O[H])OP(=O)(O[H])O[P:57](=[O:58])([O:59])[O:60]>>[H]N=C1:C([H]):C([H]):N([C@]2([H])O[C@]([H])(C([H])([H])OP(=O)(O[H])OP(=O)(O[H])OC([H])([H])[C@@]([H])(O[H])[C@](O[P:57](=[O:58])([O:59])[O:60])(C([H])([H])[H])C([H])([H])O[H])[C@@]([H])(O[H])[C@@]2([H])O[H]):C(=O):N:1[H],EVODEX-P18839
EVODEX-N7330,>>[H]N=C1:C([H]):C([H]):N([C@]2([H])O[C@]([H])(C([H])([H])OP(=O)(O[H])OP(=O)(O[H])OC([H])([H])[C@@]([H])(O[H])[C@](O)(C([H])([H])[H])C([H])([H])O[H])[C@@]([H])(O[H])[C@@]2([H])O[H]):C(=O):N:1[H].[H],EVODEX-P18841
EVODEX-N7331,[H]O[C@@]1([H])[C@@]([H])(O[H])[C@]([H])(N2:C([H]):N:C3:C(N([H])[H]):N:C([H]):N:C:3:2)O[C@]1([H])C([H])([H])OP(=O)(O[H])OP(=O)(O[H])O[P:80](=[O:81])([O:82])[O:83]>>[H]O[C@@]1([H])[C@]([H])(O[H])[C@@]([H])(O[P:80](=[O:81])([O:82])[O:83])[C@]([H])(OP(=O)(O[H])O[H])[C@@]([H])(O[H])[C@@]1([H])OP(=O)(O[H])OC([H])(OC(=O)C([H])([H])C([H])([H])C([H])([H])C([H])([H])C([H])([H])C([H])([H])C([H])([H])C([H])([H])C([H])([H])C([H])([H])C([H])([H])C([H])([H])C([H])([H])C([H])([H])[H])OC(=O)C([H])([H])C([H])([H])C([H])([H])C([H])([H])C([H])([H])C([H])([H])C([H])([H])C([H])([H])C([H])([H])C([H])([H])C([H])([H])C([H])([H])C([H])([H])C([H])([H])C([H])([H])[H],EVODEX-P18844
EVODEX-N7332,>>[H]O[C@@]1([H])[C@@]([H])(OP(=O)(O[H])OC([H])(OC(=O)C([H])([H])C([H])([H])C([H])([H])C([H])([H])C([H])([H])C([H])([H])C([H])([H])C([H])([H])C([H])([H])C([H])([H])C([H])([H])C([H])([H])C([H])([H])C([H])([H])[H])OC(=O)C([H])([H])C([H])([H])C([H])([H])C([H])([H])C([H])([H])C([H])([H])C([H])([H])C([H])([H])C([H])([H])C([H])([H])C([H])([H])C([H])([H])C([H])([H])C([H])([H])C([H])([H])[H])[C@@]([H])(O[H])[C@]([H])(O[H])[C@@]([H])(O)[C@]1([H])OP(=O)(O[H])O[H].[H],EVODEX-P18846
EVODEX-N7333,[H]C1=C2N=C(C(C([H])([H])[H])=C3N([H])[C@@](C([H])([H])[H])([C@]4([H])N=C(C(C([H])([H])[H])=C5N=C1C(C([H])([H])[H])(C([H])([H])[H])[C@]5([H])C([H])([H])C([H])([H])C(=O)N([H])[H])[C@](C([H])([H])[H])(C([H])([H])C([H])([H])C(=O)N([H])C([H])([H])[C@]([H])(O[P:30](=[O:31])([O:32])[O:33])C([H])([H])[H])[C@@]4([H])C([H])([H])C(=O)N([H])[H])[C@@](C([H])([H])[H])(C([H])([H])C(=O)N([H])[H])[C@]3([H])C([H])([H])C([H])([H])C(=O)N([H])[H])[C@@](C([H])([H])[H])(C([H])([H])C(=O)N([H])[H])[C@]2([H])C([H])([H])C([H])([H])C(=O)N([H])[H].[H][O:98][C:97]>>[P:30](=[O:31])([O:32])([O:33])[O:98][C:97],EVODEX-P18851
EVODEX-N7334,[H]C1=C2N=C(C(C([H])([H])[H])=C3N([H])[C@@](C([H])([H])[H])([C@]4([H])N=C(C(C([H])([H])[H])=C5N=C1C(C([H])([H])[H])(C([H])([H])[H])[C@]5([H])C([H])([H])C([H])([H])C(=O)N([H])[H])[C@](C([H])([H])[H])(C([H])([H])C([H])([H])C(=O)N([H])C([H])([H])[C@]([H])(O[P:30](=[O:31])([O:32])[O:33])C([H])([H])[H])[C@@]4([H])C([H])([H])C(=O)N([H])[H])[C@@](C([H])([H])[H])(C([H])([H])C(=O)N([H])[H])[C@]3([H])C([H])([H])C([H])([H])C(=O)N([H])[H])[C@@](C([H])([H])[H])(C([H])([H])C(=O)N([H])[H])[C@]2([H])C([H])([H])C([H])([H])C(=O)N([H])[H]>>[H]O[C@]1([H])[C@]([H])(O[P:30](=[O:31])([O:32])[O:33])[C@@]([H])(C([H])([H])OP(=O)(O[H])OP(=O)(O[H])OP(=O)(O[H])O[H])O[C@@]1([H])N1:C([H]):N:C2:C(=O):N([H]):C(N([H])[H]):N:C:2:1,EVODEX-P18853
EVODEX-N7335,>>[H]N=C1:N([H]):C(=O):C2:N:C([H]):N([C@]3([H])O[C@]([H])(C([H])([H])OP(=O)(O[H])OP(=O)(O[H])OP(O)(=O)O[H])[C@@]([H])(O[H])[C@@]3([H])O[H]):C:2:N:1[H].[H],"EVODEX-P18855,EVODEX-P19893,EVODEX-P35061"
EVODEX-N7336,[H]O[C@@]1([H])[C@@]([H])(O[H])[C@]([H])(N2:C([H]):N:C3:C(N([H])[H]):N:C([H]):N:C:3:2)O[C@]1([H])C([H])([H])OP(=O)(O[H])OP(=O)(O[H])O[P:91](=[O:92])([O:93])[O:94]>>[H]C1=C2N=C(C(C([H])([H])[H])=C3N([H])[C@@](C([H])([H])[H])([C@]4([H])N=C(C(C([H])([H])[H])=C5N=C1C(C([H])([H])[H])(C([H])([H])[H])[C@]5([H])C([H])([H])C([H])([H])C(=O)N([H])[H])[C@](C([H])([H])[H])(C([H])([H])C([H])([H])C(=O)N([H])C([H])([H])[C@]([H])(O[P:91](=[O:92])([O:93])[O:94])C([H])([H])[H])[C@@]4([H])C([H])([H])C(=O)N([H])[H])[C@@](C([H])([H])[H])(C([H])([H])C(=O)N([H])[H])[C@]3([H])C([H])([H])C([H])([H])C(=O)N([H])[H])[C@@](C([H])([H])[H])(C([H])([H])C(=O)N([H])[H])[C@]2([H])C([H])([H])C([H])([H])C(=O)N([H])[H],EVODEX-P18858
EVODEX-N7337,>>[H]C1=C2N=C(C(C([H])([H])[H])=C3N([H])[C@@](C([H])([H])[H])([C@]4([H])N=C(C(C([H])([H])[H])=C5N=C1C(C([H])([H])[H])(C([H])([H])[H])[C@]5([H])C([H])([H])C([H])([H])C(=O)N([H])[H])[C@](C([H])([H])[H])(C([H])([H])C([H])([H])C(=O)N([H])C([H])([H])[C@]([H])(O)C([H])([H])[H])[C@@]4([H])C([H])([H])C(=O)N([H])[H])[C@@](C([H])([H])[H])(C([H])([H])C(=O)N([H])[H])[C@]3([H])C([H])([H])C([H])([H])C(=O)N([H])[H])[C@@](C([H])([H])[H])(C([H])([H])C(=O)N([H])[H])[C@]2([H])C([H])([H])C([H])([H])C(=O)N([H])[H].[H],EVODEX-P18860
EVODEX-N7338,[H]O[C@@]1([H])[C@@]([H])(O[H])[C@]([H])(N2:C([H]):N:C3:C(N([H])[H]):N:C([H]):N:C:3:2)O[C@]1([H])C([H])([H])OP(=O)(O[H])OP(=O)(O[H])O[P:39](=[O:40])([O:41])[O:42]>>[H]OC([H])([H])[C@@]1([H])O[C@]([H])(O[P:39](=[O:40])([O:41])[O:42])[C@]([H])(N([H])C(=O)C([H])([H])[H])[C@@]([H])(O[H])[C@@]1([H])O[H],EVODEX-P18863
EVODEX-N7339,[H]O[C@@]1([H])[C@@]([H])(O[H])[C@]([H])(N2:C([H]):N:C3:C(N([H])[H]):N:C([H]):N:C:3:2)O[C@]1([H])C([H])([H])OP(=O)(O[H])OP(=O)(O[H])O[P:24](=[O:25])([O:26])[O:27]>>[H]OP(=O)(O[H])O[C@@]1([H])[C@]([H])(OP(=O)(O[H])O[H])[C@@]([H])(OP(=O)(O[H])O[H])[C@]([H])(O[P:24](=[O:25])([O:26])[O:27])[C@]([H])(OP(=O)(O[H])O[H])[C@]1([H])OP(=O)(O[H])O[H],EVODEX-P18869
EVODEX-N7340,>>[H].[H]OP(=O)(O[H])O[C@@]1([H])[C@]([H])(OP(=O)(O[H])O[H])[C@@]([H])(OP(=O)(O[H])O[H])[C@]([H])(O)[C@]([H])(OP(=O)(O[H])O[H])[C@]1([H])OP(=O)(O[H])O[H],EVODEX-P18870
EVODEX-N7341,[H]O[C@@]1([H])[C@@]([H])(O[H])[C@]([H])(N2:C([H]):C([H]):C(N([H])[H]):N:C:2=O)O[C@]1([H])C([H])([H])OP(=O)(O[H])OP(=O)(O[H])O[P:46](=[O:47])([O:48])[O:49]>>[H]O[C@@]([H])([C@@]([H])(O[H])C([H])([H])N1:C2:N:C(=O):N([H]):C(=O):C2:N:C2:C([H]):C(C([H])([H])[H]):C(C([H])([H])[H]):C([H]):C:2:1)[C@]([H])(O[H])C([H])([H])O[P:46](=[O:47])([O:48])[O:49],EVODEX-P18873
EVODEX-N7342,[H]O[C@@]1([H])[C@@]([H])(O[H])[C@]([H])(N2:C([H]):C([H]):C(=O):N([H]):C:2=O)O[C@]1([H])C([H])([H])OP(=O)(O[H])OP(=O)(O[H])O[P:46](=[O:47])([O:48])[O:49]>>[H]O[C@@]([H])([C@@]([H])(O[H])C([H])([H])N1:C2:N:C(=O):N([H]):C(=O):C2:N:C2:C([H]):C(C([H])([H])[H]):C(C([H])([H])[H]):C([H]):C:2:1)[C@]([H])(O[H])C([H])([H])O[P:46](=[O:47])([O:48])[O:49],EVODEX-P18877
EVODEX-N7343,[H]O[C@@]1([H])[C@@]([H])(O[H])[C@]([H])(N2:C([H]):N:C3:C(N([H])[H]):N:C([H]):N:C:3:2)O[C@]1([H])C([H])([H])OP(=O)(O[H])OP(=O)(O[H])O[P:24](=[O:25])([O:26])[O:27]>>[H]OC([H])([H])[C@@]1([H])O[C@@]([H])(O[P:24](=[O:25])([O:26])[O:27])[C@]([H])(N([H])C(=O)C(F)(F)F)[C@@]([H])(O[H])[C@]1([H])O[H],EVODEX-P18882
EVODEX-N7344,>>[H].[H]OC([H])([H])[C@@]1([H])O[C@@]([H])(O)[C@]([H])(N([H])C(=O)C(F)(F)F)[C@@]([H])(O[H])[C@]1([H])O[H],EVODEX-P18883
EVODEX-N7345,[H]O[C@@]1([H])[C@@]([H])(O[H])[C@]([H])(N2:C([H]):N:C3:C(N([H])[H]):N:C([H]):N:C:3:2)O[C@]1([H])C([H])([H])OP(=O)(O[H])OP(=O)(O[H])O[P:60](=[O:61])([O:62])[O:63]>>[H]OC([H])([H])[C@@]1([H])O[C@@]([H])(O[C@@]2([H])[C@]([H])(O[P:60](=[O:61])([O:62])[O:63])[C@@]([H])(N([H])C([H])([H])[H])C([H])([H])[C@@]([H])(N([H])[H])[C@]2([H])O[H])[C@@]2([H])O[C@]3(O[C@@]2([H])[C@@]1([H])O[H])O[C@]([H])([C@]([H])(N([H])[H])C([H])([H])O[H])[C@]([H])(O[H])[C@]([H])(O[H])[C@@]3([H])O[H],EVODEX-P18886
EVODEX-N7346,[H]O[C@@]1([H])[C@@]([H])(O[H])[C@]([H])(N2:C([H]):N:C3:C(N([H])[H]):N:C([H]):N:C:3:2)O[C@]1([H])C([H])([H])OP(=O)(O[H])OP(=O)(O[H])O[P:24](=[O:25])([O:26])[O:27]>>[H]OC(=O)[C@]([H])(O[P:24](=[O:25])([O:26])[O:27])C([H])([H])O[H],EVODEX-P18892
EVODEX-N7347,[H]O[C@@]1([H])[C@@]([H])(O[H])[C@]([H])(N2:C([H]):N:C3:C(N([H])[H]):N:C([H]):N:C:3:2)O[C@]1([H])C([H])([H])OP(=O)(O[H])OP(=O)(O[H])O[P:24](=[O:25])([O:26])[O:27]>>[H]O[C@@]1([H])[C@]([H])(O[H])[C@]([H])(O[H])[C@]([H])(O[P:24](=[O:25])([O:26])[O:27])O[C@]1([H])[C@]([H])(O[H])C([H])([H])OP(=O)(O[H])O[H],EVODEX-P18901
EVODEX-N7348,>>[H].[H]O[C@@]1([H])[C@]([H])(O[H])[C@@]([H])([C@]([H])(O[H])C([H])([H])OP(=O)(O[H])O[H])O[C@@]([H])(O)[C@@]1([H])O[H],EVODEX-P18902
EVODEX-N7349,[H]O[C@@]1([H])[C@@]([H])(O[H])[C@]([H])(N2:C([H]):N:C3:C(N([H])[H]):N:C([H]):N:C:3:2)O[C@]1([H])C([H])([H])OP(=O)(O[H])OP(=O)(O[H])O[P:34](=[O:35])([O:36])[O:37]>>[H]OC(=O)[C@]([H])(O[H])C(C([H])([H])[H])(C([H])([H])[H])C([H])([H])O[P:34](=[O:35])([O:36])[O:37],EVODEX-P18905
EVODEX-N7350,>>[H]OC(=O)[C@]([H])(O[H])C(C([H])([H])[H])(C([H])([H])[H])C([H])([H])O.[H],EVODEX-P18907
EVODEX-N7351,[C:6][O:7][C:8].[O:42][P:43](=[O:44])([O:45])[O:46]>>[H]O[C:6].[O:7]([C:8])[P:43](=[O:44])([O:45])[O:46].[H][O:42],"EVODEX-P18908,EVODEX-P19178"
EVODEX-N7352,[C:5][C@:6]([O:7][C:8])([O:10])[H:57].[O:42][P:43](=[O:44])([O:45])[O:46].[H][O:51][H:85]>>[C:5][C@@:6]([O:10])([O:51][H:85])[H:57].[O:7]([C:8])[P:43](=[O:44])([O:45])[O:46].[H][O:42],"EVODEX-P18909,EVODEX-P19179"
EVODEX-N7353,.[H][O:51][H:85]>>[H]OC(=O)[C@]([H])(O[C@@]1([H])[C@]([H])(O[H])[C@@]([H])(C([H])([H])O)O[C@@]([H])([O:51][H:85])[C@]1([H])N([H])C(=O)C([H])([H])[H])C([H])([H])[H].[H],"EVODEX-P18910,EVODEX-P22504"
EVODEX-N7354,[H][O:51][H:85]>>[H]OC(=O)[C@]([H])(O[C@@]1([H])[C@]([H])(O[H])[C@@]([H])(C([H])([H])OP(=O)(O[H])O[H])O[C@@]([H])([O:51][H:85])[C@]1([H])N([H])C(=O)C([H])([H])[H])C([H])([H])[H],EVODEX-P18911
EVODEX-N7355,[C:6][O:7][C:8].[H]O[C@@]1([H])[C@@]([H])(O[H])[C@]([H])(N2:C([H]):N:C3:C(N([H])[H]):N:C([H]):N:C:3:2)O[C@]1([H])C([H])([H])OP(=O)(O[H])OP(=O)(O[H])O[P:43](=[O:44])([O:45])[O:46]>>[H]O[C:6].[O:7]([C:8])[P:43](=[O:44])([O:45])[O:46],"EVODEX-P18912,EVODEX-P19182"
EVODEX-N7356,[C:5][C@:6]([O:7])([O:10])[H:57].[H][O:51][H:85]>>[C:5][C@@:6]([O:10])([O:51][H:85])[H:57].[H]OP(=O)(O[H])[O:7],"EVODEX-P18913,EVODEX-P19184"
EVODEX-N7357,[H]O[C@@]1([H])[C@@]([H])(O[H])[C@]([H])(N2:C([H]):N:C3:C(N([H])[H]):N:C([H]):N:C:3:2)O[C@]1([H])C([H])([H])OP(=O)(O[H])OP(=O)(O[H])O[P:43](=[O:44])([O:45])[O:46]>>[H]OC(=O)[C@]([H])(O[C@@]1([H])[C@]([H])(O[H])[C@@]([H])(C([H])([H])O[P:43](=[O:44])([O:45])[O:46])O[C@@]([H])(O[H])[C@]1([H])N([H])C(=O)C([H])([H])[H])C([H])([H])[H],EVODEX-P18914
EVODEX-N7358,>>[H]O.[H]OP(=O)O[H],"EVODEX-P18915,EVODEX-P19185"
EVODEX-N7359,[C:5][C@:6]([O:7][C:8])([O:10])[H:57].[H]O[C@@]1([H])[C@@]([H])(O[H])[C@]([H])(N2:C([H]):N:C3:C(N([H])[H]):N:C([H]):N:C:3:2)O[C@]1([H])C([H])([H])OP(=O)(O[H])OP(=O)(O[H])O[P:43](=[O:44])([O:45])[O:46].[H][O:51][H:85]>>[C:5][C@@:6]([O:10])([O:51][H:85])[H:57].[O:7]([C:8])[P:43](=[O:44])([O:45])[O:46],"EVODEX-P18916,EVODEX-P19183"
EVODEX-N7360,>>[H]OC(=O)[C@]([H])(O[C@@]1([H])[C@]([H])(O[H])[C@@]([H])(C([H])([H])O)O[C@@]([H])(O[H])[C@]1([H])N([H])C(=O)C([H])([H])[H])C([H])([H])[H].[H],"EVODEX-P18917,EVODEX-P19133"
EVODEX-N7361,[H]O[C@@]1([H])[C@@]([H])(O[H])[C@]([H])(N2:C([H]):N:C3:C(N([H])[H]):N:C([H]):N:C:3:2)O[C@]1([H])C([H])([H])OP(=O)(O[H])OP(=O)(O[H])O[P:43](=[O:44])([O:45])[O:46].[H][O:51][H:85]>>[H]OC(=O)[C@]([H])(O[C@@]1([H])[C@]([H])(O[H])[C@@]([H])(C([H])([H])O[P:43](=[O:44])([O:45])[O:46])O[C@@]([H])([O:51][H:85])[C@]1([H])N([H])C(=O)C([H])([H])[H])C([H])([H])[H],EVODEX-P18918
EVODEX-N7362,[H]O[C@@]1([H])[C@@]([H])(O[H])[C@]([H])(N2:C([H]):N:C3:C(N([H])[H]):N:C([H]):N:C:3:2)O[C@]1([H])C([H])([H])OP(=O)(O[H])OP(=O)(O[H])O[P:24](=[O:25])([O:26])[O:27]>>[H]OC([H])([H])[C@@]([H])(O[H])[C@@]([H])(O[H])[C@]([H])(O[P:24](=[O:25])([O:26])[O:27])C(=O)C([H])([H])N1C([H])([H])C([H])([H])OC([H])([H])C1([H])[H],EVODEX-P18922
EVODEX-N7363,>>[H].[H]OC([H])([H])[C@@]([H])(O[H])[C@@]([H])(O[H])[C@]([H])(O)C(=O)C([H])([H])N1C([H])([H])C([H])([H])OC([H])([H])C1([H])[H],"EVODEX-P18923,EVODEX-P19118"
EVODEX-N7364,[H]O[C@@]1([H])[C@@]([H])(O[H])[C@]([H])(N2:C([H]):N:C3:C(N([H])[H]):N:C([H]):N:C:3:2)O[C@]1([H])C([H])([H])OP(=O)(O[H])OP(=O)(O[H])O[P:44](=[O:45])([O:46])[O:47]>>[H]OC(=O)[C@@]([H])(N([H])[H])C([H])([H])C([H])([H])C([H])([H])N([H])[C@]1(C([H])([H])O[H])O[C@]([H])(C([H])([H])O[H])[C@@]([H])(O[P:44](=[O:45])([O:46])[O:47])[C@]1([H])O[H],EVODEX-P18926
EVODEX-N7365,>>[H]OC(=O)[C@@]([H])(N([H])[H])C([H])([H])C([H])([H])C([H])([H])N([H])[C@]1(C([H])([H])O[H])O[C@]([H])(C([H])([H])O[H])[C@@]([H])(O)[C@]1([H])O[H].[H],EVODEX-P18928
EVODEX-N7366,[H]O[C@@]1([H])[C@@]([H])(O[H])[C@]([H])(N2:C([H]):N:C3:C(N([H])[H]):N:C([H]):N:C:3:2)O[C@]1([H])C([H])([H])OP(=O)(O[H])OP(=O)(O[H])O[P:41](=[O:42])([O:43])[O:44]>>[H]OC(=O)[C@@]([H])(N([H])[H])C([H])([H])C([H])([H])C([H])([H])C([H])([H])N([H])C([H])([H])C(=O)[C@]([H])(O[P:41](=[O:42])([O:43])[O:44])C([H])([H])O[H],EVODEX-P18932
EVODEX-N7367,>>[H].[H]OC(=O)[C@@]([H])(N([H])[H])C([H])([H])C([H])([H])C([H])([H])C([H])([H])N([H])C([H])([H])C(=O)[C@]([H])(O)C([H])([H])O[H],EVODEX-P18933
EVODEX-N7368,[H]O[C@@]1([H])[C@@]([H])(O[H])[C@]([H])(N2:C([H]):N:C3:C(N([H])[H]):N:C([H]):N:C:3:2)O[C@]1([H])C([H])([H])OP(=O)(O[H])OP(=O)(O[H])O[P:43](=[O:44])([O:45])[O:46]>>[H]OC(=O)[C@@]([H])(N([H])[H])C([H])([H])C([H])([H])C([H])([H])C([H])([H])N([H])[C@]1(C([H])([H])O[H])OC([H])([H])[C@@]([H])(O[P:43](=[O:44])([O:45])[O:46])[C@@]1([H])O[H],EVODEX-P18936
EVODEX-N7369,>>[H]OC(=O)[C@@]([H])(N([H])[H])C([H])([H])C([H])([H])C([H])([H])C([H])([H])N([H])[C@]1(C([H])([H])O[H])OC([H])([H])[C@@]([H])(O)[C@@]1([H])O[H].[H],EVODEX-P18938
EVODEX-N7370,[H]O[C@@]1([H])[C@@]([H])(O[H])[C@]([H])(N2:C([H]):N:C3:C(N([H])[H]):N:C([H]):N:C:3:2)O[C@]1([H])C([H])([H])OP(=O)(O[H])O[P:20](=[O:21])([O:22])[O:23]>>[H]O[C@@]1([H])[C@]([H])(OC(=O)C2:C([H]):N:C([H]):C([H]):C:2[H])O[C@]([H])(C([H])([H])O[P:20](=[O:21])([O:22])[O:23])[C@@]1([H])O[H],EVODEX-P18942
EVODEX-N7371,>>[H].[H]O[C@@]1([H])[C@]([H])(OC(=O)C2:C([H]):N:C([H]):C([H]):C:2[H])O[C@]([H])(C([H])([H])O)[C@@]1([H])O[H],EVODEX-P18943
EVODEX-N7372,[H]O[C@@]1([H])[C@@]([H])(O[H])[C@]([H])(N2:C([H]):N:C3:C(N([H])[H]):N:C([H]):N:C:3:2)O[C@]1([H])C([H])([H])OP(=O)(O[H])OP(=O)(O[H])O[P:42](=[O:43])([O:44])[O:45]>>[H]O[C@@]1([H])[C@@]([H])(O[H])[C@]([H])(C2:N:C([H]):C([H]):C([H]):C:2C(=O)N([H])[H])O[C@]1([H])C([H])([H])O[P:42](=[O:43])([O:44])[O:45],EVODEX-P18947
EVODEX-N7373,>>[H].[H]O[C@@]1([H])[C@@]([H])(O[H])[C@]([H])(C2:N:C([H]):C([H]):C([H]):C:2C(=O)N([H])[H])O[C@]1([H])C([H])([H])O,EVODEX-P18948
EVODEX-N7374,[H]O[C@@]1([H])[C@@]([H])(O[H])[C@]([H])(N2:C([H]):C([H]):C(N([H])[H]):N:C:2=O)O[C@]1([H])C([H])([H])OP(=O)(O[H])OP(=O)(O[H])O[P:63](=[O:64])([O:65])[O:66]>>[H]/C(=C(\[H])C([H])([H])C([H])([H])C([H])([H])C([H])([H])C([H])([H])C([H])([H])C([H])([H])C([H])([H])[H])C([H])([H])C([H])([H])C([H])([H])C([H])([H])C([H])([H])C([H])([H])C([H])([H])C(=O)OC([H])([H])[C@@]([H])(OC(=O)C([H])([H])C([H])([H])C([H])([H])C([H])([H])C([H])([H])C([H])([H])C([H])([H])/C([H])=C(/[H])C([H])([H])C([H])([H])C([H])([H])C([H])([H])C([H])([H])C([H])([H])C([H])([H])C([H])([H])[H])C([H])([H])O[P:63](=[O:64])([O:65])[O:66],EVODEX-P18951
EVODEX-N7375,[H]O[C@@]1([H])[C@@]([H])(O[H])[C@]([H])(N2:C([H]):N:C3:C(N([H])[H]):N:C([H]):N:C:3:2)O[C@]1([H])C([H])([H])OP(=O)(O[H])OP(=O)(O[H])O[P:24](=[O:25])([O:26])[O:27]>>[H]OC([H])([H])[C@@]1([H])O[C@]([H])(O[C@@]2([H])[C@]([H])(O[H])[C@@]([H])(O[H])[C@]([H])(O[P:24](=[O:25])([O:26])[O:27])O[C@]2([H])C([H])([H])O[H])[C@]([H])(O[H])[C@@]([H])(O[H])[C@]1([H])O[H],EVODEX-P18957
EVODEX-N7376,[H]O[C@@]1([H])[C@@]([H])(O[H])[C@]([H])(N2:C([H]):N:C3:C(=O):N([H]):C(N([H])[H]):N:C:3:2)O[C@]1([H])C([H])([H])OP(=O)(O[H])OP(=O)(O[H])O[P:22](=[O:23])([O:24])[O:25]>>[H]OC([H])([H])[C@@]1([H])O[C@]([H])(O[C@@]2([H])[C@]([H])(O[H])[C@@]([H])(O[H])[C@]([H])(O[P:22](=[O:23])([O:24])[O:25])O[C@]2([H])C([H])([H])O[H])[C@]([H])(O[H])[C@@]([H])(O[H])[C@]1([H])O[H],EVODEX-P18961
EVODEX-N7377,[H]O[C@@]1([H])[C@@]([H])(O[H])[C@]([H])(N2:C([H]):N:C3:C(N([H])[H]):N:C([H]):N:C:3:2)O[C@]1([H])C([H])([H])OP(=O)(O[H])OP(=O)(O[H])O[P:63](=[O:64])([O:65])[O:66]>>[H]OC([H])([H])[C@@]1([H])O[C@]([H])(OP(=O)(O[H])OP(=O)(O[H])OC([H])([H])[C@@]2([H])O[C@@]([H])(N3:C([H]):C([H]):C(=O):N([H]):C:3=O)[C@]([H])(O[H])[C@]2([H])O[H])[C@]([H])(N([H])C(=O)C([H])([H])[H])[C@@]([H])(O[P:63](=[O:64])([O:65])[O:66])[C@]1([H])O[H],EVODEX-P18965
EVODEX-N7378,[H]O[C@@]1([H])[C@@]([H])(O[H])[C@]([H])(N2:C([H]):N:C3:C(N([H])[H]):N:C([H]):N:C:3:2)O[C@]1([H])C([H])([H])OP(=O)(O[H])OP(=O)(O[H])O[P:32](=[O:33])([O:34])[O:35]>>[H]OC(=O)[C@@]([H])(N([H])[H])[C@]([H])(O[P:32](=[O:33])([O:34])[O:35])C([H])([H])[H],EVODEX-P18970
EVODEX-N7379,>>[H]OC(=O)[C@@]([H])(N([H])[H])[C@]([H])(O)C([H])([H])[H].[H],"EVODEX-P18972,EVODEX-P33158"
EVODEX-N7380,[H]O[C@@]1([H])[C@@]([H])(O[H])[C@]([H])(N2:C([H]):N:C3:C(N([H])[H]):N:C([H]):N:C:3:2)O[C@]1([H])C([H])([H])OP(=O)(O[H])OP(=O)(O[H])O[P:36](=[O:37])([O:38])[O:39]>>[H]OC1([H])O[C@]([H])(C([H])([H])O[P:36](=[O:37])([O:38])[O:39])[C@@]([H])(O[H])[C@]([H])(N([H])[H])[C@@]1([H])O[H],EVODEX-P18976
EVODEX-N7381,>>[H].[H]OC1([H])O[C@]([H])(C([H])([H])O)[C@@]([H])(O[H])[C@]([H])(N([H])[H])[C@@]1([H])O[H],EVODEX-P18977
EVODEX-N7382,[H]O[C@@]1([H])[C@@]([H])(O[H])[C@]([H])(N2:C([H]):N:C3:C(N([H])[H]):N:C([H]):N:C:3:2)O[C@]1([H])C([H])([H])OP(=O)(O[H])OP(=O)(O[H])O[P:24](=[O:25])([O:26])[O:27]>>[H]OC([H])([H])[C@@]1([H])O[C@]([H])(O[C@]2([H])C([H])(O[H])O[C@]([H])(C([H])([H])O[H])[C@@]([H])(O[H])[C@]2([H])O[H])[C@@]([H])(O[H])[C@@]([H])(O[P:24](=[O:25])([O:26])[O:27])[C@]1([H])O[H],EVODEX-P18981
EVODEX-N7383,[H]O[C@@]1([H])[C@@]([H])(O[H])[C@]([H])(N2:C([H]):N:C3:C(N([H])[H]):N:C([H]):N:C:3:2)O[C@]1([H])C([H])([H])OP(=O)(O[H])OP(=O)(O[H])O[P:24](=[O:25])([O:26])[O:27]>>[H]OC([H])([H])[C@@]1([H])OC([H])(O[H])[C@@]([H])(O[P:24](=[O:25])([O:26])[O:27])[C@@]([H])(O[H])[C@]1([H])O[H],EVODEX-P18986
EVODEX-N7384,[H]O[C@@]1([H])[C@@]([H])(O[H])[C@]([H])(N2:C([H]):C([H]):C(N([H])[H]):N:C:2=O)O[C@]1([H])C([H])([H])OP(=O)(O[H])OP(=O)(O[H])O[P:40](=[O:41])([O:42])[O:43]>>[H]/C(=C(/C([H])([H])[H])C([H])([H])C([H])([H])C([H])([H])[C@]([H])(C([H])([H])[H])C([H])([H])C([H])([H])C([H])([H])[C@]([H])(C([H])([H])[H])C([H])([H])C([H])([H])C([H])([H])C([H])(C([H])([H])[H])C([H])([H])[H])C([H])([H])O[P:40](=[O:41])([O:42])[O:43],EVODEX-P18990
EVODEX-N7385,>>[H]/C(=C(/C([H])([H])[H])C([H])([H])C([H])([H])C([H])([H])[C@]([H])(C([H])([H])[H])C([H])([H])C([H])([H])C([H])([H])[C@]([H])(C([H])([H])[H])C([H])([H])C([H])([H])C([H])([H])C([H])(C([H])([H])[H])C([H])([H])[H])C([H])([H])O.[H],"EVODEX-P18992,EVODEX-P18996"
EVODEX-N7386,[H]O[C@@]1([H])[C@@]([H])(O[H])[C@]([H])(N2:C([H]):N:C3:C(N([H])[H]):N:C([H]):N:C:3:2)O[C@]1([H])C([H])([H])OP(=O)(O[H])OP(=O)(O[H])O[P:45](=[O:46])([O:47])[O:48]>>[H]/C(=C(/C([H])([H])[H])C([H])([H])C([H])([H])C([H])([H])[C@]([H])(C([H])([H])[H])C([H])([H])C([H])([H])C([H])([H])[C@]([H])(C([H])([H])[H])C([H])([H])C([H])([H])C([H])([H])C([H])(C([H])([H])[H])C([H])([H])[H])C([H])([H])O[P:45](=[O:46])([O:47])[O:48],EVODEX-P18995
EVODEX-N7387,[H]O[C@@]1([H])[C@@]([H])(O[H])[C@]([H])(N2:C([H]):N:C3:C(N([H])[H]):N:C([H]):N:C:3:2)O[C@]1([H])C([H])([H])OP(=O)(O[H])OP(=O)(O[H])O[P:24](=[O:25])([O:26])[O:27]>>[H]O[C@@]([H])([C@]([H])(O[H])C(=O)C([H])([H])O[P:24](=[O:25])([O:26])[O:27])[C@]([H])(O[H])C([H])([H])S(=O)(=O)O[H],EVODEX-P19000
EVODEX-N7388,>>[H].[H]O[C@@]([H])([C@]([H])(O[H])C(=O)C([H])([H])O)[C@]([H])(O[H])C([H])([H])S(=O)(=O)O[H],EVODEX-P19001
EVODEX-N7389,[H]O[C@@]1([H])[C@@]([H])(O[H])[C@]([H])(N2:C([H]):N:C3:C(N([H])[H]):N:C([H]):N:C:3:2)O[C@]1([H])C([H])([H])OP(=O)(O[H])OP(=O)(O[H])O[P:24](=[O:25])([O:26])[O:27]>>[H]OC1(C([H])([H])O[P:24](=[O:25])([O:26])[O:27])O[C@]([H])(C([H])([H])S(=O)(=O)O[H])[C@@]([H])(O[H])[C@]1([H])O[H],EVODEX-P19005
EVODEX-N7390,>>[H].[H]OC1(C([H])([H])O)O[C@]([H])(C([H])([H])S(=O)(=O)O[H])[C@@]([H])(O[H])[C@]1([H])O[H],EVODEX-P19006
EVODEX-N7391,[H]O[C@@]1([H])[C@@]([H])(O[H])[C@]([H])(N2:C([H]):N:C3:C(N([H])[H]):N:C([H]):N:C:3:2)O[C@]1([H])C([H])([H])OP(=O)(O[H])OP(=O)(O[H])O[P:34](=[O:35])([O:36])[O:37]>>[H]OC(=O)C([H])([H])[C@@](O[P:34](=[O:35])([O:36])[O:37])(C([H])([H])[H])C([H])([H])C([H])([H])O[H],EVODEX-P19009
EVODEX-N7392,[H]OC(=O)[C:5]([C:2]([C:1]([H])([H:40])[H:41])([C:3])[O:4][H:46])([H:47])[H:48].[O:27][P:28](=[O:29])([O:30])[O:31]>>[H][C:5]([C:2](=[C:1]([H:40])[H:41])[C:3])([H:47])[H:48].[H][O:31].[O:4]([P:28]([O:27])(=[O:29])[O:30])[H:46],"EVODEX-P19012,EVODEX-P29567,EVODEX-P29874"
EVODEX-N7393,[H]OC(C([H])([H])[H])(C([H])([H])[H])C([H])([H])[C:6](=[O:7])[O:8][H]>>[C:6](=[O:7])=[O:8],EVODEX-P19013
EVODEX-N7394,[H]OC(=O)C([H])([H])C(C([H])([H])[H])(C([H])([H])[H])[O:4][H:46]>>[H]O[C@@]1([H])[C@@]([H])(O[H])[C@]([H])(N2:C([H]):N:C3:C(N([H])[H]):N:C([H]):N:C:3:2)O[C@]1([H])C([H])([H])OP(=O)(O[H])OP(=O)(O[H])[O:4][H:46],EVODEX-P19014
EVODEX-N7395,[H]O[C:2]([C:1]([H])([H:40])[H:41])([C:3])[C:5][C:6](=[O:7])[O:8][H]>>[C:6](=[O:7])=[O:8].[H][C:5][C:2](=[C:1]([H:40])[H:41])[C:3],"EVODEX-P19015,EVODEX-P29570,EVODEX-P29877"
EVODEX-N7396,[H][C:1]([C:2]([C:3])([O:4][H:46])[C:5][C:6](=[O:7])[O:8][H])([H:40])[H:41].[O:27][P:28](=[O:29])([O:30])[O:31]>>[C:6](=[O:7])=[O:8].[H][C:5][C:2](=[C:1]([H:40])[H:41])[C:3].[H][O:31].[O:4]([P:28]([O:27])(=[O:29])[O:30])[H:46],"EVODEX-P19016,EVODEX-P29574,EVODEX-P29878"
EVODEX-N7397,[H]C([H])([H])C(C([H])([H])[H])(C([H])([H])[C:6](=[O:7])[O:8][H])[O:4][H:46].[O:27][P:28](=[O:29])([O:30])[O:31]>>[C:6](=[O:7])=[O:8].[H][O:31].[O:4]([P:28]([O:27])(=[O:29])[O:30])[H:46],EVODEX-P19017
EVODEX-N7398,[H]O[C:2]([C:1]([H])([H:40])[H:41])([C:3])[C:5][C:6](=[O:7])[O:8][H].[H]O[C@@]1([H])[C@@]([H])(O[H])[C@]([H])(N2:C([H]):N:C3:C(N([H])[H]):N:C([H]):N:C:3:2)O[C@]1([H])C([H])([H])OP(=O)(O[H])OP(=O)(O[H])[O:31][P:32]>>[C:6](=[O:7])=[O:8].[H][C:5][C:2](=[C:1]([H:40])[H:41])[C:3].[H][O:31][P:32],"EVODEX-P19018,EVODEX-P29584,EVODEX-P29880"
EVODEX-N7399,[H]OC(=O)C([H])([H])C(C([H])([H])[H])(C([H])([H])[H])[O:4][H:46].[H]OP(=O)(O[H])O[P:28]([O:27])(=[O:29])[O:30]>>[O:4]([P:28]([O:27])(=[O:29])[O:30])[H:46],EVODEX-P19019
EVODEX-N7400,[H]C([H])([H])C(C([H])([H])[H])(C([H])([H])[C:6](=[O:7])[O:8][H])[O:4][H:46]>>[C:6](=[O:7])=[O:8].[H]O[C@@]1([H])[C@@]([H])(O[H])[C@]([H])(N2:C([H]):N:C3:C(N([H])[H]):N:C([H]):N:C:3:2)O[C@]1([H])C([H])([H])OP(=O)(O[H])OP(=O)(O[H])[O:4][H:46],EVODEX-P19020
EVODEX-N7401,[H]OC(C([H])([H])[H])(C([H])([H])[H])C([H])([H])[C:6](=[O:7])[O:8][H].[H]O[C@@]1([H])[C@@]([H])(O[H])[C@]([H])(N2:C([H]):N:C3:C(N([H])[H]):N:C([H]):N:C:3:2)O[C@]1([H])C([H])([H])OP(=O)(O[H])OP(=O)(O[H])[O:31][P:32]>>[C:6](=[O:7])=[O:8].[H][O:31][P:32],EVODEX-P19021
EVODEX-N7402,[H]OC(=O)[C:5]([C:2]([C:1]([H])([H:40])[H:41])([C:3])[O:4])([H:47])[H:48]>>[H][C:5]([C:2](=[C:1]([H:40])[H:41])[C:3])([H:47])[H:48].[H]O[C@@]1([H])[C@@]([H])(O[H])[C@]([H])(N2:C([H]):N:C3:C(N([H])[H]):N:C([H]):N:C:3:2)O[C@]1([H])C([H])([H])OP(=O)(O[H])OP(=O)(O[H])[O:4],"EVODEX-P19022,EVODEX-P29573,EVODEX-P29884"
EVODEX-N7403,[H]OC(=O)[C:5]([C:2](O[H])([C:1]([H])([H:40])[H:41])[C:3])([H:47])[H:48]>>[H][C:5]([C:2](=[C:1]([H:40])[H:41])[C:3])([H:47])[H:48],"EVODEX-P19023,EVODEX-P29579,EVODEX-P29885"
EVODEX-N7404,[H]OC(=O)[C:5]([C:2](O[H])([C:1]([H])([H:40])[H:41])[C:3])([H:47])[H:48].[H]O[C@@]1([H])[C@@]([H])(O[H])[C@]([H])(N2:C([H]):N:C3:C(N([H])[H]):N:C([H]):N:C:3:2)O[C@]1([H])C([H])([H])OP(=O)(O[H])OP(=O)(O[H])[O:31][P:32]>>[H][C:5]([C:2](=[C:1]([H:40])[H:41])[C:3])([H:47])[H:48].[H][O:31][P:32],"EVODEX-P19024,EVODEX-P29582,EVODEX-P29886"
EVODEX-N7405,[H]C([H])([H])C(C([H])([H])[H])(C([H])([H])[C:6](=[O:7])[O:8][H])[O:4][H:46].[H]OP(=O)(O[H])O[P:28]([O:27])(=[O:29])[O:30]>>[C:6](=[O:7])=[O:8].[O:4]([P:28]([O:27])(=[O:29])[O:30])[H:46],EVODEX-P19025
EVODEX-N7406,[H][C:1]([C:2]([C:3])([O:4])[C:5][C:6](=[O:7])[O:8][H])([H:40])[H:41]>>[C:6](=[O:7])=[O:8].[H][C:5][C:2](=[C:1]([H:40])[H:41])[C:3].[H]O[C@@]1([H])[C@@]([H])(O[H])[C@]([H])(N2:C([H]):N:C3:C(N([H])[H]):N:C([H]):N:C:3:2)O[C@]1([H])C([H])([H])OP(=O)(O[H])OP(=O)(O[H])[O:4],"EVODEX-P19026,EVODEX-P29568,EVODEX-P29888"
EVODEX-N7407,[H]OC(=O)[C:5]([C:2]([C:1]([H])([H:40])[H:41])([C:3])[O:4][H:46])([H:47])[H:48].[H]OP(=O)(O[H])O[P:28]([O:27])(=[O:29])[O:30]>>[H][C:5]([C:2](=[C:1]([H:40])[H:41])[C:3])([H:47])[H:48].[O:4]([P:28]([O:27])(=[O:29])[O:30])[H:46],"EVODEX-P19027,EVODEX-P29580,EVODEX-P29889"
EVODEX-N7408,[H]OC(=O)C([H])([H])C(C([H])([H])[H])(C([H])([H])[H])[O:4][H:46].[O:27][P:28](=[O:29])([O:30])[O:31]>>[H][O:31].[O:4]([P:28]([O:27])(=[O:29])[O:30])[H:46],EVODEX-P19028
EVODEX-N7409,[H][C:1]([C:2]([C:3])([O:4][H:46])[C:5][C:6](=[O:7])[O:8][H])([H:40])[H:41].[H]OP(=O)(O[H])O[P:28]([O:27])(=[O:29])[O:30]>>[C:6](=[O:7])=[O:8].[H][C:5][C:2](=[C:1]([H:40])[H:41])[C:3].[O:4]([P:28]([O:27])(=[O:29])[O:30])[H:46],"EVODEX-P19029,EVODEX-P29576,EVODEX-P29891"
EVODEX-N7410,[H]O[C@@]1([H])[C@@]([H])(O[H])[C@]([H])(N2:C([H]):N:C3:C(N([H])[H]):N:C([H]):N:C:3:2)O[C@]1([H])C([H])([H])OP(=O)(O[H])OP(=O)(O[H])O[P:38](=[O:39])([O:40])[O:41]>>[H]OC(=O)C([H])([H])[C@@](OP(=O)(O[H])O[H])(C([H])([H])[H])C([H])([H])C([H])([H])O[P:38](=[O:39])([O:40])[O:41],EVODEX-P19032
EVODEX-N7411,>>[H]OC(=O)C([H])([H])[C@@](OP(=O)(O[H])O[H])(C([H])([H])[H])C([H])([H])C([H])([H])O.[H],EVODEX-P19034
EVODEX-N7412,[H]O[C@@]1([H])[C@@]([H])(O[H])[C@]([H])(N2:C([H]):N:C3:C(N([H])[H]):N:C([H]):N:C:3:2)O[C@]1([H])C([H])([H])OP(=O)(O[H])OP(=O)(O[H])O[P:68](=[O:69])([O:70])[O:71]>>[H]OC([H])([H])[C@@]1([H])O[C@@]([H])(O[H])[C@]([H])(O[H])[C@@]([H])(O[H])[C@]1([H])O[C@@]1([H])O[C@]([H])(C([H])([H])O[H])[C@@]([H])(O[C@@]2([H])O[C@]([H])(C([H])([H])[H])[C@@]([H])(N([H])[C@@]3([H])C([H])=C(C([H])([H])O[P:68](=[O:69])([O:70])[O:71])[C@]([H])(O[H])[C@]([H])(O[H])[C@@]3([H])O[H])[C@]([H])(O[H])[C@@]2([H])O[H])[C@]([H])(O[H])[C@@]1([H])O[H],EVODEX-P19037
EVODEX-N7413,>>[H]OC([H])([H])[C@@]1([H])O[C@@]([H])(O[H])[C@]([H])(O[H])[C@@]([H])(O[H])[C@]1([H])O[C@@]1([H])O[C@]([H])(C([H])([H])O[H])[C@@]([H])(O[C@@]2([H])O[C@]([H])(C([H])([H])[H])[C@@]([H])(N([H])[C@@]3([H])C([H])=C(C([H])([H])O)[C@]([H])(O[H])[C@]([H])(O[H])[C@@]3([H])O[H])[C@]([H])(O[H])[C@@]2([H])O[H])[C@]([H])(O[H])[C@@]1([H])O[H].[H],EVODEX-P19039
EVODEX-N7414,[H]O[C@@]1([H])[C@@]([H])(O[H])[C@]([H])(N2:C([H]):N:C3:C(N([H])[H]):N:C([H]):N:C:3:2)O[C@]1([H])C([H])([H])OP(=O)(O[H])OP(=O)(O[H])O[P:24](=[O:25])([O:26])[O:27]>>[H]O[C@@]1(C([H])([H])O[P:24](=[O:25])([O:26])[O:27])C([H])([H])C(=O)[C@@]([H])(O[H])[C@@]([H])(O[H])[C@]1([H])O[H],EVODEX-P19043
EVODEX-N7415,>>[H].[H]O[C@@]1(C([H])([H])O)C([H])([H])C(=O)[C@@]([H])(O[H])[C@@]([H])(O[H])[C@]1([H])O[H],EVODEX-P19044
EVODEX-N7416,[H]O[C@@]1([H])[C@@]([H])(O[H])[C@]([H])(N2:C([H]):N:C3:C(N([H])[H]):N:C([H]):N:C:3:2)O[C@]1([H])C([H])([H])OP(=O)(O[H])OP(=O)(O[H])O[P:33](=[O:34])([O:35])[O:36]>>[H]O[C@]([H])(C(=O)C(=O)C([H])([H])[H])C([H])([H])O[P:33](=[O:34])([O:35])[O:36],EVODEX-P19047
EVODEX-N7417,>>[H]O[C@]([H])(C(=O)C(=O)C([H])([H])[H])C([H])([H])O.[H],EVODEX-P19049
EVODEX-N7418,[H]O[C@@]1([H])[C@@]([H])(O[H])[C@]([H])(N2:C([H]):N:C3:C(N([H])[H]):N:C([H]):N:C:3:2)O[C@]1([H])C([H])([H])OP(=O)(O[H])OP(=O)(O[H])O[P:36](=[O:37])([O:38])[O:39]>>[H]OC([H])(C(=O)C(=O)C([H])(C([H])([H])[H])C([H])([H])C([H])([H])[H])C([H])([H])O[P:36](=[O:37])([O:38])[O:39],EVODEX-P19052
EVODEX-N7419,>>[H]OC([H])(C(=O)C(=O)C([H])(C([H])([H])[H])C([H])([H])C([H])([H])[H])C([H])([H])O.[H],EVODEX-P19054
EVODEX-N7420,[H]O[C@@]1([H])[C@@]([H])(O[H])[C@]([H])(N2:C([H]):N:C3:C(=O):N([H]):C(N([H])[H]):N:C:3:2)O[C@]1([H])C([H])([H])OP(=O)(O[H])OP(=O)(O[H])O[P:62](=[O:63])([O:64])[O:65]>>[H]OC([H])([H])[C@@]1([H])O[C@]([H])(O[C@]2([H])[C@@]([H])(O[H])[C@]([H])(O[C@@]3([H])O[C@]([H])(C([H])([H])N([H])[H])[C@@]([H])(O[H])[C@]([H])(O[H])[C@@]3([H])O[H])[C@@]([H])(N([H])[H])C([H])([H])[C@@]2([H])N([H])C(=O)[C@@]([H])(O[H])C([H])([H])C([H])([H])N([H])[H])[C@]([H])(O[P:62](=[O:63])([O:64])[O:65])[C@@]([H])(N([H])[H])[C@]1([H])O[H],EVODEX-P19057
EVODEX-N7421,>>[H]OC([H])([H])[C@@]1([H])O[C@]([H])(O[C@]2([H])[C@@]([H])(O[H])[C@]([H])(O[C@@]3([H])O[C@]([H])(C([H])([H])N([H])[H])[C@@]([H])(O[H])[C@]([H])(O[H])[C@@]3([H])O[H])[C@@]([H])(N([H])[H])C([H])([H])[C@@]2([H])N([H])C(=O)[C@@]([H])(O[H])C([H])([H])C([H])([H])N([H])[H])[C@]([H])(O)[C@@]([H])(N([H])[H])[C@]1([H])O[H].[H],EVODEX-P19059
EVODEX-N7422,[H]O[C@@]1([H])[C@@]([H])(O[H])[C@]([H])(N2:C([H]):N:C3:C(=O):N([H]):C(N([H])[H]):N:C:3:2)O[C@]1([H])C([H])([H])OP(=O)(O[H])OP(=O)(O[H])O[P:54](=[O:55])([O:56])[O:57]>>[H]OC([H])([H])[C@@]1([H])O[C@]([H])(O[C@]2([H])[C@@]([H])(O[H])[C@]([H])(O[C@@]3([H])O[C@]([H])(C([H])([H])N([H])[H])[C@@]([H])(O[H])C([H])([H])[C@@]3([H])N([H])[H])[C@@]([H])(N([H])[H])C([H])([H])[C@@]2([H])N([H])[H])[C@]([H])(O[P:54](=[O:55])([O:56])[O:57])[C@@]([H])(N([H])[H])[C@]1([H])O[H],EVODEX-P19062
EVODEX-N7423,[H]O[C@@]1([H])[C@@]([H])(O[H])[C@]([H])(N2:C([H]):N:C3:C(N([H])[H]):N:C([H]):N:C:3:2)O[C@]1([H])C([H])([H])OP(=O)(O[H])OP(=O)(O[H])O[P:24](=[O:25])([O:26])[O:27]>>[H]OC([H])([H])C(=O)[C@@]([H])(O[H])C([H])([H])O[P:24](=[O:25])([O:26])[O:27],EVODEX-P19068
EVODEX-N7424,>>[H].[H]OC([H])([H])C(=O)[C@@]([H])(O[H])C([H])([H])O,EVODEX-P19069
EVODEX-N7425,[H]O[C@@]1([H])[C@@]([H])(O[H])[C@]([H])(N2:C([H]):N:C3:C(N([H])[H]):N:C([H]):N:C:3:2)O[C@]1([H])C([H])([H])OP(=O)(O[H])O[P:20](=[O:21])([O:22])[O:23]>>[H]O[C@@]1([H])[C@@]([H])(OP(=O)(O[H])O[H])O[C@]([H])(C([H])([H])O[P:20](=[O:21])([O:22])[O:23])[C@@]1([H])O[H],EVODEX-P19073
EVODEX-N7426,>>[H].[H]O[C@@]1([H])[C@@]([H])(OP(=O)(O[H])O[H])O[C@]([H])(C([H])([H])O)[C@@]1([H])O[H],EVODEX-P19074
EVODEX-N7427,[H]O[C@@]1([H])[C@@]([H])(O[H])[C@]([H])(N2:C([H]):N:C3:C(N([H])[H]):N:C([H]):N:C:3:2)O[C@]1([H])C([H])([H])OP(=O)(O[H])O[P:20](=[O:21])([O:22])[O:23]>>[H]O[C@@]1([H])C([H])([H])[C@@]([H])(OP(=O)(O[H])O[H])O[C@]1([H])C([H])([H])O[P:20](=[O:21])([O:22])[O:23],EVODEX-P19078
EVODEX-N7428,>>[H].[H]O[C@@]1([H])C([H])([H])[C@@]([H])(OP(=O)(O[H])O[H])O[C@]1([H])C([H])([H])O,EVODEX-P19079
EVODEX-N7429,[H]O[C@@]1([H])[C@@]([H])(O[H])[C@]([H])(N2:C([H]):C([H]):C(N([H])[H]):N:C:2=O)O[C@]1([H])C([H])([H])OP(=O)(O[H])O[P:32](=[O:33])([O:34])[O:35].[H][O:10][C:9]>>[C:9][O:10][P:32](=[O:33])([O:34])[O:35],"EVODEX-P19081,EVODEX-P19969,EVODEX-P20125,EVODEX-P20136,EVODEX-P20141,EVODEX-P20146,EVODEX-P20176,EVODEX-P20181,EVODEX-P20193,EVODEX-P20252,EVODEX-P20292,EVODEX-P20304"
EVODEX-N7430,[H]OP(=O)(O[H])OP(=O)(O[H])[O:31][P:28]>>[H][O:31][P:28],"EVODEX-P19083,EVODEX-P28930,EVODEX-P29008"
EVODEX-N7431,[H]O[C@@]1([H])[C@@]([H])(O[H])[C@]([H])(N2:C([H]):N:C3:C(N([H])[H]):N:C([H]):N:C:3:2)O[C@]1([H])C([H])([H])OP(=O)(O[H])OP(=O)(O[H])O[P:24](=[O:25])([O:26])[O:27]>>[H]O[C@@]1([H])[C@]([H])(O[H])[C@@]([H])(C([H])([H])O[P:24](=[O:25])([O:26])[O:27])C([H])([H])C(=O)[C@]1([H])O[H],EVODEX-P19088
EVODEX-N7432,>>[H].[H]O[C@@]1([H])[C@]([H])(O[H])[C@@]([H])(C([H])([H])O)C([H])([H])C(=O)[C@]1([H])O[H],EVODEX-P19089
EVODEX-N7433,[H]O[C@@]1([H])[C@@]([H])(O[H])[C@]([H])(N2:C([H]):N:C3:C(N([H])[H]):N:C([H]):N:C:3:2)O[C@]1([H])C([H])([H])OP(=O)(O[H])OP(=O)(O[H])O[P:24](=[O:25])([O:26])[O:27]>>[H]O[C@]1([H])[C@@]([H])(O[H])C(=O)C([H])=C(C([H])([H])O[P:24](=[O:25])([O:26])[O:27])[C@@]1([H])O[H],EVODEX-P19093
EVODEX-N7434,>>[H].[H]O[C@]1([H])[C@@]([H])(O[H])C(=O)C([H])=C(C([H])([H])O)[C@@]1([H])O[H],EVODEX-P19094
EVODEX-N7435,[H]O[C@@]1([H])[C@@]([H])(O[H])[C@]([H])(N2:C([H]):N:C3:C(N([H])[H]):N:C([H]):N:C:3:2)O[C@]1([H])C([H])([H])OP(=O)(O[H])OP(=O)(O[H])O[P:40](=[O:41])([O:42])[O:43]>>[H]C(=C(C([H])([H])[H])C([H])([H])[H])C([H])([H])C([H])([H])/C(=C(\[H])C([H])([H])C([H])([H])/C(=C(\[H])C([H])([H])O[P:40](=[O:41])([O:42])[O:43])C([H])([H])[H])C([H])([H])[H],EVODEX-P19097
EVODEX-N7436,>>[H]C(=C(C([H])([H])[H])C([H])([H])[H])C([H])([H])C([H])([H])/C(=C(\[H])C([H])([H])C([H])([H])/C(=C(\[H])C([H])([H])O)C([H])([H])[H])C([H])([H])[H].[H],"EVODEX-P19099,EVODEX-P19103"
EVODEX-N7437,[H]O[C@@]1([H])[C@@]([H])(O[H])[C@]([H])(N2:C([H]):C([H]):C(N([H])[H]):N:C:2=O)O[C@]1([H])C([H])([H])OP(=O)(O[H])OP(=O)(O[H])O[P:35](=[O:36])([O:37])[O:38]>>[H]C(=C(C([H])([H])[H])C([H])([H])[H])C([H])([H])C([H])([H])/C(=C(\[H])C([H])([H])C([H])([H])/C(=C(\[H])C([H])([H])O[P:35](=[O:36])([O:37])[O:38])C([H])([H])[H])C([H])([H])[H],EVODEX-P19102
EVODEX-N7438,[H]O[C@@]1([H])[C@@]([H])(O[H])[C@]([H])(N2:C([H]):N:C3:C(N([H])[H]):N:C([H]):N:C:3:2)O[C@]1([H])C([H])([H])OP(=O)(O[H])OP(=O)(O[H])O[P:24](=[O:25])([O:26])[O:27]>>[H]OC(=O)[C@]([H])(O[H])C(=O)C([H])([H])O[P:24](=[O:25])([O:26])[O:27],EVODEX-P19107
EVODEX-N7439,>>[H].[H]OC(=O)[C@]([H])(O[H])C(=O)C([H])([H])O,EVODEX-P19108
EVODEX-N7440,[H]O[C@@]1([H])[C@@]([H])(O[H])[C@]([H])(N2:C([H]):N:C3:C(N([H])[H]):N:C([H]):N:C:3:2)O[C@]1([H])C([H])([H])OP(=O)(O[H])OP(=O)(O[H])O[P:45](=[O:46])([O:47])[O:48]>>[H]OC(=O)[C@@]([H])(N([H])[H])C([H])([H])C([H])([H])C([H])([H])C([H])([H])N([H])C([H])([H])C(=O)[C@@]([H])(O[H])[C@]([H])(O[H])[C@]([H])(O[H])C([H])([H])O[P:45](=[O:46])([O:47])[O:48],EVODEX-P19111
EVODEX-N7441,>>[H]OC(=O)[C@@]([H])(N([H])[H])C([H])([H])C([H])([H])C([H])([H])C([H])([H])N([H])C([H])([H])C(=O)[C@@]([H])(O[H])[C@]([H])(O[H])[C@]([H])(O[H])C([H])([H])O.[H],EVODEX-P19113
EVODEX-N7442,[H]O[C@@]1([H])[C@@]([H])(O[H])[C@]([H])(N2:C([H]):N:C3:C(N([H])[H]):N:C([H]):N:C:3:2)O[C@]1([H])C([H])([H])OP(=O)(O[H])OP(=O)(O[H])O[P:24](=[O:25])([O:26])[O:27]>>[H]O[C@@]([H])([C@]([H])(O[H])C(=O)C([H])([H])N1C([H])([H])C([H])([H])OC([H])([H])C1([H])[H])[C@]([H])(O[H])C([H])([H])O[P:24](=[O:25])([O:26])[O:27],EVODEX-P19117
EVODEX-N7443,[H]O[C@@]1([H])[C@@]([H])(O[H])[C@]([H])(N2:C([H]):N:C3:C(N([H])[H]):N:C([H]):N:C:3:2)O[C@]1([H])C([H])([H])OP(=O)(O[H])OP(=O)(O[H])O[P:33](=[O:34])([O:35])[O:36]>>[H]OC(=O)[C@@]([H])(N([H])[H])[C@]([H])(O[H])C([H])([H])O[P:33](=[O:34])([O:35])[O:36],EVODEX-P19122
EVODEX-N7444,>>[H].[H]OC(=O)[C@@]([H])(N([H])[H])[C@]([H])(O[H])C([H])([H])O,EVODEX-P19123
EVODEX-N7445,[H]O[C@@]1([H])[C@@]([H])(O[H])[C@]([H])(N2:C([H]):N:C3:C(N([H])[H]):N:C([H]):N:C:3:2)O[C@]1([H])C([H])([H])OP(=O)(O[H])OP(=O)(O[H])O[P:24](=[O:25])([O:26])[O:27]>>[H]OC(=O)[C@@]([H])(O[H])[C@]([H])(O[H])C([H])([H])O[P:24](=[O:25])([O:26])[O:27],EVODEX-P19127
EVODEX-N7446,>>[H].[H]OC(=O)[C@@]([H])(O[H])[C@]([H])(O[H])C([H])([H])O,EVODEX-P19128
EVODEX-N7447,[H]O[C@@]1([H])[C@@]([H])(O[H])[C@]([H])(N2:C([H]):N:C3:C(N([H])[H]):N:C([H]):N:C:3:2)O[C@]1([H])C([H])([H])OP(=O)(O[H])OP(=O)(O[H])O[P:44](=[O:45])([O:46])[O:47]>>[H]OC(=O)[C@]([H])(O[C@@]1([H])[C@]([H])(O[H])[C@@]([H])(C([H])([H])O[H])O[C@]([H])(O[P:44](=[O:45])([O:46])[O:47])[C@]1([H])N([H])C(=O)C([H])([H])[H])C([H])([H])[H],EVODEX-P19131
EVODEX-N7448,[H]O[C@@]1([H])[C@@]([H])(O[H])[C@]([H])(N2:C([H]):N:C3:C(N([H])[H]):N:C([H]):N:C:3:2)O[C@]1([H])C([H])([H])OP(=O)(O[H])OP(=O)(O[H])O[P:37](=[O:38])([O:39])[O:40]>>[H]C1:C([H]):C([H]):C2:C(:C:1O[P:37](=[O:38])([O:39])[O:40]):C(C([H])([H])C([H])([H])N([H])[H]):C([H]):N:2[H],EVODEX-P19137
EVODEX-N7449,>>[H].[H]C1:C([H]):C([H]):C2:C(:C:1O):C(C([H])([H])C([H])([H])N([H])[H]):C([H]):N:2[H],EVODEX-P19138
EVODEX-N7450,[H]O[C@@]1([H])[C@@]([H])(O[H])[C@]([H])(N2:C([H]):N:C3:C(N([H])[H]):N:C([H]):N:C:3:2)O[C@]1([H])C([H])([H])OP(=O)(O[H])OP(=O)(O[H])O[P:39](=[O:40])([O:41])[O:42]>>[H]C1:C([H]):C([H]):C2:C(:C:1O[P:39](=[O:40])([O:41])[O:42]):C(C([H])([H])C([H])([H])N(C([H])([H])[H])C([H])([H])[H]):C([H]):N:2[H],EVODEX-P19141
EVODEX-N7451,>>[H]C1:C([H]):C([H]):C2:C(:C:1O):C(C([H])([H])C([H])([H])N(C([H])([H])[H])C([H])([H])[H]):C([H]):N:2[H].[H],EVODEX-P19143
EVODEX-N7452,[H]O[C@@]1([H])[C@@]([H])(O[H])[C@]([H])(N2:C([H]):N:C3:C(N([H])[H]):N:C([H]):N:C:3:2)O[C@]1([H])C([H])([H])OP(=O)(O[H])OP(=O)(O[H])O[P:39](=[O:40])([O:41])[O:42]>>[H]O[C@@]1([H])[C@@]([H])(O[H])[C@]([H])(N2:C([H]):N:C([H]):C:2N([H])[H])O[C@]1([H])C([H])([H])O[P:39](=[O:40])([O:41])[O:42],EVODEX-P19147
EVODEX-N7453,>>[H].[H]O[C@@]1([H])[C@@]([H])(O[H])[C@]([H])(N2:C([H]):N:C([H]):C:2N([H])[H])O[C@]1([H])C([H])([H])O,EVODEX-P19148
EVODEX-N7454,[H]O[C@@]1([H])[C@@]([H])(O[H])[C@]([H])(N2:C([H]):N:C3:C(N([H])[H]):N:C([H]):N:C:3:2)O[C@]1([H])C([H])([H])OP(=O)(O[H])OP(=O)(O[H])O[P:48](=[O:49])([O:50])[O:51]>>[H]OP(=O)(OC([H])([H])[C@@]1([H])O[C@@]([H])(N2:C([H]):C([H]):C(N([H])[H]):N:C:2=O)C([H])([H])[C@]1([H])O[P:48](=[O:49])([O:50])[O:51])OP(=O)(O[H])N([H])[H],EVODEX-P19151
EVODEX-N7455,>>[H]OP(=O)(OC([H])([H])[C@@]1([H])O[C@@]([H])(N2:C([H]):C([H]):C(N([H])[H]):N:C:2=O)C([H])([H])[C@]1([H])O)OP(=O)(O[H])N([H])[H].[H],EVODEX-P19153
EVODEX-N7456,[H]O[C@@]1([H])[C@@]([H])(O[H])[C@]([H])(N2:C([H]):N:C3:C(N([H])[H]):N:C([H]):N:C:3:2)O[C@]1([H])C([H])([H])OP(=O)(O[H])OP(=O)(O[H])O[P:24](=[O:25])([O:26])[O:27]>>[H]O[C@]1([H])[C@]([H])(O[P:24](=[O:25])([O:26])[O:27])[C@@]([H])(C([H])([H])OP(=O)(O[H])OP(=O)(O[H])N([H])[H])O[C@@]1([H])N1:C([H]):N:C2:C(N([H])[H]):N:C([H]):N:C:2:1,EVODEX-P19157
EVODEX-N7457,>>[H].[H]O[C@]1([H])[C@]([H])(O)[C@@]([H])(C([H])([H])OP(=O)(O[H])OP(=O)(O[H])N([H])[H])O[C@@]1([H])N1:C([H]):N:C2:C(N([H])[H]):N:C([H]):N:C:2:1,EVODEX-P19158
EVODEX-N7458,[H]O[C@@]1([H])[C@@]([H])(O[H])[C@]([H])(N2:C([H]):N:C3:C(N([H])[H]):N:C([H]):N:C:3:2)O[C@]1([H])C([H])([H])OP(=O)(O[H])OP(=O)(O[H])O[P:31](=[O:32])([O:33])[O:34]>>[H]OC(=O)[C@@]([H])(N([H])[H])C([H])([H])O[P:31](=[O:32])([O:33])[O:34],EVODEX-P19161
EVODEX-N7459,[H]O[C@@]1([H])[C@@]([H])(O[H])[C@]([H])(N2:C([H]):N:C3:C(N([H])[H]):N:C([H]):N:C:3:2)O[C@]1([H])C([H])([H])OP(=O)(O[H])O[P:27](=[O:28])([O:29])[O:30]>>[H]OC(=O)[C@@]([H])(N([H])[H])C([H])([H])O[P:27](=[O:28])([O:29])[O:30],EVODEX-P19165
EVODEX-N7460,[H]O[C@@]1([H])[C@@]([H])(O[H])[C@]([H])(N2:C([H]):N:C3:C(N([H])[H]):N:C([H]):N:C:3:2)O[C@]1([H])C([H])([H])OP(=O)(O[H])OP(=O)(O[H])O[P:54](=[O:55])([O:56])[O:57]>>[H]OC1:C([H]):C([H]):C([H]):C2:C:1C(=O)O[C@]([H])([C@@]([H])(N([H])C(=O)[C@@]([H])(O[P:54](=[O:55])([O:56])[O:57])[C@@]([H])(O[H])[C@@]([H])(N([H])[H])C([H])([H])C(=O)N([H])[H])C([H])([H])C([H])(C([H])([H])[H])C([H])([H])[H])C2([H])[H],EVODEX-P19169
EVODEX-N7461,>>[H]OC1:C([H]):C([H]):C([H]):C2:C:1C(=O)O[C@]([H])([C@@]([H])(N([H])C(=O)[C@@]([H])(O)[C@@]([H])(O[H])[C@@]([H])(N([H])[H])C([H])([H])C(=O)N([H])[H])C([H])([H])C([H])(C([H])([H])[H])C([H])([H])[H])C2([H])[H].[H],EVODEX-P19171
EVODEX-N7462,[H]O[C@@]1([H])[C@@]([H])(O[H])[C@]([H])(N2:C([H]):N:C3:C(N([H])[H]):N:C([H]):N:C:3:2)O[C@]1([H])C([H])([H])OP(=O)(O[H])OP(=O)(O[H])O[P:24](=[O:25])([O:26])[O:27]>>[H]OC(=O)C(O[H])(C(=O)C([H])([H])O[P:24](=[O:25])([O:26])[O:27])C([H])([H])O[H],EVODEX-P19175
EVODEX-N7463,>>[H].[H]OC(=O)C(O[H])(C(=O)C([H])([H])O)C([H])([H])O[H],EVODEX-P19176
EVODEX-N7464,[H]O[C@@]1([H])[C@@]([H])(O[H])[C@]([H])(N2:C([H]):N:C3:C(N([H])[H]):N:C([H]):N:C:3:2)O[C@]1([H])C([H])([H])OP(=O)(O[H])OP(=O)(O[H])O[P:24](=[O:25])([O:26])[O:27].[H][O:32][H:60]>>[H]O[C@@]1([H])[C@]([H])(O[H])[C@@]([H])(C([H])([H])O[P:24](=[O:25])([O:26])[O:27])OC([H])([O:32][H:60])[C@]1([H])O[H],EVODEX-P19180
EVODEX-N7465,[H][O:32][H:60]>>[H]O[C@@]1([H])[C@]([H])(O[H])[C@@]([H])(C([H])([H])OP(=O)(O[H])O[H])OC([H])([O:32][H:60])[C@]1([H])O[H],EVODEX-P19181
EVODEX-N7466,[H]C([H])([H])C(=O)O[P:5](=[O:6])([O:7])[O:8].[H][O:30][P:28]>>[P:5](=[O:6])([O:7])([O:8])[O:30][P:28],"EVODEX-P19187,EVODEX-P19277"
EVODEX-N7467,[H]C([H])([H])C(=O)O[P:5](=[O:6])([O:7])[O:8]>>[H]O[C@@]1([H])[C@@]([H])(O[H])[C@]([H])(N2:C([H]):N:C3:C(N([H])[H]):N:C([H]):N:C:3:2)O[C@]1([H])C([H])([H])OP(=O)(O[H])OP(=O)(O[H])O[P:5](=[O:6])([O:7])[O:8],EVODEX-P19188
EVODEX-N7468,[H]O[C@@]1([H])[C@@]([H])(O[H])[C@]([H])(N2:C([H]):N:C3:C(N([H])[H]):N:C([H]):N:C:3:2)O[C@]1([H])C([H])([H])OP(=O)(O[H])OP(=O)(O[H])O[P:28](=[O:29])([O:30])[O:31]>>[H]C([H])([H])C(=O)O[P:28](=[O:29])([O:30])[O:31],EVODEX-P19192
EVODEX-N7469,[H]N([H])C(=O)O[P:5](=[O:6])([O:7])[O:8].[H][O:30][P:28]>>[P:5](=[O:6])([O:7])([O:8])[O:30][P:28],EVODEX-P19196
EVODEX-N7470,[H]N([H])C(=O)O[P:5](=[O:6])([O:7])[O:8]>>[H]O[C@@]1([H])[C@@]([H])(O[H])[C@]([H])(N2:C([H]):N:C3:C(N([H])[H]):N:C([H]):N:C:3:2)O[C@]1([H])C([H])([H])OP(=O)(O[H])OP(=O)(O[H])O[P:5](=[O:6])([O:7])[O:8],EVODEX-P19197
EVODEX-N7471,[H]O[C@@]1([H])[C@@]([H])(O[H])[C@]([H])(N2:C([H]):N:C3:C(N([H])[H]):N:C([H]):N:C:3:2)O[C@]1([H])C([H])([H])OP(=O)(O[H])OP(=O)(O[H])O[P:28](=[O:29])([O:30])[O:31]>>[H]N([H])C(=O)O[P:28](=[O:29])([O:30])[O:31],EVODEX-P19202
EVODEX-N7472,>>[H]N([H])C(O)=O.[H],EVODEX-P19204
EVODEX-N7473,[H]O[C@@]1([H])[C@@]([H])(O[H])[C@]([H])(N2:C([H]):N:C3:C(N([H])[H]):N:C([H]):N:C:3:2)O[C@]1([H])C([H])([H])OP(=O)(O[H])OP(=O)(O[H])O[P:24](=[O:25])([O:26])[O:27]>>[H]O[C@@]([H])(C(=O)O[P:24](=[O:25])([O:26])[O:27])C([H])([H])OP(=O)(O[H])O[H],EVODEX-P19207
EVODEX-N7474,[H][O:22][P:20].[H]O[C@@]([H])(C(=O)O[P:31](=[O:32])([O:33])[O:34])C([H])([H])OP(=O)(O[H])O[H]>>[P:20][O:22][P:31](=[O:32])([O:33])[O:34],"EVODEX-P19210,EVODEX-P19254"
EVODEX-N7475,[H]O[C@@]([H])(C(=O)O[P:31](=[O:32])([O:33])[O:34])C([H])([H])OP(=O)(O[H])O[H]>>[H]O[C@@]1([H])[C@@]([H])(O[H])[C@]([H])(N2:C([H]):N:C3:C(N([H])[H]):N:C([H]):N:C:3:2)O[C@]1([H])C([H])([H])OP(=O)(O[H])OP(=O)(O[H])O[P:31](=[O:32])([O:33])[O:34],EVODEX-P19211
EVODEX-N7476,[H]O[C@@]1([H])[C@@]([H])(O[H])[C@]([H])(N2:C([H]):N:C3:C(N([H])[H]):N:C([H]):N:C:3:2)O[C@]1([H])C([H])([H])OP(=O)(O[H])OP(=O)(O[H])O[P:33](=[O:34])([O:35])[O:36]>>[H]OC(=O)[C@@]([H])(N([H])[H])C([H])([H])C(=O)O[P:33](=[O:34])([O:35])[O:36],EVODEX-P19216
EVODEX-N7477,[H][O:35][P:33].[H]OC(=O)[C@@]([H])(N([H])[H])C([H])([H])C(=O)O[P:7](=[O:8])([O:9])[O:10]>>[P:7](=[O:8])([O:9])([O:10])[O:35][P:33],EVODEX-P19219
EVODEX-N7478,[H]OC(=O)[C@@]([H])(N([H])[H])C([H])([H])C(=O)O[P:7](=[O:8])([O:9])[O:10]>>[H]O[C@@]1([H])[C@@]([H])(O[H])[C@]([H])(N2:C([H]):N:C3:C(N([H])[H]):N:C([H]):N:C:3:2)O[C@]1([H])C([H])([H])OP(=O)(O[H])OP(=O)(O[H])O[P:7](=[O:8])([O:9])[O:10],EVODEX-P19220
EVODEX-N7479,[H]O[C@@]1([H])[C@@]([H])(O[H])[C@]([H])(N2:C([H]):N:C3:C(N([H])[H]):N:C([H]):N:C:3:2)O[C@]1([H])C([H])([H])OP(=O)(O[H])OP(=O)(O[H])O[P:24](=[O:25])([O:26])[O:27]>>[H]C(=O)O[P:24](=[O:25])([O:26])[O:27],EVODEX-P19226
EVODEX-N7480,[H][O:22][P:20].[H]C(=O)O[P:31](=[O:32])([O:33])[O:34]>>[P:20][O:22][P:31](=[O:32])([O:33])[O:34],EVODEX-P19230
EVODEX-N7481,[H]C(=O)O[P:31](=[O:32])([O:33])[O:34]>>[H]O[C@@]1([H])[C@@]([H])(O[H])[C@]([H])(N2:C([H]):N:C3:C(N([H])[H]):N:C([H]):N:C:3:2)O[C@]1([H])C([H])([H])OP(=O)(O[H])OP(=O)(O[H])O[P:31](=[O:32])([O:33])[O:34],EVODEX-P19231
EVODEX-N7482,[H]O[C@@]1([H])[C@@]([H])(O[H])[C@]([H])(N2:C([H]):N:C3:C(N([H])[H]):N:C([H]):N:C:3:2)O[C@]1([H])C([H])([H])OP(=O)(O[H])OP(=O)(O[H])O[P:30](=[O:31])([O:32])[O:33]>>[H]C([H])([H])C([H])(C(=O)O[P:30](=[O:31])([O:32])[O:33])C([H])([H])[H],EVODEX-P19235
EVODEX-N7483,>>[H]C([H])([H])C([H])(C(O)=O)C([H])([H])[H].[H],EVODEX-P19237
EVODEX-N7484,[H]C([H])([H])C([H])(C(=O)O[P:7](=[O:8])([O:9])[O:10])C([H])([H])[H].[H][O:32][P:30]>>[P:7](=[O:8])([O:9])([O:10])[O:32][P:30],EVODEX-P19239
EVODEX-N7485,[H]C([H])([H])C([H])(C(=O)O[P:7](=[O:8])([O:9])[O:10])C([H])([H])[H]>>[H]O[C@@]1([H])[C@@]([H])(O[H])[C@]([H])(N2:C([H]):N:C3:C(N([H])[H]):N:C([H]):N:C:3:2)O[C@]1([H])C([H])([H])OP(=O)(O[H])OP(=O)(O[H])O[P:7](=[O:8])([O:9])[O:10],EVODEX-P19240
EVODEX-N7486,[H]O[C@@]1([H])[C@@]([H])(O[H])[C@]([H])(N2:C([H]):N:C3:C(N([H])[H]):N:C([H]):N:C:3:2)O[C@]1([H])C([H])([H])OP(=O)(O[H])OP(=O)(O[H])O[P:37](=[O:38])([O:39])[O:40]>>[H]OC(=O)[C@@]([H])(N([H])C(=O)C([H])([H])[H])C([H])([H])C([H])([H])C(=O)O[P:37](=[O:38])([O:39])[O:40],EVODEX-P19245
EVODEX-N7487,>>[H]OC(=O)[C@@]([H])(N([H])C(=O)C([H])([H])[H])C([H])([H])C([H])([H])C(O)=O.[H],EVODEX-P19247
EVODEX-N7488,[H]OC(=O)[C@@]([H])(N([H])C(=O)C([H])([H])[H])C([H])([H])C([H])([H])C(=O)O[P:11](=[O:12])([O:13])[O:14].[H][O:39][P:37]>>[P:11](=[O:12])([O:13])([O:14])[O:39][P:37],EVODEX-P19249
EVODEX-N7489,[H]OC(=O)[C@@]([H])(N([H])C(=O)C([H])([H])[H])C([H])([H])C([H])([H])C(=O)O[P:11](=[O:12])([O:13])[O:14]>>[H]O[C@@]1([H])[C@@]([H])(O[H])[C@]([H])(N2:C([H]):N:C3:C(N([H])[H]):N:C([H]):N:C:3:2)O[C@]1([H])C([H])([H])OP(=O)(O[H])OP(=O)(O[H])O[P:11](=[O:12])([O:13])[O:14],EVODEX-P19250
EVODEX-N7490,[H]O[C@@]([H])(C(=O)O[P:32](=[O:33])([O:34])[O:35])C([H])([H])OP(=O)(O[H])O[H]>>[H]N=C1:N([H]):C(=O):C2:N:C([H]):N([C@]3([H])O[C@]([H])(C([H])([H])OP(=O)(O[H])OP(=O)(O[H])O[P:32](=[O:33])([O:34])[O:35])[C@@]([H])(O[H])[C@@]3([H])O[H]):C:2:N:1[H],EVODEX-P19255
EVODEX-N7491,[H]N=C1:N([H]):C(=O):C2:N:C([H]):N([C@]3([H])O[C@]([H])(C([H])([H])OP(=O)(O[H])OP(=O)(O[H])O[P:23](=[O:24])([O:25])[O:26])[C@@]([H])(O[H])[C@@]3([H])O[H]):C:2:N:1[H]>>[H]O[C@@]([H])(C(=O)O[P:23](=[O:24])([O:25])[O:26])C([H])([H])OP(=O)(O[H])O[H],EVODEX-P19260
EVODEX-N7492,[H]O[C@@]1([H])[C@@]([H])(O[H])[C@]([H])(N2:C([H]):N:C3:C(N([H])[H]):N:C([H]):N:C:3:2)O[C@]1([H])C([H])([H])OP(=O)(O[H])OP(=O)(O[H])O[P:34](=[O:35])([O:36])[O:37]>>[H]OC(=O)[C@@]([H])(N([H])[H])C([H])([H])C([H])([H])C(=O)O[P:34](=[O:35])([O:36])[O:37],EVODEX-P19265
EVODEX-N7493,[H]O[C@@]1([H])[C@@]([H])(O[H])[C@]([H])(N2:C([H]):N:C3:C(N([H])[H]):N:C([H]):N:C:3:2)O[C@]1([H])C([H])([H])OP(=O)(O[H])OP(=O)(O[H])O[P:37](=[O:38])([O:39])[O:40]>>[H]OC(=O)[C@]1(N([H])[H])C([H])([H])C([H])([H])C([H])([H])[C@]([H])(C(=O)O[P:37](=[O:38])([O:39])[O:40])C1([H])[H],EVODEX-P19270
EVODEX-N7494,>>[H].[H]OC(=O)[C@]1(N([H])[H])C([H])([H])C([H])([H])C([H])([H])[C@]([H])(C(O)=O)C1([H])[H],EVODEX-P19271
EVODEX-N7495,[H]OP(=O)(O[H])O[P:6](=[O:5])([O:7])[O:8]>>[H]C([H])([H])C(=O)O[P:6](=[O:5])([O:7])[O:8],EVODEX-P19274
EVODEX-N7496,[H]C([H])([H])C(=O)O[P:5](=[O:6])([O:7])[O:8]>>[H]OP(=O)(O[H])O[P:5](=[O:6])([O:7])[O:8],EVODEX-P19278
EVODEX-N7497,[H]O[C@@]1([H])[C@@]([H])(O[H])[C@]([H])(N2:C([H]):N:C3:C(N([H])[H]):N:C([H]):N:C:3:2)O[C@]1([H])C([H])([H])OP(=O)(O[H])OP(=O)(O[H])O[P:31](=[O:32])([O:33])[O:34]>>[H]C([H])([H])C([H])([H])C([H])(C(=O)O[P:31](=[O:32])([O:33])[O:34])C([H])([H])[H],EVODEX-P19282
EVODEX-N7498,>>[H]C([H])([H])C([H])([H])C([H])(C(O)=O)C([H])([H])[H].[H],EVODEX-P19284
EVODEX-N7499,[H]O[C@@]1([H])[C@@]([H])(O[H])[C@]([H])(N2:C([H]):N:C3:C(N([H])[H]):N:C([H]):N:C:3:2)O[C@]1([H])C([H])([H])OP(=O)(O[H])OP(=O)(O[H])O[P:29](=[O:30])([O:31])[O:32]>>[H]C([H])([H])C([H])([H])C(=O)O[P:29](=[O:30])([O:31])[O:32],EVODEX-P19287
EVODEX-N7500,>>[H]C([H])([H])C([H])([H])C(O)=O.[H],EVODEX-P19289
EVODEX-N7501,[H]C([H])([H])C([H])([H])C(=O)O[P:6](=[O:7])([O:8])[O:9].[H][O:31][P:29]>>[P:6](=[O:7])([O:8])([O:9])[O:31][P:29],EVODEX-P19291
EVODEX-N7502,[H]C([H])([H])C([H])([H])C(=O)O[P:6](=[O:7])([O:8])[O:9]>>[H]O[C@@]1([H])[C@@]([H])(O[H])[C@]([H])(N2:C([H]):N:C3:C(N([H])[H]):N:C([H]):N:C:3:2)O[C@]1([H])C([H])([H])OP(=O)(O[H])OP(=O)(O[H])O[P:6](=[O:7])([O:8])[O:9],EVODEX-P19292
EVODEX-N7503,[H]O[C@@]1([H])[C@@]([H])(O[H])[C@]([H])(N2:C([H]):N:C3:C(N([H])[H]):N:C([H]):N:C:3:2)O[C@]1([H])C([H])([H])OP(=O)(O[H])OP(=O)(O[H])O[P:24](=[O:25])([O:26])[O:27]>>[H]OC(=O)[C@]([H])(OP(=O)(O[H])O[H])C([H])([H])O[P:24](=[O:25])([O:26])[O:27],EVODEX-P19298
EVODEX-N7504,>>[H].[H]OC(=O)[C@]([H])(OP(=O)(O[H])O[H])C([H])([H])O,EVODEX-P19299
EVODEX-N7505,[H]O[C@@]1([H])[C@@]([H])(O[H])[C@]([H])(N2:C([H]):N:C3:C(N([H])[H]):N:C([H]):N:C:3:2)O[C@]1([H])C([H])([H])OP(=O)(O[H])OP(=O)(O[H])O[P:44](=[O:45])([O:46])[O:47]>>[H]/C(=C(\[H])C([H])([H])C([H])([H])C([H])([H])C([H])([H])C([H])([H])C([H])([H])C([H])([H])C([H])([H])[H])C([H])([H])C([H])([H])C([H])([H])C([H])([H])C([H])([H])C([H])([H])C([H])([H])C(=O)O[P:44](=[O:45])([O:46])[O:47],EVODEX-P19302
EVODEX-N7506,>>[H]/C(=C(\[H])C([H])([H])C([H])([H])C([H])([H])C([H])([H])C([H])([H])C([H])([H])C([H])([H])C([H])([H])[H])C([H])([H])C([H])([H])C([H])([H])C([H])([H])C([H])([H])C([H])([H])C([H])([H])C(O)=O.[H],EVODEX-P19304
EVODEX-N7507,[H]O[C@@]1([H])[C@@]([H])(O[H])[C@]([H])(N2:C([H]):N:C3:C(N([H])[H]):N:C([H]):N:C:3:2)O[C@]1([H])C([H])([H])OP(=O)(O[H])OP(=O)(O[H])O[P:40](=[O:41])([O:42])[O:43]>>[H]C([H])([H])C([H])([H])C([H])([H])C([H])([H])C([H])([H])C([H])([H])C([H])([H])C([H])([H])C([H])([H])C([H])([H])C([H])([H])C([H])([H])C([H])([H])C(=O)O[P:40](=[O:41])([O:42])[O:43],EVODEX-P19307
EVODEX-N7508,[O:31][P:32](=[O:33])([O:34])[O:35].[H][C:5]([N:4])([C:6])[H:60]>>[H][O:31].[N:4][C:5]([C:6])([P:32](=[O:33])([O:34])[O:35])[H:60],EVODEX-P19310
EVODEX-N7509,[H]O[C@@]1([H])[C@@]([H])(O[H])[C@]([H])(N2:C([H]):N:C3:C(N([H])[H]):N:C([H]):N:C:3:2)O[C@]1([H])C([H])([H])OP(=O)(O[H])OP(=O)(O[H])O[P:32](=[O:33])([O:34])[O:35].[H][C:5]([N:4])([C:6])[H:60]>>[N:4][C:5]([C:6])([P:32](=[O:33])([O:34])[O:35])[H:60],EVODEX-P19311
EVODEX-N7510,[H][C:5]([N:4])([C:6])[H:60]>>[H]OP(=O)(O[H])[C:5]([N:4])([C:6])[H:60],EVODEX-P19312
EVODEX-N7511,[H]O[C@@]1([H])[C@@]([H])(O[H])[C@]([H])(N2:C([H]):N:C3:C(N([H])[H]):N:C([H]):N:C:3:2)O[C@]1([H])C([H])([H])OP(=O)(O[H])OP(=O)(O[H])O[P:32](=[O:33])([O:34])[O:35]>>[H]N=C(N([H])[H])N([H])C([H])(C(=O)O[H])[P:32](=[O:33])([O:34])[O:35],EVODEX-P19313
EVODEX-N7512,>>[H].[H]N=C(N([H])[H])N([H])C([H])C(=O)O[H],EVODEX-P19314
EVODEX-N7513,[H][O:34][P:32].[C:5][P:9](=[O:10])([O:11])[O:12]>>[H][C:5].[P:9](=[O:10])([O:11])([O:12])[O:34][P:32],EVODEX-P19315
EVODEX-N7514,[H][O:34][P:32].[H]N=C(N([H])[H])N([H])C([H])(C(=O)O[H])[P:9](=[O:10])([O:11])[O:12]>>[P:9](=[O:10])([O:11])([O:12])[O:34][P:32],EVODEX-P19316
EVODEX-N7515,[H]N=C(N([H])[H])N([H])C([H])(C(=O)O[H])[P:9](=[O:10])([O:11])[O:12]>>[H]O[C@@]1([H])[C@@]([H])(O[H])[C@]([H])(N2:C([H]):N:C3:C(N([H])[H]):N:C([H]):N:C:3:2)O[C@]1([H])C([H])([H])OP(=O)(O[H])OP(=O)(O[H])O[P:9](=[O:10])([O:11])[O:12],EVODEX-P19317
EVODEX-N7516,[H]OP(=O)(O[H])[C:5]([N:4])([C:6])[H:59]>>[H][C:5]([N:4])([C:6])[H:59],EVODEX-P19318
EVODEX-N7517,[H][N:9]([C:7])[H:48].[O:32][P:33](=[O:34])([O:35])[O:36]>>[C:7][N:9]([P:33](=[O:34])([O:35])[O:36])[H:48].[H][O:32],"EVODEX-P19320,EVODEX-P19330,EVODEX-P19340,EVODEX-P19350,EVODEX-P19372,EVODEX-P20477"
EVODEX-N7518,[H][N:9]([C:7])[H:48].[H]O[C@@]1([H])[C@@]([H])(O[H])[C@]([H])(N2:C([H]):N:C3:C(N([H])[H]):N:C([H]):N:C:3:2)O[C@]1([H])C([H])([H])OP(=O)(O[H])OP(=O)(O[H])O[P:33](=[O:34])([O:35])[O:36]>>[C:7][N:9]([P:33](=[O:34])([O:35])[O:36])[H:48],"EVODEX-P19321,EVODEX-P19331,EVODEX-P19341,EVODEX-P19351,EVODEX-P19373,EVODEX-P20478"
EVODEX-N7519,[H]O[C@@]1([H])[C@@]([H])(O[H])[C@]([H])(N2:C([H]):N:C3:C(N([H])[H]):N:C([H]):N:C:3:2)O[C@]1([H])C([H])([H])OP(=O)(O[H])OP(=O)(O[H])O[P:33](=[O:34])([O:35])[O:36]>>[H]N=C(N(C([H])([H])[H])C([H])([H])C(=O)O[H])N([H])[P:33](=[O:34])([O:35])[O:36],EVODEX-P19322
EVODEX-N7520,[H][N:9]([C:7])[H:48]>>[H]OP(=O)(O[H])[N:9]([C:7])[H:48],"EVODEX-P19323,EVODEX-P19332,EVODEX-P19342,EVODEX-P19352,EVODEX-P19374,EVODEX-P20480"
EVODEX-N7521,>>[H]NC(=N[H])N(C([H])([H])[H])C([H])([H])C(=O)O[H].[H],EVODEX-P19324
EVODEX-N7522,[N:9][P:10](=[O:11])([O:12])[O:13].[H][O:35][P:33]>>[H][N:9].[P:10](=[O:11])([O:12])([O:13])[O:35][P:33],"EVODEX-P19325,EVODEX-P19335,EVODEX-P19345,EVODEX-P19355,EVODEX-P19359,EVODEX-P20482"
EVODEX-N7523,[H]N=C(N(C([H])([H])[H])C([H])([H])C(=O)O[H])N([H])[P:10](=[O:11])([O:12])[O:13].[H][O:35][P:33]>>[P:10](=[O:11])([O:12])([O:13])[O:35][P:33],EVODEX-P19326
EVODEX-N7524,[H]N=C(N(C([H])([H])[H])C([H])([H])C(=O)O[H])N([H])[P:10](=[O:11])([O:12])[O:13]>>[H]O[C@@]1([H])[C@@]([H])(O[H])[C@]([H])(N2:C([H]):N:C3:C(N([H])[H]):N:C([H]):N:C:3:2)O[C@]1([H])C([H])([H])OP(=O)(O[H])OP(=O)(O[H])O[P:10](=[O:11])([O:12])[O:13],EVODEX-P19327
EVODEX-N7525,[H]OP(=O)(O[H])[N:9]([C:7])[H:48]>>[H][N:9]([C:7])[H:48],"EVODEX-P19328,EVODEX-P19338,EVODEX-P19348,EVODEX-P20485,EVODEX-P29349,EVODEX-P29354"
EVODEX-N7526,[H]O[C@@]1([H])[C@@]([H])(O[H])[C@]([H])(N2:C([H]):N:C3:C(N([H])[H]):N:C([H]):N:C:3:2)O[C@]1([H])C([H])([H])OP(=O)(O[H])OP(=O)(O[H])O[P:36](=[O:37])([O:38])[O:39]>>[H]N=C(N([H])C([H])([H])C([H])([H])C([H])([H])[C@]([H])(C(=O)O[H])N([H])[H])N([H])[P:36](=[O:37])([O:38])[O:39],EVODEX-P19333
EVODEX-N7527,[H][O:38][P:36].[H]N=C(N([H])C([H])([H])C([H])([H])C([H])([H])[C@]([H])(C(=O)O[H])N([H])[H])N([H])[P:13](=[O:14])([O:15])[O:16]>>[P:13](=[O:14])([O:15])([O:16])[O:38][P:36],EVODEX-P19336
EVODEX-N7528,[H]N=C(N([H])C([H])([H])C([H])([H])C([H])([H])[C@]([H])(C(=O)O[H])N([H])[H])N([H])[P:13](=[O:14])([O:15])[O:16]>>[H]O[C@@]1([H])[C@@]([H])(O[H])[C@]([H])(N2:C([H]):N:C3:C(N([H])[H]):N:C([H]):N:C:3:2)O[C@]1([H])C([H])([H])OP(=O)(O[H])OP(=O)(O[H])O[P:13](=[O:14])([O:15])[O:16],EVODEX-P19337
EVODEX-N7529,[H]O[C@@]1([H])[C@@]([H])(O[H])[C@]([H])(N2:C([H]):N:C3:C(N([H])[H]):N:C([H]):N:C:3:2)O[C@]1([H])C([H])([H])OP(=O)(O[H])OP(=O)(O[H])O[P:41](=[O:42])([O:43])[O:44]>>[H]N=C(N([H])C([H])([H])C([H])([H])OP(=O)(O[H])OC([H])([H])[C@]([H])(C(=O)O[H])N([H])[H])N([H])[P:41](=[O:42])([O:43])[O:44],EVODEX-P19343
EVODEX-N7530,>>[H].[H]NC(=N[H])N([H])C([H])([H])C([H])([H])OP(=O)(O[H])OC([H])([H])[C@]([H])(C(=O)O[H])N([H])[H],EVODEX-P19344
EVODEX-N7531,[H][O:43][P:41].[H]N=C(N([H])C([H])([H])C([H])([H])OP(=O)(O[H])OC([H])([H])[C@]([H])(C(=O)O[H])N([H])[H])N([H])[P:18](=[O:19])([O:20])[O:21]>>[P:18](=[O:19])([O:20])([O:21])[O:43][P:41],EVODEX-P19346
EVODEX-N7532,[H]N=C(N([H])C([H])([H])C([H])([H])OP(=O)(O[H])OC([H])([H])[C@]([H])(C(=O)O[H])N([H])[H])N([H])[P:18](=[O:19])([O:20])[O:21]>>[H]O[C@@]1([H])[C@@]([H])(O[H])[C@]([H])(N2:C([H]):N:C3:C(N([H])[H]):N:C([H]):N:C:3:2)O[C@]1([H])C([H])([H])OP(=O)(O[H])OP(=O)(O[H])O[P:18](=[O:19])([O:20])[O:21],EVODEX-P19347
EVODEX-N7533,[H]O[C@@]1([H])[C@@]([H])(O[H])[C@]([H])(N2:C([H]):N:C3:C(N([H])[H]):N:C([H]):N:C:3:2)O[C@]1([H])C([H])([H])OP(=O)(O[H])OP(=O)(O[H])O[P:34](=[O:35])([O:36])[O:37]>>[H]N=C(N([H])C([H])([H])C([H])([H])S(=O)(=O)O[H])N([H])[P:34](=[O:35])([O:36])[O:37],EVODEX-P19353
EVODEX-N7534,>>[H].[H]NC(=N[H])N([H])C([H])([H])C([H])([H])S(=O)(=O)O[H],EVODEX-P19354
EVODEX-N7535,[H]N([H])[P:2](=[O:3])([O:4])[O:5].[H][O:27][P:25]>>[P:2](=[O:3])([O:4])([O:5])[O:27][P:25],"EVODEX-P19356,EVODEX-P19360"
EVODEX-N7536,[H]N([H])[P:2](=[O:3])([O:4])[O:5]>>[H]O[C@@]1([H])[C@@]([H])(O[H])[C@]([H])(N2:C([H]):N:C3:C(N([H])[H]):N:C([H]):N:C:3:2)O[C@]1([H])C([H])([H])OP(=O)(O[H])OP(=O)(O[H])O[P:2](=[O:3])([O:4])[O:5],EVODEX-P19357
EVODEX-N7537,[H]N([H])[P:2](=[O:3])([O:4])[O:5]>>[H]O[C@@]1([H])C([H])([H])[C@]([H])(N2:C([H]):N:C3:C(N([H])[H]):N:C([H]):N:C:3:2)O[C@]1([H])C([H])([H])OP(=O)(O[H])OP(=O)(O[H])O[P:2](=[O:3])([O:4])[O:5],EVODEX-P19362
EVODEX-N7538,>>[H].[H]O[C@@]1([H])C([H])([H])[C@]([H])(N2:C([H]):N:C3:C(N([H])[H]):N:C([H]):N:C:3:2)O[C@]1([H])C([H])([H])OP(=O)(O[H])OP(O)(=O)O[H],EVODEX-P19363
EVODEX-N7539,[H]OC(=O)C(O[P:4](=[O:5])([O:6])[O:7])=C([H])[H]>>[H]OC([H])([H])[C@@]([H])(O[H])[C@@]([H])(O[H])[C@]([H])(O[H])C(=O)C([H])([H])O[P:4](=[O:5])([O:6])[O:7],EVODEX-P19366
EVODEX-N7540,[C:1](=[C:2]([O:3][P:4])[C:8])([H:23])[H:24]>>[H][C:1]([C:2](=[O:3])[C:8])([H:23])[H:24].[H]OC([H])([H])[C@@]([H])(O[H])[C@@]([H])(O[H])[C@]([H])(O[H])C(=O)C([H])([H])O[P:4],EVODEX-P19367
EVODEX-N7541,[H]OC(=O)C(O[P:4](=[O:5])([O:6])[O:7])=C([H])[H]>>[H]OC([H])([H])[C@@]1([H])OC(O[H])(C([H])([H])O[P:4](=[O:5])([O:6])[O:7])[C@@]([H])(O[H])[C@]1([H])O[H],EVODEX-P19370
EVODEX-N7542,[C:1](=[C:2]([O:3][P:4])[C:8])([H:23])[H:24]>>[H][C:1]([C:2](=[O:3])[C:8])([H:23])[H:24].[H]OC([H])([H])[C@@]1([H])OC(O[H])(C([H])([H])O[P:4])[C@@]([H])(O[H])[C@]1([H])O[H],EVODEX-P19371
EVODEX-N7543,[H]O[C@@]1([H])[C@@]([H])(O[H])[C@]([H])(N2:C([H]):N:C3:C(N([H])[H]):N:C([H]):N:C:3:2)O[C@]1([H])C([H])([H])OP(=O)(O[H])OP(=O)(O[H])O[P:33](=[O:34])([O:35])[O:36]>>[H]N=C(N([H])[H])N([H])C([H])([H])C([H])([H])C([H])([H])C([H])([H])N([H])[P:33](=[O:34])([O:35])[O:36],EVODEX-P19375
EVODEX-N7544,[C:13][C:14]([O:15])([H:47])[H:48].[H][O:30][P:29]>>[C:13][C:14]([O:30][P:29])([H:47])[H:48].[H][O:15],"EVODEX-P19377,EVODEX-P19787,EVODEX-P19888,EVODEX-P19894,EVODEX-P22467,EVODEX-P22610,EVODEX-P22942,EVODEX-P34924,EVODEX-P35046,EVODEX-P35051"
EVODEX-N7545,[H]O[C@@]1([H])[C@@]([H])(O[H])[C@]([H])(N2:C([H]):N:C3:C(N([H])[H]):N:C([H]):N:C:3:2)O[C@]1([H])C([H])([H])[O:15][P:16]>>[H][O:15][P:16],"EVODEX-P19378,EVODEX-P21942,EVODEX-P31476"
EVODEX-N7546,[H]OP(=O)(O[H])OP(=O)(O[H])O[C:14]([C:13])([H:47])[H:48].[H][O:30][P:29]>>[C:13][C:14]([O:30][P:29])([H:47])[H:48],"EVODEX-P19379,EVODEX-P19890,EVODEX-P35047,EVODEX-P35053"
EVODEX-N7547,[H][O:30][P:29]>>[H]O[C@@]1([H])[C@@]([H])(O[H])[C@]([H])(N2:C([H]):N:C3:C(N([H])[H]):N:C([H]):N:C:3:2)O[C@]1([H])C([H])([H])[O:30][P:29],"EVODEX-P19380,EVODEX-P35048"
EVODEX-N7548,>>[H]OP(O)(=O)OP(=O)(O[H])OP(=O)(O[H])O[H].[H],EVODEX-P19381
EVODEX-N7549,[H]OP(=O)(O[H])OP(=O)(O[H])O[P:16]([O:15])(=[O:17])[O:18].[H][O:34][P:33]>>[O:15][P:16](=[O:17])([O:18])[O:34][P:33],"EVODEX-P19383,EVODEX-P19553,EVODEX-P19611,EVODEX-P19622,EVODEX-P19632,EVODEX-P19662,EVODEX-P19673,EVODEX-P19687,EVODEX-P19699,EVODEX-P19710,EVODEX-P19720,EVODEX-P19736,EVODEX-P19747,EVODEX-P19758,EVODEX-P19768,EVODEX-P19778,EVODEX-P19815,EVODEX-P19825,EVODEX-P19835,EVODEX-P19840,EVODEX-P19855,EVODEX-P19865,EVODEX-P19917,EVODEX-P19922,EVODEX-P19932,EVODEX-P19938,EVODEX-P19943,EVODEX-P19949,EVODEX-P19954,EVODEX-P19959,EVODEX-P19964,EVODEX-P19975,EVODEX-P19980,EVODEX-P19985,EVODEX-P20055,EVODEX-P20060,EVODEX-P20070,EVODEX-P20075,EVODEX-P20100,EVODEX-P20104,EVODEX-P20109,EVODEX-P20114,EVODEX-P20119,EVODEX-P35058"
EVODEX-N7550,[H][O:34][P:33]>>[H]O[C@@]1([H])[C@@]([H])(O[H])[C@]([H])(N2:C([H]):N:C3:C(N([H])[H]):N:C([H]):N:C:3:2)O[C@]1([H])C([H])([H])OP(=O)(O[H])[O:34][P:33],"EVODEX-P19384,EVODEX-P19613,EVODEX-P19617,EVODEX-P19624,EVODEX-P19634,EVODEX-P19721,EVODEX-P19759,EVODEX-P19955,EVODEX-P19976,EVODEX-P20061,EVODEX-P20076,EVODEX-P35059"
EVODEX-N7551,[H]O[C@@]1([H])[C@@]([H])(O[H])[C@]([H])(N2:C([H]):N:C3:C(N([H])[H]):N:C([H]):N:C:3:2)O[C@]1([H])C([H])([H])OP(=O)(O[H])OP(=O)(O[H])O[P:38](=[O:39])([O:40])[O:41]>>[H]OC(=O)C([H])([H])[C@@](O[H])(C([H])([H])[H])C([H])([H])C([H])([H])OP(=O)(O[H])O[P:38](=[O:39])([O:40])[O:41],EVODEX-P19388
EVODEX-N7552,>>[H]OC(=O)C([H])([H])[C@@](O[H])(C([H])([H])[H])C([H])([H])C([H])([H])OP(O)(=O)O[H].[H],EVODEX-P19390
EVODEX-N7553,[H]OC(=O)C([H])([H])[C@@](O[H])(C([H])([H])[H])C([H])([H])C([H])([H])OP(=O)(O[H])O[P:11](=[O:12])([O:13])[O:14].[H][O:40][P:38]>>[P:11](=[O:12])([O:13])([O:14])[O:40][P:38],EVODEX-P19392
EVODEX-N7554,[H]OC(=O)C([H])([H])[C@@](O[H])(C([H])([H])[H])C([H])([H])C([H])([H])OP(=O)(O[H])O[P:11](=[O:12])([O:13])[O:14]>>[H]O[C@@]1([H])[C@@]([H])(O[H])[C@]([H])(N2:C([H]):N:C3:C(N([H])[H]):N:C([H]):N:C:3:2)O[C@]1([H])C([H])([H])OP(=O)(O[H])OP(=O)(O[H])O[P:11](=[O:12])([O:13])[O:14],EVODEX-P19393
EVODEX-N7555,[H][O:18][P:16].[H]O[C@@]1([H])[C@@]([H])(O[H])[C@]([H])(N2:C([H]):N:C3:C(N([H])[H]):N:C([H]):N:C:3:2)O[C@]1([H])C([H])([H])OP(=O)(O[H])O[P:45](=[O:46])([O:47])[O:48]>>[P:16][O:18][P:45](=[O:46])([O:47])[O:48],"EVODEX-P19397,EVODEX-P19434,EVODEX-P19557"
EVODEX-N7556,[H]O[C@@]1([H])[C@@]([H])(O[H])[C@]([H])(N2:C([H]):N:C3:C(N([H])[H]):N:C([H]):N:C:3:2)O[C@]1([H])C([H])([H])OP(=O)(O[H])O[P:45](=[O:46])([O:47])[O:48]>>[H]O[C@@]1([H])C([H])([H])[C@]([H])(N2:C([H]):C(C([H])([H])[H]):C(=O):N([H]):C:2=O)O[C@]1([H])C([H])([H])OP(=O)(O[H])OP(=O)(O[H])O[P:45](=[O:46])([O:47])[O:48],EVODEX-P19398
EVODEX-N7557,[H]O[C@@]1([H])[C@@]([H])(O[H])[C@]([H])(N2:C([H]):N:C3:C(N([H])[H]):N:C([H]):N:C:3:2)O[C@]1([H])C([H])([H])OP(=O)(O[H])OP(=O)(O[H])O[P:45](=[O:46])([O:47])[O:48]>>[H]O[C@@]1([H])C([H])([H])[C@]([H])(N2:C([H]):C(C([H])([H])[H]):C(=O):N([H]):C:2=O)O[C@]1([H])C([H])([H])OP(=O)(O[H])O[P:45](=[O:46])([O:47])[O:48],EVODEX-P19403
EVODEX-N7558,>>[H]O[C@@]1([H])C([H])([H])[C@]([H])(N2:C([H]):C(C([H])([H])[H]):C(=O):N([H]):C:2=O)O[C@]1([H])C([H])([H])OP(O)(=O)O[H].[H],EVODEX-P19405
EVODEX-N7559,[H]O[C@@]1([H])[C@@]([H])(O[H])[C@]([H])(N2:C([H]):N:C3:C(N([H])[H]):N:C([H]):N:C:3:2)O[C@]1([H])C([H])([H])OP(=O)(O[H])OP(=O)(O[H])O[P:24](=[O:25])([O:26])[O:27]>>[H]O[C@@]1([H])C([H])([H])[C@]([H])(N2:C([H]):N:C3:C(N([H])[H]):N:C([H]):N:C:3:2)O[C@]1([H])C([H])([H])OP(=O)(O[H])O[P:24](=[O:25])([O:26])[O:27],EVODEX-P19409
EVODEX-N7560,>>[H].[H]O[C@@]1([H])C([H])([H])[C@]([H])(N2:C([H]):N:C3:C(N([H])[H]):N:C([H]):N:C:3:2)O[C@]1([H])C([H])([H])OP(O)(=O)O[H],EVODEX-P19410
EVODEX-N7561,[H]O[C@@]1([H])[C@@]([H])(O[H])[C@]([H])(N2:C([H]):N:C3:C(N([H])[H]):N:C([H]):N:C:3:2)O[C@]1([H])C([H])([H])OP(=O)(O[H])OP(=O)(O[H])O[P:52](=[O:53])([O:54])[O:55]>>[H]N=C1:N([H]):C(=O):C2:N:C([H]):N([C@]3([H])O[C@]([H])(C([H])([H])OP(=O)(O[H])OP(=O)(O[H])O[P:52](=[O:53])([O:54])[O:55])[C@@]([H])(O[H])[C@@]3([H])O[H]):C:2:N:1[H],EVODEX-P19413
EVODEX-N7562,[H][O:54][P:52].[H]N=C1:N([H]):C(=O):C2:N:C([H]):N([C@]3([H])O[C@]([H])(C([H])([H])OP(=O)(O[H])OP(=O)(O[H])O[P:23](=[O:24])([O:25])[O:26])[C@@]([H])(O[H])[C@@]3([H])O[H]):C:2:N:1[H]>>[P:23](=[O:24])([O:25])([O:26])[O:54][P:52],"EVODEX-P19416,EVODEX-P19430"
EVODEX-N7563,[H]N=C1:N([H]):C(=O):C2:N:C([H]):N([C@]3([H])O[C@]([H])(C([H])([H])OP(=O)(O[H])OP(=O)(O[H])O[P:23](=[O:24])([O:25])[O:26])[C@@]([H])(O[H])[C@@]3([H])O[H]):C:2:N:1[H]>>[H]O[C@@]1([H])[C@@]([H])(O[H])[C@]([H])(N2:C([H]):N:C3:C(N([H])[H]):N:C([H]):N:C:3:2)O[C@]1([H])C([H])([H])OP(=O)(O[H])OP(=O)(O[H])O[P:23](=[O:24])([O:25])[O:26],EVODEX-P19417
EVODEX-N7564,[H]O[C@@]1([H])[C@@]([H])(O[H])[C@]([H])(N2:C([H]):N:C3:C(N([H])[H]):N:C([H]):N:C:3:2)O[C@]1([H])C([H])([H])OP(=O)(O[H])OP(=O)(O[H])O[P:47](=[O:48])([O:49])[O:50]>>[H]O[C@@]1([H])C([H])([H])[C@]([H])(N2:C([H]):N:C3:C(=O):N([H]):C(N([H])[H]):N:C:3:2)O[C@]1([H])C([H])([H])OP(=O)(O[H])O[P:47](=[O:48])([O:49])[O:50],EVODEX-P19421
EVODEX-N7565,>>[H]O[C@@]1([H])C([H])([H])[C@]([H])(N2:C([H]):N:C3:C(=O):N([H]):C(N([H])[H]):N:C:3:2)O[C@]1([H])C([H])([H])OP(O)(=O)O[H].[H],EVODEX-P19423
EVODEX-N7566,[H]O[C@@]1([H])C([H])([H])[C@]([H])(N2:C([H]):N:C3:C(=O):N([H]):C(N([H])[H]):N:C:3:2)O[C@]1([H])C([H])([H])OP(=O)(O[H])O[P:20](=[O:21])([O:22])[O:23].[H][O:49][P:47]>>[P:20](=[O:21])([O:22])([O:23])[O:49][P:47],EVODEX-P19425
EVODEX-N7567,[H]O[C@@]1([H])C([H])([H])[C@]([H])(N2:C([H]):N:C3:C(=O):N([H]):C(N([H])[H]):N:C:3:2)O[C@]1([H])C([H])([H])OP(=O)(O[H])O[P:20](=[O:21])([O:22])[O:23]>>[H]O[C@@]1([H])[C@@]([H])(O[H])[C@]([H])(N2:C([H]):N:C3:C(N([H])[H]):N:C([H]):N:C:3:2)O[C@]1([H])C([H])([H])OP(=O)(O[H])OP(=O)(O[H])O[P:20](=[O:21])([O:22])[O:23],EVODEX-P19426
EVODEX-N7568,[H]O[C@@]1([H])[C@@]([H])(O[H])[C@]([H])(N2:C([H]):N:C3:C(=O):N([H]):C(N([H])[H]):N:C:3:2)O[C@]1([H])C([H])([H])OP(=O)(O[H])OP(=O)(O[H])O[P:22](=[O:23])([O:24])[O:25]>>[H]O[C@@]1([H])[C@@]([H])(O[H])[C@]([H])(N2:C([H]):N:C3:C(N([H])[H]):N:C([H]):N:C:3:2)O[C@]1([H])C([H])([H])OP(=O)(O[H])O[P:22](=[O:23])([O:24])[O:25],EVODEX-P19431
EVODEX-N7569,[H]O[C@@]1([H])[C@@]([H])(O[H])[C@]([H])(N2:C([H]):N:C3:C(N([H])[H]):N:C([H]):N:C:3:2)O[C@]1([H])C([H])([H])OP(=O)(O[H])O[P:48](=[O:49])([O:50])[O:51]>>[H]O[C@@]1([H])[C@@]([H])(O[H])[C@]([H])(N2:C([H]):N:C3:C(=O):N([H]):C(N([H])[H]):N:C:3:2)O[C@]1([H])C([H])([H])OP(=O)(O[H])OP(=O)(O[H])O[P:48](=[O:49])([O:50])[O:51],EVODEX-P19435
EVODEX-N7570,[H]O[C@@]1([H])[C@@]([H])(O[H])[C@]([H])(N2:C([H]):N:C3:C(N([H])[H]):N:C([H]):N:C:3:2)O[C@]1([H])C([H])([H])OP(=O)(O[H])OP(=O)(O[H])O[P:42](=[O:43])([O:44])[O:45]>>[H]O[C@@]1([H])C(F)(F)[C@]([H])(N2:C([H]):C([H]):C(N([H])[H]):N:C:2=O)O[C@]1([H])C([H])([H])O[P:42](=[O:43])([O:44])[O:45],EVODEX-P19440
EVODEX-N7571,>>[H].[H]O[C@@]1([H])C(F)(F)[C@]([H])(N2:C([H]):C([H]):C(N([H])[H]):N:C:2=O)O[C@]1([H])C([H])([H])O,EVODEX-P19441
EVODEX-N7572,[H]O[C@@]1([H])[C@@]([H])(O[H])[C@]([H])(N2:C([H]):N:C3:C(N([H])[H]):N:C([H]):N:C:3:2)O[C@]1([H])C([H])([H])OP(=O)(O[H])OP(=O)(O[H])O[P:42](=[O:43])([O:44])[O:45]>>[H]OP(=O)(O[H])C([H])([H])OC([H])(C([H])([H])O[P:42](=[O:43])([O:44])[O:45])C([H])([H])N1:C([H]):N:C(N([H])[H]):N:C:1=O,EVODEX-P19445
EVODEX-N7573,>>[H].[H]OP(=O)(O[H])C([H])([H])OC([H])(C([H])([H])O)C([H])([H])N1:C([H]):N:C(N([H])[H]):N:C:1=O,EVODEX-P19446
EVODEX-N7574,[H]O[C@@]1([H])[C@@]([H])(O[H])[C@]([H])(N2:C([H]):N:C3:C(N([H])[H]):N:C([H]):N:C:3:2)O[C@]1([H])C([H])([H])OP(=O)(O[H])OP(=O)(O[H])O[P:48](=[O:49])([O:50])[O:51]>>[H]OP(=O)(OC([H])([H])/C([H])=C(\C([H])([H])[H])C([H])([H])C([H])([H])/C([H])=C(\C([H])([H])[H])C([H])([H])C([H])([H])C([H])=C(C([H])([H])[H])C([H])([H])[H])OP(=O)(O[H])O[P:48](=[O:49])([O:50])[O:51],EVODEX-P19464
EVODEX-N7575,>>[H]OP(O)(=O)OP(=O)(O[H])OC([H])([H])/C([H])=C(\C([H])([H])[H])C([H])([H])C([H])([H])/C([H])=C(\C([H])([H])[H])C([H])([H])C([H])([H])C([H])=C(C([H])([H])[H])C([H])([H])[H].[H],EVODEX-P19466
EVODEX-N7576,[H]OP(=O)(OC([H])([H])/C([H])=C(\C([H])([H])[H])C([H])([H])C([H])([H])/C([H])=C(\C([H])([H])[H])C([H])([H])C([H])([H])C([H])=C(C([H])([H])[H])C([H])([H])[H])OP(=O)(O[H])O[P:25](=[O:26])([O:27])[O:28].[H][O:50][P:48]>>[P:25](=[O:26])([O:27])([O:28])[O:50][P:48],EVODEX-P19468
EVODEX-N7577,[H]OP(=O)(OC([H])([H])/C([H])=C(\C([H])([H])[H])C([H])([H])C([H])([H])/C([H])=C(\C([H])([H])[H])C([H])([H])C([H])([H])C([H])=C(C([H])([H])[H])C([H])([H])[H])OP(=O)(O[H])O[P:25](=[O:26])([O:27])[O:28]>>[H]O[C@@]1([H])[C@@]([H])(O[H])[C@]([H])(N2:C([H]):N:C3:C(N([H])[H]):N:C([H]):N:C:3:2)O[C@]1([H])C([H])([H])OP(=O)(O[H])OP(=O)(O[H])O[P:25](=[O:26])([O:27])[O:28],EVODEX-P19469
EVODEX-N7578,[H]O[C@@]1([H])[C@@]([H])(O[H])[C@]([H])(N2:C([H]):N:C3:C(N([H])[H]):N:C([H]):N:C:3:2)O[C@]1([H])C([H])([H])OP(=O)(O[H])OP(=O)(O[H])O[P:45](=[O:46])([O:47])[O:48]>>[H]O[C@@]1([H])C([H])([H])[C@]([H])(N2:C([H]):C(C([H])([H])[H]):C(N([H])[H]):N:C:2=O)O[C@]1([H])C([H])([H])OP(=O)(O[H])O[P:45](=[O:46])([O:47])[O:48],EVODEX-P19474
EVODEX-N7579,>>[H]O[C@@]1([H])C([H])([H])[C@]([H])(N2:C([H]):C(C([H])([H])[H]):C(N([H])[H]):N:C:2=O)O[C@]1([H])C([H])([H])OP(O)(=O)O[H].[H],"EVODEX-P19476,EVODEX-P19480"
EVODEX-N7580,[H][O:14][P:12].[H]O[C@@]1([H])C([H])([H])[C@]([H])(N2:C([H]):N:C3:C(N([H])[H]):N:C([H]):N:C:3:2)O[C@]1([H])C([H])([H])OP(=O)(O[H])OP(=O)(O[H])O[P:47](=[O:48])([O:49])[O:50]>>[P:12][O:14][P:47](=[O:48])([O:49])[O:50],EVODEX-P19478
EVODEX-N7581,[H]O[C@@]1([H])C([H])([H])[C@]([H])(N2:C([H]):N:C3:C(N([H])[H]):N:C([H]):N:C:3:2)O[C@]1([H])C([H])([H])OP(=O)(O[H])OP(=O)(O[H])O[P:47](=[O:48])([O:49])[O:50]>>[H]O[C@@]1([H])C([H])([H])[C@]([H])(N2:C([H]):C(C([H])([H])[H]):C(N([H])[H]):N:C:2=O)O[C@]1([H])C([H])([H])OP(=O)(O[H])O[P:47](=[O:48])([O:49])[O:50],EVODEX-P19479
EVODEX-N7582,[H]O[C@@]1([H])[C@@]([H])(O[H])[C@]([H])(N2:C([H]):N:C3:C(N([H])[H]):N:C([H]):N:C:3:2)O[C@]1([H])C([H])([H])OP(=O)(O[H])OP(=O)(O[H])O[P:24](=[O:25])([O:26])[O:27]>>[H]OP(=O)(O[H])O[C@]1([H])[C@]([H])(OP(=O)(O[H])O[H])[C@@]([H])(OP(=O)(O[H])O[H])[C@]([H])(OP(=O)(O[H])O[P:24](=[O:25])([O:26])[O:27])[C@@]([H])(OP(=O)(O[H])O[H])[C@]1([H])OP(=O)(O[H])O[H],EVODEX-P19484
EVODEX-N7583,>>[H].[H]OP(O)(=O)O[C@@]1([H])[C@]([H])(OP(=O)(O[H])O[H])[C@@]([H])(OP(=O)(O[H])O[H])[C@@]([H])(OP(=O)(O[H])O[H])[C@@]([H])(OP(=O)(O[H])O[H])[C@]1([H])OP(=O)(O[H])O[H],EVODEX-P19485
EVODEX-N7584,[H]O[C@@]1([H])[C@@]([H])(O[H])[C@]([H])(N2:C([H]):N:C3:C(N([H])[H]):N:C([H]):N:C:3:2)O[C@]1([H])C([H])([H])OP(=O)(O[H])OP(=O)(O[H])O[P:24](=[O:25])([O:26])[O:27]>>[H]OP(=O)(O[H])O[C@@]1([H])[C@@]([H])(OP(=O)(O[H])O[H])[C@@]([H])(OP(=O)(O[H])OP(=O)(O[H])O[H])[C@]([H])(OP(=O)(O[H])O[H])[C@@]([H])(OP(=O)(O[H])O[P:24](=[O:25])([O:26])[O:27])[C@]1([H])OP(=O)(O[H])O[H],EVODEX-P19489
EVODEX-N7585,>>[H].[H]OP(O)(=O)O[C@@]1([H])[C@]([H])(OP(=O)(O[H])O[H])[C@@]([H])(OP(=O)(O[H])O[H])[C@@]([H])(OP(=O)(O[H])O[H])[C@@]([H])(OP(=O)(O[H])OP(=O)(O[H])O[H])[C@]1([H])OP(=O)(O[H])O[H],"EVODEX-P19490,EVODEX-P19510"
EVODEX-N7586,[H]O[C@@]1([H])[C@@]([H])(O[H])[C@]([H])(N2:C([H]):N:C3:C(N([H])[H]):N:C([H]):N:C:3:2)O[C@]1([H])C([H])([H])OP(=O)(O[H])OP(=O)(O[H])O[P:24](=[O:25])([O:26])[O:27]>>[H]O[C@@]1([H])[C@@]([H])(O[H])[C@]([H])(N2:C([H]):C([H]):C(=O):N([H]):C:2=O)O[C@]1([H])C([H])([H])OP(=O)(O[H])O[P:24](=[O:25])([O:26])[O:27],EVODEX-P19494
EVODEX-N7587,>>[H]O[C@@]1([H])[C@@]([H])(O[H])[C@]([H])(N2:C([H]):C([H]):C(=O):N([H]):C:2=O)O[C@]1([H])C([H])([H])OP(O)(=O)O[H].[H],"EVODEX-P19495,EVODEX-P20213,EVODEX-P20250,EVODEX-P20266"
EVODEX-N7588,[H][O:22][P:20].[H]O[C@@]1([H])[C@@]([H])(O[H])[C@]([H])(N2:C([H]):C([H]):C(=O):N([H]):C:2=O)O[C@]1([H])C([H])([H])OP(=O)(O[H])O[P:42](=[O:43])([O:44])[O:45]>>[P:20][O:22][P:42](=[O:43])([O:44])[O:45],"EVODEX-P19498,EVODEX-P20158,EVODEX-P20164,EVODEX-P20199,EVODEX-P20204,EVODEX-P20242,EVODEX-P20258,EVODEX-P20269,EVODEX-P20275"
EVODEX-N7589,[H]O[C@@]1([H])[C@@]([H])(O[H])[C@]([H])(N2:C([H]):C([H]):C(=O):N([H]):C:2=O)O[C@]1([H])C([H])([H])OP(=O)(O[H])O[P:42](=[O:43])([O:44])[O:45]>>[H]O[C@@]1([H])[C@@]([H])(O[H])[C@]([H])(N2:C([H]):N:C3:C(N([H])[H]):N:C([H]):N:C:3:2)O[C@]1([H])C([H])([H])OP(=O)(O[H])OP(=O)(O[H])O[P:42](=[O:43])([O:44])[O:45],EVODEX-P19499
EVODEX-N7590,[H]O[C@@]1([H])[C@@]([H])(O[H])[C@]([H])(N2:C([H]):N:C3:C(N([H])[H]):N:C([H]):N:C:3:2)O[C@]1([H])C([H])([H])OP(=O)(O[H])OP(=O)(O[H])O[P:24](=[O:25])([O:26])[O:27]>>[H]O[C@@]1([H])[C@@]([H])(OP(=O)(O[H])O[P:24](=[O:25])([O:26])[O:27])O[C@]([H])(C([H])([H])OP(=O)(O[H])O[H])[C@@]1([H])O[H],EVODEX-P19504
EVODEX-N7591,>>[H].[H]O[C@@]1([H])[C@@]([H])(OP(O)(=O)O[H])O[C@]([H])(C([H])([H])OP(=O)(O[H])O[H])[C@@]1([H])O[H],EVODEX-P19505
EVODEX-N7592,[H]O[C@@]1([H])[C@@]([H])(O[H])[C@]([H])(N2:C([H]):N:C3:C(N([H])[H]):N:C([H]):N:C:3:2)O[C@]1([H])C([H])([H])OP(=O)(O[H])OP(=O)(O[H])O[P:24](=[O:25])([O:26])[O:27]>>[H]OP(=O)(O[H])O[C@@]1([H])[C@@]([H])(OP(=O)(O[H])O[H])[C@@]([H])(OP(=O)(O[H])O[H])[C@]([H])(OP(=O)(O[H])O[P:24](=[O:25])([O:26])[O:27])[C@@]([H])(OP(=O)(O[H])OP(=O)(O[H])O[H])[C@]1([H])OP(=O)(O[H])O[H],EVODEX-P19509
EVODEX-N7593,[H]O[C@@]1([H])[C@@]([H])(O[H])[C@]([H])(N2:C([H]):N:C3:C(N([H])[H]):N:C([H]):N:C:3:2)O[C@]1([H])C([H])([H])OP(=O)(O[H])OP(=O)(O[H])O[P:44](=[O:45])([O:46])[O:47]>>[H]O[C@@]1([H])C([H])([H])[C@]([H])(N2:C([H]):C([H]):C(N([H])[H]):N:C:2=O)O[C@]1([H])C([H])([H])OP(=O)(O[H])O[P:44](=[O:45])([O:46])[O:47],EVODEX-P19513
EVODEX-N7594,>>[H]O[C@@]1([H])C([H])([H])[C@]([H])(N2:C([H]):C([H]):C(N([H])[H]):N:C:2=O)O[C@]1([H])C([H])([H])OP(O)(=O)O[H].[H],EVODEX-P19515
EVODEX-N7595,[H]O[C@@]1([H])C([H])([H])[C@]([H])(N2:C([H]):C([H]):C(N([H])[H]):N:C:2=O)O[C@]1([H])C([H])([H])OP(=O)(O[H])O[P:17](=[O:18])([O:19])[O:20].[H][O:46][P:44]>>[P:17](=[O:18])([O:19])([O:20])[O:46][P:44],EVODEX-P19517
EVODEX-N7596,[H]O[C@@]1([H])C([H])([H])[C@]([H])(N2:C([H]):C([H]):C(N([H])[H]):N:C:2=O)O[C@]1([H])C([H])([H])OP(=O)(O[H])O[P:17](=[O:18])([O:19])[O:20]>>[H]O[C@@]1([H])[C@@]([H])(O[H])[C@]([H])(N2:C([H]):N:C3:C(N([H])[H]):N:C([H]):N:C:3:2)O[C@]1([H])C([H])([H])OP(=O)(O[H])OP(=O)(O[H])O[P:17](=[O:18])([O:19])[O:20],EVODEX-P19518
EVODEX-N7597,[H]O[C@@]1([H])[C@@]([H])(O[H])[C@]([H])(N2:C([H]):N:C3:C(N([H])[H]):N:C([H]):N:C:3:2)O[C@]1([H])C([H])([H])OP(=O)(O[H])OP(=O)(O[H])O[P:34](=[O:35])([O:36])[O:37]>>[H]OP(=O)(OC([H])([H])C([H])([H])C(=C([H])[H])C([H])([H])[H])O[P:34](=[O:35])([O:36])[O:37],EVODEX-P19523
EVODEX-N7598,>>[H]OP(O)(=O)OC([H])([H])C([H])([H])C(=C([H])[H])C([H])([H])[H].[H],EVODEX-P19525
EVODEX-N7599,[H]OP(=O)(OC([H])([H])C([H])([H])C(=C([H])[H])C([H])([H])[H])O[P:11](=[O:12])([O:13])[O:14].[H][O:36][P:34]>>[P:11](=[O:12])([O:13])([O:14])[O:36][P:34],EVODEX-P19527
EVODEX-N7600,[H]OP(=O)(OC([H])([H])C([H])([H])C(=C([H])[H])C([H])([H])[H])O[P:11](=[O:12])([O:13])[O:14]>>[H]O[C@@]1([H])[C@@]([H])(O[H])[C@]([H])(N2:C([H]):N:C3:C(N([H])[H]):N:C([H]):N:C:3:2)O[C@]1([H])C([H])([H])OP(=O)(O[H])OP(=O)(O[H])O[P:11](=[O:12])([O:13])[O:14],EVODEX-P19528
EVODEX-N7601,[H]OP(=O)(OC([H])([H])/C([H])=C(/C([H])([H])[H])C([H])([H])C([H])([H])/C([H])=C(/C([H])([H])[H])C([H])([H])C([H])([H])/C([H])=C(/C([H])([H])[H])C([H])([H])C([H])([H])/C([H])=C(/C([H])([H])[H])C([H])([H])C([H])([H])/C([H])=C(/C([H])([H])[H])C([H])([H])C([H])([H])/C([H])=C(/C([H])([H])[H])C([H])([H])C([H])([H])/C([H])=C(/C([H])([H])[H])C([H])([H])C([H])([H])/C([H])=C(/C([H])([H])[H])C([H])([H])C([H])([H])/C([H])=C(\C([H])([H])[H])C([H])([H])C([H])([H])/C([H])=C(\C([H])([H])[H])C([H])([H])C([H])([H])C([H])=C(C([H])([H])[H])C([H])([H])[H])O[P:61](=[O:62])([O:63])[O:64].[H][O:217][P:214]>>[P:61](=[O:62])([O:63])([O:64])[O:217][P:214],"EVODEX-P19532,EVODEX-P19538,EVODEX-P20248"
EVODEX-N7602,[H]OP(=O)(OC([H])([H])/C([H])=C(/C([H])([H])[H])C([H])([H])C([H])([H])/C([H])=C(/C([H])([H])[H])C([H])([H])C([H])([H])/C([H])=C(/C([H])([H])[H])C([H])([H])C([H])([H])/C([H])=C(/C([H])([H])[H])C([H])([H])C([H])([H])/C([H])=C(/C([H])([H])[H])C([H])([H])C([H])([H])/C([H])=C(/C([H])([H])[H])C([H])([H])C([H])([H])/C([H])=C(/C([H])([H])[H])C([H])([H])C([H])([H])/C([H])=C(/C([H])([H])[H])C([H])([H])C([H])([H])/C([H])=C(\C([H])([H])[H])C([H])([H])C([H])([H])/C([H])=C(\C([H])([H])[H])C([H])([H])C([H])([H])C([H])=C(C([H])([H])[H])C([H])([H])[H])O[P:61](=[O:62])([O:63])[O:64]>>[H]OC(=O)[C@]1(OC([H])([H])[C@@]2([H])O[C@@]([H])(OC([H])([H])[C@@]3([H])O[C@]([H])(OP(=O)(O[H])O[H])[C@]([H])(N([H])C(=O)C([H])([H])[C@]([H])(O[H])C([H])([H])C([H])([H])C([H])([H])C([H])([H])C([H])([H])C([H])([H])C([H])([H])C([H])([H])C([H])([H])C([H])([H])C([H])([H])[H])[C@@]([H])(OC(=O)C([H])([H])[C@@]([H])(O[H])C([H])([H])C([H])([H])C([H])([H])C([H])([H])C([H])([H])C([H])([H])C([H])([H])C([H])([H])C([H])([H])C([H])([H])C([H])([H])[H])[C@]3([H])O[H])[C@]([H])(N([H])C(=O)C([H])([H])[C@@]([H])(OC(=O)C([H])([H])C([H])([H])C([H])([H])C([H])([H])C([H])([H])C([H])([H])C([H])([H])C([H])([H])C([H])([H])C([H])([H])C([H])([H])[H])C([H])([H])C([H])([H])C([H])([H])C([H])([H])C([H])([H])C([H])([H])C([H])([H])C([H])([H])C([H])([H])C([H])([H])C([H])([H])[H])[C@@]([H])(OC(=O)C([H])([H])[C@]([H])(OC(=O)C([H])([H])C([H])([H])C([H])([H])C([H])([H])C([H])([H])C([H])([H])C([H])([H])C([H])([H])C([H])([H])C([H])([H])C([H])([H])C([H])([H])C([H])([H])[H])C([H])([H])C([H])([H])C([H])([H])C([H])([H])C([H])([H])C([H])([H])C([H])([H])C([H])([H])C([H])([H])C([H])([H])C([H])([H])[H])[C@]2([H])OP(=O)(O[H])O[P:61](=[O:62])([O:63])[O:64])O[C@]([H])([C@]([H])(O[H])C([H])([H])O[H])[C@]([H])(O[H])[C@]([H])(O[C@@]2(C(=O)O[H])O[C@]([H])([C@]([H])(O[H])C([H])([H])O[H])[C@]([H])(O[H])[C@]([H])(O[H])C2([H])[H])C1([H])[H],EVODEX-P19534
EVODEX-N7603,[H]OP(=O)(OC([H])([H])/C([H])=C(/C([H])([H])[H])C([H])([H])C([H])([H])/C([H])=C(/C([H])([H])[H])C([H])([H])C([H])([H])/C([H])=C(/C([H])([H])[H])C([H])([H])C([H])([H])/C([H])=C(/C([H])([H])[H])C([H])([H])C([H])([H])/C([H])=C(/C([H])([H])[H])C([H])([H])C([H])([H])/C([H])=C(/C([H])([H])[H])C([H])([H])C([H])([H])/C([H])=C(/C([H])([H])[H])C([H])([H])C([H])([H])/C([H])=C(/C([H])([H])[H])C([H])([H])C([H])([H])/C([H])=C(\C([H])([H])[H])C([H])([H])C([H])([H])/C([H])=C(\C([H])([H])[H])C([H])([H])C([H])([H])C([H])=C(C([H])([H])[H])C([H])([H])[H])O[P:61](=[O:62])([O:63])[O:64]>>[H]OC(=O)[C@]1(OC([H])([H])[C@@]2([H])O[C@@]([H])(OC([H])([H])[C@@]3([H])O[C@]([H])(OP(=O)(O[H])O[P:61](=[O:62])([O:63])[O:64])[C@]([H])(N([H])C(=O)C([H])([H])[C@]([H])(O[H])C([H])([H])C([H])([H])C([H])([H])C([H])([H])C([H])([H])C([H])([H])C([H])([H])C([H])([H])C([H])([H])C([H])([H])C([H])([H])[H])[C@@]([H])(OC(=O)C([H])([H])[C@@]([H])(O[H])C([H])([H])C([H])([H])C([H])([H])C([H])([H])C([H])([H])C([H])([H])C([H])([H])C([H])([H])C([H])([H])C([H])([H])C([H])([H])[H])[C@]3([H])O[H])[C@]([H])(N([H])C(=O)C([H])([H])[C@@]([H])(OC(=O)C([H])([H])C([H])([H])C([H])([H])C([H])([H])C([H])([H])C([H])([H])C([H])([H])C([H])([H])C([H])([H])C([H])([H])C([H])([H])[H])C([H])([H])C([H])([H])C([H])([H])C([H])([H])C([H])([H])C([H])([H])C([H])([H])C([H])([H])C([H])([H])C([H])([H])C([H])([H])[H])[C@@]([H])(OC(=O)C([H])([H])[C@]([H])(OC(=O)C([H])([H])C([H])([H])C([H])([H])C([H])([H])C([H])([H])C([H])([H])C([H])([H])C([H])([H])C([H])([H])C([H])([H])C([H])([H])C([H])([H])C([H])([H])[H])C([H])([H])C([H])([H])C([H])([H])C([H])([H])C([H])([H])C([H])([H])C([H])([H])C([H])([H])C([H])([H])C([H])([H])C([H])([H])[H])[C@]2([H])OP(=O)(O[H])O[H])O[C@]([H])([C@]([H])(O[H])C([H])([H])O[H])[C@]([H])(O[H])[C@]([H])(O[C@@]2(C(=O)O[H])O[C@]([H])([C@]([H])(O[H])C([H])([H])O[H])[C@]([H])(O[H])[C@]([H])(O[H])C2([H])[H])C1([H])[H],EVODEX-P19540
EVODEX-N7604,[H]O[C@@]1([H])[C@@]([H])(O[H])[C@]([H])(N2:C([H]):N:C3:C(N([H])[H]):N:C([H]):N:C:3:2)O[C@]1([H])C([H])([H])OP(=O)(O[H])OP(=O)(O[H])O[P:37](=[O:38])([O:39])[O:40]>>[H]OP(=O)(OC([H])([H])C1:C([H]):O:C(C([H])([H])N([H])[H]):C:1[H])O[P:37](=[O:38])([O:39])[O:40],EVODEX-P19545
EVODEX-N7605,>>[H].[H]OP(O)(=O)OC([H])([H])C1:C([H]):O:C(C([H])([H])N([H])[H]):C:1[H],EVODEX-P19546
EVODEX-N7606,[H][O:19][P:17].[H]O[C@@]1([H])[C@@]([H])(O[H])[C@]([H])(N2:C([H]):C([H]):C(N([H])[H]):N:C:2=O)O[C@]1([H])C([H])([H])OP(=O)(O[H])OP(=O)(O[H])O[P:39](=[O:40])([O:41])[O:42]>>[P:17][O:19][P:39](=[O:40])([O:41])[O:42],EVODEX-P19548
EVODEX-N7607,[H]O[C@@]1([H])[C@@]([H])(O[H])[C@]([H])(N2:C([H]):C([H]):C(N([H])[H]):N:C:2=O)O[C@]1([H])C([H])([H])OP(=O)(O[H])OP(=O)(O[H])O[P:39](=[O:40])([O:41])[O:42]>>[H]OP(=O)(OC([H])([H])/C([H])=C(\C([H])([H])[H])C([H])([H])C([H])([H])/C([H])=C(\C([H])([H])[H])C([H])([H])C([H])([H])C([H])=C(C([H])([H])[H])C([H])([H])[H])O[P:39](=[O:40])([O:41])[O:42],EVODEX-P19549
EVODEX-N7608,>>[H]OP(O)(=O)OC([H])([H])/C([H])=C(\C([H])([H])[H])C([H])([H])C([H])([H])/C([H])=C(\C([H])([H])[H])C([H])([H])C([H])([H])C([H])=C(C([H])([H])[H])C([H])([H])[H].[H],"EVODEX-P19551,EVODEX-P20161"
EVODEX-N7609,[H]OP(=O)(O[H])OP(=O)(O[H])O[P:25](=[O:24])([O:26])[O:27]>>[H]O[C@@]1([H])[C@@]([H])(O[H])[C@]([H])(N2:C([H]):N:C3:C(N([H])[H]):N:C([H]):N:C:3:2)O[C@]1([H])C([H])([H])OP(=O)(O[H])O[P:25](=[O:24])([O:26])[O:27],EVODEX-P19554
EVODEX-N7610,[H]O[C@@]1([H])[C@@]([H])(O[H])[C@]([H])(N2:C([H]):N:C3:C(N([H])[H]):N:C([H]):N:C:3:2)O[C@]1([H])C([H])([H])OP(=O)(O[H])O[P:20](=[O:21])([O:22])[O:23]>>[H]OP(=O)(O[H])OP(=O)(O[H])O[P:20](=[O:21])([O:22])[O:23],EVODEX-P19559
EVODEX-N7611,[H][O:18][P:16].[H]O[C@@]1([H])[C@@]([H])(O[P:34](=[O:35])([O:36])[O:37])O[C@]([H])(C([H])([H])OP(=O)(O[H])O[H])[C@@]1([H])O[H]>>[P:16][O:18][P:34](=[O:35])([O:36])[O:37],EVODEX-P19567
EVODEX-N7612,[H]O[C@@]1([H])[C@@]([H])(O[P:34](=[O:35])([O:36])[O:37])O[C@]([H])(C([H])([H])OP(=O)(O[H])O[H])[C@@]1([H])O[H]>>[H]O[C@@]1([H])[C@@]([H])(O[H])[C@]([H])(N2:C([H]):N:C3:C(N([H])[H]):N:C([H]):N:C:3:2)O[C@]1([H])C([H])([H])OP(=O)(O[H])O[P:34](=[O:35])([O:36])[O:37],EVODEX-P19568
EVODEX-N7613,[H]O[C@@]1([H])[C@@]([H])(O[H])[C@]([H])(N2:C([H]):N:C3:C(N([H])[H]):N:C([H]):N:C:3:2)O[C@]1([H])C([H])([H])OP(=O)(O[H])O[P:34](=[O:35])([O:36])[O:37]>>[H]N=C1:N([H]):C2:C(:C(=O):N:1[H])N=C(C([H])([H])O[P:34](=[O:35])([O:36])[O:37])C([H])([H])N2[H],EVODEX-P19582
EVODEX-N7614,>>[H].[H]N=C1:N([H]):C2:C(:C(=O):N:1[H])N=C(C([H])([H])O)C([H])([H])N2[H],EVODEX-P19583
EVODEX-N7615,[H]O[C@@]1([H])[C@@]([H])(O[H])[C@]([H])(N2:C([H]):N:C3:C(N([H])[H]):N:C([H]):N:C:3:2)O[C@]1([H])C([H])([H])OP(=O)(O[H])O[P:20](=[O:21])([O:22])[O:23]>>[H]C1=NC([H])=C2N=C(C([H])([H])O[P:20](=[O:21])([O:22])[O:23])C([H])([H])N=C2N1[H],EVODEX-P19587
EVODEX-N7616,>>[H].[H]C1=NC([H])=C2N=C(C([H])([H])O)C([H])([H])N=C2N1[H],EVODEX-P19588
EVODEX-N7617,[H]O[C@@]1([H])[C@@]([H])(O[H])[C@]([H])(N2:C([H]):N:C3:C(N([H])[H]):N:C([H]):N:C:3:2)O[C@]1([H])C([H])([H])OP(=O)(O[H])O[P:20](=[O:21])([O:22])[O:23]>>[H]O[C@]1([H])[C@]([H])(O[P:20](=[O:21])([O:22])[O:23])[C@@]([H])(C([H])([H])OP(=O)(O[H])OP(=O)(O[H])OP(=O)(O[H])O[H])O[C@@]1([H])N1:C([H]):N:C2:C(=O):N([H]):C([H]):N:C:2:1,EVODEX-P19592
EVODEX-N7618,>>[H].[H]O[C@]1([H])[C@]([H])(O)[C@@]([H])(C([H])([H])OP(=O)(O[H])OP(=O)(O[H])OP(=O)(O[H])O[H])O[C@@]1([H])N1:C([H]):N:C2:C(=O):N([H]):C([H]):N:C:2:1,EVODEX-P19593
EVODEX-N7619,[H]O[C@@]1([H])[C@@]([H])(O[H])[C@]([H])(N2:C([H]):N:C3:C(N([H])[H]):N:C([H]):N:C:3:2)O[C@]1([H])C([H])([H])OP(=O)(O[H])O[P:20](=[O:21])([O:22])[O:23]>>[H]O[C@]1([H])[C@]([H])(O[P:20](=[O:21])([O:22])[O:23])[C@@]([H])(C([H])([H])OP(=O)(O[H])OP(=O)(O[H])O[H])O[C@@]1([H])N1:C([H]):N:C2:C(=O):N([H]):C([H]):N:C:2:1,EVODEX-P19597
EVODEX-N7620,>>[H].[H]O[C@]1([H])[C@]([H])(O)[C@@]([H])(C([H])([H])OP(=O)(O[H])OP(=O)(O[H])O[H])O[C@@]1([H])N1:C([H]):N:C2:C(=O):N([H]):C([H]):N:C:2:1,EVODEX-P19598
EVODEX-N7621,[H]O[C@@]1([H])[C@@]([H])(O[H])[C@]([H])(N2:C([H]):N:C3:C(N([H])[H]):N:C([H]):N:C:3:2)O[C@]1([H])C([H])([H])OP(=O)(O[H])O[P:48](=[O:49])([O:50])[O:51]>>[H]N=C1:N([H]):C(=O):C2:N:C([H]):N([C@]3([H])O[C@]([H])(C([H])([H])OP(=O)(O[H])OP(=O)(O[H])O[H])[C@@]([H])(O[P:48](=[O:49])([O:50])[O:51])[C@@]3([H])O[H]):C:2:N:1[H],EVODEX-P19602
EVODEX-N7622,[H]O[C@]1([H])[C@]([H])([O:23][P:24])[C@@]([H])(C([H])([H])OP(=O)(O[H])OP(=O)(O[H])O[H])O[C@@]1([H])N1:C([H]):N:C2:C(=O):N([H]):C(N([H])[H]):N:C:2:1>>[H][O:23][P:24],EVODEX-P19605
EVODEX-N7623,[H]OP(=O)(O[H])OP(=O)(O[H])O[C@:22]([C:11])([C:32])[H:48].[H][O:37][H:55]>>[C:11][C@:22]([C:32])([O:37][H:55])[H:48],"EVODEX-P19606,EVODEX-P22950"
EVODEX-N7624,[H][O:37][H:55]>>[H]O[C@]1([H])[C@]([H])([O:37][H:55])[C@@]([H])(C([H])([H])OP(=O)(O[H])OP(=O)(O[H])O[H])O[C@@]1([H])N1:C([H]):N:C2:C(=O):N([H]):C(N([H])[H]):N:C:2:1,EVODEX-P19607
EVODEX-N7625,[H]OP(=O)(O[H])OP(=O)(O[H])O[C@:22]([C:11])([C:32])[H:48]>>[H]O[C@:22]([C:11])([C:32])[H:48],"EVODEX-P19608,EVODEX-P22952"
EVODEX-N7626,[H]OP(=O)(O[H])OP(=O)(O[H])O[P:47]([O:46])(=[O:48])[O:49]>>[H]O[C@@]([H])([C@@]([H])(O[H])C([H])([H])N1:C2:N:C(=O):N([H]):C(=O):C2:N:C2:C([H]):C(C([H])([H])[H]):C(C([H])([H])[H]):C([H]):C:2:1)[C@]([H])(O[H])C([H])([H])OP(=O)(O[H])O[P:47]([O:46])(=[O:48])[O:49],EVODEX-P19623
EVODEX-N7627,>>[H]O[C@@]([H])([C@@]([H])(O[H])C([H])([H])N1:C2:N:C(=O):N([H]):C(=O):C2:N:C2:C([H]):C(C([H])([H])[H]):C(C([H])([H])[H]):C([H]):C:2:1)[C@]([H])(O[H])C([H])([H])OP(O)(=O)O[H].[H],EVODEX-P19625
EVODEX-N7628,[H]O[C@@]([H])([C@@]([H])(O[H])C([H])([H])N1:C2:N:C(=O):N([H]):C(=O):C2:N:C2:C([H]):C(C([H])([H])[H]):C(C([H])([H])[H]):C([H]):C:2:1)[C@]([H])(O[H])C([H])([H])OP(=O)(O[H])O[P:28](=[O:29])([O:30])[O:31].[H][O:56][P:55]>>[P:28](=[O:29])([O:30])([O:31])[O:56][P:55],EVODEX-P19627
EVODEX-N7629,[H]O[C@@]([H])([C@@]([H])(O[H])C([H])([H])N1:C2:N:C(=O):N([H]):C(=O):C2:N:C2:C([H]):C(C([H])([H])[H]):C(C([H])([H])[H]):C([H]):C:2:1)[C@]([H])(O[H])C([H])([H])OP(=O)(O[H])O[P:28](=[O:29])([O:30])[O:31]>>[H]OP(=O)(O[H])OP(=O)(O[H])O[P:28](=[O:29])([O:30])[O:31],EVODEX-P19628
EVODEX-N7630,[H]OP(=O)(O[H])OP(=O)(O[H])O[P:38]([O:37])(=[O:39])[O:40]>>[H]O[C@@]([H])(C(=O)N([H])C([H])([H])C([H])([H])C(=O)N([H])C([H])([H])C([H])([H])S[H])C(C([H])([H])[H])(C([H])([H])[H])C([H])([H])OP(=O)(O[H])O[P:38]([O:37])(=[O:39])[O:40],EVODEX-P19633
EVODEX-N7631,>>[H]O[C@@]([H])(C(=O)N([H])C([H])([H])C([H])([H])C(=O)N([H])C([H])([H])C([H])([H])S[H])C(C([H])([H])[H])(C([H])([H])[H])C([H])([H])OP(O)(=O)O[H].[H],EVODEX-P19635
EVODEX-N7632,[H]O[C@@]([H])(C(=O)N([H])C([H])([H])C([H])([H])C(=O)N([H])C([H])([H])C([H])([H])S[H])C(C([H])([H])[H])(C([H])([H])[H])C([H])([H])OP(=O)(O[H])O[P:10](=[O:11])([O:12])[O:13].[H][O:47][P:46]>>[P:10](=[O:11])([O:12])([O:13])[O:47][P:46],EVODEX-P19637
EVODEX-N7633,[H]O[C@@]([H])(C(=O)N([H])C([H])([H])C([H])([H])C(=O)N([H])C([H])([H])C([H])([H])S[H])C(C([H])([H])[H])(C([H])([H])[H])C([H])([H])OP(=O)(O[H])O[P:10](=[O:11])([O:12])[O:13]>>[H]OP(=O)(O[H])OP(=O)(O[H])O[P:10](=[O:11])([O:12])[O:13],EVODEX-P19638
EVODEX-N7634,[O:15][P:16](=[O:17])([O:18])[O:19].[H][O:35][S:33]>>[O:15][P:16](=[O:17])([O:18])[O:35][S:33].[H][O:19],"EVODEX-P19641,EVODEX-P19655"
EVODEX-N7635,[H]OP(=O)(O[H])OP(=O)(O[H])O[P:16]([O:15])(=[O:17])[O:18].[H][O:35][S:33]>>[O:15][P:16](=[O:17])([O:18])[O:35][S:33],EVODEX-P19642
EVODEX-N7636,[H][O:35][S:33]>>[H]O[C@@]1([H])[C@@]([H])(O[H])[C@]([H])(N2:C([H]):N:C3:C(N([H])[H]):N:C([H]):N:C:3:2)O[C@]1([H])C([H])([H])OP(=O)(O[H])[O:35][S:33],EVODEX-P19643
EVODEX-N7637,[H]OP(=O)(O[H])OP(=O)(O[H])O[P:16]([O:15])(=[O:17])[O:18]>>[H]OS(=O)(=O)O[P:16]([O:15])(=[O:17])[O:18],EVODEX-P19644
EVODEX-N7638,>>[H]OS(O)(=O)=O.[H],"EVODEX-P19645,EVODEX-P19659"
EVODEX-N7639,[H]O[C@@]1([H])[C@@]([H])(O[H])[C@]([H])(N2:C([H]):N:C3:C(N([H])[H]):N:C([H]):N:C:3:2)O[C@]1([H])C([H])([H])OP(=O)(O[H])[O:19][S:20]>>[H][O:19][S:20],EVODEX-P19647
EVODEX-N7640,[H]OS(=O)(=O)O[P:16]([O:15])(=[O:17])[O:18].[H][O:30][P:29]>>[O:15][P:16](=[O:17])([O:18])[O:30][P:29],"EVODEX-P19648,EVODEX-P19652"
EVODEX-N7641,[H]OS(=O)(=O)O[P:16]([O:15])(=[O:17])[O:18]>>[H]OP(=O)(O[H])OP(=O)(O[H])O[P:16]([O:15])(=[O:17])[O:18],EVODEX-P19649
EVODEX-N7642,[H]OS(=O)(=O)O[P:16]([O:15])(=[O:17])[O:18]>>[H]OP(=O)(O[H])O[P:16]([O:15])(=[O:17])[O:18],EVODEX-P19653
EVODEX-N7643,[H]OP(=O)(O[H])O[P:16]([O:15])(=[O:17])[O:18].[H][O:31][S:29]>>[O:15][P:16](=[O:17])([O:18])[O:31][S:29],EVODEX-P19657
EVODEX-N7644,[H]OP(=O)(O[H])O[P:16]([O:15])(=[O:17])[O:18]>>[H]OS(=O)(=O)O[P:16]([O:15])(=[O:17])[O:18],EVODEX-P19658
EVODEX-N7645,[H]O[C@@]1([H])[C@@]([H])(O[H])[C@]([H])(N2:C([H]):C([H]):C(=O):N([H]):C:2=O)O[C@]1([H])C([H])([H])OP(=O)(O[H])[O:23][P:24]>>[H][O:23][P:24],"EVODEX-P19661,EVODEX-P19667,EVODEX-P19678,EVODEX-P19743,EVODEX-P19862,EVODEX-P28959"
EVODEX-N7646,[H][O:3][P:2]>>[H]O[C@@]1([H])[C@@]([H])(O[H])[C@]([H])(N2:C([H]):C([H]):C(=O):N([H]):C:2=O)O[C@]1([H])C([H])([H])OP(=O)(O[H])[O:3][P:2],"EVODEX-P19663,EVODEX-P19669,EVODEX-P19674,EVODEX-P19738,EVODEX-P19856"
EVODEX-N7647,[H]OP(=O)(O[H])OP(=O)(O[H])O[P:27]([O:26])(=[O:28])[O:29]>>[H]OC([H])([H])[C@@]1([H])O[C@]([H])(OP(=O)(O[H])O[P:27]([O:26])(=[O:28])[O:29])[C@]([H])(O[H])[C@@]([H])(O[H])[C@]1([H])O[H],"EVODEX-P19664,EVODEX-P19689,EVODEX-P19749,EVODEX-P19760,EVODEX-P19780"
EVODEX-N7648,[H]OC([H])([H])[C@@]1([H])O[C@]([H])(OP(=O)(O[H])O[P:20]([O:19])(=[O:21])[O:22])[C@]([H])(O[H])[C@@]([H])(O[H])[C@]1([H])O[H].[H][O:3][P:2]>>[P:2][O:3][P:20]([O:19])(=[O:21])[O:22],"EVODEX-P19668,EVODEX-P19693,EVODEX-P19753,EVODEX-P19764,EVODEX-P19784"
EVODEX-N7649,[H]OC([H])([H])[C@@]1([H])O[C@]([H])(OP(=O)(O[H])O[P:20]([O:19])(=[O:21])[O:22])[C@]([H])(O[H])[C@@]([H])(O[H])[C@]1([H])O[H]>>[H]OP(=O)(O[H])OP(=O)(O[H])O[P:20]([O:19])(=[O:21])[O:22],"EVODEX-P19670,EVODEX-P19695,EVODEX-P19755,EVODEX-P19765,EVODEX-P19785"
EVODEX-N7650,[H]OP(=O)(O[H])OP(=O)(O[H])O[P:25]([O:24])(=[O:26])[O:27]>>[H]O[C@@]1([H])[C@@]([H])(OP(=O)(O[H])O[P:25]([O:24])(=[O:26])[O:27])OC([H])([H])[C@@]([H])(O[H])[C@]1([H])O[H],EVODEX-P19675
EVODEX-N7651,>>[H]O[C@@]1([H])[C@@]([H])(OP(O)(=O)O[H])OC([H])([H])[C@@]([H])(O[H])[C@]1([H])O[H].[H],EVODEX-P19676
EVODEX-N7652,[H]O[C@@]1([H])[C@@]([H])(OP(=O)(O[H])O[P:20]([O:19])(=[O:21])[O:22])OC([H])([H])[C@@]([H])(O[H])[C@]1([H])O[H].[H][O:3][P:2]>>[P:2][O:3][P:20]([O:19])(=[O:21])[O:22],EVODEX-P19679
EVODEX-N7653,[H]O[C@@]1([H])[C@@]([H])(OP(=O)(O[H])O[P:20]([O:19])(=[O:21])[O:22])OC([H])([H])[C@@]([H])(O[H])[C@]1([H])O[H]>>[H]OP(=O)(O[H])OP(=O)(O[H])O[P:20]([O:19])(=[O:21])[O:22],EVODEX-P19680
EVODEX-N7654,[H]O[C@@]1([H])[C@@]([H])(O[H])[C@]([H])(N2:C([H]):N:C3:C(=O):N([H]):C(N([H])[H]):N:C:3:2)O[C@]1([H])C([H])([H])OP(=O)(O[H])[O:17][P:18]>>[H][O:17][P:18],"EVODEX-P19686,EVODEX-P19692,EVODEX-P19775,EVODEX-P19867,EVODEX-P28962"
EVODEX-N7655,[H][O:35][P:34]>>[H]O[C@@]1([H])[C@@]([H])(O[H])[C@]([H])(N2:C([H]):N:C3:C(=O):N([H]):C(N([H])[H]):N:C:3:2)O[C@]1([H])C([H])([H])OP(=O)(O[H])[O:35][P:34],"EVODEX-P19688,EVODEX-P19694,EVODEX-P19770,EVODEX-P19945,EVODEX-P19960,EVODEX-P19986,EVODEX-P20056,EVODEX-P20111,EVODEX-P20115"
EVODEX-N7656,[H]O[C@@]1([H])[C@@]([H])(O[H])[C@]([H])(N2:C([H]):C([H]):C(N([H])[H]):N:C:2=O)O[C@]1([H])C([H])([H])OP(=O)(O[H])[O:14][P:15]>>[H][O:14][P:15],"EVODEX-P19698,EVODEX-P19707,EVODEX-P19717,EVODEX-P19783,EVODEX-P19820,EVODEX-P19830,EVODEX-P19929,EVODEX-P20189,EVODEX-P20283,EVODEX-P20288,EVODEX-P20297"
EVODEX-N7657,[H]OP(=O)(O[H])OP(=O)(O[H])O[P:19]([O:18])(=[O:20])[O:21]>>[H]OP(=O)(OC([H])([H])C([H])([H])N([H])[H])O[P:19]([O:18])(=[O:20])[O:21],EVODEX-P19700
EVODEX-N7658,[H][O:32][P:31]>>[H]O[C@@]1([H])[C@@]([H])(O[H])[C@]([H])(N2:C([H]):C([H]):C(N([H])[H]):N:C:2=O)O[C@]1([H])C([H])([H])OP(=O)(O[H])[O:32][P:31],"EVODEX-P19701,EVODEX-P19705,EVODEX-P19712,EVODEX-P19779,EVODEX-P19816,EVODEX-P19826,EVODEX-P19837,EVODEX-P19842,EVODEX-P19919,EVODEX-P19924,EVODEX-P19934,EVODEX-P19965,EVODEX-P19981,EVODEX-P20071,EVODEX-P20105,EVODEX-P20121"
EVODEX-N7659,>>[H]OP(O)(=O)OC([H])([H])C([H])([H])N([H])[H].[H],EVODEX-P19702
EVODEX-N7660,[H]OP(=O)(OC([H])([H])C([H])([H])N([H])[H])O[P:9](=[O:10])([O:11])[O:12].[H][O:31][P:30]>>[P:9](=[O:10])([O:11])([O:12])[O:31][P:30],EVODEX-P19704
EVODEX-N7661,[H]OP(=O)(OC([H])([H])C([H])([H])N([H])[H])O[P:9](=[O:10])([O:11])[O:12]>>[H]OP(=O)(O[H])OP(=O)(O[H])O[P:9](=[O:10])([O:11])[O:12],EVODEX-P19706
EVODEX-N7662,[H][O:20][P:18].[H]OP(=O)(O[H])O[C:34]([O:35])([C:43])[H:62]>>[P:18][O:20][C@@:34]([O:35])([C:43])[H:62],"EVODEX-P19733,EVODEX-P20095"
EVODEX-N7663,[H]OP(=O)(O[H])OP(=O)(O[H])O[P:30]([O:29])(=[O:31])[O:32]>>[H]OC([H])([H])[C@@]1([H])O[C@]([H])(OP(=O)(O[H])O[P:30]([O:29])(=[O:31])[O:32])[C@]([H])(N([H])C(=O)C([H])([H])[H])[C@@]([H])(O[H])[C@]1([H])O[H],EVODEX-P19737
EVODEX-N7664,>>[H]OC([H])([H])[C@@]1([H])O[C@]([H])(OP(O)(=O)O[H])[C@]([H])(N([H])C(=O)C([H])([H])[H])[C@@]([H])(O[H])[C@]1([H])O[H].[H],EVODEX-P19739
EVODEX-N7665,[H]OC([H])([H])[C@@]1([H])O[C@]([H])(OP(=O)(O[H])O[P:12](=[O:13])([O:14])[O:15])[C@]([H])(N([H])C(=O)C([H])([H])[H])[C@@]([H])(O[H])[C@]1([H])O[H].[H][O:42][P:41]>>[P:12](=[O:13])([O:14])([O:15])[O:42][P:41],EVODEX-P19741
EVODEX-N7666,[H]OC([H])([H])[C@@]1([H])O[C@]([H])(OP(=O)(O[H])O[P:12](=[O:13])([O:14])[O:15])[C@]([H])(N([H])C(=O)C([H])([H])[H])[C@@]([H])(O[H])[C@]1([H])O[H]>>[H]OP(=O)(O[H])OP(=O)(O[H])O[P:12](=[O:13])([O:14])[O:15],EVODEX-P19742
EVODEX-N7667,[H]O[C@@]1([H])C([H])([H])[C@]([H])(N2:C([H]):C(C([H])([H])[H]):C(=O):N([H]):C:2=O)O[C@]1([H])C([H])([H])OP(=O)(O[H])[O:15][P:16]>>[H][O:15][P:16],"EVODEX-P19746,EVODEX-P19752"
EVODEX-N7668,[H][O:32][P:31]>>[H]O[C@@]1([H])C([H])([H])[C@]([H])(N2:C([H]):C(C([H])([H])[H]):C(=O):N([H]):C:2=O)O[C@]1([H])C([H])([H])OP(=O)(O[H])[O:32][P:31],"EVODEX-P19748,EVODEX-P19754"
EVODEX-N7669,[H]OP(=O)(O[H])OP(=O)(O[H])O[P:29]([O:28])(=[O:30])[O:31]>>[H]O[C@]1([H])[C@]([H])(O[H])[C@]([H])(C([H])([H])[H])O[C@]([H])(OP(=O)(O[H])O[P:29]([O:28])(=[O:30])[O:31])[C@@]1([H])O[H],EVODEX-P19769
EVODEX-N7670,>>[H]O[C@]1([H])[C@]([H])(O[H])[C@]([H])(C([H])([H])[H])O[C@]([H])(OP(O)(=O)O[H])[C@@]1([H])O[H].[H],EVODEX-P19771
EVODEX-N7671,[H]O[C@]1([H])[C@]([H])(O[H])[C@]([H])(C([H])([H])[H])O[C@]([H])(OP(=O)(O[H])O[P:10](=[O:11])([O:12])[O:13])[C@@]1([H])O[H].[H][O:41][P:40]>>[P:10](=[O:11])([O:12])([O:13])[O:41][P:40],EVODEX-P19773
EVODEX-N7672,[H]O[C@]1([H])[C@]([H])(O[H])[C@]([H])(C([H])([H])[H])O[C@]([H])(OP(=O)(O[H])O[P:10](=[O:11])([O:12])[O:13])[C@@]1([H])O[H]>>[H]OP(=O)(O[H])OP(=O)(O[H])O[P:10](=[O:11])([O:12])[O:13],EVODEX-P19774
EVODEX-N7673,[H]O[C@]1([H])O[C@]([H])(C([H])([H])[O:23][P:20])[C@@]([H])(O[H])[C@@]1([H])O[H]>>[H][O:23][P:20],EVODEX-P19788
EVODEX-N7674,[H]O[C@@]1([H])[C@@]([H])(O[H])[C@]([H])(N2:C([H]):N:C3:C(N([H])[H]):N:C([H]):N:C:3:2)O[C@]1([H])C([H])([H])OP(=O)(O[H])OP(=O)(O[H])O[C:24]([C:25])([H:52])[H:53].[H][O:39][P:38]>>[C:24]([C:25])([O:39][P:38])([H:52])[H:53],EVODEX-P19789
EVODEX-N7675,[H][O:39][P:38]>>[H]O[C@]1([H])O[C@]([H])(C([H])([H])[O:39][P:38])[C@@]([H])(O[H])[C@@]1([H])O[H],EVODEX-P19790
EVODEX-N7676,[H]O[C@@]1([H])[C@@]([H])(O[H])[C@]([H])(N2:C([H]):N:C3:C(N([H])[H]):N:C([H]):N:C:3:2)O[C@]1([H])C([H])([H])OP(=O)(O[H])OP(=O)(O[H])O[C:24]([C:25])([H:52])[H:53]>>[H]OP(=O)(O[H])O[C:24]([C:25])([H:52])[H:53],EVODEX-P19791
EVODEX-N7677,[H][C:9](:[N:8]):[N:10][C@:11]1([H])[O:12][C@:13]([H])([C:14]([H])([H])[O:15][P:16][O:18][H])[C@@:24]([H])([O:25][H])[C@@:26]1([H])[O:27][H].[H][N:1]([H])[C:2]:[N:3]:[C:4]([H]):[N:5].[H][O:22][P:20][O:23][H].[H][O:30][P:29]([O:31][H])[O:32][H]>>[H][C:9](:[N:8]):[N:10][C@:11]1([H])[O:12][C@:13]([H])([C:14]([H])([H])[O:15][P:16][O:18][H])[C@@:24]([H])([O:25][H])[C@@:26]1([H])[O:27][H].[H][N:1]([H])[C:2]:[N:3]:[C:4]([H]):[N:5].[H][O:22][P:20][O:23][H].[H][O:30][P:29]([O:31][H])[O:32][H],EVODEX-P19793
EVODEX-N7678,[H][O:30][P:29]([O:31][H])[O:32][H]>>[H][O:30][P:29]([O:31][H])[O:32][H],EVODEX-P19794
EVODEX-N7679,[H][C:9](:[N:8]):[N:10][C@:11]1([H])[O:12][C@:13]([H])([C:14]([H])([H])[O:15][P:16][O:18][H])[C@@:24]([H])([O:25][H])[C@@:26]1([H])[O:27][H].[H][N:1]([H])[C:2]:[N:3]:[C:4]([H]):[N:5].[H][O:22][P:20][O:23][H]>>[H][C:9](:[N:8]):[N:10][C@:11]1([H])[O:12][C@:13]([H])([C:14]([H])([H])[O:15][P:16][O:18][H])[C@@:24]([H])([O:25][H])[C@@:26]1([H])[O:27][H].[H][N:1]([H])[C:2]:[N:3]:[C:4]([H]):[N:5].[H][O:22][P:20][O:23][H],EVODEX-P19795
EVODEX-N7680,[H]O[C@@]1([H])[C@@]([H])(O[H])[C@]([H])(N2:C([H]):N:C3:C(N([H])[H]):N:C([H]):N:C:3:2)O[C@]1([H])C([H])([H])OP(=O)(O[H])OP(=O)(O[H])O[C@@:24]([O:25])([C:33])[H:54].[H][O:41][P:40]>>[C@@:24]([O:25])([C:33])([O:41][P:40])[H:54],EVODEX-P19797
EVODEX-N7681,[H]O[C@@]1([H])C([H])([H])[C@]([H])(N2:C([H]):N:C3:C(N([H])[H]):N:C([H]):N:C:3:2)O[C@]1([H])C([H])([H])OP(=O)(O[H])OP(=O)(O[H])O[C@@:26]([O:27])([C:35])[H:57].[H][O:40][P:39]>>[C@@:26]([O:27])([C:35])([O:40][P:39])[H:57],EVODEX-P19801
EVODEX-N7682,[H]O[C@@]1([H])C([H])([H])[C@]([H])(N2:C([H]):N:C3:C(N([H])[H]):N:C([H]):N:C:3:2)O[C@]1([H])C([H])([H])OP(=O)(O[H])OP(=O)(O[H])O[C@@:26]([O:27])([C:35])[H:57]>>[H]OP(=O)(O[H])O[C@@:26]([O:27])([C:35])[H:57],EVODEX-P19802
EVODEX-N7683,[H][O:34][C:33]>>[H]O[C@@]1([H])[C@@]([H])(O[H])[C@]([H])(N2:C([H]):C([H]):C(N([H])[H]):N:C:2=O)O[C@]1([H])C([H])([H])OP(=O)(O[H])[O:34][C:33],"EVODEX-P19806,EVODEX-P19847,EVODEX-P19992,EVODEX-P20051,EVODEX-P20066,EVODEX-P20132,EVODEX-P20187,EVODEX-P20281,EVODEX-P20300"
EVODEX-N7684,[H]OP(=O)(O[H])OP(=O)(O[H])O[P:11]([O:10])(=[O:12])[O:13]>>[H]OC(=O)[C@]1(O[P:11]([O:10])(=[O:12])[O:13])O[C@]([H])([C@]([H])(O[H])C([H])([H])O[H])[C@]([H])(O[H])[C@]([H])(O[H])C1([H])[H],EVODEX-P19807
EVODEX-N7685,>>[H]OC(=O)[C@]1(O)O[C@]([H])([C@]([H])(O[H])C([H])([H])O[H])[C@]([H])(O[H])[C@]([H])(O[H])C1([H])[H].[H],EVODEX-P19808
EVODEX-N7686,[H]O[C@@]1([H])[C@@]([H])(O[H])[C@]([H])(N2:C([H]):C([H]):C(N([H])[H]):N:C:2=O)O[C@]1([H])C([H])([H])OP(=O)(O[H])[O:14][C:15]>>[H][O:14][C:15],EVODEX-P19810
EVODEX-N7687,[H]OC(=O)[C@]1(O[P:11]([O:10])(=[O:12])[O:13])O[C@]([H])([C@]([H])(O[H])C([H])([H])O[H])[C@]([H])(O[H])[C@]([H])(O[H])C1([H])[H].[H][O:39][P:38]>>[O:10][P:11](=[O:12])([O:13])[O:39][P:38],EVODEX-P19811
EVODEX-N7688,[H]OC(=O)[C@]1(O[P:11]([O:10])(=[O:12])[O:13])O[C@]([H])([C@]([H])(O[H])C([H])([H])O[H])[C@]([H])(O[H])[C@]([H])(O[H])C1([H])[H]>>[H]OP(=O)(O[H])OP(=O)(O[H])O[P:11]([O:10])(=[O:12])[O:13],EVODEX-P19812
EVODEX-N7689,[H]OP(=O)(O[H])OP(=O)(O[H])O[P:11]([O:10])(=[O:12])[O:13]>>[H]OC([H])([H])[C@@]([H])(O[H])C([H])([H])OP(=O)(O[H])O[P:11]([O:10])(=[O:12])[O:13],EVODEX-P19817
EVODEX-N7690,[H]OC([H])([H])[C@@]([H])(O[H])C([H])([H])OP(=O)(O[H])O[P:11]([O:10])(=[O:12])[O:13].[H][O:33][P:32]>>[O:10][P:11](=[O:12])([O:13])[O:33][P:32],EVODEX-P19821
EVODEX-N7691,[H]OC([H])([H])[C@@]([H])(O[H])C([H])([H])OP(=O)(O[H])O[P:11]([O:10])(=[O:12])[O:13]>>[H]OP(=O)(O[H])OP(=O)(O[H])O[P:11]([O:10])(=[O:12])[O:13],EVODEX-P19822
EVODEX-N7692,[H]OP(=O)(O[H])OP(=O)(O[H])O[P:11]([O:10])(=[O:12])[O:13]>>[H]OC([H])([H])[C@]([H])(O[H])[C@]([H])(O[H])[C@]([H])(O[H])C([H])([H])OP(=O)(O[H])O[P:11]([O:10])(=[O:12])[O:13],EVODEX-P19827
EVODEX-N7693,>>[H]OC([H])([H])[C@]([H])(O[H])[C@]([H])(O[H])[C@]([H])(O[H])C([H])([H])OP(O)(=O)O[H].[H],EVODEX-P19828
EVODEX-N7694,[H]OC([H])([H])[C@]([H])(O[H])[C@]([H])(O[H])[C@]([H])(O[H])C([H])([H])OP(=O)(O[H])O[P:11]([O:10])(=[O:12])[O:13].[H][O:37][P:36]>>[O:10][P:11](=[O:12])([O:13])[O:37][P:36],EVODEX-P19831
EVODEX-N7695,[H]OC([H])([H])[C@]([H])(O[H])[C@]([H])(O[H])[C@]([H])(O[H])C([H])([H])OP(=O)(O[H])O[P:11]([O:10])(=[O:12])[O:13]>>[H]OP(=O)(O[H])OP(=O)(O[H])O[P:11]([O:10])(=[O:12])[O:13],EVODEX-P19832
EVODEX-N7696,[H]OP(=O)(O[H])OP(=O)(O[H])O[P:59]([O:58])(=[O:60])[O:61]>>[H]OP(=O)(OC([H])([H])[C@]([H])(OC(=O)C([H])([H])C([H])([H])C([H])([H])C([H])([H])C([H])([H])C([H])([H])C([H])([H])/C([H])=C(/[H])C([H])([H])C([H])([H])C([H])([H])C([H])([H])C([H])([H])C([H])([H])C([H])([H])C([H])([H])[H])C([H])([H])OC(=O)C([H])([H])C([H])([H])C([H])([H])C([H])([H])C([H])([H])C([H])([H])C([H])([H])/C([H])=C(/[H])C([H])([H])C([H])([H])C([H])([H])C([H])([H])C([H])([H])C([H])([H])C([H])([H])C([H])([H])[H])O[P:59]([O:58])(=[O:60])[O:61],EVODEX-P19836
EVODEX-N7697,>>[H]OP(O)(=O)OC([H])([H])[C@]([H])(OC(=O)C([H])([H])C([H])([H])C([H])([H])C([H])([H])C([H])([H])C([H])([H])C([H])([H])/C([H])=C(/[H])C([H])([H])C([H])([H])C([H])([H])C([H])([H])C([H])([H])C([H])([H])C([H])([H])C([H])([H])[H])C([H])([H])OC(=O)C([H])([H])C([H])([H])C([H])([H])C([H])([H])C([H])([H])C([H])([H])C([H])([H])/C([H])=C(/[H])C([H])([H])C([H])([H])C([H])([H])C([H])([H])C([H])([H])C([H])([H])C([H])([H])C([H])([H])[H].[H],EVODEX-P19838
EVODEX-N7698,[H]OP(=O)(O[H])OP(=O)(O[H])O[P:63]([O:62])(=[O:64])[O:65]>>[H]OP(=O)(OC([H])([H])[C@]([H])(OC(=O)C([H])([H])C([H])([H])C([H])([H])/C([H])=C(/[H])C([H])([H])/C([H])=C(/[H])C([H])([H])/C([H])=C(/[H])C([H])([H])/C([H])=C(/[H])C([H])([H])C([H])([H])C([H])([H])C([H])([H])C([H])([H])[H])C([H])([H])OC(=O)C([H])([H])C([H])([H])C([H])([H])/C([H])=C(/[H])C([H])([H])/C([H])=C(/[H])C([H])([H])/C([H])=C(/[H])C([H])([H])/C([H])=C(/[H])C([H])([H])C([H])([H])C([H])([H])C([H])([H])C([H])([H])[H])O[P:63]([O:62])(=[O:64])[O:65],EVODEX-P19841
EVODEX-N7699,>>[H]OP(O)(=O)OC([H])([H])[C@]([H])(OC(=O)C([H])([H])C([H])([H])C([H])([H])/C([H])=C(/[H])C([H])([H])/C([H])=C(/[H])C([H])([H])/C([H])=C(/[H])C([H])([H])/C([H])=C(/[H])C([H])([H])C([H])([H])C([H])([H])C([H])([H])C([H])([H])[H])C([H])([H])OC(=O)C([H])([H])C([H])([H])C([H])([H])/C([H])=C(/[H])C([H])([H])/C([H])=C(/[H])C([H])([H])/C([H])=C(/[H])C([H])([H])/C([H])=C(/[H])C([H])([H])C([H])([H])C([H])([H])C([H])([H])C([H])([H])[H].[H],EVODEX-P19843
EVODEX-N7700,[H]OP(=O)(O[H])OP(=O)(O[H])O[P:32]([O:31])(=[O:33])[O:34]>>[H]OC(=O)[C@@]1(O[P:32]([O:31])(=[O:33])[O:34])O[C@@]([H])([C@]([H])(O[H])[C@]([H])(O[H])C([H])([H])O[H])[C@]([H])(N([H])C(=O)C([H])([H])[H])[C@@]([H])(O[H])C1([H])[H],EVODEX-P19846
EVODEX-N7701,[O:10][P:11](=[O:12])([O:13])[O:14].[H][O:37][C:36][C:35][C:33]([C:31])=[O:34]>>[O:10][P:11](=[O:12])([O:13])[O:34][C:33]1([C:31])[C:35][C:36][O:37]1.[H][O:14],EVODEX-P19849
EVODEX-N7702,[H]OP(=O)(O[H])OP(=O)(O[H])O[P:11]([O:10])(=[O:12])[O:13].[H][O:37][C:36][C:35][C:33]([C:31])=[O:34]>>[O:10][P:11](=[O:12])([O:13])[O:34][C:33]1([C:31])[C:35][C:36][O:37]1,EVODEX-P19850
EVODEX-N7703,[H][O:37][C:36][C:35][C:33]([C:31])=[O:34]>>[H]O[C@@]1([H])[C@@]([H])(O[H])[C@]([H])(N2:C([H]):C([H]):C(N([H])[H]):N:C:2=O)O[C@]1([H])C([H])([H])OP(=O)(O[H])[O:34][C:33]1([C:31])[C:35][C:36][O:37]1,EVODEX-P19851
EVODEX-N7704,[H]OP(=O)(O[H])OP(=O)(O[H])O[P:11]([O:10])(=[O:12])[O:13]>>[H]OC(=O)C1(O[P:11]([O:10])(=[O:12])[O:13])O[C@]([H])([C@@]([H])(O[H])[C@@]([H])(O[H])[C@]([H])(O[H])C([H])([H])O[H])C1([H])[H],EVODEX-P19852
EVODEX-N7705,>>[H]OC(=O)C1(O)O[C@]([H])([C@@]([H])(O[H])[C@@]([H])(O[H])[C@]([H])(O[H])C([H])([H])O[H])C1([H])[H].[H],EVODEX-P19853
EVODEX-N7706,[H]OP(=O)(O[H])OP(=O)(O[H])O[P:28]([O:27])(=[O:29])[O:30]>>[H]OC(=O)[C@@]1([H])O[C@]([H])(OP(=O)(O[H])O[P:28]([O:27])(=[O:29])[O:30])[C@]([H])(O[H])[C@@]([H])(O[H])[C@]1([H])O[H],EVODEX-P19857
EVODEX-N7707,>>[H]OC(=O)[C@@]1([H])O[C@]([H])(OP(O)(=O)O[H])[C@]([H])(O[H])[C@@]([H])(O[H])[C@]1([H])O[H].[H],EVODEX-P19858
EVODEX-N7708,[H]OC(=O)[C@@]1([H])OC([H])(OP(=O)(O[H])O[P:12](=[O:13])([O:14])[O:15])[C@]([H])(O[H])[C@@]([H])(O[H])[C@]1([H])O[H].[H][O:40][P:39]>>[P:12](=[O:13])([O:14])([O:15])[O:40][P:39],EVODEX-P19860
EVODEX-N7709,[H]OC(=O)[C@@]1([H])OC([H])(OP(=O)(O[H])O[P:12](=[O:13])([O:14])[O:15])[C@]([H])(O[H])[C@@]([H])(O[H])[C@]1([H])O[H]>>[H]OP(=O)(O[H])OP(=O)(O[H])O[P:12](=[O:13])([O:14])[O:15],EVODEX-P19861
EVODEX-N7710,[H]OP(=O)(O[H])OP(=O)(O[H])O[P:48]([O:47])(=[O:49])[O:50]>>[H]OC([H])([H])[C@@]1([H])O[C@]([H])(O[C@@]2([H])[C@]([H])(O[H])[C@@]([H])(O[C@@]3([H])OC([H])([H])[C@@]([H])(O[H])[C@]([H])(N([H])C([H])([H])[H])[C@@]3([H])O[P:48]([O:47])(=[O:49])[O:50])[C@]([H])(N([H])[H])C([H])([H])[C@]2([H])N([H])[H])[C@]([H])(N([H])[H])[C@@]([H])(O[H])[C@]1([H])O[H],EVODEX-P19870
EVODEX-N7711,[H][O:34][C:33]>>[H]O[C@@]1([H])[C@@]([H])(O[H])[C@]([H])(N2:C([H]):N:C3:C(N([H])[H]):N:C([H]):N:C:3:2)O[C@]1([H])C([H])([H])OP(=O)(O[H])[O:34][C:33],"EVODEX-P19871,EVODEX-P19881,EVODEX-P19886,EVODEX-P20086,EVODEX-P20091,EVODEX-P31899,EVODEX-P32966,EVODEX-P32971,EVODEX-P32976,EVODEX-P33015,EVODEX-P33021,EVODEX-P33104,EVODEX-P33109,EVODEX-P33114,EVODEX-P33142,EVODEX-P33146,EVODEX-P33152,EVODEX-P33157,EVODEX-P33161,EVODEX-P33172,EVODEX-P33552,EVODEX-P34838"
EVODEX-N7712,>>[H]OC([H])([H])[C@@]1([H])O[C@]([H])(O[C@@]2([H])[C@]([H])(O[H])[C@@]([H])(O[C@@]3([H])OC([H])([H])[C@@]([H])(O[H])[C@]([H])(N([H])C([H])([H])[H])[C@@]3([H])O)[C@]([H])(N([H])[H])C([H])([H])[C@]2([H])N([H])[H])[C@]([H])(N([H])[H])[C@@]([H])(O[H])[C@]1([H])O[H].[H],EVODEX-P19872
EVODEX-N7713,[H]OC([H])([H])[C@@]1([H])O[C@]([H])(O[C@@]2([H])[C@]([H])(O[H])[C@@]([H])(O[C@@]3([H])OC([H])([H])[C@@]([H])(O[H])[C@]([H])(N([H])C([H])([H])[H])[C@@]3([H])O[P:6](=[O:7])([O:8])[O:9])[C@]([H])(N([H])[H])C([H])([H])[C@]2([H])N([H])[H])[C@]([H])(N([H])[H])[C@@]([H])(O[H])[C@]1([H])O[H].[H][O:57][P:56]>>[P:6](=[O:7])([O:8])([O:9])[O:57][P:56],EVODEX-P19874
EVODEX-N7714,[H]OC([H])([H])[C@@]1([H])O[C@]([H])(O[C@@]2([H])[C@]([H])(O[H])[C@@]([H])(O[C@@]3([H])OC([H])([H])[C@@]([H])(O[H])[C@]([H])(N([H])C([H])([H])[H])[C@@]3([H])O[P:6](=[O:7])([O:8])[O:9])[C@]([H])(N([H])[H])C([H])([H])[C@]2([H])N([H])[H])[C@]([H])(N([H])[H])[C@@]([H])(O[H])[C@]1([H])O[H]>>[H]OP(=O)(O[H])OP(=O)(O[H])O[P:6](=[O:7])([O:8])[O:9],EVODEX-P19875
EVODEX-N7715,[H]O[C@@]1([H])[C@@]([H])(O[H])[C@]([H])(N2:C([H]):N:C3:C(N([H])[H]):N:C([H]):N:C:3:2)O[C@]1([H])C([H])([H])OP(=O)(O[H])[O:19][C:20]>>[H][O:19][C:20],"EVODEX-P19876,EVODEX-P31921,EVODEX-P33165"
EVODEX-N7716,[H]OP(=O)(O[H])OP(=O)(O[H])O[P:56]([O:55])(=[O:57])[O:58]>>[H]N=C(N([H])[H])N([H])[C@@]1([H])[C@]([H])(O[H])[C@@]([H])(N([H])C(=N[H])N([H])[H])[C@]([H])(O[H])[C@@]([H])(O[H])[C@]1([H])O[C@]1([H])O[C@@]([H])(C([H])([H])[H])[C@](O[H])(C([H])=O)[C@@]1([H])O[C@]1([H])O[C@@]([H])(C([H])([H])O[H])[C@]([H])(O[H])[C@@]([H])(O[P:56]([O:55])(=[O:57])[O:58])[C@]1([H])N([H])C([H])([H])[H],EVODEX-P19880
EVODEX-N7717,[H]OP(=O)(O[H])OP(=O)(O[H])O[P:39]([O:38])(=[O:40])[O:41]>>[H]O[C@@]12O[C@]3([H])[C@@]([H])(N([H])C([H])([H])[H])[C@@]([H])(O[H])[C@@]([H])(N([H])C([H])([H])[H])C([H])(O[P:39]([O:38])(=[O:40])[O:41])[C@@]3([H])O[C@]1([H])O[C@]([H])(C([H])([H])[H])C([H])([H])C2=O,EVODEX-P19885
EVODEX-N7718,>>[H]O[C@@]12O[C@]3([H])[C@@]([H])(N([H])C([H])([H])[H])[C@@]([H])(O[H])[C@@]([H])(N([H])C([H])([H])[H])C([H])(O)[C@@]3([H])O[C@]1([H])O[C@]([H])(C([H])([H])[H])C([H])([H])C2=O.[H],EVODEX-P19887
EVODEX-N7719,[H]N=C1:N([H]):C(=O):C2:N:C([H]):N([C@]3([H])O[C@]([H])(C([H])([H])OP(=O)(O[H])O[C@@]4([H])[C@@]([H])(O[H])[C@]([H])(N5:C([H]):N:C6:C(N([H])[H]):N:C([H]):N:C:6:5)O[C@]4([H])C([H])([H])[O:68][P:69])[C@@]([H])(O[H])[C@@]3([H])O[H]):C:2:N:1[H]>>[H][O:68][P:69],"EVODEX-P19889,EVODEX-P19895"
EVODEX-N7720,[H]OP(=O)(O[H])OP(=O)(O[H])O[C:67]([C:66])([H:116])[H:117]>>[H]N=C1:N([H]):C(=O):C2:N:C([H]):N([C@]3([H])O[C@]([H])(C([H])([H])OP(=O)(O[H])OP(=O)(O[H])OP(=O)(O[H])O[C:67]([C:66])([H:116])[H:117])[C@@]([H])(O[H])[C@@]3([H])O[H]):C:2:N:1[H],EVODEX-P19891
EVODEX-N7721,[H][O:25][P:23]>>[H]N=C1:N([H]):C(=O):C2:N:C([H]):N([C@]3([H])O[C@]([H])(C([H])([H])OP(=O)(O[H])O[C@@]4([H])[C@@]([H])(O[H])[C@]([H])(N5:C([H]):N:C6:C(N([H])[H]):N:C([H]):N:C:6:5)O[C@]4([H])C([H])([H])[O:25][P:23])[C@@]([H])(O[H])[C@@]3([H])O[H]):C:2:N:1[H],"EVODEX-P19892,EVODEX-P19897"
EVODEX-N7722,[H]N=C1:N([H]):C(=O):C2:N:C([H]):N([C@]3([H])O[C@]([H])(C([H])([H])OP(=O)(O[H])OP(=O)(O[H])OP(=O)(O[H])O[C:35]([C:34])([H:100])[H:101])[C@@]([H])(O[H])[C@@]3([H])O[H]):C:2:N:1[H].[H][O:76][P:75]>>[C:34][C:35]([O:76][P:75])([H:100])[H:101],EVODEX-P19896
EVODEX-N7723,[H]N=C1:N([H]):C(=O):C2:N:C([H]):N([C@]3([H])O[C@]([H])(C([H])([H])OP(=O)(O[H])OP(=O)(O[H])OP(=O)(O[H])O[C:35]([C:34])([H:100])[H:101])[C@@]([H])(O[H])[C@@]3([H])O[H]):C:2:N:1[H]>>[H]OP(=O)(O[H])OP(=O)(O[H])O[C:35]([C:34])([H:100])[H:101],EVODEX-P19898
EVODEX-N7724,[O:16][P:17](=[O:18])([O:19])[O:20].[H][N:1]([H:43])[H:44]>>[N:1]([P:17]([O:16])(=[O:18])[O:19])([H:43])[H:44].[H][O:20],EVODEX-P19900
EVODEX-N7725,[H]OS(=O)(=O)O[P:17]([O:16])(=[O:18])[O:19].[H][N:1]([H:43])[H:44]>>[N:1]([P:17]([O:16])(=[O:18])[O:19])([H:43])[H:44],EVODEX-P19901
EVODEX-N7726,[H][N:1]([H:43])[H:44]>>[H]O[C@@]1([H])[C@@]([H])(O[H])[C@]([H])(N2:C([H]):N:C3:C(N([H])[H]):N:C([H]):N:C:3:2)O[C@]1([H])C([H])([H])OP(=O)(O[H])[N:1]([H:43])[H:44],EVODEX-P19902
EVODEX-N7727,[H]OS(=O)(=O)O[P:17]([O:16])(=[O:18])[O:19]>>[H]N([H])[P:17]([O:16])(=[O:18])[O:19],EVODEX-P19903
EVODEX-N7728,[O:16][P:17](=[O:18])([O:19])[F:20].[H][N:1]([H:38])[H:39]>>[N:1]([P:17](=[O:18])([O:19])[F:20])([H:38])[H:39].[H][O:16],EVODEX-P19905
EVODEX-N7729,[H]OP(=O)(F)[O:16][C:15]>>[H][O:16][C:15],EVODEX-P19906
EVODEX-N7730,[H]O[C@@]1([H])[C@@]([H])(O[H])[C@]([H])(N2:C([H]):N:C3:C(N([H])[H]):N:C([H]):N:C:3:2)O[C@]1([H])C([H])([H])O[P:17](=[O:18])([O:19])[F:20].[H][N:1]([H:38])[H:39]>>[N:1]([P:17](=[O:18])([O:19])[F:20])([H:38])[H:39],EVODEX-P19907
EVODEX-N7731,[H][N:1]([H:38])[H:39]>>[H]OP(=O)(F)[N:1]([H:38])[H:39],EVODEX-P19908
EVODEX-N7732,[H]O[C@@]1([H])[C@@]([H])(O[H])[C@]([H])(N2:C([H]):N:C3:C(N([H])[H]):N:C([H]):N:C:3:2)O[C@]1([H])C([H])([H])O[P:17](=[O:18])([O:19])[F:20]>>[H]N([H])[P:17](=[O:18])([O:19])[F:20],EVODEX-P19909
EVODEX-N7733,[H][O:22][P:20].[H]OP(=O)(O[H])O[P:47]([O:46])(=[O:48])[O:49]>>[P:20][O:22][P:47]([O:46])(=[O:48])[O:49],EVODEX-P19912
EVODEX-N7734,[H]OP(=O)(O[H])O[P:47]([O:46])(=[O:48])[O:49]>>[H]O[C@@]1([H])[C@@]([H])(O[H])[C@]([H])(N2:C([H]):N:C3:C(N([H])[H]):N:C([H]):N:C:3:2)O[C@]1([H])C([H])([H])OP(=O)(O[H])OP(=O)(O[H])O[P:47]([O:46])(=[O:48])[O:49],EVODEX-P19913
EVODEX-N7735,[H]OP(=O)(O[H])OP(=O)(O[H])O[P:20]([O:19])(=[O:21])[O:22]>>[H]OP(=O)(OC([H])([H])C([H])([H])N([H])C([H])([H])[H])O[P:20]([O:19])(=[O:21])[O:22],EVODEX-P19918
EVODEX-N7736,>>[H]OP(O)(=O)OC([H])([H])C([H])([H])N([H])C([H])([H])[H].[H],EVODEX-P19920
EVODEX-N7737,[H]OP(=O)(O[H])OP(=O)(O[H])O[P:24]([O:23])(=[O:25])[O:26]>>[H]OC([H])([H])[C@@](O[H])(C([H])([H])[H])[C@]([H])(O[H])C([H])([H])OP(=O)(O[H])O[P:24]([O:23])(=[O:25])[O:26],EVODEX-P19923
EVODEX-N7738,>>[H]OC([H])([H])[C@@](O[H])(C([H])([H])[H])[C@]([H])(O[H])C([H])([H])OP(O)(=O)O[H].[H],EVODEX-P19925
EVODEX-N7739,[H]OC([H])([H])[C@@](O[H])(C([H])([H])[H])[C@]([H])(O[H])C([H])([H])OP(=O)(O[H])O[P:14](=[O:15])([O:16])[O:17].[H][O:36][P:35]>>[P:14](=[O:15])([O:16])([O:17])[O:36][P:35],EVODEX-P19927
EVODEX-N7740,[H]OC([H])([H])[C@@](O[H])(C([H])([H])[H])[C@]([H])(O[H])C([H])([H])OP(=O)(O[H])O[P:14](=[O:15])([O:16])[O:17]>>[H]OP(=O)(O[H])OP(=O)(O[H])O[P:14](=[O:15])([O:16])[O:17],EVODEX-P19928
EVODEX-N7741,[H]OP(=O)(O[H])OP(=O)(O[H])O[P:61]([O:60])(=[O:62])[O:63]>>[H]OP(=O)(OC([H])([H])[C@@]([H])(OC([H])([H])/C([H])=C(\C([H])([H])[H])C([H])([H])C([H])([H])/C([H])=C(\C([H])([H])[H])C([H])([H])C([H])([H])/C([H])=C(\C([H])([H])[H])C([H])([H])C([H])([H])C([H])=C(C([H])([H])[H])C([H])([H])[H])C([H])([H])OC([H])([H])/C([H])=C(\C([H])([H])[H])C([H])([H])C([H])([H])/C([H])=C(\C([H])([H])[H])C([H])([H])C([H])([H])/C([H])=C(\C([H])([H])[H])C([H])([H])C([H])([H])C([H])=C(C([H])([H])[H])C([H])([H])[H])O[P:61]([O:60])(=[O:62])[O:63],"EVODEX-P19933,EVODEX-P19939"
EVODEX-N7742,>>[H]OP(O)(=O)OC([H])([H])[C@@]([H])(OC([H])([H])/C([H])=C(\C([H])([H])[H])C([H])([H])C([H])([H])/C([H])=C(\C([H])([H])[H])C([H])([H])C([H])([H])/C([H])=C(\C([H])([H])[H])C([H])([H])C([H])([H])C([H])=C(C([H])([H])[H])C([H])([H])[H])C([H])([H])OC([H])([H])/C([H])=C(\C([H])([H])[H])C([H])([H])C([H])([H])/C([H])=C(\C([H])([H])[H])C([H])([H])C([H])([H])/C([H])=C(\C([H])([H])[H])C([H])([H])C([H])([H])C([H])=C(C([H])([H])[H])C([H])([H])[H].[H],"EVODEX-P19935,EVODEX-P19941"
EVODEX-N7743,[H]O[C@@]1([H])C([H])([H])[C@]([H])(N2:C([H]):C([H]):C(N([H])[H]):N:C:2=O)O[C@]1([H])C([H])([H])OP(=O)(O[H])[O:66][P:67]>>[H][O:66][P:67],EVODEX-P19937
EVODEX-N7744,[H][O:28][P:26]>>[H]O[C@@]1([H])C([H])([H])[C@]([H])(N2:C([H]):C([H]):C(N([H])[H]):N:C:2=O)O[C@]1([H])C([H])([H])OP(=O)(O[H])[O:28][P:26],EVODEX-P19940
EVODEX-N7745,[H]OP(=O)(O[H])OP(=O)(O[H])O[P:24]([O:23])(=[O:25])[O:26]>>[H]OC(=O)[C@@]([H])(OP(=O)(O[H])O[P:24]([O:23])(=[O:25])[O:26])C([H])([H])[H],"EVODEX-P19944,EVODEX-P19950"
EVODEX-N7746,>>[H]OC(=O)[C@@]([H])(OP(O)(=O)O[H])C([H])([H])[H].[H],"EVODEX-P19946,EVODEX-P19952"
EVODEX-N7747,[H]N=C1:N([H]):C(=O):C2:N:C([H]):N([C@]3([H])O[C@]([H])(C([H])([H])OP(=O)(O[H])[O:30][P:31])[C@@]([H])(O[H])C3([H])[H]):C:2:N:1[H]>>[H][O:30][P:31],EVODEX-P19948
EVODEX-N7748,[H][O:6][P:4]>>[H]N=C1:N([H]):C(=O):C2:N:C([H]):N([C@]3([H])O[C@]([H])(C([H])([H])OP(=O)(O[H])[O:6][P:4])[C@@]([H])(O[H])C3([H])[H]):C:2:N:1[H],EVODEX-P19951
EVODEX-N7749,[H]OP(=O)(O[H])OP(=O)(O[H])O[P:16]([O:15])(=[O:17])[O:18]>>[H]OC([H])([H])[C@]([H])(O[H])[C@@]1([H])O[C@@]([H])(OP(=O)(O[H])O[P:16]([O:15])(=[O:17])[O:18])[C@@]([H])(O[H])[C@@]([H])(O[H])[C@]1([H])O[H],"EVODEX-P19956,EVODEX-P19961"
EVODEX-N7750,>>[H]OC([H])([H])[C@]([H])(O[H])[C@@]1([H])O[C@@]([H])(OP(O)(=O)O[H])[C@@]([H])(O[H])[C@@]([H])(O[H])[C@]1([H])O[H].[H],"EVODEX-P19957,EVODEX-P19962"
EVODEX-N7751,[H]OP(=O)(O[H])OP(=O)(O[H])O[P:11]([O:10])(=[O:12])[O:13]>>[H]O[C@@]1([H])[C@]([H])(O[H])[C@]([H])(O[H])[C@]([H])(OP(=O)(O[H])O[P:11]([O:10])(=[O:12])[O:13])[C@@]([H])(O[H])[C@]1([H])O[H],EVODEX-P19966
EVODEX-N7752,[H][O:44][C:43]>>[H]OC([H])([H])C([H])(O[H])C([H])([H])OP(=O)(O[H])[O:44][C:43],EVODEX-P19970
EVODEX-N7753,[H]O[C@@]1([H])[C@@]([H])(O[H])[C@]([H])(N2:C([H]):C([H]):C(N([H])[H]):N:C:2=O)O[C@]1([H])C([H])([H])OP(=O)(O[H])O[P:15](=[O:16])([O:17])[O:18]>>[H]O[C@@]1([H])[C@]([H])(O[H])[C@@]([H])(OP(=O)(O[H])O[H])[C@@]([H])(O[H])[C@@]([H])(O[P:15](=[O:16])([O:17])[O:18])[C@]1([H])O[H],"EVODEX-P19971,EVODEX-P20254,EVODEX-P20294"
EVODEX-N7754,[H]OC([H])([H])C([H])(O[H])C([H])([H])OP(=O)(O[H])[O:14][P:11]>>[H][O:14][P:11],EVODEX-P19972
EVODEX-N7755,[H]OP(=O)(O[H])OP(=O)(O[H])O[P:40]([O:39])(=[O:41])[O:42]>>[H]N=C1:N([H]):C2:C(:C(=O):N:1[H])N([H])[C@@]1([H])C(S[H])=C(S[H])[C@@]([H])(C([H])([H])OP(=O)(O[H])O[P:40]([O:39])(=[O:41])[O:42])O[C@@]1([H])N2[H],"EVODEX-P19977,EVODEX-P19982,EVODEX-P19987"
EVODEX-N7756,>>[H]N=C1:N([H]):C2:C(:C(=O):N:1[H])N([H])[C@@]1([H])C(S[H])=C(S[H])[C@@]([H])(C([H])([H])OP(O)(=O)O[H])O[C@@]1([H])N2[H].[H],"EVODEX-P19978,EVODEX-P19983,EVODEX-P19988"
EVODEX-N7757,[H]OP(=O)(O[H])OP(=O)(O[H])O[P:34]([O:33])(=[O:35])[O:36]>>[H]OC(=O)[C@@]1(O[P:34]([O:33])(=[O:35])[O:36])O[C@@]([H])([C@]([H])(N([H])C(=O)C([H])([H])[H])[C@]([H])(O[H])C([H])([H])[H])[C@]([H])(N([H])C(=O)C([H])([H])[H])[C@@]([H])(O[H])C1([H])[H],EVODEX-P19991
EVODEX-N7758,>>[H]OC(=O)[C@@]1(O)O[C@@]([H])([C@]([H])(N([H])C(=O)C([H])([H])[H])[C@]([H])(O[H])C([H])([H])[H])[C@]([H])(N([H])C(=O)C([H])([H])[H])[C@@]([H])(O[H])C1([H])[H].[H],EVODEX-P19993
EVODEX-N7759,[H][N:5]([C:4])[H:50].[H][N:9]([C:10])[H:53].[O:23][P:24](=[O:25])([O:26])[O:27][P:28](=[O:29])([O:30])[O:31].[O:40]=[C:41]([O:42][H:69])[O:43][H:70]>>[C:4][N:5]([C:41]([N:9]([C:10])[H:53])=[O:40])[H:50].[O:23][P:24](=[O:25])([O:26])[O:43][H:70].[H][O:27][H].[P:28](=[O:29])([O:30])([O:31])[O:42][H:69],EVODEX-P19996
EVODEX-N7760,[H][N:5]([C:4])[H:50].[H]OP(=O)(O[H])OP(=O)(O[H])[O:27][P:24]([O:23])(=[O:25])[O:26].[H][N:9]([C:10])[H:53].[H]O[C:41](=[O:40])[O:43][H:70]>>[C:4][N:5]([C:41]([N:9]([C:10])[H:53])=[O:40])[H:50].[O:23][P:24](=[O:25])([O:26])[O:43][H:70].[H][O:27][H],EVODEX-P19997
EVODEX-N7761,[H][N:5]([C:4])[H:50].[H]O[C:41](=[O:40])[O:43]>>[H]O[C@@]1([H])[C@@]([H])(O[H])[C@]([H])(N2:C([H]):N:C3:C(N([H])[C:41]([N:5]([C:4])[H:50])=[O:40]):N:C([H]):N:C:3:2)O[C@]1([H])C([H])([H])OP(=O)(O[H])[O:43],EVODEX-P19998
EVODEX-N7762,[H][N:5]([C:4])[H:50]>>[H]O[C@@]1([H])[C@@]([H])(O[H])[C@]([H])(N2:C([H]):N:C3:C(N([H])C(=O)[N:5]([C:4])[H:50]):N:C([H]):N:C:3:2)O[C@]1([H])C([H])([H])OP(=O)(O[H])O[H],EVODEX-P19999
EVODEX-N7763,[H][N:5]([C:4])[H:50].O([P:24]([O:23])(=[O:25])[O:26])[P:28](=[O:29])([O:30])[O:31].[H][N:9]([C:10])[H:53].[O:40]=[C:41]([O:42][H:69])[O:43][H:70]>>[C:4][N:5]([C:41]([N:9]([C:10])[H:53])=[O:40])[H:50].[O:23][P:24](=[O:25])([O:26])[O:43][H:70].[P:28](=[O:29])([O:30])([O:31])[O:42][H:69],EVODEX-P20000
EVODEX-N7764,[H][N:5]([C:4])[H:50].[O:40]=[C:41]([O:42])[O:43]>>[H]O[C@@]1([H])[C@@]([H])(O[H])[C@]([H])(N2:C([H]):N:C3:C(N([H])[C:41]([N:5]([C:4])[H:50])=[O:40]):N:C([H]):N:C:3:2)O[C@]1([H])C([H])([H])OP(=O)(O[H])[O:43].[H]OP(=O)(O[H])OP(=O)(O[H])[O:42],EVODEX-P20001
EVODEX-N7765,[H][N:5]([C:4])[H:50].[H]OP(=O)(O[H])OP(=O)(O[H])O[P:24]([O:23])(=[O:25])[O:26].[H][N:9]([C:10])[H:53]>>O=C([N:5]([C:4])[H:50])[N:9]([C:10])[H:53].[H]O[P:24]([O:23])(=[O:25])[O:26],EVODEX-P20002
EVODEX-N7766,[H][N:5]([C:4])[H:50].[H][N:9]([C:10])[H:53]>>O=C([N:5]([C:4])[H:50])[N:9]([C:10])[H:53].[H]O.[H].[H].[H]O,EVODEX-P20003
EVODEX-N7767,[H]OP(=O)(O[H])OP(=O)(O[H])O[P:24]([O:23])(=[O:25])[O:26].[H][N:9]([C:10])[H:53].[H]O[C:41](=[O:40])[O:43][H:70]>>[H]OC(=O)[C@@]([H])(N([H])[C:41]([N:9]([C:10])[H:53])=[O:40])[C@]([H])(O[H])C([H])([H])[H].[O:23][P:24](=[O:25])([O:26])[O:43][H:70],EVODEX-P20004
EVODEX-N7768,>>[H]NC1:N:C([H]):N:C2:C:1:N:C([H]):N:2[C@]1([H])O[C@]([H])(C([H])([H])OP(=O)O[H])[C@@]([H])(O[H])[C@@]1([H])O[H].[H]N[C@]([H])(C(=O)O[H])[C@]([H])(O[H])C([H])([H])[H].[H]OP(=O)OP(=O)(O[H])O[H],EVODEX-P20005
EVODEX-N7769,[H][N:5]([C:4])[H:50].[H]OP(=O)(O[H])OP(=O)(O[H])[O:27][P:24].[H][N:9]([C:10])[H:53]>>O=C([N:5]([C:4])[H:50])[N:9]([C:10])[H:53].[H]O[P:24].[H][O:27][H],EVODEX-P20006
EVODEX-N7770,[H][N:9]([C:10])[H:53].[O:23][P:24](=[O:25])([O:26])[O:27][P:28](=[O:29])([O:30])[O:31].[O:40]=[C:41]([O:42][H:69])[O:43][H:70]>>[H]OC(=O)[C@@]([H])(N([H])[C:41]([N:9]([C:10])[H:53])=[O:40])[C@]([H])(O[H])C([H])([H])[H].[O:23][P:24](=[O:25])([O:26])[O:43][H:70].[H][O:27][H].[P:28](=[O:29])([O:30])([O:31])[O:42][H:69],EVODEX-P20007
EVODEX-N7771,[H]O[C@@]1([H])[C@@]([H])(O[H])[C@]([H])(N2:C([H]):N:C3:C(N([H])[H]):N:C([H]):N:C:3:2)O[C@]1([H])C([H])([H])OP(=O)(O[H])O[P:28](=[O:29])([O:30])[O:31].[H]OC(=O)[O:42][H:69]>>[P:28](=[O:29])([O:30])([O:31])[O:42][H:69],EVODEX-P20008
EVODEX-N7772,[H][N:5]([C:4])[H:50].O([P:24]([O:23])(=[O:25])[O:26])[P:28](=[O:29])([O:30])[O:31].[H][N:9]([C:10])[H:53]>>O=C([N:5]([C:4])[H:50])[N:9]([C:10])[H:53].[H]O[P:24]([O:23])(=[O:25])[O:26].[H]O[P:28](=[O:29])([O:30])[O:31],EVODEX-P20009
EVODEX-N7773,[H]OP(=O)(O[H])OP(=O)(O[H])[O:27][P:24]([O:23])(=[O:25])[O:26].[H][N:9]([C:10])[H:53].[H]O[C:41](=[O:40])[O:43][H:70]>>[H]OC(=O)[C@@]([H])(N([H])[C:41]([N:9]([C:10])[H:53])=[O:40])[C@]([H])(O[H])C([H])([H])[H].[O:23][P:24](=[O:25])([O:26])[O:43][H:70].[H][O:27][H],EVODEX-P20010
EVODEX-N7774,[H]OP(=O)(O[H])OP(=O)(O[H])O[P:24]([O:23])(=[O:25])[O:26].[H][N:9]([C:10])[H:53]>>[H]OC(=O)[C@@]([H])(N([H])C(=O)[N:9]([C:10])[H:53])[C@]([H])(O[H])C([H])([H])[H].[H]O[P:24]([O:23])(=[O:25])[O:26],EVODEX-P20011
EVODEX-N7775,[H][N:9]([C:10])[H:53]>>[H]O.[H]OC(=O)[C@@]([H])(N([H])C(=O)[N:9]([C:10])[H:53])[C@]([H])(O[H])C([H])([H])[H].[H].[H].[H]O,EVODEX-P20012
EVODEX-N7776,O([P:24]([O:23])(=[O:25])[O:26])[P:28](=[O:29])([O:30])[O:31].[H][N:9]([C:10])[H:53].[O:40]=[C:41]([O:42][H:69])[O:43][H:70]>>[H]OC(=O)[C@@]([H])(N([H])[C:41]([N:9]([C:10])[H:53])=[O:40])[C@]([H])(O[H])C([H])([H])[H].[O:23][P:24](=[O:25])([O:26])[O:43][H:70].[P:28](=[O:29])([O:30])([O:31])[O:42][H:69],EVODEX-P20013
EVODEX-N7777,[H]O[C@@]1([H])[C@@]([H])(O[H])[C@]([H])(N2:C([H]):N:C3:C(N([H])[H]):N:C([H]):N:C:3:2)O[C@]1([H])C([H])([H])OP(=O)(O[H])[O:27][P:28](=[O:29])([O:30])[O:31].[H]OC(=O)[O:42][H:69]>>[H][O:27][H].[P:28](=[O:29])([O:30])([O:31])[O:42][H:69],EVODEX-P20014
EVODEX-N7778,[H]OP(=O)(O[H])OP(=O)(O[H])[O:27][P:24].[H][N:9]([C:10])[H:53]>>[H]OC(=O)[C@@]([H])(N([H])C(=O)[N:9]([C:10])[H:53])[C@]([H])(O[H])C([H])([H])[H].[H]O[P:24].[H][O:27][H],EVODEX-P20015
EVODEX-N7779,[H]O[C:41](=[O:40])[O:43]>>[H]OC(=O)[C@@]([H])(N([H])[C:41](N([H])C1:N:C([H]):N:C2:C:1:N:C([H]):N:2[C@]1([H])O[C@]([H])(C([H])([H])OP(=O)(O[H])[O:43])[C@@]([H])(O[H])[C@@]1([H])O[H])=[O:40])[C@]([H])(O[H])C([H])([H])[H],EVODEX-P20016
EVODEX-N7780,O([P:24]([O:23])(=[O:25])[O:26])[P:28](=[O:29])([O:30])[O:31].[H][N:9]([C:10])[H:53]>>[H]OC(=O)[C@@]([H])(N([H])C(=O)[N:9]([C:10])[H:53])[C@]([H])(O[H])C([H])([H])[H].[H]O[P:24]([O:23])(=[O:25])[O:26].[H]O[P:28](=[O:29])([O:30])[O:31],EVODEX-P20017
EVODEX-N7781,[H]O[C@@]1([H])[C@@]([H])(O[H])[C@]([H])(N2:C([H]):N:C3:C(N([H])[H]):N:C([H]):N:C:3:2)O[C@]1([H])C([H])([H])OP(=O)(O[H])[O:27][P:28]>>[H][O:27][H].[H]O[P:28],EVODEX-P20018
EVODEX-N7782,[H]OC(=O)[O:42][H:69]>>[H]OP(=O)(O[H])OP(=O)(O[H])[O:42][H:69],EVODEX-P20019
EVODEX-N7783,[H][N:5]([C:4])[H:50].[H]OP(=O)(O[H])OP(=O)(O[H])O[P:24]([O:23])(=[O:25])[O:26].[H][N:9]([C:10])[H:53].[H]O[C:41](=[O:40])[O:43][H:70]>>[C:4][N:5]([C:41]([N:9]([C:10])[H:53])=[O:40])[H:50].[O:23][P:24](=[O:25])([O:26])[O:43][H:70],EVODEX-P20020
EVODEX-N7784,[H][N:5]([C:4])[H:50].[O:23][P:24](=[O:25])([O:26])[O:27].[O:40]=[C:41]([O:42][H:69])[O:43]>>[C:4][N:5]([C:41](=[O:40])[O:43])[H:50].[O:23][P:24](=[O:25])([O:26])[O:42][H:69].[H][O:27],"EVODEX-P20021,EVODEX-P34729,EVODEX-P34869"
EVODEX-N7785,[H][N:5]([C:4])[H:50].[H]OP(=O)(O[H])OP(=O)(O[H])O[P:24]([O:23])(=[O:25])[O:26].[O:40]=[C:41]([O:42][H:69])[O:43]>>[C:4][N:5]([C:41](=[O:40])[O:43])[H:50].[O:23][P:24](=[O:25])([O:26])[O:42][H:69],EVODEX-P20022
EVODEX-N7786,[H][N:5]([C:4])[H:50].[H]O[C:41](=[O:40])[O:43]>>[C:4][N:5]([C:41](=[O:40])[O:43])[H:50],"EVODEX-P20023,EVODEX-P34739,EVODEX-P34878"
EVODEX-N7787,[H][N:5]([C:4])[H:50]>>[H]OC(=O)[N:5]([C:4])[H:50],"EVODEX-P20024,EVODEX-P34740,EVODEX-P34879"
EVODEX-N7788,[H][N:5]([C:4])[H:50].[H]O[C@@]1([H])[C@@]([H])(O[H])[C@]([H])(N2:C([H]):N:C3:C(N([H])[H]):N:C([H]):N:C:3:2)O[C@]1([H])C([H])([H])OP(=O)(O[H])[O:27][P:28].[H]O[C:41](=[O:40])[O:43]>>[C:4][N:5]([C:41](=[O:40])[O:43])[H:50].[H][O:27][P:28],EVODEX-P20025
EVODEX-N7789,[H]OC(=O)[O:42][H:69]>>[H]O[C@@]1([H])[C@@]([H])(O[H])[C@]([H])(N2:C([H]):N:C3:C(N([H])[H]):N:C([H]):N:C:3:2)O[C@]1([H])C([H])([H])OP(=O)(O[H])[O:42][H:69],EVODEX-P20026
EVODEX-N7790,[H][N:5]([C:4])[H:50].[O:40]=[C:41]([O:42])[O:43]>>[C:4][N:5]([C:41](=[O:40])[O:43])[H:50].[H]O[C@@]1([H])[C@@]([H])(O[H])[C@]([H])(N2:C([H]):N:C3:C(N([H])[H]):N:C([H]):N:C:3:2)O[C@]1([H])C([H])([H])OP(=O)(O[H])[O:42],EVODEX-P20027
EVODEX-N7791,[H][N:5]([C:4])[H:50]>>[H]OC(=O)[N:5]([C:4])[H:50].[H]O.[H],"EVODEX-P20028,EVODEX-P34734,EVODEX-P34874"
EVODEX-N7792,[H][N:5]([C:4])[H:50].[H]OP(=O)(O[H])OP(=O)(O[H])O[P:24]([O:23])(=[O:25])[O:26]>>[H]OC(=O)[N:5]([C:4])[H:50].[H]O[P:24]([O:23])(=[O:25])[O:26],EVODEX-P20029
EVODEX-N7793,[O:23][P:24](=[O:25])([O:26])[O:27].[C:41][O:42][H:69]>>[H]OC(=O)[C@@]([H])(N([H])[C:41])[C@]([H])(O[H])C([H])([H])[H].[O:23][P:24](=[O:25])([O:26])[O:42][H:69].[H][O:27],EVODEX-P20030
EVODEX-N7794,[H][N:5]([C:4])[H:50].[H]O[C@@]1([H])[C@@]([H])(O[H])[C@]([H])(N2:C([H]):N:C3:C(N([H])[H]):N:C([H]):N:C:3:2)O[C@]1([H])C([H])([H])OP(=O)(O[H])[O:27][P:28]>>[H]OC(=O)[N:5]([C:4])[H:50].[H][O:27][P:28],EVODEX-P20031
EVODEX-N7795,[H]OP(=O)(O[H])OP(=O)(O[H])O[P:24]([O:23])(=[O:25])[O:26].[C:41][O:42][H:69]>>[H]OC(=O)[C@@]([H])(N([H])[C:41])[C@]([H])(O[H])C([H])([H])[H].[O:23][P:24](=[O:25])([O:26])[O:42][H:69],EVODEX-P20032
EVODEX-N7796,[H]O[C@@]1([H])[C@@]([H])(O[H])[C@]([H])(N2:C([H]):N:C3:C(N([H])[H]):N:C([H]):N:C:3:2)O[C@]1([H])C([H])([H])OP(=O)(O[H])[O:27][P:28].[H]O[C:41](=[O:40])[O:43]>>[H]OC(=O)[C@@]([H])(N([H])[C:41](=[O:40])[O:43])[C@]([H])(O[H])C([H])([H])[H].[H][O:27][P:28],EVODEX-P20033
EVODEX-N7797,[O:23][P:24](=[O:25])([O:26])[O:27].[H]OC(=O)[O:42][H:69]>>[O:23][P:24](=[O:25])([O:26])[O:42][H:69].[H][O:27],"EVODEX-P20034,EVODEX-P34742"
EVODEX-N7798,[H]O[C:41](=[O:40])[O:43]>>[H]OC(=O)[C@@]([H])(N([H])[C:41](=[O:40])[O:43])[C@]([H])(O[H])C([H])([H])[H],EVODEX-P20035
EVODEX-N7799,[H]OP(=O)(O[H])OP(=O)(O[H])O[P:24]([O:23])(=[O:25])[O:26].[H]OC(=O)[O:42][H:69]>>[O:23][P:24](=[O:25])([O:26])[O:42][H:69],EVODEX-P20036
EVODEX-N7800,>>[H]N[C@]([H])(C(=O)O[H])[C@]([H])(O[H])C([H])([H])[H].[H]OP(=O)OC([H])([H])[C@@]1([H])O[C@@]([H])(N2:C([H]):N:C3:C(N([H])[H]):N:C([H]):N:C:3:2)[C@]([H])(O[H])[C@]1([H])O[H],EVODEX-P20037
EVODEX-N7801,[H]N=C1:N([H]):C(=O):C2:N:C([H]):N([C@]3([H])O[C@]([H])(C([H])([H])[O:14][P:15])[C@@]([H])(O[H])[C@@]3([H])O[H]):C:2:N:1[H]>>[H][O:14][P:15],"EVODEX-P20039,EVODEX-P22731"
EVODEX-N7802,[H][O:46][C:45]>>[H]N=C1:N([H]):C(=O):C2:N:C([H]):N([C@]3([H])O[C@]([H])(C([H])([H])[O:46][C:45])[C@@]([H])(O[H])[C@@]3([H])O[H]):C:2:N:1[H],"EVODEX-P20041,EVODEX-P20046"
EVODEX-N7803,[H]OP(=O)(O[H])OP(=O)(O[H])O[C:13]([C:12])([H:56])[H:57]>>[H]OC1:C([H]):C([H]):C(C2:O:C3:C([H]):C(O[C:13]([C:12])([H:56])[H:57]):C([H]):C(O[H]):C:3:C(=O):C:2O[H]):C([H]):C:1O[H],EVODEX-P20042
EVODEX-N7804,[H]OP(=O)(O[H])OP(=O)(O[H])O[C:12]([C:11])([H:56])[H:57]>>[H]OC1:C([H]):C([H]):C(C2:O:C3:C([H]):C(O[H]):C([H]):C(O[H]):C:3:C(=O):C:2O[C:12]([C:11])([H:56])[H:57]):C([H]):C:1O[H],EVODEX-P20047
EVODEX-N7805,[H]OP(=O)(O[H])OP(=O)(O[H])O[P:27]([O:26])(=[O:28])[O:29]>>[H]OC(=O)[C@]1(O[P:27]([O:26])(=[O:28])[O:29])O[C@]([H])([C@]([H])(O[H])C([H])([H])N([H])[H])[C@]([H])(O[H])[C@]([H])(O[H])C1([H])[H],EVODEX-P20052
EVODEX-N7806,>>[H]OC(=O)[C@]1(O)O[C@]([H])([C@]([H])(O[H])C([H])([H])N([H])[H])[C@]([H])(O[H])[C@]([H])(O[H])C1([H])[H].[H],EVODEX-P20053
EVODEX-N7807,[H]OP(=O)(O[H])OP(=O)(O[H])O[P:14]([O:13])(=[O:15])[O:16]>>[H]OC([H])([H])C1=C([H])[C@]([H])(OP(=O)(O[H])O[P:14]([O:13])(=[O:15])[O:16])[C@]([H])(O[H])[C@@]([H])(O[H])[C@]1([H])O[H],"EVODEX-P20057,EVODEX-P20062"
EVODEX-N7808,>>[H]OC([H])([H])C1=C([H])[C@]([H])(OP(O)(=O)O[H])[C@]([H])(O[H])[C@@]([H])(O[H])[C@]1([H])O[H].[H],"EVODEX-P20058,EVODEX-P20063"
EVODEX-N7809,[H]OP(=O)(O[H])OP(=O)(O[H])O[P:11]([O:10])(=[O:12])[O:13]>>[H]OC(=O)[C@]1(O[P:11]([O:10])(=[O:12])[O:13])O[C@@]([H])([C@]([H])(O[H])[C@]([H])(O[H])C([H])([H])O[H])[C@]([H])(O[H])[C@@]([H])(O[H])C1([H])[H],EVODEX-P20067
EVODEX-N7810,>>[H]OC(=O)[C@]1(O)O[C@@]([H])([C@]([H])(O[H])[C@]([H])(O[H])C([H])([H])O[H])[C@]([H])(O[H])[C@@]([H])(O[H])C1([H])[H].[H],EVODEX-P20068
EVODEX-N7811,[H]OP(=O)(O[H])OP(=O)(O[H])O[P:11]([O:10])(=[O:12])[O:13]>>[H]OC(=O)P(=O)(O[H])O[P:11]([O:10])(=[O:12])[O:13],EVODEX-P20072
EVODEX-N7812,>>[H]OC(=O)P(O)(=O)O[H].[H],EVODEX-P20073
EVODEX-N7813,[H]OP(=O)(O[H])OP(=O)(O[H])O[P:16]([O:15])(=[O:17])[O:18]>>[H]OC1([H])O[C@]([H])(C([H])([H])OP(=O)(O[H])O[P:16]([O:15])(=[O:17])[O:18])[C@@]([H])(O[H])[C@@]1([H])O[H],EVODEX-P20077
EVODEX-N7814,[H]OC1([H])O[C@]([H])(C([H])([H])OP(=O)(O[H])O[P:16]([O:15])(=[O:17])[O:18])[C@@]([H])(O[H])[C@@]1([H])O[H].[H][O:39][P:38]>>[O:15][P:16](=[O:17])([O:18])[O:39][P:38],EVODEX-P20080
EVODEX-N7815,[H]OC1([H])O[C@]([H])(C([H])([H])OP(=O)(O[H])O[P:16]([O:15])(=[O:17])[O:18])[C@@]([H])(O[H])[C@@]1([H])O[H]>>[H]OP(=O)(O[H])OP(=O)(O[H])O[P:16]([O:15])(=[O:17])[O:18],EVODEX-P20081
EVODEX-N7816,[H]OP(=O)(O[H])OP(=O)(O[H])O[P:28]([O:27])(=[O:29])[O:30]>>[H]OC1:C(N([H])[H]):C(C(=O)O[P:28]([O:27])(=[O:29])[O:30]):C([H]):C([H]):C:1C([H])([H])[H],EVODEX-P20085
EVODEX-N7817,>>[H]OC1:C(N([H])[H]):C(C(O)=O):C([H]):C([H]):C:1C([H])([H])[H].[H],EVODEX-P20087
EVODEX-N7818,[H]OP(=O)(O[H])OP(=O)(O[H])O[P:26]([O:25])(=[O:27])[O:28]>>[H]OC1:C([H]):C(C([H])([H])O[P:26]([O:25])(=[O:27])[O:28]):C([H]):C([H]):C:1C([H])([H])[H],EVODEX-P20090
EVODEX-N7819,>>[H]OC1:C([H]):C(C([H])([H])O):C([H]):C([H]):C:1C([H])([H])[H].[H],EVODEX-P20092
EVODEX-N7820,[H]OC(=O)[C@]([H])(O[C@@]1([H])[C@]([H])(O[H])[C@@]([H])(C([H])([H])O[H])O[C@]([H])([O:7][P:8])[C@]1([H])N([H])C(=O)C([H])([H])[H])C([H])([H])[H]>>[H][O:7][P:8],EVODEX-P20094
EVODEX-N7821,[H][O:41][P:39]>>[H]OC(=O)[C@]([H])(O[C@@]1([H])[C@]([H])(O[H])[C@@]([H])(C([H])([H])O[H])O[C@]([H])([O:41][P:39])[C@]1([H])N([H])C(=O)C([H])([H])[H])C([H])([H])[H],EVODEX-P20096
EVODEX-N7822,[H]OP(=O)(O[H])O[C@:6]([C:5])([O:12])[H:55]>>[H]O[C@@]1([H])[C@@]([H])(O[H])[C@]([H])(N2:C([H]):C([H]):C(=O):N([H]):C:2=O)O[C@]1([H])C([H])([H])OP(=O)(O[H])OP(=O)(O[H])O[C@:6]([C:5])([O:12])[H:55],EVODEX-P20097
EVODEX-N7823,[H]OP(=O)(O[H])OP(=O)(O[H])O[P:35]([O:34])(=[O:36])[O:37]>>[H]OC(=O)[C@]([H])(O[C@@]1([H])[C@]([H])(O[H])[C@@]([H])(C([H])([H])O[H])O[C@]([H])(OP(=O)(O[H])O[P:35]([O:34])(=[O:36])[O:37])[C@]1([H])N([H])C(=O)C([H])([H])[H])C([H])([H])[H],EVODEX-P20101
EVODEX-N7824,>>[H]OC(=O)[C@]([H])(O[C@@]1([H])[C@]([H])(O[H])[C@@]([H])(C([H])([H])O[H])O[C@]([H])(OP(O)(=O)O[H])[C@]1([H])N([H])C(=O)C([H])([H])[H])C([H])([H])[H].[H],EVODEX-P20102
EVODEX-N7825,[H]OP(=O)(O[H])OP(=O)(O[H])O[P:25]([O:24])(=[O:26])[O:27]>>[H]OC(=O)[C@@]([H])(N([H])[H])C([H])([H])C([H])([H])C(=O)N([H])P(=O)(O[H])O[P:25]([O:24])(=[O:26])[O:27],EVODEX-P20106
EVODEX-N7826,>>[H]OC(=O)[C@@]([H])(N([H])[H])C([H])([H])C([H])([H])C(=O)N([H])P(O)(=O)O[H].[H],EVODEX-P20107
EVODEX-N7827,[H]OP(=O)(O[H])OP(=O)(O[H])O[P:24]([O:23])(=[O:25])[O:26]>>[H]OC(=O)C(OP(=O)(O[H])O[P:24]([O:23])(=[O:25])[O:26])=C([H])[H],EVODEX-P20110
EVODEX-N7828,>>[H]OC(=O)C(OP(O)(=O)O[H])=C([H])[H].[H],EVODEX-P20112
EVODEX-N7829,[H]OP(=O)(O[H])OP(=O)(O[H])O[P:14]([O:13])(=[O:15])[O:16]>>[H]OC(=O)[C@]([H])(O[H])C([H])([H])OP(=O)(O[H])O[P:14]([O:13])(=[O:15])[O:16],EVODEX-P20116
EVODEX-N7830,[H]OP(=O)(O[H])OP(=O)(O[H])O[P:18]([O:17])(=[O:19])[O:20]>>[H]OP(=O)(O[P:18]([O:17])(=[O:19])[O:20])C([H])([H])C([H])([H])N([H])[H],EVODEX-P20120
EVODEX-N7831,>>[H]OP(O)(=O)C([H])([H])C([H])([H])N([H])[H].[H],EVODEX-P20122
EVODEX-N7832,[H]OP(=O)(OC([H])([H])C([H])([H])N([H])[H])[O:52][P:53]>>[H][O:52][P:53],EVODEX-P20124
EVODEX-N7833,[H]O[C@@]1([H])[C@@]([H])(O[H])[C@]([H])(N2:C([H]):C([H]):C(N([H])[H]):N:C:2=O)O[C@]1([H])C([H])([H])OP(=O)(O[H])O[P:49]([O:48])(=[O:50])[O:51]>>[H]/C(=C(\[H])C([H])([H])C([H])([H])C([H])([H])C([H])([H])C([H])([H])C([H])([H])C([H])([H])C([H])([H])[H])C([H])([H])C([H])([H])C([H])([H])C([H])([H])C([H])([H])C([H])([H])C([H])([H])C(=O)OC([H])(C([H])([H])OC(=O)C([H])([H])C([H])([H])C([H])([H])C([H])([H])C([H])([H])C([H])([H])C([H])([H])C([H])([H])C([H])([H])C([H])([H])C([H])([H])C([H])([H])C([H])([H])C([H])([H])C([H])([H])C([H])([H])C([H])([H])[H])C([H])([H])O[P:49]([O:48])(=[O:50])[O:51],EVODEX-P20126
EVODEX-N7834,[H][O:23][C:22]>>[H]OP(=O)(OC([H])([H])C([H])([H])N([H])[H])[O:23][C:22],"EVODEX-P20127,EVODEX-P20147"
EVODEX-N7835,>>[H]/C(=C(\[H])C([H])([H])C([H])([H])C([H])([H])C([H])([H])C([H])([H])C([H])([H])C([H])([H])C([H])([H])[H])C([H])([H])C([H])([H])C([H])([H])C([H])([H])C([H])([H])C([H])([H])C([H])([H])C(=O)OC([H])(C([H])([H])O)C([H])([H])OC(=O)C([H])([H])C([H])([H])C([H])([H])C([H])([H])C([H])([H])C([H])([H])C([H])([H])C([H])([H])C([H])([H])C([H])([H])C([H])([H])C([H])([H])C([H])([H])C([H])([H])C([H])([H])C([H])([H])C([H])([H])[H].[H],EVODEX-P20128
EVODEX-N7836,[H][O:22][C:21].[H]OP(=O)(OC([H])([H])C([H])([H])N([H])[H])O[P:49](=[O:50])([O:51])[O:52]>>[C:21][O:22][P:49](=[O:50])([O:51])[O:52],EVODEX-P20130
EVODEX-N7837,[H]OP(=O)(OC([H])([H])C([H])([H])N([H])[H])O[P:49](=[O:50])([O:51])[O:52]>>[H]C([H])([H])C([H])([H])C([H])([H])C([H])([H])C([H])([H])C([H])([H])C([H])([H])C([H])([H])C([H])([H])C([H])([H])C([H])([H])C([H])([H])C([H])([H])C([H])([H])C([H])([H])C(=O)OC([H])([H])C([H])(OC(=O)C([H])([H])C([H])([H])C([H])([H])C([H])([H])C([H])([H])C([H])([H])C([H])([H])C([H])([H])C([H])([H])C([H])([H])C([H])([H])C([H])([H])C([H])([H])C([H])([H])C([H])([H])[H])C([H])([H])O[P:49](=[O:50])([O:51])[O:52],EVODEX-P20131
EVODEX-N7838,[H]O[C@@]1([H])[C@@]([H])(O[H])[C@]([H])(N2:C([H]):C([H]):C(N([H])[H]):N:C:2=O)O[C@]1([H])C([H])([H])OP(=O)(O[H])O[P:59]([O:58])(=[O:60])[O:61]>>[H]O[C@]1([H])[C@@]([H])(O[H])[C@@]([H])(OC([H])([H])C([H])(OC(=O)C([H])([H])C([H])([H])C([H])([H])C([H])([H])C([H])([H])C([H])([H])C([H])([H])C([H])([H])C([H])([H])C([H])([H])C([H])([H])C([H])([H])C([H])([H])C([H])([H])C([H])([H])[H])C([H])([H])OC(=O)C([H])([H])C([H])([H])C([H])([H])C([H])([H])C([H])([H])C([H])([H])C([H])([H])C([H])([H])C([H])([H])C([H])([H])C([H])([H])C([H])([H])C([H])([H])C([H])([H])C([H])([H])[H])O[C@]([H])(C([H])([H])O[P:59]([O:58])(=[O:60])[O:61])[C@@]1([H])O[H],EVODEX-P20137
EVODEX-N7839,>>[H]O[C@]1([H])[C@@]([H])(O[H])[C@@]([H])(OC([H])([H])C([H])(OC(=O)C([H])([H])C([H])([H])C([H])([H])C([H])([H])C([H])([H])C([H])([H])C([H])([H])C([H])([H])C([H])([H])C([H])([H])C([H])([H])C([H])([H])C([H])([H])C([H])([H])C([H])([H])[H])C([H])([H])OC(=O)C([H])([H])C([H])([H])C([H])([H])C([H])([H])C([H])([H])C([H])([H])C([H])([H])C([H])([H])C([H])([H])C([H])([H])C([H])([H])C([H])([H])C([H])([H])C([H])([H])C([H])([H])[H])O[C@]([H])(C([H])([H])O)[C@@]1([H])O[H].[H],EVODEX-P20139
EVODEX-N7840,[H]O[C@@]1([H])[C@@]([H])(O[H])[C@]([H])(N2:C([H]):C([H]):C(N([H])[H]):N:C:2=O)O[C@]1([H])C([H])([H])OP(=O)(O[H])O[P:50]([O:49])(=[O:51])[O:52]>>[H]/C(=C(\[H])C([H])([H])C([H])([H])C([H])([H])C([H])([H])C([H])([H])[H])C([H])([H])/C([H])=C(/[H])C([H])([H])C([H])([H])C([H])([H])C([H])([H])C([H])([H])C([H])([H])C([H])([H])C(=O)OC([H])(C([H])([H])OC(=O)C([H])([H])C([H])([H])C([H])([H])C([H])([H])C([H])([H])C([H])([H])C([H])([H])C([H])([H])C([H])([H])C([H])([H])C([H])([H])C([H])([H])C([H])([H])C([H])([H])C([H])([H])[H])C([H])([H])O[P:50]([O:49])(=[O:51])[O:52],EVODEX-P20142
EVODEX-N7841,>>[H]/C(=C(\[H])C([H])([H])C([H])([H])C([H])([H])C([H])([H])C([H])([H])[H])C([H])([H])/C([H])=C(/[H])C([H])([H])C([H])([H])C([H])([H])C([H])([H])C([H])([H])C([H])([H])C([H])([H])C(=O)OC([H])(C([H])([H])O)C([H])([H])OC(=O)C([H])([H])C([H])([H])C([H])([H])C([H])([H])C([H])([H])C([H])([H])C([H])([H])C([H])([H])C([H])([H])C([H])([H])C([H])([H])C([H])([H])C([H])([H])C([H])([H])C([H])([H])[H].[H],EVODEX-P20144
EVODEX-N7842,[H]O[C@@]1([H])[C@@]([H])(O[H])[C@]([H])(N2:C([H]):C([H]):C(N([H])[H]):N:C:2=O)O[C@]1([H])C([H])([H])OP(=O)(O[H])O[P:5]([O:4])(=[O:6])[O:7]>>[H]OC(=O)[C@@]([H])(N([H])[H])C([H])([H])O[P:5]([O:4])(=[O:6])[O:7],"EVODEX-P20148,EVODEX-P20178"
EVODEX-N7843,[H]OP(=O)(OC([H])([H])C([H])([H])N([H])[H])[O:8][C:9]>>[H][O:8][C:9],"EVODEX-P20151,EVODEX-P20312"
EVODEX-N7844,[H][O:27][P:25].[H]OC(=O)[C@@]([H])(N([H])[H])C([H])([H])O[P:5]([O:4])(=[O:6])[O:7]>>[O:4][P:5](=[O:6])([O:7])[O:27][P:25],EVODEX-P20152
EVODEX-N7845,[H]OC(=O)[C@@]([H])(N([H])[H])C([H])([H])O[P:5]([O:4])(=[O:6])[O:7]>>[H]O[C@@]1([H])[C@@]([H])(O[H])[C@]([H])(N2:C([H]):C([H]):C(N([H])[H]):N:C:2=O)O[C@]1([H])C([H])([H])OP(=O)(O[H])O[P:5]([O:4])(=[O:6])[O:7],EVODEX-P20153
EVODEX-N7846,[H][O:27][P:25]>>[H]OP(=O)(OC([H])([H])C([H])([H])N([H])[H])[O:27][P:25],"EVODEX-P20154,EVODEX-P20310,EVODEX-P20316"
EVODEX-N7847,>>[H]O[C@@]1([H])[C@@]([H])(O[H])[C@]([H])(N2:C([H]):C([H]):C(N([H])[H]):N:C:2=O)O[C@]1([H])C([H])([H])OP(O)(=O)O[H].[H],EVODEX-P20155
EVODEX-N7848,[H]OC([H])([H])[C@@]1([H])O[C@]([H])(OP(=O)(O[H])[O:34][P:31])[C@]([H])(O[H])[C@@]([H])(O[H])[C@@]1([H])O[H]>>[H][O:34][P:31],"EVODEX-P20157,EVODEX-P28879,EVODEX-P28884"
EVODEX-N7849,[H]O[C@@]1([H])[C@@]([H])(O[H])[C@]([H])(N2:C([H]):C([H]):C(=O):N([H]):C:2=O)O[C@]1([H])C([H])([H])OP(=O)(O[H])O[P:35](=[O:36])([O:37])[O:38]>>[H]OP(=O)(OC([H])([H])/C([H])=C(\C([H])([H])[H])C([H])([H])C([H])([H])/C([H])=C(\C([H])([H])[H])C([H])([H])C([H])([H])C([H])=C(C([H])([H])[H])C([H])([H])[H])O[P:35](=[O:36])([O:37])[O:38],EVODEX-P20159
EVODEX-N7850,[H][O:19][P:17]>>[H]OC([H])([H])[C@@]1([H])O[C@]([H])(OP(=O)(O[H])[O:19][P:17])[C@]([H])(O[H])[C@@]([H])(O[H])[C@@]1([H])O[H],"EVODEX-P20160,EVODEX-P20244"
EVODEX-N7851,[H]OC([H])([H])[C@@]1([H])O[C@]([H])(OP(=O)(O[H])[O:11][P:12])[C@]([H])(N([H])C(=O)C([H])([H])[H])[C@@]([H])(O[H])[C@]1([H])O[H]>>[H][O:11][P:12],"EVODEX-P20163,EVODEX-P20209,EVODEX-P20247,EVODEX-P20263"
EVODEX-N7852,[H][O:98][P:96]>>[H]OC([H])([H])C1([H])O[C@]([H])(OP(=O)(O[H])[O:98][P:96])C([H])(N([H])C(=O)C([H])([H])[H])C([H])(O[H])C1([H])O[H],"EVODEX-P20165,EVODEX-P20205,EVODEX-P20211,EVODEX-P20259"
EVODEX-N7853,[H]O[C@@]1([H])[C@@]([H])(O[H])[C@]([H])(N2:C([H]):C([H]):C(=O):N([H]):C:2=O)O[C@]1([H])C([H])([H])OP(=O)(O[H])O[P:16]([O:15])(=[O:17])[O:18]>>[H]OP(=O)(OC([H])([H])/C([H])=C(/C([H])([H])[H])C([H])([H])C([H])([H])/C([H])=C(/C([H])([H])[H])C([H])([H])C([H])([H])/C([H])=C(/C([H])([H])[H])C([H])([H])C([H])([H])/C([H])=C(/C([H])([H])[H])C([H])([H])C([H])([H])/C([H])=C(/C([H])([H])[H])C([H])([H])C([H])([H])/C([H])=C(/C([H])([H])[H])C([H])([H])C([H])([H])/C([H])=C(/C([H])([H])[H])C([H])([H])C([H])([H])/C([H])=C(/C([H])([H])[H])C([H])([H])C([H])([H])/C([H])=C(\C([H])([H])[H])C([H])([H])C([H])([H])/C([H])=C(\C([H])([H])[H])C([H])([H])C([H])([H])C([H])=C(C([H])([H])[H])C([H])([H])[H])O[P:16]([O:15])(=[O:17])[O:18],"EVODEX-P20166,EVODEX-P20201,EVODEX-P20243,EVODEX-P20271,EVODEX-P20276"
EVODEX-N7854,[H]OP(=O)(OC([H])([H])C([H])(OC(=O)C([H])([H])C([H])([H])C([H])([H])C([H])([H])C([H])([H])[H])C([H])([H])OC(=O)C([H])([H])C([H])([H])C([H])([H])C([H])([H])C([H])([H])[H])O[P:17](=[O:18])([O:19])[O:20].[H][O:51][C:50]>>[P:17](=[O:18])([O:19])([O:20])[O:51][C:50],EVODEX-P20169
EVODEX-N7855,[H][O:51][C:50]>>[H]OC1([H])[C@]([H])(ON2:C([H]):N:C3:C(N([H])[H]):N:C([H]):N:C:3:2)O[C@]([H])(C([H])([H])OP(=O)(O[H])[O:51][C:50])[C@]1([H])O[H],EVODEX-P20170
EVODEX-N7856,[H]OP(=O)(OC([H])([H])C([H])(OC(=O)C([H])([H])C([H])([H])C([H])([H])C([H])([H])C([H])([H])[H])C([H])([H])OC(=O)C([H])([H])C([H])([H])C([H])([H])C([H])([H])C([H])([H])[H])O[P:17](=[O:18])([O:19])[O:20]>>[H]OC(=O)[C@@]([H])(N([H])[H])C([H])([H])O[P:17](=[O:18])([O:19])[O:20],EVODEX-P20171
EVODEX-N7857,[H]OC1([H])[C@]([H])(ON2:C([H]):N:C3:C(N([H])[H]):N:C([H]):N:C:3:2)O[C@]([H])(C([H])([H])OP(=O)(O[H])[O:16][P:13])[C@]1([H])O[H]>>[H][O:16][P:13],EVODEX-P20172
EVODEX-N7858,[H]OP(=O)(OC([H])([H])[C@@]([H])(OC([H])([H])C([H])([H])C([H])([H])C([H])([H])C([H])([H])C([H])([H])C([H])([H])C([H])([H])/C([H])=C(/[H])C([H])([H])C([H])([H])C([H])([H])C([H])([H])C([H])([H])C([H])([H])C([H])([H])C([H])([H])[H])C([H])([H])OC([H])([H])C([H])([H])C([H])([H])C([H])([H])C([H])([H])C([H])([H])C([H])([H])C([H])([H])/C([H])=C(/[H])C([H])([H])C([H])([H])C([H])([H])C([H])([H])C([H])([H])C([H])([H])C([H])([H])C([H])([H])[H])[O:27][P:28]>>[H][O:27][P:28],EVODEX-P20175
EVODEX-N7859,[H][O:70][C:69]>>[H]OP(=O)(OC([H])([H])[C@@]([H])(OC([H])([H])C([H])([H])C([H])([H])C([H])([H])C([H])([H])C([H])([H])C([H])([H])C([H])([H])/C([H])=C(/[H])C([H])([H])C([H])([H])C([H])([H])C([H])([H])C([H])([H])C([H])([H])C([H])([H])C([H])([H])[H])C([H])([H])OC([H])([H])C([H])([H])C([H])([H])C([H])([H])C([H])([H])C([H])([H])C([H])([H])C([H])([H])/C([H])=C(/[H])C([H])([H])C([H])([H])C([H])([H])C([H])([H])C([H])([H])C([H])([H])C([H])([H])C([H])([H])[H])[O:70][C:69],EVODEX-P20177
EVODEX-N7860,[H]O[C@@]1([H])[C@@]([H])(O[H])[C@]([H])(N2:C([H]):C([H]):C(N([H])[H]):N:C:2=O)O[C@]1([H])C([H])([H])OP(=O)(O[H])O[P:29]([O:28])(=[O:30])[O:31]>>[H]O[C@]([H])(/C([H])=C(\[H])C([H])([H])C([H])([H])C([H])([H])C([H])([H])C([H])([H])C([H])([H])C([H])([H])C([H])([H])C([H])([H])C([H])([H])C([H])([H])C([H])([H])C([H])([H])[H])[C@@]([H])(N([H])[H])C([H])([H])O[P:29]([O:28])(=[O:30])[O:31],EVODEX-P20182
EVODEX-N7861,[H]OP(=O)(OC([H])([H])C([H])(OC(=O)C([H])([H])C([H])([H])C([H])([H])C([H])([H])C([H])([H])C([H])([H])C([H])([H])C([H])([H])C([H])([H])C([H])([H])C([H])([H])C([H])([H])C([H])([H])C([H])([H])C([H])([H])C([H])([H])[H])C([H])([H])OC(=O)C([H])([H])C([H])([H])C([H])([H])C([H])([H])C([H])([H])C([H])([H])C([H])([H])C([H])([H])C([H])([H])C([H])([H])C([H])([H])C([H])([H])C([H])([H])C([H])([H])C([H])([H])C([H])([H])[H])O[P:28](=[O:29])([O:30])[O:31].[H][O:67][C:68]>>[P:28](=[O:29])([O:30])([O:31])[O:67][C:68],EVODEX-P20186
EVODEX-N7862,[H]OP(=O)(OC([H])([H])C([H])(OC(=O)C([H])([H])C([H])([H])C([H])([H])C([H])([H])C([H])([H])C([H])([H])C([H])([H])C([H])([H])C([H])([H])C([H])([H])C([H])([H])C([H])([H])C([H])([H])C([H])([H])C([H])([H])C([H])([H])[H])C([H])([H])OC(=O)C([H])([H])C([H])([H])C([H])([H])C([H])([H])C([H])([H])C([H])([H])C([H])([H])C([H])([H])C([H])([H])C([H])([H])C([H])([H])C([H])([H])C([H])([H])C([H])([H])C([H])([H])C([H])([H])[H])O[P:28](=[O:29])([O:30])[O:31]>>[H]O[C@@]1([H])[C@]([H])(O[H])[C@]([H])(O[H])[C@]([H])(O[P:28](=[O:29])([O:30])[O:31])[C@@]([H])(O[H])[C@]1([H])O[H],EVODEX-P20188
EVODEX-N7863,[H]OP(=O)(OC([H])([H])C([H])(OC(=O)C([H])([H])C([H])([H])C([H])([H])C([H])([H])C([H])([H])C([H])([H])C([H])([H])/C([H])=C(/[H])C([H])([H])/C([H])=C(/[H])C([H])([H])C([H])([H])C([H])([H])C([H])([H])C([H])([H])[H])C([H])([H])OC(=O)C([H])([H])C([H])([H])C([H])([H])C([H])([H])C([H])([H])C([H])([H])C([H])([H])/C([H])=C(/[H])C([H])([H])/C([H])=C(/[H])C([H])([H])C([H])([H])C([H])([H])C([H])([H])C([H])([H])[H])[O:28][P:29]>>[H][O:28][P:29],EVODEX-P20192
EVODEX-N7864,[H][O:69][C:70]>>[H]OP(=O)(OC([H])([H])C([H])(OC(=O)C([H])([H])C([H])([H])C([H])([H])C([H])([H])C([H])([H])C([H])([H])C([H])([H])/C([H])=C(/[H])C([H])([H])/C([H])=C(/[H])C([H])([H])C([H])([H])C([H])([H])C([H])([H])C([H])([H])[H])C([H])([H])OC(=O)C([H])([H])C([H])([H])C([H])([H])C([H])([H])C([H])([H])C([H])([H])C([H])([H])/C([H])=C(/[H])C([H])([H])/C([H])=C(/[H])C([H])([H])C([H])([H])C([H])([H])C([H])([H])C([H])([H])[H])[O:69][C:70],EVODEX-P20194
EVODEX-N7865,[H]N=C1:C([H]):C([H]):N([C@]2([H])O[C@]([H])(C([H])([H])OP(=O)(O[H])O[P:25]([O:24])(=[O:26])[O:27])[C@@]([H])(O[H])[C@@]2([H])O[H]):C(=O):N:1[H]>>[H]O[C@@]1([H])[C@]([H])(O[H])[C@@]([H])(O[H])[C@@]([H])(O[P:25]([O:24])(=[O:26])[O:27])[C@@]([H])(O[H])[C@]1([H])O[H],EVODEX-P20195
EVODEX-N7866,[H]OC(=O)[C@]([H])(N([H])C(=O)[C@]([H])(N([H])C(=O)[C@@]([H])(N([H])C(=O)C([H])([H])C([H])([H])[C@]([H])(C(=O)O[H])N([H])C(=O)[C@@]([H])(N([H])C(=O)[C@]([H])(O[C@@]1([H])[C@]([H])(O[H])[C@@]([H])(C([H])([H])O[H])O[C@]([H])(OP(=O)(O[H])[O:11][P:12])[C@]1([H])N([H])C(=O)C([H])([H])[H])C([H])([H])[H])C([H])([H])[H])C([H])([H])C([H])([H])C([H])([H])C([H])([H])N([H])[H])C([H])([H])[H])C([H])([H])[H]>>[H][O:11][P:12],EVODEX-P20198
EVODEX-N7867,[H][O:136][P:134]>>[H]OC(=O)[C@]([H])(N([H])C(=O)[C@]([H])(N([H])C(=O)[C@@]([H])(N([H])C(=O)C([H])([H])C([H])([H])[C@]([H])(C(=O)O[H])N([H])C(=O)[C@@]([H])(N([H])C(=O)[C@]([H])(O[C@@]1([H])[C@]([H])(O[H])[C@@]([H])(C([H])([H])O[H])O[C@]([H])(OP(=O)(O[H])[O:136][P:134])[C@]1([H])N([H])C(=O)C([H])([H])[H])C([H])([H])[H])C([H])([H])[H])C([H])([H])C([H])([H])C([H])([H])C([H])([H])N([H])[H])C([H])([H])[H])C([H])([H])[H],EVODEX-P20200
EVODEX-N7868,[H]O[C@@]1([H])[C@@]([H])(O[H])[C@]([H])(N2:C([H]):C([H]):C(=O):N([H]):C:2=O)O[C@]1([H])C([H])([H])OP(=O)(O[H])O[P:8]([O:7])(=[O:9])[O:10]>>[H]OP(=O)(OC([H])([H])C([H])([H])C([H])(C([H])([H])[H])C([H])([H])C([H])([H])/C([H])=C(/C([H])([H])[H])C([H])([H])C([H])([H])/C([H])=C(/C([H])([H])[H])C([H])([H])C([H])([H])/C([H])=C(/C([H])([H])[H])C([H])([H])C([H])([H])/C([H])=C(/C([H])([H])[H])C([H])([H])C([H])([H])/C([H])=C(/C([H])([H])[H])C([H])([H])C([H])([H])/C([H])=C(/C([H])([H])[H])C([H])([H])C([H])([H])/C([H])=C(/C([H])([H])[H])C([H])([H])C([H])([H])/C([H])=C(/C([H])([H])[H])C([H])([H])C([H])([H])/C([H])=C(/C([H])([H])[H])C([H])([H])C([H])([H])/C([H])=C(/C([H])([H])[H])C([H])([H])C([H])([H])/C([H])=C(/C([H])([H])[H])C([H])([H])C([H])([H])/C([H])=C(/C([H])([H])[H])C([H])([H])C([H])([H])/C([H])=C(/C([H])([H])[H])C([H])([H])C([H])([H])/C([H])=C(/C([H])([H])[H])C([H])([H])C([H])([H])/C([H])=C(/C([H])([H])[H])C([H])([H])C([H])([H])/C([H])=C(/C([H])([H])[H])C([H])([H])C([H])([H])/C([H])=C(\C([H])([H])[H])C([H])([H])C([H])([H])/C([H])=C(\C([H])([H])[H])C([H])([H])C([H])([H])C([H])=C(C([H])([H])[H])C([H])([H])[H])O[P:8]([O:7])(=[O:9])[O:10],EVODEX-P20206
EVODEX-N7869,[H]OP(=O)(OC([H])([H])C([H])([H])C([H])(C([H])([H])[H])C([H])([H])C([H])([H])/C([H])=C(/C([H])([H])[H])C([H])([H])C([H])([H])/C([H])=C(/C([H])([H])[H])C([H])([H])C([H])([H])/C([H])=C(/C([H])([H])[H])C([H])([H])C([H])([H])/C([H])=C(/C([H])([H])[H])C([H])([H])C([H])([H])/C([H])=C(/C([H])([H])[H])C([H])([H])C([H])([H])/C([H])=C(/C([H])([H])[H])C([H])([H])C([H])([H])/C([H])=C(/C([H])([H])[H])C([H])([H])C([H])([H])/C([H])=C(/C([H])([H])[H])C([H])([H])C([H])([H])/C([H])=C(/C([H])([H])[H])C([H])([H])C([H])([H])/C([H])=C(/C([H])([H])[H])C([H])([H])C([H])([H])/C([H])=C(/C([H])([H])[H])C([H])([H])C([H])([H])/C([H])=C(/C([H])([H])[H])C([H])([H])C([H])([H])/C([H])=C(/C([H])([H])[H])C([H])([H])C([H])([H])/C([H])=C(/C([H])([H])[H])C([H])([H])C([H])([H])/C([H])=C(/C([H])([H])[H])C([H])([H])C([H])([H])/C([H])=C(/C([H])([H])[H])C([H])([H])C([H])([H])/C([H])=C(\C([H])([H])[H])C([H])([H])C([H])([H])/C([H])=C(\C([H])([H])[H])C([H])([H])C([H])([H])C([H])=C(C([H])([H])[H])C([H])([H])[H])O[P:8]([O:7])(=[O:9])[O:10].[H][O:136][P:134]>>[O:7][P:8](=[O:9])([O:10])[O:136][P:134],EVODEX-P20210
EVODEX-N7870,[H]OP(=O)(OC([H])([H])C([H])([H])C([H])(C([H])([H])[H])C([H])([H])C([H])([H])/C([H])=C(/C([H])([H])[H])C([H])([H])C([H])([H])/C([H])=C(/C([H])([H])[H])C([H])([H])C([H])([H])/C([H])=C(/C([H])([H])[H])C([H])([H])C([H])([H])/C([H])=C(/C([H])([H])[H])C([H])([H])C([H])([H])/C([H])=C(/C([H])([H])[H])C([H])([H])C([H])([H])/C([H])=C(/C([H])([H])[H])C([H])([H])C([H])([H])/C([H])=C(/C([H])([H])[H])C([H])([H])C([H])([H])/C([H])=C(/C([H])([H])[H])C([H])([H])C([H])([H])/C([H])=C(/C([H])([H])[H])C([H])([H])C([H])([H])/C([H])=C(/C([H])([H])[H])C([H])([H])C([H])([H])/C([H])=C(/C([H])([H])[H])C([H])([H])C([H])([H])/C([H])=C(/C([H])([H])[H])C([H])([H])C([H])([H])/C([H])=C(/C([H])([H])[H])C([H])([H])C([H])([H])/C([H])=C(/C([H])([H])[H])C([H])([H])C([H])([H])/C([H])=C(/C([H])([H])[H])C([H])([H])C([H])([H])/C([H])=C(/C([H])([H])[H])C([H])([H])C([H])([H])/C([H])=C(\C([H])([H])[H])C([H])([H])C([H])([H])/C([H])=C(\C([H])([H])[H])C([H])([H])C([H])([H])C([H])=C(C([H])([H])[H])C([H])([H])[H])O[P:8]([O:7])(=[O:9])[O:10]>>[H]O[C@@]1([H])[C@@]([H])(O[H])[C@]([H])(N2:C([H]):C([H]):C(=O):N([H]):C:2=O)O[C@]1([H])C([H])([H])OP(=O)(O[H])O[P:8]([O:7])(=[O:9])[O:10],EVODEX-P20212
EVODEX-N7871,[H]O[C@@]1([H])[C@@]([H])(O[H])[C@]([H])(N2:C([H]):C([H]):C(=O):N([H]):C:2=O)O[C@]1([H])C([H])([H])OP(=O)(O[H])O[P:8]([O:7])(=[O:9])[O:10].[H][O:46][C:45]>>[O:7][P:8](=[O:9])([O:10])[O:46][C:45],"EVODEX-P20215,EVODEX-P20220"
EVODEX-N7872,[H][O:46][C:45]>>[H]OC([H])([H])[C@@]1([H])O[C@]([H])(OP(=O)(O[H])[O:46][C:45])[C@]([H])(N([H])C(=O)C([H])([H])[H])[C@@]([H])(O[H])[C@]1([H])O[H],EVODEX-P20216
EVODEX-N7873,[H]O[C@@]1([H])[C@@]([H])(O[H])[C@]([H])(N2:C([H]):C([H]):C(=O):N([H]):C:2=O)O[C@]1([H])C([H])([H])OP(=O)(O[H])O[P:8]([O:7])(=[O:9])[O:10]>>[H]O[C@@]1([H])[C@]([H])(O[H])[C@@]([H])(C([H])([H])O[P:8]([O:7])(=[O:9])[O:10])O[C@]([H])(OC([H])([H])[H])[C@@]1([H])O[H],EVODEX-P20217
EVODEX-N7874,[H]O[C@@]1([H])[C@@]([H])(O[H])[C@]([H])(N2:C([H]):C([H]):C(=O):N([H]):C:2=O)O[C@]1([H])C([H])([H])OP(=O)(O[H])O[P:54](=[O:55])([O:56])[O:57]>>[H]O[C@@]1([H])[C@]([H])(O[H])[C@@]([H])(C([H])([H])O[P:54](=[O:55])([O:56])[O:57])O[C@]([H])(OP(=O)(O[H])OP(=O)(O[H])OC([H])([H])[C@@]2([H])O[C@@]([H])(N3:C([H]):C([H]):C(=O):N([H]):C:3=O)[C@]([H])(O[H])[C@]2([H])O[H])[C@]1([H])N([H])C(=O)C([H])([H])[H],EVODEX-P20221
EVODEX-N7875,[H][O:35][C:34]>>[H]OC([H])([H])[C@@]1([H])O[C@]([H])(OP(=O)(O[H])[O:35][C:34])[C@]([H])(O[H])[C@@]([H])(O[H])[C@@]1([H])O[H],EVODEX-P20222
EVODEX-N7876,[H]OC(=O)[P:4]([O:3])(=[O:5])[O:6]>>[H][P:4]([O:3])(=[O:5])[O:6],EVODEX-P20224
EVODEX-N7877,[H][O:9][C:7]([P:4])=[O:8]>>[C:7](=[O:8])=[O:9].[H][P:4],"EVODEX-P20225,EVODEX-P20228"
EVODEX-N7878,[H]OC(=O)C(OP(=O)(O[H])[C:7](=[O:8])[O:9][H])=C([H])[H]>>[C:7](=[O:8])=[O:9],EVODEX-P20226
EVODEX-N7879,[H]OC(=O)[P:7]([C:6])(=[O:8])[O:9]>>[H][P:7]([C:6])(=[O:8])[O:9],EVODEX-P20227
EVODEX-N7880,[H]OC(=O)C(=O)C([H])([H])P(=O)(O[H])[C:10](=[O:11])[O:12][H]>>[C:10](=[O:11])=[O:12],EVODEX-P20229
EVODEX-N7881,[H]OC(=O)[C@@]([H])(OP(=O)(O[H])[O:7][P:8])C([H])([H])[H]>>[H][O:7][P:8],"EVODEX-P20231,EVODEX-P20237"
EVODEX-N7882,[H]O[C@@]1([H])[C@@]([H])(O[H])[C@]([H])(N2:C([H]):N:C3:C(=O):N([H]):C(N([H])[H]):N:C:3:2)O[C@]1([H])C([H])([H])OP(=O)(O[H])O[P:4]([O:3])(=[O:5])[O:6].[H][O:47][C:46]>>[O:3][P:4](=[O:5])([O:6])[O:47][C:46],EVODEX-P20232
EVODEX-N7883,[H][O:47][C:46]>>[H]OC(=O)[C@@]([H])(OP(=O)(O[H])[O:47][C:46])C([H])([H])[H],EVODEX-P20233
EVODEX-N7884,[H]O[C@@]1([H])[C@@]([H])(O[H])[C@]([H])(N2:C([H]):N:C3:C(=O):N([H]):C(N([H])[H]):N:C:3:2)O[C@]1([H])C([H])([H])OP(=O)(O[H])O[P:4]([O:3])(=[O:5])[O:6]>>[H]OC1:C([H]):C([H]):C2:C([H]):C3:C(=O):N([H]):C(=O):N:C3:N(C([H])([H])[C@]([H])(O[H])[C@]([H])(O[H])[C@]([H])(O[H])C([H])([H])O[P:4]([O:3])(=[O:5])[O:6]):C:2:C:1[H],EVODEX-P20234
EVODEX-N7885,>>[H]OC1:C([H]):C([H]):C2:C([H]):C3:C(=O):N([H]):C(=O):N:C3:N(C([H])([H])[C@]([H])(O[H])[C@]([H])(O[H])[C@]([H])(O[H])C([H])([H])O):C:2:C:1[H].[H],"EVODEX-P20235,EVODEX-P20240"
EVODEX-N7886,[H]O[C@@]1([H])[C@@]([H])(O[H])[C@]([H])(N2:C([H]):N:C3:C(N([H])[H]):N:C([H]):N:C:3:2)O[C@]1([H])C([H])([H])OP(=O)(O[H])O[P:4]([O:3])(=[O:5])[O:6]>>[H]OC1:C([H]):C([H]):C2:C([H]):C3:C(=O):N([H]):C(=O):N:C3:N(C([H])([H])[C@]([H])(O[H])[C@]([H])(O[H])[C@]([H])(O[H])C([H])([H])O[P:4]([O:3])(=[O:5])[O:6]):C:2:C:1[H],EVODEX-P20239
EVODEX-N7887,[H]OP(=O)(OC([H])([H])/C([H])=C(/C([H])([H])[H])C([H])([H])C([H])([H])/C([H])=C(/C([H])([H])[H])C([H])([H])C([H])([H])/C([H])=C(/C([H])([H])[H])C([H])([H])C([H])([H])/C([H])=C(/C([H])([H])[H])C([H])([H])C([H])([H])/C([H])=C(/C([H])([H])[H])C([H])([H])C([H])([H])/C([H])=C(/C([H])([H])[H])C([H])([H])C([H])([H])/C([H])=C(/C([H])([H])[H])C([H])([H])C([H])([H])/C([H])=C(/C([H])([H])[H])C([H])([H])C([H])([H])/C([H])=C(\C([H])([H])[H])C([H])([H])C([H])([H])/C([H])=C(\C([H])([H])[H])C([H])([H])C([H])([H])C([H])=C(C([H])([H])[H])C([H])([H])[H])O[P:8]([O:7])(=[O:9])[O:10]>>[H]O[C@@]1([H])[C@@]([H])(O[H])[C@]([H])(N2:C([H]):C([H]):C(=O):N([H]):C:2=O)O[C@]1([H])C([H])([H])OP(=O)(O[H])O[P:8]([O:7])(=[O:9])[O:10],EVODEX-P20249
EVODEX-N7888,[H][O:46][C:45]>>[H]O[C@@]1([H])[C@]([H])(O[H])[C@]([H])(O[H])[C@]([H])(OP(=O)(O[H])[O:46][C:45])[C@@]([H])(O[H])[C@]1([H])O[H],EVODEX-P20253
EVODEX-N7889,[H]O[C@@]1([H])[C@]([H])(O[H])[C@]([H])(O[H])[C@]([H])(OP(=O)(O[H])[O:14][P:11])[C@@]([H])(O[H])[C@]1([H])O[H]>>[H][O:14][P:11],EVODEX-P20255
EVODEX-N7890,[H]O[C@@]1([H])[C@@]([H])(O[H])[C@]([H])(N2:C([H]):C([H]):C(=O):N([H]):C:2=O)O[C@]1([H])C([H])([H])OP(=O)(O[H])O[P:8]([O:7])(=[O:9])[O:10]>>[H]OP(=O)(OC([H])([H])/C([H])=C(/C([H])([H])[H])C([H])([H])C([H])([H])/C([H])=C(/C([H])([H])[H])C([H])([H])C([H])([H])/C([H])=C(/C([H])([H])[H])C([H])([H])C([H])([H])/C([H])=C(/C([H])([H])[H])C([H])([H])C([H])([H])/C([H])=C(/C([H])([H])[H])C([H])([H])C([H])([H])/C([H])=C(/C([H])([H])[H])C([H])([H])C([H])([H])/C([H])=C(/C([H])([H])[H])C([H])([H])C([H])([H])/C([H])=C(/C([H])([H])[H])C([H])([H])C([H])([H])/C([H])=C(\C([H])([H])[H])C([H])([H])C([H])([H])C([H])=C(C([H])([H])[H])C([H])([H])[H])O[P:8]([O:7])(=[O:9])[O:10],EVODEX-P20260
EVODEX-N7891,[H]OP(=O)(OC([H])([H])/C([H])=C(/C([H])([H])[H])C([H])([H])C([H])([H])/C([H])=C(/C([H])([H])[H])C([H])([H])C([H])([H])/C([H])=C(/C([H])([H])[H])C([H])([H])C([H])([H])/C([H])=C(/C([H])([H])[H])C([H])([H])C([H])([H])/C([H])=C(/C([H])([H])[H])C([H])([H])C([H])([H])/C([H])=C(/C([H])([H])[H])C([H])([H])C([H])([H])/C([H])=C(/C([H])([H])[H])C([H])([H])C([H])([H])/C([H])=C(/C([H])([H])[H])C([H])([H])C([H])([H])/C([H])=C(\C([H])([H])[H])C([H])([H])C([H])([H])C([H])=C(C([H])([H])[H])C([H])([H])[H])O[P:8]([O:7])(=[O:9])[O:10].[H][O:86][P:84]>>[O:7][P:8](=[O:9])([O:10])[O:86][P:84],EVODEX-P20264
EVODEX-N7892,[H]OP(=O)(OC([H])([H])/C([H])=C(/C([H])([H])[H])C([H])([H])C([H])([H])/C([H])=C(/C([H])([H])[H])C([H])([H])C([H])([H])/C([H])=C(/C([H])([H])[H])C([H])([H])C([H])([H])/C([H])=C(/C([H])([H])[H])C([H])([H])C([H])([H])/C([H])=C(/C([H])([H])[H])C([H])([H])C([H])([H])/C([H])=C(/C([H])([H])[H])C([H])([H])C([H])([H])/C([H])=C(/C([H])([H])[H])C([H])([H])C([H])([H])/C([H])=C(/C([H])([H])[H])C([H])([H])C([H])([H])/C([H])=C(\C([H])([H])[H])C([H])([H])C([H])([H])C([H])=C(C([H])([H])[H])C([H])([H])[H])O[P:8]([O:7])(=[O:9])[O:10]>>[H]O[C@@]1([H])[C@@]([H])(O[H])[C@]([H])(N2:C([H]):C([H]):C(=O):N([H]):C:2=O)O[C@]1([H])C([H])([H])OP(=O)(O[H])O[P:8]([O:7])(=[O:9])[O:10],EVODEX-P20265
EVODEX-N7893,[H]O[C@]1([H])[C@@]([H])(N([H])C(=O)C([H])([H])[H])[C@@]([H])(OP(=O)(O[H])[O:11][P:12])O[C@]([H])(C([H])([H])[H])[C@@]1([H])N([H])C(=O)C([H])([H])[H]>>[H][O:11][P:12],EVODEX-P20268
EVODEX-N7894,[H][O:100][P:98]>>[H]O[C@]1([H])[C@@]([H])(N([H])C(=O)C([H])([H])[H])[C@@]([H])(OP(=O)(O[H])[O:100][P:98])O[C@]([H])(C([H])([H])[H])[C@@]1([H])N([H])C(=O)C([H])([H])[H],EVODEX-P20270
EVODEX-N7895,[H]OC([H])([H])[C@@]1([H])O[C@]([H])(OP(=O)(O[H])[O:68][P:69])[C@]([H])(N([H])[H])[C@@]([H])(O[H])[C@]1([H])N([H])[H]>>[H][O:68][P:69],EVODEX-P20274
EVODEX-N7896,[H][O:59][P:57]>>[H]OC([H])([H])[C@@]1([H])O[C@]([H])(OP(=O)(O[H])[O:59][P:57])[C@]([H])(N([H])[H])[C@@]([H])(O[H])[C@]1([H])N([H])[H],EVODEX-P20277
EVODEX-N7897,[H]OP(=O)(OC([H])([H])[C@@]([H])(OC([H])([H])C([H])([H])[C@]([H])(C([H])([H])[H])C([H])([H])C([H])([H])C([H])([H])[C@]([H])(C([H])([H])[H])C([H])([H])C([H])([H])C([H])([H])[C@]([H])(C([H])([H])[H])C([H])([H])C([H])([H])C([H])([H])C([H])(C([H])([H])[H])C([H])([H])[H])C([H])([H])OC([H])([H])C([H])([H])[C@]([H])(C([H])([H])[H])C([H])([H])C([H])([H])C([H])([H])[C@]([H])(C([H])([H])[H])C([H])([H])C([H])([H])C([H])([H])[C@]([H])(C([H])([H])[H])C([H])([H])C([H])([H])C([H])([H])C([H])(C([H])([H])[H])C([H])([H])[H])O[P:30](=[O:31])([O:32])[O:33].[H][O:74][C:73]>>[P:30](=[O:31])([O:32])([O:33])[O:74][C:73],EVODEX-P20280
EVODEX-N7898,[H]OP(=O)(OC([H])([H])[C@@]([H])(OC([H])([H])C([H])([H])[C@]([H])(C([H])([H])[H])C([H])([H])C([H])([H])C([H])([H])[C@]([H])(C([H])([H])[H])C([H])([H])C([H])([H])C([H])([H])[C@]([H])(C([H])([H])[H])C([H])([H])C([H])([H])C([H])([H])C([H])(C([H])([H])[H])C([H])([H])[H])C([H])([H])OC([H])([H])C([H])([H])[C@]([H])(C([H])([H])[H])C([H])([H])C([H])([H])C([H])([H])[C@]([H])(C([H])([H])[H])C([H])([H])C([H])([H])C([H])([H])[C@]([H])(C([H])([H])[H])C([H])([H])C([H])([H])C([H])([H])C([H])(C([H])([H])[H])C([H])([H])[H])O[P:30](=[O:31])([O:32])[O:33]>>[H]OC(=O)[C@@]([H])(N([H])[H])C([H])([H])O[P:30](=[O:31])([O:32])[O:33],EVODEX-P20282
EVODEX-N7899,[H]OP(=O)(OC([H])([H])[C@@]([H])(OC([H])([H])/C([H])=C(\C([H])([H])[H])C([H])([H])C([H])([H])/C([H])=C(\C([H])([H])[H])C([H])([H])C([H])([H])/C([H])=C(\C([H])([H])[H])C([H])([H])C([H])([H])C([H])=C(C([H])([H])[H])C([H])([H])[H])C([H])([H])OC([H])([H])/C([H])=C(\C([H])([H])[H])C([H])([H])C([H])([H])/C([H])=C(\C([H])([H])[H])C([H])([H])C([H])([H])/C([H])=C(\C([H])([H])[H])C([H])([H])C([H])([H])C([H])=C(C([H])([H])[H])C([H])([H])[H])O[P:30](=[O:31])([O:32])[O:33].[H][O:74][C:73]>>[P:30](=[O:31])([O:32])([O:33])[O:74][C:73],EVODEX-P20286
EVODEX-N7900,[H]OP(=O)(OC([H])([H])[C@@]([H])(OC([H])([H])/C([H])=C(\C([H])([H])[H])C([H])([H])C([H])([H])/C([H])=C(\C([H])([H])[H])C([H])([H])C([H])([H])/C([H])=C(\C([H])([H])[H])C([H])([H])C([H])([H])C([H])=C(C([H])([H])[H])C([H])([H])[H])C([H])([H])OC([H])([H])/C([H])=C(\C([H])([H])[H])C([H])([H])C([H])([H])/C([H])=C(\C([H])([H])[H])C([H])([H])C([H])([H])/C([H])=C(\C([H])([H])[H])C([H])([H])C([H])([H])C([H])=C(C([H])([H])[H])C([H])([H])[H])O[P:30](=[O:31])([O:32])[O:33]>>[H]OC(=O)[C@@]([H])(N([H])[H])C([H])([H])O[P:30](=[O:31])([O:32])[O:33],EVODEX-P20287
EVODEX-N7901,[H]OP(=O)(OC([H])([H])[C@@]([H])(OC([H])([H])C([H])([H])[C@]([H])(C([H])([H])[H])C([H])([H])C([H])([H])C([H])([H])[C@]([H])(C([H])([H])[H])C([H])([H])C([H])([H])C([H])([H])[C@]([H])(C([H])([H])[H])C([H])([H])C([H])([H])C([H])([H])C([H])(C([H])([H])[H])C([H])([H])[H])C([H])([H])OC([H])([H])C([H])([H])[C@]([H])(C([H])([H])[H])C([H])([H])C([H])([H])C([H])([H])[C@]([H])(C([H])([H])[H])C([H])([H])C([H])([H])C([H])([H])[C@]([H])(C([H])([H])[H])C([H])([H])C([H])([H])C([H])([H])C([H])(C([H])([H])[H])C([H])([H])[H])[O:29][P:30]>>[H][O:29][P:30],EVODEX-P20291
EVODEX-N7902,[H][O:80][C:79]>>[H]OP(=O)(OC([H])([H])[C@@]([H])(OC([H])([H])C([H])([H])[C@]([H])(C([H])([H])[H])C([H])([H])C([H])([H])C([H])([H])[C@]([H])(C([H])([H])[H])C([H])([H])C([H])([H])C([H])([H])[C@]([H])(C([H])([H])[H])C([H])([H])C([H])([H])C([H])([H])C([H])(C([H])([H])[H])C([H])([H])[H])C([H])([H])OC([H])([H])C([H])([H])[C@]([H])(C([H])([H])[H])C([H])([H])C([H])([H])C([H])([H])[C@]([H])(C([H])([H])[H])C([H])([H])C([H])([H])C([H])([H])[C@]([H])(C([H])([H])[H])C([H])([H])C([H])([H])C([H])([H])C([H])(C([H])([H])[H])C([H])([H])[H])[O:80][C:79],EVODEX-P20293
EVODEX-N7903,[H][O:33][C:32].[H]OP(=O)(OC([H])([H])[C@]([H])(OC(=O)C([H])([H])C([H])([H])C([H])([H])C([H])([H])C([H])([H])C([H])([H])C([H])([H])C([H])([H])C([H])([H])C([H])([H])C([H])([H])C([H])([H])C([H])([H])[H])C([H])([H])OC(=O)C([H])([H])C([H])([H])C([H])([H])C([H])([H])C([H])([H])C([H])([H])C([H])([H])C([H])([H])C([H])([H])C([H])([H])C([H])([H])C([H])([H])C([H])([H])[H])O[P:78](=[O:79])([O:80])[O:81]>>[C:32][O:33][P:78](=[O:79])([O:80])[O:81],EVODEX-P20298
EVODEX-N7904,[H]OP(=O)(OC([H])([H])[C@]([H])(OC(=O)C([H])([H])C([H])([H])C([H])([H])C([H])([H])C([H])([H])C([H])([H])C([H])([H])C([H])([H])C([H])([H])C([H])([H])C([H])([H])C([H])([H])C([H])([H])[H])C([H])([H])OC(=O)C([H])([H])C([H])([H])C([H])([H])C([H])([H])C([H])([H])C([H])([H])C([H])([H])C([H])([H])C([H])([H])C([H])([H])C([H])([H])C([H])([H])C([H])([H])[H])O[P:78](=[O:79])([O:80])[O:81]>>[H]OC([H])(C([H])([H])OP(=O)(O[H])OC([H])([H])C([H])(OC(=O)C([H])([H])C([H])([H])C([H])([H])C([H])([H])C([H])([H])C([H])([H])C([H])([H])/C([H])=C(/[H])C([H])([H])C([H])([H])C([H])([H])C([H])([H])C([H])([H])C([H])([H])C([H])([H])C([H])([H])[H])C([H])([H])OC(=O)C([H])([H])C([H])([H])C([H])([H])C([H])([H])C([H])([H])C([H])([H])C([H])([H])/C([H])=C(/[H])C([H])([H])C([H])([H])C([H])([H])C([H])([H])C([H])([H])C([H])([H])C([H])([H])C([H])([H])[H])C([H])([H])O[P:78](=[O:79])([O:80])[O:81],EVODEX-P20299
EVODEX-N7905,>>[H]OC([H])(C([H])([H])O)C([H])([H])OP(=O)(O[H])OC([H])([H])C([H])(OC(=O)C([H])([H])C([H])([H])C([H])([H])C([H])([H])C([H])([H])C([H])([H])C([H])([H])/C([H])=C(/[H])C([H])([H])C([H])([H])C([H])([H])C([H])([H])C([H])([H])C([H])([H])C([H])([H])C([H])([H])[H])C([H])([H])OC(=O)C([H])([H])C([H])([H])C([H])([H])C([H])([H])C([H])([H])C([H])([H])C([H])([H])/C([H])=C(/[H])C([H])([H])C([H])([H])C([H])([H])C([H])([H])C([H])([H])C([H])([H])C([H])([H])C([H])([H])[H].[H],EVODEX-P20301
EVODEX-N7906,[H]OP(=O)(OC([H])([H])C([H])(OC(=O)C([H])([H])C([H])([H])C([H])([H])C([H])([H])C([H])([H])C([H])([H])C([H])([H])/C([H])=C(\[H])C([H])([H])C([H])([H])C([H])([H])C([H])([H])C([H])([H])C([H])([H])C([H])([H])C([H])([H])[H])C([H])([H])OC(=O)C([H])([H])C([H])([H])C([H])([H])C([H])([H])C([H])([H])C([H])([H])C([H])([H])/C([H])=C(\[H])C([H])([H])C([H])([H])C([H])([H])C([H])([H])C([H])([H])C([H])([H])C([H])([H])C([H])([H])[H])[O:81][P:82]>>[H][O:81][P:82],EVODEX-P20303
EVODEX-N7907,[H]N=C1:C([H]):C([H]):N([C@]2([H])O[C@]([H])(C([H])([H])OP(=O)(O[H])O[P:78]([O:77])(=[O:79])[O:80])[C@@]([H])(O[H])[C@@]2([H])O[H]):C(=O):N:1[H]>>[H]O[C@@]([H])(C([H])([H])OP(=O)(O[H])OC([H])([H])[C@@]([H])(OC(=O)C([H])([H])C([H])([H])C([H])([H])C([H])([H])C([H])([H])C([H])([H])C([H])([H])/C([H])=C(/[H])C([H])([H])/C([H])=C(/[H])C([H])([H])C([H])([H])C([H])([H])C([H])([H])C([H])([H])[H])C([H])([H])OC(=O)C([H])([H])C([H])([H])C([H])([H])C([H])([H])C([H])([H])C([H])([H])C([H])([H])/C([H])=C(/[H])C([H])([H])/C([H])=C(/[H])C([H])([H])C([H])([H])C([H])([H])C([H])([H])C([H])([H])[H])C([H])([H])O[P:78]([O:77])(=[O:79])[O:80],EVODEX-P20305
EVODEX-N7908,[H][O:33][C:32]>>[H]OP(=O)(OC([H])([H])C([H])(OC(=O)C([H])([H])C([H])([H])C([H])([H])C([H])([H])C([H])([H])C([H])([H])C([H])([H])/C([H])=C(\[H])C([H])([H])C([H])([H])C([H])([H])C([H])([H])C([H])([H])C([H])([H])C([H])([H])C([H])([H])[H])C([H])([H])OC(=O)C([H])([H])C([H])([H])C([H])([H])C([H])([H])C([H])([H])C([H])([H])C([H])([H])/C([H])=C(\[H])C([H])([H])C([H])([H])C([H])([H])C([H])([H])C([H])([H])C([H])([H])C([H])([H])C([H])([H])[H])[O:33][C:32],EVODEX-P20306
EVODEX-N7909,>>[H]O[C@]([H])(C([H])([H])O)C([H])([H])OP(=O)(O[H])OC([H])([H])[C@@]([H])(OC(=O)C([H])([H])C([H])([H])C([H])([H])C([H])([H])C([H])([H])C([H])([H])C([H])([H])/C([H])=C(/[H])C([H])([H])/C([H])=C(/[H])C([H])([H])C([H])([H])C([H])([H])C([H])([H])C([H])([H])[H])C([H])([H])OC(=O)C([H])([H])C([H])([H])C([H])([H])C([H])([H])C([H])([H])C([H])([H])C([H])([H])/C([H])=C(/[H])C([H])([H])/C([H])=C(/[H])C([H])([H])C([H])([H])C([H])([H])C([H])([H])C([H])([H])[H].[H],EVODEX-P20307
EVODEX-N7910,[H]C([H])([H])C([H])([H])C([H])([H])C([H])([H])C([H])([H])C([H])([H])C([H])([H])C([H])([H])C([H])([H])C([H])([H])C([H])([H])C([H])([H])C([H])([H])C([H])([H])C([H])([H])C(=O)OC([H])([H])[C@@]([H])(OC(=O)C([H])([H])C([H])([H])C([H])([H])C([H])([H])C([H])([H])C([H])([H])C([H])([H])C([H])([H])C([H])([H])C([H])([H])C([H])([H])C([H])([H])C([H])([H])C([H])([H])C([H])([H])[H])C([H])([H])O[P:146](=[O:147])([O:148])[O:149].[H][O:74][P:72]>>[P:72][O:74][P:146](=[O:147])([O:148])[O:149],"EVODEX-P20309,EVODEX-P20315"
EVODEX-N7911,[H]C([H])([H])C([H])([H])C([H])([H])C([H])([H])C([H])([H])C([H])([H])C([H])([H])C([H])([H])C([H])([H])C([H])([H])C([H])([H])C([H])([H])C([H])([H])C([H])([H])C([H])([H])C(=O)OC([H])([H])[C@@]([H])(OC(=O)C([H])([H])C([H])([H])C([H])([H])C([H])([H])C([H])([H])C([H])([H])C([H])([H])C([H])([H])C([H])([H])C([H])([H])C([H])([H])C([H])([H])C([H])([H])C([H])([H])C([H])([H])[H])C([H])([H])O[P:146](=[O:147])([O:148])[O:149]>>[H]OC([H])([H])[C@@]1([H])O[C@@]([H])(OC([H])([H])[C@@]2([H])O[C@]([H])(OP(=O)(O[H])O[P:146](=[O:147])([O:148])[O:149])[C@]([H])(N([H])C(=O)C([H])([H])[C@]([H])(O[H])C([H])([H])C([H])([H])C([H])([H])C([H])([H])C([H])([H])C([H])([H])C([H])([H])C([H])([H])C([H])([H])C([H])([H])C([H])([H])[H])[C@@]([H])(OC(=O)C([H])([H])[C@]([H])(O[H])C([H])([H])C([H])([H])C([H])([H])C([H])([H])C([H])([H])C([H])([H])C([H])([H])C([H])([H])C([H])([H])C([H])([H])C([H])([H])[H])[C@]2([H])O[H])[C@]([H])(N([H])C(=O)C([H])([H])[C@]([H])(OC(=O)C([H])([H])C([H])([H])C([H])([H])C([H])([H])C([H])([H])C([H])([H])C([H])([H])C([H])([H])C([H])([H])C([H])([H])C([H])([H])[H])C([H])([H])C([H])([H])C([H])([H])C([H])([H])C([H])([H])C([H])([H])C([H])([H])C([H])([H])C([H])([H])C([H])([H])C([H])([H])[H])[C@@]([H])(OC(=O)C([H])([H])[C@]([H])(OC(=O)C([H])([H])C([H])([H])C([H])([H])C([H])([H])C([H])([H])C([H])([H])C([H])([H])C([H])([H])C([H])([H])C([H])([H])C([H])([H])C([H])([H])C([H])([H])[H])C([H])([H])C([H])([H])C([H])([H])C([H])([H])C([H])([H])C([H])([H])C([H])([H])C([H])([H])C([H])([H])C([H])([H])C([H])([H])[H])[C@]1([H])OP(=O)(O[H])O[H],EVODEX-P20311
EVODEX-N7912,[H]C([H])([H])C([H])([H])C([H])([H])C([H])([H])C([H])([H])C([H])([H])C([H])([H])C([H])([H])C([H])([H])C([H])([H])C([H])([H])C([H])([H])C([H])([H])C([H])([H])C([H])([H])C(=O)OC([H])([H])[C@@]([H])(OC(=O)C([H])([H])C([H])([H])C([H])([H])C([H])([H])C([H])([H])C([H])([H])C([H])([H])C([H])([H])C([H])([H])C([H])([H])C([H])([H])C([H])([H])C([H])([H])C([H])([H])C([H])([H])[H])C([H])([H])O[P:146](=[O:147])([O:148])[O:149]>>[H]OC([H])([H])[C@@]1([H])O[C@@]([H])(OC([H])([H])[C@@]2([H])O[C@]([H])(OP(=O)(O[H])O[H])[C@]([H])(N([H])C(=O)C([H])([H])[C@]([H])(O[H])C([H])([H])C([H])([H])C([H])([H])C([H])([H])C([H])([H])C([H])([H])C([H])([H])C([H])([H])C([H])([H])C([H])([H])C([H])([H])[H])[C@@]([H])(OC(=O)C([H])([H])[C@]([H])(O[H])C([H])([H])C([H])([H])C([H])([H])C([H])([H])C([H])([H])C([H])([H])C([H])([H])C([H])([H])C([H])([H])C([H])([H])C([H])([H])[H])[C@]2([H])O[H])[C@]([H])(N([H])C(=O)C([H])([H])[C@]([H])(OC(=O)C([H])([H])C([H])([H])C([H])([H])C([H])([H])C([H])([H])C([H])([H])C([H])([H])C([H])([H])C([H])([H])C([H])([H])C([H])([H])[H])C([H])([H])C([H])([H])C([H])([H])C([H])([H])C([H])([H])C([H])([H])C([H])([H])C([H])([H])C([H])([H])C([H])([H])C([H])([H])[H])[C@@]([H])(OC(=O)C([H])([H])[C@]([H])(OC(=O)C([H])([H])C([H])([H])C([H])([H])C([H])([H])C([H])([H])C([H])([H])C([H])([H])C([H])([H])C([H])([H])C([H])([H])C([H])([H])C([H])([H])C([H])([H])[H])C([H])([H])C([H])([H])C([H])([H])C([H])([H])C([H])([H])C([H])([H])C([H])([H])C([H])([H])C([H])([H])C([H])([H])C([H])([H])[H])[C@]1([H])OP(=O)(O[H])O[P:146](=[O:147])([O:148])[O:149],EVODEX-P20317
EVODEX-N7913,[H][C:1]([C:2](=[O:3])[C:4])([H:39])[H:40].[O:21][P:22](=[O:23])([O:24])[O:25].[O:29][P:30](=[O:31])([O:32])[O:33].[H][O:38][H:59]>>[C:1](=[C:2]([O:3][P:30](=[O:31])([O:32])[O:33])[C:4])([H:39])[H:40].[O:21][P:22](=[O:23])([O:24])[O:38][H:59].[H][O:25].[H][O:29],EVODEX-P20319
EVODEX-N7914,[H][C:1]([C:2](=[O:3])[C:4])([H:39])[H:40].[H]OP(=O)(O[P:22]([O:21])(=[O:23])[O:24])O[P:30](=[O:31])([O:32])[O:33].[H][O:38][H:59]>>[C:1](=[C:2]([O:3][P:30](=[O:31])([O:32])[O:33])[C:4])([H:39])[H:40].[O:21][P:22](=[O:23])([O:24])[O:38][H:59],EVODEX-P20320
EVODEX-N7915,[H][O:38][H:59]>>[H]O[C@@]1([H])[C@@]([H])(O[H])[C@]([H])(N2:C([H]):N:C3:C(N([H])[H]):N:C([H]):N:C:3:2)O[C@]1([H])C([H])([H])OP(=O)(O[H])[O:38][H:59],EVODEX-P20321
EVODEX-N7916,[H][C:1]([C:2](=[O:3])[C:4])([H:39])[H:40].[H][O:38][H:59]>>[H]OP(=O)(O[H])[O:3][C:2](=[C:1]([H:39])[H:40])[C:4].[H]O[C@@]1([H])[C@@]([H])(O[H])[C@]([H])(N2:C([H]):N:C3:C(N([H])[H]):N:C([H]):N:C:3:2)O[C@]1([H])C([H])([H])OP(=O)(O[H])[O:38][H:59],EVODEX-P20322
EVODEX-N7917,[H][C:1]([C:2](=[O:3])[C:4])([H:39])[H:40].[H]O[C@@]1([H])[C@@]([H])(O[H])[C@]([H])(N2:C([H]):N:C3:C(N([H])[H]):N:C([H]):N:C:3:2)O[C@]1([H])C([H])([H])OP(=O)(O[H])OP(=O)(O[H])O[P:30](=[O:31])([O:32])[O:33]>>[C:1](=[C:2]([O:3][P:30](=[O:31])([O:32])[O:33])[C:4])([H:39])[H:40],EVODEX-P20323
EVODEX-N7918,[H][C:1]([C:2](=[O:3])[C:4])([H:39])[H:40].[H]OP(=O)(O[P:22]([O:21])(=[O:23])[O:24])O[P:30](=[O:31])([O:32])[O:33]>>[C:1](=[C:2]([O:3][P:30](=[O:31])([O:32])[O:33])[C:4])([H:39])[H:40].[H]O[P:22]([O:21])(=[O:23])[O:24],EVODEX-P20325
EVODEX-N7919,[O:21][P:22](=[O:23])([O:24])[O:25].[H][O:38][H:59]>>[H]OC(=O)C(O)=C([H])[H].[O:21][P:22](=[O:23])([O:24])[O:38][H:59].[H].[H][O:25],EVODEX-P20326
EVODEX-N7920,[H][C:1]([C:2](=[O:3])[C:4])([H:39])[H:40].[H]O[C@@]1([H])[C@@]([H])(O[H])[C@]([H])(N2:C([H]):N:C3:C(N([H])[H]):N:C([H]):N:C:3:2)O[C@]1([H])C([H])([H])OP(=O)(O[H])[O:25][P:26][O:29][P:30](=[O:31])([O:32])[O:33]>>[C:1](=[C:2]([O:3][P:30](=[O:31])([O:32])[O:33])[C:4])([H:39])[H:40].[H][O:25][P:26][O:29][H],EVODEX-P20327
EVODEX-N7921,[H]OP(=O)(O[P:22]([O:21])(=[O:23])[O:24])O[P:30](=[O:31])([O:32])[O:33].[H][O:38][H:59]>>[H]OC(=O)C(O[P:30](=[O:31])([O:32])[O:33])=C([H])[H].[O:21][P:22](=[O:23])([O:24])[O:38][H:59],EVODEX-P20328
EVODEX-N7922,[H]O[C@@]1([H])[C@@]([H])(O[H])[C@]([H])(N2:C([H]):N:C3:C(N([H])[H]):N:C([H]):N:C:3:2)O[C@]1([H])C([H])([H])OP(=O)(O[H])OP(=O)(O[H])O[P:30](=[O:31])([O:32])[O:33]>>[H]OC(=O)C(O[P:30](=[O:31])([O:32])[O:33])=C([H])[H],EVODEX-P20329
EVODEX-N7923,>>[H]OC(=O)C(O)=C([H])[H].[H]O.[H].[H],EVODEX-P20330
EVODEX-N7924,[H]OP(=O)(O[H])[O:29][P:26][O:25][P:22]([O:21])(=[O:23])[O:24].[H][O:38][H:59]>>[O:21][P:22](=[O:23])([O:24])[O:38][H:59].[H][O:25][P:26][O:29][H],EVODEX-P20331
EVODEX-N7925,[H]OP(=O)(O[P:22]([O:21])(=[O:23])[O:24])O[P:30](=[O:31])([O:32])[O:33]>>[H]OC(=O)C(O[P:30](=[O:31])([O:32])[O:33])=C([H])[H].[H]O[P:22]([O:21])(=[O:23])[O:24],EVODEX-P20332
EVODEX-N7926,[H]O[C@@]1([H])[C@@]([H])(O[H])[C@]([H])(N2:C([H]):N:C3:C(N([H])[H]):N:C([H]):N:C:3:2)O[C@]1([H])C([H])([H])OP(=O)(O[H])[O:25][P:26]>>[H]OC(=O)C(O)=C([H])[H].[H].[H][O:25][P:26],EVODEX-P20333
EVODEX-N7927,[H]OP(=O)(O[H])[O:29][P:26]>>[H]O.[H].[H][O:29][P:26],EVODEX-P20334
EVODEX-N7928,[C:1](=[C:2]([O:3][P:4](=[O:5])([O:6])[O:7])[C:8])([H:39])[H:40].[O:25][P:26](=[O:27])([O:28])[O:29].[H][O:36][P:35][O:37][H]>>[H][C:1]([C:2](=[O:3])[C:8])([H:39])[H:40].[H][O:28].[P:4](=[O:5])([O:6])([O:7])[O:36][P:35][O:37][P:26]([O:25])(=[O:27])[O:29],EVODEX-P20336
EVODEX-N7929,[H]OC(=O)C(O[P:4](=[O:5])([O:6])[O:7])=C([H])[H].[H]O[P:26]([O:25])(=[O:27])[O:29].[H][O:36][P:35][O:37][H]>>[P:4](=[O:5])([O:6])([O:7])[O:36][P:35][O:37][P:26]([O:25])(=[O:27])[O:29],EVODEX-P20337
EVODEX-N7930,[H]O[C@@]1([H])[C@@]([H])(O[H])[C@]([H])(N2:C([H]):N:C3:C(N([H])[H]):N:C([H]):N:C:3:2)O[C@]1([H])C([H])([H])OP(=O)(O[H])[O:28][H:52]>>[H][O:28][H:52],EVODEX-P20338
EVODEX-N7931,[C:1](=[C:2]([O:3][P:4](=[O:5])([O:6])[O:7])[C:8])([H:39])[H:40].[H]O[P:26]([O:25])(=[O:27])[O:29].[H][O:36][P:35][O:37][H]>>[H][C:1]([C:2](=[O:3])[C:8])([H:39])[H:40].[P:4](=[O:5])([O:6])([O:7])[O:36][P:35][O:37][P:26]([O:25])(=[O:27])[O:29],EVODEX-P20339
EVODEX-N7932,[H]OC(=O)C(O[P:4](=[O:5])([O:6])[O:7])=C([H])[H].[O:25][P:26](=[O:27])([O:28])[O:29].[H][O:36][P:35][O:37][H]>>[H][O:28].[P:4](=[O:5])([O:6])([O:7])[O:36][P:35][O:37][P:26]([O:25])(=[O:27])[O:29],EVODEX-P20340
EVODEX-N7933,[H]OC(=O)C(O[P:4](=[O:5])([O:6])[O:7])=C([H])[H].[H][O:36][P:35][O:37][H]>>[H]O[C@@]1([H])[C@@]([H])(O[H])[C@]([H])(N2:C([H]):N:C3:C(N([H])[H]):N:C([H]):N:C:3:2)O[C@]1([H])C([H])([H])OP(=O)(O[H])[O:37][P:35][O:36][P:4](=[O:5])([O:6])[O:7],EVODEX-P20341
EVODEX-N7934,[H]OC(=O)C(O[P:4](=[O:5])([O:6])[O:7])=C([H])[H]>>[H]O[C@@]1([H])[C@@]([H])(O[H])[C@]([H])(N2:C([H]):N:C3:C(N([H])[H]):N:C([H]):N:C:3:2)O[C@]1([H])C([H])([H])OP(=O)(O[H])OP(=O)(O[H])O[P:4](=[O:5])([O:6])[O:7],EVODEX-P20342
EVODEX-N7935,[C:1](=[C:2]([O:3][P:4](=[O:5])([O:6])[O:7])[C:8])([H:39])[H:40].[H][O:36][P:35][O:37][H]>>[H][C:1]([C:2](=[O:3])[C:8])([H:39])[H:40].[H]O[C@@]1([H])[C@@]([H])(O[H])[C@]([H])(N2:C([H]):N:C3:C(N([H])[H]):N:C([H]):N:C:3:2)O[C@]1([H])C([H])([H])OP(=O)(O[H])[O:37][P:35][O:36][P:4](=[O:5])([O:6])[O:7],EVODEX-P20343
EVODEX-N7936,[C:1](=[C:2]([O:3][P:4])[C:8])([H:39])[H:40]>>[H][C:1]([C:2](=[O:3])[C:8])([H:39])[H:40].[H]O[C@@]1([H])[C@@]([H])(O[H])[C@]([H])(N2:C([H]):N:C3:C(N([H])[H]):N:C([H]):N:C:3:2)O[C@]1([H])C([H])([H])OP(=O)(O[H])OP(=O)(O[H])O[P:4],EVODEX-P20344
EVODEX-N7937,[C:1](=[C:2]([O:3][P:4])[C:8])([H:39])[H:40]>>[H][C:1]([C:2](=[O:3])[C:8])([H:39])[H:40].[H].[H]OP(O)(=O)O[P:4],EVODEX-P20345
EVODEX-N7938,[H]OC(=O)C(O[P:4](=[O:5])([O:6])[O:7])=C([H])[H].[H]O[P:26]([O:25])(=[O:27])[O:29]>>[H]OP(=O)(O[P:4](=[O:5])([O:6])[O:7])O[P:26]([O:25])(=[O:27])[O:29],EVODEX-P20346
EVODEX-N7939,[H]OP(=O)(O[H])[O:3][C:2](=[C:1]([H:39])[H:40])[C:8].[H]O[C@@]1([H])[C@@]([H])(O[H])[C@]([H])(N2:C([H]):N:C3:C(N([H])[H]):N:C([H]):N:C:3:2)O[C@]1([H])C([H])([H])OP(=O)(O[H])[O:28][H:52]>>[H][C:1]([C:2](=[O:3])[C:8])([H:39])[H:40].[H][O:28][H:52],EVODEX-P20347
EVODEX-N7940,[H]O[P:26]([O:25])(=[O:27])[O:29].[H][O:36][P:35][O:37][H]>>[H]OP(=O)(O[H])[O:36][P:35][O:37][P:26]([O:25])(=[O:27])[O:29],EVODEX-P20348
EVODEX-N7941,[C:1](=[C:2]([O:3][P:4])[C:8])([H:39])[H:40].[H]O[P:26]([O:25])(=[O:27])[O:29]>>[H][C:1]([C:2](=[O:3])[C:8])([H:39])[H:40].[H]OP(=O)(O[P:4])O[P:26]([O:25])(=[O:27])[O:29],EVODEX-P20349
EVODEX-N7942,[H]OC(=O)C(O[P:4](=[O:5])([O:6])[O:7])=C([H])[H]>>[H].[H]OP(O)(=O)O[P:4](=[O:5])([O:6])[O:7],"EVODEX-P20350,EVODEX-P29608"
EVODEX-N7943,[O:25][P:26](=[O:27])([O:28])[O:29].[H][O:36][P:35][O:37][H]>>[H][O:28].[H]OP(=O)(O[H])[O:36][P:35][O:37][P:26]([O:25])(=[O:27])[O:29],EVODEX-P20351
EVODEX-N7944,[H][O:46][C:45].[O:78][P:79](=[O:80])([O:81])[O:82].[H][O:91][H:166]>>[C:45][O:46][P:79](=[O:80])([O:81])[O:91][H:166].[H][O:78].[H][O:82],EVODEX-P20353
EVODEX-N7945,[H][O:46][C:45].[H]OP(=O)(O[H])O[P:79]([O:78])(=[O:80])[O:81].[H][O:91][H:166]>>[C:45][O:46][P:79](=[O:80])([O:81])[O:91][H:166].[H][O:78],EVODEX-P20354
EVODEX-N7946,[H][O:46][C:45].[H][O:91][H:166]>>[H]OP(=O)([O:46][C:45])[O:91][H:166],EVODEX-P20355
EVODEX-N7947,[H][O:46][C:45].[H]O[C@@]1([H])[C@@]([H])(O[H])[C@]([H])(N2:C([H]):N:C3:C(N([H])[H]):N:C([H]):N:C:3:2)O[C@]1([H])C([H])([H])OP(=O)(O[H])O[P:79](=[O:80])([O:81])[O:82].[H][O:91][H:166]>>[C:45][O:46][P:79](=[O:80])([O:81])[O:91][H:166].[H][O:82],EVODEX-P20357
EVODEX-N7948,[H]O[C@@]1([H])[C@@]([H])(O[H])[C@]([H])(N2:C([H]):N:C3:C(N([H])[H]):N:C([H]):N:C:3:2)O[C@]1([H])C([H])([H])OP(=O)(O[H])O[P:79](OP(=O)(O[H])O[H])(=[O:80])[O:81].[H][O:91][H:166]>>[H]OC1:C2:C(/C([H])=N/N3C([H])([H])C([H])([H])N(C([H])([H])[H])C([H])([H])C3([H])[H]):C(O[H]):C3:C4:C(:C(C([H])([H])[H]):C(O[H]):C:1:3)O[C@](C([H])([H])[H])(OC([H])=C([H])[C@]([H])(OC([H])([H])[H])[C@@]([H])(C([H])([H])[H])[C@]([H])(OC(=O)C([H])([H])[H])[C@]([H])(C([H])([H])[H])[C@]([H])(O[H])[C@]([H])(C([H])([H])[H])[C@@]([H])(O[P:79](=[O:80])([O:81])[O:91][H:166])[C@@]([H])(C([H])([H])[H])C([H])=C([H])C([H])=C(C([H])([H])[H])C(=O)N2[H])C4=O,EVODEX-P20360
EVODEX-N7949,[H][O:46][C:45].[H]OP(=O)(O[H])O[P:79]([O:78])(=[O:80])[O:81]>>[H]O[P:79]([O:46][C:45])(=[O:80])[O:81].[H][O:78],EVODEX-P20361
EVODEX-N7950,[O:78][P:79](=[O:80])([O:81])[O:82].[H][O:91][H:166]>>[H]OC1:C2:C(/C([H])=N/N3C([H])([H])C([H])([H])N(C([H])([H])[H])C([H])([H])C3([H])[H]):C(O[H]):C3:C4:C(:C(C([H])([H])[H]):C(O[H]):C:1:3)O[C@](C([H])([H])[H])(OC([H])=C([H])[C@]([H])(OC([H])([H])[H])[C@@]([H])(C([H])([H])[H])[C@]([H])(OC(=O)C([H])([H])[H])[C@]([H])(C([H])([H])[H])[C@]([H])(O[H])[C@]([H])(C([H])([H])[H])[C@@]([H])(O[P:79](=[O:80])([O:81])[O:91][H:166])[C@@]([H])(C([H])([H])[H])C([H])=C([H])C([H])=C(C([H])([H])[H])C(=O)N2[H])C4=O.[H][O:78].[H][O:82],EVODEX-P20362
EVODEX-N7951,[H][O:46][C:45].[H]O[C@@]1([H])[C@@]([H])(O[H])[C@]([H])(N2:C([H]):N:C3:C(N([H])[H]):N:C([H]):N:C:3:2)O[C@]1([H])C([H])([H])OP(=O)(O[H])O[P:79](=[O:80])([O:81])[O:82]>>[H]O[P:79]([O:46][C:45])(=[O:80])[O:81].[H][O:82],EVODEX-P20363
EVODEX-N7952,[H]OP(=O)(O[H])O[P:79]([O:78])(=[O:80])[O:81].[H][O:91][H:166]>>[H]OC1:C2:C(/C([H])=N/N3C([H])([H])C([H])([H])N(C([H])([H])[H])C([H])([H])C3([H])[H]):C(O[H]):C3:C4:C(:C(C([H])([H])[H]):C(O[H]):C:1:3)O[C@](C([H])([H])[H])(OC([H])=C([H])[C@]([H])(OC([H])([H])[H])[C@@]([H])(C([H])([H])[H])[C@]([H])(OC(=O)C([H])([H])[H])[C@]([H])(C([H])([H])[H])[C@]([H])(O[H])[C@]([H])(C([H])([H])[H])[C@@]([H])(O[P:79](=[O:80])([O:81])[O:91][H:166])[C@@]([H])(C([H])([H])[H])C([H])=C([H])C([H])=C(C([H])([H])[H])C(=O)N2[H])C4=O.[H][O:78],EVODEX-P20364
EVODEX-N7953,[H]O[C@@]1([H])[C@@]([H])(O[H])[C@]([H])(N2:C([H]):N:C3:C(N([H])[H]):N:C([H]):N:C:3:2)O[C@]1([H])C([H])([H])OP(=O)(O[H])O[P:79](OP(=O)(O[H])O[H])(=[O:80])[O:81]>>[H]OC1:C2:C(/C([H])=N/N3C([H])([H])C([H])([H])N(C([H])([H])[H])C([H])([H])C3([H])[H]):C(O[H]):C3:C4:C(:C(C([H])([H])[H]):C(O[H]):C:1:3)O[C@](C([H])([H])[H])(OC([H])=C([H])[C@]([H])(OC([H])([H])[H])[C@@]([H])(C([H])([H])[H])[C@]([H])(OC(=O)C([H])([H])[H])[C@]([H])(C([H])([H])[H])[C@]([H])(O[H])[C@]([H])(C([H])([H])[H])[C@@]([H])(O[P:79](O[H])(=[O:80])[O:81])[C@@]([H])(C([H])([H])[H])C([H])=C([H])C([H])=C(C([H])([H])[H])C(=O)N2[H])C4=O,EVODEX-P20365
EVODEX-N7954,>>[H]O.[H]OC1:C2:C(/C([H])=N/N3C([H])([H])C([H])([H])N(C([H])([H])[H])C([H])([H])C3([H])[H]):C(O[H]):C3:C4:C(:C(C([H])([H])[H]):C(O[H]):C:1:3)O[C@](C([H])([H])[H])(OC([H])=C([H])[C@]([H])(OC([H])([H])[H])[C@@]([H])(C([H])([H])[H])[C@]([H])(OC(=O)C([H])([H])[H])[C@]([H])(C([H])([H])[H])[C@]([H])(O[H])[C@]([H])(C([H])([H])[H])[C@@]([H])(O)[C@@]([H])(C([H])([H])[H])C([H])=C([H])C([H])=C(C([H])([H])[H])C(=O)N2[H])C4=O.[H].[H],EVODEX-P20366
EVODEX-N7955,[H]O[C@@]1([H])[C@@]([H])(O[H])[C@]([H])(N2:C([H]):N:C3:C(N([H])[H]):N:C([H]):N:C:3:2)O[C@]1([H])C([H])([H])OP(=O)(O[H])O[P:79](=[O:80])([O:81])[O:82].[H][O:91][H:166]>>[H]OC1:C2:C(/C([H])=N/N3C([H])([H])C([H])([H])N(C([H])([H])[H])C([H])([H])C3([H])[H]):C(O[H]):C3:C4:C(:C(C([H])([H])[H]):C(O[H]):C:1:3)O[C@](C([H])([H])[H])(OC([H])=C([H])[C@]([H])(OC([H])([H])[H])[C@@]([H])(C([H])([H])[H])[C@]([H])(OC(=O)C([H])([H])[H])[C@]([H])(C([H])([H])[H])[C@]([H])(O[H])[C@]([H])(C([H])([H])[H])[C@@]([H])(O[P:79](=[O:80])([O:81])[O:91][H:166])[C@@]([H])(C([H])([H])[H])C([H])=C([H])C([H])=C(C([H])([H])[H])C(=O)N2[H])C4=O.[H][O:82],EVODEX-P20367
EVODEX-N7956,[H]OP(=O)(O[H])O[P:79]([O:78])(=[O:80])[O:81]>>[H]OC1:C2:C(/C([H])=N/N3C([H])([H])C([H])([H])N(C([H])([H])[H])C([H])([H])C3([H])[H]):C(O[H]):C3:C4:C(:C(C([H])([H])[H]):C(O[H]):C:1:3)O[C@](C([H])([H])[H])(OC([H])=C([H])[C@]([H])(OC([H])([H])[H])[C@@]([H])(C([H])([H])[H])[C@]([H])(OC(=O)C([H])([H])[H])[C@]([H])(C([H])([H])[H])[C@]([H])(O[H])[C@]([H])(C([H])([H])[H])[C@@]([H])(O[P:79](O[H])(=[O:80])[O:81])[C@@]([H])(C([H])([H])[H])C([H])=C([H])C([H])=C(C([H])([H])[H])C(=O)N2[H])C4=O.[H][O:78],EVODEX-P20368
EVODEX-N7957,[H][O:91][H:166]>>[H]OC1:C2:C(/C([H])=N/N3C([H])([H])C([H])([H])N(C([H])([H])[H])C([H])([H])C3([H])[H]):C(O[H]):C3:C4:C(:C(C([H])([H])[H]):C(O[H]):C:1:3)O[C@](C([H])([H])[H])(OC([H])=C([H])[C@]([H])(OC([H])([H])[H])[C@@]([H])(C([H])([H])[H])[C@]([H])(OC(=O)C([H])([H])[H])[C@]([H])(C([H])([H])[H])[C@]([H])(O[H])[C@]([H])(C([H])([H])[H])[C@@]([H])(OP(=O)(O[H])[O:91][H:166])[C@@]([H])(C([H])([H])[H])C([H])=C([H])C([H])=C(C([H])([H])[H])C(=O)N2[H])C4=O,EVODEX-P20369
EVODEX-N7958,[H]O[C@@]1([H])[C@@]([H])(O[H])[C@]([H])(N2:C([H]):N:C3:C(N([H])[H]):N:C([H]):N:C:3:2)O[C@]1([H])C([H])([H])OP(=O)(O[H])O[P:79](=[O:80])([O:81])[O:82]>>[H]OC1:C2:C(/C([H])=N/N3C([H])([H])C([H])([H])N(C([H])([H])[H])C([H])([H])C3([H])[H]):C(O[H]):C3:C4:C(:C(C([H])([H])[H]):C(O[H]):C:1:3)O[C@](C([H])([H])[H])(OC([H])=C([H])[C@]([H])(OC([H])([H])[H])[C@@]([H])(C([H])([H])[H])[C@]([H])(OC(=O)C([H])([H])[H])[C@]([H])(C([H])([H])[H])[C@]([H])(O[H])[C@]([H])(C([H])([H])[H])[C@@]([H])(O[P:79](O[H])(=[O:80])[O:81])[C@@]([H])(C([H])([H])[H])C([H])=C([H])C([H])=C(C([H])([H])[H])C(=O)N2[H])C4=O.[H][O:82],EVODEX-P20370
EVODEX-N7959,[H][O:46][C:45].[H]O[C@@]1([H])[C@@]([H])(O[H])[C@]([H])(N2:C([H]):N:C3:C(N([H])[H]):N:C([H]):N:C:3:2)O[C@]1([H])C([H])([H])OP(=O)(O[H])O[P:79](OP(=O)(O[H])O[H])(=[O:80])[O:81].[H][O:91][H:166]>>[C:45][O:46][P:79](=[O:80])([O:81])[O:91][H:166],EVODEX-P20371
EVODEX-N7960,[H]O[C@@]1([H])[C@@]([H])(O[H])[C@]([H])(N2:C([H]):N:C3:C(N([H])[H]):N:C([H]):N:C:3:2)O[C@]1([H])C([H])([H])OP(=O)(O[H])O[P:79](=[O:80])([O:81])[O:82]>>[H]OC1:C2:C(C([H])=NN3C([H])([H])C([H])([H])N(C([H])([H])[H])C([H])([H])C3([H])[H]):C(O[H]):C3:C4:C(:C(C([H])([H])[H]):C(O[H]):C:1:3)O[C@](C([H])([H])[H])(OC([H])=C([H])[C@]([H])(OC([H])([H])[H])[C@@]([H])(C([H])([H])[H])[C@]([H])(OC(=O)C([H])([H])[H])[C@]([H])(C([H])([H])[H])[C@]([H])(O[H])[C@]([H])(C([H])([H])[H])[C@@]([H])(O[P:79](=[O:80])([O:81])[O:82])[C@@]([H])(C([H])([H])[H])C([H])=C([H])C([H])=C(C([H])([H])[H])C(=O)N2[H])C4=O,EVODEX-P20374
EVODEX-N7961,>>[H]OC1:C2:C(C([H])=NN3C([H])([H])C([H])([H])N(C([H])([H])[H])C([H])([H])C3([H])[H]):C(O[H]):C3:C4:C(:C(C([H])([H])[H]):C(O[H]):C:1:3)O[C@](C([H])([H])[H])(OC([H])=C([H])[C@]([H])(OC([H])([H])[H])[C@@]([H])(C([H])([H])[H])[C@]([H])(OC(=O)C([H])([H])[H])[C@]([H])(C([H])([H])[H])[C@]([H])(O[H])[C@]([H])(C([H])([H])[H])[C@@]([H])(O)[C@@]([H])(C([H])([H])[H])C([H])=C([H])C([H])=C(C([H])([H])[H])C(=O)N2[H])C4=O.[H],EVODEX-P20376
EVODEX-N7962,[H]O[C@@]1([H])[C@@]([H])(O[H])[C@]([H])(N2:C([H]):N:C3:C(N([H])[H]):N:C([H]):N:C:3:2)O[C@]1([H])C([H])([H])OP(=O)(O[H])OP(=O)(O[H])O[P:73](=[O:74])([O:75])[O:76]>>[H]OC(=O)[C@@]([H])(N([H])C(=O)[C@@]([H])(N([H])C(=O)[C@@]([H])(N([H])C(=O)[C@@]([H])(N([H])C(=O)[C@@]([H])(N([H])C(=O)[C@@]([H])(N([H])[H])C([H])([H])S[H])C([H])([H])C(=O)N([H])[H])C([H])([H])O[P:73](=[O:74])([O:75])[O:76])C([H])([H])C1:C([H]):C([H]):C(O[H]):C([H]):C:1[H])C([H])([H])C([H])([H])C([H])([H])C([H])([H])N([H])[H])C([H])(O[H])C([H])([H])[H],EVODEX-P20379
EVODEX-N7963,[H]O[C@@]1([H])[C@@]([H])(O[H])[C@]([H])(N2:C([H]):N:C3:C(N([H])[H]):N:C([H]):N:C:3:2)O[C@]1([H])C([H])([H])OP(=O)(O[H])OP(=O)(O[H])O[P:73](=[O:74])([O:75])[O:76]>>[H]OC(=O)[C@@]([H])(N([H])C(=O)[C@@]([H])(N([H])C(=O)[C@@]([H])(N([H])C(=O)[C@@]([H])(N([H])C(=O)[C@@]([H])(N([H])C(=O)[C@@]([H])(N([H])[H])C([H])([H])S[H])C([H])([H])C(=O)N([H])[H])C([H])([H])O[H])C([H])([H])C1:C([H]):C([H]):C(O[P:73](=[O:74])([O:75])[O:76]):C([H]):C:1[H])C([H])([H])C([H])([H])C([H])([H])C([H])([H])N([H])[H])C([H])(O[H])C([H])([H])[H],EVODEX-P20384
EVODEX-N7964,[H]O[C@@]1([H])[C@@]([H])(O[H])[C@]([H])(N2:C([H]):N:C3:C(N([H])[H]):N:C([H]):N:C:3:2)O[C@]1([H])C([H])([H])OP(=O)(O[H])OP(=O)(O[H])O[P:89](=[O:90])([O:91])[O:92]>>[H]O[C@@]12O[C@@]([H])(C([H])([H])C([H])([H])[C@@]1([H])C([H])([H])[H])C([H])([H])[C@]([H])(OC([H])([H])[H])C(C([H])([H])[H])=C([H])C([H])=C([H])C([H])=C([H])[C@@]([H])(C([H])([H])[H])C([H])([H])[C@@]([H])(C([H])([H])[H])C(=O)[C@]([H])(OC([H])([H])[H])[C@]([H])(O[H])C(C([H])([H])[H])=C([H])[C@@]([H])(C([H])([H])[H])C(=O)C([H])([H])[C@@]([H])([C@]([H])(C([H])([H])[H])C([H])([H])[C@]1([H])C([H])([H])C([H])([H])[C@@]([H])(O[P:89](=[O:90])([O:91])[O:92])[C@]([H])(OC([H])([H])[H])C1([H])[H])OC(=O)[C@@]1([H])N(C(=O)C2=O)C([H])([H])C([H])([H])C([H])([H])C1([H])[H],EVODEX-P20389
EVODEX-N7965,>>[H]O[C@@]12O[C@@]([H])(C([H])([H])C([H])([H])[C@@]1([H])C([H])([H])[H])C([H])([H])[C@]([H])(OC([H])([H])[H])C(C([H])([H])[H])=C([H])C([H])=C([H])C([H])=C([H])[C@@]([H])(C([H])([H])[H])C([H])([H])[C@@]([H])(C([H])([H])[H])C(=O)[C@]([H])(OC([H])([H])[H])[C@]([H])(O[H])C(C([H])([H])[H])=C([H])[C@@]([H])(C([H])([H])[H])C(=O)C([H])([H])[C@@]([H])([C@]([H])(C([H])([H])[H])C([H])([H])[C@]1([H])C([H])([H])C([H])([H])[C@@]([H])(O)[C@]([H])(OC([H])([H])[H])C1([H])[H])OC(=O)[C@@]1([H])N(C(=O)C2=O)C([H])([H])C([H])([H])C([H])([H])C1([H])[H].[H],EVODEX-P20391
EVODEX-N7966,[H]O[C@@]1([H])[C@@]([H])(O[H])[C@]([H])(N2:C([H]):N:C3:C(N([H])[H]):N:C([H]):N:C:3:2)O[C@]1([H])C([H])([H])OP(=O)(O[H])OP(=O)(O[H])O[P:92](=[O:93])([O:94])[O:95]>>[H]N=C(N([H])[H])N([H])C([H])([H])C([H])([H])C([H])([H])[C@@]([H])(C(=O)N([H])C([H])([H])C(=O)N([H])[C@]([H])(C(=O)N([H])[C@]([H])(C(=O)N([H])[C@]([H])(C(=O)N([H])[C@]([H])(C(=O)N([H])[C@]([H])(C(=O)N([H])[C@]([H])(C(=O)O[H])C([H])([H])O[H])C([H])([H])C1:C([H]):C([H]):C(O[H]):C([H]):C:1[H])C([H])(C([H])([H])[H])C([H])([H])[H])C([H])([H])O[P:92](=[O:93])([O:94])[O:95])C([H])([H])O[H])C([H])([H])C([H])([H])C([H])([H])N([H])C(=N[H])N([H])[H])N([H])C(=O)C([H])([H])N([H])[H],EVODEX-P20394
EVODEX-N7967,>>[H]N=C(N([H])[H])N([H])C([H])([H])C([H])([H])C([H])([H])[C@@]([H])(C(=O)N([H])C([H])([H])C(=O)N([H])[C@]([H])(C(=O)N([H])[C@]([H])(C(=O)N([H])[C@]([H])(C(=O)N([H])[C@]([H])(C(=O)N([H])[C@]([H])(C(=O)N([H])[C@]([H])(C(=O)O[H])C([H])([H])O[H])C([H])([H])C1:C([H]):C([H]):C(O[H]):C([H]):C:1[H])C([H])(C([H])([H])[H])C([H])([H])[H])C([H])([H])O)C([H])([H])O[H])C([H])([H])C([H])([H])C([H])([H])N([H])C(=N[H])N([H])[H])N([H])C(=O)C([H])([H])N([H])[H].[H],EVODEX-P20396
EVODEX-N7968,[H]O[C@@]1([H])[C@@]([H])(O[H])[C@]([H])(N2:C([H]):N:C3:C(N([H])[H]):N:C([H]):N:C:3:2)O[C@]1([H])C([H])([H])OP(=O)(O[H])OP(=O)(O[H])O[P:99](=[O:100])([O:101])[O:102]>>[H]N=C(N([H])[H])N([H])C([H])([H])C([H])([H])C([H])([H])[C@@]([H])(C(=O)N([H])[C@]([H])(C(=O)N([H])[C@]([H])(C(=O)N([H])[C@]([H])(C(=O)N([H])[C@]([H])(C(=O)N([H])[C@]([H])(C(=O)N([H])[C@]([H])(C(=O)N([H])[C@]([H])(C(=O)N([H])[C@]([H])(C(=O)O[H])C([H])([H])[H])C([H])([H])C1:C([H]):C([H]):C(O[H]):C([H]):C:1[H])[C@]([H])(O[H])C([H])([H])[H])C([H])([H])O[P:99](=[O:100])([O:101])[O:102])C([H])(C([H])([H])[H])C([H])([H])[H])C([H])([H])C([H])([H])C([H])([H])N([H])C(=N[H])N([H])[H])C([H])([H])[H])C([H])([H])O[H])N([H])C(=O)C([H])([H])N([H])[H],EVODEX-P20399
EVODEX-N7969,>>[H]N=C(N([H])[H])N([H])C([H])([H])C([H])([H])C([H])([H])[C@@]([H])(C(=O)N([H])[C@]([H])(C(=O)N([H])[C@]([H])(C(=O)N([H])[C@]([H])(C(=O)N([H])[C@]([H])(C(=O)N([H])[C@]([H])(C(=O)N([H])[C@]([H])(C(=O)N([H])[C@]([H])(C(=O)N([H])[C@]([H])(C(=O)O[H])C([H])([H])[H])C([H])([H])C1:C([H]):C([H]):C(O[H]):C([H]):C:1[H])[C@]([H])(O[H])C([H])([H])[H])C([H])([H])O)C([H])(C([H])([H])[H])C([H])([H])[H])C([H])([H])C([H])([H])C([H])([H])N([H])C(=N[H])N([H])[H])C([H])([H])[H])C([H])([H])O[H])N([H])C(=O)C([H])([H])N([H])[H].[H],EVODEX-P20401
EVODEX-N7970,[H]O[C@@]1([H])[C@@]([H])(O[H])[C@]([H])(N2:C([H]):N:C3:C(N([H])[H]):N:C([H]):N:C:3:2)O[C@]1([H])C([H])([H])OP(=O)(O[H])O[P:213](=[O:214])([O:215])[O:216]>>[H]N=C(N([H])[H])N([H])C([H])([H])C([H])([H])C([H])([H])[C@@]([H])(C(=O)N([H])[C@]([H])(C(=O)N([H])[C@]([H])(C(=O)N([H])[C@]([H])(C(=O)N([H])C([H])([H])C(=O)N([H])[C@]([H])(C(=O)N([H])[C@]([H])(C(=O)N([H])[C@]([H])(C(=O)N([H])[C@]([H])(C(=O)N([H])[C@]([H])(C(=O)N([H])[C@]([H])(C(=O)N([H])[C@]([H])(C(=O)N([H])[C@]([H])(C(=O)O[H])C([H])([H])C([H])([H])C(=O)O[H])C([H])([H])C([H])([H])C(=O)O[H])C([H])([H])C(=O)O[H])C([H])([H])C([H])([H])C([H])([H])C([H])([H])N([H])[H])C([H])([H])C([H])([H])SC([H])([H])[H])C([H])([H])O[H])C([H])([H])C(=O)O[H])C([H])([H])C([H])(C([H])([H])[H])C([H])([H])[H])C([H])([H])O[H])C([H])([H])C(=O)O[P:213](=[O:214])([O:215])[O:216])C([H])([H])C1:C([H]):N:C([H]):N:1[H])N([H])C(=O)[C@@]([H])(N([H])C(=O)[C@@]([H])(N([H])C(=O)[C@@]([H])(N([H])C(=O)[C@@]([H])(N([H])C(=O)[C@@]([H])(N([H])C(=O)[C@@]([H])(N([H])C(=O)[C@@]([H])(N([H])C(=O)[C@@]([H])(N([H])C(=O)[C@@]([H])(N([H])C(=O)[C@@]([H])(N([H])[H])C([H])([H])C([H])([H])C([H])([H])C([H])([H])N([H])[H])C([H])([H])C([H])([H])C([H])([H])C([H])([H])N([H])[H])C([H])([H])C([H])([H])C([H])([H])C([H])([H])N([H])[H])C([H])([H])C([H])([H])C([H])([H])C([H])([H])N([H])[H])C([H])([H])C([H])([H])C(=O)O[H])C([H])([H])C([H])([H])C([H])([H])N([H])C(=N[H])N([H])[H])C([H])([H])C([H])(C([H])([H])[H])C([H])([H])[H])C([H])([H])C([H])(C([H])([H])[H])C([H])([H])[H])C([H])([H])C(=O)O[H])C([H])([H])C(=O)O[H],EVODEX-P20404
EVODEX-N7971,>>[H]N=C(N([H])[H])N([H])C([H])([H])C([H])([H])C([H])([H])[C@@]([H])(C(=O)N([H])[C@]([H])(C(=O)N([H])[C@]([H])(C(=O)N([H])[C@]([H])(C(=O)N([H])C([H])([H])C(=O)N([H])[C@]([H])(C(=O)N([H])[C@]([H])(C(=O)N([H])[C@]([H])(C(=O)N([H])[C@]([H])(C(=O)N([H])[C@]([H])(C(=O)N([H])[C@]([H])(C(=O)N([H])[C@]([H])(C(=O)N([H])[C@]([H])(C(=O)O[H])C([H])([H])C([H])([H])C(=O)O[H])C([H])([H])C([H])([H])C(=O)O[H])C([H])([H])C(=O)O[H])C([H])([H])C([H])([H])C([H])([H])C([H])([H])N([H])[H])C([H])([H])C([H])([H])SC([H])([H])[H])C([H])([H])O[H])C([H])([H])C(=O)O[H])C([H])([H])C([H])(C([H])([H])[H])C([H])([H])[H])C([H])([H])O[H])C([H])([H])C(O)=O)C([H])([H])C1:C([H]):N:C([H]):N:1[H])N([H])C(=O)[C@@]([H])(N([H])C(=O)[C@@]([H])(N([H])C(=O)[C@@]([H])(N([H])C(=O)[C@@]([H])(N([H])C(=O)[C@@]([H])(N([H])C(=O)[C@@]([H])(N([H])C(=O)[C@@]([H])(N([H])C(=O)[C@@]([H])(N([H])C(=O)[C@@]([H])(N([H])C(=O)[C@@]([H])(N([H])[H])C([H])([H])C([H])([H])C([H])([H])C([H])([H])N([H])[H])C([H])([H])C([H])([H])C([H])([H])C([H])([H])N([H])[H])C([H])([H])C([H])([H])C([H])([H])C([H])([H])N([H])[H])C([H])([H])C([H])([H])C([H])([H])C([H])([H])N([H])[H])C([H])([H])C([H])([H])C(=O)O[H])C([H])([H])C([H])([H])C([H])([H])N([H])C(=N[H])N([H])[H])C([H])([H])C([H])(C([H])([H])[H])C([H])([H])[H])C([H])([H])C([H])(C([H])([H])[H])C([H])([H])[H])C([H])([H])C(=O)O[H])C([H])([H])C(=O)O[H].[H],EVODEX-P20406
EVODEX-N7972,[H]O[C@@]1([H])[C@@]([H])(O[H])[C@]([H])(N2:C([H]):N:C3:C(N([H])[H]):N:C([H]):N:C:3:2)O[C@]1([H])C([H])([H])OP(=O)(O[H])OP(=O)(O[H])O[P:147](=[O:148])([O:149])[O:150]>>[H]N=C(N([H])[H])N([H])C([H])([H])C([H])([H])C([H])([H])[C@@]([H])(C(=O)N([H])[C@]([H])(C(=O)N([H])[C@]([H])(C(=O)N([H])[C@]([H])(C(=O)N1C([H])([H])C([H])([H])C([H])([H])[C@@]1([H])C(=O)N([H])[H])C([H])([H])C1:C([H]):C([H]):C(O[H]):C([H]):C:1[H])C([H])([H])O[P:147](=[O:148])([O:149])[O:150])C([H])([H])C1:C([H]):C([H]):C([H]):C([H]):C:1[H])N([H])C(=O)[C@@]([H])(N([H])C(=O)C([H])([H])N([H])C(=O)[C@@]([H])(N([H])C(=O)[C@@]([H])(N([H])C(=O)C([H])([H])N([H])C(=O)C([H])([H])C([H])([H])C([H])([H])C([H])([H])C([H])([H])C([H])([H])C([H])([H])N([H])C(=O)C([H])([H])C([H])([H])C([H])([H])N1C2:C(:C([H]):C3:C([H]):C(C(=O)OC([H])([H])C([H])([H])[H]):C(=O):O:C:3:C:2[H])C([H])(C([H])([H])[H])C([H])([H])C1(C([H])([H])[H])C([H])([H])[H])C([H])([H])C([H])([H])C([H])([H])N([H])C(=N[H])N([H])[H])[C@]([H])(O[H])C([H])([H])[H])C([H])([H])C([H])([H])C([H])([H])N([H])C(=N[H])N([H])[H],EVODEX-P20409
EVODEX-N7973,>>[H]N=C(N([H])[H])N([H])C([H])([H])C([H])([H])C([H])([H])[C@@]([H])(C(=O)N([H])[C@]([H])(C(=O)N([H])[C@]([H])(C(=O)N([H])[C@]([H])(C(=O)N1C([H])([H])C([H])([H])C([H])([H])[C@@]1([H])C(=O)N([H])[H])C([H])([H])C1:C([H]):C([H]):C(O[H]):C([H]):C:1[H])C([H])([H])O)C([H])([H])C1:C([H]):C([H]):C([H]):C([H]):C:1[H])N([H])C(=O)[C@@]([H])(N([H])C(=O)C([H])([H])N([H])C(=O)[C@@]([H])(N([H])C(=O)[C@@]([H])(N([H])C(=O)C([H])([H])N([H])C(=O)C([H])([H])C([H])([H])C([H])([H])C([H])([H])C([H])([H])C([H])([H])C([H])([H])N([H])C(=O)C([H])([H])C([H])([H])C([H])([H])N1C2:C(:C([H]):C3:C([H]):C(C(=O)OC([H])([H])C([H])([H])[H]):C(=O):O:C:3:C:2[H])C([H])(C([H])([H])[H])C([H])([H])C1(C([H])([H])[H])C([H])([H])[H])C([H])([H])C([H])([H])C([H])([H])N([H])C(=N[H])N([H])[H])[C@]([H])(O[H])C([H])([H])[H])C([H])([H])C([H])([H])C([H])([H])N([H])C(=N[H])N([H])[H].[H],EVODEX-P20411
EVODEX-N7974,[H]O[C@@]1([H])[C@@]([H])(O[H])[C@]([H])(N2:C([H]):N:C3:C(N([H])[H]):N:C([H]):N:C:3:2)O[C@]1([H])C([H])([H])OP(=O)(O[H])OP(=O)(O[H])O[P:87](=[O:88])([O:89])[O:90]>>[H]N=C(N([H])[H])N([H])C([H])([H])C([H])([H])C([H])([H])[C@@]([H])(C(=O)N([H])[C@]([H])(C(=O)N([H])[C@]([H])(C(=O)N([H])[C@]([H])(C(=O)N([H])[C@]([H])(C(=O)N([H])[C@]([H])(C(=O)N([H])[C@]([H])(C(=O)O[H])C([H])([H])C([H])([H])C(=O)O[H])C([H])([H])[H])C([H])([H])C([H])([H])C([H])([H])N([H])C(=N[H])N([H])[H])C([H])([H])O[P:87](=[O:88])([O:89])[O:90])C([H])([H])C([H])([H])C([H])([H])N([H])C(=N[H])N([H])[H])C([H])([H])C([H])([H])C([H])([H])C([H])([H])N([H])[H])N([H])[H],EVODEX-P20414
EVODEX-N7975,>>[H]N=C(N([H])[H])N([H])C([H])([H])C([H])([H])C([H])([H])[C@@]([H])(C(=O)N([H])[C@]([H])(C(=O)N([H])[C@]([H])(C(=O)N([H])[C@]([H])(C(=O)N([H])[C@]([H])(C(=O)N([H])[C@]([H])(C(=O)N([H])[C@]([H])(C(=O)O[H])C([H])([H])C([H])([H])C(=O)O[H])C([H])([H])[H])C([H])([H])C([H])([H])C([H])([H])N([H])C(=N[H])N([H])[H])C([H])([H])O)C([H])([H])C([H])([H])C([H])([H])N([H])C(=N[H])N([H])[H])C([H])([H])C([H])([H])C([H])([H])C([H])([H])N([H])[H])N([H])[H].[H],EVODEX-P20416
EVODEX-N7976,[H]O[C@@]1([H])[C@@]([H])(O[H])[C@]([H])(N2:C([H]):N:C3:C(N([H])[H]):N:C([H]):N:C:3:2)O[C@]1([H])C([H])([H])OP(=O)(O[H])OP(=O)(O[H])O[P:134](=[O:135])([O:136])[O:137]>>[H]N=C(N([H])[H])N([H])C([H])([H])C([H])([H])C([H])([H])[C@@]([H])(C(=O)N([H])[C@]([H])(C(=O)N([H])[C@]([H])(C(=O)N([H])[C@]([H])(C(=O)N([H])[C@]([H])(C(=O)N([H])C([H])([H])C(=O)N([H])[C@]([H])(C(=O)N([H])[C@]([H])(C(=O)N([H])[C@]([H])(C(=O)N([H])[C@]([H])(C(=O)N([H])[C@]([H])(C(=O)N([H])[C@]([H])(C(=O)N([H])[C@]([H])(C(=O)O[H])C([H])(C([H])([H])[H])C([H])([H])[H])C([H])([H])C(=O)N([H])[H])C([H])([H])C([H])([H])C([H])([H])C([H])([H])N([H])[H])C([H])([H])C([H])([H])C(=O)N([H])[H])C([H])([H])C([H])([H])C([H])([H])N([H])C(=N[H])N([H])[H])C([H])([H])C([H])(C([H])([H])[H])C([H])([H])[H])C([H])([H])O[P:134](=[O:135])([O:136])[O:137])C([H])([H])C([H])([H])C([H])([H])C([H])([H])N([H])[H])C([H])([H])C([H])([H])C([H])([H])N([H])C(=N[H])N([H])[H])C([H])([H])[H])C([H])([H])C1:C([H]):C([H]):C([H]):C([H]):C:1[H])N([H])[H],EVODEX-P20419
EVODEX-N7977,>>[H]N=C(N([H])[H])N([H])C([H])([H])C([H])([H])C([H])([H])[C@@]([H])(C(=O)N([H])[C@]([H])(C(=O)N([H])[C@]([H])(C(=O)N([H])[C@]([H])(C(=O)N([H])[C@]([H])(C(=O)N([H])C([H])([H])C(=O)N([H])[C@]([H])(C(=O)N([H])[C@]([H])(C(=O)N([H])[C@]([H])(C(=O)N([H])[C@]([H])(C(=O)N([H])[C@]([H])(C(=O)N([H])[C@]([H])(C(=O)N([H])[C@]([H])(C(=O)O[H])C([H])(C([H])([H])[H])C([H])([H])[H])C([H])([H])C(=O)N([H])[H])C([H])([H])C([H])([H])C([H])([H])C([H])([H])N([H])[H])C([H])([H])C([H])([H])C(=O)N([H])[H])C([H])([H])C([H])([H])C([H])([H])N([H])C(=N[H])N([H])[H])C([H])([H])C([H])(C([H])([H])[H])C([H])([H])[H])C([H])([H])O)C([H])([H])C([H])([H])C([H])([H])C([H])([H])N([H])[H])C([H])([H])C([H])([H])C([H])([H])N([H])C(=N[H])N([H])[H])C([H])([H])[H])C([H])([H])C1:C([H]):C([H]):C([H]):C([H]):C:1[H])N([H])[H].[H],EVODEX-P20421
EVODEX-N7978,[H]O[C@@]1([H])[C@@]([H])(O[H])[C@]([H])(N2:C([H]):N:C3:C(N([H])[H]):N:C([H]):N:C:3:2)O[C@]1([H])C([H])([H])OP(=O)(O[H])OP(=O)(O[H])O[P:102](=[O:103])([O:104])[O:105]>>[H]N=C(N([H])[H])N([H])C([H])([H])C([H])([H])C([H])([H])[C@@]([H])(C(=O)N([H])[C@]([H])(C(=O)N([H])[C@]([H])(C(=O)N([H])[C@]([H])(C(=O)N([H])[C@]([H])(C(=O)N([H])[C@]([H])(C(=O)N([H])[C@]([H])(C(=O)N([H])[C@]([H])(C(=O)N([H])[C@]([H])(C(=O)N([H])[H])C([H])([H])[H])C([H])([H])[H])C([H])([H])O[P:102](=[O:103])([O:104])[O:105])C([H])([H])[H])C([H])([H])[H])C([H])([H])[H])C([H])([H])[H])C([H])([H])[H])N([H])C(=O)[C@@]([H])(N([H])C(=O)[C@@]([H])(N([H])C(=O)C([H])([H])[H])C([H])([H])C([H])([H])C([H])([H])N([H])C(=N[H])N([H])[H])C([H])([H])C([H])([H])C([H])([H])N([H])C(=N[H])N([H])[H],EVODEX-P20424
EVODEX-N7979,>>[H]N=C(N([H])[H])N([H])C([H])([H])C([H])([H])C([H])([H])[C@@]([H])(C(=O)N([H])[C@]([H])(C(=O)N([H])[C@]([H])(C(=O)N([H])[C@]([H])(C(=O)N([H])[C@]([H])(C(=O)N([H])[C@]([H])(C(=O)N([H])[C@]([H])(C(=O)N([H])[C@]([H])(C(=O)N([H])[C@]([H])(C(=O)N([H])[H])C([H])([H])[H])C([H])([H])[H])C([H])([H])O)C([H])([H])[H])C([H])([H])[H])C([H])([H])[H])C([H])([H])[H])C([H])([H])[H])N([H])C(=O)[C@@]([H])(N([H])C(=O)[C@@]([H])(N([H])C(=O)C([H])([H])[H])C([H])([H])C([H])([H])C([H])([H])N([H])C(=N[H])N([H])[H])C([H])([H])C([H])([H])C([H])([H])N([H])C(=N[H])N([H])[H].[H],EVODEX-P20426
EVODEX-N7980,[H]O[C@@]1([H])[C@@]([H])(O[H])[C@]([H])(N2:C([H]):N:C3:C(N([H])[H]):N:C([H]):N:C:3:2)O[C@]1([H])C([H])([H])OP(=O)(O[H])OP(=O)(O[H])O[P:133](=[O:134])([O:135])[O:136]>>[H]OC(=O)C([H])([H])C([H])([H])[C@@]([H])(C(=O)N([H])[C@]([H])(C(=O)N([H])[C@]([H])(C(=O)N([H])[C@]([H])(C(=O)N([H])[C@]([H])(C(=O)N([H])[C@]([H])(C(=O)N([H])[C@]([H])(C(=O)N([H])[H])C([H])([H])C(=O)N([H])[H])C([H])([H])C([H])([H])SC([H])([H])[H])C([H])([H])C(=O)N([H])[H])C([H])([H])O[H])C([H])([H])C([H])([H])C(=O)O[H])C([H])([H])[H])N([H])C(=O)[C@@]([H])(N([H])C(=O)[C@@]([H])(N([H])C(=O)[C@@]([H])(N([H])C(=O)[C@@]([H])(N([H])C(=O)[C@@]([H])(N([H])C(=O)[C@@]([H])(N([H])C(=O)C([H])([H])[H])C([H])([H])C(=O)O[H])C([H])([H])C([H])([H])C(=O)O[H])C([H])([H])C([H])([H])SC([H])([H])[H])C([H])([H])C([H])([H])C(=O)O[H])C([H])([H])C1:C([H]):C([H]):C([H]):C([H]):C:1[H])[C@]([H])(O[P:133](=[O:134])([O:135])[O:136])C([H])([H])[H],EVODEX-P20429
EVODEX-N7981,>>[H]OC(=O)C([H])([H])C([H])([H])[C@@]([H])(C(=O)N([H])[C@]([H])(C(=O)N([H])[C@]([H])(C(=O)N([H])[C@]([H])(C(=O)N([H])[C@]([H])(C(=O)N([H])[C@]([H])(C(=O)N([H])[C@]([H])(C(=O)N([H])[H])C([H])([H])C(=O)N([H])[H])C([H])([H])C([H])([H])SC([H])([H])[H])C([H])([H])C(=O)N([H])[H])C([H])([H])O[H])C([H])([H])C([H])([H])C(=O)O[H])C([H])([H])[H])N([H])C(=O)[C@@]([H])(N([H])C(=O)[C@@]([H])(N([H])C(=O)[C@@]([H])(N([H])C(=O)[C@@]([H])(N([H])C(=O)[C@@]([H])(N([H])C(=O)[C@@]([H])(N([H])C(=O)C([H])([H])[H])C([H])([H])C(=O)O[H])C([H])([H])C([H])([H])C(=O)O[H])C([H])([H])C([H])([H])SC([H])([H])[H])C([H])([H])C([H])([H])C(=O)O[H])C([H])([H])C1:C([H]):C([H]):C([H]):C([H]):C:1[H])[C@]([H])(O)C([H])([H])[H].[H],EVODEX-P20431
EVODEX-N7982,[H]O[C@@]1([H])[C@@]([H])(O[H])[C@]([H])(N2:C([H]):N:C3:C(N([H])[H]):N:C([H]):N:C:3:2)O[C@]1([H])C([H])([H])OP(=O)(O[H])OP(=O)(O[H])O[P:78](=[O:79])([O:80])[O:81]>>[H]N=C(N([H])[H])N([H])C([H])([H])C([H])([H])C([H])([H])[C@]([H])(C(=O)N([H])[C@@]([H])(C(=O)N([H])[C@@]([H])(C(=O)N([H])[C@@]([H])(C(=O)N([H])C([H])([H])C(=O)O[H])C([H])([H])C([H])(C([H])([H])[H])C([H])([H])[H])C([H])([H])O[P:78](=[O:79])([O:80])[O:81])C([H])([H])[H])N([H])C(=O)[C@]([H])(N([H])C(=O)[C@]([H])(N([H])[H])C([H])([H])C([H])(C([H])([H])[H])C([H])([H])[H])C([H])([H])C([H])([H])C([H])([H])N([H])C(=N[H])N([H])[H],EVODEX-P20434
EVODEX-N7983,>>[H]N=C(N([H])[H])N([H])C([H])([H])C([H])([H])C([H])([H])[C@]([H])(C(=O)N([H])[C@@]([H])(C(=O)N([H])[C@@]([H])(C(=O)N([H])[C@@]([H])(C(=O)N([H])C([H])([H])C(=O)O[H])C([H])([H])C([H])(C([H])([H])[H])C([H])([H])[H])C([H])([H])O)C([H])([H])[H])N([H])C(=O)[C@]([H])(N([H])C(=O)[C@]([H])(N([H])[H])C([H])([H])C([H])(C([H])([H])[H])C([H])([H])[H])C([H])([H])C([H])([H])C([H])([H])N([H])C(=N[H])N([H])[H].[H],EVODEX-P20436
EVODEX-N7984,[H]O[C@@]1([H])[C@@]([H])(O[H])[C@]([H])(N2:C([H]):N:C3:C(N([H])[H]):N:C([H]):N:C:3:2)O[C@]1([H])C([H])([H])OP(=O)(O[H])OP(=O)(O[H])O[P:107](=[O:108])([O:109])[O:110]>>[H]N=C(N([H])[H])N([H])C([H])([H])C([H])([H])C([H])([H])[C@@]([H])(C(=O)N([H])C([H])([H])C(=O)N([H])[C@]([H])(C(=O)O[H])C([H])([H])C([H])(C([H])([H])[H])C([H])([H])[H])N([H])C(=O)[C@@]([H])(N([H])C(=O)[C@@]([H])(N([H])C(=O)[C@@]([H])(N([H])C(=O)[C@@]([H])(N([H])C(=O)[C@@]([H])(N([H])C(=O)[C@@]([H])(N([H])C(=O)[C@@]([H])(N([H])[H])C([H])([H])C([H])([H])C([H])([H])C([H])([H])N([H])[H])C([H])([H])C([H])([H])C([H])([H])N([H])C(=N[H])N([H])[H])C([H])([H])C([H])([H])C([H])([H])C([H])([H])N([H])[H])C([H])([H])C([H])([H])C(=O)N([H])[H])[C@@]([H])(C([H])([H])[H])C([H])([H])C([H])([H])[H])C([H])([H])O[P:107](=[O:108])([O:109])[O:110])C([H])(C([H])([H])[H])C([H])([H])[H],EVODEX-P20439
EVODEX-N7985,>>[H]N=C(N([H])[H])N([H])C([H])([H])C([H])([H])C([H])([H])[C@@]([H])(C(=O)N([H])C([H])([H])C(=O)N([H])[C@]([H])(C(=O)O[H])C([H])([H])C([H])(C([H])([H])[H])C([H])([H])[H])N([H])C(=O)[C@@]([H])(N([H])C(=O)[C@@]([H])(N([H])C(=O)[C@@]([H])(N([H])C(=O)[C@@]([H])(N([H])C(=O)[C@@]([H])(N([H])C(=O)[C@@]([H])(N([H])C(=O)[C@@]([H])(N([H])[H])C([H])([H])C([H])([H])C([H])([H])C([H])([H])N([H])[H])C([H])([H])C([H])([H])C([H])([H])N([H])C(=N[H])N([H])[H])C([H])([H])C([H])([H])C([H])([H])C([H])([H])N([H])[H])C([H])([H])C([H])([H])C(=O)N([H])[H])[C@@]([H])(C([H])([H])[H])C([H])([H])C([H])([H])[H])C([H])([H])O)C([H])(C([H])([H])[H])C([H])([H])[H].[H],EVODEX-P20441
EVODEX-N7986,[H]O[C@@]1([H])[C@@]([H])(O[H])[C@]([H])(N2:C([H]):N:C3:C(N([H])[H]):N:C([H]):N:C:3:2)O[C@]1([H])C([H])([H])OP(=O)(O[H])OP(=O)(O[H])O[P:182](=[O:183])([O:184])[O:185]>>[H]N=C(N([H])[H])N([H])C([H])([H])C([H])([H])C([H])([H])[C@@]([H])(C(=O)N([H])[C@]([H])(C(=O)N([H])[C@]([H])(C(=O)N([H])[H])C([H])([H])C([H])(C([H])([H])[H])C([H])([H])[H])C([H])([H])C1:C([H]):C([H]):C([H]):C([H]):C:1[H])N([H])C(=O)[C@@]([H])(N([H])C(=O)[C@@]([H])(N([H])C(=O)[C@@]([H])(N([H])C(=O)[C@@]([H])(N([H])C(=O)[C@@]([H])(N([H])C(=O)[C@@]([H])(N([H])C(=O)[C@@]([H])(N([H])C(=O)[C@@]([H])(N([H])C(=O)[C@@]([H])(N([H])C(=O)[C@@]([H])(N([H])C(=O)[C@@]([H])(N([H])C(=O)[C@@]([H])(N([H])C(=O)[C@@]([H])(N([H])C(=O)C([H])([H])[H])C([H])([H])C([H])([H])C([H])([H])N([H])C(=N[H])N([H])[H])C([H])([H])C([H])([H])C([H])([H])C([H])([H])N([H])[H])C([H])([H])C([H])([H])C([H])([H])C([H])([H])N([H])[H])C([H])([H])C1:C([H]):C([H]):C(O[H]):C([H]):C:1[H])C([H])([H])C([H])([H])C([H])([H])C([H])([H])N([H])[H])C([H])([H])C1:C([H]):C([H]):C([H]):C([H]):C:1[H])C([H])([H])C(=O)N([H])[H])C([H])([H])C([H])([H])C(=O)O[H])C([H])([H])C(=O)O[H])[C@]([H])(O[P:182](=[O:183])([O:184])[O:185])C([H])([H])[H])C([H])([H])C([H])([H])C(=O)O[H])C([H])([H])C([H])([H])C([H])([H])N([H])C(=N[H])N([H])[H])C([H])([H])C([H])([H])C([H])([H])N([H])C(=N[H])N([H])[H],EVODEX-P20444
EVODEX-N7987,>>[H]N=C(N([H])[H])N([H])C([H])([H])C([H])([H])C([H])([H])[C@@]([H])(C(=O)N([H])[C@]([H])(C(=O)N([H])[C@]([H])(C(=O)N([H])[H])C([H])([H])C([H])(C([H])([H])[H])C([H])([H])[H])C([H])([H])C1:C([H]):C([H]):C([H]):C([H]):C:1[H])N([H])C(=O)[C@@]([H])(N([H])C(=O)[C@@]([H])(N([H])C(=O)[C@@]([H])(N([H])C(=O)[C@@]([H])(N([H])C(=O)[C@@]([H])(N([H])C(=O)[C@@]([H])(N([H])C(=O)[C@@]([H])(N([H])C(=O)[C@@]([H])(N([H])C(=O)[C@@]([H])(N([H])C(=O)[C@@]([H])(N([H])C(=O)[C@@]([H])(N([H])C(=O)[C@@]([H])(N([H])C(=O)[C@@]([H])(N([H])C(=O)C([H])([H])[H])C([H])([H])C([H])([H])C([H])([H])N([H])C(=N[H])N([H])[H])C([H])([H])C([H])([H])C([H])([H])C([H])([H])N([H])[H])C([H])([H])C([H])([H])C([H])([H])C([H])([H])N([H])[H])C([H])([H])C1:C([H]):C([H]):C(O[H]):C([H]):C:1[H])C([H])([H])C([H])([H])C([H])([H])C([H])([H])N([H])[H])C([H])([H])C1:C([H]):C([H]):C([H]):C([H]):C:1[H])C([H])([H])C(=O)N([H])[H])C([H])([H])C([H])([H])C(=O)O[H])C([H])([H])C(=O)O[H])[C@]([H])(O)C([H])([H])[H])C([H])([H])C([H])([H])C(=O)O[H])C([H])([H])C([H])([H])C([H])([H])N([H])C(=N[H])N([H])[H])C([H])([H])C([H])([H])C([H])([H])N([H])C(=N[H])N([H])[H].[H],EVODEX-P20446
EVODEX-N7988,[H]O[C@@]1([H])[C@@]([H])(O[H])[C@]([H])(N2:C([H]):N:C3:C(N([H])[H]):N:C([H]):N:C:3:2)O[C@]1([H])C([H])([H])OP(=O)(O[H])OP(=O)(O[H])O[P:121](=[O:122])([O:123])[O:124]>>[H]OC(=O)C([H])([H])[C@@]([H])(C(=O)N([H])C([H])([H])C(=O)N([H])[C@]([H])(C(=O)N([H])[C@]([H])(C(=O)O[H])C([H])([H])O[H])C([H])([H])C([H])(C([H])([H])[H])C([H])([H])[H])N([H])C(=O)[C@@]([H])(N([H])C(=O)[C@@]([H])(N([H])C(=O)[C@@]([H])(N([H])C(=O)[C@@]([H])(N([H])C(=O)[C@@]([H])(N([H])C(=O)[C@@]([H])(N([H])C(=O)[C@@]([H])(N([H])C(=O)[C@@]1([H])N(C(=O)[C@@]([H])(N([H])[H])[C@]([H])(O[H])C([H])([H])[H])C([H])([H])C([H])([H])C1([H])[H])C([H])([H])O[P:121](=[O:122])([O:123])[O:124])C([H])([H])C(=O)O[H])C([H])([H])O[H])C([H])([H])C([H])(C([H])([H])[H])C([H])([H])[H])[C@@]([H])(C([H])([H])[H])C([H])([H])C([H])([H])[H])C([H])([H])C1:C([H]):C([H]):C(O[H]):C([H]):C:1[H])C([H])([H])C(=O)O[H],EVODEX-P20449
EVODEX-N7989,>>[H]OC(=O)C([H])([H])[C@@]([H])(C(=O)N([H])C([H])([H])C(=O)N([H])[C@]([H])(C(=O)N([H])[C@]([H])(C(=O)O[H])C([H])([H])O[H])C([H])([H])C([H])(C([H])([H])[H])C([H])([H])[H])N([H])C(=O)[C@@]([H])(N([H])C(=O)[C@@]([H])(N([H])C(=O)[C@@]([H])(N([H])C(=O)[C@@]([H])(N([H])C(=O)[C@@]([H])(N([H])C(=O)[C@@]([H])(N([H])C(=O)[C@@]([H])(N([H])C(=O)[C@@]1([H])N(C(=O)[C@@]([H])(N([H])[H])[C@]([H])(O[H])C([H])([H])[H])C([H])([H])C([H])([H])C1([H])[H])C([H])([H])O)C([H])([H])C(=O)O[H])C([H])([H])O[H])C([H])([H])C([H])(C([H])([H])[H])C([H])([H])[H])[C@@]([H])(C([H])([H])[H])C([H])([H])C([H])([H])[H])C([H])([H])C1:C([H]):C([H]):C(O[H]):C([H]):C:1[H])C([H])([H])C(=O)O[H].[H],EVODEX-P20451
EVODEX-N7990,[H]O[C@@]1([H])[C@@]([H])(O[H])[C@]([H])(N2:C([H]):N:C3:C(N([H])[H]):N:C([H]):N:C:3:2)O[C@]1([H])C([H])([H])OP(=O)(O[H])O[P:38](=[O:39])([O:40])[O:41]>>[H]O[C@@]1([H])[C@@]([H])(O[H])[C@]([H])(N2C([H])=C([H])C([H])=C(C(=O)N([H])[H])C2([H])[H])O[C@]1([H])C([H])([H])O[P:38](=[O:39])([O:40])[O:41],EVODEX-P20455
EVODEX-N7991,[H]O[C@@]1([H])[C@@]([H])(O[H])[C@]([H])(N2:C([H]):N:C3:C(N([H])[H]):N:C([H]):N:C:3:2)O[C@]1([H])C([H])([H])OP(=O)(O[H])OP(=O)(O[H])O[P:142](=[O:143])([O:144])[O:145]>>[H]OC(=O)[C@@]([H])(N([H])C(=O)[C@@]([H])(N([H])C(=O)[C@@]1([H])N(C(=O)C([H])([H])N([H])C(=O)[C@@]2([H])N(C(=O)[C@@]([H])(N([H])C(=O)[C@@]([H])(N([H])C(=O)[C@@]3([H])N(C(=O)C([H])([H])N([H])C(=O)[C@@]([H])(N([H])C(=O)[C@@]([H])(N([H])C(=O)[C@@]([H])(N([H])C(=O)[C@@]([H])(N([H])C(=O)C([H])([H])C([H])([H])C([H])([H])C([H])([H])C([H])([H])N=C(S[H])N([H])C4:C([H]):C([H]):C5:C(:C:4[H])C(=O)OC54C5:C([H]):C([H]):C(O[H]):C([H]):C:5OC5:C([H]):C(O[H]):C([H]):C([H]):C:54)C([H])([H])[H])C([H])([H])[H])C([H])([H])[H])[C@]([H])(O[P:142](=[O:143])([O:144])[O:145])C([H])([H])[H])C([H])([H])C([H])([H])C3([H])[H])C([H])([H])C([H])(C([H])([H])[H])C([H])([H])[H])C([H])([H])O[H])C([H])([H])C([H])([H])C2([H])[H])C([H])([H])C([H])([H])C1([H])[H])C([H])([H])C1:C([H]):C([H]):C([H]):C([H]):C:1[H])C([H])([H])[H],EVODEX-P20459
EVODEX-N7992,>>[H]OC(=O)[C@@]([H])(N([H])C(=O)[C@@]([H])(N([H])C(=O)[C@@]1([H])N(C(=O)C([H])([H])N([H])C(=O)[C@@]2([H])N(C(=O)[C@@]([H])(N([H])C(=O)[C@@]([H])(N([H])C(=O)[C@@]3([H])N(C(=O)C([H])([H])N([H])C(=O)[C@@]([H])(N([H])C(=O)[C@@]([H])(N([H])C(=O)[C@@]([H])(N([H])C(=O)[C@@]([H])(N([H])C(=O)C([H])([H])C([H])([H])C([H])([H])C([H])([H])C([H])([H])N=C(S[H])N([H])C4:C([H]):C([H]):C5:C(:C:4[H])C(=O)OC54C5:C([H]):C([H]):C(O[H]):C([H]):C:5OC5:C([H]):C(O[H]):C([H]):C([H]):C:54)C([H])([H])[H])C([H])([H])[H])C([H])([H])[H])[C@]([H])(O)C([H])([H])[H])C([H])([H])C([H])([H])C3([H])[H])C([H])([H])C([H])(C([H])([H])[H])C([H])([H])[H])C([H])([H])O[H])C([H])([H])C([H])([H])C2([H])[H])C([H])([H])C([H])([H])C1([H])[H])C([H])([H])C1:C([H]):C([H]):C([H]):C([H]):C:1[H])C([H])([H])[H].[H],EVODEX-P20461
EVODEX-N7993,[H]O[C@@]1([H])[C@@]([H])(O[H])[C@]([H])(N2:C([H]):N:C3:C(N([H])[H]):N:C([H]):N:C:3:2)O[C@]1([H])C([H])([H])OP(=O)(O[H])OP(=O)(O[H])O[P:135](=[O:136])([O:137])[O:138]>>[H]N=C(N([H])[H])N([H])C([H])([H])C([H])([H])C([H])([H])[C@@]([H])(C(=O)O[H])N([H])C(=O)[C@@]([H])(N([H])C(=O)[C@@]([H])(N([H])C(=O)[C@@]([H])(N([H])C(=O)[C@@]([H])(N([H])C(=O)[C@@]([H])(N([H])C(=O)[C@@]([H])(N([H])C(=O)[C@@]([H])(N([H])C(=O)[C@@]1([H])N(C(=O)[C@@]([H])(N([H])C(=O)[C@@]([H])(N([H])C(=O)[C@@]2([H])N(C(=O)[C@@]3([H])N(C(=O)[C@@]([H])(N([H])[H])C([H])([H])O[H])C([H])([H])C([H])([H])C3([H])[H])C([H])([H])C([H])([H])C2([H])[H])C([H])([H])C([H])(C([H])([H])[H])C([H])([H])[H])C([H])([H])O[H])C([H])([H])C([H])([H])C1([H])[H])[C@@]([H])(C([H])([H])[H])C([H])([H])C([H])([H])[H])C([H])([H])C(=O)O[H])C([H])([H])C([H])([H])SC([H])([H])[H])C([H])([H])C([H])([H])C(=O)O[H])[C@]([H])(O[P:135](=[O:136])([O:137])[O:138])C([H])([H])[H])C([H])([H])C([H])([H])C(=O)N([H])[H])C([H])([H])C([H])([H])C(=O)O[H],EVODEX-P20464
EVODEX-N7994,>>[H]N=C(N([H])[H])N([H])C([H])([H])C([H])([H])C([H])([H])[C@@]([H])(C(=O)O[H])N([H])C(=O)[C@@]([H])(N([H])C(=O)[C@@]([H])(N([H])C(=O)[C@@]([H])(N([H])C(=O)[C@@]([H])(N([H])C(=O)[C@@]([H])(N([H])C(=O)[C@@]([H])(N([H])C(=O)[C@@]([H])(N([H])C(=O)[C@@]1([H])N(C(=O)[C@@]([H])(N([H])C(=O)[C@@]([H])(N([H])C(=O)[C@@]2([H])N(C(=O)[C@@]3([H])N(C(=O)[C@@]([H])(N([H])[H])C([H])([H])O[H])C([H])([H])C([H])([H])C3([H])[H])C([H])([H])C([H])([H])C2([H])[H])C([H])([H])C([H])(C([H])([H])[H])C([H])([H])[H])C([H])([H])O[H])C([H])([H])C([H])([H])C1([H])[H])[C@@]([H])(C([H])([H])[H])C([H])([H])C([H])([H])[H])C([H])([H])C(=O)O[H])C([H])([H])C([H])([H])SC([H])([H])[H])C([H])([H])C([H])([H])C(=O)O[H])[C@]([H])(O)C([H])([H])[H])C([H])([H])C([H])([H])C(=O)N([H])[H])C([H])([H])C([H])([H])C(=O)O[H].[H],EVODEX-P20466
EVODEX-N7995,[H]O[C@@]1([H])[C@@]([H])(O[H])[C@]([H])(N2:C([H]):N:C3:C(N([H])[H]):N:C([H]):N:C:3:2)O[C@]1([H])C([H])([H])OP(=O)(O[H])OP(=O)(O[H])O[P:93](=[O:94])([O:95])[O:96]>>[H]OC(=O)[C@@]([H])(N([H])C(=O)[C@@]([H])(N([H])C(=O)[C@@]([H])(N([H])C(=O)[C@@]([H])(N([H])C(=O)[C@@]1([H])N(C(=O)[C@@]([H])(N([H])C(=O)[C@@]([H])(N([H])C(=O)[C@@]2([H])N(C(=O)[C@@]3([H])N(C(=O)[C@@]([H])(N([H])[H])[C@]([H])(O[H])C([H])([H])[H])C([H])([H])C([H])([H])C3([H])[H])C([H])([H])C([H])([H])C2([H])[H])C([H])([H])C([H])([H])C([H])([H])C([H])([H])N([H])[H])C([H])([H])O[P:93](=[O:94])([O:95])[O:96])C([H])([H])C([H])([H])C1([H])[H])C([H])([H])O[H])C([H])([H])[H])C([H])([H])[H])C([H])([H])C([H])([H])C([H])([H])C([H])([H])N([H])[H],EVODEX-P20469
EVODEX-N7996,>>[H]OC(=O)[C@@]([H])(N([H])C(=O)[C@@]([H])(N([H])C(=O)[C@@]([H])(N([H])C(=O)[C@@]([H])(N([H])C(=O)[C@@]1([H])N(C(=O)[C@@]([H])(N([H])C(=O)[C@@]([H])(N([H])C(=O)[C@@]2([H])N(C(=O)[C@@]3([H])N(C(=O)[C@@]([H])(N([H])[H])[C@]([H])(O[H])C([H])([H])[H])C([H])([H])C([H])([H])C3([H])[H])C([H])([H])C([H])([H])C2([H])[H])C([H])([H])C([H])([H])C([H])([H])C([H])([H])N([H])[H])C([H])([H])O)C([H])([H])C([H])([H])C1([H])[H])C([H])([H])O[H])C([H])([H])[H])C([H])([H])[H])C([H])([H])C([H])([H])C([H])([H])C([H])([H])N([H])[H].[H],EVODEX-P20471
EVODEX-N7997,[H]O[C@@]1([H])[C@@]([H])(O[H])[C@]([H])(N2:C([H]):N:C3:C(N([H])[H]):N:C([H]):N:C:3:2)O[C@]1([H])C([H])([H])OP(=O)(O[H])OP(=O)(O[H])O[P:97](=[O:98])([O:99])[O:100]>>[H]N=C(N([H])[H])N([H])C([H])([H])C([H])([H])C([H])([H])[C@@]([H])(C(=O)O[H])N([H])C(=O)[C@@]([H])(N([H])C(=O)[C@@]([H])(N([H])C(=O)[C@@]([H])(N([H])C(=O)[C@@]1([H])N(C(=O)[C@@]([H])(N([H])C(=O)C([H])([H])N([H])C(=O)[C@@]([H])(N([H])C(=O)[C@@]([H])(N([H])C(=O)[C@@]([H])(N([H])[H])C([H])(C([H])([H])[H])C([H])([H])[H])C([H])([H])O[H])C([H])([H])C(=O)N([H])[H])C([H])([H])O[P:97](=[O:98])([O:99])[O:100])C([H])([H])C([H])([H])C1([H])[H])C([H])([H])O[H])C([H])([H])C([H])(C([H])([H])[H])C([H])([H])[H])C([H])([H])C([H])([H])C(=O)O[H],EVODEX-P20474
EVODEX-N7998,>>[H]N=C(N([H])[H])N([H])C([H])([H])C([H])([H])C([H])([H])[C@@]([H])(C(=O)O[H])N([H])C(=O)[C@@]([H])(N([H])C(=O)[C@@]([H])(N([H])C(=O)[C@@]([H])(N([H])C(=O)[C@@]1([H])N(C(=O)[C@@]([H])(N([H])C(=O)C([H])([H])N([H])C(=O)[C@@]([H])(N([H])C(=O)[C@@]([H])(N([H])C(=O)[C@@]([H])(N([H])[H])C([H])(C([H])([H])[H])C([H])([H])[H])C([H])([H])O[H])C([H])([H])C(=O)N([H])[H])C([H])([H])O)C([H])([H])C([H])([H])C1([H])[H])C([H])([H])O[H])C([H])([H])C([H])(C([H])([H])[H])C([H])([H])[H])C([H])([H])C([H])([H])C(=O)O[H].[H],EVODEX-P20476
EVODEX-N7999,[H]O[C@@]1([H])[C@@]([H])(O[H])[C@]([H])(N2:C([H]):N:C3:C(N([H])[H]):N:C([H]):N:C:3:2)O[C@]1([H])C([H])([H])OP(=O)(O[H])OP(=O)(O[H])O[P:84](=[O:85])([O:86])[O:87]>>[H]N=C(N([H])C([H])([H])C([H])([H])C([H])([H])[C@@]([H])(C(=O)O[H])N([H])C(=O)[C@@]([H])(N([H])C(=O)[C@@]([H])(N([H])C(=O)[C@@]([H])(N([H])C(=O)[C@@]([H])(N([H])C(=O)[C@@]([H])(N([H])C(=O)[C@@]([H])(N([H])[H])C([H])([H])S[H])C([H])([H])C(=O)N([H])[H])C([H])([H])O[H])C([H])([H])C1:C([H]):C([H]):C(O[H]):C([H]):C:1[H])C([H])([H])C([H])([H])C([H])([H])C([H])([H])N([H])[H])C([H])(O[H])C([H])([H])[H])N([H])[P:84](=[O:85])([O:86])[O:87],EVODEX-P20479
EVODEX-N8000,>>[H]NC(=N[H])N([H])C([H])([H])C([H])([H])C([H])([H])[C@@]([H])(C(=O)O[H])N([H])C(=O)[C@@]([H])(N([H])C(=O)[C@@]([H])(N([H])C(=O)[C@@]([H])(N([H])C(=O)[C@@]([H])(N([H])C(=O)[C@@]([H])(N([H])C(=O)[C@@]([H])(N([H])[H])C([H])([H])S[H])C([H])([H])C(=O)N([H])[H])C([H])([H])O[H])C([H])([H])C1:C([H]):C([H]):C(O[H]):C([H]):C:1[H])C([H])([H])C([H])([H])C([H])([H])C([H])([H])N([H])[H])C([H])(O[H])C([H])([H])[H].[H],EVODEX-P20481
EVODEX-N8001,[H]N=C(N([H])C([H])([H])C([H])([H])C([H])([H])[C@@]([H])(C(=O)O[H])N([H])C(=O)[C@@]([H])(N([H])C(=O)[C@@]([H])(N([H])C(=O)[C@@]([H])(N([H])C(=O)[C@@]([H])(N([H])C(=O)[C@@]([H])(N([H])C(=O)[C@@]([H])(N([H])[H])C([H])([H])S[H])C([H])([H])C(=O)N([H])[H])C([H])([H])O[H])C([H])([H])C1:C([H]):C([H]):C(O[H]):C([H]):C:1[H])C([H])([H])C([H])([H])C([H])([H])C([H])([H])N([H])[H])C([H])(O[H])C([H])([H])[H])N([H])[P:58](=[O:59])([O:60])[O:61].[H][O:86][P:84]>>[P:58](=[O:59])([O:60])([O:61])[O:86][P:84],EVODEX-P20483
EVODEX-N8002,[H]N=C(N([H])C([H])([H])C([H])([H])C([H])([H])[C@@]([H])(C(=O)O[H])N([H])C(=O)[C@@]([H])(N([H])C(=O)[C@@]([H])(N([H])C(=O)[C@@]([H])(N([H])C(=O)[C@@]([H])(N([H])C(=O)[C@@]([H])(N([H])C(=O)[C@@]([H])(N([H])[H])C([H])([H])S[H])C([H])([H])C(=O)N([H])[H])C([H])([H])O[H])C([H])([H])C1:C([H]):C([H]):C(O[H]):C([H]):C:1[H])C([H])([H])C([H])([H])C([H])([H])C([H])([H])N([H])[H])C([H])(O[H])C([H])([H])[H])N([H])[P:58](=[O:59])([O:60])[O:61]>>[H]O[C@@]1([H])[C@@]([H])(O[H])[C@]([H])(N2:C([H]):N:C3:C(N([H])[H]):N:C([H]):N:C:3:2)O[C@]1([H])C([H])([H])OP(=O)(O[H])OP(=O)(O[H])O[P:58](=[O:59])([O:60])[O:61],EVODEX-P20484
EVODEX-N8003,[H][O:3][S:2][O:4][H].[H][O:8][S:7][O:9][H]>>[H][O:3][S:2][O:4][H].[H][O:8][S:7][O:9][H],"EVODEX-P20487,EVODEX-P20488,EVODEX-P20489"
EVODEX-N8004,[H][C:1]#[N:2].[C:4][C:5]([S:6])([H:14])[H:15]>>[C:1](#[N:2])[C:5]([C:4])([H:14])[H:15].[H][S:6],EVODEX-P20490
EVODEX-N8005,[H][C:1]#[N:2].[H]S[C:5]([C:4])([H:14])[H:15]>>[C:1](#[N:2])[C:5]([C:4])([H:14])[H:15],EVODEX-P20491
EVODEX-N8006,[H]S[C:5]([C:4])([H:14])[H:15]>>N#C[C:5]([C:4])([H:14])[H:15],EVODEX-P20492
EVODEX-N8007,[H][C:1]#[N:2]>>[H]OC(=O)[C@@]([H])(N([H])[H])C([H])([H])[C:1]#[N:2],EVODEX-P20493
EVODEX-N8008,>>C#N.[H],"EVODEX-P20494,EVODEX-P20500,EVODEX-P20505,EVODEX-P31307"
EVODEX-N8009,[H][C:1]#[N:2].[C:8][S:9][H:14]>>[C:1](#[N:2])[S:9][H:14].[H][C:8],"EVODEX-P20495,EVODEX-P20501"
EVODEX-N8010,[H]S[C:8]([C:6])([H:12])[H:13]>>[H][C:8]([C:6])([H:12])[H:13],"EVODEX-P20496,EVODEX-P20502"
EVODEX-N8011,[H][C:1]#[N:2].[H]OC(=O)C(=O)C([H])([H])[S:9][H:14]>>[C:1](#[N:2])[S:9][H:14],EVODEX-P20497
EVODEX-N8012,[H]OC(=O)C(=O)C([H])([H])[S:9][H:14]>>N#C[S:9][H:14],EVODEX-P20498
EVODEX-N8013,[H][C:1]#[N:2]>>[H]S[C:1]#[N:2],EVODEX-P20499
EVODEX-N8014,[H][C:1]#[N:2].[H]OC([H])([H])C([H])([H])[S:6][H:13]>>[C:1](#[N:2])[S:6][H:13],EVODEX-P20503
EVODEX-N8015,[H]OC([H])([H])C([H])([H])[S:6][H:13]>>N#C[S:6][H:13],EVODEX-P20504
EVODEX-N8016,[O:19][S:20](=[O:21])(=[O:22])[O:23].[H][O:39][C:38]>>[H][O:19].[S:20](=[O:21])(=[O:22])([O:23])[O:39][C:38],"EVODEX-P20506,EVODEX-P20512,EVODEX-P20517,EVODEX-P20538,EVODEX-P20548,EVODEX-P20553,EVODEX-P20566,EVODEX-P20571,EVODEX-P20576,EVODEX-P20581,EVODEX-P20591,EVODEX-P20596,EVODEX-P20601,EVODEX-P20616,EVODEX-P20621,EVODEX-P20626,EVODEX-P20631,EVODEX-P20636,EVODEX-P20646,EVODEX-P20651,EVODEX-P20657,EVODEX-P20672,EVODEX-P20677,EVODEX-P20682,EVODEX-P20687,EVODEX-P20692,EVODEX-P20697,EVODEX-P20702,EVODEX-P20707,EVODEX-P20712,EVODEX-P20717,EVODEX-P20722,EVODEX-P20727,EVODEX-P20732,EVODEX-P20737,EVODEX-P20742,EVODEX-P20747,EVODEX-P20762"
EVODEX-N8017,[H]O[C@]1([H])[C@]([H])(OP(=O)(O[H])O[H])[C@@]([H])(C([H])([H])OP(=O)(O[H])O[S:20](=[O:21])(=[O:22])[O:23])O[C@@]1([H])N1:C([H]):N:C2:C(N([H])[H]):N:C([H]):N:C:2:1.[H][O:39][C:38]>>[S:20](=[O:21])(=[O:22])([O:23])[O:39][C:38],"EVODEX-P20507,EVODEX-P20513,EVODEX-P20518,EVODEX-P20539,EVODEX-P20549,EVODEX-P20554,EVODEX-P20567,EVODEX-P20572,EVODEX-P20577,EVODEX-P20582,EVODEX-P20592,EVODEX-P20597,EVODEX-P20602,EVODEX-P20617,EVODEX-P20622,EVODEX-P20627,EVODEX-P20632,EVODEX-P20637,EVODEX-P20647,EVODEX-P20658,EVODEX-P20673,EVODEX-P20678,EVODEX-P20683,EVODEX-P20688,EVODEX-P20693,EVODEX-P20698,EVODEX-P20703,EVODEX-P20708,EVODEX-P20713,EVODEX-P20718,EVODEX-P20723,EVODEX-P20728,EVODEX-P20733,EVODEX-P20738,EVODEX-P20743,EVODEX-P20748,EVODEX-P20763"
EVODEX-N8018,[H][O:39][C:38]>>[H]OS(=O)(=O)[O:39][C:38],"EVODEX-P20508,EVODEX-P20514,EVODEX-P20520,EVODEX-P20541,EVODEX-P20551,EVODEX-P20556,EVODEX-P20569,EVODEX-P20574,EVODEX-P20578,EVODEX-P20584,EVODEX-P20594,EVODEX-P20599,EVODEX-P20604,EVODEX-P20619,EVODEX-P20624,EVODEX-P20629,EVODEX-P20634,EVODEX-P20639,EVODEX-P20649,EVODEX-P20653,EVODEX-P20659,EVODEX-P20674,EVODEX-P20680,EVODEX-P20684,EVODEX-P20689,EVODEX-P20695,EVODEX-P20699,EVODEX-P20704,EVODEX-P20710,EVODEX-P20715,EVODEX-P20720,EVODEX-P20725,EVODEX-P20730,EVODEX-P20735,EVODEX-P20740,EVODEX-P20745,EVODEX-P20749,EVODEX-P20764"
EVODEX-N8019,[H]O[C@]1([H])[C@]([H])(OP(=O)(O[H])O[H])[C@@]([H])(C([H])([H])OP(=O)(O[H])O[S:20](=[O:21])(=[O:22])[O:23])O[C@@]1([H])N1:C([H]):N:C2:C(N([H])[H]):N:C([H]):N:C:2:1>>[H]C1:C([H]):C([H]):C2:C(O[S:20](=[O:21])(=[O:22])[O:23]):C([H]):C([H]):C([H]):C:2:C:1[H],EVODEX-P20509
EVODEX-N8020,[H]OS(=O)(=O)[O:19][P:16]>>[H][O:19][P:16],EVODEX-P20510
EVODEX-N8021,>>[H].[H]C1:C([H]):C([H]):C2:C(O):C([H]):C([H]):C([H]):C:2:C:1[H],EVODEX-P20511
EVODEX-N8022,[H]O[C@]1([H])[C@]([H])(OP(=O)(O[H])O[H])[C@@]([H])(C([H])([H])OP(=O)(O[H])O[S:41](=[O:42])(=[O:43])[O:44])O[C@@]1([H])N1:C([H]):N:C2:C(N([H])[H]):N:C([H]):N:C:2:1>>[H]C1=C2C([H])([H])[C@@]([H])(O[S:41](=[O:42])(=[O:43])[O:44])C([H])([H])C([H])([H])[C@]2(C([H])([H])[H])[C@@]2([H])C([H])([H])C([H])([H])[C@]3(C([H])([H])[H])C(=O)C([H])([H])C([H])([H])[C@@]3([H])[C@]2([H])C1([H])[H],EVODEX-P20519
EVODEX-N8023,>>[H]C1=C2C([H])([H])[C@@]([H])(O)C([H])([H])C([H])([H])[C@]2(C([H])([H])[H])[C@@]2([H])C([H])([H])C([H])([H])[C@]3(C([H])([H])[H])C(=O)C([H])([H])C([H])([H])[C@@]3([H])[C@]2([H])C1([H])[H].[H],EVODEX-P20521
EVODEX-N8024,[O:6][S:7](=[O:8])(=[O:9])[O:10].[H][O:43][P:41]>>[H][O:6].[S:7](=[O:8])(=[O:9])([O:10])[O:43][P:41],"EVODEX-P20522,EVODEX-P20543,EVODEX-P20586"
EVODEX-N8025,[H]C1=C2C([H])([H])[C@@]([H])(O[S:7](=[O:8])(=[O:9])[O:10])C([H])([H])C([H])([H])[C@]2(C([H])([H])[H])[C@@]2([H])C([H])([H])C([H])([H])[C@]3(C([H])([H])[H])C(=O)C([H])([H])C([H])([H])[C@@]3([H])[C@]2([H])C1([H])[H].[H][O:43][P:41]>>[S:7](=[O:8])(=[O:9])([O:10])[O:43][P:41],EVODEX-P20523
EVODEX-N8026,[H][O:43][P:41]>>[H]OS(=O)(=O)[O:43][P:41],EVODEX-P20524
EVODEX-N8027,[H]C1=C2C([H])([H])[C@@]([H])(O[S:7](=[O:8])(=[O:9])[O:10])C([H])([H])C([H])([H])[C@]2(C([H])([H])[H])[C@@]2([H])C([H])([H])C([H])([H])[C@]3(C([H])([H])[H])C(=O)C([H])([H])C([H])([H])[C@@]3([H])[C@]2([H])C1([H])[H]>>[H]O[C@]1([H])[C@]([H])(OP(=O)(O[H])O[H])[C@@]([H])(C([H])([H])OP(=O)(O[H])O[S:7](=[O:8])(=[O:9])[O:10])O[C@@]1([H])N1:C([H]):N:C2:C(N([H])[H]):N:C([H]):N:C:2:1,EVODEX-P20525
EVODEX-N8028,[H]OS(=O)(=O)[O:6][C:5]>>[H][O:6][C:5],"EVODEX-P20526,EVODEX-P20546,EVODEX-P20589,EVODEX-P20655,EVODEX-P22873"
EVODEX-N8029,>>[H].[H]O[C@]1([H])[C@]([H])(OP(=O)(O[H])O[H])[C@@]([H])(C([H])([H])OP(O)(=O)O[H])O[C@@]1([H])N1:C([H]):N:C2:C(N([H])[H]):N:C([H]):N:C:2:1,"EVODEX-P20527,EVODEX-P20547,EVODEX-P20590"
EVODEX-N8030,[O:30][S:31](=[O:32])(=[O:33])[O:34].[H][N:1]([C:2])[H:58]>>[H][O:30].[N:1]([C:2])([S:31](=[O:32])(=[O:33])[O:34])[H:58],"EVODEX-P20528,EVODEX-P20533"
EVODEX-N8031,[H]O[C@]1([H])[C@]([H])(OP(=O)(O[H])O[H])[C@@]([H])(C([H])([H])OP(=O)(O[H])O[S:31](=[O:32])(=[O:33])[O:34])O[C@@]1([H])N1:C([H]):N:C2:C(N([H])[H]):N:C([H]):N:C:2:1.[H][N:1]([C:2])[H:58]>>[N:1]([C:2])([S:31](=[O:32])(=[O:33])[O:34])[H:58],"EVODEX-P20529,EVODEX-P20534"
EVODEX-N8032,[H][N:1]([C:2])[H:58]>>[H]OS(=O)(=O)[N:1]([C:2])[H:58],"EVODEX-P20530,EVODEX-P20536"
EVODEX-N8033,[H]O[C@]1([H])[C@]([H])(OP(=O)(O[H])O[H])[C@@]([H])(C([H])([H])OP(=O)(O[H])O[S:31](=[O:32])(=[O:33])[O:34])O[C@@]1([H])N1:C([H]):N:C2:C(N([H])[H]):N:C([H]):N:C:2:1>>[H]C1:C([H]):C([H]):C2:C([H]):C(N([H])[S:31](=[O:32])(=[O:33])[O:34]):C([H]):C([H]):C:2:C:1[H],EVODEX-P20531
EVODEX-N8034,>>[H].[H]NC1:C([H]):C([H]):C2:C([H]):C([H]):C([H]):C([H]):C:2:C:1[H],EVODEX-P20532
EVODEX-N8035,[H]O[C@]1([H])[C@]([H])(OP(=O)(O[H])O[H])[C@@]([H])(C([H])([H])OP(=O)(O[H])O[S:27](=[O:28])(=[O:29])[O:30])O[C@@]1([H])N1:C([H]):N:C2:C(N([H])[H]):N:C([H]):N:C:2:1>>[H]C1:C([H]):C([H]):C(N([H])[S:27](=[O:28])(=[O:29])[O:30]):C([H]):C:1[H],EVODEX-P20535
EVODEX-N8036,[H]O[C@]1([H])[C@]([H])(OP(=O)(O[H])O[H])[C@@]([H])(C([H])([H])OP(=O)(O[H])O[S:40](=[O:41])(=[O:42])[O:43])O[C@@]1([H])N1:C([H]):N:C2:C(N([H])[H]):N:C([H]):N:C:2:1>>[H]O[C@@]1([H])C([H])([H])C([H])([H])[C@@]2([H])[C@]3([H])C([H])([H])C([H])([H])C4:C([H]):C(O[S:40](=[O:41])(=[O:42])[O:43]):C([H]):C([H]):C:4[C@@]3([H])C([H])([H])C([H])([H])[C@@]21C([H])([H])[H],EVODEX-P20540
EVODEX-N8037,>>[H]O[C@@]1([H])C([H])([H])C([H])([H])[C@@]2([H])[C@]3([H])C([H])([H])C([H])([H])C4:C([H]):C(O):C([H]):C([H]):C:4[C@@]3([H])C([H])([H])C([H])([H])[C@@]21C([H])([H])[H].[H],EVODEX-P20542
EVODEX-N8038,[H]O[C@@]1([H])C([H])([H])C([H])([H])[C@@]2([H])[C@]3([H])C([H])([H])C([H])([H])C4:C([H]):C(O[S:11](=[O:12])(=[O:13])[O:14]):C([H]):C([H]):C:4[C@@]3([H])C([H])([H])C([H])([H])[C@@]21C([H])([H])[H].[H][O:42][P:40]>>[S:11](=[O:12])(=[O:13])([O:14])[O:42][P:40],EVODEX-P20544
EVODEX-N8039,[H]O[C@@]1([H])C([H])([H])C([H])([H])[C@@]2([H])[C@]3([H])C([H])([H])C([H])([H])C4:C([H]):C(O[S:11](=[O:12])(=[O:13])[O:14]):C([H]):C([H]):C:4[C@@]3([H])C([H])([H])C([H])([H])[C@@]21C([H])([H])[H]>>[H]O[C@]1([H])[C@]([H])(OP(=O)(O[H])O[H])[C@@]([H])(C([H])([H])OP(=O)(O[H])O[S:11](=[O:12])(=[O:13])[O:14])O[C@@]1([H])N1:C([H]):N:C2:C(N([H])[H]):N:C([H]):N:C:2:1,EVODEX-P20545
EVODEX-N8040,[H]O[C@]1([H])[C@]([H])(OP(=O)(O[H])O[H])[C@@]([H])(C([H])([H])OP(=O)(O[H])O[S:47](=[O:48])(=[O:49])[O:50])O[C@@]1([H])N1:C([H]):N:C2:C(N([H])[H]):N:C([H]):N:C:2:1>>[H]OC(=O)[C@@]1([H])O[C@@]([H])(O[C@@]2([H])[C@@]([H])(O[S:47](=[O:48])(=[O:49])[O:50])[C@@]([H])(C([H])([H])O[H])O[C@@]([H])(O[H])[C@]2([H])N([H])C(=O)C([H])([H])[H])[C@]([H])(O[H])[C@@]([H])(O[H])[C@]1([H])O[H],EVODEX-P20550
EVODEX-N8041,[H][C:4]([N:2])([C:5][O:6][H:48])[H:44].[O:21][P:22](=[O:23])([O:24])[O:25][S:26]>>[H][C:5][C:4]([N:2])([O:25][S:26])[H:44].[O:6]([P:22]([O:21])(=[O:23])[O:24])[H:48],EVODEX-P20558
EVODEX-N8042,[H]C([H])([H])N(C([H])([H])[H])C([H])([H])C([H])([H])[O:6][H:48].[H]OS(=O)(=O)O[P:22]([O:21])(=[O:23])[O:24]>>[O:6]([P:22]([O:21])(=[O:23])[O:24])[H:48],EVODEX-P20559
EVODEX-N8043,[H]C([H])([H])N(C([H])([H])[H])C([H])([H])C([H])([H])[O:6][H:48]>>[H]O[C@]1([H])[C@]([H])(OP(=O)(O[H])O[H])[C@@]([H])(C([H])([H])OP(=O)(O[H])[O:6][H:48])O[C@@]1([H])N1:C([H]):N:C2:C(N([H])[H]):N:C([H]):N:C:2:1,EVODEX-P20560
EVODEX-N8044,[H]O[C:5]([C:4]([H])([N:2])[H:44])([H:46])[H:47].[H]O[C@]1([H])[C@]([H])(OP(=O)(O[H])O[H])[C@@]([H])(C([H])([H])OP(=O)(O[H])[O:25][S:26])O[C@@]1([H])N1:C([H]):N:C2:C(N([H])[H]):N:C([H]):N:C:2:1>>[H][C:5]([C:4]([N:2])([O:25][S:26])[H:44])([H:46])[H:47],EVODEX-P20561
EVODEX-N8045,[H]O[C@]1([H])[C@]([H])(OP(=O)(O[H])O[H])[C@@]([H])(C([H])([H])OP(=O)(O[H])[O:25][S:26])O[C@@]1([H])N1:C([H]):N:C2:C(N([H])[H]):N:C([H]):N:C:2:1>>[H]C([H])([H])N(C([H])([H])[H])C([H])(C([H])([H])[H])[O:25][S:26],EVODEX-P20562
EVODEX-N8046,[H]O[C:5]([C:4]([H])([N:2])[H:44])([H:46])[H:47]>>[H]OS(=O)(=O)O[C:4]([N:2])([C:5]([H])([H:46])[H:47])[H:44],EVODEX-P20563
EVODEX-N8047,>>[H]C(N(C([H])([H])[H])C([H])([H])[H])C([H])([H])[H].[H]O,EVODEX-P20564
EVODEX-N8048,[H][C:4]([N:2])([C:5])[H:44]>>[H]OS(=O)(=O)O[C:4]([N:2])([C:5][H])[H:44].[H]OP(=O)OC([H])([H])[C@@]1([H])O[C@@]([H])(N2:C([H]):N:C3:C(N([H])[H]):N:C([H]):N:C:3:2)[C@]([H])(O[H])[C@]1([H])OP(=O)(O[H])O[H],EVODEX-P20565
EVODEX-N8049,[H]O[C@]1([H])[C@]([H])(OP(=O)(O[H])O[H])[C@@]([H])(C([H])([H])OP(=O)(O[H])O[S:63](=[O:64])(=[O:65])[O:66])O[C@@]1([H])N1:C([H]):N:C2:C(N([H])[H]):N:C([H]):N:C:2:1>>[H]O[C@@]1([H])[C@@]([H])(OS(=O)(=O)O[H])[C@@]([H])(C([H])([H])O[S:63](=[O:64])(=[O:65])[O:66])O[C@]([H])(OP(=O)(O[H])OP(=O)(O[H])OC([H])([H])[C@@]2([H])O[C@@]([H])(N3:C([H]):C([H]):C(=O):N([H]):C:3=O)[C@]([H])(O[H])[C@]2([H])O[H])[C@]1([H])N([H])C(=O)C([H])([H])[H],EVODEX-P20568
EVODEX-N8050,>>[H]O[C@@]1([H])[C@@]([H])(OS(=O)(=O)O[H])[C@@]([H])(C([H])([H])O)O[C@]([H])(OP(=O)(O[H])OP(=O)(O[H])OC([H])([H])[C@@]2([H])O[C@@]([H])(N3:C([H]):C([H]):C(=O):N([H]):C:3=O)[C@]([H])(O[H])[C@]2([H])O[H])[C@]1([H])N([H])C(=O)C([H])([H])[H].[H],EVODEX-P20570
EVODEX-N8051,[H]O[C@]1([H])[C@]([H])(OP(=O)(O[H])O[H])[C@@]([H])(C([H])([H])OP(=O)(O[H])O[S:39](=[O:40])(=[O:41])[O:42])O[C@@]1([H])N1:C([H]):N:C2:C(N([H])[H]):N:C([H]):N:C:2:1>>[H]O[C@]1([H])O[C@]([H])(C([H])([H])O[S:39](=[O:40])(=[O:41])[O:42])[C@]([H])(OS(=O)(=O)O[H])[C@]([H])(O[H])[C@@]1([H])N([H])C(=O)C([H])([H])[H],EVODEX-P20573
EVODEX-N8052,>>[H]O[C@]1([H])O[C@]([H])(C([H])([H])O)[C@]([H])(OS(=O)(=O)O[H])[C@]([H])(O[H])[C@@]1([H])N([H])C(=O)C([H])([H])[H].[H],EVODEX-P20575
EVODEX-N8053,[H]O[C@]1([H])[C@]([H])(OP(=O)(O[H])O[H])[C@@]([H])(C([H])([H])OP(=O)(O[H])O[S:50](=[O:51])(=[O:52])[O:53])O[C@@]1([H])N1:C([H]):N:C2:C(N([H])[H]):N:C([H]):N:C:2:1>>[H]N=C(N([H])[H])N([H])C([H])([H])C([H])([H])C([H])([H])C1:N:C(C2:C([H]):N([H]):C3:C([H]):C([H]):C([H]):C([H]):C:2:3):C([H]):N2:C(O[S:50](=[O:51])(=[O:52])[O:53]):C([C@@]([H])(C([H])([H])[H])C([H])([H])C([H])([H])[H]):N:C:1:2,EVODEX-P20583
EVODEX-N8054,>>[H]N=C(N([H])[H])N([H])C([H])([H])C([H])([H])C([H])([H])C1:N:C(C2:C([H]):N([H]):C3:C([H]):C([H]):C([H]):C([H]):C:2:3):C([H]):N2:C(O):C([C@@]([H])(C([H])([H])[H])C([H])([H])C([H])([H])[H]):N:C:1:2.[H],EVODEX-P20585
EVODEX-N8055,[H]N=C(N([H])[H])N([H])C([H])([H])C([H])([H])C([H])([H])C1:N:C(C2:C([H]):N([H]):C3:C([H]):C([H]):C([H]):C([H]):C:2:3):C([H]):N2:C(O[S:31](=[O:32])(=[O:33])[O:34]):C([C@@]([H])(C([H])([H])[H])C([H])([H])C([H])([H])[H]):N:C:1:2.[H][O:52][P:50]>>[S:31](=[O:32])(=[O:33])([O:34])[O:52][P:50],EVODEX-P20587
EVODEX-N8056,[H]N=C(N([H])[H])N([H])C([H])([H])C([H])([H])C([H])([H])C1:N:C(C2:C([H]):N([H]):C3:C([H]):C([H]):C([H]):C([H]):C:2:3):C([H]):N2:C(O[S:31](=[O:32])(=[O:33])[O:34]):C([C@@]([H])(C([H])([H])[H])C([H])([H])C([H])([H])[H]):N:C:1:2>>[H]O[C@]1([H])[C@]([H])(OP(=O)(O[H])O[H])[C@@]([H])(C([H])([H])OP(=O)(O[H])O[S:31](=[O:32])(=[O:33])[O:34])O[C@@]1([H])N1:C([H]):N:C2:C(N([H])[H]):N:C([H]):N:C:2:1,EVODEX-P20588
EVODEX-N8057,[H]O[C@]1([H])[C@]([H])(OP(=O)(O[H])O[H])[C@@]([H])(C([H])([H])OP(=O)(O[H])O[S:52](=[O:53])(=[O:54])[O:55])O[C@@]1([H])N1:C([H]):N:C2:C(N([H])[H]):N:C([H]):N:C:2:1>>[H]OC([H])([H])[C@@]1([H])O[C@@]([H])(OC([H])([H])[C@]([H])(N([H])[H])[C@]([H])(O[S:52](=[O:53])(=[O:54])[O:55])/C([H])=C(\[H])C([H])([H])C([H])([H])C([H])([H])C([H])([H])C([H])([H])C([H])([H])C([H])([H])C([H])([H])C([H])([H])C([H])([H])C([H])([H])C([H])([H])C([H])([H])[H])[C@]([H])(O[H])[C@@]([H])(O[H])[C@@]1([H])O[H],EVODEX-P20593
EVODEX-N8058,[H]O[C@]1([H])[C@]([H])(OP(=O)(O[H])O[H])[C@@]([H])(C([H])([H])OP(=O)(O[H])O[S:52](=[O:53])(=[O:54])[O:55])O[C@@]1([H])N1:C([H]):N:C2:C(N([H])[H]):N:C([H]):N:C:2:1>>[H]O[C@]1([H])[C@@]([H])(O[H])[C@]([H])(OC([H])([H])[C@]([H])(N([H])[H])[C@]([H])(O[H])/C([H])=C(\[H])C([H])([H])C([H])([H])C([H])([H])C([H])([H])C([H])([H])C([H])([H])C([H])([H])C([H])([H])C([H])([H])C([H])([H])C([H])([H])C([H])([H])C([H])([H])[H])O[C@]([H])(C([H])([H])O[S:52](=[O:53])(=[O:54])[O:55])[C@]1([H])O[H],EVODEX-P20598
EVODEX-N8059,[H]O[C@]1([H])[C@]([H])(OP(=O)(O[H])O[H])[C@@]([H])(C([H])([H])OP(=O)(O[H])O[S:53](=[O:54])(=[O:55])[O:56])O[C@@]1([H])N1:C([H]):N:C2:C(N([H])[H]):N:C([H]):N:C:2:1>>[H]OS(=O)(=O)C([H])([H])C([H])([H])N([H])C(=O)C([H])([H])C([H])([H])[C@@]([H])(C([H])([H])[H])[C@@]1([H])C([H])([H])C([H])([H])[C@@]2([H])[C@]3([H])C([H])([H])C([H])([H])[C@]4([H])C([H])([H])[C@]([H])(O[S:53](=[O:54])(=[O:55])[O:56])C([H])([H])C([H])([H])[C@]4(C([H])([H])[H])[C@@]3([H])C([H])([H])C([H])([H])[C@@]21C([H])([H])[H],EVODEX-P20603
EVODEX-N8060,>>[H]OS(=O)(=O)C([H])([H])C([H])([H])N([H])C(=O)C([H])([H])C([H])([H])[C@@]([H])(C([H])([H])[H])[C@@]1([H])C([H])([H])C([H])([H])[C@@]2([H])[C@]3([H])C([H])([H])C([H])([H])[C@]4([H])C([H])([H])[C@]([H])(O)C([H])([H])C([H])([H])[C@]4(C([H])([H])[H])[C@@]3([H])C([H])([H])C([H])([H])[C@@]21C([H])([H])[H].[H],EVODEX-P20605
EVODEX-N8061,[H][S:4][C:2].[O:23][S:24](=[O:25])(=[O:26])[O:27]>>[C:2][S:4][S:24](=[O:25])(=[O:26])[O:27].[H][O:23],"EVODEX-P20606,EVODEX-P20611"
EVODEX-N8062,[H][S:4][C:2].[H]O[C@]1([H])[C@]([H])(OP(=O)(O[H])O[H])[C@@]([H])(C([H])([H])OP(=O)(O[H])O[S:24](=[O:25])(=[O:26])[O:27])O[C@@]1([H])N1:C([H]):N:C2:C(N([H])[H]):N:C([H]):N:C:2:1>>[C:2][S:4][S:24](=[O:25])(=[O:26])[O:27],"EVODEX-P20607,EVODEX-P20612"
EVODEX-N8063,[H]O[C@]1([H])[C@]([H])(OP(=O)(O[H])O[H])[C@@]([H])(C([H])([H])OP(=O)(O[H])O[S:24](=[O:25])(=[O:26])[O:27])O[C@@]1([H])N1:C([H]):N:C2:C(N([H])[H]):N:C([H]):N:C:2:1>>[H]OC([H])(S[S:24](=[O:25])(=[O:26])[O:27])C([H])([H])[H],EVODEX-P20608
EVODEX-N8064,[H][S:4][C:2]>>[H]OS(=O)(=O)[S:4][C:2],"EVODEX-P20609,EVODEX-P20613"
EVODEX-N8065,>>[H]OC([H])(S)C([H])([H])[H].[H],EVODEX-P20610
EVODEX-N8066,[H]O[C@]1([H])[C@]([H])(OP(=O)(O[H])O[H])[C@@]([H])(C([H])([H])OP(=O)(O[H])O[S:20](=[O:21])(=[O:22])[O:23])O[C@@]1([H])N1:C([H]):N:C2:C(N([H])[H]):N:C([H]):N:C:2:1>>[H]OC([H])([H])C([H])([H])S[S:20](=[O:21])(=[O:22])[O:23],EVODEX-P20614
EVODEX-N8067,>>[H].[H]OC([H])([H])C([H])([H])S,EVODEX-P20615
EVODEX-N8068,[H]O[C@]1([H])[C@]([H])(OP(=O)(O[H])O[H])[C@@]([H])(C([H])([H])OP(=O)(O[H])O[S:47](=[O:48])(=[O:49])[O:50])O[C@@]1([H])N1:C([H]):N:C2:C(N([H])[H]):N:C([H]):N:C:2:1>>[H]OC(=O)[C@@]1([H])O[C@@]([H])(O[C@@]2([H])[C@@]([H])(O[H])[C@@]([H])(C([H])([H])O[S:47](=[O:48])(=[O:49])[O:50])O[C@@]([H])(O[H])[C@]2([H])N([H])C(=O)C([H])([H])[H])[C@]([H])(O[H])[C@@]([H])(O[H])[C@]1([H])O[H],EVODEX-P20618
EVODEX-N8069,[H]O[C@]1([H])[C@]([H])(OP(=O)(O[H])O[H])[C@@]([H])(C([H])([H])OP(=O)(O[H])O[S:58](=[O:59])(=[O:60])[O:61])O[C@@]1([H])N1:C([H]):N:C2:C(N([H])[H]):N:C([H]):N:C:2:1>>[H]OC(=O)[C@@]([H])(N([H])[H])C([H])([H])O[C@]1([H])OC([H])([H])[C@@]([H])(O[C@]2([H])O[C@]([H])(C([H])([H])O[H])[C@]([H])(O[H])[C@]([H])(O[C@]3([H])O[C@]([H])(C([H])([H])O[S:58](=[O:59])(=[O:60])[O:61])[C@]([H])(O[H])[C@]([H])(O[H])[C@@]3([H])O[H])[C@@]2([H])O[H])[C@]([H])(O[H])[C@@]1([H])O[H],EVODEX-P20623
EVODEX-N8070,[H]O[C@]1([H])[C@]([H])(OP(=O)(O[H])O[H])[C@@]([H])(C([H])([H])OP(=O)(O[H])O[S:46](=[O:47])(=[O:48])[O:49])O[C@@]1([H])N1:C([H]):N:C2:C(N([H])[H]):N:C([H]):N:C:2:1>>[H]O[C@@]1([H])C([H])([H])[C@@]2(C([H])([H])[H])[C@@]([H])(C([H])([H])C([H])([H])[C@]2(O[H])C(=O)C([H])([H])O[S:46](=[O:47])(=[O:48])[O:49])[C@]2([H])C([H])([H])C([H])([H])C3=C([H])C(=O)C([H])([H])C([H])([H])[C@]3(C([H])([H])[H])[C@]21[H],EVODEX-P20628
EVODEX-N8071,[H]O[C@]1([H])[C@]([H])(OP(=O)(O[H])O[H])[C@@]([H])(C([H])([H])OP(=O)(O[H])O[S:106](=[O:107])(=[O:108])[O:109])O[C@@]1([H])N1:C([H]):N:C2:C(N([H])[H]):N:C([H]):N:C:2:1>>[H]OC(=O)C([H])([H])[C@@]([H])(C(=O)N([H])[C@]([H])(C(=O)N([H])[C@]([H])(C(=O)N([H])[C@]([H])(C(=O)N1C([H])([H])C([H])([H])C([H])([H])[C@@]1([H])C(=O)N([H])[C@]([H])(C(=O)N([H])[C@]([H])(C(=O)O[H])[C@@]([H])(C([H])([H])[H])C([H])([H])C([H])([H])[H])C([H])([H])C(=O)O[H])C([H])([H])C1:C([H]):C([H]):C(O[S:106](=[O:107])(=[O:108])[O:109]):C([H]):C:1[H])C([H])([H])C1:C([H]):C([H]):C(O[H]):C([H]):C:1[H])C([H])([H])C1:C([H]):C([H]):C(OS(=O)(=O)O[H]):C([H]):C:1[H])N([H])C(=O)[C@@]([H])(N([H])C(=O)[C@@]([H])(N([H])[H])C([H])(C([H])([H])[H])C([H])([H])[H])[C@]([H])(O[H])C([H])([H])[H],EVODEX-P20633
EVODEX-N8072,>>[H]OC(=O)C([H])([H])[C@@]([H])(C(=O)N([H])[C@]([H])(C(=O)N([H])[C@]([H])(C(=O)N([H])[C@]([H])(C(=O)N1C([H])([H])C([H])([H])C([H])([H])[C@@]1([H])C(=O)N([H])[C@]([H])(C(=O)N([H])[C@]([H])(C(=O)O[H])[C@@]([H])(C([H])([H])[H])C([H])([H])C([H])([H])[H])C([H])([H])C(=O)O[H])C([H])([H])C1:C([H]):C([H]):C(O):C([H]):C:1[H])C([H])([H])C1:C([H]):C([H]):C(O[H]):C([H]):C:1[H])C([H])([H])C1:C([H]):C([H]):C(OS(=O)(=O)O[H]):C([H]):C:1[H])N([H])C(=O)[C@@]([H])(N([H])C(=O)[C@@]([H])(N([H])[H])C([H])(C([H])([H])[H])C([H])([H])[H])[C@]([H])(O[H])C([H])([H])[H].[H],EVODEX-P20635
EVODEX-N8073,[H]O[C@]1([H])[C@]([H])(OP(=O)(O[H])O[H])[C@@]([H])(C([H])([H])OP(=O)(O[H])O[S:102](=[O:103])(=[O:104])[O:105])O[C@@]1([H])N1:C([H]):N:C2:C(N([H])[H]):N:C([H]):N:C:2:1>>[H]OC(=O)C([H])([H])[C@@]([H])(C(=O)N([H])[C@]([H])(C(=O)N([H])[C@]([H])(C(=O)N([H])[C@]([H])(C(=O)N1C([H])([H])C([H])([H])C([H])([H])[C@@]1([H])C(=O)N([H])[C@]([H])(C(=O)N([H])[C@]([H])(C(=O)O[H])[C@@]([H])(C([H])([H])[H])C([H])([H])C([H])([H])[H])C([H])([H])C(=O)O[H])C([H])([H])C1:C([H]):C([H]):C(O[H]):C([H]):C:1[H])C([H])([H])C1:C([H]):C([H]):C(O[H]):C([H]):C:1[H])C([H])([H])C1:C([H]):C([H]):C(O[S:102](=[O:103])(=[O:104])[O:105]):C([H]):C:1[H])N([H])C(=O)[C@@]([H])(N([H])C(=O)[C@@]([H])(N([H])[H])C([H])(C([H])([H])[H])C([H])([H])[H])[C@]([H])(O[H])C([H])([H])[H],EVODEX-P20638
EVODEX-N8074,>>[H]OC(=O)C([H])([H])[C@@]([H])(C(=O)N([H])[C@]([H])(C(=O)N([H])[C@]([H])(C(=O)N([H])[C@]([H])(C(=O)N1C([H])([H])C([H])([H])C([H])([H])[C@@]1([H])C(=O)N([H])[C@]([H])(C(=O)N([H])[C@]([H])(C(=O)O[H])[C@@]([H])(C([H])([H])[H])C([H])([H])C([H])([H])[H])C([H])([H])C(=O)O[H])C([H])([H])C1:C([H]):C([H]):C(O[H]):C([H]):C:1[H])C([H])([H])C1:C([H]):C([H]):C(O[H]):C([H]):C:1[H])C([H])([H])C1:C([H]):C([H]):C(O):C([H]):C:1[H])N([H])C(=O)[C@@]([H])(N([H])C(=O)[C@@]([H])(N([H])[H])C([H])(C([H])([H])[H])C([H])([H])[H])[C@]([H])(O[H])C([H])([H])[H].[H],EVODEX-P20640
EVODEX-N8075,[H][C:13]([C:12])([O:14])[H:68].[O:45][S:46](=[O:47])(=[O:48])[O:49]>>[C:12][C:13]([O:14])([S:46](=[O:47])(=[O:48])[O:49])[H:68].[H][O:45],EVODEX-P20641
EVODEX-N8076,[H][C:13]([C:12])([O:14])[H:68].[H]O[C@]1([H])[C@]([H])(OP(=O)(O[H])O[H])[C@@]([H])(C([H])([H])OP(=O)(O[H])O[S:46](=[O:47])(=[O:48])[O:49])O[C@@]1([H])N1:C([H]):N:C2:C(N([H])[H]):N:C([H]):N:C:2:1>>[C:12][C:13]([O:14])([S:46](=[O:47])(=[O:48])[O:49])[H:68],EVODEX-P20642
EVODEX-N8077,[H]O[C@]1([H])[C@]([H])(OP(=O)(O[H])O[H])[C@@]([H])(C([H])([H])OP(=O)(O[H])O[S:46](=[O:47])(=[O:48])[O:49])O[C@@]1([H])N1:C([H]):N:C2:C(N([H])[H]):N:C([H]):N:C:2:1>>[H]OC([H])([H])[C@@]1([H])O[C@@]([H])(O[H])[C@]([H])(N([H])C(=O)C([H])([H])[H])[C@@]([H])(O[H])[C@]1([H])O[C@]1([H])O[C@]([H])(C([H])(O[H])[S:46](=[O:47])(=[O:48])[O:49])[C@]([H])(O[H])[C@]([H])(O[H])[C@@]1([H])O[H],EVODEX-P20643
EVODEX-N8078,[H][C:13]([C:12])([O:14])[H:68]>>[H]OS(=O)(=O)[C:13]([C:12])([O:14])[H:68],EVODEX-P20644
EVODEX-N8079,[H]O[C@]1([H])[C@]([H])(OP(=O)(O[H])O[H])[C@@]([H])(C([H])([H])OP(=O)(O[H])O[S:46](=[O:47])(=[O:48])[O:49])O[C@@]1([H])N1:C([H]):N:C2:C(N([H])[H]):N:C([H]):N:C:2:1>>[H]OC([H])([H])[C@@]1([H])O[C@@]([H])(O[H])[C@]([H])(N([H])C(=O)C([H])([H])[H])[C@@]([H])(O[H])[C@]1([H])O[C@]1([H])O[C@]([H])(C([H])([H])O[S:46](=[O:47])(=[O:48])[O:49])[C@]([H])(O[H])[C@]([H])(O[H])[C@@]1([H])O[H],EVODEX-P20648
EVODEX-N8080,[H]O[C@]1([H])[C@]([H])(OP(=O)(O[H])O[H])[C@@]([H])(C([H])([H])OP(=O)(O[H])O[S:20](=[O:21])(=[O:22])[O:23])O[C@@]1([H])N1:C([H]):N:C2:C(N([H])[H]):N:C([H]):N:C:2:1>>[H]OC(=O)[C@]1([H])O[C@@]([H])(O[C@@]2([H])[C@]([H])(O[H])[C@@]([H])(C([H])([H])OS(=O)(=O)O[H])O[C@]([H])(O[H])[C@]2([H])N([H])S(=O)(=O)O[H])[C@]([H])(OS(=O)(=O)O[H])[C@@]([H])(O[C@@]2([H])O[C@]([H])(C([H])([H])OS(=O)(=O)O[H])[C@@]([H])(O[C@]3([H])O[C@]([H])(C(=O)O[H])[C@@]([H])(O[C@@]4([H])O[C@]([H])(C([H])([H])OS(=O)(=O)O[H])[C@@]([H])(O[H])[C@]([H])(O[H])[C@@]4([H])N([H])S(=O)(=O)O[H])[C@]([H])(O[H])[C@@]3([H])O[H])[C@]([H])(O[S:20](=[O:21])(=[O:22])[O:23])[C@@]2([H])N([H])S(=O)(=O)O[H])[C@@]1([H])O[H],EVODEX-P20660
EVODEX-N8081,>>[H].[H]OC(=O)[C@]1([H])O[C@@]([H])(O[C@@]2([H])[C@]([H])(O[H])[C@@]([H])(C([H])([H])OS(=O)(=O)O[H])O[C@]([H])(O[H])[C@]2([H])N([H])S(=O)(=O)O[H])[C@]([H])(OS(=O)(=O)O[H])[C@@]([H])(O[C@@]2([H])O[C@]([H])(C([H])([H])OS(=O)(=O)O[H])[C@@]([H])(O[C@]3([H])O[C@]([H])(C(=O)O[H])[C@@]([H])(O[C@@]4([H])O[C@]([H])(C([H])([H])OS(=O)(=O)O[H])[C@@]([H])(O[H])[C@]([H])(O[H])[C@@]4([H])N([H])S(=O)(=O)O[H])[C@]([H])(O[H])[C@@]3([H])O[H])[C@]([H])(O)[C@@]2([H])N([H])S(=O)(=O)O[H])[C@@]1([H])O[H],EVODEX-P20661
EVODEX-N8082,[O:19][S:20](=[O:21])(=[O:22])[O:23].[H][O:47][N:46]>>[H][O:19].[S:20](=[O:21])(=[O:22])([O:23])[O:47][N:46],"EVODEX-P20662,EVODEX-P20667,EVODEX-P20752,EVODEX-P20757"
EVODEX-N8083,[H]O[C@]1([H])[C@]([H])(OP(=O)(O[H])O[H])[C@@]([H])(C([H])([H])OP(=O)(O[H])O[S:20](=[O:21])(=[O:22])[O:23])O[C@@]1([H])N1:C([H]):N:C2:C(N([H])[H]):N:C([H]):N:C:2:1.[H][O:47][N:46]>>[S:20](=[O:21])(=[O:22])([O:23])[O:47][N:46],"EVODEX-P20663,EVODEX-P20668,EVODEX-P20753,EVODEX-P20758"
EVODEX-N8084,[H][O:47][N:46]>>[H]OS(=O)(=O)[O:47][N:46],"EVODEX-P20664,EVODEX-P20669,EVODEX-P20755,EVODEX-P20760"
EVODEX-N8085,[H]O[C@]1([H])[C@]([H])(OP(=O)(O[H])O[H])[C@@]([H])(C([H])([H])OP(=O)(O[H])O[S:20](=[O:21])(=[O:22])[O:23])O[C@@]1([H])N1:C([H]):N:C2:C(N([H])[H]):N:C([H]):N:C:2:1>>[H]OC([H])([H])[C@@]1([H])O[C@]([H])(S/C(=N/O[S:20](=[O:21])(=[O:22])[O:23])C([H])([H])C2:C([H]):C([H]):C([H]):C([H]):C:2[H])[C@]([H])(O[H])[C@@]([H])(O[H])[C@@]1([H])O[H],EVODEX-P20665
EVODEX-N8086,>>[H].[H]OC([H])([H])[C@@]1([H])O[C@]([H])(S/C(=N/O)C([H])([H])C2:C([H]):C([H]):C([H]):C([H]):C:2[H])[C@]([H])(O[H])[C@@]([H])(O[H])[C@@]1([H])O[H],EVODEX-P20666
EVODEX-N8087,[H]O[C@]1([H])[C@]([H])(OP(=O)(O[H])O[H])[C@@]([H])(C([H])([H])OP(=O)(O[H])O[S:20](=[O:21])(=[O:22])[O:23])O[C@@]1([H])N1:C([H]):N:C2:C(N([H])[H]):N:C([H]):N:C:2:1>>[H]OC1:C([H]):C([H]):C(C([H])([H])/C(=N/O[S:20](=[O:21])(=[O:22])[O:23])S[C@]2([H])O[C@]([H])(C([H])([H])O[H])[C@@]([H])(O[H])[C@]([H])(O[H])[C@@]2([H])O[H]):C([H]):C:1[H],EVODEX-P20670
EVODEX-N8088,>>[H].[H]OC1:C([H]):C([H]):C(C([H])([H])/C(=N/O)S[C@]2([H])O[C@]([H])(C([H])([H])O[H])[C@@]([H])(O[H])[C@]([H])(O[H])[C@@]2([H])O[H]):C([H]):C:1[H],EVODEX-P20671
EVODEX-N8089,[H]O[C@]1([H])[C@]([H])(OP(=O)(O[H])O[H])[C@@]([H])(C([H])([H])OP(=O)(O[H])O[S:20](=[O:21])(=[O:22])[O:23])O[C@@]1([H])N1:C([H]):N:C2:C(N([H])[H]):N:C([H]):N:C:2:1>>[H]OC1:C([H]):C([H]):C(C2:O:C3:C([H]):C(O[H]):C([H]):C(O[H]):C:3:C(=O):C:2O[S:20](=[O:21])(=[O:22])[O:23]):C([H]):C:1O[H],EVODEX-P20675
EVODEX-N8090,[H]O[C@]1([H])[C@]([H])(OP(=O)(O[H])O[H])[C@@]([H])(C([H])([H])OP(=O)(O[H])O[S:43](=[O:44])(=[O:45])[O:46])O[C@@]1([H])N1:C([H]):N:C2:C(N([H])[H]):N:C([H]):N:C:2:1>>[H]OC1:C([H]):C([H]):C(C2:O:C3:C([H]):C(O[H]):C([H]):C(O[H]):C:3:C(=O):C:2O[S:43](=[O:44])(=[O:45])[O:46]):C([H]):C:1OC([H])([H])[H],EVODEX-P20679
EVODEX-N8091,[H]O[C@]1([H])[C@]([H])(OP(=O)(O[H])O[H])[C@@]([H])(C([H])([H])OP(=O)(O[H])O[S:20](=[O:21])(=[O:22])[O:23])O[C@@]1([H])N1:C([H]):N:C2:C(N([H])[H]):N:C([H]):N:C:2:1>>[H]OC1:C([H]):C([H]):C(C2:O:C3:C([H]):C(O[H]):C([H]):C(O[H]):C:3:C(=O):C:2OS(=O)(=O)O[H]):C([H]):C:1O[S:20](=[O:21])(=[O:22])[O:23],EVODEX-P20685
EVODEX-N8092,>>[H].[H]OC1:C([H]):C([H]):C(C2:O:C3:C([H]):C(O[H]):C([H]):C(O[H]):C:3:C(=O):C:2OS(=O)(=O)O[H]):C([H]):C:1O,"EVODEX-P20686,EVODEX-P20691"
EVODEX-N8093,[H]O[C@]1([H])[C@]([H])(OP(=O)(O[H])O[H])[C@@]([H])(C([H])([H])OP(=O)(O[H])O[S:20](=[O:21])(=[O:22])[O:23])O[C@@]1([H])N1:C([H]):N:C2:C(N([H])[H]):N:C([H]):N:C:2:1>>[H]OC1:C([H]):C(C2:O:C3:C([H]):C(O[H]):C([H]):C(O[H]):C:3:C(=O):C:2OS(=O)(=O)O[H]):C([H]):C([H]):C:1O[S:20](=[O:21])(=[O:22])[O:23],EVODEX-P20690
EVODEX-N8094,[H]O[C@]1([H])[C@]([H])(OP(=O)(O[H])O[H])[C@@]([H])(C([H])([H])OP(=O)(O[H])O[S:47](=[O:48])(=[O:49])[O:50])O[C@@]1([H])N1:C([H]):N:C2:C(N([H])[H]):N:C([H]):N:C:2:1>>[H]OC1:C([H]):C(O[H]):C2:C(=O):C(OS(=O)(=O)O[H]):C(C3:C([H]):C([H]):C(O[S:47](=[O:48])(=[O:49])[O:50]):C(OC([H])([H])[H]):C:3[H]):O:C:2:C:1[H],EVODEX-P20694
EVODEX-N8095,>>[H]OC1:C([H]):C(O[H]):C2:C(=O):C(OS(=O)(=O)O[H]):C(C3:C([H]):C([H]):C(O):C(OC([H])([H])[H]):C:3[H]):O:C:2:C:1[H].[H],EVODEX-P20696
EVODEX-N8096,[H]O[C@]1([H])[C@]([H])(OP(=O)(O[H])O[H])[C@@]([H])(C([H])([H])OP(=O)(O[H])O[S:20](=[O:21])(=[O:22])[O:23])O[C@@]1([H])N1:C([H]):N:C2:C(N([H])[H]):N:C([H]):N:C:2:1>>[H]OC1:C([H]):C([H]):C(C2:O:C3:C([H]):C(O[S:20](=[O:21])(=[O:22])[O:23]):C([H]):C(O[H]):C:3:C(=O):C:2OS(=O)(=O)O[H]):C([H]):C:1[H],EVODEX-P20700
EVODEX-N8097,>>[H].[H]OC1:C([H]):C([H]):C(C2:O:C3:C([H]):C(O):C([H]):C(O[H]):C:3:C(=O):C:2OS(=O)(=O)O[H]):C([H]):C:1[H],EVODEX-P20701
EVODEX-N8098,[H]O[C@]1([H])[C@]([H])(OP(=O)(O[H])O[H])[C@@]([H])(C([H])([H])OP(=O)(O[H])O[S:20](=[O:21])(=[O:22])[O:23])O[C@@]1([H])N1:C([H]):N:C2:C(N([H])[H]):N:C([H]):N:C:2:1>>[H]OC1:C([H]):C([H]):C(C2:O:C3:C([H]):C(O[S:20](=[O:21])(=[O:22])[O:23]):C([H]):C(O[H]):C:3:C(=O):C:2OS(=O)(=O)O[H]):C([H]):C:1OS(=O)(=O)O[H],EVODEX-P20705
EVODEX-N8099,>>[H].[H]OC1:C([H]):C([H]):C(C2:O:C3:C([H]):C(O):C([H]):C(O[H]):C:3:C(=O):C:2OS(=O)(=O)O[H]):C([H]):C:1OS(=O)(=O)O[H],EVODEX-P20706
EVODEX-N8100,[H]O[C@]1([H])[C@]([H])(OP(=O)(O[H])O[H])[C@@]([H])(C([H])([H])OP(=O)(O[H])O[S:48](=[O:49])(=[O:50])[O:51])O[C@@]1([H])N1:C([H]):N:C2:C(N([H])[H]):N:C([H]):N:C:2:1>>[H]O[C@@]1([H])C([H])([H])[C@]2([H])[C@@]3(C([H])([H])[H])C([H])([H])C([H])([H])C(=O)C([H])([H])[C@]3([H])C([H])([H])[C@@]([H])(O[H])[C@@]2([H])[C@]2([H])C([H])([H])C([H])([H])[C@]([H])([C@]([H])(C([H])([H])[H])C([H])([H])C([H])([H])C([H])([H])O[S:48](=[O:49])(=[O:50])[O:51])[C@]21C([H])([H])[H],EVODEX-P20709
EVODEX-N8101,>>[H]O[C@@]1([H])C([H])([H])[C@]2([H])[C@@]3(C([H])([H])[H])C([H])([H])C([H])([H])C(=O)C([H])([H])[C@]3([H])C([H])([H])[C@@]([H])(O[H])[C@@]2([H])[C@]2([H])C([H])([H])C([H])([H])[C@]([H])([C@]([H])(C([H])([H])[H])C([H])([H])C([H])([H])C([H])([H])O)[C@]21C([H])([H])[H].[H],EVODEX-P20711
EVODEX-N8102,[H]O[C@]1([H])[C@]([H])(OP(=O)(O[H])O[H])[C@@]([H])(C([H])([H])OP(=O)(O[H])O[S:48](=[O:49])(=[O:50])[O:51])O[C@@]1([H])N1:C([H]):N:C2:C(N([H])[H]):N:C([H]):N:C:2:1>>[H]O[C@]1([H])C([H])([H])C([H])([H])[C@@]2(C([H])([H])[H])[C@]([H])(C1([H])[H])C([H])([H])[C@@]([H])(O[H])[C@@]1([H])[C@]3([H])C([H])([H])C([H])([H])[C@]([H])([C@]([H])(C([H])([H])[H])C([H])([H])C([H])([H])C([H])([H])O[S:48](=[O:49])(=[O:50])[O:51])[C@@]3(C([H])([H])[H])[C@@]([H])(O[H])C([H])([H])[C@]21[H],EVODEX-P20714
EVODEX-N8103,>>[H]O[C@]1([H])C([H])([H])C([H])([H])[C@@]2(C([H])([H])[H])[C@]([H])(C1([H])[H])C([H])([H])[C@@]([H])(O[H])[C@@]1([H])[C@]3([H])C([H])([H])C([H])([H])[C@]([H])([C@]([H])(C([H])([H])[H])C([H])([H])C([H])([H])C([H])([H])O)[C@@]3(C([H])([H])[H])[C@@]([H])(O[H])C([H])([H])[C@]21[H].[H],EVODEX-P20716
EVODEX-N8104,[H]O[C@]1([H])[C@]([H])(OP(=O)(O[H])O[H])[C@@]([H])(C([H])([H])OP(=O)(O[H])O[S:53](=[O:54])(=[O:55])[O:56])O[C@@]1([H])N1:C([H]):N:C2:C(N([H])[H]):N:C([H]):N:C:2:1>>[H]OC([H])([H])C([H])(C([H])([H])O[S:53](=[O:54])(=[O:55])[O:56])[C@]([H])(O[H])C([H])([H])C([H])([H])[C@@]([H])(C([H])([H])[H])[C@@]1([H])C([H])([H])C([H])([H])[C@@]2([H])[C@@]3([H])[C@]([H])(C([H])([H])[C@]([H])(O[H])[C@@]21C([H])([H])[H])[C@@]1(C([H])([H])[H])C([H])([H])C([H])([H])[C@@]([H])(O[H])C([H])([H])[C@@]1([H])C([H])([H])[C@@]3([H])O[H],EVODEX-P20719
EVODEX-N8105,>>[H]OC([H])([H])C([H])(C([H])([H])O)[C@]([H])(O[H])C([H])([H])C([H])([H])[C@@]([H])(C([H])([H])[H])[C@@]1([H])C([H])([H])C([H])([H])[C@@]2([H])[C@@]3([H])[C@]([H])(C([H])([H])[C@]([H])(O[H])[C@@]21C([H])([H])[H])[C@@]1(C([H])([H])[H])C([H])([H])C([H])([H])[C@@]([H])(O[H])C([H])([H])[C@@]1([H])C([H])([H])[C@@]3([H])O[H].[H],EVODEX-P20721
EVODEX-N8106,[H]O[C@]1([H])[C@]([H])(OP(=O)(O[H])O[H])[C@@]([H])(C([H])([H])OP(=O)(O[H])O[S:52](=[O:53])(=[O:54])[O:55])O[C@@]1([H])N1:C([H]):N:C2:C(N([H])[H]):N:C([H]):N:C:2:1>>[H]OC([H])([H])C([H])(C([H])([H])O[S:52](=[O:53])(=[O:54])[O:55])C([H])([H])C([H])([H])C([H])([H])[C@@]([H])(C([H])([H])[H])[C@@]1([H])C([H])([H])C([H])([H])[C@@]2([H])[C@@]3([H])[C@]([H])(C([H])([H])[C@]([H])(O[H])[C@@]21C([H])([H])[H])[C@@]1(C([H])([H])[H])C([H])([H])C([H])([H])[C@@]([H])(O[H])C([H])([H])[C@]1([H])C([H])([H])[C@@]3([H])O[H],EVODEX-P20724
EVODEX-N8107,>>[H]OC([H])([H])C([H])(C([H])([H])O)C([H])([H])C([H])([H])C([H])([H])[C@@]([H])(C([H])([H])[H])[C@@]1([H])C([H])([H])C([H])([H])[C@@]2([H])[C@@]3([H])[C@]([H])(C([H])([H])[C@]([H])(O[H])[C@@]21C([H])([H])[H])[C@@]1(C([H])([H])[H])C([H])([H])C([H])([H])[C@@]([H])(O[H])C([H])([H])[C@]1([H])C([H])([H])[C@@]3([H])O[H].[H],EVODEX-P20726
EVODEX-N8108,[H]O[C@]1([H])[C@]([H])(OP(=O)(O[H])O[H])[C@@]([H])(C([H])([H])OP(=O)(O[H])O[S:70](=[O:71])(=[O:72])[O:73])O[C@@]1([H])N1:C([H]):N:C2:C(N([H])[H]):N:C([H]):N:C:2:1>>[H]OC(=O)[C@@]1([H])O[C@@]([H])(O[C@@]2([H])[C@@]([H])(OS(=O)(=O)O[H])[C@@]([H])(C([H])([H])O[H])O[C@@]([H])(O[H])[C@]2([H])N([H])C(=O)C([H])([H])[H])[C@]([H])(O[H])[C@@]([H])(O[H])[C@]1([H])O[C@]1([H])O[C@]([H])(C([H])([H])O[S:70](=[O:71])(=[O:72])[O:73])[C@]([H])(OS(=O)(=O)O[H])[C@]([H])(OC([H])([H])[H])[C@@]1([H])N([H])C(=O)C([H])([H])[H],EVODEX-P20729
EVODEX-N8109,>>[H]OC(=O)[C@@]1([H])O[C@@]([H])(O[C@@]2([H])[C@@]([H])(OS(=O)(=O)O[H])[C@@]([H])(C([H])([H])O[H])O[C@@]([H])(O[H])[C@]2([H])N([H])C(=O)C([H])([H])[H])[C@]([H])(O[H])[C@@]([H])(O[H])[C@]1([H])O[C@]1([H])O[C@]([H])(C([H])([H])O)[C@]([H])(OS(=O)(=O)O[H])[C@]([H])(OC([H])([H])[H])[C@@]1([H])N([H])C(=O)C([H])([H])[H].[H],EVODEX-P20731
EVODEX-N8110,[H]O[C@]1([H])[C@]([H])(OP(=O)(O[H])O[H])[C@@]([H])(C([H])([H])OP(=O)(O[H])O[S:47](=[O:48])(=[O:49])[O:50])O[C@@]1([H])N1:C([H]):N:C2:C(N([H])[H]):N:C([H]):N:C:2:1>>[H]OC(=O)C([H])([H])C([H])([H])[C@@]([H])(C([H])([H])[H])[C@@]1([H])C([H])([H])C([H])([H])[C@@]2([H])[C@]3([H])C([H])([H])C([H])([H])[C@]4([H])C([H])([H])[C@]([H])(O[S:47](=[O:48])(=[O:49])[O:50])C([H])([H])C([H])([H])[C@]4(C([H])([H])[H])[C@@]3([H])C([H])([H])C([H])([H])[C@@]21C([H])([H])[H],EVODEX-P20734
EVODEX-N8111,>>[H]OC(=O)C([H])([H])C([H])([H])[C@@]([H])(C([H])([H])[H])[C@@]1([H])C([H])([H])C([H])([H])[C@@]2([H])[C@]3([H])C([H])([H])C([H])([H])[C@]4([H])C([H])([H])[C@]([H])(O)C([H])([H])C([H])([H])[C@]4(C([H])([H])[H])[C@@]3([H])C([H])([H])C([H])([H])[C@@]21C([H])([H])[H].[H],EVODEX-P20736
EVODEX-N8112,[H]O[C@]1([H])[C@]([H])(OP(=O)(O[H])O[H])[C@@]([H])(C([H])([H])OP(=O)(O[H])O[S:106](=[O:107])(=[O:108])[O:109])O[C@@]1([H])N1:C([H]):N:C2:C(N([H])[H]):N:C([H]):N:C:2:1>>[H]OC(=O)[C@]1([H])C2:C([H]):C(O[H]):C([H]):C(O[H]):C:2C2:C([H]):C(:C([H]):C(Cl):C:2O[H])[C@]2([H])C(=O)N([H])[C@]([H])(C(=O)N1[H])[C@]([H])(O[H])C1:C([H]):C([H]):C(:C(Cl):C:1[H])OC1:C([H]):C3:C([H]):C(:C:1O[H])OC1:C([H]):C([H]):C(:C([H]):C:1Cl)C([H])([H])[C@]1([H])C(=O)N([H])[C@]([H])(C(=O)N([H])[C@@]3([H])C(=O)N2[H])C2:C([H]):C(O[H]):C([H]):C(:C:2[H])OC2:C([H]):C(:C([H]):C([H]):C:2O[S:106](=[O:107])(=[O:108])[O:109])[C@@]([H])(N([H])[H])C(=O)N1[H],EVODEX-P20739
EVODEX-N8113,>>[H]OC(=O)[C@]1([H])C2:C([H]):C(O[H]):C([H]):C(O[H]):C:2C2:C([H]):C(:C([H]):C(Cl):C:2O[H])[C@]2([H])C(=O)N([H])[C@]([H])(C(=O)N1[H])[C@]([H])(O[H])C1:C([H]):C([H]):C(:C(Cl):C:1[H])OC1:C([H]):C3:C([H]):C(:C:1O[H])OC1:C([H]):C([H]):C(:C([H]):C:1Cl)C([H])([H])[C@]1([H])C(=O)N([H])[C@]([H])(C(=O)N([H])[C@@]3([H])C(=O)N2[H])C2:C([H]):C(O[H]):C([H]):C(:C:2[H])OC2:C([H]):C(:C([H]):C([H]):C:2O)[C@@]([H])(N([H])[H])C(=O)N1[H].[H],EVODEX-P20741
EVODEX-N8114,[H]O[C@]1([H])[C@]([H])(OP(=O)(O[H])O[H])[C@@]([H])(C([H])([H])OP(=O)(O[H])O[S:105](=[O:106])(=[O:107])[O:108])O[C@@]1([H])N1:C([H]):N:C2:C(N([H])[H]):N:C([H]):N:C:2:1>>[H]OC(=O)[C@]1([H])C2:C([H]):C(O[H]):C([H]):C(O[H]):C:2C2:C([H]):C(:C([H]):C([H]):C:2O[H])[C@]2([H])C(=O)N([H])[C@]([H])(C(=O)N1[H])[C@]([H])(O[H])C1:C([H]):C([H]):C(:C(Cl):C:1[H])OC1:C([H]):C3:C([H]):C(:C:1O[H])OC1:C([H]):C([H]):C(:C([H]):C:1Cl)C([H])([H])[C@]1([H])C(=O)N([H])[C@]([H])(C(=O)N([H])[C@@]3([H])C(=O)N2[H])C2:C([H]):C(O[H]):C([H]):C(:C:2[H])OC2:C([H]):C(:C([H]):C([H]):C:2O[S:105](=[O:106])(=[O:107])[O:108])[C@]([H])(N([H])[H])C(=O)N1[H],EVODEX-P20744
EVODEX-N8115,>>[H]OC(=O)[C@]1([H])C2:C([H]):C(O[H]):C([H]):C(O[H]):C:2C2:C([H]):C(:C([H]):C([H]):C:2O[H])[C@]2([H])C(=O)N([H])[C@]([H])(C(=O)N1[H])[C@]([H])(O[H])C1:C([H]):C([H]):C(:C(Cl):C:1[H])OC1:C([H]):C3:C([H]):C(:C:1O[H])OC1:C([H]):C([H]):C(:C([H]):C:1Cl)C([H])([H])[C@]1([H])C(=O)N([H])[C@]([H])(C(=O)N([H])[C@@]3([H])C(=O)N2[H])C2:C([H]):C(O[H]):C([H]):C(:C:2[H])OC2:C([H]):C(:C([H]):C([H]):C:2O)[C@]([H])(N([H])[H])C(=O)N1[H].[H],EVODEX-P20746
EVODEX-N8116,[H]O[C@]1([H])[C@]([H])(OP(=O)(O[H])O[H])[C@@]([H])(C([H])([H])OP(=O)(O[H])O[S:20](=[O:21])(=[O:22])[O:23])O[C@@]1([H])N1:C([H]):N:C2:C(N([H])[H]):N:C([H]):N:C:2:1>>[H]OC([H])([H])[C@@]1([H])O[C@]([H])(O[C@@]2([H])O[C@]([H])(C([H])([H])O[H])[C@@]([H])(O[H])[C@]([H])(O[H])[C@@]2([H])O[S:20](=[O:21])(=[O:22])[O:23])[C@]([H])(O[H])[C@@]([H])(O[H])[C@]1([H])O[H],EVODEX-P20750
EVODEX-N8117,>>[H].[H]OC([H])([H])[C@@]1([H])O[C@]([H])(O[C@@]2([H])O[C@]([H])(C([H])([H])O[H])[C@@]([H])(O[H])[C@]([H])(O[H])[C@@]2([H])O)[C@]([H])(O[H])[C@@]([H])(O[H])[C@]1([H])O[H],EVODEX-P20751
EVODEX-N8118,[H]O[C@]1([H])[C@]([H])(OP(=O)(O[H])O[H])[C@@]([H])(C([H])([H])OP(=O)(O[H])O[S:38](=[O:39])(=[O:40])[O:41])O[C@@]1([H])N1:C([H]):N:C2:C(N([H])[H]):N:C([H]):N:C:2:1>>[H]OC([H])([H])[C@@]1([H])O[C@@]([H])(SC(=NO[S:38](=[O:39])(=[O:40])[O:41])C([H])([H])C([H])=C([H])[H])[C@]([H])(O[H])[C@@]([H])(O[H])[C@]1([H])O[H],EVODEX-P20754
EVODEX-N8119,>>[H]OC([H])([H])[C@@]1([H])O[C@@]([H])(SC(=NO)C([H])([H])C([H])=C([H])[H])[C@]([H])(O[H])[C@@]([H])(O[H])[C@]1([H])O[H].[H],EVODEX-P20756
EVODEX-N8120,[H]O[C@]1([H])[C@]([H])(OP(=O)(O[H])O[H])[C@@]([H])(C([H])([H])OP(=O)(O[H])O[S:40](=[O:41])(=[O:42])[O:43])O[C@@]1([H])N1:C([H]):N:C2:C(N([H])[H]):N:C([H]):N:C:2:1>>[H]OC([H])([H])[C@@]1([H])O[C@@]([H])(S/C(=N\O[S:40](=[O:41])(=[O:42])[O:43])C([H])([H])C([H])([H])C([H])([H])SC([H])([H])[H])[C@]([H])(O[H])[C@@]([H])(O[H])[C@]1([H])O[H],EVODEX-P20759
EVODEX-N8121,>>[H]OC([H])([H])[C@@]1([H])O[C@@]([H])(S/C(=N\O)C([H])([H])C([H])([H])C([H])([H])SC([H])([H])[H])[C@]([H])(O[H])[C@@]([H])(O[H])[C@]1([H])O[H].[H],EVODEX-P20761
EVODEX-N8122,[H]O[C@]1([H])[C@]([H])(OP(=O)(O[H])O[H])[C@@]([H])(C([H])([H])OP(=O)(O[H])O[S:20](=[O:21])(=[O:22])[O:23])O[C@@]1([H])N1:C([H]):N:C2:C(N([H])[H]):N:C([H]):N:C:2:1>>[H]OC(=O)C([H])([H])[C@@]1([H])C([H])([H])C([H])([H])C(=O)[C@]1([H])C([H])([H])/C([H])=C(/[H])C([H])([H])C([H])([H])O[S:20](=[O:21])(=[O:22])[O:23],EVODEX-P20765
EVODEX-N8123,>>[H].[H]OC(=O)C([H])([H])[C@@]1([H])C([H])([H])C([H])([H])C(=O)[C@]1([H])C([H])([H])/C([H])=C(/[H])C([H])([H])C([H])([H])O,EVODEX-P20766
EVODEX-N8124,[H][C:1]([C:2])([H:57])[H:58].[H]OC(=O)C([H])([H])[C:52]([H:95])([H:96])[H:97]>>[C:1]([C:2])([C:52]([H:95])([H:96])[H:97])([H:57])[H:58],EVODEX-P20769
EVODEX-N8125,[H]OC(=O)C([H])([H])[C:52]([H:95])([H:96])[H:97]>>[H]O[C@]1([H])[C@]([H])(OP(=O)(O[H])O[H])[C@@]([H])(C([H])([H])OP(=O)(O[H])OP(=O)(O[H])OC([H])([H])C(C([H])([H])[H])(C([H])([H])[H])[C@@]([H])(O[H])C(=O)N([H])C([H])([H])C([H])([H])C(=O)N([H])C([H])([H])C([H])([H])SC(=O)C([H])([H])[C:52]([H:95])([H:96])[H:97])O[C@@]1([H])N1:C([H]):N:C2:C(N([H])[H]):N:C([H]):N:C:2:1,EVODEX-P20770
EVODEX-N8126,[H][C:1]([C:2])([H:57])[H:58].[H]O[C@]1([H])[C@]([H])(OP(=O)(O[H])O[H])[C@@]([H])(C([H])([H])OP(=O)(O[H])OP(=O)(O[H])OC([H])([H])C(C([H])([H])[H])(C([H])([H])[H])[C@@]([H])(O[H])C(=O)N([H])C([H])([H])C([H])([H])C(=O)N([H])C([H])([H])C([H])([H])SC(=O)C([H])([H])[C:5]([H:61])([H:62])[H:63])O[C@@]1([H])N1:C([H]):N:C2:C(N([H])[H]):N:C([H]):N:C:2:1>>[C:1]([C:2])([C:5]([H:61])([H:62])[H:63])([H:57])[H:58],EVODEX-P20775
EVODEX-N8127,[H]O[C@]1([H])[C@]([H])(OP(=O)(O[H])O[H])[C@@]([H])(C([H])([H])OP(=O)(O[H])OP(=O)(O[H])OC([H])([H])C(C([H])([H])[H])(C([H])([H])[H])[C@@]([H])(O[H])C(=O)N([H])C([H])([H])C([H])([H])C(=O)N([H])C([H])([H])C([H])([H])SC(=O)C([H])([H])[C:5]([H:61])([H:62])[H:63])O[C@@]1([H])N1:C([H]):N:C2:C(N([H])[H]):N:C([H]):N:C:2:1>>[H]OC(=O)C([H])([H])[C:5]([H:61])([H:62])[H:63],EVODEX-P20776
EVODEX-N8128,[C:47][S:48][C:49](=[O:50])[C:51].[O:56]=[C:57]([O:58][H:102])[C:59]>>[C:49](=[O:50])([C:51])[O:58][H:102].[C:47][S:48][C:57](=[O:56])[C:59],"EVODEX-P20779,EVODEX-P20797,EVODEX-P20805,EVODEX-P20814,EVODEX-P20822,EVODEX-P20839,EVODEX-P20847,EVODEX-P20866,EVODEX-P20874,EVODEX-P20882,EVODEX-P20890,EVODEX-P20898,EVODEX-P20906,EVODEX-P20943,EVODEX-P20952,EVODEX-P20971,EVODEX-P20978,EVODEX-P20991,EVODEX-P21011,EVODEX-P21020,EVODEX-P21034"
EVODEX-N8129,[H]OC(=O)C([H])([H])C([H])([H])C(=O)[S:48][C:47].[H]O[C:64]([C:63])=[O:65]>>[C:47][S:48][C:64]([C:63])=[O:65],"EVODEX-P20780,EVODEX-P20800,EVODEX-P20815,EVODEX-P20875,EVODEX-P20899,EVODEX-P21037"
EVODEX-N8130,[H]OC(=O)C([H])([H])C([H])([H])C(=O)[S:48][C:47]>>[H]OC(=O)C(=O)[S:48][C:47],EVODEX-P20782
EVODEX-N8131,[H]O[C@]1([H])[C@]([H])(OP(=O)(O[H])O[H])[C@@]([H])(C([H])([H])OP(=O)(O[H])OP(=O)(O[H])OC([H])([H])C(C([H])([H])[H])(C([H])([H])[H])[C@@]([H])(O[H])C(=O)N([H])C([H])([H])C([H])([H])C(=O)N([H])C([H])([H])C([H])([H])S[C:49](=[O:50])[C:51])O[C@@]1([H])N1:C([H]):N:C2:C(N([H])[H]):N:C([H]):N:C:2:1.[H]OC(=O)C(=O)[O:58][H:102]>>[C:49](=[O:50])([C:51])[O:58][H:102],"EVODEX-P20783,EVODEX-P20981"
EVODEX-N8132,[H]OC(=O)C(=O)[O:58][H:102]>>[H]OC(=O)C([H])([H])C([H])([H])C(=O)[O:58][H:102],EVODEX-P20784
EVODEX-N8133,>>[H]OC(=O)C([H])([H])C([H])([H])C=O.[H]O[C@]1([H])[C@]([H])(OP(=O)(O[H])O[H])[C@@]([H])(C([H])([H])OP(=O)(O[H])OP(=O)(O[H])OC([H])([H])C(C([H])([H])[H])(C([H])([H])[H])[C@@]([H])(O[H])C(=O)N([H])C([H])([H])C([H])([H])C(=O)N([H])C([H])([H])C([H])([H])S)O[C@@]1([H])N1:C([H]):N:C2:C(N([H])[H]):N:C([H]):N:C:2:1,"EVODEX-P20786,EVODEX-P20804,EVODEX-P20820,EVODEX-P20880,EVODEX-P20904,EVODEX-P21040"
EVODEX-N8134,>>[H]O.[H]OC(=O)C=O,"EVODEX-P20787,EVODEX-P20984"
EVODEX-N8135,[H][C:1]([C:2])([H:59])[H:60].[H]OC(=O)C([H])([H])[C:53](=[O:52])[O:54]>>[C:1]([C:2])([C:53](=[O:52])[O:54])([H:59])[H:60],EVODEX-P20790
EVODEX-N8136,[H]OC(=O)C([H])([H])[C:53](=[O:52])[O:54]>>[H]O[C@]1([H])[C@]([H])(OP(=O)(O[H])O[H])[C@@]([H])(C([H])([H])OP(=O)(O[H])OP(=O)(O[H])OC([H])([H])C(C([H])([H])[H])(C([H])([H])[H])[C@@]([H])(O[H])C(=O)N([H])C([H])([H])C([H])([H])C(=O)N([H])C([H])([H])C([H])([H])SC(=O)C([H])([H])[C:53](=[O:52])[O:54])O[C@@]1([H])N1:C([H]):N:C2:C(N([H])[H]):N:C([H]):N:C:2:1,EVODEX-P20791
EVODEX-N8137,[H][C:1]([H])([H])[C:2]([C:3]([H])([H])[H])([C:4]([H])([H])[O:5][P:6][O:8][H])[C@@:36]([H])([O:37][H])[C:38][N:40]([H])[C:41]([H])([H])[C:42]([H])([H])[C:43][N:45]([H])[C:46]([H])([H])[C:47]([H])([H])[S:48][C:49][C:51]([H])([H])[C:52][O:54][H].[H][N:23]([H])[C:22]:[N:24]:[C:25]([H]):[N:26].[H][O:12][P:10][O:13][C:14]([H])([H])[C@@:15]1([H])[O:16][C@@:17]([H])([N:18]:[C:19]([H]):[N:20])[C@:28]([H])([O:29][H])[C@:30]1([H])[O:31][P:32]([O:34][H])[O:35][H].[H][O:57][C:56][C:58]([H])([H])[C:59][O:61][H]>>[H][C:1]([H])([H])[C:2]([C:3]([H])([H])[H])([C:4]([H])([H])[O:5][P:6][O:8][H])[C@@:36]([H])([O:37][H])[C:38][N:40]([H])[C:41]([H])([H])[C:42]([H])([H])[C:43][N:45]([H])[C:46]([H])([H])[C:47]([H])([H])[S:48][C:49][C:51]([H])([H])[C:52][O:54][H].[H][N:23]([H])[C:22]:[N:24]:[C:25]([H]):[N:26].[H][O:12][P:10][O:13][C:14]([H])([H])[C@@:15]1([H])[O:16][C@@:17]([H])([N:18]:[C:19]([H]):[N:20])[C@:28]([H])([O:29][H])[C@:30]1([H])[O:31][P:32]([O:34][H])[O:35][H].[H][O:57][C:56][C:58]([H])([H])[C:59][O:61][H],EVODEX-P20794
EVODEX-N8138,[H][O:57][C:56][C:58]([H])([H])[C:59][O:61][H]>>[H][O:57][C:56][C:58]([H])([H])[C:59][O:61][H],EVODEX-P20795
EVODEX-N8139,[H][C:1]([H])([H])[C:2]([C:3]([H])([H])[H])([C:4]([H])([H])[O:5][P:6][O:8][H])[C@@:36]([H])([O:37][H])[C:38][N:40]([H])[C:41]([H])([H])[C:42]([H])([H])[C:43][N:45]([H])[C:46]([H])([H])[C:47]([H])([H])[S:48][C:49][C:51]([H])([H])[C:52][O:54][H].[H][N:23]([H])[C:22]:[N:24]:[C:25]([H]):[N:26].[H][O:12][P:10][O:13][C:14]([H])([H])[C@@:15]1([H])[O:16][C@@:17]([H])([N:18]:[C:19]([H]):[N:20])[C@:28]([H])([O:29][H])[C@:30]1([H])[O:31][P:32]([O:34][H])[O:35][H]>>[H][C:1]([H])([H])[C:2]([C:3]([H])([H])[H])([C:4]([H])([H])[O:5][P:6][O:8][H])[C@@:36]([H])([O:37][H])[C:38][N:40]([H])[C:41]([H])([H])[C:42]([H])([H])[C:43][N:45]([H])[C:46]([H])([H])[C:47]([H])([H])[S:48][C:49][C:51]([H])([H])[C:52][O:54][H].[H][N:23]([H])[C:22]:[N:24]:[C:25]([H]):[N:26].[H][O:12][P:10][O:13][C:14]([H])([H])[C@@:15]1([H])[O:16][C@@:17]([H])([N:18]:[C:19]([H]):[N:20])[C@:28]([H])([O:29][H])[C@:30]1([H])[O:31][P:32]([O:34][H])[O:35][H],EVODEX-P20796
EVODEX-N8140,[H]C([H])([H])C(=O)C([H])([H])C(=O)[O:7][H:68].[H]O[C@]1([H])[C@]([H])(OP(=O)(O[H])O[H])[C@@]([H])(C([H])([H])OP(=O)(O[H])OP(=O)(O[H])OC([H])([H])C(C([H])([H])[H])(C([H])([H])[H])[C@@]([H])(O[H])C(=O)N([H])C([H])([H])C([H])([H])C(=O)N([H])C([H])([H])C([H])([H])S[C:56](=[O:57])[C:58])O[C@@]1([H])N1:C([H]):N:C2:C(N([H])[H]):N:C([H]):N:C:2:1>>[O:7]([C:56](=[O:57])[C:58])[H:68],"EVODEX-P20798,EVODEX-P20848"
EVODEX-N8141,[H]C([H])([H])C(=O)C([H])([H])C(=O)[O:7][H:68]>>[H]OC(=O)C([H])([H])C([H])([H])C(=O)[O:7][H:68],EVODEX-P20799
EVODEX-N8142,[H]OC(=O)C([H])([H])C([H])([H])C(=O)[S:55][C:54]>>[H]C([H])([H])C(=O)C([H])([H])C(=O)[S:55][C:54],EVODEX-P20801
EVODEX-N8143,>>[H]C([H])([H])C(=O)C([H])([H])C=O.[H]O,"EVODEX-P20803,EVODEX-P20852"
EVODEX-N8144,[H]C([H])([H])C(=O)C([H])([H])C(=O)[S:7][C:8].[H]O[C:56](=[O:55])[C:58]>>[S:7]([C:8])[C:56](=[O:55])[C:58],"EVODEX-P20806,EVODEX-P20840"
EVODEX-N8145,[H]C([H])([H])C(=O)C([H])([H])C(=O)[S:7][C:8]>>[H]OC(=O)C([H])([H])C([H])([H])C(=O)[S:7][C:8],EVODEX-P20808
EVODEX-N8146,[H]O[C@]1([H])[C@]([H])(OP(=O)(O[H])O[H])[C@@]([H])(C([H])([H])OP(=O)(O[H])OP(=O)(O[H])OC([H])([H])C(C([H])([H])[H])(C([H])([H])[H])[C@@]([H])(O[H])C(=O)N([H])C([H])([H])C([H])([H])C(=O)N([H])C([H])([H])C([H])([H])S[C:5]([C:4])=[O:6])O[C@@]1([H])N1:C([H]):N:C2:C(N([H])[H]):N:C([H]):N:C:2:1.[H]OC(=O)C([H])([H])C([H])([H])C(=O)[O:57][H:103]>>[C:4][C:5](=[O:6])[O:57][H:103],"EVODEX-P20809,EVODEX-P20824,EVODEX-P20869,EVODEX-P20909"
EVODEX-N8147,[H]OC(=O)C([H])([H])C([H])([H])C(=O)[O:57][H:103]>>[H]C([H])([H])C(=O)C([H])([H])C(=O)[O:57][H:103],EVODEX-P20810
EVODEX-N8148,>>[H]C([H])([H])C(=O)C([H])([H])C=O.[H]O[C@]1([H])[C@]([H])(OP(=O)(O[H])O[H])[C@@]([H])(C([H])([H])OP(=O)(O[H])OP(=O)(O[H])OC([H])([H])C(C([H])([H])[H])(C([H])([H])[H])[C@@]([H])(O[H])C(=O)N([H])C([H])([H])C([H])([H])C(=O)N([H])C([H])([H])C([H])([H])S)O[C@@]1([H])N1:C([H]):N:C2:C(N([H])[H]):N:C([H]):N:C:2:1,"EVODEX-P20812,EVODEX-P20845"
EVODEX-N8149,>>[H]O.[H]OC(=O)C([H])([H])C([H])([H])C=O,"EVODEX-P20813,EVODEX-P20828,EVODEX-P20873,EVODEX-P20913"
EVODEX-N8150,[H]OC(=O)C([H])([H])C([H])([H])C(=O)[S:48][C:47]>>[H]OC(=O)C([H])([H])C([H])([H])C(=O)C([H])([H])C(=O)[S:48][C:47],EVODEX-P20817
EVODEX-N8151,[H]O[C@]1([H])[C@]([H])(OP(=O)(O[H])O[H])[C@@]([H])(C([H])([H])OP(=O)(O[H])OP(=O)(O[H])OC([H])([H])C(C([H])([H])[H])(C([H])([H])[H])[C@@]([H])(O[H])C(=O)N([H])C([H])([H])C([H])([H])C(=O)N([H])C([H])([H])C([H])([H])S[C:49](=[O:50])[C:51])O[C@@]1([H])N1:C([H]):N:C2:C(N([H])[H]):N:C([H]):N:C:2:1.[H]OC(=O)C([H])([H])C([H])([H])C(=O)C([H])([H])C(=O)[O:66][H:114]>>[C:49](=[O:50])([C:51])[O:66][H:114],EVODEX-P20818
EVODEX-N8152,[H]OC(=O)C([H])([H])C([H])([H])C(=O)C([H])([H])C(=O)[O:66][H:114]>>[H]OC(=O)C([H])([H])C([H])([H])C(=O)[O:66][H:114],EVODEX-P20819
EVODEX-N8153,>>[H]O.[H]OC(=O)C([H])([H])C([H])([H])C(=O)C([H])([H])C=O,EVODEX-P20821
EVODEX-N8154,[H]OC(=O)C([H])([H])C([H])([H])C(=O)C([H])([H])C(=O)[S:48][C:47].[H]O[C:60](=[O:59])[C:62]>>[C:47][S:48][C:60](=[O:59])[C:62],EVODEX-P20823
EVODEX-N8155,[H]OC(=O)C([H])([H])C([H])([H])C(=O)[O:61][H:109]>>[H]OC(=O)C([H])([H])C([H])([H])C(=O)C([H])([H])C(=O)[O:61][H:109],EVODEX-P20825
EVODEX-N8156,>>[H]OC(=O)C([H])([H])C([H])([H])C(=O)C([H])([H])C=O.[H]O[C@]1([H])[C@]([H])(OP(=O)(O[H])O[H])[C@@]([H])(C([H])([H])OP(=O)(O[H])OP(=O)(O[H])OC([H])([H])C(C([H])([H])[H])(C([H])([H])[H])[C@@]([H])(O[H])C(=O)N([H])C([H])([H])C([H])([H])C(=O)N([H])C([H])([H])C([H])([H])S)O[C@@]1([H])N1:C([H]):N:C2:C(N([H])[H]):N:C([H]):N:C:2:1,EVODEX-P20827
EVODEX-N8157,[H]C([H])([H])C([H])([H])[C:7]([C:8])([H:67])[H:68]>>[H][C:7]([C:8])([H:67])[H:68],EVODEX-P20830
EVODEX-N8158,[H][C:1]([C:2])([H:60])[H:61].[H]O[C@]1([H])[C@]([H])(OP(=O)(O[H])O[H])[C@@]([H])(C([H])([H])OP(=O)(O[H])OP(=O)(O[H])OC([H])([H])C(C([H])([H])[H])(C([H])([H])[H])[C@@]([H])(O[H])C(=O)N([H])C([H])([H])C([H])([H])C(=O)N([H])C([H])([H])C([H])([H])SC(=O)C([H])([H])[C:56]([C:57])([H:101])[H:102])O[C@@]1([H])N1:C([H]):N:C2:C(N([H])[H]):N:C([H]):N:C:2:1>>[C:1]([C:2])([C:56]([C:57])([H:101])[H:102])([H:60])[H:61],"EVODEX-P20831,EVODEX-P20916,EVODEX-P20968"
EVODEX-N8159,[H]O[C@]1([H])[C@]([H])(OP(=O)(O[H])O[H])[C@@]([H])(C([H])([H])OP(=O)(O[H])OP(=O)(O[H])OC([H])([H])C(C([H])([H])[H])(C([H])([H])[H])[C@@]([H])(O[H])C(=O)N([H])C([H])([H])C([H])([H])C(=O)N([H])C([H])([H])C([H])([H])SC(=O)C([H])([H])[C:6]([C:5])([H:65])[H:66])O[C@@]1([H])N1:C([H]):N:C2:C(N([H])[H]):N:C([H]):N:C:2:1>>[H]OC(=O)C([H])([H])[C:6]([C:5])([H:65])[H:66],"EVODEX-P20832,EVODEX-P20917"
EVODEX-N8160,[H][C:1]([C:2])([H:58])[H:59]>>[H]C([H])([H])C([H])([H])[C:1]([C:2])([H:58])[H:59],EVODEX-P20833
EVODEX-N8161,[H]O[C@]1([H])[C@]([H])(OP(=O)(O[H])O[H])[C@@]([H])(C([H])([H])OP(=O)(O[H])OP(=O)(O[H])OC([H])([H])C(C([H])([H])[H])(C([H])([H])[H])[C@@]([H])(O[H])C(=O)N([H])C([H])([H])C([H])([H])C(=O)N([H])C([H])([H])C([H])([H])SC(=O)C([H])([H])[C:2]([C:1])=[O:3])O[C@@]1([H])N1:C([H]):N:C2:C(N([H])[H]):N:C([H]):N:C:2:1.[H][C:55]([C:56])([H:99])[H:100]>>[C:1][C:2](=[O:3])[C:55]([C:56])([H:99])[H:100],EVODEX-P20836
EVODEX-N8162,[H]C([H])([H])C(=O)C([H])([H])C(=O)[S:7][C:8]>>[H]C([H])([H])C([H])([H])C([H])([H])C(=O)[S:7][C:8],EVODEX-P20842
EVODEX-N8163,[H]O[C@]1([H])[C@]([H])(OP(=O)(O[H])O[H])[C@@]([H])(C([H])([H])OP(=O)(O[H])OP(=O)(O[H])OC([H])([H])C(C([H])([H])[H])(C([H])([H])[H])[C@@]([H])(O[H])C(=O)N([H])C([H])([H])C([H])([H])C(=O)N([H])C([H])([H])C([H])([H])S[C:5]([C:4])=[O:6])O[C@@]1([H])N1:C([H]):N:C2:C(N([H])[H]):N:C([H]):N:C:2:1.[H]C([H])([H])C([H])([H])C([H])([H])C(=O)[O:60][H:108]>>[C:4][C:5](=[O:6])[O:60][H:108],EVODEX-P20843
EVODEX-N8164,[H]C([H])([H])C([H])([H])C([H])([H])C(=O)[O:60][H:108]>>[H]C([H])([H])C(=O)C([H])([H])C(=O)[O:60][H:108],EVODEX-P20844
EVODEX-N8165,>>[H]O.[H]C([H])([H])C([H])([H])C([H])([H])C=O,EVODEX-P20846
EVODEX-N8166,[H]C([H])([H])C(=O)C([H])([H])C(=O)[O:7][H:66]>>[H]C([H])([H])C([H])([H])C([H])([H])C(=O)[O:7][H:66],EVODEX-P20849
EVODEX-N8167,[H]O[C:5]([C:4])=[O:6].[H]C([H])([H])C([H])([H])C([H])([H])C(=O)[S:13][C:14]>>[C:4][C:5](=[O:6])[S:13][C:14],EVODEX-P20850
EVODEX-N8168,[H]C([H])([H])C([H])([H])C([H])([H])C(=O)[S:13][C:14]>>[H]C([H])([H])C(=O)C([H])([H])C(=O)[S:13][C:14],EVODEX-P20851
EVODEX-N8169,>>[H]O[C@]1([H])[C@]([H])(OP(=O)(O[H])O[H])[C@@]([H])(C([H])([H])OP(=O)(O[H])OP(=O)(O[H])OC([H])([H])C(C([H])([H])[H])(C([H])([H])[H])[C@@]([H])(O[H])C(=O)N([H])C([H])([H])C([H])([H])C(=O)N([H])C([H])([H])C([H])([H])S)O[C@@]1([H])N1:C([H]):N:C2:C(N([H])[H]):N:C([H]):N:C:2:1.[H]C([H])([H])C([H])([H])C([H])([H])C=O,EVODEX-P20853
EVODEX-N8170,[H][C:1]([C:2])([H:65])[H:66].[C:55][C:56]([O:57])([C:58])[C:62]>>[C:1]([C:2])([C@:56]([C:55])([O:57])[C:62])([H:65])[H:66].[H][C:58],"EVODEX-P20854,EVODEX-P20860"
EVODEX-N8171,[H]OC(=O)C([H])([H])C(O[H])(C(=O)O[H])[C:58]([C:59])([H:107])[H:108]>>[H][C:58]([C:59])([H:107])[H:108],"EVODEX-P20855,EVODEX-P20861"
EVODEX-N8172,[H][C:1]([C:2])([H:65])[H:66].[H]OC(=O)C([H])([H])[C:56]([C:55])([O:57])[C:62]>>[C:1]([C:2])([C@:56]([C:55])([O:57])[C:62])([H:65])[H:66],EVODEX-P20856
EVODEX-N8173,[H]OC(=O)C([H])([H])[C:56]([C:55])([O:57])[C:62]>>[H]O[C@]1([H])[C@]([H])(OP(=O)(O[H])O[H])[C@@]([H])(C([H])([H])OP(=O)(O[H])OP(=O)(O[H])OC([H])([H])C(C([H])([H])[H])(C([H])([H])[H])[C@@]([H])(O[H])C(=O)N([H])C([H])([H])C([H])([H])C(=O)N([H])C([H])([H])C([H])([H])SC(=O)C([H])([H])[C@:56]([C:55])([O:57])[C:62])O[C@@]1([H])N1:C([H]):N:C2:C(N([H])[H]):N:C([H]):N:C:2:1,EVODEX-P20857
EVODEX-N8174,[H][C:1]([C:2])([H:65])[H:66]>>[H]OC(=O)C([H])([H])[C@@](O[H])(C(=O)O[H])[C:1]([C:2])([H:65])[H:66],"EVODEX-P20858,EVODEX-P20864"
EVODEX-N8175,[H][C:1]([C:2])([H:65])[H:66].[H]O[C@]1([H])[C@]([H])(OP(=O)(O[H])O[H])[C@@]([H])(C([H])([H])OP(=O)(O[H])OP(=O)(O[H])OC([H])([H])C(C([H])([H])[H])(C([H])([H])[H])[C@@]([H])(O[H])C(=O)N([H])C([H])([H])C([H])([H])C(=O)N([H])C([H])([H])C([H])([H])SC(=O)C([H])([H])[C@@:56]([O:57])([C:58])[C:62])O[C@@]1([H])N1:C([H]):N:C2:C(N([H])[H]):N:C([H]):N:C:2:1>>[C:1]([C:2])([C:56]([O:57])([C:58])[C:62])([H:65])[H:66],EVODEX-P20862
EVODEX-N8176,[H]O[C@]1([H])[C@]([H])(OP(=O)(O[H])O[H])[C@@]([H])(C([H])([H])OP(=O)(O[H])OP(=O)(O[H])OC([H])([H])C(C([H])([H])[H])(C([H])([H])[H])[C@@]([H])(O[H])C(=O)N([H])C([H])([H])C([H])([H])C(=O)N([H])C([H])([H])C([H])([H])SC(=O)C([H])([H])[C@@:56]([O:57])([C:58])[C:62])O[C@@]1([H])N1:C([H]):N:C2:C(N([H])[H]):N:C([H]):N:C:2:1>>[H]OC(=O)C([H])([H])[C:56]([O:57])([C:58])[C:62],EVODEX-P20863
EVODEX-N8177,[H]OC(=O)[C@](O[H])(C([H])([H])[H])C([H])([H])C(=O)[S:48][C:47].[H]O[C:63]([C:62])=[O:64]>>[C:47][S:48][C:63]([C:62])=[O:64],EVODEX-P20867
EVODEX-N8178,[H]OC(=O)[C@](O[H])(C([H])([H])[H])C([H])([H])C(=O)[S:48][C:47]>>[H]OC(=O)C([H])([H])C([H])([H])C(=O)[S:48][C:47],EVODEX-P20868
EVODEX-N8179,[H]OC(=O)C([H])([H])C([H])([H])C(=O)[O:65][H:113]>>[H]OC(=O)[C@](O[H])(C([H])([H])[H])C([H])([H])C(=O)[O:65][H:113],EVODEX-P20870
EVODEX-N8180,>>[H]OC(=O)[C@](O[H])(C([H])([H])[H])C([H])([H])C=O.[H]O[C@]1([H])[C@]([H])(OP(=O)(O[H])O[H])[C@@]([H])(C([H])([H])OP(=O)(O[H])OP(=O)(O[H])OC([H])([H])C(C([H])([H])[H])(C([H])([H])[H])[C@@]([H])(O[H])C(=O)N([H])C([H])([H])C([H])([H])C(=O)N([H])C([H])([H])C([H])([H])S)O[C@@]1([H])N1:C([H]):N:C2:C(N([H])[H]):N:C([H]):N:C:2:1,EVODEX-P20872
EVODEX-N8181,[H]OC(=O)C([H])([H])C([H])([H])C(=O)[S:48][C:47]>>[H]OC(=O)[C@](O[H])(C([H])([H])[H])C([H])([H])C(=O)[S:48][C:47],EVODEX-P20877
EVODEX-N8182,[H]O[C@]1([H])[C@]([H])(OP(=O)(O[H])O[H])[C@@]([H])(C([H])([H])OP(=O)(O[H])OP(=O)(O[H])OC([H])([H])C(C([H])([H])[H])(C([H])([H])[H])[C@@]([H])(O[H])C(=O)N([H])C([H])([H])C([H])([H])C(=O)N([H])C([H])([H])C([H])([H])S[C:49](=[O:50])[C:51])O[C@@]1([H])N1:C([H]):N:C2:C(N([H])[H]):N:C([H]):N:C:2:1.[H]OC(=O)[C@](O[H])(C([H])([H])[H])C([H])([H])C(=O)[O:62][H:112]>>[C:49](=[O:50])([C:51])[O:62][H:112],EVODEX-P20878
EVODEX-N8183,[H]OC(=O)[C@](O[H])(C([H])([H])[H])C([H])([H])C(=O)[O:62][H:112]>>[H]OC(=O)C([H])([H])C([H])([H])C(=O)[O:62][H:112],EVODEX-P20879
EVODEX-N8184,>>[H]O.[H]OC(=O)[C@](O[H])(C([H])([H])[H])C([H])([H])C=O,EVODEX-P20881
EVODEX-N8185,[H]C([H])([H])C(=O)[S:4][C:5].[H]O[C:53](=[O:52])[C:55]>>[S:4]([C:5])[C:53](=[O:52])[C:55],"EVODEX-P20883,EVODEX-P20979"
EVODEX-N8186,[H]C([H])([H])C(=O)[S:4][C:5]>>[H]OC(=O)C([H])([H])/C([H])=C(\[H])C(=O)[S:4][C:5],EVODEX-P20885
EVODEX-N8187,[H]O[C@]1([H])[C@]([H])(OP(=O)(O[H])O[H])[C@@]([H])(C([H])([H])OP(=O)(O[H])OP(=O)(O[H])OC([H])([H])C(C([H])([H])[H])(C([H])([H])[H])[C@@]([H])(O[H])C(=O)N([H])C([H])([H])C([H])([H])C(=O)N([H])C([H])([H])C([H])([H])S[C:2]([C:1])=[O:3])O[C@@]1([H])N1:C([H]):N:C2:C(N([H])[H]):N:C([H]):N:C:2:1.[H]OC(=O)C([H])([H])/C([H])=C(\[H])C(=O)[O:54][H:99]>>[C:1][C:2](=[O:3])[O:54][H:99],EVODEX-P20886
EVODEX-N8188,[H]OC(=O)C([H])([H])/C([H])=C(\[H])C(=O)[O:54][H:99]>>[H]C([H])([H])C(=O)[O:54][H:99],EVODEX-P20887
EVODEX-N8189,>>[H]C([H])([H])C=O.[H]O[C@]1([H])[C@]([H])(OP(=O)(O[H])O[H])[C@@]([H])(C([H])([H])OP(=O)(O[H])OP(=O)(O[H])OC([H])([H])C(C([H])([H])[H])(C([H])([H])[H])[C@@]([H])(O[H])C(=O)N([H])C([H])([H])C([H])([H])C(=O)N([H])C([H])([H])C([H])([H])S)O[C@@]1([H])N1:C([H]):N:C2:C(N([H])[H]):N:C([H]):N:C:2:1,"EVODEX-P20888,EVODEX-P20983"
EVODEX-N8190,>>[H]O.[H]OC(=O)C([H])([H])/C([H])=C(\[H])C=O,EVODEX-P20889
EVODEX-N8191,[H]C([H])([H])C(=O)[O:4][H:64].[H]O[C@]1([H])[C@]([H])(OP(=O)(O[H])O[H])[C@@]([H])(C([H])([H])OP(=O)(O[H])OP(=O)(O[H])OC([H])([H])C(C([H])([H])[H])(C([H])([H])[H])[C@@]([H])(O[H])C(=O)N([H])C([H])([H])C([H])([H])C(=O)N([H])C([H])([H])C([H])([H])S[C:53](=[O:54])[C:55])O[C@@]1([H])N1:C([H]):N:C2:C(N([H])[H]):N:C([H]):N:C:2:1>>[O:4]([C:53](=[O:54])[C:55])[H:64],"EVODEX-P20891,EVODEX-P20972"
EVODEX-N8192,[H]C([H])([H])C(=O)[O:4][H:64]>>[H]OC(=O)C([H])([H])/C([H])=C(\[H])C(=O)[O:4][H:64],EVODEX-P20893
EVODEX-N8193,[H]O[C:2]([C:1])=[O:3].[H]OC(=O)C([H])([H])/C([H])=C(\[H])C(=O)[S:52][C:51]>>[C:1][C:2](=[O:3])[S:52][C:51],EVODEX-P20894
EVODEX-N8194,[H]OC(=O)C([H])([H])/C([H])=C(\[H])C(=O)[S:52][C:51]>>[H]C([H])([H])C(=O)[S:52][C:51],EVODEX-P20895
EVODEX-N8195,>>[H]C([H])([H])C=O.[H]O,"EVODEX-P20896,EVODEX-P20976"
EVODEX-N8196,>>[H]O[C@]1([H])[C@]([H])(OP(=O)(O[H])O[H])[C@@]([H])(C([H])([H])OP(=O)(O[H])OP(=O)(O[H])OC([H])([H])C(C([H])([H])[H])(C([H])([H])[H])[C@@]([H])(O[H])C(=O)N([H])C([H])([H])C([H])([H])C(=O)N([H])C([H])([H])C([H])([H])S)O[C@@]1([H])N1:C([H]):N:C2:C(N([H])[H]):N:C([H]):N:C:2:1.[H]OC(=O)C([H])([H])/C([H])=C(\[H])C=O,EVODEX-P20897
EVODEX-N8197,[H]OC(=O)C([H])([H])C([H])([H])C(=O)[S:48][C:47]>>[H]OC(=O)C([H])([H])C(O[H])(C([H])([H])[H])C([H])([H])C(=O)[S:48][C:47],EVODEX-P20901
EVODEX-N8198,[H]O[C@]1([H])[C@]([H])(OP(=O)(O[H])O[H])[C@@]([H])(C([H])([H])OP(=O)(O[H])OP(=O)(O[H])OC([H])([H])C(C([H])([H])[H])(C([H])([H])[H])[C@@]([H])(O[H])C(=O)N([H])C([H])([H])C([H])([H])C(=O)N([H])C([H])([H])C([H])([H])S[C:49](=[O:50])[C:51])O[C@@]1([H])N1:C([H]):N:C2:C(N([H])[H]):N:C([H]):N:C:2:1.[H]OC(=O)C([H])([H])C(O[H])(C([H])([H])[H])C([H])([H])C(=O)[O:66][H:116]>>[C:49](=[O:50])([C:51])[O:66][H:116],EVODEX-P20902
EVODEX-N8199,[H]OC(=O)C([H])([H])C(O[H])(C([H])([H])[H])C([H])([H])C(=O)[O:66][H:116]>>[H]OC(=O)C([H])([H])C([H])([H])C(=O)[O:66][H:116],EVODEX-P20903
EVODEX-N8200,>>[H]O.[H]OC(=O)C([H])([H])C(O[H])(C([H])([H])[H])C([H])([H])C=O,EVODEX-P20905
EVODEX-N8201,[H]OC(=O)C([H])([H])C(O[H])(C([H])([H])[H])C([H])([H])C(=O)[S:11][C:12].[H]O[C:60](=[O:59])[C:62]>>[S:11]([C:12])[C:60](=[O:59])[C:62],EVODEX-P20907
EVODEX-N8202,[H]OC(=O)C([H])([H])C(O[H])(C([H])([H])[H])C([H])([H])C(=O)[S:11][C:12]>>[H]OC(=O)C([H])([H])C([H])([H])C(=O)[S:11][C:12],EVODEX-P20908
EVODEX-N8203,[H]OC(=O)C([H])([H])C([H])([H])C(=O)[O:61][H:111]>>[H]OC(=O)C([H])([H])C(O[H])(C([H])([H])[H])C([H])([H])C(=O)[O:61][H:111],EVODEX-P20910
EVODEX-N8204,>>[H]OC(=O)C([H])([H])C(O[H])(C([H])([H])[H])C([H])([H])C=O.[H]O[C@]1([H])[C@]([H])(OP(=O)(O[H])O[H])[C@@]([H])(C([H])([H])OP(=O)(O[H])OP(=O)(O[H])OC([H])([H])C(C([H])([H])[H])(C([H])([H])[H])[C@@]([H])(O[H])C(=O)N([H])C([H])([H])C([H])([H])C(=O)N([H])C([H])([H])C([H])([H])S)O[C@@]1([H])N1:C([H]):N:C2:C(N([H])[H]):N:C([H]):N:C:2:1,EVODEX-P20912
EVODEX-N8205,[H]OC([H])([H])C([H])([H])C([H])([H])[C:55]([C:53])([H:99])[H:100]>>[H][C:55]([C:53])([H:99])[H:100],EVODEX-P20915
EVODEX-N8206,[H][C:1]([C:2])([H:60])[H:61]>>[H]OC([H])([H])C([H])([H])C([H])([H])[C:1]([C:2])([H:60])[H:61],EVODEX-P20918
EVODEX-N8207,[H][C:51]([C:49])([C:52])[H:106].[C:60][C:61]([C:62])([H:115])[H:116]>>[C:49][C@@:51]([C:52])([C:61]([C:62])([H:115])[H:116])[H:106].[H][C:60],"EVODEX-P20920,EVODEX-P20926"
EVODEX-N8208,[H]C1:C([H]):C([H]):C(C([H])([H])[C@:60]([C:59])([C:68])[H:114]):C([H]):C:1[H]>>[H][C:60]([C:59])([C:68])[H:114],"EVODEX-P20921,EVODEX-P20927"
EVODEX-N8209,[H][C:51]([C:49])([C:52])[H:106].[H]OC(=O)C([H])([H])[C@]([H])(C(=O)O[H])[C:61]([C:62])([H:115])[H:116]>>[C:49][C@@:51]([C:52])([C:61]([C:62])([H:115])[H:116])[H:106],EVODEX-P20922
EVODEX-N8210,[H]OC(=O)C([H])([H])[C@]([H])(C(=O)O[H])[C:61]([C:62])([H:115])[H:116]>>[H]OC(=O)C([H])([H])[C@]([H])(C(=O)SC([H])([H])C([H])([H])N([H])C(=O)C([H])([H])C([H])([H])N([H])C(=O)[C@]([H])(O[H])C(C([H])([H])[H])(C([H])([H])[H])C([H])([H])OP(=O)(O[H])OP(=O)(O[H])OC([H])([H])[C@@]1([H])O[C@@]([H])(N2:C([H]):N:C3:C(N([H])[H]):N:C([H]):N:C:3:2)[C@]([H])(O[H])[C@]1([H])OP(=O)(O[H])O[H])[C:61]([C:62])([H:115])[H:116],EVODEX-P20923
EVODEX-N8211,[H][C:51]([C:49])([C:52])[H:106]>>[H]C1:C([H]):C([H]):C(C([H])([H])[C@@:51]([C:49])([C:52])[H:106]):C([H]):C:1[H],"EVODEX-P20924,EVODEX-P20929"
EVODEX-N8212,>>[H]OC(=O)C([H])([H])C([H])C(=O)SC([H])([H])C([H])([H])N([H])C(=O)C([H])([H])C([H])([H])N([H])C(=O)[C@]([H])(O[H])C(C([H])([H])[H])(C([H])([H])[H])C([H])([H])OP(=O)(O[H])OP(=O)(O[H])OC([H])([H])[C@@]1([H])O[C@@]([H])(N2:C([H]):N:C3:C(N([H])[H]):N:C([H]):N:C:3:2)[C@]([H])(O[H])[C@]1([H])OP(=O)(O[H])O[H].[H],"EVODEX-P20925,EVODEX-P20990"
EVODEX-N8213,[H]OC(=O)C([H])([H])[C@]([H])(C(=O)SC([H])([H])C([H])([H])N([H])C(=O)C([H])([H])C([H])([H])N([H])C(=O)[C@]([H])(O[H])C(C([H])([H])[H])(C([H])([H])[H])C([H])([H])OP(=O)(O[H])OP(=O)(O[H])OC([H])([H])[C@@]1([H])O[C@@]([H])(N2:C([H]):N:C3:C(N([H])[H]):N:C([H]):N:C:3:2)[C@]([H])(O[H])[C@]1([H])OP(=O)(O[H])O[H])[C:56]([C:57])([H:110])[H:111].[H][C:67]([C:66])([C:68])[H:120]>>[C:56]([C:57])([C@:67]([C:66])([C:68])[H:120])([H:110])[H:111],EVODEX-P20928
EVODEX-N8214,[H]OC(=O)C([H])([H])[C@]([H])(C(=O)SC([H])([H])C([H])([H])N([H])C(=O)C([H])([H])C([H])([H])N([H])C(=O)[C@]([H])(O[H])C(C([H])([H])[H])(C([H])([H])[H])C([H])([H])OP(=O)(O[H])OP(=O)(O[H])OC([H])([H])[C@@]1([H])O[C@@]([H])(N2:C([H]):N:C3:C(N([H])[H]):N:C([H]):N:C:3:2)[C@]([H])(O[H])[C@]1([H])OP(=O)(O[H])O[H])[C:56]([C:57])([H:110])[H:111]>>[H]OC(=O)C([H])([H])[C@]([H])(C(=O)O[H])[C:56]([C:57])([H:110])[H:111],EVODEX-P20930
EVODEX-N8215,[H][C:49]([S:48])=[O:50].[O:51]=[C:52]([O:53])[C:54]>>[S:48][C:49](=[O:50])[C:52](=[O:51])[O:53].[H][C:54],EVODEX-P20932
EVODEX-N8216,[H]OC(=O)[C:54](=[O:55])[O:56]>>[H][C:54](=[O:55])[O:56],EVODEX-P20933
EVODEX-N8217,[H][C:49]([S:48])=[O:50].[H]OC(=O)[C:52](=[O:51])[O:53]>>[S:48][C:49](=[O:50])[C:52](=[O:51])[O:53],EVODEX-P20934
EVODEX-N8218,[H][C:49]([S:48])=[O:50]>>[H]OC(=O)[C:49]([S:48])=[O:50],EVODEX-P20935
EVODEX-N8219,>>[H]O[C@]1([H])[C@]([H])(OP(=O)(O[H])O[H])[C@@]([H])(C([H])([H])OP(=O)(O[H])OP(=O)(O[H])OC([H])([H])C(C([H])([H])[H])(C([H])([H])[H])[C@@]([H])(O[H])C(=O)N([H])C([H])([H])C([H])([H])C(=O)N([H])C([H])([H])C([H])([H])SC=O)O[C@@]1([H])N1:C([H]):N:C2:C(N([H])[H]):N:C([H]):N:C:2:1.[H],EVODEX-P20936
EVODEX-N8220,[C:49][C:51](=[O:52])[O:53].[H][C:55](=[O:54])[O:56]>>[C:51](=[O:52])([O:53])[C:55](=[O:54])[O:56].[H][C:49],EVODEX-P20937
EVODEX-N8221,[H]OC(=O)[C:49]([S:48])=[O:50]>>[H][C:49]([S:48])=[O:50],EVODEX-P20938
EVODEX-N8222,[H]O[C@]1([H])[C@]([H])(OP(=O)(O[H])O[H])[C@@]([H])(C([H])([H])OP(=O)(O[H])OP(=O)(O[H])OC([H])([H])C(C([H])([H])[H])(C([H])([H])[H])[C@@]([H])(O[H])C(=O)N([H])C([H])([H])C([H])([H])C(=O)N([H])C([H])([H])C([H])([H])SC(=O)[C:51](=[O:52])[O:53])O[C@@]1([H])N1:C([H]):N:C2:C(N([H])[H]):N:C([H]):N:C:2:1.[H][C:55](=[O:54])[O:56]>>[C:51](=[O:52])([O:53])[C:55](=[O:54])[O:56],EVODEX-P20939
EVODEX-N8223,[H][C:55](=[O:54])[O:56]>>[H]OC(=O)[C:55](=[O:54])[O:56],EVODEX-P20940
EVODEX-N8224,[H]O[C@]1([H])[C@]([H])(OP(=O)(O[H])O[H])[C@@]([H])(C([H])([H])OP(=O)(O[H])OP(=O)(O[H])OC([H])([H])C(C([H])([H])[H])(C([H])([H])[H])[C@@]([H])(O[H])C(=O)N([H])C([H])([H])C([H])([H])C(=O)N([H])C([H])([H])C([H])([H])SC(=O)[C:51](=[O:52])[O:53])O[C@@]1([H])N1:C([H]):N:C2:C(N([H])[H]):N:C([H]):N:C:2:1>>[H]OC(=O)[C:51](=[O:52])[O:53],EVODEX-P20941
EVODEX-N8225,[H]/C(C(=O)[S:48][C:47])=C(/[H])C1:C([H]):C([H]):C([H]):C([H]):C:1[H].[H]O[C:60](=[O:59])[C:62]>>[C:47][S:48][C:60](=[O:59])[C:62],EVODEX-P20944
EVODEX-N8226,[H]/C(C(=O)[S:48][C:47])=C(/[H])C1:C([H]):C([H]):C([H]):C([H]):C:1[H]>>[H]O[C@@]([H])(C(=O)[S:48][C:47])C([H])([H])C1:C([H]):C([H]):C([H]):C([H]):C:1[H],EVODEX-P20946
EVODEX-N8227,[H]O[C@]1([H])[C@]([H])(OP(=O)(O[H])O[H])[C@@]([H])(C([H])([H])OP(=O)(O[H])OP(=O)(O[H])OC([H])([H])C(C([H])([H])[H])(C([H])([H])[H])[C@@]([H])(O[H])C(=O)N([H])C([H])([H])C([H])([H])C(=O)N([H])C([H])([H])C([H])([H])S[C:49](=[O:50])[C:51])O[C@@]1([H])N1:C([H]):N:C2:C(N([H])[H]):N:C([H]):N:C:2:1.[H]O[C@@]([H])(C(=O)[O:61][H:113])C([H])([H])C1:C([H]):C([H]):C([H]):C([H]):C:1[H]>>[C:49](=[O:50])([C:51])[O:61][H:113],EVODEX-P20947
EVODEX-N8228,[H]O[C@@]([H])(C(=O)[O:61][H:113])C([H])([H])C1:C([H]):C([H]):C([H]):C([H]):C:1[H]>>[H]/C(C(=O)[O:61][H:113])=C(/[H])C1:C([H]):C([H]):C([H]):C([H]):C:1[H],EVODEX-P20948
EVODEX-N8229,>>[H]/C(C=O)=C(/[H])C1:C([H]):C([H]):C([H]):C([H]):C:1[H].[H]O[C@]1([H])[C@]([H])(OP(=O)(O[H])O[H])[C@@]([H])(C([H])([H])OP(=O)(O[H])OP(=O)(O[H])OC([H])([H])C(C([H])([H])[H])(C([H])([H])[H])[C@@]([H])(O[H])C(=O)N([H])C([H])([H])C([H])([H])C(=O)N([H])C([H])([H])C([H])([H])S)O[C@@]1([H])N1:C([H]):N:C2:C(N([H])[H]):N:C([H]):N:C:2:1,EVODEX-P20950
EVODEX-N8230,>>[H]O.[H]O[C@@]([H])(C=O)C([H])([H])C1:C([H]):C([H]):C([H]):C([H]):C:1[H],EVODEX-P20951
EVODEX-N8231,[H]O[C@@]([H])(C(=O)[S:48][C:47])C([H])([H])C1:C([H]):C([H]):C([H]):C([H]):C:1[H].[H]O[C:61](=[O:60])[C:63]>>[C:47][S:48][C:61](=[O:60])[C:63],EVODEX-P20953
EVODEX-N8232,[H]O[C@@]([H])(C(=O)[S:48][C:47])C([H])([H])C1:C([H]):C([H]):C([H]):C([H]):C:1[H]>>[H]/C(C(=O)[S:48][C:47])=C(/[H])C1:C([H]):C([H]):C([H]):C([H]):C:1[H],EVODEX-P20955
EVODEX-N8233,[H]O[C@]1([H])[C@]([H])(OP(=O)(O[H])O[H])[C@@]([H])(C([H])([H])OP(=O)(O[H])OP(=O)(O[H])OC([H])([H])C(C([H])([H])[H])(C([H])([H])[H])[C@@]([H])(O[H])C(=O)N([H])C([H])([H])C([H])([H])C(=O)N([H])C([H])([H])C([H])([H])S[C:49](=[O:50])[C:51])O[C@@]1([H])N1:C([H]):N:C2:C(N([H])[H]):N:C([H]):N:C:2:1.[H]/C(C(=O)[O:62][H:115])=C(/[H])C1:C([H]):C([H]):C([H]):C([H]):C:1[H]>>[C:49](=[O:50])([C:51])[O:62][H:115],EVODEX-P20956
EVODEX-N8234,[H]/C(C(=O)[O:62][H:115])=C(/[H])C1:C([H]):C([H]):C([H]):C([H]):C:1[H]>>[H]O[C@@]([H])(C(=O)[O:62][H:115])C([H])([H])C1:C([H]):C([H]):C([H]):C([H]):C:1[H],EVODEX-P20957
EVODEX-N8235,>>[H]O[C@@]([H])(C=O)C([H])([H])C1:C([H]):C([H]):C([H]):C([H]):C:1[H].[H]O[C@]1([H])[C@]([H])(OP(=O)(O[H])O[H])[C@@]([H])(C([H])([H])OP(=O)(O[H])OP(=O)(O[H])OC([H])([H])C(C([H])([H])[H])(C([H])([H])[H])[C@@]([H])(O[H])C(=O)N([H])C([H])([H])C([H])([H])C(=O)N([H])C([H])([H])C([H])([H])S)O[C@@]1([H])N1:C([H]):N:C2:C(N([H])[H]):N:C([H]):N:C:2:1,EVODEX-P20959
EVODEX-N8236,>>[H]O.[H]/C(C=O)=C(/[H])C1:C([H]):C([H]):C([H]):C([H]):C:1[H],EVODEX-P20960
EVODEX-N8237,[H][C:1]([C:2])([H:60])[H:61].[H]OC(=O)C([H])([H])[C:55]([C:53])([H:99])[H:100]>>[C:1]([C:2])([C:55]([C:53])([H:99])[H:100])([H:60])[H:61],EVODEX-P20963
EVODEX-N8238,[H]C([H])([H])C(=O)[O:4][H:61]>>[H]OC(=O)C(=O)[O:4][H:61],EVODEX-P20973
EVODEX-N8239,[H]O[C:2]([C:1])=[O:3].[H]OC(=O)C(=O)[S:52][C:51]>>[C:1][C:2](=[O:3])[S:52][C:51],EVODEX-P20974
EVODEX-N8240,[H]OC(=O)C(=O)[S:52][C:51]>>[H]C([H])([H])C(=O)[S:52][C:51],EVODEX-P20975
EVODEX-N8241,>>[H]O[C@]1([H])[C@]([H])(OP(=O)(O[H])O[H])[C@@]([H])(C([H])([H])OP(=O)(O[H])OP(=O)(O[H])OC([H])([H])C(C([H])([H])[H])(C([H])([H])[H])[C@@]([H])(O[H])C(=O)N([H])C([H])([H])C([H])([H])C(=O)N([H])C([H])([H])C([H])([H])S)O[C@@]1([H])N1:C([H]):N:C2:C(N([H])[H]):N:C([H]):N:C:2:1.[H]OC(=O)C=O,EVODEX-P20977
EVODEX-N8242,[H]C([H])([H])C(=O)[S:4][C:5]>>[H]OC(=O)C(=O)[S:4][C:5],EVODEX-P20980
EVODEX-N8243,[H]OC(=O)C(=O)[O:54][H:96]>>[H]C([H])([H])C(=O)[O:54][H:96],EVODEX-P20982
EVODEX-N8244,[H][C:52]([C:51])([C:53])[H:102].[H]OC(=O)C([H])([H])[C@]([H])(C(=O)O[H])[O:61][H:109]>>[C:51][C@:52]([C:53])([O:61][H:109])[H:102],EVODEX-P20987
EVODEX-N8245,[H]OC(=O)C([H])([H])[C@]([H])(C(=O)O[H])[O:61][H:109]>>[H]OC(=O)[C@@]([H])(C([H])([H])C(=O)SC([H])([H])C([H])([H])N([H])C(=O)C([H])([H])C([H])([H])N([H])C(=O)[C@]([H])(O[H])C(C([H])([H])[H])(C([H])([H])[H])C([H])([H])OP(=O)(O[H])OP(=O)(O[H])OC([H])([H])[C@@]1([H])O[C@@]([H])(N2:C([H]):N:C3:C(N([H])[H]):N:C([H]):N:C:3:2)[C@]([H])(O[H])[C@]1([H])OP(=O)(O[H])O[H])[O:61][H:109],EVODEX-P20988
EVODEX-N8246,[H]OC(=O)[C@]([H])(C([H])([H])C(=O)SC([H])([H])C([H])([H])N([H])C(=O)C([H])([H])C([H])([H])N([H])C(=O)[C@]([H])(O[H])C(C([H])([H])[H])(C([H])([H])[H])C([H])([H])OP(=O)(O[H])OP(=O)(O[H])OC([H])([H])[C@@]1([H])O[C@@]([H])(N2:C([H]):N:C3:C(N([H])[H]):N:C([H]):N:C:3:2)[C@]([H])(O[H])[C@]1([H])OP(=O)(O[H])O[H])[O:53][H:103].[H][C:61]([C:60])([C:62])[H:108]>>[O:53]([C@@:61]([C:60])([C:62])[H:108])[H:103],EVODEX-P21006
EVODEX-N8247,[H]OC(=O)[C@]([H])(C([H])([H])C(=O)SC([H])([H])C([H])([H])N([H])C(=O)C([H])([H])C([H])([H])N([H])C(=O)[C@]([H])(O[H])C(C([H])([H])[H])(C([H])([H])[H])C([H])([H])OP(=O)(O[H])OP(=O)(O[H])OC([H])([H])[C@@]1([H])O[C@@]([H])(N2:C([H]):N:C3:C(N([H])[H]):N:C([H]):N:C:3:2)[C@]([H])(O[H])[C@]1([H])OP(=O)(O[H])O[H])[O:53][H:103]>>[H]OC(=O)C([H])([H])[C@@]([H])(C(=O)O[H])[O:53][H:103],EVODEX-P21008
EVODEX-N8248,[H]OC1:C([H]):C([H]):C(C([H])([H])C([H])([H])C(=O)[S:48][C:47]):C([H]):C:1O[H].[H]O[C:62](=[O:61])[C:64]>>[C:47][S:48][C:62](=[O:61])[C:64],"EVODEX-P21012,EVODEX-P21021"
EVODEX-N8249,[H]OC1:C([H]):C([H]):C(C([H])([H])C([H])([H])C(=O)[S:48][C:47]):C([H]):C:1O[H]>>[H]OC1:C([H]):C([H]):C(/C([H])=C(\[H])C(=O)[S:48][C:47]):C([H]):C:1O[H],EVODEX-P21014
EVODEX-N8250,[H]O[C@]1([H])[C@]([H])(OP(=O)(O[H])O[H])[C@@]([H])(C([H])([H])OP(=O)(O[H])OP(=O)(O[H])OC([H])([H])C(C([H])([H])[H])(C([H])([H])[H])[C@@]([H])(O[H])C(=O)N([H])C([H])([H])C([H])([H])C(=O)N([H])C([H])([H])C([H])([H])S[C:49](=[O:50])[C:51])O[C@@]1([H])N1:C([H]):N:C2:C(N([H])[H]):N:C([H]):N:C:2:1.[H]OC1:C([H]):C([H]):C(/C([H])=C(\[H])C(=O)[O:63][H:118]):C([H]):C:1O[H]>>[C:49](=[O:50])([C:51])[O:63][H:118],EVODEX-P21015
EVODEX-N8251,[H]OC1:C([H]):C([H]):C(/C([H])=C(\[H])C(=O)[O:63][H:118]):C([H]):C:1O[H]>>[H]OC1:C([H]):C([H]):C(C([H])([H])C([H])([H])C(=O)[O:63][H:118]):C([H]):C:1O[H],EVODEX-P21016
EVODEX-N8252,>>[H]OC1:C([H]):C([H]):C(C([H])([H])C([H])([H])C=O):C([H]):C:1O[H].[H]O[C@]1([H])[C@]([H])(OP(=O)(O[H])O[H])[C@@]([H])(C([H])([H])OP(=O)(O[H])OP(=O)(O[H])OC([H])([H])C(C([H])([H])[H])(C([H])([H])[H])[C@@]([H])(O[H])C(=O)N([H])C([H])([H])C([H])([H])C(=O)N([H])C([H])([H])C([H])([H])S)O[C@@]1([H])N1:C([H]):N:C2:C(N([H])[H]):N:C([H]):N:C:2:1,"EVODEX-P21018,EVODEX-P21026"
EVODEX-N8253,>>[H]O.[H]OC1:C([H]):C([H]):C(/C([H])=C(\[H])C=O):C([H]):C:1O[H],EVODEX-P21019
EVODEX-N8254,[H]OC1:C([H]):C([H]):C(C([H])([H])C([H])([H])C(=O)[S:48][C:47]):C([H]):C:1O[H]>>[H]OC1:C([H]):C([H]):C(/C([H])=C(\[H])C(=O)[S:48][C:47]):C([H]):C:1[H],EVODEX-P21023
EVODEX-N8255,[H]O[C@]1([H])[C@]([H])(OP(=O)(O[H])O[H])[C@@]([H])(C([H])([H])OP(=O)(O[H])OP(=O)(O[H])OC([H])([H])C(C([H])([H])[H])(C([H])([H])[H])[C@@]([H])(O[H])C(=O)N([H])C([H])([H])C([H])([H])C(=O)N([H])C([H])([H])C([H])([H])S[C:49](=[O:50])[C:51])O[C@@]1([H])N1:C([H]):N:C2:C(N([H])[H]):N:C([H]):N:C:2:1.[H]OC1:C([H]):C([H]):C(/C([H])=C(\[H])C(=O)[O:63][H:117]):C([H]):C:1[H]>>[C:49](=[O:50])([C:51])[O:63][H:117],EVODEX-P21024
EVODEX-N8256,[H]OC1:C([H]):C([H]):C(/C([H])=C(\[H])C(=O)[O:63][H:117]):C([H]):C:1[H]>>[H]OC1:C([H]):C([H]):C(C([H])([H])C([H])([H])C(=O)[O:63][H:117]):C([H]):C:1O[H],EVODEX-P21025
EVODEX-N8257,>>[H]O.[H]OC1:C([H]):C([H]):C(/C([H])=C(\[H])C=O):C([H]):C:1[H],EVODEX-P21027
EVODEX-N8258,[H][C:5]([C:4])([C:6])[H:74].[H]OC(=O)[C@@]([H])(C([H])([H])C([H])(C([H])([H])[H])C([H])([H])[H])[O:61][H:121]>>[C:4][C@:5]([C:6])([O:61][H:121])[H:74],EVODEX-P21030
EVODEX-N8259,[H]OC(=O)[C@@]([H])(C([H])([H])C([H])(C([H])([H])[H])C([H])([H])[H])[O:61][H:121]>>[H]O[C@]1([H])[C@]([H])(OP(=O)(O[H])O[H])[C@@]([H])(C([H])([H])OP(=O)(O[H])OP(=O)(O[H])OC([H])([H])C(C([H])([H])[H])(C([H])([H])[H])[C@@]([H])(O[H])C(=O)N([H])C([H])([H])C([H])([H])C(=O)N([H])C([H])([H])C([H])([H])SC(=O)[C@@]([H])(C([H])([H])C([H])(C([H])([H])[H])C([H])([H])[H])[O:61][H:121])O[C@@]1([H])N1:C([H]):N:C2:C(N([H])[H]):N:C([H]):N:C:2:1,EVODEX-P21031
EVODEX-N8260,>>[H]O[C@]1([H])[C@]([H])(OP(=O)(O[H])O[H])[C@@]([H])(C([H])([H])OP(=O)(O[H])OP(=O)(O[H])OC([H])([H])C(C([H])([H])[H])(C([H])([H])[H])[C@@]([H])(O[H])C(=O)N([H])C([H])([H])C([H])([H])C(=O)N([H])C([H])([H])C([H])([H])SC(=O)C([H])C([H])([H])C([H])(C([H])([H])[H])C([H])([H])[H])O[C@@]1([H])N1:C([H]):N:C2:C(N([H])[H]):N:C([H]):N:C:2:1.[H],EVODEX-P21033
EVODEX-N8261,[H]O[C@]1([H])[C@]([H])(OP(=O)(O[H])O[H])[C@@]([H])(C([H])([H])OP(=O)(O[H])OP(=O)(O[H])OC([H])([H])C(C([H])([H])[H])(C([H])([H])[H])[C@@]([H])(O[H])C(=O)N([H])C([H])([H])C([H])([H])C(=O)N([H])C([H])([H])C([H])([H])S[C:58](=[O:59])[C:60])O[C@@]1([H])N1:C([H]):N:C2:C(N([H])[H]):N:C([H]):N:C:2:1.[H]OC(=O)/C([H])=C(/C(=O)[O:9][H:110])C([H])([H])[H]>>[O:9]([C:58](=[O:59])[C:60])[H:110],EVODEX-P21035
EVODEX-N8262,[H]OC(=O)/C([H])=C(/C(=O)[O:9][H:110])C([H])([H])[H]>>[H]OC(=O)C([H])([H])C([H])([H])C(=O)[O:9][H:110],EVODEX-P21036
EVODEX-N8263,[H]OC(=O)C([H])([H])C([H])([H])C(=O)[S:57][C:56]>>[H]OC(=O)/C([H])=C(/C(=O)[S:57][C:56])C([H])([H])[H],EVODEX-P21039
EVODEX-N8264,>>[H]OC(=O)/C([H])=C(/C=O)C([H])([H])[H].[H]O,EVODEX-P21041
EVODEX-N8265,[H]C([H])([H])[S:2][C:3].[H][S:26][C:25]>>[S:2]([C:3])[S:26][C:25],EVODEX-P21043
EVODEX-N8266,[H]C([H])([H])[S:2][C:3]>>[H]OC(=O)[C@@]([H])(N([H])C(=O)C([H])([H])C([H])([H])C([H])([H])C([H])([H])C([H])([H])C([H])([H])S[S:2][C:3])[C@]([H])(OP(=O)(O[H])O[H])C([H])([H])[H],EVODEX-P21044
EVODEX-N8267,[H]OS(=O)(=O)C([H])([H])C([H])([H])S[C:1]([H:30])([H:31])[H:32]>>[H][C:1]([H:30])([H:31])[H:32],EVODEX-P21045
EVODEX-N8268,>>[H].[H]OC(=O)[C@@]([H])(N([H])C(=O)C([H])([H])C([H])([H])C([H])([H])C([H])([H])C([H])([H])C([H])([H])S)[C@]([H])(OP(=O)(O[H])O[H])C([H])([H])[H],EVODEX-P21046
EVODEX-N8269,[S:19][S:20][C:21].[H][C:1]([H:56])([H:57])[H:58]>>[C:1]([S:20][C:21])([H:56])([H:57])[H:58].[H][S:19],EVODEX-P21047
EVODEX-N8270,[H]OC(=O)[C@@]([H])(N([H])C(=O)C([H])([H])C([H])([H])C([H])([H])C([H])([H])C([H])([H])C([H])([H])S[S:20][C:21])[C@]([H])(OP(=O)(O[H])O[H])C([H])([H])[H].[H][C:1]([H:56])([H:57])[H:58]>>[C:1]([S:20][C:21])([H:56])([H:57])[H:58],EVODEX-P21048
EVODEX-N8271,[H][C:1]([H:56])([H:57])[H:58]>>[H]OS(=O)(=O)C([H])([H])C([H])([H])S[C:1]([H:56])([H:57])[H:58],EVODEX-P21049
EVODEX-N8272,[H]OC(=O)[C@@]([H])(N([H])C(=O)C([H])([H])C([H])([H])C([H])([H])C([H])([H])C([H])([H])C([H])([H])S[S:20][C:21])[C@]([H])(OP(=O)(O[H])O[H])C([H])([H])[H]>>[H]C([H])([H])[S:20][C:21],EVODEX-P21050
EVODEX-N8273,>>[H]C([H])[H].[H],EVODEX-P21051
EVODEX-N8274,[H]C([H])([H])S[C:3]([C:4])([H:39])[H:40]>>[H][C:3]([C:4])([H:39])[H:40],EVODEX-P21053
EVODEX-N8275,[H]O[C@]([H])(C(=O)C([H])([H])[S:2][C:1])[C@]([H])(O[H])C([H])([H])OP(=O)(O[H])O[H].[H][S:25][C:24]>>[C:1][S:2][S:25][C:24],EVODEX-P21054
EVODEX-N8276,[H]O[C@]([H])(C(=O)C([H])([H])[S:2][C:1])[C@]([H])(O[H])C([H])([H])OP(=O)(O[H])O[H]>>[H]OC(=O)C([H])([H])N([H])C(=O)[C@@]([H])(N([H])C(=O)C([H])([H])C([H])([H])[C@@]([H])(C(=O)O[H])N([H])[H])C([H])([H])S[S:2][C:1],EVODEX-P21056
EVODEX-N8277,[C:1]([O:2])([H:15])([H:16])[H:17].[H][O:14][H:25]>>[C:1]([O:14][H:25])([H:15])([H:16])[H:17].[H][O:2],"EVODEX-P21058,EVODEX-P21318,EVODEX-P21349,EVODEX-P21430,EVODEX-P21495,EVODEX-P21500,EVODEX-P21695,EVODEX-P21709,EVODEX-P21714,EVODEX-P22870,EVODEX-P23815,EVODEX-P24339,EVODEX-P25145,EVODEX-P25326,EVODEX-P25343,EVODEX-P25365,EVODEX-P25370,EVODEX-P25907,EVODEX-P25952"
EVODEX-N8278,[H]C1:C([H]):C([H]):C2:C(:C:1[H]):C(C(=O)O[C:1]([H:15])([H:16])[H:17]):C([H]):N:2[H].[H][O:14][H:24]>>[C:1]([O:14][H:24])([H:15])([H:16])[H:17],EVODEX-P21060
EVODEX-N8279,[H][O:14][H:24]>>[H]C([H])([H])[O:14][H:24],EVODEX-P21061
EVODEX-N8280,[H]C1:C([H]):C([H]):C2:C(:C:1[H]):C(C(=O)O[C:1]([H:15])([H:16])[H:17]):C([H]):N:2[H]>>[H]O[C:1]([H:15])([H:16])[H:17],EVODEX-P21062
EVODEX-N8281,[H]N(C([H])([H])C(=O)[N:7]([C:8])[H:25])C([H])([H])C([H])([H])[H]>>[H][N:7]([C:8])[H:25],EVODEX-P21065
EVODEX-N8282,[H]C1:C([H]):C(C([H])([H])[H]):C(N([H])[C:5]([C:4])=[O:6]):C(C([H])([H])[H]):C:1[H].[H][O:16][H:35]>>[C:4][C:5](=[O:6])[O:16][H:35],EVODEX-P21066
EVODEX-N8283,[H][O:16][H:35]>>[H]N(C([H])([H])C(=O)[O:16][H:35])C([H])([H])C([H])([H])[H],EVODEX-P21067
EVODEX-N8284,[H]C1:C([H]):C(C([H])([H])[H]):C(N([H])[C:5]([C:4])=[O:6]):C(C([H])([H])[H]):C:1[H]>>[H]O[C:5]([C:4])=[O:6],EVODEX-P21068
EVODEX-N8285,[C:5][C:6](:[C:7]):[C:11].[H][O:1][H:20]>>[H][C:5].[O:1]([C:6](:[C:7]):[C:11])[H:20],"EVODEX-P21070,EVODEX-P23011,EVODEX-P23428"
EVODEX-N8286,[H]OC(=O)C([H])([H])[C:6](:[C:7]):[C:11].[H][O:1][H:20]>>[O:1]([C:6](:[C:7]):[C:11])[H:20],"EVODEX-P21071,EVODEX-P23429"
EVODEX-N8287,[H][O:1][H:20]>>[H]C1:C([H]):C([H]):C([O:1][H:20]):C([H]):C:1[H],EVODEX-P21072
EVODEX-N8288,[H]OC(=O)C([H])([H])[C:6](:[C:7]):[C:11]>>[H]O[C:6](:[C:7]):[C:11],"EVODEX-P21073,EVODEX-P23430"
EVODEX-N8289,[C:1][C:2](=[O:3])[O:4].[H][O:15][H:26]>>[C:1][C:2](=[O:3])[O:15][H:26].[H][O:4],"EVODEX-P21076,EVODEX-P21081,EVODEX-P21102,EVODEX-P21107,EVODEX-P21112,EVODEX-P21117,EVODEX-P21122,EVODEX-P21137,EVODEX-P21142,EVODEX-P21153,EVODEX-P21159,EVODEX-P21184,EVODEX-P21187,EVODEX-P21193,EVODEX-P21229,EVODEX-P21256,EVODEX-P21261,EVODEX-P21266,EVODEX-P21297,EVODEX-P21303,EVODEX-P21308,EVODEX-P21313,EVODEX-P21323,EVODEX-P21329,EVODEX-P21354,EVODEX-P21360,EVODEX-P21378,EVODEX-P21394,EVODEX-P21399,EVODEX-P21404,EVODEX-P21409,EVODEX-P21414,EVODEX-P21424,EVODEX-P21441,EVODEX-P21478,EVODEX-P21484,EVODEX-P21490,EVODEX-P21514,EVODEX-P21520,EVODEX-P21525,EVODEX-P21535,EVODEX-P21549,EVODEX-P21592,EVODEX-P21611,EVODEX-P21617,EVODEX-P21622,EVODEX-P21627,EVODEX-P21642,EVODEX-P21660,EVODEX-P21665,EVODEX-P21685,EVODEX-P21725,EVODEX-P21800,EVODEX-P22131,EVODEX-P22352,EVODEX-P22583,EVODEX-P23997,EVODEX-P24930,EVODEX-P25210,EVODEX-P25268,EVODEX-P25331,EVODEX-P25494,EVODEX-P25499,EVODEX-P25529,EVODEX-P25611,EVODEX-P25778,EVODEX-P25859,EVODEX-P25895,EVODEX-P25901,EVODEX-P25979,EVODEX-P28785,EVODEX-P28788,EVODEX-P28866,EVODEX-P28871"
EVODEX-N8290,[H]C1:C([H]):C([H]):C(O[C:2]([C:1])=[O:3]):C([H]):C:1[H].[H][O:11][H:20]>>[C:1][C:2](=[O:3])[O:11][H:20],"EVODEX-P21078,EVODEX-P25212"
EVODEX-N8291,[H]C1:C([H]):C([H]):C(O[C:2]([C:1])=[O:3]):C([H]):C:1[H]>>[H]O[C:2]([C:1])=[O:3],"EVODEX-P21079,EVODEX-P25214"
EVODEX-N8292,[H]C([H])([H])C([H])([H])C([H])([H])C([H])([H])C([H])([H])C([H])([H])C([H])([H])C([H])([H])C([H])([H])C([H])([H])C([H])([H])C([H])([H])C([H])([H])C([H])([H])C([H])([H])C(=O)OC([H])([H])C([H])(OC(=O)C([H])([H])C([H])([H])C([H])([H])C([H])([H])C([H])([H])C([H])([H])C([H])([H])C([H])([H])C([H])([H])C([H])([H])C([H])([H])C([H])([H])C([H])([H])C([H])([H])C([H])([H])[H])C([H])([H])O[C:23](=[O:24])[C:25].[H][O:58][H:157]>>[C:23](=[O:24])([C:25])[O:58][H:157],EVODEX-P21082
EVODEX-N8293,[H]C([H])([H])C([H])([H])C([H])([H])C([H])([H])C([H])([H])C([H])([H])C([H])([H])C([H])([H])C([H])([H])C([H])([H])C([H])([H])C([H])([H])C([H])([H])C([H])([H])C([H])([H])C(=O)OC([H])([H])C([H])(OC(=O)C([H])([H])C([H])([H])C([H])([H])C([H])([H])C([H])([H])C([H])([H])C([H])([H])C([H])([H])C([H])([H])C([H])([H])C([H])([H])C([H])([H])C([H])([H])C([H])([H])C([H])([H])[H])C([H])([H])O[C:23](=[O:24])[C:25]>>[H]O[C:23](=[O:24])[C:25],EVODEX-P21083
EVODEX-N8294,[H]C([H])([H])C([H])([H])C([H])([H])C([H])([H])C([H])([H])C([H])([H])C([H])([H])C([H])([H])C([H])([H])C([H])([H])C([H])([H])C([H])([H])C([H])([H])C(=O)OC([H])([H])C([H])(C([H])([H])OC(=O)C([H])([H])C([H])([H])C([H])([H])C([H])([H])C([H])([H])C([H])([H])C([H])([H])C([H])([H])C([H])([H])C([H])([H])C([H])([H])C([H])([H])C([H])([H])[H])[O:36][C:37]>>[H][O:36][C:37],EVODEX-P21086
EVODEX-N8295,[H]C([H])([H])C([H])([H])C([H])([H])C([H])([H])C([H])([H])C([H])([H])C([H])([H])C([H])([H])C([H])([H])C([H])([H])C([H])([H])C([H])([H])C([H])([H])C(=O)O[C:18]([C:17])([C:19])[H:82].[H][O:52][H:139]>>[C:17][C:18]([C:19])([O:52][H:139])[H:82],EVODEX-P21087
EVODEX-N8296,[H][O:52][H:139]>>[H]C([H])([H])C([H])([H])C([H])([H])C([H])([H])C([H])([H])C([H])([H])C([H])([H])C([H])([H])C([H])([H])C([H])([H])C([H])([H])C([H])([H])C([H])([H])C(=O)OC([H])([H])C([H])(C([H])([H])OC(=O)C([H])([H])C([H])([H])C([H])([H])C([H])([H])C([H])([H])C([H])([H])C([H])([H])C([H])([H])C([H])([H])C([H])([H])C([H])([H])C([H])([H])C([H])([H])[H])[O:52][H:139],EVODEX-P21088
EVODEX-N8297,[H]C([H])([H])C([H])([H])C([H])([H])C([H])([H])C([H])([H])C([H])([H])C([H])([H])C([H])([H])C([H])([H])C([H])([H])C([H])([H])C([H])([H])C([H])([H])C(=O)O[C:18]([C:17])([C:19])[H:82]>>[H]O[C:18]([C:17])([C:19])[H:82],EVODEX-P21089
EVODEX-N8298,[H]C([H])([H])C(=O)O[C:6]([C:5])([C:7])[H:29].[H][O:23][H:38]>>[C:5][C:6]([C:7])([O:23][H:38])[H:29],"EVODEX-P21093,EVODEX-P21454,EVODEX-P21460,EVODEX-P21556,EVODEX-P21562"
EVODEX-N8299,[H]C([H])([H])C(=O)O[C:6]([C:5])([C:7])[H:29]>>[H]O[C:6]([C:5])([C:7])[H:29],"EVODEX-P21095,EVODEX-P21456,EVODEX-P21462,EVODEX-P21558,EVODEX-P21564"
EVODEX-N8300,[H]/C(=C(\[H])C([H])([H])C([H])([H])C([H])([H])C([H])([H])C([H])([H])C([H])([H])C([H])([H])C([H])([H])[H])C([H])([H])C([H])([H])C([H])([H])C([H])([H])C([H])([H])C([H])([H])C([H])([H])C(=O)O[C@:22]([C:21])([C:23])[H:91].[H][O:55][H:141]>>[C:21][C@:22]([C:23])([O:55][H:141])[H:91],EVODEX-P21099
EVODEX-N8301,[H]OC([H])([H])[C@]([H])(O[H])C([H])([H])OP(=O)(O[H])OC([H])([H])[C@]([H])(O[H])C([H])([H])O[C:16]([C:15])=[O:17].[H][O:33][H:79]>>[C:15][C:16](=[O:17])[O:33][H:79],EVODEX-P21109
EVODEX-N8302,[H]OC([H])([H])[C@]([H])(O[H])C([H])([H])OP(=O)(O[H])OC([H])([H])[C@]([H])(O[H])C([H])([H])O[C:16]([C:15])=[O:17]>>[H]O[C:16]([C:15])=[O:17],EVODEX-P21110
EVODEX-N8303,[H]C(=C(C([H])([H])[H])C([H])([H])[H])C([H])([H])C([H])([H])/C(=C(\[H])C([H])([H])O[C:2]([C:1])=[O:3])C([H])([H])[H].[H][O:15][H:36]>>[C:1][C:2](=[O:3])[O:15][H:36],EVODEX-P21114
EVODEX-N8304,[H]C(=C(C([H])([H])[H])C([H])([H])[H])C([H])([H])C([H])([H])/C(=C(\[H])C([H])([H])O[C:2]([C:1])=[O:3])C([H])([H])[H]>>[H]O[C:2]([C:1])=[O:3],EVODEX-P21115
EVODEX-N8305,[H]OC([H])([H])C([H])(O[H])C([H])([H])O[C:2]([C:1])=[O:3].[H][O:10][H:21]>>[C:1][C:2](=[O:3])[O:10][H:21],"EVODEX-P21119,EVODEX-P21189"
EVODEX-N8306,[H]OC([H])([H])C([H])(O[H])C([H])([H])O[C:2]([C:1])=[O:3]>>[H]O[C:2]([C:1])=[O:3],"EVODEX-P21120,EVODEX-P21191"
EVODEX-N8307,[H]C([H])([H])N1[C@@]2([H])C([H])([H])C([H])([H])[C@]1([H])C([H])([H])[C@]([H])([O:9][C:10])C2([H])[H]>>[H][O:9][C:10],EVODEX-P21132
EVODEX-N8308,[H]OC([H])([H])C([H])(C(=O)O[C@:8]([C:7])([C:21])[H:34])C1:C([H]):C([H]):C([H]):C([H]):C:1[H].[H][O:22][H:46]>>[C:7][C@:8]([C:21])([O:22][H:46])[H:34],EVODEX-P21133
EVODEX-N8309,[H][O:22][H:46]>>[H]C([H])([H])N1[C@@]2([H])C([H])([H])C([H])([H])[C@]1([H])C([H])([H])[C@]([H])([O:22][H:46])C2([H])[H],EVODEX-P21134
EVODEX-N8310,[H]OC([H])([H])C([H])(C(=O)O[C@:8]([C:7])([C:21])[H:34])C1:C([H]):C([H]):C([H]):C([H]):C:1[H]>>[H]O[C@:8]([C:7])([C:21])[H:34],EVODEX-P21135
EVODEX-N8311,[H]C1=C2C([H])([H])[C@@]([H])(O[C:18]([C:17])=[O:19])C([H])([H])C([H])([H])[C@]2(C([H])([H])[H])[C@@]2([H])C([H])([H])C([H])([H])[C@@]3(C([H])([H])[H])[C@@]([H])(C([H])([H])C([H])([H])[C@]3([H])[C@]([H])(C([H])([H])[H])C([H])([H])C([H])([H])C([H])([H])C([H])(C([H])([H])[H])C([H])([H])[H])[C@]2([H])C1([H])[H].[H][O:48][H:127]>>[C:17][C:18](=[O:19])[O:48][H:127],EVODEX-P21144
EVODEX-N8312,[H][O:48][H:127]>>[H]/C(=C(\[H])C([H])([H])C([H])([H])C([H])([H])C([H])([H])C([H])([H])C([H])([H])C([H])([H])C([H])([H])[H])C([H])([H])C([H])([H])C([H])([H])C([H])([H])C([H])([H])C([H])([H])C([H])([H])C(=O)[O:48][H:127],EVODEX-P21145
EVODEX-N8313,[H]C1=C2C([H])([H])[C@@]([H])(O[C:18]([C:17])=[O:19])C([H])([H])C([H])([H])[C@]2(C([H])([H])[H])[C@@]2([H])C([H])([H])C([H])([H])[C@@]3(C([H])([H])[H])[C@@]([H])(C([H])([H])C([H])([H])[C@]3([H])[C@]([H])(C([H])([H])[H])C([H])([H])C([H])([H])C([H])([H])C([H])(C([H])([H])[H])C([H])([H])[H])[C@]2([H])C1([H])[H]>>[H]O[C:18]([C:17])=[O:19],EVODEX-P21146
EVODEX-N8314,[H]/C(=C(\[H])C([H])([H])C([H])([H])C([H])([H])C([H])([H])C([H])([H])C([H])([H])C([H])([H])C([H])([H])[H])C([H])([H])C([H])([H])C([H])([H])C([H])([H])C([H])([H])C([H])([H])C([H])([H])C(=O)[O:48][H:128]>>[H][O:48][H:128],EVODEX-P21149
EVODEX-N8315,[H][O:19][C:18].[H]O[C:46]([C:45])=[O:47]>>[C:18][O:19][C:46]([C:45])=[O:47],"EVODEX-P21150,EVODEX-P21472,EVODEX-P31956,EVODEX-P31970"
EVODEX-N8316,[H]O[C:46]([C:45])=[O:47]>>[H]C1=C2C([H])([H])[C@@]([H])(O[C:46]([C:45])=[O:47])C([H])([H])C([H])([H])[C@]2(C([H])([H])[H])[C@@]2([H])C([H])([H])C([H])([H])[C@@]3(C([H])([H])[H])[C@@]([H])(C([H])([H])C([H])([H])[C@]3([H])[C@]([H])(C([H])([H])[H])C([H])([H])C([H])([H])C([H])([H])C([H])(C([H])([H])[H])C([H])([H])[H])[C@]2([H])C1([H])[H],EVODEX-P21151
EVODEX-N8317,[H]OC1=C2C3=NC(=C2C([H])([H])[H])C([H])=C2N=C(C([H])=C4N=C(C([H])=C5N([H])C(=C3[C@@]1([H])C(=O)OC([H])([H])[H])[C@@]([H])(C([H])([H])C([H])([H])C(=O)[O:37][C:38])[C@]5([H])C([H])([H])[H])C(C([H])([H])[H])=C4C([H])=C([H])[H])C(C([H])([H])[H])=C2C([H])([H])C([H])([H])[H]>>[H][O:37][C:38],EVODEX-P21154
EVODEX-N8318,[H]/C(=C(/C([H])([H])[H])C([H])([H])C([H])([H])C([H])([H])[C@]([H])(C([H])([H])[H])C([H])([H])C([H])([H])C([H])([H])[C@]([H])(C([H])([H])[H])C([H])([H])C([H])([H])C([H])([H])C([H])(C([H])([H])[H])C([H])([H])[H])C([H])([H])O[C:35]([C:34])=[O:36].[H][O:65][H:140]>>[C:34][C:35](=[O:36])[O:65][H:140],"EVODEX-P21155,EVODEX-P21161"
EVODEX-N8319,[H][O:65][H:140]>>[H]OC1=C2C3=NC(=C2C([H])([H])[H])C([H])=C2N=C(C([H])=C4N=C(C([H])=C5N([H])C(=C3[C@@]1([H])C(=O)OC([H])([H])[H])[C@@]([H])(C([H])([H])C([H])([H])C(=O)[O:65][H:140])[C@]5([H])C([H])([H])[H])C(C([H])([H])[H])=C4C([H])=C([H])[H])C(C([H])([H])[H])=C2C([H])([H])C([H])([H])[H],EVODEX-P21156
EVODEX-N8320,[H]/C(=C(/C([H])([H])[H])C([H])([H])C([H])([H])C([H])([H])[C@]([H])(C([H])([H])[H])C([H])([H])C([H])([H])C([H])([H])[C@]([H])(C([H])([H])[H])C([H])([H])C([H])([H])C([H])([H])C([H])(C([H])([H])[H])C([H])([H])[H])C([H])([H])O[C:35]([C:34])=[O:36]>>[H]O[C:35]([C:34])=[O:36],"EVODEX-P21157,EVODEX-P21163"
EVODEX-N8321,[H]C(=O)C1:C(C([H])([H])C([H])([H])[H]):C2:C([H]):C3:N:C4:C(:C5:N:C(:C([H]):C6:C(C([H])([H])[H]):C(C([H])=C([H])[H]):C(:C([H]):C:1:N:2[H]):N:6[H])[C@@]([H])(C([H])([H])[H])[C@]5([H])C([H])([H])C([H])([H])C(=O)[O:43][C:44])[C@@]([H])(C(=O)OC([H])([H])[H])C(=O)C4=C3C([H])([H])[H]>>[H][O:43][C:44],EVODEX-P21160
EVODEX-N8322,[H][O:66][H:139]>>[H]C(=O)C1:C(C([H])([H])C([H])([H])[H]):C2:C([H]):C3:N:C4:C(:C5:N:C(:C([H]):C6:C(C([H])([H])[H]):C(C([H])=C([H])[H]):C(:C([H]):C:1:N:2[H]):N:6[H])[C@@]([H])(C([H])([H])[H])[C@]5([H])C([H])([H])C([H])([H])C(=O)[O:66][H:139])[C@@]([H])(C(=O)OC([H])([H])[H])C(=O)C4=C3C([H])([H])[H],EVODEX-P21162
EVODEX-N8323,[O:2]=[C:3]([O:4])[C:10].[H][O:1][H:20]>>[H][O:4].[O:1]([C:3](=[O:2])[C:10])[H:20],"EVODEX-P21165,EVODEX-P21167,EVODEX-P21223,EVODEX-P21235,EVODEX-P21237,EVODEX-P21272,EVODEX-P21291,EVODEX-P21476,EVODEX-P21633,EVODEX-P21657,EVODEX-P21700"
EVODEX-N8324,[H]OC([H])([H])[C@@]([H])(O[H])[C@@]([H])(O[H])[C@]([H])(O[H])[C@@]([H])(O[H])C(=O)[O:3][H:14]>>[H][O:3][H:14],EVODEX-P21169
EVODEX-N8325,[H][O:11][C:10].[O:1]=[C:2]([O:3])[C:4]>>[O:1]=[C:2]([C:4])[O:11][C:10].[H][O:3],"EVODEX-P21170,EVODEX-P21227,EVODEX-P31135,EVODEX-P31138"
EVODEX-N8326,[H]O[C:2](=[O:1])[C:4].[H][O:11][C:10]>>[O:1]=[C:2]([C:4])[O:11][C:10],"EVODEX-P21171,EVODEX-P21228"
EVODEX-N8327,[H][C:3](=[O:2])[C:4][O:5][C:6](=[O:7])[C:8].[H][O:1][H:22]>>[H][C:6]([O:5][C:4][C:3]([O:1][H:22])=[O:2])([O:7][H])[C:8],EVODEX-P21172
EVODEX-N8328,[H][O:1][H:22]>>[H]OC1([H])O[C@@]([H])(C(=O)[O:1][H:22])[C@@]([H])(O[H])[C@]([H])(O[H])[C@]1([H])O[H],EVODEX-P21173
EVODEX-N8329,[H][C:3](=[O:2])[C:4][O:5][C:6](=[O:7])[C:8]>>[H]O[C:3](=[O:2])[C:4][O:5][C:6]([H])([O:7][H])[C:8],EVODEX-P21174
EVODEX-N8330,[H][O:1][H:35]>>[H]OC(=O)C1:C([H]):C(O[H]):C(O[H]):C([O:1][H:35]):C:1[H],EVODEX-P21176
EVODEX-N8331,[H]OC1:C([H]):C(C(=O)O[C:11](:[C:9]):[C:24]):C([H]):C(O[H]):C:1O[H]>>[H]O[C:11](:[C:9]):[C:24],"EVODEX-P21177,EVODEX-P21182"
EVODEX-N8332,[H]OC1:C([H]):C(C(=O)OC2:C([H]):C([H]):C([H]):C([H]):C:2C(=O)OC2([H])O[C@]([H])(OC(=O)C3:C([H]):C([H]):C([H]):C([H]):C:3OC(=O)C3:C([H]):C(O[H]):C(O[H]):C(O[H]):C:3[H])[C@@]([H])(OC(=O)C3:C([H]):C([H]):C([H]):C([H]):C:3OC(=O)C3:C([H]):C(O[H]):C(O[H]):C(O[H]):C:3[H])[C@]([H])(OC(=O)C3:C([H]):C([H]):C([H]):C([H]):C:3OC(=O)C3:C([H]):C(O[H]):C(O[H]):C(O[H]):C:3[H])[C@@]2([H])OC(=O)C2:C([H]):C([H]):C([H]):C([H]):C:2[O:92][C:93]):C([H]):C(O[H]):C:1O[H]>>[H][O:92][C:93],EVODEX-P21179
EVODEX-N8333,[H]OC1:C([H]):C(C(=O)O[C:91](:[C:86]):[C:90]):C([H]):C(O[H]):C:1O[H].[H][O:1][H:163]>>[O:1]([C:91](:[C:86]):[C:90])[H:163],EVODEX-P21180
EVODEX-N8334,[H][O:1][H:163]>>[H]OC1:C([H]):C(C(=O)OC2:C([H]):C([H]):C([H]):C([H]):C:2C(=O)OC2([H])O[C@]([H])(OC(=O)C3:C([H]):C([H]):C([H]):C([H]):C:3OC(=O)C3:C([H]):C(O[H]):C(O[H]):C(O[H]):C:3[H])[C@@]([H])(OC(=O)C3:C([H]):C([H]):C([H]):C([H]):C:3OC(=O)C3:C([H]):C(O[H]):C(O[H]):C(O[H]):C:3[H])[C@]([H])(OC(=O)C3:C([H]):C([H]):C([H]):C([H]):C:3OC(=O)C3:C([H]):C(O[H]):C(O[H]):C(O[H]):C:3[H])[C@@]2([H])OC(=O)C2:C([H]):C([H]):C([H]):C([H]):C:2[O:1][H:163]):C([H]):C(O[H]):C:1O[H],EVODEX-P21181
EVODEX-N8335,[H]O[C@]([H])(C([H])([H])[H])C([H])([H])C(=O)[O:7][C:2]>>[H][O:7][C:2],EVODEX-P21185
EVODEX-N8336,[H][O:14][H:29]>>[H]O[C@]([H])(C([H])([H])[H])C([H])([H])C(=O)[O:14][H:29],EVODEX-P21186
EVODEX-N8337,[H]C([H])([H])C([H])([H])C([H])([H])C([H])([H])C([H])([H])C([H])([H])C([H])([H])C([H])([H])C([H])([H])C([H])([H])C([H])([H])C(=O)[O:14][C:15]>>[H][O:14][C:15],EVODEX-P21188
EVODEX-N8338,[H][O:20][H:51]>>[H]C([H])([H])C([H])([H])C([H])([H])C([H])([H])C([H])([H])C([H])([H])C([H])([H])C([H])([H])C([H])([H])C([H])([H])C([H])([H])C(=O)[O:20][H:51],EVODEX-P21190
EVODEX-N8339,[H]/C(=C(\[H])C([H])([H])/C([H])=C(/[H])C([H])([H])C([H])([H])C([H])([H])C(=O)[O:22][C:23])C([H])([H])/C([H])=C(/[H])C([H])([H])/C([H])=C(/[H])C([H])([H])C([H])([H])C([H])([H])C([H])([H])C([H])([H])[H]>>[H][O:22][C:23],EVODEX-P21194
EVODEX-N8340,[H]C1:C(C([H])([H])[H]):C2:C([H]):C(OC([H])([H])[H]):C(O[C:20]([C:19])=[O:21]):C([H]):C:2:O:C:1=O.[H][O:37][H:78]>>[C:19][C:20](=[O:21])[O:37][H:78],EVODEX-P21195
EVODEX-N8341,[H][O:37][H:78]>>[H]/C(=C(\[H])C([H])([H])/C([H])=C(/[H])C([H])([H])C([H])([H])C([H])([H])C(=O)[O:37][H:78])C([H])([H])/C([H])=C(/[H])C([H])([H])/C([H])=C(/[H])C([H])([H])C([H])([H])C([H])([H])C([H])([H])C([H])([H])[H],EVODEX-P21196
EVODEX-N8342,[H]C1:C(C([H])([H])[H]):C2:C([H]):C(OC([H])([H])[H]):C(O[C:20]([C:19])=[O:21]):C([H]):C:2:O:C:1=O>>[H]O[C:20]([C:19])=[O:21],EVODEX-P21197
EVODEX-N8343,[C:5][C:6]1=[C:7]([H:15])[C:8][C:9](=[O:10])[O:11]1.[H][O:1][H:18]>>[H][C:7]([C:6]([C:5])=[O:11])([C:8][C:9]([O:1][H:18])=[O:10])[H:15],EVODEX-P21199
EVODEX-N8344,[H][O:1][H:18]>>[H]OC(=O)C([H])([H])C(=O)C([H])([H])C([H])([H])C(=O)[O:1][H:18],EVODEX-P21200
EVODEX-N8345,[C:5][C:6]1=[C:7]([H:15])[C:8][C:9][O:11]1>>[H]O[C:9][C:8][C:7]([H])([C:6]([C:5])=[O:11])[H:15],EVODEX-P21201
EVODEX-N8346,[C:1][C:2]1=[C:3]([C:4])[O:8][C:9](=[O:10])[C:11]1.[H][O:12][H:21]>>[H][C:2]([C:1])([C:3]([C:4])=[O:8])[C:11][C:9](=[O:10])[O:12][H:21],EVODEX-P21202
EVODEX-N8347,[H][O:12][H:21]>>[H]OC(=O)C([H])([H])C(=O)C([H])(C([H])([H])[H])C([H])([H])C(=O)[O:12][H:21],EVODEX-P21203
EVODEX-N8348,[C:1][C:2]1=[C:3]([C:4])[O:8][C:9][C:11]1>>[H]O[C:9][C:11][C:2]([H])([C:1])[C:3]([C:4])=[O:8],EVODEX-P21204
EVODEX-N8349,[C:15][C:16]([O:17])([H:42])[H:43].[H][O:20][H:44]>>[C:15][C:16]([O:20][H:44])([H:42])[H:43].[H][O:17],"EVODEX-P21205,EVODEX-P21343,EVODEX-P21566,EVODEX-P21569,EVODEX-P21670,EVODEX-P21673,EVODEX-P21676,EVODEX-P22644,EVODEX-P30805"
EVODEX-N8350,[H][O:20][H:44]>>[H]OC(=O)[C@@]([H])(N([H])C(=O)C([H])([H])C(=O)C([H])([H])C([H])([H])C([H])([H])C([H])([H])C([H])([H])C([H])([H])C([H])([H])[H])C([H])([H])C([H])([H])[O:20][H:44],EVODEX-P21206
EVODEX-N8351,[C:1][C@:2]([C:3])([O:7])[H:12].[H][O:8][H:17]>>[C:1][C:2]([C:3])([O:8][H:17])[H:12].[H][O:7],"EVODEX-P21208,EVODEX-P21446,EVODEX-P21583,EVODEX-P22588,EVODEX-P22591,EVODEX-P22594,EVODEX-P22597,EVODEX-P22599,EVODEX-P22602,EVODEX-P22641,EVODEX-P22679,EVODEX-P22684,EVODEX-P22698,EVODEX-P22701,EVODEX-P22704,EVODEX-P22716,EVODEX-P30800,EVODEX-P31458,EVODEX-P31461"
EVODEX-N8352,[H][O:8][H:17]>>[H]OC(=O)C([H])([H])C([H])([H])C([H])(C([H])([H])[H])[O:8][H:17],EVODEX-P21209
EVODEX-N8353,[H]OC([H])([H])[C@@]1([H])O[C@]([H])(OC([H])([H])[C@@]2([H])O[C@@]([H])(OC([H])([H])[C@]([H])(OC(=O)C([H])([H])C([H])([H])C([H])([H])C([H])([H])C([H])([H])C([H])([H])C([H])([H])/C([H])=C(/[H])C([H])([H])/C([H])=C(/[H])C([H])([H])C([H])([H])C([H])([H])C([H])([H])C([H])([H])[H])C([H])([H])[O:23][C:24])[C@]([H])(O[H])[C@@]([H])(O[H])[C@@]2([H])O[H])[C@]([H])(O[H])[C@@]([H])(O[H])[C@@]1([H])O[H]>>[H][O:23][C:24],EVODEX-P21212
EVODEX-N8354,[H]C([H])([H])C([H])([H])C([H])([H])C([H])([H])C([H])([H])C([H])([H])C([H])([H])C([H])([H])C([H])([H])C([H])([H])C([H])([H])C([H])([H])C([H])([H])C([H])([H])C([H])([H])C(=O)O[C:22]([C:21])([H:98])[H:99].[H][O:65][H:154]>>[C:21][C:22]([O:65][H:154])([H:98])[H:99],"EVODEX-P21213,EVODEX-P21241,EVODEX-P21247,EVODEX-P21368,EVODEX-P21681,EVODEX-P21721"
EVODEX-N8355,[H][O:65][H:154]>>[H]OC([H])([H])[C@@]1([H])O[C@]([H])(OC([H])([H])[C@@]2([H])O[C@@]([H])(OC([H])([H])[C@]([H])(OC(=O)C([H])([H])C([H])([H])C([H])([H])C([H])([H])C([H])([H])C([H])([H])C([H])([H])/C([H])=C(/[H])C([H])([H])/C([H])=C(/[H])C([H])([H])C([H])([H])C([H])([H])C([H])([H])C([H])([H])[H])C([H])([H])[O:65][H:154])[C@]([H])(O[H])[C@@]([H])(O[H])[C@@]2([H])O[H])[C@]([H])(O[H])[C@@]([H])(O[H])[C@@]1([H])O[H],EVODEX-P21214
EVODEX-N8356,[H]C([H])([H])C([H])([H])C([H])([H])C([H])([H])C([H])([H])C([H])([H])C([H])([H])C([H])([H])C([H])([H])C([H])([H])C([H])([H])C([H])([H])C([H])([H])C([H])([H])C([H])([H])C(=O)O[C:22]([C:21])([H:98])[H:99]>>[H]O[C:22]([C:21])([H:98])[H:99],"EVODEX-P21215,EVODEX-P21243,EVODEX-P21249,EVODEX-P21370,EVODEX-P21683,EVODEX-P21723"
EVODEX-N8357,[C:17][C:18](=[O:19])[O:20].[O:36][C:37](=[O:38])[C:39].[H][O:56][H:132].[H][O:57][H:134]>>[C:37](=[O:38])([C:39])[O:56][H:132].[C:17][C:18](=[O:19])[O:57][H:134].[H][O:20].[H][O:36],"EVODEX-P21217,EVODEX-P21530"
EVODEX-N8358,[H]OC([H])([H])[C@@]1([H])OC([H])(OC([H])([H])[C@]([H])(O[C:37](=[O:38])[C:39])C([H])([H])O[C:18]([C:17])=[O:19])[C@]([H])(O[H])[C@@]([H])(O[H])[C@@]1([H])O[H].[H][O:56][H:132].[H][O:57][H:134]>>[C:37](=[O:38])([C:39])[O:56][H:132].[C:17][C:18](=[O:19])[O:57][H:134],EVODEX-P21218
EVODEX-N8359,[H]OC([H])([H])[C@@]1([H])OC([H])(OC([H])([H])[C@]([H])(O[C:37](=[O:38])[C:39])C([H])([H])OC(=O)C([H])([H])C([H])([H])C([H])([H])C([H])([H])C([H])([H])C([H])([H])C([H])([H])/C([H])=C(/[H])C([H])([H])/C([H])=C(/[H])C([H])([H])/C([H])=C(/[H])C([H])([H])C([H])([H])[H])[C@]([H])(O[H])[C@@]([H])(O[H])[C@@]1([H])O[H]>>[H]O[C:37](=[O:38])[C:39],EVODEX-P21219
EVODEX-N8360,[H][O:57][H:134]>>[H]/C(=C(\[H])C([H])([H])/C([H])=C(/[H])C([H])([H])C([H])([H])C([H])([H])C([H])([H])C([H])([H])C([H])([H])C([H])([H])C(=O)[O:57][H:134])C([H])([H])/C([H])=C(/[H])C([H])([H])C([H])([H])[H],EVODEX-P21221
EVODEX-N8361,[H]/C(=C(\[H])C([H])([H])/C([H])=C(/[H])C([H])([H])C([H])([H])C([H])([H])C([H])([H])C([H])([H])C([H])([H])C([H])([H])C(=O)[O:20][C:21][C:22][O:36]C(=O)C([H])([H])C([H])([H])C([H])([H])C([H])([H])C([H])([H])C([H])([H])C([H])([H])/C([H])=C(/[H])C([H])([H])/C([H])=C(/[H])C([H])([H])/C([H])=C(/[H])C([H])([H])C([H])([H])[H])C([H])([H])/C([H])=C(/[H])C([H])([H])C([H])([H])[H]>>[H][O:20][C:21][C:22][O:36][H],EVODEX-P21222
EVODEX-N8362,[H][O:13][H:21]>>[H]OC1:C(C([H])([H])[H]):N:C([H]):C(C([H])([H])O[H]):C:1C(=O)[O:13][H:21],EVODEX-P21224
EVODEX-N8363,[H]OC1:C(C([H])([H])[H]):N:C([H]):C(C([H])([H])O[H]):C:1C(=O)[O:11][H:21]>>[H][O:11][H:21],EVODEX-P21226
EVODEX-N8364,[H]C([H])([H])C([H])([H])C([H])([H])C([H])([H])C([H])([H])C([H])([H])C([H])([H])C([H])([H])C([H])([H])C([H])([H])C([H])([H])C([H])([H])C([H])([H])C([H])([H])C([H])([H])C([H])([H])C([H])([H])C(=O)[O:20][C:21]>>[H][O:20][C:21],"EVODEX-P21230,EVODEX-P22353"
EVODEX-N8365,[H][O:31][H:82]>>[H]C([H])([H])C([H])([H])C([H])([H])C([H])([H])C([H])([H])C([H])([H])C([H])([H])C([H])([H])C([H])([H])C([H])([H])C([H])([H])C([H])([H])C([H])([H])C([H])([H])C([H])([H])C([H])([H])C([H])([H])C(=O)[O:31][H:82],EVODEX-P21232
EVODEX-N8366,[H]OP(=O)(O[H])OC([H])([H])C([H])(OC([H])([H])C([H])([H])C([H])([H])C([H])([H])C([H])([H])C([H])([H])C([H])([H])C([H])([H])/C([H])=C(/[H])C([H])([H])C([H])([H])C([H])([H])C([H])([H])C([H])([H])C([H])([H])C([H])([H])C([H])([H])[H])C([H])([H])[O:22][C:23]>>[H][O:22][C:23],EVODEX-P21240
EVODEX-N8367,[H][O:46][H:120]>>[H]OP(=O)(O[H])OC([H])([H])[C@]([H])(OC([H])([H])C([H])([H])C([H])([H])C([H])([H])C([H])([H])C([H])([H])C([H])([H])C([H])([H])/C([H])=C(/[H])C([H])([H])C([H])([H])C([H])([H])C([H])([H])C([H])([H])C([H])([H])C([H])([H])C([H])([H])[H])C([H])([H])[O:46][H:120],EVODEX-P21242
EVODEX-N8368,[C:1][C:2](=[O:3])[C:4].[H][O:16][H:31]>>[H][C:4].[C:1][C:2](=[O:3])[O:16][H:31],"EVODEX-P21251,EVODEX-P24850,EVODEX-P29150,EVODEX-P29160,EVODEX-P29165,EVODEX-P29170,EVODEX-P29176,EVODEX-P29188,EVODEX-P29193,EVODEX-P29198,EVODEX-P29203,EVODEX-P29207,EVODEX-P29212,EVODEX-P29223,EVODEX-P29228,EVODEX-P29238,EVODEX-P29250,EVODEX-P29259,EVODEX-P29265,EVODEX-P29269,EVODEX-P29274"
EVODEX-N8369,[H]OC([H])([C@@]([H])(O[H])[C@@]([H])(O[H])[C@]([H])(O[H])[C@@]([H])(O[H])C([H])=O)[C:2]([C:1])=[O:3].[H][O:16][H:31]>>[C:1][C:2](=[O:3])[O:16][H:31],EVODEX-P21252
EVODEX-N8370,[H]OC([H])([C@@]([H])(O[H])[C@@]([H])(O[H])[C@]([H])(O[H])[C@@]([H])(O[H])C([H])=O)[C:2]([C:1])=[O:3]>>[H]O[C:2]([C:1])=[O:3],EVODEX-P21253
EVODEX-N8371,[H]O[C@]1([H])O[C@]([H])(C([H])([H])O[C:2]([C:1])=[O:3])[C@@]([H])(O[H])[C@]([H])(O[H])[C@@]1([H])O[H].[H][O:16][H:31]>>[C:1][C:2](=[O:3])[O:16][H:31],EVODEX-P21258
EVODEX-N8372,[H]O[C@]1([H])O[C@]([H])(C([H])([H])O[C:2]([C:1])=[O:3])[C@@]([H])(O[H])[C@]([H])(O[H])[C@@]1([H])O[H]>>[H]O[C:2]([C:1])=[O:3],EVODEX-P21259
EVODEX-N8373,[H]/C(=C(\[H])C([H])([H])C([H])([H])C([H])([H])C([H])([H])C([H])([H])C([H])([H])C([H])([H])C([H])([H])[H])C([H])([H])C([H])([H])C([H])([H])C([H])([H])C([H])([H])C([H])([H])C([H])([H])C(=O)OC([H])([H])C([H])(OC(=O)C([H])([H])C([H])([H])C([H])([H])C([H])([H])C([H])([H])C([H])([H])C([H])([H])/C([H])=C(/[H])C([H])([H])C([H])([H])C([H])([H])C([H])([H])C([H])([H])C([H])([H])C([H])([H])C([H])([H])[H])C([H])([H])O[C:25](=[O:26])[C:27].[H][O:64][H:169]>>[C:25](=[O:26])([C:27])[O:64][H:169],EVODEX-P21263
EVODEX-N8374,[H]/C(=C(\[H])C([H])([H])C([H])([H])C([H])([H])C([H])([H])C([H])([H])C([H])([H])C([H])([H])C([H])([H])[H])C([H])([H])C([H])([H])C([H])([H])C([H])([H])C([H])([H])C([H])([H])C([H])([H])C(=O)OC([H])([H])C([H])(OC(=O)C([H])([H])C([H])([H])C([H])([H])C([H])([H])C([H])([H])C([H])([H])C([H])([H])/C([H])=C(/[H])C([H])([H])C([H])([H])C([H])([H])C([H])([H])C([H])([H])C([H])([H])C([H])([H])C([H])([H])[H])C([H])([H])O[C:25](=[O:26])[C:27]>>[H]O[C:25](=[O:26])[C:27],EVODEX-P21264
EVODEX-N8375,[H]C([H])([H])C([H])([H])C([H])([H])C(=O)[O:6][C:7]>>[H][O:6][C:7],"EVODEX-P21267,EVODEX-P21379,EVODEX-P21801"
EVODEX-N8376,[H][O:16][H:28]>>[H]C([H])([H])C([H])([H])C([H])([H])C(=O)[O:16][H:28],EVODEX-P21269
EVODEX-N8377,[H][O:1][H:21]>>[H]OC1:C([H]):C([H]):C([H]):C([H]):C:1C([H])([H])C([H])([H])C(=O)[O:1][H:21],EVODEX-P21273
EVODEX-N8378,[C:1]([O:2])([H:14])([H:15])[H:16].[O:10][C:11]([H:23])([H:24])[H:25].[H][O:12][H:26].[H][O:13][H:28]>>[C:11]([O:13][H:28])([H:23])([H:24])[H:25].[C:1]([O:12][H:26])([H:14])([H:15])[H:16].[H][O:10].[H][O:2],EVODEX-P21275
EVODEX-N8379,[H]C([H])([H])[C@@]([H])(C(=O)O[C:11]([H:23])([H:24])[H:25])C([H])([H])C(=O)O[C:1]([H:14])([H:15])[H:16].[H][O:12][H:26].[H][O:13][H:28]>>[C:11]([O:13][H:28])([H:23])([H:24])[H:25].[C:1]([O:12][H:26])([H:14])([H:15])[H:16],EVODEX-P21276
EVODEX-N8380,[H]C([H])([H])OC(=O)C([H])([H])[C@]([H])(C(=O)O[C:11]([H:23])([H:24])[H:25])C([H])([H])[H]>>[H]O[C:11]([H:23])([H:24])[H:25],EVODEX-P21277
EVODEX-N8381,[H]C([H])([H])[O:10][C:8].[H]C([H])([H])[O:2][C:3]>>[H][O:10][C:8].[H][O:2][C:3],EVODEX-P21279
EVODEX-N8382,[H]OC(=O)C([H])([H])[C@]1([H])OC(C([H])([H])[H])(C([H])([H])[H])[C@]2([H])C([H])([H])C(=O)[C@]3(C([H])([H])[H])[C@]([H])(C([H])([H])C([H])([H])[C@@](C([H])([H])[H])([C@@]([H])(O[H])C4:C([H]):O:C([H]):C:4[H])[C@@]34O[C@]4([H])C(=O)[O:30][H:64])[C@]21C([H])([H])O[H]>>[H][O:30][H:64],EVODEX-P21280
EVODEX-N8383,[C:27][C:28](=[O:29])[O:30].[H]O[C:11]([C:10])([H:47])[H:48].[H][O:19][C:18].[H][O:9][C:7]>>[C:18][O:19][C:28]([C:27])=[O:29].[C:7][O:9][C:11]([C:10])([H:47])[H:48].[H][O:30],EVODEX-P21281
EVODEX-N8384,[H]O[C:11]([C:10])([H:47])[H:48].[H]O[C:28]([C:27])=[O:29].[H][O:19][C:18].[H][O:9][C:7]>>[C:18][O:19][C:28]([C:27])=[O:29].[C:7][O:9][C:11]([C:10])([H:47])[H:48],EVODEX-P21282
EVODEX-N8385,[C:10][C:11]([O:12])([H:47])[H:48].[H][O:9][C:7]>>[C:7][O:9][C:11]([C:10])([H:47])[H:48].[H][O:12],"EVODEX-P21283,EVODEX-P30804"
EVODEX-N8386,[H]O[C:11]([C:10])([H:47])[H:48].[H][O:9][C:7]>>[C:7][O:9][C:11]([C:10])([H:47])[H:48],"EVODEX-P21284,EVODEX-P30803"
EVODEX-N8387,[C:14][C@:15]([C:16])([O:17])[C:22].[H][O:23][H:50]>>[C:14][C@@:15]([C:16])([C:22])[O:23][H:50].[H][O:17],EVODEX-P21285
EVODEX-N8388,[H][O:23][H:50]>>[H]OC(=O)C([H])([H])C([H])([H])[C@@]1([H])[C@]2([H])C([H])([H])C([H])([H])C3=C([H])C(=O)C([H])([H])C([H])([H])[C@]3(C([H])([H])[H])[C@@]2([H])C([H])([H])C([H])([H])[C@]1(C([H])([H])[H])[O:23][H:50],EVODEX-P21286
EVODEX-N8389,[H]OC(=O)C([H])([H])C([H])([H])[C@@]1([H])[C@]2([H])C([H])([H])C([H])([H])C3=C([H])C(=O)C([H])([H])C([H])([H])[C@]3(C([H])([H])[H])[C@@]2([H])C([H])([H])C([H])([H])[C@]1(C([H])([H])[H])[O:3][H:27]>>[H][O:3][H:27],EVODEX-P21288
EVODEX-N8390,[C:1][C@:2]([O:3])([C:4])[C:18].[H][O:23][C:21]>>[C:1][C@:2]([C:4])([C:18])[O:23][C:21].[H][O:3],EVODEX-P21289
EVODEX-N8391,[H]O[C@@:2]([C:1])([C:4])[C:18].[H][O:23][C:21]>>[C:1][C@:2]([C:4])([C:18])[O:23][C:21],EVODEX-P21290
EVODEX-N8392,[H][O:92][H:177]>>[H]OC([H])(C([H])([H])[H])C([H])(C(=O)N([H])C([H])(C(=O)N1C([H])(C([H])([H])[H])C(=O)C([H])([H])C1([H])C(=O)N(C([H])([H])[H])C([H])([H])C(=O)N(C([H])([H])[H])C([H])(C(=O)[O:92][H:177])C([H])([H])[H])C([H])(C([H])([H])[H])C([H])([H])[H])N([H])C(=O)C1:C2:N:C3:C(C(=O)N([H])C4([H])C(=O)N([H])C([H])(C([H])(C([H])([H])[H])C([H])([H])[H])C(=O)N5C([H])(C(=O)N(C([H])([H])[H])C([H])([H])C(=O)N(C([H])([H])[H])C([H])(C([H])(C([H])([H])[H])C([H])([H])[H])C(=O)OC4([H])C([H])([H])[H])C([H])([H])C([H])([H])C5([H])C([H])([H])[H]):C([H]):C([H]):C(C([H])([H])[H]):C:3:O:C2:C(C([H])([H])[H]):C(=O):C:1N([H])[H],EVODEX-P21292
EVODEX-N8393,[H]OC(=O)C1:C(O[H]):C([H]):C([O:5][C:6]):C([H]):C:1C([H])([H])[H]>>[H][O:5][C:6],EVODEX-P21295
EVODEX-N8394,[H][O:24][H:39]>>[H]OC(=O)C1:C(O[H]):C([H]):C([O:24][H:39]):C([H]):C:1C([H])([H])[H],EVODEX-P21296
EVODEX-N8395,[H]OC1:C([H]):C(OC([H])([H])[H]):C([H]):C(C([H])([H])[H]):C:1C(=O)[O:10][C:11]>>[H][O:10][C:11],EVODEX-P21298
EVODEX-N8396,[H]OC(=O)C1:C(O[H]):C([H]):C(O[C:8]([C:7])=[O:9]):C([H]):C:1C([H])([H])[H].[H][O:25][H:42]>>[C:7][C:8](=[O:9])[O:25][H:42],EVODEX-P21299
EVODEX-N8397,[H][O:25][H:42]>>[H]OC1:C([H]):C(OC([H])([H])[H]):C([H]):C(C([H])([H])[H]):C:1C(=O)[O:25][H:42],EVODEX-P21300
EVODEX-N8398,[H]OC(=O)C1:C(O[H]):C([H]):C(O[C:8]([C:7])=[O:9]):C([H]):C:1C([H])([H])[H]>>[H]O[C:8]([C:7])=[O:9],EVODEX-P21301
EVODEX-N8399,[H]OC(=O)C1=C(C([H])([H])O[C:2]([C:1])=[O:3])C([H])([H])S[C@@]2([H])N1C(=O)[C@@]2([H])N([H])C(=O)C([H])([H])C([H])([H])C([H])([H])[C@]([H])(C(=O)O[H])N([H])[H].[H][O:29][H:51]>>[C:1][C:2](=[O:3])[O:29][H:51],EVODEX-P21305
EVODEX-N8400,[H]OC(=O)C1=C(C([H])([H])O[C:2]([C:1])=[O:3])C([H])([H])S[C@@]2([H])N1C(=O)[C@@]2([H])N([H])C(=O)C([H])([H])C([H])([H])C([H])([H])[C@]([H])(C(=O)O[H])N([H])[H]>>[H]O[C:2]([C:1])=[O:3],EVODEX-P21306
EVODEX-N8401,[H]C1:C([H]):C([H]):C2:C(O[C:2]([C:1])=[O:3]):C([H]):C([H]):C([H]):C:2:C:1[H].[H][O:15][H:26]>>[C:1][C:2](=[O:3])[O:15][H:26],"EVODEX-P21310,EVODEX-P21802"
EVODEX-N8402,[H]C1:C([H]):C([H]):C2:C(O[C:2]([C:1])=[O:3]):C([H]):C([H]):C([H]):C:2:C:1[H]>>[H]O[C:2]([C:1])=[O:3],"EVODEX-P21311,EVODEX-P21803"
EVODEX-N8403,[H]OC(=O)[C@]1(O[H])C([H])([H])[C@@]([H])(O[H])[C@@]([H])(O[H])[C@]([H])(O[C:3](=[O:2])[C:4])C1([H])[H].[H][O:1][H:45]>>[O:1]([C:3](=[O:2])[C:4])[H:45],EVODEX-P21314
EVODEX-N8404,[H][O:1][H:45]>>[H]OC1:C([H]):C([H]):C(/C([H])=C(\[H])C(=O)[O:1][H:45]):C([H]):C:1O[H],EVODEX-P21315
EVODEX-N8405,[H]OC(=O)[C@]1(O[H])C([H])([H])[C@@]([H])(O[H])[C@@]([H])(O[H])[C@]([H])(O[C:3](=[O:2])[C:4])C1([H])[H]>>[H]O[C:3](=[O:2])[C:4],EVODEX-P21316
EVODEX-N8406,[H]OC1:C([H]):C([H]):C(/C([H])=C(\[H])C(=O)O[C:1]([H:15])([H:16])[H:17]):C([H]):C:1[H].[H][O:14][H:25]>>[C:1]([O:14][H:25])([H:15])([H:16])[H:17],EVODEX-P21320
EVODEX-N8407,[H]N([H])[C@]([H])(C(=O)[O:8][C:9])C([H])(C([H])([H])[H])C([H])([H])[H]>>[H][O:8][C:9],"EVODEX-P21324,EVODEX-P21330"
EVODEX-N8408,[H]C1:N:C2:C(=O):N([H]):C(N([H])[H]):N:C:2:N:1C([H])([H])OC([H])([H])C([H])([H])O[C:6]([C:4])=[O:7].[H][O:24][H:45]>>[C:4][C:6](=[O:7])[O:24][H:45],EVODEX-P21325
EVODEX-N8409,[H][O:24][H:45]>>[H]N([H])[C@]([H])(C(=O)[O:24][H:45])C([H])(C([H])([H])[H])C([H])([H])[H],EVODEX-P21326
EVODEX-N8410,[H]C1:N:C2:C(=O):N([H]):C(N([H])[H]):N:C:2:N:1C([H])([H])OC([H])([H])C([H])([H])O[C:6]([C:4])=[O:7]>>[H]O[C:6]([C:4])=[O:7],EVODEX-P21327
EVODEX-N8411,[H]N=C1:N([H]):C(=O):C2:N:C([H]):N(C([H])([H])OC([H])(C([H])([H])O[H])C([H])([H])O[C:6]([C:4])=[O:7]):C:2:N:1[H].[H][O:26][H:49]>>[C:4][C:6](=[O:7])[O:26][H:49],EVODEX-P21331
EVODEX-N8412,[H]N=C1:N([H]):C(=O):C2:N:C([H]):N(C([H])([H])OC([H])(C([H])([H])O[H])C([H])([H])O[C:6]([C:4])=[O:7]):C:2:N:1[H]>>[H]O[C:6]([C:4])=[O:7],EVODEX-P21332
EVODEX-N8413,[C:3]/[C:5](=[C:6]1\[C:7]=[C:8][C:9](=[O:10])[O:11]1)[H:13].[H][O:1][H:16]>>[H][C:5]([C:3])([C:6]([C:7]=[C:8][C:9]([O:1][H:16])=[O:10])=[O:11])[H:13],"EVODEX-P21334,EVODEX-P21608"
EVODEX-N8414,[H][O:1][H:16]>>[H]OC(=O)C([H])([H])C(=O)/C([H])=C(\[H])C(=O)[O:1][H:16],EVODEX-P21335
EVODEX-N8415,[C:3]/[C:5](=[C:6](\[C:7])[O:11][C:9])[H:13]>>[H]O[C:9].[H][C:5]([C:3])([C:6]([C:7])=[O:11])[H:13],"EVODEX-P21336,EVODEX-P21610"
EVODEX-N8416,[C:11][C:12](=[O:13])[O:14].[H][O:42][H:73]>>[C:12](=[O:13])([O:14])[O:42][H:73].[H][C:11],EVODEX-P21337
EVODEX-N8417,[H]C([H])([H])C1:O:C(=O):O:C:1C([H])([H])OC(=O)[C:11](:[C:6]):[N:23]>>[H][C:11](:[C:6]):[N:23],EVODEX-P21338
EVODEX-N8418,[H]OC(C1:N:C(C([H])([H])C([H])([H])C([H])([H])[H]):N(C([H])([H])C2:C([H]):C([H]):C(C3:C([H]):C([H]):C([H]):C([H]):C:3C3:N:N:N([H]):N:3):C([H]):C:2[H]):C:1[C:12](=[O:13])[O:14])(C([H])([H])[H])C([H])([H])[H].[H][O:42][H:73]>>[C:12](=[O:13])([O:14])[O:42][H:73],EVODEX-P21339
EVODEX-N8419,[H][O:42][H:73]>>[H]C([H])([H])C1:O:C(=O):O:C:1C([H])([H])OC(=O)[O:42][H:73],EVODEX-P21340
EVODEX-N8420,[H]OC(C1:N:C(C([H])([H])C([H])([H])C([H])([H])[H]):N(C([H])([H])C2:C([H]):C([H]):C(C3:C([H]):C([H]):C([H]):C([H]):C:3C3:N:N:N([H]):N:3):C([H]):C:2[H]):C:1[C:12](=[O:13])[O:14])(C([H])([H])[H])C([H])([H])[H]>>[H]O[C:12](=[O:13])[O:14],EVODEX-P21341
EVODEX-N8421,[H][O:35][H:68]>>[H]OC(=O)C([H])([H])[C@@]1([H])C(C([H])([H])[H])(C([H])([H])[H])O[C@@]([H])(C([H])([H])C(=O)O[H])[C@@]1(C([H])([H])[O:35][H:68])[C@]1([H])C(C([H])([H])[H])=C2C([H])([H])C(=O)O[C@@]([H])(C3:C([H]):O:C([H]):C:3[H])[C@]2(C([H])([H])[H])C([H])([H])C1([H])[H],EVODEX-P21344
EVODEX-N8422,[H][O:23][H:48]>>[H]OC1:C(OC([H])([H])[H]):C([H]):C(/C([H])=C(\[H])C(=O)[O:23][H:48]):C([H]):C:1OC([H])([H])[H],EVODEX-P21357
EVODEX-N8423,[H]OC1:C([H]):C(/C([H])=C(\[H])C(=O)[O:11][C:12]):C([H]):C([H]):C:1OC([H])([H])[H]>>[H][O:11][C:12],EVODEX-P21361
EVODEX-N8424,[H][O:21][H:44]>>[H]OC1:C([H]):C(/C([H])=C(\[H])C(=O)[O:21][H:44]):C([H]):C([H]):C:1OC([H])([H])[H],EVODEX-P21363
EVODEX-N8425,[H]C([H])([H])C([H])([H])C([H])([H])C([H])([H])C([H])([H])C([H])([H])C([H])([H])C([H])([H])C([H])([H])C([H])([H])C([H])([H])C([H])([H])C([H])([H])C([H])([H])C([H])([H])C([H])([H])[O:17][C:18]>>[H][O:17][C:18],EVODEX-P21367
EVODEX-N8426,[H][O:35][H:100]>>[H]C([H])([H])C([H])([H])C([H])([H])C([H])([H])C([H])([H])C([H])([H])C([H])([H])C([H])([H])C([H])([H])C([H])([H])C([H])([H])C([H])([H])C([H])([H])C([H])([H])C([H])([H])C([H])([H])[O:35][H:100],EVODEX-P21369
EVODEX-N8427,[H]C([H])([H])C([H])([H])C([H])([H])C([H])([H])C([H])([H])C([H])([H])C([H])([H])C([H])([H])C([H])([H])C([H])([H])C([H])([H])C([H])([H])C([H])([H])C([H])([H])C([H])([H])C([H])([H])C([H])([H])C([H])([H])[O:19][C:20]>>[H][O:19][C:20],EVODEX-P21373
EVODEX-N8428,[H]C([H])([H])C([H])([H])C([H])([H])C([H])([H])C([H])([H])C([H])([H])C([H])([H])C([H])([H])C([H])([H])C([H])([H])C([H])([H])C(=O)O[C:18]([C:17])([H:69])[H:70].[H][O:33][H:94]>>[C:17][C:18]([O:33][H:94])([H:69])[H:70],EVODEX-P21374
EVODEX-N8429,[H][O:33][H:94]>>[H]C([H])([H])C([H])([H])C([H])([H])C([H])([H])C([H])([H])C([H])([H])C([H])([H])C([H])([H])C([H])([H])C([H])([H])C([H])([H])C([H])([H])C([H])([H])C([H])([H])C([H])([H])C([H])([H])C([H])([H])C([H])([H])[O:33][H:94],EVODEX-P21375
EVODEX-N8430,[H]C([H])([H])C([H])([H])C([H])([H])C([H])([H])C([H])([H])C([H])([H])C([H])([H])C([H])([H])C([H])([H])C([H])([H])C([H])([H])C(=O)O[C:18]([C:17])([H:69])[H:70]>>[H]O[C:18]([C:17])([H:69])[H:70],EVODEX-P21376
EVODEX-N8431,[H]OC([H])([H])C1=C([H])[C@@]2([H])[C@]3([H])C(C([H])([H])[H])(C([H])([H])[H])[C@]3(OC(=O)C([H])([H])C([H])([H])C([H])([H])[H])[C@]([H])(O[C:4]([C:3])=[O:5])[C@@]([H])(C([H])([H])[H])[C@]2(O[H])[C@]2([H])C([H])=C(C([H])([H])[H])C(=O)[C@@]2(O[H])C1([H])[H].[H][O:37][H:78]>>[C:3][C:4](=[O:5])[O:37][H:78],EVODEX-P21380
EVODEX-N8432,[H]OC([H])([H])C1=C([H])[C@@]2([H])[C@]3([H])C(C([H])([H])[H])(C([H])([H])[H])[C@]3(OC(=O)C([H])([H])C([H])([H])C([H])([H])[H])[C@]([H])(O[C:4]([C:3])=[O:5])[C@@]([H])(C([H])([H])[H])[C@]2(O[H])[C@]2([H])C([H])=C(C([H])([H])[H])C(=O)[C@@]2(O[H])C1([H])[H]>>[H]O[C:4]([C:3])=[O:5],EVODEX-P21381
EVODEX-N8433,[H]OC(=O)[C@@]1(O[H])O[C@@]([H])([C@]([H])(O[H])[C@]([H])(O[H])C([H])([H])[O:12][C:13])[C@]([H])(N([H])C(=O)C([H])([H])[H])[C@@]([H])(O[H])C1([H])[H]>>[H][O:12][C:13],EVODEX-P21384
EVODEX-N8434,[H]C([H])([H])C(=O)O[C:11]([C:9])([H:36])[H:37].[H][O:25][H:47]>>[C:9][C:11]([O:25][H:47])([H:36])[H:37],"EVODEX-P21385,EVODEX-P21390,EVODEX-P21692"
EVODEX-N8435,[H]C([H])([H])C(=O)O[C:11]([C:9])([H:36])[H:37]>>[H]O[C:11]([C:9])([H:36])[H:37],"EVODEX-P21386,EVODEX-P21392"
EVODEX-N8436,[H]N=C1:C([H]):C([H]):N([C@]2([H])O[C@]([H])(C([H])([H])OP(=O)(O[H])O[C@@]3(C(=O)O[H])O[C@@]([H])([C@]([H])(O[H])[C@]([H])(O[H])C([H])([H])[O:12][C:13])[C@]([H])(N([H])C(=O)C([H])([H])[H])[C@@]([H])(O[H])C3([H])[H])[C@@]([H])(O[H])[C@@]2([H])O[H]):C(=O):N:1[H]>>[H][O:12][C:13],EVODEX-P21389
EVODEX-N8437,[H][O:45][H:79]>>[H]N=C1:C([H]):C([H]):N([C@]2([H])O[C@]([H])(C([H])([H])OP(=O)(O[H])O[C@@]3(C(=O)O[H])O[C@@]([H])([C@]([H])(O[H])[C@]([H])(O[H])C([H])([H])[O:45][H:79])[C@]([H])(N([H])C(=O)C([H])([H])[H])[C@@]([H])(O[H])C3([H])[H])[C@@]([H])(O[H])[C@@]2([H])O[H]):C(=O):N:1[H],EVODEX-P21391
EVODEX-N8438,[H]C1:S:C(C2:S:C(C#CC([H])([H])C([H])([H])O[C:2]([C:1])=[O:3]):C([H]):C:2[H]):C([H]):C:1[H].[H][O:19][H:32]>>[C:1][C:2](=[O:3])[O:19][H:32],EVODEX-P21396
EVODEX-N8439,[H]C1:S:C(C2:S:C(C#CC([H])([H])C([H])([H])O[C:2]([C:1])=[O:3]):C([H]):C:2[H]):C([H]):C:1[H]>>[H]O[C:2]([C:1])=[O:3],EVODEX-P21397
EVODEX-N8440,[H]OC(=O)C1:C([H]):C([H]):C([H]):C([H]):C:1O[C:2]([C:1])=[O:3].[H][O:14][H:23]>>[C:1][C:2](=[O:3])[O:14][H:23],EVODEX-P21401
EVODEX-N8441,[H]OC(=O)C1:C([H]):C([H]):C([H]):C([H]):C:1O[C:2]([C:1])=[O:3]>>[H]O[C:2]([C:1])=[O:3],EVODEX-P21402
EVODEX-N8442,[H]OC1:C([H]):C([H]):C([H]):C([H]):C:1C(=O)O[C:2]([C:1])=[O:3].[H][O:14][H:23]>>[C:1][C:2](=[O:3])[O:14][H:23],EVODEX-P21406
EVODEX-N8443,[H]OC1:C([H]):C([H]):C([H]):C([H]):C:1C(=O)O[C:2]([C:1])=[O:3]>>[H]O[C:2]([C:1])=[O:3],EVODEX-P21407
EVODEX-N8444,[H]C1:C(O[C:2]([C:1])=[O:3]):C([H]):C2:O:C(=O):C([H]):C(C([H])([H])[H]):C:2:C:1[H].[H][O:17][H:28]>>[C:1][C:2](=[O:3])[O:17][H:28],EVODEX-P21411
EVODEX-N8445,[H]C1:C(O[C:2]([C:1])=[O:3]):C([H]):C2:O:C(=O):C([H]):C(C([H])([H])[H]):C:2:C:1[H]>>[H]O[C:2]([C:1])=[O:3],EVODEX-P21412
EVODEX-N8446,[H]OC(=O)C1:C([H]):C2:C([H]):C([H]):C(O[C:2]([C:1])=[O:3]):C([H]):C:2:O:C:1=O.[H][O:19][H:28]>>[C:1][C:2](=[O:3])[O:19][H:28],EVODEX-P21416
EVODEX-N8447,[H]OC(=O)C1:C([H]):C2:C([H]):C([H]):C(O[C:2]([C:1])=[O:3]):C([H]):C:2:O:C:1=O>>[H]O[C:2]([C:1])=[O:3],EVODEX-P21417
EVODEX-N8448,[H]OC([H])([H])[C@@]1([H])O[C@@]([H])(OC([H])([H])[C@@]2([H])O[C@@]([H])(OC([H])([H])[C@@]3([H])O[C@@]([H])(OC([H])([H])[C@@]4([H])O[C@@]([H])(OC([H])([H])[C@@]5([H])O[C@@]([H])(OC([H])([H])[C@@]6([H])O[C@@]([H])(O[H])[C@]([H])(N([H])C(=O)C([H])([H])[H])[C@@]([H])(O[H])[C@]6([H])O[H])[C@]([H])(N([H])C(=O)C([H])([H])[H])[C@@]([H])(O[H])[C@]5([H])O[H])[C@]([H])(N([H])C(=O)C([H])([H])[H])[C@@]([H])(O[H])[C@]4([H])O[H])[C@]([H])(N([H])C(=O)C([H])([H])[H])[C@@]([H])(O[H])[C@]3([H])O[H])[C@]([H])(N([H])C(=O)C([H])([H])[H])[C@@]([H])(O[H])[C@]2([H])O[H])[C@]([H])(N([H])[C:44]([C:45])=[O:46])[C@@]([H])(O[H])[C@]1([H])O[H].[H][O:86][H:167]>>[C:44]([C:45])(=[O:46])[O:86][H:167],EVODEX-P21421
EVODEX-N8449,[H]OC([H])([H])[C@@]1([H])O[C@@]([H])(OC([H])([H])[C@@]2([H])O[C@@]([H])(OC([H])([H])[C@@]3([H])O[C@@]([H])(OC([H])([H])[C@@]4([H])O[C@@]([H])(OC([H])([H])[C@@]5([H])O[C@@]([H])(OC([H])([H])[C@@]6([H])O[C@@]([H])(O[H])[C@]([H])(N([H])C(=O)C([H])([H])[H])[C@@]([H])(O[H])[C@]6([H])O[H])[C@]([H])(N([H])C(=O)C([H])([H])[H])[C@@]([H])(O[H])[C@]5([H])O[H])[C@]([H])(N([H])C(=O)C([H])([H])[H])[C@@]([H])(O[H])[C@]4([H])O[H])[C@]([H])(N([H])C(=O)C([H])([H])[H])[C@@]([H])(O[H])[C@]3([H])O[H])[C@]([H])(N([H])C(=O)C([H])([H])[H])[C@@]([H])(O[H])[C@]2([H])O[H])[C@]([H])(N([H])[C:44]([C:45])=[O:46])[C@@]([H])(O[H])[C@]1([H])O[H]>>[H]O[C:44]([C:45])=[O:46],EVODEX-P21422
EVODEX-N8450,[H]/C(C(=O)[O:19][C:20])=C(/C([H])([H])[H])C([H])([H])C([H])([H])/C([H])=C(\C([H])([H])[H])C([H])([H])C([H])([H])[C@@]1([H])O[C@@]1(C([H])([H])[H])C([H])([H])C([H])([H])[H]>>[H][O:19][C:20],EVODEX-P21425
EVODEX-N8451,[H]C([H])([H])O[C:17]([C:16])=[O:18].[H][O:21][H:50]>>[C:16][C:17](=[O:18])[O:21][H:50],"EVODEX-P21426,EVODEX-P21629"
EVODEX-N8452,[H][O:21][H:50]>>[H]/C(C(=O)[O:21][H:50])=C(/C([H])([H])[H])C([H])([H])C([H])([H])/C([H])=C(\C([H])([H])[H])C([H])([H])C([H])([H])[C@@]1([H])O[C@@]1(C([H])([H])[H])C([H])([H])C([H])([H])[H],EVODEX-P21427
EVODEX-N8453,[H]C([H])([H])O[C:17]([C:16])=[O:18]>>[H]O[C:17]([C:16])=[O:18],"EVODEX-P21428,EVODEX-P21631"
EVODEX-N8454,[H]/C(C(=O)O[C:1]([H:21])([H:22])[H:23])=C(/C([H])([H])[H])C([H])([H])C([H])([H])/C([H])=C(\C([H])([H])[H])C([H])([H])C([H])([H])[C@@]1([H])OC1(C([H])([H])[H])C([H])([H])[H].[H][O:20][H:47]>>[C:1]([O:20][H:47])([H:21])([H:22])[H:23],EVODEX-P21432
EVODEX-N8455,[H]/C(C(=O)O[C:1]([H:21])([H:22])[H:23])=C(/C([H])([H])[H])C([H])([H])C([H])([H])/C([H])=C(\C([H])([H])[H])C([H])([H])C([H])([H])[C@@]1([H])OC1(C([H])([H])[H])C([H])([H])[H]>>[H]O[C:1]([H:21])([H:22])[H:23],EVODEX-P21433
EVODEX-N8456,[H]C([H])([H])C([H])([H])C([H])([H])C([H])([H])C([H])(C([H])([H])C([H])([H])[H])C([H])([H])[O:20][C:18]>>[H][O:20][C:18],EVODEX-P21436
EVODEX-N8457,[H]C1:C([H]):C([H]):C(C(=O)O[C:21]([C:22])([H:51])[H:52]):C(C(=O)OC([H])([H])C([H])(C([H])([H])C([H])([H])[H])C([H])([H])C([H])([H])C([H])([H])C([H])([H])[H]):C:1[H].[H][O:29][H:68]>>[C:21]([C:22])([O:29][H:68])([H:51])[H:52],EVODEX-P21437
EVODEX-N8458,[H][O:29][H:68]>>[H]C([H])([H])C([H])([H])C([H])([H])C([H])([H])C([H])(C([H])([H])C([H])([H])[H])C([H])([H])[O:29][H:68],EVODEX-P21438
EVODEX-N8459,[H]C1:C([H]):C([H]):C(C(=O)O[C:21]([C:22])([H:51])[H:52]):C(C(=O)OC([H])([H])C([H])(C([H])([H])C([H])([H])[H])C([H])([H])C([H])([H])C([H])([H])C([H])([H])[H]):C:1[H]>>[H]O[C:21]([C:22])([H:51])[H:52],EVODEX-P21439
EVODEX-N8460,[H]C(=C([H])/C(=C(\[H])C([H])([H])O[C:16]([C:15])=[O:17])C([H])([H])[H])/C([H])=C(C(/[H])=C(\[H])C1=C(C([H])([H])[H])C([H])([H])C([H])([H])C([H])([H])C1(C([H])([H])[H])C([H])([H])[H])\C([H])([H])[H].[H][O:39][H:100]>>[C:15][C:16](=[O:17])[O:39][H:100],EVODEX-P21442
EVODEX-N8461,[H]C(=C([H])/C(=C(\[H])C([H])([H])O[C:16]([C:15])=[O:17])C([H])([H])[H])/C([H])=C(C(/[H])=C(\[H])C1=C(C([H])([H])[H])C([H])([H])C([H])([H])C([H])([H])C1(C([H])([H])[H])C([H])([H])[H])\C([H])([H])[H]>>[H]O[C:16]([C:15])=[O:17],EVODEX-P21443
EVODEX-N8462,[H][C:1]([H])([H])[C:2]1=[C:3](/[C:4]([H])=[C:5]([H])/[C:6]([C:7]([H])([H])[H])=[C:8]([H])/[C:9]([H])=[C:10]([H])/[C:11]([C:12]([H])([H])[H])=[C:13](\[H])[C:14]([H])([H])[O:15][H])[C:16]([C:17]([H])([H])[H])([C:18]([H])([H])[H])[C:19]([H])([H])[C:20]([H])([H])[C:21]1([H])[H]>>[H][C:1]([H])([H])[C:2]1=[C:3](/[C:4]([H])=[C:5]([H])/[C:6]([C:7]([H])([H])[H])=[C:8]([H])/[C:9]([H])=[C:10]([H])\[C:11]([C:12]([H])([H])[H])=[C:13](/[H])[C:14]([H])([H])[O:15][H])[C:16]([C:17]([H])([H])[H])([C:18]([H])([H])[H])[C:19]([H])([H])[C:20]([H])([H])[C:21]1([H])[H],EVODEX-P21445
EVODEX-N8463,[H][O:12][H:23]>>[H]OC(=O)[C@]([H])(O[H])[C@]([H])(O[H])[C@@]([H])([C@@]([H])(O[H])C([H])([H])[H])[O:12][H:23],EVODEX-P21447
EVODEX-N8464,[H]OC(=O)[C@]([H])(O[H])[C@]([H])(O[H])[C@@]([H])([C@@]([H])(O[H])C([H])([H])[H])[O:5][H:19]>>[H][O:5][H:19],EVODEX-P21449
EVODEX-N8465,[C:2][C@@:4]([O:5])([C:6])[H:18].[H][O:12][C:10]>>[C:2][C@@:4]([C:6])([O:12][C:10])[H:18].[H][O:5],"EVODEX-P21450,EVODEX-P30798"
EVODEX-N8466,[H]O[C@:4]([C:2])([C:6])[H:18].[H][O:12][C:10]>>[C:2][C@@:4]([C:6])([O:12][C:10])[H:18],"EVODEX-P21451,EVODEX-P30797"
EVODEX-N8467,[H]C1:S:C(C2:S:C([H]):C([H]):C:2C#CC([H])(C([H])([H])OC(=O)C([H])([H])[H])[O:19][C:20]):C([H]):C:1[H]>>[H][O:19][C:20],EVODEX-P21453
EVODEX-N8468,[H][O:23][H:38]>>[H]C1:S:C(C2:S:C([H]):C([H]):C:2C#CC([H])(C([H])([H])OC(=O)C([H])([H])[H])[O:23][H:38]):C([H]):C:1[H],EVODEX-P21455
EVODEX-N8469,[H]C1:S:C(C2:S:C(C#CC([H])(C([H])([H])OC(=O)C([H])([H])[H])[O:19][C:20]):C([H]):C:2[H]):C([H]):C:1[H]>>[H][O:19][C:20],EVODEX-P21459
EVODEX-N8470,[H][O:23][H:38]>>[H]C1:S:C(C2:S:C(C#CC([H])(C([H])([H])OC(=O)C([H])([H])[H])[O:23][H:38]):C([H]):C:2[H]):C([H]):C:1[H],EVODEX-P21461
EVODEX-N8471,[H]C1:C([H]):C([H]):C(C(=O)O[C@@]2([H])C([H])([H])[C@@]3([H])N(C([H])([H])[H])[C@]([H])(C([H])([H])C3([H])[H])[C@@]2([H])C(=O)[O:5][C:4]):C([H]):C:1[H]>>[H][O:5][C:4],EVODEX-P21465
EVODEX-N8472,[H][O:3][C:2].[H]C([H])([H])O[C:6](=[O:7])[C:8]>>[C:2][O:3][C:6](=[O:7])[C:8],"EVODEX-P21466,EVODEX-P21510"
EVODEX-N8473,[H]C([H])([H])O[C:6](=[O:7])[C:8]>>[H]C([H])([H])C([H])([H])O[C:6](=[O:7])[C:8],EVODEX-P21467
EVODEX-N8474,[H][O:3][C:2]>>[H]C1:C([H]):C([H]):C(C(=O)O[C@@]2([H])C([H])([H])[C@@]3([H])N(C([H])([H])[H])[C@]([H])(C([H])([H])C3([H])[H])[C@@]2([H])C(=O)[O:3][C:2]):C([H]):C:1[H],EVODEX-P21468
EVODEX-N8475,[H]C([H])([H])C([H])([H])C([H])([H])C([H])([H])C([H])([H])C([H])([H])C([H])([H])C([H])([H])C([H])([H])C([H])([H])C([H])([H])C([H])([H])C([H])([H])C([H])([H])C([H])([H])C([H])([H])C([H])([H])C(=O)[O:20][H:59]>>[H][O:20][H:59],EVODEX-P21471
EVODEX-N8476,[H]O[C:18]([C:17])=[O:19]>>[H]C([H])([H])C([H])([H])O[C:18]([C:17])=[O:19],EVODEX-P21474
EVODEX-N8477,[H]C1:C([H]):C(C([H])([H])C([H])([H])C(=O)[O:18][C:19]):C([H]):C([H]):C:1OC(=O)[C@]1([H])C([H])([H])C([H])([H])[C@@]([H])(C([H])([H])N([H])[H])C([H])([H])C1([H])[H]>>[H][O:18][C:19],EVODEX-P21479
EVODEX-N8478,[H]C1:C([H]):C([H]):C(C([H])([H])O[C:16]([C:15])=[O:17]):C([H]):C:1[H].[H][O:30][H:60]>>[C:15][C:16](=[O:17])[O:30][H:60],"EVODEX-P21480,EVODEX-P21486"
EVODEX-N8479,[H][O:30][H:60]>>[H]C1:C([H]):C(C([H])([H])C([H])([H])C(=O)[O:30][H:60]):C([H]):C([H]):C:1OC(=O)[C@]1([H])C([H])([H])C([H])([H])[C@@]([H])(C([H])([H])N([H])[H])C([H])([H])C1([H])[H],EVODEX-P21481
EVODEX-N8480,[H]C1:C([H]):C([H]):C(C([H])([H])O[C:16]([C:15])=[O:17]):C([H]):C:1[H]>>[H]O[C:16]([C:15])=[O:17],"EVODEX-P21482,EVODEX-P21488"
EVODEX-N8481,[H]C1:C([H]):C([H]):C(C([H])([H])[C@@]([H])(C(=O)[O:12][C:13])N([H])[H]):C([H]):C:1[H]>>[H][O:12][C:13],EVODEX-P21485
EVODEX-N8482,[H][O:20][H:38]>>[H]C1:C([H]):C([H]):C(C([H])([H])[C@@]([H])(C(=O)[O:20][H:38])N([H])[H]):C([H]):C:1[H],EVODEX-P21487
EVODEX-N8483,[H]C1:C([H]):C([H]):C2:C([H]):C(O[C:2]([C:1])=[O:3]):C([H]):C([H]):C:2:C:1[H].[H][O:15][H:26]>>[C:1][C:2](=[O:3])[O:15][H:26],EVODEX-P21492
EVODEX-N8484,[H]C1:C([H]):C([H]):C2:C([H]):C(O[C:2]([C:1])=[O:3]):C([H]):C([H]):C:2:C:1[H]>>[H]O[C:2]([C:1])=[O:3],EVODEX-P21493
EVODEX-N8485,[H]OC1:C([H]):C([H]):C(/C([H])=C(\[H])C(=O)O[C:1]([H:17])([H:18])[H:19]):C([H]):C:1OC([H])([H])[H].[H][O:16][H:29]>>[C:1]([O:16][H:29])([H:17])([H:18])[H:19],EVODEX-P21497
EVODEX-N8486,[H]OC1:C([H]):C([H]):C(/C([H])=C(\[H])C(=O)O[C:1]([H:17])([H:18])[H:19]):C([H]):C:1OC([H])([H])[H]>>[H]O[C:1]([H:17])([H:18])[H:19],EVODEX-P21498
EVODEX-N8487,[H]OC1:C([H]):C([H]):C(C(=O)O[C:1]([H:15])([H:16])[H:17]):C([H]):C:1OC([H])([H])[H].[H][O:14][H:25]>>[C:1]([O:14][H:25])([H:15])([H:16])[H:17],EVODEX-P21502
EVODEX-N8488,[H]OC1:C([H]):C([H]):C(C(=O)O[C:1]([H:15])([H:16])[H:17]):C([H]):C:1OC([H])([H])[H]>>[H]O[C:1]([H:15])([H:16])[H:17],EVODEX-P21503
EVODEX-N8489,[H][O:1][H:103]>>[H]OC(=O)C([H])([H])C([H])([H])C([H])([H])C([H])([H])C([H])([H])C([H])([H])C([H])([H])C([H])(O[H])C([H])([H])C([H])([H])C([H])([H])C([H])([H])C([H])([H])C([H])([H])C([H])([H])[O:1][H:103],EVODEX-P21506
EVODEX-N8490,[H]OC(=O)C([H])([H])C([H])([H])C([H])([H])C([H])([H])C([H])([H])C([H])([H])C([H])([H])C([H])(O[H])C([H])([H])C([H])([H])C([H])([H])C([H])([H])C([H])([H])C([H])([H])C([H])([H])O[C:22]([C:23])([H:72])[H:73]>>[H]O[C:22]([C:23])([H:72])[H:73],EVODEX-P21507
EVODEX-N8491,[H]C([H])=C([H])C(=O)[O:5][C:6]>>[H][O:5][C:6],EVODEX-P21509
EVODEX-N8492,[H][O:7][C:8]>>[H]C([H])=C([H])C(=O)[O:7][C:8],EVODEX-P21511
EVODEX-N8493,[H]C([H])([H])O[C:3]([C:2])=[O:4]>>[H]SC([H])([H])C([H])([H])C([H])([H])C([H])([H])O[C:3]([C:2])=[O:4],EVODEX-P21512
EVODEX-N8494,>>[H]SC([H])([H])C([H])([H])C([H])([H])C([H])([H])O.[H],EVODEX-P21513
EVODEX-N8495,[H]C([H])([H])C([H])([H])C([H])([H])C([H])([H])C([H])([H])C([H])([H])C([H])([H])C([H])([H])C([H])([H])C(=O)[O:12][C:13]>>[H][O:12][C:13],EVODEX-P21515
EVODEX-N8496,[H][O:22][H:46]>>[H]C([H])([H])C([H])([H])C([H])([H])C([H])([H])C([H])([H])C([H])([H])C([H])([H])C([H])([H])C([H])([H])C(=O)[O:22][H:46],EVODEX-P21517
EVODEX-N8497,[H]C([H])([H])C([H])([H])C([H])([H])C([H])([H])C([H])([H])C([H])([H])C([H])([H])C(=O)[O:10][C:11]>>[H][O:10][C:11],EVODEX-P21521
EVODEX-N8498,[H]C([H])([H])C([H])([H])C([H])([H])C([H])([H])C([H])([H])C(=O)[O:8][C:9]>>[H][O:8][C:9],EVODEX-P21526
EVODEX-N8499,[H]OC([H])([H])C([H])(O[C:24](=[O:25])[C:26])C([H])([H])O[C:16]([C:15])=[O:17].[H][O:41][H:111].[H][O:42][H:113]>>[C:24](=[O:25])([C:26])[O:42][H:113].[C:15][C:16](=[O:17])[O:41][H:111],EVODEX-P21531
EVODEX-N8500,[H]OC([H])([H])C([H])(O[C:24](=[O:25])[C:26])C([H])([H])OC(=O)C([H])([H])C([H])([H])C([H])([H])C([H])([H])C([H])([H])C([H])([H])C([H])([H])C([H])([H])C([H])([H])C([H])([H])C([H])([H])C([H])([H])C([H])([H])C([H])([H])C([H])([H])[H]>>[H]O[C:24](=[O:25])[C:26],EVODEX-P21532
EVODEX-N8501,[H]C([H])([H])C([H])([H])C([H])([H])C([H])([H])C([H])([H])C([H])([H])C([H])([H])C([H])([H])C([H])([H])C([H])([H])C([H])([H])C([H])([H])C([H])([H])C([H])([H])C([H])([H])C(=O)[O:18][C:19][C:20][O:23]C(=O)C([H])([H])C([H])([H])C([H])([H])C([H])([H])C([H])([H])C([H])([H])C([H])([H])C([H])([H])C([H])([H])C([H])([H])C([H])([H])C([H])([H])C([H])([H])C([H])([H])C([H])([H])[H]>>[H][O:18][C:19][C:20][O:23][H],EVODEX-P21534
EVODEX-N8502,[H]C(=O)C1(C(=O)[O:14][C:15])[C@@]2([H])/C(=C(/[H])C([H])([H])[H])C([H])([H])N3C([H])(C4:C(:C5:C([H]):C([H]):C([H]):C([H]):C:5:N:4[H])C([H])([H])[C@]31[H])C2([H])[H]>>[H][O:14][C:15],EVODEX-P21538
EVODEX-N8503,[H]C([H])([H])O[C:12]([C:9])=[O:13].[H][O:27][H]>>[C:12](=[O:13])=[O:27].[H][C:9],"EVODEX-P21539,EVODEX-P21573"
EVODEX-N8504,[H]C(=O)C1([C:12](=[O:13])[O:14])[C@@]2([H])/C(=C(/[H])C([H])([H])[H])C([H])([H])N3C([H])(C4:C(:C5:C([H]):C([H]):C([H]):C([H]):C:5:N:4[H])C([H])([H])[C@]31[H])C2([H])[H].[H][O:27][H]>>[C:12](=[O:13])=[O:27].[H][O:14],EVODEX-P21540
EVODEX-N8505,[H]C(=O)C1([C:12](=[O:13])[O:14])[C@@]2([H])/C(=C(/[H])C([H])([H])[H])C([H])([H])N3C([H])(C4:C(:C5:C([H]):C([H]):C([H]):C([H]):C:5:N:4[H])C([H])([H])[C@]31[H])C2([H])[H]>>O=[C:12]=[O:13].[H][O:14],EVODEX-P21541
EVODEX-N8506,O=C([C:9]([C:8])([C:10])[C:16])[O:14][C:15]>>[H][C@:9]([C:8])([C:10])[C:16].[H][O:14][C:15],EVODEX-P21542
EVODEX-N8507,[H]C([H])([H])OC(=O)[C:9]([C:8])([C:10])[C:16]>>[H][C@:9]([C:8])([C:10])[C:16],EVODEX-P21543
EVODEX-N8508,[C:9][C:12](=[O:13])[O:14]>>O=[C:12]=[O:13].[H][C:9].[H][O:14],"EVODEX-P21544,EVODEX-P21578"
EVODEX-N8509,[H]C(=O)C1([C:12](OC([H])([H])[H])=[O:13])[C@@]2([H])/C(=C(/[H])C([H])([H])[H])C([H])([H])N3C([H])(C4:C(:C5:C([H]):C([H]):C([H]):C([H]):C:5:N:4[H])C([H])([H])[C@]31[H])C2([H])[H].[H][O:27][H]>>[C:12](=[O:13])=[O:27],EVODEX-P21545
EVODEX-N8510,[C:9][C:12](=[O:13])[O:14].[H][O:27][H]>>[C:12](=[O:13])=[O:27].[H][C:9].[H][O:14],"EVODEX-P21546,EVODEX-P21580"
EVODEX-N8511,[H]C(=O)C1([C:12](OC([H])([H])[H])=[O:13])[C@@]2([H])/C(=C(/[H])C([H])([H])[H])C([H])([H])N3C([H])(C4:C(:C5:C([H]):C([H]):C([H]):C([H]):C:5:N:4[H])C([H])([H])[C@]31[H])C2([H])[H]>>O=[C:12]=[O:13],EVODEX-P21547
EVODEX-N8512,[H]C([H])([H])O[C:12]([C:9])=[O:13]>>O=[C:12]=[O:13].[H][C:9],"EVODEX-P21548,EVODEX-P21582"
EVODEX-N8513,[H]OC([H])([H])C([H])(OC(=O)C([H])([H])C([H])([H])C([H])([H])C([H])([H])C([H])([H])C([H])([H])C([H])([H])/C([H])=C(/[H])C([H])([H])C([H])([H])C([H])([H])C([H])([H])C([H])([H])C([H])([H])C([H])([H])C([H])([H])[H])C([H])([H])O[C:18]([C:17])=[O:19].[H][O:45][H:118]>>[C:17][C:18](=[O:19])[O:45][H:118],EVODEX-P21551
EVODEX-N8514,[H]OC([H])([H])C([H])(OC(=O)C([H])([H])C([H])([H])C([H])([H])C([H])([H])C([H])([H])C([H])([H])C([H])([H])/C([H])=C(/[H])C([H])([H])C([H])([H])C([H])([H])C([H])([H])C([H])([H])C([H])([H])C([H])([H])C([H])([H])[H])C([H])([H])O[C:18]([C:17])=[O:19]>>[H]O[C:18]([C:17])=[O:19],EVODEX-P21552
EVODEX-N8515,[H]O[C@@]1([H])N2[C@@]3([H])C([H])([H])[C@@]45C6:C([H]):C([H]):C([H]):C([H]):C:6N(C([H])([H])[H])[C@@]4([H])[C@]2([H])C([H])([H])[C@]([H])(C3([H])[C@@]5([H])[O:21][C:22])[C@]1([H])C([H])([H])C([H])([H])[H]>>[H][O:21][C:22],EVODEX-P21555
EVODEX-N8516,[H][O:28][H:57]>>[H]O[C@@]1([H])N2[C@@]3([H])C([H])([H])[C@@]([H])([C@]1([H])C([H])([H])C([H])([H])[H])[C@]1([H])[C@@]([H])([O:28][H:57])[C@@]4(C5:C([H]):C([H]):C([H]):C([H]):C:5N(C([H])([H])[H])[C@]43[H])C([H])([H])[C@]21[H],EVODEX-P21557
EVODEX-N8517,[H]O[C@@]1([H])N2[C@@]3([H])C([H])([H])[C@@]([H])([C@]1([H])C([H])([H])C([H])([H])[H])[C@@]1([H])[C@@]([H])([O:20][C:21])[C@@]4(C5:C([H]):C([H]):C([H]):C([H]):C:5N([H])[C@]43[H])C([H])([H])[C@]21[H]>>[H][O:20][C:21],EVODEX-P21561
EVODEX-N8518,[H][O:27][H:54]>>[H]O[C@@]1([H])N2[C@@]3([H])C([H])([H])[C@@]([H])([C@]1([H])C([H])([H])C([H])([H])[H])[C@@]1([H])[C@@]([H])([O:27][H:54])[C@@]4(C5:C([H]):C([H]):C([H]):C([H]):C:5N([H])[C@]43[H])C([H])([H])[C@]21[H],EVODEX-P21563
EVODEX-N8519,[H][O:22][H:50]>>[H]OC(=O)[C@@]([H])(N([H])C(=O)C([H])([H])C(=O)C([H])([H])C([H])([H])C([H])([H])C([H])([H])C([H])([H])C([H])([H])C([H])([H])C([H])([H])C([H])([H])[H])C([H])([H])C([H])([H])[O:22][H:50],EVODEX-P21567
EVODEX-N8520,[H][O:18][H:38]>>[H]OC(=O)[C@@]([H])(N([H])C(=O)C([H])([H])C(=O)C([H])([H])C([H])([H])C([H])([H])C([H])([H])C([H])([H])[H])C([H])([H])C([H])([H])[O:18][H:38],EVODEX-P21570
EVODEX-N8521,[H]OC(=O)C([H])([H])C([H])([H])[C@]1([H])C2=C3C4=NC(=C(C([H])([H])[H])C4=C(O[H])[C@]3([H])C(=O)[O:23][C:24])C([H])=C3N=C(C([H])=C4N=C(C([H])=C(N2[H])[C@@]1([H])C([H])([H])[H])C(C([H])([H])[H])=C4C([H])=C([H])[H])C(C([H])([H])[H])=C3C([H])([H])C([H])([H])[H]>>[H][O:23][C:24],EVODEX-P21572
EVODEX-N8522,[H]OC(=O)C([H])([H])C([H])([H])[C@]1([H])C2=C3C4=NC(=C(C([H])([H])[H])C4=C(O[H])[C@]3([H])[C:21](=[O:22])[O:23])C([H])=C3N=C(C([H])=C4N=C(C([H])=C(N2[H])[C@@]1([H])C([H])([H])[H])C(C([H])([H])[H])=C4C([H])=C([H])[H])C(C([H])([H])[H])=C3C([H])([H])C([H])([H])[H].[H][O:45][H]>>[C:21](=[O:22])=[O:45].[H][O:23],EVODEX-P21574
EVODEX-N8523,[H]OC(=O)C([H])([H])C([H])([H])[C@]1([H])C2=C3C4=NC(=C(C([H])([H])[H])C4=C(O[H])[C@]3([H])[C:21](=[O:22])[O:23])C([H])=C3N=C(C([H])=C4N=C(C([H])=C(N2[H])[C@@]1([H])C([H])([H])[H])C(C([H])([H])[H])=C4C([H])=C([H])[H])C(C([H])([H])[H])=C3C([H])([H])C([H])([H])[H]>>O=[C:21]=[O:22].[H][O:23],EVODEX-P21575
EVODEX-N8524,O=C([C@@:20]([C:18])([C:25])[H:58])[O:23][C:24]>>[H][C:20]([C:18])([C:25])[H:58].[H][O:23][C:24],EVODEX-P21576
EVODEX-N8525,[H]C([H])([H])OC(=O)[C@@:20]([C:18])([C:25])[H:58]>>[H][C:20]([C:18])([C:25])[H:58],EVODEX-P21577
EVODEX-N8526,[H]OC(=O)C([H])([H])C([H])([H])[C@]1([H])C2=C3C4=NC(=C(C([H])([H])[H])C4=C(O[H])[C@]3([H])[C:21](OC([H])([H])[H])=[O:22])C([H])=C3N=C(C([H])=C4N=C(C([H])=C(N2[H])[C@@]1([H])C([H])([H])[H])C(C([H])([H])[H])=C4C([H])=C([H])[H])C(C([H])([H])[H])=C3C([H])([H])C([H])([H])[H].[H][O:45][H]>>[C:21](=[O:22])=[O:45],EVODEX-P21579
EVODEX-N8527,[H]OC(=O)C([H])([H])C([H])([H])[C@]1([H])C2=C3C4=NC(=C(C([H])([H])[H])C4=C(O[H])[C@]3([H])[C:21](OC([H])([H])[H])=[O:22])C([H])=C3N=C(C([H])=C4N=C(C([H])=C(N2[H])[C@@]1([H])C([H])([H])[H])C(C([H])([H])[H])=C4C([H])=C([H])[H])C(C([H])([H])[H])=C3C([H])([H])C([H])([H])[H]>>O=[C:21]=[O:22],EVODEX-P21581
EVODEX-N8528,[H][O:13][H:30]>>[H]OC(=O)C([H])([H])[C@]([H])(C(=C([H])[H])C([H])([H])[H])C([H])([H])C([H])([H])C([H])(C([H])([H])[H])[O:13][H:30],EVODEX-P21584
EVODEX-N8529,[H]C([H])([H])OC(=O)[C@@]1([H])[C@@]([H])([O:7][C:8])C([H])([H])[C@@]2([H])N(C([H])([H])[H])[C@]1([H])C([H])([H])C2([H])[H]>>[H][O:7][C:8],EVODEX-P21587
EVODEX-N8530,[H]C1:C([H]):C([H]):C(C(=O)O[C@:6]([C:5])([C:16])[H:28]):C([H]):C:1[H].[H][O:23][H:45]>>[C:5][C@:6]([C:16])([O:23][H:45])[H:28],EVODEX-P21588
EVODEX-N8531,[H][O:23][H:45]>>[H]C([H])([H])OC(=O)[C@@]1([H])[C@@]([H])([O:23][H:45])C([H])([H])[C@@]2([H])N(C([H])([H])[H])[C@]1([H])C([H])([H])C2([H])[H],EVODEX-P21589
EVODEX-N8532,[H]C1:C([H]):C([H]):C(C(=O)O[C@:6]([C:5])([C:16])[H:28]):C([H]):C:1[H]>>[H]O[C@:6]([C:5])([C:16])[H:28],EVODEX-P21590
EVODEX-N8533,[H]C1=C([H])[C@]([H])(OC(=O)C([H])([H])[H])[C@]2([H])OC3:C(O[C:2]([C:1])=[O:3]):C([H]):C([H]):C4:C:3[C@@]23C([H])([H])C([H])([H])N(C([H])([H])[H])[C@]([H])(C4([H])[H])[C@]13[H].[H][O:28][H:52]>>[C:1][C:2](=[O:3])[O:28][H:52],EVODEX-P21594
EVODEX-N8534,[H]C1=C([H])[C@]([H])(OC(=O)C([H])([H])[H])[C@]2([H])OC3:C(O[C:2]([C:1])=[O:3]):C([H]):C([H]):C4:C:3[C@@]23C([H])([H])C([H])([H])N(C([H])([H])[H])[C@]([H])(C4([H])[H])[C@]13[H]>>[H]O[C:2]([C:1])=[O:3],EVODEX-P21595
EVODEX-N8535,[C:5][C@:7]([O:8])([C@@:20]([C:21])([O:39])[H:74])[H:66].[H][O:51][H:112].[H][O:52][H:114]>>[C:5][C@@:7]([C@@:20]([C:21])([O:51][H:112])[H:74])([O:52][H:114])[H:66].[H][O:39].[H][O:8],EVODEX-P21597
EVODEX-N8536,[H]OC(=O)C([H])([H])[C@]([H])(C(=O)O[H])C([H])([H])C(=O)O[C@@:7]([C:5])([C@:20](OC(=O)C([H])([H])[C@]([H])(C(=O)O[H])C([H])([H])C(=O)O[H])([C:21])[H:74])[H:66].[H][O:52][H:114]>>[H]O[C@@:20]([C@:7]([C:5])([O:52][H:114])[H:66])([C:21])[H:74],EVODEX-P21598
EVODEX-N8537,[H]OC(=O)C([H])([H])[C@]([H])(C(=O)O[H])C([H])([H])C(=O)O[C@@:7]([C:5])([C@:20](OC(=O)C([H])([H])[C@]([H])(C(=O)O[H])C([H])([H])C(=O)O[H])([C:21])[H:74])[H:66]>>[H]O[C@@:7]([C:5])([C@:20](O[H])([C:21])[H:74])[H:66],EVODEX-P21599
EVODEX-N8538,>>[H]O.[H]O.[H].[H],"EVODEX-P21600,EVODEX-P21918,EVODEX-P24111,EVODEX-P29297"
EVODEX-N8539,[H]OC(=O)C([H])([H])[C@@]([H])(C(=O)O[H])C([H])([H])C(=O)O[C@]([H])(C([H])([H])[C@]([H])(C([H])([H])[H])C([H])([H])[C@@]([H])(O[H])C([H])([H])C([H])([H])C([H])([H])C([H])([H])[C@]([H])(O[H])C([H])([H])[C@@]([H])(O[H])[C@]([H])(N([H])[H])C([H])([H])[H])[C@]([H])([C@@]([H])(C([H])([H])[H])C([H])([H])C([H])([H])C([H])([H])C([H])([H])[H])[O:8][C:9]>>[H][O:8][C:9],EVODEX-P21601
EVODEX-N8540,[H][O:51][H:112].[H][O:52][H:114]>>[H]O[C@@]([H])(C([H])([H])C([H])([H])C([H])([H])C([H])([H])[C@]([H])(O[H])C([H])([H])[C@@]([H])(O[H])[C@]([H])(N([H])[H])C([H])([H])[H])C([H])([H])[C@@]([H])(C([H])([H])[H])C([H])([H])[C@]([H])([C@]([H])([C@@]([H])(C([H])([H])[H])C([H])([H])C([H])([H])C([H])([H])C([H])([H])[H])[O:52][H:114])[O:51][H:112],EVODEX-P21602
EVODEX-N8541,[H]OC(=O)C([H])([H])[C@]([H])(C(=O)O[H])C([H])([H])C(=O)O[C@@:7]([C:5])([C:20])[H:65].[H][O:51][H:111]>>[C:5][C@:7]([C:20])([O:51][H:111])[H:65],EVODEX-P21604
EVODEX-N8542,[H][O:51][H:111]>>[H]OC(=O)C([H])([H])[C@@]([H])(C(=O)O[H])C([H])([H])C(=O)O[C@]([H])(C([H])([H])[C@]([H])(C([H])([H])[H])C([H])([H])[C@@]([H])(O[H])C([H])([H])C([H])([H])C([H])([H])C([H])([H])[C@]([H])(O[H])C([H])([H])[C@@]([H])(O[H])[C@]([H])(N([H])[H])C([H])([H])[H])[C@@]([H])([C@@]([H])(C([H])([H])[H])C([H])([H])C([H])([H])C([H])([H])C([H])([H])[H])[O:51][H:111],EVODEX-P21605
EVODEX-N8543,[H]OC(=O)C([H])([H])[C@]([H])(C(=O)O[H])C([H])([H])C(=O)O[C@@:7]([C:5])([C:20])[H:65]>>[H]O[C@:7]([C:5])([C:20])[H:65],EVODEX-P21606
EVODEX-N8544,[H][O:1][H:18]>>[H]OC(=O)C(=O)C([H])([H])C(=O)/C([H])=C(/[H])C(=O)[O:1][H:18],EVODEX-P21609
EVODEX-N8545,[H]OC1:C2:C(:C(C([H])([H])[H]):C(OC([H])([H])[H]):C:1C([H])([H])/C([H])=C(\C([H])([H])[H])C([H])([H])C([H])([H])C(=O)[O:19][C:20])C([H])([H])OC2=O>>[H][O:19][C:20],EVODEX-P21612
EVODEX-N8546,[H]OC(=O)[C@@]1([H])O[C@@]([H])(O[C:17]([C:16])=[O:18])[C@]([H])(O[H])[C@@]([H])(O[H])[C@]1([H])O[H].[H][O:36][H:65]>>[C:16][C:17](=[O:18])[O:36][H:65],EVODEX-P21613
EVODEX-N8547,[H][O:36][H:65]>>[H]OC1:C2:C(:C(C([H])([H])[H]):C(OC([H])([H])[H]):C:1C([H])([H])/C([H])=C(\C([H])([H])[H])C([H])([H])C([H])([H])C(=O)[O:36][H:65])C([H])([H])OC2=O,EVODEX-P21614
EVODEX-N8548,[H]OC(=O)[C@@]1([H])O[C@@]([H])(O[C:17]([C:16])=[O:18])[C@]([H])(O[H])[C@@]([H])(O[H])[C@]1([H])O[H]>>[H]O[C:17]([C:16])=[O:18],EVODEX-P21615
EVODEX-N8549,[H]OC1:C([H]):C(O[H]):C2:C(:C:1[H])C(=O)C1:C([H]):C3:C(:C(O[H]):C:1C2=O)C([H])(C([H])([H])C([H])([H])O[C:2]([C:1])=[O:3])C([H])(O[H])O3.[H][O:30][H:47]>>[C:1][C:2](=[O:3])[O:30][H:47],EVODEX-P21619
EVODEX-N8550,[H]OC1:C([H]):C(O[H]):C2:C(:C:1[H])C(=O)C1:C([H]):C3:C(:C(O[H]):C:1C2=O)C([H])(C([H])([H])C([H])([H])O[C:2]([C:1])=[O:3])C([H])(O[H])O3>>[H]O[C:2]([C:1])=[O:3],EVODEX-P21620
EVODEX-N8551,[H]OC1:C([H]):C(O[H]):C2:C(:C:1[H])C(=O)C1:C([H]):C(O[H]):C([C@@]([H])(C([H])([H])O[H])C([H])([H])C([H])([H])O[C:2]([C:1])=[O:3]):C(O[H]):C:1C2=O.[H][O:30][H:49]>>[C:1][C:2](=[O:3])[O:30][H:49],EVODEX-P21624
EVODEX-N8552,[H]OC1:C([H]):C(O[H]):C2:C(:C:1[H])C(=O)C1:C([H]):C(O[H]):C([C@@]([H])(C([H])([H])O[H])C([H])([H])C([H])([H])O[C:2]([C:1])=[O:3]):C(O[H]):C:1C2=O>>[H]O[C:2]([C:1])=[O:3],EVODEX-P21625
EVODEX-N8553,[H]OC1:C([H]):C([H]):C([H]):C2:C:1C(=O)C1:C(O[H]):C3:C(:C([H]):C:1C2=O)[C@@]([H])(C(=O)[O:40][C:41])[C@@](O[H])(C([H])([H])C([H])([H])[H])C([H])([H])[C@]3([H])O[C@]1([H])O[C@@]([H])(C([H])([H])[H])[C@@]([H])(O[H])[C@@]([H])(N(C([H])([H])[H])C([H])([H])[H])C1([H])[H]>>[H][O:40][C:41],EVODEX-P21628
EVODEX-N8554,[H][O:42][H:78]>>[H]OC1:C([H]):C([H]):C([H]):C2:C:1C(=O)C1:C(O[H]):C3:C(:C([H]):C:1C2=O)[C@@]([H])(C(=O)[O:42][H:78])[C@@](O[H])(C([H])([H])C([H])([H])[H])C([H])([H])[C@]3([H])O[C@]1([H])O[C@@]([H])(C([H])([H])[H])[C@@]([H])(O[H])[C@@]([H])(N(C([H])([H])[H])C([H])([H])[H])C1([H])[H],EVODEX-P21630
EVODEX-N8555,[H][O:1][H:27]>>[H]O[C@@]([H])([C@]([H])(O[H])[C@]([H])(O[H])C([H])([H])S(=O)(=O)O[H])[C@@]([H])(O[H])C(=O)[O:1][H:27],EVODEX-P21634
EVODEX-N8556,[C:16][C:17]([C:18])([H:29])[H:30].[H][O:1][H:34]>>[H][C:16].[O:1]([C:17]([C:18])([H:29])[H:30])[H:34],EVODEX-P21636
EVODEX-N8557,[H]OC(=O)C1:C([H]):C([H]):C(C(=O)O[H]):C([C:17]([C:18])([H:29])[H:30]):C:1C([H])([H])C([H])([H])O[H].[H][O:1][H:34]>>[O:1]([C:17]([C:18])([H:29])[H:30])[H:34],EVODEX-P21637
EVODEX-N8558,[H][O:1][H:34]>>[H]OC([H])([H])C([H])([H])[O:1][H:34],EVODEX-P21638
EVODEX-N8559,[H]OC(=O)C1:C([H]):C([H]):C(C(=O)O[H]):C([C:17]([C:18])([H:29])[H:30]):C:1C([H])([H])C([H])([H])O[H]>>[H]O[C:17]([C:18])([H:29])[H:30],EVODEX-P21639
EVODEX-N8560,[H]OC([H])([H])C([H])([H])[C:16](:[C:5]):[C:12]>>[H][C:16](:[C:5]):[C:12],EVODEX-P21640
EVODEX-N8561,[H]OC([H])([H])C([H])([H])OC(=O)C1:C([H]):C([H]):C(C(=O)[O:4][C:5]):C([H]):C:1[H]>>[H][O:4][C:5],EVODEX-P21643
EVODEX-N8562,[H]OC([H])([H])C([H])([H])O[C:3](=[O:2])[C:8].[H][O:1][H:34]>>[O:1]([C:3](=[O:2])[C:8])[H:34],EVODEX-P21644
EVODEX-N8563,[H][O:1][H:34]>>[H]OC([H])([H])C([H])([H])OC(=O)C1:C([H]):C([H]):C(C(=O)[O:1][H:34]):C([H]):C:1[H],EVODEX-P21645
EVODEX-N8564,[H]OC([H])([H])C([H])([H])O[C:3](=[O:2])[C:8]>>[H]O[C:3](=[O:2])[C:8],EVODEX-P21646
EVODEX-N8565,[C:13]([C:14]([C:15])([H:25])[H:26]):[C:17][C:18]([C:19])([H:30])[H:31].[H][O:1][H:35].[H][O:2][H:37]>>[H][C:13]:[C:17][H].[O:1]([C:14]([C:15])([H:25])[H:26])[H:35].[O:2]([C:18]([C:19])([H:30])[H:31])[H:37],EVODEX-P21648
EVODEX-N8566,[H]OC([H])([H])C([H])([H])[C:13](:[C:9]):[C:17](C([H])([H])C([H])([H])O[H]):[C:6]>>[H][C:13](:[C:9]):[C:17]([H]):[C:6],EVODEX-P21649
EVODEX-N8567,[H]N(C(=O)C([H])([H])[H])C([H])([H])C([H])([H])C([H])([H])C([H])([H])[C@@]([H])(C(=O)N([H])[C@@]([H])(C(=O)[N:21]([C:22])[H:50])C([H])([H])[H])N([H])C(=O)C([H])([H])[H]>>[H][N:21]([C:22])[H:50],EVODEX-P21652
EVODEX-N8568,[H]OC(=O)[C@]([H])(N([H])[C:19]([C:17])=[O:20])C([H])([H])[H].[H][O:27][H:56]>>[C:17][C:19](=[O:20])[O:27][H:56],"EVODEX-P21653,EVODEX-P24479,EVODEX-P24609,EVODEX-P24817,EVODEX-P24874,EVODEX-P24879,EVODEX-P24885,EVODEX-P24914,EVODEX-P24920,EVODEX-P24926,EVODEX-P24942,EVODEX-P24948,EVODEX-P25970,EVODEX-P26775,EVODEX-P27167,EVODEX-P27349"
EVODEX-N8569,[H][O:27][H:56]>>[H]N(C(=O)C([H])([H])[H])C([H])([H])C([H])([H])C([H])([H])C([H])([H])[C@@]([H])(C(=O)N([H])[C@@]([H])(C(=O)[O:27][H:56])C([H])([H])[H])N([H])C(=O)C([H])([H])[H],EVODEX-P21654
EVODEX-N8570,[H]OC(=O)[C@@]([H])(N([H])[C:4](=[O:5])[C:6])C([H])([H])[H]>>[H]O[C:4](=[O:5])[C:6],"EVODEX-P21655,EVODEX-P24480,EVODEX-P24610,EVODEX-P24819,EVODEX-P24875,EVODEX-P24881,EVODEX-P24887,EVODEX-P24916,EVODEX-P24922,EVODEX-P24928,EVODEX-P24944,EVODEX-P24949,EVODEX-P25971,EVODEX-P26777,EVODEX-P27168,EVODEX-P27350,EVODEX-P33778"
EVODEX-N8571,[H][O:1][H:25]>>[H]O[C@]([H])([C@@]([H])(O[H])C(=O)[O:1][H:25])[C@]([H])(O[H])C([H])([H])OP(=O)(O[H])O[H],EVODEX-P21658
EVODEX-N8572,[H]OC1([H])O[C@]([H])(C([H])([H])OP(=O)(O[H])OP(=O)(O[H])OC([H])([H])[C@@]2([H])O[C@@]([H])(N3:C([H]):N:C4:C(N([H])[H]):N:C([H]):N:C:4:3)[C@]([H])(O[H])[C@]2([H])O[H])[C@@]([H])(O[H])[C@@]1([H])O[C:2]([C:1])=[O:3].[H][O:40][H:66]>>[C:1][C:2](=[O:3])[O:40][H:66],EVODEX-P21662
EVODEX-N8573,[H]OC1([H])O[C@]([H])(C([H])([H])OP(=O)(O[H])OP(=O)(O[H])OC([H])([H])[C@@]2([H])O[C@@]([H])(N3:C([H]):N:C4:C(N([H])[H]):N:C([H]):N:C:4:3)[C@]([H])(O[H])[C@]2([H])O[H])[C@@]([H])(O[H])[C@@]1([H])O[C:2]([C:1])=[O:3]>>[H]O[C:2]([C:1])=[O:3],EVODEX-P21663
EVODEX-N8574,[H]OC1([H])O[C@]([H])(C([H])([H])OP(=O)(O[H])OP(=O)(O[H])OC([H])([H])[C@@]2([H])O[C@@]([H])(N3:C([H]):N:C4:C(N([H])[H]):N:C([H]):N:C:4:3)[C@]([H])(O[H])[C@]2([H])O[H])[C@@]([H])(O[C:2]([C:1])=[O:3])[C@@]1([H])O[H].[H][O:40][H:66]>>[C:1][C:2](=[O:3])[O:40][H:66],EVODEX-P21667
EVODEX-N8575,[H]OC1([H])O[C@]([H])(C([H])([H])OP(=O)(O[H])OP(=O)(O[H])OC([H])([H])[C@@]2([H])O[C@@]([H])(N3:C([H]):N:C4:C(N([H])[H]):N:C([H]):N:C:4:3)[C@]([H])(O[H])[C@]2([H])O[H])[C@@]([H])(O[C:2]([C:1])=[O:3])[C@@]1([H])O[H]>>[H]O[C:2]([C:1])=[O:3],EVODEX-P21668
EVODEX-N8576,[H][O:1][H:119]>>[H]OC(=O)[C@@]([H])(N([H])C(=O)C1:C([H]):C([H]):C([H]):C(O[H]):C:1O[H])C([H])([H])OC(=O)[C@@]([H])(N([H])C(=O)C1:C([H]):C([C@]2([H])O[C@]([H])(C([H])([H])O[H])[C@@]([H])(O[H])[C@]([H])(O[H])[C@@]2([H])O[H]):C([H]):C(O[H]):C:1O[H])C([H])([H])OC(=O)[C@@]([H])(N([H])C(=O)C1:C([H]):C([C@]2([H])O[C@]([H])(C([H])([H])O[H])[C@@]([H])(O[H])[C@]([H])(O[H])[C@@]2([H])O[H]):C([H]):C(O[H]):C:1O[H])C([H])([H])[O:1][H:119],EVODEX-P21671
EVODEX-N8577,[H][O:1][H:77]>>[H]OC(=O)[C@@]([H])(N([H])C(=O)C1:C([H]):C([H]):C([H]):C(O[H]):C:1O[H])C([H])([H])OC(=O)[C@@]([H])(N([H])C(=O)C1:C([H]):C([H]):C([H]):C(O[H]):C:1O[H])C([H])([H])OC(=O)[C@@]([H])(N([H])C(=O)C1:C([H]):C([H]):C([H]):C(O[H]):C:1O[H])C([H])([H])[O:1][H:77],EVODEX-P21674
EVODEX-N8578,[H][O:1][H:119]>>[H]OC(=O)[C@@]([H])(N([H])C(=O)C1:C([H]):C([C@]2([H])O[C@]([H])(C([H])([H])O[H])[C@@]([H])(O[H])[C@]([H])(O[H])[C@@]2([H])O[H]):C([H]):C(O[H]):C:1O[H])C([H])([H])OC(=O)[C@@]([H])(N([H])C(=O)C1:C([H]):C([H]):C([H]):C(O[H]):C:1O[H])C([H])([H])OC(=O)[C@@]([H])(N([H])C(=O)C1:C([H]):C([C@]2([H])O[C@]([H])(C([H])([H])O[H])[C@@]([H])(O[H])[C@]([H])(O[H])[C@@]2([H])O[H]):C([H]):C(O[H]):C:1O[H])C([H])([H])[O:1][H:119],EVODEX-P21677
EVODEX-N8579,[H]OP(=O)(O[H])OC([H])([H])[C@]([H])(OC(=O)C([H])([H])C([H])([H])C([H])([H])C([H])([H])C([H])([H])C([H])([H])C([H])([H])/C([H])=C(/[H])C([H])([H])C([H])([H])C([H])([H])C([H])([H])C([H])([H])C([H])([H])C([H])([H])C([H])([H])[H])C([H])([H])[O:23][C:24]>>[H][O:23][C:24],EVODEX-P21680
EVODEX-N8580,[H][O:47][H:119]>>[H]OP(=O)(O[H])OC([H])([H])[C@]([H])(OC(=O)C([H])([H])C([H])([H])C([H])([H])C([H])([H])C([H])([H])C([H])([H])C([H])([H])/C([H])=C(/[H])C([H])([H])C([H])([H])C([H])([H])C([H])([H])C([H])([H])C([H])([H])C([H])([H])C([H])([H])[H])C([H])([H])[O:47][H:119],EVODEX-P21682
EVODEX-N8581,[H]OP(=O)(O[H])OC([H])([H])[C@]([H])(OC(=O)C([H])([H])C([H])([H])C([H])([H])C([H])([H])C([H])([H])C([H])([H])C([H])([H])C([H])([H])C([H])([H])C([H])([H])C([H])([H])C([H])([H])C([H])([H])C([H])([H])C([H])([H])[H])C([H])([H])O[C:16]([C:15])=[O:17].[H][O:45][H:115]>>[C:15][C:16](=[O:17])[O:45][H:115],EVODEX-P21687
EVODEX-N8582,[H]OP(=O)(O[H])OC([H])([H])[C@]([H])(OC(=O)C([H])([H])C([H])([H])C([H])([H])C([H])([H])C([H])([H])C([H])([H])C([H])([H])C([H])([H])C([H])([H])C([H])([H])C([H])([H])C([H])([H])C([H])([H])C([H])([H])C([H])([H])[H])C([H])([H])O[C:16]([C:15])=[O:17]>>[H]O[C:16]([C:15])=[O:17],EVODEX-P21688
EVODEX-N8583,[H]C([H])([H])C([H])([H])[O:3][C:4]>>[H][O:3][C:4],"EVODEX-P21691,EVODEX-P25130,EVODEX-P25135,EVODEX-P25322,EVODEX-P25466,EVODEX-P27358"
EVODEX-N8584,[H][O:7][H:16]>>[H]C([H])([H])C([H])([H])[O:7][H:16],EVODEX-P21693
EVODEX-N8585,[H]C([H])([H])C(=O)O[C:1]([H:7])([H:8])[H:9].[H][O:6][H:13]>>[C:1]([O:6][H:13])([H:7])([H:8])[H:9],EVODEX-P21697
EVODEX-N8586,[H][O:1][H:20]>>[H]OC([H])([H])C(O[H])(C([H])([H])O[H])[C@@]([H])(O[H])C(=O)[O:1][H:20],EVODEX-P21701
EVODEX-N8587,[H]OC([H])([H])[C@]([H])(OC(=O)C([H])([H])C([H])([H])C([H])([H])/C([H])=C(/[H])C([H])([H])/C([H])=C(/[H])C([H])([H])/C([H])=C(/[H])C([H])([H])/C([H])=C(/[H])C([H])([H])C([H])([H])C([H])([H])C([H])([H])C([H])([H])[H])C([H])([H])[O:27][C:28]>>[H][O:27][C:28],EVODEX-P21704
EVODEX-N8588,[H]/C(=C(\[H])C([H])([H])C([H])([H])C([H])([H])C([H])([H])C([H])([H])C([H])([H])C([H])([H])C([H])([H])[H])C([H])([H])C([H])([H])C([H])([H])C([H])([H])C([H])([H])C([H])([H])C([H])([H])C(=O)O[C:26]([C:23])([H:83])[H:84].[H][O:47][H:118]>>[C:23][C:26]([O:47][H:118])([H:83])[H:84],EVODEX-P21705
EVODEX-N8589,[H][O:47][H:118]>>[H]OC([H])([H])C([H])(OC(=O)C([H])([H])C([H])([H])C([H])([H])/C([H])=C(/[H])C([H])([H])/C([H])=C(/[H])C([H])([H])/C([H])=C(/[H])C([H])([H])/C([H])=C(/[H])C([H])([H])C([H])([H])C([H])([H])C([H])([H])C([H])([H])[H])C([H])([H])[O:47][H:118],EVODEX-P21706
EVODEX-N8590,[H]/C(=C(\[H])C([H])([H])C([H])([H])C([H])([H])C([H])([H])C([H])([H])C([H])([H])C([H])([H])C([H])([H])[H])C([H])([H])C([H])([H])C([H])([H])C([H])([H])C([H])([H])C([H])([H])C([H])([H])C(=O)O[C:26]([C:23])([H:83])[H:84]>>[H]O[C:26]([C:23])([H:83])[H:84],EVODEX-P21707
EVODEX-N8591,[H]O[C@]1([H])[C@@]([H])(O[H])[C@]([H])(OC2:C([H]):N([H]):C3:C([H]):C([H]):C(Br):C(Cl):C:2:3)O[C@]([H])(C(=O)O[C:1]([H:27])([H:28])[H:29])[C@@]1([H])O[H].[H][O:26][H:42]>>[C:1]([O:26][H:42])([H:27])([H:28])[H:29],EVODEX-P21716
EVODEX-N8592,[H]O[C@]1([H])[C@@]([H])(O[H])[C@]([H])(OC2:C([H]):N([H]):C3:C([H]):C([H]):C(Br):C(Cl):C:2:3)O[C@]([H])(C(=O)O[C:1]([H:27])([H:28])[H:29])[C@@]1([H])O[H]>>[H]O[C:1]([H:27])([H:28])[H:29],EVODEX-P21717
EVODEX-N8593,[H]OP(=O)(OC([H])([H])C([H])([H])N([H])[H])OC([H])([H])[C@]([H])(OC(=O)C([H])([H])C([H])([H])C([H])([H])C([H])([H])C([H])([H])C([H])([H])C([H])([H])/C([H])=C(/[H])C([H])([H])C([H])([H])C([H])([H])C([H])([H])C([H])([H])C([H])([H])C([H])([H])C([H])([H])[H])C([H])([H])[O:23][C:24]>>[H][O:23][C:24],EVODEX-P21720
EVODEX-N8594,[H][O:50][H:127]>>[H]OP(=O)(OC([H])([H])C([H])([H])N([H])[H])OC([H])([H])[C@]([H])(OC(=O)C([H])([H])C([H])([H])C([H])([H])C([H])([H])C([H])([H])C([H])([H])C([H])([H])/C([H])=C(/[H])C([H])([H])C([H])([H])C([H])([H])C([H])([H])C([H])([H])C([H])([H])C([H])([H])C([H])([H])[H])C([H])([H])[O:50][H:127],EVODEX-P21722
EVODEX-N8595,[H]OP(=O)(OC([H])([H])C([H])([H])N([H])[H])OC([H])([H])[C@]([H])(OC(=O)C([H])([H])C([H])([H])C([H])([H])C([H])([H])C([H])([H])C([H])([H])C([H])([H])/C([H])=C(/[H])C([H])([H])C([H])([H])C([H])([H])C([H])([H])C([H])([H])C([H])([H])C([H])([H])C([H])([H])[H])C([H])([H])O[C:18]([C:17])=[O:19].[H][O:52][H:131]>>[C:17][C:18](=[O:19])[O:52][H:131],EVODEX-P21727
EVODEX-N8596,[H]OP(=O)(OC([H])([H])C([H])([H])N([H])[H])OC([H])([H])[C@]([H])(OC(=O)C([H])([H])C([H])([H])C([H])([H])C([H])([H])C([H])([H])C([H])([H])C([H])([H])/C([H])=C(/[H])C([H])([H])C([H])([H])C([H])([H])C([H])([H])C([H])([H])C([H])([H])C([H])([H])C([H])([H])[H])C([H])([H])O[C:18]([C:17])=[O:19]>>[H]O[C:18]([C:17])=[O:19],EVODEX-P21728
EVODEX-N8597,[H]OC(=O)C([H])([H])C([H])([H])C([H])([H])C(=O)[S:48][C:47]>>[H][S:48][C:47],EVODEX-P21743
EVODEX-N8598,[H]OC([H])([H])[C@@]([H])(C(=O)[S:7][C:8])C([H])([H])[H]>>[H][S:7][C:8],EVODEX-P21751
EVODEX-N8599,[H][O:55][H:98]>>[H]OC([H])([H])[C@@]([H])(C(=O)[O:55][H:98])C([H])([H])[H],EVODEX-P21753
EVODEX-N8600,[H]O[C@@]([H])(C(=O)[S:6][C:7])C([H])([H])[H]>>[H][S:6][C:7],EVODEX-P21761
EVODEX-N8601,[H]OC(=O)C([H])([H])N([H])C(=O)[C@@]([H])(N([H])C(=O)C([H])([H])C([H])([H])[C@@]([H])(C(=O)O[H])N([H])[H])C([H])([H])S[C:4]([C:2])=[O:5].[H][O:26][H:48]>>[C:2][C:4](=[O:5])[O:26][H:48],"EVODEX-P21762,EVODEX-P21773,EVODEX-P21807"
EVODEX-N8602,[H]OC(=O)C([H])([H])N([H])C(=O)[C@@]([H])(N([H])C(=O)C([H])([H])C([H])([H])[C@@]([H])(C(=O)O[H])N([H])[H])C([H])([H])S[C:4]([C:2])=[O:5]>>[H]O[C:4]([C:2])=[O:5],"EVODEX-P21763,EVODEX-P21774,EVODEX-P21808"
EVODEX-N8603,[H]O[C@@]([H])(C(=O)[O:6][H:32])C([H])([H])[H]>>[H][O:6][H:32],EVODEX-P21766
EVODEX-N8604,[H][S:16][C:15]>>[H]O[C@@]([H])(C(=O)[S:16][C:15])C([H])([H])[H],EVODEX-P21768
EVODEX-N8605,[H]O[C:4]([C:2])=[O:5]>>[H]OC(=O)C([H])([H])N([H])C(=O)[C@@]([H])(N([H])C(=O)C([H])([H])C([H])([H])[C@@]([H])(C(=O)O[H])N([H])[H])C([H])([H])S[C:4]([C:2])=[O:5],EVODEX-P21769
EVODEX-N8606,[H]O[C@]([H])(C(=O)[N:6]([C:7])[H:32])C([H])([H])[H]>>[H][N:6]([C:7])[H:32],EVODEX-P21777
EVODEX-N8607,[H]OC(=O)C([H])([H])N([H])C(=O)[C@@]([H])(N([H])C(=O)C([H])([H])C([H])([H])[C@@]([H])(C(=O)O[H])N([H])[C:4]([C:2])=[O:5])C([H])([H])S[H].[H][O:26][H:48]>>[C:2][C:4](=[O:5])[O:26][H:48],EVODEX-P21778
EVODEX-N8608,[H]OC(=O)C([H])([H])N([H])C(=O)[C@@]([H])(N([H])C(=O)C([H])([H])C([H])([H])[C@@]([H])(C(=O)O[H])N([H])[C:4]([C:2])=[O:5])C([H])([H])S[H]>>[H]O[C:4]([C:2])=[O:5],EVODEX-P21779
EVODEX-N8609,[S:48][C:49](=[O:50])[H:87].[H][O:51][H:88]>>[H][S:48].[C:49](=[O:50])([O:51][H:88])[H:87],"EVODEX-P21781,EVODEX-P21786,EVODEX-P21796,EVODEX-P29425"
EVODEX-N8610,[H]O[C@]1([H])[C@]([H])(OP(=O)(O[H])O[H])[C@@]([H])(C([H])([H])OP(=O)(O[H])OP(=O)(O[H])OC([H])([H])C(C([H])([H])[H])(C([H])([H])[H])[C@@]([H])(O[H])C(=O)N([H])C([H])([H])C([H])([H])C(=O)N([H])C([H])([H])C([H])([H])S[C:49](=[O:50])[H:87])O[C@@]1([H])N1:C([H]):N:C2:C(N([H])[H]):N:C([H]):N:C:2:1.[H][O:51][H:88]>>[C:49](=[O:50])([O:51][H:88])[H:87],EVODEX-P21782
EVODEX-N8611,[H]O[C@]1([H])[C@]([H])(OP(=O)(O[H])O[H])[C@@]([H])(C([H])([H])OP(=O)(O[H])OP(=O)(O[H])OC([H])([H])C(C([H])([H])[H])(C([H])([H])[H])[C@@]([H])(O[H])C(=O)N([H])C([H])([H])C([H])([H])C(=O)N([H])C([H])([H])C([H])([H])S[C:49](=[O:50])[H:87])O[C@@]1([H])N1:C([H]):N:C2:C(N([H])[H]):N:C([H]):N:C:2:1>>[H]O[C:49](=[O:50])[H:87],EVODEX-P21783
EVODEX-N8612,[H]OC([H])([H])C(C([H])([H])[H])(C([H])([H])[H])C([H])(O[H])C(=O)N([H])C([H])([H])C([H])([H])C(=O)N([H])C([H])([H])C([H])([H])S[C:19](=[O:20])[H:43].[H][O:21][H:44]>>[C:19](=[O:20])([O:21][H:44])[H:43],EVODEX-P21787
EVODEX-N8613,[H]OC([H])([H])C(C([H])([H])[H])(C([H])([H])[H])C([H])(O[H])C(=O)N([H])C([H])([H])C([H])([H])C(=O)N([H])C([H])([H])C([H])([H])S[C:19](=[O:20])[H:43]>>[H]O[C:19](=[O:20])[H:43],EVODEX-P21788
EVODEX-N8614,[H]C([H])([H])C(=O)C([H])([H])C(=O)[S:7][C:8]>>[H][S:7][C:8],EVODEX-P21792
EVODEX-N8615,[H][O:55][H:96]>>[H]C([H])([H])C(=O)C([H])([H])C(=O)[O:55][H:96],EVODEX-P21794
EVODEX-N8616,[H]OC(=O)C([H])([H])N([H])C(=O)[C@@]([H])(N([H])C(=O)C([H])([H])C([H])([H])[C@@]([H])(C(=O)O[H])N([H])[H])C([H])([H])S[C:11](=[O:12])[H:35].[H][O:23][H:41]>>[C:11](=[O:12])([O:23][H:41])[H:35],EVODEX-P21797
EVODEX-N8617,[H]OC(=O)C([H])([H])N([H])C(=O)[C@@]([H])(N([H])C(=O)C([H])([H])C([H])([H])[C@@]([H])(C(=O)O[H])N([H])[H])C([H])([H])S[C:11](=[O:12])[H:35]>>[H]O[C:11](=[O:12])[H:35],EVODEX-P21798
EVODEX-N8618,[H]OC(=O)[C@@]([H])(C(=O)[S:8][C:9])C([H])([H])[H]>>[H][S:8][C:9],EVODEX-P21815
EVODEX-N8619,[H][O:56][H:97]>>[H]OC(=O)C([H])(C(=O)[O:56][H:97])C([H])([H])[H],EVODEX-P21817
EVODEX-N8620,[H]C([H])([H])C([H])([H])C([H])([H])C([H])([H])C([H])([H])C([H])([H])C([H])([H])C([H])([H])C(=O)[S:11][C:12]>>[H][S:11][C:12],EVODEX-P21824
EVODEX-N8621,[H][O:59][H:112]>>[H]C([H])([H])C([H])([H])C([H])([H])C([H])([H])C([H])([H])C([H])([H])C([H])([H])C([H])([H])C(=O)[O:59][H:112],EVODEX-P21826
EVODEX-N8622,[H]OC(=O)[C@@]([H])(N([H])C(=O)[C@@]([H])(N([H])C(=O)[C@@]([H])(N([H])C(=O)[C@@]([H])(N([H])C(=O)[C@@]([H])(N([H])C(=O)[C@@]([H])(N([H])[H])C([H])([H])S[C:16]([C:15])=[O:17])C([H])([H])C(=O)N([H])[H])C([H])([H])O[H])C([H])([H])C1:C([H]):C([H]):C(O[H]):C([H]):C:1[H])C([H])([H])C([H])([H])C([H])([H])C([H])([H])N([H])[H])C([H])(O[H])C([H])([H])[H].[H][O:67][H:144]>>[C:15][C:16](=[O:17])[O:67][H:144],EVODEX-P21838
EVODEX-N8623,[H]OC(=O)[C@@]([H])(N([H])C(=O)[C@@]([H])(N([H])C(=O)[C@@]([H])(N([H])C(=O)[C@@]([H])(N([H])C(=O)[C@@]([H])(N([H])C(=O)[C@@]([H])(N([H])[H])C([H])([H])S[C:16]([C:15])=[O:17])C([H])([H])C(=O)N([H])[H])C([H])([H])O[H])C([H])([H])C1:C([H]):C([H]):C(O[H]):C([H]):C:1[H])C([H])([H])C([H])([H])C([H])([H])C([H])([H])N([H])[H])C([H])(O[H])C([H])([H])[H]>>[H]O[C:16]([C:15])=[O:17],EVODEX-P21839
EVODEX-N8624,[H]O[C:65]([C:64])=[O:66]>>[H]OC(=O)[C@@]([H])(N([H])C(=O)[C@@]([H])(N([H])C(=O)[C@@]([H])(N([H])C(=O)[C@@]([H])(N([H])C(=O)[C@@]([H])(N([H])C(=O)[C@@]([H])(N([H])[H])C([H])([H])S[C:65]([C:64])=[O:66])C([H])([H])C(=O)N([H])[H])C([H])([H])O[H])C([H])([H])C1:C([H]):C([H]):C(O[H]):C([H]):C:1[H])C([H])([H])C([H])([H])C([H])([H])C([H])([H])N([H])[H])C([H])(O[H])C([H])([H])[H],EVODEX-P21843
EVODEX-N8625,[H]OC1:C([H]):C([H]):C(C(=O)[S:48][C:47]):C([H]):C:1[H]>>[H][S:48][C:47],EVODEX-P21846
EVODEX-N8626,[H]C1:C([H]):C([H]):C(C(=O)C(=O)[S:48][C:47]):C([H]):C:1[H]>>[H][S:48][C:47],EVODEX-P21855
EVODEX-N8627,[H][O:59][H:100]>>[H]C1:C([H]):C([H]):C(C(=O)C(=O)[O:59][H:100]):C([H]):C:1[H],EVODEX-P21857
EVODEX-N8628,[H][O:77][H:152]>>[H]O[C@]1([H])C([H])([H])C([H])([H])[C@@]2(C([H])([H])[H])[C@@]([H])(C1([H])[H])C([H])([H])[C@@]([H])(O[H])[C@@]1([H])[C@]3([H])C([H])([H])C([H])([H])[C@]([H])([C@]([H])(C([H])([H])[H])C([H])([H])C([H])([H])C(=O)[O:77][H:152])[C@@]3(C([H])([H])[H])[C@@]([H])(O[H])C([H])([H])[C@]21[H],EVODEX-P21862
EVODEX-N8629,[H]O[C@]1([H])C([H])([H])C([H])([H])[C@@]2(C([H])([H])[H])[C@@]([H])(C1([H])[H])C([H])([H])[C@@]([H])(O[H])[C@]1([H])[C@]2([H])C([H])([H])C([H])([H])[C@]2(C([H])([H])[H])[C@@]([H])([C@]([H])(C([H])([H])[H])C([H])([H])C([H])([H])C(=O)[S:7][C:8])C([H])([H])C([H])([H])[C@]21[H]>>[H][S:7][C:8],EVODEX-P21866
EVODEX-N8630,[H][O:76][H:151]>>[H]O[C@]1([H])C([H])([H])C([H])([H])[C@@]2(C([H])([H])[H])[C@@]([H])(C1([H])[H])C([H])([H])[C@@]([H])(O[H])[C@]1([H])[C@]2([H])C([H])([H])C([H])([H])[C@]2(C([H])([H])[H])[C@@]([H])([C@]([H])(C([H])([H])[H])C([H])([H])C([H])([H])C(=O)[O:76][H:151])C([H])([H])C([H])([H])[C@]21[H],EVODEX-P21868
EVODEX-N8631,[H]OC1:C([H]):C(C(=O)[S:48][C:47]):C(O[H]):C2:C([H]):C([H]):C([H]):C([H]):C:1:2>>[H][S:48][C:47],EVODEX-P21872
EVODEX-N8632,[H][O:63][H:106]>>[H]OC1:C([H]):C(C(=O)[O:63][H:106]):C(O[H]):C2:C([H]):C([H]):C([H]):C([H]):C:1:2,EVODEX-P21874
EVODEX-N8633,[H]OC1:C([H]):C([H]):C(C(=O)[S:48][C:47]):C([H]):C:1O[H]>>[H][S:48][C:47],EVODEX-P21878
EVODEX-N8634,[H]C([H])(F)C(=O)[S:48][C:47]>>[H][S:48][C:47],EVODEX-P21883
EVODEX-N8635,[H]OC(=O)[C@@]([H])(O[H])C([H])([H])C(=O)[S:48][C:47]>>[H][S:48][C:47],EVODEX-P21888
EVODEX-N8636,[H]OC(=O)C([H])([H])[C@]([H])(O[H])C(=O)[S:48][C:47]>>[H][S:48][C:47],EVODEX-P21892
EVODEX-N8637,[H]C1:C([H]):C([H]):C(N([H])[H]):C(C(=O)C([H])([H])C(=O)[S:48][C:47]):C:1[H]>>[H][S:48][C:47],EVODEX-P21897
EVODEX-N8638,[H][O:61][H:105]>>[H]C1:C([H]):C([H]):C(N([H])[H]):C(C(=O)C([H])([H])C(=O)[O:61][H:105]):C:1[H],EVODEX-P21899
EVODEX-N8639,[H]OC1:C(C([H])([H])[H]):N:C([H]):C(C([H])([H])[O:7][P:8]):C:1C([H])=O>>[H][O:7][P:8],EVODEX-P21904
EVODEX-N8640,[H]OP(=O)(O[H])O[C:7]([C:8])([H:31])[H:32].[H][O:1][H:52]>>[O:1]([C:7]([C:8])([H:31])[H:32])[H:52],"EVODEX-P21905,EVODEX-P21921,EVODEX-P21931,EVODEX-P21937,EVODEX-P21943,EVODEX-P21947,EVODEX-P21985,EVODEX-P21991,EVODEX-P22002,EVODEX-P22005,EVODEX-P22011,EVODEX-P22017,EVODEX-P22024,EVODEX-P22030,EVODEX-P22036,EVODEX-P22041,EVODEX-P22053,EVODEX-P22058,EVODEX-P22062,EVODEX-P22068,EVODEX-P22075,EVODEX-P22079,EVODEX-P22098,EVODEX-P22110,EVODEX-P22114,EVODEX-P22121,EVODEX-P22138,EVODEX-P22150,EVODEX-P22172,EVODEX-P22178,EVODEX-P22201,EVODEX-P22207,EVODEX-P22212,EVODEX-P22247,EVODEX-P22253,EVODEX-P22285,EVODEX-P22291,EVODEX-P22298,EVODEX-P22309,EVODEX-P22314,EVODEX-P22320,EVODEX-P22326,EVODEX-P22331,EVODEX-P22358,EVODEX-P22364,EVODEX-P22369,EVODEX-P22375,EVODEX-P22398,EVODEX-P22403,EVODEX-P22409,EVODEX-P22427,EVODEX-P22432,EVODEX-P22438,EVODEX-P22450,EVODEX-P22456,EVODEX-P22463,EVODEX-P22473,EVODEX-P22480,EVODEX-P22491,EVODEX-P22496,EVODEX-P22503,EVODEX-P22509,EVODEX-P22514,EVODEX-P22520,EVODEX-P22934"
EVODEX-N8641,[H][O:17][H:28]>>[H]OC1:C(C([H])([H])[H]):N:C([H]):C(C([H])([H])[O:17][H:28]):C:1C([H])=O,EVODEX-P21906
EVODEX-N8642,[H]OP(=O)(O[H])O[C:7]([C:8])([H:31])[H:32]>>[H]O[C:7]([C:8])([H:31])[H:32],"EVODEX-P21907,EVODEX-P21922,EVODEX-P21933,EVODEX-P21939,EVODEX-P21949,EVODEX-P21987,EVODEX-P21992,EVODEX-P22007,EVODEX-P22013,EVODEX-P22019,EVODEX-P22026,EVODEX-P22032,EVODEX-P22038,EVODEX-P22043,EVODEX-P22059,EVODEX-P22064,EVODEX-P22070,EVODEX-P22076,EVODEX-P22081,EVODEX-P22100,EVODEX-P22111,EVODEX-P22116,EVODEX-P22123,EVODEX-P22140,EVODEX-P22151,EVODEX-P22174,EVODEX-P22180,EVODEX-P22203,EVODEX-P22209,EVODEX-P22214,EVODEX-P22249,EVODEX-P22255,EVODEX-P22287,EVODEX-P22293,EVODEX-P22300,EVODEX-P22310,EVODEX-P22316,EVODEX-P22322,EVODEX-P22328,EVODEX-P22333,EVODEX-P22359,EVODEX-P22366,EVODEX-P22371,EVODEX-P22377,EVODEX-P22400,EVODEX-P22405,EVODEX-P22411,EVODEX-P22428,EVODEX-P22434,EVODEX-P22440,EVODEX-P22452,EVODEX-P22458,EVODEX-P22465,EVODEX-P22475,EVODEX-P22482,EVODEX-P22493,EVODEX-P22498,EVODEX-P22505,EVODEX-P22516,EVODEX-P22522"
EVODEX-N8643,[H]OC(=O)[C@@]([H])(N([H])[H])C([H])([H])C1:C([H]):C([H]):C([O:8][P:9]):C([H]):C:1[H]>>[H][O:8][P:9],EVODEX-P21910
EVODEX-N8644,[H]OP(=O)(O[H])O[C:7](:[C:6]):[C:13].[H][O:18][H:31]>>[C:6]:[C:7](:[C:13])[O:18][H:31],"EVODEX-P21911,EVODEX-P21926,EVODEX-P22091"
EVODEX-N8645,[H][O:18][H:31]>>[H]OC(=O)[C@@]([H])(N([H])[H])C([H])([H])C1:C([H]):C([H]):C([O:18][H:31]):C([H]):C:1[H],EVODEX-P21912
EVODEX-N8646,[H]OP(=O)(O[H])O[C:7](:[C:6]):[C:13]>>[H]O[C:7](:[C:6]):[C:13],"EVODEX-P21913,EVODEX-P21927,EVODEX-P22093"
EVODEX-N8647,[H]C([H])([H])C([H])([H])C([H])([H])C([H])([H])C([H])([H])C([H])([H])C([H])([H])C([H])([H])C([H])([H])C([H])([H])C([H])([H])C([H])([H])C([H])([H])C([H])([H])C([H])([H])C(=O)OC([H])([H])[C@@]([H])(OC(=O)C([H])([H])C([H])([H])C([H])([H])C([H])([H])C([H])([H])C([H])([H])C([H])([H])C([H])([H])C([H])([H])C([H])([H])C([H])([H])C([H])([H])C([H])([H])C([H])([H])C([H])([H])[H])C([H])([H])[O:22][P:23]>>[H][O:22][P:23],EVODEX-P21930
EVODEX-N8648,[H][O:45][H:115]>>[H]C([H])([H])C([H])([H])C([H])([H])C([H])([H])C([H])([H])C([H])([H])C([H])([H])C([H])([H])C([H])([H])C([H])([H])C([H])([H])C([H])([H])C([H])([H])C([H])([H])C([H])([H])C(=O)OC([H])([H])[C@@]([H])(OC(=O)C([H])([H])C([H])([H])C([H])([H])C([H])([H])C([H])([H])C([H])([H])C([H])([H])C([H])([H])C([H])([H])C([H])([H])C([H])([H])C([H])([H])C([H])([H])C([H])([H])C([H])([H])[H])C([H])([H])[O:45][H:115],EVODEX-P21932
EVODEX-N8649,[H]O[C@]([H])(/C([H])=C(\[H])C([H])([H])C([H])([H])C([H])([H])C([H])([H])C([H])([H])C([H])([H])C([H])([H])C([H])([H])C([H])([H])C([H])([H])C([H])([H])C([H])([H])C([H])([H])[H])[C@@]([H])(N([H])[H])C([H])([H])[O:21][P:22]>>[H][O:21][P:22],EVODEX-P21936
EVODEX-N8650,[H][O:26][H:65]>>[H]O[C@]([H])(/C([H])=C(\[H])C([H])([H])C([H])([H])C([H])([H])C([H])([H])C([H])([H])C([H])([H])C([H])([H])C([H])([H])C([H])([H])C([H])([H])C([H])([H])C([H])([H])C([H])([H])[H])[C@@]([H])(N([H])[H])C([H])([H])[O:26][H:65],EVODEX-P21938
EVODEX-N8651,[H][O:24][H:39]>>[H]O[C@@]1([H])[C@@]([H])(O[H])[C@]([H])(N2:C([H]):N:C3:C(N([H])[H]):N:C([H]):N:C:3:2)O[C@]1([H])C([H])([H])[O:24][H:39],EVODEX-P21944
EVODEX-N8652,[H][O:1][H:35]>>[H]O[C@@]1([H])C([H])([H])[C@]([H])(N2:C([H]):C([H]):C(=O):N([H]):C:2=O)O[C@]1([H])C([H])([H])[O:1][H:35],EVODEX-P21948
EVODEX-N8653,[H]O[C@@]1([H])C([H])([H])[C@]([H])(N2:C([H]):C([H]):C(=O):N([H]):C:2=O)O[C@]1([H])C([H])([H])[O:13][P:14]>>[H][O:13][P:14],EVODEX-P21950
EVODEX-N8654,[H]OC([H])([H])[C@@]1([H])O[C@@]([H])(N2:C([H]):N:C3:C(N([H])[H]):N:C([H]):N:C:3:2)[C@]([H])(O[H])[C@]1([H])[O:17][P:18]>>[H][O:17][P:18],EVODEX-P21953
EVODEX-N8655,[H]OP(=O)(O[H])O[C@:16]([C:13])([C:22])[H:34].[H][O:24][H:39]>>[C:13][C@:16]([C:22])([O:24][H:39])[H:34],"EVODEX-P21954,EVODEX-P21959,EVODEX-P21965,EVODEX-P21970,EVODEX-P21975,EVODEX-P22047,EVODEX-P22085,EVODEX-P22104,EVODEX-P22127,EVODEX-P22144,EVODEX-P22155,EVODEX-P22161,EVODEX-P22167,EVODEX-P22217,EVODEX-P22224,EVODEX-P22228,EVODEX-P22234,EVODEX-P22242,EVODEX-P22259,EVODEX-P22264,EVODEX-P22269,EVODEX-P22275,EVODEX-P22303,EVODEX-P22337,EVODEX-P22343,EVODEX-P22526,EVODEX-P22711,EVODEX-P23069"
EVODEX-N8656,[H]OP(=O)(O[H])O[C:7]([C:6])([C:8])[H:40]>>[H]O[C:7]([C:6])([C:8])[H:40],"EVODEX-P21955,EVODEX-P21961,EVODEX-P21966,EVODEX-P21977,EVODEX-P22049,EVODEX-P22087,EVODEX-P22106,EVODEX-P22129,EVODEX-P22146,EVODEX-P22157,EVODEX-P22163,EVODEX-P22169,EVODEX-P22219,EVODEX-P22230,EVODEX-P22236,EVODEX-P22261,EVODEX-P22265,EVODEX-P22270,EVODEX-P22277,EVODEX-P22304,EVODEX-P22339,EVODEX-P22345,EVODEX-P22713,EVODEX-P23070"
EVODEX-N8657,[H]N=C1:N([H]):C(=O):C2:N:C([H]):N([C@]3([H])O[C@]([H])(C([H])([H])O[H])[C@@]([H])([O:16][P:17])[C@@]3([H])O[H]):C:2:N:1[H]>>[H][O:16][P:17],EVODEX-P21958
EVODEX-N8658,[H][O:25][H:40]>>[H]N=C1:N([H]):C(=O):C2:N:C([H]):N([C@]3([H])O[C@]([H])(C([H])([H])O[H])[C@@]([H])([O:25][H:40])[C@@]3([H])O[H]):C:2:N:1[H],EVODEX-P21960
EVODEX-N8659,[H]O[C@]1([H])[C@]([H])([O:21][P:22])[C@@]([H])(C([H])([H])OP(=O)(O[H])O[H])O[C@@]1([H])N1:C([H]):N:C2:C(N([H])[H]):N:C([H]):N:C:2:1>>[H][O:21][P:22],"EVODEX-P21964,EVODEX-P22720"
EVODEX-N8660,[H]OP(=O)(O[H])O[C@]1([H])[C@]([H])(OP(=O)(O[H])O[H])[C@]([H])(OP(=O)(O[H])O[H])[C@@]([H])([O:21][P:22])[C@]([H])(OP(=O)(O[H])O[H])[C@@]1([H])OP(=O)(O[H])O[H]>>[H][O:21][P:22],EVODEX-P21974
EVODEX-N8661,[H][O:1][H:56]>>[H]OP(=O)(O[H])O[C@]1([H])[C@]([H])(OP(=O)(O[H])O[H])[C@]([H])(OP(=O)(O[H])O[H])[C@]([H])([O:1][H:56])[C@]([H])(OP(=O)(O[H])O[H])[C@@]1([H])OP(=O)(O[H])O[H],EVODEX-P21976
EVODEX-N8662,[H]OP(=O)(O[H])O[C@@]1([H])[C@]2([H])OP(=O)(O[H])OP(=O)(O[H])O[C@@]2([H])[C@]([H])(OP(=O)(O[H])O[H])[C@@]([H])(OP(=O)(O[H])O[H])[C@@]1([H])O[P:3](=[O:2])([O:4])[O:5].[H][O:1][H:53]>>[O:1]([P:3](=[O:2])([O:4])[O:5])[H:53],EVODEX-P21981
EVODEX-N8663,[H]OP(=O)(O[H])O[C@@]1([H])[C@]2([H])OP(=O)(O[H])OP(=O)(O[H])O[C@@]2([H])[C@]([H])(OP(=O)(O[H])O[H])[C@@]([H])(OP(=O)(O[H])O[H])[C@@]1([H])O[P:3](=[O:2])([O:4])[O:5]>>[H]O[P:3](=[O:2])([O:4])[O:5],EVODEX-P21982
EVODEX-N8664,[H][O:1][H:31]>>[H]O[C@@]([H])([C@]([H])(O[H])[C@]([H])(O[H])C([H])([H])[O:1][H:31])[C@@]([H])(O[H])C([H])=O,EVODEX-P21986
EVODEX-N8665,[H]O[C@@]([H])([C@]([H])(O[H])[C@]([H])(O[H])C([H])([H])[O:13][P:14])[C@@]([H])(O[H])C([H])=O>>[H][O:13][P:14],EVODEX-P21988
EVODEX-N8666,[H]OC1([H])O[C@]([H])(C([H])([H])[O:6][P:3])[C@@]([H])(O[H])[C@]([H])(O[H])[C@@]1([H])O[H]>>[H][O:6][P:3],EVODEX-P21993
EVODEX-N8667,[O:18][P:19](=[O:20])([O:21])[O:22].[O:6][P:7](=[O:8])([O:9])[O:10].[H][O:1][H:37].[H][O:2][H:39]>>[H][O:18].[H][O:6].[O:1]([P:7](=[O:8])([O:9])[O:10])[H:37].[O:2]([P:19](=[O:20])([O:21])[O:22])[H:39],EVODEX-P21995
EVODEX-N8668,[H]OP(=O)(O[H])[O:18][C:17].[H]OP(=O)(O[H])[O:6][C:5]>>[H][O:18][C:17].[H][O:6][C:5],EVODEX-P21996
EVODEX-N8669,[H]O[C@@]([H])([C@]([H])(O[H])C(=O)C([H])([H])O[P:7](=[O:8])([O:9])[O:10])[C@]([H])(O[H])C([H])([H])O[P:19](=[O:20])([O:21])[O:22].[H][O:1][H:37].[H][O:2][H:39]>>[O:1]([P:7](=[O:8])([O:9])[O:10])[H:37].[O:2]([P:19](=[O:20])([O:21])[O:22])[H:39],EVODEX-P21998
EVODEX-N8670,[H]O[C@@]([H])([C@]([H])(O[H])C(=O)C([H])([H])OP(=O)(O[H])O[H])[C@]([H])(O[H])C([H])([H])O[P:19](=[O:20])([O:21])[O:22]>>[H]O[P:19](=[O:20])([O:21])[O:22],EVODEX-P21999
EVODEX-N8671,[H][O:1][H:36]>>[H]O[C@@]([H])([C@]([H])(O[H])C(=O)C([H])([H])[O:1][H:36])[C@]([H])(O[H])C([H])([H])OP(=O)(O[H])O[H],EVODEX-P22003
EVODEX-N8672,[H][O:1][H:36]>>[H]OC1(C([H])([H])[O:1][H:36])O[C@]([H])(C([H])([H])OP(=O)(O[H])O[H])[C@@]([H])(O[H])[C@]1([H])O[H],EVODEX-P22006
EVODEX-N8673,[H]O[C@]1(C([H])([H])[O:13][P:14])O[C@]([H])(C([H])([H])OP(=O)(O[H])O[H])[C@@]([H])(O[H])[C@]1([H])O[H]>>[H][O:13][P:14],EVODEX-P22008
EVODEX-N8674,[H][O:1][H:52]>>[H]OC([H])([H])[C@@]1([H])O[C@]([H])(O[C@@]2([H])O[C@]([H])(C([H])([H])[O:1][H:52])[C@@]([H])(O[H])[C@]([H])(O[H])[C@@]2([H])O[H])[C@]([H])(O[H])[C@@]([H])(O[H])[C@]1([H])O[H],EVODEX-P22012
EVODEX-N8675,[H]OC([H])([H])[C@@]1([H])O[C@]([H])(O[C@@]2([H])O[C@]([H])(C([H])([H])[O:6][P:3])[C@@]([H])(O[H])[C@]([H])(O[H])[C@@]2([H])O[H])[C@]([H])(O[H])[C@@]([H])(O[H])[C@]1([H])O[H]>>[H][O:6][P:3],EVODEX-P22014
EVODEX-N8676,[H][O:1][H:30]>>[H]OC1([H])O[C@]([H])(C([H])([H])[O:1][H:30])[C@@]([H])(O[H])[C@]([H])(O[H])C1([H])[H],EVODEX-P22018
EVODEX-N8677,[H]OC1([H])O[C@]([H])(C([H])([H])[O:6][P:3])[C@@]([H])(O[H])[C@]([H])(O[H])C1([H])[H]>>[H][O:6][P:3],EVODEX-P22020
EVODEX-N8678,[H]O[C@@]([H])(C(=O)SC([H])([H])[H])C([H])([H])[O:8][P:9]>>[H][O:8][P:9],EVODEX-P22023
EVODEX-N8679,[H][O:13][H:23]>>[H]O[C@@]([H])(C(=O)SC([H])([H])[H])C([H])([H])[O:13][H:23],EVODEX-P22025
EVODEX-N8680,[H]C1:N:C(C([H])([H])[C@]([H])(N([H])[H])C([H])([H])[O:4][P:5]):C([H]):N:1[H]>>[H][O:4][P:5],EVODEX-P22029
EVODEX-N8681,[H][O:15][H:28]>>[H]C1:N:C(C([H])([H])[C@]([H])(N([H])[H])C([H])([H])[O:15][H:28]):C([H]):N:1[H],EVODEX-P22031
EVODEX-N8682,[H]OC(=O)[C@@]([H])(N([H])C(=O)[C@@]([H])(N([H])C(=O)[C@@]([H])(N([H])C(=O)[C@@]([H])(N([H])C(=O)[C@@]([H])(N([H])C(=O)[C@@]([H])(N([H])[H])C([H])([H])S[H])C([H])([H])C(=O)N([H])[H])C([H])([H])[O:31][P:32])C([H])([H])C1:C([H]):C([H]):C(O[H]):C([H]):C:1[H])C([H])([H])C([H])([H])C([H])([H])C([H])([H])N([H])[H])C([H])(O[H])C([H])([H])[H]>>[H][O:31][P:32],EVODEX-P22035
EVODEX-N8683,[H][O:54][H:102]>>[H]OC(=O)[C@@]([H])(N([H])C(=O)[C@@]([H])(N([H])C(=O)[C@@]([H])(N([H])C(=O)[C@@]([H])(N([H])C(=O)[C@@]([H])(N([H])C(=O)[C@@]([H])(N([H])[H])C([H])([H])S[H])C([H])([H])C(=O)N([H])[H])C([H])([H])[O:54][H:102])C([H])([H])C1:C([H]):C([H]):C(O[H]):C([H]):C:1[H])C([H])([H])C([H])([H])C([H])([H])C([H])([H])N([H])[H])C([H])(O[H])C([H])([H])[H],EVODEX-P22037
EVODEX-N8684,[H][O:1][H:31]>>[H]OC([H])([H])C(=O)C([H])(O[H])C([H])(O[H])C([H])(O[H])C([H])([H])[O:1][H:31],EVODEX-P22042
EVODEX-N8685,[H]OC([H])([H])C(=O)C([H])(O[H])C([H])(O[H])C([H])(O[H])C([H])([H])[O:13][P:14]>>[H][O:13][P:14],EVODEX-P22044
EVODEX-N8686,[H][O:1][H:21]>>[H]OC([H])([H])C([H])(C([H])([H])O[H])[O:1][H:21],EVODEX-P22048
EVODEX-N8687,[H]OC([H])([H])C([H])(C([H])([H])O[H])[O:6][P:3]>>[H][O:6][P:3],EVODEX-P22050
EVODEX-N8688,[H]OC([H])([H])C([H])(O[H])C([H])([H])[O:6][P:3]>>[H][O:6][P:3],"EVODEX-P22054,EVODEX-P22606,EVODEX-P22650"
EVODEX-N8689,[H]OC(=O)C([H])(O[H])C([H])([H])[O:8][P:9]>>[H][O:8][P:9],EVODEX-P22057
EVODEX-N8690,[H][O:1][H:33]>>[H]OC([H])([H])[C@@]([H])(O[H])[C@@]([H])(O[H])[C@]([H])(O[H])[C@]([H])(O[H])C([H])([H])[O:1][H:33],EVODEX-P22063
EVODEX-N8691,[H]OC([H])([H])[C@@]([H])(O[H])[C@@]([H])(O[H])[C@]([H])(O[H])[C@]([H])(O[H])C([H])([H])[O:6][P:3]>>[H][O:6][P:3],EVODEX-P22065
EVODEX-N8692,[H][O:1][H:31]>>[H]OC([H])([H])[C@@]1([H])OC(O[H])(C([H])([H])[O:1][H:31])[C@@]([H])(O[H])[C@]1([H])O[H],EVODEX-P22069
EVODEX-N8693,[H]OC([H])([H])[C@@]1([H])O[C@](O[H])(C([H])([H])[O:6][P:3])[C@@]([H])(O[H])[C@]1([H])O[H]>>[H][O:6][P:3],EVODEX-P22071
EVODEX-N8694,[H]OC([H])([H])[C@@]([H])(O[H])[C@@]([H])(O[H])[C@]([H])(O[H])C(=O)C([H])([H])[O:5][P:6]>>[H][O:5][P:6],EVODEX-P22074
EVODEX-N8695,[H][O:1][H:52]>>[H]OC([H])([H])[C@@]1(O[C@@]2([H])O[C@]([H])(C([H])([H])[O:1][H:52])[C@@]([H])(O[H])[C@]([H])(O[H])[C@@]2([H])O[H])O[C@]([H])(C([H])([H])O[H])[C@@]([H])(O[H])[C@]1([H])O[H],EVODEX-P22080
EVODEX-N8696,[H]OC([H])([H])[C@@]1(O[C@@]2([H])O[C@]([H])(C([H])([H])[O:6][P:3])[C@@]([H])(O[H])[C@]([H])(O[H])[C@@]2([H])O[H])O[C@]([H])(C([H])([H])O[H])[C@@]([H])(O[H])[C@]1([H])O[H]>>[H][O:6][P:3],EVODEX-P22082
EVODEX-N8697,[H][O:1][H:31]>>[H]O[C@@]1([H])[C@]([H])(O[H])[C@]([H])(O[H])[C@@]([H])([O:1][H:31])[C@@]([H])(O[H])[C@]1([H])O[H],EVODEX-P22086
EVODEX-N8698,[H]O[C@@]1([H])[C@]([H])(O[H])[C@]([H])(O[H])[C@]([H])([O:6][P:3])[C@@]([H])(O[H])[C@]1([H])O[H]>>[H][O:6][P:3],"EVODEX-P22088,EVODEX-P22657"
EVODEX-N8699,[H][O:1][H:26]>>[H]C1:C([H]):C([H]):C2:C([O:1][H:26]):C([H]):C([H]):C([H]):C:2:C:1[H],EVODEX-P22092
EVODEX-N8700,[H]C1:C([H]):C([H]):C2:C([O:6][P:3]):C([H]):C([H]):C([H]):C:2:C:1[H]>>[H][O:6][P:3],EVODEX-P22094
EVODEX-N8701,[H]/C(=C(\[H])C([H])([H])C([H])([H])C([H])([H])C([H])([H])C([H])([H])C([H])([H])C([H])([H])C([H])([H])[H])C([H])([H])C([H])([H])C([H])([H])C([H])([H])C([H])([H])C([H])([H])C([H])([H])C(=O)OC([H])([H])[C@@]([H])(OC(=O)C([H])([H])C([H])([H])C([H])([H])C([H])([H])C([H])([H])C([H])([H])C([H])([H])/C([H])=C(/[H])C([H])([H])C([H])([H])C([H])([H])C([H])([H])C([H])([H])C([H])([H])C([H])([H])C([H])([H])[H])C([H])([H])[O:24][P:25]>>[H][O:24][P:25],EVODEX-P22097
EVODEX-N8702,[H][O:49][H:123]>>[H]/C(=C(\[H])C([H])([H])C([H])([H])C([H])([H])C([H])([H])C([H])([H])C([H])([H])C([H])([H])C([H])([H])[H])C([H])([H])C([H])([H])C([H])([H])C([H])([H])C([H])([H])C([H])([H])C([H])([H])C(=O)OC([H])([H])[C@@]([H])(OC(=O)C([H])([H])C([H])([H])C([H])([H])C([H])([H])C([H])([H])C([H])([H])C([H])([H])/C([H])=C(/[H])C([H])([H])C([H])([H])C([H])([H])C([H])([H])C([H])([H])C([H])([H])C([H])([H])C([H])([H])[H])C([H])([H])[O:49][H:123],EVODEX-P22099
EVODEX-N8703,[H]OC(=O)C([H])(C([H])([H])OP(=O)(O[H])OP(=O)(O[H])OC([H])([H])[C@@]1([H])O[C@@]([H])(N2:C([H]):N:C3:C(N([H])[H]):N:C([H]):N:C:3:2)[C@]([H])(O[H])[C@]1([H])O[H])[O:26][P:27]>>[H][O:26][P:27],EVODEX-P22103
EVODEX-N8704,[H][O:38][H:59]>>[H]OC(=O)C([H])(C([H])([H])OP(=O)(O[H])OP(=O)(O[H])OC([H])([H])[C@@]1([H])O[C@@]([H])(N2:C([H]):N:C3:C(N([H])[H]):N:C([H]):N:C:3:2)[C@]([H])(O[H])[C@]1([H])O[H])[O:38][H:59],EVODEX-P22105
EVODEX-N8705,[H]OC(=O)[C@]1(O[H])O[C@@]([H])([C@]([H])(O[H])[C@]([H])(O[H])C([H])([H])[O:12][P:13])[C@]([H])(N([H])C(=O)C([H])([H])[H])[C@@]([H])(O[H])C1([H])[H]>>[H][O:12][P:13],EVODEX-P22109
EVODEX-N8706,[H][O:1][H:48]>>[H]OC(=O)[C@@]1(O[H])O[C@@]([H])([C@]([H])(O[H])[C@]([H])(O[H])C([H])([H])[O:1][H:48])[C@]([H])(N([H])C(=O)C([H])([H])O[H])[C@@]([H])(O[H])C1([H])[H],EVODEX-P22115
EVODEX-N8707,[H]OC(=O)[C@@]1(O[H])O[C@@]([H])([C@]([H])(O[H])[C@]([H])(O[H])C([H])([H])[O:14][P:15])[C@]([H])(N([H])C(=O)C([H])([H])O[H])[C@@]([H])(O[H])C1([H])[H]>>[H][O:14][P:15],EVODEX-P22117
EVODEX-N8708,[H]O[C@@]1([H])C([H])([H])[C@]([H])(N2:C([H]):C(C([H])([H])[H]):C(=O):N([H]):C:2=O)O[C@]1([H])C([H])([H])[O:11][P:12]>>[H][O:11][P:12],EVODEX-P22120
EVODEX-N8709,[H][O:22][H:38]>>[H]O[C@@]1([H])C([H])([H])[C@]([H])(N2:C([H]):C(C([H])([H])[H]):C(=O):N([H]):C:2=O)O[C@]1([H])C([H])([H])[O:22][H:38],EVODEX-P22122
EVODEX-N8710,[H]O[C@]1([H])C([H])([O:16][P:17])[C@]([H])(N2:C([H]):C(C([H])([H])[H]):C(=O):N([H]):C:2=O)O[C@]1([H])OP(=O)(O[H])O[H]>>[H][O:16][P:17],EVODEX-P22126
EVODEX-N8711,[H][O:26][H:41]>>[H]O[C@]1([H])C([H])([O:26][H:41])[C@]([H])(N2:C([H]):C(C([H])([H])[H]):C(=O):N([H]):C:2=O)O[C@]1([H])OP(=O)(O[H])O[H],EVODEX-P22128
EVODEX-N8712,[H]O[C@@]1([H])C([H])(OP(=O)(O[H])OC([H])([H])C([H])(OC(=O)C([H])([H])[H])O[C:36]([C:37])=[O:38])[C@]([H])(O[H])[C@]([H])(OP(=O)(O[H])O[H])C([H])(OP(=O)(O[H])O[H])[C@]1([H])OP(=O)(O[H])O[H].[H][O:39][H:64]>>[C:36]([C:37])(=[O:38])[O:39][H:64],EVODEX-P22133
EVODEX-N8713,[H]O[C@@]1([H])C([H])(OP(=O)(O[H])OC([H])([H])C([H])(OC(=O)C([H])([H])[H])O[C:36]([C:37])=[O:38])[C@]([H])(O[H])[C@]([H])(OP(=O)(O[H])O[H])C([H])(OP(=O)(O[H])O[H])[C@]1([H])OP(=O)(O[H])O[H]>>[H]O[C:36]([C:37])=[O:38],EVODEX-P22134
EVODEX-N8714,[H]O[C@@]([H])([C@@]([H])(O[H])[C@]([H])(O[H])C(=O)C([H])([H])[O:5][P:6])[C@]([H])(O[H])C([H])([H])OP(=O)(O[H])O[H]>>[H][O:5][P:6],EVODEX-P22137
EVODEX-N8715,[H][O:1][H:40]>>[H]O[C@@]([H])([C@@]([H])(O[H])[C@]([H])(O[H])C(=O)C([H])([H])[O:1][H:40])[C@]([H])(O[H])C([H])([H])OP(=O)(O[H])O[H],EVODEX-P22139
EVODEX-N8716,[H]N=C(N([H])[H])N([H])[C@]1([H])[C@@]([H])(O[C@]2([H])O[C@@]([H])(C([H])([H])[H])[C@](O[H])(C([H])([H])O[H])[C@@]2([H])O[C@]2([H])O[C@@]([H])(C([H])([H])O[H])[C@]([H])(O[H])[C@@]([H])(O[H])[C@]2([H])N([H])C([H])([H])[H])[C@]([H])(O[H])[C@@]([H])([O:13][P:14])[C@]([H])(N([H])C(=N[H])N([H])[H])[C@@]1([H])O[H]>>[H][O:13][P:14],EVODEX-P22143
EVODEX-N8717,[H][O:45][H:88]>>[H]N=C(N([H])[H])N([H])[C@]1([H])[C@@]([H])(O[C@]2([H])O[C@@]([H])(C([H])([H])[H])[C@](O[H])(C([H])([H])O[H])[C@@]2([H])O[C@]2([H])O[C@@]([H])(C([H])([H])O[H])[C@]([H])(O[H])[C@@]([H])(O[H])[C@]2([H])N([H])C([H])([H])[H])[C@]([H])(O[H])[C@@]([H])([O:45][H:88])[C@]([H])(N([H])C(=N[H])N([H])[H])[C@@]1([H])O[H],EVODEX-P22145
EVODEX-N8718,[H]N=C(N([H])[H])N([H])[C@@]1([H])[C@]([H])(O[H])[C@@]([H])(N([H])C(=N[H])N([H])[H])[C@]([H])(O[H])[C@@]([H])(O[H])[C@]1([H])O[C@]1([H])O[C@@]([H])(C([H])([H])[H])[C@](O[H])(C([H])([H])O[H])[C@@]1([H])O[C@]1([H])O[C@@]([H])(C([H])([H])[O:36][P:37])[C@]([H])(O[H])[C@@]([H])(O[H])[C@]1([H])N([H])C([H])([H])[H]>>[H][O:36][P:37],EVODEX-P22149
EVODEX-N8719,[H]N=C(N([H])[H])N([H])[C@]1([H])[C@@]([H])(O[H])[C@]([H])(O[H])[C@@]([H])([O:11][P:12])[C@]([H])(O[H])[C@@]1([H])O[H]>>[H][O:11][P:12],EVODEX-P22154
EVODEX-N8720,[H][O:20][H:37]>>[H]N=C(N([H])[H])N([H])[C@]1([H])[C@@]([H])(O[H])[C@]([H])(O[H])[C@@]([H])([O:20][H:37])[C@]([H])(O[H])[C@@]1([H])O[H],EVODEX-P22156
EVODEX-N8721,[H]N=C(N([H])[H])N([H])[C@]1([H])[C@@]([H])(O[H])[C@]([H])(N([H])[H])[C@@]([H])(O[H])[C@]([H])(O[H])[C@@]1([H])[O:15][P:16]>>[H][O:15][P:16],EVODEX-P22160
EVODEX-N8722,[H][O:20][H:38]>>[H]N=C(N([H])[H])N([H])[C@]1([H])[C@@]([H])(O[H])[C@]([H])(N([H])[H])[C@@]([H])(O[H])[C@]([H])(O[H])[C@@]1([H])[O:20][H:38],EVODEX-P22162
EVODEX-N8723,[H]N=C(N([H])[H])N([H])C([H])([H])C([H])([H])C([H])([H])[C@@]([H])(C(=O)N([H])[C@]([H])(C(=O)N([H])[C@]([H])(C(=O)N([H])[C@]([H])(C(=O)N([H])[C@]([H])(C(=O)N([H])[C@]([H])(C(=O)O[H])C([H])([H])[H])C([H])(C([H])([H])[H])C([H])([H])[H])[C@@]([H])(C([H])([H])[H])[O:39][P:40])C([H])([H])[H])C([H])([H])C([H])([H])C([H])([H])N([H])C(=N[H])N([H])[H])N([H])[H]>>[H][O:39][P:40],EVODEX-P22166
EVODEX-N8724,[H][O:52][H:106]>>[H]N=C(N([H])[H])N([H])C([H])([H])C([H])([H])C([H])([H])[C@@]([H])(C(=O)N([H])[C@]([H])(C(=O)N([H])[C@]([H])(C(=O)N([H])[C@]([H])(C(=O)N([H])[C@]([H])(C(=O)N([H])[C@]([H])(C(=O)O[H])C([H])([H])[H])C([H])(C([H])([H])[H])C([H])([H])[H])[C@]([H])(C([H])([H])[H])[O:52][H:106])C([H])([H])[H])C([H])([H])C([H])([H])C([H])([H])N([H])C(=N[H])N([H])[H])N([H])[H],EVODEX-P22168
EVODEX-N8725,[H][O:1][H:37]>>[H]OC(=O)C(=O)C([H])([H])[C@@]([H])(O[H])[C@@]([H])(O[H])[C@]([H])(O[H])[C@]([H])(O[H])C([H])([H])[O:1][H:37],EVODEX-P22173
EVODEX-N8726,[H]OC(=O)C(=O)C([H])([H])[C@@]([H])(O[H])[C@@]([H])(O[H])[C@]([H])(O[H])[C@]([H])(O[H])C([H])([H])[O:17][P:18]>>[H][O:17][P:18],EVODEX-P22175
EVODEX-N8727,[H][O:1][H:41]>>[H]OC(=O)[C@@]1(O[H])O[C@@]([H])([C@]([H])(O[H])[C@]([H])(O[H])C([H])([H])[O:1][H:41])[C@]([H])(O[H])[C@@]([H])(O[H])C1([H])[H],EVODEX-P22179
EVODEX-N8728,[H]OC(=O)[C@@]1(O[H])O[C@@]([H])([C@]([H])(O[H])[C@]([H])(O[H])C([H])([H])[O:18][P:19])[C@]([H])(O[H])[C@@]([H])(O[H])C1([H])[H]>>[H][O:18][P:19],EVODEX-P22181
EVODEX-N8729,[O:9][C@@:10]([C:11])([O:13])[C:18].[H][O:1][H:36]>>[H][O:13].[O:1]([C:10]([O:9])([C:11])[C:18])[H:36],"EVODEX-P22183,EVODEX-P23169,EVODEX-P23474,EVODEX-P23757,EVODEX-P23763,EVODEX-P23916"
EVODEX-N8730,[H]OP(=O)(O[H])O[C@@:10]([O:9])([C:11])[C:18].[H][O:1][H:36]>>[O:1]([C:10]([O:9])([C:11])[C:18])[H:36],EVODEX-P22184
EVODEX-N8731,[H]OC([H])([H])[C@@]1([O:13][P:14])O[C@]([H])(C([H])([H])OP(=O)(O[H])O[H])[C@@]([H])(O[H])[C@]1([H])O[H]>>[H][O:13][P:14],EVODEX-P22185
EVODEX-N8732,[H]OC(=O)C([H])([H])N([H])C(=O)[C@@]([H])(N([H])C(=O)[C@@]([H])(N([H])C(=O)[C@@]1([H])N(C(=O)[C@@]([H])(N([H])C(=O)[C@@]([H])(N([H])C(=O)[C@@]([H])(N([H])C(=O)[C@@]([H])(N([H])C(=O)[C@@]([H])(N([H])C(=O)[C@@]([H])(N([H])C(=O)[C@@]([H])(N([H])C(=O)C([H])([H])[H])C([H])([H])C(=O)O[H])C([H])([H])[H])C([H])([H])C(=O)O[H])C([H])([H])C([H])([H])C(=O)O[H])C([H])([H])C2:C([H]):C([H]):C(O[P:24](=[O:25])([O:26])[O:27]):C([H]):C:2[H])C([H])([H])C([H])(C([H])([H])[H])C([H])([H])[H])[C@@]([H])(C([H])([H])[H])C([H])([H])C([H])([H])[H])C([H])([H])C([H])([H])C1([H])[H])C([H])([H])C([H])([H])C(=O)N([H])[H])C([H])([H])C([H])([H])C(=O)N([H])[H].[H][O:96][H:181]>>[P:24](=[O:25])([O:26])([O:27])[O:96][H:181],EVODEX-P22188
EVODEX-N8733,[H]OC(=O)C([H])([H])N([H])C(=O)[C@@]([H])(N([H])C(=O)[C@@]([H])(N([H])C(=O)[C@@]1([H])N(C(=O)[C@@]([H])(N([H])C(=O)[C@@]([H])(N([H])C(=O)[C@@]([H])(N([H])C(=O)[C@@]([H])(N([H])C(=O)[C@@]([H])(N([H])C(=O)[C@@]([H])(N([H])C(=O)[C@@]([H])(N([H])C(=O)C([H])([H])[H])C([H])([H])C(=O)O[H])C([H])([H])[H])C([H])([H])C(=O)O[H])C([H])([H])C([H])([H])C(=O)O[H])C([H])([H])C2:C([H]):C([H]):C(O[P:24](=[O:25])([O:26])[O:27]):C([H]):C:2[H])C([H])([H])C([H])(C([H])([H])[H])C([H])([H])[H])[C@@]([H])(C([H])([H])[H])C([H])([H])C([H])([H])[H])C([H])([H])C([H])([H])C1([H])[H])C([H])([H])C([H])([H])C(=O)N([H])[H])C([H])([H])C([H])([H])C(=O)N([H])[H]>>[H]O[P:24](=[O:25])([O:26])[O:27],EVODEX-P22189
EVODEX-N8734,[H]O[C@@]1([H])[C@@]([H])(O[H])[C@]([H])(N2:C([H]):N:C3:C(=O):N([H]):C(N([H])[H]):N:C:3:2)O[C@]1([H])C([H])([H])OP(=O)(O[H])OP(=O)(O[H])[O:21][P:22]>>[H][O:21][P:22],"EVODEX-P22193,EVODEX-P29146"
EVODEX-N8735,[H]OP(=O)(O[H])O[P:18]([O:17])(=[O:19])[O:20].[H][O:33][H:50]>>[O:17][P:18](=[O:19])([O:20])[O:33][H:50],"EVODEX-P22194,EVODEX-P22197,EVODEX-P28233,EVODEX-P28781,EVODEX-P28838,EVODEX-P28843,EVODEX-P28849,EVODEX-P28914,EVODEX-P28934,EVODEX-P28939,EVODEX-P28945,EVODEX-P28957,EVODEX-P28963,EVODEX-P28968,EVODEX-P28974,EVODEX-P28987,EVODEX-P28992,EVODEX-P29028,EVODEX-P29032,EVODEX-P29036,EVODEX-P29059,EVODEX-P29063,EVODEX-P29073,EVODEX-P29108,EVODEX-P29114,EVODEX-P29120,EVODEX-P29126,EVODEX-P29132"
EVODEX-N8736,[H][O:32][H:49]>>[H]O[C@@]1([H])[C@@]([H])(O[H])[C@]([H])(N2:C([H]):N:C3:C(N([H])[H]):N:C([H]):N:C:3:2)O[C@]1([H])C([H])([H])OP(=O)(O[H])OP(=O)(O[H])[O:32][H:49],EVODEX-P22198
EVODEX-N8737,[H]C(=C(C([H])([H])[H])C([H])([H])[H])C([H])([H])C([H])([H])/C(=C(\[H])C([H])([H])C([H])([H])/C(=C(\[H])C([H])([H])C([H])([H])/C(=C(/[H])C([H])([H])C([H])([H])/C(=C(/[H])C([H])([H])C([H])([H])/C(=C(/[H])C([H])([H])C([H])([H])/C(=C(/[H])C([H])([H])C([H])([H])/C(=C(/[H])C([H])([H])C([H])([H])/C(=C(/[H])C([H])([H])C([H])([H])/C(=C(/[H])C([H])([H])C([H])([H])/C(=C(/[H])C([H])([H])C([H])([H])/C(=C(/[H])C([H])([H])C([H])([H])/C(=C(/[H])C([H])([H])C([H])([H])/C(=C(/[H])C([H])([H])C([H])([H])/C(=C(/[H])C([H])([H])C([H])([H])/C(=C(/[H])C([H])([H])C([H])([H])/C(=C(/[H])C([H])([H])C([H])([H])/C(=C(/[H])C([H])([H])C([H])([H])/C(=C(/[H])C([H])([H])C([H])([H])C([H])(C([H])([H])[H])C([H])([H])C([H])([H])[O:101][P:102])C([H])([H])[H])C([H])([H])[H])C([H])([H])[H])C([H])([H])[H])C([H])([H])[H])C([H])([H])[H])C([H])([H])[H])C([H])([H])[H])C([H])([H])[H])C([H])([H])[H])C([H])([H])[H])C([H])([H])[H])C([H])([H])[H])C([H])([H])[H])C([H])([H])[H])C([H])([H])[H])C([H])([H])[H])C([H])([H])[H]>>[H][O:101][P:102],EVODEX-P22200
EVODEX-N8738,[H][O:106][H:272]>>[H]C(=C(C([H])([H])[H])C([H])([H])[H])C([H])([H])C([H])([H])/C(=C(\[H])C([H])([H])C([H])([H])/C(=C(\[H])C([H])([H])C([H])([H])/C(=C(/[H])C([H])([H])C([H])([H])/C(=C(/[H])C([H])([H])C([H])([H])/C(=C(/[H])C([H])([H])C([H])([H])/C(=C(/[H])C([H])([H])C([H])([H])/C(=C(/[H])C([H])([H])C([H])([H])/C(=C(/[H])C([H])([H])C([H])([H])/C(=C(/[H])C([H])([H])C([H])([H])/C(=C(/[H])C([H])([H])C([H])([H])/C(=C(/[H])C([H])([H])C([H])([H])/C(=C(/[H])C([H])([H])C([H])([H])/C(=C(/[H])C([H])([H])C([H])([H])/C(=C(/[H])C([H])([H])C([H])([H])/C(=C(/[H])C([H])([H])C([H])([H])/C(=C(/[H])C([H])([H])C([H])([H])/C(=C(/[H])C([H])([H])C([H])([H])/C(=C(/[H])C([H])([H])C([H])([H])C([H])(C([H])([H])[H])C([H])([H])C([H])([H])[O:106][H:272])C([H])([H])[H])C([H])([H])[H])C([H])([H])[H])C([H])([H])[H])C([H])([H])[H])C([H])([H])[H])C([H])([H])[H])C([H])([H])[H])C([H])([H])[H])C([H])([H])[H])C([H])([H])[H])C([H])([H])[H])C([H])([H])[H])C([H])([H])[H])C([H])([H])[H])C([H])([H])[H])C([H])([H])[H])C([H])([H])[H],EVODEX-P22202
EVODEX-N8739,[H]C(=C(C([H])([H])[H])C([H])([H])[H])C([H])([H])C([H])([H])/C(=C(\[H])C([H])([H])C([H])([H])/C(=C(\[H])C([H])([H])C([H])([H])/C(=C(/[H])C([H])([H])C([H])([H])/C(=C(/[H])C([H])([H])C([H])([H])/C(=C(/[H])C([H])([H])C([H])([H])/C(=C(/[H])C([H])([H])C([H])([H])/C(=C(/[H])C([H])([H])C([H])([H])/C(=C(/[H])C([H])([H])C([H])([H])/C(=C(/[H])C([H])([H])C([H])([H])/C(=C(/[H])C([H])([H])C([H])([H])/C(=C(/[H])C([H])([H])C([H])([H])/C(=C(/[H])C([H])([H])C([H])([H])/C(=C(/[H])C([H])([H])C([H])([H])/C(=C(/[H])C([H])([H])C([H])([H])/C(=C(/[H])C([H])([H])C([H])([H])/C(=C(/[H])C([H])([H])C([H])([H])/C(=C(/[H])C([H])([H])C([H])([H])[C@]([H])(C([H])([H])[H])C([H])([H])C([H])([H])[O:96][P:97])C([H])([H])[H])C([H])([H])[H])C([H])([H])[H])C([H])([H])[H])C([H])([H])[H])C([H])([H])[H])C([H])([H])[H])C([H])([H])[H])C([H])([H])[H])C([H])([H])[H])C([H])([H])[H])C([H])([H])[H])C([H])([H])[H])C([H])([H])[H])C([H])([H])[H])C([H])([H])[H])C([H])([H])[H]>>[H][O:96][P:97],EVODEX-P22206
EVODEX-N8740,[H][O:101][H:259]>>[H]C(=C(C([H])([H])[H])C([H])([H])[H])C([H])([H])C([H])([H])/C(=C(\[H])C([H])([H])C([H])([H])/C(=C(\[H])C([H])([H])C([H])([H])/C(=C(/[H])C([H])([H])C([H])([H])/C(=C(/[H])C([H])([H])C([H])([H])/C(=C(/[H])C([H])([H])C([H])([H])/C(=C(/[H])C([H])([H])C([H])([H])/C(=C(/[H])C([H])([H])C([H])([H])/C(=C(/[H])C([H])([H])C([H])([H])/C(=C(/[H])C([H])([H])C([H])([H])/C(=C(/[H])C([H])([H])C([H])([H])/C(=C(/[H])C([H])([H])C([H])([H])/C(=C(/[H])C([H])([H])C([H])([H])/C(=C(/[H])C([H])([H])C([H])([H])/C(=C(/[H])C([H])([H])C([H])([H])/C(=C(/[H])C([H])([H])C([H])([H])/C(=C(/[H])C([H])([H])C([H])([H])/C(=C(/[H])C([H])([H])C([H])([H])[C@]([H])(C([H])([H])[H])C([H])([H])C([H])([H])[O:101][H:259])C([H])([H])[H])C([H])([H])[H])C([H])([H])[H])C([H])([H])[H])C([H])([H])[H])C([H])([H])[H])C([H])([H])[H])C([H])([H])[H])C([H])([H])[H])C([H])([H])[H])C([H])([H])[H])C([H])([H])[H])C([H])([H])[H])C([H])([H])[H])C([H])([H])[H])C([H])([H])[H])C([H])([H])[H],EVODEX-P22208
EVODEX-N8741,[H][O:1][H:36]>>[H]OC([H])([H])[C@]1(OP(=O)(O[H])O[H])O[C@]([H])(C([H])([H])[O:1][H:36])[C@@]([H])(O[H])[C@]1([H])O[H],EVODEX-P22213
EVODEX-N8742,[H][O:1][H:41]>>[H]O[C@]1([H])[C@]([H])(O[H])[C@@]([H])(OP(=O)(O[H])O[H])[C@@]([H])([O:1][H:41])[C@@]([H])(O[H])[C@]1([H])OP(=O)(O[H])O[H],EVODEX-P22218
EVODEX-N8743,[H]O[C@]1([H])[C@]([H])(O[H])[C@@]([H])(OP(=O)(O[H])O[H])[C@]([H])([O:19][P:20])[C@@]([H])(O[H])[C@]1([H])OP(=O)(O[H])O[H]>>[H][O:19][P:20],EVODEX-P22220
EVODEX-N8744,[H]O[C@]1([H])[C@]([H])(OP(=O)(O[H])O[H])[C@@]([H])(O[H])[C@]([H])([O:23][P:24])[C@@]([H])(OP(=O)(O[H])O[H])[C@]1([H])OP(=O)(O[H])O[H]>>[H][O:23][P:24],EVODEX-P22223
EVODEX-N8745,[H][O:1][H:46]>>[H]O[C@]1([H])[C@]([H])(OP(=O)(O[H])O[H])[C@@]([H])(O[H])[C@]([H])([O:1][H:46])[C@@]([H])(OP(=O)(O[H])O[H])[C@]1([H])OP(=O)(O[H])O[H],EVODEX-P22225
EVODEX-N8746,[H][O:1][H:36]>>[H]O[C@@]1([H])[C@]([H])(OP(=O)(O[H])O[H])[C@@]([H])(O[H])[C@]([H])(O[H])[C@@]([H])([O:1][H:36])[C@@]1([H])O[H],EVODEX-P22229
EVODEX-N8747,[H]O[C@@]1([H])[C@]([H])(OP(=O)(O[H])O[H])[C@@]([H])(O[H])[C@]([H])(O[H])[C@@]([H])([O:6][P:3])[C@@]1([H])O[H]>>[H][O:6][P:3],EVODEX-P22231
EVODEX-N8748,[H][O:1][H:41]>>[H]O[C@@]1([H])[C@]([H])(OP(=O)(O[H])O[H])[C@@]([H])(OP(=O)(O[H])O[H])[C@@]([H])(O[H])[C@@]([H])([O:1][H:41])[C@]1([H])O[H],EVODEX-P22235
EVODEX-N8749,[C:1](=[C:2]([O:3][P:4](=[O:5])([O:6])[O:7])[C:8])([H:12])[H:13].[H][O:11][H:17]>>[H][C:1]([C:2](=[O:3])[C:8])([H:12])[H:13].[P:4](=[O:5])([O:6])([O:7])[O:11][H:17],EVODEX-P22238
EVODEX-N8750,[C:1](=[C:2]([O:3][P:4])[C:8])([H:12])[H:13]>>[H][C:1]([C:2](=[O:3])[C:8])([H:12])[H:13].[H]O[P:4],EVODEX-P22239
EVODEX-N8751,[H]O[C@@]1([H])[C@@]([H])(OP(=O)(O[H])O[H])[C@]([H])(OP(=O)(O[H])O[H])[C@@]([H])(OP(=O)(O[H])O[H])[C@]([H])(OP(=O)(O[H])O[H])[C@@]1([H])[O:23][P:24]>>[H][O:23][P:24],EVODEX-P22241
EVODEX-N8752,[H][O:1][H:51]>>[H]O[C@@]1([H])[C@]([H])(OP(=O)(O[H])O[H])[C@@]([H])(OP(=O)(O[H])O[H])[C@]([H])(OP(=O)(O[H])O[H])[C@@]([H])(OP(=O)(O[H])O[H])[C@@]1([H])[O:1][H:51],EVODEX-P22243
EVODEX-N8753,[H]OC(=O)O[C@]([H])(C([H])([H])[O:8][P:9])[C@]([H])(O[H])[C@]([H])(O[H])C([H])([H])O[H]>>[H][O:8][P:9],EVODEX-P22246
EVODEX-N8754,[H][O:1][H:32]>>[H]OC(=O)O[C@]([H])(C([H])([H])[O:1][H:32])[C@]([H])(O[H])[C@]([H])(O[H])C([H])([H])O[H],EVODEX-P22248
EVODEX-N8755,[H]OC(=O)[C@@](O[H])(C([H])([H])[O:8][P:9])[C@]([H])(O[H])[C@]([H])(O[H])C([H])([H])O[H]>>[H][O:8][P:9],EVODEX-P22252
EVODEX-N8756,[H][O:1][H:32]>>[H]OC(=O)[C@@](O[H])(C([H])([H])[O:1][H:32])[C@]([H])(O[H])[C@]([H])(O[H])C([H])([H])O[H],EVODEX-P22254
EVODEX-N8757,[H]OC1([H])[C@]([H])(OP(=O)(O[H])O[H])[C@@]([H])(O[H])C([H])(OP(=O)(O[H])OC([H])([H])[C@]([H])(OC(=O)C([H])([H])C([H])([H])C([H])([H])C([H])([H])C([H])([H])C([H])([H])C([H])([H])C([H])([H])C([H])([H])C([H])([H])C([H])([H])C([H])([H])C([H])([H])C([H])([H])C([H])([H])[H])C([H])([H])OC(=O)C([H])([H])C([H])([H])C([H])([H])C([H])([H])C([H])([H])C([H])([H])C([H])([H])C([H])([H])C([H])([H])C([H])([H])C([H])([H])C([H])([H])C([H])([H])C([H])([H])C([H])([H])[H])[C@]([H])(O[H])[C@]1([H])[O:31][P:32]>>[H][O:31][P:32],EVODEX-P22258
EVODEX-N8758,[H][O:64][H:146]>>[H]OC1([H])[C@]([H])(OP(=O)(O[H])O[H])[C@@]([H])(O[H])C([H])(OP(=O)(O[H])OC([H])([H])[C@]([H])(OC(=O)C([H])([H])C([H])([H])C([H])([H])C([H])([H])C([H])([H])C([H])([H])C([H])([H])C([H])([H])C([H])([H])C([H])([H])C([H])([H])C([H])([H])C([H])([H])C([H])([H])C([H])([H])[H])C([H])([H])OC(=O)C([H])([H])C([H])([H])C([H])([H])C([H])([H])C([H])([H])C([H])([H])C([H])([H])C([H])([H])C([H])([H])C([H])([H])C([H])([H])C([H])([H])C([H])([H])C([H])([H])C([H])([H])[H])[C@]([H])(O[H])[C@]1([H])[O:64][H:146],EVODEX-P22260
EVODEX-N8759,[H]O[C@@]1([H])[C@]([H])(O[H])[C@@]([H])(O[H])[C@]([H])([O:6][P:3])[C@]([H])(O[H])[C@]1([H])OP(=O)(O[H])O[H]>>[H][O:6][P:3],EVODEX-P22266
EVODEX-N8760,[H]O[C@]1([H])[C@]([H])(O[H])[C@]([H])(OP(=O)(O[H])O[H])[C@@]([H])([O:6][P:3])[C@]([H])(O[H])[C@@]1([H])O[H]>>[H][O:6][P:3],EVODEX-P22271
EVODEX-N8761,[H]O[C@@]1([H])C([H])(OP(=O)(O[H])OC([H])([H])[C@]([H])(OC(=O)C([H])([H])C([H])([H])C([H])([H])C([H])([H])C([H])([H])C([H])([H])C([H])([H])C([H])([H])C([H])([H])C([H])([H])C([H])([H])C([H])([H])C([H])([H])C([H])([H])C([H])([H])[H])C([H])([H])OC(=O)C([H])([H])C([H])([H])C([H])([H])C([H])([H])C([H])([H])C([H])([H])C([H])([H])C([H])([H])C([H])([H])C([H])([H])C([H])([H])C([H])([H])C([H])([H])C([H])([H])C([H])([H])[H])[C@]([H])(O[H])[C@]([H])(OP(=O)(O[H])O[H])C([H])(OP(=O)(O[H])O[H])[C@]1([H])[O:43][P:44]>>[H][O:43][P:44],EVODEX-P22274
EVODEX-N8762,[H][O:68][H:151]>>[H]O[C@@]1([H])C([H])(OP(=O)(O[H])OC([H])([H])[C@]([H])(OC(=O)C([H])([H])C([H])([H])C([H])([H])C([H])([H])C([H])([H])C([H])([H])C([H])([H])C([H])([H])C([H])([H])C([H])([H])C([H])([H])C([H])([H])C([H])([H])C([H])([H])C([H])([H])[H])C([H])([H])OC(=O)C([H])([H])C([H])([H])C([H])([H])C([H])([H])C([H])([H])C([H])([H])C([H])([H])C([H])([H])C([H])([H])C([H])([H])C([H])([H])C([H])([H])C([H])([H])C([H])([H])C([H])([H])[H])[C@]([H])(O[H])[C@@]([H])([O:68][H:151])[C@]([H])(OP(=O)(O[H])O[H])[C@@]1([H])OP(=O)(O[H])O[H],EVODEX-P22276
EVODEX-N8763,[H]O[C@@]1([H])[C@]([H])(OP(=O)(O[H])O[H])[C@@]([H])(OP(=O)(O[H])O[H])[C@@]([H])([O:9][P:6])[C@@]([H])(O[H])[C@]1([H])O[H]>>[H][O:9][P:6],EVODEX-P22280
EVODEX-N8764,[H]OP(=O)(OC([H])([H])C([H])([H])C([H])([H])N([H])[H])O[C@@:10]([C:11])([C:23])[H:39].[H][O:29][H:52]>>[C@@:10]([C:11])([C:23])([O:29][H:52])[H:39],EVODEX-P22281
EVODEX-N8765,[H]OP(=O)(OC([H])([H])C([H])([H])C([H])([H])N([H])[H])O[C@@:10]([C:11])([C:23])[H:39]>>[H]O[C@@:10]([C:11])([C:23])[H:39],EVODEX-P22282
EVODEX-N8766,[H][O:1][H:30]>>[H]O[C@@]([H])([C@]([H])(O[H])C([H])([H])C([H])=O)[C@]([H])(O[H])C([H])([H])[O:1][H:30],EVODEX-P22286
EVODEX-N8767,[H]O[C@@]([H])([C@]([H])(O[H])C([H])([H])C([H])=O)[C@]([H])(O[H])C([H])([H])[O:12][P:13]>>[H][O:12][P:13],EVODEX-P22288
EVODEX-N8768,[H][O:1][H:42]>>[H]OC([H])([H])C([H])(O[C@]1([H])O[C@]([H])(C([H])([H])O[H])[C@@]([H])(O[H])[C@]([H])(O[H])[C@@]1([H])O[H])C([H])([H])[O:1][H:42],EVODEX-P22292
EVODEX-N8769,[H]OC([H])([H])[C@@]([H])(O[C@]1([H])O[C@]([H])(C([H])([H])O[H])[C@@]([H])(O[H])[C@]([H])(O[H])[C@@]1([H])O[H])C([H])([H])[O:6][P:3]>>[H][O:6][P:3],EVODEX-P22294
EVODEX-N8770,[H]OC(=O)[C@]([H])(O[C@@]1([H])O[C@]([H])(C([H])([H])O[H])[C@@]([H])(O[H])[C@]([H])(O[H])[C@]1([H])O[H])C([H])([H])[O:7][P:8]>>[H][O:7][P:8],EVODEX-P22297
EVODEX-N8771,[H][O:1][H:41]>>[H]OC(=O)[C@]([H])(O[C@@]1([H])O[C@]([H])(C([H])([H])O[H])[C@@]([H])(O[H])[C@]([H])(O[H])[C@]1([H])O[H])C([H])([H])[O:1][H:41],EVODEX-P22299
EVODEX-N8772,[H]OC(=O)C([H])(C([H])([H])S(=O)(=O)O[H])[O:11][P:12]>>[H][O:11][P:12],EVODEX-P22305
EVODEX-N8773,[H]OC(=O)C([H])([H])[O:6][P:7]>>[H][O:6][P:7],EVODEX-P22308
EVODEX-N8774,[H]O[C@@]1([H])[C@@]([H])(O[H])[C@@]([H])(N2:C([H]):N:C3:C([H]):C(C([H])([H])[H]):C(C([H])([H])[H]):C([H]):C:3:2)O[C@]1([H])C([H])([H])[O:12][P:13]>>[H][O:12][P:13],EVODEX-P22313
EVODEX-N8775,[H][O:25][H:45]>>[H]O[C@@]1([H])[C@@]([H])(O[H])[C@@]([H])(N2:C([H]):N:C3:C([H]):C(C([H])([H])[H]):C(C([H])([H])[H]):C([H]):C:3:2)O[C@]1([H])C([H])([H])[O:25][H:45],EVODEX-P22315
EVODEX-N8776,[H]N([H])C([H])([H])C([H])([H])[O:4][P:5]>>[H][O:4][P:5],"EVODEX-P22325,EVODEX-P22541"
EVODEX-N8777,[H][O:9][H:18]>>[H]N([H])C([H])([H])C([H])([H])[O:9][H:18],EVODEX-P22327
EVODEX-N8778,[H]OC(=O)C([H])([H])C([H])([H])C([H])([H])C([H])([H])C([H])([H])C([H])([H])C([H])([H])/C([H])=C(\[H])C([H])([H])C([H])(C([H])([H])C([H])([H])C([H])([H])C([H])([H])C([H])([H])C([H])([H])[H])[O:21][P:22]>>[H][O:21][P:22],EVODEX-P22336
EVODEX-N8779,[H][O:26][H:62]>>[H]OC(=O)C([H])([H])C([H])([H])C([H])([H])C([H])([H])C([H])([H])C([H])([H])C([H])([H])/C([H])=C(\[H])C([H])([H])C([H])(C([H])([H])C([H])([H])C([H])([H])C([H])([H])C([H])([H])C([H])([H])[H])[O:26][H:62],EVODEX-P22338
EVODEX-N8780,[H]OC(=O)C([H])([H])C([H])([H])C([H])([H])C([H])([H])C([H])([H])C([H])([H])C([H])([H])C([H])([H])C([H])([H])C([H])([H])C([H])(C([H])([H])C([H])([H])C([H])([H])C([H])([H])C([H])([H])C([H])([H])[H])[O:21][P:22]>>[H][O:21][P:22],EVODEX-P22342
EVODEX-N8781,[H][O:26][H:64]>>[H]OC(=O)C([H])([H])C([H])([H])C([H])([H])C([H])([H])C([H])([H])C([H])([H])C([H])([H])C([H])([H])C([H])([H])C([H])([H])C([H])(C([H])([H])C([H])([H])C([H])([H])C([H])([H])C([H])([H])C([H])([H])[H])[O:26][H:64],EVODEX-P22344
EVODEX-N8782,[H]O[C@]1([H])[C@@]([H])(OP(=O)(O[H])O[H])[C@]([H])(OP(=O)(O[H])O[H])[C@@]([H])(O[H])[C@]([H])([O:50][P:47])[C@]1([H])O[H]>>[H][O:50][P:47],EVODEX-P22348
EVODEX-N8783,[H]OP(=O)(OC([H])([H])[C@]([H])(OC(=O)C([H])([H])C([H])([H])C([H])([H])/C([H])=C(/[H])C([H])([H])/C([H])=C(/[H])C([H])([H])/C([H])=C(/[H])C([H])([H])/C([H])=C(/[H])C([H])([H])C([H])([H])C([H])([H])C([H])([H])C([H])([H])[H])C([H])([H])OC(=O)C([H])([H])C([H])([H])C([H])([H])C([H])([H])C([H])([H])C([H])([H])C([H])([H])C([H])([H])C([H])([H])C([H])([H])C([H])([H])C([H])([H])C([H])([H])C([H])([H])C([H])([H])C([H])([H])C([H])([H])[H])O[C@:51]([C:52])([C:68])[H:143].[H][O:70][H:156]>>[C@@:51]([C:52])([C:68])([O:70][H:156])[H:143],EVODEX-P22349
EVODEX-N8784,[H]OP(=O)(OC([H])([H])[C@]([H])(OC(=O)C([H])([H])C([H])([H])C([H])([H])/C([H])=C(/[H])C([H])([H])/C([H])=C(/[H])C([H])([H])/C([H])=C(/[H])C([H])([H])/C([H])=C(/[H])C([H])([H])C([H])([H])C([H])([H])C([H])([H])C([H])([H])[H])C([H])([H])OC(=O)C([H])([H])C([H])([H])C([H])([H])C([H])([H])C([H])([H])C([H])([H])C([H])([H])C([H])([H])C([H])([H])C([H])([H])C([H])([H])C([H])([H])C([H])([H])C([H])([H])C([H])([H])C([H])([H])C([H])([H])[H])O[C@:51]([C:52])([C:68])[H:143]>>[H]O[C@@:51]([C:52])([C:68])[H:143],EVODEX-P22350
EVODEX-N8785,[H]O[C@@]1([H])C([H])(OP(=O)(O[H])OC([H])([H])[C@]([H])(O[C:18]([C:17])=[O:19])C([H])([H])OC(=O)C([H])([H])C([H])([H])C([H])([H])C([H])([H])C([H])([H])C([H])([H])C([H])([H])C([H])([H])C([H])([H])C([H])([H])C([H])([H])C([H])([H])C([H])([H])C([H])([H])C([H])([H])[H])[C@]([H])(O[H])[C@]([H])(OP(=O)(O[H])O[H])C([H])(OP(=O)(O[H])O[H])[C@]1([H])OP(=O)(O[H])O[H].[H][O:70][H:157]>>[C:17][C:18](=[O:19])[O:70][H:157],EVODEX-P22354
EVODEX-N8786,[H]O[C@@]1([H])C([H])(OP(=O)(O[H])OC([H])([H])[C@]([H])(O[C:18]([C:17])=[O:19])C([H])([H])OC(=O)C([H])([H])C([H])([H])C([H])([H])C([H])([H])C([H])([H])C([H])([H])C([H])([H])C([H])([H])C([H])([H])C([H])([H])C([H])([H])C([H])([H])C([H])([H])C([H])([H])C([H])([H])[H])[C@]([H])(O[H])[C@]([H])(OP(=O)(O[H])O[H])C([H])(OP(=O)(O[H])O[H])[C@]1([H])OP(=O)(O[H])O[H]>>[H]O[C:18]([C:17])=[O:19],EVODEX-P22355
EVODEX-N8787,[H]OC([H])([H])[C@@]1(O[C@@]2([H])O[C@]([H])(C([H])([H])O[H])[C@@]([H])(O[H])[C@]([H])(O[H])[C@]2([H])O[H])O[C@]([H])(C([H])([H])[O:6][P:3])[C@@]([H])(O[H])[C@]1([H])O[H]>>[H][O:6][P:3],EVODEX-P22360
EVODEX-N8788,[H]OC(=O)[C@]([H])(OP(=O)(O[H])O[H])C([H])([H])[O:7][P:8]>>[H][O:7][P:8],EVODEX-P22363
EVODEX-N8789,[H][O:1][H:25]>>[H]OC(=O)[C@]([H])(OP(=O)(O[H])O[H])C([H])([H])[O:1][H:25],EVODEX-P22365
EVODEX-N8790,[H][O:1][H:40]>>[H]O[C@@]1([H])[C@]([H])(O[H])[C@]([H])(O[H])[C@]([H])(OP(=O)(O[H])O[H])O[C@]1([H])[C@@]([H])(O[H])C([H])([H])[O:1][H:40],EVODEX-P22370
EVODEX-N8791,[H]O[C@@]1([H])[C@]([H])(O[H])[C@]([H])(O[H])[C@]([H])(OP(=O)(O[H])O[H])O[C@]1([H])[C@@]([H])(O[H])C([H])([H])[O:6][P:3]>>[H][O:6][P:3],EVODEX-P22372
EVODEX-N8792,[H][O:1][H:36]>>[H]O[C@@]([H])([C@]([H])(O[H])C(=O)C([H])([H])OP(=O)(O[H])O[H])[C@]([H])(O[H])C([H])([H])[O:1][H:36],EVODEX-P22376
EVODEX-N8793,[H]O[C@@]1([H])[C@@]([H])(O[H])[C@]([H])(N2:C([H]):N:C3:C(N([H])[H]):N:C([H]):N:C:3:2)O[C@]1([H])C([H])([H])OP(=O)(O[H])OP(=O)(O[H])OC([H])([H])[C@@]1([H])O[C@]([H])([O:28][P:29])[C@]([H])(O[H])[C@]1([H])O[H]>>[H][O:28][P:29],EVODEX-P22380
EVODEX-N8794,[H]OP(=O)(O[H])O[C@@:27]([O:26])([C:33])[H:55].[H][O:41][H:66]>>[O:26][C@:27]([C:33])([O:41][H:66])[H:55],"EVODEX-P22381,EVODEX-P22447"
EVODEX-N8795,[H]OP(=O)(O[H])O[C@@:27]([O:26])([C:33])[H:55]>>[H]O[C@:27]([O:26])([C:33])[H:55],EVODEX-P22382
EVODEX-N8796,[C:7]=[C:9]([O:10])[H:24].[H][O:15][H:27]>>[C:7]=[C:9]([O:15][H:27])[H:24].[H][O:10],"EVODEX-P22384,EVODEX-P22390"
EVODEX-N8797,[H]O/C(C(=O)C([H])([H])C([H])([H])SC([H])([H])[H])=C(/[H])[O:10][P:11]>>[H][O:10][P:11],EVODEX-P22385
EVODEX-N8798,[H]OP(=O)(O[H])O[C:9](=[C:7])[H:24].[H][O:15][H:27]>>[C:7]=[C:9]([O:15][H:27])[H:24],"EVODEX-P22386,EVODEX-P22392"
EVODEX-N8799,[H][O:15][H:27]>>[H]O/C(C(=O)C([H])([H])C([H])([H])SC([H])([H])[H])=C(\[H])[O:15][H:27],EVODEX-P22387
EVODEX-N8800,[H]OP(=O)(O[H])O[C:9](=[C:7])[H:24]>>[H]O[C:9](=[C:7])[H:24],"EVODEX-P22388,EVODEX-P22394"
EVODEX-N8801,[H]O/C(C(=O)C([H])([H])C([H])([H])C([H])([H])[H])=C(/[H])[O:9][P:10]>>[H][O:9][P:10],EVODEX-P22391
EVODEX-N8802,[H][O:14][H:26]>>[H]O/C(C(=O)C([H])([H])C([H])([H])C([H])([H])[H])=C(\[H])[O:14][H:26],EVODEX-P22393
EVODEX-N8803,[H]O[C@@]1([H])[C@]([H])(O[C@@]2([H])[C@]([H])(O[C@@]3([H])O[C@]([H])(C([H])([H])N([H])[H])[C@@]([H])(O[H])[C@]([H])(O[H])[C@@]3([H])N([H])[H])[C@@]([H])(N([H])[H])C([H])([H])[C@@]([H])(N([H])[H])[C@]2([H])O[H])O[C@]([H])(C([H])([H])[O:14][P:15])[C@@]1([H])O[H]>>[H][O:14][P:15],EVODEX-P22397
EVODEX-N8804,[H][O:36][H:72]>>[H]O[C@@]1([H])[C@]([H])(O[C@@]2([H])[C@]([H])(O[C@@]3([H])O[C@]([H])(C([H])([H])N([H])[H])[C@@]([H])(O[H])[C@]([H])(O[H])[C@@]3([H])N([H])[H])[C@@]([H])(N([H])[H])C([H])([H])[C@@]([H])(N([H])[H])[C@]2([H])O[H])O[C@]([H])(C([H])([H])[O:36][H:72])[C@@]1([H])O[H],EVODEX-P22399
EVODEX-N8805,[H][O:1][H:37]>>[H]O[C@@]1([H])C([H])([H])[C@]([H])(N2:C([H]):N:C3:C(=O):N([H]):C([H]):N:C:3:2)O[C@]1([H])C([H])([H])[O:1][H:37],EVODEX-P22404
EVODEX-N8806,[H]O[C@@]1([H])C([H])([H])[C@]([H])(N2:C([H]):N:C3:C(=O):N([H]):C([H]):N:C:3:2)O[C@]1([H])C([H])([H])[O:18][P:19]>>[H][O:18][P:19],EVODEX-P22406
EVODEX-N8807,[H][O:1][H:52]>>[H]OC([H])([H])[C@@]1([H])O[C@]([H])(O[H])[C@]([H])(O[H])[C@@]([H])(O[H])[C@]1([H])O[C@@]1([H])O[C@]([H])(C([H])([H])[O:1][H:52])[C@@]([H])(O[H])[C@]([H])(O[H])[C@@]1([H])O[H],EVODEX-P22410
EVODEX-N8808,[H]OC([H])([H])[C@@]1([H])O[C@]([H])(O[H])[C@]([H])(O[H])[C@@]([H])(O[H])[C@]1([H])O[C@@]1([H])O[C@]([H])(C([H])([H])[O:6][P:3])[C@@]([H])(O[H])[C@]([H])(O[H])[C@@]1([H])O[H]>>[H][O:6][P:3],EVODEX-P22412
EVODEX-N8809,[H][O:16][C@:15]([O:14])([C:17])[C:19].[O:2]=[P:3]([O:4])([O:5])[O:6].[H][O:1][H:52]>>[O:1]([P:3](=[O:2])([O:4])[O:5])[H:52].[C:15](=[O:16])([C:17])[C:19].[H][O:14].[H][O:6],"EVODEX-P22414,EVODEX-P22484"
EVODEX-N8810,[H]OP(=O)(O[H])[O:6][C:7].[H][O:16][C@:15]([O:14])([C:17])[C:19]>>[C:15](=[O:16])([C:17])[C:19].[H][O:14].[H][O:6][C:7],"EVODEX-P22415,EVODEX-P22487"
EVODEX-N8811,[H]OC([H])([H])[C@]1(O[H])OC([H])([H])[C@@]([H])(OC2([H])O[C@]([H])(C([H])([H])O[P:3](=[O:2])([O:4])[O:5])[C@@]([H])(O[H])[C@]([H])(O[H])[C@@]2([H])O[H])[C@@]([H])(O[H])[C@]1([H])O[H].[H][O:1][H:52]>>[O:1]([P:3](=[O:2])([O:4])[O:5])[H:52],EVODEX-P22416
EVODEX-N8812,[H]OC([H])([H])[C@]1(O[H])OC([H])([H])[C@@]([H])(OC2([H])O[C@]([H])(C([H])([H])O[P:3](=[O:2])([O:4])[O:5])[C@@]([H])(O[H])[C@]([H])(O[H])[C@@]2([H])O[H])[C@@]([H])(O[H])[C@]1([H])O[H]>>[H]O[P:3](=[O:2])([O:4])[O:5],EVODEX-P22417
EVODEX-N8813,[H][O:16][C@:15]([O:14])([C:17])[C:19]>>[H]O.[C:15](=[O:16])([C:17])[C:19].[H].[H][O:14],"EVODEX-P22418,EVODEX-P22488"
EVODEX-N8814,[H]O[C@@]1([H])O[C@]([H])(C([H])([H])[O:9][P:10])[C@@]([H])(O[H])[C@]([H])(O[H])[C@@]1([H])N([H])[H]>>[H][O:9][P:10],EVODEX-P22431
EVODEX-N8815,[H][O:17][H:32]>>[H]O[C@@]1([H])O[C@]([H])(C([H])([H])[O:17][H:32])[C@@]([H])(O[H])[C@]([H])(O[H])[C@@]1([H])N([H])[H],EVODEX-P22433
EVODEX-N8816,[H]OC1([H])O[C@]([H])(C([H])([H])[O:7][P:8])[C@@]([H])(O[H])[C@]([H])(N([H])[H])[C@@]1([H])O[H]>>[H][O:7][P:8],EVODEX-P22437
EVODEX-N8817,[H][O:17][H:32]>>[H]OC1([H])O[C@]([H])(C([H])([H])[O:17][H:32])[C@@]([H])(O[H])[C@]([H])(N([H])[H])[C@@]1([H])O[H],EVODEX-P22439
EVODEX-N8818,[O:2]=[P:3]([O:4])([O:5])[O:6][C@@:7]([O:8])([C:16])[H:20].[H][O:1][H:31]>>[H][O:8].[O:6]=[C:7]([C:16])[H:20].[O:1]([P:3](=[O:2])([O:4])[O:5])[H:31],EVODEX-P22442
EVODEX-N8819,[H]OC([H])([H])[C@]1([H])O[C@]([H])(O[P:3](=[O:2])([O:4])[O:5])[C@@]([H])(O[H])[C@]([H])(O[H])[C@]1([H])O[H].[H][O:1][H:31]>>[O:1]([P:3](=[O:2])([O:4])[O:5])[H:31],EVODEX-P22443
EVODEX-N8820,[H]OP(=O)(O[H])[O:6][C@@:7]([O:8])([C:16])[H:20]>>[H][O:8].[O:6]=[C:7]([C:16])[H:20],EVODEX-P22444
EVODEX-N8821,[P:3][O:6][C@@:7]([O:8])([C:16])[H:20]>>[H][O:8].[O:6]=[C:7]([C:16])[H:20].[H]O[P:3],EVODEX-P22445
EVODEX-N8822,[H][O:1][H:36]>>[H]O[C@@]1([H])[C@@]([H])(O[H])[C@]([H])(C2:C([H]):N([H]):C(=O):N([H]):C:2=O)O[C@]1([H])C([H])([H])[O:1][H:36],EVODEX-P22451
EVODEX-N8823,[H]O[C@@]1([H])[C@@]([H])(O[H])[C@]([H])(C2:C([H]):N([H]):C(=O):N([H]):C:2=O)O[C@]1([H])C([H])([H])[O:11][P:12]>>[H][O:11][P:12],EVODEX-P22453
EVODEX-N8824,[H][O:1][H:38]>>[H]O[C@@]1([H])[C@@]([H])(O[H])[C@]([H])(N2:C([H]):N:C3:C(=O):N([H]):C([H]):N:C:3:2)O[C@]1([H])C([H])([H])[O:1][H:38],EVODEX-P22457
EVODEX-N8825,[H]O[C@@]1([H])[C@@]([H])(O[H])[C@]([H])(N2:C([H]):N:C3:C(=O):N([H]):C([H]):N:C:3:2)O[C@]1([H])C([H])([H])[O:16][P:17]>>[H][O:16][P:17],EVODEX-P22459
EVODEX-N8826,[H]O[C:12]([C:11])([H:33])[H:34].[H][O:21][P:20]>>[C:11][C:12]([O:21][P:20])([H:33])[H:34],"EVODEX-P22469,EVODEX-P22612,EVODEX-P22944,EVODEX-P34926"
EVODEX-N8827,[H][O:1][H:55]>>[H]OC([H])([H])C1=C([H])[C@]([H])(N([H])[C@@]2([H])C([H])([H])[C@]([H])(C([H])([H])[O:1][H:55])[C@@]([H])(O[H])[C@]([H])(O[H])[C@@]2([H])O[H])[C@]([H])(O[H])[C@@]([H])(O[H])[C@]1([H])O[H],EVODEX-P22474
EVODEX-N8828,[H]OC([H])([H])C1=C([H])[C@]([H])(N([H])[C@@]2([H])C([H])([H])[C@]([H])(C([H])([H])[O:6][P:3])[C@@]([H])(O[H])[C@]([H])(O[H])[C@@]2([H])O[H])[C@]([H])(O[H])[C@@]([H])(O[H])[C@]1([H])O[H]>>[H][O:6][P:3],EVODEX-P22476
EVODEX-N8829,[H]O[C@@]([H])([C@@]([H])(O[H])C([H])([H])N1:C2:N:C(=O):N([H]):C(=O):C2:N:C2:C([H]):C(C([H])([H])[H]):C(C([H])([H])[H]):C([H]):C:2:1)[C@]([H])(O[H])C([H])([H])[O:23][P:24]>>[H][O:23][P:24],EVODEX-P22479
EVODEX-N8830,[H][O:32][H:54]>>[H]O[C@@]([H])([C@@]([H])(O[H])C([H])([H])N1:C2:N:C(=O):N([H]):C(=O):C2:N:C2:C([H]):C(C([H])([H])[H]):C(C([H])([H])[H]):C([H]):C:2:1)[C@]([H])(O[H])C([H])([H])[O:32][H:54],EVODEX-P22481
EVODEX-N8831,[H]OC(=O)[C@]1(O[H])O[C@]([H])([C@]([H])(O[H])C([H])([H])O[P:17](=[O:18])([O:19])[O:20])[C@]([H])(O[H])[C@]([H])(O[H])C1([H])[H].[H][O:1][H:37]>>[O:1]([P:17](=[O:18])([O:19])[O:20])[H:37],EVODEX-P22485
EVODEX-N8832,[H]OC(=O)[C@]1(O[H])O[C@]([H])([C@]([H])(O[H])C([H])([H])O[P:17](=[O:18])([O:19])[O:20])[C@]([H])(O[H])[C@]([H])(O[H])C1([H])[H]>>[H]O[P:17](=[O:18])([O:19])[O:20],EVODEX-P22486
EVODEX-N8833,[H]O[C@@]([H])([C@@]([H])(O[H])C([H])([H])N([H])C1:C(N([H])[H]):C(=O):N([H]):C(=O):N:1[H])[C@]([H])(O[H])C([H])([H])[O:13][P:14]>>[H][O:13][P:14],EVODEX-P22490
EVODEX-N8834,[H][O:24][H:42]>>[H]O[C@@]([H])([C@@]([H])(O[H])C([H])([H])N([H])C1:C(N([H])[H]):C(=O):N([H]):C(=O):N:1[H])[C@]([H])(O[H])C([H])([H])[O:24][H:42],EVODEX-P22492
EVODEX-N8835,[H][O:1][H:29]>>[H]OC([H])([H])[C@]([H])(O[H])[C@]([H])(O[H])[C@]([H])(O[H])C([H])([H])[O:1][H:29],EVODEX-P22497
EVODEX-N8836,[H]OC([H])([H])[C@@]([H])(O[H])[C@@]([H])(O[H])[C@@]([H])(O[H])C([H])([H])[O:6][P:3]>>[H][O:6][P:3],EVODEX-P22499
EVODEX-N8837,[H]OC(=O)[C@]([H])(O[C@@]1([H])[C@]([H])(O[H])[C@@]([H])(C([H])([H])[O:17][P:18])O[C@]([H])(O[H])[C@]1([H])N([H])C(=O)C([H])([H])[H])C([H])([H])[H]>>[H][O:17][P:18],EVODEX-P22502
EVODEX-N8838,[H]OC1([H])O[C@]([H])(C([H])([H])[O:11][P:12])[C@@]([H])(O[H])[C@]([H])(O[H])[C@@]1([H])N([H])C(=O)C([H])([H])[H]>>[H][O:11][P:12],EVODEX-P22508
EVODEX-N8839,[H][O:20][H:37]>>[H]OC1([H])O[C@]([H])(C([H])([H])[O:20][H:37])[C@@]([H])(O[H])[C@]([H])(O[H])[C@@]1([H])N([H])C(=O)C([H])([H])[H],EVODEX-P22510
EVODEX-N8840,[H]OC([H])(C(=O)C([H])([H])C([H])([H])C([H])([H])C([H])([H])C([H])([H])C([H])([H])C([H])([H])C([H])([H])C([H])([H])C([H])([H])C([H])([H])C([H])([H])C([H])([H])C([H])([H])C([H])([H])C([H])([H])C([H])([H])[H])[C@@]([H])(O[H])C([H])([H])[O:25][P:26]>>[H][O:25][P:26],EVODEX-P22513
EVODEX-N8841,[H][O:30][H:74]>>[H]OC([H])(C(=O)C([H])([H])C([H])([H])C([H])([H])C([H])([H])C([H])([H])C([H])([H])C([H])([H])C([H])([H])C([H])([H])C([H])([H])C([H])([H])C([H])([H])C([H])([H])C([H])([H])C([H])([H])C([H])([H])C([H])([H])[H])[C@@]([H])(O[H])C([H])([H])[O:30][H:74],EVODEX-P22515
EVODEX-N8842,[H]O[C@]([H])(C([H])([H])OC(=O)C([H])([H])C([H])([H])C([H])([H])C([H])([H])C([H])([H])C([H])([H])C([H])([H])C([H])([H])C([H])([H])C([H])([H])C([H])([H])C([H])([H])C([H])([H])C([H])([H])C([H])([H])C([H])([H])C([H])([H])[H])C([H])([H])[O:25][P:26]>>[H][O:25][P:26],EVODEX-P22519
EVODEX-N8843,[H][O:30][H:74]>>[H]O[C@]([H])(C([H])([H])OC(=O)C([H])([H])C([H])([H])C([H])([H])C([H])([H])C([H])([H])C([H])([H])C([H])([H])C([H])([H])C([H])([H])C([H])([H])C([H])([H])C([H])([H])C([H])([H])C([H])([H])C([H])([H])C([H])([H])C([H])([H])[H])C([H])([H])[O:30][H:74],EVODEX-P22521
EVODEX-N8844,[H]O[C@@]1([H])[C@@]([H])(O[H])[C@]([H])(N2C([H])=C([H])C([H])([H])C(C(=O)N([H])[H])=C2[H])O[C@]1([H])C([H])([H])OP(=O)(O[H])OP(=O)(O[H])OC([H])([H])[C@@]1([H])O[C@@]([H])(N2:C([H]):N:C3:C(N([H])[H]):N:C([H]):N:C:3:2)[C@]([H])([O:35][P:36])[C@]1([H])O[H]>>[H][O:35][P:36],EVODEX-P22525
EVODEX-N8845,[H][O:49][H:80]>>[H]O[C@@]1([H])[C@@]([H])(O[H])[C@]([H])(N2C([H])=C([H])C([H])([H])C(C(=O)N([H])[H])=C2[H])O[C@]1([H])C([H])([H])OP(=O)(O[H])OP(=O)(O[H])OC([H])([H])[C@@]1([H])O[C@@]([H])(N2:C([H]):N:C3:C(N([H])[H]):N:C([H]):N:C:3:2)[C@]([H])([O:49][H:80])[C@]1([H])O[H],EVODEX-P22527
EVODEX-N8846,[H]O[C@]1([H])[C@]([H])(OC(=O)C([H])([H])[H])[C@@]([H])(C([H])([H])OP(=O)(O[H])O[C:26](:[C:27]):[C:34])O[C@@]1([H])N1:C([H]):C(C([H])([H])[H]):C(=O):N([H]):C:1=O.[H][O:35][H:56]>>[C:26](:[C:27])(:[C:34])[O:35][H:56],EVODEX-P22531
EVODEX-N8847,[H]O[C@]1([H])[C@]([H])(OC(=O)C([H])([H])[H])[C@@]([H])(C([H])([H])OP(=O)(O[H])O[C:26](:[C:27]):[C:34])O[C@@]1([H])N1:C([H]):C(C([H])([H])[H]):C(=O):N([H]):C:1=O>>[H]O[C:26](:[C:27]):[C:34],EVODEX-P22532
EVODEX-N8848,[H]OC([H])([H])[C@@]([H])(O[H])C([H])([H])OP(=O)(O[H])O[C:6]([C:5])([H:29])[H:30].[H][O:17][H:39]>>[C:5][C:6]([O:17][H:39])([H:29])[H:30],"EVODEX-P22537,EVODEX-P22542"
EVODEX-N8849,[H]OC([H])([H])[C@@]([H])(O[H])C([H])([H])OP(=O)(O[H])O[C:6]([C:5])([H:29])[H:30]>>[H]O[C:6]([C:5])([H:29])[H:30],"EVODEX-P22538,EVODEX-P22543"
EVODEX-N8850,[H]C([H])([H])C([H])([H])C([H])([H])C([H])([H])C([H])([H])C([H])([H])C([H])([H])C([H])([H])C([H])([H])C([H])([H])C([H])([H])C(=O)OC([H])([H])[C@@]([H])(OC(=O)C([H])([H])C([H])([H])C([H])([H])C([H])([H])C([H])([H])C([H])([H])C([H])([H])C([H])([H])C([H])([H])C([H])([H])C([H])([H])[H])C([H])([H])[O:18][P:19]>>[H][O:18][P:19],EVODEX-P22546
EVODEX-N8851,[H][O:43][H:109]>>[H]C([H])([H])C([H])([H])C([H])([H])C([H])([H])C([H])([H])C([H])([H])C([H])([H])C([H])([H])C([H])([H])C([H])([H])C([H])([H])C(=O)OC([H])([H])C([H])(OC(=O)C([H])([H])C([H])([H])C([H])([H])C([H])([H])C([H])([H])C([H])([H])C([H])([H])C([H])([H])C([H])([H])C([H])([H])C([H])([H])[H])C([H])([H])[O:43][H:109],EVODEX-P22548
EVODEX-N8852,[H]OP(=O)(OC([H])([H])[C@]([H])(OC(=O)C([H])([H])C([H])([H])C([H])([H])C([H])([H])C([H])([H])C([H])([H])C([H])([H])C([H])([H])C([H])([H])C([H])([H])C([H])([H])C([H])([H])C([H])([H])C([H])([H])C([H])([H])C([H])([H])C([H])([H])[H])C([H])([H])OC(=O)C([H])([H])C([H])([H])C([H])([H])C([H])([H])C([H])([H])C([H])([H])C([H])([H])C([H])([H])C([H])([H])C([H])([H])C([H])([H])C([H])([H])C([H])([H])C([H])([H])C([H])([H])C([H])([H])C([H])([H])[H])[O:28][C:29]>>[H][O:28][C:29],EVODEX-P22557
EVODEX-N8853,[H]OC(=O)[C@@]([H])(N([H])[H])C([H])([H])O[P:25]([O:24])(=[O:26])[O:27].[H][O:55][H:138]>>[O:24][P:25](=[O:26])([O:27])[O:55][H:138],EVODEX-P22558
EVODEX-N8854,[H][O:55][H:138]>>[H]OP(=O)(OC([H])([H])[C@]([H])(OC(=O)C([H])([H])C([H])([H])C([H])([H])C([H])([H])C([H])([H])C([H])([H])C([H])([H])C([H])([H])C([H])([H])C([H])([H])C([H])([H])C([H])([H])C([H])([H])C([H])([H])C([H])([H])C([H])([H])C([H])([H])[H])C([H])([H])OC(=O)C([H])([H])C([H])([H])C([H])([H])C([H])([H])C([H])([H])C([H])([H])C([H])([H])C([H])([H])C([H])([H])C([H])([H])C([H])([H])C([H])([H])C([H])([H])C([H])([H])C([H])([H])C([H])([H])C([H])([H])[H])[O:55][H:138],EVODEX-P22559
EVODEX-N8855,[H]OC(=O)[C@@]([H])(N([H])[H])C([H])([H])O[P:25]([O:24])(=[O:26])[O:27]>>[H]O[P:25]([O:24])(=[O:26])[O:27],EVODEX-P22560
EVODEX-N8856,[H]C([H])([H])C([H])([H])C([H])([H])C([H])([H])C([H])([H])C([H])([H])C([H])([H])C([H])([H])C([H])([H])C([H])([H])C([H])([H])C([H])([H])C([H])([H])C([H])([H])C([H])([H])C([H])([H])C([H])([H])C(=O)OC([H])([H])[C@]([H])(OC(=O)C([H])([H])C([H])([H])C([H])([H])C([H])([H])C([H])([H])C([H])([H])C([H])([H])C([H])([H])C([H])([H])C([H])([H])C([H])([H])C([H])([H])C([H])([H])C([H])([H])C([H])([H])C([H])([H])C([H])([H])[H])C([H])([H])O[P:25](=[O:26])([O:27])[O:28].[H][O:55][H:138]>>[P:25](=[O:26])([O:27])([O:28])[O:55][H:138],EVODEX-P22563
EVODEX-N8857,[H][O:55][H:138]>>[H]OC(=O)[C@]([H])(N([H])[H])C([H])([H])OP(=O)(O[H])[O:55][H:138],EVODEX-P22564
EVODEX-N8858,[H]C([H])([H])C([H])([H])C([H])([H])C([H])([H])C([H])([H])C([H])([H])C([H])([H])C([H])([H])C([H])([H])C([H])([H])C([H])([H])C([H])([H])C([H])([H])C([H])([H])C([H])([H])C([H])([H])C([H])([H])C(=O)OC([H])([H])[C@]([H])(OC(=O)C([H])([H])C([H])([H])C([H])([H])C([H])([H])C([H])([H])C([H])([H])C([H])([H])C([H])([H])C([H])([H])C([H])([H])C([H])([H])C([H])([H])C([H])([H])C([H])([H])C([H])([H])C([H])([H])C([H])([H])[H])C([H])([H])O[P:25](=[O:26])([O:27])[O:28]>>[H]O[P:25](=[O:26])([O:27])[O:28],EVODEX-P22565
EVODEX-N8859,[H]OC(=O)[C@]([H])(N([H])[H])C([H])([H])OP(=O)(O[H])[O:24][C:23]>>[H][O:24][C:23],EVODEX-P22566
EVODEX-N8860,[H]OP(=O)(OC([H])([H])C([H])([H])N([H])[H])O[C:9]([C:10])([H:23])[H:24].[H][O:15][H:29]>>[C:9]([C:10])([O:15][H:29])([H:23])[H:24],EVODEX-P22581
EVODEX-N8861,[H]OC([H])([H])[C@]([H])(C(=O)[O:8][P:5])N([H])[H]>>[H][O:8][P:5],EVODEX-P22584
EVODEX-N8862,[H]OP(=O)(OC([H])([H])C([H])([H])N([H])[H])O[C:9](=[O:10])[C:11].[H][O:15][H:29]>>[C:9](=[O:10])([C:11])[O:15][H:29],EVODEX-P22585
EVODEX-N8863,[H]OP(=O)(OC([H])([H])C([H])([H])N([H])[H])O[C:9](=[O:10])[C:11]>>[H]O[C:9](=[O:10])[C:11],EVODEX-P22586
EVODEX-N8864,[H][O:23][H:36]>>[H]OC([H])([H])[C@@]1([H])O[C@@]([H])(N2:C([H]):N:C3:C(N([H])[H]):N:C([H]):N:C:3:2)[C@@]([H])([O:23][H:36])[C@]1([H])OP(=O)(O[H])O[H],EVODEX-P22589
EVODEX-N8865,[H][O:24][H:37]>>[H]OC([H])([H])[C@@]1([H])O[C@@]([H])(N2:C([H]):N:C3:C(=O):N([H]):C(N([H])[H]):N:C:3:2)[C@@]([H])([O:24][H:37])[C@]1([H])OP(=O)(O[H])O[H],EVODEX-P22592
EVODEX-N8866,[H][O:24][H:37]>>[H]N=C1:N([H]):C(=O):C2:N:C([H]):N([C@]3([H])O[C@]([H])(C([H])([H])OP(=O)(O[H])O[H])[C@@]([H])([O:24][H:37])[C@@]3([H])O[H]):C:2:N:1[H],EVODEX-P22595
EVODEX-N8867,[H][O:24][H:37]>>[H]OC([H])([H])[C@@]1([H])O[C@@]([H])(N2:C([H]):N:C3:C(=O):N([H]):C(N([H])[H]):N:C:3:2)[C@]([H])(OP(=O)(O[H])O[H])[C@@]1([H])[O:24][H:37],EVODEX-P22600
EVODEX-N8868,[H][O:23][H:36]>>[H]OC([H])([H])[C@@]1([H])O[C@@]([H])(N2:C([H]):N:C3:C(N([H])[H]):N:C([H]):N:C:3:2)[C@]([H])(OP(=O)(O[H])O[H])[C@@]1([H])[O:23][H:36],EVODEX-P22603
EVODEX-N8869,[H]OC([H])([H])C([H])(O[H])C([H])([H])[O:12][H:33]>>[H][O:12][H:33],EVODEX-P22611
EVODEX-N8870,[H][O:10][P:8]>>[H]OC([H])([H])[C@@]([H])(O[H])C([H])([H])[O:10][P:8],EVODEX-P22614
EVODEX-N8871,[H]O[C@]([H])(C([H])([H])OC(=O)C([H])([H])[H])C([H])([H])[O:9][P:10]>>[H][O:9][P:10],EVODEX-P22617
EVODEX-N8872,[H][O:20][H:44]>>[H]O[C@]([H])(C([H])([H])OC(=O)C([H])([H])[H])C([H])([H])[O:20][H:44],EVODEX-P22619
EVODEX-N8873,[H]O[C@]([H])(/C([H])=C(\[H])C([H])([H])C([H])([H])C([H])([H])C([H])([H])C([H])([H])C([H])([H])C([H])([H])C([H])([H])C([H])([H])C([H])([H])C([H])([H])C([H])([H])C([H])([H])[H])[C@@]([H])(N([H])[H])C([H])([H])OP(=O)(O[H])O[C:26]([C:27])([H:70])[H:71].[H][O:32][H:83]>>[C:26]([C:27])([O:32][H:83])([H:70])[H:71],EVODEX-P22624
EVODEX-N8874,[H]O[C@]([H])(/C([H])=C(\[H])C([H])([H])C([H])([H])C([H])([H])C([H])([H])C([H])([H])C([H])([H])C([H])([H])C([H])([H])C([H])([H])C([H])([H])C([H])([H])C([H])([H])C([H])([H])[H])[C@@]([H])(N([H])[H])C([H])([H])OP(=O)(O[H])O[C:26]([C:27])([H:70])[H:71]>>[H]O[C:26]([C:27])([H:70])[H:71],EVODEX-P22625
EVODEX-N8875,[H]O[C@@]1([H])[C@@]([H])(O[H])[C@]([H])(N2:C([H]):C([H]):C(=O):N([H]):C:2=O)O[C@]1([H])C([H])([H])OP(=O)(O[H])OP(=O)(O[H])O[C@@:20]([O:21])([C:29])[H:46].[H][O:1][H:62]>>[O:1]([C:20]([O:21])([C:29])[H:46])[H:62],"EVODEX-P22628,EVODEX-P23305,EVODEX-P24038"
EVODEX-N8876,[H]O[C@@]1([H])[C@@]([H])(O[H])[C@]([H])(N2:C([H]):C([H]):C(=O):N([H]):C:2=O)O[C@]1([H])C([H])([H])OP(=O)(O[H])OP(=O)(O[H])O[C@@:20]([O:21])([C:29])[H:46]>>[H]O[C:20]([O:21])([C:29])[H:46],"EVODEX-P22629,EVODEX-P23306,EVODEX-P24040"
EVODEX-N8877,[H]O[C@]([H])(C([H])([H])OC(=O)C([H])([H])[H])C([H])([H])OP(=O)(O[H])O[C:14]([C:15])([H:31])[H:32].[H][O:20][H:44]>>[C:14]([C:15])([O:20][H:44])([H:31])[H:32],EVODEX-P22633
EVODEX-N8878,[H]O[C@]([H])(C([H])([H])OC(=O)C([H])([H])[H])C([H])([H])OP(=O)(O[H])O[C:14]([C:15])([H:31])[H:32]>>[H]O[C:14]([C:15])([H:31])[H:32],EVODEX-P22634
EVODEX-N8879,[H]OC([H])(C([H])([H])OC(=O)C([H])([H])C([H])([H])C([H])([H])C([H])([H])C([H])([H])C([H])([H])C([H])([H])C([H])([H])C([H])([H])C([H])([H])C([H])([H])C([H])([H])C([H])([H])C([H])([H])C([H])([H])C([H])([H])C([H])([H])[H])C([H])([H])OP(=O)(O[H])O[C:30]([C:31])([H:79])[H:80].[H][O:36][H:92]>>[C:30]([C:31])([O:36][H:92])([H:79])[H:80],EVODEX-P22638
EVODEX-N8880,[H]OC([H])(C([H])([H])OC(=O)C([H])([H])C([H])([H])C([H])([H])C([H])([H])C([H])([H])C([H])([H])C([H])([H])C([H])([H])C([H])([H])C([H])([H])C([H])([H])C([H])([H])C([H])([H])C([H])([H])C([H])([H])C([H])([H])C([H])([H])[H])C([H])([H])OP(=O)(O[H])O[C:30]([C:31])([H:79])[H:80]>>[H]O[C:30]([C:31])([H:79])[H:80],EVODEX-P22639
EVODEX-N8881,[H][O:1][H:18]>>[H]OC([H])([H])C([H])(C([H])([H])OP(=O)(O[H])O[H])[O:1][H:18],EVODEX-P22642
EVODEX-N8882,[H][O:15][H:29]>>[H]OP(=O)(O[H])OC([H])(C([H])([H])OC(=O)C([H])([H])C([H])([H])C([H])([H])[H])C([H])([H])[O:15][H:29],EVODEX-P22645
EVODEX-N8883,[H]O[C@@]1([H])[C@]([H])(O[H])[C@]([H])(O[H])[C@]([H])(OP(=O)(O[H])O[C:6]([C:7])([H:24])[H:25])[C@@]([H])(O[H])[C@]1([H])O[H].[H][O:1][H:42]>>[O:1]([C:6]([C:7])([H:24])[H:25])[H:42],EVODEX-P22648
EVODEX-N8884,[H]O[C@@]1([H])[C@]([H])(O[H])[C@]([H])(O[H])[C@]([H])(OP(=O)(O[H])O[C:6]([C:7])([H:24])[H:25])[C@@]([H])(O[H])[C@]1([H])O[H]>>[H]O[C:6]([C:7])([H:24])[H:25],EVODEX-P22649
EVODEX-N8885,[H][O:13][C:12].[O:1]=[P:2]([O:3])([O:4])[O:10]>>[O:1]=[P:2]([O:3])([O:10])[O:13][C:12].[H][O:4],"EVODEX-P22652,EVODEX-P31438,EVODEX-P31442,EVODEX-P31444,EVODEX-P31451,EVODEX-P31454,EVODEX-P31456,EVODEX-P31491"
EVODEX-N8886,[H]OC([H])([H])[C@@]([H])(O[H])C([H])([H])O[P:2](=[O:1])([O:3])[O:10].[H][O:13][C:12]>>[O:1]=[P:2]([O:3])([O:10])[O:13][C:12],EVODEX-P22653
EVODEX-N8887,[H]OC([H])([H])[C@@]([H])(O[H])C([H])([H])OP(=O)(O[H])O[C@:12]([C:13])([C:21])[H:31].[H][O:1][H:42]>>[O:1]([C@@:12]([C:13])([C:21])[H:31])[H:42],EVODEX-P22655
EVODEX-N8888,[H]OC([H])([H])[C@@]([H])(O[H])C([H])([H])OP(=O)(O[H])O[C@:12]([C:13])([C:21])[H:31]>>[H]O[C@@:12]([C:13])([C:21])[H:31],EVODEX-P22656
EVODEX-N8889,[H]OC([H])([H])[C@@]1([H])O[C@]([H])([O:7][P:8])[C@]([H])(OC(=O)C([H])([H])[H])[C@@]([H])(O[H])[C@]1([H])O[H]>>[H][O:7][P:8],EVODEX-P22660
EVODEX-N8890,[H]OC1([H])O[C@]([H])(C([H])([H])OP(=O)(O[H])O[C@:6]([C:5])([O:23])[H:36])[C@@]([H])(O[H])[C@]([H])(O[H])[C@]1([H])O[H].[H][O:31][H:57]>>[C:5][C@:6]([O:23])([O:31][H:57])[H:36],"EVODEX-P22661,EVODEX-P22667"
EVODEX-N8891,[H][O:31][H:57]>>[H]OC([H])([H])[C@@]1([H])O[C@]([H])([O:31][H:57])[C@]([H])(OC(=O)C([H])([H])[H])[C@@]([H])(O[H])[C@]1([H])O[H],EVODEX-P22662
EVODEX-N8892,[H]OC1([H])O[C@]([H])(C([H])([H])OP(=O)(O[H])O[C@:6]([C:5])([O:23])[H:36])[C@@]([H])(O[H])[C@]([H])(O[H])[C@]1([H])O[H]>>[H]O[C@:6]([C:5])([O:23])[H:36],"EVODEX-P22663,EVODEX-P22668"
EVODEX-N8893,[H]OP(=O)(OC([H])([H])C([H])([H])C([H])(C([H])([H])[H])C([H])([H])C([H])([H])/C([H])=C(/C([H])([H])[H])C([H])([H])C([H])([H])/C([H])=C(/C([H])([H])[H])C([H])([H])C([H])([H])/C([H])=C(/C([H])([H])[H])C([H])([H])C([H])([H])/C([H])=C(/C([H])([H])[H])C([H])([H])C([H])([H])/C([H])=C(/C([H])([H])[H])C([H])([H])C([H])([H])/C([H])=C(/C([H])([H])[H])C([H])([H])C([H])([H])/C([H])=C(/C([H])([H])[H])C([H])([H])C([H])([H])/C([H])=C(/C([H])([H])[H])C([H])([H])C([H])([H])/C([H])=C(/C([H])([H])[H])C([H])([H])C([H])([H])/C([H])=C(/C([H])([H])[H])C([H])([H])C([H])([H])/C([H])=C(/C([H])([H])[H])C([H])([H])C([H])([H])/C([H])=C(/C([H])([H])[H])C([H])([H])C([H])([H])/C([H])=C(/C([H])([H])[H])C([H])([H])C([H])([H])/C([H])=C(/C([H])([H])[H])C([H])([H])C([H])([H])/C([H])=C(/C([H])([H])[H])C([H])([H])C([H])([H])/C([H])=C(/C([H])([H])[H])C([H])([H])C([H])([H])/C([H])=C(\C([H])([H])[H])C([H])([H])C([H])([H])/C([H])=C(\C([H])([H])[H])C([H])([H])C([H])([H])C([H])=C(C([H])([H])[H])C([H])([H])[H])O[C@:106]([O:107])([C:115])[H:282].[H][O:117][H:293]>>[C:106]([O:107])([C:115])([O:117][H:293])[H:282],EVODEX-P22671
EVODEX-N8894,[H]OP(=O)(OC([H])([H])C([H])([H])C([H])(C([H])([H])[H])C([H])([H])C([H])([H])/C([H])=C(/C([H])([H])[H])C([H])([H])C([H])([H])/C([H])=C(/C([H])([H])[H])C([H])([H])C([H])([H])/C([H])=C(/C([H])([H])[H])C([H])([H])C([H])([H])/C([H])=C(/C([H])([H])[H])C([H])([H])C([H])([H])/C([H])=C(/C([H])([H])[H])C([H])([H])C([H])([H])/C([H])=C(/C([H])([H])[H])C([H])([H])C([H])([H])/C([H])=C(/C([H])([H])[H])C([H])([H])C([H])([H])/C([H])=C(/C([H])([H])[H])C([H])([H])C([H])([H])/C([H])=C(/C([H])([H])[H])C([H])([H])C([H])([H])/C([H])=C(/C([H])([H])[H])C([H])([H])C([H])([H])/C([H])=C(/C([H])([H])[H])C([H])([H])C([H])([H])/C([H])=C(/C([H])([H])[H])C([H])([H])C([H])([H])/C([H])=C(/C([H])([H])[H])C([H])([H])C([H])([H])/C([H])=C(/C([H])([H])[H])C([H])([H])C([H])([H])/C([H])=C(/C([H])([H])[H])C([H])([H])C([H])([H])/C([H])=C(/C([H])([H])[H])C([H])([H])C([H])([H])/C([H])=C(\C([H])([H])[H])C([H])([H])C([H])([H])/C([H])=C(\C([H])([H])[H])C([H])([H])C([H])([H])C([H])=C(C([H])([H])[H])C([H])([H])[H])O[C@:106]([O:107])([C:115])[H:282]>>[H]O[C:106]([O:107])([C:115])[H:282],EVODEX-P22672
EVODEX-N8895,[H]OP(=O)(OC([H])([H])C([H])([H])C([H])(C([H])([H])[H])C([H])([H])C([H])([H])/C([H])=C(/C([H])([H])[H])C([H])([H])C([H])([H])/C([H])=C(\C([H])([H])[H])C([H])([H])C([H])([H])/C([H])=C(\C([H])([H])[H])C([H])([H])C([H])([H])C([H])=C(C([H])([H])[H])C([H])([H])[H])O[C@:31]([O:32])([C:40])[H:87].[H][O:42][H:98]>>[C:31]([O:32])([C:40])([O:42][H:98])[H:87],EVODEX-P22675
EVODEX-N8896,[H]OP(=O)(OC([H])([H])C([H])([H])C([H])(C([H])([H])[H])C([H])([H])C([H])([H])/C([H])=C(/C([H])([H])[H])C([H])([H])C([H])([H])/C([H])=C(\C([H])([H])[H])C([H])([H])C([H])([H])/C([H])=C(\C([H])([H])[H])C([H])([H])C([H])([H])C([H])=C(C([H])([H])[H])C([H])([H])[H])O[C@:31]([O:32])([C:40])[H:87]>>[H]O[C:31]([O:32])([C:40])[H:87],EVODEX-P22676
EVODEX-N8897,[H][O:47][H:72]>>[H]N=C1:N([H]):C(=O):C2:N:C([H]):N([C@]3([H])O[C@]([H])(C([H])([H])OP(=O)(O[H])O[H])[C@@]([H])(OP(=O)(O[H])OC([H])([H])[C@@]4([H])O[C@@]([H])(N5:C([H]):N:C6:C(=O):N([H]):C(=N[H]):N([H]):C:6:5)[C@]([H])(O[H])[C@]4([H])[O:47][H:72])[C@@]3([H])O[H]):C:2:N:1[H],EVODEX-P22680
EVODEX-N8898,[H]N=C1:N([H]):C(=O):C2:N:C([H]):N([C@]3([H])O[C@]([H])(C([H])([H])OP(=O)(O[H])O[H])[C@@]([H])([O:18][P:15])[C@@]3([H])O[H]):C:2:N:1[H]>>[H][O:18][P:15],EVODEX-P22683
EVODEX-N8899,[H][O:33][H:53]>>[H]OP(=O)(O[H])OC([H])([H])[C@@]1([H])O[C@@]([H])(N2:C([H]):N:C3:C(N([H])[H]):N:C([H]):N:C:3:2)[C@]([H])(OC(=O)C2:C([H]):C([H]):C([H]):C([H]):C:2N([H])C([H])([H])[H])[C@@]1([H])[O:33][H:53],EVODEX-P22685
EVODEX-N8900,[H]N(C(=O)C([H])([H])C([H])([H])C([H])([H])C([H])([H])C([H])([H])C([H])([H])C([H])([H])C([H])([H])C([H])([H])C([H])([H])C([H])([H])C([H])([H])C([H])([H])C([H])([H])C([H])([H])[H])C([H])([H])C([H])([H])[O:28][P:25]>>[H][O:28][P:25],"EVODEX-P22688,EVODEX-P22694"
EVODEX-N8901,[H]OP(=O)(OC([H])([H])[C@@]([H])(OC(=O)C([H])([H])C([H])([H])C([H])([H])C([H])([H])C([H])([H])C([H])([H])C([H])([H])/C([H])=C(/[H])C([H])([H])C([H])([H])C([H])([H])C([H])([H])C([H])([H])C([H])([H])C([H])([H])C([H])([H])[H])C([H])([H])OC(=O)C([H])([H])C([H])([H])C([H])([H])C([H])([H])C([H])([H])C([H])([H])C([H])([H])/C([H])=C(/[H])C([H])([H])C([H])([H])C([H])([H])C([H])([H])C([H])([H])C([H])([H])C([H])([H])C([H])([H])[H])O[C:29]([C:30])([H:109])[H:110].[H][O:69][H:178]>>[C:29]([C:30])([O:69][H:178])([H:109])[H:110],EVODEX-P22689
EVODEX-N8902,[H][O:69][H:178]>>[H]N(C(=O)C([H])([H])C([H])([H])C([H])([H])C([H])([H])C([H])([H])C([H])([H])C([H])([H])C([H])([H])C([H])([H])C([H])([H])C([H])([H])C([H])([H])C([H])([H])C([H])([H])C([H])([H])[H])C([H])([H])C([H])([H])[O:69][H:178],EVODEX-P22690
EVODEX-N8903,[H]OP(=O)(OC([H])([H])[C@@]([H])(OC(=O)C([H])([H])C([H])([H])C([H])([H])C([H])([H])C([H])([H])C([H])([H])C([H])([H])/C([H])=C(/[H])C([H])([H])C([H])([H])C([H])([H])C([H])([H])C([H])([H])C([H])([H])C([H])([H])C([H])([H])[H])C([H])([H])OC(=O)C([H])([H])C([H])([H])C([H])([H])C([H])([H])C([H])([H])C([H])([H])C([H])([H])/C([H])=C(/[H])C([H])([H])C([H])([H])C([H])([H])C([H])([H])C([H])([H])C([H])([H])C([H])([H])C([H])([H])[H])O[C:29]([C:30])([H:109])[H:110]>>[H]O[C:29]([C:30])([H:109])[H:110],EVODEX-P22691
EVODEX-N8904,[H]OP(=O)(OC([H])([H])[C@]([H])(OC([H])([H])C([H])([H])C([H])([H])C([H])([H])C([H])([H])C([H])([H])C([H])([H])C([H])([H])C([H])([H])C([H])([H])C([H])([H])C([H])([H])C([H])([H])C([H])([H])C([H])([H])C([H])([H])[H])C([H])([H])OC([H])([H])C([H])([H])C([H])([H])C([H])([H])C([H])([H])C([H])([H])C([H])([H])C([H])([H])C([H])([H])C([H])([H])C([H])([H])C([H])([H])C([H])([H])C([H])([H])C([H])([H])C([H])([H])[H])O[C:26]([C:27])([H:103])[H:104].[H][O:63][H:172]>>[C:26]([C:27])([O:63][H:172])([H:103])[H:104],EVODEX-P22695
EVODEX-N8905,[H]OP(=O)(OC([H])([H])[C@]([H])(OC([H])([H])C([H])([H])C([H])([H])C([H])([H])C([H])([H])C([H])([H])C([H])([H])C([H])([H])C([H])([H])C([H])([H])C([H])([H])C([H])([H])C([H])([H])C([H])([H])C([H])([H])C([H])([H])[H])C([H])([H])OC([H])([H])C([H])([H])C([H])([H])C([H])([H])C([H])([H])C([H])([H])C([H])([H])C([H])([H])C([H])([H])C([H])([H])C([H])([H])C([H])([H])C([H])([H])C([H])([H])C([H])([H])C([H])([H])[H])O[C:26]([C:27])([H:103])[H:104]>>[H]O[C:26]([C:27])([H:103])[H:104],EVODEX-P22696
EVODEX-N8906,[H][O:1][H:29]>>[H]O[C@@]1([H])[C@@]([H])([O:1][H:29])[C@@]([H])(OP(=O)(O[H])O[H])O[C@]1([H])C([H])([H])OP(=O)(O[H])O[H],EVODEX-P22699
EVODEX-N8907,[H][O:1][H:24]>>[H]OC([H])([H])[C@@]1([H])O[C@]([H])(OP(=O)(O[H])O[H])[C@]([H])([O:1][H:24])[C@]1([H])O[H],EVODEX-P22702
EVODEX-N8908,[H][O:22][H:35]>>[H]N=C1:N([H]):C2:C(:C(=O):N:1[H])N=C([C@]([H])(O[H])[C@]([H])(C([H])([H])OP(=O)(O[H])O[H])[O:22][H:35])C([H])([H])N2[H],EVODEX-P22705
EVODEX-N8909,[O:9][C@:10]([O:11])([C:16])[H:24].[H][O:1][H:29]>>[H][O:11].[O:1]([C:10]([O:9])([C:16])[H:24])[H:29],"EVODEX-P22707,EVODEX-P24167"
EVODEX-N8910,[H][O:1][H:29]>>[H]O[C@@]1([H])[C@@]([H])(OP(=O)(O[H])O[H])C([H])([O:1][H:29])O[C@]1([H])C([H])([H])OP(=O)(O[H])O[H],EVODEX-P22708
EVODEX-N8911,[H][O:1][H:32]>>[H]OC1([H])O[C@]([H])(C([H])([H])OP(=O)(O[H])O[H])[C@@]([H])(O[H])[C@@]1([H])[O:1][H:32],EVODEX-P22712
EVODEX-N8912,[H]OC1([H])O[C@]([H])(C([H])([H])OP(=O)(O[H])O[H])[C@@]([H])(O[H])[C@@]1([H])[O:13][P:14]>>[H][O:13][P:14],EVODEX-P22714
EVODEX-N8913,[H][O:45][H:70]>>[H]O[C@]1([H])[C@]([H])(OP(=O)(O[H])OC([H])([H])[C@@]2([H])O[C@@]([H])(N3:C([H]):N:C4:C(N([H])[H]):N:C([H]):N:C:4:3)[C@]([H])(O[H])[C@]2([H])[O:45][H:70])[C@@]([H])(C([H])([H])OP(=O)(O[H])O[H])O[C@@]1([H])N1:C([H]):N:C2:C(N([H])[H]):N:C([H]):N:C:2:1,EVODEX-P22717
EVODEX-N8914,[O:7][P:8](=[O:9])([O:10])[O:11].[H][O:1][H:22]>>[H][O:11].[O:1]([P:8]([O:7])(=[O:9])[O:10])[H:22],"EVODEX-P22721,EVODEX-P28776,EVODEX-P28996"
EVODEX-N8915,[H][O:1][H:22]>>[H]OC(=O)[C@@]([H])(OP(=O)(O[H])O[H])C([H])([H])OP(=O)(O[H])[O:1][H:22],EVODEX-P22722
EVODEX-N8916,[H]O[C@@]1([H])C([H])([H])[C@]([H])(N2:C([H]):N:C3:C(=O):N([H]):C(N([H])[H]):N:C:3:2)O[C@]1([H])C([H])([H])[O:15][P:16]>>[H][O:15][P:16],EVODEX-P22725
EVODEX-N8917,[H]OP(=O)(O[H])OP(=O)(O[H])OP(=O)(O[H])O[C:14]([C:13])([H:42])[H:43].[H][O:32][H:49]>>[C:13][C:14]([O:32][H:49])([H:42])[H:43],"EVODEX-P22726,EVODEX-P22732"
EVODEX-N8918,[H][O:32][H:49]>>[H]O[C@@]1([H])C([H])([H])[C@]([H])(N2:C([H]):N:C3:C(=O):N([H]):C(N([H])[H]):N:C:3:2)O[C@]1([H])C([H])([H])[O:32][H:49],EVODEX-P22727
EVODEX-N8919,[H]OP(=O)(O[H])OP(=O)(O[H])OP(=O)(O[H])O[C:14]([C:13])([H:42])[H:43]>>[H]O[C:14]([C:13])([H:42])[H:43],"EVODEX-P22728,EVODEX-P22733"
EVODEX-N8920,[H]C1:C([H]):C([O:6][S:7]):C([H]):C([H]):C:1C([H])([H])[H]>>[H][O:6][S:7],EVODEX-P22736
EVODEX-N8921,[H]OS(=O)(=O)O[C:5](:[C:4]):[C:11].[H][O:13][H:22]>>[C:4]:[C:5](:[C:11])[O:13][H:22],"EVODEX-P22737,EVODEX-P22743,EVODEX-P22754,EVODEX-P22781,EVODEX-P22786"
EVODEX-N8922,[H][O:13][H:22]>>[H]C1:C([H]):C([O:13][H:22]):C([H]):C([H]):C:1C([H])([H])[H],EVODEX-P22738
EVODEX-N8923,[H]OS(=O)(=O)O[C:9](:[C:8]):[C:15]>>[H]O[C:9](:[C:8]):[C:15],"EVODEX-P22739,EVODEX-P22745,EVODEX-P22756,EVODEX-P22783,EVODEX-P22787"
EVODEX-N8924,[H]C1:C([O:10][S:11]):C([H]):C2:O:C(=O):C([H]):C(C([H])([H])[H]):C:2:C:1[H]>>[H][O:10][S:11],EVODEX-P22742
EVODEX-N8925,[H][O:18][H:27]>>[H]C1:C([O:18][H:27]):C([H]):C2:O:C(=O):C([H]):C(C([H])([H])[H]):C:2:C:1[H],EVODEX-P22744
EVODEX-N8926,[H]C1=C2C([H])([H])[C@@]([H])([O:6][S:7])C([H])([H])C([H])([H])[C@]2(C([H])([H])[H])[C@@]2([H])C([H])([H])C([H])([H])[C@]3(C([H])([H])[H])C(=O)C([H])([H])C([H])([H])[C@@]3([H])[C@]2([H])C1([H])[H]>>[H][O:6][S:7],EVODEX-P22748
EVODEX-N8927,[H]OS(=O)(=O)O[C@@:5]([C:4])([C:11])[H:34].[H][O:26][H:55]>>[C:4][C@@:5]([C:11])([O:26][H:55])[H:34],"EVODEX-P22749,EVODEX-P22759,EVODEX-P22765,EVODEX-P22792,EVODEX-P22826,EVODEX-P22837,EVODEX-P22843,EVODEX-P22859,EVODEX-P22866,EVODEX-P22877,EVODEX-P22887,EVODEX-P22893,EVODEX-P22899,EVODEX-P22905,EVODEX-P22911,EVODEX-P22917,EVODEX-P23363"
EVODEX-N8928,[H][O:26][H:55]>>[H]C1=C2C([H])([H])[C@@]([H])([O:26][H:55])C([H])([H])C([H])([H])[C@]2(C([H])([H])[H])[C@@]2([H])C([H])([H])C([H])([H])[C@]3(C([H])([H])[H])C(=O)C([H])([H])C([H])([H])[C@@]3([H])[C@]2([H])C1([H])[H],EVODEX-P22750
EVODEX-N8929,[H]C1:C([H]):C([O:10][S:11]):C([H]):C2:C:1[C@@]1([H])C([H])([H])C([H])([H])[C@]3(C([H])([H])[H])C(=O)C([H])([H])C([H])([H])[C@@]3([H])[C@]1([H])C([H])([H])C2([H])[H]>>[H][O:10][S:11],EVODEX-P22753
EVODEX-N8930,[H][O:25][H:48]>>[H]C1:C([H]):C([O:25][H:48]):C([H]):C2:C:1[C@@]1([H])C([H])([H])C([H])([H])[C@]3(C([H])([H])[H])C(=O)C([H])([H])C([H])([H])[C@@]3([H])[C@]1([H])C([H])([H])C2([H])[H],EVODEX-P22755
EVODEX-N8931,[H]OS(=O)(=O)O[C@@:7]([C:8])([C:16])[H:19]>>[H]O[C@@:7]([C:8])([C:16])[H:19],"EVODEX-P22760,EVODEX-P22766,EVODEX-P22794,EVODEX-P22827,EVODEX-P22839,EVODEX-P22845,EVODEX-P22861,EVODEX-P22868,EVODEX-P22878,EVODEX-P22889,EVODEX-P22895,EVODEX-P22901,EVODEX-P22907,EVODEX-P22913,EVODEX-P22919,EVODEX-P23365"
EVODEX-N8932,[H]OC1([H])O[C@]([H])(C([H])([H])O[H])[C@@]([H])(O[H])[C@]([H])([O:6][S:3])[C@@]1([H])O[H]>>[H][O:6][S:3],EVODEX-P22761
EVODEX-N8933,[H]OC([H])([H])[C@@]([H])(O[H])[C@@]([H])(O[H])[C@@]([H])([C@@]([H])(O[H])C([H])=O)[O:7][S:8]>>[H][O:7][S:8],EVODEX-P22764
EVODEX-N8934,[H]O[C@]1([H])[C@@]([H])(O[H])[C@@]([H])(OC2:C([H]):C([H]):C3:C(C([H])([H])[H]):C([H]):C(=O):O:C:3:C:2[H])O[C@]([H])(C([H])([H])[O:15][S:16])[C@]1([H])O[H]>>[H][O:15][S:16],EVODEX-P22769
EVODEX-N8935,[H]OS(=O)(=O)O[C:14]([C:13])([H:37])[H:38].[H][O:29][H:48]>>[C:13][C:14]([O:29][H:48])([H:37])[H:38],"EVODEX-P22770,EVODEX-P22776,EVODEX-P22804,EVODEX-P22810,EVODEX-P22849,EVODEX-P22854,EVODEX-P22882,EVODEX-P22923"
EVODEX-N8936,[H][O:29][H:48]>>[H]O[C@]1([H])[C@@]([H])(O[H])[C@@]([H])(OC2:C([H]):C([H]):C3:C(C([H])([H])[H]):C([H]):C(=O):O:C:3:C:2[H])O[C@]([H])(C([H])([H])[O:29][H:48])[C@]1([H])O[H],EVODEX-P22771
EVODEX-N8937,[H]OS(=O)(=O)O[C:14]([C:13])([H:37])[H:38]>>[H]O[C:14]([C:13])([H:37])[H:38],"EVODEX-P22772,EVODEX-P22777,EVODEX-P22806,EVODEX-P22812,EVODEX-P22850,EVODEX-P22856,EVODEX-P22883,EVODEX-P22925"
EVODEX-N8938,[H]OC(=O)C1=C([H])[C@]([H])(O[H])[C@@]([H])(O[H])[C@@]([H])(O[C@@]2([H])[C@@]([H])(OS(=O)(=O)O[H])[C@@]([H])(C([H])([H])O[H])O[C@]([H])(O[C@@]3([H])[C@]([H])(O[H])[C@@]([H])(C(=O)O[H])O[C@@]([H])(O[C@@]4([H])[C@@]([H])(O[H])[C@@]([H])(C([H])([H])OS(=O)(=O)O[H])O[C@@]([H])(O[C@@]5([H])[C@]([H])(O[H])[C@@]([H])(O[H])[C@]([H])(O[C@@]6([H])[C@@]([H])(OS(=O)(=O)O[H])[C@@]([H])(C([H])([H])O[H])O[C@@]([H])(O[H])[C@]6([H])N([H])C(=O)C([H])([H])[H])O[C@]5([H])C(=O)O[H])[C@]4([H])N([H])C(=O)C([H])([H])[H])[C@]3([H])[O:69][S:70])[C@]2([H])N([H])C(=O)C([H])([H])[H])O1>>[H][O:69][S:70],EVODEX-P22791
EVODEX-N8939,[H][O:95][H:159]>>[H]OC(=O)C1=C([H])[C@]([H])(O[H])[C@@]([H])(O[H])[C@@]([H])(O[C@@]2([H])[C@@]([H])(OS(=O)(=O)O[H])[C@@]([H])(C([H])([H])O[H])O[C@]([H])(O[C@@]3([H])[C@]([H])(O[H])[C@@]([H])(C(=O)O[H])O[C@@]([H])(O[C@@]4([H])[C@@]([H])(O[H])[C@@]([H])(C([H])([H])OS(=O)(=O)O[H])O[C@@]([H])(O[C@@]5([H])[C@]([H])(O[H])[C@@]([H])(O[H])[C@]([H])(O[C@@]6([H])[C@@]([H])(OS(=O)(=O)O[H])[C@@]([H])(C([H])([H])O[H])O[C@@]([H])(O[H])[C@]6([H])N([H])C(=O)C([H])([H])[H])O[C@]5([H])C(=O)O[H])[C@]4([H])N([H])C(=O)C([H])([H])[H])[C@]3([H])[O:95][H:159])[C@]2([H])N([H])C(=O)C([H])([H])[H])O1,EVODEX-P22793
EVODEX-N8940,[H]OC(=O)[C@@]1([H])O[C@@]([H])(O[C@@]2([H])[C@@]([H])(O[H])[C@@]([H])(C([H])([H])O[H])O[C@@]([H])(O[H])[C@]2([H])N([H])C(=O)C([H])([H])[H])[C@]([H])(O[H])[C@@]([H])(O[H])[C@]1([H])[O:15][C:16]>>[H][O:15][C:16],EVODEX-P22797
EVODEX-N8941,[H]OC(=O)C1=C([H])[C@]([H])(O[H])[C@@]([H])(O[H])[C@@]([H])(O[C@@]2([H])[C@@]([H])(O[H])[C@@]([H])(C([H])([H])OS(=O)(=O)O[H])O[C@]([H])(O[C@]3([H])[C@@]([H])(O[H])[C@]([H])(O[C@@]4([H])[C@@]([H])(O[H])[C@@]([H])(C([H])([H])O[H])O[C@@]([H])(O[C@:14]([C:10])([C:71])[H:93])[C@]4([H])N([H])C(=O)C([H])([H])[H])O[C@]([H])(C(=O)O[H])[C@@]3([H])O[H])[C@]2([H])N([H])C(=O)C([H])([H])[H])O1.[H][O:83][H:147]>>[C:10][C@:14]([C:71])([O:83][H:147])[H:93],EVODEX-P22798
EVODEX-N8942,[H][O:83][H:147]>>[H]OC(=O)[C@@]1([H])O[C@@]([H])(O[C@@]2([H])[C@@]([H])(O[H])[C@@]([H])(C([H])([H])O[H])O[C@@]([H])(O[H])[C@]2([H])N([H])C(=O)C([H])([H])[H])[C@]([H])(O[H])[C@@]([H])(O[H])[C@]1([H])[O:83][H:147],EVODEX-P22799
EVODEX-N8943,[H]OC(=O)C1=C([H])[C@]([H])(O[H])[C@@]([H])(O[H])[C@@]([H])(O[C@@]2([H])[C@@]([H])(O[H])[C@@]([H])(C([H])([H])OS(=O)(=O)O[H])O[C@]([H])(O[C@]3([H])[C@@]([H])(O[H])[C@]([H])(O[C@@]4([H])[C@@]([H])(O[H])[C@@]([H])(C([H])([H])O[H])O[C@@]([H])(O[C@:14]([C:10])([C:71])[H:93])[C@]4([H])N([H])C(=O)C([H])([H])[H])O[C@]([H])(C(=O)O[H])[C@@]3([H])O[H])[C@]2([H])N([H])C(=O)C([H])([H])[H])O1>>[H]O[C@:14]([C:10])([C:71])[H:93],EVODEX-P22800
EVODEX-N8944,[H]OC(=O)C1=C([H])[C@]([H])(O[H])[C@@]([H])(O[H])[C@]([H])(O[C@]2([H])[C@]([H])(O[H])[C@@]([H])(N([H])C(=O)C([H])([H])[H])C([H])(O[H])O[C@]2([H])C([H])([H])[O:11][S:12])O1>>[H][O:11][S:12],EVODEX-P22803
EVODEX-N8945,[H][O:31][H:53]>>[H]OC(=O)C1=C([H])[C@]([H])(O[H])[C@@]([H])(O[H])[C@]([H])(O[C@]2([H])[C@]([H])(O[H])[C@@]([H])(N([H])C(=O)C([H])([H])[H])C([H])(O[H])O[C@]2([H])C([H])([H])[O:31][H:53])O1,EVODEX-P22805
EVODEX-N8946,[H]O[C@]1([H])O[C@]([H])(C([H])([H])[O:13][S:14])[C@]([H])(OS(=O)(=O)O[H])[C@]([H])(O[H])[C@@]1([H])N([H])[H]>>[H][O:13][S:14],EVODEX-P22809
EVODEX-N8947,[H][O:21][H:35]>>[H]O[C@]1([H])O[C@]([H])(C([H])([H])[O:21][H:35])[C@]([H])(OS(=O)(=O)O[H])[C@]([H])(O[H])[C@@]1([H])N([H])[H],EVODEX-P22811
EVODEX-N8948,[O:2]=[S:3](=[O:4])([O:5])[N:6].[H][O:1][H:35]>>[H][N:6].[O:1]([S:3](=[O:2])(=[O:4])[O:5])[H:35],"EVODEX-P22814,EVODEX-P22819,EVODEX-P29356,EVODEX-P29361,EVODEX-P29366"
EVODEX-N8949,[H]OC1([H])O[C@]([H])(C([H])([H])OS(=O)(=O)O[H])[C@@]([H])(O[H])[C@]([H])(O[H])[C@@]1([H])N([H])[S:3](=[O:2])(=[O:4])[O:5].[H][O:1][H:35]>>[O:1]([S:3](=[O:2])(=[O:4])[O:5])[H:35],EVODEX-P22815
EVODEX-N8950,[H]OC1([H])O[C@]([H])(C([H])([H])OS(=O)(=O)O[H])[C@@]([H])(O[H])[C@]([H])(O[H])[C@@]1([H])N([H])[S:3](=[O:2])(=[O:4])[O:5]>>[H]O[S:3](=[O:2])(=[O:4])[O:5],EVODEX-P22816
EVODEX-N8951,[H]OS(=O)(=O)[N:6]([C:7])[H:23]>>[H][N:6]([C:7])[H:23],"EVODEX-P22817,EVODEX-P22822,EVODEX-P29359,EVODEX-P29364,EVODEX-P29369"
EVODEX-N8952,[H]OC([H])([H])[C@@]1([H])O[C@]([H])(O[H])[C@]([H])(N([H])[S:3](=[O:2])(=[O:4])[O:5])[C@@]([H])(O[H])[C@]1([H])O[H].[H][O:1][H:31]>>[O:1]([S:3](=[O:2])(=[O:4])[O:5])[H:31],EVODEX-P22820
EVODEX-N8953,[H]OC([H])([H])[C@@]1([H])O[C@]([H])(O[H])[C@]([H])(N([H])[S:3](=[O:2])(=[O:4])[O:5])[C@@]([H])(O[H])[C@]1([H])O[H]>>[H]O[S:3](=[O:2])(=[O:4])[O:5],EVODEX-P22821
EVODEX-N8954,[H]OC1([H])O[C@]([H])(C([H])([H])O[H])[C@]([H])([O:13][S:14])[C@]([H])(O[H])[C@@]1([H])N([H])C(=O)C([H])([H])[H]>>[H][O:13][S:14],EVODEX-P22825
EVODEX-N8955,[H]OC(=O)[C@@]1([H])O[C@@]([H])(O[C@@]2([H])[C@@]([H])(O[H])[C@@]([H])([O:23][S:24])O[C@@]([H])(O[H])[C@]2([H])N([H])C(=O)C([H])([H])[H])[C@]([H])(O[H])[C@@]([H])(O[H])[C@]1([H])O[H]>>[H][O:23][S:24],EVODEX-P22830
EVODEX-N8956,[H]OS(=O)(=O)O[C@:22]([C:20])([O:28])[H:49].[H][O:31][H:53]>>[C:20][C@:22]([O:28])([O:31][H:53])[H:49],EVODEX-P22831
EVODEX-N8957,[H][O:31][H:53]>>[H]OC(=O)[C@@]1([H])O[C@@]([H])(O[C@@]2([H])[C@@]([H])(O[H])[C@@]([H])([O:31][H:53])O[C@@]([H])(O[H])[C@]2([H])N([H])C(=O)C([H])([H])[H])[C@]([H])(O[H])[C@@]([H])(O[H])[C@]1([H])O[H],EVODEX-P22832
EVODEX-N8958,[H]OS(=O)(=O)O[C@:22]([C:20])([O:28])[H:49]>>[H]O[C@:22]([C:20])([O:28])[H:49],EVODEX-P22833
EVODEX-N8959,[H]OC(=O)[C@@]1([H])O[C@]([H])(OC2:C([H]):C([H]):C3:C(C([H])([H])[H]):C([H]):C(=O):O:C:3:C:2[H])[C@@]([H])([O:22][S:23])[C@]([H])(O[H])[C@@]1([H])O[H]>>[H][O:22][S:23],EVODEX-P22836
EVODEX-N8960,[H][O:30][H:47]>>[H]OC(=O)[C@@]1([H])O[C@]([H])(OC2:C([H]):C([H]):C3:C(C([H])([H])[H]):C([H]):C(=O):O:C:3:C:2[H])[C@]([H])([O:30][H:47])[C@]([H])(O[H])[C@@]1([H])O[H],EVODEX-P22838
EVODEX-N8961,[H]OC(=O)[C@]1([H])OC([H])(O[C@@]2([H])[C@]([H])(O[H])[C@@]([H])(C([H])=O)O[C@]2([H])C([H])([H])OS(=O)(=O)O[H])[C@]([H])([O:26][S:27])[C@@]([H])(O[H])[C@]1([H])O[H]>>[H][O:26][S:27],EVODEX-P22842
EVODEX-N8962,[H][O:1][H:51]>>[H]OC(=O)[C@]1([H])OC([H])(O[C@@]2([H])[C@]([H])(O[H])[C@@]([H])(C([H])=O)O[C@]2([H])C([H])([H])OS(=O)(=O)O[H])[C@]([H])([O:1][H:51])[C@@]([H])(O[H])[C@]1([H])O[H],EVODEX-P22844
EVODEX-N8963,[H]OC1([H])O[C@]([H])(C([H])([H])[O:11][S:12])[C@@]([H])(O[H])[C@]([H])(O[H])[C@@]1([H])N([H])C(=O)C([H])([H])[H]>>[H][O:11][S:12],EVODEX-P22848
EVODEX-N8964,[H]OC([H])([H])[C@]([H])(O[H])[C@@]([H])(OC1([H])O[C@]([H])(C([H])([H])[O:22][S:23])[C@@]([H])(O[H])[C@]([H])(O[H])[C@@]1([H])N([H])C(=O)C([H])([H])[H])[C@@]([H])(O[H])[C@]([H])(O[H])C([H])([H])O[H]>>[H][O:22][S:23],EVODEX-P22853
EVODEX-N8965,[H][O:31][H:59]>>[H]OC([H])([H])[C@]([H])(O[H])[C@@]([H])(OC1([H])O[C@]([H])(C([H])([H])[O:31][H:59])[C@@]([H])(O[H])[C@]([H])(O[H])[C@@]1([H])N([H])C(=O)C([H])([H])[H])[C@@]([H])(O[H])[C@]([H])(O[H])C([H])([H])O[H],EVODEX-P22855
EVODEX-N8966,[H][O:1][H:35]>>[H]OC1([H])O[C@]([H])(C([H])([H])O[H])[C@@]([H])(O[H])[C@]([H])([O:1][H:35])[C@@]1([H])N([H])S(=O)(=O)O[H],EVODEX-P22860
EVODEX-N8967,[H]OC1([H])O[C@]([H])(C([H])([H])O[H])[C@@]([H])(O[H])[C@]([H])([O:17][S:18])[C@@]1([H])N([H])S(=O)(=O)O[H]>>[H][O:17][S:18],EVODEX-P22862
EVODEX-N8968,[H]OC([H])([H])[C@@]1([H])O[C@]([H])(OC([H])([H])[H])[C@]([H])(N([H])S(=O)(=O)O[H])[C@@]([H])([O:11][S:12])[C@]1([H])O[H]>>[H][O:11][S:12],EVODEX-P22865
EVODEX-N8969,[H][O:22][H:38]>>[H]OC([H])([H])[C@@]1([H])O[C@]([H])(OC([H])([H])[H])[C@]([H])(N([H])S(=O)(=O)O[H])[C@@]([H])([O:22][H:38])[C@]1([H])O[H],EVODEX-P22867
EVODEX-N8970,[H]C([H])([H])[O:2][S:3]>>[H][O:2][S:3],EVODEX-P22871
EVODEX-N8971,[H]OS(=O)(=O)O[C:1]([H:8])([H:9])[H:10].[H][O:7][H:12]>>[C:1]([O:7][H:12])([H:8])([H:9])[H:10],EVODEX-P22872
EVODEX-N8972,[H]OC(=O)[C@@]([H])(C([H])([H])[H])[O:3][S:4]>>[H][O:3][S:4],EVODEX-P22876
EVODEX-N8973,[H]OC(=O)[C@@]([H])(N([H])[H])C([H])([H])[O:4][S:5]>>[H][O:4][S:5],EVODEX-P22881
EVODEX-N8974,[H]OC(=O)[C@@]1([H])O[C@]([H])(OC([H])([H])[C@@]2([H])O[C@]([H])(C([H])([H])OS(=O)(=O)O[H])[C@@]([H])(O[H])[C@]2([H])O[H])[C@]([H])([O:24][S:25])[C@@]([H])(O[H])[C@]1([H])O[H]>>[H][O:24][S:25],EVODEX-P22886
EVODEX-N8975,[H][O:1][H:53]>>[H]OC(=O)[C@@]1([H])O[C@]([H])(OC([H])([H])[C@@]2([H])O[C@]([H])(C([H])([H])OS(=O)(=O)O[H])[C@@]([H])(O[H])[C@]2([H])O[H])[C@]([H])([O:1][H:53])[C@@]([H])(O[H])[C@]1([H])O[H],EVODEX-P22888
EVODEX-N8976,[H]OC(=O)[C@@]1([H])O[C@@]([H])(O[C@@]2([H])[C@]([H])(O[H])[C@@]([H])(N([H])C(=O)C([H])([H])[H])C([H])(O[H])O[C@]2([H])C([H])([H])O[H])[C@]([H])([O:25][S:26])[C@@]([H])(O[H])[C@]1([H])O[H]>>[H][O:25][S:26],EVODEX-P22892
EVODEX-N8977,[H][O:32][H:56]>>[H]OC(=O)[C@@]1([H])OC([H])(O[C@@]2([H])[C@]([H])(O[H])[C@@]([H])(N([H])C(=O)C([H])([H])[H])C([H])(O[H])O[C@]2([H])C([H])([H])O[H])[C@]([H])([O:32][H:56])[C@@]([H])(O[H])[C@]1([H])O[H],EVODEX-P22894
EVODEX-N8978,[H]C([H])([H])C([H])([H])C([H])(C([H])([H])C([H])([H])[H])[O:6][S:7]>>[H][O:6][S:7],EVODEX-P22898
EVODEX-N8979,[H][O:11][H:24]>>[H]C([H])([H])C([H])([H])C([H])(C([H])([H])C([H])([H])[H])[O:11][H:24],EVODEX-P22900
EVODEX-N8980,[H]C([H])([H])C([H])([H])C([H])([H])C([H])(C([H])([H])C([H])([H])C([H])([H])[H])[O:8][S:9]>>[H][O:8][S:9],EVODEX-P22904
EVODEX-N8981,[H][O:13][H:30]>>[H]C([H])([H])C([H])([H])C([H])([H])C([H])(C([H])([H])C([H])([H])C([H])([H])[H])[O:13][H:30],EVODEX-P22906
EVODEX-N8982,[H]C([H])([H])C([H])([H])C([H])([H])C([H])([H])C([H])(C([H])([H])C([H])([H])C([H])([H])[H])[O:9][S:10]>>[H][O:9][S:10],EVODEX-P22910
EVODEX-N8983,[H][O:14][H:33]>>[H]C([H])([H])C([H])([H])C([H])([H])C([H])([H])C([H])(C([H])([H])C([H])([H])C([H])([H])[H])[O:14][H:33],EVODEX-P22912
EVODEX-N8984,[H]C([H])([H])C([H])([H])C([H])([H])C([H])([H])C([H])([H])C([H])([H])[C@@]([H])(C([H])([H])[H])[O:9][S:10]>>[H][O:9][S:10],EVODEX-P22916
EVODEX-N8985,[H][O:14][H:33]>>[H]C([H])([H])C([H])([H])C([H])([H])C([H])([H])C([H])([H])C([H])([H])[C@]([H])(C([H])([H])[H])[O:14][H:33],EVODEX-P22918
EVODEX-N8986,[H]C([H])([H])C([H])([H])C([H])([H])C([H])([H])C([H])([H])C([H])([H])C([H])(C([H])([H])C([H])([H])C([H])([H])C([H])([H])[H])C([H])([H])[O:13][S:14]>>[H][O:13][S:14],EVODEX-P22922
EVODEX-N8987,[H][O:18][H:45]>>[H]C([H])([H])C([H])([H])C([H])([H])C([H])([H])C([H])([H])C([H])([H])C([H])(C([H])([H])C([H])([H])C([H])([H])C([H])([H])[H])C([H])([H])[O:18][H:45],EVODEX-P22924
EVODEX-N8988,[H][O:15][H:28]>>[H]C(=C(C([H])([H])[H])C([H])([H])[H])C([H])([H])[O:15][H:28],EVODEX-P22929
EVODEX-N8989,[H]OC(=O)C([H])([H])[C@@](O[H])(C([H])([H])[H])C([H])([H])C([H])([H])[O:6][P:7]>>[H][O:6][P:7],EVODEX-P22933
EVODEX-N8990,[H][O:15][H:29]>>[H]OC(=O)C([H])([H])[C@@](O[H])(C([H])([H])[H])C([H])([H])C([H])([H])[O:15][H:29],EVODEX-P22935
EVODEX-N8991,[H][O:37][H:55]>>[H]O[C@]1([H])[C@]([H])(OP(=O)(O[H])OP(=O)(O[H])O[H])[C@@]([H])(C([H])([H])[O:37][H:55])O[C@@]1([H])N1:C([H]):N:C2:C(=O):N([H]):C(N([H])[H]):N:C:2:1,EVODEX-P22939
EVODEX-N8992,[H]O[C@]1([H])[C@]([H])(OP(=O)(O[H])OP(=O)(O[H])O[H])[C@@]([H])(C([H])([H])[O:13][H:45])O[C@@]1([H])N1:C([H]):N:C2:C(=O):N([H]):C(N([H])[H]):N:C:2:1>>[H][O:13][H:45],EVODEX-P22943
EVODEX-N8993,[H][O:31][P:30]>>[H]O[C@]1([H])[C@]([H])(OP(=O)(O[H])OP(=O)(O[H])O[H])[C@@]([H])(C([H])([H])[O:31][P:30])O[C@@]1([H])N1:C([H]):N:C2:C(=O):N([H]):C(N([H])[H]):N:C:2:1,EVODEX-P22945
EVODEX-N8994,[H]O[C:12]([C:11])([H:43])[H:44]>>[H]OP(=O)(O[H])OP(=O)(O[H])O[C:12]([C:11])([H:43])[H:44],EVODEX-P22946
EVODEX-N8995,[H]C([H])([H])C1(C([H])([H])[H])C2([H])C([H])([H])C([H])([H])[C@@]1(C([H])([H])[H])C([H])([O:10][P:11])C2([H])[H]>>[H][O:10][P:11],EVODEX-P22949
EVODEX-N8996,[H][O:20][H:41]>>[H]C([H])([H])C1(C([H])([H])[H])C2([H])C([H])([H])C([H])([H])[C@@]1(C([H])([H])[H])[C@]([H])([O:20][H:41])C2([H])[H],EVODEX-P22951
EVODEX-N8997,[H][O:20][H:41]>>[H]C(=C(C([H])([H])[H])C([H])([H])[H])C([H])([H])C([H])([H])/C(=C(/[H])C([H])([H])[O:20][H:41])C([H])([H])[H],EVODEX-P22956
EVODEX-N8998,[H][O:30][H:67]>>[H]C(=C(C([H])([H])[H])C([H])([H])[H])C([H])([H])C([H])([H])/C(=C(\[H])C([H])([H])C([H])([H])/C(=C(\[H])C([H])([H])C([H])([H])/C(=C(\[H])C([H])([H])[O:30][H:67])C([H])([H])[H])C([H])([H])[H])C([H])([H])[H],EVODEX-P22961
EVODEX-N8999,[H][O:25][H:54]>>[H]C(=C(C([H])([H])[H])C([H])([H])[H])C([H])([H])C([H])([H])/C(=C(\[H])C([H])([H])C([H])([H])/C(=C(\[H])C([H])([H])[O:25][H:54])C([H])([H])[H])C([H])([H])[H],EVODEX-P22966
EVODEX-N9000,[H][C:11]([C:10]/[C:9](=[C:7](/[C:6][C:5][C:4](=[C:2]([C:1])[C:3])[H:37])[C:8])[H:45])(/[C:12]([C:13])=[C:14](/[C:15])[H:53])[H:48].[O:21][P:22](=[O:23])([O:24])[O:25].[H][O:30][H:67]>>[H][C:4]1([H:37])[C:2]([C:1])([C:3])[C@@:9]2([H:45])[C@:7]([C:8])([C:6][C:5]1)[C@:14]([C:15])([H:53])[C:12]([C:13])=[C:11]([H:48])[C:10]2.[H][O:21].[P:22](=[O:23])([O:24])([O:25])[O:30][H:67],EVODEX-P22969
EVODEX-N9001,[H]C(=C(C([H])([H])[H])C([H])([H])[H])C([H])([H])C([H])([H])/C(=C(\[H])C([H])([H])C([H])([H])/C(=C(\[H])C([H])([H])C([H])([H])/C(=C(\[H])C([H])([H])O[P:22](=[O:23])([O:24])[O:25])C([H])([H])[H])C([H])([H])[H])C([H])([H])[H].[H][O:30][H:67]>>[P:22](=[O:23])([O:24])([O:25])[O:30][H:67],EVODEX-P22970
EVODEX-N9002,[H][O:30][H:67]>>[H]OP(=O)(O[H])OP(=O)(O[H])[O:30][H:67],EVODEX-P22971
EVODEX-N9003,[H]OP(=O)(O[H])OP(=O)(O[H])[O:21][C:20].[H][C:11]([C:10]/[C:9](=[C:7](/[C:6][C:5][C:4](=[C:2]([C:1])[C:3])[H:37])[C:8])[H:45])(/[C:12]([C:13])=[C:14](/[C:15])[H:53])[H:48]>>[H][C:4]1([H:37])[C:2]([C:1])([C:3])[C@@:9]2([H:45])[C@:7]([C:8])([C:6][C:5]1)[C@:14]([C:15])([H:53])[C:12]([C:13])=[C:11]([H:48])[C:10]2.[H][O:21][C:20],EVODEX-P22972
EVODEX-N9004,[H][C:11]([C:10]/[C:9](=[C:7](/[C:6][C:5][C:4](=[C:2]([C:1])[C:3])[H:37])[C:8])[H:45])(/[C:12]([C:13])=[C:14](/[C:15])[H:53])[H:48]>>[H].[H][C:4]1([H:37])[C:2]([C:1])([C:3])[C@@:9]2([H:45])[C@:7]([C:8])([C:6][C:5]1)[C@:14]([C:15])([H:53])[C:12]([C:13])=[C:11]([H:48])[C:10]2.[H]O,"EVODEX-P22973,EVODEX-P31126"
EVODEX-N9005,[C:10]/[C:11]([C:12])=[C:13](/[C:14]([O:15])([H:51])[H:52])[H:50].[H][O:30][H:67]>>[C:10][C:11]([C:12])([C:13](=[C:14]([H:51])[H:52])[H:50])[O:30][H:67].[H][O:15],"EVODEX-P22974,EVODEX-P30921,EVODEX-P30925,EVODEX-P31079,EVODEX-P31084,EVODEX-P31089"
EVODEX-N9006,[H]C1=C(C([H])([H])[H])[C@@]2(C([H])([H])[H])C([H])([H])C([H])([H])[C@]([H])(C([H])([H])[H])[C@@](C([H])([H])[H])(C([H])([H])C([H])([H])/C(=C(\[H])C([H])([H])[O:15][P:16])C([H])([H])[H])[C@]2([H])C([H])([H])C1([H])[H]>>[H][O:15][P:16],EVODEX-P22975
EVODEX-N9007,[H]OP(=O)(O[H])OP(=O)(O[H])O[C:14](/[C:13](=[C:11](/[C:10])[C:12])[H:50])([H:51])[H:52].[H][O:30][H:67]>>[C:10][C:11]([C:12])([C:13](=[C:14]([H:51])[H:52])[H:50])[O:30][H:67],"EVODEX-P22976,EVODEX-P30922,EVODEX-P30926,EVODEX-P31080,EVODEX-P31085,EVODEX-P31090"
EVODEX-N9008,[H][O:30][H:67]>>[H]C([H])=C([H])C(C([H])([H])[H])(C([H])([H])C([H])([H])[C@]1(C([H])([H])[H])[C@@]([H])(C([H])([H])[H])C([H])([H])C([H])([H])[C@]2(C([H])([H])[H])C(C([H])([H])[H])=C([H])C([H])([H])C([H])([H])[C@]21[H])[O:30][H:67],EVODEX-P22977
EVODEX-N9009,[H]OP(=O)(O[H])OP(=O)(O[H])O[C:14](/[C:13](=[C:11](/[C:10])[C:12])[H:50])([H:51])[H:52]>>[H]O[C:11]([C:10])([C:12])[C:13](=[C:14]([H:51])[H:52])[H:50],"EVODEX-P22978,EVODEX-P30923,EVODEX-P30928,EVODEX-P31082,EVODEX-P31087,EVODEX-P31092"
EVODEX-N9010,[C:10]/[C:11]([C:12])=[C:13](/[C:14]([O:15])([H:51])[H:52])[H:50]>>[H]O[C:11]([C:10])([C:12])[C:13](=[C:14]([H:51])[H:52])[H:50].[H][O:15],"EVODEX-P22979,EVODEX-P30924,EVODEX-P30929,EVODEX-P31083,EVODEX-P31088,EVODEX-P31093"
EVODEX-N9011,[H]C([H])([H])C([H])([H])[O:3][P:4]>>[H][O:3][P:4],"EVODEX-P22981,EVODEX-P23007"
EVODEX-N9012,[H]C([H])([H])N(C([H])([H])[H])P(=O)(C#N)O[C:2]([C:1])([H:15])[H:16].[H][O:11][H:23]>>[C:1][C:2]([O:11][H:23])([H:15])[H:16],EVODEX-P22982
EVODEX-N9013,[H]C([H])([H])N(C([H])([H])[H])P(=O)(C#N)O[C:2]([C:1])([H:15])[H:16]>>[H]O[C:2]([C:1])([H:15])[H:16],EVODEX-P22983
EVODEX-N9014,[O:3][P:4](=[O:5])([F:6])[O:7].[H][O:10][H:21]>>[O:3][P:4](=[O:5])([O:7])[O:10][H:21].[H][F:6],"EVODEX-P22985,EVODEX-P22991,EVODEX-P28922"
EVODEX-N9015,[H]C([H])([H])C([H])([H])OP(=O)(OC([H])([H])C([H])([H])[H])[F:6]>>[H][F:6],EVODEX-P22986
EVODEX-N9016,F[P:4]([O:3])(=[O:5])[O:7].[H][O:10][H:21]>>[O:3][P:4](=[O:5])([O:7])[O:10][H:21],"EVODEX-P22987,EVODEX-P22993,EVODEX-P28923"
EVODEX-N9017,[H][O:10][H:21]>>[H]C([H])([H])C([H])([H])OP(=O)(OC([H])([H])C([H])([H])[H])[O:10][H:21],EVODEX-P22988
EVODEX-N9018,F[P:4]([O:3])(=[O:5])[O:7]>>[H]O[P:4]([O:3])(=[O:5])[O:7],"EVODEX-P22989,EVODEX-P22995,EVODEX-P28924"
EVODEX-N9019,[H]C([H])([H])C([H])(OP(=O)(OC([H])(C([H])([H])[H])C([H])([H])[H])[F:7])C([H])([H])[H]>>[H][F:7],EVODEX-P22992
EVODEX-N9020,[H][O:12][H:27]>>[H]C([H])([H])C([H])(OP(=O)(OC([H])(C([H])([H])[H])C([H])([H])[H])[O:12][H:27])C([H])([H])[H],EVODEX-P22994
EVODEX-N9021,[O:9][C:10](:[N:11]):[C:17].[H][O:19][H:31]>>[H][O:9].[C:10](:[N:11])(:[C:17])[O:19][H:31],EVODEX-P22997
EVODEX-N9022,[H]C([H])([H])C([H])([H])OP(=O)(OC([H])([H])C([H])([H])[H])O[C:10](:[N:11]):[C:17].[H][O:19][H:31]>>[C:10](:[N:11])(:[C:17])[O:19][H:31],EVODEX-P22998
EVODEX-N9023,[H][O:19][H:31]>>[H]C1:C(Cl):C(Cl):N:C([O:19][H:31]):C:1Cl,EVODEX-P22999
EVODEX-N9024,[H]C([H])([H])C([H])([H])OP(=O)(OC([H])([H])C([H])([H])[H])O[C:10](:[N:11]):[C:17]>>[H]O[C:10](:[N:11]):[C:17],EVODEX-P23000
EVODEX-N9025,[H]C1:C(Cl):C(Cl):N:C([O:9][P:4]):C:1Cl>>[H][O:9][P:4],EVODEX-P23001
EVODEX-N9026,[H]O[C@@]1([H])[C@@]([H])(O[H])[C@]([H])(N2:C([H]):N:C3:C(N([H])[H]):N:C([H]):N:C:3:2)O[C@]1([H])C([H])([H])OP(=O)(O[H])OP(=O)(O[H])[O:22][H:42]>>[H][O:22][H:42],EVODEX-P23004
EVODEX-N9027,[H]O[C@@]1([H])[C@@]([H])(O[H])[C@]([H])(N2:C([H]):N:C3:C(N([H])[H]):N:C([H]):N:C:3:2)O[C@]1([H])C([H])([H])OP(=O)(O[H])O[C:2]([C:1])([H:30])[H:31].[H][O:26][H:45]>>[C:1][C:2]([O:26][H:45])([H:30])[H:31],EVODEX-P23008
EVODEX-N9028,[H]O[C@@]1([H])[C@@]([H])(O[H])[C@]([H])(N2:C([H]):N:C3:C(N([H])[H]):N:C([H]):N:C:3:2)O[C@]1([H])C([H])([H])OP(=O)(O[H])O[C:2]([C:1])([H:30])[H:31]>>[H]O[C:2]([C:1])([H:30])[H:31],EVODEX-P23009
EVODEX-N9029,[H]O[C@@]1([H])C([H])([H])[C@@](N2:C([H]):C(C([H])([H])[H]):C(=O):N([H]):C:2=O)([C:6](:[C:7]):[C:14])O[C@]1([H])C([H])([H])OP(=O)(O[H])O[H].[H][O:31][H:50]>>[C:6](:[C:7])(:[C:14])[O:31][H:50],EVODEX-P23012
EVODEX-N9030,[H]O[C@@]1([H])C([H])([H])[C@@](N2:C([H]):C(C([H])([H])[H]):C(=O):N([H]):C:2=O)([C:6](:[C:7]):[C:14])O[C@]1([H])C([H])([H])OP(=O)(O[H])O[H]>>[H]O[C:6](:[C:7]):[C:14],EVODEX-P23013
EVODEX-N9031,[H]OC([H])([H])[C@@]1([H])O[C@@]([H])(N2:C([H]):C(C([H])([H])[H]):C(=O):N([H]):C:2=O)C([H])([H])[C@]1([H])OP(=O)(O[H])O[C:13](:[C:14]):[C:21].[H][O:34][H:52]>>[C:13](:[C:14])(:[C:21])[O:34][H:52],EVODEX-P23017
EVODEX-N9032,[H]OC([H])([H])[C@@]1([H])O[C@@]([H])(N2:C([H]):C(C([H])([H])[H]):C(=O):N([H]):C:2=O)C([H])([H])[C@]1([H])OP(=O)(O[H])O[C:13](:[C:14]):[C:21]>>[H]O[C:13](:[C:14]):[C:21],EVODEX-P23019
EVODEX-N9033,[H]OC([H])([H])[C@@]1([H])O[C@@]([H])(N2:C([H]):C(C([H])([H])[H]):C(=O):N([H]):C:2=O)[C@]([H])(O[H])[C@]1([H])OP(=O)(O[H])O[C:16](:[C:17]):[C:24].[H][O:32][H:51]>>[C:16](:[C:17])(:[C:24])[O:32][H:51],EVODEX-P23023
EVODEX-N9034,[H]OC([H])([H])[C@@]1([H])O[C@@]([H])(N2:C([H]):C(C([H])([H])[H]):C(=O):N([H]):C:2=O)[C@]([H])(O[H])[C@]1([H])OP(=O)(O[H])O[C:16](:[C:17]):[C:24]>>[H]O[C:16](:[C:17]):[C:24],EVODEX-P23024
EVODEX-N9035,[H]OC([H])([H])[C@@]1([H])O[C@@]([H])(N2:C([H]):N:C3:C(N([H])[H]):N:C([H]):N:C:3:2)C([H])([H])[C@]1([H])[O:36][P:33]>>[H][O:36][P:33],EVODEX-P23028
EVODEX-N9036,[#85]-[#6](-[#85])(-[#85])-[#6]1:[#6](-[#85]):[#7](-[#6@@]2(-[#85])-[#6](-[#85])(-[#85])-[#6@](-[#85])(-[#8]-[#85])-[#6@@](-[#85])(-[#6](-[#85])(-[#85])-[#8]-[#15](=[#8])(-[#8]-[#85])-[#8]-[#6@@]3(-[#85])-[#6](-[#85])(-[#85])-[#6@](-[#85])(-[#7]4:[#6](-[#85]):[#7]:[#6]5:[#6](-[#7](-[#85])-[#85]):[#7]:[#6](-[#85]):[#7]:[#6]:4:5)-[#8]-[#6@]-3(-[#85])-[#6](-[#85])(-[#85])-[#8]-[#15](=[#8])(-[#8]-[#85])-[#8]-[#6@@:37](-[#85:90])(-[#6:38])-[#6@:51])-[#8]-2):[#6](-[#8]-[#15&+](-[#8]-[#85])(-[#8]-[#85])-[#8]-[#85]):[#7]:[#6]:1=[#8].[#85:105]-[#8:64]-[#85]>>[#85:90]-[#6@:37](-[#8:64]-[#85:105])(-[#6:38])-[#6@:51],EVODEX-P23029
EVODEX-N9037,[H][O:64][H:105]>>[H]OC([H])([H])[C@@]1([H])O[C@@]([H])(N2:C([H]):N:C3:C(N([H])[H]):N:C([H]):N:C:3:2)C([H])([H])[C@]1([H])[O:64][H:105],EVODEX-P23030
EVODEX-N9038,[#85]-[#6](-[#85])(-[#85])-[#6]1:[#6](-[#85]):[#7](-[#6@@]2(-[#85])-[#6](-[#85])(-[#85])-[#6@](-[#85])(-[#8]-[#85])-[#6@@](-[#85])(-[#6](-[#85])(-[#85])-[#8]-[#15](=[#8])(-[#8]-[#85])-[#8]-[#6@@]3(-[#85])-[#6](-[#85])(-[#85])-[#6@](-[#85])(-[#7]4:[#6](-[#85]):[#7]:[#6]5:[#6](-[#7](-[#85])-[#85]):[#7]:[#6](-[#85]):[#7]:[#6]:4:5)-[#8]-[#6@]-3(-[#85])-[#6](-[#85])(-[#85])-[#8]-[#15](=[#8])(-[#8]-[#85])-[#8]-[#6@@:37](-[#85:90])(-[#6:38])-[#6@:51])-[#8]-2):[#6](-[#8]-[#15&+](-[#8]-[#85])(-[#8]-[#85])-[#8]-[#85]):[#7]:[#6]:1=[#8]>>[#85:90]-[#6@:37](-[#8]-[#85])(-[#6:38])-[#6@:51],EVODEX-P23031
EVODEX-N9039,[H]OC([H])([H])[C@@]1([H])O[C@@]([H])(N2:C([H]):C([H]):C(N([H])[H]):N:C:2=O)[C@]([H])(O[H])[C@]1([H])[O:14][P:11]>>[H][O:14][P:11],EVODEX-P23039
EVODEX-N9040,[H]O[C@@]1([H])[C@@]([H])(O[H])[C@]([H])(N2:C([H]):C([H]):C(N([H])[H]):N:C:2=O)O[C@]1([H])C([H])([H])OP(=O)(O[H])O[C@@:15]([C:16])([C:28])[H:48].[H][O:38][H:64]>>[C@@:15]([C:16])([C:28])([O:38][H:64])[H:48],EVODEX-P23040
EVODEX-N9041,[H][O:38][H:64]>>[H]OC([H])([H])[C@@]1([H])O[C@@]([H])(N2:C([H]):C([H]):C(N([H])[H]):N:C:2=O)[C@]([H])(O[H])[C@]1([H])[O:38][H:64],EVODEX-P23041
EVODEX-N9042,[H]O[C@@]1([H])[C@@]([H])(O[H])[C@]([H])(N2:C([H]):C([H]):C(N([H])[H]):N:C:2=O)O[C@]1([H])C([H])([H])OP(=O)(O[H])O[C@@:15]([C:16])([C:28])[H:48]>>[H]O[C@@:15]([C:16])([C:28])[H:48],EVODEX-P23042
EVODEX-N9043,[H]N=C1:N:C2:C(:N:C([H]):N:2[C@]2([H])O[C@]([H])(C([H])([H])O[H])[C@@]([H])([O:17][P:18])[C@@]2([H])O[H]):C([H]):N:1[H]>>[H][O:17][P:18],EVODEX-P23045
EVODEX-N9044,[H]N=C1:N([H]):C(=O):C2:N:C([H]):N([C@]3([H])O[C@]([H])(C([H])([H])OP(=O)(O[H])O[C@:16]([C:13])([C:41])[H:53])[C@@]([H])(O[H])[C@@]3([H])O[H]):C:2:N:1[H].[H][O:43][H:69]>>[C:13][C@:16]([C:41])([O:43][H:69])[H:53],"EVODEX-P23046,EVODEX-P23057"
EVODEX-N9045,[H][O:43][H:69]>>[H]N=C1:N:C2:C(:N:C([H]):N:2[C@]2([H])O[C@]([H])(C([H])([H])O[H])[C@@]([H])([O:43][H:69])[C@@]2([H])O[H]):C([H]):N:1[H],EVODEX-P23047
EVODEX-N9046,[H]N=C1:N([H]):C(=O):C2:N:C([H]):N([C@]3([H])O[C@]([H])(C([H])([H])OP(=O)(O[H])O[C@:16]([C:13])([C:41])[H:53])[C@@]([H])(O[H])[C@@]3([H])O[H]):C:2:N:1[H]>>[H]O[C@:16]([C:13])([C:41])[H:53],"EVODEX-P23048,EVODEX-P23059"
EVODEX-N9047,[H]O[C@@]1([H])C([H])([H])[C@]([H])(N2:C([H]):C(C([H])([H])[H]):C(=O):N([H]):C:2=O)O[C@]1([H])C([H])([H])OP(=O)(O[H])O[C:16](:[C:17]):[C:24].[H][O:31][H:50]>>[C:16](:[C:17])(:[C:24])[O:31][H:50],EVODEX-P23051
EVODEX-N9048,[H]O[C@@]1([H])C([H])([H])[C@]([H])(N2:C([H]):C(C([H])([H])[H]):C(=O):N([H]):C:2=O)O[C@]1([H])C([H])([H])OP(=O)(O[H])O[C:16](:[C:17]):[C:24]>>[H]O[C:16](:[C:17]):[C:24],EVODEX-P23052
EVODEX-N9049,[H]N=C1:N([H]):C(=O):C2:N:C([H]):N([C@]3([H])O[C@]([H])(C([H])([H])OP(=O)(O[H])O[C@@]4([H])[C@@]([H])(O[H])[C@]([H])(N5:C([H]):N:C6:C(N([H])[H]):N:C([H]):N:C:6:5)O[C@]4([H])C([H])([H])OP(=O)(O[H])O[C@@]4([H])[C@@]([H])(O[H])[C@]([H])(N5:C([H]):C([H]):C(N([H])[H]):N:C:5=O)O[C@]4([H])C([H])([H])OP(=O)(O[H])O[C@@]4([H])[C@@]([H])(O[H])[C@]([H])(N5:C([H]):N:C6:C(N([H])[H]):N:C([H]):N:C:6:5)O[C@]4([H])C([H])([H])OP(=O)(O[H])O[C@@]4([H])[C@@]([H])(O[H])[C@]([H])(N5:C([H]):N:C6:C(=O):N([H]):C(=N[H]):N([H]):C:6:5)O[C@]4([H])C([H])([H])OP(=O)(O[H])O[C@@]4([H])[C@@]([H])(O[H])[C@]([H])(N5:C([H]):N:C6:C(N([H])[H]):N:C([H]):N:C:6:5)O[C@]4([H])C([H])([H])OP(=O)(O[H])O[C@@]4([H])[C@@]([H])(O[H])[C@]([H])(N5:C([H]):N:C6:C(=O):N([H]):C(=N[H]):N([H]):C:6:5)O[C@]4([H])C([H])([H])O[H])[C@@]([H])(OP(=O)(O[H])OC([H])([H])[C@@]4([H])O[C@@]([H])(N5:C([H]):C([H]):C(=O):N([H]):C:5=O)[C@]([H])(O[H])[C@]4([H])OP(=O)(O[H])OC([H])([H])[C@@]4([H])O[C@@]([H])(N5:C([H]):N:C6:C(N([H])[H]):N:C([H]):N:C:6:5)[C@]([H])(O[H])[C@]4([H])OP(=O)(O[H])OC([H])([H])[C@@]4([H])O[C@@]([H])(N5:C([H]):C([H]):C(=O):N([H]):C:5=O)[C@]([H])(O[H])[C@]4([H])OP(=O)(O[H])OC([H])([H])[C@@]4([H])O[C@@]([H])(N5:C([H]):C([H]):C(=O):N([H]):C:5=O)[C@]([H])(O[H])[C@]4([H])OP(=O)(O[H])OC([H])([H])[C@@]4([H])O[C@@]([H])(N5:C([H]):C([H]):C(=O):N([H]):C:5=O)[C@]([H])(O[H])[C@]4([H])[O:18][P:15])[C@@]3([H])O[H]):C:2:N:1[H]>>[H][O:18][P:15],EVODEX-P23056
EVODEX-N9050,[H][O:278][H:432]>>[H]N=C1:N([H]):C(=O):C2:N:C([H]):N([C@]3([H])O[C@]([H])(C([H])([H])OP(=O)(O[H])O[C@@]4([H])[C@@]([H])(O[H])[C@]([H])(N5:C([H]):N:C6:C(N([H])[H]):N:C([H]):N:C:6:5)O[C@]4([H])C([H])([H])OP(=O)(O[H])O[C@@]4([H])[C@@]([H])(O[H])[C@]([H])(N5:C([H]):C([H]):C(N([H])[H]):N:C:5=O)O[C@]4([H])C([H])([H])OP(=O)(O[H])O[C@@]4([H])[C@@]([H])(O[H])[C@]([H])(N5:C([H]):N:C6:C(N([H])[H]):N:C([H]):N:C:6:5)O[C@]4([H])C([H])([H])OP(=O)(O[H])O[C@@]4([H])[C@@]([H])(O[H])[C@]([H])(N5:C([H]):N:C6:C(=O):N([H]):C(=N[H]):N([H]):C:6:5)O[C@]4([H])C([H])([H])OP(=O)(O[H])O[C@@]4([H])[C@@]([H])(O[H])[C@]([H])(N5:C([H]):N:C6:C(N([H])[H]):N:C([H]):N:C:6:5)O[C@]4([H])C([H])([H])OP(=O)(O[H])O[C@@]4([H])[C@@]([H])(O[H])[C@]([H])(N5:C([H]):N:C6:C(=O):N([H]):C(=N[H]):N([H]):C:6:5)O[C@]4([H])C([H])([H])O[H])[C@@]([H])(OP(=O)(O[H])OC([H])([H])[C@@]4([H])O[C@@]([H])(N5:C([H]):C([H]):C(=O):N([H]):C:5=O)[C@]([H])(O[H])[C@]4([H])OP(=O)(O[H])OC([H])([H])[C@@]4([H])O[C@@]([H])(N5:C([H]):N:C6:C(N([H])[H]):N:C([H]):N:C:6:5)[C@]([H])(O[H])[C@]4([H])OP(=O)(O[H])OC([H])([H])[C@@]4([H])O[C@@]([H])(N5:C([H]):C([H]):C(=O):N([H]):C:5=O)[C@]([H])(O[H])[C@]4([H])OP(=O)(O[H])OC([H])([H])[C@@]4([H])O[C@@]([H])(N5:C([H]):C([H]):C(=O):N([H]):C:5=O)[C@]([H])(O[H])[C@]4([H])OP(=O)(O[H])OC([H])([H])[C@@]4([H])O[C@@]([H])(N5:C([H]):C([H]):C(=O):N([H]):C:5=O)[C@]([H])(O[H])[C@]4([H])[O:278][H:432])[C@@]3([H])O[H]):C:2:N:1[H],EVODEX-P23058
EVODEX-N9051,[H]N=C1:N([H]):C(=O):C2:N:C([H]):N([C@]3([H])O[C@]([H])(C([H])([H])OP(=O)(O[H])O[C@@]4([H])[C@@]([H])(O[H])[C@]([H])(N5:C([H]):N:C6:C(=O):N([H]):C(=N[H]):N([H]):C:6:5)O[C@]4([H])C([H])([H])OP(=O)(O[H])O[C@@]4([H])[C@@]([H])(O[H])[C@]([H])(N5:C([H]):N:C6:C(=O):N([H]):C(=N[H]):N([H]):C:6:5)O[C@]4([H])C([H])([H])OP(=O)(O[H])O[H])[C@@]([H])(OP(=O)(O[H])OC([H])([H])[C@@]4([H])O[C@@]([H])(N5:C([H]):N:C6:C(N([H])[H]):N:C([H]):N:C:6:5)[C@]([H])(O[H])[C@]4([H])OP(=O)(O[H])OC([H])([H])[C@@]4([H])O[C@@]([H])(N5:C([H]):C([H]):C(N([H])[H]):N:C:5=O)[C@]([H])(O[H])[C@]4([H])OP(=O)(O[H])OC([H])([H])[C@@]4([H])O[C@@]([H])(N5:C([H]):N:C6:C(N([H])[H]):N:C([H]):N:C:6:5)[C@]([H])(O[H])[C@]4([H])OP(=O)(O[H])OC([H])([H])[C@@]4([H])O[C@@]([H])(N5:C([H]):N:C6:C(=O):N([H]):C(=N[H]):N([H]):C:6:5)[C@]([H])(O[H])[C@]4([H])OP(=O)(O[H])OC([H])([H])[C@@]4([H])O[C@@]([H])(N5:C([H]):C([H]):C(=O):N([H]):C:5=O)[C@]([H])(O[H])[C@]4([H])[O:100][P:97])[C@@]3([H])O[H]):C:2:N:1[H]>>[H][O:100][P:97],EVODEX-P23062
EVODEX-N9052,[H]N=C1:N([H]):C(=O):C2:N:C([H]):N([C@]3([H])O[C@]([H])(C([H])([H])OP(=O)(O[H])O[C@@]4([H])[C@@]([H])(O[H])[C@]([H])(N5:C([H]):C([H]):C(=O):N([H]):C:5=O)O[C@]4([H])C([H])([H])OP(=O)(O[H])O[C@@]4([H])[C@@]([H])(O[H])[C@]([H])(N5:C([H]):C([H]):C(=O):N([H]):C:5=O)O[C@]4([H])C([H])([H])OP(=O)(O[H])O[C@@]4([H])[C@@]([H])(O[H])[C@]([H])(N5:C([H]):C([H]):C(=O):N([H]):C:5=O)O[C@]4([H])C([H])([H])OP(=O)(O[H])O[C@@]4([H])[C@@]([H])(O[H])[C@]([H])(N5:C([H]):N:C6:C(N([H])[H]):N:C([H]):N:C:6:5)O[C@]4([H])C([H])([H])OP(=O)(O[H])O[C@@:101]([C:102])([C:114])[H:337])[C@@]([H])(O[H])[C@@]3([H])O[H]):C:2:N:1[H].[H][O:283][H:438]>>[C@@:101]([C:102])([C:114])([O:283][H:438])[H:337],EVODEX-P23063
EVODEX-N9053,[H][O:283][H:438]>>[H]N=C1:N([H]):C(=O):C2:N:C([H]):N([C@]3([H])O[C@]([H])(C([H])([H])OP(=O)(O[H])O[C@@]4([H])[C@@]([H])(O[H])[C@]([H])(N5:C([H]):N:C6:C(=O):N([H]):C(=N[H]):N([H]):C:6:5)O[C@]4([H])C([H])([H])OP(=O)(O[H])O[C@@]4([H])[C@@]([H])(O[H])[C@]([H])(N5:C([H]):N:C6:C(=O):N([H]):C(=N[H]):N([H]):C:6:5)O[C@]4([H])C([H])([H])OP(=O)(O[H])O[H])[C@@]([H])(OP(=O)(O[H])OC([H])([H])[C@@]4([H])O[C@@]([H])(N5:C([H]):N:C6:C(N([H])[H]):N:C([H]):N:C:6:5)[C@]([H])(O[H])[C@]4([H])OP(=O)(O[H])OC([H])([H])[C@@]4([H])O[C@@]([H])(N5:C([H]):C([H]):C(N([H])[H]):N:C:5=O)[C@]([H])(O[H])[C@]4([H])OP(=O)(O[H])OC([H])([H])[C@@]4([H])O[C@@]([H])(N5:C([H]):N:C6:C(N([H])[H]):N:C([H]):N:C:6:5)[C@]([H])(O[H])[C@]4([H])OP(=O)(O[H])OC([H])([H])[C@@]4([H])O[C@@]([H])(N5:C([H]):N:C6:C(=O):N([H]):C(=N[H]):N([H]):C:6:5)[C@]([H])(O[H])[C@]4([H])OP(=O)(O[H])OC([H])([H])[C@@]4([H])O[C@@]([H])(N5:C([H]):C([H]):C(=O):N([H]):C:5=O)[C@]([H])(O[H])[C@]4([H])[O:283][H:438])[C@@]3([H])O[H]):C:2:N:1[H],EVODEX-P23064
EVODEX-N9054,[H]N=C1:N([H]):C(=O):C2:N:C([H]):N([C@]3([H])O[C@]([H])(C([H])([H])OP(=O)(O[H])O[C@@]4([H])[C@@]([H])(O[H])[C@]([H])(N5:C([H]):C([H]):C(=O):N([H]):C:5=O)O[C@]4([H])C([H])([H])OP(=O)(O[H])O[C@@]4([H])[C@@]([H])(O[H])[C@]([H])(N5:C([H]):C([H]):C(=O):N([H]):C:5=O)O[C@]4([H])C([H])([H])OP(=O)(O[H])O[C@@]4([H])[C@@]([H])(O[H])[C@]([H])(N5:C([H]):C([H]):C(=O):N([H]):C:5=O)O[C@]4([H])C([H])([H])OP(=O)(O[H])O[C@@]4([H])[C@@]([H])(O[H])[C@]([H])(N5:C([H]):N:C6:C(N([H])[H]):N:C([H]):N:C:6:5)O[C@]4([H])C([H])([H])OP(=O)(O[H])O[C@@:101]([C:102])([C:114])[H:337])[C@@]([H])(O[H])[C@@]3([H])O[H]):C:2:N:1[H]>>[H]O[C@@:101]([C:102])([C:114])[H:337],EVODEX-P23065
EVODEX-N9055,[H]OC([H])([H])[C@@]1([H])O[C@@]([H])(N2:C([H]):C(C([H])([H])[H]):C(=O):N([H]):C:2=O)C([H])([H])[C@]1([H])[O:8][P:9]>>[H][O:8][P:9],EVODEX-P23068
EVODEX-N9056,[H][O:1][H:47].[H]OC([H])([H])[C@@]1([H])O[C@]([H])(O[H])[C@]([H])(O[H])[C@@]([H])(O[H])[C@]1([H])O[C@:20]([C:18])([O:33])[H:65]>>[O:1]([C@@:20]([C:18])([O:33])[H:65])[H:47],"EVODEX-P23074,EVODEX-P23373,EVODEX-P23435,EVODEX-P23486,EVODEX-P23576,EVODEX-P23669"
EVODEX-N9057,[H]OC([H])([H])[C@@]1([H])O[C@]([H])(O[H])[C@]([H])(O[H])[C@@]([H])(O[H])[C@]1([H])O[C@@]1([H])O[C@]([H])(C([H])([H])O[H])[C@@]([H])(O[C@:13]([C:11])([O:37])[H:59])[C@]([H])(O[H])[C@@]1([H])O[H]>>[H]O[C@:13]([C:11])([O:37])[H:59],"EVODEX-P23077,EVODEX-P23369,EVODEX-P23385,EVODEX-P23808"
EVODEX-N9058,[H]OC([H])([H])[C@@]1([H])O[C@]([H])(O[C@@]2([H])[C@]([H])(O[H])[C@@]([H])(O[H])[C@@]([H])(O[C@@]3([H])[C@]([H])(O[H])[C@@]([H])(O[H])[C@@]([H])(O[C@@]4([H])[C@]([H])(O[H])[C@@]([H])(O[H])[C@@]([H])(O[C@@]5([H])[C@]([H])(O[H])[C@@]([H])(O[H])[C@@]([H])(O[C:8](:[C:7]):[C:65])O[C@]5([H])C([H])([H])O[H])O[C@]4([H])C([H])([H])O[H])O[C@]3([H])C([H])([H])O[H])O[C@]2([H])C([H])([H])O[H])[C@]([H])(O[H])[C@@]([H])(O[H])[C@]1([H])O[H].[H][O:1][H:122]>>[O:1]([C:8](:[C:7]):[C:65])[H:122],EVODEX-P23080
EVODEX-N9059,[H]OC([H])([H])[C@@]1([H])O[C@]([H])(O[C@@]2([H])[C@]([H])(O[H])[C@@]([H])(O[H])[C@@]([H])(O[C@@]3([H])[C@]([H])(O[H])[C@@]([H])(O[H])[C@@]([H])(O[C@@]4([H])[C@]([H])(O[H])[C@@]([H])(O[H])[C@@]([H])(O[C@@]5([H])[C@]([H])(O[H])[C@@]([H])(O[H])[C@@]([H])(O[C:8](:[C:7]):[C:65])O[C@]5([H])C([H])([H])O[H])O[C@]4([H])C([H])([H])O[H])O[C@]3([H])C([H])([H])O[H])O[C@]2([H])C([H])([H])O[H])[C@]([H])(O[H])[C@@]([H])(O[H])[C@]1([H])O[H]>>[H]O[C:8](:[C:7]):[C:65],EVODEX-P23081
EVODEX-N9060,[H][O:1][H:47].[O:29][C@@:30]([O:31][C:32])([C:39])[H:74].[O:5][C@:6]([O:7])([C:41])[H:53]>>[H][O:7].[O:1]([C@:30]([O:29])([C:39])[H:74])[H:47].[O:5][C@:6]([O:31][C:32])([C:41])[H:53],EVODEX-P23083
EVODEX-N9061,[C:30][O:31][C:32].[O:5][C@:6]([O:7])([C:41])[H:53]>>[H]O[C:30].[H][O:7].[O:5][C@:6]([O:31][C:32])([C:41])[H:53],EVODEX-P23084
EVODEX-N9062,[H][O:1][H:47]>>[H]OC([H])([H])[C@@]([H])(O[C@@]1([H])O[C@]([H])(C([H])([H])O[H])[C@@]([H])(O[H])[C@]([H])(O[H])[C@@]1([H])O[H])[C@@]([H])(O[H])[C@]([H])(O[H])[C@@]([H])(O[H])[C@@]([H])(O[C@@]1([H])[C@]([H])(O[H])[C@@]([H])(O[H])[C@@]([H])(O[C@@]2([H])[C@]([H])(O[H])[C@@]([H])(O[H])[C@@]([H])(O[H])O[C@]2([H])C([H])([H])O[H])O[C@]1([H])C([H])([H])O[H])[O:1][H:47],EVODEX-P23085
EVODEX-N9063,[H][O:1][H:37].[H][O:2][H:39].[O:14][C@:15]([O:16])([C:35])[H:52].[O:21][C@:22]([O:23])([C:31])[H:58]>>[O:1]([C@@:22]([O:23])([C:31])[H:58])[H:37].[H][O:21].[O:2]([C@@:15]([O:16])([C:35])[H:52])[H:39].[H][O:14],"EVODEX-P23086,EVODEX-P23106,EVODEX-P23557"
EVODEX-N9064,[H]OC([H])([H])[C@@]1([H])O[C@@]([H])([O:21][C:20])[C@]([H])(O[H])[C@@]([H])(O[H])[C@]1([H])O[H]>>[H]O.[H][O:21][C:20].[H],"EVODEX-P23087,EVODEX-P23109"
EVODEX-N9065,[H]C1:C([O:10][C:11]):C([H]):C2:O:C(=O):C([H]):C(C([H])([H])[H]):C:2:C:1[H]>>[H][O:10][C:11],"EVODEX-P23091,EVODEX-P23210,EVODEX-P23440,EVODEX-P23445,EVODEX-P23531,EVODEX-P23854,EVODEX-P23953,EVODEX-P24129"
EVODEX-N9066,[H]OC([H])([H])[C@@]1([H])O[C@@]([H])(O[C:9](:[C:8]):[C:33])[C@]([H])(O[H])[C@@]([H])(O[H])[C@]1([H])O[C@]1([H])O[C@]([H])(C([H])([H])O[H])[C@]([H])(O[H])[C@]([H])(O[H])[C@@]1([H])O[H].[H][O:36][H:65]>>[C:8]:[C:9](:[C:33])[O:36][H:65],"EVODEX-P23092,EVODEX-P23715"
EVODEX-N9067,[H]OC([H])([H])[C@@]1([H])O[C@@]([H])(O[C:9](:[C:8]):[C:33])[C@]([H])(O[H])[C@@]([H])(O[H])[C@]1([H])O[C@]1([H])O[C@]([H])(C([H])([H])O[H])[C@]([H])(O[H])[C@]([H])(O[H])[C@@]1([H])O[H]>>[H]O[C:9](:[C:8]):[C:33],"EVODEX-P23093,EVODEX-P23717"
EVODEX-N9068,[H]OC([H])([H])[C@@]1([H])O[C@@]([H])(O[C:8](:[C:7]):[C:50])[C@]([H])(O[H])[C@@]([H])(O[H])[C@]1([H])O[C@]1([H])O[C@]([H])(C([H])([H])O[H])[C@@]([H])(O[C@]2([H])O[C@]3([H])C([H])([H])OC([H])(C4:C([H]):C([H]):C([H]):C([H]):C:4[H])O[C@@]3([H])[C@]([H])(O[H])[C@@]2([H])O[H])[C@]([H])(O[H])[C@@]1([H])O[H].[H][O:1][H:91]>>[O:1]([C:8](:[C:7]):[C:50])[H:91],EVODEX-P23097
EVODEX-N9069,[H]OC([H])([H])[C@@]1([H])O[C@@]([H])(O[C:8](:[C:7]):[C:50])[C@]([H])(O[H])[C@@]([H])(O[H])[C@]1([H])O[C@]1([H])O[C@]([H])(C([H])([H])O[H])[C@@]([H])(O[C@]2([H])O[C@]3([H])C([H])([H])OC([H])(C4:C([H]):C([H]):C([H]):C([H]):C:4[H])O[C@@]3([H])[C@]([H])(O[H])[C@@]2([H])O[H])[C@]([H])(O[H])[C@@]1([H])O[H]>>[H]O[C:8](:[C:7]):[C:50],EVODEX-P23099
EVODEX-N9070,[H][O:1][H:36].[H]OC([H])([H])[C@@]1([H])O[C@]([H])(O[H])[C@]([H])(O[H])[C@@]([H])(O[C@@:11]([C:9])([O:24])[H:46])[C@]1([H])O[H]>>[O:1]([C:11]([C:9])([O:24])[H:46])[H:36],"EVODEX-P23102,EVODEX-P23182"
EVODEX-N9071,[H][O:1][H:36]>>[H]OC([H])([H])[C@@]1([H])O[C@@]([H])(O[C@@]2([H])[C@]([H])(O[H])[C@@]([H])(C([H])([H])O[H])OC([H])([O:1][H:36])[C@]2([H])O[H])[C@]([H])(O[H])[C@@]([H])(O[H])[C@]1([H])O[H],EVODEX-P23103
EVODEX-N9072,[H]OC([H])([H])[C@@]1([H])O[C@@]([H])([O:12][C:13])[C@]([H])(O[H])[C@@]([H])(O[C@]2([H])O[C@]([H])(C([H])([H])O[H])[C@@]([H])(O[H])[C@]([H])(O[H])[C@@]2([H])O[H])[C@]1([H])O[H]>>[H][O:12][C:13],"EVODEX-P23104,EVODEX-P23110"
EVODEX-N9073,[H]OC([H])([H])[C@@]1([H])O[C@@]([H])(O[H])[C@]([H])(O[H])[C@@]([H])(O[C@]2([H])O[C@]([H])(C([H])([H])O[H])[C@@]([H])(O[H])[C@]([H])(O[C@@:12]([C:10])([O:36])[H:60])[C@@]2([H])O[H])[C@]1([H])O[H]>>[H]O.[H].[H]O[C:12]([C:10])([O:36])[H:60],EVODEX-P23107
EVODEX-N9074,[H][O:1][H:48].[H][O:2][H:50].[H]OC([H])([H])[C@@]1([H])O[C@@]([H])(O[H])[C@]([H])(O[H])[C@@]([H])(O[C@]2([H])O[C@]([H])(C([H])([H])O[H])[C@@]([H])(O[H])[C@]([H])(O[C@@:12]([C:10])([O:36])[H:60])[C@@]2([H])O[H])[C@]1([H])O[H].[O:6][C@@:7]([O:8])([C:42])[H:56]>>[O:1]([C:7]([O:6])([C:42])[H:56])[H:48].[H][O:8].[O:2]([C:12]([C:10])([O:36])[H:60])[H:50],EVODEX-P23108
EVODEX-N9075,[H][O:1][H:69].[H]OC([H])([H])[C@@]1(OC([H])([H])[C@@]2(OC([H])([H])[C@@]3(OC([H])([H])[C@@]4(OC([H])([H])[C@@]5(O[C@@:22]([O:23])([C:31])[H:86])O[C@]([H])(C([H])([H])O[H])[C@@]([H])(O[H])[C@]5([H])O[H])O[C@]([H])(C([H])([H])O[H])[C@@]([H])(O[H])[C@]4([H])O[H])O[C@]([H])(C([H])([H])O[H])[C@@]([H])(O[H])[C@]3([H])O[H])O[C@]([H])(C([H])([H])O[H])[C@@]([H])(O[H])[C@]2([H])O[H])O[C@]([H])(C([H])([H])O[H])[C@@]([H])(O[H])[C@]1([H])O[H]>>[O:1]([C@@:22]([O:23])([C:31])[H:86])[H:69],EVODEX-P23113
EVODEX-N9076,[H]OC([H])([H])[C@@]1(OC([H])([H])[C@@]2(OC([H])([H])[C@@]3(OC([H])([H])[C@@]4(OC([H])([H])[C@@]5(O[C@@:22]([O:23])([C:31])[H:86])O[C@]([H])(C([H])([H])O[H])[C@@]([H])(O[H])[C@]5([H])O[H])O[C@]([H])(C([H])([H])O[H])[C@@]([H])(O[H])[C@]4([H])O[H])O[C@]([H])(C([H])([H])O[H])[C@@]([H])(O[H])[C@]3([H])O[H])O[C@]([H])(C([H])([H])O[H])[C@@]([H])(O[H])[C@]2([H])O[H])O[C@]([H])(C([H])([H])O[H])[C@@]([H])(O[H])[C@]1([H])O[H]>>[H]O[C@@:22]([O:23])([C:31])[H:86],EVODEX-P23114
EVODEX-N9077,[H]O[C@]1([H])[C@@]([H])(O[H])[C@]([H])([O:7][C:8])OC([H])([H])[C@@]1([H])O[H]>>[H][O:7][C:8],"EVODEX-P23117,EVODEX-P23228,EVODEX-P23924"
EVODEX-N9078,[H][O:1][H:30].[H]O[C@]1([H])OC([H])([H])[C@@]([H])(O[C@]2([H])OC([H])([H])[C@@]([H])(O[C@@:6]([C:4])([O:26])[H:36])[C@]([H])(O[H])[C@@]2([H])O[H])[C@]([H])(O[H])[C@@]1([H])O[H]>>[O:1]([C:6]([C:4])([O:26])[H:36])[H:30],EVODEX-P23118
EVODEX-N9079,[H]O[C@]1([H])OC([H])([H])[C@@]([H])(O[C@]2([H])OC([H])([H])[C@@]([H])(O[C@@:6]([C:4])([O:26])[H:36])[C@]([H])(O[H])[C@@]2([H])O[H])[C@]([H])(O[H])[C@@]1([H])O[H]>>[H]O[C:6]([C:4])([O:26])[H:36],"EVODEX-P23119,EVODEX-P23215"
EVODEX-N9080,[H][O:1][H:30]>>[H]O[C@]1([H])[C@@]([H])(O[H])C([H])([O:1][H:30])OC([H])([H])[C@@]1([H])O[H],EVODEX-P23120
EVODEX-N9081,[H]O[C@]1([H])[C@@]([H])(O[H])C([H])(O[C:10](:[C:5]):[C:9])OC([H])([H])[C@@]1([H])O[H].[H][O:1][H:34]>>[O:1]([C:10](:[C:5]):[C:9])[H:34],"EVODEX-P23123,EVODEX-P23502"
EVODEX-N9082,[H]O[C@]1([H])[C@@]([H])(O[H])C([H])(O[C:10](:[C:5]):[C:9])OC([H])([H])[C@@]1([H])O[H]>>[H]O[C:10](:[C:5]):[C:9],"EVODEX-P23125,EVODEX-P23503"
EVODEX-N9083,[H]OC([H])([H])C1([H])OC([H])(OC([H])([H])C2([H])OC([H])(O[C:12]([C:10])([H:45])[H:46])C([H])(O[H])C([H])(O[H])C2([H])O[H])C([H])(O[H])C([H])(O[H])C1([H])O[H].[H][O:1][H:68]>>[O:1]([C:12]([C:10])([H:45])[H:46])[H:68],"EVODEX-P23131,EVODEX-P23859"
EVODEX-N9084,[H]OC([H])([H])C1([H])OC([H])(OC([H])([H])C2([H])OC([H])(O[C:12]([C:10])([H:45])[H:46])C([H])(O[H])C([H])(O[H])C2([H])O[H])C([H])(O[H])C([H])(O[H])C1([H])O[H]>>[H]O[C:12]([C:10])([H:45])[H:46],"EVODEX-P23132,EVODEX-P23860"
EVODEX-N9085,[H]OC([H])(C([H])=O)C([H])(O[H])C([H])(O[H])C([H])(O[H])C([H])([H])[O:13][C:14]>>[H][O:13][C:14],EVODEX-P23133
EVODEX-N9086,[H][O:1][H:69].[H]O[C@@]1([H])O[C@]([H])(C([H])([H])O[C@@]2([H])O[C@]([H])(C([H])([H])O[C@@]3([H])O[C@]([H])(C([H])([H])O[C@@]4([H])O[C@]([H])(C([H])([H])O[C@@:11]([O:10])([C:57])[H:79])[C@@]([H])(O[H])[C@]([H])(O[H])[C@@]4([H])O[H])[C@@]([H])(O[H])[C@]([H])(O[H])[C@@]3([H])O[H])[C@@]([H])(O[H])[C@]([H])(O[H])[C@@]2([H])O[H])[C@@]([H])(O[H])[C@]([H])(O[H])[C@@]1([H])O[H]>>[O:1]([C@@:11]([O:10])([C:57])[H:79])[H:69],EVODEX-P23136
EVODEX-N9087,[H]O[C@@]1([H])O[C@]([H])(C([H])([H])O[C@@]2([H])O[C@]([H])(C([H])([H])O[C@@]3([H])O[C@]([H])(C([H])([H])O[C@@]4([H])O[C@]([H])(C([H])([H])O[C@@:11]([O:10])([C:57])[H:79])[C@@]([H])(O[H])[C@]([H])(O[H])[C@@]4([H])O[H])[C@@]([H])(O[H])[C@]([H])(O[H])[C@@]3([H])O[H])[C@@]([H])(O[H])[C@]([H])(O[H])[C@@]2([H])O[H])[C@@]([H])(O[H])[C@]([H])(O[H])[C@@]1([H])O[H]>>[H]O[C@@:11]([O:10])([C:57])[H:79],EVODEX-P23137
EVODEX-N9088,[H][O:1][H:69]>>[H]OC([H])([H])[C@@]1([H])O[C@]([H])(OC([H])([H])[C@@]2([H])O[C@]([H])([O:1][H:69])[C@]([H])(O[H])[C@@]([H])(O[H])[C@]2([H])O[H])[C@]([H])(O[H])[C@@]([H])(O[H])[C@]1([H])O[H],EVODEX-P23138
EVODEX-N9089,[H]OC([H])([H])[C@@]1([H])O[C@]([H])(OC([H])([H])[C@@]2([H])O[C@]([H])([O:12][C:13])[C@]([H])(O[H])[C@@]([H])(O[H])[C@]2([H])O[H])[C@]([H])(O[H])[C@@]([H])(O[H])[C@]1([H])O[H]>>[H][O:12][C:13],"EVODEX-P23139,EVODEX-P23198,EVODEX-P23370,EVODEX-P23375,EVODEX-P23561"
EVODEX-N9090,[H]OC([H])([H])[C@@]1([H])O[C@@]([H])(O[H])[C@]([H])(N([H])C(=O)C([H])([H])[H])[C@@]([H])(O[H])[C@]1([H])O[C@]1([H])O[C@]([H])(C([H])([H])O[H])[C@@]([H])([O:16][C:17])[C@]([H])(O[H])[C@@]1([H])N([H])C(=O)C([H])([H])[H]>>[H][O:16][C:17],"EVODEX-P23142,EVODEX-P23145,EVODEX-P24150"
EVODEX-N9091,[H][O:58][H:113]>>[H]OC([H])([H])[C@@]1([H])O[C@@]([H])(O[H])[C@]([H])(N([H])C(=O)C([H])([H])[H])[C@@]([H])(O[H])[C@]1([H])O[C@]1([H])O[C@]([H])(C([H])([H])O[H])[C@@]([H])([O:58][H:113])[C@]([H])(O[H])[C@@]1([H])N([H])C(=O)C([H])([H])[H],EVODEX-P23143
EVODEX-N9092,[H]OC([H])([H])[C@@]1([H])O[C@@]([H])(O[C@@]2([H])[C@]([H])(O[H])[C@@]([H])(N([H])C(=O)C([H])([H])[H])[C@]([H])(O[C@@]3([H])[C@]([H])(O[H])[C@@]([H])(N([H])C(=O)C([H])([H])[H])[C@]([H])(O[C@:15]([C:12])([C:59])[H:86])O[C@]3([H])C([H])([H])O[H])O[C@]2([H])C([H])([H])O[H])[C@]([H])(N([H])C(=O)C([H])([H])[H])[C@@]([H])(O[H])[C@]1([H])O[H].[H][O:72][H:140]>>[C:12][C@:15]([C:59])([O:72][H:140])[H:86],EVODEX-P23146
EVODEX-N9093,[H]OC([H])([H])[C@@]1([H])O[C@@]([H])(O[C@@]2([H])[C@]([H])(O[H])[C@@]([H])(N([H])C(=O)C([H])([H])[H])[C@]([H])(O[C@@]3([H])[C@]([H])(O[H])[C@@]([H])(N([H])C(=O)C([H])([H])[H])[C@]([H])(O[C@:15]([C:12])([C:59])[H:86])O[C@]3([H])C([H])([H])O[H])O[C@]2([H])C([H])([H])O[H])[C@]([H])(N([H])C(=O)C([H])([H])[H])[C@@]([H])(O[H])[C@]1([H])O[H]>>[H]O[C@:15]([C:12])([C:59])[H:86],EVODEX-P23147
EVODEX-N9094,[H]OC(=O)[C@@]1([H])O[C@]([H])(O[C@]2([H])[C@]([H])(O[H])[C@@]([H])(O[H])[C@@]([H])(O[C@]3([H])[C@]([H])(O[H])[C@@]([H])(O[H])[C@@]([H])([O:22][C:23])O[C@]3([H])C(=O)O[H])O[C@]2([H])C(=O)O[H])[C@]([H])(O[H])[C@@]([H])(O[H])[C@@]1([H])O[H]>>[H][O:22][C:23],EVODEX-P23150
EVODEX-N9095,[H][O:1][H:125]>>[H]OC(=O)[C@@]1([H])O[C@]([H])(O[C@]2([H])[C@]([H])(O[H])[C@@]([H])(O[H])[C@@]([H])(O[C@]3([H])[C@]([H])(O[H])[C@@]([H])(O[H])[C@@]([H])([O:1][H:125])O[C@]3([H])C(=O)O[H])O[C@]2([H])C(=O)O[H])[C@]([H])(O[H])[C@@]([H])(O[H])[C@@]1([H])O[H],EVODEX-P23151
EVODEX-N9096,[H]OC(=O)[C@@]1([H])O[C@]([H])([O:8][C:9])[C@]([H])(O[H])[C@@]([H])(O[H])[C@@]1([H])O[H]>>[H][O:8][C:9],"EVODEX-P23153,EVODEX-P23357,EVODEX-P23453,EVODEX-P23965"
EVODEX-N9097,[H]OC(=O)[C@@]1([H])O[C@]([H])(O[H])[C@]([H])(O[H])[C@@]([H])(O[H])[C@@]1([H])O[C@@]1([H])O[C@]([H])(C(=O)O[H])[C@]([H])(O[C@@]2([H])O[C@]([H])(C(=O)O[H])[C@]([H])(O[C@@:7]([O:6])([C:45])[H:53])[C@]([H])(O[H])[C@@]2([H])O[H])[C@]([H])(O[H])[C@@]1([H])O[H].[H][O:1][H:85]>>[O:1]([C@@:7]([O:6])([C:45])[H:53])[H:85],EVODEX-P23154
EVODEX-N9098,[H]OC(=O)[C@@]1([H])O[C@]([H])(O[H])[C@]([H])(O[H])[C@@]([H])(O[H])[C@@]1([H])O[C@@]1([H])O[C@]([H])(C(=O)O[H])[C@]([H])(O[C@@]2([H])O[C@]([H])(C(=O)O[H])[C@]([H])(O[C@@:7]([O:6])([C:45])[H:53])[C@]([H])(O[H])[C@@]2([H])O[H])[C@]([H])(O[H])[C@@]1([H])O[H]>>[H]O[C@@:7]([O:6])([C:45])[H:53],EVODEX-P23155
EVODEX-N9099,[H]OC([H])([H])[C@@]1([H])OC([H])(O[C@@]2([H])[C@]([H])(O[H])[C@@]([H])(N([H])C(=O)C([H])([H])[H])C([H])(O[C@@]3([H])[C@]([H])(O[H])[C@@]([H])(N([H])C(=O)C([H])([H])[H])C([H])([O:40][C:41])O[C@]3([H])C([H])([H])O[H])O[C@]2([H])C([H])([H])O[H])[C@]([H])(N([H])C(=O)/C([H])=C(\[H])C([H])([H])C([H])([H])C([H])([H])C([H])([H])C([H])([H])/C([H])=C(/[H])C([H])([H])C([H])([H])C([H])([H])C([H])([H])C([H])([H])[H])[C@@]([H])(O[H])[C@]1([H])O[H]>>[H][O:40][C:41],EVODEX-P23158
EVODEX-N9100,[H]OC([H])([H])[C@@]1([H])OC([H])(O[C@@]2([H])[C@]([H])(O[H])[C@@]([H])(N([H])C(=O)C([H])([H])[H])[C@@]([H])(O[H])O[C@]2([H])C([H])([H])OS(=O)(=O)O[H])[C@]([H])(N([H])C(=O)C([H])([H])[H])[C@@]([H])(O[H])[C@]1([H])O[C:39]([C:34])([O:73])[H:135].[H][O:89][H:179]>>[C:34][C:39]([O:73])([O:89][H:179])[H:135],"EVODEX-P23159,EVODEX-P23165"
EVODEX-N9101,[H][O:89][H:179]>>[H]OC([H])([H])[C@@]1([H])OC([H])(O[C@@]2([H])[C@]([H])(O[H])[C@@]([H])(N([H])C(=O)C([H])([H])[H])C([H])(O[C@@]3([H])[C@]([H])(O[H])[C@@]([H])(N([H])C(=O)C([H])([H])[H])C([H])([O:89][H:179])O[C@]3([H])C([H])([H])O[H])O[C@]2([H])C([H])([H])O[H])[C@]([H])(N([H])C(=O)/C([H])=C(\[H])C([H])([H])C([H])([H])C([H])([H])C([H])([H])C([H])([H])/C([H])=C(/[H])C([H])([H])C([H])([H])C([H])([H])C([H])([H])C([H])([H])[H])[C@@]([H])(O[H])[C@]1([H])O[H],EVODEX-P23160
EVODEX-N9102,[H]OC([H])([H])[C@@]1([H])OC([H])(O[C@@]2([H])[C@]([H])(O[H])[C@@]([H])(N([H])C(=O)C([H])([H])[H])[C@@]([H])(O[H])O[C@]2([H])C([H])([H])OS(=O)(=O)O[H])[C@]([H])(N([H])C(=O)C([H])([H])[H])[C@@]([H])(O[H])[C@]1([H])O[C:39]([C:34])([O:73])[H:135]>>[H]O[C:39]([C:34])([O:73])[H:135],"EVODEX-P23161,EVODEX-P23167"
EVODEX-N9103,[H]OC([H])([H])[C@@]1([H])OC([H])(O[C@@]2([H])[C@]([H])(O[H])[C@@]([H])(N([H])C(=O)C([H])([H])[H])C([H])([O:30][C:31])O[C@]2([H])C([H])([H])O[H])[C@]([H])(N([H])C(=O)/C([H])=C(\[H])C([H])([H])C([H])([H])C([H])([H])C([H])([H])C([H])([H])/C([H])=C(/[H])C([H])([H])C([H])([H])C([H])([H])C([H])([H])C([H])([H])[H])[C@@]([H])(O[H])[C@]1([H])O[H]>>[H][O:30][C:31],EVODEX-P23164
EVODEX-N9104,[H][O:75][H:152]>>[H]OC([H])([H])[C@@]1([H])OC([H])(O[C@@]2([H])[C@]([H])(O[H])[C@@]([H])(N([H])C(=O)C([H])([H])[H])C([H])([O:75][H:152])O[C@]2([H])C([H])([H])O[H])[C@]([H])(N([H])C(=O)/C([H])=C(\[H])C([H])([H])C([H])([H])C([H])([H])C([H])([H])C([H])([H])/C([H])=C(/[H])C([H])([H])C([H])([H])C([H])([H])C([H])([H])C([H])([H])[H])[C@@]([H])(O[H])[C@]1([H])O[H],EVODEX-P23166
EVODEX-N9105,[H]OC(=O)[C@]1([O:15][C:16])O[C@@]([H])([C@]([H])(O[H])[C@]([H])(O[H])C([H])([H])O[H])[C@]([H])(N([H])C(=O)C([H])([H])[H])[C@@]([H])(O[H])C1([H])[H]>>[H][O:15][C:16],EVODEX-P23170
EVODEX-N9106,[H]OC([H])([H])[C@@]1([H])O[C@@]([H])(O[H])[C@]([H])(O[H])[C@@]([H])(O[H])[C@]1([H])O[C@]1([H])O[C@]([H])(C([H])([H])O[H])[C@]([H])(O[H])[C@]([H])(O[C@:14]([O:13])([C:38])[C:41])[C@@]1([H])O[H].[H][O:44][H:84]>>[O:13][C@:14]([C:38])([C:41])[O:44][H:84],EVODEX-P23171
EVODEX-N9107,[H]OC([H])([H])[C@@]1([H])O[C@@]([H])(O[H])[C@]([H])(O[H])[C@@]([H])(O[H])[C@]1([H])O[C@]1([H])O[C@]([H])(C([H])([H])O[H])[C@]([H])(O[H])[C@]([H])(O[C@:14]([O:13])([C:38])[C:41])[C@@]1([H])O[H]>>[H]O[C@@:14]([O:13])([C:38])[C:41],EVODEX-P23172
EVODEX-N9108,[H]OC(=O)[C@]1(O[C@]2([H])[C@@]([H])(O[H])[C@]([H])(O[C@@]3([H])[C@]([H])(O[H])[C@@]([H])(O[H])[C@]([H])(OC([H])([H])[C@]([H])(N([H])C(=O)C([H])([H])C([H])([H])C([H])([H])C([H])([H])C([H])([H])C([H])([H])C([H])([H])C([H])([H])C([H])([H])C([H])([H])C([H])([H])C([H])([H])C([H])([H])C([H])([H])C([H])([H])C([H])([H])C([H])([H])[H])[C@]([H])(O[H])/C([H])=C(\[H])C([H])([H])C([H])([H])C([H])([H])C([H])([H])C([H])([H])C([H])([H])C([H])([H])C([H])([H])C([H])([H])C([H])([H])C([H])([H])C([H])([H])C([H])([H])[H])O[C@]3([H])C([H])([H])O[H])O[C@]([H])(C([H])([H])O[H])[C@]2([H])O[C@]2([H])O[C@]([H])(C([H])([H])O[H])[C@]([H])(O[H])[C@]([H])(O[C@]3([H])O[C@]([H])(C([H])([H])O[H])[C@]([H])(O[H])[C@]([H])([O:52][C:53])[C@@]3([H])O[H])[C@@]2([H])N([H])C(=O)C([H])([H])[H])O[C@@]([H])([C@]([H])(O[H])[C@]([H])(O[H])C([H])([H])O[H])[C@]([H])(N([H])C(=O)C([H])([H])[H])[C@@]([H])(O[H])C1([H])[H]>>[H][O:52][C:53],EVODEX-P23175
EVODEX-N9109,[H]OC(=O)[C@]1(O[C@@:51]([C:49])([C:73])[H:190])O[C@@]([H])([C@]([H])(O[H])[C@]([H])(O[H])C([H])([H])O[H])[C@]([H])(N([H])C(=O)C([H])([H])[H])[C@@]([H])(O[H])C1([H])[H].[H][O:128][H:277]>>[C:49][C@@:51]([C:73])([O:128][H:277])[H:190],EVODEX-P23176
EVODEX-N9110,[H][O:128][H:277]>>[H]OC(=O)[C@]1(O[C@]2([H])[C@@]([H])(O[H])[C@]([H])(O[C@@]3([H])[C@]([H])(O[H])[C@@]([H])(O[H])[C@]([H])(OC([H])([H])[C@]([H])(N([H])C(=O)C([H])([H])C([H])([H])C([H])([H])C([H])([H])C([H])([H])C([H])([H])C([H])([H])C([H])([H])C([H])([H])C([H])([H])C([H])([H])C([H])([H])C([H])([H])C([H])([H])C([H])([H])C([H])([H])C([H])([H])[H])[C@]([H])(O[H])/C([H])=C(\[H])C([H])([H])C([H])([H])C([H])([H])C([H])([H])C([H])([H])C([H])([H])C([H])([H])C([H])([H])C([H])([H])C([H])([H])C([H])([H])C([H])([H])C([H])([H])[H])O[C@]3([H])C([H])([H])O[H])O[C@]([H])(C([H])([H])O[H])[C@]2([H])O[C@]2([H])O[C@]([H])(C([H])([H])O[H])[C@]([H])(O[H])[C@]([H])(O[C@]3([H])O[C@]([H])(C([H])([H])O[H])[C@]([H])(O[H])[C@]([H])([O:128][H:277])[C@@]3([H])O[H])[C@@]2([H])N([H])C(=O)C([H])([H])[H])O[C@@]([H])([C@]([H])(O[H])[C@]([H])(O[H])C([H])([H])O[H])[C@]([H])(N([H])C(=O)C([H])([H])[H])[C@@]([H])(O[H])C1([H])[H],EVODEX-P23177
EVODEX-N9111,[H]OC(=O)[C@]1(O[C@@:51]([C:49])([C:73])[H:190])O[C@@]([H])([C@]([H])(O[H])[C@]([H])(O[H])C([H])([H])O[H])[C@]([H])(N([H])C(=O)C([H])([H])[H])[C@@]([H])(O[H])C1([H])[H]>>[H]O[C@@:51]([C:49])([C:73])[H:190],EVODEX-P23178
EVODEX-N9112,[H]OC([H])([H])[C@@]1([H])O[C@@]([H])(O[H])[C@]([H])(O[H])[C@@]([H])(O[C@@:13]([C:11])([O:26])[H:48])[C@]1([H])O[H]>>[H]O[C@@:13]([C:11])([O:26])[H:48],EVODEX-P23183
EVODEX-N9113,[H]OC([H])([H])[C@@]1([H])O[C@]([H])([O:14][C:15])[C@]([H])(O[H])[C@@]([H])(O[H])[C@]1([H])O[C@@]1([H])O[C@]([H])(C([H])([H])O[H])[C@@]([H])(O[H])[C@]([H])(O[H])[C@@]1([H])O[H]>>[H][O:14][C:15],"EVODEX-P23184,EVODEX-P23338,EVODEX-P23673,EVODEX-P23813"
EVODEX-N9114,[H]OC([H])([H])[C@@]1([H])O[C@@]([H])(O[C@@]2([H])[C@]([H])(O[H])[C@@]([H])(O[H])[C@]([H])(O[C@@]3([H])[C@]([H])([O:17][C:18])[C@@]([H])(O[H])[C@]([H])(O[H])O[C@]3([H])C([H])([H])O[H])O[C@]2([H])C([H])([H])O[H])[C@]([H])(O[H])[C@@]([H])(O[H])[C@]1([H])O[H]>>[H][O:17][C:18],EVODEX-P23189
EVODEX-N9115,[H][O:1][H:25].[H]OC([H])([H])[C@]1(O[H])O[C@]([H])(C([H])([H])O[H])[C@@]([H])(O[C@:6]([O:5])([C:19])[H:31])[C@]1([H])O[H]>>[O:1]([C:6]([O:5])([C:19])[H:31])[H:25],EVODEX-P23193
EVODEX-N9116,[H]OC([H])([H])[C@]1(O[H])O[C@]([H])(C([H])([H])O[H])[C@@]([H])(O[C@:6]([O:5])([C:19])[H:31])[C@]1([H])O[H]>>[H]O[C:6]([O:5])([C:19])[H:31],EVODEX-P23194
EVODEX-N9117,[H]OC([H])([H])[C@@]1([H])OC([H])([O:6][H:42])[C@]([H])(O[H])[C@@]([H])(O[H])[C@]1([H])O[H]>>[H][O:6][H:42],EVODEX-P23202
EVODEX-N9118,[H]OC1:C([H]):C([H]):C(/C([H])=C(\[H])C(=O)C([H])([H])C(=O)/C([H])=C(\[H])C2:C([H]):C([H]):C([O:19][C:20]):C(OC([H])([H])[H]):C:2[H]):C([H]):C:1OC([H])([H])[H]>>[H][O:19][C:20],EVODEX-P23204
EVODEX-N9119,[H]OC(=O)[C@@]1([H])O[C@@]([H])(O[C:18](:[C:17]):[C:32])[C@]([H])(O[H])[C@@]([H])(O[H])[C@]1([H])O[H].[H][O:40][H:69]>>[C:17]:[C:18](:[C:32])[O:40][H:69],"EVODEX-P23205,EVODEX-P23211,EVODEX-P23971"
EVODEX-N9120,[H][O:40][H:69]>>[H]OC1:C([H]):C([H]):C(/C([H])=C(\[H])C(=O)C([H])([H])C(=O)/C([H])=C(\[H])C2:C([H]):C([H]):C([O:40][H:69]):C(OC([H])([H])[H]):C:2[H]):C([H]):C:1OC([H])([H])[H],EVODEX-P23206
EVODEX-N9121,[H]OC(=O)[C@@]1([H])O[C@@]([H])(O[C:18](:[C:17]):[C:32])[C@]([H])(O[H])[C@@]([H])(O[H])[C@]1([H])O[H]>>[H]O[C:18](:[C:17]):[C:32],"EVODEX-P23207,EVODEX-P23212,EVODEX-P23973"
EVODEX-N9122,[H][O:1][H:39]>>[H]O[C@@]1([H])[C@]([H])(O[C@]2([H])C([H])([H])O[C@@]([H])([O:1][H:39])[C@]([H])(O[H])[C@@]2([H])O[H])OC([H])([H])[C@@]([H])(O[H])[C@]1([H])O[H],EVODEX-P23216
EVODEX-N9123,[H][O:1][H:58].[H]OC([H])([H])[C@@]1([H])O[C@]([H])(O[C@@]2([H])[C@]([H])(O[H])[C@@]([H])(O[H])[C@@]([H])(O[C@@]3([H])[C@]([H])(O[H])[C@@]([H])(O[H])[C@@]([H])(O[C@@]4([H])[C@]([H])(O[H])[C@@]([H])(O[H])[C@@]([H])(O[H])O[C@]4([H])C([H])([H])O[H])O[C@]3([H])C([H])([H])O[H])O[C@]2([H])C([H])([H])O[C@@:6]([O:5])([C:52])[H:64])[C@]([H])(O[H])[C@@]([H])(O[H])[C@]1([H])O[H]>>[O:1]([C:6]([O:5])([C:52])[H:64])[H:58],EVODEX-P23219
EVODEX-N9124,[H]OC([H])([H])[C@@]1([H])O[C@]([H])(O[C@@]2([H])[C@]([H])(O[H])[C@@]([H])(O[H])[C@@]([H])(O[C@@]3([H])[C@]([H])(O[H])[C@@]([H])(O[H])[C@@]([H])(O[C@@]4([H])[C@]([H])(O[H])[C@@]([H])(O[H])[C@@]([H])(O[H])O[C@]4([H])C([H])([H])O[H])O[C@]3([H])C([H])([H])O[H])O[C@]2([H])C([H])([H])O[C@@:6]([O:5])([C:52])[H:64])[C@]([H])(O[H])[C@@]([H])(O[H])[C@]1([H])O[H]>>[H]O[C:6]([O:5])([C:52])[H:64],EVODEX-P23220
EVODEX-N9125,[H][O:51][C:50].[H]O[C:5]([O:4])([C:7])[H:104]>>[O:4][C@@:5]([C:7])([O:51][C:50])[H:104],EVODEX-P23223
EVODEX-N9126,[H]O[C:5]([O:4])([C:7])[H:104]>>[H]OC([H])([H])[C@@]1([H])O[C@]([H])(O[C@@]2([H])[C@]([H])(O[H])[C@@]([H])(O[H])[C@@]([H])(O[C@@]3([H])[C@]([H])(O[H])[C@@]([H])(O[H])[C@@]([H])(O[C@@]4([H])[C@]([H])(O[H])[C@@]([H])(O[H])[C@@]([H])(O[H])O[C@]4([H])C([H])([H])O[H])O[C@]3([H])C([H])([H])O[H])O[C@]2([H])C([H])([H])O[C@@:5]([O:4])([C:7])[H:104])[C@]([H])(O[H])[C@@]([H])(O[H])[C@]1([H])O[H],EVODEX-P23224
EVODEX-N9127,>>[H].[H]OC([H])([H])[C@@]1([H])O[C@]([H])(O[C@@]2([H])[C@]([H])(O[H])[C@@]([H])(O[H])[C@@]([H])(O[C@@]3([H])[C@]([H])(O[H])[C@@]([H])(O[H])[C@@]([H])(O[C@@]4([H])[C@]([H])(O[H])[C@@]([H])(O[H])[C@@]([H])(O[H])O[C@]4([H])C([H])([H])O[H])O[C@]3([H])C([H])([H])O[H])O[C@]2([H])C([H])([H])O)[C@]([H])(O[H])[C@@]([H])(O[H])[C@]1([H])O[H],EVODEX-P23226
EVODEX-N9128,[H]OC([H])([H])[C@@]1([H])O[C@@]([H])(O[C@@]2([H])[C@]([H])(O[C@@]3([H])C([H])([H])C([H])([H])[C@@]4(C([H])([H])[H])[C@@]([H])(C([H])([H])C([H])([H])[C@]5(C([H])([H])[H])[C@]4([H])C([H])([H])[C@@]([H])(O[H])[C@]4([H])[C@@]([H])([C@](O[C@]6([H])O[C@]([H])(C([H])([H])O[C@]7([H])OC([H])([H])[C@]([H])([O:19][C:20])[C@]([H])(O[H])[C@@]7([H])O[H])[C@@]([H])(O[H])[C@]([H])(O[H])[C@@]6([H])O[H])(C([H])([H])[H])C([H])([H])C([H])([H])C([H])=C(C([H])([H])[H])C([H])([H])[H])C([H])([H])C([H])([H])[C@@]54C([H])([H])[H])C3(C([H])([H])[H])C([H])([H])[H])O[C@]([H])(C([H])([H])O[H])[C@@]([H])(O[H])[C@]2([H])O[H])[C@]([H])(O[H])[C@@]([H])(O[H])[C@]1([H])O[H]>>[H][O:19][C:20],EVODEX-P23230
EVODEX-N9129,[H]O[C@@]1([H])[C@]([H])(O[C@@:18]([C:17])([C:29])[H:107])OC([H])([H])[C@@]([H])(O[H])[C@]1([H])O[H].[H][O:85][H:184]>>[C:17][C@@:18]([C:29])([O:85][H:184])[H:107],EVODEX-P23231
EVODEX-N9130,[H][O:85][H:184]>>[H]OC([H])([H])[C@@]1([H])O[C@@]([H])(O[C@@]2([H])[C@]([H])(O[C@@]3([H])C([H])([H])C([H])([H])[C@@]4(C([H])([H])[H])[C@@]([H])(C([H])([H])C([H])([H])[C@]5(C([H])([H])[H])[C@]4([H])C([H])([H])[C@@]([H])(O[H])[C@]4([H])[C@@]([H])([C@](O[C@]6([H])O[C@]([H])(C([H])([H])O[C@]7([H])OC([H])([H])[C@]([H])([O:85][H:184])[C@]([H])(O[H])[C@@]7([H])O[H])[C@@]([H])(O[H])[C@]([H])(O[H])[C@@]6([H])O[H])(C([H])([H])[H])C([H])([H])C([H])([H])C([H])=C(C([H])([H])[H])C([H])([H])[H])C([H])([H])C([H])([H])[C@@]54C([H])([H])[H])C3(C([H])([H])[H])C([H])([H])[H])O[C@]([H])(C([H])([H])O[H])[C@@]([H])(O[H])[C@]2([H])O[H])[C@]([H])(O[H])[C@@]([H])(O[H])[C@]1([H])O[H],EVODEX-P23232
EVODEX-N9131,[H]O[C@@]1([H])[C@]([H])(O[C@@:18]([C:17])([C:29])[H:107])OC([H])([H])[C@@]([H])(O[H])[C@]1([H])O[H]>>[H]O[C@@:18]([C:17])([C:29])[H:107],EVODEX-P23233
EVODEX-N9132,[H]O[C@@]1([H])[C@@]([H])(O[H])[C@@]([H])(C([H])([H])[H])O[C@@]([H])([O:5][C:6])[C@]1([H])O[H]>>[H][O:5][C:6],"EVODEX-P23236,EVODEX-P23244,EVODEX-P23319,EVODEX-P23400"
EVODEX-N9133,[H][O:21][H:37]>>[H]O[C@@]1([H])[C@@]([H])(O[H])[C@@]([H])(C([H])([H])[H])O[C@@]([H])([O:21][H:37])[C@]1([H])O[H],EVODEX-P23238
EVODEX-N9134,[H][O:1][H:36].[H]OC([H])([H])[C@@]1([H])O[C@]([H])(O[H])[C@]([H])(O[H])[C@@]([H])(O[C@]2([H])O[C@]([H])(C([H])([H])O[H])[C@@]([H])(O[H])[C@]([H])(O[C@:6]([O:5])([C:30])[H:42])[C@@]2([H])O[H])[C@]1([H])O[H]>>[O:1]([C@:6]([O:5])([C:30])[H:42])[H:36],EVODEX-P23241
EVODEX-N9135,[H]OC1:C([H]):C([H]):C(C2:O:C3:C([H]):C(O[H]):C([H]):C(O[H]):C:3:C(=O):C:2O[C@:4]([O:3])([C:27])[H:38]):C([H]):C:1O[H].[H][O:33][H:54]>>[O:3][C:4]([C:27])([O:33][H:54])[H:38],EVODEX-P23245
EVODEX-N9136,[H]OC1:C([H]):C([H]):C(C2:O:C3:C([H]):C(O[H]):C([H]):C(O[H]):C:3:C(=O):C:2O[C@:4]([O:3])([C:27])[H:38]):C([H]):C:1O[H]>>[H]O[C:4]([O:3])([C:27])[H:38],EVODEX-P23246
EVODEX-N9137,[H]OC([H])([H])[C@@]1([H])O[C@]([H])(O[C@@]2([H])[C@]([H])(O[H])[C@@]([H])(O[H])[C@@]([H])(O[C@@]3([H])[C@]([H])(O[H])[C@@]([H])(O[H])[C@@]([H])(O[C@@]4([H])[C@]([H])(O[H])[C@@]([H])(O[H])[C@@]([H])(O[C@@]5([H])[C@]([H])(O[H])[C@@]([H])(O[H])[C@@]([H])(O[C@@]6([H])[C@]([H])(O[H])[C@@]([H])(O[H])[C@@]([H])(O[C@@]7([H])[C@]([H])(O[H])[C@@]([H])(O[H])[C@@]([H])(O[C:8](:[C:7]):[C:87])O[C@]7([H])C([H])([H])O[H])O[C@]6([H])C([H])([H])O[H])O[C@]5([H])C([H])([H])O[H])O[C@]4([H])C([H])([H])O[H])O[C@]3([H])C([H])([H])O[H])O[C@]2([H])C([H])([H])O[H])[C@]([H])(O[H])[C@@]([H])(O[H])[C@]1([H])O[H].[H][O:1][H:164]>>[O:1]([C:8](:[C:7]):[C:87])[H:164],EVODEX-P23250
EVODEX-N9138,[H]OC([H])([H])[C@@]1([H])O[C@]([H])(O[C@@]2([H])[C@]([H])(O[H])[C@@]([H])(O[H])[C@@]([H])(O[C@@]3([H])[C@]([H])(O[H])[C@@]([H])(O[H])[C@@]([H])(O[C@@]4([H])[C@]([H])(O[H])[C@@]([H])(O[H])[C@@]([H])(O[C@@]5([H])[C@]([H])(O[H])[C@@]([H])(O[H])[C@@]([H])(O[C@@]6([H])[C@]([H])(O[H])[C@@]([H])(O[H])[C@@]([H])(O[C@@]7([H])[C@]([H])(O[H])[C@@]([H])(O[H])[C@@]([H])(O[C:8](:[C:7]):[C:87])O[C@]7([H])C([H])([H])O[H])O[C@]6([H])C([H])([H])O[H])O[C@]5([H])C([H])([H])O[H])O[C@]4([H])C([H])([H])O[H])O[C@]3([H])C([H])([H])O[H])O[C@]2([H])C([H])([H])O[H])[C@]([H])(O[H])[C@@]([H])(O[H])[C@]1([H])O[H]>>[H]O[C:8](:[C:7]):[C:87],EVODEX-P23251
EVODEX-N9139,[H]OC([H])([H])[C@@]1([H])O[C@]([H])(O[C@@]2([H])[C@]([H])(O[H])[C@@]([H])(O[H])[C@@]([H])(O[C@@]3([H])[C@]([H])(O[H])[C@@]([H])(O[H])[C@@]([H])(O[C:8](:[C:7]):[C:43])O[C@]3([H])C([H])([H])O[H])O[C@]2([H])C([H])([H])O[H])[C@]([H])(O[H])[C@@]([H])(O[H])[C@]1([H])O[H].[H][O:1][H:80]>>[O:1]([C:8](:[C:7]):[C:43])[H:80],"EVODEX-P23255,EVODEX-P23446,EVODEX-P23897"
EVODEX-N9140,[H]OC([H])([H])[C@@]1([H])O[C@]([H])(O[C@@]2([H])[C@]([H])(O[H])[C@@]([H])(O[H])[C@@]([H])(O[C@@]3([H])[C@]([H])(O[H])[C@@]([H])(O[H])[C@@]([H])(O[C:8](:[C:7]):[C:43])O[C@]3([H])C([H])([H])O[H])O[C@]2([H])C([H])([H])O[H])[C@]([H])(O[H])[C@@]([H])(O[H])[C@]1([H])O[H]>>[H]O[C:8](:[C:7]):[C:43],"EVODEX-P23256,EVODEX-P23447,EVODEX-P23898"
EVODEX-N9141,[H]O[C@@]1([H])[C@@]([H])(O[H])[C@]([H])(N2:C([H]):N:C3:C(=O):N([H]):C(N([H])[H]):N:C:3:2)O[C@]1([H])C([H])([H])OP(=O)(O[H])OP(=O)(O[H])O[C@@:22]([O:23])([C:31])[H:50].[H][O:40][H:66]>>[C:22]([O:23])([C:31])([O:40][H:66])[H:50],EVODEX-P23259
EVODEX-N9142,[H]O[C@@]1([H])[C@@]([H])(O[H])[C@]([H])(N2:C([H]):N:C3:C(=O):N([H]):C(N([H])[H]):N:C:3:2)O[C@]1([H])C([H])([H])OP(=O)(O[H])OP(=O)(O[H])O[C@@:22]([O:23])([C:31])[H:50]>>[H]O[C:22]([O:23])([C:31])[H:50],EVODEX-P23260
EVODEX-N9143,[C:1]([O:2][C:3][C@@:12]([C:10])([O:13][C:14])[H:37])([H:25])([H:26])[H:27].[H][O:24][H:49]>>[C:1]([O:13][C:14])([H:25])([H:26])[H:27].[H][O:2][C:3][C@:12]([C:10])([O:24][H:49])[H:37],"EVODEX-P23262,EVODEX-P23267"
EVODEX-N9144,[H]O[C@@]1([H])[C@@]([H])(O[H])[C@@]([H])(O[C@@:12]([C:3][O:2]C([H])([H])[H])([C:10])[H:37])O[C@@]([H])(C([H])([H])[H])[C@]1([H])O[H].[H][O:24][H:49]>>[H][O:2][C:3][C@:12]([C:10])([O:24][H:49])[H:37],"EVODEX-P23263,EVODEX-P23268"
EVODEX-N9145,[H]O[C@@]1([H])[C@@]([H])(O[H])[C@@]([H])(O[C@@:12]([C:3][O:2]C([H])([H])[H])([C:10])[H:37])O[C@@]([H])(C([H])([H])[H])[C@]1([H])O[H]>>[H]O[C@:12]([C:3][O:2][H])([C:10])[H:37],"EVODEX-P23264,EVODEX-P23269"
EVODEX-N9146,[H]OC([H])([H])[C@@]1([H])O[C@@]([H])(O[C:1]([H:25])([H:26])[H:27])[C@]([H])([O:13][C:14])[C@@]([H])(O[H])[C@]1([H])O[H]>>[C:1]([O:13][C:14])([H:25])([H:26])[H:27],EVODEX-P23265
EVODEX-N9147,[C:12][O:13][C:14].[C:1]([O:2])([H:25])([H:26])[H:27]>>[C:1]([O:13][C:14])([H:25])([H:26])[H:27].[H]O[C:12].[H][O:2],"EVODEX-P23266,EVODEX-P23271"
EVODEX-N9148,[H]O[C@]1([H])[C@@]([H])([O:11][C:12])[C@]([H])(O[C:1]([H:23])([H:24])[H:25])OC([H])([H])[C@]1([H])O[H]>>[C:1]([O:11][C:12])([H:23])([H:24])[H:25],EVODEX-P23270
EVODEX-N9149,[H]OC([H])([H])C([H])([H])C([H])(OC(=O)C([H])([H])[H])C([H])(OC(=O)C([H])([H])[H])C([H])(N([H])C(=O)C([H])(OC(=O)C([H])([H])[H])C([H])([H])C([H])([H])C([H])([H])C([H])([H])C([H])([H])C([H])([H])C([H])([H])C([H])([H])C([H])([H])C([H])([H])C([H])([H])C([H])([H])C([H])([H])C([H])([H])C([H])([H])C([H])([H])C([H])([H])[H])C([H])([H])[O:28][C:29]>>[H][O:28][C:29],EVODEX-P23273
EVODEX-N9150,[H]C([H])([H])C(=O)OC([H])([H])[C@@]1([H])O[C@@]([H])(O[C:27]([C:26])([H:107])[H:108])[C@]([H])(OC(=O)C([H])([H])[H])[C@@]([H])(OC(=O)C([H])([H])[H])[C@]1([H])OC(=O)C([H])([H])[H].[H][O:65][H:141]>>[C:26][C:27]([O:65][H:141])([H:107])[H:108],EVODEX-P23274
EVODEX-N9151,[H][O:65][H:141]>>[H]OC([H])([H])C([H])([H])C([H])(OC(=O)C([H])([H])[H])C([H])(OC(=O)C([H])([H])[H])C([H])(N([H])C(=O)C([H])(OC(=O)C([H])([H])[H])C([H])([H])C([H])([H])C([H])([H])C([H])([H])C([H])([H])C([H])([H])C([H])([H])C([H])([H])C([H])([H])C([H])([H])C([H])([H])C([H])([H])C([H])([H])C([H])([H])C([H])([H])C([H])([H])C([H])([H])[H])C([H])([H])[O:65][H:141],EVODEX-P23275
EVODEX-N9152,[H]C([H])([H])C(=O)OC([H])([H])[C@@]1([H])O[C@@]([H])(O[C:27]([C:26])([H:107])[H:108])[C@]([H])(OC(=O)C([H])([H])[H])[C@@]([H])(OC(=O)C([H])([H])[H])[C@]1([H])OC(=O)C([H])([H])[H]>>[H]O[C:27]([C:26])([H:107])[H:108],EVODEX-P23276
EVODEX-N9153,[H]C1:C([O:18][C:19]):C([H]):C2:O:C(=O):C([H]):C(C([H])([H])C([H])([H])C([H])([H])C([H])([H])C([H])([H])C([H])([H])C([H])([H])C([H])([H])C([H])([H])[H]):C:2:C:1[H]>>[H][O:18][C:19],EVODEX-P23279
EVODEX-N9154,[H][O:33][H:68]>>[H]C1:C([O:33][H:68]):C([H]):C2:O:C(=O):C([H]):C(C([H])([H])C([H])([H])C([H])([H])C([H])([H])C([H])([H])C([H])([H])C([H])([H])C([H])([H])C([H])([H])[H]):C:2:C:1[H],EVODEX-P23281
EVODEX-N9155,[H]O[C@]([H])(/C([H])=C(\[H])C([H])([H])C([H])([H])C([H])([H])C([H])([H])C([H])([H])C([H])([H])C([H])([H])C([H])([H])C([H])([H])C([H])([H])C([H])([H])C([H])([H])C([H])([H])[H])[C@@]([H])(N([H])[H])C([H])([H])[O:21][C:22]>>[H][O:21][C:22],"EVODEX-P23285,EVODEX-P23290"
EVODEX-N9156,[H]OC([H])([H])[C@@]1([H])O[C@@]([H])(O[C:20]([C:18])([H:68])[H:69])[C@]([H])(O[H])[C@@]([H])(O[H])[C@@]1([H])O[H].[H][O:33][H:81]>>[C:18][C:20]([O:33][H:81])([H:68])[H:69],"EVODEX-P23286,EVODEX-P23677,EVODEX-P24051,EVODEX-P24057,EVODEX-P24075,EVODEX-P29184"
EVODEX-N9157,[H]OC([H])([H])[C@@]1([H])O[C@@]([H])(O[C:20]([C:18])([H:68])[H:69])[C@]([H])(O[H])[C@@]([H])(O[H])[C@@]1([H])O[H]>>[H]O[C:20]([C:18])([H:68])[H:69],"EVODEX-P23287,EVODEX-P23679,EVODEX-P24053,EVODEX-P24059,EVODEX-P24077,EVODEX-P29186"
EVODEX-N9158,[H]OC([H])([H])[C@@]1([H])O[C@@]([H])(O[C:20]([C:18])([H:79])[H:80])[C@]([H])(O[H])[C@@]([H])(O[H])[C@]1([H])O[C@]1([H])O[C@]([H])(C([H])([H])O[H])[C@]([H])(O[H])[C@]([H])(O[H])[C@@]1([H])O[H].[H][O:44][H:102]>>[C:18][C:20]([O:44][H:102])([H:79])[H:80],EVODEX-P23291
EVODEX-N9159,[H]OC([H])([H])[C@@]1([H])O[C@@]([H])(O[C:20]([C:18])([H:79])[H:80])[C@]([H])(O[H])[C@@]([H])(O[H])[C@]1([H])O[C@]1([H])O[C@]([H])(C([H])([H])O[H])[C@]([H])(O[H])[C@]([H])(O[H])[C@@]1([H])O[H]>>[H]O[C:20]([C:18])([H:79])[H:80],EVODEX-P23292
EVODEX-N9160,[H]C1:C(O[C@:6]([C:5])([O:20])[H:34]):C([H]):C2:O:C(=O):C([H]):C(C([H])([H])[H]):C:2:C:1[H].[H][O:28][H:50]>>[C:5][C:6]([O:20])([O:28][H:50])[H:34],"EVODEX-P23310,EVODEX-P24146"
EVODEX-N9161,[H]C1:C(O[C@:6]([C:5])([O:20])[H:34]):C([H]):C2:O:C(=O):C([H]):C(C([H])([H])[H]):C:2:C:1[H]>>[H]O[C:6]([C:5])([O:20])[H:34],"EVODEX-P23311,EVODEX-P24147"
EVODEX-N9162,[H]O[C@]1([H])O[C@]([H])(C([H])([H])[O:12][C:13])[C@@]([H])(O[H])[C@]([H])(O[H])[C@@]1([H])N([H])C(=O)C([H])([H])[H]>>[H][O:12][C:13],EVODEX-P23314
EVODEX-N9163,[H]O[C@]1([H])[C@]([H])(O[H])[C@]([H])(C([H])([H])[H])O[C@@]([H])(O[C:11]([C:10])([H:37])[H:38])[C@@]1([H])O[H].[H][O:26][H:52]>>[C:10][C:11]([O:26][H:52])([H:37])[H:38],EVODEX-P23315
EVODEX-N9164,[H]O[C@]1([H])[C@]([H])(O[H])[C@]([H])(C([H])([H])[H])O[C@@]([H])(O[C:11]([C:10])([H:37])[H:38])[C@@]1([H])O[H]>>[H]O[C:11]([C:10])([H:37])[H:38],EVODEX-P23316
EVODEX-N9165,[H]OC([H])([H])C([H])(O[H])C([H])(O[H])C([H])(O[C@]1([H])O[C@]([H])(C([H])([H])O[H])[C@]([H])(O[H])[C@]([H])(O[C@@:4]([O:3])([C:28])[H:39])[C@@]1([H])O[H])C([H])(O[H])C([H])([H])O[H].[H][O:34][H:69]>>[O:3][C@:4]([C:28])([O:34][H:69])[H:39],EVODEX-P23320
EVODEX-N9166,[H]OC([H])([H])C([H])(O[H])C([H])(O[H])C([H])(O[C@]1([H])O[C@]([H])(C([H])([H])O[H])[C@]([H])(O[H])[C@]([H])(O[C@@:4]([O:3])([C:28])[H:39])[C@@]1([H])O[H])C([H])(O[H])C([H])([H])O[H]>>[H]O[C@:4]([O:3])([C:28])[H:39],EVODEX-P23321
EVODEX-N9167,[H]OC([H])([H])[C@@]1([H])O[C@@]([H])(O[C@@]2([H])[C@]([H])(O[H])[C@@]([H])(N([H])[H])[C@]([H])(O[C@@]3([H])[C@]([H])(O[H])[C@@]([H])(N([H])[H])[C@]([H])(O[C@@]4([H])[C@]([H])(O[H])[C@@]([H])(N([H])[H])[C@]([H])(O[C@@]5([H])[C@]([H])(O[H])[C@@]([H])(N([H])[H])[C@]([H])(O[C@@]6([H])[C@]([H])(O[H])[C@@]([H])(N([H])[H])[C@]([H])(O[C@@]7([H])[C@]([H])(O[H])[C@@]([H])(N([H])C(=O)OC([H])([H])[H])[C@]([H])([O:8][C:9])O[C@]7([H])C([H])([H])O[H])O[C@]6([H])C([H])([H])O[H])O[C@]5([H])C([H])([H])O[H])O[C@]4([H])C([H])([H])O[H])O[C@]3([H])C([H])([H])O[H])O[C@]2([H])C([H])([H])O[H])[C@]([H])(N([H])[H])[C@@]([H])(O[H])[C@]1([H])O[H]>>[H][O:8][C:9],EVODEX-P23324
EVODEX-N9168,[H]OC([H])([H])[C@@]1([H])O[C@@]([H])(O[H])[C@]([H])(N([H])[H])[C@@]([H])(O[H])[C@]1([H])O[C@]1([H])O[C@]([H])(C([H])([H])O[H])[C@@]([H])(O[C@@:7]([C:6])([O:31])[H:111])[C@]([H])(O[H])[C@@]1([H])N([H])[H].[H][O:105][H:209]>>[C:6][C@:7]([O:31])([O:105][H:209])[H:111],EVODEX-P23325
EVODEX-N9169,[H][O:105][H:209]>>[H]OC([H])([H])[C@@]1([H])O[C@@]([H])(O[C@@]2([H])[C@]([H])(O[H])[C@@]([H])(N([H])[H])[C@]([H])(O[C@@]3([H])[C@]([H])(O[H])[C@@]([H])(N([H])[H])[C@]([H])(O[C@@]4([H])[C@]([H])(O[H])[C@@]([H])(N([H])[H])[C@]([H])(O[C@@]5([H])[C@]([H])(O[H])[C@@]([H])(N([H])[H])[C@]([H])(O[C@@]6([H])[C@]([H])(O[H])[C@@]([H])(N([H])[H])[C@]([H])(O[C@@]7([H])[C@]([H])(O[H])[C@@]([H])(N([H])C(=O)OC([H])([H])[H])[C@@]([H])([O:105][H:209])O[C@]7([H])C([H])([H])O[H])O[C@]6([H])C([H])([H])O[H])O[C@]5([H])C([H])([H])O[H])O[C@]4([H])C([H])([H])O[H])O[C@]3([H])C([H])([H])O[H])O[C@]2([H])C([H])([H])O[H])[C@]([H])(N([H])[H])[C@@]([H])(O[H])[C@]1([H])O[H],EVODEX-P23326
EVODEX-N9170,[H]OC([H])([H])[C@@]1([H])O[C@@]([H])(O[H])[C@]([H])(N([H])[H])[C@@]([H])(O[H])[C@]1([H])O[C@]1([H])O[C@]([H])(C([H])([H])O[H])[C@@]([H])(O[C@@:7]([C:6])([O:31])[H:111])[C@]([H])(O[H])[C@@]1([H])N([H])[H]>>[H]O[C@:7]([C:6])([O:31])[H:111],EVODEX-P23327
EVODEX-N9171,[H]OC(=O)[C@]1(O[C@]2([H])[C@@]([H])(O[H])[C@]([H])(O[C@@]3([H])[C@]([H])(O[H])[C@@]([H])(O[H])[C@]([H])(OC([H])([H])[C@]([H])(N([H])C(=O)C([H])([H])C([H])([H])C([H])([H])C([H])([H])C([H])([H])C([H])([H])C([H])([H])C([H])([H])C([H])([H])C([H])([H])C([H])([H])C([H])([H])C([H])([H])C([H])([H])C([H])([H])C([H])([H])C([H])([H])[H])[C@]([H])(O[H])/C([H])=C(\[H])C([H])([H])C([H])([H])C([H])([H])C([H])([H])C([H])([H])C([H])([H])C([H])([H])C([H])([H])C([H])([H])C([H])([H])C([H])([H])C([H])([H])C([H])([H])[H])O[C@]3([H])C([H])([H])O[H])O[C@]([H])(C([H])([H])O[H])[C@]2([H])[O:34][C:35])O[C@@]([H])([C@]([H])(O[H])[C@]([H])(O[H])C([H])([H])O[H])[C@]([H])(N([H])C(=O)C([H])([H])[H])[C@@]([H])(O[H])C1([H])[H]>>[H][O:34][C:35],EVODEX-P23330
EVODEX-N9172,[H]OC([H])([H])[C@@]1([H])O[C@@]([H])(O[C@@:33]([C:30])([C:49])[H:143])[C@]([H])(N([H])C(=O)C([H])([H])[H])[C@@]([H])(O[H])[C@@]1([H])O[H].[H][O:97][H:219]>>[C:30][C@@:33]([C:49])([O:97][H:219])[H:143],EVODEX-P23331
EVODEX-N9173,[H][O:97][H:219]>>[H]OC(=O)[C@]1(O[C@]2([H])[C@@]([H])(O[H])[C@]([H])(O[C@@]3([H])[C@]([H])(O[H])[C@@]([H])(O[H])[C@]([H])(OC([H])([H])[C@]([H])(N([H])C(=O)C([H])([H])C([H])([H])C([H])([H])C([H])([H])C([H])([H])C([H])([H])C([H])([H])C([H])([H])C([H])([H])C([H])([H])C([H])([H])C([H])([H])C([H])([H])C([H])([H])C([H])([H])C([H])([H])C([H])([H])[H])[C@]([H])(O[H])/C([H])=C(\[H])C([H])([H])C([H])([H])C([H])([H])C([H])([H])C([H])([H])C([H])([H])C([H])([H])C([H])([H])C([H])([H])C([H])([H])C([H])([H])C([H])([H])C([H])([H])[H])O[C@]3([H])C([H])([H])O[H])O[C@]([H])(C([H])([H])O[H])[C@]2([H])[O:97][H:219])O[C@@]([H])([C@]([H])(O[H])[C@]([H])(O[H])C([H])([H])O[H])[C@]([H])(N([H])C(=O)C([H])([H])[H])[C@@]([H])(O[H])C1([H])[H],EVODEX-P23332
EVODEX-N9174,[H]OC([H])([H])[C@@]1([H])O[C@@]([H])(O[C@@:33]([C:30])([C:49])[H:143])[C@]([H])(N([H])C(=O)C([H])([H])[H])[C@@]([H])(O[H])[C@@]1([H])O[H]>>[H]O[C@@:33]([C:30])([C:49])[H:143],EVODEX-P23333
EVODEX-N9175,[H][O:1][H:58].[H]OC([H])([H])[C@@]1([H])O[C@]([H])(O[H])[C@]([H])(O[H])[C@@]([H])(O[H])[C@]1([H])O[C@@]1([H])O[C@]([H])(C([H])([H])O[H])[C@@]([H])(O[C@]2([H])O[C@]([H])(C([H])([H])O[H])[C@@]([H])(O[C@:13]([C:11])([O:48])[H:70])[C@]([H])(O[H])[C@@]2([H])O[H])[C@]([H])(O[H])[C@@]1([H])O[H]>>[O:1]([C@@:13]([C:11])([O:48])[H:70])[H:58],EVODEX-P23336
EVODEX-N9176,[H]OC([H])([H])[C@@]1([H])O[C@]([H])(O[H])[C@]([H])(O[H])[C@@]([H])(O[H])[C@]1([H])O[C@@]1([H])O[C@]([H])(C([H])([H])O[H])[C@@]([H])(O[C@]2([H])O[C@]([H])(C([H])([H])O[H])[C@@]([H])(O[C@:13]([C:11])([O:48])[H:70])[C@]([H])(O[H])[C@@]2([H])O[H])[C@]([H])(O[H])[C@@]1([H])O[H]>>[H]O[C@@:13]([C:11])([O:48])[H:70],EVODEX-P23337
EVODEX-N9177,[H][O:1][H:58].[H]OC([H])([H])[C@@]1([H])O[C@]([H])(O[H])[C@]([H])(O[H])[C@@]([H])(O[H])[C@]1([H])O[C@@]1([H])O[C@]([H])(C([H])([H])O[H])[C@@]([H])(O[C@]2([H])O[C@]([H])(C([H])([H])O[H])[C@@]([H])(O[C@@]3([H])O[C@]([H])(C([H])([H])O[H])[C@@]([H])(O[C@@:6]([O:5])([C:52])[H:64])[C@]([H])(O[H])[C@@]3([H])O[H])[C@]([H])(O[H])[C@@]2([H])O[H])[C@]([H])(O[H])[C@@]1([H])O[H]>>[O:1]([C@@:6]([O:5])([C:52])[H:64])[H:58],"EVODEX-P23342,EVODEX-P23541"
EVODEX-N9178,[H]OC([H])([H])[C@@]1([H])O[C@]([H])(O[H])[C@]([H])(O[H])[C@@]([H])(O[H])[C@]1([H])O[C@@]1([H])O[C@]([H])(C([H])([H])O[H])[C@@]([H])(O[C@]2([H])O[C@]([H])(C([H])([H])O[H])[C@@]([H])(O[C@@]3([H])O[C@]([H])(C([H])([H])O[H])[C@@]([H])(O[C@@:6]([O:5])([C:52])[H:64])[C@]([H])(O[H])[C@@]3([H])O[H])[C@]([H])(O[H])[C@@]2([H])O[H])[C@]([H])(O[H])[C@@]1([H])O[H]>>[H]O[C@@:6]([O:5])([C:52])[H:64],EVODEX-P23343
EVODEX-N9179,[H]OC([H])([H])[C@]1([H])O[C@@]([H])(O[C:8](:[C:7]):[C:19])[C@]([H])(O[H])[C@@]1([H])O[H].[H][O:1][H:34]>>[O:1]([C:8](:[C:7]):[C:19])[H:34],EVODEX-P23347
EVODEX-N9180,[H]OC([H])([H])[C@]1([H])O[C@@]([H])(O[C:8](:[C:7]):[C:19])[C@]([H])(O[H])[C@@]1([H])O[H]>>[H]O[C:8](:[C:7]):[C:19],EVODEX-P23348
EVODEX-N9181,[H]OC([H])([H])[C@]1([H])O[C@@]([H])([O:7][C:8])[C@]([H])(O[H])[C@@]1([H])O[H]>>[H][O:7][C:8],"EVODEX-P23351,EVODEX-P23549,EVODEX-P24043"
EVODEX-N9182,[H][O:1][H:21].[H]O[C@@]1([H])OC([H])([H])[C@@]([H])(O[C@:6]([O:5])([C:17])[H:27])[C@]([H])(O[H])[C@@]1([H])O[H]>>[O:1]([C:6]([O:5])([C:17])[H:27])[H:21],EVODEX-P23352
EVODEX-N9183,[H]O[C@@]1([H])OC([H])([H])[C@@]([H])(O[C@:6]([O:5])([C:17])[H:27])[C@]([H])(O[H])[C@@]1([H])O[H]>>[H]O[C:6]([O:5])([C:17])[H:27],EVODEX-P23353
EVODEX-N9184,[H][O:1][H:21]>>[H]OC([H])([H])[C@]1([H])OC([H])([O:1][H:21])[C@]([H])(O[H])[C@@]1([H])O[H],EVODEX-P23354
EVODEX-N9185,[H]O[C@]1([H])O[C@]([H])(C([H])([H])OS(=O)(=O)O[H])[C@@]([H])(O[H])[C@]([H])(O[C:7]([O:6])([C:28])[H:36])[C@@]1([H])N([H])S(=O)(=O)O[H].[H][O:1][H:55]>>[O:1]([C:7]([O:6])([C:28])[H:36])[H:55],EVODEX-P23358
EVODEX-N9186,[H]O[C@]1([H])O[C@]([H])(C([H])([H])OS(=O)(=O)O[H])[C@@]([H])(O[H])[C@]([H])(O[C:7]([O:6])([C:28])[H:36])[C@@]1([H])N([H])S(=O)(=O)O[H]>>[H]O[C:7]([O:6])([C:28])[H:36],EVODEX-P23359
EVODEX-N9187,[H]OC(=O)[C@]1([H])O[C@]([H])(O[C@@]2([H])[C@]([H])(O[H])[C@@]([H])(O[H])[C@@]([H])(O[C@@]3([H])[C@]([H])(O[H])[C@@]([H])(O[H])[C@@]([H])(O[C@@]4([H])[C@]([H])(O[H])[C@@]([H])(N([H])C(=O)C([H])([H])[H])[C@@]([H])(O[C@@]5([H])[C@]([H])(O[H])[C@@]([H])(N([H])C(=O)C([H])([H])[H])[C@@]([H])(O[C@@]6([H])[C@]([H])(O[H])[C@@]([H])(N([H])C(=O)C([H])([H])[H])[C@@]([H])(O[C@@]7([H])[C@]([H])(O[H])[C@@]([H])(OS(=O)(=O)O[H])[C@@]([H])(O[C@@]8([H])[C@]([H])(O[H])[C@@]([H])([O:43][S:44])[C@@]([H])(O[C@@]9([H])[C@]([H])(O[H])[C@@]([H])(OS(=O)(=O)O[H])[C@@]([H])(O[C@@]%10([H])[C@]([H])(O[H])[C@@]([H])(OS(=O)(=O)O[H])[C@@]([H])(O[C@]%11([H])[C@@]([H])(C([H])([H])OS(=O)(=O)O[H])O[C@]([H])(O[C@]%12([H])[C@@]([H])(C([H])([H])OS(=O)(=O)O[H])O[C@]([H])(O[C@]%13([H])[C@@]([H])(C([H])([H])OS(=O)(=O)O[H])O[C@]([H])(O[C@]%14([H])[C@@]([H])(C([H])([H])OS(=O)(=O)O[H])O[C@]([H])(O[C@]%15([H])[C@@]([H])(C([H])([H])OS(=O)(=O)O[H])O[C@]([H])(O[H])C([H])(S(=O)(=O)N([H])[H])[C@@]%15([H])O[H])C([H])(S(=O)(=O)N([H])[H])[C@@]%14([H])O[H])C([H])(S(=O)(=O)N([H])[H])[C@@]%13([H])O[H])C([H])(S(=O)(=O)N([H])[H])[C@@]%12([H])O[H])C([H])(S(=O)(=O)N([H])[H])[C@@]%11([H])O[H])O[C@@]%10([H])C(=O)O[H])O[C@@]9([H])C(=O)O[H])O[C@@]8([H])C(=O)O[H])O[C@@]7([H])C(=O)O[H])O[C@]6([H])C([H])([H])O[H])O[C@]5([H])C([H])([H])O[H])O[C@]4([H])C([H])([H])O[H])O[C@]3([H])C(=O)O[H])O[C@]2([H])C(=O)O[H])[C@]([H])(O[H])[C@@]([H])(O[H])[C@]1([H])O[H]>>[H][O:43][S:44],EVODEX-P23362
EVODEX-N9188,[H][O:234][H:387]>>[H]OC(=O)[C@]1([H])O[C@]([H])(O[C@@]2([H])[C@]([H])(O[H])[C@@]([H])(O[H])[C@@]([H])(O[C@@]3([H])[C@]([H])(O[H])[C@@]([H])(O[H])[C@@]([H])(O[C@@]4([H])[C@]([H])(O[H])[C@@]([H])(N([H])C(=O)C([H])([H])[H])[C@@]([H])(O[C@@]5([H])[C@]([H])(O[H])[C@@]([H])(N([H])C(=O)C([H])([H])[H])[C@@]([H])(O[C@@]6([H])[C@]([H])(O[H])[C@@]([H])(N([H])C(=O)C([H])([H])[H])[C@@]([H])(O[C@@]7([H])[C@]([H])(O[H])[C@@]([H])(OS(=O)(=O)O[H])[C@@]([H])(O[C@@]8([H])[C@]([H])(O[H])[C@@]([H])([O:234][H:387])[C@@]([H])(O[C@@]9([H])[C@]([H])(O[H])[C@@]([H])(OS(=O)(=O)O[H])[C@@]([H])(O[C@@]%10([H])[C@]([H])(O[H])[C@@]([H])(OS(=O)(=O)O[H])[C@@]([H])(O[C@]%11([H])[C@@]([H])(C([H])([H])OS(=O)(=O)O[H])O[C@]([H])(O[C@]%12([H])[C@@]([H])(C([H])([H])OS(=O)(=O)O[H])O[C@]([H])(O[C@]%13([H])[C@@]([H])(C([H])([H])OS(=O)(=O)O[H])O[C@]([H])(O[C@]%14([H])[C@@]([H])(C([H])([H])OS(=O)(=O)O[H])O[C@]([H])(O[C@]%15([H])[C@@]([H])(C([H])([H])OS(=O)(=O)O[H])O[C@]([H])(O[H])C([H])(S(=O)(=O)N([H])[H])[C@@]%15([H])O[H])C([H])(S(=O)(=O)N([H])[H])[C@@]%14([H])O[H])C([H])(S(=O)(=O)N([H])[H])[C@@]%13([H])O[H])C([H])(S(=O)(=O)N([H])[H])[C@@]%12([H])O[H])C([H])(S(=O)(=O)N([H])[H])[C@@]%11([H])O[H])O[C@@]%10([H])C(=O)O[H])O[C@@]9([H])C(=O)O[H])O[C@@]8([H])C(=O)O[H])O[C@@]7([H])C(=O)O[H])O[C@]6([H])C([H])([H])O[H])O[C@]5([H])C([H])([H])O[H])O[C@]4([H])C([H])([H])O[H])O[C@]3([H])C(=O)O[H])O[C@]2([H])C(=O)O[H])[C@]([H])(O[H])[C@@]([H])(O[H])[C@]1([H])O[H],EVODEX-P23364
EVODEX-N9189,[H][O:1][H:47].[H]OC([H])([H])[C@@]1([H])O[C@]([H])(O[H])[C@]([H])(O[H])[C@@]([H])(O[H])[C@]1([H])O[C@@]1([H])O[C@]([H])(C([H])([H])O[H])[C@@]([H])(O[C@@:11]([O:10])([C:35])[H:57])[C@]([H])(O[H])[C@@]1([H])O[H]>>[O:1]([C@@:11]([O:10])([C:35])[H:57])[H:47],"EVODEX-P23368,EVODEX-P23384,EVODEX-P23806"
EVODEX-N9190,[H]OC([H])([H])[C@@]1([H])O[C@]([H])(O[H])[C@]([H])(O[H])[C@@]([H])(O[H])[C@]1([H])O[C@@:11]([O:10])([C:24])[H:46]>>[H]O[C@@:11]([O:10])([C:24])[H:46],"EVODEX-P23374,EVODEX-P23436,EVODEX-P23487,EVODEX-P23577"
EVODEX-N9191,[H][O:1][H:58].[H]OC([H])([H])[C@@]1([H])O[C@]([H])(O[H])[C@]([H])(O[H])[C@@]([H])(O[C@@]2([H])O[C@]([H])(C([H])([H])O[H])[C@@]([H])(O[H])[C@]([H])(O[C@@]3([H])O[C@]([H])(C([H])([H])O[H])[C@@]([H])(O[H])[C@]([H])(O[C@@]4([H])O[C@]([H])(C([H])([H])O[H])[C@@]([H])(O[H])[C@]([H])(O[C@@:6]([O:5])([C:52])[H:64])[C@@]4([H])O[H])[C@@]3([H])O[H])[C@@]2([H])O[H])[C@]1([H])O[H]>>[O:1]([C:6]([O:5])([C:52])[H:64])[H:58],EVODEX-P23379
EVODEX-N9192,[H]OC([H])([H])[C@@]1([H])O[C@]([H])(O[H])[C@]([H])(O[H])[C@@]([H])(O[C@@]2([H])O[C@]([H])(C([H])([H])O[H])[C@@]([H])(O[H])[C@]([H])(O[C@@]3([H])O[C@]([H])(C([H])([H])O[H])[C@@]([H])(O[H])[C@]([H])(O[C@@]4([H])O[C@]([H])(C([H])([H])O[H])[C@@]([H])(O[H])[C@]([H])(O[C@@:6]([O:5])([C:52])[H:64])[C@@]4([H])O[H])[C@@]3([H])O[H])[C@@]2([H])O[H])[C@]1([H])O[H]>>[H]O[C:6]([O:5])([C:52])[H:64],EVODEX-P23380
EVODEX-N9193,[H]OC([H])([H])[C@@]1([H])O[C@]([H])([O:28][C:29])[C@]([H])(O[H])[C@@]([H])(O[H])[C@]1([H])O[C@@]1([H])O[C@]([H])(C([H])([H])O[H])[C@@]([H])(O[C@@]2([H])O[C@]([H])(C([H])([H])O[H])[C@@]([H])(O[C@@]3([H])O[C@]([H])(C([H])([H])O[H])[C@@]([H])(O[H])[C@]([H])(O[H])[C@@]3([H])O[H])[C@]([H])(O[H])[C@@]2([H])O[H])[C@]([H])(O[H])[C@@]1([H])O[H]>>[H][O:28][C:29],EVODEX-P23383
EVODEX-N9194,[H][O:1][H:69]>>[H]OC([H])([H])[C@@]1([H])O[C@@]([H])([O:1][H:69])[C@]([H])(O[H])[C@@]([H])(O[H])[C@]1([H])O[C@@]1([H])O[C@]([H])(C([H])([H])O[H])[C@@]([H])(O[C@@]2([H])O[C@]([H])(C([H])([H])O[H])[C@@]([H])(O[C@@]3([H])O[C@]([H])(C([H])([H])O[H])[C@@]([H])(O[H])[C@]([H])(O[H])[C@@]3([H])O[H])[C@]([H])(O[H])[C@@]2([H])O[H])[C@]([H])(O[H])[C@@]1([H])O[H],EVODEX-P23386
EVODEX-N9195,[H]OC([H])([H])[C@@]1([H])O[C@@]([H])(O[H])[C@]([H])(N([H])C(=O)C([H])([H])[H])[C@@]([H])(O[H])[C@]1([H])[O:9][C:10]>>[H][O:9][C:10],"EVODEX-P23391,EVODEX-P23637,EVODEX-P24019"
EVODEX-N9196,[O:3][C:4]([C:5])([C:28])[H:39].[H][O:34][H:67]>>[H][C:5].[O:3][C:4]([C:28])([O:34][H:67])[H:39],"EVODEX-P23394,EVODEX-P23741,EVODEX-P30503"
EVODEX-N9197,[H]OC1([H])O[C@]([H])(C([H])([H])O[H])[C@@]([H])(O[C@]2([H])O[C@]([H])(C([H])([H])O[H])[C@]([H])(O[H])[C@]([H])(O[H])[C@]2(O[H])[C:4]([O:3])([C:28])[H:39])[C@]([H])(O[H])[C@@]1([H])O[H].[H][O:34][H:67]>>[O:3][C:4]([C:28])([O:34][H:67])[H:39],EVODEX-P23395
EVODEX-N9198,[H]OC1([H])O[C@]([H])(C([H])([H])O[H])[C@@]([H])(O[C@]2([H])O[C@]([H])(C([H])([H])O[H])[C@]([H])(O[H])[C@]([H])(O[H])[C@]2(O[H])[C:4]([O:3])([C:28])[H:39])[C@]([H])(O[H])[C@@]1([H])O[H]>>[H]O[C:4]([O:3])([C:28])[H:39],EVODEX-P23396
EVODEX-N9199,[H]O[C@@]1([H])[C@@]([H])(O[H])[C@]([H])(O[H])C([H])([C@:5]([O:6])([C:7])[C:26])O[C@@]1([H])C([H])([H])[H]>>[H][C@:5]([O:6])([C:7])[C:26],"EVODEX-P23397,EVODEX-P23744"
EVODEX-N9200,[H]OC([H])([H])[C@@]1([H])O[C@@]([H])(O[H])[C@]([H])(O[H])[C@@]([H])(O[H])[C@]1([H])O[C@]1([H])O[C@]([H])(C([H])([H])O[H])[C@]([H])(O[H])[C@]([H])(O[H])[C@@]1([H])O[C@:4]([O:3])([C:28])[H:39].[H][O:34][H:67]>>[O:3][C:4]([C:28])([O:34][H:67])[H:39],EVODEX-P23401
EVODEX-N9201,[H]OC([H])([H])[C@@]1([H])O[C@@]([H])(O[H])[C@]([H])(O[H])[C@@]([H])(O[H])[C@]1([H])O[C@]1([H])O[C@]([H])(C([H])([H])O[H])[C@]([H])(O[H])[C@]([H])(O[H])[C@@]1([H])O[C@:4]([O:3])([C:28])[H:39]>>[H]O[C:4]([O:3])([C:28])[H:39],EVODEX-P23402
EVODEX-N9202,[H][O:1][H:36].[H]OC([H])([H])[C@@]1(OC([H])([H])[C@@]2(O[C@@:13]([O:14])([C:22])[H:47])O[C@]([H])(C([H])([H])O[H])[C@@]([H])(O[H])[C@]2([H])O[H])O[C@]([H])(C([H])([H])O[H])[C@@]([H])(O[H])[C@]1([H])O[H]>>[O:1]([C@@:13]([O:14])([C:22])[H:47])[H:36],EVODEX-P23406
EVODEX-N9203,[H]OC([H])([H])[C@@]1(OC([H])([H])[C@@]2(O[C@@:13]([O:14])([C:22])[H:47])O[C@]([H])(C([H])([H])O[H])[C@@]([H])(O[H])[C@]2([H])O[H])O[C@]([H])(C([H])([H])O[H])[C@@]([H])(O[H])[C@]1([H])O[H]>>[H]O[C@@:13]([O:14])([C:22])[H:47],EVODEX-P23407
EVODEX-N9204,[H]OC([H])([H])[C@@]1([H])O[C@]([H])(O[C@]2(C([H])([H])[O:9][C:6])O[C@]([H])(C([H])([H])O[H])[C@@]([H])(O[H])[C@]2([H])O[H])[C@]([H])(O[H])[C@@]([H])(O[H])[C@]1([H])O[H]>>[H][O:9][C:6],EVODEX-P23410
EVODEX-N9205,[H][O:1][H:36].[H]OC([H])([H])[C@@]1(O[C:10]([C:11])([H:45])[H:46])O[C@]([H])(C([H])([H])O[H])[C@@]([H])(O[H])[C@]1([H])O[H]>>[O:1]([C:10]([C:11])([H:45])[H:46])[H:36],"EVODEX-P23411,EVODEX-P23920"
EVODEX-N9206,[H]OC(=O)[C@@]1([H])O[C@]([H])(O[H])[C@]([H])(O[H])[C@@]([H])(O[H])[C@@]1([H])O[C@@]1([H])O[C@]([H])(C(=O)O[H])[C@]([H])(O[C@:18]([C:16])([O:44])[H:62])[C@]([H])(O[H])[C@@]1([H])O[H].[H][O:1][H:82]>>[O:1]([C@:18]([C:16])([O:44])[H:62])[H:82],EVODEX-P23414
EVODEX-N9207,[H][O:1][H:82]>>[H]OC(=O)C1=C([H])[C@]([H])(O[H])[C@@]([H])(O[H])[C@@]([H])(O[C@]2([H])[C@]([H])(O[H])[C@@]([H])(O[H])[C@@]([H])([O:1][H:82])O[C@]2([H])C(=O)O[H])O1,EVODEX-P23415
EVODEX-N9208,[H]OC(=O)[C@@]1([H])O[C@]([H])(O[H])[C@]([H])(O[H])[C@@]([H])(O[H])[C@@]1([H])O[C@@]1([H])O[C@]([H])(C(=O)O[H])[C@]([H])(O[C@:18]([C:16])([O:44])[H:62])[C@]([H])(O[H])[C@@]1([H])O[H]>>[H]O[C@:18]([C:16])([O:44])[H:62],EVODEX-P23416
EVODEX-N9209,[H]OC(=O)C1=C([H])[C@]([H])(O[H])[C@@]([H])(O[H])[C@@]([H])(O[C@]2([H])[C@]([H])(O[H])[C@@]([H])(O[H])[C@@]([H])([O:19][C:20])O[C@]2([H])C(=O)O[H])O1>>[H][O:19][C:20],EVODEX-P23417
EVODEX-N9210,[H][O:1][H:36].[H]OC([H])([H])[C@@]1([H])O[C@]([H])(O[H])[C@]([H])(O[H])[C@@]([H])(O[H])[C@]1([H])O[C@@]1([H])O[C@]([H])(C([H])([H])O[C@@:6]([O:5])([C:30])[H:42])[C@@]([H])(O[H])[C@]([H])(O[H])[C@@]1([H])O[H]>>[O:1]([C:6]([O:5])([C:30])[H:42])[H:36],EVODEX-P23421
EVODEX-N9211,[H][O:1][H:25].[H]OC([H])([H])[C@@]1(O[H])O[C@]([H])(C([H])([H])O[C@@:6]([O:5])([C:19])[H:31])[C@@]([H])(O[H])[C@]1([H])O[H]>>[O:1]([C@@:6]([O:5])([C:19])[H:31])[H:25],EVODEX-P23425
EVODEX-N9212,[H]OC([H])([H])[C@@]1(O[H])O[C@]([H])(C([H])([H])O[C@@:6]([O:5])([C:19])[H:31])[C@@]([H])(O[H])[C@]1([H])O[H]>>[H]O[C@@:6]([O:5])([C:19])[H:31],EVODEX-P23426
EVODEX-N9213,[H]C1:C([H]):C([H]):C2:C([C:5]([C:3])([H:17])[H:18]):C([H]):C([H]):C([H]):C:2:C:1[H]>>[H][C:5]([C:3])([H:17])[H:18],EVODEX-P23431
EVODEX-N9214,[H]OC([H])([H])[C@@]1([H])O[C@@]([H])([O:26][C:27])[C@]([H])(O[H])[C@@]([H])(O[H])[C@]1([H])O[C@]1([H])O[C@]([H])(C([H])([H])O[H])[C@@]([H])(O[C@]2([H])O[C@]([H])(C([H])([H])O[H])[C@@]([H])(O[H])[C@]([H])(O[C@]3([H])O[C@]([H])(C([H])([H])O[H])[C@@]([H])(O[H])[C@]([H])(O[H])[C@@]3([H])O[H])[C@@]2([H])O[H])[C@]([H])(O[H])[C@@]1([H])O[H]>>[H][O:26][C:27],EVODEX-P23434
EVODEX-N9215,[H][O:1][H:58]>>[H]OC([H])([H])[C@@]1([H])O[C@@]([H])(O[C@]2([H])[C@@]([H])(O[H])[C@]([H])(O[C@@]3([H])[C@]([H])(O[H])[C@@]([H])(O[H])[C@]([H])(O[C@@]4([H])[C@]([H])(O[H])[C@@]([H])(O[H])C([H])([O:1][H:58])O[C@]4([H])C([H])([H])O[H])O[C@]3([H])C([H])([H])O[H])O[C@]([H])(C([H])([H])O[H])[C@@]2([H])O[H])[C@]([H])(O[H])[C@@]([H])(O[H])[C@]1([H])O[H],EVODEX-P23437
EVODEX-N9216,[H]OC([H])([H])[C@@]1([H])O[C@@]([H])(O[C@@]2([H])[C@]([H])(O[H])[C@@]([H])(O[H])[C@]([H])(O[C@]3([H])[C@@]([H])(O[H])[C@]([H])(O[C:9](:[C:8]):[C:44])O[C@]([H])(C([H])([H])O[H])[C@@]3([H])O[H])O[C@]2([H])C([H])([H])O[H])[C@]([H])(O[H])[C@@]([H])(O[H])[C@]1([H])O[H].[H][O:47][H:86]>>[C:8]:[C:9](:[C:44])[O:47][H:86],EVODEX-P23441
EVODEX-N9217,[H]OC([H])([H])[C@@]1([H])O[C@@]([H])(O[C@@]2([H])[C@]([H])(O[H])[C@@]([H])(O[H])[C@]([H])(O[C@]3([H])[C@@]([H])(O[H])[C@]([H])(O[C:9](:[C:8]):[C:44])O[C@]([H])(C([H])([H])O[H])[C@@]3([H])O[H])O[C@]2([H])C([H])([H])O[H])[C@]([H])(O[H])[C@@]([H])(O[H])[C@]1([H])O[H]>>[H]O[C:9](:[C:8]):[C:44],EVODEX-P23442
EVODEX-N9218,[H]OC([H])([H])[C@@]1([H])O[C@@]([H])([O:7][C:8][C:9][C@:11]([O:12])([O:24])[H:46])[C@]([H])(O[H])[C@@]([H])(O[H])[C@]1([H])O[H].[H][O:27][C:26]>>[H][O:12].[H][O:7][C:8][C:9][C@@:11]([O:24])([O:27][C:26])[H:46],EVODEX-P23449
EVODEX-N9219,[H][O:1][H:36].[H]OC([H])([H])[C@@]1([H])O[C@]([H])(O[H])[C@]([H])(O[H])[C@@]([H])(O[C@@:11]([C:9])([O:24])[H:46])[C@]1([H])O[H].[H][O:27][C:26].[O:5][C@@:6]([O:7])([C:30])[H:42]>>[O:1]([C@:6]([O:5])([C:30])[H:42])[H:36].[C:9][C@@:11]([O:24])([O:27][C:26])[H:46].[H][O:7],EVODEX-P23450
EVODEX-N9220,[H]OC([H])([H])[C@@]1([H])O[C@@]([H])([O:7][C:8][C:9][C@:11](O[C@]2([H])[C@@]([H])(O[H])[C@@]([H])(O[H])O[C@]([H])(C([H])([H])O[H])[C@@]2([H])O[H])([O:24])[H:46])[C@]([H])(O[H])[C@@]([H])(O[H])[C@]1([H])O[H].[H][O:27][C:26]>>[H][O:7][C:8][C:9][C@@:11]([O:24])([O:27][C:26])[H:46],EVODEX-P23451
EVODEX-N9221,[H][O:1][H].[H][O:14][C:15]([H])([H])[C@@:16]1([H])[O:17][C@@:18]([H])([O:19][C@@:20]2([H])[C@:21]([H])([O:22][H])[C@:23]([H])([O:24][H])[C@:25]([H])([O:26][C@@:27]3([H])[C@:28]([H])([O:29][H])[C@:30]([H])([O:31][H])[C@:32]([H])([O:33][C@@:34]4([H])[C@:35]([H])([O:36][H])[C@:37]([H])([O:38][H])[C@:39]([H])([O:40][C@@:41]5([H])[C@:42]([H])([O:43][H])[C@:44]([H])([O:45][H])[C@:46]([H])([O:47][H])[O:48][C@:49]5([H])[C:50]([H])([H])[O:51][H])[O:52][C@:53]4([H])[C:54]([H])([H])[O:55][H])[O:56][C@:57]3([H])[C:58]([H])([H])[O:59][H])[O:60][C@:61]2([H])[C:62]([H])([H])[O:63][H])[C@@:64]([H])([O:65][H])[C@@:66]([H])([O:67][H])[C@:68]1([H])[O:69][H].[H][O:2][C:3]([H])([H])[C@@:4]1([H])[O:5][C@@:6]([H])([O:7][H])[C@@:8]([H])([O:9][H])[C@@:10]([H])([O:11][H])[C@:12]1([H])[O:13][H]>>[H][O:1][C:3]([H])([H])[C@@:4]1([H])[O:5][C@@:6]([H])([O:7][H])[C@@:8]([H])([O:9][H])[C@@:10]([H])([O:11][H])[C@:12]1([H])[O:13][H].[H][O:26][C@@:27]1([H])[C@:28]([H])([O:29][H])[C@:30]([H])([O:31][H])[C@:32]([H])([O:33][C@@:34]2([H])[C@:35]([H])([O:36][H])[C@:37]([H])([O:38][H])[C@:39]([H])([O:40][C@@:41]3([H])[C@:42]([H])([O:43][H])[C@:44]([H])([O:45][H])[C@:46]([H])([O:47][H])[O:48][C@:49]3([H])[C:50]([H])([H])[O:51][H])[O:52][C@:53]2([H])[C:54]([H])([H])[O:55][H])[O:56][C@:57]1([H])[C:58]([H])([H])[O:59][H].[H][O:2][C@:25]1([H])[C@@:23]([H])([O:24][H])[C@@:21]([H])([O:22][H])[C@:20]([H])([O:19][C@:18]2([H])[O:17][C@:16]([H])([C:15]([H])([H])[O:14][H])[C@@:68]([H])([O:69][H])[C@:66]([H])([O:67][H])[C@:64]2([H])[O:65][H])[C@@:61]([H])([C:62]([H])([H])[O:63][H])[O:60]1,EVODEX-P23457
EVODEX-N9222,[H][O:1][H].[H]OC([H])([H])[C@@]1([H])O[C@@]([H])([O:26][C@@:27]2([H])[C@:28]([H])([O:29][H])[C@:30]([H])([O:31][H])[C@:32]([H])([O:33][C@@:34]3([H])[C@:35]([H])([O:36][H])[C@:37]([H])([O:38][H])[C@:39]([H])([O:40][C@@:41]4([H])[C@:42]([H])([O:43][H])[C@:44]([H])([O:45][H])[C@:46]([H])([O:47][H])[O:48][C@:49]4([H])[C:50]([H])([H])[O:51][H])[O:52][C@:53]3([H])[C:54]([H])([H])[O:55][H])[O:56][C@:57]2([H])[C:58]([H])([H])[O:59][H])[C@@]([H])(O[H])[C@@]([H])(O[H])[C@]1([H])O[C@]1([H])O[C@]([H])(C([H])([H])O[H])[C@@]([H])(O[H])[C@]([H])(O[H])[C@]1([H])O[H].[H]O[C:3]([H])([H])[C@@:4]1([H])[O:5][C@@:6]([H])([O:7][H])[C@@:8]([H])([O:9][H])[C@@:10]([H])([O:11][H])[C@:12]1([H])[O:13][H]>>[H][O:1][C:3]([H])([H])[C@@:4]1([H])[O:5][C@@:6]([H])([O:7][H])[C@@:8]([H])([O:9][H])[C@@:10]([H])([O:11][H])[C@:12]1([H])[O:13][H].[H][O:26][C@@:27]1([H])[C@:28]([H])([O:29][H])[C@:30]([H])([O:31][H])[C@:32]([H])([O:33][C@@:34]2([H])[C@:35]([H])([O:36][H])[C@:37]([H])([O:38][H])[C@:39]([H])([O:40][C@@:41]3([H])[C@:42]([H])([O:43][H])[C@:44]([H])([O:45][H])[C@:46]([H])([O:47][H])[O:48][C@:49]3([H])[C:50]([H])([H])[O:51][H])[O:52][C@:53]2([H])[C:54]([H])([H])[O:55][H])[O:56][C@:57]1([H])[C:58]([H])([H])[O:59][H],EVODEX-P23458
EVODEX-N9223,[H][O:1][H].[H]O[C:3]([H])([H])[C@@:4]1([H])[O:5][C@@:6]([H])([O:7][H])[C@@:8]([H])([O:9][H])[C@@:10]([H])([O:11][H])[C@:12]1([H])[O:13][H]>>[H][O:1][C:3]([H])([H])[C@@:4]1([H])[O:5][C@@:6]([H])([O:7][H])[C@@:8]([H])([O:9][H])[C@@:10]([H])([O:11][H])[C@:12]1([H])[O:13][H],EVODEX-P23459
EVODEX-N9224,[H][O:1][H].[H]OC([H])([H])[C@@]1([H])O[C@@]([H])(O[H])[C@@]([H])(O[H])[C@@]([H])(O[H])[C@]1([H])O[C@]1([H])O[C@]([H])(C([H])([H])O[H])[C@@]([H])(O[C@]2([H])O[C@]([H])(C([H])([H])O[H])[C@@]([H])(O[C@@:25]3([H])[C@@:23]([H])([O:24][H])[C@@:21]([H])([O:22][H])[C@:20]([H])([O:19][C@:18]4([H])[O:17][C@:16]([H])([C:15]([H])([H])[O:14][H])[C@@:68]([H])([O:69][H])[C@:66]([H])([O:67][H])[C@:64]4([H])[O:65][H])[C@@:61]([H])([C:62]([H])([H])[O:63][H])[O:60]3)[C@]([H])(O[H])[C@]2([H])O[H])[C@]([H])(O[H])[C@]1([H])O[H].[H][O:2][C:3]([H])([H])[C@@:4]1([H])[O:5][C@@:6]([H])([O:7][H])[C@@:8]([H])([O:9][H])[C@@:10]([H])([O:11][H])[C@:12]1([H])[O:13][H]>>[H][O:1][C:3]([H])([H])[C@@:4]1([H])[O:5][C@@:6]([H])([O:7][H])[C@@:8]([H])([O:9][H])[C@@:10]([H])([O:11][H])[C@:12]1([H])[O:13][H].[H][O:2][C@:25]1([H])[C@@:23]([H])([O:24][H])[C@@:21]([H])([O:22][H])[C@:20]([H])([O:19][C@:18]2([H])[O:17][C@:16]([H])([C:15]([H])([H])[O:14][H])[C@@:68]([H])([O:69][H])[C@:66]([H])([O:67][H])[C@:64]2([H])[O:65][H])[C@@:61]([H])([C:62]([H])([H])[O:63][H])[O:60]1,EVODEX-P23460
EVODEX-N9225,[H][O:1][H].[H][O:2][C:3]([H])([H])[C@@:4]1([H])[O:5][C@@:6]([H])([O:7][H])[C@@:8]([H])([O:9][H])[C@@:10]([H])([O:11][H])[C@:12]1([H])[O:13][H]>>[H][O:1][C:3]([H])([H])[C@@:4]1([H])[O:5][C@@:6]([H])([O:7][H])[C@@:8]([H])([O:9][H])[C@@:10]([H])([O:11][H])[C@:12]1([H])[O:13][H].[H]OC([H])([H])[C@@]1([H])O[C@@]([H])(O[C@@]2([H])[C@]([H])(O[H])[C@]([H])(O[H])[C@@]([H])([O:2][H])O[C@]2([H])C([H])([H])O[H])[C@@]([H])(O[H])[C@@]([H])(O[H])[C@]1([H])O[H],EVODEX-P23461
EVODEX-N9226,[H][O:1][H].[H][O:14][C:15]([H])([H])[C@@:16]1([H])[O:17][C@@:18]([H])([O:19][C@@:20]2([H])[C@:21]([H])([O:22][H])[C@:23]([H])([O:24][H])[C@:25]([H])([O:26][C@@:27]3([H])[C@:28]([H])([O:29][H])[C@:30]([H])([O:31][H])[C@:32]([H])([O:33][C@@:34]4([H])[C@:35]([H])([O:36][H])[C@:37]([H])([O:38][H])[C@:39]([H])([O:40][C@@:41]5([H])[C@:42]([H])([O:43][H])[C@:44]([H])([O:45][H])[C@:46]([H])([O:47][H])[O:48][C@:49]5([H])[C:50]([H])([H])[O:51][H])[O:52][C@:53]4([H])[C:54]([H])([H])[O:55][H])[O:56][C@:57]3([H])[C:58]([H])([H])[O:59][H])[O:60][C@:61]2([H])[C:62]([H])([H])[O:63][H])[C@@:64]([H])([O:65][H])[C@@:66]([H])([O:67][H])[C@:68]1([H])[O:69][H]>>[H]O[C@]1([H])O[C@]([H])(C([H])([H])[O:1][H])[C@@]([H])(O[H])[C@]([H])(O[H])[C@]1([H])O[H].[H][O:26][C@@:27]1([H])[C@:28]([H])([O:29][H])[C@:30]([H])([O:31][H])[C@:32]([H])([O:33][C@@:34]2([H])[C@:35]([H])([O:36][H])[C@:37]([H])([O:38][H])[C@:39]([H])([O:40][C@@:41]3([H])[C@:42]([H])([O:43][H])[C@:44]([H])([O:45][H])[C@:46]([H])([O:47][H])[O:48][C@:49]3([H])[C:50]([H])([H])[O:51][H])[O:52][C@:53]2([H])[C:54]([H])([H])[O:55][H])[O:56][C@:57]1([H])[C:58]([H])([H])[O:59][H].[H]O[C@:25]1([H])[C@@:23]([H])([O:24][H])[C@@:21]([H])([O:22][H])[C@:20]([H])([O:19][C@:18]2([H])[O:17][C@:16]([H])([C:15]([H])([H])[O:14][H])[C@@:68]([H])([O:69][H])[C@:66]([H])([O:67][H])[C@:64]2([H])[O:65][H])[C@@:61]([H])([C:62]([H])([H])[O:63][H])[O:60]1,EVODEX-P23462
EVODEX-N9227,[H][O:2][C:3]([H])([H])[C@@:4]1([H])[O:5][C@@:6]([H])([O:7][H])[C@@:8]([H])([O:9][H])[C@@:10]([H])([O:11][H])[C@:12]1([H])[O:13][H]>>[H]O[C:3]([H])([H])[C@@:4]1([H])[O:5][C@@:6]([H])([O:7][H])[C@@:8]([H])([O:9][H])[C@@:10]([H])([O:11][H])[C@:12]1([H])[O:13][H].[H]OC([H])([H])[C@@]1([H])O[C@@]([H])(O[C@@]2([H])[C@]([H])(O[H])[C@]([H])(O[H])[C@@]([H])([O:2][H])O[C@]2([H])C([H])([H])O[H])[C@@]([H])(O[H])[C@@]([H])(O[H])[C@]1([H])O[H],EVODEX-P23463
EVODEX-N9228,[H][O:1][H].[H]OC([H])([H])[C@@]1([H])O[C@@]([H])([O:26][C@@:27]2([H])[C@:28]([H])([O:29][H])[C@:30]([H])([O:31][H])[C@:32]([H])([O:33][C@@:34]3([H])[C@:35]([H])([O:36][H])[C@:37]([H])([O:38][H])[C@:39]([H])([O:40][C@@:41]4([H])[C@:42]([H])([O:43][H])[C@:44]([H])([O:45][H])[C@:46]([H])([O:47][H])[O:48][C@:49]4([H])[C:50]([H])([H])[O:51][H])[O:52][C@:53]3([H])[C:54]([H])([H])[O:55][H])[O:56][C@:57]2([H])[C:58]([H])([H])[O:59][H])[C@@]([H])(O[H])[C@@]([H])(O[H])[C@]1([H])O[C@]1([H])O[C@]([H])(C([H])([H])O[H])[C@@]([H])(O[H])[C@]([H])(O[H])[C@]1([H])O[H]>>[H]O[C@]1([H])O[C@]([H])(C([H])([H])[O:1][H])[C@@]([H])(O[H])[C@]([H])(O[H])[C@]1([H])O[H].[H][O:26][C@@:27]1([H])[C@:28]([H])([O:29][H])[C@:30]([H])([O:31][H])[C@:32]([H])([O:33][C@@:34]2([H])[C@:35]([H])([O:36][H])[C@:37]([H])([O:38][H])[C@:39]([H])([O:40][C@@:41]3([H])[C@:42]([H])([O:43][H])[C@:44]([H])([O:45][H])[C@:46]([H])([O:47][H])[O:48][C@:49]3([H])[C:50]([H])([H])[O:51][H])[O:52][C@:53]2([H])[C:54]([H])([H])[O:55][H])[O:56][C@:57]1([H])[C:58]([H])([H])[O:59][H],EVODEX-P23464
EVODEX-N9229,[H][O:14][C:15]([H])([H])[C@@:16]1([H])[O:17][C@@:18]([H])([O:19][C@@:20]2([H])[C@:21]([H])([O:22][H])[C@:23]([H])([O:24][H])[C@:25]([H])([O:26][C@@:27]3([H])[C@:28]([H])([O:29][H])[C@:30]([H])([O:31][H])[C@:32]([H])([O:33][C@@:34]4([H])[C@:35]([H])([O:36][H])[C@:37]([H])([O:38][H])[C@:39]([H])([O:40][C@@:41]5([H])[C@:42]([H])([O:43][H])[C@:44]([H])([O:45][H])[C@:46]([H])([O:47][H])[O:48][C@:49]5([H])[C:50]([H])([H])[O:51][H])[O:52][C@:53]4([H])[C:54]([H])([H])[O:55][H])[O:56][C@:57]3([H])[C:58]([H])([H])[O:59][H])[O:60][C@:61]2([H])[C:62]([H])([H])[O:63][H])[C@@:64]([H])([O:65][H])[C@@:66]([H])([O:67][H])[C@:68]1([H])[O:69][H].[H][O:2][C:3]([H])([H])[C@@:4]1([H])[O:5][C@@:6]([H])([O:7][H])[C@@:8]([H])([O:9][H])[C@@:10]([H])([O:11][H])[C@:12]1([H])[O:13][H]>>[H]O[C:3]([H])([H])[C@@:4]1([H])[O:5][C@@:6]([H])([O:7][H])[C@@:8]([H])([O:9][H])[C@@:10]([H])([O:11][H])[C@:12]1([H])[O:13][H].[H][O:26][C@@:27]1([H])[C@:28]([H])([O:29][H])[C@:30]([H])([O:31][H])[C@:32]([H])([O:33][C@@:34]2([H])[C@:35]([H])([O:36][H])[C@:37]([H])([O:38][H])[C@:39]([H])([O:40][C@@:41]3([H])[C@:42]([H])([O:43][H])[C@:44]([H])([O:45][H])[C@:46]([H])([O:47][H])[O:48][C@:49]3([H])[C:50]([H])([H])[O:51][H])[O:52][C@:53]2([H])[C:54]([H])([H])[O:55][H])[O:56][C@:57]1([H])[C:58]([H])([H])[O:59][H].[H][O:2][C@:25]1([H])[C@@:23]([H])([O:24][H])[C@@:21]([H])([O:22][H])[C@:20]([H])([O:19][C@:18]2([H])[O:17][C@:16]([H])([C:15]([H])([H])[O:14][H])[C@@:68]([H])([O:69][H])[C@:66]([H])([O:67][H])[C@:64]2([H])[O:65][H])[C@@:61]([H])([C:62]([H])([H])[O:63][H])[O:60]1,EVODEX-P23465
EVODEX-N9230,[H]OC([H])([H])[C@@]1([H])O[C@@]([H])(O[H])[C@@]([H])(O[H])[C@@]([H])(O[H])[C@]1([H])O[C@]1([H])O[C@]([H])(C([H])([H])O[H])[C@@]([H])(O[C@]2([H])O[C@]([H])(C([H])([H])O[H])[C@@]([H])(O[C@@:25]3([H])[C@@:23]([H])([O:24][H])[C@@:21]([H])([O:22][H])[C@:20]([H])([O:19][C@:18]4([H])[O:17][C@:16]([H])([C:15]([H])([H])[O:14][H])[C@@:68]([H])([O:69][H])[C@:66]([H])([O:67][H])[C@:64]4([H])[O:65][H])[C@@:61]([H])([C:62]([H])([H])[O:63][H])[O:60]3)[C@]([H])(O[H])[C@]2([H])O[H])[C@]([H])(O[H])[C@]1([H])O[H].[H]O[C@]1([H])O[C@]([H])(C([H])([H])[O:2][H])[C@@]([H])(O[H])[C@]([H])(O[H])[C@]1([H])O[H]>>[H][O:2][C@:25]1([H])[C@@:23]([H])([O:24][H])[C@@:21]([H])([O:22][H])[C@:20]([H])([O:19][C@:18]2([H])[O:17][C@:16]([H])([C:15]([H])([H])[O:14][H])[C@@:68]([H])([O:69][H])[C@:66]([H])([O:67][H])[C@:64]2([H])[O:65][H])[C@@:61]([H])([C:62]([H])([H])[O:63][H])[O:60]1,EVODEX-P23466
EVODEX-N9231,[H][O:1][H].[H]OC([H])([H])[C@@]1([H])O[C@@]([H])(O[H])[C@@]([H])(O[H])[C@@]([H])(O[H])[C@]1([H])O[C@]1([H])O[C@]([H])(C([H])([H])O[H])[C@@]([H])(O[C@]2([H])O[C@]([H])(C([H])([H])O[H])[C@@]([H])(O[C@@:25]3([H])[C@@:23]([H])([O:24][H])[C@@:21]([H])([O:22][H])[C@:20]([H])([O:19][C@:18]4([H])[O:17][C@:16]([H])([C:15]([H])([H])[O:14][H])[C@@:68]([H])([O:69][H])[C@:66]([H])([O:67][H])[C@:64]4([H])[O:65][H])[C@@:61]([H])([C:62]([H])([H])[O:63][H])[O:60]3)[C@]([H])(O[H])[C@]2([H])O[H])[C@]([H])(O[H])[C@]1([H])O[H]>>[H]O[C@]1([H])O[C@]([H])(C([H])([H])[O:1][H])[C@@]([H])(O[H])[C@]([H])(O[H])[C@]1([H])O[H].[H]O[C@:25]1([H])[C@@:23]([H])([O:24][H])[C@@:21]([H])([O:22][H])[C@:20]([H])([O:19][C@:18]2([H])[O:17][C@:16]([H])([C:15]([H])([H])[O:14][H])[C@@:68]([H])([O:69][H])[C@:66]([H])([O:67][H])[C@:64]2([H])[O:65][H])[C@@:61]([H])([C:62]([H])([H])[O:63][H])[O:60]1,EVODEX-P23467
EVODEX-N9232,[H]OC([H])([H])[C@@]1([H])O[C@@]([H])([O:26][C@@:27]2([H])[C@:28]([H])([O:29][H])[C@:30]([H])([O:31][H])[C@:32]([H])([O:33][C@@:34]3([H])[C@:35]([H])([O:36][H])[C@:37]([H])([O:38][H])[C@:39]([H])([O:40][C@@:41]4([H])[C@:42]([H])([O:43][H])[C@:44]([H])([O:45][H])[C@:46]([H])([O:47][H])[O:48][C@:49]4([H])[C:50]([H])([H])[O:51][H])[O:52][C@:53]3([H])[C:54]([H])([H])[O:55][H])[O:56][C@:57]2([H])[C:58]([H])([H])[O:59][H])[C@@]([H])(O[H])[C@@]([H])(O[H])[C@]1([H])O[C@]1([H])O[C@]([H])(C([H])([H])O[H])[C@@]([H])(O[H])[C@]([H])(O[H])[C@]1([H])O[H].[H]O[C:3]([H])([H])[C@@:4]1([H])[O:5][C@@:6]([H])([O:7][H])[C@@:8]([H])([O:9][H])[C@@:10]([H])([O:11][H])[C@:12]1([H])[O:13][H]>>[H]O[C:3]([H])([H])[C@@:4]1([H])[O:5][C@@:6]([H])([O:7][H])[C@@:8]([H])([O:9][H])[C@@:10]([H])([O:11][H])[C@:12]1([H])[O:13][H].[H][O:26][C@@:27]1([H])[C@:28]([H])([O:29][H])[C@:30]([H])([O:31][H])[C@:32]([H])([O:33][C@@:34]2([H])[C@:35]([H])([O:36][H])[C@:37]([H])([O:38][H])[C@:39]([H])([O:40][C@@:41]3([H])[C@:42]([H])([O:43][H])[C@:44]([H])([O:45][H])[C@:46]([H])([O:47][H])[O:48][C@:49]3([H])[C:50]([H])([H])[O:51][H])[O:52][C@:53]2([H])[C:54]([H])([H])[O:55][H])[O:56][C@:57]1([H])[C:58]([H])([H])[O:59][H],EVODEX-P23468
EVODEX-N9233,[H]OC([H])([H])[C@@]1([H])O[C@@]([H])(O[H])[C@@]([H])(O[H])[C@@]([H])(O[H])[C@]1([H])O[C@]1([H])O[C@]([H])(C([H])([H])O[H])[C@@]([H])(O[C@]2([H])O[C@]([H])(C([H])([H])O[H])[C@@]([H])(O[C@@:25]3([H])[C@@:23]([H])([O:24][H])[C@@:21]([H])([O:22][H])[C@:20]([H])([O:19][C@:18]4([H])[O:17][C@:16]([H])([C:15]([H])([H])[O:14][H])[C@@:68]([H])([O:69][H])[C@:66]([H])([O:67][H])[C@:64]4([H])[O:65][H])[C@@:61]([H])([C:62]([H])([H])[O:63][H])[O:60]3)[C@]([H])(O[H])[C@]2([H])O[H])[C@]([H])(O[H])[C@]1([H])O[H].[H][O:2][C:3]([H])([H])[C@@:4]1([H])[O:5][C@@:6]([H])([O:7][H])[C@@:8]([H])([O:9][H])[C@@:10]([H])([O:11][H])[C@:12]1([H])[O:13][H]>>[H]O[C:3]([H])([H])[C@@:4]1([H])[O:5][C@@:6]([H])([O:7][H])[C@@:8]([H])([O:9][H])[C@@:10]([H])([O:11][H])[C@:12]1([H])[O:13][H].[H][O:2][C@:25]1([H])[C@@:23]([H])([O:24][H])[C@@:21]([H])([O:22][H])[C@:20]([H])([O:19][C@:18]2([H])[O:17][C@:16]([H])([C:15]([H])([H])[O:14][H])[C@@:68]([H])([O:69][H])[C@:66]([H])([O:67][H])[C@:64]2([H])[O:65][H])[C@@:61]([H])([C:62]([H])([H])[O:63][H])[O:60]1,EVODEX-P23469
EVODEX-N9234,[H][O:14][C:15]([H])([H])[C@@:16]1([H])[O:17][C@@:18]([H])([O:19][C@@:20]2([H])[C@:21]([H])([O:22][H])[C@:23]([H])([O:24][H])[C@:25]([H])([O:26][C@@:27]3([H])[C@:28]([H])([O:29][H])[C@:30]([H])([O:31][H])[C@:32]([H])([O:33][C@@:34]4([H])[C@:35]([H])([O:36][H])[C@:37]([H])([O:38][H])[C@:39]([H])([O:40][C@@:41]5([H])[C@:42]([H])([O:43][H])[C@:44]([H])([O:45][H])[C@:46]([H])([O:47][H])[O:48][C@:49]5([H])[C:50]([H])([H])[O:51][H])[O:52][C@:53]4([H])[C:54]([H])([H])[O:55][H])[O:56][C@:57]3([H])[C:58]([H])([H])[O:59][H])[O:60][C@:61]2([H])[C:62]([H])([H])[O:63][H])[C@@:64]([H])([O:65][H])[C@@:66]([H])([O:67][H])[C@:68]1([H])[O:69][H].[H]O[C@]1([H])O[C@]([H])(C([H])([H])[O:2][H])[C@@]([H])(O[H])[C@]([H])(O[H])[C@]1([H])O[H]>>[H][O:26][C@@:27]1([H])[C@:28]([H])([O:29][H])[C@:30]([H])([O:31][H])[C@:32]([H])([O:33][C@@:34]2([H])[C@:35]([H])([O:36][H])[C@:37]([H])([O:38][H])[C@:39]([H])([O:40][C@@:41]3([H])[C@:42]([H])([O:43][H])[C@:44]([H])([O:45][H])[C@:46]([H])([O:47][H])[O:48][C@:49]3([H])[C:50]([H])([H])[O:51][H])[O:52][C@:53]2([H])[C:54]([H])([H])[O:55][H])[O:56][C@:57]1([H])[C:58]([H])([H])[O:59][H].[H][O:2][C@:25]1([H])[C@@:23]([H])([O:24][H])[C@@:21]([H])([O:22][H])[C@:20]([H])([O:19][C@:18]2([H])[O:17][C@:16]([H])([C:15]([H])([H])[O:14][H])[C@@:68]([H])([O:69][H])[C@:66]([H])([O:67][H])[C@:64]2([H])[O:65][H])[C@@:61]([H])([C:62]([H])([H])[O:63][H])[O:60]1,EVODEX-P23470
EVODEX-N9235,[H]O[C:3]([H])([H])[C@@:4]1([H])[O:5][C@@:6]([H])([O:7][H])[C@@:8]([H])([O:9][H])[C@@:10]([H])([O:11][H])[C@:12]1([H])[O:13][H]>>[H]O[C:3]([H])([H])[C@@:4]1([H])[O:5][C@@:6]([H])([O:7][H])[C@@:8]([H])([O:9][H])[C@@:10]([H])([O:11][H])[C@:12]1([H])[O:13][H],EVODEX-P23471
EVODEX-N9236,[H][O:1][H:37].[H][O:2][H:39].[O:13][C@@:14]([C:15])([O:17])[C:29].[O:6][C@@:7]([C:8])([O:10])[C:33]>>[H][O:17].[H][O:10].[O:1]([C:14]([O:13])([C:15])[C:29])[H:37].[O:2]([C:7]([O:6])([C:8])[C:33])[H:39],EVODEX-P23472
EVODEX-N9237,[H]OC([H])([H])[C@@]1(O[H])O[C@]([H])(C([H])([H])O[C@@:14]([O:13])([C:15])[C:29])[C@@]([H])(O[H])[C@]1([H])O[H]>>[H].[H]O[C:14]([O:13])([C:15])[C:29].[H]O,EVODEX-P23473
EVODEX-N9238,[H][O:1][H:45].[H]OC([H])([H])[C@@]1([H])O[C@@]([H])(O[C@@]2([H])[C@@]3([H])OC([H])([H])[C@]2([H])O[C@@]([H])(O[H])[C@@]3([H])O[H])[C@]([H])(O[H])[C@@]([H])(O[C@]2([H])O[C@@]3([H])C([H])([H])O[C@]([H])([C@]3([H])O[C@:6]([O:5])([C:39])[H:51])[C@]2([H])O[H])[C@@]1([H])O[H]>>[O:1]([C@:6]([O:5])([C:39])[H:51])[H:45],EVODEX-P23479
EVODEX-N9239,[H]OC([H])([H])[C@@]1([H])O[C@@]([H])(O[C@@]2([H])[C@@]3([H])OC([H])([H])[C@]2([H])O[C@@]([H])(O[H])[C@@]3([H])O[H])[C@]([H])(O[H])[C@@]([H])(O[C@]2([H])O[C@@]3([H])C([H])([H])O[C@]([H])([C@]3([H])O[C@:6]([O:5])([C:39])[H:51])[C@]2([H])O[H])[C@@]1([H])O[H]>>[H]O[C@:6]([O:5])([C:39])[H:51],EVODEX-P23480
EVODEX-N9240,[H]OC([H])([H])[C@@]1([H])O[C@@]([H])(O[H])[C@]([H])(O[H])[C@@]([H])(O[C@]2([H])O[C@@]3([H])C([H])([H])O[C@]([H])([C@]3([H])O[C@]3([H])O[C@]([H])(C([H])([H])O[H])[C@]([H])(O[H])[C@]([H])(O[C@]4([H])O[C@@]5([H])C([H])([H])O[C@@]([H])([C@]4([H])O[H])[C@]5([H])[O:40][C:41])[C@@]3([H])O[H])[C@]2([H])O[H])[C@@]1([H])O[H]>>[H][O:40][C:41],EVODEX-P23483
EVODEX-N9241,[H][O:1][H:87]>>[H]OC([H])([H])[C@@]1([H])O[C@@]([H])(O[H])[C@]([H])(O[H])[C@@]([H])(O[C@]2([H])O[C@@]3([H])C([H])([H])O[C@]([H])([C@]3([H])O[C@]3([H])O[C@]([H])(C([H])([H])O[H])[C@]([H])(O[H])[C@]([H])(O[C@]4([H])O[C@@]5([H])C([H])([H])O[C@@]([H])([C@]4([H])O[H])[C@]5([H])[O:1][H:87])[C@@]3([H])O[H])[C@]2([H])O[H])[C@@]1([H])O[H],EVODEX-P23484
EVODEX-N9242,[H]O[C@@]1([H])[C@@]([H])(O[H])[C@@]([H])(C([H])([H])OP(=O)(O[H])O[H])O[C@@]([H])([O:11][C:12])[C@]1([H])O[H]>>[H][O:11][C:12],"EVODEX-P23488,EVODEX-P23512"
EVODEX-N9243,[H]OC1([H])O[C@]([H])(C([H])([H])OP(=O)(O[H])O[H])[C@@]([H])([O:17][C:18])[C@]([H])(O[H])[C@@]1([H])O[H]>>[H][O:17][C:18],EVODEX-P23493
EVODEX-N9244,[H]O[C@]1([H])[C@@]([H])(O[H])[C@]([H])(O[C:8](:[C:7]):[C:25])O[C@]([H])(C([H])([H])OP(=O)(O[H])O[H])[C@@]1([H])O[H].[H][O:1][H:43]>>[O:1]([C:8](:[C:7]):[C:25])[H:43],"EVODEX-P23497,EVODEX-P23709"
EVODEX-N9245,[H]O[C@]1([H])[C@@]([H])(O[H])[C@]([H])(O[C:8](:[C:7]):[C:25])O[C@]([H])(C([H])([H])OP(=O)(O[H])O[H])[C@@]1([H])O[H]>>[H]O[C:8](:[C:7]):[C:25],"EVODEX-P23498,EVODEX-P23711"
EVODEX-N9246,[H]OC([H])([H])[C@@]1([H])O[C@]([H])(O[C@@:10]([O:9])([C:23])[H:34])[C@]([H])(O[H])[C@@]([H])(O[H])[C@]1([H])O[H].[H][O:1][H:52]>>[O:1]([C:10]([O:9])([C:23])[H:34])[H:52],"EVODEX-P23511,EVODEX-P23598,EVODEX-P24026,EVODEX-P24032,EVODEX-P24172"
EVODEX-N9247,[H][O:1][H:135].[H]OC1([H])O[C@@]([H])(C([H])([H])O[C@@]2([H])O[C@]([H])(C([H])([H])OC3([H])O[C@@]([H])(C([H])([H])O[C@@]4([H])O[C@]([H])(C([H])([H])OC5([H])O[C@@]([H])(C([H])([H])O[C@@]6([H])O[C@]([H])(C([H])([H])OC7([H])O[C@@]([H])(C([H])([H])O[C@@]8([H])O[C@]([H])(C([H])([H])OC9([H])O[C@@]([H])(C([H])([H])O[C@@]%10([H])O[C@]([H])(C([H])([H])OC%11([H])O[C@@]([H])(C([H])([H])O[C@@:6]([O:5])([C:129])[H:141])[C@]([H])(O[H])[C@@]([H])(O[H])[C@]%11([H])O[H])[C@@]([H])(O[H])[C@]([H])(O[H])[C@@]%10([H])O[H])[C@]([H])(O[H])[C@@]([H])(O[H])[C@]9([H])O[H])[C@@]([H])(O[H])[C@]([H])(O[H])[C@@]8([H])O[H])[C@]([H])(O[H])[C@@]([H])(O[H])[C@]7([H])O[H])[C@@]([H])(O[H])[C@]([H])(O[H])[C@@]6([H])O[H])[C@]([H])(O[H])[C@@]([H])(O[H])[C@]5([H])O[H])[C@@]([H])(O[H])[C@]([H])(O[H])[C@@]4([H])O[H])[C@]([H])(O[H])[C@@]([H])(O[H])[C@]3([H])O[H])[C@@]([H])(O[H])[C@]([H])(O[H])[C@@]2([H])O[H])[C@]([H])(O[H])[C@@]([H])(O[H])[C@]1([H])O[H]>>[O:1]([C@@:6]([O:5])([C:129])[H:141])[H:135],EVODEX-P23516
EVODEX-N9248,[H]OC1([H])O[C@@]([H])(C([H])([H])O[C@@]2([H])O[C@]([H])(C([H])([H])OC3([H])O[C@@]([H])(C([H])([H])O[C@@]4([H])O[C@]([H])(C([H])([H])OC5([H])O[C@@]([H])(C([H])([H])O[C@@]6([H])O[C@]([H])(C([H])([H])OC7([H])O[C@@]([H])(C([H])([H])O[C@@]8([H])O[C@]([H])(C([H])([H])OC9([H])O[C@@]([H])(C([H])([H])O[C@@]%10([H])O[C@]([H])(C([H])([H])OC%11([H])O[C@@]([H])(C([H])([H])O[C@@:6]([O:5])([C:129])[H:141])[C@]([H])(O[H])[C@@]([H])(O[H])[C@]%11([H])O[H])[C@@]([H])(O[H])[C@]([H])(O[H])[C@@]%10([H])O[H])[C@]([H])(O[H])[C@@]([H])(O[H])[C@]9([H])O[H])[C@@]([H])(O[H])[C@]([H])(O[H])[C@@]8([H])O[H])[C@]([H])(O[H])[C@@]([H])(O[H])[C@]7([H])O[H])[C@@]([H])(O[H])[C@]([H])(O[H])[C@@]6([H])O[H])[C@]([H])(O[H])[C@@]([H])(O[H])[C@]5([H])O[H])[C@@]([H])(O[H])[C@]([H])(O[H])[C@@]4([H])O[H])[C@]([H])(O[H])[C@@]([H])(O[H])[C@]3([H])O[H])[C@@]([H])(O[H])[C@]([H])(O[H])[C@@]2([H])O[H])[C@]([H])(O[H])[C@@]([H])(O[H])[C@]1([H])O[H]>>[H]O[C@@:6]([O:5])([C:129])[H:141],EVODEX-P23517
EVODEX-N9249,[H][O:1][H:36].[H]O[C@@]1([H])O[C@]([H])(C([H])([H])O[C@@]2([H])O[C@]([H])(C([H])([H])O[C@@:6]([O:5])([C:30])[H:42])[C@@]([H])(O[H])[C@]([H])(O[H])[C@@]2([H])O[H])[C@@]([H])(O[H])[C@]([H])(O[H])[C@@]1([H])O[H]>>[O:1]([C:6]([O:5])([C:30])[H:42])[H:36],EVODEX-P23521
EVODEX-N9250,[H]O[C@@]1([H])O[C@]([H])(C([H])([H])O[C@@]2([H])O[C@]([H])(C([H])([H])O[C@@:6]([O:5])([C:30])[H:42])[C@@]([H])(O[H])[C@]([H])(O[H])[C@@]2([H])O[H])[C@@]([H])(O[H])[C@]([H])(O[H])[C@@]1([H])O[H]>>[H]O[C:6]([O:5])([C:30])[H:42],EVODEX-P23522
EVODEX-N9251,[H]OC(=O)[C@@]([H])(N([H])[H])C([H])([H])C(=O)N([H])[C@]1([H])O[C@]([H])(C([H])([H])O[H])[C@@]([H])([O:9][C:10])[C@]([H])(O[H])[C@@]1([H])N([H])C(=O)C([H])([H])[H]>>[H][O:9][C:10],EVODEX-P23525
EVODEX-N9252,[H]OC([H])([H])[C@@]1([H])O[C@]([H])(OC([H])([H])[C@@]2([H])O[C@]([H])(OC([H])([H])[C@@]3([H])O[C@@]([H])(O[C@@:8]([C:6])([C:90])[H:112])[C@]([H])(N([H])C(=O)C([H])([H])[H])[C@@]([H])(O[C@@]4([H])O[C@]([H])(C([H])([H])O[H])[C@@]([H])(O[H])[C@]([H])(O[H])[C@]4([H])O[C@@]4([H])O[C@]([H])(C([H])([H])O[H])[C@@]([H])(O[H])[C@]([H])(O[H])[C@]4([H])O[C@@]4([H])O[C@]([H])(C([H])([H])O[H])[C@@]([H])(O[H])[C@]([H])(O[H])[C@]4([H])O[H])[C@]3([H])O[H])[C@@]([H])(O[H])[C@@]([H])(O[C@@]3([H])O[C@]([H])(C([H])([H])O[H])[C@@]([H])(O[H])[C@]([H])(O[H])[C@]3([H])O[H])[C@]2([H])O[H])[C@@]([H])(O[H])[C@@]([H])(O[H])[C@]1([H])O[H].[H][O:104][H:199]>>[C:6][C@@:8]([C:90])([O:104][H:199])[H:112],EVODEX-P23526
EVODEX-N9253,[H][O:104][H:199]>>[H]OC(=O)[C@@]([H])(N([H])[H])C([H])([H])C(=O)N([H])[C@]1([H])O[C@]([H])(C([H])([H])O[H])[C@@]([H])([O:104][H:199])[C@]([H])(O[H])[C@@]1([H])N([H])C(=O)C([H])([H])[H],EVODEX-P23527
EVODEX-N9254,[H]OC([H])([H])[C@@]1([H])O[C@]([H])(OC([H])([H])[C@@]2([H])O[C@]([H])(OC([H])([H])[C@@]3([H])O[C@@]([H])(O[C@@:8]([C:6])([C:90])[H:112])[C@]([H])(N([H])C(=O)C([H])([H])[H])[C@@]([H])(O[C@@]4([H])O[C@]([H])(C([H])([H])O[H])[C@@]([H])(O[H])[C@]([H])(O[H])[C@]4([H])O[C@@]4([H])O[C@]([H])(C([H])([H])O[H])[C@@]([H])(O[H])[C@]([H])(O[H])[C@]4([H])O[C@@]4([H])O[C@]([H])(C([H])([H])O[H])[C@@]([H])(O[H])[C@]([H])(O[H])[C@]4([H])O[H])[C@]3([H])O[H])[C@@]([H])(O[H])[C@@]([H])(O[C@@]3([H])O[C@]([H])(C([H])([H])O[H])[C@@]([H])(O[H])[C@]([H])(O[H])[C@]3([H])O[H])[C@]2([H])O[H])[C@@]([H])(O[H])[C@@]([H])(O[H])[C@]1([H])O[H]>>[H]O[C@@:8]([C:6])([C:90])[H:112],EVODEX-P23528
EVODEX-N9255,[H][O:36][H:65]>>[H]OC([H])([H])[C@@]1([H])O[C@@]([H])(O[C@@]2([H])[C@@]([H])(O[H])[C@@]([H])(C([H])([H])O[H])O[C@@]([H])([O:36][H:65])[C@]2([H])N([H])C(=O)C([H])([H])[H])[C@]([H])(O[H])[C@@]([H])(O[H])[C@@]1([H])O[H],EVODEX-P23538
EVODEX-N9256,[H][O:1][H:66].[H]O[C@]1([H])O[C@@]([H])(C([H])([H])O[C@]2([H])O[C@@]([H])(C([H])([H])O[C@]3([H])O[C@@]([H])(C([H])([H])O[C@]4([H])O[C@@]([H])(C([H])([H])O[C@:16]([O:15])([C:54])[H:80])[C@]([H])(O[H])[C@@]4([H])O[H])[C@]([H])(O[H])[C@@]3([H])O[H])[C@]([H])(O[H])[C@@]2([H])O[H])[C@]([H])(O[H])[C@@]1([H])O[H]>>[O:1]([C@@:16]([O:15])([C:54])[H:80])[H:66],"EVODEX-P23543,EVODEX-P23550"
EVODEX-N9257,[H]O[C@]1([H])O[C@@]([H])(C([H])([H])O[C@]2([H])O[C@@]([H])(C([H])([H])O[C@]3([H])O[C@@]([H])(C([H])([H])O[C@]4([H])O[C@@]([H])(C([H])([H])O[C@:16]([O:15])([C:54])[H:80])[C@]([H])(O[H])[C@@]4([H])O[H])[C@]([H])(O[H])[C@@]3([H])O[H])[C@]([H])(O[H])[C@@]2([H])O[H])[C@]([H])(O[H])[C@@]1([H])O[H]>>[H]O[C@@:16]([O:15])([C:54])[H:80],"EVODEX-P23544,EVODEX-P23551"
EVODEX-N9258,[H][O:1][H:66]>>[H]OC([H])([H])[C@]1([H])O[C@@]([H])(OC([H])([H])[C@]2([H])O[C@@]([H])(OC([H])([H])[C@]3([H])O[C@]([H])([O:1][H:66])[C@]([H])(O[H])[C@@]3([H])O[H])[C@]([H])(O[H])[C@@]2([H])O[H])[C@]([H])(O[H])[C@@]1([H])O[H],EVODEX-P23545
EVODEX-N9259,[H]OC([H])([H])[C@]1([H])O[C@@]([H])(OC([H])([H])[C@]2([H])O[C@@]([H])(OC([H])([H])[C@]3([H])O[C@@]([H])([O:17][C:18])[C@]([H])(O[H])[C@@]3([H])O[H])[C@]([H])(O[H])[C@@]2([H])O[H])[C@]([H])(O[H])[C@@]1([H])O[H]>>[H][O:17][C:18],EVODEX-P23546
EVODEX-N9260,[H][O:1][H:36].[C:11][C@:13]([O:14])([O:26])[H:48].[H][O:29][C:28].[O:5][C@@:6]([O:7])([C:30])[H:42]>>[H][O:14].[H][O:7].[O:1]([C:13]([C:11])([O:26])[H:48])[H:36].[O:5][C@@:6]([O:29][C:28])([C:30])[H:42],EVODEX-P23553
EVODEX-N9261,[H][O:1][H:36].[H]OC([H])([H])[C@@]1([H])O[C@@]([H])(O[H])[C@@]([H])(O[H])[C@@]([H])(O[H])[C@]1([H])O[C@@:13]([C:11])([O:26])[H:48].[H][O:29][C:28].[O:5][C@@:6]([O:7])([C:30])[H:42]>>[H][O:7].[O:1]([C:13]([C:11])([O:26])[H:48])[H:36].[O:5][C@@:6]([O:29][C:28])([C:30])[H:42],EVODEX-P23554
EVODEX-N9262,[H]OC([H])([H])[C@@]1([H])O[C@@]([H])(O[H])[C@@]([H])(O[H])[C@@]([H])(O[H])[C@]1([H])O[C@@:13]([C:11])([O:26])[H:48].[H][O:29][C:28].[O:5][C@@:6]([O:7])([C:30])[H:42]>>[H]O[C:13]([C:11])([O:26])[H:48].[H][O:7].[O:5][C@@:6]([O:29][C:28])([C:30])[H:42],EVODEX-P23555
EVODEX-N9263,[H][O:29][C:28].[O:5][C@@:6]([O:7])([C:30])[H:42]>>[H].[H]O.[H][O:7].[O:5][C@@:6]([O:29][C:28])([C:30])[H:42],EVODEX-P23556
EVODEX-N9264,[H]O[C@@]1([H])O[C@]([H])(C([H])([H])O[C@@]2([H])O[C@]([H])(C([H])([H])O[C@@:12]([O:11])([C:36])[H:60])[C@@]([H])(O[H])[C@]([H])(O[H])[C@]2([H])O[H])[C@@]([H])(O[H])[C@]([H])(O[H])[C@]1([H])O[H]>>[H].[H]O[C:12]([O:11])([C:36])[H:60].[H]O,EVODEX-P23558
EVODEX-N9265,[H][O:1][H:48].[H][O:2][H:50].[H]O[C@@]1([H])O[C@]([H])(C([H])([H])O[C@@]2([H])O[C@]([H])(C([H])([H])O[C@@:12]([O:11])([C:36])[H:60])[C@@]([H])(O[H])[C@]([H])(O[H])[C@]2([H])O[H])[C@@]([H])(O[H])[C@]([H])(O[H])[C@]1([H])O[H].[O:6][C@:7]([O:8])([C:42])[H:56]>>[H][O:8].[O:1]([C:12]([O:11])([C:36])[H:60])[H:48].[O:2]([C:7]([O:6])([C:42])[H:56])[H:50],EVODEX-P23559
EVODEX-N9266,[H]O[C@]1([H])[C@]([H])(O[H])[C@@]([H])([O:13][C:14])O[C@]([H])(C([H])([H])O[C@@:7]([O:6])([C:42])[H:56])[C@@]1([H])O[H]>>[H][O:13][C:14].[H]O[C:7]([O:6])([C:42])[H:56],EVODEX-P23560
EVODEX-N9267,[H]OC([H])([H])[C@@]1([H])O[C@@]([H])(O[C@@]2([H])[C@@]([H])(O[H])[C@@]([H])(C([H])([H])O[H])O[C@@]([H])([O:16][C:17])[C@]2([H])O[H])[C@]([H])(N([H])C(=O)C([H])([H])[H])[C@@]([H])(O[C@]2([H])O[C@]([H])(C([H])([H])O[H])[C@]([H])(O[H])[C@]([H])(O[H])[C@@]2([H])O[H])[C@]1([H])O[H]>>[H][O:16][C:17],"EVODEX-P23563,EVODEX-P23575"
EVODEX-N9268,[H][O:58][H:107]>>[H]OC([H])([H])[C@@]1([H])O[C@@]([H])(O[C@@]2([H])[C@@]([H])(O[H])[C@@]([H])(C([H])([H])O[H])O[C@@]([H])([O:58][H:107])[C@]2([H])O[H])[C@]([H])(N([H])C(=O)C([H])([H])[H])[C@@]([H])(O[C@]2([H])O[C@]([H])(C([H])([H])O[H])[C@]([H])(O[H])[C@]([H])(O[H])[C@@]2([H])O[H])[C@]1([H])O[H],EVODEX-P23565
EVODEX-N9269,[H]OC([H])([H])[C@@]1([H])O[C@@]([H])(O[C@@]2([H])[C@@]([H])(O[H])[C@@]([H])(C([H])([H])O[H])O[C@@]([H])([O:16][C:17])[C@]2([H])O[H])[C@]([H])(N([H])C(=O)C([H])([H])[H])[C@@]([H])(O[H])[C@]1([H])O[C@]1([H])O[C@]([H])(C([H])([H])O[H])[C@]([H])(O[H])[C@]([H])(O[H])[C@@]1([H])O[H]>>[H][O:16][C:17],EVODEX-P23569
EVODEX-N9270,[H][O:58][H:107]>>[H]OC([H])([H])[C@@]1([H])O[C@@]([H])(O[C@@]2([H])[C@@]([H])(O[H])[C@@]([H])(C([H])([H])O[H])O[C@@]([H])([O:58][H:107])[C@]2([H])O[H])[C@]([H])(N([H])C(=O)C([H])([H])[H])[C@@]([H])(O[H])[C@]1([H])O[C@]1([H])O[C@]([H])(C([H])([H])O[H])[C@]([H])(O[H])[C@]([H])(O[H])[C@@]1([H])O[H],EVODEX-P23571
EVODEX-N9271,[H]OC([H])([H])[C@]1([H])O[C@]([H])(O[C@@]2([H])[C@]([H])(O[H])[C@@]([H])(O[H])O[C@@]([H])(C([H])([H])O[H])[C@@]2([H])[O:18][C:19])[C@@]([H])(N([H])C(=O)C([H])([H])[H])[C@]([H])(O[H])[C@@]1([H])O[C@]1([H])O[C@]([H])(C([H])([H])O[H])[C@]([H])(O[H])[C@]([H])(O[H])[C@@]1([H])O[H]>>[H][O:18][C:19],EVODEX-P23580
EVODEX-N9272,[H]OC([H])([H])[C@]([H])(O[H])[C@@]([H])(O[H])[C@@]([H])(O[C@@:17]([C:8])([C:14])[H:65])[C@]([H])(O[H])C([H])([H])O[H].[H][O:49][H:97]>>[C:8][C@:17]([C:14])([O:49][H:97])[H:65],EVODEX-P23581
EVODEX-N9273,[H]OC([H])([H])[C@]([H])(O[H])[C@@]([H])(O[H])[C@@]([H])(O[C@@:17]([C:8])([C:14])[H:65])[C@]([H])(O[H])C([H])([H])O[H]>>[H]O[C@:17]([C:8])([C:14])[H:65],EVODEX-P23582
EVODEX-N9274,[H]C1=C2C([H])([H])[C@@]([H])([O:19][C:20])C([H])([H])C([H])([H])[C@]2(C([H])([H])[H])[C@@]2([H])C([H])([H])C([H])([H])[C@@]3(C([H])([H])[H])[C@@]([H])(C([H])([H])C([H])([H])[C@]3([H])[C@]([H])(C([H])([H])[H])C([H])([H])C([H])([H])C([H])([H])C([H])(C([H])([H])[H])C([H])([H])[H])[C@]2([H])C1([H])[H]>>[H][O:19][C:20],EVODEX-P23585
EVODEX-N9275,[H][O:40][H:97]>>[H]C1=C2C([H])([H])[C@@]([H])([O:40][H:97])C([H])([H])C([H])([H])[C@]2(C([H])([H])[H])[C@@]2([H])C([H])([H])C([H])([H])[C@@]3(C([H])([H])[H])[C@@]([H])(C([H])([H])C([H])([H])[C@]3([H])[C@]([H])(C([H])([H])[H])C([H])([H])C([H])([H])C([H])([H])C([H])(C([H])([H])[H])C([H])([H])[H])[C@]2([H])C1([H])[H],EVODEX-P23587
EVODEX-N9276,[H]C1=C2C([H])([H])[C@@]([H])([O:18][C:19])C([H])([H])C([H])([H])[C@]2(C([H])([H])[H])[C@@]2([H])C([H])([H])C([H])([H])[C@@]3(C([H])([H])[H])[C@@]([H])(C([H])([H])C([H])([H])[C@]3([H])[C@]([H])(C([H])([H])[H])C([H])([H])C([H])([H])[C@@]([H])(C([H])([H])C([H])([H])[H])C([H])(C([H])([H])[H])C([H])([H])[H])[C@]2([H])C1([H])[H]>>[H][O:18][C:19],EVODEX-P23591
EVODEX-N9277,[H][O:42][H:103]>>[H]C1=C2C([H])([H])[C@@]([H])([O:42][H:103])C([H])([H])C([H])([H])[C@]2(C([H])([H])[H])[C@@]2([H])C([H])([H])C([H])([H])[C@@]3(C([H])([H])[H])[C@@]([H])(C([H])([H])C([H])([H])[C@]3([H])[C@]([H])(C([H])([H])[H])C([H])([H])C([H])([H])[C@@]([H])(C([H])([H])C([H])([H])[H])C([H])(C([H])([H])[H])C([H])([H])[H])[C@]2([H])C1([H])[H],EVODEX-P23593
EVODEX-N9278,[H]C([H])=C([H])[C@]1([H])[C@]([H])(C([H])([H])[C@@]2([H])C3:C(:C4:C([H]):C([H]):C([H]):C([H]):C:4:N:3[H])C([H])([H])C([H])([H])N2[H])C(C(=O)OC([H])([H])[H])=C([H])O[C@@]1([H])[O:5][C:6]>>[H][O:5][C:6],EVODEX-P23597
EVODEX-N9279,[H][O:39][H:74]>>[H]C([H])=C([H])[C@]1([H])[C@]([H])(C([H])([H])[C@@]2([H])C3:C(:C4:C([H]):C([H]):C([H]):C([H]):C:4:N:3[H])C([H])([H])C([H])([H])N2[H])C(C(=O)OC([H])([H])[H])=C([H])O[C@@]1([H])[O:39][H:74],EVODEX-P23599
EVODEX-N9280,[H]OC([H])([H])[C@@]1([H])O[C@@]([H])(O[C@@:4]([C:3])([O:17])[H:44])[C@]([H])(O[H])[C@@]([H])(O[H])[C@]1([H])O[H]>>[H]O[C@@:4]([C:3])([O:17])[H:44],"EVODEX-P23600,EVODEX-P24028,EVODEX-P24034,EVODEX-P24174"
EVODEX-N9281,[H]C([H])=C([H])[C@]1([H])[C@@]([H])(O[C@@:6]([O:7])([C:15])[H:46])OC([H])=C(C(=O)OC([H])([H])[H])[C@]1([H])C([H])([H])[C@]1([H])C2:C(:C3:C(C([H])([H])[H]):C([H]):C([H]):C([H]):C:3:N:2[H])C([H])([H])C([H])([H])N1[H].[H][O:40][H:77]>>[C@@:6]([O:7])([C:15])([O:40][H:77])[H:46],EVODEX-P23604
EVODEX-N9282,[H]C([H])=C([H])[C@]1([H])[C@@]([H])(O[C@@:6]([O:7])([C:15])[H:46])OC([H])=C(C(=O)OC([H])([H])[H])[C@]1([H])C([H])([H])[C@]1([H])C2:C(:C3:C(C([H])([H])[H]):C([H]):C([H]):C([H]):C:3:N:2[H])C([H])([H])C([H])([H])N1[H]>>[H]O[C@@:6]([O:7])([C:15])[H:46],EVODEX-P23605
EVODEX-N9283,[H]OC1([H])O[C@]([H])(C([H])([H])O[H])[C@@]([H])(O[C@]2([H])O[C@]([H])(C([H])([H])O[H])[C@@]([H])(O[C@]3([H])O[C@]([H])(C([H])([H])O[C@@]4([H])O[C@]([H])(C([H])([H])O[C@@]5([H])O[C@]([H])(C([H])([H])O[H])[C@@]([H])(O[H])[C@]([H])(O[H])[C@]5([H])O[C@@]5([H])O[C@]([H])(C([H])([H])O[H])[C@@]([H])(O[H])[C@]([H])(O[H])[C@]5([H])O[H])[C@@]([H])(O[H])[C@]([H])(O[C@@]5([H])O[C@]([H])(C([H])([H])O[H])[C@@]([H])(O[H])[C@]([H])(O[H])[C@]5([H])[O:74][C:75])[C@]4([H])O[H])[C@@]([H])(O[H])[C@]([H])(O[C@@]4([H])O[C@]([H])(C([H])([H])O[H])[C@@]([H])(O[H])[C@]([H])(O[H])[C@]4([H])O[C@@]4([H])O[C@]([H])(C([H])([H])O[H])[C@@]([H])(O[H])[C@]([H])(O[H])[C@]4([H])O[C@@]4([H])O[C@]([H])(C([H])([H])O[H])[C@@]([H])(O[H])[C@]([H])(O[C@@]5([H])O[C@]([H])(C([H])([H])O[H])[C@@]([H])(O[H])[C@]([H])(O[C@@]6([H])O[C@]([H])(C([H])([H])O[H])[C@@]([H])(O[H])[C@]([H])(O[H])[C@@]6([H])O[C@@]6([H])O[C@]([H])(C([H])([H])O[H])[C@@]([H])(O[H])[C@]([H])(O[H])[C@@]6([H])O[H])[C@@]5([H])O[H])[C@]4([H])O[H])[C@]3([H])O[H])[C@]([H])(O[H])[C@@]2([H])N([H])C(=O)C([H])([H])[H])[C@]([H])(O[H])[C@@]1([H])N([H])C(=O)C([H])([H])[H]>>[H][O:74][C:75],EVODEX-P23608
EVODEX-N9284,[H][O:162][H:311]>>[H]OC1([H])O[C@]([H])(C([H])([H])O[H])[C@@]([H])(O[C@]2([H])O[C@]([H])(C([H])([H])O[H])[C@@]([H])(O[C@]3([H])O[C@]([H])(C([H])([H])O[C@@]4([H])O[C@]([H])(C([H])([H])O[C@@]5([H])O[C@]([H])(C([H])([H])O[H])[C@@]([H])(O[H])[C@]([H])(O[H])[C@]5([H])O[C@@]5([H])O[C@]([H])(C([H])([H])O[H])[C@@]([H])(O[H])[C@]([H])(O[H])[C@]5([H])O[H])[C@@]([H])(O[H])[C@]([H])(O[C@@]5([H])O[C@]([H])(C([H])([H])O[H])[C@@]([H])(O[H])[C@]([H])(O[H])[C@]5([H])[O:162][H:311])[C@]4([H])O[H])[C@@]([H])(O[H])[C@]([H])(O[C@@]4([H])O[C@]([H])(C([H])([H])O[H])[C@@]([H])(O[H])[C@]([H])(O[H])[C@]4([H])O[C@@]4([H])O[C@]([H])(C([H])([H])O[H])[C@@]([H])(O[H])[C@]([H])(O[H])[C@]4([H])O[C@@]4([H])O[C@]([H])(C([H])([H])O[H])[C@@]([H])(O[H])[C@]([H])(O[C@@]5([H])O[C@]([H])(C([H])([H])O[H])[C@@]([H])(O[H])[C@]([H])(O[C@@]6([H])O[C@]([H])(C([H])([H])O[H])[C@@]([H])(O[H])[C@]([H])(O[H])[C@@]6([H])O[C@@]6([H])O[C@]([H])(C([H])([H])O[H])[C@@]([H])(O[H])[C@]([H])(O[H])[C@@]6([H])O[H])[C@@]5([H])O[H])[C@]4([H])O[H])[C@]3([H])O[H])[C@]([H])(O[H])[C@@]2([H])N([H])C(=O)C([H])([H])[H])[C@]([H])(O[H])[C@@]1([H])N([H])C(=O)C([H])([H])[H],EVODEX-P23610
EVODEX-N9285,[H]OC([H])([H])[C@@]1([H])O[C@]([H])(OC([H])([H])C([H])([H])C([H])([H])C([H])([H])C([H])([H])C([H])([H])C([H])([H])C([H])([H])C(=O)OC([H])([H])[H])[C@]([H])(O[H])[C@@]([H])(O[C@@]2([H])O[C@]([H])(C([H])([H])O[H])[C@@]([H])(O[H])[C@]([H])(O[H])[C@@]2([H])[O:33][C:34])[C@]1([H])O[H]>>[H][O:33][C:34],EVODEX-P23614
EVODEX-N9286,[H][O:47][H:98]>>[H]OC([H])([H])[C@@]1([H])O[C@]([H])(OC([H])([H])C([H])([H])C([H])([H])C([H])([H])C([H])([H])C([H])([H])C([H])([H])C([H])([H])C(=O)OC([H])([H])[H])[C@]([H])(O[H])[C@@]([H])(O[C@@]2([H])O[C@]([H])(C([H])([H])O[H])[C@@]([H])(O[H])[C@]([H])(O[H])[C@@]2([H])[O:47][H:98])[C@]1([H])O[H],EVODEX-P23616
EVODEX-N9287,[H]OC(=O)[C@@]([H])(N([H])[H])C([H])([H])C([H])([H])C([H])(O[C@]1([H])O[C@]([H])(C([H])([H])O[H])[C@]([H])(O[H])[C@]([H])(O[H])[C@@]1([H])[O:22][C:23])C([H])([H])N([H])[H]>>[H][O:22][C:23],EVODEX-P23620
EVODEX-N9288,[H][O:34][H:69]>>[H]OC(=O)[C@@]([H])(N([H])[H])C([H])([H])C([H])([H])C([H])(O[C@]1([H])O[C@]([H])(C([H])([H])O[H])[C@]([H])(O[H])[C@]([H])(O[H])[C@@]1([H])[O:34][H:69])C([H])([H])N([H])[H],EVODEX-P23622
EVODEX-N9289,[H]OC([H])([H])[C@@]([H])(O[H])[C@@]([H])(O[H])[C@]([H])(O[H])[C@]([H])(C([H])=O)[O:5][C:6]>>[H][O:5][C:6],EVODEX-P23626
EVODEX-N9290,[H][O:7][C:6][C@:8]([O:9])([C:41])[H:55].[O:17][C@:18]([O:19])([C:27])[H:64].[H][O:47][H:93]>>[C:6]([O:7][C@:18]([O:19])([C:27])[H:64])[C@@:8]([C:41])([O:47][H:93])[H:55].[H][O:17].[H][O:9],EVODEX-P23630
EVODEX-N9291,[H]OC([H])([H])[C@@]1([H])O[C@@]([H])(O[H])[C@]([H])(N([H])C(=O)C([H])([H])[H])[C@@]([H])(O[H])[C@]1([H])[O:9][C:10].[H]OC([H])([H])[C@@]1([H])O[C@@]([H])([O:17][C:16])[C@]([H])(O[C@]2([H])O[C@@]([H])(C([H])([H])[H])[C@@]([H])(O[H])[C@@]([H])(O[H])[C@]2([H])O[H])[C@@]([H])(O[H])[C@@]1([H])O[H]>>[H][O:17][C:16].[H][O:9][C:10],EVODEX-P23631
EVODEX-N9292,[H]O[C@@]1([H])[C@@]([H])(O[C@:18]([O:19])([C:27])[H:64])[C@]([H])(O[H])[C@]([H])(O[C@@:8]([C:6][O:7][H])([C:41])[H:55])O[C@@]1([H])C([H])([H])[H].[H][O:47][H:93]>>[C:6]([O:7][C@:18]([O:19])([C:27])[H:64])[C@@:8]([C:41])([O:47][H:93])[H:55],EVODEX-P23632
EVODEX-N9293,[H][O:47][H:93]>>[H]OC([H])([H])[C@@]1([H])O[C@@]([H])(O[C@]2([H])[C@@]([H])(N([H])C(=O)C([H])([H])[H])[C@]([H])(O[H])O[C@]([H])(C([H])([H])O[H])[C@@]2([H])[O:47][H:93])[C@]([H])(O[C@]2([H])O[C@@]([H])(C([H])([H])[H])[C@@]([H])(O[H])[C@@]([H])(O[H])[C@]2([H])O[H])[C@@]([H])(O[H])[C@@]1([H])O[H],EVODEX-P23633
EVODEX-N9294,[H]O[C@@]1([H])[C@@]([H])(O[C@:18]([O:19])([C:27])[H:64])[C@]([H])(O[H])[C@]([H])(O[C@@:8]([C:6][O:7][H])([C:41])[H:55])O[C@@]1([H])C([H])([H])[H]>>[H]O[C@@:8]([C:6][O:7][C@:18]([O:19])([C:27])[H:64])([C:41])[H:55],EVODEX-P23634
EVODEX-N9295,[H][O:7][C:6].[O:17][C@:18]([O:19])([C:27])[H:64]>>[C:6][O:7][C@:18]([O:19])([C:27])[H:64].[H]O.[H].[H][O:17],"EVODEX-P23635,EVODEX-P23867,EVODEX-P23872"
EVODEX-N9296,[H]OC([H])([H])[C@@]1([H])O[C@@]([H])(O[C@]2([H])[C@]([H])(O[H])[C@]([H])(C([H])([H])[H])O[C@@]([H])(O[C@:8]([C:6])([C:41])[H:55])[C@@]2([H])O[H])[C@]([H])(O[C@]2([H])O[C@@]([H])(C([H])([H])[H])[C@@]([H])(O[H])[C@@]([H])(O[H])[C@]2([H])O[H])[C@@]([H])(O[H])[C@@]1([H])O[H].[H][O:47][H:93]>>[C:6][C@:8]([C:41])([O:47][H:93])[H:55],EVODEX-P23638
EVODEX-N9297,[H]OC([H])([H])[C@@]1([H])O[C@@]([H])(O[C@]2([H])[C@]([H])(O[H])[C@]([H])(C([H])([H])[H])O[C@@]([H])(O[C@:8]([C:6])([C:41])[H:55])[C@@]2([H])O[H])[C@]([H])(O[C@]2([H])O[C@@]([H])(C([H])([H])[H])[C@@]([H])(O[H])[C@@]([H])(O[H])[C@]2([H])O[H])[C@@]([H])(O[H])[C@@]1([H])O[H]>>[H]O[C@:8]([C:6])([C:41])[H:55],EVODEX-P23639
EVODEX-N9298,[H]OC([H])([H])[C@@]1([H])O[C@]([H])(O[C:8](:[C:7]):[C:20])C([H])([H])[C@@]([H])(O[H])[C@]1([H])O[H].[H][O:1][H:37]>>[O:1]([C:8](:[C:7]):[C:20])[H:37],EVODEX-P23643
EVODEX-N9299,[H]OC([H])([H])[C@@]1([H])O[C@]([H])(O[C:8](:[C:7]):[C:20])C([H])([H])[C@@]([H])(O[H])[C@]1([H])O[H]>>[H]O[C:8](:[C:7]):[C:20],EVODEX-P23644
EVODEX-N9300,[H]OC([H])([H])[C@@]1([H])O[C@]([H])(OC([H])([H])[C@@]2([H])O[C@]([H])(OC([H])([H])[C@@]3([H])O[C@@]([H])(O[H])[C@]([H])(N([H])C(=O)C([H])([H])[H])[C@@]([H])(O[C@@]4([H])O[C@]([H])(C([H])([H])O[H])[C@@]([H])(O[H])[C@]([H])(O[H])[C@]4([H])O[C@@]4([H])O[C@]([H])(C([H])([H])O[H])[C@@]([H])(O[H])[C@]([H])(O[H])[C@]4([H])[O:29][C:30])[C@]3([H])O[H])[C@@]([H])(O[H])[C@@]([H])(O[C@@]3([H])O[C@]([H])(C([H])([H])O[H])[C@@]([H])(O[H])[C@]([H])(O[H])[C@]3([H])O[H])[C@]2([H])O[H])[C@@]([H])(O[H])[C@@]([H])(O[H])[C@]1([H])O[H]>>[H][O:29][C:30],EVODEX-P23647
EVODEX-N9301,[H][O:82][H:158]>>[H]OC([H])([H])[C@@]1([H])O[C@]([H])(OC([H])([H])[C@@]2([H])O[C@]([H])(OC([H])([H])[C@@]3([H])O[C@@]([H])(O[H])[C@]([H])(N([H])C(=O)C([H])([H])[H])[C@@]([H])(O[C@@]4([H])O[C@]([H])(C([H])([H])O[H])[C@@]([H])(O[H])[C@]([H])(O[H])[C@]4([H])O[C@@]4([H])O[C@]([H])(C([H])([H])O[H])[C@@]([H])(O[H])[C@]([H])(O[H])[C@]4([H])[O:82][H:158])[C@]3([H])O[H])[C@@]([H])(O[H])[C@@]([H])(O[C@@]3([H])O[C@]([H])(C([H])([H])O[H])[C@@]([H])(O[H])[C@]([H])(O[H])[C@]3([H])O[H])[C@]2([H])O[H])[C@@]([H])(O[H])[C@@]([H])(O[H])[C@]1([H])O[H],EVODEX-P23649
EVODEX-N9302,[H]OC([H])([H])[C@@]1([H])O[C@]([H])(OC([H])([H])[C@@]2([H])O[C@@]([H])(O[C@@]3([H])[C@]([H])(O[H])[C@@]([H])(N([H])C(=O)C([H])([H])[H])[C@]([H])(O[C@@]4([H])[C@]([H])(O[H])[C@@]([H])(N([H])C(=O)C([H])([H])[H])[C@]([H])(O[H])O[C@]4([H])C([H])([H])O[H])O[C@]3([H])C([H])([H])O[H])[C@@]([H])(O[H])[C@@]([H])(O[C@@]3([H])O[C@]([H])(C([H])([H])O[H])[C@@]([H])(O[H])[C@]([H])(O[H])[C@]3([H])O[C@@]3([H])O[C@]([H])(C([H])([H])O[H])[C@@]([H])(O[H])[C@]([H])(O[H])[C@]3([H])[O:58][C:59])[C@]2([H])O[H])[C@@]([H])(O[H])[C@@]([H])(O[H])[C@]1([H])O[H]>>[H][O:58][C:59],EVODEX-P23653
EVODEX-N9303,[H][O:85][H:164]>>[H]OC([H])([H])[C@@]1([H])O[C@]([H])(OC([H])([H])[C@@]2([H])O[C@@]([H])(O[C@@]3([H])[C@]([H])(O[H])[C@@]([H])(N([H])C(=O)C([H])([H])[H])[C@]([H])(O[C@@]4([H])[C@]([H])(O[H])[C@@]([H])(N([H])C(=O)C([H])([H])[H])[C@]([H])(O[H])O[C@]4([H])C([H])([H])O[H])O[C@]3([H])C([H])([H])O[H])[C@@]([H])(O[H])[C@@]([H])(O[C@@]3([H])O[C@]([H])(C([H])([H])O[H])[C@@]([H])(O[H])[C@]([H])(O[H])[C@]3([H])O[C@@]3([H])O[C@]([H])(C([H])([H])O[H])[C@@]([H])(O[H])[C@]([H])(O[H])[C@]3([H])[O:85][H:164])[C@]2([H])O[H])[C@@]([H])(O[H])[C@@]([H])(O[H])[C@]1([H])O[H],EVODEX-P23655
EVODEX-N9304,[H]OC([H])([H])[C@@]1([H])O[C@]([H])(OC([H])([H])[C@@]2([H])O[C@]([H])(OC([H])([H])[C@@]3([H])O[C@]([H])(OC([H])([H])[C@@]4([H])O[C@]([H])(O[H])[C@]([H])(O[H])[C@@]([H])(O[H])[C@]4([H])O[H])[C@]([H])(O[H])[C@@]([H])(O[H])[C@]3([H])O[H])[C@]([H])([O:36][C:37])[C@@]([H])(O[H])[C@]2([H])O[H])[C@]([H])(O[H])[C@@]([H])(O[H])[C@]1([H])O[H]>>[H][O:36][C:37],EVODEX-P23659
EVODEX-N9305,[H][O:1][H:58]>>[H]OC([H])([H])[C@@]1([H])O[C@]([H])(OC([H])([H])[C@@]2([H])O[C@]([H])(OC([H])([H])[C@@]3([H])O[C@]([H])(OC([H])([H])[C@@]4([H])O[C@]([H])(O[H])[C@]([H])(O[H])[C@@]([H])(O[H])[C@]4([H])O[H])[C@]([H])(O[H])[C@@]([H])(O[H])[C@]3([H])O[H])[C@]([H])([O:1][H:58])[C@@]([H])(O[H])[C@]2([H])O[H])[C@]([H])(O[H])[C@@]([H])(O[H])[C@]1([H])O[H],EVODEX-P23662
EVODEX-N9306,[H][O:1][H:47].[H]OC([H])([H])[C@@]1([H])O[C@]([H])(OC([H])([H])[C@@]2([H])O[C@]([H])(OC([H])([H])[C@@]3([H])O[C@]([H])(O[H])[C@]([H])(O[H])[C@@]([H])(O[H])[C@]3([H])O[H])[C@]([H])(O[H])[C@@]([H])(O[H])[C@]2([H])O[H])[C@]([H])(O[C@@:6]([O:5])([C:41])[H:53])[C@@]([H])(O[H])[C@]1([H])O[H]>>[O:1]([C@@:6]([O:5])([C:41])[H:53])[H:47],EVODEX-P23666
EVODEX-N9307,[H]OC([H])([H])[C@@]1([H])O[C@]([H])(OC([H])([H])[C@@]2([H])O[C@]([H])(OC([H])([H])[C@@]3([H])O[C@]([H])(O[H])[C@]([H])(O[H])[C@@]([H])(O[H])[C@]3([H])O[H])[C@]([H])(O[H])[C@@]([H])(O[H])[C@]2([H])O[H])[C@]([H])(O[C@@:6]([O:5])([C:41])[H:53])[C@@]([H])(O[H])[C@]1([H])O[H]>>[H]O[C@@:6]([O:5])([C:41])[H:53],EVODEX-P23667
EVODEX-N9308,[H][O:1][H:58].[H]OC([H])([H])[C@@]1([H])O[C@]([H])(O[C@@]2([H])[C@]([H])(O[H])[C@@]([H])(O[H])[C@@]([H])(O[C@@]3([H])[C@]([H])(O[H])[C@@]([H])(O[H])[C@@]([H])(O[H])O[C@]3([H])C([H])([H])O[H])O[C@]2([H])C([H])([H])O[C@:13]([C:11])([O:48])[H:70])[C@]([H])(O[H])[C@@]([H])(O[H])[C@]1([H])O[H]>>[O:1]([C@:13]([C:11])([O:48])[H:70])[H:58],EVODEX-P23671
EVODEX-N9309,[H]OC([H])([H])[C@@]1([H])O[C@]([H])(O[C@@]2([H])[C@]([H])(O[H])[C@@]([H])(O[H])[C@@]([H])(O[C@@]3([H])[C@]([H])(O[H])[C@@]([H])(O[H])[C@@]([H])(O[H])O[C@]3([H])C([H])([H])O[H])O[C@]2([H])C([H])([H])O[C@:13]([C:11])([O:48])[H:70])[C@]([H])(O[H])[C@@]([H])(O[H])[C@]1([H])O[H]>>[H]O[C@:13]([C:11])([O:48])[H:70],EVODEX-P23672
EVODEX-N9310,[H]O[C@]1([H])[C@@]([H])(O[H])[C@]([H])(O[C@@]([H])(C#N)C2:C([H]):C([H]):C([H]):C([H]):C:2[H])O[C@]([H])(C([H])([H])[O:9][C:10])[C@@]1([H])O[H]>>[H][O:9][C:10],EVODEX-P23676
EVODEX-N9311,[H][O:33][H:61]>>[H]O[C@]1([H])[C@@]([H])(O[H])[C@]([H])(O[C@@]([H])(C#N)C2:C([H]):C([H]):C([H]):C([H]):C:2[H])O[C@]([H])(C([H])([H])[O:33][H:61])[C@@]1([H])O[H],EVODEX-P23678
EVODEX-N9312,[H][O:1][H:25].[H]C1:C(O[C@:6]([O:5])([C:19])[H:31]):C([H]):C2:C([H]):C([H]):C(Br):C([H]):C:2:C:1[H]>>[O:1]([C@:6]([O:5])([C:19])[H:31])[H:25],EVODEX-P23683
EVODEX-N9313,[H]C1:C(O[C@:6]([O:5])([C:19])[H:31]):C([H]):C2:C([H]):C([H]):C(Br):C([H]):C:2:C:1[H]>>[H]O[C@:6]([O:5])([C:19])[H:31],EVODEX-P23684
EVODEX-N9314,[H]C1:C([H]):C([H]):C([C@]([H])(C#N)[O:4][C:5]):C([H]):C:1[H]>>[H][O:4][C:5],"EVODEX-P23687,EVODEX-P23693"
EVODEX-N9315,[H][O:22][H:40]>>[H]C1:C([H]):C([H]):C([C@]([H])(C#N)[O:22][H:40]):C([H]):C:1[H],EVODEX-P23689
EVODEX-N9316,[H]O[C@]1([H])[C@@]([H])(O[H])[C@]([H])(O[C@@:3]([C:2])([C:25])[H:32])O[C@]([H])(C([H])([H])O[C@]2([H])OC([H])([H])[C@]([H])(O[H])[C@]([H])(O[H])[C@@]2([H])O[H])[C@@]1([H])O[H].[H][O:31][H:57]>>[C:2][C:3]([C:25])([O:31][H:57])[H:32],"EVODEX-P23694,EVODEX-P23703"
EVODEX-N9317,[H]O[C@]1([H])[C@@]([H])(O[H])[C@]([H])(O[C@@:3]([C:2])([C:25])[H:32])O[C@]([H])(C([H])([H])O[C@]2([H])OC([H])([H])[C@]([H])(O[H])[C@]([H])(O[H])[C@@]2([H])O[H])[C@@]1([H])O[H]>>[H]O[C:3]([C:2])([C:25])[H:32],"EVODEX-P23695,EVODEX-P23704"
EVODEX-N9318,[H][O:1][H:54].[H]O[C@]1([H])[C@@]([H])(O[H])[C@]([H])(O[C@]2([H])C([H])([H])O[C@@]([H])(OC([H])([H])[C@@]3([H])O[C@@]([H])(O[C@:12]([C:4])([C:10])[H:66])[C@]([H])(O[H])[C@@]([H])(O[H])[C@]3([H])O[H])[C@]([H])(O[H])[C@@]2([H])O[H])O[C@]([H])(C([H])([H])O[C@]2([H])OC([H])([H])[C@@]([H])(O[H])[C@]([H])(O[H])[C@@]2([H])O[H])[C@@]1([H])O[H]>>[O:1]([C@:12]([C:4])([C:10])[H:66])[H:54],EVODEX-P23698
EVODEX-N9319,[H]O[C@]1([H])[C@@]([H])(O[H])[C@]([H])(O[C@]2([H])C([H])([H])O[C@@]([H])(OC([H])([H])[C@@]3([H])O[C@@]([H])(O[C@:12]([C:4])([C:10])[H:66])[C@]([H])(O[H])[C@@]([H])(O[H])[C@]3([H])O[H])[C@]([H])(O[H])[C@@]2([H])O[H])O[C@]([H])(C([H])([H])O[C@]2([H])OC([H])([H])[C@@]([H])(O[H])[C@]([H])(O[H])[C@@]2([H])O[H])[C@@]1([H])O[H]>>[H]O[C@:12]([C:4])([C:10])[H:66],EVODEX-P23699
EVODEX-N9320,[H]OC1([H])O[C@]([H])(C([H])([H])O[H])[C@@]([H])([O:13][C:14])[C@]([H])(O[H])[C@@]1([H])O[H]>>[H][O:13][C:14],"EVODEX-P23700,EVODEX-P23705"
EVODEX-N9321,[C:3][C@@:4]([O:5])([N:17])[H:43].[H][O:38][H:71]>>[C:3][C@:4]([N:17])([O:38][H:71])[H:43].[H][O:5],"EVODEX-P23719,EVODEX-P23724"
EVODEX-N9322,[H]/C(=C1/[C@]2([H])C([H])([H])[C@@]3([H])C4=NC5:C([H]):C([H]):C([H]):C([H]):C:5[C@]45C([H])([H])[C@]([H])(N3[C@]1([H])[O:5][C:6])[C@@]2([H])[C@@]5([H])OC(=O)C([H])([H])[H])C([H])([H])[H]>>[H][O:5][C:6],EVODEX-P23720
EVODEX-N9323,[H]OC([H])([H])[C@@]1([H])O[C@@]([H])(O[C@:4]([C:3])([N:17])[H:43])[C@]([H])(O[H])[C@@]([H])(O[H])[C@]1([H])O[H].[H][O:38][H:71]>>[C:3][C@:4]([N:17])([O:38][H:71])[H:43],"EVODEX-P23721,EVODEX-P23726"
EVODEX-N9324,[H][O:38][H:71]>>[H]/C(=C1/[C@]2([H])C([H])([H])[C@@]3([H])C4=NC5:C([H]):C([H]):C([H]):C([H]):C:5[C@]45C([H])([H])[C@]([H])(N3[C@]1([H])[O:38][H:71])[C@@]2([H])[C@@]5([H])OC(=O)C([H])([H])[H])C([H])([H])[H],EVODEX-P23722
EVODEX-N9325,[H]C(=C1C2([H])C([H])([H])C3([H])N(C4([H])C([H])([H])C5(C6:C([H]):C([H]):C([H]):C([H]):C:6N([H])C35[H])C([H])(OC(=O)C([H])([H])[H])C24[H])C1([H])[O:26][C:27])C([H])([H])[H]>>[H][O:26][C:27],EVODEX-P23725
EVODEX-N9326,[H][O:38][H:73]>>[H]C(=C1C2([H])C([H])([H])C3([H])N(C4([H])C([H])([H])C5(C6:C([H]):C([H]):C([H]):C([H]):C:6N([H])C35[H])C([H])(OC(=O)C([H])([H])[H])C24[H])[C@]1([H])[O:38][H:73])C([H])([H])[H],EVODEX-P23727
EVODEX-N9327,[H]OC([H])([H])[C@@]1([H])O[C@@]([H])(O[C:25]([C:3])([N:24])[H:61])[C@]([H])(O[H])[C@@]([H])(O[H])[C@]1([H])O[H]>>[H]O[C@:25]([C:3])([N:24])[H:61],EVODEX-P23728
EVODEX-N9328,[H]OC([H])([H])/C([H])=C(\[H])C1:C([H]):C([H]):C([O:13][C:14]):C(OC([H])([H])[H]):C:1[H]>>[H][O:13][C:14],EVODEX-P23731
EVODEX-N9329,[H][O:25][H:48]>>[H]OC([H])([H])/C([H])=C(\[H])C1:C([H]):C([H]):C([O:25][H:48]):C(OC([H])([H])[H]):C:1[H],EVODEX-P23733
EVODEX-N9330,[H]OC([H])([H])/C([H])=C(\[H])C1:C([H]):C(OC([H])([H])[H]):C([O:15][C:16]):C(OC([H])([H])[H]):C:1[H]>>[H][O:15][C:16],EVODEX-P23736
EVODEX-N9331,[H][O:27][H:52]>>[H]OC([H])([H])/C([H])=C(\[H])C1:C([H]):C(OC([H])([H])[H]):C([O:27][H:52]):C(OC([H])([H])[H]):C:1[H],EVODEX-P23738
EVODEX-N9332,[H]OC([H])([H])[C@@]1([H])OC([H])(O[H])[C@@](O[H])([C:4]([O:3])([C:28])[H:39])[C@@]([H])(O[H])[C@]1([H])O[C@]1([H])O[C@]([H])(C([H])([H])O[H])[C@]([H])(O[H])[C@]([H])(O[H])[C@@]1([H])O[H].[H][O:34][H:67]>>[O:3][C@:4]([C:28])([O:34][H:67])[H:39],EVODEX-P23742
EVODEX-N9333,[H]OC([H])([H])[C@@]1([H])OC([H])(O[H])[C@@](O[H])([C:4]([O:3])([C:28])[H:39])[C@@]([H])(O[H])[C@]1([H])O[C@]1([H])O[C@]([H])(C([H])([H])O[H])[C@]([H])(O[H])[C@]([H])(O[H])[C@@]1([H])O[H]>>[H]O[C@:4]([O:3])([C:28])[H:39],EVODEX-P23743
EVODEX-N9334,[H]OC(=O)[C@@]1(C([H])([H])[H])C([H])([H])C([H])([H])[C@]2(C([H])([H])[H])C([H])([H])C([H])([H])[C@]3(C([H])([H])[H])C(=C([H])C(=O)[C@]4([H])[C@@]5(C([H])([H])[H])C([H])([H])C([H])([H])[C@]([H])([O:5][C:6])C(C([H])([H])[H])(C([H])([H])[H])[C@]5([H])C([H])([H])C([H])([H])[C@@]34C([H])([H])[H])[C@]2([H])C1([H])[H]>>[H][O:5][C:6],EVODEX-P23747
EVODEX-N9335,[H]OC(=O)[C@@]1([H])O[C@@]([H])(O[C@@]2([H])[C@@]([H])(O[C@:4]([C:2])([C:30])[H:66])O[C@]([H])(C(=O)O[H])[C@@]([H])(O[H])[C@]2([H])O[H])[C@]([H])(O[H])[C@@]([H])(O[H])[C@]1([H])O[H].[H][O:59][H:122]>>[C:2][C@:4]([C:30])([O:59][H:122])[H:66],EVODEX-P23748
EVODEX-N9336,[H][O:59][H:122]>>[H]OC(=O)[C@@]1(C([H])([H])[H])C([H])([H])C([H])([H])[C@]2(C([H])([H])[H])C([H])([H])C([H])([H])[C@]3(C([H])([H])[H])C(=C([H])C(=O)[C@]4([H])[C@@]5(C([H])([H])[H])C([H])([H])C([H])([H])[C@]([H])([O:59][H:122])C(C([H])([H])[H])(C([H])([H])[H])[C@]5([H])C([H])([H])C([H])([H])[C@@]34C([H])([H])[H])[C@]2([H])C1([H])[H],EVODEX-P23749
EVODEX-N9337,[H]OC(=O)[C@@]1([H])O[C@@]([H])(O[C@@]2([H])[C@@]([H])(O[C@:4]([C:2])([C:30])[H:66])O[C@]([H])(C(=O)O[H])[C@@]([H])(O[H])[C@]2([H])O[H])[C@]([H])(O[H])[C@@]([H])(O[H])[C@]1([H])O[H]>>[H]O[C@:4]([C:2])([C:30])[H:66],EVODEX-P23750
EVODEX-N9338,[H]OC(=O)C([H])([H])C([H])([H])[C@@]([H])(C([H])([H])[H])[C@@]1([H])C([H])([H])C([H])([H])[C@]2([H])[C@]1(C([H])([H])[H])C([H])([H])C([H])([H])[C@]1([H])[C@@]3(C([H])([H])[H])C([H])([H])C([H])([H])[C@@]([H])([O:19][C:20])C([H])([H])[C@@]3([H])C([H])([H])[C@@]([H])(O[H])[C@]12[H]>>[H][O:19][C:20],EVODEX-P23753
EVODEX-N9339,[H]OC(=O)[C@@]1([H])O[C@@]([H])(O[C@@:18]([C:17])([C:32])[H:65])[C@]([H])(O[H])[C@@]([H])(O[H])[C@]1([H])O[H].[H][O:41][H:90]>>[C:17][C@@:18]([C:32])([O:41][H:90])[H:65],EVODEX-P23754
EVODEX-N9340,[H]OC(=O)[C@@]1([H])O[C@@]([H])(O[C@@:18]([C:17])([C:32])[H:65])[C@]([H])(O[H])[C@@]([H])(O[H])[C@]1([H])O[H]>>[H]O[C@@:18]([C:17])([C:32])[H:65],EVODEX-P23755
EVODEX-N9341,[H]OC(=O)[C@]1(O[C@]([H])(C([H])([H])O[H])[C@@]([H])(O[H])[C@]2([H])O[C@@](O[C@]([H])(C([H])([H])O[H])[C@@]([H])(O[H])[C@]3([H])O[C@@](O[C@]([H])(C([H])([H])O[H])[C@@]([H])(O[H])[C@]4([H])O[C@](C(=O)O[H])([O:42][C:43])C([H])([H])[C@]([H])(O[H])[C@@]4([H])N([H])C(=O)C([H])([H])[H])(C(=O)O[H])C([H])([H])[C@]([H])(O[H])[C@@]3([H])N([H])C(=O)C([H])([H])[H])(C(=O)O[H])C([H])([H])[C@]([H])(O[H])[C@@]2([H])N([H])C(=O)C([H])([H])[H])O[C@@]([H])([C@]([H])(O[H])[C@]([H])(O[H])C([H])([H])O[H])[C@]([H])(N([H])C(=O)C([H])([H])[H])[C@@]([H])(O[H])C1([H])[H]>>[H][O:42][C:43],EVODEX-P23758
EVODEX-N9342,[H]C1:C(O[C@:41]([O:40])([C:58])[C:61]):C([H]):C2:O:C(=O):C([H]):C(C(F)(F)F):C:2:C:1[H].[H][O:97][H:171]>>[O:40][C@@:41]([C:58])([C:61])[O:97][H:171],EVODEX-P23759
EVODEX-N9343,[H][O:97][H:171]>>[H]OC(=O)[C@]1(O[C@]([H])(C([H])([H])O[H])[C@@]([H])(O[H])[C@]2([H])O[C@@](O[C@]([H])(C([H])([H])O[H])[C@@]([H])(O[H])[C@]3([H])O[C@@](O[C@]([H])(C([H])([H])O[H])[C@@]([H])(O[H])[C@]4([H])O[C@](C(=O)O[H])([O:97][H:171])C([H])([H])[C@]([H])(O[H])[C@@]4([H])N([H])C(=O)C([H])([H])[H])(C(=O)O[H])C([H])([H])[C@]([H])(O[H])[C@@]3([H])N([H])C(=O)C([H])([H])[H])(C(=O)O[H])C([H])([H])[C@]([H])(O[H])[C@@]2([H])N([H])C(=O)C([H])([H])[H])O[C@@]([H])([C@]([H])(O[H])[C@]([H])(O[H])C([H])([H])O[H])[C@]([H])(N([H])C(=O)C([H])([H])[H])[C@@]([H])(O[H])C1([H])[H],EVODEX-P23760
EVODEX-N9344,[H]C1:C(O[C@:41]([O:40])([C:58])[C:61]):C([H]):C2:O:C(=O):C([H]):C(C(F)(F)F):C:2:C:1[H]>>[H]O[C@:41]([O:40])([C:58])[C:61],EVODEX-P23761
EVODEX-N9345,[H]OC(=O)[C@]1(OC([H])(C([H])([H])O[H])[C@@]([H])(O[H])[C@]2([H])O[C@@](O[C@]([H])(C([H])([H])O[H])[C@@]([H])(O[H])[C@]3([H])O[C@](C(=O)O[H])([O:33][C:34])C([H])([H])[C@]([H])(O[H])[C@@]3([H])N([H])C(=O)C([H])([H])[H])(C(=O)O[H])C([H])([H])[C@]([H])(O[H])[C@@]2([H])N([H])C(=O)C([H])([H])[H])O[C@@]([H])([C@]([H])(O[H])C([H])(O[H])C([H])([H])O[H])[C@]([H])(N([H])C(=O)C([H])([H])[H])[C@@]([H])(O[H])C1([H])[H]>>[H][O:33][C:34],EVODEX-P23764
EVODEX-N9346,[H]C1:C(O[C@:32]([O:31])([C:49])[C:52]):C([H]):C2:C(C(F)(F)F):C([H]):C(=O):O:C:2:C:1[H].[H][O:77][H:134]>>[O:31][C@@:32]([C:49])([C:52])[O:77][H:134],EVODEX-P23765
EVODEX-N9347,[H][O:77][H:134]>>[H]OC(=O)[C@]1(OC([H])(C([H])([H])O[H])[C@@]([H])(O[H])[C@]2([H])O[C@@](O[C@]([H])(C([H])([H])O[H])[C@@]([H])(O[H])[C@]3([H])O[C@](C(=O)O[H])([O:77][H:134])C([H])([H])[C@]([H])(O[H])[C@@]3([H])N([H])C(=O)C([H])([H])[H])(C(=O)O[H])C([H])([H])[C@]([H])(O[H])[C@@]2([H])N([H])C(=O)C([H])([H])[H])O[C@@]([H])([C@]([H])(O[H])C([H])(O[H])C([H])([H])O[H])[C@]([H])(N([H])C(=O)C([H])([H])[H])[C@@]([H])(O[H])C1([H])[H],EVODEX-P23766
EVODEX-N9348,[H]C1:C(O[C@:32]([O:31])([C:49])[C:52]):C([H]):C2:C(C(F)(F)F):C([H]):C(=O):O:C:2:C:1[H]>>[H]O[C@:32]([O:31])([C:49])[C:52],EVODEX-P23767
EVODEX-N9349,[H]OC([H])([H])[C@@]1([H])O[C@]([H])(OC([H])([H])[C@@]2([H])O[C@]([H])(OC([H])([H])[C@@]3([H])O[C@@]([H])(O[C@@]4([H])[C@]([H])(O[H])[C@@]([H])(N([H])C(=O)C([H])([H])[H])[C@]([H])(O[C@@]5([H])[C@]([H])(O[H])[C@@]([H])(N([H])C(=O)C([H])([H])[H])[C@]([H])(O[H])O[C@]5([H])C([H])([H])O[H])O[C@]4([H])C([H])([H])O[H])[C@@]([H])(O[H])[C@@]([H])(O[C@@]4([H])O[C@]([H])(C([H])([H])O[H])[C@@]([H])(O[H])[C@]([H])(O[H])[C@]4([H])[O:69][C:70])[C@]3([H])O[H])[C@@]([H])(O[H])[C@@]([H])(O[C@@]3([H])O[C@]([H])(C([H])([H])O[H])[C@@]([H])(O[H])[C@]([H])(O[H])[C@@]3([H])O[H])[C@]2([H])O[H])[C@]([H])(O[H])[C@@]([H])(O[H])[C@]1([H])O[H]>>[H][O:69][C:70],EVODEX-P23770
EVODEX-N9350,[H]OC([H])([H])[C@@]1([H])O[C@]([H])(O[C@@]2([H])[C@@]([H])(O[C@:68]([C:59])([C:66])[H:180])O[C@]([H])(C([H])([H])O[H])[C@@]([H])(O[H])[C@]2([H])O[H])[C@@]([H])(O[H])[C@@]([H])(O[C@@]2([H])O[C@]([H])(C([H])([H])O[H])[C@@]([H])(O[H])[C@]([H])(O[H])[C@@]2([H])O[H])[C@]1([H])O[H].[H][O:118][H:227]>>[C:59][C@:68]([C:66])([O:118][H:227])[H:180],EVODEX-P23771
EVODEX-N9351,[H][O:118][H:227]>>[H]OC([H])([H])[C@@]1([H])O[C@]([H])(OC([H])([H])[C@@]2([H])O[C@]([H])(OC([H])([H])[C@@]3([H])O[C@@]([H])(O[C@@]4([H])[C@]([H])(O[H])[C@@]([H])(N([H])C(=O)C([H])([H])[H])[C@]([H])(O[C@@]5([H])[C@]([H])(O[H])[C@@]([H])(N([H])C(=O)C([H])([H])[H])[C@]([H])(O[H])O[C@]5([H])C([H])([H])O[H])O[C@]4([H])C([H])([H])O[H])[C@@]([H])(O[H])[C@@]([H])(O[C@@]4([H])O[C@]([H])(C([H])([H])O[H])[C@@]([H])(O[H])[C@]([H])(O[H])[C@]4([H])[O:118][H:227])[C@]3([H])O[H])[C@@]([H])(O[H])[C@@]([H])(O[C@@]3([H])O[C@]([H])(C([H])([H])O[H])[C@@]([H])(O[H])[C@]([H])(O[H])[C@@]3([H])O[H])[C@]2([H])O[H])[C@]([H])(O[H])[C@@]([H])(O[H])[C@]1([H])O[H],EVODEX-P23772
EVODEX-N9352,[H]OC([H])([H])[C@@]1([H])O[C@]([H])(O[C@@]2([H])[C@@]([H])(O[C@:68]([C:59])([C:66])[H:180])O[C@]([H])(C([H])([H])O[H])[C@@]([H])(O[H])[C@]2([H])O[H])[C@@]([H])(O[H])[C@@]([H])(O[C@@]2([H])O[C@]([H])(C([H])([H])O[H])[C@@]([H])(O[H])[C@]([H])(O[H])[C@@]2([H])O[H])[C@]1([H])O[H]>>[H]O[C@:68]([C:59])([C:66])[H:180],EVODEX-P23773
EVODEX-N9353,[H]OC([H])([H])[C@@]1([H])O[C@]([H])(O[C@]2([H])[C@@]([H])(O[C@@]3([H])[C@]([H])(O[H])[C@@]([H])(C([H])([H])O[C@@]4([H])O[C@]([H])(C([H])([H])O[H])[C@@]([H])(O[H])[C@]([H])(O[H])[C@]4([H])[O:30][C:31])O[C@]([H])(OC([H])([H])[C@@]4([H])O[C@@]([H])(O[C@@]5([H])[C@]([H])(O[H])[C@@]([H])(N([H])C(=O)C([H])([H])[H])[C@]([H])(O[H])O[C@]5([H])C([H])([H])O[H])[C@@]([H])(O[H])[C@@]([H])(O[C@@]5([H])O[C@]([H])(C([H])([H])O[H])[C@@]([H])(O[H])[C@]([H])(O[H])[C@]5([H])O[C@@]5([H])O[C@]([H])(C([H])([H])O[H])[C@@]([H])(O[H])[C@]([H])(O[H])[C@]5([H])O[C@@]5([H])O[C@]([H])(C([H])([H])O[H])[C@@]([H])(O[H])[C@]([H])(O[C@@]6([H])O[C@]([H])(C([H])([H])O[H])[C@@]([H])(O[H])[C@]([H])(O[H])[C@@]6([H])O[H])[C@]5([H])O[H])[C@]4([H])O[H])[C@@]3([H])O[H])O[C@]([H])(C([H])([H])O[H])[C@@]([H])(O[H])[C@]2([H])O[H])[C@@]([H])(O[H])[C@@]([H])(O[H])[C@]1([H])O[H]>>[H][O:30][C:31],EVODEX-P23776
EVODEX-N9354,[H][O:126][H:242]>>[H]OC([H])([H])[C@@]1([H])O[C@]([H])(O[C@]2([H])[C@@]([H])(O[C@@]3([H])[C@]([H])(O[H])[C@@]([H])(C([H])([H])O[C@@]4([H])O[C@]([H])(C([H])([H])O[H])[C@@]([H])(O[H])[C@]([H])(O[H])[C@]4([H])[O:126][H:242])O[C@]([H])(OC([H])([H])[C@@]4([H])O[C@@]([H])(O[C@@]5([H])[C@]([H])(O[H])[C@@]([H])(N([H])C(=O)C([H])([H])[H])[C@]([H])(O[H])O[C@]5([H])C([H])([H])O[H])[C@@]([H])(O[H])[C@@]([H])(O[C@@]5([H])O[C@]([H])(C([H])([H])O[H])[C@@]([H])(O[H])[C@]([H])(O[H])[C@]5([H])O[C@@]5([H])O[C@]([H])(C([H])([H])O[H])[C@@]([H])(O[H])[C@]([H])(O[H])[C@]5([H])O[C@@]5([H])O[C@]([H])(C([H])([H])O[H])[C@@]([H])(O[H])[C@]([H])(O[C@@]6([H])O[C@]([H])(C([H])([H])O[H])[C@@]([H])(O[H])[C@]([H])(O[H])[C@@]6([H])O[H])[C@]5([H])O[H])[C@]4([H])O[H])[C@@]3([H])O[H])O[C@]([H])(C([H])([H])O[H])[C@@]([H])(O[H])[C@]2([H])O[H])[C@@]([H])(O[H])[C@@]([H])(O[H])[C@]1([H])O[H],EVODEX-P23778
EVODEX-N9355,[H]OC(=O)[C@@]1([H])O[C@@]([H])([O:9][C:10])[C@]([H])(O[H])[C@@]([H])(O[H])[C@]1([H])OC([H])([H])[H]>>[H][O:9][C:10],"EVODEX-P23782,EVODEX-P23788,EVODEX-P23821"
EVODEX-N9356,[H]O[C@]1([H])OC([H])([H])[C@@]([H])(O[C@]2([H])OC([H])([H])[C@@]([H])(O[C@]3([H])OC([H])([H])[C@@]([H])(O[H])[C@]([H])(O[H])[C@@]3([H])O[C@@:8]([C:6])([O:37])[H:51])[C@]([H])(O[H])[C@@]2([H])O[H])[C@]([H])(O[H])[C@@]1([H])O[H].[H][O:42][H:79]>>[C:6][C@:8]([O:37])([O:42][H:79])[H:51],EVODEX-P23783
EVODEX-N9357,[H][O:42][H:79]>>[H]OC(=O)[C@@]1([H])O[C@]([H])([O:42][H:79])[C@]([H])(O[H])[C@@]([H])(O[H])[C@]1([H])OC([H])([H])[H],EVODEX-P23784
EVODEX-N9358,[H]O[C@]1([H])OC([H])([H])[C@@]([H])(O[C@]2([H])OC([H])([H])[C@@]([H])(O[C@]3([H])OC([H])([H])[C@@]([H])(O[H])[C@]([H])(O[H])[C@@]3([H])O[C@@:8]([C:6])([O:37])[H:51])[C@]([H])(O[H])[C@@]2([H])O[H])[C@]([H])(O[H])[C@@]1([H])O[H]>>[H]O[C@:8]([C:6])([O:37])[H:51],EVODEX-P23785
EVODEX-N9359,[H]O[C@]1([H])OC([H])([H])[C@@]([H])(O[C@]2([H])OC([H])([H])[C@@]([H])(O[C@]3([H])OC([H])([H])[C@@]([H])(O[C@]4([H])OC([H])([H])[C@@]([H])(O[H])[C@]([H])(O[H])[C@@]4([H])O[C@@:8]([C:6])([O:46])[H:60])[C@]([H])(O[H])[C@@]3([H])O[H])[C@]([H])(O[H])[C@@]2([H])O[H])[C@]([H])(O[H])[C@@]1([H])O[H].[H][O:51][H:96]>>[C:6][C:8]([O:46])([O:51][H:96])[H:60],EVODEX-P23789
EVODEX-N9360,[H]O[C@]1([H])OC([H])([H])[C@@]([H])(O[C@]2([H])OC([H])([H])[C@@]([H])(O[C@]3([H])OC([H])([H])[C@@]([H])(O[C@]4([H])OC([H])([H])[C@@]([H])(O[H])[C@]([H])(O[H])[C@@]4([H])O[C@@:8]([C:6])([O:46])[H:60])[C@]([H])(O[H])[C@@]3([H])O[H])[C@]([H])(O[H])[C@@]2([H])O[H])[C@]([H])(O[H])[C@@]1([H])O[H]>>[H]O[C:8]([C:6])([O:46])[H:60],EVODEX-P23790
EVODEX-N9361,[H]OC([H])([H])[C@@]1([H])O[C@@]([H])(O[C@@]2([H])[C@]([H])(O[H])[C@@]([H])(N([H])[H])[C@]([H])([O:34][C:33])O[C@]2([H])C([H])([H])O[H])[C@]([H])(N([H])[H])[C@@]([H])(O[H])[C@]1([H])O[H]>>[H][O:34][C:33],"EVODEX-P23793,EVODEX-P23958"
EVODEX-N9362,[H]OC([H])([H])[C@@]1([H])O[C@@]([H])(O[H])[C@]([H])(N([H])[H])[C@@]([H])(O[H])[C@]1([H])O[C@]1([H])O[C@]([H])(C([H])([H])O[H])[C@@]([H])(O[C@]2([H])O[C@]([H])(C([H])([H])O[H])[C@@]([H])(O[C@]3([H])O[C@]([H])(C([H])([H])O[H])[C@@]([H])(O[C@]4([H])O[C@]([H])(C([H])([H])O[H])[C@@]([H])(O[C@:35]([O:36])([C:55])[H:110])[C@]([H])(O[H])[C@@]4([H])N([H])[H])[C@]([H])(O[H])[C@@]3([H])N([H])[H])[C@]([H])(O[H])[C@@]2([H])N([H])[H])[C@]([H])(O[H])[C@@]1([H])N([H])[H].[H][O:79][H:159]>>[C@:35]([O:36])([C:55])([O:79][H:159])[H:110],EVODEX-P23794
EVODEX-N9363,[H][O:79][H:159]>>[H]OC([H])([H])[C@@]1([H])O[C@@]([H])(O[C@@]2([H])[C@]([H])(O[H])[C@@]([H])(N([H])[H])[C@]([H])([O:79][H:159])O[C@]2([H])C([H])([H])O[H])[C@]([H])(N([H])[H])[C@@]([H])(O[H])[C@]1([H])O[H],EVODEX-P23795
EVODEX-N9364,[H]OC([H])([H])[C@@]1([H])O[C@@]([H])(O[H])[C@]([H])(N([H])[H])[C@@]([H])(O[H])[C@]1([H])O[C@]1([H])O[C@]([H])(C([H])([H])O[H])[C@@]([H])(O[C@]2([H])O[C@]([H])(C([H])([H])O[H])[C@@]([H])(O[C@]3([H])O[C@]([H])(C([H])([H])O[H])[C@@]([H])(O[C@]4([H])O[C@]([H])(C([H])([H])O[H])[C@@]([H])(O[C@:35]([O:36])([C:55])[H:110])[C@]([H])(O[H])[C@@]4([H])N([H])[H])[C@]([H])(O[H])[C@@]3([H])N([H])[H])[C@]([H])(O[H])[C@@]2([H])N([H])[H])[C@]([H])(O[H])[C@@]1([H])N([H])[H]>>[H]O[C@:35]([O:36])([C:55])[H:110],EVODEX-P23796
EVODEX-N9365,[H]OC([H])([H])[C@@]1([H])O[C@@]([H])(O[C@@]2([H])[C@]([H])(O[H])[C@@]([H])(N([H])[H])[C@]([H])(O[C@@]3([H])[C@]([H])(O[H])[C@@]([H])(N([H])[H])[C@]([H])([O:27][C:26])O[C@]3([H])C([H])([H])O[H])O[C@]2([H])C([H])([H])O[H])[C@]([H])(N([H])[H])[C@@]([H])(O[H])[C@]1([H])O[H]>>[H][O:27][C:26],EVODEX-P23799
EVODEX-N9366,[H]OC([H])([H])[C@@]1([H])O[C@@]([H])(O[H])[C@]([H])(N([H])[H])[C@@]([H])(O[H])[C@]1([H])O[C@]1([H])O[C@]([H])(C([H])([H])O[H])[C@@]([H])(O[C@]2([H])O[C@]([H])(C([H])([H])O[H])[C@@]([H])(O[C@]3([H])O[C@]([H])(C([H])([H])O[H])[C@@]([H])(O[C@:28]([O:29])([C:59])[H:104])[C@]([H])(O[H])[C@@]3([H])N([H])[H])[C@]([H])(O[H])[C@@]2([H])N([H])[H])[C@]([H])(O[H])[C@@]1([H])N([H])[H].[H][O:79][H:159]>>[C@:28]([O:29])([C:59])([O:79][H:159])[H:104],"EVODEX-P23800,EVODEX-P23959"
EVODEX-N9367,[H][O:79][H:159]>>[H]OC([H])([H])[C@@]1([H])O[C@@]([H])(O[C@@]2([H])[C@]([H])(O[H])[C@@]([H])(N([H])[H])[C@]([H])(O[C@@]3([H])[C@]([H])(O[H])[C@@]([H])(N([H])[H])[C@]([H])([O:79][H:159])O[C@]3([H])C([H])([H])O[H])O[C@]2([H])C([H])([H])O[H])[C@]([H])(N([H])[H])[C@@]([H])(O[H])[C@]1([H])O[H],EVODEX-P23801
EVODEX-N9368,[H]OC([H])([H])[C@@]1([H])O[C@@]([H])(O[H])[C@]([H])(N([H])[H])[C@@]([H])(O[H])[C@]1([H])O[C@]1([H])O[C@]([H])(C([H])([H])O[H])[C@@]([H])(O[C@]2([H])O[C@]([H])(C([H])([H])O[H])[C@@]([H])(O[C@]3([H])O[C@]([H])(C([H])([H])O[H])[C@@]([H])(O[C@:28]([O:29])([C:59])[H:104])[C@]([H])(O[H])[C@@]3([H])N([H])[H])[C@]([H])(O[H])[C@@]2([H])N([H])[H])[C@]([H])(O[H])[C@@]1([H])N([H])[H]>>[H]O[C@:28]([O:29])([C:59])[H:104],"EVODEX-P23802,EVODEX-P23960"
EVODEX-N9369,[H]OC([H])([H])C1=C([H])[C@]([H])(N([H])[C@@]2([H])[C@]([H])(O[H])[C@@]([H])(O[H])[C@@]([H])([O:5][C:6])O[C@]2([H])C([H])([H])[H])[C@]([H])(O[H])[C@@]([H])(O[H])[C@@]1([H])O[H]>>[H][O:5][C:6],EVODEX-P23805
EVODEX-N9370,[H][O:45][H:89]>>[H]OC([H])([H])C1=C([H])[C@]([H])(N([H])[C@@]2([H])[C@]([H])(O[H])[C@@]([H])(O[H])[C@@]([H])([O:45][H:89])O[C@]2([H])C([H])([H])[H])[C@]([H])(O[H])[C@@]([H])(O[H])[C@@]1([H])O[H],EVODEX-P23807
EVODEX-N9371,[H][O:1][H:102].[H]OC([H])([H])[C@@]1([H])O[C@]([H])(O[C@@]2([H])[C@]([H])(O[H])[C@@]([H])(O[H])[C@]([H])(O[H])O[C@]2([H])C([H])([H])O[H])[C@]([H])(O[H])[C@@]([H])(O[H])[C@]1([H])O[C@@]1([H])O[C@]([H])(C([H])([H])O[C@]2([H])O[C@]([H])(C([H])([H])O[H])[C@@]([H])(O[C@@]3([H])O[C@]([H])(C([H])([H])O[H])[C@@]([H])(O[C@@]4([H])O[C@]([H])(C([H])([H])O[C@]5([H])O[C@]([H])(C([H])([H])O[H])[C@@]([H])(O[C@:13]([C:11])([O:92])[H:114])[C@]([H])(O[H])[C@@]5([H])O[H])[C@@]([H])(O[H])[C@]([H])(O[H])[C@@]4([H])O[H])[C@]([H])(O[H])[C@@]3([H])O[H])[C@]([H])(O[H])[C@@]2([H])O[H])[C@@]([H])(O[H])[C@]([H])(O[H])[C@@]1([H])O[H]>>[O:1]([C@:13]([C:11])([O:92])[H:114])[H:102],EVODEX-P23811
EVODEX-N9372,[H]OC([H])([H])[C@@]1([H])O[C@]([H])(O[C@@]2([H])[C@]([H])(O[H])[C@@]([H])(O[H])[C@]([H])(O[H])O[C@]2([H])C([H])([H])O[H])[C@]([H])(O[H])[C@@]([H])(O[H])[C@]1([H])O[C@@]1([H])O[C@]([H])(C([H])([H])O[C@]2([H])O[C@]([H])(C([H])([H])O[H])[C@@]([H])(O[C@@]3([H])O[C@]([H])(C([H])([H])O[H])[C@@]([H])(O[C@@]4([H])O[C@]([H])(C([H])([H])O[C@]5([H])O[C@]([H])(C([H])([H])O[H])[C@@]([H])(O[C@:13]([C:11])([O:92])[H:114])[C@]([H])(O[H])[C@@]5([H])O[H])[C@@]([H])(O[H])[C@]([H])(O[H])[C@@]4([H])O[H])[C@]([H])(O[H])[C@@]3([H])O[H])[C@]([H])(O[H])[C@@]2([H])O[H])[C@@]([H])(O[H])[C@]([H])(O[H])[C@@]1([H])O[H]>>[H]O[C@:13]([C:11])([O:92])[H:114],EVODEX-P23812
EVODEX-N9373,[H]OC1([H])OC([H])([H])[C@@]([H])(O[C@@]2([H])OC([H])([H])[C@@]([H])(O[H])[C@]([H])(O[H])[C@@]2([H])O[C@@]2([H])O[C@]([H])(C([H])([H])O[H])[C@@]([H])(O[C:1]([H:33])([H:34])[H:35])[C@]([H])(O[H])[C@@]2([H])O[H])[C@]([H])(O[H])[C@@]1([H])O[H].[H][O:32][H:63]>>[C:1]([O:32][H:63])([H:33])([H:34])[H:35],EVODEX-P23817
EVODEX-N9374,[H]OC1([H])OC([H])([H])[C@@]([H])(O[C@@]2([H])OC([H])([H])[C@@]([H])(O[H])[C@]([H])(O[H])[C@@]2([H])O[C@@]2([H])O[C@]([H])(C([H])([H])O[H])[C@@]([H])(O[C:1]([H:33])([H:34])[H:35])[C@]([H])(O[H])[C@@]2([H])O[H])[C@]([H])(O[H])[C@@]1([H])O[H]>>[H]O[C:1]([H:33])([H:34])[H:35],EVODEX-P23818
EVODEX-N9375,[H]O[C@@]1([H])OC([H])([H])[C@]([H])(O[C@@]2([H])OC([H])([H])[C@]([H])(OC3([H])OC([H])([H])[C@@]([H])(O[H])[C@]([H])(O[H])[C@@]3([H])O[H])[C@@]([H])(O[H])[C@]2([H])O[H])[C@]([H])(O[H])[C@@]1([H])O[C@:8]([C:6])([O:37])[H:51].[H][O:42][H:79]>>[C:6][C@:8]([O:37])([O:42][H:79])[H:51],EVODEX-P23822
EVODEX-N9376,[H]O[C@@]1([H])OC([H])([H])[C@]([H])(O[C@@]2([H])OC([H])([H])[C@]([H])(OC3([H])OC([H])([H])[C@@]([H])(O[H])[C@]([H])(O[H])[C@@]3([H])O[H])[C@@]([H])(O[H])[C@]2([H])O[H])[C@]([H])(O[H])[C@@]1([H])O[C@:8]([C:6])([O:37])[H:51]>>[H]O[C@:8]([C:6])([O:37])[H:51],EVODEX-P23823
EVODEX-N9377,[H]OC([H])([H])[C@@]1([H])O[C@]([H])(O[H])[C@]([H])(O[H])[C@@]([H])(O[H])[C@]1([H])O[C@]1([H])O[C@]([H])(C([H])([H])O[H])[C@]([H])(O[H])[C@]([H])(O[C@@:6]([C:5])([O:30])[H:55])[C@@]1([H])O[H].[H][O:49][H:95]>>[C:5][C@@:6]([O:30])([O:49][H:95])[H:55],"EVODEX-P23827,EVODEX-P23832"
EVODEX-N9378,[H]OC([H])([H])[C@@]1([H])O[C@]([H])(O[H])[C@]([H])(O[H])[C@@]([H])(O[H])[C@]1([H])O[C@]1([H])O[C@]([H])(C([H])([H])O[H])[C@]([H])(O[H])[C@]([H])(O[C@@:6]([C:5])([O:30])[H:55])[C@@]1([H])O[H]>>[H]O[C@@:6]([C:5])([O:30])[H:55],"EVODEX-P23828,EVODEX-P23833"
EVODEX-N9379,[H]OC([H])([H])[C@@]1([H])O[C@@]([H])([O:7][C:8])[C@]([H])(N([H])C(=O)C([H])([H])[H])[C@@]([H])(O[C@]2([H])O[C@]([H])(C([H])([H])O[H])[C@]([H])(O[H])[C@]([H])(O[H])[C@@]2([H])O[C@]2([H])O[C@@]([H])(C([H])([H])[H])[C@@]([H])(O[H])[C@@]([H])(O[H])[C@]2([H])O[H])[C@]1([H])O[H]>>[H][O:7][C:8],EVODEX-P23831
EVODEX-N9380,[H]OC([H])([H])[C@@]1([H])O[C@]([H])(O[C@@]2([H])O[C@]([H])(C([H])([H])O[H])[C@@]([H])([O:14][C:15])[C@]([H])(O[H])[C@@]2([H])O[H])[C@]([H])(O[H])[C@@]([H])(O[H])[C@]1([H])O[H]>>[H][O:14][C:15],EVODEX-P23838
EVODEX-N9381,[H][O:1][H].[O:7][C@@:8]([O:9])([C:28])[H:77].[O:41][C@@:42]([O:43])([C:62])[H:109]>>[O:1]([C@:8]([O:9])([C:28])[H:77])[C@:42]([O:43])([C:62])[H:109].[H][O:7].[H][O:41],EVODEX-P23840
EVODEX-N9382,[H][O:1][H].[H]OC([H])([H])[C@@]1([H])O[C@]([H])(O[C@@:42]([O:43])([C:62])[H:109])[C@]([H])(O[H])[C@@]([H])(O[H])[C@]1([H])O[H]>>[H]OC([H])([H])[C@@]1([H])O[C@@]([H])([O:1][C@:42]([O:43])([C:62])[H:109])[C@]([H])(O[H])[C@@]([H])(O[H])[C@]1([H])O[C@@]1([H])O[C@]([H])(C([H])([H])O[H])[C@@]([H])(O[H])[C@]([H])(O[H])[C@@]1([H])O[H],EVODEX-P23841
EVODEX-N9383,[H][O:1][H]>>[H]OC([H])([H])[C@@]1([H])O[C@@]([H])([O:1][C@]2([H])O[C@]([H])(C([H])([H])O[H])[C@@]([H])(O[C@@]3([H])O[C@]([H])(C([H])([H])O[H])[C@@]([H])(O[H])[C@]([H])(O[H])[C@@]3([H])O[H])[C@]([H])(O[H])[C@@]2([H])O[H])[C@]([H])(O[H])[C@@]([H])(O[H])[C@]1([H])O[C@@]1([H])O[C@]([H])(C([H])([H])O[H])[C@@]([H])(O[H])[C@]([H])(O[H])[C@@]1([H])O[H],EVODEX-P23842
EVODEX-N9384,[H]OC([H])([H])[C@@]1([H])O[C@]([H])(O[C@@:8]([O:9])([C:28])[H:77])[C@]([H])(O[H])[C@@]([H])(O[H])[C@]1([H])O[H].[H]OC([H])([H])[C@@]1([H])O[C@]([H])(O[C@@:42]([O:43])([C:62])[H:109])[C@]([H])(O[H])[C@@]([H])(O[H])[C@]1([H])O[H]>>O([C@:8]([O:9])([C:28])[H:77])[C@:42]([O:43])([C:62])[H:109],EVODEX-P23843
EVODEX-N9385,[H]O[C@@]1([H])[C@@]([H])(O[H])[C@]([H])(N2:C([H]):N:C3:C(N([H])[H]):N:C([H]):N:C:3:2)O[C@]1([H])C([H])([H])OP(=O)(O[H])OP(=O)(O[H])OC([H])([H])[C@@]1([H])O[C@]([H])([O:28][C:29])[C@]([H])(O[H])[C@]1([H])O[H]>>[H][O:28][C:29],EVODEX-P23846
EVODEX-N9386,[H]C#CC([H])([H])OC1([H])O[C@]([H])(C([H])([H])OP(=O)(O[H])OP(=O)(O[H])OC([H])([H])[C@@]2([H])O[C@@]([H])(N3:C([H]):N:C4:C(N([H])[H]):N:C([H]):N:C:4:3)[C@]([H])([O:33][C:34])[C@]2([H])O[H])[C@@]([H])(O[H])[C@@]1([H])O[H]>>[H][O:33][C:34],EVODEX-P23848
EVODEX-N9387,[H]O[C@@]1([H])[C@@]([H])(O[C@@:32]([C:21])([C:69])[H:93])O[C@]([H])(C([H])([H])OP(=O)(O[H])OP(=O)(O[H])OC([H])([H])[C@@]2([H])O[C@@]([H])(N3:C([H]):N:C4:C(N([H])[H]):N:C([H]):N:C:4:3)[C@]([H])(O[H])[C@]2([H])O[H])[C@@]1([H])O[H].[H][O:75][H:122]>>[C:21][C@@:32]([C:69])([O:75][H:122])[H:93],EVODEX-P23849
EVODEX-N9388,[H][O:75][H:122]>>[H]C#CC([H])([H])OC1([H])O[C@]([H])(C([H])([H])OP(=O)(O[H])OP(=O)(O[H])OC([H])([H])[C@@]2([H])O[C@@]([H])(N3:C([H]):N:C4:C(N([H])[H]):N:C([H]):N:C:4:3)[C@]([H])([O:75][H:122])[C@]2([H])O[H])[C@@]([H])(O[H])[C@@]1([H])O[H],EVODEX-P23850
EVODEX-N9389,[H]O[C@@]1([H])[C@@]([H])(O[C@@:32]([C:21])([C:69])[H:93])O[C@]([H])(C([H])([H])OP(=O)(O[H])OP(=O)(O[H])OC([H])([H])[C@@]2([H])O[C@@]([H])(N3:C([H]):N:C4:C(N([H])[H]):N:C([H]):N:C:4:3)[C@]([H])(O[H])[C@]2([H])O[H])[C@@]1([H])O[H]>>[H]O[C@@:32]([C:21])([C:69])[H:93],EVODEX-P23851
EVODEX-N9390,[H]OC(=O)[C@@]1(O[H])O[C@@]([H])([C@@]([H])(O[H])C([H])([H])O[H])[C@@]([H])(O[H])[C@@]([H])(O[C:9](:[C:8]):[C:26])C1([H])[H].[H][O:29][H:50]>>[C:8]:[C:9](:[C:26])[O:29][H:50],EVODEX-P23855
EVODEX-N9391,[H]OC(=O)[C@@]1(O[H])O[C@@]([H])([C@@]([H])(O[H])C([H])([H])O[H])[C@@]([H])(O[H])[C@@]([H])(O[C:9](:[C:8]):[C:26])C1([H])[H]>>[H]O[C:9](:[C:8]):[C:26],EVODEX-P23856
EVODEX-N9392,[H]OC([H])([H])[C@]([H])(O[H])[C@@]([H])(O[H])[C@@]([H])(O[H])[C@]([H])(O[H])C([H])([H])[O:13][C:14]>>[H][O:13][C:14],EVODEX-P23861
EVODEX-N9393,[H][O:14][C:13][C@:12]1([H:27])[O:11][C@:10]([O:9])([H:26])[C:19][C:17]1.[H][O:1][H:38]>>[H][O:9].[H][O:11][C:10]1([H:26])[O:14][C:13][C@@:12]([O:1][H:38])([H:27])[C:17][C:19]1,"EVODEX-P23863,EVODEX-P23868"
EVODEX-N9394,[H]OC([H])([H])[C@@]([H])(O[H])[C@]1([H])O[C@@]([H])([O:9][C:8])[C@]([H])(O[H])[C@@]1([H])O[H]>>[H][O:9][C:8],"EVODEX-P23866,EVODEX-P23871"
EVODEX-N9395,[H]C([H])([H])O[C@:3]1([H:18])[O:4][C@:5]([C:6][O:7][H])([H:19])[C:10][C:12]1.[H][O:14][H:29]>>[H][O:4][C:3]1([H:18])[O:7][C:6][C@@:5]([O:14][H:29])([H:19])[C:10][C:12]1,EVODEX-P23869
EVODEX-N9396,[H]C([H])([H])O[C@:3]([O:4])([C:12])[H:18].[H][O:7][C:6]>>[H]O.[H][O:4][C:3]([O:7][C:6])([C:12])[H:18],EVODEX-P23870
EVODEX-N9397,[S:11][C@:12]([O:13])([C:21])[H:30].[H][O:23][H:41]>>[H][S:11].[C:12]([O:13])([C:21])([O:23][H:41])[H:30],"EVODEX-P23873,EVODEX-P23878"
EVODEX-N9398,[H]OS(=O)(=O)O/N=C(/S[C@:12]([O:13])([C:21])[H:30])C([H])([H])C([H])=C([H])[H].[H][O:23][H:41]>>[C:12]([O:13])([C:21])([O:23][H:41])[H:30],EVODEX-P23874
EVODEX-N9399,[H]OS(=O)(=O)O/N=C(/S[C@:12]([O:13])([C:21])[H:30])C([H])([H])C([H])=C([H])[H]>>[H]O[C:12]([O:13])([C:21])[H:30],EVODEX-P23875
EVODEX-N9400,[H]OC([H])([H])[C@@]1([H])O[C@@]([H])([S:11][C:4])[C@]([H])(O[H])[C@@]([H])(O[H])[C@]1([H])O[H]>>[H][S:11][C:4],"EVODEX-P23876,EVODEX-P23881"
EVODEX-N9401,[H]OS(=O)(=O)O/N=C(\S[C@:20]([O:21])([C:29])[H:40])C([H])([H])C1:C([H]):N([H]):C2:C([H]):C([H]):C([H]):C([H]):C:1:2.[H][O:1][H:51]>>[O:1]([C@:20]([O:21])([C:29])[H:40])[H:51],EVODEX-P23879
EVODEX-N9402,[H]OS(=O)(=O)O/N=C(\S[C@:20]([O:21])([C:29])[H:40])C([H])([H])C1:C([H]):N([H]):C2:C([H]):C([H]):C([H]):C([H]):C:1:2>>[H]O[C@:20]([O:21])([C:29])[H:40],EVODEX-P23880
EVODEX-N9403,[C:6][C@:7]([C:8])([O:9])[C:21].[H][O:67][H:150]>>[C:6][C@:7]([C:8])([C:21])[O:67][H:150].[H][O:9],"EVODEX-P23883,EVODEX-P24079,EVODEX-P24101,EVODEX-P24118"
EVODEX-N9404,[H]C([H])=C([H])[C@@](C([H])([H])[H])(C([H])([H])C([H])([H])C([H])=C(C([H])([H])[H])C([H])([H])[H])[O:11][C:12]>>[H][O:11][C:12],EVODEX-P23884
EVODEX-N9405,[H]O[C@]1([H])[C@@]([H])(O[H])[C@]([H])(O[C@:3]([C:2])([C:4])[C:5])O[C@]([H])(C([H])([H])O[C@]2([H])OC([H])([H])[C@]([H])(O[H])[C@]([H])(O[H])[C@@]2([H])O[H])[C@@]1([H])O[H].[H][O:32][H:69]>>[C:2][C:3]([C:4])([C:5])[O:32][H:69],EVODEX-P23885
EVODEX-N9406,[H][O:32][H:69]>>[H]C([H])=C([H])C(C([H])([H])[H])(C([H])([H])C([H])([H])C([H])=C(C([H])([H])[H])C([H])([H])[H])[O:32][H:69],EVODEX-P23886
EVODEX-N9407,[H]O[C@]1([H])[C@@]([H])(O[H])[C@]([H])(O[C@:3]([C:2])([C:4])[C:5])O[C@]([H])(C([H])([H])O[C@]2([H])OC([H])([H])[C@]([H])(O[H])[C@]([H])(O[H])[C@@]2([H])O[H])[C@@]1([H])O[H]>>[H]O[C:3]([C:2])([C:4])[C:5],EVODEX-P23887
EVODEX-N9408,[H]O[C@@]1([H])[C@]([H])(O[H])[C@@]([H])(C([H])([H])O[C@@]2([H])OC([H])([H])[C@@]([H])(O[H])[C@@]([H])(O[H])[C@]2([H])O[H])O[C@@]([H])([O:7][C:8])[C@]1([H])O[H]>>[H][O:7][C:8],EVODEX-P23890
EVODEX-N9409,[H][O:1][H:31].[H]C1:C([H]):C([H]):C(C([H])([H])C([H])([H])O[C@@:6]([C:4])([O:16])[H:37]):C([H]):C:1[H]>>[O:1]([C@@:6]([C:4])([O:16])[H:37])[H:31],EVODEX-P23891
EVODEX-N9410,[H]C1:C([H]):C([H]):C(C([H])([H])C([H])([H])O[C@@:6]([C:4])([O:16])[H:37]):C([H]):C:1[H]>>[H]O[C@@:6]([C:4])([O:16])[H:37],EVODEX-P23892
EVODEX-N9411,[H][O:1][H:31]>>[H]O[C@@]1([H])[C@]([H])(O[H])[C@@]([H])(C([H])([H])O[C@@]2([H])OC([H])([H])[C@@]([H])(O[H])[C@@]([H])(O[H])[C@]2([H])O[H])O[C@@]([H])([O:1][H:31])[C@]1([H])O[H],EVODEX-P23893
EVODEX-N9412,[H]OC([H])([H])[C@@]1([H])O[C@@]([H])(O[C@@]2([H])[C@]([H])(O[H])[C@@]([H])(O[H])[C@]([H])(O[C@@]3([H])[C@]([H])(O[H])[C@@]([H])(O[H])[C@]([H])(O[C@@]4([H])[C@]([H])(O[H])[C@@]([H])(O[H])[C@]([H])(O[C:8](:[C:7]):[C:54])O[C@]4([H])C([H])([H])O[H])O[C@]3([H])C([H])([H])O[H])O[C@]2([H])C([H])([H])O[H])[C@]([H])(O[H])[C@@]([H])(O[H])[C@]1([H])O[H].[H][O:1][H:101]>>[O:1]([C:8](:[C:7]):[C:54])[H:101],EVODEX-P23902
EVODEX-N9413,[H]OC([H])([H])[C@@]1([H])O[C@@]([H])(O[C@@]2([H])[C@]([H])(O[H])[C@@]([H])(O[H])[C@]([H])(O[C@@]3([H])[C@]([H])(O[H])[C@@]([H])(O[H])[C@]([H])(O[C@@]4([H])[C@]([H])(O[H])[C@@]([H])(O[H])[C@]([H])(O[C:8](:[C:7]):[C:54])O[C@]4([H])C([H])([H])O[H])O[C@]3([H])C([H])([H])O[H])O[C@]2([H])C([H])([H])O[H])[C@]([H])(O[H])[C@@]([H])(O[H])[C@]1([H])O[H]>>[H]O[C:8](:[C:7]):[C:54],EVODEX-P23903
EVODEX-N9414,[H]OC([H])([H])[C@@]1([H])O[C@@]([H])(N([H])C2:N:C([H]):C([H]):C([H]):C:2[H])[C@]([H])(N([H])C(=O)C([H])([H])[H])[C@@]([H])(O[H])[C@]1([H])O[C@]1([H])O[C@]([H])(C([H])([H])O[H])[C@@]([H])([O:16][C:17])[C@]([H])(O[H])[C@@]1([H])N([H])C(=O)C([H])([H])[H]>>[H][O:16][C:17],"EVODEX-P23906,EVODEX-P23912"
EVODEX-N9415,[H]OC([H])([H])[C@@]1([H])O[C@]([H])(OC([H])([H])[C@@]2([H])O[C@@]([H])(O[C@:15]([C:12])([C:39])[H:72])[C@@]([H])(O[H])[C@@]([H])(O[H])[C@]2([H])O[H])[C@@]([H])(O[H])[C@@]([H])(O[H])[C@]1([H])O[H].[H][O:58][H:111]>>[C:12][C@:15]([C:39])([O:58][H:111])[H:72],EVODEX-P23907
EVODEX-N9416,[H][O:58][H:111]>>[H]OC([H])([H])[C@@]1([H])O[C@@]([H])(N([H])C2:N:C([H]):C([H]):C([H]):C:2[H])[C@]([H])(N([H])C(=O)C([H])([H])[H])[C@@]([H])(O[H])[C@]1([H])O[C@]1([H])O[C@]([H])(C([H])([H])O[H])[C@@]([H])([O:58][H:111])[C@]([H])(O[H])[C@@]1([H])N([H])C(=O)C([H])([H])[H],EVODEX-P23908
EVODEX-N9417,[H]OC([H])([H])[C@@]1([H])O[C@]([H])(OC([H])([H])[C@@]2([H])O[C@@]([H])(O[C@:15]([C:12])([C:39])[H:72])[C@@]([H])(O[H])[C@@]([H])(O[H])[C@]2([H])O[H])[C@@]([H])(O[H])[C@@]([H])(O[H])[C@]1([H])O[H]>>[H]O[C@:15]([C:12])([C:39])[H:72],EVODEX-P23909
EVODEX-N9418,[H]OC([H])([H])[C@@]1(O[C@@]2([H])O[C@]([H])(C([H])([H])O[H])[C@@]([H])(O[H])[C@]([H])(O[H])[C@@]2([H])O[H])O[C@]([H])(C([H])([H])[O:9][C:6])[C@@]([H])(O[H])[C@]1([H])O[H]>>[H][O:9][C:6],EVODEX-P23919
EVODEX-N9419,[H]OC([H])([H])[C@@]1(O[C:10]([C:11])([H:45])[H:46])O[C@]([H])(C([H])([H])O[H])[C@@]([H])(O[H])[C@]1([H])O[H]>>[H]O[C:10]([C:11])([H:45])[H:46],EVODEX-P23921
EVODEX-N9420,[H][O:1][H:22].[H]O[C@@]1([H])[C@]([H])(OF)OC([H])([H])[C@@]([H])(O[C@:6]([C:4])([O:18])[H:28])[C@]1([H])O[H]>>[O:1]([C@:6]([C:4])([O:18])[H:28])[H:22],EVODEX-P23925
EVODEX-N9421,[H]O[C@@]1([H])[C@]([H])(OF)OC([H])([H])[C@@]([H])(O[C@:6]([C:4])([O:18])[H:28])[C@]1([H])O[H]>>[H]O[C@:6]([C:4])([O:18])[H:28],EVODEX-P23926
EVODEX-N9422,[H]O[C@@]1([H])[C@]([H])(O[C@]2([H])C([H])([H])O[C@@]([H])(O[C@]3([H])C([H])([H])O[C@@]([H])(O[C@:15]([C:14])([C:44])[H:52])[C@]([H])(O[H])[C@@]3([H])O[H])[C@]([H])(O[H])[C@@]2([H])O[H])OC([H])([H])[C@@]([H])(O[H])[C@]1([H])O[H].[H][O:1][H:85]>>[O:1]([C@:15]([C:14])([C:44])[H:52])[H:85],EVODEX-P23929
EVODEX-N9423,[H]O[C@@]1([H])[C@]([H])(O[C@]2([H])C([H])([H])O[C@@]([H])(O[C@]3([H])C([H])([H])O[C@@]([H])(O[C@:15]([C:14])([C:44])[H:52])[C@]([H])(O[H])[C@@]3([H])O[H])[C@]([H])(O[H])[C@@]2([H])O[H])OC([H])([H])[C@@]([H])(O[H])[C@]1([H])O[H]>>[H]O[C@:15]([C:14])([C:44])[H:52],EVODEX-P23931
EVODEX-N9424,[H]OC1:C([H]):C([O:13][C:14]):C([H]):C2:O:C([H]):C(C3:C([H]):C([H]):C(OC([H])([H])[H]):C([H]):C:3[H]):C(=O):C:1:2>>[H][O:13][C:14],EVODEX-P23935
EVODEX-N9425,[H]OC([H])([H])C1(O[H])C([H])([H])OC([H])(OC([H])([H])[C@@]2([H])O[C@@]([H])(O[C:12](:[C:11]):[C:34])[C@]([H])(O[H])[C@@]([H])(O[H])[C@]2([H])O[H])[C@]1([H])O[H].[H][O:42][H:73]>>[C:11]:[C:12](:[C:34])[O:42][H:73],EVODEX-P23936
EVODEX-N9426,[H][O:42][H:73]>>[H]OC1:C([H]):C([O:42][H:73]):C([H]):C2:O:C([H]):C(C3:C([H]):C([H]):C(OC([H])([H])[H]):C([H]):C:3[H]):C(=O):C:1:2,EVODEX-P23937
EVODEX-N9427,[H]OC([H])([H])C1(O[H])C([H])([H])OC([H])(OC([H])([H])[C@@]2([H])O[C@@]([H])(O[C:12](:[C:11]):[C:34])[C@]([H])(O[H])[C@@]([H])(O[H])[C@]2([H])O[H])[C@]1([H])O[H]>>[H]O[C:12](:[C:11]):[C:34],EVODEX-P23938
EVODEX-N9428,[H][O:1][H:52]>>[H]OC1:C([H]):C([H]):C(C2:C([H]):O:C3:C([H]):C([O:1][H:52]):C([H]):C([H]):C:3:C:2=O):C([H]):C:1[H],EVODEX-P23942
EVODEX-N9429,[H]OC1:C([H]):C([H]):C(C2:C([H]):O:C3:C([H]):C([O:17][C:18]):C([H]):C([H]):C:3:C:2=O):C([H]):C:1[H]>>[H][O:17][C:18],EVODEX-P23944
EVODEX-N9430,[H]OC([H])([H])[C@@]1([H])O[C@@]([H])([O:20][C:21])[C@]([H])(OS(=O)(=O)O[H])[C@@]([H])(O[C@@]2([H])O[C@]([H])(C([H])([H])OS(=O)(=O)O[H])[C@]([H])(O[H])[C@]([H])(O[H])[C@@]2([H])OS(=O)(=O)O[H])[C@@]1([H])O[H]>>[H][O:20][C:21],EVODEX-P23947
EVODEX-N9431,[H]OC([H])([H])[C@@]1([H])O[C@@]([H])(O[H])[C@]([H])(OS(=O)(=O)O[H])[C@@]([H])(O[C@@]2([H])O[C@]([H])(C([H])([H])OS(=O)(=O)O[H])[C@]([H])(O[C@]3([H])O[C@]([H])(C([H])([H])O[H])[C@]([H])(O[H])[C@]([H])(O[C@@]4([H])O[C@]([H])(C([H])([H])OS(=O)(=O)O[H])[C@]([H])(O[C@:19]([O:18])([C:89])[H:117])[C@]([H])(O[H])[C@@]4([H])OS(=O)(=O)O[H])[C@@]3([H])OS(=O)(=O)O[H])[C@]([H])(O[H])[C@@]2([H])OS(=O)(=O)O[H])[C@@]1([H])O[H].[H][O:1][H:167]>>[O:1]([C@:19]([O:18])([C:89])[H:117])[H:167],EVODEX-P23948
EVODEX-N9432,[H][O:1][H:167]>>[H]OC([H])([H])[C@@]1([H])O[C@@]([H])([O:1][H:167])[C@]([H])(OS(=O)(=O)O[H])[C@@]([H])(O[C@@]2([H])O[C@]([H])(C([H])([H])OS(=O)(=O)O[H])[C@]([H])(O[H])[C@]([H])(O[H])[C@@]2([H])OS(=O)(=O)O[H])[C@@]1([H])O[H],EVODEX-P23949
EVODEX-N9433,[H]OC([H])([H])[C@@]1([H])O[C@@]([H])(O[H])[C@]([H])(OS(=O)(=O)O[H])[C@@]([H])(O[C@@]2([H])O[C@]([H])(C([H])([H])OS(=O)(=O)O[H])[C@]([H])(O[C@]3([H])O[C@]([H])(C([H])([H])O[H])[C@]([H])(O[H])[C@]([H])(O[C@@]4([H])O[C@]([H])(C([H])([H])OS(=O)(=O)O[H])[C@]([H])(O[C@:19]([O:18])([C:89])[H:117])[C@]([H])(O[H])[C@@]4([H])OS(=O)(=O)O[H])[C@@]3([H])OS(=O)(=O)O[H])[C@]([H])(O[H])[C@@]2([H])OS(=O)(=O)O[H])[C@@]1([H])O[H]>>[H]O[C@:19]([O:18])([C:89])[H:117],EVODEX-P23950
EVODEX-N9434,[H]OC([H])([H])[C@@]1([H])O[C@]([H])(OC([H])([H])[C@@]2([H])O[C@@]([H])(O[C:9](:[C:8]):[C:33])[C@@]([H])(O[H])[C@@]([H])(O[H])[C@]2([H])O[H])[C@@]([H])(O[H])[C@@]([H])(O[H])[C@]1([H])O[H].[H][O:36][H:65]>>[C:8]:[C:9](:[C:33])[O:36][H:65],EVODEX-P23954
EVODEX-N9435,[H]OC([H])([H])[C@@]1([H])O[C@]([H])(OC([H])([H])[C@@]2([H])O[C@@]([H])(O[C:9](:[C:8]):[C:33])[C@@]([H])(O[H])[C@@]([H])(O[H])[C@]2([H])O[H])[C@@]([H])(O[H])[C@@]([H])(O[H])[C@]1([H])O[H]>>[H]O[C:9](:[C:8]):[C:33],EVODEX-P23955
EVODEX-N9436,[H]OC([H])([H])[C@@]1([H])O[C@@]([H])([O:6][C:5])[C@]([H])(N([H])[H])[C@@]([H])(O[H])[C@]1([H])O[H]>>[H][O:6][C:5],EVODEX-P23963
EVODEX-N9437,[H]OC1:C(O[C@:7]([O:6])([C:28])[H:36]):C([H]):C2:O:C(C3:C([H]):C([H]):C([H]):C([H]):C:3[H]):C([H]):C(=O):C:2:C:1O[H].[H][O:1][H:52]>>[O:1]([C:7]([O:6])([C:28])[H:36])[H:52],EVODEX-P23966
EVODEX-N9438,[H]OC1:C(O[C@:7]([O:6])([C:28])[H:36]):C([H]):C2:O:C(C3:C([H]):C([H]):C([H]):C([H]):C:3[H]):C([H]):C(=O):C:2:C:1O[H]>>[H]O[C:7]([O:6])([C:28])[H:36],EVODEX-P23967
EVODEX-N9439,[H]OC1:C([H]):C([O:5][C:6]):C(OC([H])([H])[H]):C2:O:C(C3:C([H]):C([H]):C([H]):C([H]):C:3[H]):C([H]):C(=O):C:1:2>>[H][O:5][C:6],EVODEX-P23970
EVODEX-N9440,[H][O:34][H:55]>>[H]OC1:C([H]):C([O:34][H:55]):C(OC([H])([H])[H]):C2:O:C(C3:C([H]):C([H]):C([H]):C([H]):C:3[H]):C([H]):C(=O):C:1:2,EVODEX-P23972
EVODEX-N9441,[H]OC1:C([H]):C([C@@]2([H])OC3:C([H]):C([O:16][C:17]):C([H]):C(O[H]):C:3C(=O)C2([H])[H]):C([H]):C([H]):C:1OC([H])([H])[H]>>[H][O:16][C:17],EVODEX-P23976
EVODEX-N9442,[H]O[C@@]1([H])[C@@]([H])(O[H])[C@]([H])(OC([H])([H])[C@@]2([H])O[C@@]([H])(O[C:15](:[C:14]):[C:38])[C@]([H])(O[H])[C@@]([H])(O[H])[C@]2([H])O[H])O[C@@]([H])(C([H])([H])[H])[C@]1([H])O[H].[H][O:44][H:79]>>[C:14]:[C:15](:[C:38])[O:44][H:79],"EVODEX-P23977,EVODEX-P23983"
EVODEX-N9443,[H][O:44][H:79]>>[H]OC1:C([H]):C([C@@]2([H])OC3:C([H]):C([O:44][H:79]):C([H]):C(O[H]):C:3C(=O)C2([H])[H]):C([H]):C([H]):C:1OC([H])([H])[H],EVODEX-P23978
EVODEX-N9444,[H]O[C@@]1([H])[C@@]([H])(O[H])[C@]([H])(OC([H])([H])[C@@]2([H])O[C@@]([H])(O[C:15](:[C:14]):[C:38])[C@]([H])(O[H])[C@@]([H])(O[H])[C@]2([H])O[H])O[C@@]([H])(C([H])([H])[H])[C@]1([H])O[H]>>[H]O[C:15](:[C:14]):[C:38],"EVODEX-P23979,EVODEX-P23985"
EVODEX-N9445,[H]OC1:C([H]):C(C2:O:C3:C([H]):C([O:16][C:17]):C([H]):C(O[H]):C:3:C(=O):C:2[H]):C([H]):C([H]):C:1OC([H])([H])[H]>>[H][O:16][C:17],EVODEX-P23982
EVODEX-N9446,[H][O:44][H:77]>>[H]OC1:C([H]):C(C2:O:C3:C([H]):C([O:44][H:77]):C([H]):C(O[H]):C:3:C(=O):C:2[H]):C([H]):C([H]):C:1OC([H])([H])[H],EVODEX-P23984
EVODEX-N9447,[H]OC(=O)C([H])(N([H])C(=O)C([H])(N([H])C(=O)[C@@]([H])(N([H])C(=O)[C@@]([H])(N([H])C(=O)[C@@]([H])(N([H])C(=O)[C@@]([H])(N([H])[H])C([H])([H])S[H])C([H])([H])C(=O)N([H])[H])C([H])([H])O[C@@:6]([C:5])([O:56])[H:70])C([H])([H])C1:C([H]):C([H]):C(O[H]):C([H]):C:1[H])C([H])([H])C([H])([H])C([H])([H])C([H])([H])N([H])[H])C([H])(O[H])C([H])([H])[H].[H][O:64][H:124]>>[C:5][C:6]([O:56])([O:64][H:124])[H:70],EVODEX-P23989
EVODEX-N9448,[H]OC(=O)C([H])(N([H])C(=O)C([H])(N([H])C(=O)[C@@]([H])(N([H])C(=O)[C@@]([H])(N([H])C(=O)[C@@]([H])(N([H])C(=O)[C@@]([H])(N([H])[H])C([H])([H])S[H])C([H])([H])C(=O)N([H])[H])C([H])([H])O[C@@:6]([C:5])([O:56])[H:70])C([H])([H])C1:C([H]):C([H]):C(O[H]):C([H]):C:1[H])C([H])([H])C([H])([H])C([H])([H])C([H])([H])N([H])[H])C([H])(O[H])C([H])([H])[H]>>[H]O[C:6]([C:5])([O:56])[H:70],EVODEX-P23990
EVODEX-N9449,[H]OC(=O)[C@@]([H])(C([H])([H])O[H])[O:8][C:9]>>[H][O:8][C:9],"EVODEX-P23993,EVODEX-P24193"
EVODEX-N9450,[H]O[C@@]1([H])[C@]([H])(O[H])[C@@]([H])(C([H])([H])OP(=O)(O[H])O[H])O[C@]([H])(O[C@@:5]([C:3])([C:6])[H:25])[C@@]1([H])O[H].[H][O:1][H:41]>>[O:1]([C@@:5]([C:3])([C:6])[H:25])[H:41],EVODEX-P23994
EVODEX-N9451,[H]O[C@@]1([H])[C@]([H])(O[H])[C@@]([H])(C([H])([H])OP(=O)(O[H])O[H])O[C@]([H])(O[C@@:5]([C:3])([C:6])[H:25])[C@@]1([H])O[H]>>[H]O[C@@:5]([C:3])([C:6])[H:25],EVODEX-P23995
EVODEX-N9452,[H]O[C@]1(/C([H])=C([H])/C(=C(/[H])C(=O)[O:19][C:20])C([H])([H])[H])C(C([H])([H])[H])=C([H])C(=O)C([H])([H])C1(C([H])([H])[H])C([H])([H])[H]>>[H][O:19][C:20],EVODEX-P23998
EVODEX-N9453,[H]OC([H])([H])[C@@]1([H])O[C@@]([H])(O[C:17]([C:16])=[O:18])[C@]([H])(O[H])[C@@]([H])(O[H])[C@]1([H])O[H].[H][O:31][H:62]>>[C:16][C:17](=[O:18])[O:31][H:62],EVODEX-P23999
EVODEX-N9454,[H]OC([H])([H])[C@@]1([H])O[C@@]([H])(O[C:17]([C:16])=[O:18])[C@]([H])(O[H])[C@@]([H])(O[H])[C@]1([H])O[H]>>[H]O[C:17]([C:16])=[O:18],EVODEX-P24000
EVODEX-N9455,[H]OC([H])([H])[C@@]1([H])O[C@@]([H])(O[H])[C@]([H])(O[H])[C@@]([H])(O[C@]2([H])O[C@@]([H])(C([H])([H])[H])[C@]([H])(O[C@]3([H])O[C@]([H])(C([H])([H])O[H])[C@@]([H])([O:29][C:30])[C@]([H])(O[H])[C@@]3([H])O[H])[C@@]([H])(O[H])[C@@]2([H])O[H])[C@]1([H])O[H]>>[H][O:29][C:30],EVODEX-P24003
EVODEX-N9456,[H]OC(=O)C1=C([H])[C@]([H])(O[H])[C@@]([H])(O[H])[C@]([H])(O[C@:28]([C:25])([C:41])[H:72])O1.[H][O:45][H:84]>>[C:25][C@:28]([C:41])([O:45][H:84])[H:72],"EVODEX-P24004,EVODEX-P24009,EVODEX-P24020"
EVODEX-N9457,[H][O:45][H:84]>>[H]OC([H])([H])[C@@]1([H])O[C@@]([H])(O[H])[C@]([H])(O[H])[C@@]([H])(O[C@]2([H])O[C@@]([H])(C([H])([H])[H])[C@]([H])(O[C@]3([H])O[C@]([H])(C([H])([H])O[H])[C@@]([H])([O:45][H:84])[C@]([H])(O[H])[C@@]3([H])O[H])[C@@]([H])(O[H])[C@@]2([H])O[H])[C@]1([H])O[H],EVODEX-P24005
EVODEX-N9458,[H]OC(=O)C1=C([H])[C@]([H])(O[H])[C@@]([H])(O[H])[C@]([H])(O[C@:28]([C:25])([C:41])[H:72])O1>>[H]O[C@:28]([C:25])([C:41])[H:72],"EVODEX-P24006,EVODEX-P24010,EVODEX-P24021"
EVODEX-N9459,[O:7][C@:8]1([H:38])[O:9][C:10]([C:11])=[C:14]([H:40])[C:15][C:17]1.[H][O:31][H]>>[H][O:7].[H][C:14]([C:10]([C:11])=[O:31])([C:15][C:17][C:8](=[O:9])[H:38])[H:40],EVODEX-P24012
EVODEX-N9460,[H]O[C@]1([H])O[C@]([H])(C([H])([H])OS(=O)(=O)O[H])[C@]([H])(O[H])[C@]([H])(O[C@:8]2([H:38])[O:9][C:10]([C:11])=[C:14]([H:40])[C:15][C:17]2)[C@@]1([H])N([H])C(=O)C([H])([H])[H].[H][O:31][H]>>[H][C:14]([C:10]([C:11])=[O:31])([C:15][C:17][C:8](=[O:9])[H:38])[H:40],EVODEX-P24013
EVODEX-N9461,[H][O:31][H]>>[H]OC(=O)C(C([H])([H])[C@]([H])(O[H])[C@@]([H])(O[H])C([H])=O)=[O:31],EVODEX-P24014
EVODEX-N9462,[H]O[C@]1([H])O[C@]([H])(C([H])([H])OS(=O)(=O)O[H])[C@]([H])(O[H])[C@]([H])(O[C@:8]2([H:38])[O:9][C:10]([C:11])=[C:14]([H:40])[C:15][C:17]2)[C@@]1([H])N([H])C(=O)C([H])([H])[H]>>[H][C:14]([C:10](=O)[C:11])([C:15][C:17][C:8](=[O:9])[H:38])[H:40],EVODEX-P24015
EVODEX-N9463,[H]OC(=O)C1=C([H])[C@]([H])(O[H])[C@@]([H])(O[H])[C@]([H])([O:7][C:6])O1>>[H][O:7][C:6],EVODEX-P24016
EVODEX-N9464,[O:7][C@:8]1([H:38])[O:9][C:10]([C:11])=[C:14]([H:40])[C:15][C:17]1>>[H][O:7].[H][C:14]([C:10](=O)[C:11])([C:15][C:17][C:8](=[O:9])[H:38])[H:40],EVODEX-P24017
EVODEX-N9465,[H]ON1C(=O)[C@@]([H])([O:11][C:12])OC2:C([H]):C(OC([H])([H])[H]):C([H]):C([H]):C:21>>[H][O:11][C:12],EVODEX-P24025
EVODEX-N9466,[H][O:27][H:47]>>[H]ON1C(=O)[C@]([H])([O:27][H:47])OC2:C([H]):C(OC([H])([H])[H]):C([H]):C([H]):C:21,EVODEX-P24027
EVODEX-N9467,[H]ON1C(=O)[C@@]([H])([O:5][C:6])OC2:C([H]):C([H]):C([H]):C([H]):C:21>>[H][O:5][C:6],EVODEX-P24031
EVODEX-N9468,[H][O:1][H:43]>>[H]ON1C(=O)[C@]([H])([O:1][H:43])OC2:C([H]):C([H]):C([H]):C([H]):C:21,EVODEX-P24033
EVODEX-N9469,[H]O[C@@]1([H])[C@]([H])(N([H])C(=O)C([H])([H])[H])[C@@]([H])(C([H])([H])[H])O[C@]([H])([O:7][P:8])[C@]1([H])N([H])C(=O)C([H])([H])[H]>>[H][O:7][P:8],EVODEX-P24037
EVODEX-N9470,[H][O:42][H:73]>>[H]O[C@@]1([H])[C@]([H])(N([H])C(=O)C([H])([H])[H])[C@@]([H])(C([H])([H])[H])OC([H])([O:42][H:73])[C@]1([H])N([H])C(=O)C([H])([H])[H],EVODEX-P24039
EVODEX-N9471,[N:10][C@@:11]([O:12])([C:18])[H:28].[H][O:1][H:37]>>[H][N:10].[O:1]([C@@:11]([O:12])([C:18])[H:28])[H:37],"EVODEX-P24044,EVODEX-P24256"
EVODEX-N9472,[H]OC(=O)[C@@]1([H])N([C@@:11]([O:12])([C:18])[H:28])C([H])([H])[C@]([H])(O[H])C1([H])[H].[H][O:1][H:37]>>[O:1]([C@@:11]([O:12])([C:18])[H:28])[H:37],EVODEX-P24045
EVODEX-N9473,[H]OC(=O)[C@@]1([H])N([C@@:11]([O:12])([C:18])[H:28])C([H])([H])[C@]([H])(O[H])C1([H])[H]>>[H]O[C@@:11]([O:12])([C:18])[H:28],EVODEX-P24046
EVODEX-N9474,[H]OC([H])([H])[C@]1([H])O[C@]([H])([N:10]([C:5])[C:9])[C@]([H])(O[H])[C@@]1([H])O[H]>>[H][N:10]([C:5])[C:9],EVODEX-P24047
EVODEX-N9475,[H]OC([H])([H])[C@@]1([H])O[C@@]([H])(O[C@@]2([H])[C@]([H])(O[H])[C@@]([H])(O[C@]3([H])O[C@@]([H])(C([H])([H])[H])[C@]([H])(O[H])[C@@]([H])(O[H])[C@@]3([H])O[H])[C@]([H])(O[C@]3([H])C([H])([H])C4=C([H])C([H])([H])[C@@]5([H])[C@]6([H])C([H])([H])[C@]7([H])O[C@@]8(O[C@](C([H])([H])[H])(C([H])([H])[O:28][C:29])C([H])([H])C8([H])[H])[C@@]([H])(C([H])([H])[H])[C@]7([H])[C@@]6(C([H])([H])[H])C([H])([H])C([H])([H])[C@]5([H])[C@@]4(C([H])([H])[H])C([H])([H])C3([H])[H])O[C@]2([H])C([H])([H])O[H])[C@]([H])(O[H])[C@@]([H])(O[H])[C@]1([H])O[H]>>[H][O:28][C:29],EVODEX-P24050
EVODEX-N9476,[H][O:75][H:158]>>[H]OC([H])([H])[C@@]1([H])O[C@@]([H])(O[C@@]2([H])[C@]([H])(O[H])[C@@]([H])(O[C@]3([H])O[C@@]([H])(C([H])([H])[H])[C@]([H])(O[H])[C@@]([H])(O[H])[C@@]3([H])O[H])[C@]([H])(O[C@]3([H])C([H])([H])C4=C([H])C([H])([H])[C@@]5([H])[C@]6([H])C([H])([H])[C@]7([H])O[C@@]8(O[C@](C([H])([H])[H])(C([H])([H])[O:75][H:158])C([H])([H])C8([H])[H])[C@@]([H])(C([H])([H])[H])[C@]7([H])[C@@]6(C([H])([H])[H])C([H])([H])C([H])([H])[C@]5([H])[C@@]4(C([H])([H])[H])C([H])([H])C3([H])[H])O[C@]2([H])C([H])([H])O[H])[C@]([H])(O[H])[C@@]([H])(O[H])[C@]1([H])O[H],EVODEX-P24052
EVODEX-N9477,[H]OC([H])([H])[C@@]1([H])O[C@@]([H])(O[C@]2([H])[C@@]([H])(O[H])[C@]([H])(O[C@@]3([H])[C@]([H])(O[H])[C@@]([H])(O[C@]4([H])O[C@@]([H])(C([H])([H])[H])[C@]([H])(O[H])[C@@]([H])(O[H])[C@@]4([H])O[H])[C@]([H])(O[C@]4([H])C([H])([H])C5=C([H])C([H])([H])[C@@]6([H])[C@]7([H])C([H])([H])[C@]8([H])O[C@@]9(O[C@](C([H])([H])[H])(C([H])([H])[O:28][C:29])C([H])([H])C9([H])[H])[C@@]([H])(C([H])([H])[H])[C@]8([H])[C@@]7(C([H])([H])[H])C([H])([H])C([H])([H])[C@]6([H])[C@@]5(C([H])([H])[H])C([H])([H])C4([H])[H])O[C@]3([H])C([H])([H])O[H])O[C@]([H])(C([H])([H])O[H])[C@@]2([H])O[H])[C@]([H])(O[H])[C@@]([H])(O[H])[C@]1([H])O[H]>>[H][O:28][C:29],EVODEX-P24056
EVODEX-N9478,[H][O:86][H:179]>>[H]OC([H])([H])[C@@]1([H])O[C@@]([H])(O[C@]2([H])[C@@]([H])(O[H])[C@]([H])(O[C@@]3([H])[C@]([H])(O[H])[C@@]([H])(O[C@]4([H])O[C@@]([H])(C([H])([H])[H])[C@]([H])(O[H])[C@@]([H])(O[H])[C@@]4([H])O[H])[C@]([H])(O[C@]4([H])C([H])([H])C5=C([H])C([H])([H])[C@@]6([H])[C@]7([H])C([H])([H])[C@]8([H])O[C@@]9(O[C@](C([H])([H])[H])(C([H])([H])[O:86][H:179])C([H])([H])C9([H])[H])[C@@]([H])(C([H])([H])[H])[C@]8([H])[C@@]7(C([H])([H])[H])C([H])([H])C([H])([H])[C@]6([H])[C@@]5(C([H])([H])[H])C([H])([H])C4([H])[H])O[C@]3([H])C([H])([H])O[H])O[C@]([H])(C([H])([H])O[H])[C@@]2([H])O[H])[C@]([H])(O[H])[C@@]([H])(O[H])[C@]1([H])O[H],EVODEX-P24058
EVODEX-N9479,[H]OC([H])([H])[C@@]1([H])O[C@@]([H])(O[C@@]2([H])C([H])([H])C([H])([H])[C@@]3(C([H])([H])[H])[C@@]([H])(C([H])([H])C([H])([H])[C@]4(C([H])([H])[H])[C@]3([H])C([H])([H])[C@@]([H])(O[H])[C@]3([H])[C@@]([H])([C@](O[H])(C([H])([H])[H])C([H])([H])C([H])([H])C([H])=C(C([H])([H])[H])C([H])([H])[H])C([H])([H])C([H])([H])[C@@]43C([H])([H])[H])C2(C([H])([H])[H])C([H])([H])[H])[C@]([H])([O:36][C:37])[C@@]([H])(O[H])[C@]1([H])O[H]>>[H][O:36][C:37],EVODEX-P24062
EVODEX-N9480,[H][O:56][H:129]>>[H]OC([H])([H])[C@@]1([H])O[C@@]([H])(O[C@@]2([H])C([H])([H])C([H])([H])[C@@]3(C([H])([H])[H])[C@@]([H])(C([H])([H])C([H])([H])[C@]4(C([H])([H])[H])[C@]3([H])C([H])([H])[C@@]([H])(O[H])[C@]3([H])[C@@]([H])([C@](O[H])(C([H])([H])[H])C([H])([H])C([H])([H])C([H])=C(C([H])([H])[H])C([H])([H])[H])C([H])([H])C([H])([H])[C@@]43C([H])([H])[H])C2(C([H])([H])[H])C([H])([H])[H])[C@]([H])([O:56][H:129])[C@@]([H])(O[H])[C@]1([H])O[H],EVODEX-P24064
EVODEX-N9481,[H]OC([H])([H])[C@@]1([H])O[C@@]([H])(O[C@@](C([H])([H])[H])(C([H])([H])C([H])([H])C([H])=C(C([H])([H])[H])C([H])([H])[H])[C@@]2([H])C([H])([H])C([H])([H])[C@@]3(C([H])([H])[H])[C@]4(C([H])([H])[H])C([H])([H])C([H])([H])[C@@]5([H])C(C([H])([H])[H])(C([H])([H])[H])[C@@]([H])([O:36][C:37])C([H])([H])C([H])([H])[C@]5(C([H])([H])[H])[C@@]4([H])C([H])([H])[C@@]([H])(O[H])[C@]23[H])[C@]([H])(O[H])[C@@]([H])(O[H])[C@]1([H])O[H]>>[H][O:36][C:37],EVODEX-P24068
EVODEX-N9482,[H][O:56][H:129]>>[H]OC([H])([H])[C@@]1([H])O[C@@]([H])(O[C@@](C([H])([H])[H])(C([H])([H])C([H])([H])C([H])=C(C([H])([H])[H])C([H])([H])[H])[C@@]2([H])C([H])([H])C([H])([H])[C@@]3(C([H])([H])[H])[C@]4(C([H])([H])[H])C([H])([H])C([H])([H])[C@@]5([H])C(C([H])([H])[H])(C([H])([H])[H])[C@@]([H])([O:56][H:129])C([H])([H])C([H])([H])[C@]5(C([H])([H])[H])[C@@]4([H])C([H])([H])[C@@]([H])(O[H])[C@]23[H])[C@]([H])(O[H])[C@@]([H])(O[H])[C@]1([H])O[H],EVODEX-P24070
EVODEX-N9483,[H]OC([H])([H])[C@@]1([H])O[C@@]([H])(O[C@@]2([H])[C@]([H])(O[C@@]3([H])C([H])([H])C([H])([H])[C@@]4(C([H])([H])[H])[C@@]([H])(C([H])([H])C([H])([H])[C@]5(C([H])([H])[H])[C@]4([H])C([H])([H])[C@@]([H])(O[H])[C@]4([H])[C@@]([H])([C@](O[C@]6([H])O[C@]([H])(C([H])([H])[O:14][C:15])[C@@]([H])(O[H])[C@]([H])(O[H])[C@@]6([H])O[H])(C([H])([H])[H])C([H])([H])C([H])([H])C([H])=C(C([H])([H])[H])C([H])([H])[H])C([H])([H])C([H])([H])[C@@]54C([H])([H])[H])C3(C([H])([H])[H])C([H])([H])[H])O[C@]([H])(C([H])([H])O[H])[C@@]([H])(O[H])[C@]2([H])O[H])[C@]([H])(O[H])[C@@]([H])(O[H])[C@]1([H])O[H]>>[H][O:14][C:15],"EVODEX-P24074,EVODEX-P24086"
EVODEX-N9484,[H][O:78][H:171]>>[H]OC([H])([H])[C@@]1([H])O[C@@]([H])(O[C@@]2([H])[C@]([H])(O[C@@]3([H])C([H])([H])C([H])([H])[C@@]4(C([H])([H])[H])[C@@]([H])(C([H])([H])C([H])([H])[C@]5(C([H])([H])[H])[C@]4([H])C([H])([H])[C@@]([H])(O[H])[C@]4([H])[C@@]([H])([C@](O[C@]6([H])O[C@]([H])(C([H])([H])[O:78][H:171])[C@@]([H])(O[H])[C@]([H])(O[H])[C@@]6([H])O[H])(C([H])([H])[H])C([H])([H])C([H])([H])C([H])=C(C([H])([H])[H])C([H])([H])[H])C([H])([H])C([H])([H])[C@@]54C([H])([H])[H])C3(C([H])([H])[H])C([H])([H])[H])O[C@]([H])(C([H])([H])O[H])[C@@]([H])(O[H])[C@]2([H])O[H])[C@]([H])(O[H])[C@@]([H])(O[H])[C@]1([H])O[H],EVODEX-P24076
EVODEX-N9485,[H]OC([H])([H])[C@@]1([H])O[C@@]([H])(O[C@@]2([H])[C@]([H])(O[C@@]3([H])C([H])([H])C([H])([H])[C@@]4(C([H])([H])[H])[C@@]([H])(C([H])([H])C([H])([H])[C@]5(C([H])([H])[H])[C@]4([H])C([H])([H])[C@@]([H])(O[H])[C@]4([H])[C@@]([H])([C@](C([H])([H])[H])(C([H])([H])C([H])([H])C([H])=C(C([H])([H])[H])C([H])([H])[H])[O:9][C:10])C([H])([H])C([H])([H])[C@@]54C([H])([H])[H])C3(C([H])([H])[H])C([H])([H])[H])O[C@]([H])(C([H])([H])O[H])[C@@]([H])(O[H])[C@]2([H])O[H])[C@]([H])(O[H])[C@@]([H])(O[H])[C@]1([H])O[H]>>[H][O:9][C:10],EVODEX-P24080
EVODEX-N9486,[H]OC([H])([H])[C@@]1([H])O[C@@]([H])(O[C@:7]([C:6])([C:8])[C:21])[C@]([H])(O[H])[C@@]([H])(O[H])[C@]1([H])O[H].[H][O:67][H:150]>>[C:6][C@:7]([C:8])([C:21])[O:67][H:150],"EVODEX-P24081,EVODEX-P24103,EVODEX-P24119"
EVODEX-N9487,[H][O:67][H:150]>>[H]OC([H])([H])[C@@]1([H])O[C@@]([H])(O[C@@]2([H])[C@]([H])(O[C@@]3([H])C([H])([H])C([H])([H])[C@@]4(C([H])([H])[H])[C@@]([H])(C([H])([H])C([H])([H])[C@]5(C([H])([H])[H])[C@]4([H])C([H])([H])[C@@]([H])(O[H])[C@]4([H])[C@@]([H])([C@@](C([H])([H])[H])(C([H])([H])C([H])([H])C([H])=C(C([H])([H])[H])C([H])([H])[H])[O:67][H:150])C([H])([H])C([H])([H])[C@@]54C([H])([H])[H])C3(C([H])([H])[H])C([H])([H])[H])O[C@]([H])(C([H])([H])O[H])[C@@]([H])(O[H])[C@]2([H])O[H])[C@]([H])(O[H])[C@@]([H])(O[H])[C@]1([H])O[H],EVODEX-P24082
EVODEX-N9488,[H]OC([H])([H])[C@@]1([H])O[C@@]([H])(O[C@:7]([C:6])([C:8])[C:21])[C@]([H])(O[H])[C@@]([H])(O[H])[C@]1([H])O[H]>>[H]O[C@@:7]([C:6])([C:8])[C:21],"EVODEX-P24083,EVODEX-P24105,EVODEX-P24121"
EVODEX-N9489,[H]O[C@@]1([H])[C@]([H])(O[C:13]([C:12])([H:93])[H:94])OC([H])([H])[C@@]([H])(O[H])[C@]1([H])O[H].[H][O:76][H:167]>>[C:12][C:13]([O:76][H:167])([H:93])[H:94],"EVODEX-P24087,EVODEX-P24092"
EVODEX-N9490,[H]O[C@@]1([H])[C@]([H])(O[C:13]([C:12])([H:93])[H:94])OC([H])([H])[C@@]([H])(O[H])[C@]1([H])O[H]>>[H]O[C:13]([C:12])([H:93])[H:94],"EVODEX-P24088,EVODEX-P24093"
EVODEX-N9491,[H]OC1([H])C([H])([H])C([H])([H])C2(C([H])([H])[H])C([H])(C([H])([H])C([H])([H])C3(C([H])([H])[H])C2([H])C([H])([H])C([H])(O[H])C2([H])C([H])([C@](O[C@]4([H])O[C@]([H])(C([H])([H])[O:14][C:15])[C@@]([H])(O[H])[C@]([H])(O[H])[C@@]4([H])O[H])(C([H])([H])[H])C([H])([H])C([H])([H])C([H])=C(C([H])([H])[H])C([H])([H])[H])C([H])([H])C([H])([H])[C@]23C([H])([H])[H])C1(C([H])([H])[H])C([H])([H])[H]>>[H][O:14][C:15],EVODEX-P24091
EVODEX-N9492,[H]OC([H])([H])[C@@]1([H])O[C@@]([H])(O[C@@]2([H])C([H])([H])[C@]3(C([H])([H])[H])[C@]([H])(C([H])([H])[C@@]([H])(O[H])[C@]4([H])[C@@]([H])([C@](O[H])(C([H])([H])[H])C([H])([H])C([H])([H])C([H])=C(C([H])([H])[H])C([H])([H])[H])C([H])([H])C([H])([H])[C@@]34C([H])([H])[H])[C@@]3(C([H])([H])[H])C([H])([H])C([H])([H])[C@]([H])(O[H])C(C([H])([H])[H])(C([H])([H])[H])[C@@]32[H])[C@]([H])([O:42][C:43])[C@@]([H])(O[H])[C@]1([H])O[H]>>[H][O:42][C:43],EVODEX-P24096
EVODEX-N9493,[H][O:57][H:130]>>[H]OC([H])([H])[C@@]1([H])O[C@@]([H])(O[C@@]2([H])C([H])([H])[C@]3(C([H])([H])[H])[C@]([H])(C([H])([H])[C@@]([H])(O[H])[C@]4([H])[C@@]([H])([C@](O[H])(C([H])([H])[H])C([H])([H])C([H])([H])C([H])=C(C([H])([H])[H])C([H])([H])[H])C([H])([H])C([H])([H])[C@@]34C([H])([H])[H])[C@@]3(C([H])([H])[H])C([H])([H])C([H])([H])[C@]([H])(O[H])C(C([H])([H])[H])(C([H])([H])[H])[C@@]32[H])[C@]([H])([O:57][H:130])[C@@]([H])(O[H])[C@]1([H])O[H],EVODEX-P24098
EVODEX-N9494,[H]OC([H])([H])[C@@]1([H])O[C@@]([H])(O[C@@]2([H])C([H])([H])[C@]3(C([H])([H])[H])[C@]([H])(C([H])([H])[C@@]([H])(O[H])[C@]4([H])[C@@]([H])([C@](C([H])([H])[H])(C([H])([H])C([H])([H])C([H])=C(C([H])([H])[H])C([H])([H])[H])[O:9][C:10])C([H])([H])C([H])([H])[C@@]34C([H])([H])[H])[C@@]3(C([H])([H])[H])C([H])([H])C([H])([H])[C@]([H])(O[H])C(C([H])([H])[H])(C([H])([H])[H])[C@@]32[H])[C@]([H])(O[C@]2([H])OC([H])([H])[C@@]([H])(O[H])[C@]([H])(O[H])[C@@]2([H])O[H])[C@@]([H])(O[H])[C@]1([H])O[H]>>[H][O:9][C:10],EVODEX-P24102
EVODEX-N9495,[H][O:66][H:147]>>[H]OC([H])([H])[C@@]1([H])O[C@@]([H])(O[C@@]2([H])C([H])([H])[C@]3(C([H])([H])[H])[C@]([H])(C([H])([H])[C@@]([H])(O[H])[C@]4([H])[C@@]([H])([C@@](C([H])([H])[H])(C([H])([H])C([H])([H])C([H])=C(C([H])([H])[H])C([H])([H])[H])[O:66][H:147])C([H])([H])C([H])([H])[C@@]34C([H])([H])[H])[C@@]3(C([H])([H])[H])C([H])([H])C([H])([H])[C@]([H])(O[H])C(C([H])([H])[H])(C([H])([H])[H])[C@@]32[H])[C@]([H])(O[C@]2([H])OC([H])([H])[C@@]([H])(O[H])[C@]([H])(O[H])[C@@]2([H])O[H])[C@@]([H])(O[H])[C@]1([H])O[H],EVODEX-P24104
EVODEX-N9496,[C:43][C@@:52]([C:50])([O:53])[H:134].[C:6][C@:7]([C:8])([O:9])[C:21].[H][O:67][H:151].[H][O:68][H:153]>>[C:43][C@@:52]([C:50])([O:68][H:153])[H:134].[C:6][C@@:7]([C:8])([C:21])[O:67][H:151].[H][O:53].[H][O:9],EVODEX-P24107
EVODEX-N9497,[C:43][C@@:52]([C:50])([O:53])[H:134].[H]OC([H])([H])[C@@]1([H])O[C@@]([H])(O[C@:7]([C:6])([C:8])[C:21])[C@]([H])(O[H])[C@@]([H])(O[H])[C@]1([H])O[H].[H][O:67][H:151].[H][O:68][H:153]>>[C:43][C@@:52]([C:50])([O:68][H:153])[H:134].[C:6][C@@:7]([C:8])([C:21])[O:67][H:151].[H][O:53],EVODEX-P24108
EVODEX-N9498,[H]OC([H])([H])[C@@]1([H])O[C@@]([H])(O[C@:7]([C:6])([C:8])[C:21])[C@]([H])(O[H])[C@@]([H])(O[H])[C@]1([H])O[H].[H]O[C@@]1([H])[C@@]([H])(O[H])[C@]([H])(O[C@@:52]([C:43])([C:50])[H:134])O[C@@]([H])(C([H])([H])[H])[C@]1([H])O[H].[H][O:68][H:153]>>[C:43][C@@:52]([C:50])([O:68][H:153])[H:134].[H]O[C@:7]([C:6])([C:8])[C:21],EVODEX-P24109
EVODEX-N9499,[H]OC([H])([H])[C@@]1([H])O[C@@]([H])(O[C@:7]([C:6])([C:8])[C:21])[C@]([H])(O[H])[C@@]([H])(O[H])[C@]1([H])O[H].[H]O[C@@]1([H])[C@@]([H])(O[H])[C@]([H])(O[C@@:52]([C:43])([C:50])[H:134])O[C@@]([H])(C([H])([H])[H])[C@]1([H])O[H]>>[H]O[C@:7]([C:6])([C:8])[C:21].[H]O[C@@:52]([C:43])([C:50])[H:134],EVODEX-P24110
EVODEX-N9500,[C:6][C@:7]([C:8])([O:9])[C:21].[H]O[C@@]1([H])[C@@]([H])(O[H])[C@]([H])(O[C@@:52]([C:43])([C:50])[H:134])O[C@@]([H])(C([H])([H])[H])[C@]1([H])O[H].[H][O:67][H:151].[H][O:68][H:153]>>[C:43][C@@:52]([C:50])([O:68][H:153])[H:134].[C:6][C@@:7]([C:8])([C:21])[O:67][H:151].[H][O:9],EVODEX-P24112
EVODEX-N9501,[H]OC([H])([H])[C@@]1([H])O[C@@]([H])(O[C@:7]([C:6])([C:8])[C:21])[C@]([H])(O[H])[C@@]([H])(O[H])[C@]1([H])O[H]>>[H]O.[H]O[C@:7]([C:6])([C:8])[C:21].[H],EVODEX-P24113
EVODEX-N9502,[H]OC([H])([H])[C@@]1([H])O[C@@]([H])(O[C@@]2([H])C([H])([H])[C@]3(C([H])([H])[H])[C@]([H])(C([H])([H])[C@@]([H])(O[H])[C@]4([H])[C@@]([H])([C@](C([H])([H])[H])(C([H])([H])C([H])([H])C([H])=C(C([H])([H])[H])C([H])([H])[H])[O:9][C:10])C([H])([H])C([H])([H])[C@@]34C([H])([H])[H])[C@@]3(C([H])([H])[H])C([H])([H])C([H])([H])[C@]([H])(O[H])C(C([H])([H])[H])(C([H])([H])[H])[C@@]32[H])[C@]([H])(O[C@]2([H])O[C@@]([H])(C([H])([H])[H])[C@]([H])(O[H])[C@@]([H])(O[H])[C@@]2([H])O[H])[C@@]([H])(O[H])[C@]1([H])O[H]>>[H][O:9][C:10],EVODEX-P24114
EVODEX-N9503,[H]O[C@@]1([H])[C@@]([H])(O[H])[C@]([H])(O[C@@:52]([C:43])([C:50])[H:134])O[C@@]([H])(C([H])([H])[H])[C@]1([H])O[H]>>[H]O.[H]O[C@@:52]([C:43])([C:50])[H:134].[H],EVODEX-P24115
EVODEX-N9504,[H]OC([H])([H])[C@@]1([H])O[C@@]([H])(O[C@@]2([H])C([H])([H])[C@]3(C([H])([H])[H])[C@]([H])(C([H])([H])[C@@]([H])(O[H])[C@]4([H])[C@@]([H])([C@](C([H])([H])[H])(C([H])([H])C([H])([H])C([H])=C(C([H])([H])[H])C([H])([H])[H])[O:9][C:10])C([H])([H])C([H])([H])[C@@]34C([H])([H])[H])[C@@]3(C([H])([H])[H])C([H])([H])C([H])([H])[C@]([H])(O[H])C(C([H])([H])[H])(C([H])([H])[H])[C@@]32[H])[C@]([H])([O:53][C:54])[C@@]([H])(O[H])[C@]1([H])O[H]>>[H][O:53][C:54].[H][O:9][C:10],EVODEX-P24116
EVODEX-N9505,[H]OC([H])([H])[C@@]1([H])O[C@@]([H])(O[C@@](C([H])([H])[H])(C([H])([H])C([H])([H])C([H])=C(C([H])([H])[H])C([H])([H])[H])[C@@]2([H])C([H])([H])C([H])([H])[C@@]3(C([H])([H])[H])[C@]4(C([H])([H])[H])C([H])([H])[C@]([H])(O[C@]5([H])O[C@]([H])(C([H])([H])O[H])[C@@]([H])(O[H])[C@]([H])(O[H])[C@@]5([H])[O:53][C:54])[C@@]5([H])C(C([H])([H])[H])(C([H])([H])[H])[C@@]([H])(O[H])C([H])([H])C([H])([H])[C@]5(C([H])([H])[H])[C@@]4([H])C([H])([H])[C@@]([H])(O[H])[C@]23[H])[C@]([H])(O[H])[C@@]([H])(O[H])[C@]1([H])O[H]>>[H][O:53][C:54],EVODEX-P24117
EVODEX-N9506,[H][O:67][H:150]>>[H]OC([H])([H])[C@@]1([H])O[C@@]([H])(O[C@@]2([H])C([H])([H])[C@]3(C([H])([H])[H])[C@]([H])(C([H])([H])[C@@]([H])(O[H])[C@]4([H])[C@@]([H])([C@@](C([H])([H])[H])(C([H])([H])C([H])([H])C([H])=C(C([H])([H])[H])C([H])([H])[H])[O:67][H:150])C([H])([H])C([H])([H])[C@@]34C([H])([H])[H])[C@@]3(C([H])([H])[H])C([H])([H])C([H])([H])[C@]([H])(O[H])C(C([H])([H])[H])(C([H])([H])[H])[C@@]32[H])[C@]([H])(O[C@]2([H])O[C@@]([H])(C([H])([H])[H])[C@]([H])(O[H])[C@@]([H])(O[H])[C@@]2([H])O[H])[C@@]([H])(O[H])[C@]1([H])O[H],EVODEX-P24120
EVODEX-N9507,[H][O:1][H:36].[H]OC([H])([H])[C@@]1([H])O[C@@]([H])(O[C@]2([H])C([H])(O[H])O[C@]([H])(C([H])([H])O[H])[C@@]([H])(O[H])[C@]2([H])O[H])[C@@]([H])(O[C@:6]([O:5])([C:30])[H:42])[C@@]([H])(O[H])[C@]1([H])O[H]>>[O:1]([C@@:6]([O:5])([C:30])[H:42])[H:36],EVODEX-P24124
EVODEX-N9508,[H]OC([H])([H])[C@@]1([H])O[C@@]([H])(O[C@]2([H])C([H])(O[H])O[C@]([H])(C([H])([H])O[H])[C@@]([H])(O[H])[C@]2([H])O[H])[C@@]([H])(O[C@:6]([O:5])([C:30])[H:42])[C@@]([H])(O[H])[C@]1([H])O[H]>>[H]O[C@@:6]([O:5])([C:30])[H:42],EVODEX-P24125
EVODEX-N9509,[H]OC([H])([H])[C@@]1([H])O[C@]([H])(O[C:9](:[C:8]):[C:33])[C@@]([H])(O[H])[C@@]([H])(O[C@@]2([H])O[C@]([H])(C([H])([H])O[H])[C@@]([H])(O[H])[C@]([H])(O[H])[C@@]2([H])O[H])[C@]1([H])O[H].[H][O:36][H:65]>>[C:8]:[C:9](:[C:33])[O:36][H:65],EVODEX-P24130
EVODEX-N9510,[H]OC([H])([H])[C@@]1([H])O[C@]([H])(O[C:9](:[C:8]):[C:33])[C@@]([H])(O[H])[C@@]([H])(O[C@@]2([H])O[C@]([H])(C([H])([H])O[H])[C@@]([H])(O[H])[C@]([H])(O[H])[C@@]2([H])O[H])[C@]1([H])O[H]>>[H]O[C:9](:[C:8]):[C:33],EVODEX-P24131
EVODEX-N9511,[H]O[C@]1([H])[C@@]([H])(O[H])[C@@]([H])(O[C:8](:[C:7]):[C:24])O[C@]([H])(C([H])([H])S(=O)(=O)O[H])[C@@]1([H])O[H].[H][O:1][H:41]>>[O:1]([C:8](:[C:7]):[C:24])[H:41],EVODEX-P24135
EVODEX-N9512,[H]O[C@]1([H])[C@@]([H])(O[H])[C@@]([H])(O[C:8](:[C:7]):[C:24])O[C@]([H])(C([H])([H])S(=O)(=O)O[H])[C@@]1([H])O[H]>>[H]O[C:8](:[C:7]):[C:24],EVODEX-P24136
EVODEX-N9513,[H]OC([H])([H])[C@@]([H])(O[H])C([H])([H])O[C@@:9]([O:8])([C:16])[H:26].[H][O:1][H:40]>>[O:1]([C:9]([O:8])([C:16])[H:26])[H:40],EVODEX-P24139
EVODEX-N9514,[H][O:1][H:40]>>[H]O[C@@]1([H])[C@]([H])(O[H])[C@@]([H])(C([H])([H])S(=O)(=O)O[H])OC([H])([O:1][H:40])[C@]1([H])O[H],EVODEX-P24140
EVODEX-N9515,[H]OC([H])([H])[C@@]([H])(O[H])C([H])([H])O[C@@:9]([O:8])([C:16])[H:26]>>[H]O[C:9]([O:8])([C:16])[H:26],EVODEX-P24141
EVODEX-N9516,[H]O[C@@]1([H])[C@]([H])(O[H])[C@@]([H])(C([H])([H])S(=O)(=O)O[H])O[C@]([H])([O:10][C:11])[C@]1([H])O[H]>>[H][O:10][C:11],EVODEX-P24142
EVODEX-N9517,[H]OC([H])([H])C1([H])OC([H])(OC2([H])C([H])(C([H])([H])O[H])OC([H])([O:14][C:15])C([H])(N([H])C(=O)C([H])([H])[H])C2([H])O[H])C([H])(N([H])C(=O)C([H])([H])[H])C([H])(O[H])C1([H])O[H]>>[H][O:14][C:15],EVODEX-P24145
EVODEX-N9518,[H]OC([H])([H])[C@@]1([H])O[C@@]([H])(O[C@@]2([H])[C@]([H])(O[H])[C@@]([H])(N([H])C(=O)C([H])([H])[H])[C@]([H])(O[C@@]3([H])[C@]([H])(O[H])[C@@]([H])(N([H])C(=O)C([H])([H])[H])[C@]([H])(O[C@@]4([H])[C@]([H])(O[H])[C@@]([H])(N([H])C(=O)C([H])([H])[H])[C@]([H])(O[C@:15]([C:12])([C:73])[H:100])O[C@]4([H])C([H])([H])O[H])O[C@]3([H])C([H])([H])O[H])O[C@]2([H])C([H])([H])O[H])[C@]([H])(N([H])C(=O)C([H])([H])[H])[C@@]([H])(O[H])[C@]1([H])O[H].[H][O:86][H:167]>>[C:12][C@:15]([C:73])([O:86][H:167])[H:100],EVODEX-P24151
EVODEX-N9519,[H]OC([H])([H])[C@@]1([H])O[C@@]([H])(O[C@@]2([H])[C@]([H])(O[H])[C@@]([H])(N([H])C(=O)C([H])([H])[H])[C@]([H])(O[C@@]3([H])[C@]([H])(O[H])[C@@]([H])(N([H])C(=O)C([H])([H])[H])[C@]([H])(O[C@@]4([H])[C@]([H])(O[H])[C@@]([H])(N([H])C(=O)C([H])([H])[H])[C@]([H])(O[C@:15]([C:12])([C:73])[H:100])O[C@]4([H])C([H])([H])O[H])O[C@]3([H])C([H])([H])O[H])O[C@]2([H])C([H])([H])O[H])[C@]([H])(N([H])C(=O)C([H])([H])[H])[C@@]([H])(O[H])[C@]1([H])O[H]>>[H]O[C@:15]([C:12])([C:73])[H:100],EVODEX-P24152
EVODEX-N9520,[H]OC([H])([H])[C@@]1([H])O[C@@]([H])(OC2:C([H]):C([H]):C3:C(C([H])([H])[H]):C([H]):C(=O):O:C:3:C:2[H])[C@]([H])(O[H])[C@@]([H])(O[H])[C@]1([H])[O:17][C:18]>>[H][O:17][C:18],EVODEX-P24155
EVODEX-N9521,[H]OC([H])([H])[C@@]1([H])O[C@@]([H])(O[C@@]2([H])[C@]([H])(O[H])[C@@]([H])(O[H])[C@]([H])(O[C@@]3([H])[C@]([H])(O[H])[C@@]([H])(O[H])[C@]([H])(O[C@@]4([H])[C@]([H])(O[H])[C@@]([H])(O[H])[C@]([H])(O[C@:16]([C:13])([C:62])[H:80])O[C@]4([H])C([H])([H])O[H])O[C@]3([H])C([H])([H])O[H])O[C@]2([H])C([H])([H])O[H])[C@]([H])(O[H])[C@@]([H])(O[H])[C@]1([H])O[H].[H][O:69][H:128]>>[C:13][C@:16]([C:62])([O:69][H:128])[H:80],EVODEX-P24156
EVODEX-N9522,[H]OC([H])([H])[C@@]1([H])O[C@@]([H])(O[C@@]2([H])[C@]([H])(O[H])[C@@]([H])(O[H])[C@]([H])(O[C@@]3([H])[C@]([H])(O[H])[C@@]([H])(O[H])[C@]([H])(O[C@@]4([H])[C@]([H])(O[H])[C@@]([H])(O[H])[C@]([H])(O[C@:16]([C:13])([C:62])[H:80])O[C@]4([H])C([H])([H])O[H])O[C@]3([H])C([H])([H])O[H])O[C@]2([H])C([H])([H])O[H])[C@]([H])(O[H])[C@@]([H])(O[H])[C@]1([H])O[H]>>[H]O[C@:16]([C:13])([C:62])[H:80],EVODEX-P24157
EVODEX-N9523,[H]OC([H])([H])[C@@]1([H])O[C@@]([H])(OC2:C([H]):C([H]):C3:C(C([H])([H])[H]):C([H]):C(=O):O:C:3:C:2[H])[C@]([H])(O[H])[C@@]([H])(O[H])[C@]1([H])O[C@]1([H])O[C@]([H])(C([H])([H])O[H])[C@@]([H])(O[C@]2([H])O[C@]([H])(C([H])([H])O[H])[C@@]([H])([O:31][C:32])[C@]([H])(O[H])[C@@]2([H])O[H])[C@]([H])(O[H])[C@@]1([H])O[H]>>[H][O:31][C:32],EVODEX-P24160
EVODEX-N9524,[H]OC([H])([H])[C@@]1([H])O[C@@]([H])(O[C@@]2([H])[C@]([H])(O[H])[C@@]([H])(O[H])[C@]([H])(O[C@:30]([C:27])([C:54])[H:92])O[C@]2([H])C([H])([H])O[H])[C@]([H])(O[H])[C@@]([H])(O[H])[C@]1([H])O[H].[H][O:69][H:128]>>[C:27][C@:30]([C:54])([O:69][H:128])[H:92],EVODEX-P24161
EVODEX-N9525,[H][O:69][H:128]>>[H]OC([H])([H])[C@@]1([H])O[C@@]([H])(OC2:C([H]):C([H]):C3:C(C([H])([H])[H]):C([H]):C(=O):O:C:3:C:2[H])[C@]([H])(O[H])[C@@]([H])(O[H])[C@]1([H])O[C@]1([H])O[C@]([H])(C([H])([H])O[H])[C@@]([H])(O[C@]2([H])O[C@]([H])(C([H])([H])O[H])[C@@]([H])([O:69][H:128])[C@]([H])(O[H])[C@@]2([H])O[H])[C@]([H])(O[H])[C@@]1([H])O[H],EVODEX-P24162
EVODEX-N9526,[H]OC([H])([H])[C@@]1([H])O[C@@]([H])(O[C@@]2([H])[C@]([H])(O[H])[C@@]([H])(O[H])[C@]([H])(O[C@:30]([C:27])([C:54])[H:92])O[C@]2([H])C([H])([H])O[H])[C@]([H])(O[H])[C@@]([H])(O[H])[C@]1([H])O[H]>>[H]O[C@:30]([C:27])([C:54])[H:92],EVODEX-P24163
EVODEX-N9527,[H]OC([H])([H])[C@@]1([H])O[C@]([H])(OC([H])([H])[C@@]2([H])O[C@]([H])(O[H])[C@]([H])(O[H])[C@@]([H])(O[H])[C@]2([H])O[H])[C@]([H])(O[H])[C@@]([H])(O[C@@:11]([O:10])([C:35])[H:57])[C@]1([H])O[H]>>[H]O[C@@:11]([O:10])([C:35])[H:57],EVODEX-P24166
EVODEX-N9528,[H][O:1][H:46]>>[H]OC([H])([H])[C@@]1([H])O[C@]([H])(OC([H])([H])[C@@]2([H])O[C@]([H])(O[C@]3([H])[C@@]([H])(O[H])[C@@]([H])(OC([H])([H])[C@@]4([H])O[C@]([H])([O:1][H:46])[C@]([H])(O[H])[C@@]([H])(O[H])[C@]4([H])O[H])O[C@]([H])(C([H])([H])O[H])[C@@]3([H])O[H])[C@]([H])(O[H])[C@@]([H])(O[H])[C@]2([H])O[H])[C@]([H])(O[H])[C@@]([H])(O[H])[C@]1([H])O[H],EVODEX-P24169
EVODEX-N9529,[H]OC1:C([H]):C([H]):C(C([H])([H])C([H])([H])OC(=O)C([H])([H])[C@]2([H])C(C(=O)OC([H])([H])[H])=C([H])O[C@@]([H])([O:5][C:6])/C2=C(\[H])C([H])([H])[H]):C([H]):C:1O[H]>>[H][O:5][C:6],EVODEX-P24171
EVODEX-N9530,[H][O:39][H:72]>>[H]OC1:C([H]):C([H]):C(C([H])([H])C([H])([H])OC(=O)C([H])([H])[C@]2([H])C(C(=O)OC([H])([H])[H])=C([H])O[C@]([H])([O:39][H:72])/C2=C(\[H])C([H])([H])[H]):C([H]):C:1O[H],EVODEX-P24173
EVODEX-N9531,[H][O:1][H:25].[H]C1:C(Br):C(Cl):C2:C(O[C@:6]([O:5])([C:19])[H:31]):C([H]):N([H]):C:2:C:1[H]>>[O:1]([C:6]([O:5])([C:19])[H:31])[H:25],EVODEX-P24178
EVODEX-N9532,[H]C1:C(Br):C(Cl):C2:C(O[C@:6]([O:5])([C:19])[H:31]):C([H]):N([H]):C:2:C:1[H]>>[H]O[C:6]([O:5])([C:19])[H:31],EVODEX-P24179
EVODEX-N9533,[H]OC([H])([H])[C@@]1([H])O[C@]([H])(O[C@]2([H])[C@@]([H])(O[C@@]3([H])[C@]([H])(O[H])[C@@]([H])(C([H])([H])O[C@@]4([H])O[C@]([H])(C([H])([H])O[H])[C@@]([H])(O[H])[C@]([H])(O[H])[C@]4([H])[O:37][C:38])O[C@]([H])(OC([H])([H])[C@@]4([H])O[C@@]([H])(O[C@@]5([H])[C@]([H])(O[H])[C@@]([H])(N([H])C(=O)C([H])([H])[H])[C@]([H])(O[C@@]6([H])[C@]([H])(O[H])[C@@]([H])(N([H])C(=O)C([H])([H])[H])[C@]([H])(O[H])O[C@]6([H])C([H])([H])O[H])O[C@]5([H])C([H])([H])O[H])[C@@]([H])(O[H])[C@@]([H])(O[C@@]5([H])O[C@]([H])(C([H])([H])O[H])[C@@]([H])(O[H])[C@]([H])(O[H])[C@]5([H])O[C@@]5([H])O[C@]([H])(C([H])([H])O[H])[C@@]([H])(O[H])[C@]([H])(O[H])[C@]5([H])O[C@@]5([H])O[C@]([H])(C([H])([H])O[H])[C@@]([H])(O[H])[C@]([H])(O[C@@]6([H])O[C@]([H])(C([H])([H])O[H])[C@@]([H])(O[H])[C@]([H])(O[C@@]7([H])O[C@]([H])(C([H])([H])O[H])[C@@]([H])(O[H])[C@]([H])(O[H])[C@@]7([H])O[H])[C@@]6([H])O[H])[C@]5([H])O[H])[C@]4([H])O[H])[C@@]3([H])O[H])O[C@]([H])(C([H])([H])O[H])[C@@]([H])(O[H])[C@]2([H])O[H])[C@@]([H])(O[H])[C@@]([H])(O[H])[C@]1([H])O[H]>>[H][O:37][C:38],EVODEX-P24182
EVODEX-N9534,[H][O:151][H:290]>>[H]OC([H])([H])[C@@]1([H])O[C@]([H])(O[C@]2([H])[C@@]([H])(O[C@@]3([H])[C@]([H])(O[H])[C@@]([H])(C([H])([H])O[C@@]4([H])O[C@]([H])(C([H])([H])O[H])[C@@]([H])(O[H])[C@]([H])(O[H])[C@]4([H])[O:151][H:290])O[C@]([H])(OC([H])([H])[C@@]4([H])O[C@@]([H])(O[C@@]5([H])[C@]([H])(O[H])[C@@]([H])(N([H])C(=O)C([H])([H])[H])[C@]([H])(O[C@@]6([H])[C@]([H])(O[H])[C@@]([H])(N([H])C(=O)C([H])([H])[H])[C@]([H])(O[H])O[C@]6([H])C([H])([H])O[H])O[C@]5([H])C([H])([H])O[H])[C@@]([H])(O[H])[C@@]([H])(O[C@@]5([H])O[C@]([H])(C([H])([H])O[H])[C@@]([H])(O[H])[C@]([H])(O[H])[C@]5([H])O[C@@]5([H])O[C@]([H])(C([H])([H])O[H])[C@@]([H])(O[H])[C@]([H])(O[H])[C@]5([H])O[C@@]5([H])O[C@]([H])(C([H])([H])O[H])[C@@]([H])(O[H])[C@]([H])(O[C@@]6([H])O[C@]([H])(C([H])([H])O[H])[C@@]([H])(O[H])[C@]([H])(O[C@@]7([H])O[C@]([H])(C([H])([H])O[H])[C@@]([H])(O[H])[C@]([H])(O[H])[C@@]7([H])O[H])[C@@]6([H])O[H])[C@]5([H])O[H])[C@]4([H])O[H])[C@@]3([H])O[H])O[C@]([H])(C([H])([H])O[H])[C@@]([H])(O[H])[C@]2([H])O[H])[C@@]([H])(O[H])[C@@]([H])(O[H])[C@]1([H])O[H],EVODEX-P24184
EVODEX-N9535,[H][O:151][H:290]>>[H]OC([H])([H])[C@@]1([H])O[C@]([H])(O[C@]2([H])[C@@]([H])(OC([H])([H])[C@@]3([H])O[C@]([H])(OC([H])([H])[C@@]4([H])O[C@@]([H])(O[C@@]5([H])[C@]([H])(O[H])[C@@]([H])(N([H])C(=O)C([H])([H])[H])[C@]([H])(O[C@@]6([H])[C@]([H])(O[H])[C@@]([H])(N([H])C(=O)C([H])([H])[H])[C@]([H])(O[H])O[C@]6([H])C([H])([H])O[H])O[C@]5([H])C([H])([H])O[H])[C@@]([H])(O[H])[C@@]([H])(O[C@@]5([H])O[C@]([H])(C([H])([H])O[H])[C@@]([H])(O[H])[C@]([H])(O[H])[C@]5([H])O[C@@]5([H])O[C@]([H])(C([H])([H])O[H])[C@@]([H])(O[H])[C@]([H])(O[H])[C@]5([H])O[C@@]5([H])O[C@]([H])(C([H])([H])O[H])[C@@]([H])(O[H])[C@]([H])(O[C@@]6([H])O[C@]([H])(C([H])([H])O[H])[C@@]([H])(O[H])[C@]([H])([O:151][H:290])[C@@]6([H])O[H])[C@]5([H])O[H])[C@]4([H])O[H])[C@@]([H])(O[H])[C@@]([H])(O[C@@]4([H])O[C@]([H])(C([H])([H])O[H])[C@@]([H])(O[H])[C@]([H])(O[H])[C@]4([H])O[C@@]4([H])O[C@]([H])(C([H])([H])O[H])[C@@]([H])(O[H])[C@]([H])(O[H])[C@]4([H])O[H])[C@]3([H])O[H])O[C@]([H])(C([H])([H])O[H])[C@@]([H])(O[H])[C@]2([H])O[H])[C@@]([H])(O[H])[C@@]([H])(O[H])[C@]1([H])O[H],EVODEX-P24189
EVODEX-N9536,[H]OC([H])([H])[C@@]1([H])O[C@]([H])(O[C@]2([H])[C@@]([H])(OC([H])([H])[C@@]3([H])O[C@]([H])(OC([H])([H])[C@@]4([H])O[C@@]([H])(O[C@@]5([H])[C@]([H])(O[H])[C@@]([H])(N([H])C(=O)C([H])([H])[H])[C@]([H])(O[C@@]6([H])[C@]([H])(O[H])[C@@]([H])(N([H])C(=O)C([H])([H])[H])[C@]([H])(O[H])O[C@]6([H])C([H])([H])O[H])O[C@]5([H])C([H])([H])O[H])[C@@]([H])(O[H])[C@@]([H])(O[C@@]5([H])O[C@]([H])(C([H])([H])O[H])[C@@]([H])(O[H])[C@]([H])(O[H])[C@]5([H])O[C@@]5([H])O[C@]([H])(C([H])([H])O[H])[C@@]([H])(O[H])[C@]([H])(O[H])[C@]5([H])O[C@@]5([H])O[C@]([H])(C([H])([H])O[H])[C@@]([H])(O[H])[C@]([H])(O[H])[C@]5([H])O[H])[C@]4([H])O[H])[C@@]([H])(O[H])[C@@]([H])(O[C@@]4([H])O[C@]([H])(C([H])([H])O[H])[C@@]([H])(O[H])[C@]([H])(O[H])[C@]4([H])[O:63][C:64])[C@]3([H])O[H])O[C@]([H])(C([H])([H])O[H])[C@@]([H])(O[H])[C@]2([H])O[H])[C@@]([H])(O[H])[C@@]([H])(O[H])[C@]1([H])O[H]>>[H][O:63][C:64],EVODEX-P24197
EVODEX-N9537,[H][O:129][H:248]>>[H]OC([H])([H])[C@@]1([H])O[C@]([H])(O[C@]2([H])[C@@]([H])(OC([H])([H])[C@@]3([H])O[C@]([H])(OC([H])([H])[C@@]4([H])O[C@@]([H])(O[C@@]5([H])[C@]([H])(O[H])[C@@]([H])(N([H])C(=O)C([H])([H])[H])[C@]([H])(O[C@@]6([H])[C@]([H])(O[H])[C@@]([H])(N([H])C(=O)C([H])([H])[H])[C@]([H])(O[H])O[C@]6([H])C([H])([H])O[H])O[C@]5([H])C([H])([H])O[H])[C@@]([H])(O[H])[C@@]([H])(O[C@@]5([H])O[C@]([H])(C([H])([H])O[H])[C@@]([H])(O[H])[C@]([H])(O[H])[C@]5([H])O[C@@]5([H])O[C@]([H])(C([H])([H])O[H])[C@@]([H])(O[H])[C@]([H])(O[H])[C@]5([H])O[C@@]5([H])O[C@]([H])(C([H])([H])O[H])[C@@]([H])(O[H])[C@]([H])(O[H])[C@]5([H])O[H])[C@]4([H])O[H])[C@@]([H])(O[H])[C@@]([H])(O[C@@]4([H])O[C@]([H])(C([H])([H])O[H])[C@@]([H])(O[H])[C@]([H])(O[H])[C@]4([H])[O:129][H:248])[C@]3([H])O[H])O[C@]([H])(C([H])([H])O[H])[C@@]([H])(O[H])[C@]2([H])O[H])[C@@]([H])(O[H])[C@@]([H])(O[H])[C@]1([H])O[H],EVODEX-P24199
EVODEX-N9538,[H]OC([H])([H])[C@@]1([H])O[C@]([H])(O[C@]2([H])[C@@]([H])(OC([H])([H])[C@@]3([H])O[C@]([H])(OC([H])([H])[C@@]4([H])O[C@@]([H])(O[C@@]5([H])[C@]([H])(O[H])[C@@]([H])(N([H])C(=O)C([H])([H])[H])[C@]([H])(O[C@@]6([H])[C@]([H])(O[H])[C@@]([H])(N([H])C(=O)C([H])([H])[H])[C@]([H])(O[H])O[C@]6([H])C([H])([H])O[H])O[C@]5([H])C([H])([H])O[H])[C@@]([H])(O[H])[C@@]([H])(O[C@@]5([H])O[C@]([H])(C([H])([H])O[H])[C@@]([H])(O[H])[C@]([H])(O[H])[C@]5([H])[O:91][C:92])[C@]4([H])O[H])[C@@]([H])(O[H])[C@@]([H])(O[C@@]4([H])O[C@]([H])(C([H])([H])O[H])[C@@]([H])(O[H])[C@]([H])(O[H])[C@]4([H])O[C@@]4([H])O[C@]([H])(C([H])([H])O[H])[C@@]([H])(O[H])[C@]([H])(O[H])[C@]4([H])O[H])[C@]3([H])O[H])O[C@]([H])(C([H])([H])O[H])[C@@]([H])(O[H])[C@]2([H])O[H])[C@@]([H])(O[H])[C@@]([H])(O[H])[C@]1([H])O[H]>>[H][O:91][C:92],EVODEX-P24203
EVODEX-N9539,[H]OC([H])([H])[C@@]1([H])O[C@]([H])(O[C@]2([H])[C@@]([H])(O[C@:90]([C:81])([C:88])[H:211])O[C@]([H])(C([H])([H])O[H])[C@@]([H])(O[H])[C@]2([H])O[H])[C@@]([H])(O[H])[C@@]([H])(O[H])[C@]1([H])O[H].[H][O:129][H:248]>>[C:81][C@:90]([C:88])([O:129][H:248])[H:211],EVODEX-P24204
EVODEX-N9540,[H][O:129][H:248]>>[H]OC([H])([H])[C@@]1([H])O[C@]([H])(O[C@]2([H])[C@@]([H])(OC([H])([H])[C@@]3([H])O[C@]([H])(OC([H])([H])[C@@]4([H])O[C@@]([H])(O[C@@]5([H])[C@]([H])(O[H])[C@@]([H])(N([H])C(=O)C([H])([H])[H])[C@]([H])(O[C@@]6([H])[C@]([H])(O[H])[C@@]([H])(N([H])C(=O)C([H])([H])[H])[C@]([H])(O[H])O[C@]6([H])C([H])([H])O[H])O[C@]5([H])C([H])([H])O[H])[C@@]([H])(O[H])[C@@]([H])(O[C@@]5([H])O[C@]([H])(C([H])([H])O[H])[C@@]([H])(O[H])[C@]([H])(O[H])[C@]5([H])[O:129][H:248])[C@]4([H])O[H])[C@@]([H])(O[H])[C@@]([H])(O[C@@]4([H])O[C@]([H])(C([H])([H])O[H])[C@@]([H])(O[H])[C@]([H])(O[H])[C@]4([H])O[C@@]4([H])O[C@]([H])(C([H])([H])O[H])[C@@]([H])(O[H])[C@]([H])(O[H])[C@]4([H])O[H])[C@]3([H])O[H])O[C@]([H])(C([H])([H])O[H])[C@@]([H])(O[H])[C@]2([H])O[H])[C@@]([H])(O[H])[C@@]([H])(O[H])[C@]1([H])O[H],EVODEX-P24205
EVODEX-N9541,[H]OC([H])([H])[C@@]1([H])O[C@]([H])(O[C@]2([H])[C@@]([H])(O[C@:90]([C:81])([C:88])[H:211])O[C@]([H])(C([H])([H])O[H])[C@@]([H])(O[H])[C@]2([H])O[H])[C@@]([H])(O[H])[C@@]([H])(O[H])[C@]1([H])O[H]>>[H]O[C@:90]([C:81])([C:88])[H:211],EVODEX-P24206
EVODEX-N9542,[H]OC(=O)[C@@]([H])(N([H])C(=O)[C@@]([H])(N([H])C(=O)[C@@]([H])(N([H])C(=O)[C@@]([H])(N([H])C(=O)[C@@]([H])(N([H])C(=O)[C@@]([H])(N([H])[H])C([H])([H])S[H])C([H])([H])C(=O)N([H])[C@]1([H])O[C@]([H])(C([H])([H])O[H])[C@@]([H])(O[C@]2([H])O[C@]([H])(C([H])([H])O[H])[C@@]([H])(O[C@]3([H])O[C@]([H])(C([H])([H])O[C@@]4([H])O[C@]([H])(C([H])([H])O[C@@]5([H])O[C@]([H])(C([H])([H])O[H])[C@@]([H])(O[H])[C@]([H])(O[H])[C@]5([H])[O:37][C:38])[C@@]([H])(O[H])[C@]([H])(O[C@@]5([H])O[C@]([H])(C([H])([H])O[H])[C@@]([H])(O[H])[C@]([H])(O[H])[C@]5([H])O[H])[C@]4([H])O[H])[C@@]([H])(O[H])[C@]([H])(O[C@@]4([H])O[C@]([H])(C([H])([H])O[H])[C@@]([H])(O[H])[C@]([H])(O[H])[C@]4([H])O[C@@]4([H])O[C@]([H])(C([H])([H])O[H])[C@@]([H])(O[H])[C@]([H])(O[H])[C@]4([H])O[C@@]4([H])O[C@]([H])(C([H])([H])O[H])[C@@]([H])(O[H])[C@]([H])(O[H])[C@]4([H])O[H])[C@]3([H])O[H])[C@]([H])(O[H])[C@@]2([H])N([H])C(=O)C([H])([H])[H])[C@]([H])(O[H])[C@@]1([H])N([H])C(=O)C([H])([H])[H])C([H])([H])O[H])C([H])([H])C1:C([H]):C([H]):C(O[H]):C([H]):C:1[H])C([H])([H])C([H])([H])C([H])([H])C([H])([H])N([H])[H])C([H])(O[H])C([H])([H])[H]>>[H][O:37][C:38],EVODEX-P24209
EVODEX-N9543,[H][O:166][H:319]>>[H]OC(=O)[C@@]([H])(N([H])C(=O)[C@@]([H])(N([H])C(=O)[C@@]([H])(N([H])C(=O)[C@@]([H])(N([H])C(=O)[C@@]([H])(N([H])C(=O)[C@@]([H])(N([H])[H])C([H])([H])S[H])C([H])([H])C(=O)N([H])[C@]1([H])O[C@]([H])(C([H])([H])O[H])[C@@]([H])(O[C@]2([H])O[C@]([H])(C([H])([H])O[H])[C@@]([H])(O[C@]3([H])O[C@]([H])(C([H])([H])O[C@@]4([H])O[C@]([H])(C([H])([H])O[C@@]5([H])O[C@]([H])(C([H])([H])O[H])[C@@]([H])(O[H])[C@]([H])(O[H])[C@]5([H])[O:166][H:319])[C@@]([H])(O[H])[C@]([H])(O[C@@]5([H])O[C@]([H])(C([H])([H])O[H])[C@@]([H])(O[H])[C@]([H])(O[H])[C@]5([H])O[H])[C@]4([H])O[H])[C@@]([H])(O[H])[C@]([H])(O[C@@]4([H])O[C@]([H])(C([H])([H])O[H])[C@@]([H])(O[H])[C@]([H])(O[H])[C@]4([H])O[C@@]4([H])O[C@]([H])(C([H])([H])O[H])[C@@]([H])(O[H])[C@]([H])(O[H])[C@]4([H])O[C@@]4([H])O[C@]([H])(C([H])([H])O[H])[C@@]([H])(O[H])[C@]([H])(O[H])[C@]4([H])O[H])[C@]3([H])O[H])[C@]([H])(O[H])[C@@]2([H])N([H])C(=O)C([H])([H])[H])[C@]([H])(O[H])[C@@]1([H])N([H])C(=O)C([H])([H])[H])C([H])([H])O[H])C([H])([H])C1:C([H]):C([H]):C(O[H]):C([H]):C:1[H])C([H])([H])C([H])([H])C([H])([H])C([H])([H])N([H])[H])C([H])(O[H])C([H])([H])[H],EVODEX-P24211
EVODEX-N9544,[H]OC([H])([H])[C@@]1([H])O[C@]([H])(O[C@@]2([H])[C@]([H])(O[H])[C@@]([H])(C([H])([H])O[C@@]3([H])O[C@]([H])(C([H])([H])O[H])[C@@]([H])(O[H])[C@]([H])(O[H])[C@]3([H])[O:37][C:38])O[C@]([H])(OC([H])([H])[C@@]3([H])O[C@@]([H])(O[C@@]4([H])[C@]([H])(O[H])[C@@]([H])(N([H])C(=O)C([H])([H])[H])[C@]([H])(O[C@@]5([H])[C@]([H])(O[H])[C@@]([H])(N([H])C(=O)C([H])([H])[H])[C@]([H])(O[H])O[C@]5([H])C([H])([H])O[H])O[C@]4([H])C([H])([H])O[H])[C@@]([H])(O[H])[C@@]([H])(O[C@@]4([H])O[C@]([H])(C([H])([H])O[H])[C@@]([H])(O[H])[C@]([H])(O[H])[C@]4([H])O[C@@]4([H])O[C@]([H])(C([H])([H])O[H])[C@@]([H])(O[H])[C@]([H])(O[H])[C@]4([H])O[C@@]4([H])O[C@]([H])(C([H])([H])O[H])[C@@]([H])(O[H])[C@]([H])(O[H])[C@]4([H])O[H])[C@]3([H])O[H])[C@@]2([H])O[H])[C@@]([H])(O[H])[C@@]([H])(O[H])[C@]1([H])O[H]>>[H][O:37][C:38],EVODEX-P24215
EVODEX-N9545,[H][O:118][H:227]>>[H]OC([H])([H])[C@@]1([H])O[C@]([H])(O[C@@]2([H])[C@]([H])(O[H])[C@@]([H])(C([H])([H])O[C@@]3([H])O[C@]([H])(C([H])([H])O[H])[C@@]([H])(O[H])[C@]([H])(O[H])[C@]3([H])[O:118][H:227])O[C@]([H])(OC([H])([H])[C@@]3([H])O[C@@]([H])(O[C@@]4([H])[C@]([H])(O[H])[C@@]([H])(N([H])C(=O)C([H])([H])[H])[C@]([H])(O[C@@]5([H])[C@]([H])(O[H])[C@@]([H])(N([H])C(=O)C([H])([H])[H])[C@]([H])(O[H])O[C@]5([H])C([H])([H])O[H])O[C@]4([H])C([H])([H])O[H])[C@@]([H])(O[H])[C@@]([H])(O[C@@]4([H])O[C@]([H])(C([H])([H])O[H])[C@@]([H])(O[H])[C@]([H])(O[H])[C@]4([H])O[C@@]4([H])O[C@]([H])(C([H])([H])O[H])[C@@]([H])(O[H])[C@]([H])(O[H])[C@]4([H])O[C@@]4([H])O[C@]([H])(C([H])([H])O[H])[C@@]([H])(O[H])[C@]([H])(O[H])[C@]4([H])O[H])[C@]3([H])O[H])[C@@]2([H])O[H])[C@@]([H])(O[H])[C@@]([H])(O[H])[C@]1([H])O[H],EVODEX-P24217
EVODEX-N9546,[H][O:1][H:36].[H]OC1([H])O[C@]([H])(C([H])([H])O[C@:11]([O:10])([C:24])[H:46])[C@]([H])(O[H])[C@]([H])(O[H])[C@@]1([H])O[H]>>[O:1]([C@:11]([O:10])([C:24])[H:46])[H:36],EVODEX-P24220
EVODEX-N9547,[H]OC([H])([H])[C@@]1([H])OC([H])([O:14][H:29])[C@]([H])(O[H])[C@]1([H])O[H]>>[H][O:14][H:29],EVODEX-P24222
EVODEX-N9548,[H][N:5](:[C:4]):[C:6].[H]O[C:13]([O:12])([C:15])[H:28]>>[C:4]:[N:5](:[C:6])[C@:13]([O:12])([C:15])[H:28],"EVODEX-P24223,EVODEX-P31279,EVODEX-P31284"
EVODEX-N9549,[H]O[C:13]([O:12])([C:15])[H:28]>>[H]C1:C(N([H])[H]):N:C(=O):N([C@:13]([O:12])([C:15])[H:28]):C:1[H],EVODEX-P24224
EVODEX-N9550,[#6:7]:[#7&+:8](-[#6@]1(-[#85])-[#8]-[#6@](-[#85])(-[#6](-[#85])(-[#85])-[#8]-[#15](=[#8])(-[#8]-[#85])-[#8]-[#15](=[#8])(-[#8]-[#85])-[#8]-[#6](-[#85])(-[#85])-[#6@@]2(-[#85])-[#8]-[#6@@](-[#85])(-[#7]3:[#6](-[#85]):[#7]:[#6]4:[#6](-[#7](-[#85])-[#85]):[#7]:[#6](-[#9]):[#7]:[#6]:3:4)-[#6@](-[#85])(-[#8]-[#85])-[#6@]-2(-[#85])-[#8]-[#85])-[#6@@](-[#85])(-[#8]-[#85])-[#6@@]-1(-[#85])-[#8]-[#85]):[#6:45]>>[#6:7]:[#7:8]:[#6:45],EVODEX-P24241
EVODEX-N9551,[H][O:46][H:74]>>[H]O[C@@]1([H])[C@@]([H])(O[H])[C@]([H])(N2:C([H]):N:C3:C(N([H])[H]):N:C(F):N:C:3:2)O[C@]1([H])C([H])([H])OP(=O)(O[H])OP(=O)(O[H])OC([H])([H])[C@@]1([H])OC([H])([O:46][H:74])[C@]([H])(O[H])[C@]1([H])O[H],EVODEX-P24246
EVODEX-N9552,[H][O:49][H:79]>>[H]O[C@@]1([H])[C@@]([H])(OP(=O)(O[H])O[H])[C@]([H])(N2:C([H]):N:C3:C(N([H])[H]):N:C([H]):N:C:3:2)O[C@]1([H])C([H])([H])OP(=O)(O[H])OP(=O)(O[H])OC([H])([H])[C@@]1([H])O[C@@]([H])([O:49][H:79])[C@]([H])(O[H])[C@]1([H])O[H],EVODEX-P24251
EVODEX-N9553,[H]N=C(N([H])C([H])([H])C([H])([H])C([H])([H])[C@@]([H])(C(=O)O[H])N([H])[H])N([H])[C@:13]([O:14])([C:46])[H:62].[H][O:48][H:84]>>[C@:13]([O:14])([C:46])([O:48][H:84])[H:62],EVODEX-P24258
EVODEX-N9554,[H]N=C(N([H])C([H])([H])C([H])([H])C([H])([H])[C@@]([H])(C(=O)O[H])N([H])[H])N([H])[C@:13]([O:14])([C:46])[H:62]>>[H]O[C@:13]([O:14])([C:46])[H:62],EVODEX-P24259
EVODEX-N9555,[C:13][C:14]([S:15])([H:34])[H:35].[H][O:27][H:48]>>[C:13][C:14]([O:27][H:48])([H:34])[H:35].[H][S:15],"EVODEX-P24266,EVODEX-P25107,EVODEX-P25113,EVODEX-P29434,EVODEX-P30393"
EVODEX-N9556,[H]O[C@@]1([H])[C@@]([H])(O[H])[C@]([H])(N2:C([H]):N:C3:C(N([H])[H]):N:C([H]):N:C:3:2)O[C@]1([H])C([H])([H])[S:15][C:16]>>[H][S:15][C:16],EVODEX-P24267
EVODEX-N9557,[H]OC(=O)[C@@]([H])(N([H])[H])C([H])([H])C([H])([H])S[C:14]([C:13])([H:34])[H:35].[H][O:27][H:48]>>[C:13][C:14]([O:27][H:48])([H:34])[H:35],"EVODEX-P24268,EVODEX-P29436,EVODEX-P30394"
EVODEX-N9558,[H]OC(=O)[C@@]([H])(N([H])[H])C([H])([H])C([H])([H])S[C:14]([C:13])([H:34])[H:35]>>[H]O[C:14]([C:13])([H:34])[H:35],"EVODEX-P24269,EVODEX-P29437,EVODEX-P30395"
EVODEX-N9559,[H]O[C@@]1([H])[C@@]([H])(O[H])[C@]([H])(N2:C([H]):N:C3:C(N([H])[H]):N:C([H]):N:C:3:2)O[C@]1([H])C([H])([H])[O:23][H:45]>>[H][O:23][H:45],EVODEX-P24272
EVODEX-N9560,[H][S:5][C:4].[H]O[C:22]([C:21])([H:43])[H:44]>>[C:4][S:5][C:22]([C:21])([H:43])[H:44],"EVODEX-P24273,EVODEX-P29441,EVODEX-P30389"
EVODEX-N9561,[H]O[C:22]([C:21])([H:43])[H:44]>>[H]OC(=O)[C@@]([H])(N([H])[H])C([H])([H])C([H])([H])S[C:22]([C:21])([H:43])[H:44],"EVODEX-P24274,EVODEX-P29442,EVODEX-P30390"
EVODEX-N9562,[H][S:5][C:4]>>[H]O[C@@]1([H])[C@@]([H])(O[H])[C@]([H])(N2:C([H]):N:C3:C(N([H])[H]):N:C([H]):N:C:3:2)O[C@]1([H])C([H])([H])[S:5][C:4],EVODEX-P24275
EVODEX-N9563,[#6:1]-[#16&+:2](-[#6:3](-[#85:32])(-[#85:33])-[#6:4])-[#6:10].[#85:52]-[#8:28]-[#85]>>[#85:32]-[#6:3](-[#85:33])(-[#6:4])-[#8:28]-[#85:52].[#6:1]-[#16:2]-[#6:10],"EVODEX-P24277,EVODEX-P24282,EVODEX-P29430"
EVODEX-N9564,[#85]-[#6](-[#85])(-[#85])-[#16&+](-[#6:3](-[#85:32])(-[#85:33])-[#6:4])-[#6](-[#85])(-[#85])-[#6@@]1(-[#85])-[#8]-[#6@@](-[#85])(-[#7]2:[#6](-[#85]):[#7]:[#6]3:[#6](-[#7](-[#85])-[#85]):[#7]:[#6](-[#85]):[#7]:[#6]:2:3)-[#6@](-[#85])(-[#8]-[#85])-[#6@]-1(-[#85])-[#8]-[#85].[#85:52]-[#8:28]-[#85]>>[#85:32]-[#6:3](-[#85:33])(-[#6:4])-[#8:28]-[#85:52],EVODEX-P24278
EVODEX-N9565,[#85]-[#6](-[#85])(-[#85])-[#16&+](-[#6:3](-[#85:32])(-[#85:33])-[#6:4])-[#6](-[#85])(-[#85])-[#6@@]1(-[#85])-[#8]-[#6@@](-[#85])(-[#7]2:[#6](-[#85]):[#7]:[#6]3:[#6](-[#7](-[#85])-[#85]):[#7]:[#6](-[#85]):[#7]:[#6]:2:3)-[#6@](-[#85])(-[#8]-[#85])-[#6@]-1(-[#85])-[#8]-[#85]>>[#85:32]-[#6:3](-[#85:33])(-[#6:4])-[#8]-[#85],EVODEX-P24279
EVODEX-N9566,[H][O:28][H:52]>>[H]OC(=O)[C@@]([H])(N([H])[H])C([H])([H])C([H])([H])[O:28][H:52],EVODEX-P24280
EVODEX-N9567,[#6:1]-[#16&+:2](-[#6:3])-[#6:10]>>[#6:3]-[#8]-[#85].[#6:1]-[#16:2]-[#6:10],"EVODEX-P24281,EVODEX-P24286,EVODEX-P29433"
EVODEX-N9568,[#85]-[#6](-[#85])(-[#85])-[#16&+](-[#6](-[#85])(-[#85])-[#85])-[#6:4](-[#85:18])(-[#85:19])-[#6:5].[#85:26]-[#8:11]-[#85]>>[#85:18]-[#6:4](-[#85:19])(-[#6:5])-[#8:11]-[#85:26],EVODEX-P24284
EVODEX-N9569,[#85]-[#6](-[#85])(-[#85])-[#16&+](-[#6](-[#85])(-[#85])-[#85])-[#6:4](-[#85:18])(-[#85:19])-[#6:5]>>[#85:18]-[#6:4](-[#85:19])(-[#6:5])-[#8]-[#85],EVODEX-P24285
EVODEX-N9570,[C:1](=[C:2]([O:3])[C:14])([H:18])[H:19].[H][O:17][H]>>[H][C:1]([C:2]([C:14])=[O:17])([H:18])[H:19].[H][O:3],"EVODEX-P24287,EVODEX-P24292,EVODEX-P24344"
EVODEX-N9571,[H]OC(=O)C1=C([H])C([H])=C([H])[C@]([H])(O[C:2](=[C:1]([H:18])[H:19])[C:14])[C@@]1([H])O[H].[H][O:17][H]>>[H][C:1]([C:2]([C:14])=[O:17])([H:18])[H:19],EVODEX-P24289
EVODEX-N9572,[H]OC(=O)C1=C([H])C([H])=C([H])[C@]([H])(O[C:2](=[C:1]([H:18])[H:19])[C:14])[C@@]1([H])O[H]>>[H][C:1]([C:2](=O)[C:14])([H:18])[H:19],EVODEX-P24290
EVODEX-N9573,[C:1](=[C:2]([O:3])[C:14])([H:18])[H:19]>>[H][C:1]([C:2](=O)[C:14])([H:18])[H:19].[H][O:3],"EVODEX-P24291,EVODEX-P24296,EVODEX-P24348"
EVODEX-N9574,[H]OC(=O)C1=C([H])[C@@]([H])(O[C:2](=[C:1]([H:18])[H:19])[C:14])[C@]([H])(O[H])C([H])=C1[H].[H][O:17][H]>>[H][C:1]([C:2]([C:14])=[O:17])([H:18])[H:19],EVODEX-P24294
EVODEX-N9575,[H]OC(=O)C1=C([H])[C@@]([H])(O[C:2](=[C:1]([H:18])[H:19])[C:14])[C@]([H])(O[H])C([H])=C1[H]>>[H][C:1]([C:2](=O)[C:14])([H:18])[H:19],EVODEX-P24295
EVODEX-N9576,[C:5]1[O:6][C@:7]1([C:8])[H:13].[H][O:1][H:15]>>[H][O:6][C:5][C@@:7]([O:1][H:15])([C:8])[H:13],"EVODEX-P24297,EVODEX-P24309,EVODEX-P24312,EVODEX-P24321,EVODEX-P24324,EVODEX-P24327,EVODEX-P24330"
EVODEX-N9577,[H][O:1][H:15]>>[H]OC(=O)[C@]([H])(O[H])[C@]([H])(C(=O)O[H])[O:1][H:15],EVODEX-P24298
EVODEX-N9578,[C:8]/[C:9](=[C:10]([C:11](=[C:12]([C:13](=[C:14](\[C@:15]1([H:46])[O:16][C:17]1)[H:45])\[H:44])/[H:43])\[H:42])/[H:41])[H:40].[H][O:24][H:55]>>[H][O:16][C:17]/[C:15](=[C:14]([C:13](=[C:12]([C:11](=[C:10](\[C@:9]([C:8])([O:24][H:55])[H:40])[H:41])\[H:42])/[H:43])/[H:44])\[H:45])[H:46],EVODEX-P24300
EVODEX-N9579,[H][O:24][H:55]>>[H]OC(=O)C([H])([H])C([H])([H])C([H])([H])[C@]([H])(O[H])/C([H])=C([H])/C([H])=C([H])\C([H])=C(/[H])[C@]([H])(C([H])([H])/C([H])=C(/[H])C([H])([H])C([H])([H])C([H])([H])C([H])([H])C([H])([H])[H])[O:24][H:55],EVODEX-P24301
EVODEX-N9580,[C:8]/[C:9](=[C:10]([C:11](=[C:12]([C:13](=[C:14](\[C@:15]1([H:46])[O:16][C:17]1)[H:45])\[H:44])/[H:43])\[H:42])/[H:41])[H:40]>>[H]O[C@@:9]([C:8])(/[C:10](=[C:11]([C:12](=[C:13]([C:14](=[C:15](\[C:17][O:16][H])[H:46])\[H:45])/[H:44])/[H:43])\[H:42])[H:41])[H:40],EVODEX-P24302
EVODEX-N9581,[H][O:22][H:41]>>[H]N=C(N([H])[H])N([H])C([H])([H])C([H])([H])C([H])([H])[C@@]([H])(C(=O)[O:22][H:41])N([H])[H],EVODEX-P24305
EVODEX-N9582,[H]N=C(N([H])[H])N([H])C([H])([H])C([H])([H])C([H])([H])[C@@]([H])(C(=O)[N:12]([C:13])[H:36])N([H])[H]>>[H][N:12]([C:13])[H:36],"EVODEX-P24307,EVODEX-P24420,EVODEX-P24431,EVODEX-P24463"
EVODEX-N9583,[H][O:25][H:58]>>[H]OC(=O)C([H])([H])C([H])([H])C([H])([H])/C([H])=C(/[H])C([H])([H])/C([H])=C(/[H])C([H])(O[H])[C@]([H])(O[H])[C@]([H])(C([H])([H])/C([H])=C(/[H])C([H])([H])C([H])([H])C([H])([H])C([H])([H])C([H])([H])[H])[O:25][H:58],EVODEX-P24310
EVODEX-N9584,[H][O:25][H:58]>>[H]OC(=O)C([H])([H])C([H])([H])C([H])([H])/C([H])=C(/[H])C([H])([H])C([H])(O[H])/C([H])=C(\[H])[C@@]([H])(O[H])[C@@]([H])(C([H])([H])/C([H])=C(/[H])C([H])([H])C([H])([H])C([H])([H])C([H])([H])C([H])([H])[H])[O:25][H:58],EVODEX-P24313
EVODEX-N9585,[C:6][C@@:7]1([C:8])[O:9][C:10]1.[H][O:12][H:29]>>[H][O:9][C:10][C@:7]([C:6])([C:8])[O:12][H:29],"EVODEX-P24315,EVODEX-P24318"
EVODEX-N9586,[H][O:12][H:29]>>[H]O[C@@]1([H])C([H])([H])[C@@]([H])(C(=C([H])[H])C([H])([H])[H])C([H])([H])C([H])([H])[C@@]1(C([H])([H])[H])[O:12][H:29],EVODEX-P24316
EVODEX-N9587,[H][O:9][H:22]>>[H]O[C@]1([H])C([H])([H])C([H])([H])C([H])([H])C([H])([H])[C@]1(C([H])([H])[H])[O:9][H:22],EVODEX-P24319
EVODEX-N9588,[H][O:24][H:57]>>[H]OC(=O)C([H])([H])C([H])([H])C([H])([H])/C([H])=C(/[H])C([H])([H])C([H])(O[H])C([H])(C([H])([H])/C([H])=C(/[H])C([H])([H])/C([H])=C(/[H])C([H])([H])C([H])([H])C([H])([H])C([H])([H])C([H])([H])[H])[O:24][H:57],EVODEX-P24322
EVODEX-N9589,[H][O:24][H:57]>>[H]OC(=O)C([H])([H])C([H])([H])C([H])([H])/C([H])=C(/[H])C([H])([H])/C([H])=C(/[H])C([H])([H])/C([H])=C(/[H])C([H])([H])C([H])(O[H])C([H])(C([H])([H])C([H])([H])C([H])([H])C([H])([H])C([H])([H])[H])[O:24][H:57],EVODEX-P24325
EVODEX-N9590,[H][O:1][H:11]>>[H]OC([H])([H])C([H])(C1:C([H]):C([H]):C([H]):C([H]):C:1[H])[O:1][H:11],EVODEX-P24329
EVODEX-N9591,[H][O:30][H:77]>>[H]O[C@@]1([H])C([H])([H])C([H])([H])[C@]2(C([H])([H])[H])[C@@]3([H])C([H])([H])C([H])([H])[C@@]4(C([H])([H])[H])[C@@]([H])(C([H])([H])C([H])([H])[C@]4([H])[C@]([H])(C([H])([H])[H])C([H])([H])C([H])([H])C([H])([H])C([H])(C([H])([H])[H])C([H])([H])[H])[C@]3([H])C([H])([H])[C@@]([H])([O:30][H:77])[C@@]2(O[H])C1([H])[H],EVODEX-P24331
EVODEX-N9592,[C:1]/[C:2](=[C:3](/[C:4])[H:59])[H:58].[H][O:54][H:95]>>[H][C:3]([C@@:2]([C:1])([O:54][H:95])[H:58])([C:4])[H:59],"EVODEX-P24333,EVODEX-P24336,EVODEX-P30341,EVODEX-P30466,EVODEX-P30508,EVODEX-P30511,EVODEX-P30609,EVODEX-P30670,EVODEX-P30748,EVODEX-P30768,EVODEX-P30777"
EVODEX-N9593,[H][O:54][H:95]>>[H]O[C@]1([H])[C@]([H])(OP(=O)(O[H])O[H])[C@@]([H])(C([H])([H])OP(=O)(O[H])OP(=O)(O[H])OC([H])([H])C(C([H])([H])[H])(C([H])([H])[H])[C@@]([H])(O[H])C(=O)N([H])C([H])([H])C([H])([H])C(=O)N([H])C([H])([H])C([H])([H])SC(=O)C([H])([H])[C@@]([H])(C([H])([H])[H])[O:54][H:95])O[C@@]1([H])N1:C([H]):N:C2:C(N([H])[H]):N:C([H]):N:C:2:1,EVODEX-P24334
EVODEX-N9594,[C:1]/[C:2](=[C:3](/[C:4])[H:59])[H:58]>>[H]O[C@:2]([C:1])([C:3]([H])([C:4])[H:59])[H:58],"EVODEX-P24335,EVODEX-P24338,EVODEX-P30342,EVODEX-P30468,EVODEX-P30510,EVODEX-P30513,EVODEX-P30611,EVODEX-P30672,EVODEX-P30770,EVODEX-P30779"
EVODEX-N9595,[H][O:59][H:102]>>[H]O[C@]1([H])[C@]([H])(OP(=O)(O[H])O[H])[C@@]([H])(C([H])([H])OP(=O)(O[H])OP(=O)(O[H])OC([H])([H])C(C([H])([H])[H])(C([H])([H])[H])[C@@]([H])(O[H])C(=O)N([H])C([H])([H])C([H])([H])C(=O)N([H])C([H])([H])C([H])([H])SC(=O)/C([H])=C2/OC([H])=C([H])C([H])([H])C([H])([O:59][H:102])C2([H])[H])O[C@@]1([H])N1:C([H]):N:C2:C(N([H])[H]):N:C([H]):N:C:2:1,EVODEX-P24337
EVODEX-N9596,[H]OC(=O)C1=C([H])C([H])=C([H])[C@]([H])(O[C:2](=[C:1]([H:18])[H:19])[C:14])[C@@]1([H])N([H])[H].[H][O:17][H]>>[H][C:1]([C:2]([C:14])=[O:17])([H:18])[H:19],EVODEX-P24346
EVODEX-N9597,[H]OC(=O)C1=C([H])C([H])=C([H])[C@]([H])(O[C:2](=[C:1]([H:18])[H:19])[C:14])[C@@]1([H])N([H])[H]>>[H][C:1]([C:2](=O)[C:14])([H:18])[H:19],EVODEX-P24347
EVODEX-N9598,[H]SC([H])([H])[C@@]([H])(C(=O)[N:7]([C:8])[H:19])N([H])[H]>>[H][N:7]([C:8])[H:19],"EVODEX-P24350,EVODEX-P24386,EVODEX-P24618"
EVODEX-N9599,[H]OC(=O)C([H])([H])N([H])[C:5]([C:2])=[O:6].[H][O:12][H:23]>>[C:2][C:5](=[O:6])[O:12][H:23],"EVODEX-P24351,EVODEX-P24484,EVODEX-P24602,EVODEX-P24624,EVODEX-P24862,EVODEX-P27253,EVODEX-P27343,EVODEX-P27655,EVODEX-P27660"
EVODEX-N9600,[H][O:12][H:23]>>[H]SC([H])([H])[C@@]([H])(C(=O)[O:12][H:23])N([H])[H],EVODEX-P24352
EVODEX-N9601,[H]OC(=O)C([H])([H])N([H])[C:7]([C:5])=[O:8]>>[H]O[C:7]([C:5])=[O:8],"EVODEX-P24353,EVODEX-P24485,EVODEX-P24603,EVODEX-P24626,EVODEX-P24864,EVODEX-P27254,EVODEX-P27344,EVODEX-P27656,EVODEX-P27661,EVODEX-P33655"
EVODEX-N9602,[H]N([H])[C@]([H])(C(=O)[N:6]([C:5])[H:29])C([H])([H])C([H])(C([H])([H])[H])C([H])([H])[H]>>[H][N:6]([C:5])[H:29],"EVODEX-P24356,EVODEX-P24381,EVODEX-P24447,EVODEX-P24478,EVODEX-P24483,EVODEX-P24526,EVODEX-P24536,EVODEX-P24541"
EVODEX-N9603,[H][O:18][H:43]>>[H]N([H])[C@]([H])(C(=O)[O:18][H:43])C([H])([H])C([H])(C([H])([H])[H])C([H])([H])[H],EVODEX-P24357
EVODEX-N9604,[H]OC1:C([H]):C([H]):C(C([H])([H])[C@@]([H])(C(=O)N([H])C([H])([H])C(=O)N([H])C([H])([H])C(=O)N([H])[C@]([H])(C(=O)[N:6]([C:5])[H:52])C([H])([H])C2:C([H]):C([H]):C([H]):C([H]):C:2[H])N([H])[H]):C([H]):C:1[H]>>[H][N:6]([C:5])[H:52],"EVODEX-P24359,EVODEX-P26821"
EVODEX-N9605,[H]OC(=O)[C@@]([H])(N([H])[C:7](=[O:8])[C:9])C([H])([H])C([H])(C([H])([H])[H])C([H])([H])[H].[H][O:41][H:79]>>[C:7](=[O:8])([C:9])[O:41][H:79],"EVODEX-P24360,EVODEX-P24421,EVODEX-P25013,EVODEX-P25077,EVODEX-P25099"
EVODEX-N9606,[H][O:41][H:79]>>[H]OC1:C([H]):C([H]):C(C([H])([H])[C@@]([H])(C(=O)N([H])C([H])([H])C(=O)N([H])C([H])([H])C(=O)N([H])[C@]([H])(C(=O)[O:41][H:79])C([H])([H])C2:C([H]):C([H]):C([H]):C([H]):C:2[H])N([H])[H]):C([H]):C:1[H],EVODEX-P24361
EVODEX-N9607,[H]OC(=O)[C@@]([H])(N([H])[C:7](=[O:8])[C:9])C([H])([H])C([H])(C([H])([H])[H])C([H])([H])[H]>>[H]O[C:7](=[O:8])[C:9],"EVODEX-P24362,EVODEX-P24422,EVODEX-P25015,EVODEX-P25078,EVODEX-P25100"
EVODEX-N9608,[C:5][C:7](=[O:8])[N:9][C:10][C:16](=[O:17])[N:18].[H][O:94][H:190].[H][O:95][H:192]>>[C:5][C:7](=[O:8])[O:94][H:190].[H][N:18].[H][N:9][C:10][C:16](=[O:17])[O:95][H:192],"EVODEX-P24364,EVODEX-P26754"
EVODEX-N9609,[H]N=C(N([H])[H])N([H])C([H])([H])C([H])([H])C([H])([H])[C@@]([H])(C(=O)O[H])N([H])C(=O)[C@@]([H])(N([H])C(=O)[C@@]1([H])N(C(=O)[C@@]([H])(N([H])C(=O)[C@@]([H])(N([H])C(=O)C([H])([H])N([H])C(=O)[C@@]2([H])N(C(=O)[C@@]3([H])N(C(=O)[C@@]([H])(N([H])C(=O)[C@@]([H])(N([H])[C:7]([C:5])=[O:8])C([H])([H])C([H])([H])C([H])([H])C([H])([H])N([H])[H])C([H])([H])C([H])([H])C([H])([H])N([H])C(=N[H])N([H])[H])C([H])([H])C([H])([H])C3([H])[H])C([H])([H])C([H])([H])C2([H])[H])C([H])([H])C2:C([H]):C([H]):C([H]):C([H]):C:2[H])C([H])([H])O[H])C([H])([H])C([H])([H])C1([H])[H])C([H])([H])C1:C([H]):C([H]):C([H]):C([H]):C:1[H]>>[H]O[C:7]([C:5])=[O:8],EVODEX-P24365
EVODEX-N9610,[H]N=C(N([H])[H])N([H])C([H])([H])C([H])([H])C([H])([H])[C@@]([H])(C(=O)O[H])N([H])C(=O)[C@@]([H])(N([H])C(=O)[C@@]1([H])N(C(=O)[C@@]([H])(N([H])C(=O)[C@@]([H])(N([H])C(=O)C([H])([H])N([H])C(=O)[C@@]2([H])N(C(=O)[C@@]3([H])N(C(=O)[C@@]([H])(N([H])[C:16]([C:10][N:9][C:7]([C:5])=[O:8])=[O:17])C([H])([H])C([H])([H])C([H])([H])N([H])C(=N[H])N([H])[H])C([H])([H])C([H])([H])C3([H])[H])C([H])([H])C([H])([H])C2([H])[H])C([H])([H])C2:C([H]):C([H]):C([H]):C([H]):C:2[H])C([H])([H])O[H])C([H])([H])C([H])([H])C1([H])[H])C([H])([H])C1:C([H]):C([H]):C([H]):C([H]):C:1[H].[H][O:94][H:190].[H][O:95][H:192]>>[C:5][C:7](=[O:8])[O:94][H:190].[H][N:9][C:10][C:16](=[O:17])[O:95][H:192],EVODEX-P24367
EVODEX-N9611,[H]N([H])C([H])([H])C([H])([H])C([H])([H])C([H])([H])[C@@]([H])(C(=O)[N:18]([C:19])[H:118])N([H])[C:7]([C:5])=[O:8]>>[H]O[C:7]([C:5])=[O:8].[H][N:18]([C:19])[H:118],EVODEX-P24368
EVODEX-N9612,[H]N=C(N([H])[H])N([H])C([H])([H])C([H])([H])C([H])([H])[C@@]([H])(C(=O)O[H])N([H])C(=O)[C@@]([H])(N([H])C(=O)[C@@]1([H])N(C(=O)[C@@]([H])(N([H])C(=O)[C@@]([H])(N([H])C(=O)C([H])([H])N([H])C(=O)[C@@]2([H])N(C(=O)[C@@]3([H])N(C(=O)[C@@]([H])(N([H])[C:16]([C:10][N:9](C(=O)[C@@]([H])(N([H])[H])C([H])([H])C([H])([H])SC([H])([H])[H])[H:106])=[O:17])C([H])([H])C([H])([H])C([H])([H])N([H])C(=N[H])N([H])[H])C([H])([H])C([H])([H])C3([H])[H])C([H])([H])C([H])([H])C2([H])[H])C([H])([H])C2:C([H]):C([H]):C([H]):C([H]):C:2[H])C([H])([H])O[H])C([H])([H])C([H])([H])C1([H])[H])C([H])([H])C1:C([H]):C([H]):C([H]):C([H]):C:1[H].[H][O:95][H:192]>>[H][N:9]([C:10][C:16](=[O:17])[O:95][H:192])[H:106],EVODEX-P24369
EVODEX-N9613,[H]N=C(N([H])[H])N([H])C([H])([H])C([H])([H])C([H])([H])[C@@]([H])(C(=O)O[H])N([H])C(=O)[C@@]([H])(N([H])C(=O)[C@@]1([H])N(C(=O)[C@@]([H])(N([H])C(=O)[C@@]([H])(N([H])C(=O)C([H])([H])N([H])C(=O)[C@@]2([H])N(C(=O)[C@@]3([H])N(C(=O)[C@@]([H])(N([H])[C:16]([C:10][N:9](C(=O)[C@@]([H])(N([H])[H])C([H])([H])C([H])([H])SC([H])([H])[H])[H:106])=[O:17])C([H])([H])C([H])([H])C([H])([H])N([H])C(=N[H])N([H])[H])C([H])([H])C([H])([H])C3([H])[H])C([H])([H])C([H])([H])C2([H])[H])C([H])([H])C2:C([H]):C([H]):C([H]):C([H]):C:2[H])C([H])([H])O[H])C([H])([H])C([H])([H])C1([H])[H])C([H])([H])C1:C([H]):C([H]):C([H]):C([H]):C:1[H]>>[H]O[C:16]([C:10][N:9]([H])[H:106])=[O:17],EVODEX-P24370
EVODEX-N9614,[H]N=C(N([H])[H])N([H])C([H])([H])C([H])([H])C([H])([H])[C@@]([H])(C(=O)O[H])N([H])C(=O)[C@@]([H])(N([H])C(=O)[C@@]1([H])N(C(=O)[C@@]([H])(N([H])C(=O)[C@@]([H])(N([H])C(=O)C([H])([H])N([H])C(=O)[C@@]2([H])N(C(=O)[C@@]3([H])N(C(=O)[C@@]([H])(N([H])[C:16]([C:10])=[O:17])C([H])([H])C([H])([H])C([H])([H])N([H])C(=N[H])N([H])[H])C([H])([H])C([H])([H])C3([H])[H])C([H])([H])C([H])([H])C2([H])[H])C([H])([H])C2:C([H]):C([H]):C([H]):C([H]):C:2[H])C([H])([H])O[H])C([H])([H])C([H])([H])C1([H])[H])C([H])([H])C1:C([H]):C([H]):C([H]):C([H]):C:1[H]>>[H]O.[H].[H]O[C:16]([C:10])=[O:17],EVODEX-P24371
EVODEX-N9615,[H]N([H])[C@]([H])(C(=O)[N:9]([C:10])[H:106])C([H])([H])C([H])([H])SC([H])([H])[H]>>[H].[H]O.[H][N:9]([C:10])[H:106],EVODEX-P24372
EVODEX-N9616,[H]N([H])[C@]([H])(C(=O)[N:9]([C:10][C:16](=[O:17])[N:18])[H:106])C([H])([H])C([H])([H])SC([H])([H])[H].[H][O:95][H:192]>>[H][N:18].[H][N:9]([C:10][C:16](=[O:17])[O:95][H:192])[H:106],EVODEX-P24373
EVODEX-N9617,[H]N=C(N([H])[H])N([H])C([H])([H])C([H])([H])C([H])([H])[C@@]([H])(C(=O)O[H])N([H])C(=O)[C@@]([H])(N([H])C(=O)[C@@]1([H])N(C(=O)[C@@]([H])(N([H])C(=O)[C@@]([H])(N([H])C(=O)C([H])([H])N([H])C(=O)[C@@]2([H])N(C(=O)[C@@]3([H])N(C(=O)[C@@]([H])(N([H])C(=O)[C@@]([H])(N([H])[C:7]([C:5])=[O:8])C([H])([H])C([H])([H])C([H])([H])C([H])([H])N([H])[H])C([H])([H])C([H])([H])C([H])([H])N([H])C(=N[H])N([H])[H])C([H])([H])C([H])([H])C3([H])[H])C([H])([H])C([H])([H])C2([H])[H])C([H])([H])C2:C([H]):C([H]):C([H]):C([H]):C:2[H])C([H])([H])O[H])C([H])([H])C([H])([H])C1([H])[H])C([H])([H])C1:C([H]):C([H]):C([H]):C([H]):C:1[H].[H][O:94][H:190]>>[C:5][C:7](=[O:8])[O:94][H:190],EVODEX-P24374
EVODEX-N9618,[H]N([H])C([H])([H])C([H])([H])C([H])([H])C([H])([H])[C@@]([H])(C(=O)[N:18]([C:19])[H:118])N([H])[C:7]([C:5])=[O:8].[H][O:94][H:190]>>[C:5][C:7](=[O:8])[O:94][H:190].[H][N:18]([C:19])[H:118],EVODEX-P24375
EVODEX-N9619,[H]N([H])C([H])([H])C([H])([H])C([H])([H])C([H])([H])[C@@]([H])(C(=O)[N:18]([C:19])[H:118])N([H])C(=O)[C@@]([H])(N([H])[H])C([H])([H])C([H])([H])SC([H])([H])[H]>>[H][N:18]([C:19])[H:118],EVODEX-P24376
EVODEX-N9620,[H][O:94][H:190]>>[H]N([H])[C@]([H])(C(=O)[O:94][H:190])C([H])([H])C([H])([H])SC([H])([H])[H],EVODEX-P24377
EVODEX-N9621,[H][O:94][H:190].[H][O:95][H:192]>>[H]N([H])[C@]([H])(C(=O)[O:94][H:190])C([H])([H])C([H])([H])SC([H])([H])[H].[H]N([H])C([H])([H])C([H])([H])C([H])([H])C([H])([H])[C@@]([H])(C(=O)[O:95][H:192])N([H])[H],EVODEX-P24378
EVODEX-N9622,[H][O:95][H:192]>>[H]N([H])C([H])([H])C([H])([H])C([H])([H])C([H])([H])[C@@]([H])(C(=O)[O:95][H:192])N([H])[H],EVODEX-P24379
EVODEX-N9623,[H]C1:C([H]):C([H]):C2:C([H]):C(N([H])[C:5]([C:2])=[O:6]):C([H]):C([H]):C:2:C:1[H].[H][O:18][H:33]>>[C:2][C:5](=[O:6])[O:18][H:33],"EVODEX-P24387,EVODEX-P24403,EVODEX-P24673,EVODEX-P24686,EVODEX-P25082,EVODEX-P25601,EVODEX-P25606,EVODEX-P27512"
EVODEX-N9624,[H]C1:C([H]):C([H]):C2:C([H]):C(N([H])[C:5]([C:2])=[O:6]):C([H]):C([H]):C:2:C:1[H]>>[H]O[C:5]([C:2])=[O:6],"EVODEX-P24388,EVODEX-P24405,EVODEX-P24675,EVODEX-P24688,EVODEX-P25083,EVODEX-P25602,EVODEX-P25608,EVODEX-P27513"
EVODEX-N9625,[H]N([H])[C@]([H])(C(=O)[N:6]([C:7])[H:24])C([H])([H])[H]>>[H][N:6]([C:7])[H:24],"EVODEX-P24391,EVODEX-P24458,EVODEX-P24606,EVODEX-P24644"
EVODEX-N9626,[H]OC(=O)[C@@]([H])(N([H])C(=O)[C@@]([H])(N([H])[C:4]([C:2])=[O:5])C([H])([H])[H])C([H])([H])[H].[H][O:17][H:35]>>[C:2][C:4](=[O:5])[O:17][H:35],"EVODEX-P24392,EVODEX-P24569,EVODEX-P24799,EVODEX-P26396"
EVODEX-N9627,[H][O:17][H:35]>>[H]N([H])[C@]([H])(C(=O)[O:17][H:35])C([H])([H])[H],EVODEX-P24393
EVODEX-N9628,[H]OC(=O)[C@@]([H])(N([H])C(=O)[C@@]([H])(N([H])[C:4]([C:2])=[O:5])C([H])([H])[H])C([H])([H])[H]>>[H]O[C:4]([C:2])=[O:5],"EVODEX-P24394,EVODEX-P24570,EVODEX-P24801,EVODEX-P26398"
EVODEX-N9629,[H]N([H])C(=O)C([H])([H])C([H])([H])[C@@]([H])(C(=O)N([H])[C@]([H])(C(=O)N([H])[C@]([H])(C(=O)[N:172]([C:166])[H:366])C([H])([H])C([H])([H])C(=O)N([H])[H])C([H])([H])C([H])([H])C(=O)N([H])[H])N([H])[H]>>[H][N:172]([C:166])[H:366],EVODEX-P24397
EVODEX-N9630,[H]N=C(N([H])[H])N([H])C([H])([H])C([H])([H])C([H])([H])[C@@]([H])(C(=O)O[H])N([H])C(=O)[C@@]([H])(N([H])C(=O)C([H])([H])N([H])C(=O)[C@@]([H])(N([H])C(=O)[C@@]([H])(N([H])C(=O)[C@@]([H])(N([H])C(=O)[C@@]([H])(N([H])C(=O)[C@@]([H])(N([H])C(=O)[C@@]([H])(N([H])C(=O)[C@@]([H])(N([H])C(=O)[C@@]([H])(N([H])C(=O)[C@@]([H])(N([H])C(=O)[C@@]([H])(N([H])C(=O)[C@@]([H])(N([H])C(=O)[C@@]([H])(N([H])C(=O)[C@@]([H])(N([H])C(=O)[C@@]([H])(N([H])C(=O)[C@@]([H])(N([H])C(=O)[C@@]([H])(N([H])[C:173](=[O:174])[C:175])C([H])([H])C([H])([H])C(=O)N([H])[H])C([H])([H])C([H])([H])C(=O)N([H])[H])C([H])([H])C([H])([H])C(=O)N([H])[H])C([H])([H])C([H])([H])C(=O)N([H])[H])C([H])([H])C([H])([H])C(=O)N([H])[H])C([H])([H])C([H])([H])C(=O)N([H])[H])C([H])([H])C([H])([H])C(=O)N([H])[H])C([H])([H])C([H])([H])C(=O)N([H])[H])C([H])([H])C([H])([H])C(=O)N([H])[H])C([H])([H])C([H])([H])C(=O)N([H])[H])C([H])([H])C([H])([H])C(=O)N([H])[H])C([H])([H])C([H])([H])C(=O)N([H])[H])C([H])([H])C([H])([H])C(=O)N([H])[H])C([H])([H])C([H])([H])C(=O)N([H])[H])C([H])([H])C([H])([H])C([H])([H])N([H])C(=N[H])N([H])[H])C([H])([H])C([H])([H])C([H])([H])N([H])C(=N[H])N([H])[H])C([H])([H])C([H])([H])C([H])([H])N([H])C(=N[H])N([H])[H].[H][O:203][H:393]>>[C:173](=[O:174])([C:175])[O:203][H:393],EVODEX-P24398
EVODEX-N9631,[H][O:203][H:393]>>[H]N([H])C(=O)C([H])([H])C([H])([H])[C@@]([H])(C(=O)N([H])[C@]([H])(C(=O)N([H])[C@]([H])(C(=O)[O:203][H:393])C([H])([H])C([H])([H])C(=O)N([H])[H])C([H])([H])C([H])([H])C(=O)N([H])[H])N([H])[H],EVODEX-P24399
EVODEX-N9632,[H]N=C(N([H])[H])N([H])C([H])([H])C([H])([H])C([H])([H])[C@@]([H])(C(=O)O[H])N([H])C(=O)[C@@]([H])(N([H])C(=O)C([H])([H])N([H])C(=O)[C@@]([H])(N([H])C(=O)[C@@]([H])(N([H])C(=O)[C@@]([H])(N([H])C(=O)[C@@]([H])(N([H])C(=O)[C@@]([H])(N([H])C(=O)[C@@]([H])(N([H])C(=O)[C@@]([H])(N([H])C(=O)[C@@]([H])(N([H])C(=O)[C@@]([H])(N([H])C(=O)[C@@]([H])(N([H])C(=O)[C@@]([H])(N([H])C(=O)[C@@]([H])(N([H])C(=O)[C@@]([H])(N([H])C(=O)[C@@]([H])(N([H])C(=O)[C@@]([H])(N([H])C(=O)[C@@]([H])(N([H])[C:173](=[O:174])[C:175])C([H])([H])C([H])([H])C(=O)N([H])[H])C([H])([H])C([H])([H])C(=O)N([H])[H])C([H])([H])C([H])([H])C(=O)N([H])[H])C([H])([H])C([H])([H])C(=O)N([H])[H])C([H])([H])C([H])([H])C(=O)N([H])[H])C([H])([H])C([H])([H])C(=O)N([H])[H])C([H])([H])C([H])([H])C(=O)N([H])[H])C([H])([H])C([H])([H])C(=O)N([H])[H])C([H])([H])C([H])([H])C(=O)N([H])[H])C([H])([H])C([H])([H])C(=O)N([H])[H])C([H])([H])C([H])([H])C(=O)N([H])[H])C([H])([H])C([H])([H])C(=O)N([H])[H])C([H])([H])C([H])([H])C(=O)N([H])[H])C([H])([H])C([H])([H])C(=O)N([H])[H])C([H])([H])C([H])([H])C([H])([H])N([H])C(=N[H])N([H])[H])C([H])([H])C([H])([H])C([H])([H])N([H])C(=N[H])N([H])[H])C([H])([H])C([H])([H])C([H])([H])N([H])C(=N[H])N([H])[H]>>[H]O[C:173](=[O:174])[C:175],EVODEX-P24400
EVODEX-N9633,[H][O:1][H:37]>>[H]O[C@@]1([H])C([H])([H])N([H])[C@]([H])(C(=O)[O:1][H:37])C1([H])[H],EVODEX-P24404
EVODEX-N9634,[H]O[C@@]1([H])C([H])([H])N([H])[C@]([H])(C(=O)[N:4]([C:5])[H:21])C1([H])[H]>>[H][N:4]([C:5])[H:21],EVODEX-P24406
EVODEX-N9635,[H]C1:C([H]):C([H]):C(N=NC2:C([H]):C([H]):C(N([H])[C:3](=[O:2])[C:19]):C([H]):C:2[H]):C([H]):C:1[H].[H][O:1][H:42]>>[O:1]([C:3](=[O:2])[C:19])[H:42],EVODEX-P24409
EVODEX-N9636,[H][O:1][H:42]>>[H]N1C([H])([H])C([H])([H])C([H])([H])[C@@]1([H])C(=O)[O:1][H:42],EVODEX-P24410
EVODEX-N9637,[H]C1:C([H]):C([H]):C(N=NC2:C([H]):C([H]):C(N([H])[C:3](=[O:2])[C:19]):C([H]):C:2[H]):C([H]):C:1[H]>>[H]O[C:3](=[O:2])[C:19],EVODEX-P24411
EVODEX-N9638,[H]N1C([H])([H])C([H])([H])C([H])([H])[C@@]1([H])C(=O)[N:4]([C:5])[H:24]>>[H][N:4]([C:5])[H:24],"EVODEX-P24412,EVODEX-P24515"
EVODEX-N9639,[H]N([H])C([H])([H])C([H])([H])C([H])([H])C([H])([H])[C@@]([H])(C(=O)[N:10]([C:9])[H:29])N([H])[H]>>[H][N:10]([C:9])[H:29],EVODEX-P24415
EVODEX-N9640,[H]C1:C(N([H])[C:11](=[O:12])[C:13]):C([H]):C2:O:C(=O):C([H]):C(C([H])([H])[H]):C:2:C:1[H].[H][O:49][H:95]>>[C:11](=[O:12])([C:13])[O:49][H:95],"EVODEX-P24416,EVODEX-P24459,EVODEX-P24464,EVODEX-P24527,EVODEX-P24692,EVODEX-P24698,EVODEX-P24709,EVODEX-P24715,EVODEX-P25031,EVODEX-P25048,EVODEX-P25248,EVODEX-P25275,EVODEX-P25356,EVODEX-P25361,EVODEX-P25377,EVODEX-P25383,EVODEX-P25389,EVODEX-P25437,EVODEX-P25443,EVODEX-P25578,EVODEX-P25637,EVODEX-P25649,EVODEX-P25715,EVODEX-P25721,EVODEX-P25739,EVODEX-P25786,EVODEX-P25792,EVODEX-P25822,EVODEX-P25827,EVODEX-P25833,EVODEX-P25839,EVODEX-P25844,EVODEX-P25914,EVODEX-P25930,EVODEX-P25936,EVODEX-P25965,EVODEX-P25987,EVODEX-P25993,EVODEX-P25999,EVODEX-P26005,EVODEX-P26035,EVODEX-P26053,EVODEX-P26082,EVODEX-P26088,EVODEX-P26106,EVODEX-P26124,EVODEX-P26146,EVODEX-P26450,EVODEX-P27023,EVODEX-P27029,EVODEX-P27035,EVODEX-P27868"
EVODEX-N9641,[H]C1:C(N([H])[C:11](=[O:12])[C:13]):C([H]):C2:O:C(=O):C([H]):C(C([H])([H])[H]):C:2:C:1[H]>>[H]O[C:11](=[O:12])[C:13],"EVODEX-P24417,EVODEX-P24460,EVODEX-P24465,EVODEX-P24528,EVODEX-P24694,EVODEX-P24699,EVODEX-P24711,EVODEX-P24717,EVODEX-P25033,EVODEX-P25049,EVODEX-P25250,EVODEX-P25277,EVODEX-P25357,EVODEX-P25363,EVODEX-P25379,EVODEX-P25385,EVODEX-P25391,EVODEX-P25439,EVODEX-P25445,EVODEX-P25580,EVODEX-P25639,EVODEX-P25651,EVODEX-P25717,EVODEX-P25723,EVODEX-P25741,EVODEX-P25788,EVODEX-P25794,EVODEX-P25823,EVODEX-P25829,EVODEX-P25835,EVODEX-P25840,EVODEX-P25846,EVODEX-P25916,EVODEX-P25932,EVODEX-P25938,EVODEX-P25966,EVODEX-P25989,EVODEX-P25995,EVODEX-P26001,EVODEX-P26007,EVODEX-P26037,EVODEX-P26055,EVODEX-P26084,EVODEX-P26090,EVODEX-P26108,EVODEX-P26126,EVODEX-P26148,EVODEX-P26452,EVODEX-P27025,EVODEX-P27031,EVODEX-P27037,EVODEX-P27870"
EVODEX-N9642,[H]OC(=O)C([H])([H])[C@@]([H])(C(=O)[N:33]([C:25])[H:110])N([H])[H]>>[H][N:33]([C:25])[H:110],"EVODEX-P24425,EVODEX-P24473,EVODEX-P24634,EVODEX-P24639,EVODEX-P26844"
EVODEX-N9643,[H]N=C(N([H])[H])N([H])C([H])([H])C([H])([H])C([H])([H])[C@@]([H])(C(=O)N([H])[C@]([H])(C(=O)N([H])[C@]([H])(C(=O)N([H])[C@]([H])(C(=O)N([H])[C@]([H])(C(=O)N1C([H])([H])C([H])([H])C([H])([H])[C@@]1([H])C(=O)N([H])[C@]([H])(C(=O)O[H])C([H])([H])C1:C([H]):C([H]):C([H]):C([H]):C:1[H])C([H])([H])C1:C([H]):N:C([H]):N:1[H])[C@@]([H])(C([H])([H])[H])C([H])([H])C([H])([H])[H])C([H])([H])C1:C([H]):C([H]):C(O[H]):C([H]):C:1[H])C([H])(C([H])([H])[H])C([H])([H])[H])N([H])[C:34](=[O:35])[C:36].[H][O:76][H:148]>>[C:34](=[O:35])([C:36])[O:76][H:148],EVODEX-P24426
EVODEX-N9644,[H][O:76][H:148]>>[H]OC(=O)C([H])([H])[C@@]([H])(C(=O)[O:76][H:148])N([H])[H],EVODEX-P24427
EVODEX-N9645,[H]N=C(N([H])[H])N([H])C([H])([H])C([H])([H])C([H])([H])[C@@]([H])(C(=O)N([H])[C@]([H])(C(=O)N([H])[C@]([H])(C(=O)N([H])[C@]([H])(C(=O)N([H])[C@]([H])(C(=O)N1C([H])([H])C([H])([H])C([H])([H])[C@@]1([H])C(=O)N([H])[C@]([H])(C(=O)O[H])C([H])([H])C1:C([H]):C([H]):C([H]):C([H]):C:1[H])C([H])([H])C1:C([H]):N:C([H]):N:1[H])[C@@]([H])(C([H])([H])[H])C([H])([H])C([H])([H])[H])C([H])([H])C1:C([H]):C([H]):C(O[H]):C([H]):C:1[H])C([H])(C([H])([H])[H])C([H])([H])[H])N([H])[C:34](=[O:35])[C:36]>>[H]O[C:34](=[O:35])[C:36],EVODEX-P24428
EVODEX-N9646,[H]OC(=O)[C@@]([H])(N([H])C(=O)[C@@]1([H])N(C(=O)[C@@]([H])(N([H])C(=O)[C@@]([H])(N([H])C(=O)[C@@]([H])(N([H])C(=O)[C@@]([H])(N([H])[C:23](=[O:24])[C:25])C([H])(C([H])([H])[H])C([H])([H])[H])C([H])([H])C2:C([H]):C([H]):C(O[H]):C([H]):C:2[H])[C@@]([H])(C([H])([H])[H])C([H])([H])C([H])([H])[H])C([H])([H])C2:C([H]):N:C([H]):N:2[H])C([H])([H])C([H])([H])C1([H])[H])C([H])([H])C1:C([H]):C([H]):C([H]):C([H]):C:1[H].[H][O:68][H:135]>>[C:23](=[O:24])([C:25])[O:68][H:135],EVODEX-P24432
EVODEX-N9647,[H]OC(=O)[C@@]([H])(N([H])C(=O)[C@@]1([H])N(C(=O)[C@@]([H])(N([H])C(=O)[C@@]([H])(N([H])C(=O)[C@@]([H])(N([H])C(=O)[C@@]([H])(N([H])[C:23](=[O:24])[C:25])C([H])(C([H])([H])[H])C([H])([H])[H])C([H])([H])C2:C([H]):C([H]):C(O[H]):C([H]):C:2[H])[C@@]([H])(C([H])([H])[H])C([H])([H])C([H])([H])[H])C([H])([H])C2:C([H]):N:C([H]):N:2[H])C([H])([H])C([H])([H])C1([H])[H])C([H])([H])C1:C([H]):C([H]):C([H]):C([H]):C:1[H]>>[H]O[C:23](=[O:24])[C:25],EVODEX-P24433
EVODEX-N9648,[H]N=C(N([H])[H])N([H])C([H])([H])C([H])([H])C([H])([H])[C@@]([H])(C(=O)[N:62]([C:58])[C:61])N([H])[H]>>[H][N:62]([C:58])[C:61],EVODEX-P24436
EVODEX-N9649,[H]N=C(N([H])[H])N([H])C([H])([H])C([H])([H])C([H])([H])[C@@]([H])(C(=O)O[H])N([H])C(=O)[C@@]([H])(N([H])C(=O)[C@@]1([H])N(C(=O)[C@@]([H])(N([H])C(=O)[C@@]([H])(N([H])C(=O)C([H])([H])N([H])C(=O)[C@@]2([H])N(C(=O)[C@@]3([H])N([C:63](=[O:64])[C:65])C([H])([H])C([H])([H])C3([H])[H])C([H])([H])C([H])([H])C2([H])[H])C([H])([H])C2:C([H]):C([H]):C([H]):C([H]):C:2[H])C([H])([H])O[H])C([H])([H])C([H])([H])C1([H])[H])C([H])([H])C1:C([H]):C([H]):C([H]):C([H]):C:1[H].[H][O:77][H:151]>>[C:63](=[O:64])([C:65])[O:77][H:151],EVODEX-P24437
EVODEX-N9650,[H]N=C(N([H])[H])N([H])C([H])([H])C([H])([H])C([H])([H])[C@@]([H])(C(=O)O[H])N([H])C(=O)[C@@]([H])(N([H])C(=O)[C@@]1([H])N(C(=O)[C@@]([H])(N([H])C(=O)[C@@]([H])(N([H])C(=O)C([H])([H])N([H])C(=O)[C@@]2([H])N(C(=O)[C@@]3([H])N([C:63](=[O:64])[C:65])C([H])([H])C([H])([H])C3([H])[H])C([H])([H])C([H])([H])C2([H])[H])C([H])([H])C2:C([H]):C([H]):C([H]):C([H]):C:2[H])C([H])([H])O[H])C([H])([H])C([H])([H])C1([H])[H])C([H])([H])C1:C([H]):C([H]):C([H]):C([H]):C:1[H]>>[H]O[C:63](=[O:64])[C:65],EVODEX-P24438
EVODEX-N9651,[H]N([H])[C@]([H])(C(=O)[N:9]([C:10])[C:13])[C@@]([H])(C([H])([H])[H])C([H])([H])C([H])([H])[H]>>[H][N:9]([C:10])[C:13],EVODEX-P24441
EVODEX-N9652,[H]OC(=O)[C@]1([H])N(C(=O)[C@@]2([H])N([C:7]([C:5])=[O:8])C([H])([H])C([H])([H])C2([H])[H])C([H])([H])C([H])([H])C1([H])[H].[H][O:24][H:52]>>[C:5][C:7](=[O:8])[O:24][H:52],EVODEX-P24442
EVODEX-N9653,[H][O:24][H:52]>>[H]N([H])[C@]([H])(C(=O)[O:24][H:52])[C@@]([H])(C([H])([H])[H])C([H])([H])C([H])([H])[H],EVODEX-P24443
EVODEX-N9654,[H]OC(=O)[C@]1([H])N(C(=O)[C@@]2([H])N([C:7]([C:5])=[O:8])C([H])([H])C([H])([H])C2([H])[H])C([H])([H])C([H])([H])C1([H])[H]>>[H]O[C:7]([C:5])=[O:8],EVODEX-P24444
EVODEX-N9655,[H]OC(=O)C([H])([H])N([H])C(=O)C([H])([H])N([H])[C:7]([C:5])=[O:8].[H][O:18][H:38]>>[C:5][C:7](=[O:8])[O:18][H:38],"EVODEX-P24448,EVODEX-P24619"
EVODEX-N9656,[H]OC(=O)C([H])([H])N([H])C(=O)C([H])([H])N([H])[C:7]([C:5])=[O:8]>>[H]O[C:7]([C:5])=[O:8],"EVODEX-P24449,EVODEX-P24620"
EVODEX-N9657,[H]N([H])C([H])([H])C(=O)[N:5]([C:6])[H:26]>>[H][N:5]([C:6])[H:26],"EVODEX-P24452,EVODEX-P24599,EVODEX-P24608,EVODEX-P24613,EVODEX-P25919,EVODEX-P34805"
EVODEX-N9658,[H]OC(=O)[C@@]([H])(N([H])C(=O)C([H])([H])N([H])[C:3]([C:2])=[O:4])C([H])([H])C1:C([H]):C([H]):C([H]):C([H]):C:1[H].[H][O:21][H:39]>>[C:2][C:3](=[O:4])[O:21][H:39],"EVODEX-P24453,EVODEX-P24749"
EVODEX-N9659,[H][O:21][H:39]>>[H]N([H])C([H])([H])C(=O)[O:21][H:39],EVODEX-P24454
EVODEX-N9660,[H]OC(=O)[C@@]([H])(N([H])C(=O)C([H])([H])N([H])[C:3]([C:2])=[O:4])C([H])([H])C1:C([H]):C([H]):C([H]):C([H]):C:1[H]>>[H]O[C:3]([C:2])=[O:4],"EVODEX-P24455,EVODEX-P24750"
EVODEX-N9661,[H]OC(=O)[C@@]([H])(N([H])[C:8]([C:2])=[O:9])C([H])([H])C1:C([H]):N([H]):C2:C([H]):C([H]):C([H]):C([H]):C:1:2.[H][O:25][H:45]>>[C:2][C:8](=[O:9])[O:25][H:45],EVODEX-P24468
EVODEX-N9662,[H]OC(=O)[C@@]([H])(N([H])[C:8]([C:2])=[O:9])C([H])([H])C1:C([H]):N([H]):C2:C([H]):C([H]):C([H]):C([H]):C:1:2>>[H]O[C:8]([C:2])=[O:9],EVODEX-P24469
EVODEX-N9663,[H]OC(=O)C([H])([H])C([H])([H])[C@@]([H])(C(=O)[N:10]([C:11])[H:34])N([H])[H]>>[H][N:10]([C:11])[H:34],"EVODEX-P24470,EVODEX-P27847"
EVODEX-N9664,[H]C1:C([H]):C([H]):C(C([H])([H])[C@@]([H])(C(=O)N([H])[H])N([H])[C:13](=[O:14])[C:15]):C([H]):C:1[H].[H][O:21][H:39]>>[C:13](=[O:14])([C:15])[O:21][H:39],"EVODEX-P24474,EVODEX-P26728"
EVODEX-N9665,[H]C1:C([H]):C([H]):C(C([H])([H])[C@@]([H])(C(=O)N([H])[H])N([H])[C:13](=[O:14])[C:15]):C([H]):C:1[H]>>[H]O[C:13](=[O:14])[C:15],"EVODEX-P24475,EVODEX-P26729"
EVODEX-N9666,[H]N([H])[C@]([H])(C(=O)[N:9]([C:10])[H:88])C([H])([H])C([H])([H])SC([H])([H])[H]>>[H][N:9]([C:10])[H:88],"EVODEX-P24488,EVODEX-P24493,EVODEX-P24531,EVODEX-P24601"
EVODEX-N9667,[H]N=C(N([H])[H])N([H])C([H])([H])C([H])([H])C([H])([H])[C@@]([H])(C(=O)N([H])[C@]([H])(C(=O)N([H])[C@]([H])(C(=O)N([H])[C@]([H])(C(=O)O[H])C([H])([H])C1:C([H]):N([H]):C2:C([H]):C([H]):C([H]):C([H]):C:1:2)C([H])([H])C(=O)O[H])C([H])([H])C1:C([H]):N([H]):C2:C([H]):C([H]):C([H]):C([H]):C:1:2)N([H])C(=O)[C@@]([H])(N([H])C(=O)[C@@]([H])(N([H])C(=O)C([H])([H])N([H])[C:7]([C:5])=[O:8])C([H])([H])O[H])C([H])([H])C1([H])N=C([H])N=C1[H].[H][O:77][H:141]>>[C:5][C:7](=[O:8])[O:77][H:141],EVODEX-P24489
EVODEX-N9668,[H]N=C(N([H])[H])N([H])C([H])([H])C([H])([H])C([H])([H])[C@@]([H])(C(=O)N([H])[C@]([H])(C(=O)N([H])[C@]([H])(C(=O)N([H])[C@]([H])(C(=O)O[H])C([H])([H])C1:C([H]):N([H]):C2:C([H]):C([H]):C([H]):C([H]):C:1:2)C([H])([H])C(=O)O[H])C([H])([H])C1:C([H]):N([H]):C2:C([H]):C([H]):C([H]):C([H]):C:1:2)N([H])C(=O)[C@@]([H])(N([H])C(=O)[C@@]([H])(N([H])C(=O)C([H])([H])N([H])[C:7]([C:5])=[O:8])C([H])([H])O[H])C([H])([H])C1([H])N=C([H])N=C1[H]>>[H]O[C:7]([C:5])=[O:8],EVODEX-P24490
EVODEX-N9669,[H]N=C(N([H])[H])N([H])C([H])([H])C([H])([H])C([H])([H])[C@@]([H])(C(=O)N([H])[C@]([H])(C(=O)N([H])[C@]([H])(C(=O)N([H])[C@]([H])(C(=O)O[H])C([H])([H])C1:C([H]):N([H]):C2:C([H]):C([H]):C([H]):C([H]):C:1:2)C([H])([H])C(=O)O[H])C([H])([H])C1:C([H]):N([H]):C2:C([H]):C([H]):C([H]):C([H]):C:1:2)N([H])C(=O)[C@@]([H])(N([H])C(=O)[C@@]([H])(N([H])C(=O)[C@@]([H])(N([H])[C:7]([C:5])=[O:8])C([H])([H])[H])C([H])([H])O[H])C([H])([H])C1([H])N=C([H])N=C1[H].[H][O:78][H:144]>>[C:5][C:7](=[O:8])[O:78][H:144],EVODEX-P24494
EVODEX-N9670,[H]N=C(N([H])[H])N([H])C([H])([H])C([H])([H])C([H])([H])[C@@]([H])(C(=O)N([H])[C@]([H])(C(=O)N([H])[C@]([H])(C(=O)N([H])[C@]([H])(C(=O)O[H])C([H])([H])C1:C([H]):N([H]):C2:C([H]):C([H]):C([H]):C([H]):C:1:2)C([H])([H])C(=O)O[H])C([H])([H])C1:C([H]):N([H]):C2:C([H]):C([H]):C([H]):C([H]):C:1:2)N([H])C(=O)[C@@]([H])(N([H])C(=O)[C@@]([H])(N([H])C(=O)[C@@]([H])(N([H])[C:7]([C:5])=[O:8])C([H])([H])[H])C([H])([H])O[H])C([H])([H])C1([H])N=C([H])N=C1[H]>>[H]O[C:7]([C:5])=[O:8],EVODEX-P24495
EVODEX-N9671,[H]N([H])[C@@]([H])(C(=O)[N:6]([H:17])[H:18])C([H])([H])C([H])([H])[H]>>[H][N:6]([H:17])[H:18],EVODEX-P24498
EVODEX-N9672,[H][O:8][H:19]>>[H]N([H])[C@@]([H])(C(=O)[O:8][H:19])C([H])([H])C([H])([H])[H],EVODEX-P24500
EVODEX-N9673,[H]N([H])[C@@]([H])(C(=O)[N:5]([H:14])[H:15])C([H])([H])[H]>>[H][N:5]([H:14])[H:15],EVODEX-P24504
EVODEX-N9674,[H]C(=O)N([H])[C@]([H])(C(=O)[N:11]([C:12])[H:42])C([H])([H])C([H])([H])SC([H])([H])[H]>>[H][N:11]([C:12])[H:42],"EVODEX-P24509,EVODEX-P25076,EVODEX-P25081"
EVODEX-N9675,[H]OC(=O)[C@@]([H])(N([H])C(=O)[C@@]([H])(N([H])[C:9]([C:5])=[O:10])C([H])([H])C([H])(C([H])([H])[H])C([H])([H])[H])C([H])([H])C1:C([H]):C([H]):C([H]):C([H]):C:1[H].[H][O:31][H:63]>>[C:5][C:9](=[O:10])[O:31][H:63],EVODEX-P24510
EVODEX-N9676,[H][O:31][H:63]>>[H]C(=O)N([H])[C@]([H])(C(=O)[O:31][H:63])C([H])([H])C([H])([H])SC([H])([H])[H],EVODEX-P24511
EVODEX-N9677,[H]OC(=O)[C@@]([H])(N([H])C(=O)[C@@]([H])(N([H])[C:9]([C:5])=[O:10])C([H])([H])C([H])(C([H])([H])[H])C([H])([H])[H])C([H])([H])C1:C([H]):C([H]):C([H]):C([H]):C:1[H]>>[H]O[C:9]([C:5])=[O:10],EVODEX-P24512
EVODEX-N9678,[H]OC(=O)[C@@]([H])(N([H])C(=O)C([H])([H])N([H])C(=O)[C@@]([H])(N([H])[C:23](=[O:24])[C:25])C([H])([H])C1:C([H]):C([H]):C([H]):C([H]):C:1[H])C([H])([H])C([H])([H])C([H])([H])C([H])([H])N([H])[H].[H][O:33][H:67]>>[C:23](=[O:24])([C:25])[O:33][H:67],EVODEX-P24516
EVODEX-N9679,[H]OC(=O)[C@@]([H])(N([H])C(=O)C([H])([H])N([H])C(=O)[C@@]([H])(N([H])[C:23](=[O:24])[C:25])C([H])([H])C1:C([H]):C([H]):C([H]):C([H]):C:1[H])C([H])([H])C([H])([H])C([H])([H])C([H])([H])N([H])[H]>>[H]O[C:23](=[O:24])[C:25],EVODEX-P24517
EVODEX-N9680,[H]N=C(N([H])[H])N([H])C([H])([H])C([H])([H])C([H])([H])[C@@]([H])(C(=O)N([H])[C@]([H])(C(=O)[N:18]([C:9])[H:114])C([H])(C([H])([H])[H])C([H])([H])[H])N([H])C(=O)[C@@]([H])(N([H])[H])C([H])([H])C(=O)O[H]>>[H][N:18]([C:9])[H:114],EVODEX-P24520
EVODEX-N9681,[H]OC(=O)[C@@]([H])(N([H])C(=O)[C@@]([H])(N([H])C(=O)[C@@]([H])(N([H])C(=O)[C@@]1([H])N(C(=O)[C@@]([H])(N([H])C(=O)[C@@]([H])(N([H])C(=O)[C@@]([H])(N([H])[C:19](=[O:20])[C:21])C([H])([H])C2:C([H]):C([H]):C(O[H]):C([H]):C:2[H])[C@@]([H])(C([H])([H])[H])C([H])([H])C([H])([H])[H])C([H])([H])C2:C([H]):N:C([H]):N:2[H])C([H])([H])C([H])([H])C1([H])[H])C([H])([H])C1:C([H]):C([H]):C([H]):C([H]):C:1[H])C([H])([H])C1:C([H]):N:C([H]):N:1[H])C([H])([H])C([H])(C([H])([H])[H])C([H])([H])[H].[H][O:94][H:184]>>[C:19](=[O:20])([C:21])[O:94][H:184],EVODEX-P24521
EVODEX-N9682,[H][O:94][H:184]>>[H]N=C(N([H])[H])N([H])C([H])([H])C([H])([H])C([H])([H])[C@@]([H])(C(=O)N([H])[C@]([H])(C(=O)[O:94][H:184])C([H])(C([H])([H])[H])C([H])([H])[H])N([H])C(=O)[C@@]([H])(N([H])[H])C([H])([H])C(=O)O[H],EVODEX-P24522
EVODEX-N9683,[H]OC(=O)[C@@]([H])(N([H])C(=O)[C@@]([H])(N([H])C(=O)[C@@]([H])(N([H])C(=O)[C@@]1([H])N(C(=O)[C@@]([H])(N([H])C(=O)[C@@]([H])(N([H])C(=O)[C@@]([H])(N([H])[C:19](=[O:20])[C:21])C([H])([H])C2:C([H]):C([H]):C(O[H]):C([H]):C:2[H])[C@@]([H])(C([H])([H])[H])C([H])([H])C([H])([H])[H])C([H])([H])C2:C([H]):N:C([H]):N:2[H])C([H])([H])C([H])([H])C1([H])[H])C([H])([H])C1:C([H]):C([H]):C([H]):C([H]):C:1[H])C([H])([H])C1:C([H]):N:C([H]):N:1[H])C([H])([H])C([H])(C([H])([H])[H])C([H])([H])[H]>>[H]O[C:19](=[O:20])[C:21],EVODEX-P24523
EVODEX-N9684,[H]C1=C(C([H])([H])[H])C2:C([H]):C([H]):C(N([H])[C:7]([C:5])=[O:8]):C([H]):C:2OC1([H])[H].[H][O:21][H:42]>>[C:5][C:7](=[O:8])[O:21][H:42],"EVODEX-P24532,EVODEX-P26094,EVODEX-P26158,EVODEX-P26164"
EVODEX-N9685,[H]C1=C(C([H])([H])[H])C2:C([H]):C([H]):C(N([H])[C:7]([C:5])=[O:8]):C([H]):C:2OC1([H])[H]>>[H]O[C:7]([C:5])=[O:8],"EVODEX-P24533,EVODEX-P26096,EVODEX-P26160,EVODEX-P26166"
EVODEX-N9686,[H]OC(=O)[C@@]([H])(N([H])[C:7](=[O:8])[C:9])C([H])([H])C([H])([H])SC([H])([H])[H].[H][O:18][H:41]>>[C:7](=[O:8])([C:9])[O:18][H:41],"EVODEX-P24537,EVODEX-P25037,EVODEX-P27157"
EVODEX-N9687,[H]OC(=O)[C@@]([H])(N([H])[C:7](=[O:8])[C:9])C([H])([H])C([H])([H])SC([H])([H])[H]>>[H]O[C:7](=[O:8])[C:9],"EVODEX-P24538,EVODEX-P25038,EVODEX-P27158"
EVODEX-N9688,[H]OC(=O)[C@@]([H])(N([H])[C:7]([C:5])=[O:8])C([H])([H])C1:C([H]):C([H]):C([H]):C([H]):C:1[H].[H][O:21][H:44]>>[C:5][C:7](=[O:8])[O:21][H:44],"EVODEX-P24542,EVODEX-P24635,EVODEX-P24645,EVODEX-P24841,EVODEX-P24868,EVODEX-P24936,EVODEX-P24970,EVODEX-P25019,EVODEX-P25062,EVODEX-P25258,EVODEX-P27152,EVODEX-P28060"
EVODEX-N9689,[H]OC(=O)[C@@]([H])(N([H])[C:3](=[O:2])[C:4])C([H])([H])C1:C([H]):C([H]):C([H]):C([H]):C:1[H]>>[H]O[C:3](=[O:2])[C:4],"EVODEX-P24543,EVODEX-P24636,EVODEX-P24646,EVODEX-P24843,EVODEX-P24870,EVODEX-P24937,EVODEX-P24972,EVODEX-P25021,EVODEX-P25063,EVODEX-P25259,EVODEX-P27153,EVODEX-P28061"
EVODEX-N9690,[H]N=C(N([H])[H])N([H])C([H])([H])C([H])([H])C([H])([H])[C@@]([H])(C(=O)[O:12][H:42])N([H])[H]>>[H][O:12][H:42],EVODEX-P24546
EVODEX-N9691,[H][N:13]([C:14])[H:23].[H]O[C:10]([C:8])=[O:11]>>[C:8][C:10](=[O:11])[N:13]([C:14])[H:23],"EVODEX-P24547,EVODEX-P24706,EVODEX-P25152,EVODEX-P25877,EVODEX-P26664,EVODEX-P27060,EVODEX-P27135,EVODEX-P27235,EVODEX-P27247,EVODEX-P27267,EVODEX-P27277,EVODEX-P27742,EVODEX-P27747,EVODEX-P27944,EVODEX-P28069,EVODEX-P33282,EVODEX-P33334,EVODEX-P33349,EVODEX-P33365,EVODEX-P33383,EVODEX-P33403,EVODEX-P33411,EVODEX-P33420,EVODEX-P33472,EVODEX-P33487,EVODEX-P33506,EVODEX-P33521,EVODEX-P33535,EVODEX-P33601,EVODEX-P33629,EVODEX-P33670,EVODEX-P33682,EVODEX-P33718,EVODEX-P33737,EVODEX-P33751,EVODEX-P33768,EVODEX-P33802,EVODEX-P33829,EVODEX-P33841,EVODEX-P33855,EVODEX-P33868,EVODEX-P33894,EVODEX-P33931,EVODEX-P33964,EVODEX-P33987,EVODEX-P34026,EVODEX-P34048,EVODEX-P34052,EVODEX-P34071,EVODEX-P34080,EVODEX-P34101,EVODEX-P34111,EVODEX-P34128,EVODEX-P34159,EVODEX-P34168,EVODEX-P34186,EVODEX-P34217,EVODEX-P34233,EVODEX-P34248,EVODEX-P34279,EVODEX-P34289,EVODEX-P34309,EVODEX-P34324,EVODEX-P34354,EVODEX-P34370,EVODEX-P34387,EVODEX-P34395,EVODEX-P34418,EVODEX-P34429,EVODEX-P34443,EVODEX-P34496,EVODEX-P34513,EVODEX-P34530,EVODEX-P34546,EVODEX-P34560,EVODEX-P34579,EVODEX-P34596,EVODEX-P34613,EVODEX-P34765,EVODEX-P34779,EVODEX-P34843,EVODEX-P34904,EVODEX-P34918"
EVODEX-N9692,[H][N:13]([C:14])[H:23]>>[H]N=C(N([H])[H])N([H])C([H])([H])C([H])([H])C([H])([H])[C@@]([H])(C(=O)[N:13]([C:14])[H:23])N([H])[H],"EVODEX-P24549,EVODEX-P34430"
EVODEX-N9693,[H]N([H])[C@]([H])(C(=O)[N:6]([C:5])[H:40])C([H])(C([H])([H])[H])C([H])([H])[H]>>[H][N:6]([C:5])[H:40],EVODEX-P24552
EVODEX-N9694,[H]OC(=O)[C@@]([H])(N([H])C(=O)[C@@]([H])(N([H])[C:7](=[O:8])[C:9])[C@@]([H])(C([H])([H])[H])C([H])([H])C([H])([H])[H])C([H])([H])C1:C([H]):C([H]):C(O[H]):C([H]):C:1[H].[H][O:29][H:61]>>[C:7](=[O:8])([C:9])[O:29][H:61],EVODEX-P24553
EVODEX-N9695,[H]OC(=O)[C@@]([H])(N([H])C(=O)[C@@]([H])(N([H])[C:7](=[O:8])[C:9])[C@@]([H])(C([H])([H])[H])C([H])([H])C([H])([H])[H])C([H])([H])C1:C([H]):C([H]):C(O[H]):C([H]):C:1[H]>>[H]O[C:7](=[O:8])[C:9],EVODEX-P24554
EVODEX-N9696,[H]N([H])C([H])([H])C([H])([H])C(=O)[N:6]([C:7])[H:24]>>[H][N:6]([C:7])[H:24],"EVODEX-P24557,EVODEX-P24629"
EVODEX-N9697,[H]OC(=O)[C@@]([H])(N([H])[C:4]([C:3])=[O:5])C([H])([H])C1:C([H]):N:C([H]):N:1[H].[H][O:17][H:32]>>[C:3][C:4](=[O:5])[O:17][H:32],EVODEX-P24558
EVODEX-N9698,[H][O:17][H:32]>>[H]N([H])C([H])([H])C([H])([H])C(=O)[O:17][H:32],EVODEX-P24559
EVODEX-N9699,[H]OC(=O)[C@@]([H])(N([H])[C:4]([C:3])=[O:5])C([H])([H])C1:C([H]):N:C([H]):N:1[H]>>[H]O[C:4]([C:3])=[O:5],EVODEX-P24560
EVODEX-N9700,[H]N([H])[C@]([H])(C(=O)[N:9]([C:10])[C:13])C([H])([H])C([H])([H])SC([H])([H])[H]>>[H][N:9]([C:10])[C:13],EVODEX-P24563
EVODEX-N9701,[H]OC(=O)[C@@]([H])(N([H])C(=O)[C@@]1([H])N([C:7]([C:5])=[O:8])C([H])([H])C([H])([H])C1([H])[H])C([H])([H])[H].[H][O:22][H:46]>>[C:5][C:7](=[O:8])[O:22][H:46],EVODEX-P24564
EVODEX-N9702,[H]OC(=O)[C@@]([H])(N([H])C(=O)[C@@]1([H])N([C:7]([C:5])=[O:8])C([H])([H])C([H])([H])C1([H])[H])C([H])([H])[H]>>[H]O[C:7]([C:5])=[O:8],EVODEX-P24565
EVODEX-N9703,[H]OC1:C([H]):C([H]):C(C([H])([H])[C@@]([H])(C(=O)[N:8]([C:6])[H:34])N([H])[H]):C([H]):C:1[H]>>[H][N:8]([C:6])[H:34],EVODEX-P24568
EVODEX-N9704,[H]N([H])C([H])([H])C([H])([H])C([H])([H])C(=O)[N:9]([C:8])[H:31]>>[H][N:9]([C:8])[H:31],"EVODEX-P24573,EVODEX-P24578"
EVODEX-N9705,[H]N=C(N([H])[H])N([H])C([H])([H])C([H])([H])C([H])([H])[C@@]([H])(C(=O)O[H])N([H])[C:10](=[O:11])[C:12].[H][O:19][H:41]>>[C:10](=[O:11])([C:12])[O:19][H:41],"EVODEX-P24574,EVODEX-P24829,EVODEX-P24835,EVODEX-P24857,EVODEX-P24908,EVODEX-P24953,EVODEX-P24959,EVODEX-P24983,EVODEX-P25007"
EVODEX-N9706,[H]N=C(N([H])[H])N([H])C([H])([H])C([H])([H])C([H])([H])[C@@]([H])(C(=O)O[H])N([H])[C:10](=[O:11])[C:12]>>[H]O[C:10](=[O:11])[C:12],"EVODEX-P24575,EVODEX-P24831,EVODEX-P24837,EVODEX-P24858,EVODEX-P24910,EVODEX-P24955,EVODEX-P24961,EVODEX-P24985,EVODEX-P25009"
EVODEX-N9707,[H]OC(=O)[C@@]([H])(N([H])[C:8](=[O:9])[C:10])C([H])([H])C([H])([H])C([H])([H])C([H])([H])N([H])[H].[H][O:17][H:39]>>[C:8](=[O:9])([C:10])[O:17][H:39],"EVODEX-P24579,EVODEX-P24761,EVODEX-P24891,EVODEX-P25001"
EVODEX-N9708,[H]OC(=O)[C@@]([H])(N([H])[C:8](=[O:9])[C:10])C([H])([H])C([H])([H])C([H])([H])C([H])([H])N([H])[H]>>[H]O[C:8](=[O:9])[C:10],"EVODEX-P24580,EVODEX-P24762,EVODEX-P24893,EVODEX-P25003"
EVODEX-N9709,[H]OC(=O)C([H])([H])C([H])([H])[C@@]([H])(C(=O)O[H])N([H])[C:2]([C:1])=[O:3].[H][O:14][H:26]>>[C:1][C:2](=[O:3])[O:14][H:26],"EVODEX-P24583,EVODEX-P24897,EVODEX-P24903,EVODEX-P24989,EVODEX-P24995,EVODEX-P25025,EVODEX-P25086,EVODEX-P27487,EVODEX-P27492,EVODEX-P27628,EVODEX-P27850"
EVODEX-N9710,[H]OC(=O)C([H])([H])C([H])([H])[C@@]([H])(C(=O)O[H])N([H])[C:2]([C:1])=[O:3]>>[H]O[C:2]([C:1])=[O:3],"EVODEX-P24584,EVODEX-P24587,EVODEX-P24899,EVODEX-P24905,EVODEX-P24991,EVODEX-P24997,EVODEX-P25027,EVODEX-P25088,EVODEX-P27488,EVODEX-P27493,EVODEX-P27629,EVODEX-P27851,EVODEX-P34017"
EVODEX-N9711,[H]N([H])C([H])([H])C(=O)[N:5]([C:6])[C:9]>>[H][N:5]([C:6])[C:9],EVODEX-P24589
EVODEX-N9712,[H]OC(=O)[C@@]1([H])N([C:3]([C:2])=[O:4])C([H])([H])C([H])([H])C1([H])[H].[H][O:13][H:26]>>[C:2][C:3](=[O:4])[O:13][H:26],"EVODEX-P24590,EVODEX-P24595"
EVODEX-N9713,[H]OC(=O)[C@@]1([H])N([C:3]([C:2])=[O:4])C([H])([H])C([H])([H])C1([H])[H]>>[H]O[C:3]([C:2])=[O:4],"EVODEX-P24591,EVODEX-P24596"
EVODEX-N9714,[H]N([H])[C@]([H])(C(=O)[N:8]([C:9])[C:12])C([H])(C([H])([H])[H])C([H])([H])[H]>>[H][N:8]([C:9])[C:12],EVODEX-P24594
EVODEX-N9715,[H]OC(=O)[C@@]([H])(N([H])[C:3]([C:2])=[O:4])C([H])([H])C(=O)N([H])[H].[H][O:14][H:26]>>[C:2][C:3](=[O:4])[O:14][H:26],"EVODEX-P24614,EVODEX-P25042,EVODEX-P25407"
EVODEX-N9716,[H]OC(=O)[C@@]([H])(N([H])[C:3]([C:2])=[O:4])C([H])([H])C(=O)N([H])[H]>>[H]O[C:3]([C:2])=[O:4],"EVODEX-P24615,EVODEX-P25044,EVODEX-P25409"
EVODEX-N9717,[H]OC(=O)C([H])([H])C([H])([H])C([H])([H])[C@]([H])(O[H])[C@]([H])(SC([H])([H])[C@@]([H])(C(=O)[N:22]([C:23])[H:63])N([H])[H])/C([H])=C([H])/C([H])=C([H])/C([H])=C(/[H])C([H])([H])/C([H])=C(/[H])C([H])([H])C([H])([H])C([H])([H])C([H])([H])C([H])([H])[H]>>[H][N:22]([C:23])[H:63],EVODEX-P24623
EVODEX-N9718,[H][O:35][H:76]>>[H]OC(=O)C([H])([H])C([H])([H])C([H])([H])[C@]([H])(O[H])[C@]([H])(SC([H])([H])[C@@]([H])(C(=O)[O:35][H:76])N([H])[H])/C([H])=C([H])/C([H])=C([H])/C([H])=C(/[H])C([H])([H])/C([H])=C(/[H])C([H])([H])C([H])([H])C([H])([H])C([H])([H])C([H])([H])[H],EVODEX-P24625
EVODEX-N9719,[H]OC(=O)[C@@]([H])(N([H])[C:10](=[O:11])[C:12])C([H])([H])C1:C([H]):N:C([H]):N:1C([H])([H])[H].[H][O:18][H:35]>>[C:10](=[O:11])([C:12])[O:18][H:35],EVODEX-P24630
EVODEX-N9720,[H]OC(=O)[C@@]([H])(N([H])[C:10](=[O:11])[C:12])C([H])([H])C1:C([H]):N:C([H]):N:1C([H])([H])[H]>>[H]O[C:10](=[O:11])[C:12],EVODEX-P24631
EVODEX-N9721,[H]OC(=O)[C@@]([H])(N([H])[C:6](=[O:7])[C:8])C([H])(C([H])([H])[H])C([H])([H])[H].[H][O:17][H:34]>>[C:6](=[O:7])([C:8])[O:17][H:34],EVODEX-P24640
EVODEX-N9722,[H]OC(=O)[C@@]([H])(N([H])[C:6](=[O:7])[C:8])C([H])(C([H])([H])[H])C([H])([H])[H]>>[H]O[C:6](=[O:7])[C:8],EVODEX-P24641
EVODEX-N9723,[H][O:24][H:42]>>[H]C1:C([H]):C([H]):C(C([H])([H])SC([H])([H])[C@@]([H])(C(=O)[O:24][H:42])N([H])[H]):C([H]):C:1[H],EVODEX-P24650
EVODEX-N9724,[H]C1:C([H]):C([H]):C(C([H])([H])SC([H])([H])[C@@]([H])(C(=O)[N:14]([C:15])[H:37])N([H])[H]):C([H]):C:1[H]>>[H][N:14]([C:15])[H:37],EVODEX-P24652
EVODEX-N9725,[H]OC1:C([H]):C([H]):C(C([H])([H])[C@@]([H])(C(=O)N([H])C([H])([H])C(=O)[N:21]([C:20])[H:64])N([H])[H]):C([H]):C:1[H]>>[H][N:21]([C:20])[H:64],EVODEX-P24655
EVODEX-N9726,[H]OC(=O)[C@@]([H])(N([H])C(=O)[C@@]([H])(N([H])C(=O)C([H])([H])N([H])[C:22](=[O:23])[C:24])C([H])([H])C1:C([H]):C([H]):C([H]):C([H]):C:1[H])C([H])([H])C([H])(C([H])([H])[H])C([H])([H])[H].[H][O:41][H:79]>>[C:22](=[O:23])([C:24])[O:41][H:79],EVODEX-P24656
EVODEX-N9727,[H][O:41][H:79]>>[H]OC1:C([H]):C([H]):C(C([H])([H])[C@@]([H])(C(=O)N([H])C([H])([H])C(=O)[O:41][H:79])N([H])[H]):C([H]):C:1[H],EVODEX-P24657
EVODEX-N9728,[H]OC(=O)[C@@]([H])(N([H])C(=O)[C@@]([H])(N([H])C(=O)C([H])([H])N([H])[C:22](=[O:23])[C:24])C([H])([H])C1:C([H]):C([H]):C([H]):C([H]):C:1[H])C([H])([H])C([H])(C([H])([H])[H])C([H])([H])[H]>>[H]O[C:22](=[O:23])[C:24],EVODEX-P24658
EVODEX-N9729,[H]N=C(N([H])[H])N([H])C([H])([H])C([H])([H])C([H])([H])[C@@]([H])(C(=O)[N:6]([C:5])[H:34])N([H])C(=O)C([H])([H])N([H])[H]>>[H][N:6]([C:5])[H:34],EVODEX-P24661
EVODEX-N9730,[H]C1:C([H]):C([H]):C2:C(OC([H])([H])[H]):C([H]):C(N([H])[C:7](=[O:8])[C:9]):C([H]):C:2:C:1[H].[H][O:29][H:56]>>[C:7](=[O:8])([C:9])[O:29][H:56],EVODEX-P24662
EVODEX-N9731,[H][O:29][H:56]>>[H]N=C(N([H])[H])N([H])C([H])([H])C([H])([H])C([H])([H])[C@@]([H])(C(=O)[O:29][H:56])N([H])C(=O)C([H])([H])N([H])[H],EVODEX-P24663
EVODEX-N9732,[H]C1:C([H]):C([H]):C2:C(OC([H])([H])[H]):C([H]):C(N([H])[C:7](=[O:8])[C:9]):C([H]):C:2:C:1[H]>>[H]O[C:7](=[O:8])[C:9],EVODEX-P24664
EVODEX-N9733,[H]OC(=O)[C@@]1([H])N(C(=O)[C@@]([H])(N([H])[C:17]([C:16])=[O:18])C([H])([H])C([H])([H])C([H])([H])C([H])([H])N([H])[H])C([H])([H])C([H])([H])C1([H])[H].[H][O:36][H:77]>>[C:16][C:17](=[O:18])[O:36][H:77],EVODEX-P24667
EVODEX-N9734,[H][O:36][H:77]>>[H]N=C(N([H])[H])N([H])C([H])([H])C([H])([H])C([H])([H])[C@@]([H])(C(=O)N1C([H])([H])C([H])([H])C([H])([H])[C@@]1([H])C(=O)[O:36][H:77])N([H])[H],EVODEX-P24668
EVODEX-N9735,[H]OC(=O)[C@@]1([H])N(C(=O)[C@@]([H])(N([H])[C:17]([C:16])=[O:18])C([H])([H])C([H])([H])C([H])([H])C([H])([H])N([H])[H])C([H])([H])C([H])([H])C1([H])[H]>>[H]O[C:17]([C:16])=[O:18],EVODEX-P24669
EVODEX-N9736,[H]N=C(N([H])[H])N([H])C([H])([H])C([H])([H])C([H])([H])[C@@]([H])(C(=O)N1C([H])([H])C([H])([H])C([H])([H])[C@@]1([H])C(=O)[N:19]([C:20])[H:57])N([H])[H]>>[H][N:19]([C:20])[H:57],"EVODEX-P24670,EVODEX-P24734"
EVODEX-N9737,[H][O:23][H:43]>>[H]N([H])C([H])([H])C(=O)N1C([H])([H])C([H])([H])C([H])([H])[C@@]1([H])C(=O)[O:23][H:43],EVODEX-P24674
EVODEX-N9738,[H]N([H])C([H])([H])C(=O)N1C([H])([H])C([H])([H])C([H])([H])[C@@]1([H])C(=O)[N:12]([C:13])[H:35]>>[H][N:12]([C:13])[H:35],"EVODEX-P24676,EVODEX-P24697"
EVODEX-N9739,[H]N=C(N([H])[H])N([H])C([H])([H])C([H])([H])C([H])([H])[C@@]([H])(C(=O)N([H])[C@]([H])(C(=O)N([H])[C@]([H])(C(=O)N([H])[C@]([H])(C(=O)[N:47]([C:48])[H:124])[C@@]([H])(C([H])([H])[H])C([H])([H])C([H])([H])[H])C([H])([H])C1:C([H]):C([H]):C(O[H]):C([H]):C:1[H])C([H])(C([H])([H])[H])C([H])([H])[H])N([H])C(=O)[C@@]([H])(N([H])[H])C([H])([H])C(=O)O[H]>>[H][N:47]([C:48])[H:124],EVODEX-P24679
EVODEX-N9740,[H]OC(=O)[C@@]([H])(N([H])C(=O)[C@@]1([H])N(C(=O)[C@@]([H])(N([H])[C:45]([C:5])=[O:46])C([H])([H])C2:C([H]):N:C([H]):N:2[H])C([H])([H])C([H])([H])C1([H])[H])C([H])([H])C1:C([H]):C([H]):C([H]):C([H]):C:1[H].[H][O:76][H:148]>>[C:5][C:45](=[O:46])[O:76][H:148],EVODEX-P24680
EVODEX-N9741,[H][O:76][H:148]>>[H]N=C(N([H])[H])N([H])C([H])([H])C([H])([H])C([H])([H])[C@@]([H])(C(=O)N([H])[C@]([H])(C(=O)N([H])[C@]([H])(C(=O)N([H])[C@]([H])(C(=O)[O:76][H:148])[C@@]([H])(C([H])([H])[H])C([H])([H])C([H])([H])[H])C([H])([H])C1:C([H]):C([H]):C(O[H]):C([H]):C:1[H])C([H])(C([H])([H])[H])C([H])([H])[H])N([H])C(=O)[C@@]([H])(N([H])[H])C([H])([H])C(=O)O[H],EVODEX-P24681
EVODEX-N9742,[H]OC(=O)[C@@]([H])(N([H])C(=O)[C@@]1([H])N(C(=O)[C@@]([H])(N([H])[C:45]([C:5])=[O:46])C([H])([H])C2:C([H]):N:C([H]):N:2[H])C([H])([H])C([H])([H])C1([H])[H])C([H])([H])C1:C([H]):C([H]):C([H]):C([H]):C:1[H]>>[H]O[C:45]([C:5])=[O:46],EVODEX-P24682
EVODEX-N9743,[H]N([H])[C@]([H])(C(=O)N([H])[C@]([H])(C(=O)[N:11]([C:12])[H:34])C([H])([H])[H])C([H])([H])[H]>>[H][N:11]([C:12])[H:34],EVODEX-P24685
EVODEX-N9744,[H][O:22][H:42]>>[H]N([H])[C@]([H])(C(=O)N([H])[C@]([H])(C(=O)[O:22][H:42])C([H])([H])[H])C([H])([H])[H],EVODEX-P24687
EVODEX-N9745,[H]C1:C([H]):C([H]):C(C([H])([H])[C@@]([H])(C(=O)N2C([H])([H])C([H])([H])C([H])([H])[C@@]2([H])C(=O)[N:10]([C:9])[H:38])N([H])[H]):C([H]):C:1[H]>>[H][N:10]([C:9])[H:38],EVODEX-P24691
EVODEX-N9746,[H][O:32][H:58]>>[H]C1:C([H]):C([H]):C(C([H])([H])[C@@]([H])(C(=O)N2C([H])([H])C([H])([H])C([H])([H])[C@@]2([H])C(=O)[O:32][H:58])N([H])[H]):C([H]):C:1[H],EVODEX-P24693
EVODEX-N9747,[H]N(C(=O)[C@@]([H])(N([H])[H])C([H])([H])[H])C([H])([H])C(=O)[N:10]([C:11])[H:30]>>[H][N:10]([C:11])[H:30],EVODEX-P24702
EVODEX-N9748,[H][O:20][H:39]>>[H]N(C(=O)[C@@]([H])(N([H])[H])C([H])([H])[H])C([H])([H])C(=O)[O:20][H:39],EVODEX-P24703
EVODEX-N9749,[H]N(C(=O)[C@@]([H])(N([H])[H])C([H])([H])[H])C([H])([H])C(=O)[O:10][H:40]>>[H][O:10][H:40],EVODEX-P24705
EVODEX-N9750,[H]N=C(N([H])[H])N([H])C([H])([H])C([H])([H])C([H])([H])[C@@]([H])(C(=O)N([H])[C@]([H])(C(=O)N([H])[C@]([H])(C(=O)[N:10]([C:9])[H:47])C([H])([H])C1:C([H]):C([H]):C([H]):C([H]):C:1[H])C([H])([H])[H])N([H])[H]>>[H][N:10]([C:9])[H:47],EVODEX-P24708
EVODEX-N9751,[H][O:41][H:77]>>[H]N=C(N([H])[H])N([H])C([H])([H])C([H])([H])C([H])([H])[C@@]([H])(C(=O)N([H])[C@]([H])(C(=O)N([H])[C@]([H])(C(=O)[O:41][H:77])C([H])([H])C1:C([H]):C([H]):C([H]):C([H]):C:1[H])C([H])([H])[H])N([H])[H],EVODEX-P24710
EVODEX-N9752,[H]C1:C([H]):C([H]):C(C([H])([H])[C@@]([H])(C(=O)[N:10]([C:9])[H:41])N([H])C(=O)[C@@]([H])(N([H])C(=O)[C@@]([H])(N([H])[H])C([H])([H])[H])C([H])([H])[H]):C([H]):C:1[H]>>[H][N:10]([C:9])[H:41],EVODEX-P24714
EVODEX-N9753,[H][O:35][H:64]>>[H]C1:C([H]):C([H]):C(C([H])([H])[C@@]([H])(C(=O)[O:35][H:64])N([H])C(=O)[C@@]([H])(N([H])C(=O)[C@@]([H])(N([H])[H])C([H])([H])[H])C([H])([H])[H]):C([H]):C:1[H],EVODEX-P24716
EVODEX-N9754,[H]N=C(N([H])[H])N([H])C([H])([H])C([H])([H])C([H])([H])[C@@]([H])(C(=O)N([H])[C@]([H])(C(=O)N([H])[C@]([H])(C(=O)[N:15]([C:8])[H:66])C([H])([H])[H])C([H])([H])C([H])([H])C([H])([H])N([H])C(=N[H])N([H])[H])N([H])[H]>>[H][N:15]([C:8])[H:66],EVODEX-P24720
EVODEX-N9755,[H]OC(=O)[C@@]([H])(N([H])C(=O)[C@@]([H])(N([H])C(=O)[C@@]([H])(N([H])[C:16](=[O:17])[C:18])C([H])([H])OP(=O)(O[H])O[H])C([H])(C([H])([H])[H])C([H])([H])[H])C([H])([H])[H].[H][O:51][H:103]>>[C:16](=[O:17])([C:18])[O:51][H:103],EVODEX-P24721
EVODEX-N9756,[H][O:51][H:103]>>[H]N=C(N([H])[H])N([H])C([H])([H])C([H])([H])C([H])([H])[C@@]([H])(C(=O)N([H])[C@]([H])(C(=O)N([H])[C@]([H])(C(=O)[O:51][H:103])C([H])([H])[H])C([H])([H])C([H])([H])C([H])([H])N([H])C(=N[H])N([H])[H])N([H])[H],EVODEX-P24722
EVODEX-N9757,[H]OC(=O)[C@@]([H])(N([H])C(=O)[C@@]([H])(N([H])C(=O)[C@@]([H])(N([H])[C:16](=[O:17])[C:18])C([H])([H])OP(=O)(O[H])O[H])C([H])(C([H])([H])[H])C([H])([H])[H])C([H])([H])[H]>>[H]O[C:16](=[O:17])[C:18],EVODEX-P24723
EVODEX-N9758,[H]C1:C([H]):C([H]):C(C([H])([H])[C@@]([H])(C(=O)N2C([H])([H])C([H])([H])C([H])([H])[C@@]2([H])C(=O)[N:24]([C:25])[H:57])N([H])C(=O)[C@@]([H])(N([H])[H])C([H])([H])[H]):C([H]):C:1[H]>>[H][N:24]([C:25])[H:57],EVODEX-P24726
EVODEX-N9759,[H][O:34][H:62]>>[H]C1:C([H]):C([H]):C(C([H])([H])[C@@]([H])(C(=O)N2C([H])([H])C([H])([H])C([H])([H])[C@@]2([H])C(=O)[O:34][H:62])N([H])C(=O)[C@@]([H])(N([H])[H])C([H])([H])[H]):C([H]):C:1[H],EVODEX-P24728
EVODEX-N9760,[H]N([H])[C@]([H])(C(=O)N1C([H])([H])C([H])([H])C([H])([H])[C@@]1([H])C(=O)[N:13]([C:14])[H:37])C([H])([H])[H]>>[H][N:13]([C:14])[H:37],EVODEX-P24737
EVODEX-N9761,[H][O:23][H:42]>>[H]N([H])[C@]([H])(C(=O)N1C([H])([H])C([H])([H])C([H])([H])[C@@]1([H])C(=O)[O:23][H:42])C([H])([H])[H],EVODEX-P24739
EVODEX-N9762,[H]N=C(N([H])[H])N([H])C([H])([H])C([H])([H])C([H])([H])[C@@]([H])(C(=O)N1C([H])([H])C([H])([H])C([H])([H])[C@@]1([H])C(=O)N1C([H])([H])C([H])([H])C([H])([H])[C@@]1([H])C(=O)[N:48]([C:47])[H:122])N([H])[H]>>[H][N:48]([C:47])[H:122],"EVODEX-P24743,EVODEX-P24751"
EVODEX-N9763,[H]N=C(N([H])[H])N([H])C([H])([H])C([H])([H])C([H])([H])[C@@]([H])(C(=O)O[H])N([H])C(=O)[C@@]([H])(N([H])C(=O)[C@@]1([H])N(C(=O)[C@@]([H])(N([H])C(=O)[C@@]([H])(N([H])C(=O)C([H])([H])N([H])[C:49](=[O:50])[C:51])C([H])([H])C2:C([H]):C([H]):C([H]):C([H]):C:2[H])C([H])([H])O[H])C([H])([H])C([H])([H])C1([H])[H])C([H])([H])C1:C([H]):C([H]):C([H]):C([H]):C:1[H].[H][O:77][H:151]>>[C:49](=[O:50])([C:51])[O:77][H:151],EVODEX-P24744
EVODEX-N9764,[H][O:77][H:151]>>[H]N=C(N([H])[H])N([H])C([H])([H])C([H])([H])C([H])([H])[C@@]([H])(C(=O)N1C([H])([H])C([H])([H])C([H])([H])[C@@]1([H])C(=O)N1C([H])([H])C([H])([H])C([H])([H])[C@@]1([H])C(=O)[O:77][H:151])N([H])[H],EVODEX-P24745
EVODEX-N9765,[H]N=C(N([H])[H])N([H])C([H])([H])C([H])([H])C([H])([H])[C@@]([H])(C(=O)O[H])N([H])C(=O)[C@@]([H])(N([H])C(=O)[C@@]1([H])N(C(=O)[C@@]([H])(N([H])C(=O)[C@@]([H])(N([H])C(=O)C([H])([H])N([H])[C:49](=[O:50])[C:51])C([H])([H])C2:C([H]):C([H]):C([H]):C([H]):C:2[H])C([H])([H])O[H])C([H])([H])C([H])([H])C1([H])[H])C([H])([H])C1:C([H]):C([H]):C([H]):C([H]):C:1[H]>>[H]O[C:49](=[O:50])[C:51],EVODEX-P24746
EVODEX-N9766,[H]OC(=O)[C@]([H])(N([H])C(=O)[C@@]([H])(N([H])[H])C([H])([H])[H])C([H])([H])C([H])([H])C(=O)[N:12]([C:13])[H:48]>>[H][N:12]([C:13])[H:48],"EVODEX-P24754,EVODEX-P24760"
EVODEX-N9767,[H]OC(=O)[C@]([H])(N([H])C(=O)[C@]([H])(N([H])C(=O)[C@@]([H])(N([H])[C:10]([C:9])=[O:11])C([H])([H])C([H])([H])C([H])([H])C([H])([H])N([H])[H])C([H])([H])[H])C([H])([H])[H].[H][O:35][H:72]>>[C:9][C:10](=[O:11])[O:35][H:72],EVODEX-P24755
EVODEX-N9768,[H][O:35][H:72]>>[H]OC(=O)[C@]([H])(N([H])C(=O)[C@@]([H])(N([H])[H])C([H])([H])[H])C([H])([H])C([H])([H])C(=O)[O:35][H:72],EVODEX-P24756
EVODEX-N9769,[H]OC(=O)[C@]([H])(N([H])C(=O)[C@]([H])(N([H])C(=O)[C@@]([H])(N([H])[C:10]([C:9])=[O:11])C([H])([H])C([H])([H])C([H])([H])C([H])([H])N([H])[H])C([H])([H])[H])C([H])([H])[H]>>[H]O[C:10]([C:9])=[O:11],EVODEX-P24757
EVODEX-N9770,[H]N=C(N([H])[H])N([H])C([H])([H])C([H])([H])C([H])([H])[C@@]([H])(C(=O)N([H])[C@]([H])(C(=O)N([H])[C@]([H])(C(=O)N([H])[C@]([H])(C(=O)N([H])[C@]([H])(C(=O)N1C([H])([H])C([H])([H])C([H])([H])[C@@]1([H])C(=O)N([H])[C@]([H])(C(=O)[N:75]([C:76])[H:165])C([H])([H])C1:C([H]):C([H]):C([H]):C([H]):C:1[H])C([H])([H])C1:C([H]):N:C([H]):N:1[H])[C@@]([H])(C([H])([H])[H])C([H])([H])C([H])([H])[H])C([H])([H])C1:C([H]):C([H]):C(O[H]):C([H]):C:1[H])C([H])(C([H])([H])[H])C([H])([H])[H])N([H])C(=O)[C@@]([H])(N([H])[H])C([H])([H])C(=O)O[H]>>[H][N:75]([C:76])[H:165],EVODEX-P24765
EVODEX-N9771,[H]OC(=O)[C@@]([H])(N([H])C(=O)[C@@]([H])(N([H])[C:73]([C:65])=[O:74])C([H])([H])C1:C([H]):N:C([H]):N:1[H])C([H])([H])C([H])(C([H])([H])[H])C([H])([H])[H].[H][O:94][H:184]>>[C:65][C:73](=[O:74])[O:94][H:184],"EVODEX-P24766,EVODEX-P24805"
EVODEX-N9772,[H][O:94][H:184]>>[H]N=C(N([H])[H])N([H])C([H])([H])C([H])([H])C([H])([H])[C@@]([H])(C(=O)N([H])[C@]([H])(C(=O)N([H])[C@]([H])(C(=O)N([H])[C@]([H])(C(=O)N([H])[C@]([H])(C(=O)N1C([H])([H])C([H])([H])C([H])([H])[C@@]1([H])C(=O)N([H])[C@]([H])(C(=O)[O:94][H:184])C([H])([H])C1:C([H]):C([H]):C([H]):C([H]):C:1[H])C([H])([H])C1:C([H]):N:C([H]):N:1[H])[C@@]([H])(C([H])([H])[H])C([H])([H])C([H])([H])[H])C([H])([H])C1:C([H]):C([H]):C(O[H]):C([H]):C:1[H])C([H])(C([H])([H])[H])C([H])([H])[H])N([H])C(=O)[C@@]([H])(N([H])[H])C([H])([H])C(=O)O[H],EVODEX-P24767
EVODEX-N9773,[H]OC(=O)[C@@]([H])(N([H])C(=O)[C@@]([H])(N([H])[C:73]([C:65])=[O:74])C([H])([H])C1:C([H]):N:C([H]):N:1[H])C([H])([H])C([H])(C([H])([H])[H])C([H])([H])[H]>>[H]O[C:73]([C:65])=[O:74],"EVODEX-P24768,EVODEX-P24807"
EVODEX-N9774,[N:20][C:21](=[O:22])[C:23].[N:33][C:34](=[O:35])[C:36].[H][O:77][H:152].[H][O:78][H:154]>>[C:21](=[O:22])([C:23])[O:78][H:154].[H][N:33].[C:34](=[O:35])([C:36])[O:77][H:152].[H][N:20],"EVODEX-P24770,EVODEX-P26244,EVODEX-P26324,EVODEX-P26370"
EVODEX-N9775,[H]N=C(N([H])[H])N([H])C([H])([H])C([H])([H])C([H])([H])[C@@]([H])(C(=O)O[H])N([H])C(=O)[C@@]([H])(N([H])[C:21](=[O:22])[C:23])C([H])([H])C1:C([H]):C([H]):C([H]):C([H]):C:1[H].[N:33][C:34](=[O:35])[C:36].[H][O:77][H:152].[H][O:78][H:154]>>[C:21](=[O:22])([C:23])[O:78][H:154].[H][N:33].[C:34](=[O:35])([C:36])[O:77][H:152],EVODEX-P24771
EVODEX-N9776,[H][O:77][H:152]>>[H]N=C(N([H])[H])N([H])C([H])([H])C([H])([H])C([H])([H])[C@@]([H])(C(=O)N1C([H])([H])C([H])([H])C([H])([H])[C@@]1([H])C(=O)N1C([H])([H])C([H])([H])C([H])([H])[C@@]1([H])C(=O)N([H])C([H])([H])C(=O)N([H])[C@]([H])(C(=O)[O:77][H:152])C([H])([H])C1:C([H]):C([H]):C([H]):C([H]):C:1[H])N([H])[H],EVODEX-P24772
EVODEX-N9777,[H]N=C(N([H])[H])N([H])C([H])([H])C([H])([H])C([H])([H])[C@@]([H])(C(=O)N1C([H])([H])C([H])([H])C([H])([H])[C@@]1([H])C(=O)N1C([H])([H])C([H])([H])C([H])([H])[C@@]1([H])C(=O)N([H])C([H])([H])C(=O)N([H])[C@]([H])(C(=O)[N:33]([C:30])[H:111])C([H])([H])C1:C([H]):C([H]):C([H]):C([H]):C:1[H])N([H])[H].[H]N=C(N([H])[H])N([H])C([H])([H])C([H])([H])C([H])([H])[C@@]([H])(C(=O)O[H])N([H])C(=O)[C@@]([H])(N([H])[C:21](=[O:22])[C:23])C([H])([H])C1:C([H]):C([H]):C([H]):C([H]):C:1[H].[H][O:78][H:154]>>[C:21](=[O:22])([C:23])[O:78][H:154].[H][N:33]([C:30])[H:111],EVODEX-P24773
EVODEX-N9778,[H]N=C(N([H])[H])N([H])C([H])([H])C([H])([H])C([H])([H])[C@@]([H])(C(=O)N1C([H])([H])C([H])([H])C([H])([H])[C@@]1([H])C(=O)N1C([H])([H])C([H])([H])C([H])([H])[C@@]1([H])C(=O)N([H])C([H])([H])C(=O)N([H])[C@]([H])(C(=O)[N:33]([C:30])[H:111])C([H])([H])C1:C([H]):C([H]):C([H]):C([H]):C:1[H])N([H])[H].[H]N=C(N([H])[H])N([H])C([H])([H])C([H])([H])C([H])([H])[C@@]([H])(C(=O)O[H])N([H])C(=O)[C@@]([H])(N([H])[C:21](=[O:22])[C:23])C([H])([H])C1:C([H]):C([H]):C([H]):C([H]):C:1[H]>>[H]O[C:21](=[O:22])[C:23].[H][N:33]([C:30])[H:111],EVODEX-P24774
EVODEX-N9779,[H]N=C(N([H])[H])N([H])C([H])([H])C([H])([H])C([H])([H])[C@@]([H])(C(=O)O[H])N([H])C(=O)[C@@]([H])(N([H])[C:21](=[O:22])[C:23])C([H])([H])C1:C([H]):C([H]):C([H]):C([H]):C:1[H]>>[H].[H]O[C:21](=[O:22])[C:23].[H]O,EVODEX-P24776
EVODEX-N9780,[H]N=C(N([H])[H])N([H])C([H])([H])C([H])([H])C([H])([H])[C@@]([H])(C(=O)N1C([H])([H])C([H])([H])C([H])([H])[C@@]1([H])C(=O)N1C([H])([H])C([H])([H])C([H])([H])[C@@]1([H])C(=O)N([H])C([H])([H])C(=O)N([H])[C@]([H])(C(=O)N([H])[C@]([H])(C(=O)N1C([H])([H])C([H])([H])C([H])([H])[C@@]1([H])C(=O)[N:20]([C:12])[H:99])C([H])([H])O[H])C([H])([H])C1:C([H]):C([H]):C([H]):C([H]):C:1[H])N([H])[H]>>[H][N:20]([C:12])[H:99],EVODEX-P24777
EVODEX-N9781,[H]N=C(N([H])[H])N([H])C([H])([H])C([H])([H])C([H])([H])[C@@]([H])(C(=O)N1C([H])([H])C([H])([H])C([H])([H])[C@@]1([H])C(=O)N1C([H])([H])C([H])([H])C([H])([H])[C@@]1([H])C(=O)N([H])C([H])([H])C(=O)N([H])[C@]([H])(C(=O)[N:33]([C:30])[H:111])C([H])([H])C1:C([H]):C([H]):C([H]):C([H]):C:1[H])N([H])[H].[N:20][C:21](=[O:22])[C:23].[H][O:78][H:154]>>[C:21](=[O:22])([C:23])[O:78][H:154].[H][N:33]([C:30])[H:111].[H][N:20],EVODEX-P24778
EVODEX-N9782,[H]N=C(N([H])[H])N([H])C([H])([H])C([H])([H])C([H])([H])[C@@]([H])(C(=O)N1C([H])([H])C([H])([H])C([H])([H])[C@@]1([H])C(=O)N1C([H])([H])C([H])([H])C([H])([H])[C@@]1([H])C(=O)N([H])C([H])([H])C(=O)N([H])[C@]([H])(C(=O)[N:33]([C:30])[H:111])C([H])([H])C1:C([H]):C([H]):C([H]):C([H]):C:1[H])N([H])[H]>>[H]O.[H][N:33]([C:30])[H:111].[H],EVODEX-P24779
EVODEX-N9783,[H]OC([H])([H])[C@@]([H])(C(=O)N1C([H])([H])C([H])([H])C([H])([H])[C@@]1([H])C(=O)[N:20]([C:12])[H:99])N([H])[C:34](=[O:35])[C:36]>>[H]O[C:34](=[O:35])[C:36].[H][N:20]([C:12])[H:99],EVODEX-P24780
EVODEX-N9784,[H][O:77][H:152].[H][O:78][H:154]>>[H]OC([H])([H])[C@@]([H])(C(=O)N1C([H])([H])C([H])([H])C([H])([H])[C@@]1([H])C(=O)[O:78][H:154])N([H])[H].[H]N=C(N([H])[H])N([H])C([H])([H])C([H])([H])C([H])([H])[C@@]([H])(C(=O)N1C([H])([H])C([H])([H])C([H])([H])[C@@]1([H])C(=O)N1C([H])([H])C([H])([H])C([H])([H])[C@@]1([H])C(=O)N([H])C([H])([H])C(=O)N([H])[C@]([H])(C(=O)[O:77][H:152])C([H])([H])C1:C([H]):C([H]):C([H]):C([H]):C:1[H])N([H])[H],EVODEX-P24781
EVODEX-N9785,[H]N=C(N([H])[H])N([H])C([H])([H])C([H])([H])C([H])([H])[C@@]([H])(C(=O)O[H])N([H])C(=O)[C@@]([H])(N([H])C(=O)[C@@]1([H])N(C(=O)[C@@]([H])(N([H])[C:34](=[O:35])[C:36])C([H])([H])O[H])C([H])([H])C([H])([H])C1([H])[H])C([H])([H])C1:C([H]):C([H]):C([H]):C([H]):C:1[H]>>[H]O[C:34](=[O:35])[C:36],EVODEX-P24782
EVODEX-N9786,[H]OC([H])([H])[C@@]([H])(C(=O)N1C([H])([H])C([H])([H])C([H])([H])[C@@]1([H])C(=O)[N:20]([C:12])[H:99])N([H])[C:34](=[O:35])[C:36].[H][O:77][H:152]>>[C:34](=[O:35])([C:36])[O:77][H:152].[H][N:20]([C:12])[H:99],EVODEX-P24783
EVODEX-N9787,[H][O:78][H:154]>>[H]OC([H])([H])[C@@]([H])(C(=O)N1C([H])([H])C([H])([H])C([H])([H])[C@@]1([H])C(=O)[O:78][H:154])N([H])[H],EVODEX-P24784
EVODEX-N9788,[H]N=C(N([H])[H])N([H])C([H])([H])C([H])([H])C([H])([H])[C@@]([H])(C(=O)O[H])N([H])C(=O)[C@@]([H])(N([H])C(=O)[C@@]1([H])N(C(=O)[C@@]([H])(N([H])[C:34](=[O:35])[C:36])C([H])([H])O[H])C([H])([H])C([H])([H])C1([H])[H])C([H])([H])C1:C([H]):C([H]):C([H]):C([H]):C:1[H].[H][O:77][H:152]>>[C:34](=[O:35])([C:36])[O:77][H:152],EVODEX-P24785
EVODEX-N9789,[H]N=C(N([H])[H])N([H])C([H])([H])C([H])([H])C([H])([H])[C@@]1([H])C(=O)N([H])[C@@]([H])([C@@]([H])(C([H])([H])[H])C([H])([H])C([H])([H])[H])C(=O)N([H])C([H])([H])C(=O)N([H])[C@@]([H])(C([H])([H])[H])C(=O)N([H])[C@@]([H])(C([H])([H])C([H])([H])C(=O)N([H])[H])C(=O)N([H])[C@@]([H])(C([H])([H])O[H])C(=O)N([H])C([H])([H])C(=O)N([H])[C@@]([H])(C([H])([H])C([H])(C([H])([H])[H])C([H])([H])[H])C(=O)N([H])C([H])([H])C(=O)N([H])[C@]([H])(C(=O)N([H])[C@]([H])(C(=O)N([H])[C@]([H])(C(=O)[N:101]([C:102])[H:263])C([H])([H])O[H])C([H])([H])C(=O)N([H])[H])C([H])([H])SSC([H])([H])[C@]([H])(N([H])C(=O)[C@@]([H])(N([H])C(=O)[C@@]([H])(N([H])[H])C([H])([H])O[H])C([H])([H])O[H])C(=O)N([H])[C@@]([H])(C([H])([H])C2:C([H]):C([H]):C([H]):C([H]):C:2[H])C(=O)N([H])C([H])([H])C(=O)N([H])C([H])([H])C(=O)N([H])[C@@]([H])(C([H])([H])C([H])([H])C([H])([H])N([H])C(=N[H])N([H])[H])C(=O)N([H])[C@@]([H])([C@@]([H])(C([H])([H])[H])C([H])([H])C([H])([H])[H])C(=O)N([H])[C@@]([H])(C([H])([H])C(=O)O[H])C(=O)N1[H]>>[H][N:101]([C:102])[H:263],"EVODEX-P24787,EVODEX-P24793"
EVODEX-N9790,[H]N=C(N([H])[H])N([H])C([H])([H])C([H])([H])C([H])([H])[C@@]([H])(C(=O)O[H])N([H])C(=O)[C@@]([H])(N([H])[C:99]([C:96])=[O:100])C([H])([H])C1:C([H]):C([H]):C([H]):C([H]):C:1[H].[H][O:167][H:324]>>[C:96][C:99](=[O:100])[O:167][H:324],"EVODEX-P24788,EVODEX-P26913"
EVODEX-N9791,[H][O:167][H:324]>>[H]N=C(N([H])[H])N([H])C([H])([H])C([H])([H])C([H])([H])[C@@]1([H])C(=O)N([H])[C@@]([H])([C@@]([H])(C([H])([H])[H])C([H])([H])C([H])([H])[H])C(=O)N([H])C([H])([H])C(=O)N([H])[C@@]([H])(C([H])([H])[H])C(=O)N([H])[C@@]([H])(C([H])([H])C([H])([H])C(=O)N([H])[H])C(=O)N([H])[C@@]([H])(C([H])([H])O[H])C(=O)N([H])C([H])([H])C(=O)N([H])[C@@]([H])(C([H])([H])C([H])(C([H])([H])[H])C([H])([H])[H])C(=O)N([H])C([H])([H])C(=O)N([H])[C@]([H])(C(=O)N([H])[C@]([H])(C(=O)N([H])[C@]([H])(C(=O)[O:167][H:324])C([H])([H])O[H])C([H])([H])C(=O)N([H])[H])C([H])([H])SSC([H])([H])[C@]([H])(N([H])C(=O)[C@@]([H])(N([H])C(=O)[C@@]([H])(N([H])[H])C([H])([H])O[H])C([H])([H])O[H])C(=O)N([H])[C@@]([H])(C([H])([H])C2:C([H]):C([H]):C([H]):C([H]):C:2[H])C(=O)N([H])C([H])([H])C(=O)N([H])C([H])([H])C(=O)N([H])[C@@]([H])(C([H])([H])C([H])([H])C([H])([H])N([H])C(=N[H])N([H])[H])C(=O)N([H])[C@@]([H])([C@@]([H])(C([H])([H])[H])C([H])([H])C([H])([H])[H])C(=O)N([H])[C@@]([H])(C([H])([H])C(=O)O[H])C(=O)N1[H],EVODEX-P24789
EVODEX-N9792,[H]N=C(N([H])[H])N([H])C([H])([H])C([H])([H])C([H])([H])[C@@]([H])(C(=O)O[H])N([H])C(=O)[C@@]([H])(N([H])[C:99]([C:96])=[O:100])C([H])([H])C1:C([H]):C([H]):C([H]):C([H]):C:1[H]>>[H]O[C:99]([C:96])=[O:100],"EVODEX-P24790,EVODEX-P26915"
EVODEX-N9793,[H]N=C(N([H])[H])N([H])C([H])([H])C([H])([H])C([H])([H])[C@@]([H])(C(=O)N([H])[C@]([H])(C(=O)O[H])C([H])([H])C1:C([H]):C([H]):C(O[H]):C([H]):C:1[H])N([H])C(=O)[C@@]([H])(N([H])[C:99]([C:96])=[O:100])C([H])([H])C1:C([H]):C([H]):C([H]):C([H]):C:1[H].[H][O:179][H:345]>>[C:96][C:99](=[O:100])[O:179][H:345],"EVODEX-P24794,EVODEX-P26816"
EVODEX-N9794,[H]N=C(N([H])[H])N([H])C([H])([H])C([H])([H])C([H])([H])[C@@]([H])(C(=O)N([H])[C@]([H])(C(=O)O[H])C([H])([H])C1:C([H]):C([H]):C(O[H]):C([H]):C:1[H])N([H])C(=O)[C@@]([H])(N([H])[C:99]([C:96])=[O:100])C([H])([H])C1:C([H]):C([H]):C([H]):C([H]):C:1[H]>>[H]O[C:99]([C:96])=[O:100],"EVODEX-P24795,EVODEX-P26818"
EVODEX-N9795,[H]N(C(=O)C([H])([H])[H])[C@]([H])(C(=O)[N:9]([C:10])[H:29])C([H])([H])[H]>>[H][N:9]([C:10])[H:29],"EVODEX-P24798,EVODEX-P25036,EVODEX-P26722,EVODEX-P26902"
EVODEX-N9796,[H][O:20][H:40]>>[H]N(C(=O)C([H])([H])[H])[C@]([H])(C(=O)[O:20][H:40])C([H])([H])[H],EVODEX-P24800
EVODEX-N9797,[H]C1:C([H]):C([H]):C(C(=O)N([H])C([H])([H])C(=O)[N:16]([C:9])[H:50]):C([H]):C:1[H]>>[H][N:16]([C:9])[H:50],"EVODEX-P24804,EVODEX-P24856,EVODEX-P24938"
EVODEX-N9798,[H][O:32][H:60]>>[H]C1:C([H]):C([H]):C(C(=O)N([H])C([H])([H])C(=O)[O:32][H:60]):C([H]):C:1[H],EVODEX-P24806
EVODEX-N9799,[H][O:1][H:55]>>[H]C1:C([H]):C([H]):C(C([H])([H])OC(=O)N([H])C([H])([H])C(=O)N2C([H])([H])C([H])([H])C([H])([H])[C@@]2([H])C(=O)[O:1][H:55]):C([H]):C:1[H],EVODEX-P24811
EVODEX-N9800,[H]C1:C([H]):C([H]):C(C([H])([H])OC(=O)N([H])C([H])([H])C(=O)N2C([H])([H])C([H])([H])C([H])([H])[C@@]2([H])C(=O)[N:15]([C:16])[H:50]):C([H]):C:1[H]>>[H][N:15]([C:16])[H:50],"EVODEX-P24813,EVODEX-P24947,EVODEX-P26792"
EVODEX-N9801,[H]OC([H])([H])[C@@]1([H])OC([H])(OP(=O)(O[H])OP(=O)(O[H])OC([H])([H])[C@@]2([H])O[C@@]([H])(N3:C([H]):C([H]):C(=O):N([H]):C:3=O)[C@]([H])(O[H])[C@]2([H])O[H])[C@]([H])(N([H])C(=O)C([H])([H])[H])[C@@]([H])(O[C@@]([H])(C(=O)N([H])[C@]([H])(C(=O)N([H])[C@@]([H])(C(=O)N([H])[C@]([H])(C(=O)N([H])[C@@]([H])(C(=O)[N:72]([C:73])[H:139])C([H])([H])[H])C([H])([H])C([H])([H])C([H])([H])C([H])([H])N([H])[H])C([H])([H])C([H])([H])C(=O)N([H])[H])C([H])([H])[H])C([H])([H])[H])[C@]1([H])O[H]>>[H][N:72]([C:73])[H:139],EVODEX-P24816
EVODEX-N9802,[H][O:78][H:145]>>[H]OC([H])([H])[C@@]1([H])OC([H])(OP(=O)(O[H])OP(=O)(O[H])OC([H])([H])[C@@]2([H])O[C@@]([H])(N3:C([H]):C([H]):C(=O):N([H]):C:3=O)[C@]([H])(O[H])[C@]2([H])O[H])[C@]([H])(N([H])C(=O)C([H])([H])[H])[C@@]([H])(O[C@@]([H])(C(=O)N([H])[C@]([H])(C(=O)N([H])[C@@]([H])(C(=O)N([H])[C@]([H])(C(=O)N([H])[C@@]([H])(C(=O)[O:78][H:145])C([H])([H])[H])C([H])([H])C([H])([H])C([H])([H])C([H])([H])N([H])[H])C([H])([H])C([H])([H])C(=O)N([H])[H])C([H])([H])[H])C([H])([H])[H])[C@]1([H])O[H],EVODEX-P24818
EVODEX-N9803,[H][O:30][H:53]>>[H]N=C(N([H])[H])N([H])C([H])([H])C([H])([H])C([H])([H])[C@@]([H])(C(=O)[O:30][H:53])N([H])C(=O)C1:C([H]):C([H]):C([H]):C([H]):C:1[H],EVODEX-P24823
EVODEX-N9804,[H]N=C(N([H])[H])N([H])C([H])([H])C([H])([H])C([H])([H])C([H])(C(=O)[N:20]([C:21])[H:48])N([H])C(=O)C1:C([H]):C([H]):C([H]):C([H]):C:1[H]>>[H][N:20]([C:21])[H:48],"EVODEX-P24825,EVODEX-P25355,EVODEX-P25603"
EVODEX-N9805,[H]C1:C([H]):C([H]):C(C([H])([H])[C@@]([H])(C(=O)N([H])[C@]([H])(C(=O)[N:33]([C:34])[H:72])C([H])([H])[H])N([H])S(=O)(=O)C2:C([H]):C([H]):C([H]):C3:C(N(C([H])([H])[H])C([H])([H])[H]):C([H]):C([H]):C([H]):C:2:3):C([H]):C:1[H]>>[H][N:33]([C:34])[H:72],EVODEX-P24828
EVODEX-N9806,[H][O:45][H:85]>>[H]C1:C([H]):C([H]):C(C([H])([H])[C@@]([H])(C(=O)N([H])[C@]([H])(C(=O)[O:45][H:85])C([H])([H])[H])N([H])S(=O)(=O)C2:C([H]):C([H]):C([H]):C3:C(N(C([H])([H])[H])C([H])([H])[H]):C([H]):C([H]):C([H]):C:2:3):C([H]):C:1[H],EVODEX-P24830
EVODEX-N9807,[H]C1:C([H]):C(S(=O)(=O)N([H])[C@]([H])(C(=O)[N:22]([C:23])[H:52])C([H])([H])[H]):C2:C([H]):C([H]):C([H]):C(N(C([H])([H])[H])C([H])([H])[H]):C:2:C:1[H]>>[H][N:22]([C:23])[H:52],EVODEX-P24834
EVODEX-N9808,[H][O:34][H:65]>>[H]C1:C([H]):C(S(=O)(=O)N([H])[C@]([H])(C(=O)[O:34][H:65])C([H])([H])[H]):C2:C([H]):C([H]):C([H]):C(N(C([H])([H])[H])C([H])([H])[H]):C:2:C:1[H],EVODEX-P24836
EVODEX-N9809,[H]N=C1:N:C2:N:C([H]):C(C([H])([H])N(C3:C([H]):C([H]):C(C(=O)N([H])C([H])(C(=O)[N:31]([C:32])[H:65])C([H])([H])C([H])([H])C(=O)O[H]):C([H]):C:3[H])C([H])([H])[H]):N:C:2:C(N([H])[H]):N:1[H]>>[H][N:31]([C:32])[H:65],EVODEX-P24840
EVODEX-N9810,[H][O:45][H:77]>>[H]N=C1:N:C2:N:C([H]):C(C([H])([H])N(C3:C([H]):C([H]):C(C(=O)N([H])[C@]([H])(C(=O)[O:45][H:77])C([H])([H])C([H])([H])C(=O)O[H]):C([H]):C:3[H])C([H])([H])[H]):N:C:2:C(N([H])[H]):N:1[H],EVODEX-P24842
EVODEX-N9811,[H]OC(=O)[C@]([H])(SC1:C([H]):C([H]):C([H]):C([H]):C:1[H])N([H])C(=O)[C@@]([H])(N([H])[C:2]([C:1])=[O:3])C([H])([H])C1:C([H]):C([H]):C([H]):C([H]):C:1[H].[H][O:27][H:48]>>[C:1][C:2](=[O:3])[O:27][H:48],EVODEX-P24847
EVODEX-N9812,[H]OC(=O)[C@]([H])(SC1:C([H]):C([H]):C([H]):C([H]):C:1[H])N([H])C(=O)[C@@]([H])(N([H])[C:2]([C:1])=[O:3])C([H])([H])C1:C([H]):C([H]):C([H]):C([H]):C:1[H]>>[H]O[C:2]([C:1])=[O:3],EVODEX-P24848
EVODEX-N9813,[H]C1:C([H]):C([H]):C(C(=O)N([H])C([H])([H])C(=O)[C@@:8]([C:7])([N:9])[C:10]):C([H]):C:1[H]>>[H][C@:8]([C:7])([N:9])[C:10],EVODEX-P24851
EVODEX-N9814,[H]N=C(N([H])[H])N([H])C([H])([H])C([H])([H])C([H])([H])[C@@](C(=O)O[H])(N([H])[H])[C:13](=[O:14])[C:15].[H][O:25][H:47]>>[C:13](=[O:14])([C:15])[O:25][H:47],EVODEX-P24852
EVODEX-N9815,[H]N=C(N([H])[H])N([H])C([H])([H])C([H])([H])C([H])([H])[C@@](C(=O)O[H])(N([H])[H])[C:13](=[O:14])[C:15]>>[H]O[C:13](=[O:14])[C:15],EVODEX-P24853
EVODEX-N9816,[H]C1:C([H]):C([H]):C(C([H])([H])[C@@]([H])(C(=O)[N:32]([C:33])[H:64])N([H])C(=O)C([H])([H])N([H])S(=O)(=O)C2:C([H]):C([H]):C(N=NC3:C([H]):C([H]):C(N(C([H])([H])[H])C([H])([H])[H]):C([H]):C:3[H]):C([H]):C:2[H]):C([H]):C:1[H]>>[H][N:32]([C:33])[H:64],EVODEX-P24861
EVODEX-N9817,[H][O:41][H:72]>>[H]C1:C([H]):C([H]):C(C([H])([H])[C@@]([H])(C(=O)[O:41][H:72])N([H])C(=O)C([H])([H])N([H])S(=O)(=O)C2:C([H]):C([H]):C(N=NC3:C([H]):C([H]):C(N(C([H])([H])[H])C([H])([H])[H]):C([H]):C:3[H]):C([H]):C:2[H]):C([H]):C:1[H],EVODEX-P24863
EVODEX-N9818,[H]C1:C([H]):C([H]):C(C([H])([H])OC(=O)N([H])[C@]([H])(C(=O)[N:16]([C:17])[H:41])C([H])([H])[H]):C([H]):C:1[H]>>[H][N:16]([C:17])[H:41],EVODEX-P24867
EVODEX-N9819,[H][O:28][H:51]>>[H]C1:C([H]):C([H]):C(C([H])([H])OC(=O)N([H])[C@]([H])(C(=O)[O:28][H:51])C([H])([H])[H]):C([H]):C:1[H],EVODEX-P24869
EVODEX-N9820,[H]OC([H])([H])[C@@]([H])(C(=O)[N:3]([C:2])[H:18])N([H])[H]>>[H][N:3]([C:2])[H:18],EVODEX-P24873
EVODEX-N9821,[H]OC(=O)[C@]([H])(N([H])C(=O)[C@@]([H])(N([H])C(=O)[C@]([H])(O[C@@]1([H])[C@]([H])(O[H])[C@@]([H])(C([H])([H])O[H])O[C@]([H])(OP(=O)(O[H])OP(=O)(O[H])OC([H])([H])[C@@]2([H])O[C@@]([H])(N3:C([H]):C([H]):C(=O):N([H]):C:3=O)[C@]([H])(O[H])[C@]2([H])O[H])[C@]1([H])N([H])C(=O)C([H])([H])[H])C([H])([H])[H])C([H])([H])[H])C([H])([H])C([H])([H])C(=O)N([H])[C@]([H])(C(=O)N([H])[C@@]([H])(C(=O)[N:69]([C:70])[H:137])C([H])([H])[H])C([H])([H])C([H])([H])C([H])([H])C([H])([H])N([H])[H]>>[H][N:69]([C:70])[H:137],EVODEX-P24878
EVODEX-N9822,[H][O:78][H:144]>>[H]OC(=O)[C@]([H])(N([H])C(=O)[C@@]([H])(N([H])C(=O)[C@]([H])(O[C@@]1([H])[C@]([H])(O[H])[C@@]([H])(C([H])([H])O[H])O[C@]([H])(OP(=O)(O[H])OP(=O)(O[H])OC([H])([H])[C@@]2([H])O[C@@]([H])(N3:C([H]):C([H]):C(=O):N([H]):C:3=O)[C@]([H])(O[H])[C@]2([H])O[H])[C@]1([H])N([H])C(=O)C([H])([H])[H])C([H])([H])[H])C([H])([H])[H])C([H])([H])C([H])([H])C(=O)N([H])[C@]([H])(C(=O)N([H])[C@@]([H])(C(=O)[O:78][H:144])C([H])([H])[H])C([H])([H])C([H])([H])C([H])([H])C([H])([H])N([H])[H],EVODEX-P24880
EVODEX-N9823,[H]OC(=O)[C@]([H])(N([H])C(=O)[C@@]([H])(N([H])C(=O)[C@]([H])(O[C@@]1([H])[C@]([H])(O[H])[C@@]([H])(C([H])([H])O[H])O[C@]([H])(OP(=O)(O[H])OP(=O)(O[H])OC([H])([H])[C@@]2([H])O[C@@]([H])(N3:C([H]):C([H]):C(=O):N([H]):C:3=O)[C@]([H])(O[H])[C@]2([H])O[H])[C@]1([H])N([H])C(=O)C([H])([H])[H])C([H])([H])[H])C([H])([H])[H])C([H])([H])C([H])([H])C(=O)N([H])[C@]([H])(C(=O)N([H])[C@@]([H])(C(=O)[N:72]([C:73])[H:140])C([H])([H])[H])C([H])([H])C([H])([H])C([H])([H])[C@]([H])(C(=O)O[H])N([H])[H]>>[H][N:72]([C:73])[H:140],EVODEX-P24884
EVODEX-N9824,[H][O:81][H:147]>>[H]OC(=O)[C@]([H])(N([H])C(=O)[C@@]([H])(N([H])C(=O)[C@]([H])(O[C@@]1([H])[C@]([H])(O[H])[C@@]([H])(C([H])([H])O[H])O[C@]([H])(OP(=O)(O[H])OP(=O)(O[H])OC([H])([H])[C@@]2([H])O[C@@]([H])(N3:C([H]):C([H]):C(=O):N([H]):C:3=O)[C@]([H])(O[H])[C@]2([H])O[H])[C@]1([H])N([H])C(=O)C([H])([H])[H])C([H])([H])[H])C([H])([H])[H])C([H])([H])C([H])([H])C(=O)N([H])[C@]([H])(C(=O)N([H])[C@@]([H])(C(=O)[O:81][H:147])C([H])([H])[H])C([H])([H])C([H])([H])C([H])([H])[C@]([H])(C(=O)O[H])N([H])[H],EVODEX-P24886
EVODEX-N9825,[H]C1:C([H]):C(S(=O)(=O)N([H])C([H])([H])C(=O)[N:17]([C:18])[H:44]):C2:C([H]):C([H]):C([H]):C(N(C([H])([H])[H])C([H])([H])[H]):C:2:C:1[H]>>[H][N:17]([C:18])[H:44],EVODEX-P24890
EVODEX-N9826,[H][O:31][H:60]>>[H]C1:C([H]):C(S(=O)(=O)N([H])C([H])([H])C(=O)[O:31][H:60]):C2:C([H]):C([H]):C([H]):C(N(C([H])([H])[H])C([H])([H])[H]):C:2:C:1[H],EVODEX-P24892
EVODEX-N9827,[H]C1:N:C2:N:C(N([H])[H]):N:C(N([H])[H]):C:2:N:C:1C([H])([H])N(C1:C([H]):C([H]):C(C(=O)[N:22]([C:23])[H:47]):C([H]):C:1[H])C([H])([H])[H]>>[H][N:22]([C:23])[H:47],EVODEX-P24896
EVODEX-N9828,[H][O:34][H:57]>>[H]C1:N:C2:N:C(N([H])[H]):N:C(N([H])[H]):C:2:N:C:1C([H])([H])N(C1:C([H]):C([H]):C(C(=O)[O:34][H:57]):C([H]):C:1[H])C([H])([H])[H],EVODEX-P24898
EVODEX-N9829,[H]C(=O)N1C2:C(:N:C(N([H])[H]):N([H]):C:2=O)N([H])C([H])([H])C1([H])C([H])([H])N([H])C1:C([H]):C([H]):C(C(=O)[N:21]([C:22])[H:46]):C([H]):C:1[H]>>[H][N:21]([C:22])[H:46],EVODEX-P24902
EVODEX-N9830,[H][O:35][H:59]>>[H]C(=O)N1C2:C(:N:C(N([H])[H]):N([H]):C:2=O)N([H])C([H])([H])C1([H])C([H])([H])N([H])C1:C([H]):C([H]):C(C(=O)[O:35][H:59]):C([H]):C:1[H],EVODEX-P24904
EVODEX-N9831,[H][O:77][H:151]>>[H]N=C(N([H])[H])N([H])C([H])([H])C([H])([H])C([H])([H])[C@@]([H])(C(=O)N1C([H])([H])C([H])([H])C([H])([H])[C@@]1([H])C(=O)N1C([H])([H])C([H])([H])C([H])([H])[C@@]1([H])C(=O)N([H])C([H])([H])C(=O)N([H])[C@]([H])(C(=O)N([H])[C@]([H])(C(=O)N1C([H])([H])C([H])([H])C([H])([H])[C@@]1([H])C(=O)N([H])[C@]([H])(C(=O)[O:77][H:151])C([H])([H])C1:C([H]):C([H]):C([H]):C([H]):C:1[H])C([H])([H])O[H])C([H])([H])C1:C([H]):C([H]):C([H]):C([H]):C:1[H])N([H])[H],EVODEX-P24909
EVODEX-N9832,[H]OC(=O)[C@@]([H])(N([H])[H])C([H])([H])C([H])([H])C([H])([H])[C@]([H])(C(=O)[N:24]([C:25])[H:58])N([H])C(=O)C([H])([H])C([H])([H])[C@]([H])(C(=O)O[H])N([H])C(=O)[C@@]([H])(N([H])[H])C([H])([H])[H]>>[H][N:24]([C:25])[H:58],EVODEX-P24913
EVODEX-N9833,[H][O:33][H:65]>>[H]OC(=O)[C@@]([H])(N([H])[H])C([H])([H])C([H])([H])C([H])([H])[C@]([H])(C(=O)[O:33][H:65])N([H])C(=O)C([H])([H])C([H])([H])[C@]([H])(C(=O)O[H])N([H])C(=O)[C@@]([H])(N([H])[H])C([H])([H])[H],EVODEX-P24915
EVODEX-N9834,[H]OC(=O)[C@]([H])(N([H])C(=O)[C@@]([H])(N([H])C(=O)[C@]([H])(O[C@@]1([H])[C@]([H])(O[H])[C@@]([H])(C([H])([H])O[H])O[C@]([H])(O[H])[C@]1([H])N([H])C(=O)C([H])([H])[H])C([H])([H])[H])C([H])([H])[H])C([H])([H])C([H])([H])C(=O)N([H])[C@]([H])(C(=O)[N:35]([C:36])[H:86])C([H])([H])C([H])([H])C([H])([H])[C@]([H])(C(=O)O[H])N([H])[H]>>[H][N:35]([C:36])[H:86],EVODEX-P24919
EVODEX-N9835,[H][O:52][H:101]>>[H]OC(=O)[C@]([H])(N([H])C(=O)[C@@]([H])(N([H])C(=O)[C@]([H])(O[C@@]1([H])[C@]([H])(O[H])[C@@]([H])(C([H])([H])O[H])O[C@]([H])(O[H])[C@]1([H])N([H])C(=O)C([H])([H])[H])C([H])([H])[H])C([H])([H])[H])C([H])([H])C([H])([H])C(=O)N([H])[C@]([H])(C(=O)[O:52][H:101])C([H])([H])C([H])([H])C([H])([H])[C@]([H])(C(=O)O[H])N([H])[H],EVODEX-P24921
EVODEX-N9836,[H]N([H])C([H])([H])C([H])([H])C([H])([H])C([H])([H])[C@@]([H])(C(=O)N([H])[C@@]([H])(C(=O)[N:18]([C:19])[H:45])C([H])([H])[H])N([H])C(=O)C([H])([H])[H]>>[H][N:18]([C:19])[H:45],EVODEX-P24925
EVODEX-N9837,[H][O:24][H:51]>>[H]N([H])C([H])([H])C([H])([H])C([H])([H])C([H])([H])[C@@]([H])(C(=O)N([H])[C@@]([H])(C(=O)[O:24][H:51])C([H])([H])[H])N([H])C(=O)C([H])([H])[H],EVODEX-P24927
EVODEX-N9838,[H]OC(=O)C([H])(O[C:3](=[O:2])[C:4])C([H])([H])C1:C([H]):C([H]):C([H]):C([H]):C:1[H].[H][O:1][H:43]>>[O:1]([C:3](=[O:2])[C:4])[H:43],EVODEX-P24931
EVODEX-N9839,[H]OC(=O)C([H])(O[C:3](=[O:2])[C:4])C([H])([H])C1:C([H]):C([H]):C([H]):C([H]):C:1[H]>>[H]O[C:3](=[O:2])[C:4],EVODEX-P24932
EVODEX-N9840,[H]C1:C([H]):C([H]):C(C(=O)N([H])C([H])([H])C(=O)[O:14][C:15]):C([H]):C:1[H]>>[H][O:14][C:15],EVODEX-P24933
EVODEX-N9841,[H]C1:C([H]):C([H]):C(C([H])([H])OC(=O)N2C([H])([H])C([H])([H])C([H])([H])[C@@]2([H])C(=O)[N:3]([C:2])[H:29]):C([H]):C:1[H]>>[H][N:3]([C:2])[H:29],EVODEX-P24941
EVODEX-N9842,[H][O:24][H:45]>>[H]C1:C([H]):C([H]):C(C([H])([H])OC(=O)N2C([H])([H])C([H])([H])C([H])([H])[C@@]2([H])C(=O)[O:24][H:45]):C([H]):C:1[H],EVODEX-P24943
EVODEX-N9843,[H]OC(=O)[C@@]([H])(N([H])[C:13]([C:5])=[O:14])C([H])([H])C1:C([H]):C([H]):C(O[H]):C([H]):C:1[H].[H][O:1][H:62]>>[O:1]([C:13]([C:5])=[O:14])[H:62],"EVODEX-P24964,EVODEX-P25253"
EVODEX-N9844,[H][O:1][H:62]>>[H]C1:C([H]):C([H]):C(C([H])([H])OC(=O)N([H])[C@]([H])(C(=O)[O:1][H:62])C([H])([H])C2:C([H]):C([H]):C([H]):C([H]):C:2[H]):C([H]):C:1[H],EVODEX-P24965
EVODEX-N9845,[H]OC(=O)[C@@]([H])(N([H])[C:13]([C:5])=[O:14])C([H])([H])C1:C([H]):C([H]):C(O[H]):C([H]):C:1[H]>>[H]O[C:13]([C:5])=[O:14],"EVODEX-P24966,EVODEX-P25254"
EVODEX-N9846,[H]C1:C([H]):C([H]):C(C([H])([H])OC(=O)N([H])[C@]([H])(C(=O)[N:15]([C:16])[H:52])C([H])([H])C2:C([H]):C([H]):C([H]):C([H]):C:2[H]):C([H]):C:1[H]>>[H][N:15]([C:16])[H:52],EVODEX-P24967
EVODEX-N9847,[H][O:1][H:48]>>[H]C1:C([H]):C([H]):C(C([H])([H])OC(=O)N([H])C([H])([H])C(=O)[O:1][H:48]):C([H]):C:1[H],EVODEX-P24971
EVODEX-N9848,[H]C1:C([H]):C([H]):C(C([H])([H])OC(=O)N([H])C([H])([H])C(=O)[N:16]([C:17])[H:30]):C([H]):C:1[H]>>[H][N:16]([C:17])[H:30],"EVODEX-P24973,EVODEX-P25924,EVODEX-P25969,EVODEX-P26727"
EVODEX-N9849,[H]N([H])C([H])([H])C(=O)N([H])C([H])([H])C(=O)[N:2]([C:1])[H:15]>>[H][N:2]([C:1])[H:15],"EVODEX-P24976,EVODEX-P26930"
EVODEX-N9850,[H]N(C([H])([H])[H])[C:3](=[O:4])[C:5].[H][O:11][H:23]>>[C:3](=[O:4])([C:5])[O:11][H:23],"EVODEX-P24977,EVODEX-P27370,EVODEX-P27376"
EVODEX-N9851,[H][O:11][H:23]>>[H]N([H])C([H])([H])C(=O)N([H])C([H])([H])C(=O)[O:11][H:23],EVODEX-P24978
EVODEX-N9852,[H]N(C([H])([H])[H])[C:3](=[O:4])[C:5]>>[H]O[C:3](=[O:4])[C:5],"EVODEX-P24979,EVODEX-P27372,EVODEX-P27377"
EVODEX-N9853,[H]C1:N:C([H]):N([H]):C:1C([H])([H])[C@@]([H])(C(=O)N([H])[C@]([H])(C(=O)N([H])[C@]([H])(C(=O)N([H])[C@]([H])(C(=O)N([H])[C@]([H])(C(=O)N([H])[C@]([H])(C(=O)N([H])C([H])([H])C(=O)[N:57]([C:58])[H:127])C([H])([H])C([H])(C([H])([H])[H])C([H])([H])[H])C([H])([H])C([H])([H])C(=O)N([H])[H])C([H])([H])C([H])([H])SC([H])([H])[H])C([H])([H])C(=O)N([H])[H])C([H])([H])C([H])([H])C([H])([H])C([H])([H])N([H])[H])N([H])[H]>>[H][N:57]([C:58])[H:127],EVODEX-P24982
EVODEX-N9854,[H][O:69][H:140]>>[H]C1:N:C([H]):N([H]):C:1C([H])([H])[C@@]([H])(C(=O)N([H])[C@]([H])(C(=O)N([H])[C@]([H])(C(=O)N([H])[C@]([H])(C(=O)N([H])[C@]([H])(C(=O)N([H])[C@]([H])(C(=O)N([H])C([H])([H])C(=O)[O:69][H:140])C([H])([H])C([H])(C([H])([H])[H])C([H])([H])[H])C([H])([H])C([H])([H])C(=O)N([H])[H])C([H])([H])C([H])([H])SC([H])([H])[H])C([H])([H])C(=O)N([H])[H])C([H])([H])C([H])([H])C([H])([H])C([H])([H])N([H])[H])N([H])[H],EVODEX-P24984
EVODEX-N9855,[H]OC(=O)C([H])([H])[C@@]([H])(C(=O)[N:12]([C:13])[H:31])N([H])C(=O)C([H])([H])[H]>>[H][N:12]([C:13])[H:31],EVODEX-P24988
EVODEX-N9856,[H][O:22][H:39]>>[H]OC(=O)C([H])([H])[C@@]([H])(C(=O)[O:22][H:39])N([H])C(=O)C([H])([H])[H],EVODEX-P24990
EVODEX-N9857,[H]OC(=O)[C@@]([H])(N([H])C(=O)C1:C([H]):C([H]):C(N([H])C([H])([H])C2:N:C3:C(=O):N([H]):C(N([H])[H]):N:C:3:N:C:2[H]):C([H]):C:1[H])C([H])([H])C([H])([H])C(=O)N([H])[C@]([H])(C(=O)O[H])C([H])([H])C([H])([H])C(=O)[N:28]([C:29])[H:72]>>[H][N:28]([C:29])[H:72],EVODEX-P24994
EVODEX-N9858,[H][O:51][H:85]>>[H]OC(=O)[C@@]([H])(N([H])C(=O)C1:C([H]):C([H]):C(N([H])C([H])([H])C2:N:C3:C(=O):N([H]):C(N([H])[H]):N:C:3:N:C:2[H]):C([H]):C:1[H])C([H])([H])C([H])([H])C(=O)N([H])[C@]([H])(C(=O)O[H])C([H])([H])C([H])([H])C(=O)[O:51][H:85],EVODEX-P24996
EVODEX-N9859,[H]OC(=O)C([H])([H])[C@@]([H])(C(=O)N([H])[C@]([H])(C(=O)N([H])C([H])([H])C(=O)[N:71]([C:72])[H:143])C([H])([H])C1:C([H]):N([H]):C2:C([H]):C([H]):C([H]):C([H]):C:1:2)N([H])C(=O)[C@@]1([H])N(C(=O)[C@@]([H])(N([H])C(=O)[C@@]([H])(N([H])C(=O)[C@@]([H])(N([H])C(=O)[C@@]([H])(N([H])C(=O)[C@@]2([H])N([H])C(=O)C([H])([H])C2([H])[H])C([H])([H])C([H])(C([H])([H])[H])C([H])([H])[H])[C@]([H])(O[H])C([H])([H])[H])C([H])([H])C2:C([H]):C([H]):C([H]):C([H]):C:2[H])C([H])([H])O[H])C([H])([H])C([H])([H])C1([H])[H]>>[H][N:71]([C:72])[H:143],EVODEX-P25000
EVODEX-N9860,[H][O:84][H:161]>>[H]OC(=O)C([H])([H])[C@@]([H])(C(=O)N([H])[C@]([H])(C(=O)N([H])C([H])([H])C(=O)[O:84][H:161])C([H])([H])C1:C([H]):N([H]):C2:C([H]):C([H]):C([H]):C([H]):C:1:2)N([H])C(=O)[C@@]1([H])N(C(=O)[C@@]([H])(N([H])C(=O)[C@@]([H])(N([H])C(=O)[C@@]([H])(N([H])C(=O)[C@@]([H])(N([H])C(=O)[C@@]2([H])N([H])C(=O)C([H])([H])C2([H])[H])C([H])([H])C([H])(C([H])([H])[H])C([H])([H])[H])[C@]([H])(O[H])C([H])([H])[H])C([H])([H])C2:C([H]):C([H]):C([H]):C([H]):C:2[H])C([H])([H])O[H])C([H])([H])C([H])([H])C1([H])[H],EVODEX-P25002
EVODEX-N9861,[H]OC(=O)C([H])([H])[C@@]([H])(C(=O)N([H])[C@]([H])(C(=O)N([H])C([H])([H])C(=O)N([H])[C@]([H])(C(=O)[N:80]([C:81])[H:166])C([H])([H])C([H])([H])C([H])([H])C([H])([H])N([H])[H])C([H])([H])C1:C([H]):N([H]):C2:C([H]):C([H]):C([H]):C([H]):C:1:2)N([H])C(=O)[C@@]1([H])N(C(=O)[C@@]([H])(N([H])C(=O)[C@@]([H])(N([H])C(=O)[C@@]([H])(N([H])C(=O)[C@@]([H])(N([H])C(=O)[C@@]2([H])N([H])C(=O)C([H])([H])C2([H])[H])C([H])([H])C([H])(C([H])([H])[H])C([H])([H])[H])[C@]([H])(O[H])C([H])([H])[H])C([H])([H])C2:C([H]):C([H]):C([H]):C([H]):C:2[H])C([H])([H])O[H])C([H])([H])C([H])([H])C1([H])[H]>>[H][N:80]([C:81])[H:166],EVODEX-P25006
EVODEX-N9862,[H][O:95][H:184]>>[H]OC(=O)C([H])([H])[C@@]([H])(C(=O)N([H])[C@]([H])(C(=O)N([H])C([H])([H])C(=O)N([H])[C@]([H])(C(=O)[O:95][H:184])C([H])([H])C([H])([H])C([H])([H])C([H])([H])N([H])[H])C([H])([H])C1:C([H]):N([H]):C2:C([H]):C([H]):C([H]):C([H]):C:1:2)N([H])C(=O)[C@@]1([H])N(C(=O)[C@@]([H])(N([H])C(=O)[C@@]([H])(N([H])C(=O)[C@@]([H])(N([H])C(=O)[C@@]([H])(N([H])C(=O)[C@@]2([H])N([H])C(=O)C([H])([H])C2([H])[H])C([H])([H])C([H])(C([H])([H])[H])C([H])([H])[H])[C@]([H])(O[H])C([H])([H])[H])C([H])([H])C2:C([H]):C([H]):C([H]):C([H]):C:2[H])C([H])([H])O[H])C([H])([H])C([H])([H])C1([H])[H],EVODEX-P25008
EVODEX-N9863,[H]N=C(N([H])[H])N([H])C([H])([H])C([H])([H])C([H])([H])[C@@]([H])(C(=O)N([H])[C@]([H])(C(=O)N([H])[C@]([H])(C(=O)N([H])[C@]([H])(C(=O)N([H])[C@]([H])(C(=O)N1C([H])([H])C([H])([H])C([H])([H])[C@@]1([H])C(=O)N([H])[C@]([H])(C(=O)N([H])[C@]([H])(C(=O)[N:85]([C:86])[H:172])C([H])([H])C1:C([H]):N:C([H]):N:1[H])C([H])([H])C1:C([H]):C([H]):C([H]):C([H]):C:1[H])C([H])([H])C1:C([H]):N:C([H]):N:1[H])[C@@]([H])(C([H])([H])[H])C([H])([H])C([H])([H])[H])C([H])([H])C1:C([H]):C([H]):C(O[H]):C([H]):C:1[H])C([H])(C([H])([H])[H])C([H])([H])[H])N([H])C(=O)[C@@]([H])(N([H])[H])C([H])([H])C(=O)O[H]>>[H][N:85]([C:86])[H:172],EVODEX-P25012
EVODEX-N9864,[H][O:94][H:184]>>[H]N=C(N([H])[H])N([H])C([H])([H])C([H])([H])C([H])([H])[C@@]([H])(C(=O)N([H])[C@]([H])(C(=O)N([H])[C@]([H])(C(=O)N([H])[C@]([H])(C(=O)N([H])[C@]([H])(C(=O)N1C([H])([H])C([H])([H])C([H])([H])[C@@]1([H])C(=O)N([H])[C@]([H])(C(=O)N([H])[C@]([H])(C(=O)[O:94][H:184])C([H])([H])C1:C([H]):N:C([H]):N:1[H])C([H])([H])C1:C([H]):C([H]):C([H]):C([H]):C:1[H])C([H])([H])C1:C([H]):N:C([H]):N:1[H])[C@@]([H])(C([H])([H])[H])C([H])([H])C([H])([H])[H])C([H])([H])C1:C([H]):C([H]):C(O[H]):C([H]):C:1[H])C([H])(C([H])([H])[H])C([H])([H])[H])N([H])C(=O)[C@@]([H])(N([H])[H])C([H])([H])C(=O)O[H],EVODEX-P25014
EVODEX-N9865,[H]N=C(N([H])[H])N([H])C([H])([H])C([H])([H])C([H])([H])[C@@]([H])(C(=O)N([H])[C@]([H])(C(=O)N([H])[C@]([H])(C(=O)N([H])[C@]([H])(C(=O)N([H])[C@]([H])(C(=O)N1C([H])([H])C([H])([H])C([H])([H])[C@@]1([H])C(=O)[N:64]([C:65])[H:138])C([H])([H])C1:C([H]):N:C([H]):N:1[H])[C@@]([H])(C([H])([H])[H])C([H])([H])C([H])([H])[H])C([H])([H])C1:C([H]):C([H]):C(O[H]):C([H]):C:1[H])C([H])(C([H])([H])[H])C([H])([H])[H])N([H])C(=O)[C@@]([H])(N([H])[H])C([H])([H])C(=O)O[H]>>[H][N:64]([C:65])[H:138],"EVODEX-P25018,EVODEX-P26390"
EVODEX-N9866,[H][O:76][H:148]>>[H]N=C(N([H])[H])N([H])C([H])([H])C([H])([H])C([H])([H])[C@@]([H])(C(=O)N([H])[C@]([H])(C(=O)N([H])[C@]([H])(C(=O)N([H])[C@]([H])(C(=O)N([H])[C@]([H])(C(=O)N1C([H])([H])C([H])([H])C([H])([H])[C@@]1([H])C(=O)[O:76][H:148])C([H])([H])C1:C([H]):N:C([H]):N:1[H])[C@@]([H])(C([H])([H])[H])C([H])([H])C([H])([H])[H])C([H])([H])C1:C([H]):C([H]):C(O[H]):C([H]):C:1[H])C([H])(C([H])([H])[H])C([H])([H])[H])N([H])C(=O)[C@@]([H])(N([H])[H])C([H])([H])C(=O)O[H],EVODEX-P25020
EVODEX-N9867,[H]OC(=O)C([H])([H])C([H])([H])[C@@]([H])(C(=O)N([H])C([H])([H])C(=O)N([H])[C@]([H])(C(=O)N([H])[C@]([H])(C(=O)N([H])[C@]([H])(C(=O)N([H])[C@]([H])(C(=O)N([H])[C@]([H])(C(=O)N([H])[C@]([H])(C(=O)N([H])[C@]([H])(C(=O)N([H])[C@]([H])(C(=O)N([H])[C@]([H])(C(=O)N([H])[C@]([H])(C(=O)N([H])[C@]([H])(C(=O)N([H])[C@]([H])(C(=O)N([H])[C@]([H])(C(=O)N([H])C([H])([H])C(=O)N1C([H])([H])C([H])([H])C([H])([H])[C@@]1([H])C(=O)N([H])[C@]([H])(C(=O)O[H])C([H])([H])C([H])([H])C([H])([H])C([H])([H])N([H])[H])C([H])([H])C([H])([H])C(=O)N([H])[H])C([H])([H])[H])C([H])([H])C([H])([H])C(=O)O[H])C([H])([H])O[H])C([H])([H])C([H])([H])C(=O)O[H])C([H])([H])C([H])([H])C(=O)O[H])C([H])([H])C(=O)O[H])C([H])([H])C(=O)O[H])C([H])([H])C(=O)O[H])C([H])([H])C([H])([H])C(=O)[N:92]([C:93])[H:275])C([H])([H])C1:C([H]):C([H]):C(O[H]):C([H]):C:1[H])C([H])([H])C([H])([H])SC([H])([H])[H])C([H])([H])C([H])([H])C(=O)O[H])N([H])C(=O)[C@@]([H])(N([H])C(=O)[C@@]([H])(N([H])C(=O)[C@@]([H])(N([H])C(=O)[C@@]([H])(N([H])C(=O)[C@@]([H])(N([H])C(=O)[C@@]([H])(N([H])[H])C([H])([H])C(=O)O[H])C([H])([H])[H])[C@]([H])(O[H])C([H])([H])[H])C([H])([H])[H])C([H])([H])C([H])([H])C(=O)O[H])C([H])([H])C([H])([H])C(=O)O[H]>>[H][N:92]([C:93])[H:275],EVODEX-P25024
EVODEX-N9868,[H][O:196][H:360]>>[H]OC(=O)C([H])([H])C([H])([H])[C@@]([H])(C(=O)N([H])C([H])([H])C(=O)N([H])[C@]([H])(C(=O)N([H])[C@]([H])(C(=O)N([H])[C@]([H])(C(=O)N([H])[C@]([H])(C(=O)N([H])[C@]([H])(C(=O)N([H])[C@]([H])(C(=O)N([H])[C@]([H])(C(=O)N([H])[C@]([H])(C(=O)N([H])[C@]([H])(C(=O)N([H])[C@]([H])(C(=O)N([H])[C@]([H])(C(=O)N([H])[C@]([H])(C(=O)N([H])[C@]([H])(C(=O)N([H])C([H])([H])C(=O)N1C([H])([H])C([H])([H])C([H])([H])[C@@]1([H])C(=O)N([H])[C@]([H])(C(=O)O[H])C([H])([H])C([H])([H])C([H])([H])C([H])([H])N([H])[H])C([H])([H])C([H])([H])C(=O)N([H])[H])C([H])([H])[H])C([H])([H])C([H])([H])C(=O)O[H])C([H])([H])O[H])C([H])([H])C([H])([H])C(=O)O[H])C([H])([H])C([H])([H])C(=O)O[H])C([H])([H])C(=O)O[H])C([H])([H])C(=O)O[H])C([H])([H])C(=O)O[H])C([H])([H])C([H])([H])C(=O)[O:196][H:360])C([H])([H])C1:C([H]):C([H]):C(O[H]):C([H]):C:1[H])C([H])([H])C([H])([H])SC([H])([H])[H])C([H])([H])C([H])([H])C(=O)O[H])N([H])C(=O)[C@@]([H])(N([H])C(=O)[C@@]([H])(N([H])C(=O)[C@@]([H])(N([H])C(=O)[C@@]([H])(N([H])C(=O)[C@@]([H])(N([H])C(=O)[C@@]([H])(N([H])[H])C([H])([H])C(=O)O[H])C([H])([H])[H])[C@]([H])(O[H])C([H])([H])[H])C([H])([H])[H])C([H])([H])C([H])([H])C(=O)O[H])C([H])([H])C([H])([H])C(=O)O[H],EVODEX-P25026
EVODEX-N9869,[H]N=C(N([H])[H])N([H])C([H])([H])C([H])([H])C([H])([H])C([H])(C(=O)[N:10]([C:9])[H:52])N([H])C(=O)C([H])(N([H])C(=O)OC([H])([H])C1:C([H]):C([H]):C([H]):C([H]):C:1[H])C([H])([H])C1:C([H]):C([H]):C([H]):C([H]):C:1[H]>>[H][N:10]([C:9])[H:52],"EVODEX-P25030,EVODEX-P25849"
EVODEX-N9870,[H][O:46][H:83]>>[H]N=C(N([H])[H])N([H])C([H])([H])C([H])([H])C([H])([H])[C@@]([H])(C(=O)[O:46][H:83])N([H])C(=O)C([H])(N([H])C(=O)OC([H])([H])C1:C([H]):C([H]):C([H]):C([H]):C:1[H])C([H])([H])C1:C([H]):C([H]):C([H]):C([H]):C:1[H],EVODEX-P25032
EVODEX-N9871,[H]N(C(=O)C([H])([H])[H])[C@]([H])(C(=O)[N:12]([C:13])[H:34])C([H])([H])C([H])([H])SC([H])([H])[H]>>[H][N:12]([C:13])[H:34],EVODEX-P25041
EVODEX-N9872,[H][O:21][H:41]>>[H]N(C(=O)C([H])([H])[H])[C@]([H])(C(=O)[O:21][H:41])C([H])([H])C([H])([H])SC([H])([H])[H],EVODEX-P25043
EVODEX-N9873,[H]N1C(=O)C([H])([H])C([H])([H])[C@@]1([H])C(=O)[N:10]([C:9])[H:28]>>[H][N:10]([C:9])[H:28],"EVODEX-P25047,EVODEX-P25054,EVODEX-P25068,EVODEX-P25071"
EVODEX-N9874,[H]OC(=O)[C@@]([H])(N([H])[H])C([H])([H])C(=O)[N:6]([C:7])[H:27]>>[H][N:6]([C:7])[H:27],"EVODEX-P25061,EVODEX-P27271"
EVODEX-N9875,[H]OC(=O)C([H])([H])N([H])C(=O)[C@@]([H])(N([H])[C:17](=[O:18])[C:19])C([H])([H])C1:C([H]):N:C([H]):N:1[H].[H][O:1][H:42]>>[O:1]([C:17](=[O:18])[C:19])[H:42],EVODEX-P25066
EVODEX-N9876,[H]OC(=O)C([H])([H])N([H])C(=O)[C@@]([H])(N([H])[C:17](=[O:18])[C:19])C([H])([H])C1:C([H]):N:C([H]):N:1[H]>>[H]O[C:17](=[O:18])[C:19],EVODEX-P25067
EVODEX-N9877,[H]C1:N:C([H]):N([H]):C:1C([H])([H])[C@@]([H])(C(=O)N1C([H])([H])C([H])([H])C([H])([H])[C@@]1([H])C(=O)N([H])[H])N([H])[C:19](=[O:20])[C:21].[H][O:27][H:50]>>[C:19](=[O:20])([C:21])[O:27][H:50],EVODEX-P25072
EVODEX-N9878,[H]C1:N:C([H]):N([H]):C:1C([H])([H])[C@@]([H])(C(=O)N1C([H])([H])C([H])([H])C([H])([H])[C@@]1([H])C(=O)N([H])[H])N([H])[C:19](=[O:20])[C:21]>>[H]O[C:19](=[O:20])[C:21],EVODEX-P25073
EVODEX-N9879,[H][O:33][H:53]>>[H]N=C1:N([H]):C(=O):C2:N:C(C([H])([H])N([H])C3:C([H]):C([H]):C(C(=O)[O:33][H:53]):C([H]):C:3[H]):C([H]):N:C:2:N:1[H],EVODEX-P25087
EVODEX-N9880,[H]N=C1:N([H]):C(=O):C2:N:C(C([H])([H])N([H])C3:C([H]):C([H]):C(C(=O)[N:17]([C:18])[H:41]):C([H]):C:3[H]):C([H]):N:C:2:N:1[H]>>[H][N:17]([C:18])[H:41],EVODEX-P25089
EVODEX-N9881,[H]OC(=O)[C@]([H])(N([H])C(=O)[C@@]([H])(N([H])C(=O)[C@]([H])(O[C@@]1([H])[C@]([H])(O[H])[C@@]([H])(C([H])([H])O[H])O[C@]([H])(O[H])[C@]1([H])N([H])C(=O)C([H])([H])[H])C([H])([H])[H])C([H])([H])[H])C([H])([H])C([H])([H])C(=O)[N:23]([C:24])[H:74]>>[H][N:23]([C:24])[H:74],EVODEX-P25092
EVODEX-N9882,[H]OC(=O)[C@@]([H])(N([H])[H])C([H])([H])C([H])([H])C([H])([H])[C@@]([H])(C(=O)N([H])[C@@]([H])(C(=O)O[H])C([H])([H])[H])N([H])[C:21]([C:20])=[O:22].[H][O:52][H:101]>>[C:20][C:21](=[O:22])[O:52][H:101],EVODEX-P25093
EVODEX-N9883,[H][O:52][H:101]>>[H]OC(=O)[C@]([H])(N([H])C(=O)[C@@]([H])(N([H])C(=O)[C@]([H])(O[C@@]1([H])[C@]([H])(O[H])[C@@]([H])(C([H])([H])O[H])O[C@]([H])(O[H])[C@]1([H])N([H])C(=O)C([H])([H])[H])C([H])([H])[H])C([H])([H])[H])C([H])([H])C([H])([H])C(=O)[O:52][H:101],EVODEX-P25094
EVODEX-N9884,[H]OC(=O)[C@@]([H])(N([H])[H])C([H])([H])C([H])([H])C([H])([H])[C@@]([H])(C(=O)N([H])[C@@]([H])(C(=O)O[H])C([H])([H])[H])N([H])[C:21]([C:20])=[O:22]>>[H]O[C:21]([C:20])=[O:22],EVODEX-P25095
EVODEX-N9885,[C:4][C:5](=[O:6])[N:7].[N:26][C:27](=[O:28])[C:29].[H][O:53][H:101].[H][O:54][H:103]>>[C:27](=[O:28])([C:29])[O:54][H:103].[C:4][C:5](=[O:6])[O:53][H:101].[H][N:26].[H][N:7],EVODEX-P25102
EVODEX-N9886,[H]OC(=O)C([H])([H])N([H])C(=O)[C@@]([H])(N([H])[C:5]([C:4])=[O:6])C([H])([H])SC(=O)N([H])C([H])([H])C([H])([H])C([H])([H])C([H])([H])C([H])([H])C([H])([H])N([H])C(=O)SC([H])([H])[C@@]([H])(C(=O)N([H])C([H])([H])C(=O)O[H])N([H])[C:27](=[O:28])[C:29].[H][O:53][H:101].[H][O:54][H:103]>>[C:27](=[O:28])([C:29])[O:54][H:103].[C:4][C:5](=[O:6])[O:53][H:101],EVODEX-P25103
EVODEX-N9887,[H]OC(=O)C([H])([H])N([H])C(=O)[C@@]([H])(N([H])C(=O)C([H])([H])C([H])([H])[C@@]([H])(C(=O)O[H])N([H])[H])C([H])([H])SC(=O)N([H])C([H])([H])C([H])([H])C([H])([H])C([H])([H])C([H])([H])C([H])([H])N([H])C(=O)SC([H])([H])[C@@]([H])(C(=O)N([H])C([H])([H])C(=O)O[H])N([H])[C:27](=[O:28])[C:29]>>[H]O[C:27](=[O:28])[C:29],EVODEX-P25104
EVODEX-N9888,[H]OC(=O)[C@@]([H])(N([H])[H])C([H])([H])C([H])([H])C(=O)[N:26]([C:25])[H:83].[H]OC(=O)[C@@]([H])(N([H])[H])C([H])([H])C([H])([H])C(=O)[N:7]([C:8])[H:62]>>[H][N:26]([C:25])[H:83].[H][N:7]([C:8])[H:62],EVODEX-P25106
EVODEX-N9889,[H]C([H])([H])C([H])([H])C([H])([H])C([H])([H])C([H])([H])C([H])([H])C([H])([H])C([H])([H])C([H])([H])C([H])([H])[S:11][C:12]>>[H][S:11][C:12],EVODEX-P25108
EVODEX-N9890,[H]OC(=O)C([H])([H])N([H])C(=O)[C@@]([H])(N([H])C(=O)C([H])([H])C([H])([H])[C@@]([H])(C(=O)O[H])N([H])[H])C([H])([H])S[C:10]([C:9])([H:51])[H:52].[H][O:31][H:69]>>[C:9][C:10]([O:31][H:69])([H:51])[H:52],EVODEX-P25109
EVODEX-N9891,[H][O:31][H:69]>>[H]C([H])([H])C([H])([H])C([H])([H])C([H])([H])C([H])([H])C([H])([H])C([H])([H])C([H])([H])C([H])([H])C([H])([H])[O:31][H:69],EVODEX-P25110
EVODEX-N9892,[H]OC(=O)C([H])([H])N([H])C(=O)[C@@]([H])(N([H])C(=O)C([H])([H])C([H])([H])[C@@]([H])(C(=O)O[H])N([H])[H])C([H])([H])S[C:10]([C:9])([H:51])[H:52]>>[H]O[C:10]([C:9])([H:51])[H:52],EVODEX-P25111
EVODEX-N9893,[H]OC(=O)C([H])([H])N([H])C(=O)[C@]([H])(N([H])C(=O)C([H])([H])C([H])([H])[C@@]([H])(C(=O)O[H])N([H])[H])C([H])([H])[S:11][C:10]>>[H][S:11][C:10],EVODEX-P25114
EVODEX-N9894,[H]C([H])([H])C([H])([H])C([H])([H])C([H])([H])C([H])([H])C([H])([H])C([H])([H])C([H])([H])C([H])([H])C([H])([H])S[C:12]([C:13])([H:53])[H:54].[H][O:31][H:69]>>[C:12]([C:13])([O:31][H:69])([H:53])[H:54],EVODEX-P25115
EVODEX-N9895,[H][O:31][H:69]>>[H]OC(=O)C([H])([H])N([H])C(=O)[C@]([H])(N([H])C(=O)C([H])([H])C([H])([H])[C@@]([H])(C(=O)O[H])N([H])[H])C([H])([H])[O:31][H:69],EVODEX-P25116
EVODEX-N9896,[H]C([H])([H])C([H])([H])C([H])([H])C([H])([H])C([H])([H])C([H])([H])C([H])([H])C([H])([H])C([H])([H])C([H])([H])S[C:12]([C:13])([H:53])[H:54]>>[H]O[C:12]([C:13])([H:53])[H:54],EVODEX-P25117
EVODEX-N9897,[H]O/N=C(/SC([H])([H])[C@@]([H])(C(=O)N([H])C([H])([H])C(=O)O[H])N([H])[C:5]([C:4])=[O:6])C([H])([H])C1:C([H]):N([H]):C2:C([H]):C([H]):C([H]):C([H]):C:1:2.[H][O:34][H:60]>>[C:4][C:5](=[O:6])[O:34][H:60],EVODEX-P25121
EVODEX-N9898,[H]O/N=C(/SC([H])([H])[C@@]([H])(C(=O)N([H])C([H])([H])C(=O)O[H])N([H])[C:5]([C:4])=[O:6])C([H])([H])C1:C([H]):N([H]):C2:C([H]):C([H]):C([H]):C([H]):C:1:2>>[H]O[C:5]([C:4])=[O:6],EVODEX-P25122
EVODEX-N9899,[H]OC(=O)C([H])([H])N([H])C(=O)[C@@]([H])(N([H])[C:8](=[O:9])[C:10])C([H])([H])SC([H])(C#N)C1:C([H]):N([H]):C2:C([H]):C([H]):C([H]):C([H]):C:1:2.[H][O:33][H:57]>>[C:8](=[O:9])([C:10])[O:33][H:57],EVODEX-P25126
EVODEX-N9900,[H]OC(=O)C([H])([H])N([H])C(=O)[C@@]([H])(N([H])[C:8](=[O:9])[C:10])C([H])([H])SC([H])(C#N)C1:C([H]):N([H]):C2:C([H]):C([H]):C([H]):C([H]):C:1:2>>[H]O[C:8](=[O:9])[C:10],EVODEX-P25127
EVODEX-N9901,[H]OC1:C([H]):C([H]):C(C([H])([H])[C@@]([H])(C(=O)O[C:2]([C:1])([H:23])[H:24])N([H])C(=O)C([H])([H])[H]):C([H]):C:1[H].[H][O:19][H:37]>>[C:1][C:2]([O:19][H:37])([H:23])[H:24],EVODEX-P25131
EVODEX-N9902,[H]OC1:C([H]):C([H]):C(C([H])([H])[C@@]([H])(C(=O)O[C:2]([C:1])([H:23])[H:24])N([H])C(=O)C([H])([H])[H]):C([H]):C:1[H]>>[H]O[C:2]([C:1])([H:23])[H:24],EVODEX-P25132
EVODEX-N9903,[H]OC1:C([H]):C([H]):C(C([H])([H])[C@@]([H])(C(=O)O[C:2]([C:1])([H:20])[H:21])N([H])[H]):C([H]):C:1[H].[H][O:16][H:32]>>[C:1][C:2]([O:16][H:32])([H:20])[H:21],EVODEX-P25136
EVODEX-N9904,[H]OC1:C([H]):C([H]):C(C([H])([H])[C@@]([H])(C(=O)O[C:2]([C:1])([H:20])[H:21])N([H])[H]):C([H]):C:1[H]>>[H]O[C:2]([C:1])([H:20])[H:21],EVODEX-P25137
EVODEX-N9905,[H]OC(=O)C([H])([H])C([H])([H])C(=O)N([H])[C@]([H])(C(=O)N([H])[C@]([H])(C(=O)N1C([H])([H])C([H])([H])C([H])([H])[C@@]1([H])C(=O)N([H])[C@]([H])(C(=O)[N:36]([C:37])[H:78])C([H])([H])C1:C([H]):C([H]):C([H]):C([H]):C:1[H])C([H])([H])[H])C([H])([H])[H]>>[H][N:36]([C:37])[H:78],EVODEX-P25140
EVODEX-N9906,[H][O:46][H:83]>>[H]OC(=O)C([H])([H])C([H])([H])C(=O)N([H])[C@]([H])(C(=O)N([H])[C@]([H])(C(=O)N1C([H])([H])C([H])([H])C([H])([H])[C@@]1([H])C(=O)N([H])[C@]([H])(C(=O)[O:46][H:83])C([H])([H])C1:C([H]):C([H]):C([H]):C([H]):C:1[H])C([H])([H])[H])C([H])([H])[H],EVODEX-P25142
EVODEX-N9907,[H]OC1:C([H]):C([H]):C(C([H])([H])[C@@]([H])(C(=O)O[C:1]([H:19])([H:20])[H:21])N([H])C(=O)C([H])([H])[H]):C([H]):C:1[H].[H][O:18][H:34]>>[C:1]([O:18][H:34])([H:19])([H:20])[H:21],EVODEX-P25147
EVODEX-N9908,[H]OC1:C([H]):C([H]):C(C([H])([H])[C@@]([H])(C(=O)O[C:1]([H:19])([H:20])[H:21])N([H])C(=O)C([H])([H])[H]):C([H]):C:1[H]>>[H]O[C:1]([H:19])([H:20])[H:21],EVODEX-P25148
EVODEX-N9909,[H]N=C(N([H])[H])N([H])C([H])([H])C([H])([H])C([H])([H])C([H])(C(=O)[O:20][H:54])N([H])C(=O)C1:C([H]):C([H]):C([H]):C([H]):C:1[H]>>[H][O:20][H:54],EVODEX-P25151
EVODEX-N9910,[H][N:21]([C:22])[H:31]>>[H]N=C(N([H])[H])N([H])C([H])([H])C([H])([H])C([H])([H])C([H])(C(=O)[N:21]([C:22])[H:31])N([H])C(=O)C1:C([H]):C([H]):C([H]):C([H]):C:1[H],EVODEX-P25154
EVODEX-N9911,[H][O:40][H:75]>>[H]N=C(N([H])[H])N([H])C([H])([H])C([H])([H])C([H])([H])[C@@]([H])(C(=O)[O:40][H:75])N([H])C(=O)[C@@]1([H])N(C(=O)[C@]([H])(N([H])[H])C([H])([H])C2:C([H]):C([H]):C([H]):C([H]):C:2[H])C([H])([H])C([H])([H])C1([H])[H],EVODEX-P25158
EVODEX-N9912,[H]N=C(N([H])[H])N([H])C([H])([H])C([H])([H])C([H])([H])[C@@]([H])(C(=O)[N:30]([C:31])[H:70])N([H])C(=O)[C@@]1([H])N(C(=O)[C@]([H])(N([H])[H])C([H])([H])C2:C([H]):C([H]):C([H]):C([H]):C:2[H])C([H])([H])C([H])([H])C1([H])[H]>>[H][N:30]([C:31])[H:70],EVODEX-P25160
EVODEX-N9913,[H]C1:C([H]):C([H]):C(C([H])([H])[C@@]([H])(C(=O)[N:30]([C:31])[H:67])N([H])C(=O)[C@@]2([H])N(C(=O)[C@]([H])(N([H])[H])C([H])([H])C3:C([H]):C([H]):C([H]):C([H]):C:3[H])C([H])([H])C([H])([H])C2([H])[H]):C([H]):C:1[H]>>[H][N:30]([C:31])[H:67],EVODEX-P25163
EVODEX-N9914,[H][O:40][H:72]>>[H]C1:C([H]):C([H]):C(C([H])([H])[C@@]([H])(C(=O)[O:40][H:72])N([H])C(=O)[C@@]2([H])N(C(=O)[C@]([H])(N([H])[H])C([H])([H])C3:C([H]):C([H]):C([H]):C([H]):C:3[H])C([H])([H])C([H])([H])C2([H])[H]):C([H]):C:1[H],EVODEX-P25165
EVODEX-N9915,[H]N=C(N([H])[H])N([H])C([H])([H])C([H])([H])C([H])([H])[C@@]([H])(C(=O)[N:41]([C:42])[H:90])N([H])C(=O)C([H])([H])N([H])C(=O)[C@@]([H])(N([H])C(=O)[C@@]([H])(N([H])C(=O)C1:C([H]):C([H]):C([H]):C([H]):C:1[H])[C@@]([H])(C([H])([H])[H])C([H])([H])C([H])([H])[H])C([H])([H])C([H])([H])C(=O)O[H]>>[H][N:41]([C:42])[H:90],EVODEX-P25169
EVODEX-N9916,[H][O:51][H:95]>>[H]N=C(N([H])[H])N([H])C([H])([H])C([H])([H])C([H])([H])[C@@]([H])(C(=O)[O:51][H:95])N([H])C(=O)C([H])([H])N([H])C(=O)[C@@]([H])(N([H])C(=O)[C@@]([H])(N([H])C(=O)C1:C([H]):C([H]):C([H]):C([H]):C:1[H])[C@@]([H])(C([H])([H])[H])C([H])([H])C([H])([H])[H])C([H])([H])C([H])([H])C(=O)O[H],EVODEX-P25171
EVODEX-N9917,[H]N=C(N([H])[H])N([H])C([H])([H])C([H])([H])C([H])([H])[C@@]([H])(C(=O)[N:29]([C:30])[H:73])N([H])C(=O)[C@@]([H])(N([H])C(=O)[C@]([H])(N([H])[H])C([H])([H])C1([H])C([H])([H])C([H])([H])C([H])(O[H])C([H])([H])C1([H])[H])C([H])([H])[H]>>[H][N:29]([C:30])[H:73],EVODEX-P25175
EVODEX-N9918,[H][O:39][H:78]>>[H]N=C(N([H])[H])N([H])C([H])([H])C([H])([H])C([H])([H])[C@@]([H])(C(=O)[O:39][H:78])N([H])C(=O)[C@@]([H])(N([H])C(=O)[C@]([H])(N([H])[H])C([H])([H])C1([H])C([H])([H])C([H])([H])C([H])(O[H])C([H])([H])C1([H])[H])C([H])([H])[H],EVODEX-P25177
EVODEX-N9919,[H]N=C(N([H])[H])N([H])C([H])([H])C([H])([H])C([H])([H])[C@@]([H])(C(=O)[N:36]([C:28])[H:148])N([H])C(=O)[C@@]([H])(N([H])C(=O)[C@@]([H])(N([H])C(=O)C([H])([H])N([H])C(=O)[C@@]([H])(N([H])C(=O)C([H])([H])N([H])C(=O)C([H])([H])N([H])C(=O)[C@@]([H])(N([H])[H])C([H])([H])C([H])(C([H])([H])[H])C([H])([H])[H])C([H])([H])O[H])[C@]([H])(O[H])C([H])([H])[H])C([H])([H])C([H])([H])C(=O)N([H])[H]>>[H][N:36]([C:28])[H:148],EVODEX-P25181
EVODEX-N9920,[H]N=C(N([H])[H])N([H])C([H])([H])C([H])([H])C([H])([H])[C@@]([H])(C(=O)N([H])[C@]([H])(C(=O)N([H])[C@]([H])(C(=O)O[H])C([H])([H])C([H])([H])C(=O)O[H])C([H])([H])C([H])(C([H])([H])[H])C([H])([H])[H])N([H])C(=O)[C@@]([H])(N([H])C(=O)[C@@]([H])(N([H])[C:37](=[O:38])[C:39])C([H])([H])C([H])([H])C([H])([H])N([H])C(=N[H])N([H])[H])C([H])([H])C([H])(C([H])([H])[H])C([H])([H])[H].[H][O:102][H:210]>>[C:37](=[O:38])([C:39])[O:102][H:210],EVODEX-P25182
EVODEX-N9921,[H][O:102][H:210]>>[H]N=C(N([H])[H])N([H])C([H])([H])C([H])([H])C([H])([H])[C@@]([H])(C(=O)[O:102][H:210])N([H])C(=O)[C@@]([H])(N([H])C(=O)[C@@]([H])(N([H])C(=O)C([H])([H])N([H])C(=O)[C@@]([H])(N([H])C(=O)C([H])([H])N([H])C(=O)C([H])([H])N([H])C(=O)[C@@]([H])(N([H])[H])C([H])([H])C([H])(C([H])([H])[H])C([H])([H])[H])C([H])([H])O[H])[C@]([H])(O[H])C([H])([H])[H])C([H])([H])C([H])([H])C(=O)N([H])[H],EVODEX-P25183
EVODEX-N9922,[H]N=C(N([H])[H])N([H])C([H])([H])C([H])([H])C([H])([H])[C@@]([H])(C(=O)N([H])[C@]([H])(C(=O)N([H])[C@]([H])(C(=O)O[H])C([H])([H])C([H])([H])C(=O)O[H])C([H])([H])C([H])(C([H])([H])[H])C([H])([H])[H])N([H])C(=O)[C@@]([H])(N([H])C(=O)[C@@]([H])(N([H])[C:37](=[O:38])[C:39])C([H])([H])C([H])([H])C([H])([H])N([H])C(=N[H])N([H])[H])C([H])([H])C([H])(C([H])([H])[H])C([H])([H])[H]>>[H]O[C:37](=[O:38])[C:39],EVODEX-P25184
EVODEX-N9923,[H]N=C(N([H])[H])N([H])C([H])([H])C([H])([H])C([H])([H])[C@@]([H])(C(=O)[N:19]([C:18])[H:119])N([H])C(=O)[C@@]([H])(N([H])C(=O)[C@@]([H])(N([H])C(=O)[C@@]([H])(N([H])C(=O)C([H])([H])N([H])C(=O)[C@@]([H])(N([H])C(=O)C([H])([H])N([H])C(=O)C([H])([H])N([H])C(=O)[C@@]([H])(N([H])[H])C([H])([H])C([H])(C([H])([H])[H])C([H])([H])[H])C([H])([H])O[H])C([H])([H])[H])C([H])([H])C(=O)N([H])[H])C([H])([H])C1:C([H]):C([H]):C([H]):C([H]):C:1[H]>>[H][N:19]([C:18])[H:119],EVODEX-P25187
EVODEX-N9924,[H]OC(=O)C([H])([H])C([H])([H])[C@@]([H])(C(=O)O[H])N([H])C(=O)[C@@]([H])(N([H])C(=O)[C@@]([H])(N([H])C(=O)C([H])([H])N([H])[C:20](=[O:21])[C:22])C([H])([H])C([H])([H])C([H])([H])C([H])([H])N([H])[H])C([H])([H])C([H])(C([H])([H])[H])C([H])([H])[H].[H][O:93][H:186]>>[C:20](=[O:21])([C:22])[O:93][H:186],EVODEX-P25188
EVODEX-N9925,[H][O:93][H:186]>>[H]N=C(N([H])[H])N([H])C([H])([H])C([H])([H])C([H])([H])[C@@]([H])(C(=O)[O:93][H:186])N([H])C(=O)[C@@]([H])(N([H])C(=O)[C@@]([H])(N([H])C(=O)[C@@]([H])(N([H])C(=O)C([H])([H])N([H])C(=O)[C@@]([H])(N([H])C(=O)C([H])([H])N([H])C(=O)C([H])([H])N([H])C(=O)[C@@]([H])(N([H])[H])C([H])([H])C([H])(C([H])([H])[H])C([H])([H])[H])C([H])([H])O[H])C([H])([H])[H])C([H])([H])C(=O)N([H])[H])C([H])([H])C1:C([H]):C([H]):C([H]):C([H]):C:1[H],EVODEX-P25189
EVODEX-N9926,[H]OC(=O)C([H])([H])C([H])([H])[C@@]([H])(C(=O)O[H])N([H])C(=O)[C@@]([H])(N([H])C(=O)[C@@]([H])(N([H])C(=O)C([H])([H])N([H])[C:20](=[O:21])[C:22])C([H])([H])C([H])([H])C([H])([H])C([H])([H])N([H])[H])C([H])([H])C([H])(C([H])([H])[H])C([H])([H])[H]>>[H]O[C:20](=[O:21])[C:22],EVODEX-P25190
EVODEX-N9927,[H]OC(=O)C([H])([H])[C@@]([H])(C(=O)N([H])[C@]([H])(C(=O)N([H])[C@]([H])(C(=O)[N:6]([C:5])[H:74])C([H])([H])C([H])([H])C([H])([H])C([H])([H])N([H])[H])C([H])([H])C(=O)O[H])N([H])C(=O)[C@@]([H])(N([H])C(=O)[C@@]([H])(N([H])C(=O)[C@@]([H])(N([H])[H])C([H])(C([H])([H])[H])C([H])([H])[H])C([H])([H])[H])C([H])([H])[H]>>[H][N:6]([C:5])[H:74],EVODEX-P25193
EVODEX-N9928,[H]OC(=O)C([H])([H])N([H])C(=O)[C@@]([H])(N([H])C(=O)[C@@]([H])(N([H])[C:7](=[O:8])[C:9])[C@@]([H])(C([H])([H])[H])C([H])([H])C([H])([H])[H])C([H])(C([H])([H])[H])C([H])([H])[H].[H][O:63][H:130]>>[C:7](=[O:8])([C:9])[O:63][H:130],"EVODEX-P25194,EVODEX-P25200"
EVODEX-N9929,[H][O:63][H:130]>>[H]OC(=O)C([H])([H])[C@@]([H])(C(=O)N([H])[C@]([H])(C(=O)N([H])[C@]([H])(C(=O)[O:63][H:130])C([H])([H])C([H])([H])C([H])([H])C([H])([H])N([H])[H])C([H])([H])C(=O)O[H])N([H])C(=O)[C@@]([H])(N([H])C(=O)[C@@]([H])(N([H])C(=O)[C@@]([H])(N([H])[H])C([H])(C([H])([H])[H])C([H])([H])[H])C([H])([H])[H])C([H])([H])[H],EVODEX-P25195
EVODEX-N9930,[H]OC(=O)C([H])([H])N([H])C(=O)[C@@]([H])(N([H])C(=O)[C@@]([H])(N([H])[C:7](=[O:8])[C:9])[C@@]([H])(C([H])([H])[H])C([H])([H])C([H])([H])[H])C([H])(C([H])([H])[H])C([H])([H])[H]>>[H]O[C:7](=[O:8])[C:9],"EVODEX-P25196,EVODEX-P25202"
EVODEX-N9931,[H]OC(=O)C([H])([H])[C@@]([H])(C(=O)N([H])[C@]([H])(C(=O)N([H])[C@]([H])(C(=O)[N:6]([C:5])[H:71])C([H])([H])C([H])([H])C([H])([H])C([H])([H])N([H])[H])C([H])([H])[H])N([H])C(=O)[C@@]([H])(N([H])C(=O)[C@@]([H])(N([H])C(=O)[C@@]([H])(N([H])[H])C([H])(C([H])([H])[H])C([H])([H])[H])C([H])([H])[H])C([H])([H])[H]>>[H][N:6]([C:5])[H:71],EVODEX-P25199
EVODEX-N9932,[H][O:60][H:127]>>[H]OC(=O)C([H])([H])[C@@]([H])(C(=O)N([H])[C@]([H])(C(=O)N([H])[C@]([H])(C(=O)[O:60][H:127])C([H])([H])C([H])([H])C([H])([H])C([H])([H])N([H])[H])C([H])([H])[H])N([H])C(=O)[C@@]([H])(N([H])C(=O)[C@@]([H])(N([H])C(=O)[C@@]([H])(N([H])[H])C([H])(C([H])([H])[H])C([H])([H])[H])C([H])([H])[H])C([H])([H])[H],EVODEX-P25201
EVODEX-N9933,[H]OC(=O)C([H])([H])C([H])([H])C(=O)N([H])[C@]([H])(C(=O)N([H])[C@]([H])(C(=O)N1C([H])([H])C([H])([H])C([H])([H])[C@@]1([H])C(=O)N([H])[C@]([H])(C(=O)[N:30]([C:31])[H:68])C([H])([H])[H])C([H])([H])[H])C([H])([H])[H]>>[H][N:30]([C:31])[H:68],EVODEX-P25205
EVODEX-N9934,[H][O:40][H:73]>>[H]OC(=O)C([H])([H])C([H])([H])C(=O)N([H])[C@]([H])(C(=O)N([H])[C@]([H])(C(=O)N1C([H])([H])C([H])([H])C([H])([H])[C@@]1([H])C(=O)N([H])[C@]([H])(C(=O)[O:40][H:73])C([H])([H])[H])C([H])([H])[H])C([H])([H])[H],EVODEX-P25207
EVODEX-N9935,[H]OC(=O)C([H])([H])C([H])([H])[C@@]([H])(C(=O)[O:17][C:18])N([H])C(=O)OC(C([H])([H])[H])(C([H])([H])[H])C([H])([H])[H]>>[H][O:17][C:18],EVODEX-P25211
EVODEX-N9936,[H][O:24][H:46]>>[H]OC(=O)C([H])([H])C([H])([H])[C@@]([H])(C(=O)[O:24][H:46])N([H])C(=O)OC(C([H])([H])[H])(C([H])([H])[H])C([H])([H])[H],EVODEX-P25213
EVODEX-N9937,[H]OC(=O)C([H])([H])C([H])([H])[C@@]([H])(C(=O)[S:2][C:1])N([H])C(=O)OC([H])([H])C1:C([H]):C([H]):C([H]):C([H]):C:1[H]>>[H][S:2][C:1],EVODEX-P25217
EVODEX-N9938,[H]C([H])([H])S[C:3](=[O:4])[C:5].[H][O:22][H:40]>>[C:3](=[O:4])([C:5])[O:22][H:40],EVODEX-P25218
EVODEX-N9939,[H][O:22][H:40]>>[H]OC(=O)C([H])([H])C([H])([H])[C@@]([H])(C(=O)[O:22][H:40])N([H])C(=O)OC([H])([H])C1:C([H]):C([H]):C([H]):C([H]):C:1[H],EVODEX-P25219
EVODEX-N9940,[H]C([H])([H])S[C:3](=[O:4])[C:5]>>[H]O[C:3](=[O:4])[C:5],EVODEX-P25220
EVODEX-N9941,[H][O:1][H:83]>>[H]OC(=O)C([H])([H])C([H])([H])C(=O)N([H])[C@]([H])(C(=O)N1C([H])([H])C([H])([H])C([H])([H])[C@@]1([H])C(=O)N([H])[C@]([H])(C(=O)[O:1][H:83])C([H])([H])C1:C([H]):C([H]):C([H]):C([H]):C:1[H])C([H])([H])C1:C([H]):C([H]):C([H]):C([H]):C:1[H],EVODEX-P25224
EVODEX-N9942,[H]OC(=O)C([H])([H])C([H])([H])C(=O)N([H])[C@]([H])(C(=O)N1C([H])([H])C([H])([H])C([H])([H])[C@@]1([H])C(=O)N([H])[C@]([H])(C(=O)[N:38]([C:39])[H:78])C([H])([H])C1:C([H]):C([H]):C([H]):C([H]):C:1[H])C([H])([H])C1:C([H]):C([H]):C([H]):C([H]):C:1[H]>>[H][N:38]([C:39])[H:78],EVODEX-P25226
EVODEX-N9943,[H][O:40][H:75]>>[H]N=C(N([H])[H])N([H])C([H])([H])C([H])([H])C([H])([H])[C@@]([H])(C(=O)[O:40][H:75])N([H])C(=O)[C@@]([H])(N([H])C(=O)[C@]1([H])N([H])C([H])([H])C([H])([H])C1([H])[H])C([H])([H])C1:C([H]):C([H]):C([H]):C([H]):C:1[H],EVODEX-P25230
EVODEX-N9944,[H]N=C(N([H])[H])N([H])C([H])([H])C([H])([H])C([H])([H])[C@@]([H])(C(=O)[N:30]([C:31])[H:70])N([H])C(=O)[C@@]([H])(N([H])C(=O)[C@]1([H])N([H])C([H])([H])C([H])([H])C1([H])[H])C([H])([H])C1:C([H]):C([H]):C([H]):C([H]):C:1[H]>>[H][N:30]([C:31])[H:70],"EVODEX-P25232,EVODEX-P25821"
EVODEX-N9945,[H]N=C(N([H])[H])N([H])C([H])([H])C([H])([H])C([H])([H])[C@@]([H])(C(=O)[N:28]([C:29])[H:72])N([H])C(=O)[C@@]([H])(N([H])C(=O)[C@]([H])(N([H])[H])C1([H])C([H])([H])C([H])([H])C([H])([H])C([H])([H])C1([H])[H])C([H])([H])C([H])([H])[H]>>[H][N:28]([C:29])[H:72],EVODEX-P25235
EVODEX-N9946,[H][O:38][H:77]>>[H]N=C(N([H])[H])N([H])C([H])([H])C([H])([H])C([H])([H])[C@@]([H])(C(=O)[O:38][H:77])N([H])C(=O)[C@@]([H])(N([H])C(=O)[C@]([H])(N([H])[H])C1([H])C([H])([H])C([H])([H])C([H])([H])C([H])([H])C1([H])[H])C([H])([H])C([H])([H])[H],EVODEX-P25237
EVODEX-N9947,[H]N=C(N([H])[H])N([H])C([H])([H])C([H])([H])C([H])([H])[C@@]([H])(C(=O)[N:24]([C:25])[H:67])N([H])C(=O)[C@]([H])(C1:C([H]):C([H]):C([H]):C([H]):C:1[H])N([H])C(=O)[C@]([H])(N([H])[H])C([H])([H])C([H])(C([H])([H])[H])C([H])([H])[H]>>[H][N:24]([C:25])[H:67],EVODEX-P25241
EVODEX-N9948,[H][O:40][H:77]>>[H]N=C(N([H])[H])N([H])C([H])([H])C([H])([H])C([H])([H])[C@@]([H])(C(=O)[O:40][H:77])N([H])C(=O)[C@]([H])(C1:C([H]):C([H]):C([H]):C([H]):C:1[H])N([H])C(=O)[C@]([H])(N([H])[H])C([H])([H])C([H])(C([H])([H])[H])C([H])([H])[H],EVODEX-P25243
EVODEX-N9949,[H]N=C(N([H])[H])N([H])C([H])([H])C([H])([H])C([H])([H])[C@@]([H])(C(=O)[N:10]([C:9])[H:49])N([H])C(=O)C([H])([H])N([H])C(=O)[C@]([H])(N([H])S(=O)(=O)C([H])([H])[H])C1([H])C([H])([H])C([H])([H])C([H])([H])C([H])([H])C1([H])[H]>>[H][N:10]([C:9])[H:49],EVODEX-P25247
EVODEX-N9950,[H][O:43][H:83]>>[H]N=C(N([H])[H])N([H])C([H])([H])C([H])([H])C([H])([H])[C@@]([H])(C(=O)[O:43][H:83])N([H])C(=O)C([H])([H])N([H])C(=O)[C@]([H])(N([H])S(=O)(=O)C([H])([H])[H])C1([H])C([H])([H])C([H])([H])C([H])([H])C([H])([H])C1([H])[H],EVODEX-P25249
EVODEX-N9951,[H]OC(=O)C([H])([H])C([H])([H])[C@@]([H])(C(=O)[N:21]([C:22])[H:48])N([H])C(=O)OC([H])([H])C1:C([H]):C([H]):C([H]):C([H]):C:1[H]>>[H][N:21]([C:22])[H:48],"EVODEX-P25255,EVODEX-P25260"
EVODEX-N9952,[H]OC1:C([H]):C([H]):C(C([H])([H])[C@@]([H])(C(=O)N2C([H])([H])C([H])([H])C([H])([H])[C@]2([H])C(=O)[N:36]([C:37])[H:128])N([H])C(=O)[C@@]([H])(N([H])C(=O)[C@@]([H])(N([H])C(=O)[C@@]([H])(N([H])[H])C([H])([H])C([H])(C([H])([H])[H])C([H])([H])[H])C([H])(C([H])([H])[H])C([H])([H])[H])C([H])(C([H])([H])[H])C([H])([H])[H]):C([H]):C:1[H]>>[H][N:36]([C:37])[H:128],EVODEX-P25263
EVODEX-N9953,[H]N=C(N([H])[H])N([H])C([H])([H])C([H])([H])C([H])([H])[C@@]([H])(C(=O)N([H])[C@]([H])(C(=O)O[H])C([H])([H])C1:C([H]):C([H]):C([H]):C([H]):C:1[H])N([H])C(=O)[C@@]([H])(N([H])C(=O)[C@@]([H])(N([H])C(=O)[C@@]([H])(N([H])[C:34]([C:33])=[O:35])C([H])([H])C1:C([H]):N([H]):C2:C([H]):C([H]):C([H]):C([H]):C:1:2)[C@]([H])(O[H])C([H])([H])[H])C([H])([H])C([H])([H])C(=O)N([H])[H].[H][O:95][H:189]>>[C:33][C:34](=[O:35])[O:95][H:189],EVODEX-P25264
EVODEX-N9954,[H][O:95][H:189]>>[H]OC1:C([H]):C([H]):C(C([H])([H])[C@@]([H])(C(=O)N2C([H])([H])C([H])([H])C([H])([H])[C@]2([H])C(=O)[O:95][H:189])N([H])C(=O)[C@@]([H])(N([H])C(=O)[C@@]([H])(N([H])C(=O)[C@@]([H])(N([H])[H])C([H])([H])C([H])(C([H])([H])[H])C([H])([H])[H])C([H])(C([H])([H])[H])C([H])([H])[H])C([H])(C([H])([H])[H])C([H])([H])[H]):C([H]):C:1[H],EVODEX-P25265
EVODEX-N9955,[H]N=C(N([H])[H])N([H])C([H])([H])C([H])([H])C([H])([H])[C@@]([H])(C(=O)N([H])[C@]([H])(C(=O)O[H])C([H])([H])C1:C([H]):C([H]):C([H]):C([H]):C:1[H])N([H])C(=O)[C@@]([H])(N([H])C(=O)[C@@]([H])(N([H])C(=O)[C@@]([H])(N([H])[C:34]([C:33])=[O:35])C([H])([H])C1:C([H]):N([H]):C2:C([H]):C([H]):C([H]):C([H]):C:1:2)[C@]([H])(O[H])C([H])([H])[H])C([H])([H])C([H])([H])C(=O)N([H])[H]>>[H]O[C:34]([C:33])=[O:35],EVODEX-P25266
EVODEX-N9956,[H]C1:C([H]):C([H]):C(C([H])([H])OC(=O)N2C([H])([H])C([H])([H])C([H])([H])[C@@]2([H])C(=O)[O:4][C:5]):C([H]):C:1[H]>>[H][O:4][C:5],EVODEX-P25269
EVODEX-N9957,[H]N=C(N([H])[H])N([H])C([H])([H])C([H])([H])C([H])([H])[C@@]([H])(C(=O)[N:10]([C:9])[H:39])N([H])C(=O)C([H])([H])N([H])C(=O)C([H])([H])N([H])[H]>>[H][N:10]([C:9])[H:39],EVODEX-P25274
EVODEX-N9958,[H][O:33][H:61]>>[H]N=C(N([H])[H])N([H])C([H])([H])C([H])([H])C([H])([H])[C@@]([H])(C(=O)[O:33][H:61])N([H])C(=O)C([H])([H])N([H])C(=O)C([H])([H])N([H])[H],EVODEX-P25276
EVODEX-N9959,[H]N=C(N([H])[H])N([H])C([H])([H])C([H])([H])C([H])([H])[C@@]([H])(C(=O)[N:27]([C:28])[H:69])N([H])C(=O)[C@]1([H])N(C(=O)[C@@]([H])(N([H])[H])[C@@]([H])(C([H])([H])[H])C([H])([H])C([H])([H])[H])C([H])([H])C([H])([H])C1([H])[H]>>[H][N:27]([C:28])[H:69],EVODEX-P25280
EVODEX-N9960,[H][O:37][H:74]>>[H]N=C(N([H])[H])N([H])C([H])([H])C([H])([H])C([H])([H])[C@@]([H])(C(=O)[O:37][H:74])N([H])C(=O)[C@]1([H])N(C(=O)[C@@]([H])(N([H])[H])[C@@]([H])(C([H])([H])[H])C([H])([H])C([H])([H])[H])C([H])([H])C([H])([H])C1([H])[H],EVODEX-P25282
EVODEX-N9961,[H][O:48][H:87]>>[H]N=C(N([H])[H])N([H])C([H])([H])C([H])([H])C([H])([H])[C@@]([H])(C(=O)[O:48][H:87])N([H])C(=O)[C@@]([H])(N([H])C(=O)[C@@]1([H])N(C(=O)C2:C([H]):C([H]):C([H]):C([H]):C:2[H])C([H])([H])C([H])([H])C1([H])[H])C([H])([H])C1:C([H]):C([H]):C([H]):C([H]):C:1[H],EVODEX-P25287
EVODEX-N9962,[H]N=C(N([H])[H])N([H])C([H])([H])C([H])([H])C([H])([H])[C@@]([H])(C(=O)[N:38]([C:39])[H:82])N([H])C(=O)[C@@]([H])(N([H])C(=O)[C@@]1([H])N(C(=O)C2:C([H]):C([H]):C([H]):C([H]):C:2[H])C([H])([H])C([H])([H])C1([H])[H])C([H])([H])C1:C([H]):C([H]):C([H]):C([H]):C:1[H]>>[H][N:38]([C:39])[H:82],EVODEX-P25289
EVODEX-N9963,[H]OC(=O)C([H])([H])[C@@]([H])(C(=O)N([H])[C@]([H])(C(=O)N([H])[C@]([H])(C(=O)N([H])[C@]([H])(C(=O)[N:43]([C:38])[H:169])C([H])([H])C([H])(C([H])([H])[H])C([H])([H])[H])C([H])([H])C(=O)N([H])[H])C([H])([H])C(=O)O[H])N([H])C(=O)[C@@]([H])(N([H])C(=O)[C@@]([H])(N([H])C(=O)[C@@]([H])(N([H])[H])C([H])([H])C1:C([H]):N([H]):C2:C([H]):C([H]):C([H]):C([H]):C:1:2)C([H])([H])C(=O)O[H])C([H])([H])C(=O)O[H]>>[H][N:43]([C:38])[H:169],EVODEX-P25292
EVODEX-N9964,[H]N=C(N([H])[H])N([H])C([H])([H])C([H])([H])C([H])([H])[C@@]([H])(C(=O)O[H])N([H])C(=O)[C@@]([H])(N([H])C(=O)[C@@]1([H])N(C(=O)[C@@]([H])(N([H])C(=O)[C@@]([H])(N([H])C(=O)[C@@]([H])(N([H])C(=O)[C@@]([H])(N([H])C(=O)[C@@]([H])(N([H])[C:44](=[O:45])[C:46])C([H])([H])C([H])(C([H])([H])[H])C([H])([H])[H])C([H])(C([H])([H])[H])C([H])([H])[H])C([H])([H])S[H])C([H])([H])C(=O)O[H])C([H])(C([H])([H])[H])C([H])([H])[H])C([H])([H])C([H])([H])C1([H])[H])C([H])(C([H])([H])[H])C([H])([H])C([H])([H])[H].[H][O:126][H:245]>>[C:44](=[O:45])([C:46])[O:126][H:245],EVODEX-P25293
EVODEX-N9965,[H][O:126][H:245]>>[H]OC(=O)C([H])([H])[C@@]([H])(C(=O)N([H])[C@]([H])(C(=O)N([H])[C@]([H])(C(=O)N([H])[C@]([H])(C(=O)[O:126][H:245])C([H])([H])C([H])(C([H])([H])[H])C([H])([H])[H])C([H])([H])C(=O)N([H])[H])C([H])([H])C(=O)O[H])N([H])C(=O)[C@@]([H])(N([H])C(=O)[C@@]([H])(N([H])C(=O)[C@@]([H])(N([H])[H])C([H])([H])C1:C([H]):N([H]):C2:C([H]):C([H]):C([H]):C([H]):C:1:2)C([H])([H])C(=O)O[H])C([H])([H])C(=O)O[H],EVODEX-P25294
EVODEX-N9966,[H]N=C(N([H])[H])N([H])C([H])([H])C([H])([H])C([H])([H])[C@@]([H])(C(=O)O[H])N([H])C(=O)[C@@]([H])(N([H])C(=O)[C@@]1([H])N(C(=O)[C@@]([H])(N([H])C(=O)[C@@]([H])(N([H])C(=O)[C@@]([H])(N([H])C(=O)[C@@]([H])(N([H])C(=O)[C@@]([H])(N([H])[C:44](=[O:45])[C:46])C([H])([H])C([H])(C([H])([H])[H])C([H])([H])[H])C([H])(C([H])([H])[H])C([H])([H])[H])C([H])([H])S[H])C([H])([H])C(=O)O[H])C([H])(C([H])([H])[H])C([H])([H])[H])C([H])([H])C([H])([H])C1([H])[H])C([H])(C([H])([H])[H])C([H])([H])C([H])([H])[H]>>[H]O[C:44](=[O:45])[C:46],EVODEX-P25295
EVODEX-N9967,[H]N=C(N([H])[H])N([H])C([H])([H])C([H])([H])C([H])([H])[C@@]([H])(C(=O)[N:28]([C:26])[H:148])N([H])C(=O)[C@@]([H])(N([H])C(=O)[C@@]1([H])N(C(=O)[C@@]([H])(N([H])C(=O)C([H])(N([H])C(=O)C([H])([H])N([H])C(=O)C2:C([H]):C([H]):C([H]):C([H]):C:2N([H])[H])C([H])([H])C2:C([H]):C([H]):C([H]):C([H]):C:2[H])C([H])([H])O[H])C([H])([H])C([H])([H])C1([H])[H])C([H])([H])C1:C([H]):C([H]):C([H]):C([H]):C:1[H]>>[H][N:28]([C:26])[H:148],EVODEX-P25298
EVODEX-N9968,[H][O:115][H:217]>>[H]N=C(N([H])[H])N([H])C([H])([H])C([H])([H])C([H])([H])[C@@]([H])(C(=O)[O:115][H:217])N([H])C(=O)[C@@]([H])(N([H])C(=O)[C@@]1([H])N(C(=O)[C@@]([H])(N([H])C(=O)C([H])(N([H])C(=O)C([H])([H])N([H])C(=O)C2:C([H]):C([H]):C([H]):C([H]):C:2N([H])[H])C([H])([H])C2:C([H]):C([H]):C([H]):C([H]):C:2[H])C([H])([H])O[H])C([H])([H])C([H])([H])C1([H])[H])C([H])([H])C1:C([H]):C([H]):C([H]):C([H]):C:1[H],EVODEX-P25300
EVODEX-N9969,[H]OC(=O)C([H])([H])C([H])([H])C(=O)N([H])[C@]([H])(C(=O)N([H])[C@]([H])(C(=O)N([H])[C@]([H])(C(=O)[N:29]([C:30])[H:64])C([H])([H])C1:C([H]):C([H]):C([H]):C([H]):C:1[H])C([H])([H])[H])C([H])([H])[H]>>[H][N:29]([C:30])[H:64],EVODEX-P25304
EVODEX-N9970,[H][O:39][H:69]>>[H]OC(=O)C([H])([H])C([H])([H])C(=O)N([H])[C@]([H])(C(=O)N([H])[C@]([H])(C(=O)N([H])[C@]([H])(C(=O)[O:39][H:69])C([H])([H])C1:C([H]):C([H]):C([H]):C([H]):C:1[H])C([H])([H])[H])C([H])([H])[H],EVODEX-P25306
EVODEX-N9971,[H]OC(=O)C([H])([H])C([H])([H])C(=O)N([H])[C@]([H])(C(=O)N([H])[C@]([H])(C(=O)N([H])[C@]([H])(C(=O)[N:23]([C:24])[H:54])C([H])([H])[H])C([H])([H])[H])C([H])([H])[H]>>[H][N:23]([C:24])[H:54],EVODEX-P25310
EVODEX-N9972,[H][O:33][H:59]>>[H]OC(=O)C([H])([H])C([H])([H])C(=O)N([H])[C@]([H])(C(=O)N([H])[C@]([H])(C(=O)N([H])[C@]([H])(C(=O)[O:33][H:59])C([H])([H])[H])C([H])([H])[H])C([H])([H])[H],EVODEX-P25312
EVODEX-N9973,[H]N(C(=O)C([H])([H])C([H])([H])C(=O)OC([H])([H])[H])[C@]([H])(C(=O)N([H])[C@]([H])(C(=O)N1C([H])([H])C([H])([H])C([H])([H])[C@@]1([H])C(=O)N([H])[C@]([H])(C(=O)[N:30]([C:31])[H:70])C([H])(C([H])([H])[H])C([H])([H])[H])C([H])([H])[H])C([H])([H])[H]>>[H][N:30]([C:31])[H:70],EVODEX-P25316
EVODEX-N9974,[H][O:43][H:82]>>[H]N(C(=O)C([H])([H])C([H])([H])C(=O)OC([H])([H])[H])[C@]([H])(C(=O)N([H])[C@]([H])(C(=O)N1C([H])([H])C([H])([H])C([H])([H])[C@@]1([H])C(=O)N([H])[C@]([H])(C(=O)[O:43][H:82])C([H])(C([H])([H])[H])C([H])([H])[H])C([H])([H])[H])C([H])([H])[H],EVODEX-P25318
EVODEX-N9975,[H]N=C(N([H])[H])N([H])C([H])([H])C([H])([H])C([H])([H])[C@@]([H])(C(=O)O[C:2]([C:1])([H:27])[H:28])N([H])C(=O)C1:C([H]):C([H]):C([H]):C([H]):C:1[H].[H][O:23][H:46]>>[C:1][C:2]([O:23][H:46])([H:27])[H:28],EVODEX-P25323
EVODEX-N9976,[H]N=C(N([H])[H])N([H])C([H])([H])C([H])([H])C([H])([H])[C@@]([H])(C(=O)O[C:2]([C:1])([H:27])[H:28])N([H])C(=O)C1:C([H]):C([H]):C([H]):C([H]):C:1[H]>>[H]O[C:2]([C:1])([H:27])[H:28],EVODEX-P25324
EVODEX-N9977,[H]N=C(N([H])[H])N([H])C([H])([H])C([H])([H])C([H])([H])[C@@]([H])(C(=O)O[C:1]([H:25])([H:26])[H:27])N([H])S(=O)(=O)C1:C([H]):C([H]):C(C([H])([H])[H]):C([H]):C:1[H].[H][O:24][H:47]>>[C:1]([O:24][H:47])([H:25])([H:26])[H:27],EVODEX-P25328
EVODEX-N9978,[H]N=C(N([H])[H])N([H])C([H])([H])C([H])([H])C([H])([H])[C@@]([H])(C(=O)O[C:1]([H:25])([H:26])[H:27])N([H])S(=O)(=O)C1:C([H]):C([H]):C(C([H])([H])[H]):C([H]):C:1[H]>>[H]O[C:1]([H:25])([H:26])[H:27],EVODEX-P25329
EVODEX-N9979,[H][O:1][H:54]>>[H]OC1:C([H]):C([H]):C(C([H])([H])[C@@]([H])(C(=O)[O:1][H:54])N([H])C(=O)OC([H])([H])C2:C([H]):C([H]):C([H]):C([H]):C:2[H]):C([H]):C:1[H],EVODEX-P25333
EVODEX-N9980,[H]OC1:C([H]):C([H]):C(C([H])([H])[C@@]([H])(C(=O)[O:16][C:17])N([H])C(=O)OC([H])([H])C2:C([H]):C([H]):C([H]):C([H]):C:2[H]):C([H]):C:1[H]>>[H][O:16][C:17],EVODEX-P25335
EVODEX-N9981,[H]C1:C([H]):C([H]):C(C([H])([H])OC(=O)N([H])[C@]([H])(C(=O)[S:20][C:21])C([H])([H])C([H])([H])C([H])([H])C([H])([H])N([H])[H]):C([H]):C:1[H]>>[H][S:20][C:21],EVODEX-P25338
EVODEX-N9982,[H]C1:C([H]):C([H]):C(C([H])([H])S[C:18]([C:6])=[O:19]):C([H]):C:1[H].[H][O:28][H:55]>>[C:6][C:18](=[O:19])[O:28][H:55],EVODEX-P25339
EVODEX-N9983,[H][O:28][H:55]>>[H]C1:C([H]):C([H]):C(C([H])([H])OC(=O)N([H])[C@]([H])(C(=O)[O:28][H:55])C([H])([H])C([H])([H])C([H])([H])C([H])([H])N([H])[H]):C([H]):C:1[H],EVODEX-P25340
EVODEX-N9984,[H]C1:C([H]):C([H]):C(C([H])([H])S[C:18]([C:6])=[O:19]):C([H]):C:1[H]>>[H]O[C:18]([C:6])=[O:19],EVODEX-P25341
EVODEX-N9985,[H]N(C(=O)C([H])([H])[H])C([H])([H])C(=O)N([H])[C@]([H])(C(=O)O[C:1]([H:20])([H:21])[H:22])C([H])([H])C([H])([H])C([H])([H])C([H])([H])N([H])[H].[H][O:19][H:41]>>[C:1]([O:19][H:41])([H:20])([H:21])[H:22],EVODEX-P25345
EVODEX-N9986,[H]N(C(=O)C([H])([H])[H])C([H])([H])C(=O)N([H])[C@]([H])(C(=O)O[C:1]([H:20])([H:21])[H:22])C([H])([H])C([H])([H])C([H])([H])C([H])([H])N([H])[H]>>[H]O[C:1]([H:20])([H:21])[H:22],EVODEX-P25346
EVODEX-N9987,[H]N=C(N([H])[H])N([H])C([H])([H])C([H])([H])C([H])([H])[C@@]([H])(C(=O)[N:38]([C:39])[H:85])N([H])C(=O)C([H])([H])N([H])C(=O)[C@@]([H])(N([H])C(=O)C([H])([H])[H])C([H])([H])C([H])([H])C([H])([H])C([H])([H])N([H])C(=O)OC([H])([H])C1:C([H]):C([H]):C([H]):C([H]):C:1[H]>>[H][N:38]([C:39])[H:85],EVODEX-P25349
EVODEX-N9988,[H][O:48][H:90]>>[H]N=C(N([H])[H])N([H])C([H])([H])C([H])([H])C([H])([H])[C@@]([H])(C(=O)[O:48][H:90])N([H])C(=O)C([H])([H])N([H])C(=O)[C@@]([H])(N([H])C(=O)C([H])([H])[H])C([H])([H])C([H])([H])C([H])([H])C([H])([H])N([H])C(=O)OC([H])([H])C1:C([H]):C([H]):C([H]):C([H]):C:1[H],EVODEX-P25351
EVODEX-N9989,[H]N=C(N([H])[H])N([H])C([H])([H])C([H])([H])C([H])([H])[C@@]([H])(C(=O)[N:10]([C:9])[H:55])N([H])C(=O)[C@@]([H])(N([H])C([H])(O[H])[C@@]([H])(N([H])C(=O)OC(C([H])([H])[H])(C([H])([H])[H])C([H])([H])[H])C([H])([H])C1:C([H]):C([H]):C([H]):C([H]):C:1[H])C([H])([H])O[H]>>[H][N:10]([C:9])[H:55],EVODEX-P25360
EVODEX-N9990,[H][O:49][H:95]>>[H]N=C(N([H])[H])N([H])C([H])([H])C([H])([H])C([H])([H])[C@@]([H])(C(=O)[O:49][H:95])N([H])C(=O)[C@@]([H])(N([H])C([H])(O[H])[C@@]([H])(N([H])C(=O)OC(C([H])([H])[H])(C([H])([H])[H])C([H])([H])[H])C([H])([H])C1:C([H]):C([H]):C([H]):C([H]):C:1[H])C([H])([H])O[H],EVODEX-P25362
EVODEX-N9991,[H]N=C(N([H])[H])N([H])C([H])([H])C([H])([H])C([H])([H])[C@](C(=O)O[C:1]([H:23])([H:24])[H:25])(C(=O)C1:C([H]):C([H]):C([H]):C([H]):C:1[H])N([H])[H].[H][O:22][H:43]>>[C:1]([O:22][H:43])([H:23])([H:24])[H:25],EVODEX-P25367
EVODEX-N9992,[H]N=C(N([H])[H])N([H])C([H])([H])C([H])([H])C([H])([H])[C@](C(=O)O[C:1]([H:23])([H:24])[H:25])(C(=O)C1:C([H]):C([H]):C([H]):C([H]):C:1[H])N([H])[H]>>[H]O[C:1]([H:23])([H:24])[H:25],EVODEX-P25368
EVODEX-N9993,[H]N=C(N([H])[H])N([H])C([H])([H])C([H])([H])C([H])([H])[C@@]([H])(C(=O)O[C:1]([H:23])([H:24])[H:25])N([H])C(=O)C1:C([H]):C([H]):C([H]):C([H]):C:1[H].[H][O:22][H:43]>>[C:1]([O:22][H:43])([H:23])([H:24])[H:25],EVODEX-P25372
EVODEX-N9994,[H]N=C(N([H])[H])N([H])C([H])([H])C([H])([H])C([H])([H])[C@@]([H])(C(=O)O[C:1]([H:23])([H:24])[H:25])N([H])C(=O)C1:C([H]):C([H]):C([H]):C([H]):C:1[H]>>[H]O[C:1]([H:23])([H:24])[H:25],"EVODEX-P25373,EVODEX-P25530"
EVODEX-N9995,[H]N=C(N([H])[H])N([H])C([H])([H])C([H])([H])C([H])([H])[C@@]([H])(C(=O)[N:48]([C:49])[H:116])N([H])C(=O)C([H])([H])N([H])C(=O)[C@@]([H])(N([H])C(=O)[C@@]([H])(N([H])C(=O)[C@@]([H])(N([H])C(=O)OC(C([H])([H])[H])(C([H])([H])[H])C([H])([H])[H])C([H])([H])C([H])([H])C([H])([H])C([H])([H])[H])C([H])([H])C([H])([H])C(=O)N([H])[H])C([H])([H])C([H])(C([H])([H])[H])C([H])([H])[H]>>[H][N:48]([C:49])[H:116],EVODEX-P25376
EVODEX-N9996,[H][O:61][H:124]>>[H]N=C(N([H])[H])N([H])C([H])([H])C([H])([H])C([H])([H])[C@@]([H])(C(=O)[O:61][H:124])N([H])C(=O)C([H])([H])N([H])C(=O)[C@@]([H])(N([H])C(=O)[C@@]([H])(N([H])C(=O)[C@@]([H])(N([H])C(=O)OC(C([H])([H])[H])(C([H])([H])[H])C([H])([H])[H])C([H])([H])C([H])([H])C([H])([H])C([H])([H])[H])C([H])([H])C([H])([H])C(=O)N([H])[H])C([H])([H])C([H])(C([H])([H])[H])C([H])([H])[H],EVODEX-P25378
EVODEX-N9997,[H]N=C(N([H])[H])N([H])C([H])([H])C([H])([H])C([H])([H])[C@@]([H])(C(=O)[N:10]([C:9])[H:50])N([H])C(=O)C([H])([H])N([H])C(=O)[C@@]([H])(N([H])C(=O)OC(C([H])([H])[H])(C([H])([H])[H])C([H])([H])[H])C([H])([H])C([H])(C([H])([H])[H])C([H])([H])[H]>>[H][N:10]([C:9])[H:50],EVODEX-P25382
EVODEX-N9998,[H][O:44][H:88]>>[H]N=C(N([H])[H])N([H])C([H])([H])C([H])([H])C([H])([H])[C@@]([H])(C(=O)[O:44][H:88])N([H])C(=O)C([H])([H])N([H])C(=O)[C@@]([H])(N([H])C(=O)OC(C([H])([H])[H])(C([H])([H])[H])C([H])([H])[H])C([H])([H])C([H])(C([H])([H])[H])C([H])([H])[H],EVODEX-P25384
EVODEX-N9999,[H]N([H])C([H])([H])C([H])([H])C([H])([H])C([H])([H])[C@@]([H])(C(=O)[N:10]([C:9])[H:51])N([H])C(=O)[C@@]([H])(N([H])C(=O)[C@@]([H])(N([H])C(=O)OC(C([H])([H])[H])(C([H])([H])[H])C([H])([H])[H])C([H])(C([H])([H])[H])C([H])([H])[H])C([H])([H])C([H])(C([H])([H])[H])C([H])([H])[H]>>[H][N:10]([C:9])[H:51],EVODEX-P25388
EVODEX-N10000,[H][O:45][H:95]>>[H]N([H])C([H])([H])C([H])([H])C([H])([H])C([H])([H])[C@@]([H])(C(=O)[O:45][H:95])N([H])C(=O)[C@@]([H])(N([H])C(=O)[C@@]([H])(N([H])C(=O)OC(C([H])([H])[H])(C([H])([H])[H])C([H])([H])[H])C([H])(C([H])([H])[H])C([H])([H])[H])C([H])([H])C([H])(C([H])([H])[H])C([H])([H])[H],EVODEX-P25390
EVODEX-N10001,[H]OC(=O)C([H])([H])C([H])([H])[C@@]([H])(C(=O)N([H])[C@]([H])(C(=O)[N:68]([C:69])[H:184])C([H])([H])C([H])([H])C([H])([H])C([H])([H])N([H])[H])N([H])C(=O)[C@@]([H])(N([H])C(=O)[C@@]([H])(N([H])C(=O)[C@@]([H])(N([H])C(=O)[C@@]([H])(N([H])C(=O)C([H])([H])N([H])C(=O)C([H])([H])N([H])C(=O)[C@@]([H])(N([H])[H])C([H])([H])C1:C([H]):C([H]):C(O[H]):C([H]):C:1[H])C([H])([H])C1:C([H]):C([H]):C([H]):C([H]):C:1[H])C([H])([H])C([H])([H])SC([H])([H])[H])[C@]([H])(O[H])C([H])([H])[H])C([H])([H])O[H]>>[H][N:68]([C:69])[H:184],EVODEX-P25394
EVODEX-N10002,[H]OC(=O)[C@@]([H])(N([H])C(=O)[C@@]([H])(N([H])C(=O)[C@@]([H])(N([H])C(=O)[C@@]1([H])N(C(=O)[C@@]([H])(N([H])C(=O)[C@@]([H])(N([H])C(=O)[C@@]([H])(N([H])[C:66]([C:60])=[O:67])C([H])([H])O[H])C([H])([H])C([H])([H])C(=O)N([H])[H])[C@]([H])(O[H])C([H])([H])[H])C([H])([H])C([H])([H])C1([H])[H])C([H])([H])C([H])(C([H])([H])[H])C([H])([H])[H])C([H])(C([H])([H])[H])C([H])([H])[H])[C@]([H])(O[H])C([H])([H])[H].[H][O:123][H:244]>>[C:60][C:66](=[O:67])[O:123][H:244],EVODEX-P25395
EVODEX-N10003,[H][O:123][H:244]>>[H]OC(=O)C([H])([H])C([H])([H])[C@@]([H])(C(=O)N([H])[C@]([H])(C(=O)[O:123][H:244])C([H])([H])C([H])([H])C([H])([H])C([H])([H])N([H])[H])N([H])C(=O)[C@@]([H])(N([H])C(=O)[C@@]([H])(N([H])C(=O)[C@@]([H])(N([H])C(=O)[C@@]([H])(N([H])C(=O)C([H])([H])N([H])C(=O)C([H])([H])N([H])C(=O)[C@@]([H])(N([H])[H])C([H])([H])C1:C([H]):C([H]):C(O[H]):C([H]):C:1[H])C([H])([H])C1:C([H]):C([H]):C([H]):C([H]):C:1[H])C([H])([H])C([H])([H])SC([H])([H])[H])[C@]([H])(O[H])C([H])([H])[H])C([H])([H])O[H],EVODEX-P25396
EVODEX-N10004,[H]OC(=O)[C@@]([H])(N([H])C(=O)[C@@]([H])(N([H])C(=O)[C@@]([H])(N([H])C(=O)[C@@]1([H])N(C(=O)[C@@]([H])(N([H])C(=O)[C@@]([H])(N([H])C(=O)[C@@]([H])(N([H])[C:66]([C:60])=[O:67])C([H])([H])O[H])C([H])([H])C([H])([H])C(=O)N([H])[H])[C@]([H])(O[H])C([H])([H])[H])C([H])([H])C([H])([H])C1([H])[H])C([H])([H])C([H])(C([H])([H])[H])C([H])([H])[H])C([H])(C([H])([H])[H])C([H])([H])[H])[C@]([H])(O[H])C([H])([H])[H]>>[H]O[C:66]([C:60])=[O:67],EVODEX-P25397
EVODEX-N10005,[H]N=C(N([H])[H])N([H])C([H])([H])C([H])([H])C([H])([H])[C@@]([H])(C(=O)N([H])[C@]([H])(C(=O)N([H])[C@]([H])(C(=O)O[H])C([H])([H])C([H])([H])C([H])([H])C([H])([H])N([H])C(=O)C1:C([H]):C([H]):C([H]):C([H]):C:1N([H])[H])C([H])([H])C([H])([H])C(=O)N([H])[H])N([H])C(=O)C([H])([H])N([H])C(=O)[C@@]([H])(N([H])[C:47]([C:44])=[O:48])C([H])([H])O[H].[H][O:101][H:197]>>[C:44][C:47](=[O:48])[O:101][H:197],EVODEX-P25401
EVODEX-N10006,[H]N=C(N([H])[H])N([H])C([H])([H])C([H])([H])C([H])([H])[C@@]([H])(C(=O)N([H])[C@]([H])(C(=O)N([H])[C@]([H])(C(=O)O[H])C([H])([H])C([H])([H])C([H])([H])C([H])([H])N([H])C(=O)C1:C([H]):C([H]):C([H]):C([H]):C:1N([H])[H])C([H])([H])C([H])([H])C(=O)N([H])[H])N([H])C(=O)C([H])([H])N([H])C(=O)[C@@]([H])(N([H])[C:47]([C:44])=[O:48])C([H])([H])O[H]>>[H]O[C:47]([C:44])=[O:48],EVODEX-P25403
EVODEX-N10007,[H]N=C(N([H])[H])N([H])C([H])([H])C([H])([H])C([H])([H])[C@@]([H])(C(=O)N([H])[C@]([H])(C(=O)N([H])[C@]([H])(C(=O)N([H])[C@]([H])(C(=O)N([H])[C@]([H])(C(=O)N1C([H])([H])C([H])([H])C([H])([H])[C@@]1([H])C(=O)N([H])[C@]([H])(C(=O)N([H])[C@]([H])(C(=O)N([H])[C@]([H])(C(=O)N([H])[C@]([H])(C(=O)N([H])[C@]([H])(C(=O)[N:107]([C:108])[H:217])C([H])([H])C1:C([H]):N:C([H]):N:1[H])C([H])(C([H])([H])[H])C([H])([H])[H])C([H])([H])C([H])(C([H])([H])[H])C([H])([H])[H])C([H])([H])C1:C([H]):N:C([H]):N:1[H])C([H])([H])C1:C([H]):C([H]):C([H]):C([H]):C:1[H])C([H])([H])C1:C([H]):N:C([H]):N:1[H])[C@@]([H])(C([H])([H])[H])C([H])([H])C([H])([H])[H])C([H])([H])C1:C([H]):C([H]):C(O[H]):C([H]):C:1[H])C([H])(C([H])([H])[H])C([H])([H])[H])N([H])C(=O)[C@@]([H])(N([H])[H])C([H])([H])C(=O)O[H]>>[H][N:107]([C:108])[H:217],EVODEX-P25406
EVODEX-N10008,[H][O:119][H:231]>>[H]N=C(N([H])[H])N([H])C([H])([H])C([H])([H])C([H])([H])[C@@]([H])(C(=O)N([H])[C@]([H])(C(=O)N([H])[C@]([H])(C(=O)N([H])[C@]([H])(C(=O)N([H])[C@]([H])(C(=O)N1C([H])([H])C([H])([H])C([H])([H])[C@@]1([H])C(=O)N([H])[C@]([H])(C(=O)N([H])[C@]([H])(C(=O)N([H])[C@]([H])(C(=O)N([H])[C@]([H])(C(=O)N([H])[C@]([H])(C(=O)[O:119][H:231])C([H])([H])C1:C([H]):N:C([H]):N:1[H])C([H])(C([H])([H])[H])C([H])([H])[H])C([H])([H])C([H])(C([H])([H])[H])C([H])([H])[H])C([H])([H])C1:C([H]):N:C([H]):N:1[H])C([H])([H])C1:C([H]):C([H]):C([H]):C([H]):C:1[H])C([H])([H])C1:C([H]):N:C([H]):N:1[H])[C@@]([H])(C([H])([H])[H])C([H])([H])C([H])([H])[H])C([H])([H])C1:C([H]):C([H]):C(O[H]):C([H]):C:1[H])C([H])(C([H])([H])[H])C([H])([H])[H])N([H])C(=O)[C@@]([H])(N([H])[H])C([H])([H])C(=O)O[H],EVODEX-P25408
EVODEX-N10009,[H]C1:C([H]):C([H]):C(C(=O)N([H])[C@]([H])(C(=O)[N:17]([C:18])[H:44])C([H])([H])C([H])(C([H])([H])[H])C([H])([H])[H]):C([H]):C:1[H]>>[H][N:17]([C:18])[H:44],EVODEX-P25412
EVODEX-N10010,[H][O:27][H:49]>>[H]C1:C([H]):C([H]):C(C(=O)N([H])[C@]([H])(C(=O)[O:27][H:49])C([H])([H])C([H])(C([H])([H])[H])C([H])([H])[H]):C([H]):C:1[H],EVODEX-P25414
EVODEX-N10011,[H]C1:C([H]):C([H]):C(C(=O)N([H])[C@]([H])(C(=O)[N:14]([C:15])[H:35])C([H])([H])[H]):C([H]):C:1[H]>>[H][N:14]([C:15])[H:35],EVODEX-P25418
EVODEX-N10012,[H][O:24][H:40]>>[H]C1:C([H]):C([H]):C(C(=O)N([H])[C@]([H])(C(=O)[O:24][H:40])C([H])([H])[H]):C([H]):C:1[H],EVODEX-P25420
EVODEX-N10013,[H]C1:C([H]):C(S(=O)(=O)N([H])C([H])([H])C(=O)N2C([H])([H])C([H])([H])C([H])([H])[C@@]2([H])C(=O)N([H])[C@]([H])(C(=O)[N:29]([C:30])[H:69])C([H])([H])C([H])([H])C([H])([H])C([H])([H])N([H])[H]):C([H]):C([H]):C:1C([H])([H])[H]>>[H][N:29]([C:30])[H:69],EVODEX-P25424
EVODEX-N10014,[H][O:41][H:76]>>[H]C1:C([H]):C(S(=O)(=O)N([H])C([H])([H])C(=O)N2C([H])([H])C([H])([H])C([H])([H])[C@@]2([H])C(=O)N([H])[C@]([H])(C(=O)[O:41][H:76])C([H])([H])C([H])([H])C([H])([H])C([H])([H])N([H])[H]):C([H]):C([H]):C:1C([H])([H])[H],EVODEX-P25426
EVODEX-N10015,[H]C1:C([H]):C(S(=O)(=O)N([H])C([H])([H])C(=O)N2C([H])([H])C([H])([H])C([H])([H])[C@@]2([H])C(=O)[N:20]([C:21])[H:58]):C([H]):C([H]):C:1C([H])([H])[H]>>[H][N:20]([C:21])[H:58],EVODEX-P25430
EVODEX-N10016,[H][O:42][H:76]>>[H]C1:C([H]):C(S(=O)(=O)N([H])C([H])([H])C(=O)N2C([H])([H])C([H])([H])C([H])([H])[C@@]2([H])C(=O)[O:42][H:76]):C([H]):C([H]):C:1C([H])([H])[H],EVODEX-P25432
EVODEX-N10017,[H]N=C(N([H])[H])N([H])C([H])([H])C([H])([H])C([H])([H])[C@@]([H])(C(=O)N([H])[C@]([H])(C(=O)N([H])[C@]([H])(C(=O)N([H])[C@]([H])(C(=O)[N:10]([C:9])[H:66])C([H])([H])C([H])([H])C([H])([H])N([H])C(=N[H])N([H])[H])C([H])([H])C([H])([H])C([H])([H])C([H])([H])N([H])[H])[C@]([H])(O[H])C([H])([H])[H])N([H])C(=O)[C@@]1([H])N([H])C(=O)C([H])([H])C1([H])[H]>>[H][N:10]([C:9])[H:66],EVODEX-P25436
EVODEX-N10018,[H][O:60][H:118]>>[H]N=C(N([H])[H])N([H])C([H])([H])C([H])([H])C([H])([H])[C@@]([H])(C(=O)N([H])[C@]([H])(C(=O)N([H])[C@]([H])(C(=O)N([H])[C@]([H])(C(=O)[O:60][H:118])C([H])([H])C([H])([H])C([H])([H])N([H])C(=N[H])N([H])[H])C([H])([H])C([H])([H])C([H])([H])C([H])([H])N([H])[H])[C@]([H])(O[H])C([H])([H])[H])N([H])C(=O)[C@@]1([H])N([H])C(=O)C([H])([H])C1([H])[H],EVODEX-P25438
EVODEX-N10019,[H]N=C(N([H])[H])N([H])C([H])([H])C([H])([H])C([H])([H])[C@@]([H])(C(=O)N([H])[C@]([H])(C(=O)[N:10]([C:9])[H:58])C([H])([H])C([H])([H])C([H])([H])N([H])C(=N[H])N([H])[H])N([H])C(=O)[C@@]([H])(N([H])C(=O)OC(C([H])([H])[H])(C([H])([H])[H])C([H])([H])[H])C([H])([H])C([H])([H])C(=O)N([H])[H]>>[H][N:10]([C:9])[H:58],EVODEX-P25442
EVODEX-N10020,[H][O:52][H:102]>>[H]N=C(N([H])[H])N([H])C([H])([H])C([H])([H])C([H])([H])C([H])(C(=O)[O:52][H:102])N([H])C(=O)[C@@]([H])(N([H])C(=O)[C@@]([H])(N([H])C(=O)OC(C([H])([H])[H])(C([H])([H])[H])C([H])([H])[H])C([H])([H])C([H])([H])C(=O)N([H])[H])C([H])([H])C([H])([H])C([H])([H])N([H])C(=N[H])N([H])[H],EVODEX-P25444
EVODEX-N10021,[H]C([H])([H])C([H])([H])[O:3][H:29]>>[H][O:3][H:29],EVODEX-P25448
EVODEX-N10022,[H]O[C:2]([C:1])([H:27])[H:28].[H][O:23][C:21]>>[C:1][C:2]([O:23][C:21])([H:27])[H:28],EVODEX-P25449
EVODEX-N10023,[H][O:23][C:21]>>[H]C([H])([H])C([H])([H])[O:23][C:21],EVODEX-P25450
EVODEX-N10024,[H]O[C:2]([C:1])([H:27])[H:28]>>[H]N=C(N([H])[H])N([H])C([H])([H])C([H])([H])C([H])([H])[C@@]([H])(C(=O)O[C:2]([C:1])([H:27])[H:28])N([H])C(=O)C1:C([H]):C([H]):C([H]):C([H]):C:1[H],EVODEX-P25451
EVODEX-N10025,>>[H]N=C(N([H])[H])N([H])C([H])([H])C([H])([H])C([H])([H])[C@@]([H])(C(O)=O)N([H])C(=O)C1:C([H]):C([H]):C([H]):C([H]):C:1[H].[H],EVODEX-P25452
EVODEX-N10026,[H]C1:C([H]):C([H]):C(C([H])([H])[C@@]([H])(C(=O)[N:29]([C:30])[H:67])N([H])C(=O)[C@@]2([H])N(C(=O)[C@@]([H])(N([H])C(=O)[C@@]([H])(N([H])[H])C([H])([H])[H])C([H])([H])[H])C([H])([H])C([H])([H])C2([H])[H]):C([H]):C:1[H]>>[H][N:29]([C:30])[H:67],EVODEX-P25454
EVODEX-N10027,[H][O:39][H:72]>>[H]C1:C([H]):C([H]):C(C([H])([H])[C@@]([H])(C(=O)[O:39][H:72])N([H])C(=O)[C@@]2([H])N(C(=O)[C@@]([H])(N([H])C(=O)[C@@]([H])(N([H])[H])C([H])([H])[H])C([H])([H])[H])C([H])([H])C([H])([H])C2([H])[H]):C([H]):C:1[H],EVODEX-P25456
EVODEX-N10028,[H]N=C(N([H])[H])N([H])C([H])([H])C([H])([H])C([H])([H])[C@@]([H])(C(=O)[N:29]([C:30])[H:70])N([H])C(=O)[C@@]1([H])N(C(=O)[C@@]([H])(N([H])C(=O)[C@@]([H])(N([H])[H])C([H])([H])[H])C([H])([H])[H])C([H])([H])C([H])([H])C1([H])[H]>>[H][N:29]([C:30])[H:70],EVODEX-P25460
EVODEX-N10029,[H][O:39][H:75]>>[H]N=C(N([H])[H])N([H])C([H])([H])C([H])([H])C([H])([H])[C@@]([H])(C(=O)[O:39][H:75])N([H])C(=O)[C@@]1([H])N(C(=O)[C@@]([H])(N([H])C(=O)[C@@]([H])(N([H])[H])C([H])([H])[H])C([H])([H])[H])C([H])([H])C([H])([H])C1([H])[H],EVODEX-P25462
EVODEX-N10030,[H]N=C(N([H])[H])N([H])C([H])([H])C([H])([H])C([H])([H])[C@](C(=O)O[C:2]([C:1])([H:27])[H:28])(C(=O)C1:C([H]):C([H]):C([H]):C([H]):C:1[H])N([H])[H].[H][O:23][H:46]>>[C:1][C:2]([O:23][H:46])([H:27])[H:28],EVODEX-P25467
EVODEX-N10031,[H]N=C(N([H])[H])N([H])C([H])([H])C([H])([H])C([H])([H])[C@](C(=O)O[C:2]([C:1])([H:27])[H:28])(C(=O)C1:C([H]):C([H]):C([H]):C([H]):C:1[H])N([H])[H]>>[H]O[C:2]([C:1])([H:27])[H:28],EVODEX-P25468
EVODEX-N10032,[H]N=C(N([H])[H])N([H])C([H])([H])C([H])([H])C([H])([H])[C@@]([H])(C(=O)N([H])[C@]([H])(C(=O)N([H])[C@]([H])(C(=O)N([H])[C@]([H])(C(=O)[N:90]([C:91])[H:234])C([H])([H])C([H])(C([H])([H])[H])C([H])([H])[H])C([H])([H])C([H])(C([H])([H])[H])C([H])([H])[H])C([H])([H])C([H])([H])C([H])([H])N([H])C(=N[H])N([H])[H])N([H])C(=O)[C@@]([H])(N([H])C(=O)[C@@]([H])(N([H])C(=O)[C@@]([H])(N([H])C(=O)[C@@]([H])(N([H])C(=O)[C@@]([H])(N([H])C(=O)C1:C([H]):C([H]):C([H]):C([H]):C:1N([H])[H])C([H])([H])C(=O)O[H])[C@@]([H])(C([H])([H])[H])C([H])([H])C([H])([H])[H])C([H])([H])C1:C([H]):C([H]):C(O[H]):C([H]):C:1[H])[C@@]([H])(C([H])([H])[H])C([H])([H])C([H])([H])[H])C([H])([H])O[H]>>[H][N:90]([C:91])[H:234],EVODEX-P25471
EVODEX-N10033,[H][O:140][H:274]>>[H]N=C(N([H])[H])N([H])C([H])([H])C([H])([H])C([H])([H])[C@@]([H])(C(=O)N([H])[C@]([H])(C(=O)N([H])[C@]([H])(C(=O)N([H])[C@]([H])(C(=O)[O:140][H:274])C([H])([H])C([H])(C([H])([H])[H])C([H])([H])[H])C([H])([H])C([H])(C([H])([H])[H])C([H])([H])[H])C([H])([H])C([H])([H])C([H])([H])N([H])C(=N[H])N([H])[H])N([H])C(=O)[C@@]([H])(N([H])C(=O)[C@@]([H])(N([H])C(=O)[C@@]([H])(N([H])C(=O)[C@@]([H])(N([H])C(=O)[C@@]([H])(N([H])C(=O)C1:C([H]):C([H]):C([H]):C([H]):C:1N([H])[H])C([H])([H])C(=O)O[H])[C@@]([H])(C([H])([H])[H])C([H])([H])C([H])([H])[H])C([H])([H])C1:C([H]):C([H]):C(O[H]):C([H]):C:1[H])[C@@]([H])(C([H])([H])[H])C([H])([H])C([H])([H])[H])C([H])([H])O[H],EVODEX-P25473
EVODEX-N10034,[H]N([H])C([H])([H])C([H])([H])C([H])([H])C([H])([H])[C@@]([H])(C(=O)[N:25]([C:26])[H:69])N([H])C(=O)[C@@]([H])(N([H])C(=O)[C@]([H])(N([H])[H])C([H])(C([H])([H])[H])C([H])([H])[H])C([H])([H])C([H])(C([H])([H])[H])C([H])([H])[H]>>[H][N:25]([C:26])[H:69],EVODEX-P25477
EVODEX-N10035,[H][O:35][H:74]>>[H]N([H])C([H])([H])C([H])([H])C([H])([H])C([H])([H])[C@@]([H])(C(=O)[O:35][H:74])N([H])C(=O)[C@@]([H])(N([H])C(=O)[C@]([H])(N([H])[H])C([H])(C([H])([H])[H])C([H])([H])[H])C([H])([H])C([H])(C([H])([H])[H])C([H])([H])[H],EVODEX-P25479
EVODEX-N10036,[H]N=C(N([H])[H])N([H])C([H])([H])C([H])([H])C([H])([H])[C@@]([H])(C(=O)[N:37]([C:38])[H:90])N([H])C(=O)[C@@]([H])(N([H])C(=O)[C@@]([H])(N([H])C(=O)[C@@]([H])(N([H])C(=O)OC(C([H])([H])[H])(C([H])([H])[H])C([H])([H])[H])C([H])([H])C([H])(C([H])([H])[H])C([H])([H])[H])C([H])([H])O[H])[C@]([H])(O[H])C([H])([H])[H]>>[H][N:37]([C:38])[H:90],"EVODEX-P25483,EVODEX-P25838"
EVODEX-N10037,[H][O:50][H:100]>>[H]N=C(N([H])[H])N([H])C([H])([H])C([H])([H])C([H])([H])[C@@]([H])(C(=O)[O:50][H:100])N([H])C(=O)[C@@]([H])(N([H])C(=O)[C@@]([H])(N([H])C(=O)[C@@]([H])(N([H])C(=O)OC(C([H])([H])[H])(C([H])([H])[H])C([H])([H])[H])C([H])([H])C([H])(C([H])([H])[H])C([H])([H])[H])C([H])([H])O[H])[C@]([H])(O[H])C([H])([H])[H],EVODEX-P25485
EVODEX-N10038,[H][O:41][H:78]>>[H]N=C(N([H])[H])N([H])C([H])([H])C([H])([H])C([H])([H])[C@@]([H])(C(=O)[O:41][H:78])N([H])C(=O)[C@@]1([H])N(C(=O)[C@]([H])(N([H])[H])C([H])([H])C2:C([H]):C([H]):C([H]):C([H]):C:2[H])C([H])([H])C([H])([H])C([H])([H])C1([H])[H],EVODEX-P25490
EVODEX-N10039,[H]N=C(N([H])[H])N([H])C([H])([H])C([H])([H])C([H])([H])[C@@]([H])(C(=O)[N:31]([C:32])[H:73])N([H])C(=O)[C@@]1([H])N(C(=O)[C@]([H])(N([H])[H])C([H])([H])C2:C([H]):C([H]):C([H]):C([H]):C:2[H])C([H])([H])C([H])([H])C([H])([H])C1([H])[H]>>[H][N:31]([C:32])[H:73],EVODEX-P25492
EVODEX-N10040,[H]C1:C([H]):C([H]):C(C([H])([H])OC(=O)N([H])[C@]([H])(C(=O)[O:16][C:17])C([H])([H])[H]):C([H]):C:1[H]>>[H][O:16][C:17],EVODEX-P25495
EVODEX-N10041,[H]OC(=O)N(C(=O)C1:C([H]):C([H]):C([H]):C([H]):C:1[H])[C@]([H])(C(=O)[O:5][C:6])C([H])([H])[H]>>[H][O:5][C:6],EVODEX-P25500
EVODEX-N10042,[H][O:27][H:42]>>[H]OC(=O)N(C(=O)C1:C([H]):C([H]):C([H]):C([H]):C:1[H])[C@]([H])(C(=O)[O:27][H:42])C([H])([H])[H],EVODEX-P25502
EVODEX-N10043,[H]OC(=O)C([H])([H])C([H])([H])C(=O)N([H])[C@]([H])(C(=O)N([H])[C@]([H])(C(=O)N1C([H])([H])C([H])([H])C([H])([H])[C@@]1([H])C(=O)N([H])[C@]([H])(C(=O)[N:33]([C:34])[H:75])C([H])([H])C([H])([H])SC([H])([H])[H])C([H])([H])[H])C([H])([H])[H]>>[H][N:33]([C:34])[H:75],EVODEX-P25506
EVODEX-N10044,[H][O:43][H:80]>>[H]OC(=O)C([H])([H])C([H])([H])C(=O)N([H])[C@]([H])(C(=O)N([H])[C@]([H])(C(=O)N1C([H])([H])C([H])([H])C([H])([H])[C@@]1([H])C(=O)N([H])[C@]([H])(C(=O)[O:43][H:80])C([H])([H])C([H])([H])SC([H])([H])[H])C([H])([H])[H])C([H])([H])[H],EVODEX-P25508
EVODEX-N10045,[H]OC(=O)C([H])([H])C([H])([H])C(=O)N([H])[C@]([H])(C(=O)N([H])[C@]([H])(C(=O)N([H])[C@]([H])(C(=O)N([H])[C@]([H])(C(=O)[N:30]([C:31])[H:70])C([H])([H])[H])C([H])(C([H])([H])[H])C([H])([H])[H])C([H])([H])[H])C([H])([H])[H]>>[H][N:30]([C:31])[H:70],EVODEX-P25512
EVODEX-N10046,[H][O:40][H:75]>>[H]OC(=O)C([H])([H])C([H])([H])C(=O)N([H])[C@]([H])(C(=O)N([H])[C@]([H])(C(=O)N([H])[C@]([H])(C(=O)N([H])[C@]([H])(C(=O)[O:40][H:75])C([H])([H])[H])C([H])(C([H])([H])[H])C([H])([H])[H])C([H])([H])[H])C([H])([H])[H],EVODEX-P25514
EVODEX-N10047,[H][O:34][H:61]>>[H]N=C(N([H])[H])N([H])C([H])([H])C([H])([H])C([H])([H])[C@@]([H])(C(=O)[O:34][H:61])N([H])C(=O)C([H])([H])N([H])C(=O)[C@@]1([H])N([H])C(=O)C([H])([H])C1([H])[H],EVODEX-P25519
EVODEX-N10048,[H]N=C(N([H])[H])N([H])C([H])([H])C([H])([H])C([H])([H])[C@@]([H])(C(=O)[N:24]([C:25])[H:56])N([H])C(=O)C([H])([H])N([H])C(=O)[C@@]1([H])N([H])C(=O)C([H])([H])C1([H])[H]>>[H][N:24]([C:25])[H:56],EVODEX-P25521
EVODEX-N10049,[N:11][C:12](=[O:13])[O:14].[H][O:19][H:37]>>[C:12](=[O:13])([O:14])[O:19][H:37].[H][N:11],EVODEX-P25523
EVODEX-N10050,[H]C([H])([H])OC(=O)[N:11]([C:10])[H:31]>>[H][N:11]([C:10])[H:31],EVODEX-P25524
EVODEX-N10051,[H]C1:C(C([H])([H])C([H])([H])C([H])([H])C([H])([H])[H]):C([H]):C2:C(:N:C(N([H])[C:12](=[O:13])[O:14]):N:2[H]):C:1[H].[H][O:19][H:37]>>[C:12](=[O:13])([O:14])[O:19][H:37],EVODEX-P25525
EVODEX-N10052,[H][O:19][H:37]>>[H]C([H])([H])OC(=O)[O:19][H:37],EVODEX-P25526
EVODEX-N10053,[H]C1:C(C([H])([H])C([H])([H])C([H])([H])C([H])([H])[H]):C([H]):C2:C(:N:C(N([H])[C:12](=[O:13])[O:14]):N:2[H]):C:1[H]>>[H]O[C:12](=[O:13])[O:14],EVODEX-P25527
EVODEX-N10054,[H]C1([H])C([H])([H])C([H])([H])C([H])(O[C:18]([C:8])=[O:19])C([H])([H])C1([H])[H].[H][O:27][H:56]>>[C:8][C:18](=[O:19])[O:27][H:56],EVODEX-P25531
EVODEX-N10055,[H]C1([H])C([H])([H])C([H])([H])C([H])(O[C:18]([C:8])=[O:19])C([H])([H])C1([H])[H]>>[H]O[C:18]([C:8])=[O:19],EVODEX-P25532
EVODEX-N10056,[H]N=C(N([H])[H])N([H])C([H])([H])C([H])([H])C([H])([H])[C@@]([H])(C(=O)N([H])[C@]([H])(C(=O)[N:67]([C:68])[H:163])C([H])([H])C([H])([H])C([H])([H])N([H])C(=N[H])N([H])[H])N([H])C(=O)[C@@]([H])(N([H])C(=O)[C@@]([H])(N([H])C(=O)[C@@]([H])(N([H])C(=O)[C@@]([H])(N([H])C(=O)[C@@]([H])(N([H])C(=O)[C@@]([H])(N([H])[H])C([H])([H])C(=O)O[H])C([H])([H])O[H])C([H])([H])O[H])C([H])([H])[H])C([H])([H])C([H])([H])C([H])([H])N([H])C(=N[H])N([H])[H])[C@@]([H])(C([H])([H])[H])C([H])([H])C([H])([H])[H]>>[H][N:67]([C:68])[H:163],EVODEX-P25535
EVODEX-N10057,[H]OC(=O)C([H])([H])N([H])C(=O)[C@@]([H])(N([H])C(=O)[C@@]([H])(N([H])C(=O)[C@@]([H])(N([H])[C:65]([C:57])=[O:66])C([H])([H])C(=O)N([H])[H])C([H])([H])[H])C([H])([H])C([H])([H])C([H])([H])C([H])([H])N([H])[H].[H][O:94][H:190]>>[C:57][C:65](=[O:66])[O:94][H:190],EVODEX-P25536
EVODEX-N10058,[H][O:94][H:190]>>[H]N=C(N([H])[H])N([H])C([H])([H])C([H])([H])C([H])([H])[C@@]([H])(C(=O)N([H])[C@]([H])(C(=O)[O:94][H:190])C([H])([H])C([H])([H])C([H])([H])N([H])C(=N[H])N([H])[H])N([H])C(=O)[C@@]([H])(N([H])C(=O)[C@@]([H])(N([H])C(=O)[C@@]([H])(N([H])C(=O)[C@@]([H])(N([H])C(=O)[C@@]([H])(N([H])C(=O)[C@@]([H])(N([H])[H])C([H])([H])C(=O)O[H])C([H])([H])O[H])C([H])([H])O[H])C([H])([H])[H])C([H])([H])C([H])([H])C([H])([H])N([H])C(=N[H])N([H])[H])[C@@]([H])(C([H])([H])[H])C([H])([H])C([H])([H])[H],EVODEX-P25537
EVODEX-N10059,[H]OC(=O)C([H])([H])N([H])C(=O)[C@@]([H])(N([H])C(=O)[C@@]([H])(N([H])C(=O)[C@@]([H])(N([H])[C:65]([C:57])=[O:66])C([H])([H])C(=O)N([H])[H])C([H])([H])[H])C([H])([H])C([H])([H])C([H])([H])C([H])([H])N([H])[H]>>[H]O[C:65]([C:57])=[O:66],EVODEX-P25538
EVODEX-N10060,[H]OC(=O)C([H])([H])[C@@]([H])(C(=O)N([H])[C@]([H])(C(=O)N([H])[C@]([H])(C(=O)[N:41]([C:42])[H:121])C([H])([H])[H])C([H])([H])S[H])N([H])C(=O)[C@@]([H])(N([H])C(=O)[C@@]([H])(N([H])C(=O)C1:C([H]):C([H]):C([H]):C([H]):C:1N([H])[H])C([H])(C([H])([H])[H])C([H])([H])[H])C([H])([H])[H]>>[H][N:41]([C:42])[H:121],EVODEX-P25541
EVODEX-N10061,[H][O:85][H:155]>>[H]OC(=O)C([H])([H])[C@@]([H])(C(=O)N([H])[C@]([H])(C(=O)N([H])[C@]([H])(C(=O)[O:85][H:155])C([H])([H])[H])C([H])([H])S[H])N([H])C(=O)[C@@]([H])(N([H])C(=O)[C@@]([H])(N([H])C(=O)C1:C([H]):C([H]):C([H]):C([H]):C:1N([H])[H])C([H])(C([H])([H])[H])C([H])([H])[H])C([H])([H])[H],EVODEX-P25543
EVODEX-N10062,[H]OC(=O)C([H])([H])[C@@]([H])(C(=O)N([H])[C@]([H])(C(=O)N([H])[C@]([H])(C(=O)[N:44]([C:45])[H:124])C([H])([H])C(=O)O[H])C([H])([H])S[H])N([H])C(=O)[C@@]([H])(N([H])C(=O)[C@@]([H])(N([H])C(=O)C1:C([H]):C([H]):C([H]):C([H]):C:1N([H])[H])C([H])(C([H])([H])[H])C([H])([H])[H])C([H])([H])[H]>>[H][N:44]([C:45])[H:124],EVODEX-P25547
EVODEX-N10063,[H][O:88][H:158]>>[H]OC(=O)C([H])([H])[C@@]([H])(C(=O)N([H])[C@]([H])(C(=O)N([H])[C@]([H])(C(=O)[O:88][H:158])C([H])([H])C(=O)O[H])C([H])([H])S[H])N([H])C(=O)[C@@]([H])(N([H])C(=O)[C@@]([H])(N([H])C(=O)C1:C([H]):C([H]):C([H]):C([H]):C:1N([H])[H])C([H])(C([H])([H])[H])C([H])([H])[H])C([H])([H])[H],EVODEX-P25549
EVODEX-N10064,[H]C([H])([H])OC(=O)C([H])([H])C([H])([H])C(=O)[N:9]([C:10])[H:57]>>[H][N:9]([C:10])[H:57],EVODEX-P25553
EVODEX-N10065,[H][O:49][H:90]>>[H]C([H])([H])OC(=O)C([H])([H])C([H])([H])C(=O)[O:49][H:90],EVODEX-P25555
EVODEX-N10066,[H]OC1:C([H]):C([H]):C(C([H])([H])[C@@]([H])(C(=O)[N:19]([C:16])[H:125])N([H])C(=O)[C@@]([H])(N([H])C(=O)[C@@]([H])(N([H])C(=O)[C@@]([H])(N([H])C(=O)C2:C([H]):C([H]):C([H]):C([H]):C:2N([H])[H])C([H])([H])O[H])C([H])([H])O[H])C([H])([H])C([H])([H])C(=O)N([H])[H]):C([H]):C:1[H]>>[H][N:19]([C:16])[H:125],EVODEX-P25559
EVODEX-N10067,[H][O:107][H:190]>>[H]OC1:C([H]):C([H]):C(C([H])([H])[C@@]([H])(C(=O)[O:107][H:190])N([H])C(=O)[C@@]([H])(N([H])C(=O)[C@@]([H])(N([H])C(=O)[C@@]([H])(N([H])C(=O)C2:C([H]):C([H]):C([H]):C([H]):C:2N([H])[H])C([H])([H])O[H])C([H])([H])O[H])C([H])([H])C([H])([H])C(=O)N([H])[H]):C([H]):C:1[H],EVODEX-P25561
EVODEX-N10068,[H]N=C(N([H])[H])N([H])C([H])([H])C([H])([H])C([H])([H])[C@@]([H])(C(=O)[N:44]([C:45])[H:142])N([H])C(=O)[C@@]([H])(N([H])C(=O)[C@@]([H])(N([H])C(=O)C([H])([H])N([H])C(=O)C1:C([H]):C([H]):C([H]):C([H]):C:1N([H])[H])C([H])([H])C([H])(C([H])([H])[H])C([H])([H])[H])C([H])([H])C1:C([H]):C([H]):C([H]):C([H]):C:1[H]>>[H][N:44]([C:45])[H:142],EVODEX-P25565
EVODEX-N10069,[H][O:100][H:188]>>[H]N=C(N([H])[H])N([H])C([H])([H])C([H])([H])C([H])([H])[C@@]([H])(C(=O)[O:100][H:188])N([H])C(=O)[C@@]([H])(N([H])C(=O)[C@@]([H])(N([H])C(=O)C([H])([H])N([H])C(=O)C1:C([H]):C([H]):C([H]):C([H]):C:1N([H])[H])C([H])([H])C([H])(C([H])([H])[H])C([H])([H])[H])C([H])([H])C1:C([H]):C([H]):C([H]):C([H]):C:1[H],EVODEX-P25567
EVODEX-N10070,[H]OC(=O)C([H])([H])C([H])([H])[C@@]([H])(C(=O)[N:41]([C:39])[H:139])N([H])C(=O)[C@@]([H])(N([H])[H])C([H])([H])C([H])(C([H])([H])[H])C([H])([H])[H]>>[H][N:41]([C:39])[H:139],EVODEX-P25571
EVODEX-N10071,[H]OC(=O)C([H])([H])C([H])([H])[C@@]([H])(C(=O)N([H])[C@]([H])(C(=O)N([H])[C@]([H])(C(=O)O[H])C([H])([H])C(=O)O[H])C([H])([H])C1:C([H]):C([H]):C(O[H]):C([H]):C:1[H])N([H])C(=O)[C@@]([H])(N([H])C(=O)[C@@]([H])(N([H])C(=O)C([H])([H])N([H])C(=O)[C@@]([H])(N([H])C(=O)[C@@]([H])(N([H])C(=O)[C@@]([H])(N([H])[C:42](=[O:43])[C:44])C([H])([H])[H])C([H])([H])C(=O)O[H])C([H])([H])C([H])([H])C([H])([H])C([H])([H])N([H])[H])C([H])([H])C([H])([H])C([H])([H])C([H])([H])N([H])[H])C([H])([H])C([H])(C([H])([H])[H])C([H])([H])[H].[H][O:91][H:181]>>[C:42](=[O:43])([C:44])[O:91][H:181],EVODEX-P25572
EVODEX-N10072,[H][O:91][H:181]>>[H]OC(=O)C([H])([H])C([H])([H])[C@@]([H])(C(=O)[O:91][H:181])N([H])C(=O)[C@@]([H])(N([H])[H])C([H])([H])C([H])(C([H])([H])[H])C([H])([H])[H],EVODEX-P25573
EVODEX-N10073,[H]OC(=O)C([H])([H])C([H])([H])[C@@]([H])(C(=O)N([H])[C@]([H])(C(=O)N([H])[C@]([H])(C(=O)O[H])C([H])([H])C(=O)O[H])C([H])([H])C1:C([H]):C([H]):C(O[H]):C([H]):C:1[H])N([H])C(=O)[C@@]([H])(N([H])C(=O)[C@@]([H])(N([H])C(=O)C([H])([H])N([H])C(=O)[C@@]([H])(N([H])C(=O)[C@@]([H])(N([H])C(=O)[C@@]([H])(N([H])[C:42](=[O:43])[C:44])C([H])([H])[H])C([H])([H])C(=O)O[H])C([H])([H])C([H])([H])C([H])([H])C([H])([H])N([H])[H])C([H])([H])C([H])([H])C([H])([H])C([H])([H])N([H])[H])C([H])([H])C([H])(C([H])([H])[H])C([H])([H])[H]>>[H]O[C:42](=[O:43])[C:44],EVODEX-P25574
EVODEX-N10074,[H]OC(=O)C([H])([H])C([H])([H])[C@@]([H])(C(=O)N([H])[C@]([H])(C(=O)N([H])[C@]([H])(C(=O)[N:33]([C:34])[H:78])C([H])([H])C(=O)O[H])C([H])(O[H])C([H])([H])[H])N([H])C(=O)[C@@]([H])(N([H])C(=O)C([H])([H])[H])C([H])(C([H])([H])[H])C([H])([H])C([H])([H])[H]>>[H][N:33]([C:34])[H:78],"EVODEX-P25577,EVODEX-P26129"
EVODEX-N10075,[H][O:49][H:91]>>[H]OC(=O)C([H])([H])C([H])([H])[C@@]([H])(C(=O)N([H])[C@]([H])(C(=O)N([H])[C@]([H])(C(=O)[O:49][H:91])C([H])([H])C(=O)O[H])C([H])(O[H])C([H])([H])[H])N([H])C(=O)[C@@]([H])(N([H])C(=O)C([H])([H])[H])C([H])(C([H])([H])[H])C([H])([H])C([H])([H])[H],EVODEX-P25579
EVODEX-N10076,[H]C1:C([H]):C([H]):C(C([H])([H])[C@@]([H])(C(=O)[N:34]([H:72])[H:73])N([H])C(=O)[C@@]([H])(N([H])C(=O)[C@@]([H])(N([H])C(=O)[C@@]2([H])N(C(=O)C([H])([H])[H])C([H])([H])C([H])([H])C2([H])[H])C([H])([H])[H])C([H])([H])C([H])(C([H])([H])[H])C([H])([H])[H]):C([H]):C:1[H]>>[H][N:34]([H:72])[H:73],EVODEX-P25583
EVODEX-N10077,[H][O:36][H:74]>>[H]C1:C([H]):C([H]):C(C([H])([H])[C@@]([H])(C(=O)[O:36][H:74])N([H])C(=O)[C@@]([H])(N([H])C(=O)[C@@]([H])(N([H])C(=O)[C@@]2([H])N(C(=O)C([H])([H])[H])C([H])([H])C([H])([H])C2([H])[H])C([H])([H])[H])C([H])([H])C([H])(C([H])([H])[H])C([H])([H])[H]):C([H]):C:1[H],EVODEX-P25585
EVODEX-N10078,[H]OC(=O)C([H])([H])C([H])([H])[C@@]([H])(C(=O)[N:34]([C:35])[H:78])N([H])C(=O)[C@@]1([H])N(C(=O)[C@@]([H])(N([H])C(=O)[C@@]([H])(N([H])C(=O)OC(C([H])([H])[H])(C([H])([H])[H])C([H])([H])[H])C([H])([H])[H])C([H])([H])[H])C([H])([H])C([H])([H])C1([H])[H]>>[H][N:34]([C:35])[H:78],EVODEX-P25589
EVODEX-N10079,[H][O:44][H:83]>>[H]OC(=O)C([H])([H])C([H])([H])[C@@]([H])(C(=O)[O:44][H:83])N([H])C(=O)[C@@]1([H])N(C(=O)[C@@]([H])(N([H])C(=O)[C@@]([H])(N([H])C(=O)OC(C([H])([H])[H])(C([H])([H])[H])C([H])([H])[H])C([H])([H])[H])C([H])([H])[H])C([H])([H])C([H])([H])C1([H])[H],EVODEX-P25591
EVODEX-N10080,[H]OC(=O)C([H])([H])[C@@]([H])(C(=O)[N:33]([C:34])[H:75])N([H])C(=O)[C@@]1([H])N(C(=O)[C@@]([H])(N([H])C(=O)[C@@]([H])(N([H])C(=O)OC(C([H])([H])[H])(C([H])([H])[H])C([H])([H])[H])C([H])([H])[H])C([H])([H])[H])C([H])([H])C([H])([H])C1([H])[H]>>[H][N:33]([C:34])[H:75],EVODEX-P25595
EVODEX-N10081,[H][O:43][H:80]>>[H]OC(=O)C([H])([H])[C@@]([H])(C(=O)[O:43][H:80])N([H])C(=O)[C@@]1([H])N(C(=O)[C@@]([H])(N([H])C(=O)[C@@]([H])(N([H])C(=O)OC(C([H])([H])[H])(C([H])([H])[H])C([H])([H])[H])C([H])([H])[H])C([H])([H])[H])C([H])([H])C([H])([H])C1([H])[H],EVODEX-P25597
EVODEX-N10082,[H][O:29][H:55]>>[H]C1:C([H]):C([H]):C(C(=O)N([H])[C@]([H])(C(=O)[O:29][H:55])C([H])([H])C([H])([H])C([H])([H])C([H])([H])N([H])[H]):C([H]):C:1[H],EVODEX-P25607
EVODEX-N10083,[H]C1:C([H]):C([H]):C(C(=O)N([H])[C@]([H])(C(=O)[N:18]([C:19])[H:47])C([H])([H])C([H])([H])C([H])([H])C([H])([H])N([H])[H]):C([H]):C:1[H]>>[H][N:18]([C:19])[H:47],EVODEX-P25609
EVODEX-N10084,[H]N=C(N([H])[H])N([H])C([H])([H])C([H])([H])C([H])([H])[C@@]([H])(C(=O)[O:34][C:35])N([H])C(=O)C([H])([H])N([H])C(=O)[C@@]([H])(N([H])C(=O)OC([H])([H])C1:C([H]):C([H]):C([H]):C([H]):C:1[H])C([H])([H])C([H])(C([H])([H])[H])C([H])([H])[H]>>[H][O:34][C:35],EVODEX-P25612
EVODEX-N10085,[H]C1:C([H]):C(N([H])[H]):C([H]):C([H]):C:1O[C:32]([C:24])=[O:33].[H][O:42][H:82]>>[C:24][C:32](=[O:33])[O:42][H:82],EVODEX-P25613
EVODEX-N10086,[H][O:42][H:82]>>[H]N=C(N([H])[H])N([H])C([H])([H])C([H])([H])C([H])([H])[C@@]([H])(C(=O)[O:42][H:82])N([H])C(=O)C([H])([H])N([H])C(=O)[C@@]([H])(N([H])C(=O)OC([H])([H])C1:C([H]):C([H]):C([H]):C([H]):C:1[H])C([H])([H])C([H])(C([H])([H])[H])C([H])([H])[H],EVODEX-P25614
EVODEX-N10087,[H]C1:C([H]):C(N([H])[H]):C([H]):C([H]):C:1O[C:32]([C:24])=[O:33]>>[H]O[C:32]([C:24])=[O:33],EVODEX-P25615
EVODEX-N10088,[H]C1:C([H]):C([H]):C(C([H])([H])[C@@]([H])(C(=O)[N:11]([C:9])[H:98])N([H])C(=O)[C@@]([H])(N([H])C(=O)[C@@]2([H])N(C(=O)[C@@]3([H])N(C(=O)[C@@]([H])(N([H])C(=O)C([H])([H])N([H])C(=O)[C@@]([H])(N([H])C(=O)C([H])([H])[H])C([H])([H])[H])C([H])(C([H])([H])[H])C([H])([H])[H])C([H])([H])C([H])([H])C3([H])[H])C([H])([H])C([H])([H])C2([H])[H])C([H])([H])C([H])(C([H])([H])[H])C([H])([H])[H]):C([H]):C:1[H]>>[H][N:11]([C:9])[H:98],EVODEX-P25618
EVODEX-N10089,[H]N([H])C(=O)[C@@]([H])(N([H])C(=O)C([H])([H])N([H])C(=O)[C@@]([H])(N([H])C(=O)[C@@]([H])(N([H])C(=O)[C@@]([H])(N([H])[C:12](=[O:13])[C:14])C([H])([H])[H])C([H])([H])C([H])([H])SC([H])([H])[H])C([H])([H])C([H])(C([H])([H])[H])C([H])([H])[H])C([H])([H])[H].[H][O:84][H:174]>>[C:12](=[O:13])([C:14])[O:84][H:174],EVODEX-P25619
EVODEX-N10090,[H][O:84][H:174]>>[H]C1:C([H]):C([H]):C(C([H])([H])[C@@]([H])(C(=O)[O:84][H:174])N([H])C(=O)[C@@]([H])(N([H])C(=O)[C@@]2([H])N(C(=O)[C@@]3([H])N(C(=O)[C@@]([H])(N([H])C(=O)C([H])([H])N([H])C(=O)[C@@]([H])(N([H])C(=O)C([H])([H])[H])C([H])([H])[H])C([H])(C([H])([H])[H])C([H])([H])[H])C([H])([H])C([H])([H])C3([H])[H])C([H])([H])C([H])([H])C2([H])[H])C([H])([H])C([H])(C([H])([H])[H])C([H])([H])[H]):C([H]):C:1[H],EVODEX-P25620
EVODEX-N10091,[H]N([H])C(=O)[C@@]([H])(N([H])C(=O)C([H])([H])N([H])C(=O)[C@@]([H])(N([H])C(=O)[C@@]([H])(N([H])C(=O)[C@@]([H])(N([H])[C:12](=[O:13])[C:14])C([H])([H])[H])C([H])([H])C([H])([H])SC([H])([H])[H])C([H])([H])C([H])(C([H])([H])[H])C([H])([H])[H])C([H])([H])[H]>>[H]O[C:12](=[O:13])[C:14],EVODEX-P25621
EVODEX-N10092,[H]N=C(N([H])[H])N([H])C([H])([H])C([H])([H])C([H])([H])[C@@]([H])(C(=O)N([H])[C@]([H])(C(=O)[N:48]([C:49])[H:118])C([H])([H])C([H])([H])C([H])([H])N([H])C(=N[H])N([H])[H])N([H])C(=O)[C@@]([H])(N([H])C(=O)[C@@]([H])(N([H])C(=O)C1:C([H]):C([H]):C([H]):C([H]):C:1[H])C([H])([H])C([H])([H])C([H])([H])C([H])([H])[H])C([H])([H])C([H])([H])C([H])([H])C([H])([H])N([H])[H]>>[H][N:48]([C:49])[H:118],EVODEX-P25624
EVODEX-N10093,[H]C1:C(N([H])[C:46]([C:38])=[O:47]):C([H]):C2:O:C(=O):C(C([H])([H])C(=O)N([H])[H]):C(C([H])([H])[H]):C:2:C:1[H].[H][O:65][H:129]>>[C:38][C:46](=[O:47])[O:65][H:129],EVODEX-P25625
EVODEX-N10094,[H][O:65][H:129]>>[H]N=C(N([H])[H])N([H])C([H])([H])C([H])([H])C([H])([H])[C@@]([H])(C(=O)N([H])[C@]([H])(C(=O)[O:65][H:129])C([H])([H])C([H])([H])C([H])([H])N([H])C(=N[H])N([H])[H])N([H])C(=O)[C@@]([H])(N([H])C(=O)[C@@]([H])(N([H])C(=O)C1:C([H]):C([H]):C([H]):C([H]):C:1[H])C([H])([H])C([H])([H])C([H])([H])C([H])([H])[H])C([H])([H])C([H])([H])C([H])([H])C([H])([H])N([H])[H],EVODEX-P25626
EVODEX-N10095,[H]C1:C(N([H])[C:46]([C:38])=[O:47]):C([H]):C2:O:C(=O):C(C([H])([H])C(=O)N([H])[H]):C(C([H])([H])[H]):C:2:C:1[H]>>[H]O[C:46]([C:38])=[O:47],EVODEX-P25627
EVODEX-N10096,[H]N=C(N([H])[H])N([H])C([H])([H])C([H])([H])C([H])([H])[C@@]([H])(C(=O)[N:37]([C:38])[H:97])N([H])C(=O)[C@@]([H])(N([H])C(=O)[C@@]([H])(N([H])C(=O)C1:C([H]):C([H]):C([H]):C([H]):C:1[H])C([H])([H])C([H])([H])C([H])([H])C([H])([H])[H])C([H])([H])C([H])([H])C([H])([H])C([H])([H])N([H])[H]>>[H][N:37]([C:38])[H:97],EVODEX-P25630
EVODEX-N10097,[H]N=C(N([H])[H])N([H])C([H])([H])C([H])([H])C([H])([H])[C@@]([H])(C(=O)SC([H])([H])C1:C([H]):C([H]):C([H]):C([H]):C:1[H])N([H])[C:35]([C:27])=[O:36].[H][O:56][H:116]>>[C:27][C:35](=[O:36])[O:56][H:116],EVODEX-P25631
EVODEX-N10098,[H][O:56][H:116]>>[H]N=C(N([H])[H])N([H])C([H])([H])C([H])([H])C([H])([H])[C@@]([H])(C(=O)[O:56][H:116])N([H])C(=O)[C@@]([H])(N([H])C(=O)[C@@]([H])(N([H])C(=O)C1:C([H]):C([H]):C([H]):C([H]):C:1[H])C([H])([H])C([H])([H])C([H])([H])C([H])([H])[H])C([H])([H])C([H])([H])C([H])([H])C([H])([H])N([H])[H],EVODEX-P25632
EVODEX-N10099,[H]N=C(N([H])[H])N([H])C([H])([H])C([H])([H])C([H])([H])[C@@]([H])(C(=O)SC([H])([H])C1:C([H]):C([H]):C([H]):C([H]):C:1[H])N([H])[C:35]([C:27])=[O:36]>>[H]O[C:35]([C:27])=[O:36],EVODEX-P25633
EVODEX-N10100,[H]OC(=O)C([H])([H])C([H])([H])C(=O)N([H])[C@]([H])(C(=O)N([H])[C@]([H])(C(=O)[N:10]([C:9])[H:47])C([H])([H])C1:C([H]):C([H]):C(O[H]):C([H]):C:1[H])C([H])([H])C([H])(C([H])([H])[H])C([H])([H])[H]>>[H][N:10]([C:9])[H:47],EVODEX-P25636
EVODEX-N10101,[H][O:41][H:75]>>[H]OC(=O)C([H])([H])C([H])([H])C(=O)N([H])[C@]([H])(C(=O)N([H])[C@]([H])(C(=O)[O:41][H:75])C([H])([H])C1:C([H]):C([H]):C(O[H]):C([H]):C:1[H])C([H])([H])C([H])(C([H])([H])[H])C([H])([H])[H],EVODEX-P25638
EVODEX-N10102,[H]OC(=O)C([H])([H])C([H])([H])C(=O)N([H])[C@]([H])(C(=O)N([H])[C@]([H])(C(=O)[N:21]([C:13])[H:57])C([H])([H])[H])C([H])([H])[H]>>[H][N:21]([C:13])[H:57],EVODEX-P25642
EVODEX-N10103,[H]C1:C([H]):C([H]):C(C([H])([H])[C@@]([H])(C(=O)N([H])C2:C([H]):C([H]):C3:C(C([H])([H])[H]):C([H]):C(=O):O:C:3:C:2[H])N([H])[C:22](=[O:23])[C:24]):C([H]):C:1[H].[H][O:42][H:75]>>[C:22](=[O:23])([C:24])[O:42][H:75],EVODEX-P25643
EVODEX-N10104,[H][O:42][H:75]>>[H]OC(=O)C([H])([H])C([H])([H])C(=O)N([H])[C@]([H])(C(=O)N([H])[C@]([H])(C(=O)[O:42][H:75])C([H])([H])[H])C([H])([H])[H],EVODEX-P25644
EVODEX-N10105,[H]C1:C([H]):C([H]):C(C([H])([H])[C@@]([H])(C(=O)N([H])C2:C([H]):C([H]):C3:C(C([H])([H])[H]):C([H]):C(=O):O:C:3:C:2[H])N([H])[C:22](=[O:23])[C:24]):C([H]):C:1[H]>>[H]O[C:22](=[O:23])[C:24],EVODEX-P25645
EVODEX-N10106,[H]N=C(N([H])[H])N([H])C([H])([H])C([H])([H])C([H])([H])[C@@]([H])(C(=O)N([H])[C@]([H])(C(=O)[N:10]([C:9])[H:53])C([H])([H])C([H])([H])C([H])([H])N([H])C(=N[H])N([H])[H])N([H])C(=O)C([H])([H])N([H])C(=O)OC(C([H])([H])[H])(C([H])([H])[H])C([H])([H])[H]>>[H][N:10]([C:9])[H:53],EVODEX-P25648
EVODEX-N10107,[H][O:47][H:92]>>[H]N=C(N([H])[H])N([H])C([H])([H])C([H])([H])C([H])([H])[C@@]([H])(C(=O)N([H])[C@]([H])(C(=O)[O:47][H:92])C([H])([H])C([H])([H])C([H])([H])N([H])C(=N[H])N([H])[H])N([H])C(=O)C([H])([H])N([H])C(=O)OC(C([H])([H])[H])(C([H])([H])[H])C([H])([H])[H],EVODEX-P25650
EVODEX-N10108,[H]OC(=O)C([H])([H])C([H])([H])[C@]([H])(C(=O)N([H])[C@]([H])(C(=O)N([H])C([H])([H])C(=O)N([H])[C@]([H])(C(=O)N([H])[C@]([H])(C(=O)N([H])[C@]([H])(C(=O)N([H])[C@]([H])(C(=O)N([H])[C@]([H])(C(=O)[N:49]([C:46])[H:156])C([H])([H])[H])C([H])([H])C(=O)N([H])[H])C([H])(C([H])([H])[H])C([H])([H])[H])C([H])([H])C([H])([H])C([H])([H])C([H])([H])N([H])[H])C([H])([H])[H])C([H])([H])[H])N([H])C(=O)[C@@]([H])(N([H])[H])C([H])([H])[H]>>[H][N:49]([C:46])[H:156],EVODEX-P25654
EVODEX-N10109,[H]OC(=O)C([H])([H])[C@@]([H])(C(=O)N([H])[C@]([H])(C(=O)N([H])[H])C([H])(C([H])([H])[H])C([H])([H])[H])N([H])C(=O)[C@@]([H])(N([H])C(=O)[C@@]([H])(N([H])C(=O)[C@@]([H])(N([H])C(=O)[C@@]([H])(N([H])C(=O)[C@@]([H])(N([H])C(=O)[C@@]([H])(N([H])[C:50](=[O:51])[C:52])C([H])([H])O[H])C([H])([H])O[H])C([H])([H])[H])C([H])([H])[H])C([H])([H])C1:C([H]):N:C([H]):N:1[H])C([H])(C([H])([H])[H])C([H])([H])[H].[H][O:113][H:224]>>[C:50](=[O:51])([C:52])[O:113][H:224],EVODEX-P25655
EVODEX-N10110,[H][O:113][H:224]>>[H]OC(=O)C([H])([H])C([H])([H])[C@]([H])(C(=O)N([H])[C@]([H])(C(=O)N([H])C([H])([H])C(=O)N([H])[C@]([H])(C(=O)N([H])[C@]([H])(C(=O)N([H])[C@]([H])(C(=O)N([H])[C@]([H])(C(=O)N([H])[C@]([H])(C(=O)[O:113][H:224])C([H])([H])[H])C([H])([H])C(=O)N([H])[H])C([H])(C([H])([H])[H])C([H])([H])[H])C([H])([H])C([H])([H])C([H])([H])C([H])([H])N([H])[H])C([H])([H])[H])C([H])([H])[H])N([H])C(=O)[C@@]([H])(N([H])[H])C([H])([H])[H],EVODEX-P25656
EVODEX-N10111,[H]OC(=O)C([H])([H])[C@@]([H])(C(=O)N([H])[C@]([H])(C(=O)N([H])[H])C([H])(C([H])([H])[H])C([H])([H])[H])N([H])C(=O)[C@@]([H])(N([H])C(=O)[C@@]([H])(N([H])C(=O)[C@@]([H])(N([H])C(=O)[C@@]([H])(N([H])C(=O)[C@@]([H])(N([H])C(=O)[C@@]([H])(N([H])[C:50](=[O:51])[C:52])C([H])([H])O[H])C([H])([H])O[H])C([H])([H])[H])C([H])([H])[H])C([H])([H])C1:C([H]):N:C([H]):N:1[H])C([H])(C([H])([H])[H])C([H])([H])[H]>>[H]O[C:50](=[O:51])[C:52],EVODEX-P25657
EVODEX-N10112,[H]OC1:C([H]):C([H]):C(C([H])([H])[C@@]([H])(C(=O)N([H])[C@]([H])(C(=O)N([H])[C@]([H])(C(=O)N([H])[C@]([H])(C(=O)[N:41]([C:38])[H:152])C([H])([H])[H])C([H])([H])C([H])([H])C(=O)N([H])[H])C([H])([H])C([H])(C([H])([H])[H])C([H])([H])[H])N([H])C(=O)[C@@]([H])(N([H])C(=O)[C@@]([H])(N([H])[H])C([H])([H])C2:C([H]):N:C([H]):N:2[H])C([H])(O[H])C([H])([H])[H]):C([H]):C:1[H]>>[H][N:41]([C:38])[H:152],EVODEX-P25660
EVODEX-N10113,[H]OC(=O)C([H])([H])C([H])([H])[C@@]([H])(C(=O)N([H])[C@]([H])(C(=O)N([H])[C@]([H])(C(=O)N([H])[C@]([H])(C(=O)N([H])[C@]([H])(C(=O)N([H])[H])C([H])([H])C1:C([H]):N([H]):C2:C([H]):C([H]):C([H]):C([H]):C:1:2)C([H])([H])C([H])([H])SC([H])([H])[H])C([H])([H])C1:C([H]):C([H]):C([H]):C([H]):C:1[H])C([H])([H])C([H])([H])C([H])([H])C([H])([H])N([H])[H])N([H])C(=O)[C@@]([H])(N([H])[C:42](=[O:43])[C:44])C([H])([H])O[H].[H][O:110][H:213]>>[C:42](=[O:43])([C:44])[O:110][H:213],EVODEX-P25661
EVODEX-N10114,[H][O:110][H:213]>>[H]OC1:C([H]):C([H]):C(C([H])([H])[C@@]([H])(C(=O)N([H])[C@]([H])(C(=O)N([H])[C@]([H])(C(=O)N([H])[C@]([H])(C(=O)[O:110][H:213])C([H])([H])[H])C([H])([H])C([H])([H])C(=O)N([H])[H])C([H])([H])C([H])(C([H])([H])[H])C([H])([H])[H])N([H])C(=O)[C@@]([H])(N([H])C(=O)[C@@]([H])(N([H])[H])C([H])([H])C2:C([H]):N:C([H]):N:2[H])C([H])(O[H])C([H])([H])[H]):C([H]):C:1[H],EVODEX-P25662
EVODEX-N10115,[H]OC(=O)C([H])([H])C([H])([H])[C@@]([H])(C(=O)N([H])[C@]([H])(C(=O)N([H])[C@]([H])(C(=O)N([H])[C@]([H])(C(=O)N([H])[C@]([H])(C(=O)N([H])[H])C([H])([H])C1:C([H]):N([H]):C2:C([H]):C([H]):C([H]):C([H]):C:1:2)C([H])([H])C([H])([H])SC([H])([H])[H])C([H])([H])C1:C([H]):C([H]):C([H]):C([H]):C:1[H])C([H])([H])C([H])([H])C([H])([H])C([H])([H])N([H])[H])N([H])C(=O)[C@@]([H])(N([H])[C:42](=[O:43])[C:44])C([H])([H])O[H]>>[H]O[C:42](=[O:43])[C:44],EVODEX-P25663
EVODEX-N10116,[H]OC(=O)C([H])([H])[C@@]([H])(C(=O)N([H])[C@]([H])(C(=O)N([H])[C@]([H])(C(=O)N([H])[C@]([H])(C(=O)N1C([H])([H])C([H])([H])C([H])([H])[C@@]1([H])C(=O)N([H])[C@]([H])(C(=O)[N:44]([C:45])[H:138])C([H])([H])S[H])C([H])([H])S[H])[C@@]([H])(C([H])([H])[H])C([H])([H])C([H])([H])[H])C([H])([H])C(=O)O[H])N([H])[H]>>[H][N:44]([C:45])[H:138],EVODEX-P25666
EVODEX-N10117,[H]OC(=O)[C@@]([H])(N([H])C(=O)[C@@]([H])(N([H])C(=O)[C@@]([H])(N([H])C(=O)[C@@]([H])(N([H])C(=O)[C@@]([H])(N([H])C(=O)[C@@]([H])(N([H])[C:42]([C:39])=[O:43])C([H])([H])O[H])C([H])([H])C([H])([H])SC([H])([H])[H])C([H])([H])O[H])C([H])([H])C1:C([H]):C([H]):C(O[H]):C([H]):C:1[H])[C@]([H])(O[H])C([H])([H])[H])C([H])([H])C1:C([H]):N([H]):C2:C([H]):C([H]):C([H]):C([H]):C:1:2.[H][O:98][H:184]>>[C:39][C:42](=[O:43])[O:98][H:184],EVODEX-P25667
EVODEX-N10118,[H][O:98][H:184]>>[H]OC(=O)C([H])([H])[C@@]([H])(C(=O)N([H])[C@]([H])(C(=O)N([H])[C@]([H])(C(=O)N([H])[C@]([H])(C(=O)N1C([H])([H])C([H])([H])C([H])([H])[C@@]1([H])C(=O)N([H])[C@]([H])(C(=O)[O:98][H:184])C([H])([H])S[H])C([H])([H])S[H])[C@@]([H])(C([H])([H])[H])C([H])([H])C([H])([H])[H])C([H])([H])C(=O)O[H])N([H])[H],EVODEX-P25668
EVODEX-N10119,[H]OC(=O)[C@@]([H])(N([H])C(=O)[C@@]([H])(N([H])C(=O)[C@@]([H])(N([H])C(=O)[C@@]([H])(N([H])C(=O)[C@@]([H])(N([H])C(=O)[C@@]([H])(N([H])[C:42]([C:39])=[O:43])C([H])([H])O[H])C([H])([H])C([H])([H])SC([H])([H])[H])C([H])([H])O[H])C([H])([H])C1:C([H]):C([H]):C(O[H]):C([H]):C:1[H])[C@]([H])(O[H])C([H])([H])[H])C([H])([H])C1:C([H]):N([H]):C2:C([H]):C([H]):C([H]):C([H]):C:1:2>>[H]O[C:42]([C:39])=[O:43],EVODEX-P25669
EVODEX-N10120,[H]OC(=O)C([H])([H])C([H])([H])[C@@]([H])(C(=O)N([H])[C@]([H])(C(=O)[N:50]([C:51])[H:153])C([H])([H])S[H])N([H])C(=O)[C@@]([H])(N([H])C(=O)[C@@]([H])(N([H])C(=O)[C@@]([H])(N([H])C(=O)[C@]([H])(N([H])[H])C([H])([H])C(=O)O[H])C([H])([H])C([H])([H])C(=O)O[H])C([H])([H])C([H])([H])SC([H])([H])[H])C([H])([H])C([H])([H])C(=O)O[H]>>[H][N:50]([C:51])[H:153],EVODEX-P25672
EVODEX-N10121,[H]OC(=O)[C@@]([H])(N([H])C(=O)[C@@]([H])(N([H])C(=O)[C@@]1([H])N(C(=O)[C@@]([H])(N([H])C(=O)[C@@]([H])(N([H])C(=O)[C@@]([H])(N([H])C(=O)[C@@]([H])(N([H])[C:48]([C:45])=[O:49])C([H])([H])[H])C([H])([H])O[H])C([H])([H])C2:C([H]):N:C([H]):N:2[H])C([H])([H])C([H])(C([H])([H])[H])C([H])([H])[H])C([H])([H])C([H])([H])C1([H])[H])C([H])([H])C1:C([H]):C([H]):C(O[H]):C([H]):C:1[H])C([H])([H])C([H])([H])C([H])([H])C([H])([H])N([H])C(=O)C([H])([H])[H].[H][O:111][H:212]>>[C:45][C:48](=[O:49])[O:111][H:212],EVODEX-P25673
EVODEX-N10122,[H][O:111][H:212]>>[H]OC(=O)C([H])([H])C([H])([H])[C@@]([H])(C(=O)N([H])[C@]([H])(C(=O)[O:111][H:212])C([H])([H])S[H])N([H])C(=O)[C@@]([H])(N([H])C(=O)[C@@]([H])(N([H])C(=O)[C@@]([H])(N([H])C(=O)[C@]([H])(N([H])[H])C([H])([H])C(=O)O[H])C([H])([H])C([H])([H])C(=O)O[H])C([H])([H])C([H])([H])SC([H])([H])[H])C([H])([H])C([H])([H])C(=O)O[H],EVODEX-P25674
EVODEX-N10123,[H]OC(=O)[C@@]([H])(N([H])C(=O)[C@@]([H])(N([H])C(=O)[C@@]1([H])N(C(=O)[C@@]([H])(N([H])C(=O)[C@@]([H])(N([H])C(=O)[C@@]([H])(N([H])C(=O)[C@@]([H])(N([H])[C:48]([C:45])=[O:49])C([H])([H])[H])C([H])([H])O[H])C([H])([H])C2:C([H]):N:C([H]):N:2[H])C([H])([H])C([H])(C([H])([H])[H])C([H])([H])[H])C([H])([H])C([H])([H])C1([H])[H])C([H])([H])C1:C([H]):C([H]):C(O[H]):C([H]):C:1[H])C([H])([H])C([H])([H])C([H])([H])C([H])([H])N([H])C(=O)C([H])([H])[H]>>[H]O[C:48]([C:45])=[O:49],EVODEX-P25675
EVODEX-N10124,[H]N(C(=O)OC(C([H])([H])[H])(C([H])([H])[H])C([H])([H])[H])[C@]([H])(C(=O)N1C([H])([H])C([H])([H])C([H])([H])[C@@]1([H])C(=O)[N:21]([C:13])[H:64])C([H])(C([H])([H])[H])C([H])([H])[H]>>[H][N:21]([C:13])[H:64],EVODEX-P25678
EVODEX-N10125,[H]N=C(N([H])[H])N([H])C([H])([H])C([H])([H])C([H])([H])[C@@]([H])(C(=O)N([H])C1:C([H]):C([H]):C2:C(C([H])([H])[H]):C([H]):C(=O):O:C:2:C:1[H])N([H])[C:22](=[O:23])[C:24].[H][O:46][H:92]>>[C:22](=[O:23])([C:24])[O:46][H:92],EVODEX-P25679
EVODEX-N10126,[H][O:46][H:92]>>[H]N(C(=O)OC(C([H])([H])[H])(C([H])([H])[H])C([H])([H])[H])[C@]([H])(C(=O)N1C([H])([H])C([H])([H])C([H])([H])[C@@]1([H])C(=O)[O:46][H:92])C([H])(C([H])([H])[H])C([H])([H])[H],EVODEX-P25680
EVODEX-N10127,[H]N=C(N([H])[H])N([H])C([H])([H])C([H])([H])C([H])([H])[C@@]([H])(C(=O)N([H])C1:C([H]):C([H]):C2:C(C([H])([H])[H]):C([H]):C(=O):O:C:2:C:1[H])N([H])[C:22](=[O:23])[C:24]>>[H]O[C:22](=[O:23])[C:24],EVODEX-P25681
EVODEX-N10128,[H]OC(=O)C([H])([H])C([H])([H])[C@@]([H])(C(=O)N([H])[C@]([H])(C(=O)[N:45]([C:46])[H:127])C([H])([H])C1:C([H]):C([H]):C([H]):C([H]):C:1[H])N([H])C(=O)[C@@]([H])(N([H])C(=O)[C@@]1([H])N(C(=O)[C@@]([H])(N([H])[H])C([H])([H])C([H])([H])C([H])([H])C([H])([H])N([H])[H])C([H])([H])C([H])([H])C1([H])[H])[C@@]([H])(C([H])([H])[H])C([H])([H])C([H])([H])[H]>>[H][N:45]([C:46])[H:127],EVODEX-P25684
EVODEX-N10129,[H][O:79][H:159]>>[H]OC(=O)C([H])([H])C([H])([H])[C@@]([H])(C(=O)N([H])[C@]([H])(C(=O)[O:79][H:159])C([H])([H])C1:C([H]):C([H]):C([H]):C([H]):C:1[H])N([H])C(=O)[C@@]([H])(N([H])C(=O)[C@@]1([H])N(C(=O)[C@@]([H])(N([H])[H])C([H])([H])C([H])([H])C([H])([H])C([H])([H])N([H])[H])C([H])([H])C([H])([H])C1([H])[H])[C@@]([H])(C([H])([H])[H])C([H])([H])C([H])([H])[H],EVODEX-P25686
EVODEX-N10130,[H]OC([H])([H])[C@@]([H])(C(=O)N1C([H])([H])C([H])([H])C([H])([H])[C@@]1([H])C(=O)N([H])[C@]([H])(C(=O)N([H])[C@]([H])(C(=O)N([H])[C@]([H])(C(=O)[N:31]([C:20])[H:104])C([H])([H])C1:C([H]):C([H]):C([H]):C([H]):C:1[H])C([H])([H])C([H])([H])C([H])([H])C([H])([H])N([H])[H])C([H])([H])[H])N([H])[H]>>[H][N:31]([C:20])[H:104],EVODEX-P25690
EVODEX-N10131,[H][O:73][H:145]>>[H]OC([H])([H])[C@@]([H])(C(=O)N1C([H])([H])C([H])([H])C([H])([H])[C@@]1([H])C(=O)N([H])[C@]([H])(C(=O)N([H])[C@]([H])(C(=O)N([H])[C@]([H])(C(=O)[O:73][H:145])C([H])([H])C1:C([H]):C([H]):C([H]):C([H]):C:1[H])C([H])([H])C([H])([H])C([H])([H])C([H])([H])N([H])[H])C([H])([H])[H])N([H])[H],EVODEX-P25692
EVODEX-N10132,[H]C1:C([H]):C([H]):C(C([H])([H])[C@@]([H])(C(=O)[N:31]([C:20])[H:107])N([H])C(=O)[C@@]([H])(N([H])C(=O)[C@@]([H])(N([H])C(=O)[C@@]2([H])N(C(=O)[C@@]([H])(N([H])[H])C([H])([H])C([H])([H])C([H])([H])C([H])([H])N([H])[H])C([H])([H])C([H])([H])C2([H])[H])C([H])([H])[H])C([H])([H])C([H])([H])C([H])([H])C([H])([H])N([H])[H]):C([H]):C:1[H]>>[H][N:31]([C:20])[H:107],EVODEX-P25696
EVODEX-N10133,[H][O:76][H:155]>>[H]C1:C([H]):C([H]):C(C([H])([H])[C@@]([H])(C(=O)[O:76][H:155])N([H])C(=O)[C@@]([H])(N([H])C(=O)[C@@]([H])(N([H])C(=O)[C@@]2([H])N(C(=O)[C@@]([H])(N([H])[H])C([H])([H])C([H])([H])C([H])([H])C([H])([H])N([H])[H])C([H])([H])C([H])([H])C2([H])[H])C([H])([H])[H])C([H])([H])C([H])([H])C([H])([H])C([H])([H])N([H])[H]):C([H]):C:1[H],EVODEX-P25698
EVODEX-N10134,[H]OC(=O)C([H])([H])[C@@]([H])(C(=O)N([H])[C@]([H])(C(=O)[N:31]([C:20])[H:106])C([H])([H])C1:C([H]):C([H]):C([H]):C([H]):C:1[H])N([H])C(=O)[C@@]([H])(N([H])C(=O)[C@@]1([H])N(C(=O)[C@@]([H])(N([H])[H])C([H])([H])C([H])([H])C([H])([H])C([H])([H])N([H])[H])C([H])([H])C([H])([H])C1([H])[H])C([H])([H])[H]>>[H][N:31]([C:20])[H:106],EVODEX-P25702
EVODEX-N10135,[H][O:75][H:147]>>[H]OC(=O)C([H])([H])[C@@]([H])(C(=O)N([H])[C@]([H])(C(=O)[O:75][H:147])C([H])([H])C1:C([H]):C([H]):C([H]):C([H]):C:1[H])N([H])C(=O)[C@@]([H])(N([H])C(=O)[C@@]1([H])N(C(=O)[C@@]([H])(N([H])[H])C([H])([H])C([H])([H])C([H])([H])C([H])([H])N([H])[H])C([H])([H])C([H])([H])C1([H])[H])C([H])([H])[H],EVODEX-P25704
EVODEX-N10136,[H]N([H])C([H])([H])C([H])([H])C([H])([H])C([H])([H])[C@@]([H])(C(=O)N1C([H])([H])C([H])([H])C([H])([H])[C@@]1([H])C(=O)[N:6]([C:5])[H:79])N([H])[H]>>[H][N:6]([C:5])[H:79],EVODEX-P25708
EVODEX-N10137,[H][O:68][H:139]>>[H]N([H])C([H])([H])C([H])([H])C([H])([H])C([H])([H])[C@@]([H])(C(=O)N1C([H])([H])C([H])([H])C([H])([H])[C@@]1([H])C(=O)[O:68][H:139])N([H])[H],EVODEX-P25710
EVODEX-N10138,[H]N=C(N([H])[H])N([H])C([H])([H])C([H])([H])C([H])([H])[C@@]([H])(C(=O)[N:10]([C:9])[H:46])N([H])C(=O)C([H])([H])N([H])C(=O)[C@@]([H])(N([H])[H])C([H])([H])C1:C([H]):C([H]):C([H]):C([H]):C:1[H]>>[H][N:10]([C:9])[H:46],EVODEX-P25714
EVODEX-N10139,[H][O:40][H:74]>>[H]N=C(N([H])[H])N([H])C([H])([H])C([H])([H])C([H])([H])[C@@]([H])(C(=O)[O:40][H:74])N([H])C(=O)C([H])([H])N([H])C(=O)[C@@]([H])(N([H])[H])C([H])([H])C1:C([H]):C([H]):C([H]):C([H]):C:1[H],EVODEX-P25716
EVODEX-N10140,[H]N=C(N([H])[H])N([H])C([H])([H])C([H])([H])C([H])([H])[C@@]([H])(C(=O)[N:10]([C:9])[H:48])N([H])C(=O)[C@@]([H])(N([H])C(=O)[C@@]([H])(N([H])[H])C([H])([H])C1:C([H]):C([H]):C([H]):C([H]):C:1[H])C([H])([H])O[H]>>[H][N:10]([C:9])[H:48],EVODEX-P25720
EVODEX-N10141,[H][O:42][H:78]>>[H]N=C(N([H])[H])N([H])C([H])([H])C([H])([H])C([H])([H])[C@@]([H])(C(=O)[O:42][H:78])N([H])C(=O)[C@@]([H])(N([H])C(=O)[C@@]([H])(N([H])[H])C([H])([H])C1:C([H]):C([H]):C([H]):C([H]):C:1[H])C([H])([H])O[H],EVODEX-P25722
EVODEX-N10142,[H]N=C(N([H])[H])N([H])C([H])([H])C([H])([H])C([H])([H])[C@@]([H])(C(=O)[N:25]([C:19])[H:125])N([H])C(=O)[C@@]([H])(N([H])C(=O)[C@@]([H])(N([H])C(=O)[C@@]([H])(N([H])C(=O)C1:C([H]):C([H]):C([H]):C([H]):C:1N([H])[H])C([H])([H])C([H])([H])C([H])([H])C([H])([H])N([H])[H])C([H])([H])C([H])([H])C(=O)N([H])[H])C([H])([H])O[H]>>[H][N:25]([C:19])[H:125],EVODEX-P25726
EVODEX-N10143,[H][O:95][H:185]>>[H]N=C(N([H])[H])N([H])C([H])([H])C([H])([H])C([H])([H])[C@@]([H])(C(=O)[O:95][H:185])N([H])C(=O)[C@@]([H])(N([H])C(=O)[C@@]([H])(N([H])C(=O)[C@@]([H])(N([H])C(=O)C1:C([H]):C([H]):C([H]):C([H]):C:1N([H])[H])C([H])([H])C([H])([H])C([H])([H])C([H])([H])N([H])[H])C([H])([H])C([H])([H])C(=O)N([H])[H])C([H])([H])O[H],EVODEX-P25728
EVODEX-N10144,[H]N=C(N([H])[H])N([H])C([H])([H])C([H])([H])C([H])([H])[C@@]([H])(C(=O)N([H])[C@]([H])(C(=O)N([H])[C@]([H])(C(=O)N([H])[C@]([H])(C(=O)[N:5]([C:4])[H:89])C([H])([H])C([H])([H])C([H])([H])N([H])C(=N[H])N([H])[H])C([H])([H])[H])C([H])([H])[H])N([H])C(=O)C1:C([H]):C([H]):C([H]):C([H]):C:1N([H])[H]>>[H][N:5]([C:4])[H:89],EVODEX-P25732
EVODEX-N10145,[H][O:80][H:154]>>[H]N=C(N([H])[H])N([H])C([H])([H])C([H])([H])C([H])([H])[C@@]([H])(C(=O)N([H])[C@]([H])(C(=O)N([H])[C@]([H])(C(=O)N([H])[C@]([H])(C(=O)[O:80][H:154])C([H])([H])C([H])([H])C([H])([H])N([H])C(=N[H])N([H])[H])C([H])([H])[H])C([H])([H])[H])N([H])C(=O)C1:C([H]):C([H]):C([H]):C([H]):C:1N([H])[H],EVODEX-P25734
EVODEX-N10146,[H]OC(=O)C([H])([H])C([H])([H])C(=O)N([H])[C@]([H])(C(=O)N([H])[C@]([H])(C(=O)N([H])[C@]([H])(C(=O)N([H])[C@]([H])(C(=O)[N:10]([C:9])[H:62])C([H])([H])C1:C([H]):C([H]):C(O[H]):C([H]):C:1[H])C([H])(C([H])([H])[H])C([H])([H])[H])C([H])([H])C([H])(C([H])([H])[H])C([H])([H])[H])C([H])([H])C([H])(C([H])([H])[H])C([H])([H])[H]>>[H][N:10]([C:9])[H:62],EVODEX-P25738
EVODEX-N10147,[H][O:56][H:110]>>[H]OC(=O)C([H])([H])C([H])([H])C(=O)N([H])[C@]([H])(C(=O)N([H])[C@]([H])(C(=O)N([H])[C@]([H])(C(=O)N([H])[C@]([H])(C(=O)[O:56][H:110])C([H])([H])C1:C([H]):C([H]):C(O[H]):C([H]):C:1[H])C([H])(C([H])([H])[H])C([H])([H])[H])C([H])([H])C([H])(C([H])([H])[H])C([H])([H])[H])C([H])([H])C([H])(C([H])([H])[H])C([H])([H])[H],EVODEX-P25740
EVODEX-N10148,[H]O[C@]([H])(C([H])([H])[H])[C@@]([H])(C(=O)[N:4]([C:3])[H:92])N([H])C(=O)[C@@]([H])(N([H])C(=O)[C@@]([H])(N([H])C(=O)C1:C([H]):C([H]):C([H]):C([H]):C:1N([H])[H])[C@@]([H])(C([H])([H])[H])C([H])([H])C([H])([H])[H])C([H])([H])C([H])([H])SC([H])([H])[H]>>[H][N:4]([C:3])[H:92],"EVODEX-P25744,EVODEX-P25750"
EVODEX-N10149,[H][O:85][H:161]>>[H]O[C@]([H])(C([H])([H])[H])[C@@]([H])(C(=O)[O:85][H:161])N([H])C(=O)[C@@]([H])(N([H])C(=O)[C@@]([H])(N([H])C(=O)C1:C([H]):C([H]):C([H]):C([H]):C:1N([H])[H])[C@@]([H])(C([H])([H])[H])C([H])([H])C([H])([H])[H])C([H])([H])C([H])([H])SC([H])([H])[H],EVODEX-P25746
EVODEX-N10150,[H]N=C(N([H])[H])N([H])C([H])([H])C([H])([H])C([H])([H])[C@@]([H])(C(=O)[N:33]([C:34])[H:78])N([H])C(=O)[C@@]([H])(N([H])C(=O)[C@@]([H])(N([H])C(=O)OC(C([H])([H])[H])(C([H])([H])[H])C([H])([H])[H])C([H])([H])C([H])([H])C(=O)N([H])[H])C([H])([H])[H]>>[H][N:33]([C:34])[H:78],EVODEX-P25755
EVODEX-N10151,[H][O:43][H:83]>>[H]N=C(N([H])[H])N([H])C([H])([H])C([H])([H])C([H])([H])[C@@]([H])(C(=O)[O:43][H:83])N([H])C(=O)[C@@]([H])(N([H])C(=O)[C@@]([H])(N([H])C(=O)OC(C([H])([H])[H])(C([H])([H])[H])C([H])([H])[H])C([H])([H])C([H])([H])C(=O)N([H])[H])C([H])([H])[H],EVODEX-P25757
EVODEX-N10152,[H]OC(=O)C([H])([H])C([H])([H])C(=O)N([H])C([H])(C(=O)N([H])[C@]([H])(C(=O)N1C([H])([H])C([H])([H])C([H])([H])[C@@]1([H])C(=O)N([H])[C@]([H])(C(=O)[N:34]([C:35])[H:79])C([H])([H])C([H])([H])C([H])([H])C([H])([H])N([H])[H])C([H])([H])[H])C([H])([H])[H]>>[H][N:34]([C:35])[H:79],EVODEX-P25761
EVODEX-N10153,[H][O:44][H:84]>>[H]OC(=O)C([H])([H])C([H])([H])C(=O)N([H])C([H])(C(=O)N([H])[C@]([H])(C(=O)N1C([H])([H])C([H])([H])C([H])([H])[C@@]1([H])C(=O)N([H])[C@]([H])(C(=O)[O:44][H:84])C([H])([H])C([H])([H])C([H])([H])C([H])([H])N([H])[H])C([H])([H])[H])C([H])([H])[H],EVODEX-P25763
EVODEX-N10154,[H]N=C(N([H])[H])N([H])C([H])([H])C([H])([H])C([H])([H])[C@@]([H])(C(=O)N([H])[C@]([H])(C(=O)N([H])[C@]([H])(C(=O)N([H])[C@]([H])(C(=O)N([H])[C@]([H])(C(=O)N([H])[C@]([H])(C(=O)[N:91]([C:92])[H:244])C([H])([H])C1:C([H]):N:C([H]):N:1[H])C([H])([H])O[H])[C@@]([H])(C([H])([H])[H])C([H])([H])C([H])([H])[H])C([H])([H])C(=O)N([H])[H])C([H])([H])[H])N([H])C(=O)[C@@]([H])(N([H])C(=O)[C@@]([H])(N([H])C(=O)[C@@]([H])(N([H])C(=O)[C@@]([H])(N([H])C(=O)[C@@]([H])(N([H])C(=O)[C@@]([H])(N([H])[H])C([H])(C([H])([H])[H])C([H])([H])[H])C([H])(C([H])([H])[H])C([H])([H])[H])C([H])([H])[H])C([H])([H])O[H])C([H])([H])C([H])([H])C(=O)N([H])[H])C([H])([H])C([H])(C([H])([H])[H])C([H])([H])[H]>>[H][N:91]([C:92])[H:244],EVODEX-P25767
EVODEX-N10155,[H]N=C(N([H])[H])N([H])C([H])([H])C([H])([H])C([H])([H])[C@@]([H])(C(=O)O[H])N([H])C(=O)C([H])([H])N([H])C(=O)[C@@]([H])(N([H])C(=O)[C@@]([H])(N([H])C(=O)[C@@]([H])(N([H])C(=O)[C@@]([H])(N([H])C(=O)[C@@]([H])(N([H])[C:89]([C:82])=[O:90])C([H])([H])C([H])([H])C([H])([H])C([H])([H])N([H])[H])C([H])([H])C(=O)O[H])C([H])([H])C([H])([H])SC([H])([H])[H])C([H])([H])C([H])([H])C(=O)N([H])[H])C([H])([H])C([H])(C([H])([H])[H])C([H])([H])[H].[H][O:149][H:305]>>[C:82][C:89](=[O:90])[O:149][H:305],EVODEX-P25768
EVODEX-N10156,[H][O:149][H:305]>>[H]N=C(N([H])[H])N([H])C([H])([H])C([H])([H])C([H])([H])[C@@]([H])(C(=O)N([H])[C@]([H])(C(=O)N([H])[C@]([H])(C(=O)N([H])[C@]([H])(C(=O)N([H])[C@]([H])(C(=O)N([H])[C@]([H])(C(=O)[O:149][H:305])C([H])([H])C1:C([H]):N:C([H]):N:1[H])C([H])([H])O[H])[C@@]([H])(C([H])([H])[H])C([H])([H])C([H])([H])[H])C([H])([H])C(=O)N([H])[H])C([H])([H])[H])N([H])C(=O)[C@@]([H])(N([H])C(=O)[C@@]([H])(N([H])C(=O)[C@@]([H])(N([H])C(=O)[C@@]([H])(N([H])C(=O)[C@@]([H])(N([H])C(=O)[C@@]([H])(N([H])[H])C([H])(C([H])([H])[H])C([H])([H])[H])C([H])(C([H])([H])[H])C([H])([H])[H])C([H])([H])[H])C([H])([H])O[H])C([H])([H])C([H])([H])C(=O)N([H])[H])C([H])([H])C([H])(C([H])([H])[H])C([H])([H])[H],EVODEX-P25769
EVODEX-N10157,[H]N=C(N([H])[H])N([H])C([H])([H])C([H])([H])C([H])([H])[C@@]([H])(C(=O)O[H])N([H])C(=O)C([H])([H])N([H])C(=O)[C@@]([H])(N([H])C(=O)[C@@]([H])(N([H])C(=O)[C@@]([H])(N([H])C(=O)[C@@]([H])(N([H])C(=O)[C@@]([H])(N([H])[C:89]([C:82])=[O:90])C([H])([H])C([H])([H])C([H])([H])C([H])([H])N([H])[H])C([H])([H])C(=O)O[H])C([H])([H])C([H])([H])SC([H])([H])[H])C([H])([H])C([H])([H])C(=O)N([H])[H])C([H])([H])C([H])(C([H])([H])[H])C([H])([H])[H]>>[H]O[C:89]([C:82])=[O:90],EVODEX-P25770
EVODEX-N10158,[H]N(C(=O)[C@@]([H])(N([H])C(=O)[C@@]([H])(N([H])[H])C([H])(C([H])([H])[H])C([H])([H])[H])C([H])(C([H])([H])[H])C([H])([H])[H])[C@]([H])(C(=O)[N:53]([C:50])[H:150])C([H])([H])[H]>>[H][N:53]([C:50])[H:150],EVODEX-P25773
EVODEX-N10159,[H]N=C(N([H])[H])N([H])C([H])([H])C([H])([H])C([H])([H])[C@@]([H])(C(=O)N([H])[C@]([H])(C(=O)N([H])[C@]([H])(C(=O)N([H])[C@]([H])(C(=O)N([H])[C@]([H])(C(=O)N([H])[C@]([H])(C(=O)O[H])C([H])([H])C1:C([H]):N:C([H]):N:1[H])C([H])([H])O[H])[C@@]([H])(C([H])([H])[H])C([H])([H])C([H])([H])[H])C([H])([H])C(=O)N([H])[H])C([H])([H])[H])N([H])C(=O)[C@@]([H])(N([H])C(=O)[C@@]([H])(N([H])C(=O)[C@@]([H])(N([H])[C:54](=[O:55])[C:56])C([H])([H])O[H])C([H])([H])C([H])([H])C(=O)N([H])[H])C([H])([H])C([H])(C([H])([H])[H])C([H])([H])[H].[H][O:92][H:188]>>[C:54](=[O:55])([C:56])[O:92][H:188],EVODEX-P25774
EVODEX-N10160,[H][O:92][H:188]>>[H]N(C(=O)[C@@]([H])(N([H])C(=O)[C@@]([H])(N([H])[H])C([H])(C([H])([H])[H])C([H])([H])[H])C([H])(C([H])([H])[H])C([H])([H])[H])[C@]([H])(C(=O)[O:92][H:188])C([H])([H])[H],EVODEX-P25775
EVODEX-N10161,[H]N=C(N([H])[H])N([H])C([H])([H])C([H])([H])C([H])([H])[C@@]([H])(C(=O)N([H])[C@]([H])(C(=O)N([H])[C@]([H])(C(=O)N([H])[C@]([H])(C(=O)N([H])[C@]([H])(C(=O)N([H])[C@]([H])(C(=O)O[H])C([H])([H])C1:C([H]):N:C([H]):N:1[H])C([H])([H])O[H])[C@@]([H])(C([H])([H])[H])C([H])([H])C([H])([H])[H])C([H])([H])C(=O)N([H])[H])C([H])([H])[H])N([H])C(=O)[C@@]([H])(N([H])C(=O)[C@@]([H])(N([H])C(=O)[C@@]([H])(N([H])[C:54](=[O:55])[C:56])C([H])([H])O[H])C([H])([H])C([H])([H])C(=O)N([H])[H])C([H])([H])C([H])(C([H])([H])[H])C([H])([H])[H]>>[H]O[C:54](=[O:55])[C:56],EVODEX-P25776
EVODEX-N10162,[H]C1:C([H]):C([H]):C(C([H])([H])OC(=O)N([H])[C@]([H])(C(=O)[O:19][C:20])C([H])([H])C([H])(C([H])([H])[H])C([H])([H])[H]):C([H]):C:1[H]>>[H][O:19][C:20],EVODEX-P25779
EVODEX-N10163,[H][O:29][H:52]>>[H]C1:C([H]):C([H]):C(C([H])([H])OC(=O)N([H])[C@]([H])(C(=O)[O:29][H:52])C([H])([H])C([H])(C([H])([H])[H])C([H])([H])[H]):C([H]):C:1[H],EVODEX-P25781
EVODEX-N10164,[H]N=C(N([H])[H])N([H])C([H])([H])C([H])([H])C([H])([H])[C@@]([H])(C(=O)N([H])[C@]([H])(C(=O)N([H])[C@]([H])(C(=O)N([H])[C@]([H])(C(=O)[N:61]([C:62])[H:145])C([H])([H])C([H])(C([H])([H])[H])C([H])([H])[H])C([H])([H])C([H])(C([H])([H])[H])C([H])([H])[H])C([H])([H])C([H])([H])C([H])([H])N([H])C(=N[H])N([H])[H])N([H])C(=O)[C@@]([H])(N([H])C(=O)[C@@]([H])(N([H])C(=O)[C@@]([H])(N([H])C(=O)C([H])([H])[H])C([H])([H])[H])[C@@]([H])(C([H])([H])[H])C([H])([H])C([H])([H])[H])C([H])([H])O[H]>>[H][N:61]([C:62])[H:145],EVODEX-P25785
EVODEX-N10165,[H][O:74][H:153]>>[H]N=C(N([H])[H])N([H])C([H])([H])C([H])([H])C([H])([H])[C@@]([H])(C(=O)N([H])[C@]([H])(C(=O)N([H])[C@]([H])(C(=O)N([H])[C@]([H])(C(=O)[O:74][H:153])C([H])([H])C([H])(C([H])([H])[H])C([H])([H])[H])C([H])([H])C([H])(C([H])([H])[H])C([H])([H])[H])C([H])([H])C([H])([H])C([H])([H])N([H])C(=N[H])N([H])[H])N([H])C(=O)[C@@]([H])(N([H])C(=O)[C@@]([H])(N([H])C(=O)[C@@]([H])(N([H])C(=O)C([H])([H])[H])C([H])([H])[H])[C@@]([H])(C([H])([H])[H])C([H])([H])C([H])([H])[H])C([H])([H])O[H],EVODEX-P25787
EVODEX-N10166,[H]N=C(N([H])[H])N([H])C([H])([H])C([H])([H])C([H])([H])[C@@]([H])(C(=O)N([H])[C@]([H])(C(=O)N([H])[C@]([H])(C(=O)N([H])[C@]([H])(C(=O)[N:67]([C:68])[H:155])C([H])([H])C([H])(C([H])([H])[H])C([H])([H])[H])C([H])([H])C([H])(C([H])([H])[H])C([H])([H])[H])C([H])([H])C([H])([H])C([H])([H])N([H])C(=N[H])N([H])[H])N([H])C(=O)[C@@]([H])(N([H])C(=O)[C@@]([H])(N([H])C(=O)[C@@]([H])(N([H])C(=O)C([H])([H])[H])C([H])([H])C1:C([H]):C([H]):C([H]):C([H]):C:1[H])[C@@]([H])(C([H])([H])[H])C([H])([H])C([H])([H])[H])C([H])([H])O[H]>>[H][N:67]([C:68])[H:155],EVODEX-P25791
EVODEX-N10167,[H][O:80][H:163]>>[H]N=C(N([H])[H])N([H])C([H])([H])C([H])([H])C([H])([H])[C@@]([H])(C(=O)N([H])[C@]([H])(C(=O)N([H])[C@]([H])(C(=O)N([H])[C@]([H])(C(=O)[O:80][H:163])C([H])([H])C([H])(C([H])([H])[H])C([H])([H])[H])C([H])([H])C([H])(C([H])([H])[H])C([H])([H])[H])C([H])([H])C([H])([H])C([H])([H])N([H])C(=N[H])N([H])[H])N([H])C(=O)[C@@]([H])(N([H])C(=O)[C@@]([H])(N([H])C(=O)[C@@]([H])(N([H])C(=O)C([H])([H])[H])C([H])([H])C1:C([H]):C([H]):C([H]):C([H]):C:1[H])[C@@]([H])(C([H])([H])[H])C([H])([H])C([H])([H])[H])C([H])([H])O[H],EVODEX-P25793
EVODEX-N10168,[H]N=C(N([H])[H])N([H])C([H])([H])C([H])([H])C([H])([H])[C@@]([H])(C(=O)N([H])[C@]([H])(C(=O)N([H])[C@]([H])(C(=O)[N:28]([C:27])[H:111])C([H])([H])C([H])([H])C([H])([H])N([H])C(=N[H])N([H])[H])C([H])([H])C([H])([H])C([H])([H])C([H])([H])N([H])[H])N([H])C(=O)[C@@]([H])(N([H])C(=O)[C@@]1([H])N(C(=O)[C@@]([H])(N([H])[H])C([H])([H])C(=O)O[H])C([H])([H])C([H])([H])C1([H])[H])C([H])([H])C(=O)N([H])[H]>>[H][N:28]([C:27])[H:111],EVODEX-P25797
EVODEX-N10169,[H]OC(=O)[C@@]([H])(N([H])C(=O)[C@@]1([H])N(C(=O)[C@@]([H])(N([H])C(=O)C([H])([H])N([H])[C:29](=[O:30])[C:31])C([H])([H])C2:C([H]):N([H]):C3:C([H]):C([H]):C([H]):C([H]):C:2:3)C([H])([H])C([H])([H])C1([H])[H])C([H])([H])[H].[H][O:86][H:168]>>[C:29](=[O:30])([C:31])[O:86][H:168],EVODEX-P25798
EVODEX-N10170,[H][O:86][H:168]>>[H]N=C(N([H])[H])N([H])C([H])([H])C([H])([H])C([H])([H])[C@@]([H])(C(=O)N([H])[C@]([H])(C(=O)N([H])[C@]([H])(C(=O)[O:86][H:168])C([H])([H])C([H])([H])C([H])([H])N([H])C(=N[H])N([H])[H])C([H])([H])C([H])([H])C([H])([H])C([H])([H])N([H])[H])N([H])C(=O)[C@@]([H])(N([H])C(=O)[C@@]1([H])N(C(=O)[C@@]([H])(N([H])[H])C([H])([H])C(=O)O[H])C([H])([H])C([H])([H])C1([H])[H])C([H])([H])C(=O)N([H])[H],EVODEX-P25799
EVODEX-N10171,[H]OC(=O)[C@@]([H])(N([H])C(=O)[C@@]1([H])N(C(=O)[C@@]([H])(N([H])C(=O)C([H])([H])N([H])[C:29](=[O:30])[C:31])C([H])([H])C2:C([H]):N([H]):C3:C([H]):C([H]):C([H]):C([H]):C:2:3)C([H])([H])C([H])([H])C1([H])[H])C([H])([H])[H]>>[H]O[C:29](=[O:30])[C:31],EVODEX-P25800
EVODEX-N10172,[H]N=C(N([H])[H])N([H])C([H])([H])C([H])([H])C([H])([H])[C@@]([H])(C(=O)[N:48]([C:49])[H:125])N([H])C(=O)[C@@]([H])(N([H])C(=O)[C@@]([H])(N([H])C(=O)[C@@]([H])(N([H])C(=O)[C@@]([H])(N([H])C(=O)[C@@]([H])(N([H])[H])C([H])([H])C(=O)O[H])C([H])([H])O[H])C([H])([H])O[H])[C@]([H])(O[H])C([H])([H])[H])C([H])([H])C([H])([H])C([H])([H])C([H])([H])N([H])[H]>>[H][N:48]([C:49])[H:125],EVODEX-P25803
EVODEX-N10173,[H]OC(=O)[C@@]([H])(N([H])C(=O)[C@@]([H])(N([H])C(=O)C([H])([H])N([H])C(=O)C([H])([H])N([H])[C:46]([C:38])=[O:47])C([H])([H])O[H])C([H])([H])C1:C([H]):N([H]):C2:C([H]):C([H]):C([H]):C([H]):C:1:2.[H][O:77][H:147]>>[C:38][C:46](=[O:47])[O:77][H:147],EVODEX-P25804
EVODEX-N10174,[H][O:77][H:147]>>[H]N=C(N([H])[H])N([H])C([H])([H])C([H])([H])C([H])([H])[C@@]([H])(C(=O)[O:77][H:147])N([H])C(=O)[C@@]([H])(N([H])C(=O)[C@@]([H])(N([H])C(=O)[C@@]([H])(N([H])C(=O)[C@@]([H])(N([H])C(=O)[C@@]([H])(N([H])[H])C([H])([H])C(=O)O[H])C([H])([H])O[H])C([H])([H])O[H])[C@]([H])(O[H])C([H])([H])[H])C([H])([H])C([H])([H])C([H])([H])C([H])([H])N([H])[H],EVODEX-P25805
EVODEX-N10175,[H]OC(=O)[C@@]([H])(N([H])C(=O)[C@@]([H])(N([H])C(=O)C([H])([H])N([H])C(=O)C([H])([H])N([H])[C:46]([C:38])=[O:47])C([H])([H])O[H])C([H])([H])C1:C([H]):N([H]):C2:C([H]):C([H]):C([H]):C([H]):C:1:2>>[H]O[C:46]([C:38])=[O:47],EVODEX-P25806
EVODEX-N10176,[H]OC(=O)C([H])([H])C([H])([H])[C@@]([H])(C(=O)[N:91]([C:92])[H:237])N([H])C(=O)[C@@]([H])(N([H])C(=O)[C@@]([H])(N([H])C(=O)[C@@]([H])(N([H])C(=O)[C@@]([H])(N([H])C(=O)[C@@]([H])(N([H])C(=O)[C@@]([H])(N([H])C(=O)[C@@]([H])(N([H])S(=O)(=O)C1:C([H]):C([H]):C(/N=N/C2:C([H]):C([H]):C(N(C([H])([H])[H])C([H])([H])[H]):C([H]):C:2[H]):C([H]):C:1[H])C([H])([H])C([H])([H])C([H])([H])C([H])([H])N([H])[H])C([H])(O[H])C([H])([H])[H])C([H])([H])[H])C([H])([H])C1:C([H]):C([H]):C(O[H]):C([H]):C:1[H])C([H])([H])C1:C([H]):C([H]):C([H]):C([H]):C:1[H])C([H])([H])C([H])([H])C(=O)N([H])[H])C([H])([H])C([H])(C([H])([H])[H])C([H])([H])[H]>>[H][N:91]([C:92])[H:237],EVODEX-P25809
EVODEX-N10177,[H]N=C(N([H])[H])N([H])C([H])([H])C([H])([H])C([H])([H])[C@@]([H])(C(=O)N([H])[C@]([H])(C(=O)N([H])[C@]([H])(C(=O)N([H])[C@]([H])(C(=O)N([H])C([H])([H])C([H])([H])N([H])C1:C([H]):C([H]):C([H]):C2:C(S(=O)(=O)O[H]):C([H]):C([H]):C([H]):C:1:2)C([H])([H])C([H])([H])C(=O)O[H])C([H])([H])C1:C([H]):C([H]):C([H]):C([H]):C:1[H])C([H])([H])C1:C([H]):N:C([H]):N:1[H])N([H])C(=O)C([H])([H])N([H])[C:89]([C:83])=[O:90].[H][O:154][H:288]>>[C:83][C:89](=[O:90])[O:154][H:288],EVODEX-P25810
EVODEX-N10178,[H][O:154][H:288]>>[H]OC(=O)C([H])([H])C([H])([H])[C@@]([H])(C(=O)[O:154][H:288])N([H])C(=O)[C@@]([H])(N([H])C(=O)[C@@]([H])(N([H])C(=O)[C@@]([H])(N([H])C(=O)[C@@]([H])(N([H])C(=O)[C@@]([H])(N([H])C(=O)[C@@]([H])(N([H])C(=O)[C@@]([H])(N([H])S(=O)(=O)C1:C([H]):C([H]):C(/N=N/C2:C([H]):C([H]):C(N(C([H])([H])[H])C([H])([H])[H]):C([H]):C:2[H]):C([H]):C:1[H])C([H])([H])C([H])([H])C([H])([H])C([H])([H])N([H])[H])C([H])(O[H])C([H])([H])[H])C([H])([H])[H])C([H])([H])C1:C([H]):C([H]):C(O[H]):C([H]):C:1[H])C([H])([H])C1:C([H]):C([H]):C([H]):C([H]):C:1[H])C([H])([H])C([H])([H])C(=O)N([H])[H])C([H])([H])C([H])(C([H])([H])[H])C([H])([H])[H],EVODEX-P25811
EVODEX-N10179,[H]N=C(N([H])[H])N([H])C([H])([H])C([H])([H])C([H])([H])[C@@]([H])(C(=O)N([H])[C@]([H])(C(=O)N([H])[C@]([H])(C(=O)N([H])[C@]([H])(C(=O)N([H])C([H])([H])C([H])([H])N([H])C1:C([H]):C([H]):C([H]):C2:C(S(=O)(=O)O[H]):C([H]):C([H]):C([H]):C:1:2)C([H])([H])C([H])([H])C(=O)O[H])C([H])([H])C1:C([H]):C([H]):C([H]):C([H]):C:1[H])C([H])([H])C1:C([H]):N:C([H]):N:1[H])N([H])C(=O)C([H])([H])N([H])[C:89]([C:83])=[O:90]>>[H]O[C:89]([C:83])=[O:90],EVODEX-P25812
EVODEX-N10180,[H]OC(=O)C([H])([H])C([H])([H])[C@@]([H])(C(=O)[N:88]([C:89])[H:233])N([H])C(=O)[C@@]([H])(N([H])C(=O)[C@@]([H])(N([H])C(=O)[C@@]([H])(N([H])C(=O)[C@@]([H])(N([H])C(=O)[C@@]([H])(N([H])C(=O)[C@@]([H])(N([H])C(=O)[C@@]([H])(N([H])C(=O)[C@@]([H])(N([H])C(=O)[C@@]([H])(N([H])[H])C([H])([H])C([H])([H])C([H])([H])C([H])([H])N([H])[H])C([H])([H])C(=O)O[H])C([H])([H])C([H])([H])C([H])([H])C([H])([H])N([H])[H])[C@]([H])(O[H])C([H])([H])[H])C([H])([H])[H])C([H])([H])C1:C([H]):C([H]):C(O[H]):C([H]):C:1[H])C([H])([H])C1:C([H]):C([H]):C([H]):C([H]):C:1[H])C([H])([H])C([H])([H])C(=O)N([H])[H])C([H])([H])C([H])(C([H])([H])[H])C([H])([H])[H]>>[H][N:88]([C:89])[H:233],EVODEX-P25815
EVODEX-N10181,[H]N=C(N([H])[H])N([H])C([H])([H])C([H])([H])C([H])([H])[C@@]([H])(C(=O)N([H])[C@]([H])(C(=O)N([H])[C@]([H])(C(=O)N([H])[C@]([H])(C(=O)N([H])[C@]([H])(C(=O)O[H])C([H])([H])C1:C([H]):N([H]):C2:C([H]):C([H]):C([H]):C([H]):C:1:2)[C@]([H])(O[H])C([H])([H])[H])C([H])([H])C1:C([H]):C([H]):C([H]):C([H]):C:1[H])C([H])([H])C1:C([H]):N:C([H]):N:1[H])N([H])C(=O)C([H])([H])N([H])[C:86]([C:80])=[O:87].[H][O:146][H:282]>>[C:80][C:86](=[O:87])[O:146][H:282],EVODEX-P25816
EVODEX-N10182,[H][O:146][H:282]>>[H]OC(=O)C([H])([H])C([H])([H])[C@@]([H])(C(=O)[O:146][H:282])N([H])C(=O)[C@@]([H])(N([H])C(=O)[C@@]([H])(N([H])C(=O)[C@@]([H])(N([H])C(=O)[C@@]([H])(N([H])C(=O)[C@@]([H])(N([H])C(=O)[C@@]([H])(N([H])C(=O)[C@@]([H])(N([H])C(=O)[C@@]([H])(N([H])C(=O)[C@@]([H])(N([H])[H])C([H])([H])C([H])([H])C([H])([H])C([H])([H])N([H])[H])C([H])([H])C(=O)O[H])C([H])([H])C([H])([H])C([H])([H])C([H])([H])N([H])[H])[C@]([H])(O[H])C([H])([H])[H])C([H])([H])[H])C([H])([H])C1:C([H]):C([H]):C(O[H]):C([H]):C:1[H])C([H])([H])C1:C([H]):C([H]):C([H]):C([H]):C:1[H])C([H])([H])C([H])([H])C(=O)N([H])[H])C([H])([H])C([H])(C([H])([H])[H])C([H])([H])[H],EVODEX-P25817
EVODEX-N10183,[H]N=C(N([H])[H])N([H])C([H])([H])C([H])([H])C([H])([H])[C@@]([H])(C(=O)N([H])[C@]([H])(C(=O)N([H])[C@]([H])(C(=O)N([H])[C@]([H])(C(=O)N([H])[C@]([H])(C(=O)O[H])C([H])([H])C1:C([H]):N([H]):C2:C([H]):C([H]):C([H]):C([H]):C:1:2)[C@]([H])(O[H])C([H])([H])[H])C([H])([H])C1:C([H]):C([H]):C([H]):C([H]):C:1[H])C([H])([H])C1:C([H]):N:C([H]):N:1[H])N([H])C(=O)C([H])([H])N([H])[C:86]([C:80])=[O:87]>>[H]O[C:86]([C:80])=[O:87],EVODEX-P25818
EVODEX-N10184,[H]N=C(N([H])[H])N([H])C([H])([H])C([H])([H])C([H])([H])[C@@]([H])(C(=O)N([H])[C@]([H])(C(=O)[N:10]([C:9])[H:61])C([H])([H])C([H])([H])C([H])([H])N([H])C(=N[H])N([H])[H])N([H])C(=O)[C@@]([H])(N([H])C(=O)OC([H])([H])C1:C([H]):C([H]):C([H]):C([H]):C:1[H])C([H])([H])C([H])([H])C(=O)N([H])[H]>>[H][N:10]([C:9])[H:61],EVODEX-P25826
EVODEX-N10185,[H][O:55][H:103]>>[H]N=C(N([H])[H])N([H])C([H])([H])C([H])([H])C([H])([H])[C@@]([H])(C(=O)N([H])[C@]([H])(C(=O)[O:55][H:103])C([H])([H])C([H])([H])C([H])([H])N([H])C(=N[H])N([H])[H])N([H])C(=O)[C@@]([H])(N([H])C(=O)OC([H])([H])C1:C([H]):C([H]):C([H]):C([H]):C:1[H])C([H])([H])C([H])([H])C(=O)N([H])[H],EVODEX-P25828
EVODEX-N10186,[H]N=C(N([H])[H])N([H])C([H])([H])C([H])([H])C([H])([H])[C@@]([H])(C(=O)N([H])[C@]([H])(C(=O)[N:10]([C:9])[H:70])C([H])([H])C([H])([H])C([H])([H])N([H])C(=N[H])N([H])[H])N([H])C(=O)[C@@]([H])(N([H])C(=O)[C@@]([H])(N([H])C(=O)OC([H])([H])C1:C([H]):C([H]):C([H]):C([H]):C:1[H])C([H])([H])C([H])([H])C([H])([H])N([H])C(=N[H])N([H])[H])C([H])(C([H])([H])[H])C([H])([H])[H]>>[H][N:10]([C:9])[H:70],EVODEX-P25832
EVODEX-N10187,[H][O:64][H:125]>>[H]N=C(N([H])[H])N([H])C([H])([H])C([H])([H])C([H])([H])[C@@]([H])(C(=O)N([H])[C@]([H])(C(=O)[O:64][H:125])C([H])([H])C([H])([H])C([H])([H])N([H])C(=N[H])N([H])[H])N([H])C(=O)[C@@]([H])(N([H])C(=O)[C@@]([H])(N([H])C(=O)OC([H])([H])C1:C([H]):C([H]):C([H]):C([H]):C:1[H])C([H])([H])C([H])([H])C([H])([H])N([H])C(=N[H])N([H])[H])C([H])(C([H])([H])[H])C([H])([H])[H],EVODEX-P25834
EVODEX-N10188,[H]N=C(N([H])[H])N([H])C([H])([H])C([H])([H])C([H])([H])[C@@]([H])(C(=O)[N:10]([C:9])[H:53])N([H])C(=O)[C@@]([H])(N([H])C(=O)[C@@]([H])(N([H])C(=O)OC(C([H])([H])[H])(C([H])([H])[H])C([H])([H])[H])C([H])([H])C([H])(C([H])([H])[H])C([H])([H])[H])C([H])(O[H])C([H])([H])[H]>>[H][N:10]([C:9])[H:53],EVODEX-P25843
EVODEX-N10189,[H][O:47][H:95]>>[H]N=C(N([H])[H])N([H])C([H])([H])C([H])([H])C([H])([H])[C@@]([H])(C(=O)[O:47][H:95])N([H])C(=O)[C@@]([H])(N([H])C(=O)[C@@]([H])(N([H])C(=O)OC(C([H])([H])[H])(C([H])([H])[H])C([H])([H])[H])C([H])([H])C([H])(C([H])([H])[H])C([H])([H])[H])C([H])(O[H])C([H])([H])[H],EVODEX-P25845
EVODEX-N10190,[H]C1:C([H]):C([H]):C2:C(OC([H])([H])[H]):C(N([H])[C:6](=[O:7])[C:8]):C([H]):C([H]):C:2:C:1[H].[H][O:46][H:85]>>[C:6](=[O:7])([C:8])[O:46][H:85],EVODEX-P25850
EVODEX-N10191,[H]C1:C([H]):C([H]):C2:C(OC([H])([H])[H]):C(N([H])[C:6](=[O:7])[C:8]):C([H]):C([H]):C:2:C:1[H]>>[H]O[C:6](=[O:7])[C:8],EVODEX-P25851
EVODEX-N10192,[H][O:43][H:80]>>[H]N=C(N([H])[H])N([H])C([H])([H])C([H])([H])C([H])([H])[C@@]([H])(C(=O)N([H])[C@]([H])(C(=O)[O:43][H:80])C([H])([H])C([H])([H])C([H])([H])N([H])C(=N[H])N([H])[H])N([H])C(=O)OC([H])([H])C1:C([H]):C([H]):C([H]):C([H]):C:1[H],EVODEX-P25855
EVODEX-N10193,[H]N=C(N([H])[H])N([H])C([H])([H])C([H])([H])C([H])([H])[C@@]([H])(C(=O)N([H])[C@]([H])(C(=O)[N:33]([C:34])[H:75])C([H])([H])C([H])([H])C([H])([H])N([H])C(=N[H])N([H])[H])N([H])C(=O)OC([H])([H])C1:C([H]):C([H]):C([H]):C([H]):C:1[H]>>[H][N:33]([C:34])[H:75],"EVODEX-P25857,EVODEX-P25964"
EVODEX-N10194,[H]C1:C([H]):C([H]):C(C([H])([H])OC(=O)N([H])C([H])([H])C(=O)[O:16][C:17]):C([H]):C:1[H]>>[H][O:16][C:17],EVODEX-P25862
EVODEX-N10195,[H]N=C(N([H])[H])N([H])C([H])([H])C([H])([H])C([H])([H])[C@@]([H])(C(=O)[N:19]([H:39])[H:40])N([H])C(=O)C1:C([H]):C([H]):C([H]):C([H]):C:1[H]>>[H][N:19]([H:39])[H:40],EVODEX-P25867
EVODEX-N10196,[H]C1:C([H]):C([H]):C(C([H])([H])OC(=O)N([H])[C@]([H])(C(=O)[N:22]([C:23])[H:51])C([H])([H])C([H])([H])C([H])([H])N([H])C(=O)N([H])[H]):C([H]):C:1[H]>>[H][N:22]([C:23])[H:51],EVODEX-P25870
EVODEX-N10197,[H][O:32][H:56]>>[H]C1:C([H]):C([H]):C(C([H])([H])OC(=O)N([H])[C@]([H])(C(=O)[O:32][H:56])C([H])([H])C([H])([H])C([H])([H])N([H])C(=O)N([H])[H]):C([H]):C:1[H],EVODEX-P25872
EVODEX-N10198,[H]C1:C([H]):C([H]):C(C([H])([H])OC(=O)N([H])[C@]([H])(C(=O)[O:22][H:51])C([H])([H])C([H])([H])C([H])([H])N([H])C(=O)N([H])[H]):C([H]):C:1[H]>>[H][O:22][H:51],EVODEX-P25876
EVODEX-N10199,[H][N:23]([C:24])[H:52]>>[H]C1:C([H]):C([H]):C(C([H])([H])OC(=O)N([H])[C@]([H])(C(=O)[N:23]([C:24])[H:52])C([H])([H])C([H])([H])C([H])([H])N([H])C(=O)N([H])[H]):C([H]):C:1[H],EVODEX-P25878
EVODEX-N10200,[C:6][C:7](=[O:8])[H:21].[H][C:13]([C:12])([C:14])[H:23]>>[H][O:8][C:7]([C:6])([C:13]([C:12])([C:14])[H:23])[H:21],"EVODEX-P25881,EVODEX-P30230,EVODEX-P30243"
EVODEX-N10201,[H][C:13]([C:12])([C:14])[H:23]>>[H]OC([H])(C1:C([H]):C([H]):C(C#N):C([H]):C:1[H])[C:13]([C:12])([C:14])[H:23],EVODEX-P25882
EVODEX-N10202,[C:6][C:7](=[O:8])[H:21]>>[H]C1([H])C(=O)C([H])([C:7]([C:6])([O:8][H])[H:21])C([H])([H])C([H])([H])C1([H])[H],EVODEX-P25883
EVODEX-N10203,[H]C1:C([H]):C(C([H])([H])[H]):C([H]):C([O:7][C:8]):C:1[H]>>[H][O:7][C:8],EVODEX-P25885
EVODEX-N10204,[H]N(C([H])([H])C(=O)O[C:6](:[C:5]):[C:16])S(=O)(=O)C([H])([H])[H].[H][O:17][H:31]>>[C:5]:[C:6](:[C:16])[O:17][H:31],"EVODEX-P25886,EVODEX-P25892"
EVODEX-N10205,[H][O:17][H:31]>>[H]C1:C([H]):C(C([H])([H])[H]):C([H]):C([O:17][H:31]):C:1[H],EVODEX-P25887
EVODEX-N10206,[H]N(C([H])([H])C(=O)O[C:6](:[C:5]):[C:16])S(=O)(=O)C([H])([H])[H]>>[H]O[C:6](:[C:5]):[C:16],"EVODEX-P25888,EVODEX-P25893"
EVODEX-N10207,[H]C1:C([H]):C([O:6][C:7]):C([H]):C([H]):C:1C([H])([H])[H]>>[H][O:6][C:7],EVODEX-P25891
EVODEX-N10208,[H]C1:C([H]):C([H]):C(OC(=O)N([H])C([H])([H])C([H])([H])C([H])([H])C([H])([H])[C@]([H])(C(=O)[O:19][C:20])N([H])[H]):C([H]):C:1[H]>>[H][O:19][C:20],EVODEX-P25896
EVODEX-N10209,[H][O:29][H:51]>>[H]C1:C([H]):C([H]):C(OC(=O)N([H])C([H])([H])C([H])([H])C([H])([H])C([H])([H])[C@]([H])(C(=O)[O:29][H:51])N([H])[H]):C([H]):C:1[H],EVODEX-P25898
EVODEX-N10210,[H]C1:C([H]):C([H]):C(OC(=O)N([H])[C@]([H])(C(=O)[O:27][C:28])C([H])([H])C([H])([H])C([H])([H])C([H])([H])N([H])S(=O)(=O)C2:C([H]):C([H]):C(C([H])([H])[H]):C([H]):C:2[H]):C([H]):C:1[H]>>[H][O:27][C:28],EVODEX-P25902
EVODEX-N10211,[H][O:39][H:67]>>[H]C1:C([H]):C([H]):C(OC(=O)N([H])[C@]([H])(C(=O)[O:39][H:67])C([H])([H])C([H])([H])C([H])([H])C([H])([H])N([H])S(=O)(=O)C2:C([H]):C([H]):C(C([H])([H])[H]):C([H]):C:2[H]):C([H]):C:1[H],EVODEX-P25904
EVODEX-N10212,[H]C1:C([H]):C([H]):C(C([H])([H])OC(=O)N([H])[C@]([H])(C(=O)O[C:1]([H:23])([H:24])[H:25])C([H])([H])C([H])([H])C([H])([H])C([H])([H])N([H])[H]):C([H]):C:1[H].[H][O:22][H:45]>>[C:1]([O:22][H:45])([H:23])([H:24])[H:25],EVODEX-P25909
EVODEX-N10213,[H]C1:C([H]):C([H]):C(C([H])([H])OC(=O)N([H])[C@]([H])(C(=O)O[C:1]([H:23])([H:24])[H:25])C([H])([H])C([H])([H])C([H])([H])C([H])([H])N([H])[H]):C([H]):C:1[H]>>[H]O[C:1]([H:23])([H:24])[H:25],EVODEX-P25910
EVODEX-N10214,[H]N=C(N([H])[H])N([H])C([H])([H])C([H])([H])C([H])([H])[C@@]([H])(C(=O)[N:10]([C:9])[H:46])N([H])C(=O)[C@@]([H])(N([H])C(=O)[C@@]([H])(N([H])[H])C([H])(C([H])([H])[H])C([H])([H])[H])C([H])([H])C([H])(C([H])([H])[H])C([H])([H])[H]>>[H][N:10]([C:9])[H:46],EVODEX-P25913
EVODEX-N10215,[H][O:40][H:82]>>[H]N=C(N([H])[H])N([H])C([H])([H])C([H])([H])C([H])([H])[C@@]([H])(C(=O)[O:40][H:82])N([H])C(=O)[C@@]([H])(N([H])C(=O)[C@@]([H])(N([H])[H])C([H])(C([H])([H])[H])C([H])([H])[H])C([H])([H])C([H])(C([H])([H])[H])C([H])([H])[H],EVODEX-P25915
EVODEX-N10216,[H]N([H])C(=O)[C@@]([H])(N([H])[C:7](=[O:8])[C:9])C([H])([H])C([H])(C([H])([H])[H])C([H])([H])[H].[H][O:24][H:48]>>[C:7](=[O:8])([C:9])[O:24][H:48],"EVODEX-P25925,EVODEX-P26652"
EVODEX-N10217,[H]N([H])C(=O)[C@@]([H])(N([H])[C:7](=[O:8])[C:9])C([H])([H])C([H])(C([H])([H])[H])C([H])([H])[H]>>[H]O[C:7](=[O:8])[C:9],"EVODEX-P25926,EVODEX-P26654"
EVODEX-N10218,[H]N=C(N([H])[H])N([H])C([H])([H])C([H])([H])C([H])([H])[C@@]([H])(C(=O)[N:10]([C:9])[H:55])N([H])C(=O)[C@@]([H])(N([H])C(=O)[C@@]([H])(N([H])C(=O)OC([H])([H])C1:C([H]):C([H]):C([H]):C([H]):C:1[H])C([H])(C([H])([H])[H])C([H])([H])[H])C([H])(C([H])([H])[H])C([H])([H])[H]>>[H][N:10]([C:9])[H:55],EVODEX-P25929
EVODEX-N10219,[H][O:49][H:95]>>[H]N=C(N([H])[H])N([H])C([H])([H])C([H])([H])C([H])([H])[C@@]([H])(C(=O)[O:49][H:95])N([H])C(=O)[C@@]([H])(N([H])C(=O)[C@@]([H])(N([H])C(=O)OC([H])([H])C1:C([H]):C([H]):C([H]):C([H]):C:1[H])C([H])(C([H])([H])[H])C([H])([H])[H])C([H])(C([H])([H])[H])C([H])([H])[H],EVODEX-P25931
EVODEX-N10220,[H]N=C(N([H])[H])N([H])C([H])([H])C([H])([H])C([H])([H])[C@@]([H])(C(=O)[N:10]([C:9])[H:57])N([H])C(=O)[C@@]([H])(N([H])C(=O)[C@@]([H])(N([H])C(=O)OC([H])([H])C1:C([H]):C([H]):C([H]):C([H]):C:1[H])C([H])([H])C([H])(C([H])([H])[H])C([H])([H])[H])C([H])([H])C([H])(C([H])([H])[H])C([H])([H])[H]>>[H][N:10]([C:9])[H:57],EVODEX-P25935
EVODEX-N10221,[H][O:51][H:101]>>[H]N=C(N([H])[H])N([H])C([H])([H])C([H])([H])C([H])([H])[C@@]([H])(C(=O)[O:51][H:101])N([H])C(=O)[C@@]([H])(N([H])C(=O)[C@@]([H])(N([H])C(=O)OC([H])([H])C1:C([H]):C([H]):C([H]):C([H]):C:1[H])C([H])([H])C([H])(C([H])([H])[H])C([H])([H])[H])C([H])([H])C([H])(C([H])([H])[H])C([H])([H])[H],EVODEX-P25937
EVODEX-N10222,[H]O[C@]([H])(C([H])([H])[H])[C@@]([H])(C(=O)N([H])C([H])([H])C(=O)N([H])[C@]([H])(C(=O)N([H])[C@]([H])(C(=O)N([H])[C@]([H])(C(=O)[N:40]([C:41])[H:92])C([H])([H])C([H])([H])C(=O)N([H])[H])C([H])([H])C1:C([H]):C([H]):C([H]):C([H]):C:1[H])C([H])([H])C([H])(C([H])([H])[H])C([H])([H])[H])N([H])[H]>>[H][N:40]([C:41])[H:92],EVODEX-P25941
EVODEX-N10223,[H]OC(=O)[C@@]1([H])N(C(=O)C([H])([H])N([H])[C:38]([C:32])=[O:39])C([H])([H])C([H])([H])C1([H])[H].[H][O:52][H:103]>>[C:32][C:38](=[O:39])[O:52][H:103],"EVODEX-P25942,EVODEX-P26510"
EVODEX-N10224,[H][O:52][H:103]>>[H]O[C@]([H])(C([H])([H])[H])[C@@]([H])(C(=O)N([H])C([H])([H])C(=O)N([H])[C@]([H])(C(=O)N([H])[C@]([H])(C(=O)N([H])[C@]([H])(C(=O)[O:52][H:103])C([H])([H])C([H])([H])C(=O)N([H])[H])C([H])([H])C1:C([H]):C([H]):C([H]):C([H]):C:1[H])C([H])([H])C([H])(C([H])([H])[H])C([H])([H])[H])N([H])[H],EVODEX-P25943
EVODEX-N10225,[H]OC(=O)[C@@]1([H])N(C(=O)C([H])([H])N([H])[C:38]([C:32])=[O:39])C([H])([H])C([H])([H])C1([H])[H]>>[H]O[C:38]([C:32])=[O:39],"EVODEX-P25944,EVODEX-P26512"
EVODEX-N10226,[H]OC(=O)C([H])([H])C([H])([H])[C@@]([H])(C(=O)[N:6]([C:5])[H:91])N([H])C(=O)[C@@]([H])(N([H])C(=O)[C@@]([H])(N([H])C(=O)[C@@]1([H])N(C(=O)[C@@]([H])(N([H])[H])C([H])([H])[H])C([H])([H])C([H])([H])C1([H])[H])C([H])([H])[H])C([H])([H])C([H])([H])C([H])([H])C([H])([H])N([H])[H]>>[H][N:6]([C:5])[H:91],EVODEX-P25947
EVODEX-N10227,[H]OC(=O)C([H])([H])[C@@]([H])(C(=O)O[H])N([H])C(=O)[C@@]([H])(N([H])C(=O)[C@@]([H])(N([H])C(=O)[C@@]([H])(N([H])C(=O)[C@@]([H])(N([H])[C:7](=[O:8])[C:9])C([H])([H])C([H])(C([H])([H])[H])C([H])([H])[H])C([H])([H])C([H])(C([H])([H])[H])C([H])([H])[H])C([H])([H])C(=O)N([H])[H])C([H])([H])C1:C([H]):C([H]):C([H]):C([H]):C:1[H].[H][O:80][H:161]>>[C:7](=[O:8])([C:9])[O:80][H:161],EVODEX-P25948
EVODEX-N10228,[H][O:80][H:161]>>[H]OC(=O)C([H])([H])C([H])([H])[C@@]([H])(C(=O)[O:80][H:161])N([H])C(=O)[C@@]([H])(N([H])C(=O)[C@@]([H])(N([H])C(=O)[C@@]1([H])N(C(=O)[C@@]([H])(N([H])[H])C([H])([H])[H])C([H])([H])C([H])([H])C1([H])[H])C([H])([H])[H])C([H])([H])C([H])([H])C([H])([H])C([H])([H])N([H])[H],EVODEX-P25949
EVODEX-N10229,[H]OC(=O)C([H])([H])[C@@]([H])(C(=O)O[H])N([H])C(=O)[C@@]([H])(N([H])C(=O)[C@@]([H])(N([H])C(=O)[C@@]([H])(N([H])C(=O)[C@@]([H])(N([H])[C:7](=[O:8])[C:9])C([H])([H])C([H])(C([H])([H])[H])C([H])([H])[H])C([H])([H])C([H])(C([H])([H])[H])C([H])([H])[H])C([H])([H])C(=O)N([H])[H])C([H])([H])C1:C([H]):C([H]):C([H]):C([H]):C:1[H]>>[H]O[C:7](=[O:8])[C:9],EVODEX-P25950
EVODEX-N10230,[H]N([H])C(=O)C([H])([H])C([H])([H])[C@@]([H])(C(=O)N([H])[C@]([H])(C(=O)O[C:1]([H:37])([H:38])[H:39])C([H])([H])C([H])([H])SC([H])([H])[H])N([H])C(=O)C([H])([H])N([H])C(=O)[C@@]([H])(N([H])C(=O)C([H])([H])N([H])[H])C([H])([H])C([H])(C([H])([H])[H])C([H])([H])[H].[H][O:36][H:75]>>[C:1]([O:36][H:75])([H:37])([H:38])[H:39],EVODEX-P25954
EVODEX-N10231,[H]N([H])C(=O)C([H])([H])C([H])([H])[C@@]([H])(C(=O)N([H])[C@]([H])(C(=O)O[C:1]([H:37])([H:38])[H:39])C([H])([H])C([H])([H])SC([H])([H])[H])N([H])C(=O)C([H])([H])N([H])C(=O)[C@@]([H])(N([H])C(=O)C([H])([H])N([H])[H])C([H])([H])C([H])(C([H])([H])[H])C([H])([H])[H]>>[H]O[C:1]([H:37])([H:38])[H:39],EVODEX-P25955
EVODEX-N10232,[H]OC([H])([H])[C@@]([H])(C(=O)N([H])[C@]([H])(C(=O)N([H])[C@]([H])(C(=O)N([H])[C@]([H])(C(=O)N([H])[C@]([H])(C(=O)N([H])[C@]([H])(C(=O)N([H])[C@]([H])(C(=O)N([H])C([H])([H])C(=O)N([H])[C@]([H])(C(=O)N([H])C([H])([H])C(=O)N([H])[C@]([H])(C(=O)[N:76]([C:77])[H:183])C([H])([H])C1:C([H]):N:C([H]):N:1[H])C([H])([H])C1:C([H]):C([H]):C([H]):C([H]):C:1[H])[C@]([H])(O[H])C([H])([H])[H])[C@]([H])(O[H])C([H])([H])[H])C([H])([H])C([H])(C([H])([H])[H])C([H])([H])[H])C([H])([H])C(=O)N([H])[H])C([H])([H])C([H])([H])C([H])([H])C([H])([H])N([H])[H])[C@]([H])(O[H])C([H])([H])[H])N([H])[H]>>[H][N:76]([C:77])[H:183],EVODEX-P25958
EVODEX-N10233,[H]OC(=O)[C@@]([H])(N([H])C(=O)[C@@]([H])(N([H])C(=O)[C@@]([H])(N([H])C(=O)[C@@]([H])(N([H])[C:74]([C:67])=[O:75])C([H])([H])C([H])([H])C(=O)N([H])[H])C([H])([H])C(=O)N([H])[H])C([H])([H])C([H])([H])C([H])([H])C([H])([H])N([H])[H])C([H])([H])[H].[H][O:114][H:225]>>[C:67][C:74](=[O:75])[O:114][H:225],EVODEX-P25959
EVODEX-N10234,[H][O:114][H:225]>>[H]OC([H])([H])[C@@]([H])(C(=O)N([H])[C@]([H])(C(=O)N([H])[C@]([H])(C(=O)N([H])[C@]([H])(C(=O)N([H])[C@]([H])(C(=O)N([H])[C@]([H])(C(=O)N([H])[C@]([H])(C(=O)N([H])C([H])([H])C(=O)N([H])[C@]([H])(C(=O)N([H])C([H])([H])C(=O)N([H])[C@]([H])(C(=O)[O:114][H:225])C([H])([H])C1:C([H]):N:C([H]):N:1[H])C([H])([H])C1:C([H]):C([H]):C([H]):C([H]):C:1[H])[C@]([H])(O[H])C([H])([H])[H])[C@]([H])(O[H])C([H])([H])[H])C([H])([H])C([H])(C([H])([H])[H])C([H])([H])[H])C([H])([H])C(=O)N([H])[H])C([H])([H])C([H])([H])C([H])([H])C([H])([H])N([H])[H])[C@]([H])(O[H])C([H])([H])[H])N([H])[H],EVODEX-P25960
EVODEX-N10235,[H]OC(=O)[C@@]([H])(N([H])C(=O)[C@@]([H])(N([H])C(=O)[C@@]([H])(N([H])C(=O)[C@@]([H])(N([H])[C:74]([C:67])=[O:75])C([H])([H])C([H])([H])C(=O)N([H])[H])C([H])([H])C(=O)N([H])[H])C([H])([H])C([H])([H])C([H])([H])C([H])([H])N([H])[H])C([H])([H])[H]>>[H]O[C:74]([C:67])=[O:75],EVODEX-P25961
EVODEX-N10236,[H]N([H])C(=O)C([H])([H])[C@@]([H])(C(=O)[O:16][C:17])N([H])C(=O)OC(C([H])([H])[H])(C([H])([H])[H])C([H])([H])[H]>>[H][O:16][C:17],EVODEX-P25980
EVODEX-N10237,[H][O:26][H:46]>>[H]N([H])C(=O)C([H])([H])[C@@]([H])(C(=O)[O:26][H:46])N([H])C(=O)OC(C([H])([H])[H])(C([H])([H])[H])C([H])([H])[H],EVODEX-P25982
EVODEX-N10238,[H]OC(=O)C([H])([H])C([H])([H])[C@@]([H])(C(=O)N([H])[C@]([H])(C(=O)N([H])[C@]([H])(C(=O)[N:33]([C:34])[H:72])C([H])([H])C(=O)O[H])C([H])(C([H])([H])[H])C([H])([H])[H])N([H])C(=O)[C@@]([H])(N([H])C(=O)C([H])([H])[H])C([H])([H])C(=O)O[H]>>[H][N:33]([C:34])[H:72],EVODEX-P25986
EVODEX-N10239,[H][O:49][H:87]>>[H]OC(=O)C([H])([H])C([H])([H])[C@@]([H])(C(=O)N([H])[C@]([H])(C(=O)N([H])[C@]([H])(C(=O)[O:49][H:87])C([H])([H])C(=O)O[H])C([H])(C([H])([H])[H])C([H])([H])[H])N([H])C(=O)[C@@]([H])(N([H])C(=O)C([H])([H])[H])C([H])([H])C(=O)O[H],EVODEX-P25988
EVODEX-N10240,[H]OC(=O)C([H])([H])C([H])([H])C(=O)N([H])[C@]([H])(C(=O)N([H])[C@]([H])(C(=O)N([H])[C@]([H])(C(=O)N([H])[C@]([H])(C(=O)[N:10]([C:9])[H:59])C([H])([H])C(=O)O[H])C([H])([H])[H])C([H])(C([H])([H])[H])C([H])([H])[H])C([H])([H])C1:C([H]):C([H]):C(O[H]):C([H]):C:1[H]>>[H][N:10]([C:9])[H:59],EVODEX-P25992
EVODEX-N10241,[H][O:53][H:95]>>[H]OC(=O)C([H])([H])C([H])([H])C(=O)N([H])[C@]([H])(C(=O)N([H])[C@]([H])(C(=O)N([H])[C@]([H])(C(=O)N([H])[C@]([H])(C(=O)[O:53][H:95])C([H])([H])C(=O)O[H])C([H])([H])[H])C([H])(C([H])([H])[H])C([H])([H])[H])C([H])([H])C1:C([H]):C([H]):C(O[H]):C([H]):C:1[H],EVODEX-P25994
EVODEX-N10242,[H]N=C(N([H])[H])N([H])C([H])([H])C([H])([H])C([H])([H])[C@@]([H])(C(=O)[N:10]([C:9])[H:49])N([H])C(=O)[C@@]([H])(N([H])C(=O)OC([H])([H])C1:C([H]):C([H]):C([H]):C([H]):C:1[H])C([H])([H])C([H])(C([H])([H])[H])C([H])([H])[H]>>[H][N:10]([C:9])[H:49],EVODEX-P25998
EVODEX-N10243,[H][O:43][H:82]>>[H]N=C(N([H])[H])N([H])C([H])([H])C([H])([H])C([H])([H])[C@@]([H])(C(=O)[O:43][H:82])N([H])C(=O)[C@@]([H])(N([H])C(=O)OC([H])([H])C1:C([H]):C([H]):C([H]):C([H]):C:1[H])C([H])([H])C([H])(C([H])([H])[H])C([H])([H])[H],EVODEX-P26000
EVODEX-N10244,[H]N=C(N([H])[H])N([H])C([H])([H])C([H])([H])C([H])([H])[C@@]([H])(C(=O)[N:10]([C:9])[H:52])N([H])C(=O)[C@@]1([H])N(C(=O)C([H])([H])N([H])C(=O)OC([H])([H])C2:C([H]):C([H]):C([H]):C([H]):C:2[H])C([H])([H])C([H])([H])C1([H])[H]>>[H][N:10]([C:9])[H:52],EVODEX-P26004
EVODEX-N10245,[H][O:46][H:84]>>[H]N=C(N([H])[H])N([H])C([H])([H])C([H])([H])C([H])([H])[C@@]([H])(C(=O)[O:46][H:84])N([H])C(=O)[C@@]1([H])N(C(=O)C([H])([H])N([H])C(=O)OC([H])([H])C2:C([H]):C([H]):C([H]):C([H]):C:2[H])C([H])([H])C([H])([H])C1([H])[H],EVODEX-P26006
EVODEX-N10246,[#85]-[#6](-[#85])(-[#85])-[#6]1:[#6](-[#6](=[#8])-[#7](-[#85])-[#6@](-[#85])(-[#6](=[#8])-[#7](-[#85])-[#6@](-[#85])(-[#6](-[#85])(-[#85])-[#85])-[#6@@](-[#85])(-[#8]-[#85])-[#6@](-[#85])(-[#6](-[#85])(-[#85])-[#85])-[#6](=[#8])-[#7](-[#85])-[#6@](-[#85])(-[#6](=[#8])-[#7](-[#85])-[#6](-[#85])(-[#85])-[#6](-[#85])(-[#85])-[#6]2:[#7]:[#6](-[#6]3:[#7]:[#6](-[#6](=[#8])-[#7](-[#85])-[#6](-[#85])(-[#85])-[#6](-[#85])(-[#85])-[#6](-[#85])(-[#85])-[#16&+](-[#6](-[#85])(-[#85])-[#85])-[#6](-[#85])(-[#85])-[#85]):[#6](-[#85]):[#16]:3):[#6](-[#85]):[#16]:2)-[#6@@](-[#85])(-[#6](-[#85])(-[#85])-[#85])-[#8]-[#85])-[#6](-[#85])(-[#8]-[#6@]2(-[#85])-[#8]-[#6@@](-[#85])(-[#6](-[#85])(-[#85])-[#8]-[#85])-[#6@@](-[#85])(-[#8]-[#85])-[#6@](-[#85])(-[#8]-[#85])-[#6@]-2(-[#85])-[#8]-[#6@@]2(-[#85])-[#8]-[#6@](-[#85])(-[#6](-[#85])(-[#85])-[#8]-[#85])-[#6@@](-[#85])(-[#8]-[#85])-[#6@](-[#85])(-[#8]-[#6](-[#7](-[#85])-[#85])=[#8])-[#6@]-2(-[#85])-[#8]-[#85])-[#6]2:[#6](-[#85]):[#7]:[#6](-[#85]):[#7]:2-[#85]):[#7]:[#6](-[#6@](-[#85])(-[#6](-[#85])(-[#85])-[#6](-[#7](-[#85])-[#85])=[#8])-[#7](-[#85])-[#6](-[#85])(-[#85])-[#6@](-[#85])(-[#7](-[#85])-[#85])-[#6](-[#7:92](-[#85:178])-[#85:179])=[#8]):[#7](-[#85]):[#6]:1=[#7]-[#85]>>[#85:178]-[#7:92](-[#85:179])-[#85],EVODEX-P26010
EVODEX-N10247,[#85:182]-[#8:97]-[#85]>>[#85]-[#6](-[#85])(-[#85])-[#6]1:[#6](-[#6](=[#8])-[#7](-[#85])-[#6@](-[#85])(-[#6](=[#8])-[#7](-[#85])-[#6@](-[#85])(-[#6](-[#85])(-[#85])-[#85])-[#6@@](-[#85])(-[#8]-[#85])-[#6@](-[#85])(-[#6](-[#85])(-[#85])-[#85])-[#6](=[#8])-[#7](-[#85])-[#6@](-[#85])(-[#6](=[#8])-[#7](-[#85])-[#6](-[#85])(-[#85])-[#6](-[#85])(-[#85])-[#6]2:[#7]:[#6](-[#6]3:[#7]:[#6](-[#6](=[#8])-[#7](-[#85])-[#6](-[#85])(-[#85])-[#6](-[#85])(-[#85])-[#6](-[#85])(-[#85])-[#16&+](-[#6](-[#85])(-[#85])-[#85])-[#6](-[#85])(-[#85])-[#85]):[#6](-[#85]):[#16]:3):[#6](-[#85]):[#16]:2)-[#6@@](-[#85])(-[#6](-[#85])(-[#85])-[#85])-[#8]-[#85])-[#6](-[#85])(-[#8]-[#6@]2(-[#85])-[#8]-[#6@@](-[#85])(-[#6](-[#85])(-[#85])-[#8]-[#85])-[#6@@](-[#85])(-[#8]-[#85])-[#6@](-[#85])(-[#8]-[#85])-[#6@]-2(-[#85])-[#8]-[#6@@]2(-[#85])-[#8]-[#6@](-[#85])(-[#6](-[#85])(-[#85])-[#8]-[#85])-[#6@@](-[#85])(-[#8]-[#85])-[#6@](-[#85])(-[#8]-[#6](-[#7](-[#85])-[#85])=[#8])-[#6@]-2(-[#85])-[#8]-[#85])-[#6]2:[#6](-[#85]):[#7]:[#6](-[#85]):[#7]:2-[#85]):[#7]:[#6](-[#6@](-[#85])(-[#6](-[#85])(-[#85])-[#6](-[#7](-[#85])-[#85])=[#8])-[#7](-[#85])-[#6](-[#85])(-[#85])-[#6@](-[#85])(-[#7](-[#85])-[#85])-[#6](=[#8])-[#8:97]-[#85:182]):[#7](-[#85]):[#6]:1=[#7]-[#85],EVODEX-P26012
EVODEX-N10248,[H]N=C(N([H])[H])N([H])C([H])([H])C([H])([H])C([H])([H])C([H])([H])N([H])C(=O)C1:N:C(C2:N:C(C([H])([H])C([H])([H])N([H])C(=O)[C@@]([H])(N([H])C(=O)[C@@]([H])(C([H])([H])[H])[C@]([H])(O[H])[C@]([H])(N([H])C(=O)[C@@]([H])(N([H])C(=O)C3:N:C([C@@]([H])(N([H])C([H])([H])[C@@]([H])(C(=O)[N:17]([H:116])[H:117])N([H])[H])C([H])([H])C(=O)N([H])[H]):N:C(N([H])[H]):C:3C([H])([H])[H])[C@@]([H])(O[C@]3([H])O[C@@]([H])(C([H])([H])O[H])[C@@]([H])(O[H])[C@]([H])(O[H])[C@]3([H])O[C@@]3([H])O[C@]([H])(C([H])([H])O[H])[C@@]([H])(O[H])[C@]([H])(OC(=O)N([H])[H])[C@]3([H])O[H])C3:C([H]):N:C([H]):N:3[H])C([H])([H])[H])[C@]([H])(O[H])C([H])([H])[H]):S:C:2[H]):S:C:1[H]>>[H][N:17]([H:116])[H:117],EVODEX-P26016
EVODEX-N10249,[H][O:99][H:184]>>[H]N=C(N([H])[H])N([H])C([H])([H])C([H])([H])C([H])([H])C([H])([H])N([H])C(=O)C1:N:C(C2:N:C(C([H])([H])C([H])([H])N([H])C(=O)[C@@]([H])(N([H])C(=O)[C@@]([H])(C([H])([H])[H])[C@]([H])(O[H])[C@]([H])(N([H])C(=O)[C@@]([H])(N([H])C(=O)C3:N:C([C@@]([H])(N([H])C([H])([H])[C@@]([H])(C(=O)[O:99][H:184])N([H])[H])C([H])([H])C(=O)N([H])[H]):N:C(N([H])[H]):C:3C([H])([H])[H])[C@@]([H])(O[C@]3([H])O[C@@]([H])(C([H])([H])O[H])[C@@]([H])(O[H])[C@]([H])(O[H])[C@]3([H])O[C@@]3([H])O[C@]([H])(C([H])([H])O[H])[C@@]([H])(O[H])[C@]([H])(OC(=O)N([H])[H])[C@]3([H])O[H])C3:C([H]):N:C([H]):N:3[H])C([H])([H])[H])[C@]([H])(O[H])C([H])([H])[H]):S:C:2[H]):S:C:1[H],EVODEX-P26018
EVODEX-N10250,[H]N=C(N([H])[H])N([H])C([H])([H])C([H])([H])C([H])([H])[C@@]([H])(C(=O)N([H])[C@]([H])(C(=O)N([H])[C@]([H])(C(=O)[N:55]([C:56])[H:120])C([H])([H])C([H])([H])C(=O)N([H])[H])C([H])([H])C1:C([H]):C([H]):C([H]):C([H]):C:1[H])N([H])C(=O)[C@@]([H])(N([H])C(=O)[C@@]([H])(N([H])C(=O)[C@@]([H])(N([H])C(=O)C([H])([H])[H])C([H])([H])C(=O)N([H])[H])C([H])([H])C(=O)N([H])[H])C([H])(C([H])([H])[H])C([H])([H])[H]>>[H][N:55]([C:56])[H:120],EVODEX-P26022
EVODEX-N10251,[H]OC([H])([H])[C@@]([H])(C(=O)N([H])[C@]([H])(C(=O)N([H])[H])C([H])([H])C([H])(C([H])([H])[H])C([H])([H])[H])N([H])[C:53]([C:47])=[O:54].[H][O:73][H:145]>>[C:47][C:53](=[O:54])[O:73][H:145],EVODEX-P26023
EVODEX-N10252,[H][O:73][H:145]>>[H]N=C(N([H])[H])N([H])C([H])([H])C([H])([H])C([H])([H])[C@@]([H])(C(=O)N([H])[C@]([H])(C(=O)N([H])[C@]([H])(C(=O)[O:73][H:145])C([H])([H])C([H])([H])C(=O)N([H])[H])C([H])([H])C1:C([H]):C([H]):C([H]):C([H]):C:1[H])N([H])C(=O)[C@@]([H])(N([H])C(=O)[C@@]([H])(N([H])C(=O)[C@@]([H])(N([H])C(=O)C([H])([H])[H])C([H])([H])C(=O)N([H])[H])C([H])([H])C(=O)N([H])[H])C([H])(C([H])([H])[H])C([H])([H])[H],EVODEX-P26024
EVODEX-N10253,[H]OC([H])([H])[C@@]([H])(C(=O)N([H])[C@]([H])(C(=O)N([H])[H])C([H])([H])C([H])(C([H])([H])[H])C([H])([H])[H])N([H])[C:53]([C:47])=[O:54]>>[H]O[C:53]([C:47])=[O:54],EVODEX-P26025
EVODEX-N10254,[H]OC(=O)C([H])([H])C([H])([H])[C@@]([H])(C(=O)N([H])[C@]([H])(C(=O)N([H])[C@]([H])(C(=O)N([H])[C@]([H])(C(=O)N([H])[C@]([H])(C(=O)[N:29]([C:27])[H:132])C([H])([H])C([H])([H])C(=O)N([H])[H])C([H])([H])C1:C([H]):N:C([H]):N:1[H])C([H])([H])[H])C([H])(C([H])([H])[H])C([H])([H])[H])N([H])C(=O)C([H])([H])N([H])C(=O)C([H])([H])N([H])C(=O)[C@@]([H])(N([H])C(=O)[C@@]([H])(N([H])[H])C([H])([H])C1:C([H]):N([H]):C2:C([H]):C([H]):C([H]):C([H]):C:1:2)C([H])([H])C(=O)O[H]>>[H][N:29]([C:27])[H:132],EVODEX-P26028
EVODEX-N10255,[H]OC(=O)C([H])([H])C([H])([H])[C@@]([H])(C(=O)N([H])[C@]([H])(C(=O)N([H])[C@]([H])(C(=O)O[H])C([H])(C([H])([H])[H])C([H])([H])[H])C([H])([H])O[H])N([H])C(=O)C([H])([H])N([H])C(=O)[C@@]([H])(N([H])[C:30](=[O:31])[C:32])C([H])([H])[H].[H][O:103][H:192]>>[C:30](=[O:31])([C:32])[O:103][H:192],EVODEX-P26029
EVODEX-N10256,[H][O:103][H:192]>>[H]OC(=O)C([H])([H])C([H])([H])[C@@]([H])(C(=O)N([H])[C@]([H])(C(=O)N([H])[C@]([H])(C(=O)N([H])[C@]([H])(C(=O)N([H])[C@]([H])(C(=O)[O:103][H:192])C([H])([H])C([H])([H])C(=O)N([H])[H])C([H])([H])C1:C([H]):N:C([H]):N:1[H])C([H])([H])[H])C([H])(C([H])([H])[H])C([H])([H])[H])N([H])C(=O)C([H])([H])N([H])C(=O)C([H])([H])N([H])C(=O)[C@@]([H])(N([H])C(=O)[C@@]([H])(N([H])[H])C([H])([H])C1:C([H]):N([H]):C2:C([H]):C([H]):C([H]):C([H]):C:1:2)C([H])([H])C(=O)O[H],EVODEX-P26030
EVODEX-N10257,[H]OC(=O)C([H])([H])C([H])([H])[C@@]([H])(C(=O)N([H])[C@]([H])(C(=O)N([H])[C@]([H])(C(=O)O[H])C([H])(C([H])([H])[H])C([H])([H])[H])C([H])([H])O[H])N([H])C(=O)C([H])([H])N([H])C(=O)[C@@]([H])(N([H])[C:30](=[O:31])[C:32])C([H])([H])[H]>>[H]O[C:30](=[O:31])[C:32],EVODEX-P26031
EVODEX-N10258,[H]N=C(N([H])[H])N([H])C([H])([H])C([H])([H])C([H])([H])[C@@]([H])(C(=O)N([H])[C@]([H])(C(=O)N([H])[C@]([H])(C(=O)N([H])[C@]([H])(C(=O)[N:10]([C:9])[H:73])C([H])([H])C([H])([H])C([H])([H])C([H])([H])N([H])[H])C([H])([H])C([H])(C([H])([H])[H])C([H])([H])[H])C([H])([H])C([H])([H])C([H])([H])C([H])([H])N([H])[H])N([H])C(=O)[C@@]([H])(N([H])C(=O)[C@@]([H])(N([H])[H])C([H])(C([H])([H])[H])C([H])([H])[H])C([H])([H])C([H])([H])C(=O)N([H])[H]>>[H][N:10]([C:9])[H:73],EVODEX-P26034
EVODEX-N10259,[H][O:67][H:141]>>[H]N=C(N([H])[H])N([H])C([H])([H])C([H])([H])C([H])([H])[C@@]([H])(C(=O)N([H])[C@]([H])(C(=O)N([H])[C@]([H])(C(=O)N([H])[C@]([H])(C(=O)[O:67][H:141])C([H])([H])C([H])([H])C([H])([H])C([H])([H])N([H])[H])C([H])([H])C([H])(C([H])([H])[H])C([H])([H])[H])C([H])([H])C([H])([H])C([H])([H])C([H])([H])N([H])[H])N([H])C(=O)[C@@]([H])(N([H])C(=O)[C@@]([H])(N([H])[H])C([H])(C([H])([H])[H])C([H])([H])[H])C([H])([H])C([H])([H])C(=O)N([H])[H],EVODEX-P26036
EVODEX-N10260,[H]C1:C([H]):C([H]):C(N([H])[H]):C(C(=O)N([H])[C@]([H])(C(=O)N([H])[C@]([H])(C(=O)N([H])[C@]([H])(C(=O)[N:36]([C:37])[H:116])C([H])([H])C([H])([H])C([H])([H])C([H])([H])N([H])[H])C([H])([H])C([H])(C([H])([H])[H])C([H])([H])[H])C([H])([H])C([H])([H])C([H])([H])C([H])([H])N([H])[H]):C:1[H]>>[H][N:36]([C:37])[H:116],EVODEX-P26040
EVODEX-N10261,[H][O:74][H:144]>>[H]C1:C([H]):C([H]):C(N([H])[H]):C(C(=O)N([H])[C@]([H])(C(=O)N([H])[C@]([H])(C(=O)N([H])[C@]([H])(C(=O)[O:74][H:144])C([H])([H])C([H])([H])C([H])([H])C([H])([H])N([H])[H])C([H])([H])C([H])(C([H])([H])[H])C([H])([H])[H])C([H])([H])C([H])([H])C([H])([H])C([H])([H])N([H])[H]):C:1[H],EVODEX-P26042
EVODEX-N10262,[H]OC(=O)C([H])([H])C([H])([H])[C@@]([H])(C(=O)[N:39]([C:40])[H:84])N([H])C(=O)[C@@]([H])(N([H])C(=O)[C@@]([H])(N([H])C(=O)OC([H])([H])C1:C([H]):C([H]):C([H]):C([H]):C:1[H])C([H])([H])C1:C([H]):C([H]):C([H]):C([H]):C:1[H])C([H])([H])C([H])(C([H])([H])[H])C([H])([H])[H]>>[H][N:39]([C:40])[H:84],EVODEX-P26046
EVODEX-N10263,[H][O:49][H:89]>>[H]OC(=O)C([H])([H])C([H])([H])[C@@]([H])(C(=O)[O:49][H:89])N([H])C(=O)[C@@]([H])(N([H])C(=O)[C@@]([H])(N([H])C(=O)OC([H])([H])C1:C([H]):C([H]):C([H]):C([H]):C:1[H])C([H])([H])C1:C([H]):C([H]):C([H]):C([H]):C:1[H])C([H])([H])C([H])(C([H])([H])[H])C([H])([H])[H],EVODEX-P26048
EVODEX-N10264,[H]N=C(N([H])[H])N([H])C([H])([H])C([H])([H])C([H])([H])[C@@]([H])(C(=O)N([H])[C@]([H])(C(=O)N([H])[C@]([H])(C(=O)N([H])[C@]([H])(C(=O)N([H])[C@]([H])(C(=O)[N:59]([C:60])[H:134])C([H])([H])C([H])([H])C([H])([H])N([H])C(=N[H])N([H])[H])C([H])([H])C([H])([H])C([H])([H])C([H])([H])[H])C([H])(C([H])([H])[H])C([H])([H])C([H])([H])[H])C([H])([H])C([H])([H])C(=O)O[H])N([H])C(=O)[C@@]([H])(N([H])C(=O)C([H])([H])[H])C([H])([H])C(=O)O[H]>>[H][N:59]([C:60])[H:134],EVODEX-P26052
EVODEX-N10265,[H][O:72][H:142]>>[H]N=C(N([H])[H])N([H])C([H])([H])C([H])([H])C([H])([H])[C@@]([H])(C(=O)N([H])[C@]([H])(C(=O)N([H])[C@]([H])(C(=O)N([H])[C@]([H])(C(=O)N([H])[C@]([H])(C(=O)[O:72][H:142])C([H])([H])C([H])([H])C([H])([H])N([H])C(=N[H])N([H])[H])C([H])([H])C([H])([H])C([H])([H])C([H])([H])[H])C([H])(C([H])([H])[H])C([H])([H])C([H])([H])[H])C([H])([H])C([H])([H])C(=O)O[H])N([H])C(=O)[C@@]([H])(N([H])C(=O)C([H])([H])[H])C([H])([H])C(=O)O[H],EVODEX-P26054
EVODEX-N10266,[H]O[C@]1([H])[C@]([H])(O[H])[C@@]([H])(N([H])[H])C([H])([H])[C@@]([H])(N([H])[H])[C@@]1([H])O[C@]1([H])O[C@]([H])(C([H])([H])N([H])[H])[C@@]([H])(O[H])[C@]([H])(O[H])[C@]1([H])N([H])[C:2]([C:1])=[O:3].[H][O:26][H:55]>>[C:1][C:2](=[O:3])[O:26][H:55],EVODEX-P26059
EVODEX-N10267,[H]O[C@]1([H])[C@]([H])(O[H])[C@@]([H])(N([H])[H])C([H])([H])[C@@]([H])(N([H])[H])[C@@]1([H])O[C@]1([H])O[C@]([H])(C([H])([H])N([H])[H])[C@@]([H])(O[H])[C@]([H])(O[H])[C@]1([H])N([H])[C:2]([C:1])=[O:3]>>[H]O[C:2]([C:1])=[O:3],EVODEX-P26060
EVODEX-N10268,[H]N=C(N([H])[H])N([H])C([H])([H])C([H])([H])C([H])([H])[C@@]([H])(C(=O)[N:12]([C:11])[H:56])N([H])C(=O)[C@@]([H])(N([H])[H])C([H])([H])C([H])([H])C([H])([H])C([H])([H])N([H])[H]>>[H][N:12]([C:11])[H:56],EVODEX-P26063
EVODEX-N10269,[H]C1:N:C2:C(N([H])C([H])(C([H])([H])[H])C([H])([H])C([H])([H])C([H])([H])N([H])[C:13](=[O:14])[C:15]):C([H]):C(OC([H])([H])[H]):C([H]):C:2:C([H]):C:1[H].[H][O:40][H:86]>>[C:13](=[O:14])([C:15])[O:40][H:86],"EVODEX-P26064,EVODEX-P26070"
EVODEX-N10270,[H][O:40][H:86]>>[H]N=C(N([H])[H])N([H])C([H])([H])C([H])([H])C([H])([H])[C@@]([H])(C(=O)[O:40][H:86])N([H])C(=O)[C@@]([H])(N([H])[H])C([H])([H])C([H])([H])C([H])([H])C([H])([H])N([H])[H],EVODEX-P26065
EVODEX-N10271,[H]C1:N:C2:C(N([H])C([H])(C([H])([H])[H])C([H])([H])C([H])([H])C([H])([H])N([H])[C:13](=[O:14])[C:15]):C([H]):C(OC([H])([H])[H]):C([H]):C:2:C([H]):C:1[H]>>[H]O[C:13](=[O:14])[C:15],"EVODEX-P26066,EVODEX-P26072"
EVODEX-N10272,[H]C1:C([H]):C([H]):C(C([H])([H])[C@@]([H])(C(=O)N([H])[C@]([H])(C(=O)[N:12]([C:11])[H:52])C([H])([H])[H])N([H])[H]):C([H]):C:1[H]>>[H][N:12]([C:11])[H:52],EVODEX-P26069
EVODEX-N10273,[H][O:36][H:72]>>[H]C1:C([H]):C([H]):C(C([H])([H])[C@@]([H])(C(=O)N([H])[C@]([H])(C(=O)[O:36][H:72])C([H])([H])[H])N([H])[H]):C([H]):C:1[H],EVODEX-P26071
EVODEX-N10274,[H]N(C(=O)[C@@]([H])(N([H])C(=O)OC(C([H])([H])[H])(C([H])([H])[H])C([H])([H])[H])C([H])([H])C([H])(C([H])([H])[H])C([H])([H])[H])[C@]([H])(C(=O)[N:24]([C:25])[H:68])C([H])([H])C([H])([H])SC([H])([H])[H]>>[H][N:24]([C:25])[H:68],EVODEX-P26075
EVODEX-N10275,[H]C1:C(N([H])[C:22]([C:5])=[O:23]):C([H]):C2:O:C(=O):C([H]):C(C([H])([H])Cl):C:2:C:1[H].[H][O:38][H:75]>>[C:5][C:22](=[O:23])[O:38][H:75],EVODEX-P26076
EVODEX-N10276,[H][O:38][H:75]>>[H]N(C(=O)[C@@]([H])(N([H])C(=O)OC(C([H])([H])[H])(C([H])([H])[H])C([H])([H])[H])C([H])([H])C([H])(C([H])([H])[H])C([H])([H])[H])[C@]([H])(C(=O)[O:38][H:75])C([H])([H])C([H])([H])SC([H])([H])[H],EVODEX-P26077
EVODEX-N10277,[H]C1:C(N([H])[C:22]([C:5])=[O:23]):C([H]):C2:O:C(=O):C([H]):C(C([H])([H])Cl):C:2:C:1[H]>>[H]O[C:22]([C:5])=[O:23],EVODEX-P26078
EVODEX-N10278,[H]OC(=O)C([H])([H])[C@@]([H])(C(=O)N([H])[C@]([H])(C(=O)N([H])[C@]([H])(C(=O)N([H])[C@]([H])(C(=O)[N:10]([C:9])[H:55])C([H])([H])C(=O)O[H])C([H])([H])[H])C([H])(C([H])([H])[H])C([H])([H])[H])N([H])C(=O)[C@@]([H])(N([H])[H])C([H])(C([H])([H])[H])C([H])([H])[H]>>[H][N:10]([C:9])[H:55],EVODEX-P26081
EVODEX-N10279,[H][O:49][H:92]>>[H]OC(=O)C([H])([H])[C@@]([H])(C(=O)N([H])[C@]([H])(C(=O)N([H])[C@]([H])(C(=O)N([H])[C@]([H])(C(=O)[O:49][H:92])C([H])([H])C(=O)O[H])C([H])([H])[H])C([H])(C([H])([H])[H])C([H])([H])[H])N([H])C(=O)[C@@]([H])(N([H])[H])C([H])(C([H])([H])[H])C([H])([H])[H],EVODEX-P26083
EVODEX-N10280,[H]OC(=O)C([H])([H])C([H])([H])[C@@]([H])(C(=O)N([H])[C@]([H])(C(=O)N([H])[C@]([H])(C(=O)[N:39]([C:40])[H:80])C([H])([H])C(=O)O[H])C([H])([H])C1:C([H]):N:C([H]):N:1[H])N([H])C(=O)[C@@]([H])(N([H])C(=O)C([H])([H])[H])C([H])([H])C(=O)O[H]>>[H][N:39]([C:40])[H:80],EVODEX-P26087
EVODEX-N10281,[H][O:52][H:88]>>[H]OC(=O)C([H])([H])C([H])([H])[C@@]([H])(C(=O)N([H])[C@]([H])(C(=O)N([H])[C@]([H])(C(=O)[O:52][H:88])C([H])([H])C(=O)O[H])C([H])([H])C1:C([H]):N:C([H]):N:1[H])N([H])C(=O)[C@@]([H])(N([H])C(=O)C([H])([H])[H])C([H])([H])C(=O)O[H],EVODEX-P26089
EVODEX-N10282,[H]OC(=O)C([H])([H])[C@@]([H])(C(=O)[N:33]([C:34])[H:73])N([H])C(=O)[C@@]([H])(N([H])C(=O)[C@@]([H])(N([H])C(=O)[C@@]([H])(N([H])C(=O)C([H])([H])[H])C([H])([H])C1:C([H]):C([H]):C(O[H]):C([H]):C:1[H])C([H])(C([H])([H])[H])C([H])([H])[H])C([H])([H])[H]>>[H][N:33]([C:34])[H:73],EVODEX-P26093
EVODEX-N10283,[H][O:48][H:90]>>[H]OC(=O)C([H])([H])[C@@]([H])(C(=O)[O:48][H:90])N([H])C(=O)[C@@]([H])(N([H])C(=O)[C@@]([H])(N([H])C(=O)[C@@]([H])(N([H])C(=O)C([H])([H])[H])C([H])([H])C1:C([H]):C([H]):C(O[H]):C([H]):C:1[H])C([H])(C([H])([H])[H])C([H])([H])[H])C([H])([H])[H],EVODEX-P26095
EVODEX-N10284,[H]OC(=O)C([H])([H])C([H])([H])[C@@]([H])(C(=O)N([H])[C@]([H])(C(=O)N([H])[C@]([H])(C(=O)[N:30]([C:31])[H:76])C([H])([H])C(=O)O[H])C([H])(C([H])([H])[H])C([H])([H])[H])N([H])C(=O)[C@@]([H])(N([H])[H])C([H])([H])C([H])(C([H])([H])[H])C([H])([H])[H]>>[H][N:30]([C:31])[H:76],EVODEX-P26099
EVODEX-N10285,[H]C1:C(N([H])[C:28]([C:23])=[O:29]):C([H]):C2:O:C(=O):C([H]):C(C(F)(F)F):C:2:C:1[H].[H][O:49][H:88]>>[C:23][C:28](=[O:29])[O:49][H:88],"EVODEX-P26100,EVODEX-P26112,EVODEX-P26118,EVODEX-P26152"
EVODEX-N10286,[H][O:49][H:88]>>[H]OC(=O)C([H])([H])C([H])([H])[C@@]([H])(C(=O)N([H])[C@]([H])(C(=O)N([H])[C@]([H])(C(=O)[O:49][H:88])C([H])([H])C(=O)O[H])C([H])(C([H])([H])[H])C([H])([H])[H])N([H])C(=O)[C@@]([H])(N([H])[H])C([H])([H])C([H])(C([H])([H])[H])C([H])([H])[H],EVODEX-P26101
EVODEX-N10287,[H]C1:C(N([H])[C:28]([C:23])=[O:29]):C([H]):C2:O:C(=O):C([H]):C(C(F)(F)F):C:2:C:1[H]>>[H]O[C:28]([C:23])=[O:29],"EVODEX-P26102,EVODEX-P26114,EVODEX-P26120,EVODEX-P26154"
EVODEX-N10288,[H]OC(=O)C([H])([H])C([H])([H])[C@@]([H])(C(=O)N([H])[C@]([H])(C(=O)N([H])[C@]([H])(C(=O)[N:45]([C:46])[H:91])C([H])([H])C(=O)O[H])C([H])([H])C1:C([H]):N:C([H]):N:1[H])N([H])C(=O)[C@@]([H])(N([H])C(=O)C([H])([H])[H])C([H])([H])C1:C([H]):N([H]):C2:C([H]):C([H]):C([H]):C([H]):C:1:2>>[H][N:45]([C:46])[H:91],"EVODEX-P26105,EVODEX-P26140"
EVODEX-N10289,[H][O:58][H:99]>>[H]OC(=O)C([H])([H])C([H])([H])[C@@]([H])(C(=O)N([H])[C@]([H])(C(=O)N([H])[C@]([H])(C(=O)[O:58][H:99])C([H])([H])C(=O)O[H])C([H])([H])C1:C([H]):N:C([H]):N:1[H])N([H])C(=O)[C@@]([H])(N([H])C(=O)C([H])([H])[H])C([H])([H])C1:C([H]):N([H]):C2:C([H]):C([H]):C([H]):C([H]):C:1:2,EVODEX-P26107
EVODEX-N10290,[H]OC(=O)C([H])([H])C([H])([H])[C@@]([H])(C(=O)N([H])[C@]([H])(C(=O)N([H])[C@]([H])(C(=O)[N:36]([C:37])[H:88])C([H])([H])C(=O)O[H])[C@@]([H])(C([H])([H])[H])C([H])([H])C([H])([H])[H])N([H])C(=O)[C@@]([H])(N([H])C(=O)C([H])([H])[H])C([H])(C([H])([H])[H])C([H])([H])[H]>>[H][N:36]([C:37])[H:88],EVODEX-P26111
EVODEX-N10291,[H][O:52][H:93]>>[H]OC(=O)C([H])([H])C([H])([H])[C@@]([H])(C(=O)N([H])[C@]([H])(C(=O)N([H])[C@]([H])(C(=O)[O:52][H:93])C([H])([H])C(=O)O[H])[C@@]([H])(C([H])([H])[H])C([H])([H])C([H])([H])[H])N([H])C(=O)[C@@]([H])(N([H])C(=O)C([H])([H])[H])C([H])(C([H])([H])[H])C([H])([H])[H],EVODEX-P26113
EVODEX-N10292,[H]OC(=O)C([H])([H])C([H])([H])[C@@]([H])(C(=O)N([H])[C@]([H])(C(=O)N([H])[C@]([H])(C(=O)[N:30]([C:31])[H:76])C([H])([H])C(=O)O[H])[C@]([H])(O[H])C([H])([H])[H])N([H])C(=O)[C@@]([H])(N([H])[H])[C@@]([H])(C([H])([H])[H])C([H])([H])C([H])([H])[H]>>[H][N:30]([C:31])[H:76],EVODEX-P26117
EVODEX-N10293,[H][O:49][H:86]>>[H]OC(=O)C([H])([H])C([H])([H])[C@@]([H])(C(=O)N([H])[C@]([H])(C(=O)N([H])[C@]([H])(C(=O)[O:49][H:86])C([H])([H])C(=O)O[H])[C@]([H])(O[H])C([H])([H])[H])N([H])C(=O)[C@@]([H])(N([H])[H])[C@@]([H])(C([H])([H])[H])C([H])([H])C([H])([H])[H],EVODEX-P26119
EVODEX-N10294,[H]OC(=O)C([H])([H])[C@@]([H])(C(=O)[N:27]([C:28])[H:64])N([H])C(=O)[C@@]([H])(N([H])C(=O)[C@@]([H])(N([H])C(=O)[C@@]([H])(N([H])C(=O)C([H])([H])[H])C([H])([H])[H])C([H])([H])O[H])C([H])(O[H])C([H])([H])[H]>>[H][N:27]([C:28])[H:64],EVODEX-P26123
EVODEX-N10295,[H][O:43][H:77]>>[H]OC(=O)C([H])([H])[C@@]([H])(C(=O)[O:43][H:77])N([H])C(=O)[C@@]([H])(N([H])C(=O)[C@@]([H])(N([H])C(=O)[C@@]([H])(N([H])C(=O)C([H])([H])[H])C([H])([H])[H])C([H])([H])O[H])C([H])(O[H])C([H])([H])[H],EVODEX-P26125
EVODEX-N10296,[H]OC(=O)C([H])([H])C([H])([H])[C@@]([H])(C(=O)N([H])[C@]([H])(C(=O)N([H])[C@]([H])(C(=O)[N:39]([C:40])[H:83])C([H])([H])C(=O)O[H])C([H])([H])C1:C([H]):N:C([H]):N:1[H])N([H])C(=O)[C@@]([H])(N([H])C(=O)C([H])([H])[H])C([H])([H])C([H])(C([H])([H])[H])C([H])([H])[H]>>[H][N:39]([C:40])[H:83],EVODEX-P26134
EVODEX-N10297,[H][O:49][H:88]>>[H]OC(=O)C([H])([H])C([H])([H])[C@@]([H])(C(=O)N([H])[C@]([H])(C(=O)N([H])[C@]([H])(C(=O)[O:49][H:88])C([H])([H])C(=O)O[H])C([H])([H])C1:C([H]):N:C([H]):N:1[H])N([H])C(=O)[C@@]([H])(N([H])C(=O)C([H])([H])[H])C([H])([H])C([H])(C([H])([H])[H])C([H])([H])[H],EVODEX-P26136
EVODEX-N10298,[H]OC(=O)C([H])([H])C([H])([H])[C@@]([H])(C(=O)N([H])[C@]([H])(C(=O)N([H])[C@]([H])(C(=O)[N:35]([C:36])[H:76])C([H])([H])C(=O)O[H])C([H])([H])C1:C([H]):N:C([H]):N:1[H])N([H])C(=O)[C@@]([H])(N([H])C(=O)C([H])([H])[H])C([H])(C([H])([H])[H])C([H])([H])[H]>>[H][N:35]([C:36])[H:76],EVODEX-P26145
EVODEX-N10299,[H][O:51][H:91]>>[H]OC(=O)C([H])([H])C([H])([H])[C@@]([H])(C(=O)N([H])[C@]([H])(C(=O)N([H])[C@]([H])(C(=O)[O:51][H:91])C([H])([H])C(=O)O[H])C([H])([H])C1:C([H]):N:C([H]):N:1[H])N([H])C(=O)[C@@]([H])(N([H])C(=O)C([H])([H])[H])C([H])(C([H])([H])[H])C([H])([H])[H],EVODEX-P26147
EVODEX-N10300,[H]OC(=O)C([H])([H])C([H])([H])[C@@]([H])(C(=O)N([H])[C@]([H])(C(=O)N([H])[C@]([H])(C(=O)[N:30]([C:31])[H:72])C([H])([H])C(=O)O[H])C([H])(C([H])([H])[H])C([H])([H])[H])N([H])C(=O)[C@@]([H])(N([H])C(=O)C([H])([H])[H])C([H])([H])[H]>>[H][N:30]([C:31])[H:72],EVODEX-P26151
EVODEX-N10301,[H][O:49][H:84]>>[H]OC(=O)C([H])([H])C([H])([H])[C@@]([H])(C(=O)N([H])[C@]([H])(C(=O)N([H])[C@]([H])(C(=O)[O:49][H:84])C([H])([H])C(=O)O[H])C([H])(C([H])([H])[H])C([H])([H])[H])N([H])C(=O)[C@@]([H])(N([H])C(=O)C([H])([H])[H])C([H])([H])[H],EVODEX-P26153
EVODEX-N10302,[H]N=C(N([H])[H])N([H])C([H])([H])C([H])([H])C([H])([H])[C@@]([H])(C(=O)[N:33]([C:34])[H:80])N([H])C(=O)[C@@]([H])(N([H])C(=O)[C@@]([H])(N([H])C(=O)OC([H])([H])C([H])([H])C([H])([H])C([H])([H])[H])C([H])([H])C([H])([H])C(=O)N([H])[H])C([H])([H])[H]>>[H][N:33]([C:34])[H:80],EVODEX-P26157
EVODEX-N10303,[H][O:45][H:90]>>[H]N=C(N([H])[H])N([H])C([H])([H])C([H])([H])C([H])([H])[C@@]([H])(C(=O)[O:45][H:90])N([H])C(=O)[C@@]([H])(N([H])C(=O)[C@@]([H])(N([H])C(=O)OC([H])([H])C([H])([H])C([H])([H])C([H])([H])[H])C([H])([H])C([H])([H])C(=O)N([H])[H])C([H])([H])[H],EVODEX-P26159
EVODEX-N10304,[H]N([H])C([H])([H])C([H])([H])C([H])([H])C([H])([H])[C@@]([H])(C(=O)[N:29]([C:30])[H:79])N([H])C(=O)[C@@]([H])(N([H])C(=O)[C@@]([H])(N([H])C(=O)OC([H])([H])C([H])([H])C([H])([H])C([H])([H])[H])C([H])(C([H])([H])[H])C([H])([H])[H])C([H])([H])C([H])(C([H])([H])[H])C([H])([H])[H]>>[H][N:29]([C:30])[H:79],EVODEX-P26163
EVODEX-N10305,[H][O:44][H:96]>>[H]N([H])C([H])([H])C([H])([H])C([H])([H])C([H])([H])[C@@]([H])(C(=O)[O:44][H:96])N([H])C(=O)[C@@]([H])(N([H])C(=O)[C@@]([H])(N([H])C(=O)OC([H])([H])C([H])([H])C([H])([H])C([H])([H])[H])C([H])(C([H])([H])[H])C([H])([H])[H])C([H])([H])C([H])(C([H])([H])[H])C([H])([H])[H],EVODEX-P26165
EVODEX-N10306,[H]C1:C([H]):C(C(=O)N([H])[C@]([H])(C(=O)N2C([H])([H])C([H])([H])C([H])([H])[C@@]2([H])C(=O)N([H])[C@]([H])(C(=O)N([H])[C@]([H])(C(=O)N([H])[C@]([H])(C(=O)[N:14]([C:9])[H:119])C([H])([H])C([H])([H])C(=O)N([H])[H])C([H])([H])C([H])([H])C([H])([H])C([H])([H])N([H])[H])C([H])([H])[H])C([H])([H])[H]):C([H]):C([H]):C:1/N=N/C1:C([H]):C([H]):C(N(C([H])([H])[H])C([H])([H])[H]):C([H]):C:1[H]>>[H][N:14]([C:9])[H:119],EVODEX-P26169
EVODEX-N10307,[H]OS(=O)(=O)C1:C([H]):C([H]):C([H]):C2:C(N([H])C([H])([H])C([H])([H])N([H])C(=O)[C@@]([H])(N([H])C(=O)[C@@]([H])(N([H])C(=O)[C@@]([H])(N([H])[C:15](=[O:16])[C:17])C([H])([H])C([H])(C([H])([H])[H])C([H])([H])[H])C([H])([H])C([H])(C([H])([H])[H])C([H])([H])[H])C([H])([H])C(=O)N([H])[H]):C([H]):C([H]):C([H]):C:1:2.[H][O:97][H:190]>>[C:15](=[O:16])([C:17])[O:97][H:190],EVODEX-P26170
EVODEX-N10308,[H][O:97][H:190]>>[H]C1:C([H]):C(C(=O)N([H])[C@]([H])(C(=O)N2C([H])([H])C([H])([H])C([H])([H])[C@@]2([H])C(=O)N([H])[C@]([H])(C(=O)N([H])[C@]([H])(C(=O)N([H])[C@]([H])(C(=O)[O:97][H:190])C([H])([H])C([H])([H])C(=O)N([H])[H])C([H])([H])C([H])([H])C([H])([H])C([H])([H])N([H])[H])C([H])([H])[H])C([H])([H])[H]):C([H]):C([H]):C:1/N=N/C1:C([H]):C([H]):C(N(C([H])([H])[H])C([H])([H])[H]):C([H]):C:1[H],EVODEX-P26171
EVODEX-N10309,[H]OS(=O)(=O)C1:C([H]):C([H]):C([H]):C2:C(N([H])C([H])([H])C([H])([H])N([H])C(=O)[C@@]([H])(N([H])C(=O)[C@@]([H])(N([H])C(=O)[C@@]([H])(N([H])[C:15](=[O:16])[C:17])C([H])([H])C([H])(C([H])([H])[H])C([H])([H])[H])C([H])([H])C([H])(C([H])([H])[H])C([H])([H])[H])C([H])([H])C(=O)N([H])[H]):C([H]):C([H]):C([H]):C:1:2>>[H]O[C:15](=[O:16])[C:17],EVODEX-P26172
EVODEX-N10310,[H]N=C(N([H])[H])N([H])C([H])([H])C([H])([H])C([H])([H])[C@@]([H])(C(=O)N([H])[C@]([H])(C(=O)N([H])[C@]([H])(C(=O)[N:40]([C:41])[H:107])C([H])([H])C([H])([H])C(=O)O[H])C([H])([H])C([H])(C([H])([H])[H])C([H])([H])[H])N([H])C(=O)[C@@]([H])(N([H])[H])C([H])([H])C1:C([H]):C([H]):C([H]):C([H]):C:1[H]>>[H][N:40]([C:41])[H:107],EVODEX-P26175
EVODEX-N10311,[H]OC(=O)C([H])([H])N([H])C(=O)[C@@]([H])(N([H])C(=O)[C@@]([H])(N([H])C(=O)[C@@]([H])(N([H])[C:38]([C:32])=[O:39])C([H])([H])[H])C([H])([H])C(=O)O[H])C([H])([H])C(=O)O[H].[H][O:66][H:126]>>[C:32][C:38](=[O:39])[O:66][H:126],EVODEX-P26176
EVODEX-N10312,[H][O:66][H:126]>>[H]N=C(N([H])[H])N([H])C([H])([H])C([H])([H])C([H])([H])[C@@]([H])(C(=O)N([H])[C@]([H])(C(=O)N([H])[C@]([H])(C(=O)[O:66][H:126])C([H])([H])C([H])([H])C(=O)O[H])C([H])([H])C([H])(C([H])([H])[H])C([H])([H])[H])N([H])C(=O)[C@@]([H])(N([H])[H])C([H])([H])C1:C([H]):C([H]):C([H]):C([H]):C:1[H],EVODEX-P26177
EVODEX-N10313,[H]OC(=O)C([H])([H])N([H])C(=O)[C@@]([H])(N([H])C(=O)[C@@]([H])(N([H])C(=O)[C@@]([H])(N([H])[C:38]([C:32])=[O:39])C([H])([H])[H])C([H])([H])C(=O)O[H])C([H])([H])C(=O)O[H]>>[H]O[C:38]([C:32])=[O:39],EVODEX-P26178
EVODEX-N10314,[H]OC([H])([H])[C@@]([H])(C(=O)N([H])[C@]([H])(C(=O)N([H])[C@]([H])(C(=O)N([H])[C@]([H])(C(=O)N([H])[C@]([H])(C(=O)[N:47]([C:44])[H:197])C([H])([H])C([H])([H])C(=O)N([H])[H])C([H])([H])C([H])(C([H])([H])[H])C([H])([H])[H])C([H])(C([H])([H])[H])C([H])([H])[H])C([H])([H])[H])N([H])C(=O)[C@@]([H])(N([H])C(=O)[C@@]([H])(N([H])C(=O)C1:C([H]):C([H]):C(/N=N/C2:C([H]):C([H]):C(N(C([H])([H])[H])C([H])([H])[H]):C([H]):C:2[H]):C([H]):C:1[H])C([H])([H])C([H])([H])C([H])([H])C([H])([H])N([H])[H])C([H])(O[H])C([H])([H])[H]>>[H][N:47]([C:44])[H:197],EVODEX-P26181
EVODEX-N10315,[H]N=C(N([H])[H])N([H])C([H])([H])C([H])([H])C([H])([H])[C@@]([H])(C(=O)N([H])[C@]([H])(C(=O)N([H])[C@]([H])(C(=O)N([H])[C@]([H])(C(=O)N([H])C([H])([H])C([H])([H])N([H])C1:C([H]):C([H]):C([H]):C2:C(S(=O)(=O)O[H]):C([H]):C([H]):C([H]):C:1:2)C([H])([H])C([H])([H])C(=O)O[H])C([H])([H])C([H])([H])SC([H])([H])[H])C([H])([H])C([H])([H])C([H])([H])C([H])([H])N([H])[H])N([H])C(=O)[C@@]([H])(N([H])C(=O)C([H])([H])N([H])C(=O)[C@@]([H])(N([H])[C:48](=[O:49])[C:50])C([H])([H])O[H])C([H])([H])C1:C([H]):C([H]):C([H]):C([H]):C:1[H].[H][O:147][H:289]>>[C:48](=[O:49])([C:50])[O:147][H:289],EVODEX-P26182
EVODEX-N10316,[H][O:147][H:289]>>[H]OC([H])([H])[C@@]([H])(C(=O)N([H])[C@]([H])(C(=O)N([H])[C@]([H])(C(=O)N([H])[C@]([H])(C(=O)N([H])[C@]([H])(C(=O)[O:147][H:289])C([H])([H])C([H])([H])C(=O)N([H])[H])C([H])([H])C([H])(C([H])([H])[H])C([H])([H])[H])C([H])(C([H])([H])[H])C([H])([H])[H])C([H])([H])[H])N([H])C(=O)[C@@]([H])(N([H])C(=O)[C@@]([H])(N([H])C(=O)C1:C([H]):C([H]):C(/N=N/C2:C([H]):C([H]):C(N(C([H])([H])[H])C([H])([H])[H]):C([H]):C:2[H]):C([H]):C:1[H])C([H])([H])C([H])([H])C([H])([H])C([H])([H])N([H])[H])C([H])(O[H])C([H])([H])[H],EVODEX-P26183
EVODEX-N10317,[H]N=C(N([H])[H])N([H])C([H])([H])C([H])([H])C([H])([H])[C@@]([H])(C(=O)N([H])[C@]([H])(C(=O)N([H])[C@]([H])(C(=O)N([H])[C@]([H])(C(=O)N([H])C([H])([H])C([H])([H])N([H])C1:C([H]):C([H]):C([H]):C2:C(S(=O)(=O)O[H]):C([H]):C([H]):C([H]):C:1:2)C([H])([H])C([H])([H])C(=O)O[H])C([H])([H])C([H])([H])SC([H])([H])[H])C([H])([H])C([H])([H])C([H])([H])C([H])([H])N([H])[H])N([H])C(=O)[C@@]([H])(N([H])C(=O)C([H])([H])N([H])C(=O)[C@@]([H])(N([H])[C:48](=[O:49])[C:50])C([H])([H])O[H])C([H])([H])C1:C([H]):C([H]):C([H]):C([H]):C:1[H]>>[H]O[C:48](=[O:49])[C:50],EVODEX-P26184
EVODEX-N10318,[H]OC([H])([H])[C@@]([H])(C(=O)N([H])[C@]([H])(C(=O)N([H])[C@]([H])(C(=O)N([H])[C@]([H])(C(=O)N([H])[C@]([H])(C(=O)[N:43]([C:44])[H:132])C([H])([H])C([H])([H])C(=O)N([H])[H])C([H])([H])C([H])(C([H])([H])[H])C([H])([H])[H])C([H])(C([H])([H])[H])C([H])([H])[H])C([H])([H])[H])N([H])C(=O)[C@@]([H])(N([H])[H])[C@]([H])(O[H])C([H])([H])[H]>>[H][N:43]([C:44])[H:132],EVODEX-P26187
EVODEX-N10319,[H]N=C(N([H])[H])N([H])C([H])([H])C([H])([H])C([H])([H])[C@@]([H])(C(=O)N([H])[C@]([H])(C(=O)O[H])C([H])([H])C([H])([H])C([H])([H])C([H])([H])N([H])[H])N([H])C(=O)[C@@]([H])(N([H])C(=O)C([H])([H])N([H])C(=O)[C@@]([H])(N([H])[C:41]([C:35])=[O:42])C([H])([H])O[H])C([H])([H])C1:C([H]):C([H]):C([H]):C([H]):C:1[H].[H][O:85][H:174]>>[C:35][C:41](=[O:42])[O:85][H:174],EVODEX-P26188
EVODEX-N10320,[H][O:85][H:174]>>[H]OC([H])([H])[C@@]([H])(C(=O)N([H])[C@]([H])(C(=O)N([H])[C@]([H])(C(=O)N([H])[C@]([H])(C(=O)N([H])[C@]([H])(C(=O)[O:85][H:174])C([H])([H])C([H])([H])C(=O)N([H])[H])C([H])([H])C([H])(C([H])([H])[H])C([H])([H])[H])C([H])(C([H])([H])[H])C([H])([H])[H])C([H])([H])[H])N([H])C(=O)[C@@]([H])(N([H])[H])[C@]([H])(O[H])C([H])([H])[H],EVODEX-P26189
EVODEX-N10321,[H]N=C(N([H])[H])N([H])C([H])([H])C([H])([H])C([H])([H])[C@@]([H])(C(=O)N([H])[C@]([H])(C(=O)O[H])C([H])([H])C([H])([H])C([H])([H])C([H])([H])N([H])[H])N([H])C(=O)[C@@]([H])(N([H])C(=O)C([H])([H])N([H])C(=O)[C@@]([H])(N([H])[C:41]([C:35])=[O:42])C([H])([H])O[H])C([H])([H])C1:C([H]):C([H]):C([H]):C([H]):C:1[H]>>[H]O[C:41]([C:35])=[O:42],EVODEX-P26190
EVODEX-N10322,[H]OC(=O)C([H])([H])C([H])([H])[C@@]([H])(C(=O)N([H])[C@]([H])(C(=O)[N:38]([C:39])[H:118])[C@]([H])(O[H])C([H])([H])[H])N([H])C(=O)[C@@]1([H])N(C(=O)[C@@]([H])(N([H])C(=O)C2:C([H]):C([H]):C([H]):C([H]):C:2N([H])[H])C([H])([H])C([H])(C([H])([H])[H])C([H])([H])[H])C([H])([H])C([H])([H])C1([H])[H]>>[H][N:38]([C:39])[H:118],"EVODEX-P26193,EVODEX-P26199"
EVODEX-N10323,[H][N:64]([C:65])[H:136]>>[H]OC(=O)C([H])([H])C([H])([H])[C@@]([H])(C(=O)N([H])[C@]([H])(C(=O)[N:64]([C:65])[H:136])[C@]([H])(O[H])C([H])([H])[H])N([H])C(=O)[C@@]1([H])N(C(=O)[C@@]([H])(N([H])C(=O)C2:C([H]):C([H]):C([H]):C([H]):C:2N([H])[H])C([H])([H])C([H])(C([H])([H])[H])C([H])([H])[H])C([H])([H])C([H])([H])C1([H])[H],EVODEX-P26195
EVODEX-N10324,>>[H]NC([H])([H])C(=O)N([H])C([H])([H])C(=O)N([H])C([H])([H])C(=O)N([H])C([H])([H])C(=O)N([H])C([H])([H])C(=O)O[H].[H],"EVODEX-P26197,EVODEX-P26202"
EVODEX-N10325,[H]C1:C([H]):C([H]):C(C([H])([H])[C@@]([H])(C(=O)[N:15]([C:16])[H:43])N([H])C(=O)C([H])([H])[H]):C([H]):C:1[H]>>[H][N:15]([C:16])[H:43],EVODEX-P26204
EVODEX-N10326,[H]OC(=O)[C@@]([H])(N([H])[C:13]([C:5])=[O:14])C([H])([H])C1:C([H]):C(I):C(O[H]):C(I):C:1[H].[H][O:30][H:51]>>[C:5][C:13](=[O:14])[O:30][H:51],EVODEX-P26205
EVODEX-N10327,[H][O:30][H:51]>>[H]C1:C([H]):C([H]):C(C([H])([H])[C@@]([H])(C(=O)[O:30][H:51])N([H])C(=O)C([H])([H])[H]):C([H]):C:1[H],EVODEX-P26206
EVODEX-N10328,[H]OC(=O)[C@@]([H])(N([H])[C:13]([C:5])=[O:14])C([H])([H])C1:C([H]):C(I):C(O[H]):C(I):C:1[H]>>[H]O[C:13]([C:5])=[O:14],EVODEX-P26207
EVODEX-N10329,[H]C1:N:C([H]):N([H]):C:1C([H])([H])[C@@]([H])(C(=O)[N:27]([C:16])[H:67])C([H])([H])C(=O)OC([H])([H])C1:C([H]):C([H]):C([H]):C([H]):C:1[H]>>[H][N:27]([C:16])[H:67],EVODEX-P26210
EVODEX-N10330,[H][O:48][H:83]>>[H]C1:N:C([H]):N([H]):C:1C([H])([H])[C@@]([H])(C(=O)[O:48][H:83])C([H])([H])C(=O)OC([H])([H])C1:C([H]):C([H]):C([H]):C([H]):C:1[H],EVODEX-P26212
EVODEX-N10331,[H]OC(=O)C([H])([H])C([H])([H])[C@@]([H])(C(=O)N([H])[C@]([H])(C(=O)N([H])[C@]([H])(C(=O)N([H])[C@]([H])(C(=O)N([H])[C@]([H])(C(=O)[N:137]([C:138])[H:376])C([H])([H])C([H])(C([H])([H])[H])C([H])([H])[H])C([H])([H])C1:C([H]):C([H]):C(O[H]):C([H]):C:1[H])C([H])([H])C([H])(C([H])([H])[H])C([H])([H])[H])C([H])([H])[H])N([H])C(=O)[C@@]([H])(N([H])C(=O)[C@@]([H])(N([H])C(=O)[C@@]([H])(N([H])C(=O)[C@@]([H])(N([H])C(=O)C([H])([H])N([H])C(=O)[C@@]([H])(N([H])C(=O)[C@@]([H])(N([H])C(=O)[C@@]([H])(N([H])C(=O)[C@@]([H])(N([H])C(=O)[C@@]([H])(N([H])C(=O)[C@@]([H])(N([H])C(=O)[C@@]([H])(N([H])[H])C([H])([H])C1:C([H]):C([H]):C([H]):C([H]):C:1[H])C([H])(C([H])([H])[H])C([H])([H])[H])C([H])([H])C(=O)N([H])[H])C([H])([H])C([H])([H])C(=O)N([H])[H])C([H])([H])C1:C([H]):N:C([H]):N:1[H])C([H])([H])C([H])(C([H])([H])[H])C([H])([H])[H])C([H])([H])S[H])C([H])([H])O[H])C([H])([H])C1:C([H]):N:C([H]):N:1[H])C([H])([H])C([H])(C([H])([H])[H])C([H])([H])[H])C([H])(C([H])([H])[H])C([H])([H])[H]>>[H][N:137]([C:138])[H:376],EVODEX-P26216
EVODEX-N10332,[H]N=C(N([H])[H])N([H])C([H])([H])C([H])([H])C([H])([H])[C@@]([H])(C(=O)N([H])C([H])([H])C(=O)N([H])[C@]([H])(C(=O)N([H])[C@]([H])(C(=O)N([H])[C@]([H])(C(=O)N([H])[C@]([H])(C(=O)N1C([H])([H])C([H])([H])C([H])([H])[C@@]1([H])C(=O)N([H])[C@]([H])(C(=O)N([H])[C@]([H])(C(=O)O[H])C([H])([H])[H])C([H])([H])C([H])([H])C([H])([H])C([H])([H])N([H])[H])[C@]([H])(O[H])C([H])([H])[H])C([H])([H])C1:C([H]):C([H]):C(O[H]):C([H]):C:1[H])C([H])([H])C1:C([H]):C([H]):C([H]):C([H]):C:1[H])C([H])([H])C1:C([H]):C([H]):C([H]):C([H]):C:1[H])N([H])C(=O)[C@@]([H])(N([H])C(=O)C([H])([H])N([H])C(=O)[C@@]([H])(N([H])C(=O)[C@@]([H])(N([H])[C:135]([C:130])=[O:136])C([H])(C([H])([H])[H])C([H])([H])[H])C([H])([H])S[H])C([H])([H])C([H])([H])C(=O)O[H].[H][O:241][H:474]>>[C:130][C:135](=[O:136])[O:241][H:474],EVODEX-P26217
EVODEX-N10333,[H][O:241][H:474]>>[H]OC(=O)C([H])([H])C([H])([H])[C@@]([H])(C(=O)N([H])[C@]([H])(C(=O)N([H])[C@]([H])(C(=O)N([H])[C@]([H])(C(=O)N([H])[C@]([H])(C(=O)[O:241][H:474])C([H])([H])C([H])(C([H])([H])[H])C([H])([H])[H])C([H])([H])C1:C([H]):C([H]):C(O[H]):C([H]):C:1[H])C([H])([H])C([H])(C([H])([H])[H])C([H])([H])[H])C([H])([H])[H])N([H])C(=O)[C@@]([H])(N([H])C(=O)[C@@]([H])(N([H])C(=O)[C@@]([H])(N([H])C(=O)[C@@]([H])(N([H])C(=O)C([H])([H])N([H])C(=O)[C@@]([H])(N([H])C(=O)[C@@]([H])(N([H])C(=O)[C@@]([H])(N([H])C(=O)[C@@]([H])(N([H])C(=O)[C@@]([H])(N([H])C(=O)[C@@]([H])(N([H])C(=O)[C@@]([H])(N([H])[H])C([H])([H])C1:C([H]):C([H]):C([H]):C([H]):C:1[H])C([H])(C([H])([H])[H])C([H])([H])[H])C([H])([H])C(=O)N([H])[H])C([H])([H])C([H])([H])C(=O)N([H])[H])C([H])([H])C1:C([H]):N:C([H]):N:1[H])C([H])([H])C([H])(C([H])([H])[H])C([H])([H])[H])C([H])([H])S[H])C([H])([H])O[H])C([H])([H])C1:C([H]):N:C([H]):N:1[H])C([H])([H])C([H])(C([H])([H])[H])C([H])([H])[H])C([H])(C([H])([H])[H])C([H])([H])[H],EVODEX-P26218
EVODEX-N10334,[H]N=C(N([H])[H])N([H])C([H])([H])C([H])([H])C([H])([H])[C@@]([H])(C(=O)N([H])C([H])([H])C(=O)N([H])[C@]([H])(C(=O)N([H])[C@]([H])(C(=O)N([H])[C@]([H])(C(=O)N([H])[C@]([H])(C(=O)N1C([H])([H])C([H])([H])C([H])([H])[C@@]1([H])C(=O)N([H])[C@]([H])(C(=O)N([H])[C@]([H])(C(=O)O[H])C([H])([H])[H])C([H])([H])C([H])([H])C([H])([H])C([H])([H])N([H])[H])[C@]([H])(O[H])C([H])([H])[H])C([H])([H])C1:C([H]):C([H]):C(O[H]):C([H]):C:1[H])C([H])([H])C1:C([H]):C([H]):C([H]):C([H]):C:1[H])C([H])([H])C1:C([H]):C([H]):C([H]):C([H]):C:1[H])N([H])C(=O)[C@@]([H])(N([H])C(=O)C([H])([H])N([H])C(=O)[C@@]([H])(N([H])C(=O)[C@@]([H])(N([H])[C:135]([C:130])=[O:136])C([H])(C([H])([H])[H])C([H])([H])[H])C([H])([H])S[H])C([H])([H])C([H])([H])C(=O)O[H]>>[H]O[C:135]([C:130])=[O:136],EVODEX-P26219
EVODEX-N10335,[H]OC(=O)C([H])([H])C([H])([H])[C@@]([H])(C(=O)N([H])[C@]([H])(C(=O)[N:35]([C:29])[H:127])C([H])([H])C1:C([H]):C([H]):C([H]):C([H]):C:1[H])N([H])C(=O)[C@@]([H])(N([H])C(=O)[C@@]1([H])N(C(=O)[C@@]([H])(N([H])C(=O)[C@@]([H])(N([H])[H])C([H])([H])[H])C([H])([H])C2:C([H]):C([H]):C([H]):C([H]):C:2[H])C([H])([H])C([H])([H])C1([H])[H])C([H])([H])C([H])(C([H])([H])[H])C([H])([H])[H]>>[H][N:35]([C:29])[H:127],"EVODEX-P26222,EVODEX-P26228"
EVODEX-N10336,[H]N=C(N([H])[H])N([H])C([H])([H])C([H])([H])C([H])([H])[C@@]([H])(C(=O)N([H])[C@]([H])(C(=O)N([H])[C@]([H])(C(=O)O[H])C([H])([H])C([H])(C([H])([H])[H])C([H])([H])[H])C([H])([H])C([H])([H])C(=O)O[H])N([H])C(=O)[C@@]([H])(N([H])[C:36](=[O:37])[C:38])C([H])([H])C([H])([H])C(=O)O[H].[H][O:90][H:178]>>[C:36](=[O:37])([C:38])[O:90][H:178],EVODEX-P26223
EVODEX-N10337,[H][O:90][H:178]>>[H]OC(=O)C([H])([H])C([H])([H])[C@@]([H])(C(=O)N([H])[C@]([H])(C(=O)[O:90][H:178])C([H])([H])C1:C([H]):C([H]):C([H]):C([H]):C:1[H])N([H])C(=O)[C@@]([H])(N([H])C(=O)[C@@]1([H])N(C(=O)[C@@]([H])(N([H])C(=O)[C@@]([H])(N([H])[H])C([H])([H])[H])C([H])([H])C2:C([H]):C([H]):C([H]):C([H]):C:2[H])C([H])([H])C([H])([H])C1([H])[H])C([H])([H])C([H])(C([H])([H])[H])C([H])([H])[H],EVODEX-P26224
EVODEX-N10338,[H]N=C(N([H])[H])N([H])C([H])([H])C([H])([H])C([H])([H])[C@@]([H])(C(=O)N([H])[C@]([H])(C(=O)N([H])[C@]([H])(C(=O)O[H])C([H])([H])C([H])(C([H])([H])[H])C([H])([H])[H])C([H])([H])C([H])([H])C(=O)O[H])N([H])C(=O)[C@@]([H])(N([H])[C:36](=[O:37])[C:38])C([H])([H])C([H])([H])C(=O)O[H]>>[H]O[C:36](=[O:37])[C:38],EVODEX-P26225
EVODEX-N10339,[H]N=C(N([H])[H])N([H])C([H])([H])C([H])([H])C([H])([H])[C@@]([H])(C(=O)N([H])[C@]([H])(C(=O)N([H])[C@]([H])(C(=O)O[H])C([H])([H])C([H])(C([H])([H])[H])C([H])([H])[H])C([H])([H])C([H])([H])C(=O)O[H])N([H])C(=O)[C@@]([H])(N([H])[C:38](=[O:39])[C:40])C([H])([H])C1:C([H]):C([H]):C([H]):C([H]):C:1[H].[H][O:92][H:182]>>[C:38](=[O:39])([C:40])[O:92][H:182],EVODEX-P26229
EVODEX-N10340,[H]N=C(N([H])[H])N([H])C([H])([H])C([H])([H])C([H])([H])[C@@]([H])(C(=O)N([H])[C@]([H])(C(=O)N([H])[C@]([H])(C(=O)O[H])C([H])([H])C([H])(C([H])([H])[H])C([H])([H])[H])C([H])([H])C([H])([H])C(=O)O[H])N([H])C(=O)[C@@]([H])(N([H])[C:38](=[O:39])[C:40])C([H])([H])C1:C([H]):C([H]):C([H]):C([H]):C:1[H]>>[H]O[C:38](=[O:39])[C:40],EVODEX-P26230
EVODEX-N10341,[H]C1:C([H]):C([H]):C(C([H])([H])[C@@]([H])(C(=O)[N:64]([C:65])[H:190])N([H])C(=O)[C@@]([H])(N([H])C(=O)[C@@]([H])(N([H])C(=O)[C@@]2([H])N(C(=O)[C@@]([H])(N([H])C(=O)C([H])([H])N([H])C(=O)C([H])([H])C3:C([H]):C(=O):O:C4:C([H]):C(OC([H])([H])[H]):C([H]):C([H]):C:3:4)C([H])([H])C([H])([H])C([H])([H])C([H])([H])N([H])[H])C([H])([H])C([H])([H])C2([H])[H])[C@@]([H])(C([H])([H])[H])C([H])([H])C([H])([H])[H])C([H])([H])C([H])(C([H])([H])[H])C([H])([H])[H]):C([H]):C:1[H]>>[H][N:64]([C:65])[H:190],EVODEX-P26233
EVODEX-N10342,[H][O:127][H:250]>>[H]C1:C([H]):C([H]):C(C([H])([H])[C@@]([H])(C(=O)[O:127][H:250])N([H])C(=O)[C@@]([H])(N([H])C(=O)[C@@]([H])(N([H])C(=O)[C@@]2([H])N(C(=O)[C@@]([H])(N([H])C(=O)C([H])([H])N([H])C(=O)C([H])([H])C3:C([H]):C(=O):O:C4:C([H]):C(OC([H])([H])[H]):C([H]):C([H]):C:3:4)C([H])([H])C([H])([H])C([H])([H])C([H])([H])N([H])[H])C([H])([H])C([H])([H])C2([H])[H])[C@@]([H])(C([H])([H])[H])C([H])([H])C([H])([H])[H])C([H])([H])C([H])(C([H])([H])[H])C([H])([H])[H]):C([H]):C:1[H],EVODEX-P26235
EVODEX-N10343,[H]OC([H])([H])[C@@]([H])(C(=O)N([H])[C@]([H])(C(=O)[N:32]([C:27])[H:277])C([H])([H])C1:C([H]):N:C([H]):N:1[H])N([H])C(=O)C([H])([H])N([H])C(=O)[C@@]([H])(N([H])C(=O)[C@@]([H])(N([H])C(=O)[C@@]([H])(N([H])C(=O)[C@@]([H])(N([H])C(=O)[C@@]([H])(N([H])C(=O)[C@@]([H])(N([H])C(=O)[C@@]([H])(N([H])[H])C([H])([H])C1:C([H]):C([H]):C([H]):C([H]):C:1[H])C([H])(C([H])([H])[H])C([H])([H])[H])C([H])([H])C(=O)N([H])[H])C([H])([H])C([H])([H])C(=O)N([H])[H])C([H])([H])C1:C([H]):N:C([H]):N:1[H])C([H])([H])C([H])(C([H])([H])[H])C([H])([H])[H])C([H])([H])S[H]>>[H][N:32]([C:27])[H:277],EVODEX-P26239
EVODEX-N10344,[H]N=C(N([H])[H])N([H])C([H])([H])C([H])([H])C([H])([H])[C@@]([H])(C(=O)N([H])C([H])([H])C(=O)N([H])[C@]([H])(C(=O)N([H])[C@]([H])(C(=O)N([H])[C@]([H])(C(=O)N([H])[C@]([H])(C(=O)N1C([H])([H])C([H])([H])C([H])([H])[C@@]1([H])C(=O)N([H])[C@]([H])(C(=O)N([H])[C@]([H])(C(=O)O[H])C([H])([H])[H])C([H])([H])C([H])([H])C([H])([H])C([H])([H])N([H])[H])[C@]([H])(O[H])C([H])([H])[H])C([H])([H])C1:C([H]):C([H]):C(O[H]):C([H]):C:1[H])C([H])([H])C1:C([H]):C([H]):C([H]):C([H]):C:1[H])C([H])([H])C1:C([H]):C([H]):C([H]):C([H]):C:1[H])N([H])C(=O)[C@@]([H])(N([H])C(=O)C([H])([H])N([H])C(=O)[C@@]([H])(N([H])C(=O)[C@@]([H])(N([H])C(=O)[C@@]([H])(N([H])C(=O)[C@@]([H])(N([H])C(=O)[C@@]([H])(N([H])C(=O)[C@@]([H])(N([H])C(=O)[C@@]([H])(N([H])C(=O)[C@@]([H])(N([H])C(=O)[C@@]([H])(N([H])[C:33](=[O:34])[C:35])C([H])([H])C([H])(C([H])([H])[H])C([H])([H])[H])C([H])(C([H])([H])[H])C([H])([H])[H])C([H])([H])C([H])([H])C(=O)O[H])C([H])([H])[H])C([H])([H])C([H])(C([H])([H])[H])C([H])([H])[H])C([H])([H])C1:C([H]):C([H]):C(O[H]):C([H]):C:1[H])C([H])([H])C([H])(C([H])([H])[H])C([H])([H])[H])C([H])(C([H])([H])[H])C([H])([H])[H])C([H])([H])S[H])C([H])([H])C([H])([H])C(=O)O[H].[H][O:241][H:474]>>[C:33](=[O:34])([C:35])[O:241][H:474],EVODEX-P26240
EVODEX-N10345,[H][O:241][H:474]>>[H]OC([H])([H])[C@@]([H])(C(=O)N([H])[C@]([H])(C(=O)[O:241][H:474])C([H])([H])C1:C([H]):N:C([H]):N:1[H])N([H])C(=O)C([H])([H])N([H])C(=O)[C@@]([H])(N([H])C(=O)[C@@]([H])(N([H])C(=O)[C@@]([H])(N([H])C(=O)[C@@]([H])(N([H])C(=O)[C@@]([H])(N([H])C(=O)[C@@]([H])(N([H])C(=O)[C@@]([H])(N([H])[H])C([H])([H])C1:C([H]):C([H]):C([H]):C([H]):C:1[H])C([H])(C([H])([H])[H])C([H])([H])[H])C([H])([H])C(=O)N([H])[H])C([H])([H])C([H])([H])C(=O)N([H])[H])C([H])([H])C1:C([H]):N:C([H]):N:1[H])C([H])([H])C([H])(C([H])([H])[H])C([H])([H])[H])C([H])([H])S[H],EVODEX-P26241
EVODEX-N10346,[H]N=C(N([H])[H])N([H])C([H])([H])C([H])([H])C([H])([H])[C@@]([H])(C(=O)N([H])C([H])([H])C(=O)N([H])[C@]([H])(C(=O)N([H])[C@]([H])(C(=O)N([H])[C@]([H])(C(=O)N([H])[C@]([H])(C(=O)N1C([H])([H])C([H])([H])C([H])([H])[C@@]1([H])C(=O)N([H])[C@]([H])(C(=O)N([H])[C@]([H])(C(=O)O[H])C([H])([H])[H])C([H])([H])C([H])([H])C([H])([H])C([H])([H])N([H])[H])[C@]([H])(O[H])C([H])([H])[H])C([H])([H])C1:C([H]):C([H]):C(O[H]):C([H]):C:1[H])C([H])([H])C1:C([H]):C([H]):C([H]):C([H]):C:1[H])C([H])([H])C1:C([H]):C([H]):C([H]):C([H]):C:1[H])N([H])C(=O)[C@@]([H])(N([H])C(=O)C([H])([H])N([H])C(=O)[C@@]([H])(N([H])C(=O)[C@@]([H])(N([H])C(=O)[C@@]([H])(N([H])C(=O)[C@@]([H])(N([H])C(=O)[C@@]([H])(N([H])C(=O)[C@@]([H])(N([H])C(=O)[C@@]([H])(N([H])C(=O)[C@@]([H])(N([H])C(=O)[C@@]([H])(N([H])[C:33](=[O:34])[C:35])C([H])([H])C([H])(C([H])([H])[H])C([H])([H])[H])C([H])(C([H])([H])[H])C([H])([H])[H])C([H])([H])C([H])([H])C(=O)O[H])C([H])([H])[H])C([H])([H])C([H])(C([H])([H])[H])C([H])([H])[H])C([H])([H])C1:C([H]):C([H]):C(O[H]):C([H]):C:1[H])C([H])([H])C([H])(C([H])([H])[H])C([H])([H])[H])C([H])(C([H])([H])[H])C([H])([H])[H])C([H])([H])S[H])C([H])([H])C([H])([H])C(=O)O[H]>>[H]O[C:33](=[O:34])[C:35],EVODEX-P26242
EVODEX-N10347,[C:19][C:28](=[O:29])[N:30].[H]OC(=O)C([H])([H])C([H])([H])[C@@]([H])(C(=O)N([H])C([H])([H])C(=O)N([H])[C@]([H])(C(=O)O[H])C([H])([H])C1:C([H]):C([H]):C(O[H]):C([H]):C:1[H])N([H])C(=O)[C@@]([H])(N([H])[C:45]([C:40])=[O:46])[C@]([H])(O[H])C([H])([H])[H].[H][O:80][H:159].[H][O:81][H:161]>>[C:19][C:28](=[O:29])[O:80][H:159].[C:40][C:45](=[O:46])[O:81][H:161].[H][N:30],EVODEX-P26245
EVODEX-N10348,[H]OC(=O)C([H])([H])C([H])([H])[C@@]([H])(C(=O)N([H])C([H])([H])C(=O)N([H])[C@]([H])(C(=O)O[H])C([H])([H])C1:C([H]):C([H]):C(O[H]):C([H]):C:1[H])N([H])C(=O)[C@@]([H])(N([H])C(=O)[C@@]([H])(N([H])C(=O)[C@@]([H])(N([H])[C:28]([C:19])=[O:29])C([H])([H])C([H])([H])C([H])([H])C([H])([H])N([H])[H])C([H])([H])C(=O)O[H])[C@]([H])(O[H])C([H])([H])[H]>>[H]O[C:28]([C:19])=[O:29],EVODEX-P26246
EVODEX-N10349,[H]OC(=O)C([H])([H])C([H])([H])[C@@]([H])(C(=O)N([H])C([H])([H])C(=O)N([H])[C@]([H])(C(=O)O[H])C([H])([H])C1:C([H]):C([H]):C(O[H]):C([H]):C:1[H])N([H])C(=O)[C@@]([H])(N([H])[C:45]([C:40])=[O:46])[C@]([H])(O[H])C([H])([H])[H]>>[H]O.[H].[H]O[C:45]([C:40])=[O:46],EVODEX-P26248
EVODEX-N10350,[H][O:81][H:161]>>[H]OC(=O)C([H])([H])[C@@]([H])(C(=O)[O:81][H:161])N([H])C(=O)[C@@]([H])(N([H])[H])C([H])([H])C([H])([H])C([H])([H])C([H])([H])N([H])[H],EVODEX-P26249
EVODEX-N10351,[H]OC(=O)C([H])([H])[C@@]([H])(C(=O)[N:47]([C:48])[H:132])N([H])C(=O)[C@@]([H])(N([H])C(=O)[C@@]([H])(N([H])C(=O)[C@@]([H])(N([H])C(=O)[C@@]([H])(N([H])[H])C([H])([H])C([H])([H])C([H])([H])C([H])([H])N([H])[H])[C@@]([H])(C([H])([H])[H])C([H])([H])C([H])([H])[H])C([H])([H])C1:C([H]):C([H]):C(O[H]):C([H]):C:1[H])C([H])([H])C([H])([H])C([H])([H])C([H])([H])N([H])[H]>>[H][N:47]([C:48])[H:132],EVODEX-P26250
EVODEX-N10352,[H]OC(=O)C([H])([H])[C@@]([H])(C(=O)[N:47]([C:48])[H:132])N([H])C(=O)[C@@]([H])(N([H])[C:28]([C:19])=[O:29])C([H])([H])C([H])([H])C([H])([H])C([H])([H])N([H])[H]>>[H]O[C:28]([C:19])=[O:29].[H][N:47]([C:48])[H:132],EVODEX-P26251
EVODEX-N10353,[H]OC1:C([H]):C([H]):C(C([H])([H])[C@@]([H])(C(=O)[N:30]([C:31])[H:115])N([H])C(=O)[C@@]([H])(N([H])C(=O)[C@@]([H])(N([H])[H])C([H])([H])C([H])([H])C([H])([H])C([H])([H])N([H])[H])[C@@]([H])(C([H])([H])[H])C([H])([H])C([H])([H])[H]):C([H]):C:1[H]>>[H]O.[H][N:30]([C:31])[H:115].[H],EVODEX-P26252
EVODEX-N10354,[C:40][C:45](=[O:46])[N:47].[H]OC1:C([H]):C([H]):C(C([H])([H])[C@@]([H])(C(=O)[N:30]([C:31])[H:115])N([H])C(=O)[C@@]([H])(N([H])C(=O)[C@@]([H])(N([H])[H])C([H])([H])C([H])([H])C([H])([H])C([H])([H])N([H])[H])[C@@]([H])(C([H])([H])[H])C([H])([H])C([H])([H])[H]):C([H]):C:1[H].[H][O:81][H:161]>>[C:40][C:45](=[O:46])[O:81][H:161].[H][N:30]([C:31])[H:115].[H][N:47],EVODEX-P26253
EVODEX-N10355,[H]OC(=O)C([H])([H])C([H])([H])[C@@]([H])(C(=O)N([H])C([H])([H])C(=O)N([H])[C@]([H])(C(=O)O[H])C([H])([H])C1:C([H]):C([H]):C(O[H]):C([H]):C:1[H])N([H])C(=O)[C@@]([H])(N([H])C(=O)[C@@]([H])(N([H])C(=O)[C@@]([H])(N([H])[C:28]([C:19])=[O:29])C([H])([H])C([H])([H])C([H])([H])C([H])([H])N([H])[H])C([H])([H])C(=O)O[H])[C@]([H])(O[H])C([H])([H])[H].[H][O:80][H:159]>>[C:19][C:28](=[O:29])[O:80][H:159],EVODEX-P26254
EVODEX-N10356,[H]OC(=O)C([H])([H])[C@@]([H])(C(=O)[N:47]([C:48])[H:132])N([H])C(=O)[C@@]([H])(N([H])[C:28]([C:19])=[O:29])C([H])([H])C([H])([H])C([H])([H])C([H])([H])N([H])[H].[H][O:80][H:159]>>[C:19][C:28](=[O:29])[O:80][H:159].[H][N:47]([C:48])[H:132],EVODEX-P26255
EVODEX-N10357,[H][O:80][H:159].[H][O:81][H:161]>>[H]OC1:C([H]):C([H]):C(C([H])([H])[C@@]([H])(C(=O)[O:80][H:159])N([H])C(=O)[C@@]([H])(N([H])C(=O)[C@@]([H])(N([H])[H])C([H])([H])C([H])([H])C([H])([H])C([H])([H])N([H])[H])[C@@]([H])(C([H])([H])[H])C([H])([H])C([H])([H])[H]):C([H]):C:1[H].[H]OC(=O)C([H])([H])[C@@]([H])(C(=O)[O:81][H:161])N([H])C(=O)[C@@]([H])(N([H])[H])C([H])([H])C([H])([H])C([H])([H])C([H])([H])N([H])[H],EVODEX-P26256
EVODEX-N10358,[H]OC(=O)C([H])([H])C([H])([H])[C@@]([H])(C(=O)N([H])C([H])([H])C(=O)N([H])[C@]([H])(C(=O)O[H])C([H])([H])C1:C([H]):C([H]):C(O[H]):C([H]):C:1[H])N([H])C(=O)[C@@]([H])(N([H])[C:45]([C:40])=[O:46])[C@]([H])(O[H])C([H])([H])[H].[H]OC1:C([H]):C([H]):C(C([H])([H])[C@@]([H])(C(=O)[N:30]([C:31])[H:115])N([H])C(=O)[C@@]([H])(N([H])C(=O)[C@@]([H])(N([H])[H])C([H])([H])C([H])([H])C([H])([H])C([H])([H])N([H])[H])[C@@]([H])(C([H])([H])[H])C([H])([H])C([H])([H])[H]):C([H]):C:1[H].[H][O:81][H:161]>>[C:40][C:45](=[O:46])[O:81][H:161].[H][N:30]([C:31])[H:115],EVODEX-P26257
EVODEX-N10359,[H]OC(=O)C([H])([H])C([H])([H])[C@@]([H])(C(=O)N([H])C([H])([H])C(=O)N([H])[C@]([H])(C(=O)O[H])C([H])([H])C1:C([H]):C([H]):C(O[H]):C([H]):C:1[H])N([H])C(=O)[C@@]([H])(N([H])[C:45]([C:40])=[O:46])[C@]([H])(O[H])C([H])([H])[H].[H]OC1:C([H]):C([H]):C(C([H])([H])[C@@]([H])(C(=O)[N:30]([C:31])[H:115])N([H])C(=O)[C@@]([H])(N([H])C(=O)[C@@]([H])(N([H])[H])C([H])([H])C([H])([H])C([H])([H])C([H])([H])N([H])[H])[C@@]([H])(C([H])([H])[H])C([H])([H])C([H])([H])[H]):C([H]):C:1[H]>>[H]O[C:45]([C:40])=[O:46].[H][N:30]([C:31])[H:115],EVODEX-P26258
EVODEX-N10360,[H][O:80][H:159]>>[H]OC1:C([H]):C([H]):C(C([H])([H])[C@@]([H])(C(=O)[O:80][H:159])N([H])C(=O)[C@@]([H])(N([H])C(=O)[C@@]([H])(N([H])[H])C([H])([H])C([H])([H])C([H])([H])C([H])([H])N([H])[H])[C@@]([H])(C([H])([H])[H])C([H])([H])C([H])([H])[H]):C([H]):C:1[H],EVODEX-P26259
EVODEX-N10361,[H]N=C(N([H])[H])N([H])C([H])([H])C([H])([H])C([H])([H])[C@@]([H])(C(=O)N([H])[C@]([H])(C(=O)N([H])[C@]([H])(C(=O)N([H])[C@]([H])(C(=O)N([H])[C@]([H])(C(=O)N1C([H])([H])C([H])([H])C([H])([H])[C@@]1([H])C(=O)N([H])[C@]([H])(C(=O)N([H])[C@]([H])(C(=O)N([H])[C@]([H])(C(=O)[N:93]([C:94])[H:224])C([H])([H])C([H])(C([H])([H])[H])C([H])([H])[H])C([H])([H])C1:C([H]):N:C([H]):N:1[H])C([H])([H])C1:C([H]):C([H]):C([H]):C([H]):C:1[H])C([H])([H])C1:C([H]):N:C([H]):N:1[H])[C@@]([H])(C([H])([H])[H])C([H])([H])C([H])([H])[H])C([H])([H])C1:C([H]):C([H]):C(O[H]):C([H]):C:1[H])C([H])(C([H])([H])[H])C([H])([H])[H])N([H])C(=O)[C@@]([H])(N([H])[H])C([H])([H])C(=O)O[H]>>[H][N:93]([C:94])[H:224],EVODEX-P26261
EVODEX-N10362,[H]OC(=O)C([H])([H])C([H])([H])[C@@]([H])(C(=O)O[H])N([H])C(=O)[C@@]([H])(N([H])C(=O)[C@@]([H])(N([H])C(=O)[C@@]([H])(N([H])C(=O)[C@@]([H])(N([H])[C:91]([C:86])=[O:92])C([H])(C([H])([H])[H])C([H])([H])[H])[C@@]([H])(C([H])([H])[H])C([H])([H])C([H])([H])[H])C([H])([H])C1:C([H]):N:C([H]):N:1[H])[C@]([H])(O[H])C([H])([H])[H].[H][O:135][H:266]>>[C:86][C:91](=[O:92])[O:135][H:266],EVODEX-P26262
EVODEX-N10363,[H][O:135][H:266]>>[H]N=C(N([H])[H])N([H])C([H])([H])C([H])([H])C([H])([H])[C@@]([H])(C(=O)N([H])[C@]([H])(C(=O)N([H])[C@]([H])(C(=O)N([H])[C@]([H])(C(=O)N([H])[C@]([H])(C(=O)N1C([H])([H])C([H])([H])C([H])([H])[C@@]1([H])C(=O)N([H])[C@]([H])(C(=O)N([H])[C@]([H])(C(=O)N([H])[C@]([H])(C(=O)[O:135][H:266])C([H])([H])C([H])(C([H])([H])[H])C([H])([H])[H])C([H])([H])C1:C([H]):N:C([H]):N:1[H])C([H])([H])C1:C([H]):C([H]):C([H]):C([H]):C:1[H])C([H])([H])C1:C([H]):N:C([H]):N:1[H])[C@@]([H])(C([H])([H])[H])C([H])([H])C([H])([H])[H])C([H])([H])C1:C([H]):C([H]):C(O[H]):C([H]):C:1[H])C([H])(C([H])([H])[H])C([H])([H])[H])N([H])C(=O)[C@@]([H])(N([H])[H])C([H])([H])C(=O)O[H],EVODEX-P26263
EVODEX-N10364,[H]OC(=O)C([H])([H])C([H])([H])[C@@]([H])(C(=O)O[H])N([H])C(=O)[C@@]([H])(N([H])C(=O)[C@@]([H])(N([H])C(=O)[C@@]([H])(N([H])C(=O)[C@@]([H])(N([H])[C:91]([C:86])=[O:92])C([H])(C([H])([H])[H])C([H])([H])[H])[C@@]([H])(C([H])([H])[H])C([H])([H])C([H])([H])[H])C([H])([H])C1:C([H]):N:C([H]):N:1[H])[C@]([H])(O[H])C([H])([H])[H]>>[H]O[C:91]([C:86])=[O:92],EVODEX-P26264
EVODEX-N10365,[H]N=C(N([H])[H])N([H])C([H])([H])C([H])([H])C([H])([H])[C@@]([H])(C(=O)N([H])C([H])(C(=O)N([H])[C@]([H])(C(=O)N([H])[C@]([H])(C(=O)N([H])[C@]([H])(C(=O)N1C([H])([H])C([H])([H])C([H])([H])[C@@]1([H])C(=O)N([H])[C@]([H])(C(=O)N([H])[C@]([H])(C(=O)N([H])[C@]([H])(C(=O)[N:96]([C:97])[H:221])C([H])([H])C([H])(C([H])([H])[H])C([H])([H])[H])C([H])([H])C1:C([H]):N:C([H]):N:1[H])C([H])([H])C1:C([H]):C([H]):C([H]):C([H]):C:1[H])C([H])([H])C1:C([H]):N:C([H]):N:1[H])C([H])(C([H])([H])[H])C([H])([H])C([H])([H])[H])C([H])([H])C1:C([H]):C([H]):C(O[H]):C([H]):C:1[H])C([H])(C([H])([H])[H])C([H])([H])[H])N([H])C(=O)C([H])(N([H])C(=O)C([H])([H])[H])C([H])([H])C(=O)O[H]>>[H][N:96]([C:97])[H:221],EVODEX-P26267
EVODEX-N10366,[H]OC(=O)[C@@]([H])(N([H])C(=O)[C@@]([H])(N([H])C(=O)[C@@]([H])(N([H])C(=O)[C@@]([H])(N([H])[C:94]([C:89])=[O:95])C([H])([H])C([H])(C([H])([H])[H])C([H])([H])[H])C([H])(C([H])([H])[H])C([H])([H])[H])C([H])([H])C1:C([H]):C([H]):C(O[H]):C([H]):C:1[H])C([H])([H])O[H].[H][O:130][H:256]>>[C:89][C:94](=[O:95])[O:130][H:256],EVODEX-P26268
EVODEX-N10367,[H][O:130][H:256]>>[H]N=C(N([H])[H])N([H])C([H])([H])C([H])([H])C([H])([H])[C@@]([H])(C(=O)N([H])C([H])(C(=O)N([H])[C@]([H])(C(=O)N([H])[C@]([H])(C(=O)N([H])[C@]([H])(C(=O)N1C([H])([H])C([H])([H])C([H])([H])[C@@]1([H])C(=O)N([H])[C@]([H])(C(=O)N([H])[C@]([H])(C(=O)N([H])[C@]([H])(C(=O)[O:130][H:256])C([H])([H])C([H])(C([H])([H])[H])C([H])([H])[H])C([H])([H])C1:C([H]):N:C([H]):N:1[H])C([H])([H])C1:C([H]):C([H]):C([H]):C([H]):C:1[H])C([H])([H])C1:C([H]):N:C([H]):N:1[H])C([H])(C([H])([H])[H])C([H])([H])C([H])([H])[H])C([H])([H])C1:C([H]):C([H]):C(O[H]):C([H]):C:1[H])C([H])(C([H])([H])[H])C([H])([H])[H])N([H])C(=O)C([H])(N([H])C(=O)C([H])([H])[H])C([H])([H])C(=O)O[H],EVODEX-P26269
EVODEX-N10368,[H]OC(=O)[C@@]([H])(N([H])C(=O)[C@@]([H])(N([H])C(=O)[C@@]([H])(N([H])C(=O)[C@@]([H])(N([H])[C:94]([C:89])=[O:95])C([H])([H])C([H])(C([H])([H])[H])C([H])([H])[H])C([H])(C([H])([H])[H])C([H])([H])[H])C([H])([H])C1:C([H]):C([H]):C(O[H]):C([H]):C:1[H])C([H])([H])O[H]>>[H]O[C:94]([C:89])=[O:95],EVODEX-P26270
EVODEX-N10369,[H]O[C@]([H])(C([H])([H])[H])[C@@]([H])(C(=O)N([H])[C@]([H])(C(=O)N([H])[C@]([H])(C(=O)N([H])[C@]([H])(C(=O)N([H])[C@]([H])(C(=O)[N:36]([C:37])[H:118])C([H])([H])C([H])([H])SC([H])([H])[H])[C@@]([H])(C([H])([H])[H])C([H])([H])C([H])([H])[H])[C@]([H])(O[H])C([H])([H])[H])C([H])([H])[H])N([H])[H]>>[H][N:36]([C:37])[H:118],EVODEX-P26273
EVODEX-N10370,[H]N=C(N([H])[H])N([H])C([H])([H])C([H])([H])C([H])([H])[C@@]([H])(C(=O)N([H])C([H])([H])C(=O)N([H])[C@]([H])(C(=O)O[H])C([H])([H])C(=O)N([H])[H])N([H])C(=O)[C@@]([H])(N([H])C(=O)[C@@]([H])(N([H])[C:34]([C:29])=[O:35])C([H])([H])C([H])([H])SC([H])([H])[H])C([H])([H])C([H])([H])C(=O)N([H])[H].[H][O:77][H:157]>>[C:29][C:34](=[O:35])[O:77][H:157],EVODEX-P26274
EVODEX-N10371,[H][O:77][H:157]>>[H]O[C@]([H])(C([H])([H])[H])[C@@]([H])(C(=O)N([H])[C@]([H])(C(=O)N([H])[C@]([H])(C(=O)N([H])[C@]([H])(C(=O)N([H])[C@]([H])(C(=O)[O:77][H:157])C([H])([H])C([H])([H])SC([H])([H])[H])[C@@]([H])(C([H])([H])[H])C([H])([H])C([H])([H])[H])[C@]([H])(O[H])C([H])([H])[H])C([H])([H])[H])N([H])[H],EVODEX-P26275
EVODEX-N10372,[H]N=C(N([H])[H])N([H])C([H])([H])C([H])([H])C([H])([H])[C@@]([H])(C(=O)N([H])C([H])([H])C(=O)N([H])[C@]([H])(C(=O)O[H])C([H])([H])C(=O)N([H])[H])N([H])C(=O)[C@@]([H])(N([H])C(=O)[C@@]([H])(N([H])[C:34]([C:29])=[O:35])C([H])([H])C([H])([H])SC([H])([H])[H])C([H])([H])C([H])([H])C(=O)N([H])[H]>>[H]O[C:34]([C:29])=[O:35],EVODEX-P26276
EVODEX-N10373,[H]OC1:C([H]):C([H]):C(C([H])([H])[C@@]([H])(C(=O)[N:13]([C:9])[C:12])N([H])C(=O)[C@@]([H])(N([H])C(=O)[C@@]([H])(N([H])C(=O)[C@@]([H])(N([H])C(=O)[C@@]([H])(N([H])[H])C([H])(C([H])([H])[H])C([H])([H])[H])C([H])([H])O[H])C([H])([H])C([H])([H])C(=O)N([H])[H])C([H])([H])C(=O)N([H])[H]):C([H]):C:1[H]>>[H][N:13]([C:9])[C:12],EVODEX-P26279
EVODEX-N10374,[H]OC(=O)[C@@]([H])(N([H])C(=O)[C@@]([H])(N([H])C(=O)[C@@]([H])(N([H])C(=O)[C@@]1([H])N([C:14](=[O:15])[C:16])C([H])([H])C([H])([H])C1([H])[H])[C@@]([H])(C([H])([H])[H])C([H])([H])C([H])([H])[H])C([H])(C([H])([H])[H])C([H])([H])[H])C([H])([H])C([H])([H])C(=O)N([H])[H].[H][O:75][H:150]>>[C:14](=[O:15])([C:16])[O:75][H:150],EVODEX-P26280
EVODEX-N10375,[H][O:75][H:150]>>[H]OC1:C([H]):C([H]):C(C([H])([H])[C@@]([H])(C(=O)[O:75][H:150])N([H])C(=O)[C@@]([H])(N([H])C(=O)[C@@]([H])(N([H])C(=O)[C@@]([H])(N([H])C(=O)[C@@]([H])(N([H])[H])C([H])(C([H])([H])[H])C([H])([H])[H])C([H])([H])O[H])C([H])([H])C([H])([H])C(=O)N([H])[H])C([H])([H])C(=O)N([H])[H]):C([H]):C:1[H],EVODEX-P26281
EVODEX-N10376,[H]OC(=O)[C@@]([H])(N([H])C(=O)[C@@]([H])(N([H])C(=O)[C@@]([H])(N([H])C(=O)[C@@]1([H])N([C:14](=[O:15])[C:16])C([H])([H])C([H])([H])C1([H])[H])[C@@]([H])(C([H])([H])[H])C([H])([H])C([H])([H])[H])C([H])(C([H])([H])[H])C([H])([H])[H])C([H])([H])C([H])([H])C(=O)N([H])[H]>>[H]O[C:14](=[O:15])[C:16],EVODEX-P26282
EVODEX-N10377,[H]N=C(N([H])[H])N([H])C([H])([H])C([H])([H])C([H])([H])[C@@]([H])(C(=O)N([H])[C@]([H])(C(=O)N([H])[C@]([H])(C(=O)N([H])[C@]([H])(C(=O)N([H])[C@]([H])(C(=O)[N:57]([C:58])[C:61])C([H])([H])C1:C([H]):N:C([H]):N:1[H])[C@@]([H])(C([H])([H])[H])C([H])([H])C([H])([H])[H])C([H])([H])C1:C([H]):C([H]):C(O[H]):C([H]):C:1[H])C([H])(C([H])([H])[H])C([H])([H])[H])N([H])C(=O)[C@@]([H])(N([H])[H])C([H])([H])C(=O)O[H]>>[H][N:57]([C:58])[C:61],"EVODEX-P26285,EVODEX-P26296"
EVODEX-N10378,[H]OC(=O)[C@@]([H])(N([H])C(=O)[C@@]([H])(N([H])C(=O)[C@@]([H])(N([H])C(=O)[C@@]([H])(N([H])C(=O)[C@@]([H])(N([H])C(=O)[C@@]([H])(N([H])C(=O)[C@@]([H])(N([H])C(=O)[C@@]1([H])N([C:55]([C:48])=[O:56])C([H])([H])C([H])([H])C1([H])[H])C([H])([H])C1:C([H]):C([H]):C([H]):C([H]):C:1[H])C([H])([H])C1:C([H]):N:C([H]):N:1[H])C([H])([H])C([H])(C([H])([H])[H])C([H])([H])[H])C([H])([H])C([H])(C([H])([H])[H])C([H])([H])[H])C([H])(C([H])([H])[H])C([H])([H])[H])C([H])([H])C1:C([H]):C([H]):C(O[H]):C([H]):C:1[H])C([H])([H])O[H].[H][O:127][H:251]>>[C:48][C:55](=[O:56])[O:127][H:251],EVODEX-P26286
EVODEX-N10379,[H][O:127][H:251]>>[H]N=C(N([H])[H])N([H])C([H])([H])C([H])([H])C([H])([H])[C@@]([H])(C(=O)N([H])[C@]([H])(C(=O)N([H])[C@]([H])(C(=O)N([H])[C@]([H])(C(=O)N([H])[C@]([H])(C(=O)[O:127][H:251])C([H])([H])C1:C([H]):N:C([H]):N:1[H])[C@@]([H])(C([H])([H])[H])C([H])([H])C([H])([H])[H])C([H])([H])C1:C([H]):C([H]):C(O[H]):C([H]):C:1[H])C([H])(C([H])([H])[H])C([H])([H])[H])N([H])C(=O)[C@@]([H])(N([H])[H])C([H])([H])C(=O)O[H],EVODEX-P26287
EVODEX-N10380,[H]OC(=O)[C@@]([H])(N([H])C(=O)[C@@]([H])(N([H])C(=O)[C@@]([H])(N([H])C(=O)[C@@]([H])(N([H])C(=O)[C@@]([H])(N([H])C(=O)[C@@]([H])(N([H])C(=O)[C@@]([H])(N([H])C(=O)[C@@]1([H])N([C:55]([C:48])=[O:56])C([H])([H])C([H])([H])C1([H])[H])C([H])([H])C1:C([H]):C([H]):C([H]):C([H]):C:1[H])C([H])([H])C1:C([H]):N:C([H]):N:1[H])C([H])([H])C([H])(C([H])([H])[H])C([H])([H])[H])C([H])([H])C([H])(C([H])([H])[H])C([H])([H])[H])C([H])(C([H])([H])[H])C([H])([H])[H])C([H])([H])C1:C([H]):C([H]):C(O[H]):C([H]):C:1[H])C([H])([H])O[H]>>[H]O[C:55]([C:48])=[O:56],EVODEX-P26288
EVODEX-N10381,[H]C1:C([H]):C([H]):C(C([H])([H])OC(=O)N([H])[C@]([H])(C(=O)[N:13]([C:11])[H:51])C([H])([H])C([H])([H])C([H])([H])C([H])([H])N([H])[H]):C([H]):C:1[H]>>[H][N:13]([C:11])[H:51],EVODEX-P26291
EVODEX-N10382,[H]OC(=O)[C@@]([H])(N([H])C(=O)[C@@]([H])(N([H])C(=O)[C@@]([H])(N([H])[C:14](=[O:15])[C:16])C([H])([H])[H])C([H])([H])[H])C([H])([H])[H].[H][O:36][H:72]>>[C:14](=[O:15])([C:16])[O:36][H:72],"EVODEX-P26292,EVODEX-P26402,EVODEX-P26408,EVODEX-P26903"
EVODEX-N10383,[H]OC(=O)[C@@]([H])(N([H])C(=O)[C@@]([H])(N([H])C(=O)[C@@]([H])(N([H])[C:14](=[O:15])[C:16])C([H])([H])[H])C([H])([H])[H])C([H])([H])[H]>>[H]O[C:14](=[O:15])[C:16],"EVODEX-P26293,EVODEX-P26404,EVODEX-P26410,EVODEX-P26904"
EVODEX-N10384,[H]OC(=O)[C@@]([H])(N([H])C(=O)[C@@]1([H])N([C:55]([C:48])=[O:56])C([H])([H])C([H])([H])C1([H])[H])C([H])([H])C1:C([H]):C([H]):C([H]):C([H]):C:1[H].[H][O:76][H:148]>>[C:48][C:55](=[O:56])[O:76][H:148],EVODEX-P26297
EVODEX-N10385,[H]OC(=O)[C@@]([H])(N([H])C(=O)[C@@]1([H])N([C:55]([C:48])=[O:56])C([H])([H])C([H])([H])C1([H])[H])C([H])([H])C1:C([H]):C([H]):C([H]):C([H]):C:1[H]>>[H]O[C:55]([C:48])=[O:56],EVODEX-P26298
EVODEX-N10386,[H]N=C(N([H])[H])N([H])C([H])([H])C([H])([H])C([H])([H])[C@@]([H])(C(=O)N1C([H])([H])C([H])([H])C([H])([H])[C@@]1([H])C(=O)N([H])[C@]([H])(C(=O)N1C([H])([H])C([H])([H])C([H])([H])[C@@]1([H])C(=O)N([H])[C@]([H])(C(=O)N([H])[C@]([H])(C(=O)N([H])[C@]([H])(C(=O)N([H])[C@]([H])(C(=O)[N:18]([C:17])[H:119])C([H])([H])C1:C([H]):C([H]):C([H]):C([H]):C:1[H])C([H])([H])C1:C([H]):C([H]):C([H]):C([H]):C:1[H])C([H])([H])C([H])([H])C(=O)N([H])[H])C([H])([H])C([H])([H])C(=O)N([H])[H])C([H])([H])C([H])([H])C([H])([H])C([H])([H])N([H])[H])N([H])[H]>>[H][N:18]([C:17])[H:119],EVODEX-P26301
EVODEX-N10387,[H]OC(=O)[C@@]([H])(N([H])C(=O)[C@@]([H])(N([H])C(=O)C([H])([H])N([H])[C:19](=[O:20])[C:21])C([H])([H])C([H])(C([H])([H])[H])C([H])([H])[H])C([H])([H])C([H])([H])SC([H])([H])[H].[H][O:96][H:194]>>[C:19](=[O:20])([C:21])[O:96][H:194],EVODEX-P26302
EVODEX-N10388,[H][O:96][H:194]>>[H]N=C(N([H])[H])N([H])C([H])([H])C([H])([H])C([H])([H])[C@@]([H])(C(=O)N1C([H])([H])C([H])([H])C([H])([H])[C@@]1([H])C(=O)N([H])[C@]([H])(C(=O)N1C([H])([H])C([H])([H])C([H])([H])[C@@]1([H])C(=O)N([H])[C@]([H])(C(=O)N([H])[C@]([H])(C(=O)N([H])[C@]([H])(C(=O)N([H])[C@]([H])(C(=O)[O:96][H:194])C([H])([H])C1:C([H]):C([H]):C([H]):C([H]):C:1[H])C([H])([H])C1:C([H]):C([H]):C([H]):C([H]):C:1[H])C([H])([H])C([H])([H])C(=O)N([H])[H])C([H])([H])C([H])([H])C(=O)N([H])[H])C([H])([H])C([H])([H])C([H])([H])C([H])([H])N([H])[H])N([H])[H],EVODEX-P26303
EVODEX-N10389,[H]OC(=O)[C@@]([H])(N([H])C(=O)[C@@]([H])(N([H])C(=O)C([H])([H])N([H])[C:19](=[O:20])[C:21])C([H])([H])C([H])(C([H])([H])[H])C([H])([H])[H])C([H])([H])C([H])([H])SC([H])([H])[H]>>[H]O[C:19](=[O:20])[C:21],EVODEX-P26304
EVODEX-N10390,[H]N(C(=O)[C@@]([H])(N([H])[C:7](=[O:8])[C:9])C([H])([H])C([H])([H])C([H])([H])C([H])([H])[H])[C@]([H])(C(=O)N([H])[C@]([H])(C(=O)OC([H])([H])[H])C([H])([H])C([H])(C([H])([H])[H])C([H])([H])[H])C([H])([H])[H].[H][O:38][H:78]>>[C:7](=[O:8])([C:9])[O:38][H:78],"EVODEX-P26308,EVODEX-P26314"
EVODEX-N10391,[H]N(C(=O)[C@@]([H])(N([H])[C:7](=[O:8])[C:9])C([H])([H])C([H])([H])C([H])([H])C([H])([H])[H])[C@]([H])(C(=O)N([H])[C@]([H])(C(=O)OC([H])([H])[H])C([H])([H])C([H])(C([H])([H])[H])C([H])([H])[H])C([H])([H])[H]>>[H]O[C:7](=[O:8])[C:9],"EVODEX-P26310,EVODEX-P26316"
EVODEX-N10392,[H]N=C(N([H])[H])N([H])C([H])([H])C([H])([H])C([H])([H])[C@@]([H])(C(=O)N([H])C([H])([H])C(=O)N([H])[C@]([H])(C(=O)[N:186]([C:187])[H:417])C([H])([H])C1:C([H]):C([H]):C([H]):C([H]):C:1[H])N([H])C(=O)[C@@]([H])(N([H])C(=O)C([H])([H])N([H])C(=O)[C@@]([H])(N([H])C(=O)[C@@]([H])(N([H])C(=O)[C@@]([H])(N([H])C(=O)[C@@]([H])(N([H])C(=O)[C@@]([H])(N([H])C(=O)[C@@]([H])(N([H])C(=O)[C@@]([H])(N([H])C(=O)[C@@]([H])(N([H])C(=O)[C@@]([H])(N([H])C(=O)[C@@]([H])(N([H])C(=O)[C@@]([H])(N([H])C(=O)C([H])([H])N([H])C(=O)[C@@]([H])(N([H])C(=O)[C@@]([H])(N([H])C(=O)[C@@]([H])(N([H])C(=O)[C@@]([H])(N([H])C(=O)[C@@]([H])(N([H])C(=O)[C@@]([H])(N([H])C(=O)[C@@]([H])(N([H])[H])C([H])([H])C1:C([H]):C([H]):C([H]):C([H]):C:1[H])C([H])(C([H])([H])[H])C([H])([H])[H])C([H])([H])C(=O)N([H])[H])C([H])([H])C([H])([H])C(=O)N([H])[H])C([H])([H])C1:C([H]):N:C([H]):N:1[H])C([H])([H])C([H])(C([H])([H])[H])C([H])([H])[H])C([H])([H])S[H])C([H])([H])O[H])C([H])([H])C1:C([H]):N:C([H]):N:1[H])C([H])([H])C([H])(C([H])([H])[H])C([H])([H])[H])C([H])(C([H])([H])[H])C([H])([H])[H])C([H])([H])C([H])([H])C(=O)O[H])C([H])([H])[H])C([H])([H])C([H])(C([H])([H])[H])C([H])([H])[H])C([H])([H])C1:C([H]):C([H]):C(O[H]):C([H]):C:1[H])C([H])([H])C([H])(C([H])([H])[H])C([H])([H])[H])C([H])(C([H])([H])[H])C([H])([H])[H])C([H])([H])S[H])C([H])([H])C([H])([H])C(=O)O[H]>>[H][N:186]([C:187])[H:417],EVODEX-P26319
EVODEX-N10393,[H]OC(=O)[C@@]([H])(N([H])C(=O)[C@@]([H])(N([H])C(=O)[C@@]1([H])N(C(=O)[C@@]([H])(N([H])C(=O)[C@@]([H])(N([H])C(=O)[C@@]([H])(N([H])[C:184]([C:176])=[O:185])C([H])([H])C2:C([H]):C([H]):C([H]):C([H]):C:2[H])C([H])([H])C2:C([H]):C([H]):C(O[H]):C([H]):C:2[H])[C@]([H])(O[H])C([H])([H])[H])C([H])([H])C([H])([H])C1([H])[H])C([H])([H])C([H])([H])C([H])([H])C([H])([H])N([H])[H])C([H])([H])[H].[H][O:241][H:474]>>[C:176][C:184](=[O:185])[O:241][H:474],EVODEX-P26320
EVODEX-N10394,[H][O:241][H:474]>>[H]N=C(N([H])[H])N([H])C([H])([H])C([H])([H])C([H])([H])[C@@]([H])(C(=O)N([H])C([H])([H])C(=O)N([H])[C@]([H])(C(=O)[O:241][H:474])C([H])([H])C1:C([H]):C([H]):C([H]):C([H]):C:1[H])N([H])C(=O)[C@@]([H])(N([H])C(=O)C([H])([H])N([H])C(=O)[C@@]([H])(N([H])C(=O)[C@@]([H])(N([H])C(=O)[C@@]([H])(N([H])C(=O)[C@@]([H])(N([H])C(=O)[C@@]([H])(N([H])C(=O)[C@@]([H])(N([H])C(=O)[C@@]([H])(N([H])C(=O)[C@@]([H])(N([H])C(=O)[C@@]([H])(N([H])C(=O)[C@@]([H])(N([H])C(=O)[C@@]([H])(N([H])C(=O)C([H])([H])N([H])C(=O)[C@@]([H])(N([H])C(=O)[C@@]([H])(N([H])C(=O)[C@@]([H])(N([H])C(=O)[C@@]([H])(N([H])C(=O)[C@@]([H])(N([H])C(=O)[C@@]([H])(N([H])C(=O)[C@@]([H])(N([H])[H])C([H])([H])C1:C([H]):C([H]):C([H]):C([H]):C:1[H])C([H])(C([H])([H])[H])C([H])([H])[H])C([H])([H])C(=O)N([H])[H])C([H])([H])C([H])([H])C(=O)N([H])[H])C([H])([H])C1:C([H]):N:C([H]):N:1[H])C([H])([H])C([H])(C([H])([H])[H])C([H])([H])[H])C([H])([H])S[H])C([H])([H])O[H])C([H])([H])C1:C([H]):N:C([H]):N:1[H])C([H])([H])C([H])(C([H])([H])[H])C([H])([H])[H])C([H])(C([H])([H])[H])C([H])([H])[H])C([H])([H])C([H])([H])C(=O)O[H])C([H])([H])[H])C([H])([H])C([H])(C([H])([H])[H])C([H])([H])[H])C([H])([H])C1:C([H]):C([H]):C(O[H]):C([H]):C:1[H])C([H])([H])C([H])(C([H])([H])[H])C([H])([H])[H])C([H])(C([H])([H])[H])C([H])([H])[H])C([H])([H])S[H])C([H])([H])C([H])([H])C(=O)O[H],EVODEX-P26321
EVODEX-N10395,[H]OC(=O)[C@@]([H])(N([H])C(=O)[C@@]([H])(N([H])C(=O)[C@@]1([H])N(C(=O)[C@@]([H])(N([H])C(=O)[C@@]([H])(N([H])C(=O)[C@@]([H])(N([H])[C:184]([C:176])=[O:185])C([H])([H])C2:C([H]):C([H]):C([H]):C([H]):C:2[H])C([H])([H])C2:C([H]):C([H]):C(O[H]):C([H]):C:2[H])[C@]([H])(O[H])C([H])([H])[H])C([H])([H])C([H])([H])C1([H])[H])C([H])([H])C([H])([H])C([H])([H])C([H])([H])N([H])[H])C([H])([H])[H]>>[H]O[C:184]([C:176])=[O:185],EVODEX-P26322
EVODEX-N10396,[H]OC(=O)[C@@]([H])(N([H])[C:33]([C:32])=[O:34])C([H])(C([H])([H])[H])C([H])([H])[H].[N:6][C:7](=[O:8])[C:9].[H][O:43][H:93].[H][O:44][H:95]>>[C:7](=[O:8])([C:9])[O:43][H:93].[C:32][C:33](=[O:34])[O:44][H:95].[H][N:6],EVODEX-P26325
EVODEX-N10397,[H]OC(=O)[C@@]([H])(N([H])C(=O)[C@@]1([H])N(C(=O)[C@]([H])(N([H])C(=O)[C@@]([H])(N([H])[C:7](=[O:8])[C:9])C([H])([H])C([H])(C([H])([H])[H])C([H])([H])[H])C([H])([H])C2:C([H]):C([H]):C([H]):C([H]):C:2[H])C([H])([H])C([H])([H])C1([H])[H])C([H])(C([H])([H])[H])C([H])([H])[H]>>[H]O[C:7](=[O:8])[C:9],EVODEX-P26326
EVODEX-N10398,[H]OC(=O)[C@@]([H])(N([H])[C:33]([C:32])=[O:34])C([H])(C([H])([H])[H])C([H])([H])[H]>>[H]O.[H].[H]O[C:33]([C:32])=[O:34],EVODEX-P26328
EVODEX-N10399,[H][O:44][H:95]>>[H]C1:C([H]):C([H]):C(C([H])([H])[C@]([H])(C(=O)N2C([H])([H])C([H])([H])C([H])([H])[C@@]2([H])C(=O)[O:44][H:95])N([H])C(=O)[C@@]([H])(N([H])[H])C([H])([H])C([H])(C([H])([H])[H])C([H])([H])[H]):C([H]):C:1[H],EVODEX-P26329
EVODEX-N10400,[H]C1:C([H]):C([H]):C(C([H])([H])[C@]([H])(C(=O)N2C([H])([H])C([H])([H])C([H])([H])[C@@]2([H])C(=O)[N:35]([C:36])[H:83])N([H])C(=O)[C@@]([H])(N([H])C(=O)[C@@]([H])(N([H])[H])C([H])([H])C([H])([H])C([H])([H])N([H])[H])C([H])([H])C([H])(C([H])([H])[H])C([H])([H])[H]):C([H]):C:1[H]>>[H][N:35]([C:36])[H:83],EVODEX-P26330
EVODEX-N10401,[H]C1:C([H]):C([H]):C(C([H])([H])[C@]([H])(C(=O)N2C([H])([H])C([H])([H])C([H])([H])[C@@]2([H])C(=O)[N:35]([C:36])[H:83])N([H])C(=O)[C@@]([H])(N([H])[C:7](=[O:8])[C:9])C([H])([H])C([H])(C([H])([H])[H])C([H])([H])[H]):C([H]):C:1[H]>>[H]O[C:7](=[O:8])[C:9].[H][N:35]([C:36])[H:83],EVODEX-P26331
EVODEX-N10402,[H]N([H])C([H])([H])C([H])([H])C([H])([H])[C@@]([H])(C(=O)[N:6]([C:5])[H:55])N([H])[H]>>[H]O.[H][N:6]([C:5])[H:55].[H],EVODEX-P26332
EVODEX-N10403,[C:32][C:33](=[O:34])[N:35].[H]N([H])C([H])([H])C([H])([H])C([H])([H])[C@@]([H])(C(=O)[N:6]([C:5])[H:55])N([H])[H].[H][O:44][H:95]>>[C:32][C:33](=[O:34])[O:44][H:95].[H][N:6]([C:5])[H:55].[H][N:35],EVODEX-P26333
EVODEX-N10404,[H]OC(=O)[C@@]([H])(N([H])C(=O)[C@@]1([H])N(C(=O)[C@]([H])(N([H])C(=O)[C@@]([H])(N([H])[C:7](=[O:8])[C:9])C([H])([H])C([H])(C([H])([H])[H])C([H])([H])[H])C([H])([H])C2:C([H]):C([H]):C([H]):C([H]):C:2[H])C([H])([H])C([H])([H])C1([H])[H])C([H])(C([H])([H])[H])C([H])([H])[H].[H][O:43][H:93]>>[C:7](=[O:8])([C:9])[O:43][H:93],EVODEX-P26334
EVODEX-N10405,[H]C1:C([H]):C([H]):C(C([H])([H])[C@]([H])(C(=O)N2C([H])([H])C([H])([H])C([H])([H])[C@@]2([H])C(=O)[N:35]([C:36])[H:83])N([H])C(=O)[C@@]([H])(N([H])[C:7](=[O:8])[C:9])C([H])([H])C([H])(C([H])([H])[H])C([H])([H])[H]):C([H]):C:1[H].[H][O:43][H:93]>>[C:7](=[O:8])([C:9])[O:43][H:93].[H][N:35]([C:36])[H:83],EVODEX-P26335
EVODEX-N10406,[H][O:43][H:93].[H][O:44][H:95]>>[H]N([H])C([H])([H])C([H])([H])C([H])([H])[C@@]([H])(C(=O)[O:43][H:93])N([H])[H].[H]C1:C([H]):C([H]):C(C([H])([H])[C@]([H])(C(=O)N2C([H])([H])C([H])([H])C([H])([H])[C@@]2([H])C(=O)[O:44][H:95])N([H])C(=O)[C@@]([H])(N([H])[H])C([H])([H])C([H])(C([H])([H])[H])C([H])([H])[H]):C([H]):C:1[H],EVODEX-P26336
EVODEX-N10407,[H]N([H])C([H])([H])C([H])([H])C([H])([H])[C@@]([H])(C(=O)[N:6]([C:5])[H:55])N([H])[H].[H]OC(=O)[C@@]([H])(N([H])[C:33]([C:32])=[O:34])C([H])(C([H])([H])[H])C([H])([H])[H].[H][O:44][H:95]>>[C:32][C:33](=[O:34])[O:44][H:95].[H][N:6]([C:5])[H:55],EVODEX-P26337
EVODEX-N10408,[H]N([H])C([H])([H])C([H])([H])C([H])([H])[C@@]([H])(C(=O)[N:6]([C:5])[H:55])N([H])[H].[H]OC(=O)[C@@]([H])(N([H])[C:33]([C:32])=[O:34])C([H])(C([H])([H])[H])C([H])([H])[H]>>[H]O[C:33]([C:32])=[O:34].[H][N:6]([C:5])[H:55],EVODEX-P26338
EVODEX-N10409,[H][O:43][H:93]>>[H]N([H])C([H])([H])C([H])([H])C([H])([H])[C@@]([H])(C(=O)[O:43][H:93])N([H])[H],EVODEX-P26339
EVODEX-N10410,[H]OC(=O)C([H])([H])C([H])([H])[C@@]([H])(C(=O)N([H])[C@]([H])(C(=O)N([H])[C@]([H])(C(=O)N([H])[C@]([H])(C(=O)N([H])[C@]([H])(C(=O)N([H])[C@]([H])(C(=O)N([H])[C@]([H])(C(=O)[N:147]([C:148])[H:383])C([H])([H])S[H])C([H])(C([H])([H])[H])C([H])([H])[H])C([H])([H])C([H])(C([H])([H])[H])C([H])([H])[H])C([H])([H])C1:C([H]):C([H]):C(O[H]):C([H]):C:1[H])C([H])([H])C([H])(C([H])([H])[H])C([H])([H])[H])C([H])([H])[H])N([H])C(=O)[C@@]([H])(N([H])C(=O)[C@@]([H])(N([H])C(=O)[C@@]([H])(N([H])C(=O)[C@@]([H])(N([H])C(=O)C([H])([H])N([H])C(=O)[C@@]([H])(N([H])C(=O)[C@@]([H])(N([H])C(=O)[C@@]([H])(N([H])C(=O)[C@@]([H])(N([H])C(=O)[C@@]([H])(N([H])C(=O)[C@@]([H])(N([H])C(=O)[C@@]([H])(N([H])[H])C([H])([H])C1:C([H]):C([H]):C([H]):C([H]):C:1[H])C([H])(C([H])([H])[H])C([H])([H])[H])C([H])([H])C(=O)N([H])[H])C([H])([H])C([H])([H])C(=O)N([H])[H])C([H])([H])C1:C([H]):N:C([H]):N:1[H])C([H])([H])C([H])(C([H])([H])[H])C([H])([H])[H])C([H])([H])S[H])C([H])([H])O[H])C([H])([H])C1:C([H]):N:C([H]):N:1[H])C([H])([H])C([H])(C([H])([H])[H])C([H])([H])[H])C([H])(C([H])([H])[H])C([H])([H])[H]>>[H][N:147]([C:148])[H:383],EVODEX-P26341
EVODEX-N10411,[H]N=C(N([H])[H])N([H])C([H])([H])C([H])([H])C([H])([H])[C@@]([H])(C(=O)N([H])C([H])([H])C(=O)N([H])[C@]([H])(C(=O)N([H])[C@]([H])(C(=O)N([H])[C@]([H])(C(=O)N([H])[C@]([H])(C(=O)N1C([H])([H])C([H])([H])C([H])([H])[C@@]1([H])C(=O)N([H])[C@]([H])(C(=O)N([H])[C@]([H])(C(=O)O[H])C([H])([H])[H])C([H])([H])C([H])([H])C([H])([H])C([H])([H])N([H])[H])[C@]([H])(O[H])C([H])([H])[H])C([H])([H])C1:C([H]):C([H]):C(O[H]):C([H]):C:1[H])C([H])([H])C1:C([H]):C([H]):C([H]):C([H]):C:1[H])C([H])([H])C1:C([H]):C([H]):C([H]):C([H]):C:1[H])N([H])C(=O)[C@@]([H])(N([H])C(=O)C([H])([H])N([H])[C:145]([C:142])=[O:146])C([H])([H])C([H])([H])C(=O)O[H].[H][O:241][H:474]>>[C:142][C:145](=[O:146])[O:241][H:474],EVODEX-P26342
EVODEX-N10412,[H][O:241][H:474]>>[H]OC(=O)C([H])([H])C([H])([H])[C@@]([H])(C(=O)N([H])[C@]([H])(C(=O)N([H])[C@]([H])(C(=O)N([H])[C@]([H])(C(=O)N([H])[C@]([H])(C(=O)N([H])[C@]([H])(C(=O)N([H])[C@]([H])(C(=O)[O:241][H:474])C([H])([H])S[H])C([H])(C([H])([H])[H])C([H])([H])[H])C([H])([H])C([H])(C([H])([H])[H])C([H])([H])[H])C([H])([H])C1:C([H]):C([H]):C(O[H]):C([H]):C:1[H])C([H])([H])C([H])(C([H])([H])[H])C([H])([H])[H])C([H])([H])[H])N([H])C(=O)[C@@]([H])(N([H])C(=O)[C@@]([H])(N([H])C(=O)[C@@]([H])(N([H])C(=O)[C@@]([H])(N([H])C(=O)C([H])([H])N([H])C(=O)[C@@]([H])(N([H])C(=O)[C@@]([H])(N([H])C(=O)[C@@]([H])(N([H])C(=O)[C@@]([H])(N([H])C(=O)[C@@]([H])(N([H])C(=O)[C@@]([H])(N([H])C(=O)[C@@]([H])(N([H])[H])C([H])([H])C1:C([H]):C([H]):C([H]):C([H]):C:1[H])C([H])(C([H])([H])[H])C([H])([H])[H])C([H])([H])C(=O)N([H])[H])C([H])([H])C([H])([H])C(=O)N([H])[H])C([H])([H])C1:C([H]):N:C([H]):N:1[H])C([H])([H])C([H])(C([H])([H])[H])C([H])([H])[H])C([H])([H])S[H])C([H])([H])O[H])C([H])([H])C1:C([H]):N:C([H]):N:1[H])C([H])([H])C([H])(C([H])([H])[H])C([H])([H])[H])C([H])(C([H])([H])[H])C([H])([H])[H],EVODEX-P26343
EVODEX-N10413,[H]N=C(N([H])[H])N([H])C([H])([H])C([H])([H])C([H])([H])[C@@]([H])(C(=O)N([H])C([H])([H])C(=O)N([H])[C@]([H])(C(=O)N([H])[C@]([H])(C(=O)N([H])[C@]([H])(C(=O)N([H])[C@]([H])(C(=O)N1C([H])([H])C([H])([H])C([H])([H])[C@@]1([H])C(=O)N([H])[C@]([H])(C(=O)N([H])[C@]([H])(C(=O)O[H])C([H])([H])[H])C([H])([H])C([H])([H])C([H])([H])C([H])([H])N([H])[H])[C@]([H])(O[H])C([H])([H])[H])C([H])([H])C1:C([H]):C([H]):C(O[H]):C([H]):C:1[H])C([H])([H])C1:C([H]):C([H]):C([H]):C([H]):C:1[H])C([H])([H])C1:C([H]):C([H]):C([H]):C([H]):C:1[H])N([H])C(=O)[C@@]([H])(N([H])C(=O)C([H])([H])N([H])[C:145]([C:142])=[O:146])C([H])([H])C([H])([H])C(=O)O[H]>>[H]O[C:145]([C:142])=[O:146],EVODEX-P26344
EVODEX-N10414,[H]O[C@]([H])(C([H])([H])[H])[C@@]([H])(C(=O)N([H])[C@]([H])(C(=O)N([H])[C@]([H])(C(=O)[N:33]([C:34])[H:104])C([H])([H])C([H])([H])C([H])([H])C([H])([H])[H])[C@@]([H])(C([H])([H])[H])C([H])([H])C([H])([H])[H])N([H])C(=O)C1:C([H]):C([H]):C([H]):C([H]):C:1N([H])[H]>>[H][N:33]([C:34])[H:104],EVODEX-P26347
EVODEX-N10415,[H][O:68][H:134]>>[H]O[C@]([H])(C([H])([H])[H])[C@@]([H])(C(=O)N([H])[C@]([H])(C(=O)N([H])[C@]([H])(C(=O)[O:68][H:134])C([H])([H])C([H])([H])C([H])([H])C([H])([H])[H])[C@@]([H])(C([H])([H])[H])C([H])([H])C([H])([H])[H])N([H])C(=O)C1:C([H]):C([H]):C([H]):C([H]):C:1N([H])[H],EVODEX-P26349
EVODEX-N10416,[H]OC([H])([H])[C@@]([H])(C(=O)[N:26]([C:17])[H:78])N([H])C(=O)[C@@]([H])(N([H])C(=O)[C@@]([H])(N([H])[H])C([H])([H])S[H])C([H])([H])C(=O)N([H])[H]>>[H][N:26]([C:17])[H:78],EVODEX-P26353
EVODEX-N10417,[H]OC(=O)[C@@]([H])(N([H])C(=O)[C@@]([H])(N([H])C(=O)[C@@]([H])(N([H])[C:27](=[O:28])[C:29])C([H])([H])C1:C([H]):C([H]):C(O[H]):C([H]):C:1[H])C([H])([H])C([H])([H])C([H])([H])C([H])([H])N([H])[H])C([H])(O[H])C([H])([H])[H].[H][O:50][H:97]>>[C:27](=[O:28])([C:29])[O:50][H:97],EVODEX-P26354
EVODEX-N10418,[H][O:50][H:97]>>[H]OC([H])([H])[C@@]([H])(C(=O)[O:50][H:97])N([H])C(=O)[C@@]([H])(N([H])C(=O)[C@@]([H])(N([H])[H])C([H])([H])S[H])C([H])([H])C(=O)N([H])[H],EVODEX-P26355
EVODEX-N10419,[H]OC(=O)[C@@]([H])(N([H])C(=O)[C@@]([H])(N([H])C(=O)[C@@]([H])(N([H])[C:27](=[O:28])[C:29])C([H])([H])C1:C([H]):C([H]):C(O[H]):C([H]):C:1[H])C([H])([H])C([H])([H])C([H])([H])C([H])([H])N([H])[H])C([H])(O[H])C([H])([H])[H]>>[H]O[C:27](=[O:28])[C:29],EVODEX-P26356
EVODEX-N10420,[H]N=C(N([H])[H])N([H])C([H])([H])C([H])([H])C([H])([H])[C@@]([H])(C(=O)N([H])[C@]([H])(C(=O)[N:31]([C:20])[H:109])C([H])([H])C1:C([H]):C([H]):C([H]):C([H]):C:1[H])N([H])C(=O)[C@@]([H])(N([H])C(=O)[C@@]1([H])N(C(=O)[C@@]([H])(N([H])[H])C([H])([H])C([H])([H])C([H])([H])C([H])([H])N([H])[H])C([H])([H])C([H])([H])C1([H])[H])C([H])([H])[H]>>[H][N:31]([C:20])[H:109],EVODEX-P26359
EVODEX-N10421,[H][O:78][H:157]>>[H]N=C(N([H])[H])N([H])C([H])([H])C([H])([H])C([H])([H])[C@@]([H])(C(=O)N([H])[C@]([H])(C(=O)[O:78][H:157])C([H])([H])C1:C([H]):C([H]):C([H]):C([H]):C:1[H])N([H])C(=O)[C@@]([H])(N([H])C(=O)[C@@]1([H])N(C(=O)[C@@]([H])(N([H])[H])C([H])([H])C([H])([H])C([H])([H])C([H])([H])N([H])[H])C([H])([H])C([H])([H])C1([H])[H])C([H])([H])[H],EVODEX-P26361
EVODEX-N10422,[H]N=C(N([H])[H])N([H])C([H])([H])C([H])([H])C([H])([H])[C@@]([H])(C(=O)N1C([H])([H])C([H])([H])C([H])([H])[C@@]1([H])C(=O)N([H])[C@]([H])(C(=O)N([H])[C@]([H])(C(=O)N([H])[C@]([H])(C(=O)N([H])[C@]([H])(C(=O)[N:26]([C:25])[H:112])C([H])([H])C([H])(C([H])([H])[H])C([H])([H])[H])C([H])([H])C([H])(C([H])([H])[H])C([H])([H])[H])C([H])([H])C1:C([H]):N:C([H]):N:1[H])C([H])([H])C1:C([H]):C([H]):C([H]):C([H]):C:1[H])N([H])C(=O)C([H])([H])C([H])([H])C(=O)O[H]>>[H][N:26]([C:25])[H:112],EVODEX-P26365
EVODEX-N10423,[H]OC1:C([H]):C([H]):C(C([H])([H])[C@@]([H])(C(=O)N([H])C2:C([H]):C([H]):C3:C(C([H])([H])[H]):C([H]):C(=O):O:C:3:C:2[H])N([H])C(=O)[C@@]([H])(N([H])[C:27](=[O:28])[C:29])C([H])(C([H])([H])[H])C([H])([H])[H]):C([H]):C:1[H].[H][O:95][H:184]>>[C:27](=[O:28])([C:29])[O:95][H:184],EVODEX-P26366
EVODEX-N10424,[H][O:95][H:184]>>[H]N=C(N([H])[H])N([H])C([H])([H])C([H])([H])C([H])([H])[C@@]([H])(C(=O)N1C([H])([H])C([H])([H])C([H])([H])[C@@]1([H])C(=O)N([H])[C@]([H])(C(=O)N([H])[C@]([H])(C(=O)N([H])[C@]([H])(C(=O)N([H])[C@]([H])(C(=O)[O:95][H:184])C([H])([H])C([H])(C([H])([H])[H])C([H])([H])[H])C([H])([H])C([H])(C([H])([H])[H])C([H])([H])[H])C([H])([H])C1:C([H]):N:C([H]):N:1[H])C([H])([H])C1:C([H]):C([H]):C([H]):C([H]):C:1[H])N([H])C(=O)C([H])([H])C([H])([H])C(=O)O[H],EVODEX-P26367
EVODEX-N10425,[H]OC1:C([H]):C([H]):C(C([H])([H])[C@@]([H])(C(=O)N([H])C2:C([H]):C([H]):C3:C(C([H])([H])[H]):C([H]):C(=O):O:C:3:C:2[H])N([H])C(=O)[C@@]([H])(N([H])[C:27](=[O:28])[C:29])C([H])(C([H])([H])[H])C([H])([H])[H]):C([H]):C:1[H]>>[H]O[C:27](=[O:28])[C:29],EVODEX-P26368
EVODEX-N10426,[H]OC(=O)[C@@]([H])(N([H])C(=O)[C@@]([H])(N([H])C(=O)[C@@]([H])(N([H])[C:99]([C:94])=[O:100])C([H])(C([H])([H])[H])C([H])([H])[H])C([H])([H])C1:C([H]):C([H]):C(O[H]):C([H]):C:1[H])C([H])([H])O[H].[N:6][C:7](=[O:8])[C:9].[H][O:127][H:252].[H][O:128][H:254]>>[C:7](=[O:8])([C:9])[O:128][H:254].[C:94][C:99](=[O:100])[O:127][H:252].[H][N:6],EVODEX-P26371
EVODEX-N10427,[H][O:127][H:252]>>[H]C1:N:C([H]):N([H]):C:1C([H])([H])[C@@]([H])(C(=O)N1C([H])([H])C([H])([H])C([H])([H])[C@@]1([H])C(=O)N([H])[C@]([H])(C(=O)N([H])[C@]([H])(C(=O)N([H])[C@]([H])(C(=O)N([H])C([H])(C(=O)[O:127][H:252])C([H])([H])C([H])(C([H])([H])[H])C([H])([H])[H])C([H])([H])C([H])(C([H])([H])[H])C([H])([H])[H])C([H])([H])C1:C([H]):N:C([H]):N:1[H])C([H])([H])C1:C([H]):C([H]):C([H]):C([H]):C:1[H])N([H])C(=O)C([H])(N([H])[H])C([H])(C([H])([H])[H])C([H])([H])C([H])([H])[H],EVODEX-P26372
EVODEX-N10428,[H]OC(=O)[C@@]([H])(N([H])C(=O)[C@@]([H])(N([H])C(=O)[C@@]([H])(N([H])C(=O)[C@@]([H])(N([H])C(=O)[C@@]([H])(N([H])C(=O)[C@@]([H])(N([H])C(=O)[C@@]([H])(N([H])C(=O)[C@@]1([H])N(C(=O)[C@@]([H])(N([H])C(=O)[C@@]([H])(N([H])[C:7](=[O:8])[C:9])C([H])(C([H])([H])[H])C([H])([H])C([H])([H])[H])C([H])([H])C2:C([H]):N:C([H]):N:2[H])C([H])([H])C([H])([H])C1([H])[H])C([H])([H])C1:C([H]):C([H]):C([H]):C([H]):C:1[H])C([H])([H])C1:C([H]):N:C([H]):N:1[H])C([H])([H])C([H])(C([H])([H])[H])C([H])([H])[H])C([H])([H])C([H])(C([H])([H])[H])C([H])([H])[H])C([H])(C([H])([H])[H])C([H])([H])[H])C([H])([H])C1:C([H]):C([H]):C(O[H]):C([H]):C:1[H])C([H])([H])O[H].[H][O:128][H:254]>>[C:7](=[O:8])([C:9])[O:128][H:254],EVODEX-P26373
EVODEX-N10429,[H]OC(=O)[C@@]([H])(N([H])C(=O)[C@@]([H])(N([H])C(=O)[C@@]([H])(N([H])C(=O)[C@@]([H])(N([H])C(=O)[C@@]([H])(N([H])C(=O)[C@@]([H])(N([H])C(=O)[C@@]([H])(N([H])C(=O)[C@@]1([H])N(C(=O)[C@@]([H])(N([H])C(=O)[C@@]([H])(N([H])[C:7](=[O:8])[C:9])C([H])(C([H])([H])[H])C([H])([H])C([H])([H])[H])C([H])([H])C2:C([H]):N:C([H]):N:2[H])C([H])([H])C([H])([H])C1([H])[H])C([H])([H])C1:C([H]):C([H]):C([H]):C([H]):C:1[H])C([H])([H])C1:C([H]):N:C([H]):N:1[H])C([H])([H])C([H])(C([H])([H])[H])C([H])([H])[H])C([H])([H])C([H])(C([H])([H])[H])C([H])([H])[H])C([H])(C([H])([H])[H])C([H])([H])[H])C([H])([H])C1:C([H]):C([H]):C(O[H]):C([H]):C:1[H])C([H])([H])O[H]>>[H]O[C:7](=[O:8])[C:9],EVODEX-P26374
EVODEX-N10430,[H]OC(=O)[C@@]([H])(N([H])C(=O)[C@@]([H])(N([H])C(=O)[C@@]([H])(N([H])[C:99]([C:94])=[O:100])C([H])(C([H])([H])[H])C([H])([H])[H])C([H])([H])C1:C([H]):C([H]):C(O[H]):C([H]):C:1[H])C([H])([H])O[H]>>[H]O.[H].[H]O[C:99]([C:94])=[O:100],EVODEX-P26376
EVODEX-N10431,[H]N=C(N([H])[H])N([H])C([H])([H])C([H])([H])C([H])([H])[C@@]([H])(C(=O)N([H])[C@]([H])(C(=O)N([H])[C@]([H])(C(=O)N([H])[C@]([H])(C(=O)N([H])[C@]([H])(C(=O)N1C([H])([H])C([H])([H])C([H])([H])[C@@]1([H])C(=O)N([H])[C@]([H])(C(=O)N([H])[C@]([H])(C(=O)N([H])[C@]([H])(C(=O)N([H])[C@]([H])(C(=O)[N:101]([C:102])[H:228])C([H])([H])C([H])(C([H])([H])[H])C([H])([H])[H])C([H])([H])C([H])(C([H])([H])[H])C([H])([H])[H])C([H])([H])C1:C([H]):N:C([H]):N:1[H])C([H])([H])C1:C([H]):C([H]):C([H]):C([H]):C:1[H])C([H])([H])C1:C([H]):N:C([H]):N:1[H])C([H])(C([H])([H])[H])C([H])([H])C([H])([H])[H])C([H])([H])C1:C([H]):C([H]):C(O[H]):C([H]):C:1[H])C([H])(C([H])([H])[H])C([H])([H])[H])N([H])C(=O)[C@@]([H])(N([H])[H])C([H])([H])C(=O)O[H]>>[H][N:101]([C:102])[H:228],EVODEX-P26377
EVODEX-N10432,[H]C1:N:C([H]):N([H]):C:1C([H])([H])[C@@]([H])(C(=O)N1C([H])([H])C([H])([H])C([H])([H])[C@@]1([H])C(=O)N([H])[C@]([H])(C(=O)N([H])[C@]([H])(C(=O)N([H])[C@]([H])(C(=O)N([H])[C@]([H])(C(=O)[N:101]([C:102])[H:228])C([H])([H])C([H])(C([H])([H])[H])C([H])([H])[H])C([H])([H])C([H])(C([H])([H])[H])C([H])([H])[H])C([H])([H])C1:C([H]):N:C([H]):N:1[H])C([H])([H])C1:C([H]):C([H]):C([H]):C([H]):C:1[H])N([H])C(=O)[C@@]([H])(N([H])[C:7](=[O:8])[C:9])C([H])(C([H])([H])[H])C([H])([H])C([H])([H])[H].[H][O:128][H:254]>>[C:7](=[O:8])([C:9])[O:128][H:254].[H][N:101]([C:102])[H:228],EVODEX-P26378
EVODEX-N10433,[H]C1:N:C([H]):N([H]):C:1C([H])([H])[C@@]([H])(C(=O)N1C([H])([H])C([H])([H])C([H])([H])[C@@]1([H])C(=O)N([H])[C@]([H])(C(=O)N([H])[C@]([H])(C(=O)N([H])[C@]([H])(C(=O)N([H])[C@]([H])(C(=O)[N:101]([C:102])[H:228])C([H])([H])C([H])(C([H])([H])[H])C([H])([H])[H])C([H])([H])C([H])(C([H])([H])[H])C([H])([H])[H])C([H])([H])C1:C([H]):N:C([H]):N:1[H])C([H])([H])C1:C([H]):C([H]):C([H]):C([H]):C:1[H])N([H])C(=O)[C@@]([H])(N([H])[C:7](=[O:8])[C:9])C([H])(C([H])([H])[H])C([H])([H])C([H])([H])[H]>>[H]O[C:7](=[O:8])[C:9].[H][N:101]([C:102])[H:228],EVODEX-P26379
EVODEX-N10434,[H]N=C(N([H])[H])N([H])C([H])([H])C([H])([H])C([H])([H])[C@@]([H])(C(=O)N([H])[C@]([H])(C(=O)N([H])[C@]([H])(C(=O)[N:6]([C:5])[H:139])C([H])([H])C1:C([H]):C([H]):C(O[H]):C([H]):C:1[H])C([H])(C([H])([H])[H])C([H])([H])[H])N([H])C(=O)[C@@]([H])(N([H])[H])C([H])([H])C(=O)O[H]>>[H]O.[H][N:6]([C:5])[H:139].[H],EVODEX-P26380
EVODEX-N10435,[H][O:127][H:252].[H][O:128][H:254]>>[H]N=C(N([H])[H])N([H])C([H])([H])C([H])([H])C([H])([H])[C@@]([H])(C(=O)N([H])[C@]([H])(C(=O)N([H])[C@]([H])(C(=O)[O:128][H:254])C([H])([H])C1:C([H]):C([H]):C(O[H]):C([H]):C:1[H])C([H])(C([H])([H])[H])C([H])([H])[H])N([H])C(=O)[C@@]([H])(N([H])[H])C([H])([H])C(=O)O[H].[H]C1:N:C([H]):N([H]):C:1C([H])([H])[C@@]([H])(C(=O)N1C([H])([H])C([H])([H])C([H])([H])[C@@]1([H])C(=O)N([H])[C@]([H])(C(=O)N([H])[C@]([H])(C(=O)N([H])[C@]([H])(C(=O)N([H])C([H])(C(=O)[O:127][H:252])C([H])([H])C([H])(C([H])([H])[H])C([H])([H])[H])C([H])([H])C([H])(C([H])([H])[H])C([H])([H])[H])C([H])([H])C1:C([H]):N:C([H]):N:1[H])C([H])([H])C1:C([H]):C([H]):C([H]):C([H]):C:1[H])N([H])C(=O)C([H])(N([H])[H])C([H])(C([H])([H])[H])C([H])([H])C([H])([H])[H],EVODEX-P26381
EVODEX-N10436,[H]N=C(N([H])[H])N([H])C([H])([H])C([H])([H])C([H])([H])[C@@]([H])(C(=O)N([H])[C@]([H])(C(=O)N([H])[C@]([H])(C(=O)[N:6]([C:5])[H:139])C([H])([H])C1:C([H]):C([H]):C(O[H]):C([H]):C:1[H])C([H])(C([H])([H])[H])C([H])([H])[H])N([H])C(=O)[C@@]([H])(N([H])[H])C([H])([H])C(=O)O[H].[H]OC(=O)[C@@]([H])(N([H])C(=O)[C@@]([H])(N([H])C(=O)[C@@]([H])(N([H])[C:99]([C:94])=[O:100])C([H])(C([H])([H])[H])C([H])([H])[H])C([H])([H])C1:C([H]):C([H]):C(O[H]):C([H]):C:1[H])C([H])([H])O[H]>>[H]O[C:99]([C:94])=[O:100].[H][N:6]([C:5])[H:139],EVODEX-P26382
EVODEX-N10437,[C:94][C:99](=[O:100])[N:101].[H]N=C(N([H])[H])N([H])C([H])([H])C([H])([H])C([H])([H])[C@@]([H])(C(=O)N([H])[C@]([H])(C(=O)N([H])[C@]([H])(C(=O)[N:6]([C:5])[H:139])C([H])([H])C1:C([H]):C([H]):C(O[H]):C([H]):C:1[H])C([H])(C([H])([H])[H])C([H])([H])[H])N([H])C(=O)[C@@]([H])(N([H])[H])C([H])([H])C(=O)O[H].[H][O:127][H:252]>>[C:94][C:99](=[O:100])[O:127][H:252].[H][N:6]([C:5])[H:139].[H][N:101],EVODEX-P26383
EVODEX-N10438,[H][O:128][H:254]>>[H]N=C(N([H])[H])N([H])C([H])([H])C([H])([H])C([H])([H])[C@@]([H])(C(=O)N([H])[C@]([H])(C(=O)N([H])[C@]([H])(C(=O)[O:128][H:254])C([H])([H])C1:C([H]):C([H]):C(O[H]):C([H]):C:1[H])C([H])(C([H])([H])[H])C([H])([H])[H])N([H])C(=O)[C@@]([H])(N([H])[H])C([H])([H])C(=O)O[H],EVODEX-P26384
EVODEX-N10439,[H]N=C(N([H])[H])N([H])C([H])([H])C([H])([H])C([H])([H])[C@@]([H])(C(=O)N([H])[C@]([H])(C(=O)N([H])[C@]([H])(C(=O)[N:6]([C:5])[H:139])C([H])([H])C1:C([H]):C([H]):C(O[H]):C([H]):C:1[H])C([H])(C([H])([H])[H])C([H])([H])[H])N([H])C(=O)[C@@]([H])(N([H])[H])C([H])([H])C(=O)O[H].[H]OC(=O)[C@@]([H])(N([H])C(=O)[C@@]([H])(N([H])C(=O)[C@@]([H])(N([H])[C:99]([C:94])=[O:100])C([H])(C([H])([H])[H])C([H])([H])[H])C([H])([H])C1:C([H]):C([H]):C(O[H]):C([H]):C:1[H])C([H])([H])O[H].[H][O:127][H:252]>>[C:94][C:99](=[O:100])[O:127][H:252].[H][N:6]([C:5])[H:139],EVODEX-P26385
EVODEX-N10440,[H]N=C(N([H])[H])N([H])C([H])([H])C([H])([H])C([H])([H])[C@@]([H])(C(=O)N([H])[C@]([H])(C(=O)N([H])[C@]([H])(C(=O)[N:6]([C:5])[H:138])C([H])([H])C1:C([H]):C([H]):C(O[H]):C([H]):C:1[H])C([H])(C([H])([H])[H])C([H])([H])[H])N([H])C(=O)[C@@]([H])(N([H])[H])C([H])([H])C(=O)O[H]>>[H][N:6]([C:5])[H:138],"EVODEX-P26387,EVODEX-P26675"
EVODEX-N10441,[H]OC(=O)[C@@]([H])(N([H])C(=O)[C@@]([H])(N([H])C(=O)[C@@]([H])(N([H])[C:62]([C:61])=[O:63])C([H])([H])C1:C([H]):C([H]):C([H]):C([H]):C:1[H])C([H])([H])C1:C([H]):N:C([H]):N:1[H])C([H])([H])C([H])(C([H])([H])[H])C([H])([H])[H].[H][O:94][H:184]>>[C:61][C:62](=[O:63])[O:94][H:184],EVODEX-P26391
EVODEX-N10442,[H]OC(=O)[C@@]([H])(N([H])C(=O)[C@@]([H])(N([H])C(=O)[C@@]([H])(N([H])[C:62]([C:61])=[O:63])C([H])([H])C1:C([H]):C([H]):C([H]):C([H]):C:1[H])C([H])([H])C1:C([H]):N:C([H]):N:1[H])C([H])([H])C([H])(C([H])([H])[H])C([H])([H])[H]>>[H]O[C:62]([C:61])=[O:63],EVODEX-P26392
EVODEX-N10443,[H]C1:C([H]):C([H]):C(C([H])([H])[C@@]([H])(C(=O)N([H])C([H])([H])C(=O)[N:8]([C:6])[H:37])N([H])[H]):C([H]):C:1[H]>>[H][N:8]([C:6])[H:37],EVODEX-P26395
EVODEX-N10444,[H][O:27][H:52]>>[H]C1:C([H]):C([H]):C(C([H])([H])[C@@]([H])(C(=O)N([H])C([H])([H])C(=O)[O:27][H:52])N([H])[H]):C([H]):C:1[H],EVODEX-P26397
EVODEX-N10445,[H]C1:C([H]):C([H]):C(C([H])([H])OC(=O)N([H])[C@]([H])(C(=O)N([H])[C@]([H])(C(=O)[N:13]([C:11])[H:56])C([H])([H])C([H])([H])C([H])([H])C([H])([H])N([H])[H])C([H])([H])[H]):C([H]):C:1[H]>>[H][N:13]([C:11])[H:56],EVODEX-P26401
EVODEX-N10446,[H][O:41][H:82]>>[H]C1:C([H]):C([H]):C(C([H])([H])OC(=O)N([H])[C@]([H])(C(=O)N([H])[C@]([H])(C(=O)[O:41][H:82])C([H])([H])C([H])([H])C([H])([H])C([H])([H])N([H])[H])C([H])([H])[H]):C([H]):C:1[H],EVODEX-P26403
EVODEX-N10447,[H]C1:C([H]):C([H]):C(C([H])([H])OC(=O)N([H])[C@]([H])(C(=O)N([H])[C@]([H])(C(=O)N([H])[C@]([H])(C(=O)[N:13]([C:11])[H:61])C([H])([H])C([H])([H])C([H])([H])C([H])([H])N([H])[H])C([H])([H])[H])C([H])([H])[H]):C([H]):C:1[H]>>[H][N:13]([C:11])[H:61],EVODEX-P26407
EVODEX-N10448,[H][O:46][H:92]>>[H]C1:C([H]):C([H]):C(C([H])([H])OC(=O)N([H])[C@]([H])(C(=O)N([H])[C@]([H])(C(=O)N([H])[C@]([H])(C(=O)[O:46][H:92])C([H])([H])C([H])([H])C([H])([H])C([H])([H])N([H])[H])C([H])([H])[H])C([H])([H])[H]):C([H]):C:1[H],EVODEX-P26409
EVODEX-N10449,[H]OC(=O)C([H])([H])C([H])([H])[C@@]([H])(C(=O)N([H])[C@]([H])(C(=O)[N:31]([C:20])[H:100])C([H])([H])C1:C([H]):C([H]):C([H]):C([H]):C:1[H])N([H])C(=O)[C@@]([H])(N([H])C(=O)[C@@]1([H])N([H])C([H])([H])C([H])([H])C1([H])[H])[C@]([H])(O[H])C([H])([H])[H]>>[H][N:31]([C:20])[H:100],EVODEX-P26413
EVODEX-N10450,[H][O:69][H:133]>>[H]OC(=O)C([H])([H])C([H])([H])[C@@]([H])(C(=O)N([H])[C@]([H])(C(=O)[O:69][H:133])C([H])([H])C1:C([H]):C([H]):C([H]):C([H]):C:1[H])N([H])C(=O)[C@@]([H])(N([H])C(=O)[C@@]1([H])N([H])C([H])([H])C([H])([H])C1([H])[H])[C@]([H])(O[H])C([H])([H])[H],EVODEX-P26415
EVODEX-N10451,[H]OC(=O)C([H])([H])C([H])([H])[C@@]([H])(C(=O)N([H])[C@]([H])(C(=O)[N:31]([C:20])[H:107])C([H])([H])C1:C([H]):C([H]):C([H]):C([H]):C:1[H])N([H])C(=O)[C@@]([H])(N([H])C(=O)[C@@]1([H])N(C(=O)[C@@]([H])(N([H])[H])C([H])([H])C([H])([H])C([H])([H])C([H])([H])N([H])[H])C([H])([H])C([H])([H])C1([H])[H])C([H])([H])[H]>>[H][N:31]([C:20])[H:107],EVODEX-P26419
EVODEX-N10452,[H][O:76][H:150]>>[H]OC(=O)C([H])([H])C([H])([H])[C@@]([H])(C(=O)N([H])[C@]([H])(C(=O)[O:76][H:150])C([H])([H])C1:C([H]):C([H]):C([H]):C([H]):C:1[H])N([H])C(=O)[C@@]([H])(N([H])C(=O)[C@@]1([H])N(C(=O)[C@@]([H])(N([H])[H])C([H])([H])C([H])([H])C([H])([H])C([H])([H])N([H])[H])C([H])([H])C([H])([H])C1([H])[H])C([H])([H])[H],EVODEX-P26421
EVODEX-N10453,[H]C1:N:C([H]):N([H]):C:1C([H])([H])C([H])(C(=O)N([H])C([H])(C(=O)N([H])C([H])(C(=O)N([H])C([H])(C(=O)N([H])C([H])(C(=O)[N:44]([C:38])[H:170])C([H])([H])C([H])(C([H])([H])[H])C([H])([H])[H])C([H])([H])C([H])([H])C(=O)N([H])[H])C([H])([H])C([H])(C([H])([H])[H])C([H])([H])[H])C([H])([H])C1:C([H]):N([H]):C2:C([H]):C([H]):C([H]):C([H]):C:1:2)N([H])C(=O)C([H])(N([H])[H])C([H])([H])C1:C([H]):N([H]):C2:C([H]):C([H]):C([H]):C([H]):C:1:2>>[H][N:44]([C:38])[H:170],EVODEX-P26425
EVODEX-N10454,[H]OC(=O)C([H])(N([H])C(=O)C([H])(N([H])C(=O)C1([H])N(C(=O)C([H])(N([H])C(=O)C([H])([H])N([H])C(=O)C([H])(N([H])C(=O)C([H])(N([H])[C:45](=[O:46])[C:47])C([H])([H])C([H])([H])C([H])([H])C([H])([H])N([H])[H])C([H])([H])C([H])([H])C(=O)N([H])[H])C([H])([H])C([H])([H])C(=O)N([H])[H])C([H])([H])C([H])([H])C1([H])[H])C([H])([H])C([H])([H])SC([H])([H])[H])C([H])([H])C1:C([H]):C([H]):C(O[H]):C([H]):C:1[H].[H][O:123][H:239]>>[C:45](=[O:46])([C:47])[O:123][H:239],EVODEX-P26426
EVODEX-N10455,[H][O:123][H:239]>>[H]C1:N:C([H]):N([H]):C:1C([H])([H])C([H])(C(=O)N([H])C([H])(C(=O)N([H])C([H])(C(=O)N([H])C([H])(C(=O)N([H])[C@]([H])(C(=O)[O:123][H:239])C([H])([H])C([H])(C([H])([H])[H])C([H])([H])[H])C([H])([H])C([H])([H])C(=O)N([H])[H])C([H])([H])C([H])(C([H])([H])[H])C([H])([H])[H])C([H])([H])C1:C([H]):N([H]):C2:C([H]):C([H]):C([H]):C([H]):C:1:2)N([H])C(=O)C([H])(N([H])[H])C([H])([H])C1:C([H]):N([H]):C2:C([H]):C([H]):C([H]):C([H]):C:1:2,EVODEX-P26427
EVODEX-N10456,[H]OC(=O)C([H])(N([H])C(=O)C([H])(N([H])C(=O)C1([H])N(C(=O)C([H])(N([H])C(=O)C([H])([H])N([H])C(=O)C([H])(N([H])C(=O)C([H])(N([H])[C:45](=[O:46])[C:47])C([H])([H])C([H])([H])C([H])([H])C([H])([H])N([H])[H])C([H])([H])C([H])([H])C(=O)N([H])[H])C([H])([H])C([H])([H])C(=O)N([H])[H])C([H])([H])C([H])([H])C1([H])[H])C([H])([H])C([H])([H])SC([H])([H])[H])C([H])([H])C1:C([H]):C([H]):C(O[H]):C([H]):C:1[H]>>[H]O[C:45](=[O:46])[C:47],EVODEX-P26428
EVODEX-N10457,[H]C1:N:C([H]):N([H]):C:1C([H])([H])[C@@]([H])(C(=O)N([H])[C@]([H])(C(=O)N([H])[C@]([H])(C(=O)N([H])[C@]([H])(C(=O)N([H])[C@]([H])(C(=O)[N:42]([C:36])[H:153])C([H])([H])C([H])(C([H])([H])[H])C([H])([H])[H])C([H])([H])C([H])([H])C(=O)N([H])[H])C([H])([H])C([H])(C([H])([H])[H])C([H])([H])[H])C([H])([H])C1:C([H]):N([H]):C2:C([H]):C([H]):C([H]):C([H]):C:1:2)N([H])[H]>>[H][N:42]([C:36])[H:153],EVODEX-P26431
EVODEX-N10458,[H]OC(=O)[C@@]([H])(N([H])C(=O)[C@@]([H])(N([H])C(=O)[C@@]1([H])N(C(=O)[C@@]([H])(N([H])C(=O)C([H])([H])N([H])C(=O)[C@@]2([H])N(C(=O)[C@@]([H])(N([H])[C:43](=[O:44])[C:45])C([H])([H])C([H])([H])C([H])([H])C([H])([H])N([H])[H])C([H])([H])C([H])([H])C2([H])[H])C([H])([H])C([H])([H])C(=O)N([H])[H])C([H])([H])C([H])([H])C1([H])[H])C([H])([H])C([H])([H])SC([H])([H])[H])C([H])([H])C1:C([H]):C([H]):C(O[H]):C([H]):C:1[H].[H][O:107][H:212]>>[C:43](=[O:44])([C:45])[O:107][H:212],EVODEX-P26432
EVODEX-N10459,[H][O:107][H:212]>>[H]C1:N:C([H]):N([H]):C:1C([H])([H])[C@@]([H])(C(=O)N([H])[C@]([H])(C(=O)N([H])[C@]([H])(C(=O)N([H])[C@]([H])(C(=O)N([H])[C@]([H])(C(=O)[O:107][H:212])C([H])([H])C([H])(C([H])([H])[H])C([H])([H])[H])C([H])([H])C([H])([H])C(=O)N([H])[H])C([H])([H])C([H])(C([H])([H])[H])C([H])([H])[H])C([H])([H])C1:C([H]):N([H]):C2:C([H]):C([H]):C([H]):C([H]):C:1:2)N([H])[H],EVODEX-P26433
EVODEX-N10460,[H]OC(=O)[C@@]([H])(N([H])C(=O)[C@@]([H])(N([H])C(=O)[C@@]1([H])N(C(=O)[C@@]([H])(N([H])C(=O)C([H])([H])N([H])C(=O)[C@@]2([H])N(C(=O)[C@@]([H])(N([H])[C:43](=[O:44])[C:45])C([H])([H])C([H])([H])C([H])([H])C([H])([H])N([H])[H])C([H])([H])C([H])([H])C2([H])[H])C([H])([H])C([H])([H])C(=O)N([H])[H])C([H])([H])C([H])([H])C1([H])[H])C([H])([H])C([H])([H])SC([H])([H])[H])C([H])([H])C1:C([H]):C([H]):C(O[H]):C([H]):C:1[H]>>[H]O[C:43](=[O:44])[C:45],EVODEX-P26434
EVODEX-N10461,[H]N=C(N([H])[H])N([H])C([H])([H])C([H])([H])C([H])([H])[C@@]([H])(C(=O)N([H])[C@]([H])(C(=O)N([H])[C@]([H])(C(=O)[N:44]([C:45])[H:122])C([H])([H])C1:C([H]):C([H]):C([H]):C([H]):C:1[H])C([H])(C([H])([H])[H])C([H])([H])[H])N([H])C(=O)[C@@]([H])(N([H])C(=O)[C@@]([H])(N([H])[H])C([H])([H])C([H])(C([H])([H])[H])C([H])([H])[H])C([H])([H])C([H])([H])C(=O)O[H]>>[H][N:44]([C:45])[H:122],EVODEX-P26437
EVODEX-N10462,[H][O:79][H:152]>>[H]N=C(N([H])[H])N([H])C([H])([H])C([H])([H])C([H])([H])[C@@]([H])(C(=O)N([H])[C@]([H])(C(=O)N([H])[C@]([H])(C(=O)[O:79][H:152])C([H])([H])C1:C([H]):C([H]):C([H]):C([H]):C:1[H])C([H])(C([H])([H])[H])C([H])([H])[H])N([H])C(=O)[C@@]([H])(N([H])C(=O)[C@@]([H])(N([H])[H])C([H])([H])C([H])(C([H])([H])[H])C([H])([H])[H])C([H])([H])C([H])([H])C(=O)O[H],EVODEX-P26439
EVODEX-N10463,[H]N=C(N([H])[H])N([H])C([H])([H])C([H])([H])C([H])([H])[C@@]([H])(C(=O)N([H])[C@]([H])(C(=O)N([H])[C@]([H])(C(=O)[N:48]([C:49])[H:132])C([H])([H])C1:C([H]):C([H]):C([H]):C([H]):C:1[H])[C@@]([H])(C([H])([H])[H])C([H])([H])C([H])([H])[H])N([H])C(=O)[C@@]([H])(N([H])C(=O)[C@@]([H])(N([H])[H])C([H])([H])C([H])(C([H])([H])[H])C([H])([H])[H])C([H])([H])C([H])([H])C(=O)O[H]>>[H][N:48]([C:49])[H:132],EVODEX-P26443
EVODEX-N10464,[H][O:80][H:155]>>[H]N=C(N([H])[H])N([H])C([H])([H])C([H])([H])C([H])([H])[C@@]([H])(C(=O)N([H])[C@]([H])(C(=O)N([H])[C@]([H])(C(=O)[O:80][H:155])C([H])([H])C1:C([H]):C([H]):C([H]):C([H]):C:1[H])[C@@]([H])(C([H])([H])[H])C([H])([H])C([H])([H])[H])N([H])C(=O)[C@@]([H])(N([H])C(=O)[C@@]([H])(N([H])[H])C([H])([H])C([H])(C([H])([H])[H])C([H])([H])[H])C([H])([H])C([H])([H])C(=O)O[H],EVODEX-P26445
EVODEX-N10465,[H]C1:C([H]):C([H]):C(C([H])([H])OC(=O)N([H])[C@]([H])(C(=O)N([H])[C@]([H])(C(=O)N([H])[C@]([H])(C(=O)[N:10]([C:9])[H:53])C([H])([H])C([H])(C([H])([H])[H])C([H])([H])[H])C([H])([H])C(=O)N([H])[H])C([H])(C([H])([H])[H])C([H])([H])[H]):C([H]):C:1[H]>>[H][N:10]([C:9])[H:53],EVODEX-P26449
EVODEX-N10466,[H][O:47][H:89]>>[H]C1:C([H]):C([H]):C(C([H])([H])OC(=O)N([H])[C@]([H])(C(=O)N([H])[C@]([H])(C(=O)N([H])[C@]([H])(C(=O)[O:47][H:89])C([H])([H])C([H])(C([H])([H])[H])C([H])([H])[H])C([H])([H])C(=O)N([H])[H])C([H])(C([H])([H])[H])C([H])([H])[H]):C([H]):C:1[H],EVODEX-P26451
EVODEX-N10467,[H]OC(=O)C([H])([H])C([H])([H])[C@@]([H])(C(=O)N([H])[C@]([H])(C(=O)N([H])[C@]([H])(C(=O)N([H])[C@]([H])(C(=O)N([H])[C@]([H])(C(=O)N([H])[C@]([H])(C(=O)N([H])[C@]([H])(C(=O)N([H])[C@]([H])(C(=O)[N:63]([C:64])[H:177])C([H])([H])C([H])([H])SC([H])([H])[H])C([H])([H])C([H])([H])C([H])([H])C([H])([H])N([H])[H])C([H])(C([H])([H])[H])C([H])([H])[H])C([H])([H])C([H])([H])C(=O)O[H])C([H])([H])O[H])[C@@]([H])(C([H])([H])[H])C([H])([H])C([H])([H])[H])C([H])([H])C([H])([H])C(=O)O[H])N([H])[H]>>[H][N:63]([C:64])[H:177],EVODEX-P26455
EVODEX-N10468,[H]N=C(N([H])[H])N([H])C([H])([H])C([H])([H])C([H])([H])[C@@]([H])(C(=O)N([H])C([H])([H])C(=O)O[H])N([H])C(=O)[C@@]([H])(N([H])C(=O)[C@@]([H])(N([H])C(=O)[C@@]([H])(N([H])C(=O)[C@@]([H])(N([H])[C:61]([C:56])=[O:62])C([H])([H])C(=O)O[H])C([H])([H])[H])C([H])([H])C([H])([H])C(=O)O[H])C([H])([H])C1:C([H]):C([H]):C([H]):C([H]):C:1[H].[H][O:115][H:226]>>[C:56][C:61](=[O:62])[O:115][H:226],EVODEX-P26456
EVODEX-N10469,[H][O:115][H:226]>>[H]OC(=O)C([H])([H])C([H])([H])[C@@]([H])(C(=O)N([H])[C@]([H])(C(=O)N([H])[C@]([H])(C(=O)N([H])[C@]([H])(C(=O)N([H])[C@]([H])(C(=O)N([H])[C@]([H])(C(=O)N([H])[C@]([H])(C(=O)N([H])[C@]([H])(C(=O)[O:115][H:226])C([H])([H])C([H])([H])SC([H])([H])[H])C([H])([H])C([H])([H])C([H])([H])C([H])([H])N([H])[H])C([H])(C([H])([H])[H])C([H])([H])[H])C([H])([H])C([H])([H])C(=O)O[H])C([H])([H])O[H])[C@@]([H])(C([H])([H])[H])C([H])([H])C([H])([H])[H])C([H])([H])C([H])([H])C(=O)O[H])N([H])[H],EVODEX-P26457
EVODEX-N10470,[H]N=C(N([H])[H])N([H])C([H])([H])C([H])([H])C([H])([H])[C@@]([H])(C(=O)N([H])C([H])([H])C(=O)O[H])N([H])C(=O)[C@@]([H])(N([H])C(=O)[C@@]([H])(N([H])C(=O)[C@@]([H])(N([H])C(=O)[C@@]([H])(N([H])[C:61]([C:56])=[O:62])C([H])([H])C(=O)O[H])C([H])([H])[H])C([H])([H])C([H])([H])C(=O)O[H])C([H])([H])C1:C([H]):C([H]):C([H]):C([H]):C:1[H]>>[H]O[C:61]([C:56])=[O:62],EVODEX-P26458
EVODEX-N10471,[H]N=C(N([H])[H])N([H])C([H])([H])C([H])([H])C([H])([H])[C@@]([H])(C(=O)N([H])[C@]([H])(C(=O)N([H])[C@]([H])(C(=O)[N:25]([C:23])[H:101])C([H])([H])C([H])(C([H])([H])[H])C([H])([H])[H])C([H])(C([H])([H])[H])C([H])([H])[H])N([H])C(=O)[C@@]([H])(N([H])C(=O)[C@@]([H])(N([H])[H])C([H])([H])C([H])([H])C([H])([H])C([H])([H])N([H])[H])C([H])([H])[H]>>[H][N:25]([C:23])[H:101],EVODEX-P26461
EVODEX-N10472,[H]OC(=O)C([H])([H])C([H])([H])[C@@]([H])(C(=O)N([H])[C@]([H])(C(=O)N([H])[C@]([H])(C(=O)N([H])[C@]([H])(C(=O)O[H])C([H])([H])O[H])C([H])([H])C([H])([H])SC([H])([H])[H])C([H])([H])[H])N([H])C(=O)[C@@]([H])(N([H])[C:26](=[O:27])[C:28])C([H])([H])[H].[H][O:75][H:158]>>[C:26](=[O:27])([C:28])[O:75][H:158],EVODEX-P26462
EVODEX-N10473,[H][O:75][H:158]>>[H]N=C(N([H])[H])N([H])C([H])([H])C([H])([H])C([H])([H])[C@@]([H])(C(=O)N([H])[C@]([H])(C(=O)N([H])[C@]([H])(C(=O)[O:75][H:158])C([H])([H])C([H])(C([H])([H])[H])C([H])([H])[H])C([H])(C([H])([H])[H])C([H])([H])[H])N([H])C(=O)[C@@]([H])(N([H])C(=O)[C@@]([H])(N([H])[H])C([H])([H])C([H])([H])C([H])([H])C([H])([H])N([H])[H])C([H])([H])[H],EVODEX-P26463
EVODEX-N10474,[H]OC(=O)C([H])([H])C([H])([H])[C@@]([H])(C(=O)N([H])[C@]([H])(C(=O)N([H])[C@]([H])(C(=O)N([H])[C@]([H])(C(=O)O[H])C([H])([H])O[H])C([H])([H])C([H])([H])SC([H])([H])[H])C([H])([H])[H])N([H])C(=O)[C@@]([H])(N([H])[C:26](=[O:27])[C:28])C([H])([H])[H]>>[H]O[C:26](=[O:27])[C:28],EVODEX-P26464
EVODEX-N10475,[N:1](=[C:2]([N:3])[N:4])[H:14].[H][O:13][H]>>[H][N:1]([C:2]([N:3])=[O:13])[H:14].[H][N:4],"EVODEX-P26466,EVODEX-P26580,EVODEX-P28258,EVODEX-P28262,EVODEX-P28267,EVODEX-P28271,EVODEX-P28276,EVODEX-P28299,EVODEX-P28304,EVODEX-P28310,EVODEX-P28331,EVODEX-P28336,EVODEX-P28360,EVODEX-P28365,EVODEX-P28370,EVODEX-P28376,EVODEX-P28382,EVODEX-P28387,EVODEX-P28392,EVODEX-P28397,EVODEX-P28402,EVODEX-P28441,EVODEX-P28446,EVODEX-P28451,EVODEX-P28456,EVODEX-P28479,EVODEX-P28497,EVODEX-P28524,EVODEX-P28530,EVODEX-P28553,EVODEX-P28559,EVODEX-P28578,EVODEX-P28596,EVODEX-P28602,EVODEX-P28614,EVODEX-P28625,EVODEX-P28645,EVODEX-P29327"
EVODEX-N10476,[H]N=C(N([H])[H])N([H])C([H])([H])C([H])([H])C([H])([H])[C@@]([H])(C(=O)N([H])[C@]([H])(C(=O)N([H])[C@]([H])(C(=O)N([H])[C@]([H])(C(=O)N([H])[C@]([H])(C(=O)N([H])[C@]([H])(C(=O)N([H])C([H])([H])C([H])([H])N([H])C1:C([H]):C([H]):C([H]):C2:C(S(=O)(=O)O[H]):C([H]):C([H]):C([H]):C:1:2)C([H])([H])C([H])([H])C(=O)O[H])C([H])([H])C([H])([H])C([H])([H])N([H])[C:64](=[N:65])[N:66])C([H])([H])C(=O)N([H])[H])[C@@]([H])(C([H])([H])[H])C([H])([H])C([H])([H])[H])C([H])([H])C([H])([H])C([H])([H])N([H])C(=N[H])N([H])[H])N([H])C(=O)C1:C([H]):C([H]):C(/N=N/C2:C([H]):C([H]):C(N(C([H])([H])[H])C([H])([H])[H]):C([H]):C:2[H]):C([H]):C:1[H].[H][O:96][H:184]>>[C:64](=[N:65])([N:66])[O:96][H:184],EVODEX-P26468
EVODEX-N10477,[H][O:96][H:184]>>[H]N=C(N([H])[H])[O:96][H:184],EVODEX-P26469
EVODEX-N10478,[H]N=C(N([H])[H])N([H])C([H])([H])C([H])([H])C([H])([H])[C@@]([H])(C(=O)N([H])[C@]([H])(C(=O)N([H])[C@]([H])(C(=O)N([H])[C@]([H])(C(=O)N([H])[C@]([H])(C(=O)N([H])[C@]([H])(C(=O)N([H])C([H])([H])C([H])([H])N([H])C1:C([H]):C([H]):C([H]):C2:C(S(=O)(=O)O[H]):C([H]):C([H]):C([H]):C:1:2)C([H])([H])C([H])([H])C(=O)O[H])C([H])([H])C([H])([H])C([H])([H])N([H])[C:64](=[N:65])[N:66])C([H])([H])C(=O)N([H])[H])[C@@]([H])(C([H])([H])[H])C([H])([H])C([H])([H])[H])C([H])([H])C([H])([H])C([H])([H])N([H])C(=N[H])N([H])[H])N([H])C(=O)C1:C([H]):C([H]):C(/N=N/C2:C([H]):C([H]):C(N(C([H])([H])[H])C([H])([H])[H]):C([H]):C:2[H]):C([H]):C:1[H]>>[H]O[C:64](=[N:65])[N:66],EVODEX-P26470
EVODEX-N10479,[H]N=C(N([H])[H])N([H])C([H])([H])C([H])([H])C([H])([H])[C@@]([H])(C(=O)[N:49]([C:41])[H:184])N([H])C(=O)[C@@]([H])(N([H])C(=O)[C@@]([H])(N([H])C(=O)[C@@]([H])(N([H])C(=O)C([H])([H])N([H])C(=O)[C@@]([H])(N([H])C(=O)[C@@]([H])(N([H])C(=O)C([H])([H])N([H])C(=O)C([H])([H])[H])C([H])([H])C([H])(C([H])([H])[H])C([H])([H])[H])C([H])([H])C([H])(C([H])([H])[H])C([H])([H])[H])C([H])([H])C(=O)O[H])C([H])([H])C1:C([H]):C([H]):C([H]):C([H]):C:1[H])C([H])([H])[H]>>[H][N:49]([C:41])[H:184],EVODEX-P26473
EVODEX-N10480,[H]N=C(N([H])[H])N([H])C([H])([H])C([H])([H])C([H])([H])[C@@]([H])(C(=O)N([H])[C@]([H])(C(=O)N([H])[C@]([H])(C(=O)N([H])[C@]([H])(C(=O)N([H])[C@]([H])(C(=O)N([H])[C@]([H])(C(=O)N([H])C([H])([H])C(=O)N([H])[C@]([H])(C(=O)O[H])C([H])([H])S[H])[C@@]([H])(C([H])([H])[H])C([H])([H])C([H])([H])[H])C([H])([H])C([H])([H])C([H])([H])C([H])([H])N([H])[H])C([H])([H])C([H])([H])C(=O)O[H])C([H])([H])C([H])([H])C([H])([H])C([H])([H])N([H])[H])C([H])([H])[H])N([H])[C:50](=[O:51])[C:52].[H][O:125][H:256]>>[C:50](=[O:51])([C:52])[O:125][H:256],EVODEX-P26474
EVODEX-N10481,[H][O:125][H:256]>>[H]N=C(N([H])[H])N([H])C([H])([H])C([H])([H])C([H])([H])[C@@]([H])(C(=O)[O:125][H:256])N([H])C(=O)[C@@]([H])(N([H])C(=O)[C@@]([H])(N([H])C(=O)[C@@]([H])(N([H])C(=O)C([H])([H])N([H])C(=O)[C@@]([H])(N([H])C(=O)[C@@]([H])(N([H])C(=O)C([H])([H])N([H])C(=O)C([H])([H])[H])C([H])([H])C([H])(C([H])([H])[H])C([H])([H])[H])C([H])([H])C([H])(C([H])([H])[H])C([H])([H])[H])C([H])([H])C(=O)O[H])C([H])([H])C1:C([H]):C([H]):C([H]):C([H]):C:1[H])C([H])([H])[H],EVODEX-P26475
EVODEX-N10482,[H]N=C(N([H])[H])N([H])C([H])([H])C([H])([H])C([H])([H])[C@@]([H])(C(=O)N([H])[C@]([H])(C(=O)N([H])[C@]([H])(C(=O)N([H])[C@]([H])(C(=O)N([H])[C@]([H])(C(=O)N([H])[C@]([H])(C(=O)N([H])C([H])([H])C(=O)N([H])[C@]([H])(C(=O)O[H])C([H])([H])S[H])[C@@]([H])(C([H])([H])[H])C([H])([H])C([H])([H])[H])C([H])([H])C([H])([H])C([H])([H])C([H])([H])N([H])[H])C([H])([H])C([H])([H])C(=O)O[H])C([H])([H])C([H])([H])C([H])([H])C([H])([H])N([H])[H])C([H])([H])[H])N([H])[C:50](=[O:51])[C:52]>>[H]O[C:50](=[O:51])[C:52],EVODEX-P26476
EVODEX-N10483,[H]OC(=O)C([H])([H])[C@@]([H])(C(=O)N([H])[C@]([H])(C(=O)N([H])[C@]([H])(C(=O)[N:59]([C:51])[H:201])C([H])([H])C1:C([H]):C([H]):C([H]):C([H]):C:1[H])C([H])([H])C1:C([H]):C([H]):C([H]):C([H]):C:1[H])N([H])C(=O)C([H])([H])N([H])C(=O)C([H])(N([H])C(=O)[C@@]([H])(N([H])C(=O)C([H])([H])N([H])C(=O)C([H])([H])[H])C([H])([H])C([H])(C([H])([H])[H])C([H])([H])[H])C([H])([H])C([H])(C([H])([H])[H])C([H])([H])[H]>>[H][N:59]([C:51])[H:201],EVODEX-P26479
EVODEX-N10484,[H]N=C(N([H])[H])N([H])C([H])([H])C([H])([H])C([H])([H])[C@@]([H])(C(=O)N([H])[C@]([H])(C(=O)N([H])[C@]([H])(C(=O)N([H])[C@]([H])(C(=O)N([H])[C@]([H])(C(=O)N([H])[C@]([H])(C(=O)N([H])[C@]([H])(C(=O)N([H])C([H])([H])C(=O)N([H])C([H])(C(=O)O[H])C([H])([H])S[H])[C@@]([H])(C([H])([H])[H])C([H])([H])C([H])([H])[H])C([H])([H])C([H])([H])C([H])([H])C([H])([H])N([H])[H])C([H])([H])C([H])([H])C(=O)O[H])C([H])([H])C([H])([H])C([H])([H])C([H])([H])N([H])[H])C([H])([H])O[H])C([H])([H])C([H])([H])C([H])([H])C([H])([H])N([H])[H])N([H])[C:60](=[O:61])[C:62].[H][O:130][H:265]>>[C:60](=[O:61])([C:62])[O:130][H:265],EVODEX-P26480
EVODEX-N10485,[H][O:130][H:265]>>[H]OC(=O)C([H])([H])[C@@]([H])(C(=O)N([H])[C@]([H])(C(=O)N([H])[C@]([H])(C(=O)[O:130][H:265])C([H])([H])C1:C([H]):C([H]):C([H]):C([H]):C:1[H])C([H])([H])C1:C([H]):C([H]):C([H]):C([H]):C:1[H])N([H])C(=O)C([H])([H])N([H])C(=O)C([H])(N([H])C(=O)[C@@]([H])(N([H])C(=O)C([H])([H])N([H])C(=O)C([H])([H])[H])C([H])([H])C([H])(C([H])([H])[H])C([H])([H])[H])C([H])([H])C([H])(C([H])([H])[H])C([H])([H])[H],EVODEX-P26481
EVODEX-N10486,[H]N=C(N([H])[H])N([H])C([H])([H])C([H])([H])C([H])([H])[C@@]([H])(C(=O)N([H])[C@]([H])(C(=O)N([H])[C@]([H])(C(=O)N([H])[C@]([H])(C(=O)N([H])[C@]([H])(C(=O)N([H])[C@]([H])(C(=O)N([H])[C@]([H])(C(=O)N([H])C([H])([H])C(=O)N([H])C([H])(C(=O)O[H])C([H])([H])S[H])[C@@]([H])(C([H])([H])[H])C([H])([H])C([H])([H])[H])C([H])([H])C([H])([H])C([H])([H])C([H])([H])N([H])[H])C([H])([H])C([H])([H])C(=O)O[H])C([H])([H])C([H])([H])C([H])([H])C([H])([H])N([H])[H])C([H])([H])O[H])C([H])([H])C([H])([H])C([H])([H])C([H])([H])N([H])[H])N([H])[C:60](=[O:61])[C:62]>>[H]O[C:60](=[O:61])[C:62],EVODEX-P26482
EVODEX-N10487,[H]OC1:C([H]):C([H]):C(C([H])([H])C([H])(C(=O)[N:41]([C:30])[H:146])N([H])C(=O)C([H])(N([H])C(=O)C([H])(N([H])C(=O)C([H])(N([H])C(=O)C([H])(N([H])C(=O)C([H])(N([H])C(=O)C2:C([H]):C([H]):C([H]):C([H]):C:2N([H])[H])C([H])([H])[H])C([H])(O[H])C([H])([H])[H])C([H])([H])C2:C([H]):N:C([H]):N:2[H])C([H])([H])C([H])([H])C(=O)N([H])[H])C([H])(C([H])([H])[H])C([H])([H])[H]):C([H]):C:1[H]>>[H][N:41]([C:30])[H:146],EVODEX-P26485
EVODEX-N10488,[H][O:107][H:206]>>[H]OC1:C([H]):C([H]):C(C([H])([H])[C@@]([H])(C(=O)[O:107][H:206])N([H])C(=O)C([H])(N([H])C(=O)C([H])(N([H])C(=O)C([H])(N([H])C(=O)C([H])(N([H])C(=O)C([H])(N([H])C(=O)C2:C([H]):C([H]):C([H]):C([H]):C:2N([H])[H])C([H])([H])[H])C([H])(O[H])C([H])([H])[H])C([H])([H])C2:C([H]):N:C([H]):N:2[H])C([H])([H])C([H])([H])C(=O)N([H])[H])C([H])(C([H])([H])[H])C([H])([H])[H]):C([H]):C:1[H],EVODEX-P26487
EVODEX-N10489,[H]N=C(N([H])[H])N([H])C([H])([H])C([H])([H])C([H])([H])C([H])(C(=O)N([H])[C@]([H])(C(=O)N([H])[C@]([H])(C(=O)[N:34]([C:23])[H:113])C([H])([H])C1:C([H]):C([H]):C(O[H]):C([H]):C:1[H])C([H])(C([H])([H])[H])C([H])([H])[H])N([H])C(=O)[C@@]([H])(N([H])C(=O)[C@@]([H])(N([H])[H])C([H])([H])C([H])([H])C([H])([H])C([H])([H])N([H])[H])C([H])([H])[H]>>[H][N:34]([C:23])[H:113],EVODEX-P26491
EVODEX-N10490,[H][O:82][H:164]>>[H]N=C(N([H])[H])N([H])C([H])([H])C([H])([H])C([H])([H])C([H])(C(=O)N([H])[C@]([H])(C(=O)N([H])[C@]([H])(C(=O)[O:82][H:164])C([H])([H])C1:C([H]):C([H]):C(O[H]):C([H]):C:1[H])C([H])(C([H])([H])[H])C([H])([H])[H])N([H])C(=O)[C@@]([H])(N([H])C(=O)[C@@]([H])(N([H])[H])C([H])([H])C([H])([H])C([H])([H])C([H])([H])N([H])[H])C([H])([H])[H],EVODEX-P26493
EVODEX-N10491,[H]N(C(=O)[C@@]([H])(N([H])C(=O)[C@@]([H])(N([H])[H])C([H])([H])C([H])([H])SC([H])([H])[H])C([H])([H])C([H])([H])C([H])([H])C([H])([H])N([H])[H])C([H])([H])C(=O)[N:21]([C:19])[H:175]>>[H][N:21]([C:19])[H:175],EVODEX-P26497
EVODEX-N10492,[H]OC(=O)[C@@]([H])(N([H])C(=O)[C@@]([H])(N([H])C(=O)[C@@]([H])(N([H])C(=O)[C@@]([H])(N([H])C(=O)[C@@]([H])(N([H])C(=O)[C@@]([H])(N([H])C(=O)[C@@]([H])(N([H])C(=O)[C@@]([H])(N([H])C(=O)[C@@]([H])(N([H])C(=O)[C@@]([H])(N([H])C(=O)[C@@]([H])(N([H])C(=O)[C@@]([H])(N([H])C(=O)[C@@]([H])(N([H])C(=O)[C@@]([H])(N([H])C(=O)C([H])([H])N([H])C(=O)[C@@]([H])(N([H])C(=O)C([H])([H])N([H])C(=O)[C@@]([H])(N([H])C(=O)[C@@]([H])(N([H])[C:22](=[O:23])[C:24])C([H])([H])[H])C([H])([H])O[H])[C@@]([H])(C([H])([H])[H])C([H])([H])C([H])([H])[H])[C@]([H])(O[H])C([H])([H])[H])C([H])([H])C([H])(C([H])([H])[H])C([H])([H])[H])[C@@]([H])(C([H])([H])[H])C([H])([H])C([H])([H])[H])C([H])(C([H])([H])[H])C([H])([H])[H])C([H])([H])C1:C([H]):C([H]):C([H]):C([H]):C:1[H])[C@@]([H])(C([H])([H])[H])C([H])([H])C([H])([H])[H])C([H])([H])[H])C([H])([H])C([H])([H])SC([H])([H])[H])C([H])(C([H])([H])[H])C([H])([H])[H])C([H])([H])C([H])(C([H])([H])[H])C([H])([H])[H])C([H])(C([H])([H])[H])C([H])([H])[H])C([H])([H])[H])C([H])([H])[H])C([H])(C([H])([H])[H])C([H])([H])[H].[H][O:151][H:325]>>[C:22](=[O:23])([C:24])[O:151][H:325],"EVODEX-P26498,EVODEX-P26504"
EVODEX-N10493,[H][O:151][H:325]>>[H]N(C(=O)[C@@]([H])(N([H])C(=O)[C@@]([H])(N([H])[H])C([H])([H])C([H])([H])SC([H])([H])[H])C([H])([H])C([H])([H])C([H])([H])C([H])([H])N([H])[H])C([H])([H])C(=O)[O:151][H:325],EVODEX-P26499
EVODEX-N10494,[H]OC(=O)[C@@]([H])(N([H])C(=O)[C@@]([H])(N([H])C(=O)[C@@]([H])(N([H])C(=O)[C@@]([H])(N([H])C(=O)[C@@]([H])(N([H])C(=O)[C@@]([H])(N([H])C(=O)[C@@]([H])(N([H])C(=O)[C@@]([H])(N([H])C(=O)[C@@]([H])(N([H])C(=O)[C@@]([H])(N([H])C(=O)[C@@]([H])(N([H])C(=O)[C@@]([H])(N([H])C(=O)[C@@]([H])(N([H])C(=O)[C@@]([H])(N([H])C(=O)C([H])([H])N([H])C(=O)[C@@]([H])(N([H])C(=O)C([H])([H])N([H])C(=O)[C@@]([H])(N([H])C(=O)[C@@]([H])(N([H])[C:22](=[O:23])[C:24])C([H])([H])[H])C([H])([H])O[H])[C@@]([H])(C([H])([H])[H])C([H])([H])C([H])([H])[H])[C@]([H])(O[H])C([H])([H])[H])C([H])([H])C([H])(C([H])([H])[H])C([H])([H])[H])[C@@]([H])(C([H])([H])[H])C([H])([H])C([H])([H])[H])C([H])(C([H])([H])[H])C([H])([H])[H])C([H])([H])C1:C([H]):C([H]):C([H]):C([H]):C:1[H])[C@@]([H])(C([H])([H])[H])C([H])([H])C([H])([H])[H])C([H])([H])[H])C([H])([H])C([H])([H])SC([H])([H])[H])C([H])(C([H])([H])[H])C([H])([H])[H])C([H])([H])C([H])(C([H])([H])[H])C([H])([H])[H])C([H])(C([H])([H])[H])C([H])([H])[H])C([H])([H])[H])C([H])([H])[H])C([H])(C([H])([H])[H])C([H])([H])[H]>>[H]O[C:22](=[O:23])[C:24],"EVODEX-P26500,EVODEX-P26506"
EVODEX-N10495,[H]N(C(=O)[C@@]([H])(N([H])C(=O)[C@@]([H])(N([H])C(=O)[C@@]([H])(N([H])[H])C([H])([H])C([H])([H])SC([H])([H])[H])C([H])([H])C([H])([H])C([H])([H])C([H])([H])N([H])[H])C([H])([H])C([H])([H])C([H])([H])C([H])([H])N([H])[H])C([H])([H])C(=O)[N:21]([C:19])[H:184]>>[H][N:21]([C:19])[H:184],EVODEX-P26503
EVODEX-N10496,[H][O:160][H:346]>>[H]N(C(=O)[C@@]([H])(N([H])C(=O)[C@@]([H])(N([H])C(=O)[C@@]([H])(N([H])[H])C([H])([H])C([H])([H])SC([H])([H])[H])C([H])([H])C([H])([H])C([H])([H])C([H])([H])N([H])[H])C([H])([H])C([H])([H])C([H])([H])C([H])([H])N([H])[H])C([H])([H])C(=O)[O:160][H:346],EVODEX-P26505
EVODEX-N10497,[H]C1:C([H]):C([H]):C(C([H])([H])OC(=O)N([H])C([H])([H])C(=O)N2C([H])([H])C([H])([H])C([H])([H])[C@@]2([H])C(=O)N([H])[C@]([H])(C(=O)[N:30]([C:31])[H:71])C([H])([H])C([H])(C([H])([H])[H])C([H])([H])[H]):C([H]):C:1[H]>>[H][N:30]([C:31])[H:71],EVODEX-P26509
EVODEX-N10498,[H][O:42][H:82]>>[H]C1:C([H]):C([H]):C(C([H])([H])OC(=O)N([H])C([H])([H])C(=O)N2C([H])([H])C([H])([H])C([H])([H])[C@@]2([H])C(=O)N([H])[C@]([H])(C(=O)[O:42][H:82])C([H])([H])C([H])(C([H])([H])[H])C([H])([H])[H]):C([H]):C:1[H],EVODEX-P26511
EVODEX-N10499,[H]OC1:C([H]):C([H]):C2:C(C([H])([H])C([H])([H])C(=O)N([H])[C@]([H])(C(=O)N([H])[C@]([H])(C(=O)[N:27]([C:28])[H:69])C([H])([H])[H])C([H])([H])[H]):C([H]):C(=O):O:C:2:C:1[H]>>[H][N:27]([C:28])[H:69],EVODEX-P26515
EVODEX-N10500,[H]OC(=O)C([H])([H])C([H])([H])N([H])C(=O)[C@@]1([H])N(C(=O)C([H])([H])N([H])C(=O)[C@@]([H])(N([H])[C:25]([C:23])=[O:26])C([H])([H])[H])C([H])([H])C([H])([H])C1([H])[H].[H][O:49][H:90]>>[C:23][C:25](=[O:26])[O:49][H:90],EVODEX-P26516
EVODEX-N10501,[H][O:49][H:90]>>[H]OC1:C([H]):C([H]):C2:C(C([H])([H])C([H])([H])C(=O)N([H])[C@]([H])(C(=O)N([H])[C@]([H])(C(=O)[O:49][H:90])C([H])([H])[H])C([H])([H])[H]):C([H]):C(=O):O:C:2:C:1[H],EVODEX-P26517
EVODEX-N10502,[H]OC(=O)C([H])([H])C([H])([H])N([H])C(=O)[C@@]1([H])N(C(=O)C([H])([H])N([H])C(=O)[C@@]([H])(N([H])[C:25]([C:23])=[O:26])C([H])([H])[H])C([H])([H])C([H])([H])C1([H])[H]>>[H]O[C:25]([C:23])=[O:26],EVODEX-P26518
EVODEX-N10503,[H]C1:C(OC([H])([H])[H]):C([H]):C2:O:C(=O):C([H]):C(C([H])([H])C(=O)N3C([H])([H])C([H])([H])C([H])([H])[C@@]3([H])C(=O)N([H])[C@]([H])(C(=O)N([H])C([H])([H])C(=O)[N:30]([C:31])[H:108])C([H])([H])C([H])(C([H])([H])[H])C([H])([H])[H]):C:2:C:1[H]>>[H][N:30]([C:31])[H:108],"EVODEX-P26521,EVODEX-P26867"
EVODEX-N10504,[H][O:79][H:148]>>[H]C1:C(OC([H])([H])[H]):C([H]):C2:O:C(=O):C([H]):C(C([H])([H])C(=O)N3C([H])([H])C([H])([H])C([H])([H])[C@@]3([H])C(=O)N([H])[C@]([H])(C(=O)N([H])C([H])([H])C(=O)[O:79][H:148])C([H])([H])C([H])(C([H])([H])[H])C([H])([H])[H]):C:2:C:1[H],EVODEX-P26523
EVODEX-N10505,[H]N(C(=O)[C@@]([H])(N([H])C(=O)[C@@]1([H])N(C(=O)C([H])([H])[H])C([H])([H])C([H])([H])C1([H])[H])C([H])([H])C([H])(C([H])([H])[H])C([H])([H])[H])C([H])([H])C(=O)[S:27][C:22]>>[H][S:27][C:22],EVODEX-P26527
EVODEX-N10506,[H]N(C(=O)[C@@]([H])(N([H])C(=O)C([H])(S[C:28](=[O:29])[C:30])C([H])([H])C([H])(C([H])([H])[H])C([H])([H])[H])C([H])([H])C([H])(C([H])([H])[H])C([H])([H])[H])[C@]([H])(C(=O)OC([H])([H])C([H])([H])[H])C([H])([H])C([H])(C([H])([H])[H])C([H])([H])[H].[H][O:50][H:112]>>[C:28](=[O:29])([C:30])[O:50][H:112],EVODEX-P26528
EVODEX-N10507,[H][O:50][H:112]>>[H]N(C(=O)[C@@]([H])(N([H])C(=O)[C@@]1([H])N(C(=O)C([H])([H])[H])C([H])([H])C([H])([H])C1([H])[H])C([H])([H])C([H])(C([H])([H])[H])C([H])([H])[H])C([H])([H])C(=O)[O:50][H:112],EVODEX-P26529
EVODEX-N10508,[H]N(C(=O)[C@@]([H])(N([H])C(=O)C([H])(S[C:28](=[O:29])[C:30])C([H])([H])C([H])(C([H])([H])[H])C([H])([H])[H])C([H])([H])C([H])(C([H])([H])[H])C([H])([H])[H])[C@]([H])(C(=O)OC([H])([H])C([H])([H])[H])C([H])([H])C([H])(C([H])([H])[H])C([H])([H])[H]>>[H]O[C:28](=[O:29])[C:30],EVODEX-P26530
EVODEX-N10509,[H]C1:C([H]):C([H]):C(C([H])([H])OC(=O)N([H])C([H])(C(=O)N([H])C([H])(C(=O)N([H])C([H])(C(=O)[N:29]([C:30])[H:68])C([H])([H])C([H])(C([H])([H])[H])C([H])([H])[H])C([H])([H])[H])C([H])([H])[H]):C([H]):C:1[H]>>[H][N:29]([C:30])[H:68],EVODEX-P26533
EVODEX-N10510,[H][O:39][H:73]>>[H]C1:C([H]):C([H]):C(C([H])([H])OC(=O)N([H])C([H])(C(=O)N([H])C([H])(C(=O)N([H])[C@]([H])(C(=O)[O:39][H:73])C([H])([H])C([H])(C([H])([H])[H])C([H])([H])[H])C([H])([H])[H])C([H])([H])[H]):C([H]):C:1[H],EVODEX-P26535
EVODEX-N10511,[H]N=C(N([H])[H])N([H])C([H])([H])C([H])([H])C([H])([H])[C@@]([H])(C(=O)N1C([H])([H])C([H])([H])C([H])([H])[C@@]1([H])C(=O)N1C([H])([H])C([H])([H])C([H])([H])[C@@]1([H])C(=O)N([H])C([H])([H])C(=O)N([H])[C@]([H])(C(=O)N([H])[C@]([H])(C(=O)N([H])[C@]([H])(C(=O)[N:62]([C:63])[H:157])C([H])([H])[H])C([H])([H])O[H])C([H])([H])C1:C([H]):C([H]):C([H]):C([H]):C:1[H])N([H])C(=O)C([H])([H])C1:C([H]):C(=O):O:C2:C([H]):C(OC([H])([H])[H]):C([H]):C([H]):C:1:2>>[H][N:62]([C:63])[H:157],EVODEX-P26539
EVODEX-N10512,[H][O:101][H:183]>>[H]N=C(N([H])[H])N([H])C([H])([H])C([H])([H])C([H])([H])[C@@]([H])(C(=O)N1C([H])([H])C([H])([H])C([H])([H])[C@@]1([H])C(=O)N1C([H])([H])C([H])([H])C([H])([H])[C@@]1([H])C(=O)N([H])C([H])([H])C(=O)N([H])[C@]([H])(C(=O)N([H])[C@]([H])(C(=O)N([H])[C@]([H])(C(=O)[O:101][H:183])C([H])([H])[H])C([H])([H])O[H])C([H])([H])C1:C([H]):C([H]):C([H]):C([H]):C:1[H])N([H])C(=O)C([H])([H])C1:C([H]):C(=O):O:C2:C([H]):C(OC([H])([H])[H]):C([H]):C([H]):C:1:2,EVODEX-P26541
EVODEX-N10513,[H]N=C(N([H])[H])N([H])C([H])([H])C([H])([H])C([H])([H])[C@@]([H])(C(=O)N1C([H])([H])C([H])([H])C([H])([H])[C@@]1([H])C(=O)N([H])[C@]([H])(C(=O)N1C([H])([H])C([H])([H])C([H])([H])[C@@]1([H])C(=O)N([H])[C@]([H])(C(=O)N([H])[C@]([H])(C(=O)[N:40]([C:32])[H:137])C([H])([H])C([H])([H])C(=O)N([H])[H])C([H])([H])C([H])([H])C(=O)N([H])[H])C([H])([H])C([H])([H])C([H])([H])C([H])([H])N([H])[H])N([H])[H]>>[H][N:40]([C:32])[H:137],EVODEX-P26545
EVODEX-N10514,[H]C1:C([H]):C([H]):C(C([H])([H])[C@@]([H])(C(=O)N([H])C([H])([H])C(=O)N([H])[C@]([H])(C(=O)N([H])[C@]([H])(C(=O)N([H])[H])C([H])([H])C([H])([H])SC([H])([H])[H])C([H])([H])C([H])(C([H])([H])[H])C([H])([H])[H])N([H])C(=O)[C@@]([H])(N([H])[C:41](=[O:42])[C:43])C([H])([H])C2:C([H]):C([H]):C([H]):C([H]):C:2[H]):C([H]):C:1[H].[H][O:96][H:195]>>[C:41](=[O:42])([C:43])[O:96][H:195],EVODEX-P26546
EVODEX-N10515,[H][O:96][H:195]>>[H]N=C(N([H])[H])N([H])C([H])([H])C([H])([H])C([H])([H])[C@@]([H])(C(=O)N1C([H])([H])C([H])([H])C([H])([H])[C@@]1([H])C(=O)N([H])[C@]([H])(C(=O)N1C([H])([H])C([H])([H])C([H])([H])[C@@]1([H])C(=O)N([H])[C@]([H])(C(=O)N([H])[C@]([H])(C(=O)[O:96][H:195])C([H])([H])C([H])([H])C(=O)N([H])[H])C([H])([H])C([H])([H])C(=O)N([H])[H])C([H])([H])C([H])([H])C([H])([H])C([H])([H])N([H])[H])N([H])[H],EVODEX-P26547
EVODEX-N10516,[H]C1:C([H]):C([H]):C(C([H])([H])[C@@]([H])(C(=O)N([H])C([H])([H])C(=O)N([H])[C@]([H])(C(=O)N([H])[C@]([H])(C(=O)N([H])[H])C([H])([H])C([H])([H])SC([H])([H])[H])C([H])([H])C([H])(C([H])([H])[H])C([H])([H])[H])N([H])C(=O)[C@@]([H])(N([H])[C:41](=[O:42])[C:43])C([H])([H])C2:C([H]):C([H]):C([H]):C([H]):C:2[H]):C([H]):C:1[H]>>[H]O[C:41](=[O:42])[C:43],EVODEX-P26548
EVODEX-N10517,[H]C1:C([H]):C(C(=O)[N:49]([C:45])[C:48]):C([H]):C([H]):C:1/N=N/C1:C([H]):C([H]):C(N(C([H])([H])[H])C([H])([H])[H]):C([H]):C:1[H]>>[H][N:49]([C:45])[C:48],EVODEX-P26551
EVODEX-N10518,[H]N=C(N([H])C(=O)[C@@]1([H])N([C:50](=[O:51])[C:52])C([H])([H])C([H])([H])C1([H])[H])N([H])C([H])([H])C([H])([H])C([H])([H])[C@@]([H])(C(=O)N1C([H])([H])C([H])([H])C([H])([H])[C@@]1([H])C(=O)N1C([H])([H])C([H])([H])C([H])([H])[C@@]1([H])C(=O)N([H])[C@]([H])(C(=O)N1C([H])([H])C([H])([H])C([H])([H])[C@@]1([H])C(=O)N([H])[C@]([H])(C(=O)N([H])[C@]([H])(C(=O)N([H])[C@]([H])(C(=O)N([H])C([H])([H])C([H])([H])N([H])C1:C([H]):C([H]):C([H]):C2:C(S(=O)(=O)O[H]):C([H]):C([H]):C([H]):C:1:2)C([H])([H])C1:C([H]):C([H]):C(O[H]):C([H]):C:1[H])C([H])([H])C1:C([H]):C([H]):C([H]):C([H]):C:1[H])C([H])(C([H])([H])[H])C([H])([H])[H])C([H])([H])[H])N([H])[H].[H][O:112][H:212]>>[C:50](=[O:51])([C:52])[O:112][H:212],EVODEX-P26552
EVODEX-N10519,[H][O:112][H:212]>>[H]C1:C([H]):C(C(=O)[O:112][H:212]):C([H]):C([H]):C:1/N=N/C1:C([H]):C([H]):C(N(C([H])([H])[H])C([H])([H])[H]):C([H]):C:1[H],EVODEX-P26553
EVODEX-N10520,[H]N=C(N([H])C(=O)[C@@]1([H])N([C:50](=[O:51])[C:52])C([H])([H])C([H])([H])C1([H])[H])N([H])C([H])([H])C([H])([H])C([H])([H])[C@@]([H])(C(=O)N1C([H])([H])C([H])([H])C([H])([H])[C@@]1([H])C(=O)N1C([H])([H])C([H])([H])C([H])([H])[C@@]1([H])C(=O)N([H])[C@]([H])(C(=O)N1C([H])([H])C([H])([H])C([H])([H])[C@@]1([H])C(=O)N([H])[C@]([H])(C(=O)N([H])[C@]([H])(C(=O)N([H])[C@]([H])(C(=O)N([H])C([H])([H])C([H])([H])N([H])C1:C([H]):C([H]):C([H]):C2:C(S(=O)(=O)O[H]):C([H]):C([H]):C([H]):C:1:2)C([H])([H])C1:C([H]):C([H]):C(O[H]):C([H]):C:1[H])C([H])([H])C1:C([H]):C([H]):C([H]):C([H]):C:1[H])C([H])(C([H])([H])[H])C([H])([H])[H])C([H])([H])[H])N([H])[H]>>[H]O[C:50](=[O:51])[C:52],EVODEX-P26554
EVODEX-N10521,[H]OC(=O)C([H])([H])[C@@]([H])(C(=O)N([H])[C@]([H])(C(=O)N1C([H])([H])C([H])([H])C([H])([H])[C@@]1([H])C(=O)[N:42]([C:43])[H:166])C([H])(C([H])([H])[H])C([H])([H])[H])N([H])C(=O)[C@@]([H])(N([H])C(=O)[C@@]([H])(N([H])C(=O)[C@@]([H])(N([H])[H])[C@@]([H])(C([H])([H])[H])C([H])([H])C([H])([H])[H])C([H])([H])C([H])([H])C(=O)N([H])[H])C([H])([H])[H]>>[H][N:42]([C:43])[H:166],EVODEX-P26557
EVODEX-N10522,[H]OC(=O)C([H])([H])C([H])([H])[C@@]([H])(C(=O)N([H])[C@]([H])(C(=O)N([H])[C@]([H])(C(=O)N([H])[C@]([H])(C(=O)O[H])C([H])([H])C1:C([H]):C([H]):C(O[H]):C([H]):C:1[H])[C@@]([H])(C([H])([H])[H])C([H])([H])C([H])([H])[H])C([H])([H])C([H])([H])C(=O)O[H])N([H])C(=O)[C@@]([H])(N([H])C(=O)[C@@]([H])(N([H])C(=O)[C@@]([H])(N([H])C(=O)[C@@]1([H])N(C(=O)[C@@]([H])(N([H])C(=O)[C@@]([H])(N([H])[C:40]([C:39])=[O:41])C([H])([H])O[H])C([H])(C([H])([H])[H])C([H])([H])[H])C([H])([H])C([H])([H])C1([H])[H])C([H])([H])O[H])C([H])([H])C(=O)N([H])[H])C([H])([H])C(=O)N([H])[H].[H][O:126][H:246]>>[C:39][C:40](=[O:41])[O:126][H:246],EVODEX-P26558
EVODEX-N10523,[H][O:126][H:246]>>[H]OC(=O)C([H])([H])[C@@]([H])(C(=O)N([H])[C@]([H])(C(=O)N1C([H])([H])C([H])([H])C([H])([H])[C@@]1([H])C(=O)[O:126][H:246])C([H])(C([H])([H])[H])C([H])([H])[H])N([H])C(=O)[C@@]([H])(N([H])C(=O)[C@@]([H])(N([H])C(=O)[C@@]([H])(N([H])[H])[C@@]([H])(C([H])([H])[H])C([H])([H])C([H])([H])[H])C([H])([H])C([H])([H])C(=O)N([H])[H])C([H])([H])[H],EVODEX-P26559
EVODEX-N10524,[H]OC(=O)C([H])([H])C([H])([H])[C@@]([H])(C(=O)N([H])[C@]([H])(C(=O)N([H])[C@]([H])(C(=O)N([H])[C@]([H])(C(=O)O[H])C([H])([H])C1:C([H]):C([H]):C(O[H]):C([H]):C:1[H])[C@@]([H])(C([H])([H])[H])C([H])([H])C([H])([H])[H])C([H])([H])C([H])([H])C(=O)O[H])N([H])C(=O)[C@@]([H])(N([H])C(=O)[C@@]([H])(N([H])C(=O)[C@@]([H])(N([H])C(=O)[C@@]1([H])N(C(=O)[C@@]([H])(N([H])C(=O)[C@@]([H])(N([H])[C:40]([C:39])=[O:41])C([H])([H])O[H])C([H])(C([H])([H])[H])C([H])([H])[H])C([H])([H])C([H])([H])C1([H])[H])C([H])([H])O[H])C([H])([H])C(=O)N([H])[H])C([H])([H])C(=O)N([H])[H]>>[H]O[C:40]([C:39])=[O:41],EVODEX-P26560
EVODEX-N10525,[H]OC1:C([H]):C([H]):C(C([H])([H])[C@@]([H])(C(=O)[N:10]([C:9])[H:100])N([H])C(=O)[C@@]([H])(N([H])C(=O)[C@@]([H])(N([H])C(=O)[C@@]([H])(N([H])C(=O)[C@@]2([H])N([H])C(=O)C([H])([H])C2([H])[H])C([H])([H])C2:C([H]):N:C([H]):N:2[H])C([H])([H])C2:C([H]):N([H]):C3:C([H]):C([H]):C([H]):C([H]):C:2:3)C([H])([H])O[H]):C([H]):C:1[H]>>[H][N:10]([C:9])[H:100],EVODEX-P26563
EVODEX-N10526,[H]N=C(N([H])[H])N([H])C([H])([H])C([H])([H])C([H])([H])[C@@]([H])(C(=O)N1C([H])([H])C([H])([H])C([H])([H])[C@@]1([H])C(=O)N([H])C([H])([H])C(=O)O[H])N([H])C(=O)[C@@]([H])(N([H])C(=O)C([H])([H])N([H])[C:11](=[O:12])[C:13])C([H])([H])C([H])(C([H])([H])[H])C([H])([H])[H].[H][O:86][H:161]>>[C:11](=[O:12])([C:13])[O:86][H:161],EVODEX-P26564
EVODEX-N10527,[H][O:86][H:161]>>[H]OC1:C([H]):C([H]):C(C([H])([H])[C@@]([H])(C(=O)[O:86][H:161])N([H])C(=O)[C@@]([H])(N([H])C(=O)[C@@]([H])(N([H])C(=O)[C@@]([H])(N([H])C(=O)[C@@]2([H])N([H])C(=O)C([H])([H])C2([H])[H])C([H])([H])C2:C([H]):N:C([H]):N:2[H])C([H])([H])C2:C([H]):N([H]):C3:C([H]):C([H]):C([H]):C([H]):C:2:3)C([H])([H])O[H]):C([H]):C:1[H],EVODEX-P26565
EVODEX-N10528,[H]N=C(N([H])[H])N([H])C([H])([H])C([H])([H])C([H])([H])[C@@]([H])(C(=O)N1C([H])([H])C([H])([H])C([H])([H])[C@@]1([H])C(=O)N([H])C([H])([H])C(=O)O[H])N([H])C(=O)[C@@]([H])(N([H])C(=O)C([H])([H])N([H])[C:11](=[O:12])[C:13])C([H])([H])C([H])(C([H])([H])[H])C([H])([H])[H]>>[H]O[C:11](=[O:12])[C:13],EVODEX-P26566
EVODEX-N10529,[H]OC(=O)C([H])([H])[C@@]([H])(C(=O)N([H])[C@]([H])(C(=O)N([H])[C@]([H])(C(=O)[N:28]([C:25])[H:123])C([H])([H])C([H])([H])C([H])([H])C([H])([H])N([H])[H])C([H])([H])C([H])(C([H])([H])[H])C([H])([H])[H])N([H])C(=O)C([H])([H])N([H])C(=O)[C@@]([H])(N([H])C(=O)C([H])([H])N([H])[H])C([H])([H])C1:C([H]):C([H]):C([H]):C([H]):C:1[H]>>[H][N:28]([C:25])[H:123],EVODEX-P26569
EVODEX-N10530,[H]OC(=O)[C@@]([H])(N([H])C(=O)[C@@]([H])(N([H])C(=O)[C@@]([H])(N([H])C(=O)C([H])([H])N([H])C(=O)[C@@]([H])(N([H])C(=O)[C@@]1([H])N(C(=O)[C@@]([H])(N([H])[C:29](=[O:30])[C:31])C([H])([H])O[H])C([H])([H])C([H])([H])C1([H])[H])C([H])([H])[H])C([H])([H])C([H])(C([H])([H])[H])C([H])([H])[H])C([H])([H])C([H])([H])C(=O)N([H])[H])C([H])(C([H])([H])[H])C([H])([H])[H].[H][O:92][H:186]>>[C:29](=[O:30])([C:31])[O:92][H:186],EVODEX-P26570
EVODEX-N10531,[H][O:92][H:186]>>[H]OC(=O)C([H])([H])[C@@]([H])(C(=O)N([H])[C@]([H])(C(=O)N([H])[C@]([H])(C(=O)[O:92][H:186])C([H])([H])C([H])([H])C([H])([H])C([H])([H])N([H])[H])C([H])([H])C([H])(C([H])([H])[H])C([H])([H])[H])N([H])C(=O)C([H])([H])N([H])C(=O)[C@@]([H])(N([H])C(=O)C([H])([H])N([H])[H])C([H])([H])C1:C([H]):C([H]):C([H]):C([H]):C:1[H],EVODEX-P26571
EVODEX-N10532,[H]OC(=O)[C@@]([H])(N([H])C(=O)[C@@]([H])(N([H])C(=O)[C@@]([H])(N([H])C(=O)C([H])([H])N([H])C(=O)[C@@]([H])(N([H])C(=O)[C@@]1([H])N(C(=O)[C@@]([H])(N([H])[C:29](=[O:30])[C:31])C([H])([H])O[H])C([H])([H])C([H])([H])C1([H])[H])C([H])([H])[H])C([H])([H])C([H])(C([H])([H])[H])C([H])([H])[H])C([H])([H])C([H])([H])C(=O)N([H])[H])C([H])(C([H])([H])[H])C([H])([H])[H]>>[H]O[C:29](=[O:30])[C:31],EVODEX-P26572
EVODEX-N10533,[H]N=C(N([H])[H])N([H])C([H])([H])C([H])([H])C([H])([H])[C@@]([H])(C(=O)N([H])[C@]([H])(C(=O)N1C([H])([H])C([H])([H])C([H])([H])[C@]1([H])C(=O)[N:18]([C:9])[H:140])C([H])([H])C([H])([H])C([H])([H])N([H])C(=N[H])N([H])[H])N([H])C(=O)[C@]1([H])N(C(=O)[C@@]([H])(N([H])C(=O)[C@@]([H])(N([H])C(=O)[C@@]([H])(N([H])C(=O)[C@]([H])(N([H])C(=O)[C@@]([H])(N([H])C(=O)[C@]2([H])N([H])C(=O)C([H])([H])C2([H])[H])C([H])([H])C([H])(C([H])([H])[H])C([H])([H])[H])C([H])([H])C2:C([H]):C([H]):C(O[H]):C([H]):C:2[H])C([H])([H])C([H])([H])C(=O)O[H])C([H])([H])C(=O)N([H])[H])C([H])([H])C([H])([H])C([H])([H])C([H])([H])N([H])[H])C([H])([H])C([H])([H])C1([H])[H]>>[H][N:18]([C:9])[H:140],EVODEX-P26575
EVODEX-N10534,[H]OC(=O)[C@@]([H])(N([H])C(=O)[C@]([H])(N([H])C(=O)[C@@]([H])(N([H])[C:19](=[O:20])[C:21])C([H])([H])C1:C([H]):C([H]):C(O[H]):C([H]):C:1[H])[C@]([H])(C([H])([H])[H])C([H])([H])C([H])([H])[H])C([H])([H])C([H])(C([H])([H])[H])C([H])([H])[H].[H][O:120][H:242]>>[C:19](=[O:20])([C:21])[O:120][H:242],EVODEX-P26576
EVODEX-N10535,[H][O:120][H:242]>>[H]N=C(N([H])[H])N([H])C([H])([H])C([H])([H])C([H])([H])[C@@]([H])(C(=O)N([H])[C@]([H])(C(=O)N1C([H])([H])C([H])([H])C([H])([H])[C@]1([H])C(=O)[O:120][H:242])C([H])([H])C([H])([H])C([H])([H])N([H])C(=N[H])N([H])[H])N([H])C(=O)[C@]1([H])N(C(=O)[C@@]([H])(N([H])C(=O)[C@@]([H])(N([H])C(=O)[C@@]([H])(N([H])C(=O)[C@]([H])(N([H])C(=O)[C@@]([H])(N([H])C(=O)[C@]2([H])N([H])C(=O)C([H])([H])C2([H])[H])C([H])([H])C([H])(C([H])([H])[H])C([H])([H])[H])C([H])([H])C2:C([H]):C([H]):C(O[H]):C([H]):C:2[H])C([H])([H])C([H])([H])C(=O)O[H])C([H])([H])C(=O)N([H])[H])C([H])([H])C([H])([H])C([H])([H])C([H])([H])N([H])[H])C([H])([H])C([H])([H])C1([H])[H],EVODEX-P26577
EVODEX-N10536,[H]OC(=O)[C@@]([H])(N([H])C(=O)[C@]([H])(N([H])C(=O)[C@@]([H])(N([H])[C:19](=[O:20])[C:21])C([H])([H])C1:C([H]):C([H]):C(O[H]):C([H]):C:1[H])[C@]([H])(C([H])([H])[H])C([H])([H])C([H])([H])[H])C([H])([H])C([H])(C([H])([H])[H])C([H])([H])[H]>>[H]O[C:19](=[O:20])[C:21],EVODEX-P26578
EVODEX-N10537,[H]N=C(N([H])[H])N([H])C([H])([H])C([H])([H])C([H])([H])[C@@]([H])(C(=O)N1C([H])([H])C([H])([H])C([H])([H])[C@@]1([H])C(=O)N([H])[C@]([H])(C(=O)O[H])C([H])([H])C([H])([H])C(=O)O[H])N([H])C(=O)C([H])([H])N([H])C(=O)[C@@]([H])(N([H])C(=O)[C@@]([H])(N([H])C(=O)[C@@]([H])(N([H])C(=O)[C@@]([H])(N([H])C(=O)[C@@]([H])(N([H])C(=O)C([H])([H])N([H])C(=O)C([H])([H])N([H])C(=O)[C@@]([H])(N([H])[H])C([H])([H])C1:C([H]):C([H]):C(O[H]):C([H]):C:1[H])C([H])([H])C1:C([H]):C([H]):C([H]):C([H]):C:1[H])C([H])([H])C([H])([H])SC([H])([H])[H])C([H])([H])C([H])([H])C([H])([H])N([H])[C:46](=[N:47])[N:48])C([H])([H])C([H])([H])C([H])([H])N([H])C(=N[H])N([H])[H])C([H])(C([H])([H])[H])C([H])([H])[H].[H][O:101][H:199]>>[C:46](=[N:47])([N:48])[O:101][H:199],EVODEX-P26582
EVODEX-N10538,[H]N=C(N([H])[H])N([H])C([H])([H])C([H])([H])C([H])([H])[C@@]([H])(C(=O)N1C([H])([H])C([H])([H])C([H])([H])[C@@]1([H])C(=O)N([H])[C@]([H])(C(=O)O[H])C([H])([H])C([H])([H])C(=O)O[H])N([H])C(=O)C([H])([H])N([H])C(=O)[C@@]([H])(N([H])C(=O)[C@@]([H])(N([H])C(=O)[C@@]([H])(N([H])C(=O)[C@@]([H])(N([H])C(=O)[C@@]([H])(N([H])C(=O)C([H])([H])N([H])C(=O)C([H])([H])N([H])C(=O)[C@@]([H])(N([H])[H])C([H])([H])C1:C([H]):C([H]):C(O[H]):C([H]):C:1[H])C([H])([H])C1:C([H]):C([H]):C([H]):C([H]):C:1[H])C([H])([H])C([H])([H])SC([H])([H])[H])C([H])([H])C([H])([H])C([H])([H])N([H])[C:46](=[N:47])[N:48])C([H])([H])C([H])([H])C([H])([H])N([H])C(=N[H])N([H])[H])C([H])(C([H])([H])[H])C([H])([H])[H]>>[H]O[C:46](=[N:47])[N:48],EVODEX-P26583
EVODEX-N10539,[H]N=C(N([H])[H])N([H])C([H])([H])C([H])([H])C([H])([H])[C@]([H])(C(=O)O[H])N([H])C(=O)[C@@]([H])(N([H])C(=O)[C@@]([H])(N([H])[C:30]([C:29])=[O:31])C([H])([H])C1:C([H]):N([H]):C2:C([H]):C([H]):C([H]):C([H]):C:1:2)C([H])([H])[H].[H][O:63][H:116]>>[C:29][C:30](=[O:31])[O:63][H:116],EVODEX-P26587
EVODEX-N10540,[H]N=C(N([H])[H])N([H])C([H])([H])C([H])([H])C([H])([H])[C@]([H])(C(=O)O[H])N([H])C(=O)[C@@]([H])(N([H])C(=O)[C@@]([H])(N([H])[C:30]([C:29])=[O:31])C([H])([H])C1:C([H]):N([H]):C2:C([H]):C([H]):C([H]):C([H]):C:1:2)C([H])([H])[H]>>[H]O[C:30]([C:29])=[O:31],EVODEX-P26589
EVODEX-N10541,[H]N=C(N([H])[H])N([H])C([H])([H])C([H])([H])C([H])([H])[C@@]([H])(C(=O)N([H])[H])N([H])C(=O)[C@@]([H])(N([H])C(=O)[C@@]([H])(N([H])C(=O)[C@@]([H])(N([H])[C:33](=[O:34])[C:35])C([H])([H])C1:C([H]):C([H]):C(O[H]):C([H]):C:1[H])C([H])([H])C1:C([H]):N([H]):C2:C([H]):C([H]):C([H]):C([H]):C:1:2)C([H])([H])C([H])([H])SC([H])([H])[H].[H][O:83][H:150]>>[C:33](=[O:34])([C:35])[O:83][H:150],EVODEX-P26593
EVODEX-N10542,[H]N=C(N([H])[H])N([H])C([H])([H])C([H])([H])C([H])([H])[C@@]([H])(C(=O)N([H])[H])N([H])C(=O)[C@@]([H])(N([H])C(=O)[C@@]([H])(N([H])C(=O)[C@@]([H])(N([H])[C:33](=[O:34])[C:35])C([H])([H])C1:C([H]):C([H]):C(O[H]):C([H]):C:1[H])C([H])([H])C1:C([H]):N([H]):C2:C([H]):C([H]):C([H]):C([H]):C:1:2)C([H])([H])C([H])([H])SC([H])([H])[H]>>[H]O[C:33](=[O:34])[C:35],EVODEX-P26595
EVODEX-N10543,[H]OC(=O)C([H])([H])[C@@]([H])(C(=O)N([H])[C@]([H])(C(=O)[N:6]([C:5])[H:84])C([H])([H])C1:C([H]):C([H]):C(O[H]):C([H]):C:1[H])N([H])[H]>>[H][N:6]([C:5])[H:84],EVODEX-P26598
EVODEX-N10544,[H]OC(=O)C([H])([H])[C@@]([H])(C(=O)N([H])[C@]([H])(C(=O)N([H])[H])C([H])([H])C1:C([H]):C([H]):C([H]):C([H]):C:1[H])N([H])C(=O)[C@@]([H])(N([H])C(=O)[C@@]([H])(N([H])C(=O)C([H])([H])N([H])C(=O)[C@@]([H])(N([H])[C:7](=[O:8])[C:9])C([H])([H])C([H])([H])SC([H])([H])[H])C([H])([H])C1:C([H]):N([H]):C2:C([H]):C([H]):C([H]):C([H]):C:1:2)C([H])([H])C([H])([H])SC([H])([H])[H].[H][O:75][H:138]>>[C:7](=[O:8])([C:9])[O:75][H:138],EVODEX-P26599
EVODEX-N10545,[H][O:75][H:138]>>[H]OC(=O)C([H])([H])[C@@]([H])(C(=O)N([H])[C@]([H])(C(=O)[O:75][H:138])C([H])([H])C1:C([H]):C([H]):C(O[H]):C([H]):C:1[H])N([H])[H],EVODEX-P26600
EVODEX-N10546,[H]OC(=O)C([H])([H])[C@@]([H])(C(=O)N([H])[C@]([H])(C(=O)N([H])[H])C([H])([H])C1:C([H]):C([H]):C([H]):C([H]):C:1[H])N([H])C(=O)[C@@]([H])(N([H])C(=O)[C@@]([H])(N([H])C(=O)C([H])([H])N([H])C(=O)[C@@]([H])(N([H])[C:7](=[O:8])[C:9])C([H])([H])C([H])([H])SC([H])([H])[H])C([H])([H])C1:C([H]):N([H]):C2:C([H]):C([H]):C([H]):C([H]):C:1:2)C([H])([H])C([H])([H])SC([H])([H])[H]>>[H]O[C:7](=[O:8])[C:9],EVODEX-P26601
EVODEX-N10547,[H]N=C(N([H])[H])N([H])C([H])([H])C([H])([H])C([H])([H])[C@@]([H])(C(=O)N1C([H])([H])C([H])([H])C([H])([H])[C@@]1([H])C(=O)N([H])[C@]([H])(C(=O)N([H])[C@]([H])(C(=O)[N:47]([C:48])[H:132])C([H])([H])C1:C([H]):C([H]):C([H]):C([H]):C:1[H])[C@@]([H])(C([H])([H])[H])C([H])([H])C([H])([H])[H])N([H])C(=O)C1:C([H]):C([H]):C([H]):C([H]):C:1N([H])[H]>>[H][N:47]([C:48])[H:132],EVODEX-P26604
EVODEX-N10548,[H][O:86][H:165]>>[H]N=C(N([H])[H])N([H])C([H])([H])C([H])([H])C([H])([H])[C@@]([H])(C(=O)N1C([H])([H])C([H])([H])C([H])([H])[C@@]1([H])C(=O)N([H])[C@]([H])(C(=O)N([H])[C@]([H])(C(=O)[O:86][H:165])C([H])([H])C1:C([H]):C([H]):C([H]):C([H]):C:1[H])[C@@]([H])(C([H])([H])[H])C([H])([H])C([H])([H])[H])N([H])C(=O)C1:C([H]):C([H]):C([H]):C([H]):C:1N([H])[H],EVODEX-P26606
EVODEX-N10549,[H]OC1:C([H]):C([H]):C(C([H])([H])[C@@]([H])(C(=O)N([H])C([H])([H])C(=O)[N:30]([C:25])[H:132])N([H])C(=O)[C@@]([H])(N([H])C(=O)[C@@]2([H])N(C(=O)[C@@]([H])(N([H])C(=O)[C@@]([H])(N([H])[H])C([H])([H])C3:C([H]):C([H]):C([H]):C([H]):C:3[H])C([H])([H])[H])C([H])([H])C([H])([H])C2([H])[H])C([H])([H])C2:C([H]):C([H]):C(O[H]):C([H]):C:2[H]):C([H]):C:1[H]>>[H][N:30]([C:25])[H:132],EVODEX-P26610
EVODEX-N10550,[H]OC(=O)C([H])([H])C([H])([H])[C@@]([H])(C(=O)N1C([H])([H])C([H])([H])C([H])([H])[C@@]1([H])C(=O)N([H])[C@]([H])(C(=O)N([H])[C@]([H])(C(=O)N([H])[C@]([H])(C(=O)O[H])C([H])([H])C1:C([H]):C([H]):C([H]):C([H]):C:1[H])C([H])([H])C(=O)O[H])C([H])([H])C([H])([H])SC([H])([H])[H])N([H])C(=O)[C@@]([H])(N([H])[C:31](=[O:32])[C:33])C([H])([H])C(=O)O[H].[H][O:104][H:191]>>[C:31](=[O:32])([C:33])[O:104][H:191],EVODEX-P26611
EVODEX-N10551,[H][O:104][H:191]>>[H]OC1:C([H]):C([H]):C(C([H])([H])[C@@]([H])(C(=O)N([H])C([H])([H])C(=O)[O:104][H:191])N([H])C(=O)[C@@]([H])(N([H])C(=O)[C@@]2([H])N(C(=O)[C@@]([H])(N([H])C(=O)[C@@]([H])(N([H])[H])C([H])([H])C3:C([H]):C([H]):C([H]):C([H]):C:3[H])C([H])([H])[H])C([H])([H])C([H])([H])C2([H])[H])C([H])([H])C2:C([H]):C([H]):C(O[H]):C([H]):C:2[H]):C([H]):C:1[H],EVODEX-P26612
EVODEX-N10552,[H]OC(=O)C([H])([H])C([H])([H])[C@@]([H])(C(=O)N1C([H])([H])C([H])([H])C([H])([H])[C@@]1([H])C(=O)N([H])[C@]([H])(C(=O)N([H])[C@]([H])(C(=O)N([H])[C@]([H])(C(=O)O[H])C([H])([H])C1:C([H]):C([H]):C([H]):C([H]):C:1[H])C([H])([H])C(=O)O[H])C([H])([H])C([H])([H])SC([H])([H])[H])N([H])C(=O)[C@@]([H])(N([H])[C:31](=[O:32])[C:33])C([H])([H])C(=O)O[H]>>[H]O[C:31](=[O:32])[C:33],EVODEX-P26613
EVODEX-N10553,[H]N=C(N([H])[H])N([H])C([H])([H])C([H])([H])C([H])([H])[C@@]([H])(C(=O)N([H])[C@]([H])(C(=O)[N:40]([C:41])[H:113])C([H])([H])[H])N([H])C(=O)[C@@]([H])(N([H])C(=O)[C@@]([H])(N([H])[H])C([H])([H])C1:C([H]):C([H]):C([H]):C([H]):C:1[H])C([H])([H])C1:C([H]):C([H]):C(O[H]):C([H]):C:1[H]>>[H][N:40]([C:41])[H:113],EVODEX-P26616
EVODEX-N10554,[H]N=C(N([H])[H])N([H])C([H])([H])C([H])([H])C([H])([H])[C@@]([H])(C(=O)O[H])N([H])C(=O)[C@@]1([H])N(C(=O)[C@@]([H])(N([H])C(=O)[C@@]([H])(N([H])[C:38]([C:2])=[O:39])C([H])([H])C(=O)O[H])C([H])([H])C([H])([H])C(=O)N([H])[H])C([H])([H])C([H])([H])C1([H])[H].[H][O:76][H:146]>>[C:2][C:38](=[O:39])[O:76][H:146],EVODEX-P26617
EVODEX-N10555,[H][O:76][H:146]>>[H]N=C(N([H])[H])N([H])C([H])([H])C([H])([H])C([H])([H])[C@@]([H])(C(=O)N([H])[C@]([H])(C(=O)[O:76][H:146])C([H])([H])[H])N([H])C(=O)[C@@]([H])(N([H])C(=O)[C@@]([H])(N([H])[H])C([H])([H])C1:C([H]):C([H]):C([H]):C([H]):C:1[H])C([H])([H])C1:C([H]):C([H]):C(O[H]):C([H]):C:1[H],EVODEX-P26618
EVODEX-N10556,[H]N=C(N([H])[H])N([H])C([H])([H])C([H])([H])C([H])([H])[C@@]([H])(C(=O)O[H])N([H])C(=O)[C@@]1([H])N(C(=O)[C@@]([H])(N([H])C(=O)[C@@]([H])(N([H])[C:38]([C:2])=[O:39])C([H])([H])C(=O)O[H])C([H])([H])C([H])([H])C(=O)N([H])[H])C([H])([H])C([H])([H])C1([H])[H]>>[H]O[C:38]([C:2])=[O:39],EVODEX-P26619
EVODEX-N10557,[H]OC([H])([H])[C@@]([H])(C(=O)N([H])[C@]([H])(C(=O)N([H])[C@]([H])(C(=O)[N:25]([C:19])[H:85])C([H])([H])C([H])([H])C(=O)N([H])[H])C([H])([H])[H])N([H])[H]>>[H][N:25]([C:19])[H:85],"EVODEX-P26622,EVODEX-P26628"
EVODEX-N10558,[H]OC(=O)[C@@]([H])(N([H])C(=O)[C@@]([H])(N([H])C(=O)[C@@]([H])(N([H])C(=O)[C@@]([H])(N([H])[C:26](=[O:27])[C:28])C([H])([H])C([H])([H])C([H])([H])C([H])([H])N([H])[H])C([H])([H])C1:C([H]):C([H]):C([H]):C([H]):C:1[H])C([H])(C([H])([H])[H])C([H])([H])[H])C([H])([H])O[H].[H][O:55][H:111]>>[C:26](=[O:27])([C:28])[O:55][H:111],EVODEX-P26623
EVODEX-N10559,[H][O:55][H:111]>>[H]OC([H])([H])[C@@]([H])(C(=O)N([H])[C@]([H])(C(=O)N([H])[C@]([H])(C(=O)[O:55][H:111])C([H])([H])C([H])([H])C(=O)N([H])[H])C([H])([H])[H])N([H])[H],EVODEX-P26624
EVODEX-N10560,[H]OC(=O)[C@@]([H])(N([H])C(=O)[C@@]([H])(N([H])C(=O)[C@@]([H])(N([H])C(=O)[C@@]([H])(N([H])[C:26](=[O:27])[C:28])C([H])([H])C([H])([H])C([H])([H])C([H])([H])N([H])[H])C([H])([H])C1:C([H]):C([H]):C([H]):C([H]):C:1[H])C([H])(C([H])([H])[H])C([H])([H])[H])C([H])([H])O[H]>>[H]O[C:26](=[O:27])[C:28],EVODEX-P26625
EVODEX-N10561,[H]OC(=O)[C@@]([H])(N([H])C(=O)[C@@]([H])(N([H])C(=O)[C@@]([H])(N([H])C(=O)[C@@]([H])(N([H])[C:16](=[O:17])[C:18])C([H])([H])C([H])([H])C([H])([H])C([H])([H])N([H])[H])[C@@]([H])(C([H])([H])[H])C([H])([H])C([H])([H])[H])C([H])(C([H])([H])[H])C([H])([H])[H])C([H])([H])O[H].[H][O:52][H:110]>>[C:16](=[O:17])([C:18])[O:52][H:110],EVODEX-P26629
EVODEX-N10562,[H]OC(=O)[C@@]([H])(N([H])C(=O)[C@@]([H])(N([H])C(=O)[C@@]([H])(N([H])C(=O)[C@@]([H])(N([H])[C:16](=[O:17])[C:18])C([H])([H])C([H])([H])C([H])([H])C([H])([H])N([H])[H])[C@@]([H])(C([H])([H])[H])C([H])([H])C([H])([H])[H])C([H])(C([H])([H])[H])C([H])([H])[H])C([H])([H])O[H]>>[H]O[C:16](=[O:17])[C:18],EVODEX-P26630
EVODEX-N10563,[H]OC(=O)C([H])([H])C([H])([H])[C@@]([H])(C(=O)N([H])[C@]([H])(C(=O)N([H])[C@]([H])(C(=O)N([H])C([H])([H])C(=O)N([H])[C@]([H])(C(=O)[N:12]([C:9])[H:157])C([H])([H])C([H])([H])C([H])([H])C([H])([H])N([H])[H])C([H])([H])C(=O)O[H])C([H])([H])C1:C([H]):C([H]):C([H]):C([H]):C:1[H])N([H])C(=O)[C@@]([H])(N([H])C(=O)C1:C([H]):C([H]):C([H]):C([H]):C:1N([H])[H])C([H])([H])C1:C([H]):C([H]):C(O[H]):C([H]):C:1[H]>>[H][N:12]([C:9])[H:157],EVODEX-P26633
EVODEX-N10564,[H][O:143][H:258]>>[H]OC(=O)C([H])([H])C([H])([H])[C@@]([H])(C(=O)N([H])[C@]([H])(C(=O)N([H])[C@]([H])(C(=O)N([H])C([H])([H])C(=O)N([H])[C@]([H])(C(=O)[O:143][H:258])C([H])([H])C([H])([H])C([H])([H])C([H])([H])N([H])[H])C([H])([H])C(=O)O[H])C([H])([H])C1:C([H]):C([H]):C([H]):C([H]):C:1[H])N([H])C(=O)[C@@]([H])(N([H])C(=O)C1:C([H]):C([H]):C([H]):C([H]):C:1N([H])[H])C([H])([H])C1:C([H]):C([H]):C(O[H]):C([H]):C:1[H],EVODEX-P26635
EVODEX-N10565,[H]C1:C(OC([H])([H])[H]):C([H]):C2:O:C(=O):C([H]):C(C([H])([H])C(=O)N3C([H])([H])C([H])([H])C([H])([H])[C@@]3([H])C(=O)N([H])[C@]([H])(C(=O)N([H])C([H])([H])C(=O)N([H])[C@]([H])(C(=O)[N:38]([C:39])[H:119])C([H])([H])C([H])(C([H])([H])[H])C([H])([H])[H])C([H])([H])C([H])(C([H])([H])[H])C([H])([H])[H]):C:2:C:1[H]>>[H][N:38]([C:39])[H:119],EVODEX-P26639
EVODEX-N10566,[H][O:79][H:148]>>[H]C1:C(OC([H])([H])[H]):C([H]):C2:O:C(=O):C([H]):C(C([H])([H])C(=O)N3C([H])([H])C([H])([H])C([H])([H])[C@@]3([H])C(=O)N([H])[C@]([H])(C(=O)N([H])C([H])([H])C(=O)N([H])[C@]([H])(C(=O)[O:79][H:148])C([H])([H])C([H])(C([H])([H])[H])C([H])([H])[H])C([H])([H])C([H])(C([H])([H])[H])C([H])([H])[H]):C:2:C:1[H],EVODEX-P26641
EVODEX-N10567,[H]N([H])C(=O)C([H])([H])C([H])([H])[C@@]([H])(C(=O)N([H])C([H])([H])C(=O)[N:6]([C:5])[H:63])N([H])C(=O)[C@@]1([H])N(C(=O)C([H])([H])N([H])[H])C([H])([H])C([H])([H])C1([H])[H]>>[H][N:6]([C:5])[H:63],EVODEX-P26645
EVODEX-N10568,[H]OC(=O)[C@@]([H])(N([H])C(=O)C([H])([H])N([H])C(=O)[C@@]([H])(N([H])C(=O)[C@@]([H])(N([H])[C:7](=[O:8])[C:9])[C@@]([H])(C([H])([H])[H])C([H])([H])C([H])([H])[H])C([H])([H])[H])C([H])([H])C([H])([H])C(=O)N([H])[H].[H][O:52][H:103]>>[C:7](=[O:8])([C:9])[O:52][H:103],EVODEX-P26646
EVODEX-N10569,[H][O:52][H:103]>>[H]N([H])C(=O)C([H])([H])C([H])([H])[C@@]([H])(C(=O)N([H])C([H])([H])C(=O)[O:52][H:103])N([H])C(=O)[C@@]1([H])N(C(=O)C([H])([H])N([H])[H])C([H])([H])C([H])([H])C1([H])[H],EVODEX-P26647
EVODEX-N10570,[H]OC(=O)[C@@]([H])(N([H])C(=O)C([H])([H])N([H])C(=O)[C@@]([H])(N([H])C(=O)[C@@]([H])(N([H])[C:7](=[O:8])[C:9])[C@@]([H])(C([H])([H])[H])C([H])([H])C([H])([H])[H])C([H])([H])[H])C([H])([H])C([H])([H])C(=O)N([H])[H]>>[H]O[C:7](=[O:8])[C:9],EVODEX-P26648
EVODEX-N10571,[H]C(C(=O)N([H])C([H])([H])C(=O)[N:6]([C:5])[H:34])=C([H])C1:O:C([H]):C([H]):C:1[H]>>[H][N:6]([C:5])[H:34],EVODEX-P26651
EVODEX-N10572,[H][O:23][H:45]>>[H]C(C(=O)N([H])C([H])([H])C(=O)[O:23][H:45])=C([H])C1:O:C([H]):C([H]):C:1[H],EVODEX-P26653
EVODEX-N10573,[H]C1:C([H]):C([H]):C(N([H])[H]):C(C(=O)N([H])[C@]([H])(C(=O)N([H])C([H])([H])C(=O)[N:6]([C:5])[H:54])C([H])([H])[H]):C:1[H]>>[H][N:6]([C:5])[H:54],EVODEX-P26657
EVODEX-N10574,[H][O:43][H:81]>>[H]C1:C([H]):C([H]):C(N([H])[H]):C(C(=O)N([H])[C@]([H])(C(=O)N([H])C([H])([H])C(=O)[O:43][H:81])C([H])([H])[H]):C:1[H],EVODEX-P26659
EVODEX-N10575,[H]OC(=O)C([H])([H])[C@@]([H])(C(=O)[O:32][H:58])N([H])C(=O)OC([H])([H])C1:C([H]):C([H]):C([H]):C([H]):C:1[H]>>[H][O:32][H:58],EVODEX-P26663
EVODEX-N10576,[H]O[C:30]([C:18])=[O:31]>>[H]C1:C([H]):C([H]):C(C([H])([H])[C@@]([H])(C(=O)OC([H])([H])[H])N([H])[C:30]([C:18])=[O:31]):C([H]):C:1[H],EVODEX-P26665
EVODEX-N10577,[H][N:6]([C:5])[H:37]>>[H]OC(=O)C([H])([H])[C@@]([H])(C(=O)[N:6]([C:5])[H:37])N([H])C(=O)OC([H])([H])C1:C([H]):C([H]):C([H]):C([H]):C:1[H],EVODEX-P26666
EVODEX-N10578,>>[H]N[C@]([H])(C(=O)OC([H])([H])[H])C([H])([H])C1:C([H]):C([H]):C([H]):C([H]):C:1[H].[H],EVODEX-P26667
EVODEX-N10579,[H]OC(=O)C([H])([H])[C@@]([H])(C(=O)[N:13]([C:5])[H:44])N([H])C(=O)OC([H])([H])C1:C([H]):C([H]):C([H]):C([H]):C:1[H]>>[H][N:13]([C:5])[H:44],EVODEX-P26669
EVODEX-N10580,[H]C1:C([H]):C([H]):C(C([H])([H])[C@@]([H])(C(=O)OC([H])([H])[H])N([H])[C:14](=[O:15])[C:16]):C([H]):C:1[H].[H][O:32][H:57]>>[C:14](=[O:15])([C:16])[O:32][H:57],EVODEX-P26670
EVODEX-N10581,[H][O:32][H:57]>>[H]OC(=O)C([H])([H])[C@@]([H])(C(=O)[O:32][H:57])N([H])C(=O)OC([H])([H])C1:C([H]):C([H]):C([H]):C([H]):C:1[H],EVODEX-P26671
EVODEX-N10582,[H]C1:C([H]):C([H]):C(C([H])([H])[C@@]([H])(C(=O)OC([H])([H])[H])N([H])[C:14](=[O:15])[C:16]):C([H]):C:1[H]>>[H]O[C:14](=[O:15])[C:16],EVODEX-P26672
EVODEX-N10583,[H]OC(=O)[C@@]([H])(N([H])C(=O)[C@@]1([H])N(C(=O)[C@@]([H])(N([H])C(=O)[C@@]([H])(N([H])[C:7](=[O:8])[C:9])[C@@]([H])(C([H])([H])[H])C([H])([H])C([H])([H])[H])C([H])([H])C2:C([H]):N:C([H]):N:2[H])C([H])([H])C([H])([H])C1([H])[H])C([H])([H])C1:C([H]):C([H]):C([H]):C([H]):C:1[H].[H][O:76][H:148]>>[C:7](=[O:8])([C:9])[O:76][H:148],EVODEX-P26676
EVODEX-N10584,[H]OC(=O)[C@@]([H])(N([H])C(=O)[C@@]1([H])N(C(=O)[C@@]([H])(N([H])C(=O)[C@@]([H])(N([H])[C:7](=[O:8])[C:9])[C@@]([H])(C([H])([H])[H])C([H])([H])C([H])([H])[H])C([H])([H])C2:C([H]):N:C([H]):N:2[H])C([H])([H])C([H])([H])C1([H])[H])C([H])([H])C1:C([H]):C([H]):C([H]):C([H]):C:1[H]>>[H]O[C:7](=[O:8])[C:9],EVODEX-P26677
EVODEX-N10585,[H]O[C@@]([H])(C([H])([H])[H])[C@@]([H])(C(=O)[N:34]([C:35])[H:101])N([H])C(=O)[C@@]([H])(N([H])C(=O)[C@@]([H])(N([H])C(=O)[C@@]([H])(N([H])C(=O)[C@@]([H])(N([H])[H])C([H])([H])[H])C([H])([H])C([H])(C([H])([H])[H])C([H])([H])[H])[C@@]([H])(C([H])([H])[H])C([H])([H])C([H])([H])[H])C([H])([H])C([H])(C([H])([H])[H])C([H])([H])[H]>>[H][N:34]([C:35])[H:101],EVODEX-P26680
EVODEX-N10586,[H]OC(=O)[C@@]([H])(N([H])C(=O)[C@@]([H])(N([H])C(=O)[C@@]([H])(N([H])[C:32]([C:31])=[O:33])C([H])([H])C([H])(C([H])([H])[H])C([H])([H])[H])C([H])(C([H])([H])[H])C([H])([H])[H])C([H])([H])O[H].[H][O:59][H:132]>>[C:31][C:32](=[O:33])[O:59][H:132],EVODEX-P26681
EVODEX-N10587,[H][O:59][H:132]>>[H]O[C@@]([H])(C([H])([H])[H])[C@@]([H])(C(=O)[O:59][H:132])N([H])C(=O)[C@@]([H])(N([H])C(=O)[C@@]([H])(N([H])C(=O)[C@@]([H])(N([H])C(=O)[C@@]([H])(N([H])[H])C([H])([H])[H])C([H])([H])C([H])(C([H])([H])[H])C([H])([H])[H])[C@@]([H])(C([H])([H])[H])C([H])([H])C([H])([H])[H])C([H])([H])C([H])(C([H])([H])[H])C([H])([H])[H],EVODEX-P26682
EVODEX-N10588,[H]OC(=O)[C@@]([H])(N([H])C(=O)[C@@]([H])(N([H])C(=O)[C@@]([H])(N([H])[C:32]([C:31])=[O:33])C([H])([H])C([H])(C([H])([H])[H])C([H])([H])[H])C([H])(C([H])([H])[H])C([H])([H])[H])C([H])([H])O[H]>>[H]O[C:32]([C:31])=[O:33],EVODEX-P26683
EVODEX-N10589,[H]C1:C([H]):C([H]):C2:C(:C:1[H]):C(C([H])([H])[C@@]([H])(C(=O)N([H])[C@]([H])(C(=O)N([H])C([H])([H])C(=O)N([H])C([H])([H])C(=O)[N:11]([C:6])[H:72])C([H])([H])[H])N([H])[H]):C([H]):N:2[H]>>[H][N:11]([C:6])[H:72],EVODEX-P26686
EVODEX-N10590,[H]OC(=O)C([H])([H])C([H])([H])[C@@]([H])(C(=O)O[H])N([H])C(=O)C([H])([H])N([H])C(=O)[C@@]([H])(N([H])C(=O)[C@@]([H])(N([H])C(=O)[C@@]([H])(N([H])[C:12](=[O:13])[C:14])C([H])([H])C(=O)N([H])[H])C([H])([H])[H])C([H])([H])O[H].[H][O:61][H:111]>>[C:12](=[O:13])([C:14])[O:61][H:111],EVODEX-P26687
EVODEX-N10591,[H][O:61][H:111]>>[H]C1:C([H]):C([H]):C2:C(:C:1[H]):C(C([H])([H])[C@@]([H])(C(=O)N([H])[C@]([H])(C(=O)N([H])C([H])([H])C(=O)N([H])C([H])([H])C(=O)[O:61][H:111])C([H])([H])[H])N([H])[H]):C([H]):N:2[H],EVODEX-P26688
EVODEX-N10592,[H]OC(=O)C([H])([H])C([H])([H])[C@@]([H])(C(=O)O[H])N([H])C(=O)C([H])([H])N([H])C(=O)[C@@]([H])(N([H])C(=O)[C@@]([H])(N([H])C(=O)[C@@]([H])(N([H])[C:12](=[O:13])[C:14])C([H])([H])C(=O)N([H])[H])C([H])([H])[H])C([H])([H])O[H]>>[H]O[C:12](=[O:13])[C:14],EVODEX-P26689
EVODEX-N10593,[H]C1:C([H]):C([H]):C2:C(:C:1[H]):C(C([H])([H])[C@@]([H])(C(=O)N([H])[C@]([H])(C(=O)N([H])[C@]([H])(C(=O)N([H])C([H])([H])C(=O)[N:27]([C:20])[H:117])C([H])(C([H])([H])[H])C([H])([H])[H])C([H])([H])[H])N([H])C(=O)[C@@]([H])(N([H])C(=O)[C@@]1([H])N(C(=O)[C@@]([H])(N([H])C(=O)[C@@]3([H])N([H])C(=O)C([H])([H])C3([H])[H])C([H])(C([H])([H])[H])C([H])([H])[H])C([H])([H])C([H])([H])C1([H])[H])C([H])([H])C([H])([H])C(=O)N([H])[H]):C([H]):N:2[H]>>[H][N:27]([C:20])[H:117],EVODEX-P26692
EVODEX-N10594,[H]C1:N:C([H]):N([H]):C:1C([H])([H])[C@@]([H])(C(=O)N([H])[C@]([H])(C(=O)N([H])[C@]([H])(C(=O)N([H])[H])C([H])([H])C([H])([H])SC([H])([H])[H])C([H])([H])C1:C([H]):C([H]):C([H]):C([H]):C:1[H])N([H])[C:28](=[O:29])[C:30].[H][O:92][H:177]>>[C:28](=[O:29])([C:30])[O:92][H:177],EVODEX-P26693
EVODEX-N10595,[H][O:92][H:177]>>[H]C1:C([H]):C([H]):C2:C(:C:1[H]):C(C([H])([H])[C@@]([H])(C(=O)N([H])[C@]([H])(C(=O)N([H])[C@]([H])(C(=O)N([H])C([H])([H])C(=O)[O:92][H:177])C([H])(C([H])([H])[H])C([H])([H])[H])C([H])([H])[H])N([H])C(=O)[C@@]([H])(N([H])C(=O)[C@@]1([H])N(C(=O)[C@@]([H])(N([H])C(=O)[C@@]3([H])N([H])C(=O)C([H])([H])C3([H])[H])C([H])(C([H])([H])[H])C([H])([H])[H])C([H])([H])C([H])([H])C1([H])[H])C([H])([H])C([H])([H])C(=O)N([H])[H]):C([H]):N:2[H],EVODEX-P26694
EVODEX-N10596,[H]C1:N:C([H]):N([H]):C:1C([H])([H])[C@@]([H])(C(=O)N([H])[C@]([H])(C(=O)N([H])[C@]([H])(C(=O)N([H])[H])C([H])([H])C([H])([H])SC([H])([H])[H])C([H])([H])C1:C([H]):C([H]):C([H]):C([H]):C:1[H])N([H])[C:28](=[O:29])[C:30]>>[H]O[C:28](=[O:29])[C:30],EVODEX-P26695
EVODEX-N10597,[H]C1:C(OC([H])([H])[H]):C([H]):C2:O:C(=O):C([H]):C(C([H])([H])C(=O)N3C([H])([H])C([H])([H])C([H])([H])[C@@]3([H])C(=O)N([H])[C@]([H])(C(=O)[N:26]([C:27])[H:105])C([H])([H])C([H])(C([H])([H])[H])C([H])([H])[H]):C:2:C:1[H]>>[H][N:26]([C:27])[H:105],EVODEX-P26698
EVODEX-N10598,[H][O:79][H:148]>>[H]C1:C(OC([H])([H])[H]):C([H]):C2:O:C(=O):C([H]):C(C([H])([H])C(=O)N3C([H])([H])C([H])([H])C([H])([H])[C@@]3([H])C(=O)N([H])[C@]([H])(C(=O)[O:79][H:148])C([H])([H])C([H])(C([H])([H])[H])C([H])([H])[H]):C:2:C:1[H],EVODEX-P26700
EVODEX-N10599,[H]C1:N:C([H]):N([H]):C:1C([H])([H])[C@@]([H])(C(=O)N([H])[C@]([H])(C(=O)N([H])[C@]([H])(C(=O)N([H])[H])C([H])([H])C([H])([H])C([H])([H])C([H])([H])N([H])C(=O)C1:C([H]):C([H]):C([H]):C([H]):C:1N([H])C([H])([H])[H])C([H])([H])[H])N([H])C(=O)[C@@]([H])(N([H])[C:40](=[O:41])[C:42])C([H])([H])SC([H])([H])[H].[H][O:77][H:146]>>[C:40](=[O:41])([C:42])[O:77][H:146],EVODEX-P26705
EVODEX-N10600,[H]C1:N:C([H]):N([H]):C:1C([H])([H])[C@@]([H])(C(=O)N([H])[C@]([H])(C(=O)N([H])[C@]([H])(C(=O)N([H])[H])C([H])([H])C([H])([H])C([H])([H])C([H])([H])N([H])C(=O)C1:C([H]):C([H]):C([H]):C([H]):C:1N([H])C([H])([H])[H])C([H])([H])[H])N([H])C(=O)[C@@]([H])(N([H])[C:40](=[O:41])[C:42])C([H])([H])SC([H])([H])[H]>>[H]O[C:40](=[O:41])[C:42],EVODEX-P26707
EVODEX-N10601,[H]N=C(N([H])[H])N([H])C([H])([H])C([H])([H])C([H])([H])[C@@]([H])(C(=O)N([H])[C@]([H])(C(=O)N([H])[C@]([H])(C(=O)[N:28]([C:27])[H:100])C([H])(C([H])([H])[H])C([H])([H])[H])C([H])([H])O[H])N([H])C(=O)[C@@]([H])(N([H])[H])C([H])([H])[H]>>[H][N:28]([C:27])[H:100],EVODEX-P26710
EVODEX-N10602,[H]N=C(N([H])[H])N([H])C([H])([H])C([H])([H])C([H])([H])[C@@]([H])(C(=O)N([H])[C@]([H])(C(=O)N([H])[C@]([H])(C(=O)N([H])[C@]([H])(C(=O)O[H])C([H])([H])C(=O)N([H])[H])C([H])(C([H])([H])[H])C([H])([H])[H])C([H])([H])C(=O)O[H])N([H])C(=O)[C@@]([H])(N([H])[C:29](=[O:30])[C:31])C([H])(C([H])([H])[H])C([H])([H])[H].[H][O:72][H:147]>>[C:29](=[O:30])([C:31])[O:72][H:147],EVODEX-P26711
EVODEX-N10603,[H][O:72][H:147]>>[H]N=C(N([H])[H])N([H])C([H])([H])C([H])([H])C([H])([H])[C@@]([H])(C(=O)N([H])[C@]([H])(C(=O)N([H])[C@]([H])(C(=O)[O:72][H:147])C([H])(C([H])([H])[H])C([H])([H])[H])C([H])([H])O[H])N([H])C(=O)[C@@]([H])(N([H])[H])C([H])([H])[H],EVODEX-P26712
EVODEX-N10604,[H]N=C(N([H])[H])N([H])C([H])([H])C([H])([H])C([H])([H])[C@@]([H])(C(=O)N([H])[C@]([H])(C(=O)N([H])[C@]([H])(C(=O)N([H])[C@]([H])(C(=O)O[H])C([H])([H])C(=O)N([H])[H])C([H])(C([H])([H])[H])C([H])([H])[H])C([H])([H])C(=O)O[H])N([H])C(=O)[C@@]([H])(N([H])[C:29](=[O:30])[C:31])C([H])(C([H])([H])[H])C([H])([H])[H]>>[H]O[C:29](=[O:30])[C:31],EVODEX-P26713
EVODEX-N10605,[H]C1:C([H]):C([H]):C(C(=O)N2C([H])([H])C([H])([H])C([H])([H])[C@@]2([H])C(=O)[N:20]([C:12])[H:69]):C([H]):C:1[H]>>[H][N:20]([C:12])[H:69],EVODEX-P26716
EVODEX-N10606,[H][O:48][H:87]>>[H]C1:C([H]):C([H]):C(C(=O)N2C([H])([H])C([H])([H])C([H])([H])[C@@]2([H])C(=O)[O:48][H:87]):C([H]):C:1[H],EVODEX-P26718
EVODEX-N10607,[H]N=C(N([H])[H])N([H])C([H])([H])C([H])([H])C([H])([H])[C@@]([H])(C(=O)[N:38]([C:39])[H:126])N([H])C(=O)[C@@]([H])(N([H])C(=O)[C@@]([H])(N([H])C(=O)C1:C([H]):C([H]):C([H]):C([H]):C:1N([H])[H])C([H])([H])C([H])([H])C([H])([H])C([H])([H])N([H])[H])C([H])([H])C([H])(C([H])([H])[H])C([H])([H])[H]>>[H][N:38]([C:39])[H:126],"EVODEX-P26732,EVODEX-P26738"
EVODEX-N10608,[H][O:84][H:165]>>[H]N=C(N([H])[H])N([H])C([H])([H])C([H])([H])C([H])([H])[C@@]([H])(C(=O)[O:84][H:165])N([H])C(=O)[C@@]([H])(N([H])C(=O)[C@@]([H])(N([H])C(=O)C1:C([H]):C([H]):C([H]):C([H]):C:1N([H])[H])C([H])([H])C([H])([H])C([H])([H])C([H])([H])N([H])[H])C([H])([H])C([H])(C([H])([H])[H])C([H])([H])[H],EVODEX-P26734
EVODEX-N10609,[H]C1:C([H]):C([H]):C(N([H])[H]):C(C(=O)N([H])[C@]([H])(C(=O)N([H])C([H])([H])C(=O)N([H])[C@]([H])(C(=O)[N:27]([C:28])[H:69])C([H])([H])C([H])(C([H])([H])[H])C([H])([H])[H])C([H])([H])[H]):C:1[H]>>[H][N:27]([C:28])[H:69],EVODEX-P26743
EVODEX-N10610,[H][O:43][H:81]>>[H]C1:C([H]):C([H]):C(N([H])[H]):C(C(=O)N([H])[C@]([H])(C(=O)N([H])C([H])([H])C(=O)N([H])[C@]([H])(C(=O)[O:43][H:81])C([H])([H])C([H])(C([H])([H])[H])C([H])([H])[H])C([H])([H])[H]):C:1[H],EVODEX-P26745
EVODEX-N10611,[H]OC(=O)C([H])([H])C([H])([H])[C@@]([H])(C(=O)N([H])[C@]([H])(C(=O)[N:26]([C:21])[H:90])C([H])([H])[H])N([H])C(=O)[C@@]([H])(N([H])C(=O)[C@@]([H])(N([H])[H])C([H])([H])C([H])(C([H])([H])[H])C([H])([H])[H])C([H])(C([H])([H])[H])C([H])([H])[H]>>[H][N:26]([C:21])[H:90],EVODEX-P26749
EVODEX-N10612,[H]OC(=O)[C@@]([H])(N([H])C(=O)[C@@]([H])(N([H])C(=O)[C@@]([H])(N([H])[C:27](=[O:28])[C:29])C([H])([H])C([H])(C([H])([H])[H])C([H])([H])[H])C([H])([H])C1:C([H]):C([H]):C(O[H]):C([H]):C:1[H])C([H])([H])C([H])(C([H])([H])[H])C([H])([H])[H].[H][O:59][H:125]>>[C:27](=[O:28])([C:29])[O:59][H:125],EVODEX-P26750
EVODEX-N10613,[H][O:59][H:125]>>[H]OC(=O)C([H])([H])C([H])([H])[C@@]([H])(C(=O)N([H])[C@]([H])(C(=O)[O:59][H:125])C([H])([H])[H])N([H])C(=O)[C@@]([H])(N([H])C(=O)[C@@]([H])(N([H])[H])C([H])([H])C([H])(C([H])([H])[H])C([H])([H])[H])C([H])(C([H])([H])[H])C([H])([H])[H],EVODEX-P26751
EVODEX-N10614,[H]OC(=O)[C@@]([H])(N([H])C(=O)[C@@]([H])(N([H])C(=O)[C@@]([H])(N([H])[C:27](=[O:28])[C:29])C([H])([H])C([H])(C([H])([H])[H])C([H])([H])[H])C([H])([H])C1:C([H]):C([H]):C(O[H]):C([H]):C:1[H])C([H])([H])C([H])(C([H])([H])[H])C([H])([H])[H]>>[H]O[C:27](=[O:28])[C:29],EVODEX-P26752
EVODEX-N10615,[H]OC(=O)[C@@]([H])(N([H])C(=O)[C@@]([H])(N([H])C(=O)[C@@]([H])(N([H])C(=O)[C@@]1([H])N([C:55]([C:48])=[O:56])C([H])([H])C([H])([H])C1([H])[H])C([H])([H])C1:C([H]):C([H]):C([H]):C([H]):C:1[H])C([H])([H])C1:C([H]):N:C([H]):N:1[H])C([H])([H])C([H])(C([H])([H])[H])C([H])([H])[H]>>[H]O[C:55]([C:48])=[O:56],EVODEX-P26755
EVODEX-N10616,[H]OC(=O)[C@@]([H])(N([H])C(=O)[C@@]([H])(N([H])C(=O)[C@@]([H])(N([H])[C:62]([C:61][N:57][C:55]([C:48])=[O:56])=[O:63])C([H])([H])C1:C([H]):C([H]):C([H]):C([H]):C:1[H])C([H])([H])C1:C([H]):N:C([H]):N:1[H])C([H])([H])C([H])(C([H])([H])[H])C([H])([H])[H].[H][O:94][H:185].[H][O:95][H:187]>>[C:48][C:55](=[O:56])[O:94][H:185].[H][N:57][C:61][C:62](=[O:63])[O:95][H:187],EVODEX-P26757
EVODEX-N10617,[H]C1([H])N([C:55]([C:48])=[O:56])[C@]([H])(C(=O)[N:64]([C:65])[H:157])C([H])([H])C1([H])[H]>>[H]O[C:55]([C:48])=[O:56].[H][N:64]([C:65])[H:157],EVODEX-P26758
EVODEX-N10618,[H]N=C(N([H])[H])N([H])C([H])([H])C([H])([H])C([H])([H])[C@@]([H])(C(=O)N([H])[C@]([H])(C(=O)N([H])[C@]([H])(C(=O)N([H])[C@]([H])(C(=O)N([H])[C@]([H])(C(=O)[N:57]([C:58])[C:61][C:62](N([H])[C@]([H])(C(=O)N([H])[C@]([H])(C(=O)N([H])[C@]([H])(C(=O)O[H])C([H])([H])C([H])(C([H])([H])[H])C([H])([H])[H])C([H])([H])C1:C([H]):N:C([H]):N:1[H])C([H])([H])C1:C([H]):C([H]):C([H]):C([H]):C:1[H])=[O:63])C([H])([H])C1:C([H]):N:C([H]):N:1[H])[C@@]([H])(C([H])([H])[H])C([H])([H])C([H])([H])[H])C([H])([H])C1:C([H]):C([H]):C(O[H]):C([H]):C:1[H])C([H])(C([H])([H])[H])C([H])([H])[H])N([H])C(=O)[C@@]([H])(N([H])[H])C([H])([H])C(=O)O[H].[H][O:95][H:187]>>[H][N:57]([C:58])[C:61][C:62](=[O:63])[O:95][H:187],EVODEX-P26759
EVODEX-N10619,[H]N=C(N([H])[H])N([H])C([H])([H])C([H])([H])C([H])([H])[C@@]([H])(C(=O)N([H])[C@]([H])(C(=O)N([H])[C@]([H])(C(=O)N([H])[C@]([H])(C(=O)N([H])[C@]([H])(C(=O)[N:57]([C:58])[C:61][C:62](N([H])[C@]([H])(C(=O)N([H])[C@]([H])(C(=O)N([H])[C@]([H])(C(=O)O[H])C([H])([H])C([H])(C([H])([H])[H])C([H])([H])[H])C([H])([H])C1:C([H]):N:C([H]):N:1[H])C([H])([H])C1:C([H]):C([H]):C([H]):C([H]):C:1[H])=[O:63])C([H])([H])C1:C([H]):N:C([H]):N:1[H])[C@@]([H])(C([H])([H])[H])C([H])([H])C([H])([H])[H])C([H])([H])C1:C([H]):C([H]):C(O[H]):C([H]):C:1[H])C([H])(C([H])([H])[H])C([H])([H])[H])N([H])C(=O)[C@@]([H])(N([H])[H])C([H])([H])C(=O)O[H]>>[H]O[C:62]([C:61][N:57]([H])[C:58])=[O:63],EVODEX-P26760
EVODEX-N10620,[H]OC(=O)[C@@]([H])(N([H])C(=O)[C@@]([H])(N([H])C(=O)[C@@]([H])(N([H])[C:62]([C:61])=[O:63])C([H])([H])C1:C([H]):C([H]):C([H]):C([H]):C:1[H])C([H])([H])C1:C([H]):N:C([H]):N:1[H])C([H])([H])C([H])(C([H])([H])[H])C([H])([H])[H]>>[H]O.[H].[H]O[C:62]([C:61])=[O:63],EVODEX-P26761
EVODEX-N10621,[H]N=C(N([H])[H])N([H])C([H])([H])C([H])([H])C([H])([H])[C@@]([H])(C(=O)N([H])[C@]([H])(C(=O)N([H])[C@]([H])(C(=O)N([H])[C@]([H])(C(=O)N([H])[C@]([H])(C(=O)[N:57]([C:58])[C:61])C([H])([H])C1:C([H]):N:C([H]):N:1[H])[C@@]([H])(C([H])([H])[H])C([H])([H])C([H])([H])[H])C([H])([H])C1:C([H]):C([H]):C(O[H]):C([H]):C:1[H])C([H])(C([H])([H])[H])C([H])([H])[H])N([H])C(=O)[C@@]([H])(N([H])[H])C([H])([H])C(=O)O[H]>>[H].[H]O.[H][N:57]([C:58])[C:61],EVODEX-P26762
EVODEX-N10622,[H]N=C(N([H])[H])N([H])C([H])([H])C([H])([H])C([H])([H])[C@@]([H])(C(=O)N([H])[C@]([H])(C(=O)N([H])[C@]([H])(C(=O)N([H])[C@]([H])(C(=O)N([H])[C@]([H])(C(=O)[N:57]([C:58])[C:61][C:62](=[O:63])[N:64])C([H])([H])C1:C([H]):N:C([H]):N:1[H])[C@@]([H])(C([H])([H])[H])C([H])([H])C([H])([H])[H])C([H])([H])C1:C([H]):C([H]):C(O[H]):C([H]):C:1[H])C([H])(C([H])([H])[H])C([H])([H])[H])N([H])C(=O)[C@@]([H])(N([H])[H])C([H])([H])C(=O)O[H].[H][O:95][H:187]>>[H][N:64].[H][N:57]([C:58])[C:61][C:62](=[O:63])[O:95][H:187],EVODEX-P26763
EVODEX-N10623,[H]OC(=O)[C@@]([H])(N([H])C(=O)[C@@]([H])(N([H])C(=O)[C@@]([H])(N([H])C(=O)[C@@]1([H])N([C:55]([C:48])=[O:56])C([H])([H])C([H])([H])C1([H])[H])C([H])([H])C1:C([H]):C([H]):C([H]):C([H]):C:1[H])C([H])([H])C1:C([H]):N:C([H]):N:1[H])C([H])([H])C([H])(C([H])([H])[H])C([H])([H])[H].[H][O:94][H:185]>>[C:48][C:55](=[O:56])[O:94][H:185],EVODEX-P26764
EVODEX-N10624,[H]C1([H])N([C:55]([C:48])=[O:56])[C@]([H])(C(=O)[N:64]([C:65])[H:157])C([H])([H])C1([H])[H].[H][O:94][H:185]>>[C:48][C:55](=[O:56])[O:94][H:185].[H][N:64]([C:65])[H:157],EVODEX-P26765
EVODEX-N10625,[H][O:94][H:185].[H][O:95][H:187]>>[H]N=C(N([H])[H])N([H])C([H])([H])C([H])([H])C([H])([H])[C@@]([H])(C(=O)N([H])[C@]([H])(C(=O)N([H])[C@]([H])(C(=O)N([H])[C@]([H])(C(=O)N([H])[C@]([H])(C(=O)[O:94][H:185])C([H])([H])C1:C([H]):N:C([H]):N:1[H])[C@@]([H])(C([H])([H])[H])C([H])([H])C([H])([H])[H])C([H])([H])C1:C([H]):C([H]):C(O[H]):C([H]):C:1[H])C([H])(C([H])([H])[H])C([H])([H])[H])N([H])C(=O)[C@@]([H])(N([H])[H])C([H])([H])C(=O)O[H].[H]N1C([H])([H])C([H])([H])C([H])([H])[C@@]1([H])C(=O)[O:95][H:187],EVODEX-P26766
EVODEX-N10626,[H]OC1:C([H]):C([H]):C(C([H])([H])[C@@]([H])(C(=O)N([H])C([H])([H])C(=O)N([H])C([H])([H])C(=O)[N:17]([C:9])[H:59])N([H])[H]):C([H]):C:1[H]>>[H][N:17]([C:9])[H:59],EVODEX-P26768
EVODEX-N10627,[H]OC(=O)[C@@]([H])(N([H])C(=O)[C@@]([H])(N([H])[C:18](=[O:19])[C:20])C([H])([H])C1:C([H]):C([H]):C([H]):C([H]):C:1[H])C([H])([H])C([H])([H])SC([H])([H])[H].[H][O:41][H:77]>>[C:18](=[O:19])([C:20])[O:41][H:77],EVODEX-P26769
EVODEX-N10628,[H][O:41][H:77]>>[H]OC1:C([H]):C([H]):C(C([H])([H])[C@@]([H])(C(=O)N([H])C([H])([H])C(=O)N([H])C([H])([H])C(=O)[O:41][H:77])N([H])[H]):C([H]):C:1[H],EVODEX-P26770
EVODEX-N10629,[H]OC(=O)[C@@]([H])(N([H])C(=O)[C@@]([H])(N([H])[C:18](=[O:19])[C:20])C([H])([H])C1:C([H]):C([H]):C([H]):C([H]):C:1[H])C([H])([H])C([H])([H])SC([H])([H])[H]>>[H]O[C:18](=[O:19])[C:20],EVODEX-P26771
EVODEX-N10630,[H]N=C(N([H])[H])N([H])C([H])([H])C([H])([H])C([H])([H])C([H])(C(=O)N([H])C([H])([H])C(=O)N([H])C([H])(C(=O)N([H])C([H])(C(=O)N([H])C([H])(C(=O)N([H])C([H])(C(=O)N1C([H])([H])C([H])([H])C([H])([H])C1([H])C(=O)N([H])C([H])(C(=O)[N:229]([C:230])[H:456])C([H])([H])C([H])([H])C([H])([H])C([H])([H])N([H])[H])C([H])(O[H])C([H])([H])[H])C([H])([H])C1:C([H]):C([H]):C(O[H]):C([H]):C:1[H])C([H])([H])C1:C([H]):C([H]):C([H]):C([H]):C:1[H])C([H])([H])C1:C([H]):C([H]):C([H]):C([H]):C:1[H])N([H])C(=O)C([H])(N([H])C(=O)C([H])([H])N([H])C(=O)C([H])(N([H])C(=O)C([H])(N([H])C(=O)C([H])(N([H])C(=O)C([H])(N([H])C(=O)C([H])(N([H])C(=O)C([H])(N([H])C(=O)C([H])(N([H])C(=O)C([H])(N([H])C(=O)C([H])(N([H])C(=O)C([H])(N([H])C(=O)C([H])(N([H])C(=O)C([H])([H])N([H])C(=O)C([H])(N([H])C(=O)C([H])(N([H])C(=O)C([H])(N([H])C(=O)C([H])(N([H])C(=O)C([H])(N([H])C(=O)C([H])(N([H])C(=O)C([H])(N([H])[H])C([H])([H])C1:C([H]):C([H]):C([H]):C([H]):C:1[H])C([H])(C([H])([H])[H])C([H])([H])[H])C([H])([H])C(=O)N([H])[H])C([H])([H])C([H])([H])C(=O)N([H])[H])C([H])([H])C1:C([H]):N:C([H]):N:1[H])C([H])([H])C([H])(C([H])([H])[H])C([H])([H])[H])C([H])([H])S[H])C([H])([H])O[H])C([H])([H])C1:C([H]):N:C([H]):N:1[H])C([H])([H])C([H])(C([H])([H])[H])C([H])([H])[H])C([H])(C([H])([H])[H])C([H])([H])[H])C([H])([H])C([H])([H])C(=O)O[H])C([H])([H])[H])C([H])([H])C([H])(C([H])([H])[H])C([H])([H])[H])C([H])([H])C1:C([H]):C([H]):C(O[H]):C([H]):C:1[H])C([H])([H])C([H])(C([H])([H])[H])C([H])([H])[H])C([H])(C([H])([H])[H])C([H])([H])[H])C([H])([H])S[H])C([H])([H])C([H])([H])C(=O)O[H]>>[H][N:229]([C:230])[H:456],EVODEX-P26774
EVODEX-N10631,[H][O:241][H:474]>>[H]N=C(N([H])[H])N([H])C([H])([H])C([H])([H])C([H])([H])C([H])(C(=O)N([H])C([H])([H])C(=O)N([H])C([H])(C(=O)N([H])C([H])(C(=O)N([H])C([H])(C(=O)N([H])C([H])(C(=O)N1C([H])([H])C([H])([H])C([H])([H])C1([H])C(=O)N([H])C([H])(C(=O)[O:241][H:474])C([H])([H])C([H])([H])C([H])([H])C([H])([H])N([H])[H])C([H])(O[H])C([H])([H])[H])C([H])([H])C1:C([H]):C([H]):C(O[H]):C([H]):C:1[H])C([H])([H])C1:C([H]):C([H]):C([H]):C([H]):C:1[H])C([H])([H])C1:C([H]):C([H]):C([H]):C([H]):C:1[H])N([H])C(=O)C([H])(N([H])C(=O)C([H])([H])N([H])C(=O)C([H])(N([H])C(=O)C([H])(N([H])C(=O)C([H])(N([H])C(=O)C([H])(N([H])C(=O)C([H])(N([H])C(=O)C([H])(N([H])C(=O)C([H])(N([H])C(=O)C([H])(N([H])C(=O)C([H])(N([H])C(=O)C([H])(N([H])C(=O)C([H])(N([H])C(=O)C([H])([H])N([H])C(=O)C([H])(N([H])C(=O)C([H])(N([H])C(=O)C([H])(N([H])C(=O)C([H])(N([H])C(=O)C([H])(N([H])C(=O)C([H])(N([H])C(=O)C([H])(N([H])[H])C([H])([H])C1:C([H]):C([H]):C([H]):C([H]):C:1[H])C([H])(C([H])([H])[H])C([H])([H])[H])C([H])([H])C(=O)N([H])[H])C([H])([H])C([H])([H])C(=O)N([H])[H])C([H])([H])C1:C([H]):N:C([H]):N:1[H])C([H])([H])C([H])(C([H])([H])[H])C([H])([H])[H])C([H])([H])S[H])C([H])([H])O[H])C([H])([H])C1:C([H]):N:C([H]):N:1[H])C([H])([H])C([H])(C([H])([H])[H])C([H])([H])[H])C([H])(C([H])([H])[H])C([H])([H])[H])C([H])([H])C([H])([H])C(=O)O[H])C([H])([H])[H])C([H])([H])C([H])(C([H])([H])[H])C([H])([H])[H])C([H])([H])C1:C([H]):C([H]):C(O[H]):C([H]):C:1[H])C([H])([H])C([H])(C([H])([H])[H])C([H])([H])[H])C([H])(C([H])([H])[H])C([H])([H])[H])C([H])([H])S[H])C([H])([H])C([H])([H])C(=O)O[H],EVODEX-P26776
EVODEX-N10632,[H]OC([H])([H])[C@@]([H])(C(=O)N1C([H])([H])C([H])([H])C([H])([H])[C@@]1([H])C(=O)[N:6]([C:5])[H:64])N([H])C(=O)C1:C([H]):C([H]):C([H]):C([H]):C:1N([H])[H]>>[H][N:6]([C:5])[H:64],EVODEX-P26780
EVODEX-N10633,[H][O:55][H:103]>>[H]OC([H])([H])[C@@]([H])(C(=O)N1C([H])([H])C([H])([H])C([H])([H])[C@@]1([H])C(=O)[O:55][H:103])N([H])C(=O)C1:C([H]):C([H]):C([H]):C([H]):C:1N([H])[H],EVODEX-P26782
EVODEX-N10634,[H]OC(=O)C([H])([H])C([H])([H])[C@@]([H])(C(=O)N([H])[C@]([H])(C(=O)[N:6]([C:5])[H:77])C([H])([H])C([H])([H])C([H])([H])C([H])([H])N([H])[H])N([H])C(=O)[C@@]([H])(N([H])C(=O)C1:C([H]):C([H]):C([H]):C([H]):C:1N([H])[H])[C@]([H])(O[H])C([H])([H])[H]>>[H][N:6]([C:5])[H:77],EVODEX-P26786
EVODEX-N10635,[H][O:66][H:128]>>[H]OC(=O)C([H])([H])C([H])([H])[C@@]([H])(C(=O)N([H])[C@]([H])(C(=O)[O:66][H:128])C([H])([H])C([H])([H])C([H])([H])C([H])([H])N([H])[H])N([H])C(=O)[C@@]([H])(N([H])C(=O)C1:C([H]):C([H]):C([H]):C([H]):C:1N([H])[H])[C@]([H])(O[H])C([H])([H])[H],EVODEX-P26788
EVODEX-N10636,[H]OC(=O)[C@@]1([H])N(C(=O)C([H])([H])N([H])C(=O)[C@@]([H])(N([H])[C:7](=[O:8])[C:9])C([H])([H])C([H])(C([H])([H])[H])C([H])([H])[H])C([H])([H])C([H])([H])C1([H])[H].[H][O:42][H:82]>>[C:7](=[O:8])([C:9])[O:42][H:82],EVODEX-P26793
EVODEX-N10637,[H]OC(=O)[C@@]1([H])N(C(=O)C([H])([H])N([H])C(=O)[C@@]([H])(N([H])[C:7](=[O:8])[C:9])C([H])([H])C([H])(C([H])([H])[H])C([H])([H])[H])C([H])([H])C([H])([H])C1([H])[H]>>[H]O[C:7](=[O:8])[C:9],EVODEX-P26794
EVODEX-N10638,[H]N=C(N([H])[H])N([H])C([H])([H])C([H])([H])C([H])([H])[C@@]([H])(C(=O)N1C([H])([H])C([H])([H])C([H])([H])[C@@]1([H])C(=O)N1C([H])([H])C([H])([H])C([H])([H])[C@@]1([H])C(=O)N([H])C([H])([H])C(=O)N([H])[C@]([H])(C(=O)[N:51]([C:52])[H:147])C([H])([H])C1:C([H]):C([H]):C([H]):C([H]):C:1[H])N([H])C(=O)C([H])([H])C1:C([H]):C(=O):O:C2:C([H]):C(OC([H])([H])[H]):C([H]):C([H]):C:1:2>>[H][N:51]([C:52])[H:147],EVODEX-P26797
EVODEX-N10639,[H][O:101][H:183]>>[H]N=C(N([H])[H])N([H])C([H])([H])C([H])([H])C([H])([H])[C@@]([H])(C(=O)N1C([H])([H])C([H])([H])C([H])([H])[C@@]1([H])C(=O)N1C([H])([H])C([H])([H])C([H])([H])[C@@]1([H])C(=O)N([H])C([H])([H])C(=O)N([H])[C@]([H])(C(=O)[O:101][H:183])C([H])([H])C1:C([H]):C([H]):C([H]):C([H]):C:1[H])N([H])C(=O)C([H])([H])C1:C([H]):C(=O):O:C2:C([H]):C(OC([H])([H])[H]):C([H]):C([H]):C:1:2,EVODEX-P26799
EVODEX-N10640,[H]C1:C([H]):C([H]):C(C([H])([H])[C@@]([H])(C(=O)[N:33]([C:30])[H:118])N([H])C(=O)C([H])([H])N([H])C(=O)C2:C([H]):C([H]):C([H]):C([H]):C:2N([H])[H]):C([H]):C:1[H]>>[H][N:33]([C:30])[H:118],EVODEX-P26803
EVODEX-N10641,[H][O:85][H:154]>>[H]C1:C([H]):C([H]):C(C([H])([H])[C@@]([H])(C(=O)[O:85][H:154])N([H])C(=O)C([H])([H])N([H])C(=O)C2:C([H]):C([H]):C([H]):C([H]):C:2N([H])[H]):C([H]):C:1[H],EVODEX-P26805
EVODEX-N10642,[H]N=C(N([H])[H])N([H])C([H])([H])C([H])([H])C([H])([H])[C@@]([H])(C(=O)N1C([H])([H])C([H])([H])C([H])([H])[C@@]1([H])C(=O)N1C([H])([H])C([H])([H])C([H])([H])[C@@]1([H])C(=O)N([H])C([H])([H])C(=O)N([H])[C@]([H])(C(=O)[N:33]([C:30])[H:143])C([H])([H])C1:C([H]):C([H]):C([H]):C([H]):C:1[H])N([H])C(=O)C1:C([H]):C([H]):C([H]):C([H]):C:1N([H])[H]>>[H][N:33]([C:30])[H:143],EVODEX-P26809
EVODEX-N10643,[H][O:110][H:205]>>[H]N=C(N([H])[H])N([H])C([H])([H])C([H])([H])C([H])([H])[C@@]([H])(C(=O)N1C([H])([H])C([H])([H])C([H])([H])[C@@]1([H])C(=O)N1C([H])([H])C([H])([H])C([H])([H])[C@@]1([H])C(=O)N([H])C([H])([H])C(=O)N([H])[C@]([H])(C(=O)[O:110][H:205])C([H])([H])C1:C([H]):C([H]):C([H]):C([H]):C:1[H])N([H])C(=O)C1:C([H]):C([H]):C([H]):C([H]):C:1N([H])[H],EVODEX-P26811
EVODEX-N10644,[H]N=C(N([H])[H])N([H])C([H])([H])C([H])([H])C([H])([H])[C@@]([H])(C(=O)N([H])[C@]([H])(C(=O)N([H])C([H])([H])C(=O)N([H])[C@]([H])(C(=O)N([H])[C@]([H])(C(=O)N([H])[C@]([H])(C(=O)N([H])C([H])([H])C(=O)N([H])[C@]([H])(C(=O)N([H])C([H])([H])C(=O)N([H])[C@]([H])(C(=O)N([H])[C@]([H])(C(=O)N([H])[C@]([H])(C(=O)[N:144]([C:145])[H:316])C([H])([H])O[H])C([H])([H])C(=O)N([H])[H])C([H])([H])S[H])C([H])([H])C([H])(C([H])([H])[H])C([H])([H])[H])C([H])([H])O[H])C([H])([H])C([H])([H])C(=O)N([H])[H])C([H])([H])[H])[C@@]([H])(C([H])([H])[H])C([H])([H])C([H])([H])[H])N([H])C(=O)[C@@]([H])(N([H])C(=O)[C@@]([H])(N([H])C(=O)[C@@]([H])(N([H])C(=O)C([H])([H])N([H])C(=O)C([H])([H])N([H])C(=O)[C@@]([H])(N([H])C(=O)[C@@]([H])(N([H])C(=O)[C@@]([H])(N([H])C(=O)[C@@]([H])(N([H])[H])C([H])([H])O[H])C([H])([H])O[H])C([H])([H])S[H])C([H])([H])C1:C([H]):C([H]):C([H]):C([H]):C:1[H])C([H])([H])C([H])([H])C([H])([H])N([H])C(=N[H])N([H])[H])[C@@]([H])(C([H])([H])[H])C([H])([H])C([H])([H])[H])C([H])([H])C(=O)O[H]>>[H][N:144]([C:145])[H:316],EVODEX-P26815
EVODEX-N10645,[H][O:179][H:347]>>[H]N=C(N([H])[H])N([H])C([H])([H])C([H])([H])C([H])([H])[C@@]([H])(C(=O)N([H])[C@]([H])(C(=O)N([H])C([H])([H])C(=O)N([H])[C@]([H])(C(=O)N([H])[C@]([H])(C(=O)N([H])[C@]([H])(C(=O)N([H])C([H])([H])C(=O)N([H])[C@]([H])(C(=O)N([H])C([H])([H])C(=O)N([H])[C@]([H])(C(=O)N([H])[C@]([H])(C(=O)N([H])[C@]([H])(C(=O)[O:179][H:347])C([H])([H])O[H])C([H])([H])C(=O)N([H])[H])C([H])([H])S[H])C([H])([H])C([H])(C([H])([H])[H])C([H])([H])[H])C([H])([H])O[H])C([H])([H])C([H])([H])C(=O)N([H])[H])C([H])([H])[H])[C@@]([H])(C([H])([H])[H])C([H])([H])C([H])([H])[H])N([H])C(=O)[C@@]([H])(N([H])C(=O)[C@@]([H])(N([H])C(=O)[C@@]([H])(N([H])C(=O)C([H])([H])N([H])C(=O)C([H])([H])N([H])C(=O)[C@@]([H])(N([H])C(=O)[C@@]([H])(N([H])C(=O)[C@@]([H])(N([H])C(=O)[C@@]([H])(N([H])[H])C([H])([H])O[H])C([H])([H])O[H])C([H])([H])S[H])C([H])([H])C1:C([H]):C([H]):C([H]):C([H]):C:1[H])C([H])([H])C([H])([H])C([H])([H])N([H])C(=N[H])N([H])[H])[C@@]([H])(C([H])([H])[H])C([H])([H])C([H])([H])[H])C([H])([H])C(=O)O[H],EVODEX-P26817
EVODEX-N10646,[H]N=C(N([H])[H])N([H])C([H])([H])C([H])([H])C([H])([H])[C@@]([H])(C(=O)O[H])N([H])C(=O)[C@@]([H])(N([H])[C:7](=[O:8])[C:9])C([H])([H])C([H])(C([H])([H])[H])C([H])([H])[H].[H][O:52][H:102]>>[C:7](=[O:8])([C:9])[O:52][H:102],EVODEX-P26822
EVODEX-N10647,[H]N=C(N([H])[H])N([H])C([H])([H])C([H])([H])C([H])([H])[C@@]([H])(C(=O)O[H])N([H])C(=O)[C@@]([H])(N([H])[C:7](=[O:8])[C:9])C([H])([H])C([H])(C([H])([H])[H])C([H])([H])[H]>>[H]O[C:7](=[O:8])[C:9],EVODEX-P26823
EVODEX-N10648,[H]N=C(N([H])[H])N([H])C([H])([H])C([H])([H])C([H])([H])[C@@]([H])(C(=O)N([H])[C@]([H])(C(=O)[N:86]([C:87])[H:302])C([H])([H])C([H])([H])C(=O)O[H])N([H])C(=O)[C@@]1([H])N(C(=O)[C@@]([H])(N([H])C(=O)[C@@]([H])(N([H])C(=O)[C@@]([H])(N([H])C(=O)[C@@]2([H])N(C(=O)[C@@]([H])(N([H])C(=O)[C@@]([H])(N([H])C(=O)[C@@]([H])(N([H])C(=O)[C@@]([H])(N([H])C(=O)[C@@]([H])(N([H])[H])C([H])([H])O[H])C([H])([H])[H])C([H])([H])C(=O)N([H])[H])C([H])([H])O[H])C([H])([H])C(=O)N([H])[H])C([H])([H])C([H])([H])C2([H])[H])C([H])([H])[H])C([H])([H])C([H])([H])SC([H])([H])[H])C([H])([H])[H])C([H])([H])C([H])([H])C1([H])[H]>>[H][N:86]([C:87])[H:302],EVODEX-P26826
EVODEX-N10649,[H]N=C(N([H])[H])N([H])C([H])([H])C([H])([H])C([H])([H])[C@@]([H])(C(=O)N([H])[C@]([H])(C(=O)N([H])[C@]([H])(C(=O)N([H])C([H])([H])C(=O)N([H])[C@]1([H])C(=O)N([H])[C@@]([H])(C([H])([H])C([H])([H])C([H])([H])C([H])([H])N([H])[H])C(=O)N([H])[C@@]([H])(C([H])([H])C(=O)N([H])[H])C(=O)N([H])[C@@]([H])(C([H])([H])C2:C([H]):C([H]):C([H]):C([H]):C:2[H])C(=O)N([H])[C@@]([H])(C([H])([H])C2:C([H]):C([H]):C([H]):C([H]):C:2[H])C(=O)N([H])[C@@]([H])(C([H])([H])C2:C([H]):N([H]):C3:C([H]):C([H]):C([H]):C([H]):C:2:3)C(=O)N([H])[C@@]([H])(C([H])([H])C([H])([H])C([H])([H])C([H])([H])N([H])[H])C(=O)N([H])[C@@]([H])([C@]([H])(O[H])C([H])([H])[H])C(=O)N([H])[C@@]([H])(C([H])([H])C2:C([H]):C([H]):C([H]):C([H]):C:2[H])C(=O)N([H])[C@@]([H])([C@]([H])(O[H])C([H])([H])[H])C(=O)N([H])[C@@]([H])(C([H])([H])O[H])C(=O)N([H])[C@]([H])(C(=O)O[H])C([H])([H])SSC1([H])[H])C([H])([H])[H])C([H])([H])C([H])([H])C([H])([H])C([H])([H])N([H])[H])N([H])[C:84]([C:78])=[O:85].[H][O:221][H:429]>>[C:78][C:84](=[O:85])[O:221][H:429],EVODEX-P26827
EVODEX-N10650,[H][O:221][H:429]>>[H]N=C(N([H])[H])N([H])C([H])([H])C([H])([H])C([H])([H])[C@@]([H])(C(=O)N([H])C([H])(C(=O)[O:221][H:429])C([H])([H])C([H])([H])C(=O)O[H])N([H])C(=O)[C@@]1([H])N(C(=O)[C@@]([H])(N([H])C(=O)[C@@]([H])(N([H])C(=O)[C@@]([H])(N([H])C(=O)[C@@]2([H])N(C(=O)[C@@]([H])(N([H])C(=O)[C@@]([H])(N([H])C(=O)[C@@]([H])(N([H])C(=O)[C@@]([H])(N([H])C(=O)[C@@]([H])(N([H])[H])C([H])([H])O[H])C([H])([H])[H])C([H])([H])C(=O)N([H])[H])C([H])([H])O[H])C([H])([H])C(=O)N([H])[H])C([H])([H])C([H])([H])C2([H])[H])C([H])([H])[H])C([H])([H])C([H])([H])SC([H])([H])[H])C([H])([H])[H])C([H])([H])C([H])([H])C1([H])[H],EVODEX-P26828
EVODEX-N10651,[H]N=C(N([H])[H])N([H])C([H])([H])C([H])([H])C([H])([H])[C@@]([H])(C(=O)N([H])[C@]([H])(C(=O)N([H])[C@]([H])(C(=O)N([H])C([H])([H])C(=O)N([H])[C@]1([H])C(=O)N([H])[C@@]([H])(C([H])([H])C([H])([H])C([H])([H])C([H])([H])N([H])[H])C(=O)N([H])[C@@]([H])(C([H])([H])C(=O)N([H])[H])C(=O)N([H])[C@@]([H])(C([H])([H])C2:C([H]):C([H]):C([H]):C([H]):C:2[H])C(=O)N([H])[C@@]([H])(C([H])([H])C2:C([H]):C([H]):C([H]):C([H]):C:2[H])C(=O)N([H])[C@@]([H])(C([H])([H])C2:C([H]):N([H]):C3:C([H]):C([H]):C([H]):C([H]):C:2:3)C(=O)N([H])[C@@]([H])(C([H])([H])C([H])([H])C([H])([H])C([H])([H])N([H])[H])C(=O)N([H])[C@@]([H])([C@]([H])(O[H])C([H])([H])[H])C(=O)N([H])[C@@]([H])(C([H])([H])C2:C([H]):C([H]):C([H]):C([H]):C:2[H])C(=O)N([H])[C@@]([H])([C@]([H])(O[H])C([H])([H])[H])C(=O)N([H])[C@@]([H])(C([H])([H])O[H])C(=O)N([H])[C@]([H])(C(=O)O[H])C([H])([H])SSC1([H])[H])C([H])([H])[H])C([H])([H])C([H])([H])C([H])([H])C([H])([H])N([H])[H])N([H])[C:84]([C:78])=[O:85]>>[H]O[C:84]([C:78])=[O:85],EVODEX-P26829
EVODEX-N10652,[H]N=C(N([H])[H])N([H])C([H])([H])C([H])([H])C([H])([H])[C@@]([H])(C(=O)[N:17]([C:9])[H:177])N([H])C(=O)[C@@]([H])(N([H])C(=O)[C@@]([H])(N([H])C(=O)C([H])([H])N([H])C(=O)C([H])([H])N([H])C(=O)[C@@]([H])(N([H])[H])C([H])([H])C1:C([H]):C([H]):C(O[H]):C([H]):C:1[H])C([H])([H])C1:C([H]):C([H]):C([H]):C([H]):C:1[H])C([H])([H])C([H])(C([H])([H])[H])C([H])([H])[H]>>[H][N:17]([C:9])[H:177],EVODEX-P26832
EVODEX-N10653,[H]N=C(N([H])[H])N([H])C([H])([H])C([H])([H])C([H])([H])[C@@]([H])(C(=O)N1C([H])([H])C([H])([H])C([H])([H])[C@@]1([H])C(=O)N([H])[C@]([H])(C(=O)N([H])[C@]([H])(C(=O)N([H])[C@]([H])(C(=O)N([H])[C@]([H])(C(=O)N([H])[C@]([H])(C(=O)N([H])[C@]([H])(C(=O)N([H])[C@]([H])(C(=O)N([H])[H])C([H])([H])C([H])([H])C(=O)N([H])[H])C([H])([H])C(=O)N([H])[H])C([H])([H])C(=O)O[H])C([H])([H])C1:C([H]):N([H]):C2:C([H]):C([H]):C([H]):C([H]):C:1:2)C([H])([H])C([H])([H])C([H])([H])C([H])([H])N([H])[H])C([H])([H])C([H])(C([H])([H])[H])C([H])([H])[H])C([H])([H])C([H])([H])C([H])([H])C([H])([H])N([H])[H])N([H])C(=O)[C@@]([H])(N([H])C(=O)[C@@]([H])(N([H])[C:18](=[O:19])[C:20])C([H])([H])C([H])([H])C([H])([H])N([H])C(=N[H])N([H])[H])[C@@]([H])(C([H])([H])[H])C([H])([H])C([H])([H])[H].[H][O:154][H:311]>>[C:18](=[O:19])([C:20])[O:154][H:311],EVODEX-P26833
EVODEX-N10654,[H][O:154][H:311]>>[H]N=C(N([H])[H])N([H])C([H])([H])C([H])([H])C([H])([H])[C@@]([H])(C(=O)[O:154][H:311])N([H])C(=O)[C@@]([H])(N([H])C(=O)[C@@]([H])(N([H])C(=O)C([H])([H])N([H])C(=O)C([H])([H])N([H])C(=O)[C@@]([H])(N([H])[H])C([H])([H])C1:C([H]):C([H]):C(O[H]):C([H]):C:1[H])C([H])([H])C1:C([H]):C([H]):C([H]):C([H]):C:1[H])C([H])([H])C([H])(C([H])([H])[H])C([H])([H])[H],EVODEX-P26834
EVODEX-N10655,[H]N=C(N([H])[H])N([H])C([H])([H])C([H])([H])C([H])([H])[C@@]([H])(C(=O)N1C([H])([H])C([H])([H])C([H])([H])[C@@]1([H])C(=O)N([H])[C@]([H])(C(=O)N([H])[C@]([H])(C(=O)N([H])[C@]([H])(C(=O)N([H])[C@]([H])(C(=O)N([H])[C@]([H])(C(=O)N([H])[C@]([H])(C(=O)N([H])[C@]([H])(C(=O)N([H])[H])C([H])([H])C([H])([H])C(=O)N([H])[H])C([H])([H])C(=O)N([H])[H])C([H])([H])C(=O)O[H])C([H])([H])C1:C([H]):N([H]):C2:C([H]):C([H]):C([H]):C([H]):C:1:2)C([H])([H])C([H])([H])C([H])([H])C([H])([H])N([H])[H])C([H])([H])C([H])(C([H])([H])[H])C([H])([H])[H])C([H])([H])C([H])([H])C([H])([H])C([H])([H])N([H])[H])N([H])C(=O)[C@@]([H])(N([H])C(=O)[C@@]([H])(N([H])[C:18](=[O:19])[C:20])C([H])([H])C([H])([H])C([H])([H])N([H])C(=N[H])N([H])[H])[C@@]([H])(C([H])([H])[H])C([H])([H])C([H])([H])[H]>>[H]O[C:18](=[O:19])[C:20],EVODEX-P26835
EVODEX-N10656,[H]N=C(N([H])[H])N([H])C([H])([H])C([H])([H])C([H])([H])[C@@]([H])(C(=O)[N:93]([C:94])[H:250])N([H])C(=O)[C@@]([H])(N([H])C(=O)C([H])([H])N([H])C(=O)C([H])([H])N([H])C(=O)[C@@]([H])(N([H])C(=O)[C@@]1([H])N(C(=O)[C@@]([H])(N([H])C(=O)[C@@]([H])(N([H])C(=O)[C@@]([H])(N([H])C(=O)[C@@]([H])(N([H])C(=O)[C@@]([H])(N([H])C(=O)[C@@]([H])(N([H])[H])C([H])([H])S[H])C([H])([H])C2:C([H]):C([H]):C(O[H]):C([H]):C:2[H])[C@@]([H])(C([H])([H])[H])C([H])([H])C([H])([H])[H])C([H])([H])C([H])([H])C(=O)N([H])[H])C([H])([H])C(=O)N([H])[H])C([H])([H])S[H])C([H])([H])C([H])([H])C1([H])[H])C([H])([H])C([H])(C([H])([H])[H])C([H])([H])[H])C([H])([H])C([H])([H])C([H])([H])C([H])([H])N([H])[H]>>[H][N:93]([C:94])[H:250],EVODEX-P26838
EVODEX-N10657,[H]N=C(N([H])[H])N([H])C([H])([H])C([H])([H])C([H])([H])[C@@]([H])(C(=O)O[H])N([H])C(=O)[C@@]([H])(N([H])C(=O)[C@@]([H])(N([H])C(=O)[C@@]([H])(N([H])C(=O)[C@@]([H])(N([H])C(=O)[C@@]([H])(N([H])C(=O)[C@@]([H])(N([H])C(=O)[C@@]([H])(N([H])[C:91]([C:83])=[O:92])C([H])([H])[H])C([H])(C([H])([H])[H])C([H])([H])[H])C([H])([H])C([H])(C([H])([H])[H])C([H])([H])[H])C([H])([H])C(=O)O[H])C([H])([H])C([H])(C([H])([H])[H])C([H])([H])[H])C([H])([H])C(=O)O[H])C([H])(C([H])([H])[H])C([H])([H])[H].[H][O:156][H:318]>>[C:83][C:91](=[O:92])[O:156][H:318],EVODEX-P26839
EVODEX-N10658,[H][O:156][H:318]>>[H]N=C(N([H])[H])N([H])C([H])([H])C([H])([H])C([H])([H])[C@@]([H])(C(=O)[O:156][H:318])N([H])C(=O)[C@@]([H])(N([H])C(=O)C([H])([H])N([H])C(=O)C([H])([H])N([H])C(=O)[C@@]([H])(N([H])C(=O)[C@@]1([H])N(C(=O)[C@@]([H])(N([H])C(=O)[C@@]([H])(N([H])C(=O)[C@@]([H])(N([H])C(=O)[C@@]([H])(N([H])C(=O)[C@@]([H])(N([H])C(=O)[C@@]([H])(N([H])[H])C([H])([H])S[H])C([H])([H])C2:C([H]):C([H]):C(O[H]):C([H]):C:2[H])[C@@]([H])(C([H])([H])[H])C([H])([H])C([H])([H])[H])C([H])([H])C([H])([H])C(=O)N([H])[H])C([H])([H])C(=O)N([H])[H])C([H])([H])S[H])C([H])([H])C([H])([H])C1([H])[H])C([H])([H])C([H])(C([H])([H])[H])C([H])([H])[H])C([H])([H])C([H])([H])C([H])([H])C([H])([H])N([H])[H],EVODEX-P26840
EVODEX-N10659,[H]N=C(N([H])[H])N([H])C([H])([H])C([H])([H])C([H])([H])[C@@]([H])(C(=O)O[H])N([H])C(=O)[C@@]([H])(N([H])C(=O)[C@@]([H])(N([H])C(=O)[C@@]([H])(N([H])C(=O)[C@@]([H])(N([H])C(=O)[C@@]([H])(N([H])C(=O)[C@@]([H])(N([H])C(=O)[C@@]([H])(N([H])[C:91]([C:83])=[O:92])C([H])([H])[H])C([H])(C([H])([H])[H])C([H])([H])[H])C([H])([H])C([H])(C([H])([H])[H])C([H])([H])[H])C([H])([H])C(=O)O[H])C([H])([H])C([H])(C([H])([H])[H])C([H])([H])[H])C([H])([H])C(=O)O[H])C([H])(C([H])([H])[H])C([H])([H])[H]>>[H]O[C:91]([C:83])=[O:92],EVODEX-P26841
EVODEX-N10660,[H]OC(=O)C([H])([H])[C@@]([H])(C(=O)N([H])[C@]([H])(C(=O)N([H])[H])C([H])([H])C1:C([H]):C([H]):C([H]):C([H]):C:1[H])N([H])C(=O)[C@@]([H])(N([H])C(=O)[C@@]([H])(N([H])C(=O)C([H])([H])N([H])C(=O)[C@@]([H])(N([H])C(=O)[C@@]([H])(N([H])[C:23](=[O:24])[C:25])C([H])([H])C1:C([H]):C([H]):C(OS(=O)(=O)O[H]):C([H]):C:1[H])C([H])([H])C([H])([H])SC([H])([H])[H])C([H])([H])C1:C([H]):N([H]):C2:C([H]):C([H]):C([H]):C([H]):C:1:2)C([H])([H])C([H])([H])SC([H])([H])[H].[H][O:79][H:142]>>[C:23](=[O:24])([C:25])[O:79][H:142],EVODEX-P26845
EVODEX-N10661,[H]OC(=O)C([H])([H])[C@@]([H])(C(=O)N([H])[C@]([H])(C(=O)N([H])[H])C([H])([H])C1:C([H]):C([H]):C([H]):C([H]):C:1[H])N([H])C(=O)[C@@]([H])(N([H])C(=O)[C@@]([H])(N([H])C(=O)C([H])([H])N([H])C(=O)[C@@]([H])(N([H])C(=O)[C@@]([H])(N([H])[C:23](=[O:24])[C:25])C([H])([H])C1:C([H]):C([H]):C(OS(=O)(=O)O[H]):C([H]):C:1[H])C([H])([H])C([H])([H])SC([H])([H])[H])C([H])([H])C1:C([H]):N([H]):C2:C([H]):C([H]):C([H]):C([H]):C:1:2)C([H])([H])C([H])([H])SC([H])([H])[H]>>[H]O[C:23](=[O:24])[C:25],EVODEX-P26846
EVODEX-N10662,[H]OC(=O)C([H])([H])[C@@]([H])(C(=O)N([H])[C@]([H])(C(=O)N([H])[C@]([H])(C(=O)N([H])C([H])([H])C(=O)[N:33]([C:34])[H:103])C([H])([H])C([H])([H])SC([H])([H])[H])C([H])([H])C1:C([H]):C([H]):C(O[H]):C([H]):C:1[H])N([H])[H]>>[H][N:33]([C:34])[H:103],EVODEX-P26849
EVODEX-N10663,[H]OC(=O)C([H])([H])[C@@]([H])(C(=O)N([H])[C@]([H])(C(=O)N([H])[H])C([H])([H])C1:C([H]):C([H]):C([H]):C([H]):C:1[H])N([H])C(=O)[C@@]([H])(N([H])C(=O)[C@@]([H])(N([H])[C:31]([C:30])=[O:32])C([H])([H])C1:C([H]):N([H]):C2:C([H]):C([H]):C([H]):C([H]):C:1:2)C([H])([H])C([H])([H])SC([H])([H])[H].[H][O:75][H:138]>>[C:30][C:31](=[O:32])[O:75][H:138],EVODEX-P26850
EVODEX-N10664,[H][O:75][H:138]>>[H]OC(=O)C([H])([H])[C@@]([H])(C(=O)N([H])[C@]([H])(C(=O)N([H])[C@]([H])(C(=O)N([H])C([H])([H])C(=O)[O:75][H:138])C([H])([H])C([H])([H])SC([H])([H])[H])C([H])([H])C1:C([H]):C([H]):C(O[H]):C([H]):C:1[H])N([H])[H],EVODEX-P26851
EVODEX-N10665,[H]OC(=O)C([H])([H])[C@@]([H])(C(=O)N([H])[C@]([H])(C(=O)N([H])[H])C([H])([H])C1:C([H]):C([H]):C([H]):C([H]):C:1[H])N([H])C(=O)[C@@]([H])(N([H])C(=O)[C@@]([H])(N([H])[C:31]([C:30])=[O:32])C([H])([H])C1:C([H]):N([H]):C2:C([H]):C([H]):C([H]):C([H]):C:1:2)C([H])([H])C([H])([H])SC([H])([H])[H]>>[H]O[C:31]([C:30])=[O:32],EVODEX-P26852
EVODEX-N10666,[H]C1:C([H]):C([H]):C(C([H])([H])[C@@]([H])(C(=O)N([H])[C@]([H])(C(=O)[N:18]([C:17])[H:108])C([H])([H])C([H])([H])C(=O)N([H])[H])N([H])C(=O)C2:C([H]):C([H]):C([H]):C([H]):C:2N([H])[H]):C([H]):C:1[H]>>[H][N:18]([C:17])[H:108],EVODEX-P26855
EVODEX-N10667,[H][O:85][H:163]>>[H]C1:C([H]):C([H]):C(C([H])([H])[C@@]([H])(C(=O)N([H])[C@]([H])(C(=O)[O:85][H:163])C([H])([H])C([H])([H])C(=O)N([H])[H])N([H])C(=O)C2:C([H]):C([H]):C([H]):C([H]):C:2N([H])[H]):C([H]):C:1[H],EVODEX-P26857
EVODEX-N10668,[H]N=C(N([H])[H])N([H])C([H])([H])C([H])([H])C([H])([H])[C@@]([H])(C(=O)N([H])[C@]([H])(C(=O)N([H])C([H])([H])C(=O)N([H])[C@]([H])(C(=O)N1C([H])([H])C([H])([H])C([H])([H])[C@@]1([H])C(=O)N([H])[C@]([H])(C(=O)N([H])[C@]([H])(C(=O)[N:36]([C:31])[H:180])C([H])([H])C([H])([H])C(=O)N([H])[H])C([H])([H])C([H])(C([H])([H])[H])C([H])([H])[H])C([H])([H])C([H])([H])C(=O)N([H])[H])C([H])([H])O[H])N([H])C(=O)[C@@]([H])(N([H])C(=O)C1:C([H]):C([H]):C([H]):C([H]):C:1N([H])[H])C([H])([H])C1:C([H]):C([H]):C([H]):C([H]):C:1[H]>>[H][N:36]([C:31])[H:180],EVODEX-P26861
EVODEX-N10669,[H][O:141][H:274]>>[H]N=C(N([H])[H])N([H])C([H])([H])C([H])([H])C([H])([H])[C@@]([H])(C(=O)N([H])[C@]([H])(C(=O)N([H])C([H])([H])C(=O)N([H])[C@]([H])(C(=O)N1C([H])([H])C([H])([H])C([H])([H])[C@@]1([H])C(=O)N([H])[C@]([H])(C(=O)N([H])[C@]([H])(C(=O)[O:141][H:274])C([H])([H])C([H])([H])C(=O)N([H])[H])C([H])([H])C([H])(C([H])([H])[H])C([H])([H])[H])C([H])([H])C([H])([H])C(=O)N([H])[H])C([H])([H])O[H])N([H])C(=O)[C@@]([H])(N([H])C(=O)C1:C([H]):C([H]):C([H]):C([H]):C:1N([H])[H])C([H])([H])C1:C([H]):C([H]):C([H]):C([H]):C:1[H],EVODEX-P26863
EVODEX-N10670,[H]N([H])C(=O)C([H])([H])[C@@]([H])(C(=O)N1C([H])([H])C([H])([H])C([H])([H])[C@@]1([H])C(=O)N([H])[C@]([H])(C(=O)[N:24]([C:23])[H:105])C([H])([H])C(=O)N([H])[H])N([H])C(=O)[C@@]([H])(N([H])C(=O)C([H])([H])N([H])C(=O)[C@@]1([H])N([H])C([H])([H])C([H])([H])C1([H])[H])C([H])([H])C([H])([H])C([H])([H])C([H])([H])N([H])[H]>>[H][N:24]([C:23])[H:105],EVODEX-P26872
EVODEX-N10671,[H]OC(=O)C([H])([H])N([H])C(=O)[C@@]([H])(N([H])C(=O)[C@@]1([H])N(C(=O)[C@@]2([H])N(C(=O)[C@@]([H])(N([H])[C:25](=[O:26])[C:27])[C@]([H])(O[H])C([H])([H])[H])C([H])([H])C([H])([H])C2([H])[H])C([H])([H])C([H])([H])C1([H])[H])[C@@]([H])(C([H])([H])[H])C([H])([H])C([H])([H])[H].[H][O:78][H:157]>>[C:25](=[O:26])([C:27])[O:78][H:157],EVODEX-P26873
EVODEX-N10672,[H][O:78][H:157]>>[H]N([H])C(=O)C([H])([H])[C@@]([H])(C(=O)N1C([H])([H])C([H])([H])C([H])([H])[C@@]1([H])C(=O)N([H])[C@]([H])(C(=O)[O:78][H:157])C([H])([H])C(=O)N([H])[H])N([H])C(=O)[C@@]([H])(N([H])C(=O)C([H])([H])N([H])C(=O)[C@@]1([H])N([H])C([H])([H])C([H])([H])C1([H])[H])C([H])([H])C([H])([H])C([H])([H])C([H])([H])N([H])[H],EVODEX-P26874
EVODEX-N10673,[H]OC(=O)C([H])([H])N([H])C(=O)[C@@]([H])(N([H])C(=O)[C@@]1([H])N(C(=O)[C@@]2([H])N(C(=O)[C@@]([H])(N([H])[C:25](=[O:26])[C:27])[C@]([H])(O[H])C([H])([H])[H])C([H])([H])C([H])([H])C2([H])[H])C([H])([H])C([H])([H])C1([H])[H])[C@@]([H])(C([H])([H])[H])C([H])([H])C([H])([H])[H]>>[H]O[C:25](=[O:26])[C:27],EVODEX-P26875
EVODEX-N10674,[H]C1:C([H]):C([H]):C(C([H])([H])[C@@]([H])(C(=O)N([H])[C@]([H])(C(=O)[N:45]([C:46])[H:137])C([H])([H])C([H])([H])C(=O)N([H])[H])N([H])C(=O)[C@@]([H])(N([H])C(=O)[C@@]([H])(N([H])C(=O)[C@@]2([H])N([H])C([H])([H])C([H])([H])C2([H])[H])C([H])([H])C([H])([H])C([H])([H])C([H])([H])N([H])[H])C([H])([H])C([H])(C([H])([H])[H])C([H])([H])[H]):C([H]):C:1[H]>>[H][N:45]([C:46])[H:137],EVODEX-P26878
EVODEX-N10675,[H]OC(=O)C([H])([H])[C@@]([H])(C(=O)N([H])C([H])([H])C(=O)N([H])[C@]([H])(C(=O)N1C([H])([H])C([H])([H])C([H])([H])[C@@]1([H])C(=O)N([H])[C@]([H])(C(=O)N([H])[C@]([H])(C(=O)O[H])C([H])([H])C(=O)N([H])[H])C([H])([H])O[H])C([H])([H])C([H])([H])C([H])([H])C([H])([H])N([H])[H])N([H])[C:43]([C:37])=[O:44].[H][O:88][H:176]>>[C:37][C:43](=[O:44])[O:88][H:176],EVODEX-P26879
EVODEX-N10676,[H][O:88][H:176]>>[H]C1:C([H]):C([H]):C(C([H])([H])[C@@]([H])(C(=O)N([H])[C@]([H])(C(=O)[O:88][H:176])C([H])([H])C([H])([H])C(=O)N([H])[H])N([H])C(=O)[C@@]([H])(N([H])C(=O)[C@@]([H])(N([H])C(=O)[C@@]2([H])N([H])C([H])([H])C([H])([H])C2([H])[H])C([H])([H])C([H])([H])C([H])([H])C([H])([H])N([H])[H])C([H])([H])C([H])(C([H])([H])[H])C([H])([H])[H]):C([H]):C:1[H],EVODEX-P26880
EVODEX-N10677,[H]OC(=O)C([H])([H])[C@@]([H])(C(=O)N([H])C([H])([H])C(=O)N([H])[C@]([H])(C(=O)N1C([H])([H])C([H])([H])C([H])([H])[C@@]1([H])C(=O)N([H])[C@]([H])(C(=O)N([H])[C@]([H])(C(=O)O[H])C([H])([H])C(=O)N([H])[H])C([H])([H])O[H])C([H])([H])C([H])([H])C([H])([H])C([H])([H])N([H])[H])N([H])[C:43]([C:37])=[O:44]>>[H]O[C:43]([C:37])=[O:44],EVODEX-P26881
EVODEX-N10678,[H]OC([H])([H])[C@@]([H])(C(=O)N([H])[C@]([H])(C(=O)N([H])[C@]([H])(C(=O)N1C([H])([H])C([H])([H])C([H])([H])[C@@]1([H])C(=O)N([H])[C@]([H])(C(=O)[N:20]([C:15])[H:103])C([H])([H])C([H])([H])C(=O)N([H])[H])[C@]([H])(O[H])C([H])([H])[H])C([H])([H])C([H])([H])C([H])([H])C([H])([H])N([H])[H])N([H])C(=O)C([H])([H])N([H])[H]>>[H][N:20]([C:15])[H:103],EVODEX-P26884
EVODEX-N10679,[H]OC(=O)C([H])([H])[C@@]([H])(C(=O)N1C([H])([H])C([H])([H])C([H])([H])[C@@]1([H])C(=O)N([H])[C@]([H])(C(=O)N([H])[C@]([H])(C(=O)N([H])[C@]([H])(C(=O)O[H])C([H])([H])C([H])([H])C(=O)N([H])[H])C([H])([H])C([H])([H])C(=O)N([H])[H])[C@]([H])(O[H])C([H])([H])[H])N([H])[C:21](=[O:22])[C:23].[H][O:84][H:164]>>[C:21](=[O:22])([C:23])[O:84][H:164],EVODEX-P26885
EVODEX-N10680,[H][O:84][H:164]>>[H]OC([H])([H])[C@@]([H])(C(=O)N([H])[C@]([H])(C(=O)N([H])[C@]([H])(C(=O)N1C([H])([H])C([H])([H])C([H])([H])[C@@]1([H])C(=O)N([H])[C@]([H])(C(=O)[O:84][H:164])C([H])([H])C([H])([H])C(=O)N([H])[H])[C@]([H])(O[H])C([H])([H])[H])C([H])([H])C([H])([H])C([H])([H])C([H])([H])N([H])[H])N([H])C(=O)C([H])([H])N([H])[H],EVODEX-P26886
EVODEX-N10681,[H]OC(=O)C([H])([H])[C@@]([H])(C(=O)N1C([H])([H])C([H])([H])C([H])([H])[C@@]1([H])C(=O)N([H])[C@]([H])(C(=O)N([H])[C@]([H])(C(=O)N([H])[C@]([H])(C(=O)O[H])C([H])([H])C([H])([H])C(=O)N([H])[H])C([H])([H])C([H])([H])C(=O)N([H])[H])[C@]([H])(O[H])C([H])([H])[H])N([H])[C:21](=[O:22])[C:23]>>[H]O[C:21](=[O:22])[C:23],EVODEX-P26887
EVODEX-N10682,[H]OC(=O)C([H])([H])C([H])([H])[C@@]([H])(C(=O)N([H])[C@]([H])(C(=O)N([H])[C@]([H])(C(=O)N([H])[C@]([H])(C(=O)[N:81]([C:82])[H:206])C([H])([H])C([H])([H])C(=O)N([H])[H])C([H])([H])C(=O)N([H])[H])C([H])([H])[H])N([H])C(=O)[C@@]([H])(N([H])C(=O)[C@@]([H])(N([H])C(=O)[C@@]([H])(N([H])C(=O)[C@@]([H])(N([H])C(=O)[C@@]([H])(N([H])C(=O)[C@@]([H])(N([H])C(=O)C([H])([H])[H])C([H])([H])O[H])C([H])([H])C(=O)N([H])[H])C([H])([H])C([H])([H])C([H])([H])C([H])([H])N([H])[H])[C@]([H])(O[H])C([H])([H])[H])C([H])(C([H])([H])[H])C([H])([H])C([H])([H])[H])C([H])([H])C(=O)O[H]>>[H][N:81]([C:82])[H:206],EVODEX-P26890
EVODEX-N10683,[H]N=C(N([H])[H])N([H])C([H])([H])C([H])([H])C([H])([H])[C@@]([H])(C(=O)N([H])[C@]([H])(C(=O)N([H])[C@]([H])(C(=O)N([H])[C@]([H])(C(=O)N([H])[C@]([H])(C(=O)N([H])[C@]([H])(C(=O)N([H])[H])C([H])([H])C([H])(C([H])([H])[H])C([H])([H])[H])C([H])([H])C([H])([H])SC([H])([H])[H])C([H])([H])C([H])([H])C([H])([H])C([H])([H])N([H])[H])C([H])(O[H])C([H])([H])[H])C([H])([H])[H])N([H])[C:79]([C:73])=[O:80].[H][O:130][H:264]>>[C:73][C:79](=[O:80])[O:130][H:264],EVODEX-P26891
EVODEX-N10684,[H][O:130][H:264]>>[H]OC(=O)C([H])([H])C([H])([H])[C@@]([H])(C(=O)N([H])[C@]([H])(C(=O)N([H])[C@]([H])(C(=O)N([H])[C@]([H])(C(=O)[O:130][H:264])C([H])([H])C([H])([H])C(=O)N([H])[H])C([H])([H])C(=O)N([H])[H])C([H])([H])[H])N([H])C(=O)[C@@]([H])(N([H])C(=O)[C@@]([H])(N([H])C(=O)[C@@]([H])(N([H])C(=O)[C@@]([H])(N([H])C(=O)[C@@]([H])(N([H])C(=O)[C@@]([H])(N([H])C(=O)C([H])([H])[H])C([H])([H])O[H])C([H])([H])C(=O)N([H])[H])C([H])([H])C([H])([H])C([H])([H])C([H])([H])N([H])[H])[C@]([H])(O[H])C([H])([H])[H])C([H])(C([H])([H])[H])C([H])([H])C([H])([H])[H])C([H])([H])C(=O)O[H],EVODEX-P26892
EVODEX-N10685,[H]N=C(N([H])[H])N([H])C([H])([H])C([H])([H])C([H])([H])[C@@]([H])(C(=O)N([H])[C@]([H])(C(=O)N([H])[C@]([H])(C(=O)N([H])[C@]([H])(C(=O)N([H])[C@]([H])(C(=O)N([H])[C@]([H])(C(=O)N([H])[H])C([H])([H])C([H])(C([H])([H])[H])C([H])([H])[H])C([H])([H])C([H])([H])SC([H])([H])[H])C([H])([H])C([H])([H])C([H])([H])C([H])([H])N([H])[H])C([H])(O[H])C([H])([H])[H])C([H])([H])[H])N([H])[C:79]([C:73])=[O:80]>>[H]O[C:79]([C:73])=[O:80],EVODEX-P26893
EVODEX-N10686,[H]N=C(N([H])[H])N([H])C([H])([H])C([H])([H])C([H])([H])[C@@]([H])(C(=O)N([H])[C@]([H])(C(=O)N([H])[C@]([H])(C(=O)N([H])[C@]([H])(C(=O)N([H])[C@]([H])(C(=O)N([H])[C@]([H])(C(=O)N([H])[C@]([H])(C(=O)[N:89]([C:90])[H:208])C([H])([H])C([H])([H])C(=O)N([H])[H])C([H])([H])C(=O)N([H])[H])C([H])([H])[H])C([H])([H])C([H])([H])C(=O)O[H])C([H])([H])C(=O)O[H])[C@@]([H])(C([H])([H])[H])C([H])([H])C([H])([H])[H])N([H])C(=O)[C@@]([H])(N([H])C(=O)[C@@]([H])(N([H])C(=O)[C@@]([H])(N([H])C(=O)[C@@]([H])(N([H])[H])C([H])([H])O[H])C([H])([H])C(=O)N([H])[H])C([H])([H])C([H])([H])C([H])([H])C([H])([H])N([H])[H])[C@]([H])(O[H])C([H])([H])[H]>>[H][N:89]([C:90])[H:208],EVODEX-P26896
EVODEX-N10687,[H]N=C(N([H])[H])N([H])C([H])([H])C([H])([H])C([H])([H])[C@@]([H])(C(=O)N([H])[C@]([H])(C(=O)N([H])[C@]([H])(C(=O)N([H])[C@]([H])(C(=O)O[H])C([H])([H])C([H])([H])C([H])([H])C([H])([H])N([H])[H])[C@]([H])(O[H])C([H])([H])[H])C([H])([H])[H])N([H])[C:87]([C:81])=[O:88].[H][O:122][H:245]>>[C:81][C:87](=[O:88])[O:122][H:245],EVODEX-P26897
EVODEX-N10688,[H][O:122][H:245]>>[H]N=C(N([H])[H])N([H])C([H])([H])C([H])([H])C([H])([H])[C@@]([H])(C(=O)N([H])[C@]([H])(C(=O)N([H])[C@]([H])(C(=O)N([H])[C@]([H])(C(=O)N([H])[C@]([H])(C(=O)N([H])[C@]([H])(C(=O)N([H])[C@]([H])(C(=O)[O:122][H:245])C([H])([H])C([H])([H])C(=O)N([H])[H])C([H])([H])C(=O)N([H])[H])C([H])([H])[H])C([H])([H])C([H])([H])C(=O)O[H])C([H])([H])C(=O)O[H])[C@@]([H])(C([H])([H])[H])C([H])([H])C([H])([H])[H])N([H])C(=O)[C@@]([H])(N([H])C(=O)[C@@]([H])(N([H])C(=O)[C@@]([H])(N([H])C(=O)[C@@]([H])(N([H])[H])C([H])([H])O[H])C([H])([H])C(=O)N([H])[H])C([H])([H])C([H])([H])C([H])([H])C([H])([H])N([H])[H])[C@]([H])(O[H])C([H])([H])[H],EVODEX-P26898
EVODEX-N10689,[H]N=C(N([H])[H])N([H])C([H])([H])C([H])([H])C([H])([H])[C@@]([H])(C(=O)N([H])[C@]([H])(C(=O)N([H])[C@]([H])(C(=O)N([H])[C@]([H])(C(=O)O[H])C([H])([H])C([H])([H])C([H])([H])C([H])([H])N([H])[H])[C@]([H])(O[H])C([H])([H])[H])C([H])([H])[H])N([H])[C:87]([C:81])=[O:88]>>[H]O[C:87]([C:81])=[O:88],EVODEX-P26899
EVODEX-N10690,[H]C1:C([H]):C([H]):C(C([H])([H])OC(=O)N([H])[C@]([H])(C(=O)N([H])[C@]([H])(C(=O)[N:6]([C:5])[H:50])C([H])([H])[H])C([H])([H])[H]):C([H]):C:1[H]>>[H][N:6]([C:5])[H:50],EVODEX-P26907
EVODEX-N10691,[H][O:39][H:73]>>[H]C1:C([H]):C([H]):C(C([H])([H])OC(=O)N([H])[C@]([H])(C(=O)N([H])[C@]([H])(C(=O)[O:39][H:73])C([H])([H])[H])C([H])([H])[H]):C([H]):C:1[H],EVODEX-P26909
EVODEX-N10692,[H][O:77][H:151]>>[H]N=C(N([H])[H])N([H])C([H])([H])C([H])([H])C([H])([H])[C@@]([H])(C(=O)N1C([H])([H])C([H])([H])C([H])([H])[C@@]1([H])C(=O)N1C([H])([H])C([H])([H])C([H])([H])[C@@]1([H])C(=O)N([H])C([H])([H])C(=O)N([H])[C@]([H])(C(=O)N([H])[C@]([H])(C(=O)N1C([H])([H])C([H])([H])C([H])([H])[C@@]1([H])C(=O)[O:77][H:151])C([H])([H])O[H])C([H])([H])C1:C([H]):C([H]):C([H]):C([H]):C:1[H])N([H])[H],EVODEX-P26914
EVODEX-N10693,[H]N=C(N([H])[H])N([H])C([H])([H])C([H])([H])C([H])([H])[C@@]([H])(C(=O)N([H])[C@]([H])(C(=O)N([H])[C@]([H])(C(=O)[N:50]([C:51])[H:122])C([H])([H])[H])C([H])([H])[H])N([H])C(=O)[C@@]([H])(N([H])C(=O)[C@@]([H])(N([H])C(=O)C([H])([H])N([H])C(=O)[C@@]([H])(N([H])[H])C([H])([H])[H])C([H])([H])C([H])(C([H])([H])[H])C([H])([H])[H])C([H])([H])C([H])([H])C([H])([H])N([H])C(=N[H])N([H])[H]>>[H][N:50]([C:51])[H:122],EVODEX-P26918
EVODEX-N10694,[H]OC(=O)C([H])([H])N([H])C(=O)C([H])([H])N([H])C(=O)[C@@]([H])(N([H])[C:48]([C:46])=[O:49])C([H])([H])C([H])(C([H])([H])[H])C([H])([H])[H].[H][O:67][H:140]>>[C:46][C:48](=[O:49])[O:67][H:140],EVODEX-P26919
EVODEX-N10695,[H][O:67][H:140]>>[H]N=C(N([H])[H])N([H])C([H])([H])C([H])([H])C([H])([H])[C@@]([H])(C(=O)N([H])[C@]([H])(C(=O)N([H])[C@]([H])(C(=O)[O:67][H:140])C([H])([H])[H])C([H])([H])[H])N([H])C(=O)[C@@]([H])(N([H])C(=O)[C@@]([H])(N([H])C(=O)C([H])([H])N([H])C(=O)[C@@]([H])(N([H])[H])C([H])([H])[H])C([H])([H])C([H])(C([H])([H])[H])C([H])([H])[H])C([H])([H])C([H])([H])C([H])([H])N([H])C(=N[H])N([H])[H],EVODEX-P26920
EVODEX-N10696,[H]OC(=O)C([H])([H])N([H])C(=O)C([H])([H])N([H])C(=O)[C@@]([H])(N([H])[C:48]([C:46])=[O:49])C([H])([H])C([H])(C([H])([H])[H])C([H])([H])[H]>>[H]O[C:48]([C:46])=[O:49],EVODEX-P26921
EVODEX-N10697,[H]OC1:C([H]):C([H]):C(C([H])([H])[C@@]([H])(C(=O)[N:22]([C:17])[H:111])N([H])C(=O)[C@@]([H])(N([H])C(=O)[C@@]([H])(N([H])C(=O)[C@@]([H])(N([H])C(=O)[C@@]2([H])N([H])C([H])([H])C([H])([H])C2([H])[H])[C@]([H])(O[H])C([H])([H])[H])C([H])([H])C([H])([H])C([H])([H])C([H])([H])N([H])[H])[C@@]([H])(C([H])([H])[H])C([H])([H])C([H])([H])[H]):C([H]):C:1[H]>>[H][N:22]([C:17])[H:111],EVODEX-P26924
EVODEX-N10698,[H]OC(=O)C([H])([H])[C@@]([H])(C(=O)O[H])N([H])C(=O)[C@@]([H])(N([H])C(=O)[C@@]([H])(N([H])C(=O)[C@@]([H])(N([H])C(=O)[C@@]([H])(N([H])[C:23](=[O:24])[C:25])C([H])([H])C(=O)O[H])C([H])([H])C(=O)N([H])[H])[C@@]([H])(C([H])([H])[H])C([H])([H])C([H])([H])[H])C([H])([H])C1:C([H]):C([H]):C(O[H]):C([H]):C:1[H].[H][O:89][H:174]>>[C:23](=[O:24])([C:25])[O:89][H:174],EVODEX-P26925
EVODEX-N10699,[H][O:89][H:174]>>[H]OC1:C([H]):C([H]):C(C([H])([H])[C@@]([H])(C(=O)[O:89][H:174])N([H])C(=O)[C@@]([H])(N([H])C(=O)[C@@]([H])(N([H])C(=O)[C@@]([H])(N([H])C(=O)[C@@]2([H])N([H])C([H])([H])C([H])([H])C2([H])[H])[C@]([H])(O[H])C([H])([H])[H])C([H])([H])C([H])([H])C([H])([H])C([H])([H])N([H])[H])[C@@]([H])(C([H])([H])[H])C([H])([H])C([H])([H])[H]):C([H]):C:1[H],EVODEX-P26926
EVODEX-N10700,[H]OC(=O)C([H])([H])[C@@]([H])(C(=O)O[H])N([H])C(=O)[C@@]([H])(N([H])C(=O)[C@@]([H])(N([H])C(=O)[C@@]([H])(N([H])C(=O)[C@@]([H])(N([H])[C:23](=[O:24])[C:25])C([H])([H])C(=O)O[H])C([H])([H])C(=O)N([H])[H])[C@@]([H])(C([H])([H])[H])C([H])([H])C([H])([H])[H])C([H])([H])C1:C([H]):C([H]):C(O[H]):C([H]):C:1[H]>>[H]O[C:23](=[O:24])[C:25],EVODEX-P26927
EVODEX-N10701,[H]OC(=O)C([H])([H])N([H])C(=O)C([H])([H])N([H])C(=O)C([H])([H])N([H])[C:7]([C:6])=[O:8].[H][O:22][H:40]>>[C:6][C:7](=[O:8])[O:22][H:40],EVODEX-P26931
EVODEX-N10702,[H]OC(=O)C([H])([H])N([H])C(=O)C([H])([H])N([H])C(=O)C([H])([H])N([H])[C:7]([C:6])=[O:8]>>[H]O[C:7]([C:6])=[O:8],EVODEX-P26932
EVODEX-N10703,[H]/C(C(=O)N([H])[C@]([H])(C(=O)N([H])[C@]([H])(C(=O)[N:23]([C:24])[H:64])C([H])([H])[H])C([H])([H])C([H])(C([H])([H])[H])C([H])([H])[H])=C(/[H])C1:O:C([H]):C([H]):C:1[H]>>[H][N:23]([C:24])[H:64],"EVODEX-P26935,EVODEX-P26941"
EVODEX-N10704,[H]OC(=O)C([H])([H])[C@@]([H])(C(=O)N([H])[C@]([H])(C(=O)N([H])[C@]([H])(C(=O)N([H])[H])C([H])([H])[H])C([H])([H])[H])N([H])[C:21]([C:19])=[O:22].[H][O:42][H:81]>>[C:19][C:21](=[O:22])[O:42][H:81],EVODEX-P26936
EVODEX-N10705,[H][O:42][H:81]>>[H]/C(C(=O)N([H])[C@]([H])(C(=O)N([H])[C@]([H])(C(=O)[O:42][H:81])C([H])([H])[H])C([H])([H])C([H])(C([H])([H])[H])C([H])([H])[H])=C(/[H])C1:O:C([H]):C([H]):C:1[H],EVODEX-P26937
EVODEX-N10706,[H]OC(=O)C([H])([H])[C@@]([H])(C(=O)N([H])[C@]([H])(C(=O)N([H])[C@]([H])(C(=O)N([H])[H])C([H])([H])[H])C([H])([H])[H])N([H])[C:21]([C:19])=[O:22]>>[H]O[C:21]([C:19])=[O:22],EVODEX-P26938
EVODEX-N10707,[H]OC(=O)C([H])([H])[C@@]([H])(C(=O)N([H])[C@]([H])(C(=O)N([H])[C@]([H])(C(=O)N([H])[H])C([H])([H])O[H])C([H])([H])[H])N([H])[C:21]([C:19])=[O:22].[H][O:43][H:82]>>[C:19][C:21](=[O:22])[O:43][H:82],EVODEX-P26942
EVODEX-N10708,[H]OC(=O)C([H])([H])[C@@]([H])(C(=O)N([H])[C@]([H])(C(=O)N([H])[C@]([H])(C(=O)N([H])[H])C([H])([H])O[H])C([H])([H])[H])N([H])[C:21]([C:19])=[O:22]>>[H]O[C:21]([C:19])=[O:22],EVODEX-P26943
EVODEX-N10709,[H]N=C(N([H])[H])N([H])C([H])([H])C([H])([H])C([H])([H])[C@@]([H])(C(=O)[N:20]([C:21])[H:60])N([H])C(=O)[C@@]([H])(N([H])[H])C([H])([H])C([H])([H])SC([H])([H])[H]>>[H][N:20]([C:21])[H:60],EVODEX-P26946
EVODEX-N10710,[H]OC(=O)[C@@]([H])(N([H])C(=O)[C@@]([H])(N([H])[C:18]([C:10])=[O:19])C([H])([H])C1:C([H]):C([H]):C([H]):C([H]):C:1[H])C([H])([H])[H].[H][O:37][H:75]>>[C:10][C:18](=[O:19])[O:37][H:75],"EVODEX-P26947,EVODEX-P26953"
EVODEX-N10711,[H][O:37][H:75]>>[H]N=C(N([H])[H])N([H])C([H])([H])C([H])([H])C([H])([H])[C@@]([H])(C(=O)[O:37][H:75])N([H])C(=O)[C@@]([H])(N([H])[H])C([H])([H])C([H])([H])SC([H])([H])[H],EVODEX-P26948
EVODEX-N10712,[H]OC(=O)[C@@]([H])(N([H])C(=O)[C@@]([H])(N([H])[C:18]([C:10])=[O:19])C([H])([H])C1:C([H]):C([H]):C([H]):C([H]):C:1[H])C([H])([H])[H]>>[H]O[C:18]([C:10])=[O:19],"EVODEX-P26949,EVODEX-P26955"
EVODEX-N10713,[H]OC(=O)C([H])([H])C([H])([H])[C@@]([H])(C(=O)[N:17]([C:18])[H:50])N([H])C(=O)[C@@]([H])(N([H])C(=O)C([H])([H])[H])C([H])(O[H])C([H])([H])[H]>>[H][N:17]([C:18])[H:50],"EVODEX-P26952,EVODEX-P26958"
EVODEX-N10714,[H][O:37][H:70]>>[H]OC(=O)C([H])([H])C([H])([H])[C@@]([H])(C(=O)[O:37][H:70])N([H])C(=O)[C@@]([H])(N([H])C(=O)C([H])([H])[H])C([H])(O[H])C([H])([H])[H],EVODEX-P26954
EVODEX-N10715,[H]OC(=O)C([H])([H])C([H])([H])[C@@]([H])(C(=O)N([H])[C@]([H])(C(=O)O[H])C([H])([H])C1:C([H]):C([H]):C([H]):C([H]):C:1[H])N([H])C(=O)[C@@]([H])(N([H])C(=O)[C@@]([H])(N([H])C(=O)[C@@]([H])(N([H])[C:15]([C:9])=[O:16])C([H])([H])C1:C([H]):C([H]):C([H]):C([H]):C:1[H])C([H])([H])[H])C([H])([H])O[H].[H][O:63][H:117]>>[C:9][C:15](=[O:16])[O:63][H:117],EVODEX-P26959
EVODEX-N10716,[H]OC(=O)C([H])([H])C([H])([H])[C@@]([H])(C(=O)N([H])[C@]([H])(C(=O)O[H])C([H])([H])C1:C([H]):C([H]):C([H]):C([H]):C:1[H])N([H])C(=O)[C@@]([H])(N([H])C(=O)[C@@]([H])(N([H])C(=O)[C@@]([H])(N([H])[C:15]([C:9])=[O:16])C([H])([H])C1:C([H]):C([H]):C([H]):C([H]):C:1[H])C([H])([H])[H])C([H])([H])O[H]>>[H]O[C:15]([C:9])=[O:16],EVODEX-P26960
EVODEX-N10717,[H]OS(=O)(=O)C1:C([H]):C([H]):C([H]):C2:C(N([H])C([H])([H])C([H])([H])N([H])C(=O)C([H])([H])C([H])([H])[C@@]([H])(C(=O)N3C([H])([H])C([H])([H])C([H])([H])[C@@]3([H])C(=O)N([H])[C@]([H])(C(=O)N([H])[C@]([H])(C(=O)N([H])[C@]([H])(C(=O)N([H])[C@]([H])(C(=O)[N:61]([C:62])[H:183])C([H])([H])[H])C([H])([H])C([H])([H])C(=O)N([H])[H])C([H])([H])[H])C([H])([H])C([H])(C([H])([H])[H])C([H])([H])[H])N([H])[H]):C([H]):C([H]):C([H]):C:1:2>>[H][N:61]([C:62])[H:183],EVODEX-P26963
EVODEX-N10718,[H]N=C(N([H])[H])N([H])C([H])([H])C([H])([H])C([H])([H])[C@@]([H])(C(=O)N([H])[C@]([H])(C(=O)N([H])[C@]([H])(C(=O)N([H])[C@]([H])(C(=O)N([H])[C@]([H])(C(=O)O[H])C([H])([H])C([H])([H])C([H])([H])C([H])([H])N([H])C(=O)C1:C([H]):C([H]):C(/N=N/C2:C([H]):C([H]):C(N(C([H])([H])[H])C([H])([H])[H]):C([H]):C:2[H]):C([H]):C:1[H])C([H])([H])O[H])C([H])([H])O[H])C([H])([H])O[H])N([H])C(=O)[C@@]([H])(N([H])[C:59]([C:57])=[O:60])C([H])(C([H])([H])[H])C([H])([H])[H].[H][O:126][H:245]>>[C:57][C:59](=[O:60])[O:126][H:245],EVODEX-P26964
EVODEX-N10719,[H][O:126][H:245]>>[H]OS(=O)(=O)C1:C([H]):C([H]):C([H]):C2:C(N([H])C([H])([H])C([H])([H])N([H])C(=O)C([H])([H])C([H])([H])[C@@]([H])(C(=O)N3C([H])([H])C([H])([H])C([H])([H])[C@@]3([H])C(=O)N([H])[C@]([H])(C(=O)N([H])[C@]([H])(C(=O)N([H])[C@]([H])(C(=O)N([H])[C@]([H])(C(=O)[O:126][H:245])C([H])([H])[H])C([H])([H])C([H])([H])C(=O)N([H])[H])C([H])([H])[H])C([H])([H])C([H])(C([H])([H])[H])C([H])([H])[H])N([H])[H]):C([H]):C([H]):C([H]):C:1:2,EVODEX-P26965
EVODEX-N10720,[H]N=C(N([H])[H])N([H])C([H])([H])C([H])([H])C([H])([H])[C@@]([H])(C(=O)N([H])[C@]([H])(C(=O)N([H])[C@]([H])(C(=O)N([H])[C@]([H])(C(=O)N([H])[C@]([H])(C(=O)O[H])C([H])([H])C([H])([H])C([H])([H])C([H])([H])N([H])C(=O)C1:C([H]):C([H]):C(/N=N/C2:C([H]):C([H]):C(N(C([H])([H])[H])C([H])([H])[H]):C([H]):C:2[H]):C([H]):C:1[H])C([H])([H])O[H])C([H])([H])O[H])C([H])([H])O[H])N([H])C(=O)[C@@]([H])(N([H])[C:59]([C:57])=[O:60])C([H])(C([H])([H])[H])C([H])([H])[H]>>[H]O[C:59]([C:57])=[O:60],EVODEX-P26966
EVODEX-N10721,[H]OC(=O)[C@@]([H])(N1C([H])([H])C([H])([H])C([H])([H])[C@@]1([H])C(=O)N([H])[C@]([H])(C(=O)N([H])[C@]([H])(C(=O)N([H])[C@]([H])(C(=O)N([H])[C@]([H])(C(=O)[N:37]([C:36])[H:185])C([H])([H])[H])C([H])([H])C([H])([H])C(=O)N([H])[H])C([H])([H])[H])C([H])([H])C([H])(C([H])([H])[H])C([H])([H])[H])C([H])([H])C([H])([H])C(=O)N([H])C([H])([H])C([H])([H])N([H])C1:C([H]):C([H]):C([H]):C2:C(S(=O)(=O)O[H]):C([H]):C([H]):C([H]):C:1:2>>[H][N:37]([C:36])[H:185],EVODEX-P26969
EVODEX-N10722,[H]N=C(N([H])[H])N([H])C([H])([H])C([H])([H])C([H])([H])[C@@]([H])(C(=O)N([H])[C@]([H])(C(=O)N([H])[C@]([H])(C(=O)N([H])[C@]([H])(C(=O)N([H])[C@]([H])(C(=O)O[H])C([H])([H])C([H])([H])C([H])([H])C([H])([H])N([H])C(=O)C1:C([H]):C([H]):C(/N=N/C2:C([H]):C([H]):C(N(C([H])([H])[H])C([H])([H])[H]):C([H]):C:2[H]):C([H]):C:1[H])C([H])([H])O[C@@]1([H])O[C@]([H])(C([H])([H])O[H])[C@@]([H])(O[H])[C@]([H])(O[C@]2([H])O[C@]([H])(C([H])([H])O[H])[C@@]([H])(O[H])[C@]([H])(O[H])[C@@]2([H])O[H])[C@@]1([H])N([H])C(=O)C([H])([H])[H])C([H])([H])O[H])C([H])([H])O[H])N([H])C(=O)[C@@]([H])(N([H])[C:38](=[O:39])[C:40])C([H])(C([H])([H])[H])C([H])([H])[H].[H][O:151][H:292]>>[C:38](=[O:39])([C:40])[O:151][H:292],EVODEX-P26970
EVODEX-N10723,[H][O:151][H:292]>>[H]OC(=O)[C@@]([H])(N1C([H])([H])C([H])([H])C([H])([H])[C@@]1([H])C(=O)N([H])[C@]([H])(C(=O)N([H])[C@]([H])(C(=O)N([H])[C@]([H])(C(=O)N([H])[C@]([H])(C(=O)[O:151][H:292])C([H])([H])[H])C([H])([H])C([H])([H])C(=O)N([H])[H])C([H])([H])[H])C([H])([H])C([H])(C([H])([H])[H])C([H])([H])[H])C([H])([H])C([H])([H])C(=O)N([H])C([H])([H])C([H])([H])N([H])C1:C([H]):C([H]):C([H]):C2:C(S(=O)(=O)O[H]):C([H]):C([H]):C([H]):C:1:2,EVODEX-P26971
EVODEX-N10724,[H]N=C(N([H])[H])N([H])C([H])([H])C([H])([H])C([H])([H])[C@@]([H])(C(=O)N([H])[C@]([H])(C(=O)N([H])[C@]([H])(C(=O)N([H])[C@]([H])(C(=O)N([H])[C@]([H])(C(=O)O[H])C([H])([H])C([H])([H])C([H])([H])C([H])([H])N([H])C(=O)C1:C([H]):C([H]):C(/N=N/C2:C([H]):C([H]):C(N(C([H])([H])[H])C([H])([H])[H]):C([H]):C:2[H]):C([H]):C:1[H])C([H])([H])O[C@@]1([H])O[C@]([H])(C([H])([H])O[H])[C@@]([H])(O[H])[C@]([H])(O[C@]2([H])O[C@]([H])(C([H])([H])O[H])[C@@]([H])(O[H])[C@]([H])(O[H])[C@@]2([H])O[H])[C@@]1([H])N([H])C(=O)C([H])([H])[H])C([H])([H])O[H])C([H])([H])O[H])N([H])C(=O)[C@@]([H])(N([H])[C:38](=[O:39])[C:40])C([H])(C([H])([H])[H])C([H])([H])[H]>>[H]O[C:38](=[O:39])[C:40],EVODEX-P26972
EVODEX-N10725,[H]OC(=O)[C@@]([H])(N([H])C(=O)[C@@]([H])(N([H])C(=O)[C@@]([H])(N([H])C(=O)[C@@]([H])(N([H])C(=O)[C@@]1([H])N(C(=O)[C@@]([H])(N([H])C(=O)[C@@]2([H])N(C(=O)[C@@]([H])(N([H])C(=O)[C@@]([H])(N([H])C(=O)C([H])([H])C3:C([H]):C(=O):O:C4:C([H]):C(OC([H])([H])[H]):C([H]):C([H]):C:3:4)C([H])([H])C([H])([H])C([H])([H])C([H])([H])N([H])[H])C([H])([H])C([H])([H])C([H])([H])C([H])([H])N([H])[H])C([H])([H])C([H])([H])C2([H])[H])[C@]([H])(O[H])C([H])([H])[H])C([H])([H])C([H])([H])C1([H])[H])[C@@]([H])(C([H])([H])[H])C([H])([H])C([H])([H])[H])C([H])([H])C([H])([H])C(=O)N([H])[H])C([H])([H])C([H])(C([H])([H])[H])C([H])([H])[H])C([H])([H])C(=O)[N:86]([C:87])[H:191]>>[H][N:86]([C:87])[H:191],EVODEX-P26975
EVODEX-N10726,[H][O:102][H:196]>>[H]OC(=O)[C@@]([H])(N([H])C(=O)[C@@]([H])(N([H])C(=O)[C@@]([H])(N([H])C(=O)[C@@]([H])(N([H])C(=O)[C@@]1([H])N(C(=O)[C@@]([H])(N([H])C(=O)[C@@]2([H])N(C(=O)[C@@]([H])(N([H])C(=O)[C@@]([H])(N([H])C(=O)C([H])([H])C3:C([H]):C(=O):O:C4:C([H]):C(OC([H])([H])[H]):C([H]):C([H]):C:3:4)C([H])([H])C([H])([H])C([H])([H])C([H])([H])N([H])[H])C([H])([H])C([H])([H])C([H])([H])C([H])([H])N([H])[H])C([H])([H])C([H])([H])C2([H])[H])[C@]([H])(O[H])C([H])([H])[H])C([H])([H])C([H])([H])C1([H])[H])[C@@]([H])(C([H])([H])[H])C([H])([H])C([H])([H])[H])C([H])([H])C([H])([H])C(=O)N([H])[H])C([H])([H])C([H])(C([H])([H])[H])C([H])([H])[H])C([H])([H])C(=O)[O:102][H:196],EVODEX-P26977
EVODEX-N10727,[H]OC1:C([H]):C([H]):C(C([H])([H])[C@@]([H])(C(=O)N2C([H])([H])C([H])([H])C([H])([H])[C@@]2([H])C(=O)[N:52]([C:53])[H:169])N([H])C(=O)[C@@]([H])(N([H])C(=O)[C@@]([H])(N([H])C(=O)[C@@]([H])(N([H])C(=O)C([H])([H])C2:C([H]):C(=O):O:C3:C([H]):C(OC([H])([H])[H]):C([H]):C([H]):C:2:3)C([H])([H])C([H])([H])C([H])([H])C([H])([H])N([H])[H])C([H])([H])C([H])([H])C([H])([H])C([H])([H])N([H])[H])C([H])(C([H])([H])[H])C([H])([H])[H]):C([H]):C:1[H]>>[H][N:52]([C:53])[H:169],EVODEX-P26981
EVODEX-N10728,[H][O:119][H:225]>>[H]OC1:C([H]):C([H]):C(C([H])([H])[C@@]([H])(C(=O)N2C([H])([H])C([H])([H])C([H])([H])[C@@]2([H])C(=O)[O:119][H:225])N([H])C(=O)[C@@]([H])(N([H])C(=O)[C@@]([H])(N([H])C(=O)[C@@]([H])(N([H])C(=O)C([H])([H])C2:C([H]):C(=O):O:C3:C([H]):C(OC([H])([H])[H]):C([H]):C([H]):C:2:3)C([H])([H])C([H])([H])C([H])([H])C([H])([H])N([H])[H])C([H])([H])C([H])([H])C([H])([H])C([H])([H])N([H])[H])C([H])(C([H])([H])[H])C([H])([H])[H]):C([H]):C:1[H],EVODEX-P26983
EVODEX-N10729,[H]OC(=O)C([H])([H])[C@@]([H])(C(=O)N1C([H])([H])C([H])([H])C([H])([H])[C@@]1([H])C(=O)N([H])[C@]([H])(C(=O)N([H])[C@]([H])(C(=O)[N:10]([C:9])[H:149])C([H])([H])SC([H])([H])/C([H])=C(/C([H])([H])[H])C([H])([H])C([H])([H])/C([H])=C(/C([H])([H])[H])C([H])([H])C([H])([H])C([H])=C(C([H])([H])[H])C([H])([H])[H])C([H])([H])[H])N([H])C(=O)[C@@]([H])(N([H])C(=O)[C@@]([H])(N([H])C(=O)[C@@]([H])(N([H])C(=O)C([H])([H])N([H])C(=O)[C@@]([H])(N([H])C(=O)[C@@]([H])(N([H])C(=O)[C@@]([H])(N([H])C(=O)[C@@]([H])(N([H])[H])C([H])([H])C1:C([H]):C([H]):C(O[H]):C([H]):C:1[H])[C@@]([H])(C([H])([H])[H])C([H])([H])C([H])([H])[H])[C@@]([H])(C([H])([H])[H])C([H])([H])C([H])([H])[H])C([H])([H])C([H])([H])C([H])([H])C([H])([H])N([H])[H])C([H])(C([H])([H])[H])C([H])([H])[H])C([H])([H])C1:C([H]):C([H]):C([H]):C([H]):C:1[H])C([H])([H])C1:C([H]):N([H]):C2:C([H]):C([H]):C([H]):C([H]):C:1:2>>[H][N:10]([C:9])[H:149],"EVODEX-P26987,EVODEX-P26993"
EVODEX-N10730,[H]OC(=O)[C@@]([H])(N([H])C(=O)[C@@]([H])(N([H])C(=O)[C@@]([H])(N([H])[C:11](=[O:12])[C:13])C([H])(C([H])([H])[H])C([H])([H])[H])[C@@]([H])(C([H])([H])[H])C([H])([H])C([H])([H])[H])C([H])([H])[H].[H][O:136][H:284]>>[C:11](=[O:12])([C:13])[O:136][H:284],EVODEX-P26988
EVODEX-N10731,[H][O:136][H:284]>>[H]OC(=O)C([H])([H])[C@@]([H])(C(=O)N1C([H])([H])C([H])([H])C([H])([H])[C@@]1([H])C(=O)N([H])[C@]([H])(C(=O)N([H])[C@]([H])(C(=O)[O:136][H:284])C([H])([H])SC([H])([H])/C([H])=C(/C([H])([H])[H])C([H])([H])C([H])([H])/C([H])=C(/C([H])([H])[H])C([H])([H])C([H])([H])C([H])=C(C([H])([H])[H])C([H])([H])[H])C([H])([H])[H])N([H])C(=O)[C@@]([H])(N([H])C(=O)[C@@]([H])(N([H])C(=O)[C@@]([H])(N([H])C(=O)C([H])([H])N([H])C(=O)[C@@]([H])(N([H])C(=O)[C@@]([H])(N([H])C(=O)[C@@]([H])(N([H])C(=O)[C@@]([H])(N([H])[H])C([H])([H])C1:C([H]):C([H]):C(O[H]):C([H]):C:1[H])[C@@]([H])(C([H])([H])[H])C([H])([H])C([H])([H])[H])[C@@]([H])(C([H])([H])[H])C([H])([H])C([H])([H])[H])C([H])([H])C([H])([H])C([H])([H])C([H])([H])N([H])[H])C([H])(C([H])([H])[H])C([H])([H])[H])C([H])([H])C1:C([H]):C([H]):C([H]):C([H]):C:1[H])C([H])([H])C1:C([H]):N([H]):C2:C([H]):C([H]):C([H]):C([H]):C:1:2,EVODEX-P26989
EVODEX-N10732,[H]OC(=O)[C@@]([H])(N([H])C(=O)[C@@]([H])(N([H])C(=O)[C@@]([H])(N([H])[C:11](=[O:12])[C:13])C([H])(C([H])([H])[H])C([H])([H])[H])[C@@]([H])(C([H])([H])[H])C([H])([H])C([H])([H])[H])C([H])([H])[H]>>[H]O[C:11](=[O:12])[C:13],EVODEX-P26990
EVODEX-N10733,[H]OC(=O)[C@@]([H])(N([H])C(=O)[C@@]([H])(N([H])C(=O)[C@@]([H])(N([H])[C:110]([C:92])=[O:111])C([H])([H])[H])C([H])([H])C([H])([H])SC([H])([H])[H])C([H])([H])C([H])([H])C(=O)N([H])[H].[H][O:138][H:283]>>[C:92][C:110](=[O:111])[O:138][H:283],EVODEX-P26994
EVODEX-N10734,[H]OC(=O)[C@@]([H])(N([H])C(=O)[C@@]([H])(N([H])C(=O)[C@@]([H])(N([H])[C:110]([C:92])=[O:111])C([H])([H])[H])C([H])([H])C([H])([H])SC([H])([H])[H])C([H])([H])C([H])([H])C(=O)N([H])[H]>>[H]O[C:110]([C:92])=[O:111],EVODEX-P26995
EVODEX-N10735,[H]N=C(N([H])[H])N([H])C([H])([H])C([H])([H])C([H])([H])[C@@]([H])(C(=O)N([H])[C@]([H])(C(=O)N([H])[C@]([H])(C(=O)N([H])[C@]([H])(C(=O)N([H])[C@]([H])(C(=O)N1C([H])([H])C([H])([H])C([H])([H])[C@@]1([H])C(=O)[N:92]([C:93])[H:277])[C@@]([H])(C([H])([H])[H])C([H])([H])C([H])([H])[H])C([H])([H])C([H])(C([H])([H])[H])C([H])([H])[H])C([H])([H])[H])C([H])(C([H])([H])[H])C([H])([H])[H])N([H])C(=O)[C@@]([H])(N([H])C(=O)[C@@]([H])(N([H])C(=O)[C@@]([H])(N([H])C(=O)[C@@]([H])(N([H])C(=O)[C@@]([H])(N([H])C(=O)[C@@]([H])(N([H])[H])C([H])([H])C([H])([H])SC([H])([H])[H])C([H])([H])O[H])[C@@]([H])(C([H])([H])[H])C([H])([H])C([H])([H])[H])C([H])([H])C([H])([H])C(=O)N([H])[H])C([H])([H])C1:C([H]):N:C([H]):N:1[H])C([H])([H])C1:C([H]):C([H]):C([H]):C([H]):C:1[H]>>[H][N:92]([C:93])[H:277],EVODEX-P26998
EVODEX-N10736,[H]OC(=O)[C@@]([H])(N([H])C(=O)[C@@]([H])(N([H])C(=O)[C@@]([H])(N([H])C(=O)[C@@]1([H])N(C(=O)[C@@]([H])(N([H])C(=O)[C@@]([H])(N([H])C(=O)[C@@]([H])(N([H])C(=O)[C@@]([H])(N([H])C(=O)[C@@]([H])(N([H])C(=O)[C@@]([H])(N([H])C(=O)[C@@]([H])(N([H])[C:90]([C:89])=[O:91])C([H])([H])C2:C([H]):C([H]):C([H]):C([H]):C:2[H])C([H])([H])C2:C([H]):C([H]):C([H]):C([H]):C:2[H])C([H])([H])[H])C([H])([H])[H])C([H])([H])C2:C([H]):C([H]):C([H]):C([H]):C:2[H])C([H])([H])S[H])C([H])([H])C([H])(C([H])([H])[H])C([H])([H])[H])C([H])([H])C([H])([H])C1([H])[H])C([H])(C([H])([H])[H])C([H])([H])[H])C([H])([H])C1:C([H]):C([H]):C([H]):C([H]):C:1[H])C([H])([H])[H].[H][O:187][H:377]>>[C:89][C:90](=[O:91])[O:187][H:377],EVODEX-P26999
EVODEX-N10737,[H][O:187][H:377]>>[H]N=C(N([H])[H])N([H])C([H])([H])C([H])([H])C([H])([H])[C@@]([H])(C(=O)N([H])[C@]([H])(C(=O)N([H])[C@]([H])(C(=O)N([H])[C@]([H])(C(=O)N([H])[C@]([H])(C(=O)N1C([H])([H])C([H])([H])C([H])([H])[C@@]1([H])C(=O)[O:187][H:377])[C@@]([H])(C([H])([H])[H])C([H])([H])C([H])([H])[H])C([H])([H])C([H])(C([H])([H])[H])C([H])([H])[H])C([H])([H])[H])C([H])(C([H])([H])[H])C([H])([H])[H])N([H])C(=O)[C@@]([H])(N([H])C(=O)[C@@]([H])(N([H])C(=O)[C@@]([H])(N([H])C(=O)[C@@]([H])(N([H])C(=O)[C@@]([H])(N([H])C(=O)[C@@]([H])(N([H])[H])C([H])([H])C([H])([H])SC([H])([H])[H])C([H])([H])O[H])[C@@]([H])(C([H])([H])[H])C([H])([H])C([H])([H])[H])C([H])([H])C([H])([H])C(=O)N([H])[H])C([H])([H])C1:C([H]):N:C([H]):N:1[H])C([H])([H])C1:C([H]):C([H]):C([H]):C([H]):C:1[H],EVODEX-P27000
EVODEX-N10738,[H]OC(=O)[C@@]([H])(N([H])C(=O)[C@@]([H])(N([H])C(=O)[C@@]([H])(N([H])C(=O)[C@@]1([H])N(C(=O)[C@@]([H])(N([H])C(=O)[C@@]([H])(N([H])C(=O)[C@@]([H])(N([H])C(=O)[C@@]([H])(N([H])C(=O)[C@@]([H])(N([H])C(=O)[C@@]([H])(N([H])C(=O)[C@@]([H])(N([H])[C:90]([C:89])=[O:91])C([H])([H])C2:C([H]):C([H]):C([H]):C([H]):C:2[H])C([H])([H])C2:C([H]):C([H]):C([H]):C([H]):C:2[H])C([H])([H])[H])C([H])([H])[H])C([H])([H])C2:C([H]):C([H]):C([H]):C([H]):C:2[H])C([H])([H])S[H])C([H])([H])C([H])(C([H])([H])[H])C([H])([H])[H])C([H])([H])C([H])([H])C1([H])[H])C([H])(C([H])([H])[H])C([H])([H])[H])C([H])([H])C1:C([H]):C([H]):C([H]):C([H]):C:1[H])C([H])([H])[H]>>[H]O[C:90]([C:89])=[O:91],EVODEX-P27001
EVODEX-N10739,[H]N(C(=O)[C@@]([H])(N([H])C(=O)[C@@]([H])(N([H])C(=O)[C@@]1([H])N([H])C([H])([H])C([H])([H])C1([H])[H])C([H])([H])C([H])(C([H])([H])[H])C([H])([H])[H])C([H])([H])[H])[C@]([H])(C(=O)N([H])[C@]([H])(C(=O)[N:31]([C:32])[H:97])C([H])([H])[H])C([H])([H])[H]>>[H][N:31]([C:32])[H:97],EVODEX-P27004
EVODEX-N10740,[H]OC(=O)[C@@]([H])(N([H])C(=O)[C@@]([H])(N([H])C(=O)[C@@]([H])(N([H])C(=O)[C@@]([H])(N([H])[C:29]([C:27])=[O:30])C([H])(C([H])([H])[H])C([H])([H])[H])C([H])([H])C1:C([H]):C([H]):C([H]):C([H]):C:1[H])C([H])([H])O[H])C([H])([H])O[H].[H][O:62][H:126]>>[C:27][C:29](=[O:30])[O:62][H:126],EVODEX-P27005
EVODEX-N10741,[H][O:62][H:126]>>[H]N(C(=O)[C@@]([H])(N([H])C(=O)[C@@]([H])(N([H])C(=O)[C@@]1([H])N([H])C([H])([H])C([H])([H])C1([H])[H])C([H])([H])C([H])(C([H])([H])[H])C([H])([H])[H])C([H])([H])[H])[C@]([H])(C(=O)N([H])[C@]([H])(C(=O)[O:62][H:126])C([H])([H])[H])C([H])([H])[H],EVODEX-P27006
EVODEX-N10742,[H]OC(=O)[C@@]([H])(N([H])C(=O)[C@@]([H])(N([H])C(=O)[C@@]([H])(N([H])C(=O)[C@@]([H])(N([H])[C:29]([C:27])=[O:30])C([H])(C([H])([H])[H])C([H])([H])[H])C([H])([H])C1:C([H]):C([H]):C([H]):C([H]):C:1[H])C([H])([H])O[H])C([H])([H])O[H]>>[H]O[C:29]([C:27])=[O:30],EVODEX-P27007
EVODEX-N10743,[H]OC(=O)C([H])([H])C([H])([H])[C@@]([H])(C(=O)N1C([H])([H])C([H])([H])C([H])([H])[C@@]1([H])C(=O)N([H])[C@]([H])(C(=O)N([H])[C@]([H])(C(=O)[N:33]([C:34])[H:82])C([H])([H])[H])C([H])([H])C(=O)N([H])[H])N([H])C(=O)C([H])([H])[H]>>[H][N:33]([C:34])[H:82],EVODEX-P27010
EVODEX-N10744,[H]N([H])C(=O)[C@@]1([H])N(C(=O)[C@@]([H])(N([H])C(=O)[C@@]([H])(N([H])[C:31]([C:29])=[O:32])C([H])([H])[H])C([H])(C([H])([H])[H])C([H])([H])[H])C([H])([H])C([H])([H])C1([H])[H].[H][O:53][H:105]>>[C:29][C:31](=[O:32])[O:53][H:105],EVODEX-P27011
EVODEX-N10745,[H][O:53][H:105]>>[H]OC(=O)C([H])([H])C([H])([H])[C@@]([H])(C(=O)N1C([H])([H])C([H])([H])C([H])([H])[C@@]1([H])C(=O)N([H])[C@]([H])(C(=O)N([H])[C@]([H])(C(=O)[O:53][H:105])C([H])([H])[H])C([H])([H])C(=O)N([H])[H])N([H])C(=O)C([H])([H])[H],EVODEX-P27012
EVODEX-N10746,[H]N([H])C(=O)[C@@]1([H])N(C(=O)[C@@]([H])(N([H])C(=O)[C@@]([H])(N([H])[C:31]([C:29])=[O:32])C([H])([H])[H])C([H])(C([H])([H])[H])C([H])([H])[H])C([H])([H])C([H])([H])C1([H])[H]>>[H]O[C:31]([C:29])=[O:32],EVODEX-P27013
EVODEX-N10747,[H]C1:N:C([H]):N([H]):C:1C([H])([H])[C@@]([H])(C(=O)N([H])[C@]([H])(C(=O)N([H])[C@]([H])(C(=O)N1C([H])([H])C([H])([H])C([H])([H])[C@@]1([H])C(=O)[N:37]([C:38])[C:41])C([H])([H])C([H])(C([H])([H])[H])C([H])([H])[H])C([H])([H])C([H])(C([H])([H])[H])C([H])([H])[H])N([H])C(=O)C([H])([H])[H]>>[H][N:37]([C:38])[C:41],EVODEX-P27016
EVODEX-N10748,[H]OC([H])([H])[C@@]([H])(C(=O)N([H])[H])N([H])C(=O)[C@@]1([H])N(C(=O)[C@@]2([H])N([C:35]([C:34])=[O:36])C([H])([H])C([H])([H])C2([H])[H])C([H])([H])C([H])([H])C1([H])[H].[H][O:58][H:119]>>[C:34][C:35](=[O:36])[O:58][H:119],EVODEX-P27017
EVODEX-N10749,[H][O:58][H:119]>>[H]C1:N:C([H]):N([H]):C:1C([H])([H])[C@@]([H])(C(=O)N([H])[C@]([H])(C(=O)N([H])[C@]([H])(C(=O)N1C([H])([H])C([H])([H])C([H])([H])[C@@]1([H])C(=O)[O:58][H:119])C([H])([H])C([H])(C([H])([H])[H])C([H])([H])[H])C([H])([H])C([H])(C([H])([H])[H])C([H])([H])[H])N([H])C(=O)C([H])([H])[H],EVODEX-P27018
EVODEX-N10750,[H]OC([H])([H])[C@@]([H])(C(=O)N([H])[H])N([H])C(=O)[C@@]1([H])N(C(=O)[C@@]2([H])N([C:35]([C:34])=[O:36])C([H])([H])C([H])([H])C2([H])[H])C([H])([H])C([H])([H])C1([H])[H]>>[H]O[C:35]([C:34])=[O:36],EVODEX-P27019
EVODEX-N10751,[H]OC(=O)C([H])([H])C([H])([H])[C@@]([H])(C(=O)[N:10]([C:9])[H:55])N([H])C(=O)[C@@]([H])(N([H])C(=O)[C@@]([H])(N([H])C(=O)OC([H])([H])C1:C([H]):C([H]):C([H]):C([H]):C:1[H])C([H])([H])C([H])(C([H])([H])[H])C([H])([H])[H])C([H])([H])C([H])(C([H])([H])[H])C([H])([H])[H]>>[H][N:10]([C:9])[H:55],EVODEX-P27022
EVODEX-N10752,[H][O:49][H:94]>>[H]OC(=O)C([H])([H])C([H])([H])[C@@]([H])(C(=O)[O:49][H:94])N([H])C(=O)[C@@]([H])(N([H])C(=O)[C@@]([H])(N([H])C(=O)OC([H])([H])C1:C([H]):C([H]):C([H]):C([H]):C:1[H])C([H])([H])C([H])(C([H])([H])[H])C([H])([H])[H])C([H])([H])C([H])(C([H])([H])[H])C([H])([H])[H],EVODEX-P27024
EVODEX-N10753,[H]C1:C([H]):C([H]):C(C([H])([H])OC(=O)N([H])C([H])([H])C(=O)N([H])C([H])([H])C(=O)N([H])[C@]([H])(C(=O)[N:10]([C:9])[H:46])C([H])([H])C([H])(C([H])([H])[H])C([H])([H])[H]):C([H]):C:1[H]>>[H][N:10]([C:9])[H:46],EVODEX-P27028
EVODEX-N10754,[H][O:40][H:73]>>[H]C1:C([H]):C([H]):C(C([H])([H])OC(=O)N([H])C([H])([H])C(=O)N([H])C([H])([H])C(=O)N([H])[C@]([H])(C(=O)[O:40][H:73])C([H])([H])C([H])(C([H])([H])[H])C([H])([H])[H]):C([H]):C:1[H],EVODEX-P27030
EVODEX-N10755,[H]OC(=O)C([H])([H])C([H])([H])[C@@]([H])(C(=O)N([H])[C@]([H])(C(=O)N([H])[C@]([H])(C(=O)N([H])[C@]([H])(C(=O)[N:10]([C:9])[H:62])C([H])([H])C([H])(C([H])([H])[H])C([H])([H])[H])C([H])([H])C(=O)N([H])[H])C([H])(C([H])([H])[H])C([H])([H])[H])N([H])C(=O)OC([H])([H])C1:C([H]):C([H]):C([H]):C([H]):C:1[H]>>[H][N:10]([C:9])[H:62],EVODEX-P27034
EVODEX-N10756,[H][O:56][H:105]>>[H]OC(=O)C([H])([H])C([H])([H])[C@@]([H])(C(=O)N([H])[C@]([H])(C(=O)N([H])[C@]([H])(C(=O)N([H])[C@]([H])(C(=O)[O:56][H:105])C([H])([H])C([H])(C([H])([H])[H])C([H])([H])[H])C([H])([H])C(=O)N([H])[H])C([H])(C([H])([H])[H])C([H])([H])[H])N([H])C(=O)OC([H])([H])C1:C([H]):C([H]):C([H]):C([H]):C:1[H],EVODEX-P27036
EVODEX-N10757,[C:5][C:6](=[O:7])[O:8].[H][N:1]([H:21])[H:22]>>[N:1]([C:6]([C:5])=[O:7])([H:21])[H:22].[H][O:8],"EVODEX-P27039,EVODEX-P27049,EVODEX-P27200,EVODEX-P27326"
EVODEX-N10758,[H]OC(=O)[C@@]([H])(N([H])[H])C([H])([H])C([H])([H])C(=O)[O:8][H:19]>>[H][O:8][H:19],EVODEX-P27040
EVODEX-N10759,[H]O[C:6]([C:5])=[O:7].[H][N:1]([H:21])[H:22]>>[N:1]([C:6]([C:5])=[O:7])([H:21])[H:22],"EVODEX-P27041,EVODEX-P27050,EVODEX-P27202,EVODEX-P27328,EVODEX-P31888,EVODEX-P33181,EVODEX-P33248,EVODEX-P33272,EVODEX-P33296,EVODEX-P33437"
EVODEX-N10760,[H][N:1]([H:21])[H:22]>>[H]OC(=O)[C@@]([H])(N([H])[H])C([H])([H])C([H])([H])C(=O)[N:1]([H:21])[H:22],EVODEX-P27042
EVODEX-N10761,[H]OC(=O)C(=O)C([H])([H])C([H])([H])C(=O)[N:1]([H:12])[H:13]>>[H][N:1]([H:12])[H:13],EVODEX-P27045
EVODEX-N10762,[H]O[C:3](=[O:2])[C:5]>>[H]N([H])[C:3](=[O:2])[C:5],"EVODEX-P27051,EVODEX-P27203,EVODEX-P27330,EVODEX-P31893,EVODEX-P33186,EVODEX-P33249,EVODEX-P33278,EVODEX-P33297,EVODEX-P33438"
EVODEX-N10763,[H][N:1]([H:12])[H:13]>>[H]OC(=O)C(=O)C([H])([H])C([H])([H])C(=O)[N:1]([H:12])[H:13],EVODEX-P27052
EVODEX-N10764,[H]C1:C([H]):C([H]):C(N([H])[C:2]([C:1])=[O:3]):C([H]):C:1[H].[H][O:11][H:21]>>[C:1][C:2](=[O:3])[O:11][H:21],"EVODEX-P27056,EVODEX-P28032"
EVODEX-N10765,[H]C1:C([H]):C([H]):C(N([H])[C:2]([C:1])=[O:3]):C([H]):C:1[H]>>[H]O[C:2]([C:1])=[O:3],"EVODEX-P27057,EVODEX-P28033"
EVODEX-N10766,[H]O[C:2]([C:1])=[O:3]>>[H]C1:C([H]):C([H]):C(N([H])[C:2]([C:1])=[O:3]):C([H]):C:1[H],"EVODEX-P27062,EVODEX-P33532"
EVODEX-N10767,[H]N([H])C(=O)[N:3]([H:8])[H:9]>>[H][N:3]([H:8])[H:9],EVODEX-P27064
EVODEX-N10768,[H]N([H])[C:2](=[O:3])[N:4].[H][O:10][H]>>[C:2](=[O:3])=[O:10].[H][N:4],"EVODEX-P27065,EVODEX-P27075,EVODEX-P27082,EVODEX-P27086,EVODEX-P27093,EVODEX-P27097,EVODEX-P27104,EVODEX-P27207,EVODEX-P27214,EVODEX-P27464,EVODEX-P27471,EVODEX-P27475,EVODEX-P27482,EVODEX-P27535,EVODEX-P27542,EVODEX-P27713,EVODEX-P27720,EVODEX-P27724,EVODEX-P27731,EVODEX-P27751,EVODEX-P27758,EVODEX-P27959,EVODEX-P27966,EVODEX-P27970,EVODEX-P27977,EVODEX-P28321,EVODEX-P28328,EVODEX-P28435,EVODEX-P28439"
EVODEX-N10769,[N:1][C:2](=[O:3])[N:4]>>O=[C:2]=[O:3].[H][N:4].[H][N:1],"EVODEX-P27066,EVODEX-P27080,EVODEX-P27084,EVODEX-P27091,EVODEX-P27095,EVODEX-P27102,EVODEX-P27106,EVODEX-P27212,EVODEX-P27216,EVODEX-P27469,EVODEX-P27473,EVODEX-P27480,EVODEX-P27484,EVODEX-P27540,EVODEX-P27544,EVODEX-P27718,EVODEX-P27722,EVODEX-P27729,EVODEX-P27733,EVODEX-P27756,EVODEX-P27760,EVODEX-P27964,EVODEX-P27968,EVODEX-P27975,EVODEX-P27979,EVODEX-P28326,EVODEX-P28330,EVODEX-P28438,EVODEX-P28440"
EVODEX-N10770,[H]N([H])[C:2](N([H])[H])=[O:4].[H][O:5][H]>>[C:2](=[O:4])=[O:5],EVODEX-P27067
EVODEX-N10771,[H]N([H])[C:2](N([H])[H])=[O:4]>>O=[C:2]=[O:4],EVODEX-P27068
EVODEX-N10772,[H][N:1]([H:6])[H:7].[O:3]=[C:4]=[O:5]>>[H]N([H])[C:4]([N:1]([H:6])[H:7])=[O:5].[H][O:3][H],EVODEX-P27069
EVODEX-N10773,O=[C:4]=[O:5]>>[H]N([H])[C:4](N([H])[H])=[O:5],EVODEX-P27070
EVODEX-N10774,[H][N:1]([H:6])[H:7].[H][N:2]([H:9])[H:10]>>O=C([N:1]([H:6])[H:7])[N:2]([H:9])[H:10],EVODEX-P27071
EVODEX-N10775,[H][N:1]([H:6])[H:7].O=[C:4]=[O:5]>>[H]N([H])[C:4]([N:1]([H:6])[H:7])=[O:5],EVODEX-P27072
EVODEX-N10776,[O:3]=[C:4]=[O:5]>>[H]N([H])[C:4](N([H])[H])=[O:5].[H][O:3][H],EVODEX-P27073
EVODEX-N10777,[H]OC(=O)C([H])([H])C([H])(N([H])C(=O)[N:9]([H:20])[H:21])C([H])([H])[H]>>[H][N:9]([H:20])[H:21],EVODEX-P27074
EVODEX-N10778,[H]OC(=O)C([H])([H])C([H])(N([H])[C:8]([N:9])=[O:10])C([H])([H])[H].[H][O:11][H]>>[C:8](=[O:10])=[O:11].[H][N:9],EVODEX-P27076
EVODEX-N10779,[H]OC(=O)C([H])([H])C([H])(N([H])[C:8]([N:9])=[O:10])C([H])([H])[H]>>O=[C:8]=[O:10].[H][N:9],EVODEX-P27077
EVODEX-N10780,O=C([N:1]([H:11])[H:12])[N:4]([C:5])[H:13]>>[H][N:4]([C:5])[H:13].[H][N:1]([H:11])[H:12],"EVODEX-P27078,EVODEX-P27089,EVODEX-P27100,EVODEX-P27210,EVODEX-P27467,EVODEX-P27478,EVODEX-P27716,EVODEX-P27727,EVODEX-P27754,EVODEX-P27962,EVODEX-P27973,EVODEX-P28324,EVODEX-P28436"
EVODEX-N10781,[H]OC(=O)C([H])([H])C([H])(N([H])[C:8](N([H])[H])=[O:10])C([H])([H])[H].[H][O:11][H]>>[C:8](=[O:10])=[O:11],EVODEX-P27081
EVODEX-N10782,[H]OC(=O)C([H])([H])C([H])(N([H])[C:8](N([H])[H])=[O:10])C([H])([H])[H]>>O=[C:8]=[O:10],EVODEX-P27083
EVODEX-N10783,[H]OC(=O)C([H])([H])C([H])([H])N([H])C(=O)[N:1]([H:11])[H:12]>>[H][N:1]([H:11])[H:12],EVODEX-P27085
EVODEX-N10784,[H]OC(=O)C([H])([H])C([H])([H])N([H])[C:2]([N:1])=[O:3].[H][O:10][H]>>[C:2](=[O:3])=[O:10].[H][N:1],EVODEX-P27087
EVODEX-N10785,[H]OC(=O)C([H])([H])C([H])([H])N([H])[C:2]([N:1])=[O:3]>>O=[C:2]=[O:3].[H][N:1],EVODEX-P27088
EVODEX-N10786,[H]OC(=O)C([H])([H])C([H])([H])N([H])[C:2](N([H])[H])=[O:3].[H][O:10][H]>>[C:2](=[O:3])=[O:10],EVODEX-P27092
EVODEX-N10787,[H]OC(=O)C([H])([H])C([H])([H])N([H])[C:2](N([H])[H])=[O:3]>>O=[C:2]=[O:3],EVODEX-P27094
EVODEX-N10788,[H]OC(=O)C([H])([H])[C@@]([H])(C(=O)O[H])N([H])C(=O)[N:1]([H:14])[H:15]>>[H][N:1]([H:14])[H:15],EVODEX-P27096
EVODEX-N10789,[H]OC(=O)C([H])([H])[C@@]([H])(C(=O)O[H])N([H])[C:2]([N:1])=[O:3].[H][O:13][H]>>[C:2](=[O:3])=[O:13].[H][N:1],EVODEX-P27098
EVODEX-N10790,[H]OC(=O)C([H])([H])[C@@]([H])(C(=O)O[H])N([H])[C:2]([N:1])=[O:3]>>O=[C:2]=[O:3].[H][N:1],EVODEX-P27099
EVODEX-N10791,[H]OC(=O)C([H])([H])[C@@]([H])(C(=O)O[H])N([H])[C:2](N([H])[H])=[O:3].[H][O:13][H]>>[C:2](=[O:3])=[O:13],EVODEX-P27103
EVODEX-N10792,[H]OC(=O)C([H])([H])[C@@]([H])(C(=O)O[H])N([H])[C:2](N([H])[H])=[O:3]>>O=[C:2]=[O:3],EVODEX-P27105
EVODEX-N10793,[H]OC(=O)C([H])([H])[C@@]([H])(C(=O)O[H])N([H])[C:3](=[O:2])[H:13].[H][O:1][H:20]>>[O:1]([C:3](=[O:2])[H:13])[H:20],EVODEX-P27108
EVODEX-N10794,[H]OC(=O)C([H])([H])[C@@]([H])(C(=O)O[H])N([H])[C:3](=[O:2])[H:13]>>[H]O[C:3](=[O:2])[H:13],EVODEX-P27109
EVODEX-N10795,[H]OC(=O)C([H])([H])[C@@]([H])(C(=O)O[H])N([H])[C:8](=[O:9])[C:10].[H][O:1][H:23]>>[O:1]([C:8](=[O:9])[C:10])[H:23],"EVODEX-P27113,EVODEX-P27162,EVODEX-P28102"
EVODEX-N10796,[H][O:1][H:23]>>[H]C([H])(Cl)C(=O)[O:1][H:23],EVODEX-P27114
EVODEX-N10797,[H]OC(=O)C([H])([H])[C@@]([H])(C(=O)O[H])N([H])[C:8](=[O:9])[C:10]>>[H]O[C:8](=[O:9])[C:10],"EVODEX-P27115,EVODEX-P27163,EVODEX-P28103"
EVODEX-N10798,[H]C([H])(Cl)C(=O)[N:7]([C:6])[H:19]>>[H][N:7]([C:6])[H:19],EVODEX-P27116
EVODEX-N10799,[H]OC(=O)[C@@]([H])(N([H])[H])C([H])([H])C(=O)C1:C([H]):C([H]):C([H]):C([H]):C:1N([H])[C:13](=[O:14])[H:29].[H][O:18][H:31]>>[C:13](=[O:14])([O:18][H:31])[H:29],EVODEX-P27120
EVODEX-N10800,[H]OC(=O)[C@@]([H])(N([H])[H])C([H])([H])C(=O)C1:C([H]):C([H]):C([H]):C([H]):C:1N([H])[C:13](=[O:14])[H:29]>>[H]O[C:13](=[O:14])[H:29],EVODEX-P27121
EVODEX-N10801,[H]C1:C([H]):C(C(=O)C([H])([H])[H]):C([H]):C(N([H])[C:10](=[O:11])[H:21]):C:1[H].[H][O:13][H:23]>>[C:10](=[O:11])([O:13][H:23])[H:21],EVODEX-P27124
EVODEX-N10802,[H]C1:C([H]):C(C(=O)C([H])([H])[H]):C([H]):C(N([H])[C:10](=[O:11])[H:21]):C:1[H]>>[H]O[C:10](=[O:11])[H:21],EVODEX-P27125
EVODEX-N10803,[H]C1:C([H]):C([H]):C(C([H])([H])C(=O)[N:7]([C:6])[H:33]):C([H]):C:1[H]>>[H][N:7]([C:6])[H:33],EVODEX-P27129
EVODEX-N10804,[H]C1:C([H]):C([H]):C(C([H])([H])C(=O)[O:17][H:37]):C([H]):C:1[H]>>[H][O:17][H:37],EVODEX-P27134
EVODEX-N10805,[H]O[C:16](=[O:15])[C:18]>>[H]OC(=O)[C@]1([H])N2C(=O)[C@@]([H])(N([H])[C:16](=[O:15])[C:18])[C@@]2([H])SC1(C([H])([H])[H])C([H])([H])[H],EVODEX-P27136
EVODEX-N10806,[H]N1C(=O)N([H])[C@@]2([H])C([H])([H])S[C@@]([H])(C([H])([H])C([H])([H])C([H])([H])C([H])([H])C(=O)[N:7]([C:6])[H:38])[C@@]12[H]>>[H][N:7]([C:6])[H:38],"EVODEX-P27140,EVODEX-P27148"
EVODEX-N10807,[H]OC(=O)[C@@]([H])(N([H])[H])C([H])([H])C([H])([H])C([H])([H])C([H])([H])N([H])[C:8](=[O:9])[C:10].[H][O:26][H:55]>>[C:8](=[O:9])([C:10])[O:26][H:55],"EVODEX-P27141,EVODEX-P27186"
EVODEX-N10808,[H][O:26][H:55]>>[H]N1C(=O)N([H])[C@@]2([H])C([H])([H])S[C@@]([H])(C([H])([H])C([H])([H])C([H])([H])C([H])([H])C(=O)[O:26][H:55])[C@@]12[H],EVODEX-P27142
EVODEX-N10809,[H]OC(=O)[C@@]([H])(N([H])[H])C([H])([H])C([H])([H])C([H])([H])C([H])([H])N([H])[C:8](=[O:9])[C:10]>>[H]O[C:8](=[O:9])[C:10],"EVODEX-P27143,EVODEX-P27187"
EVODEX-N10810,[H]OC(=O)C1:C([H]):C([H]):C([H]):C(N([H])[C:3](=[O:2])[C:4]):C:1[H].[H][O:1][H:48]>>[O:1]([C:3](=[O:2])[C:4])[H:48],EVODEX-P27146
EVODEX-N10811,[H]OC(=O)C1:C([H]):C([H]):C([H]):C(N([H])[C:3](=[O:2])[C:4]):C:1[H]>>[H]O[C:3](=[O:2])[C:4],EVODEX-P27147
EVODEX-N10812,[H]OC(=O)[C@@]([H])(N([H])[C:2]([C:1])=[O:3])C([H])([H])C([H])([H])C([H])([H])N([H])[H].[H][O:13][H:28]>>[C:1][C:2](=[O:3])[O:13][H:28],"EVODEX-P27171,EVODEX-P27176"
EVODEX-N10813,[H]OC(=O)[C@@]([H])(N([H])[C:2]([C:1])=[O:3])C([H])([H])C([H])([H])C([H])([H])N([H])[H]>>[H]O[C:2]([C:1])=[O:3],"EVODEX-P27172,EVODEX-P27177"
EVODEX-N10814,[H]C1:C([H]):C([H]):C(C(=O)[N:6]([C:5])[H:28]):C([H]):C:1[H]>>[H][N:6]([C:5])[H:28],"EVODEX-P27175,EVODEX-P27185,EVODEX-P27345,EVODEX-P27348"
EVODEX-N10815,[H]OC(=O)C([H])(N([H])[H])C([H])([H])C([H])([H])N([H])[C:2]([C:1])=[O:3].[H][O:12][H:25]>>[C:1][C:2](=[O:3])[O:12][H:25],EVODEX-P27181
EVODEX-N10816,[H]OC(=O)C([H])(N([H])[H])C([H])([H])C([H])([H])N([H])[C:2]([C:1])=[O:3]>>[H]O[C:2]([C:1])=[O:3],EVODEX-P27182
EVODEX-N10817,[H]OC(=O)C([H])([H])C([H])([H])C(=O)[N:7]([C:6])[H:32]>>[H][N:7]([C:6])[H:32],"EVODEX-P27190,EVODEX-P27852"
EVODEX-N10818,[H]OC(=O)[C@@]([H])(N([H])[H])C([H])([H])C([H])([H])C([H])([H])[C@@]([H])(C(=O)O[H])N([H])[C:8](=[O:9])[C:10].[H][O:21][H:40]>>[C:8](=[O:9])([C:10])[O:21][H:40],"EVODEX-P27191,EVODEX-P27427"
EVODEX-N10819,[H]OC(=O)[C@@]([H])(N([H])[H])C([H])([H])C([H])([H])C([H])([H])[C@@]([H])(C(=O)O[H])N([H])[C:8](=[O:9])[C:10]>>[H]O[C:8](=[O:9])[C:10],"EVODEX-P27192,EVODEX-P27428,EVODEX-P33939"
EVODEX-N10820,[H]C1:N:C([H]):C(C(=O)[N:1]([H:11])[H:12]):C([H]):C:1[H]>>[H][N:1]([H:11])[H:12],EVODEX-P27195
EVODEX-N10821,[H][O:10][H:17]>>[H]C1:N:C([H]):C(C(=O)[O:10][H:17]):C([H]):C:1[H],EVODEX-P27197
EVODEX-N10822,[H]C1:N:C([H]):C(C(=O)[O:4][H:14]):C([H]):C:1[H]>>[H][O:4][H:14],EVODEX-P27201
EVODEX-N10823,[H][N:1]([H:11])[H:12]>>[H]C1:N:C([H]):C(C(=O)[N:1]([H:11])[H:12]):C([H]):C:1[H],EVODEX-P27204
EVODEX-N10824,[H]OC(=O)[C@@]([H])(N([H])[H])C([H])([H])C([H])([H])C([H])([H])N([H])C(=O)[N:1]([H:14])[H:15]>>[H][N:1]([H:14])[H:15],EVODEX-P27206
EVODEX-N10825,[H]OC(=O)[C@@]([H])(N([H])[H])C([H])([H])C([H])([H])C([H])([H])N([H])[C:2]([N:1])=[O:3].[H][O:13][H]>>[C:2](=[O:3])=[O:13].[H][N:1],EVODEX-P27208
EVODEX-N10826,[H]OC(=O)[C@@]([H])(N([H])[H])C([H])([H])C([H])([H])C([H])([H])N([H])[C:2]([N:1])=[O:3]>>O=[C:2]=[O:3].[H][N:1],EVODEX-P27209
EVODEX-N10827,[H]OC(=O)[C@@]([H])(N([H])[H])C([H])([H])C([H])([H])C([H])([H])N([H])[C:2](N([H])[H])=[O:3].[H][O:13][H]>>[C:2](=[O:3])=[O:13],EVODEX-P27213
EVODEX-N10828,[H]OC(=O)[C@@]([H])(N([H])[H])C([H])([H])C([H])([H])C([H])([H])N([H])[C:2](N([H])[H])=[O:3]>>O=[C:2]=[O:3],EVODEX-P27215
EVODEX-N10829,[H]OC(=O)C([H])([H])C([H])([H])N([H])[C:2]([C:1])=[O:3].[H][O:10][H:20]>>[C:1][C:2](=[O:3])[O:10][H:20],"EVODEX-P27219,EVODEX-P27229"
EVODEX-N10830,[H]OC(=O)C([H])([H])C([H])([H])N([H])[C:2]([C:1])=[O:3]>>[H]O[C:2]([C:1])=[O:3],"EVODEX-P27220,EVODEX-P27231"
EVODEX-N10831,[H]OS(=O)(=O)C([H])([H])C([H])([H])N([H])[C:5]([C:4])=[O:6].[H][O:36][H:82]>>[C:4][C:5](=[O:6])[O:36][H:82],"EVODEX-P27224,EVODEX-P27258,EVODEX-P27671,EVODEX-P27676"
EVODEX-N10832,[H]OS(=O)(=O)C([H])([H])C([H])([H])N([H])[C:5]([C:4])=[O:6]>>[H]O[C:5]([C:4])=[O:6],"EVODEX-P27225,EVODEX-P27259,EVODEX-P27672,EVODEX-P27678"
EVODEX-N10833,[H]OC([H])([H])C(C([H])([H])[H])(C([H])([H])[H])[C@@]([H])(O[H])C(=O)[N:10]([C:11])[H:28]>>[H][N:10]([C:11])[H:28],EVODEX-P27228
EVODEX-N10834,[H][O:16][H:34]>>[H]OC([H])([H])C(C([H])([H])[H])(C([H])([H])[H])[C@@]([H])(O[H])C(=O)[O:16][H:34],EVODEX-P27230
EVODEX-N10835,[H]OC([H])([H])C(C([H])([H])[H])(C([H])([H])[H])[C@@]([H])(O[H])C(=O)[O:10][H:28]>>[H][O:10][H:28],EVODEX-P27234
EVODEX-N10836,[H][N:11]([C:12])[H:29]>>[H]OC([H])([H])C(C([H])([H])[H])(C([H])([H])[H])[C@@]([H])(O[H])C(=O)[N:11]([C:12])[H:29],EVODEX-P27236
EVODEX-N10837,[H]O[C:8]([C:6])=[O:9]>>[H]OC(=O)C([H])([H])C([H])([H])N([H])[C:8]([C:6])=[O:9],"EVODEX-P27237,EVODEX-P34062,EVODEX-P34095"
EVODEX-N10838,>>[H]NC([H])([H])C([H])([H])C(=O)O[H].[H],EVODEX-P27238
EVODEX-N10839,[H]C([H])([H])C([H])([H])C([H])([H])C([H])([H])C([H])([H])C([H])([H])C([H])([H])C([H])([H])C([H])([H])C([H])([H])C([H])([H])C([H])([H])C([H])([H])C([H])([H])C([H])([H])C([H])([H])C([H])([H])C([H])([H])C([H])([H])C([H])([H])C([H])([H])C([H])([H])C([H])([H])C(=O)[N:21]([C:18])[H:83]>>[H][N:21]([C:18])[H:83],EVODEX-P27240
EVODEX-N10840,[H]OC([H])([H])C([H])(N([H])[C:22](=[O:23])[C:24])C([H])(O[H])C([H])=C([H])C([H])([H])C([H])([H])C([H])([H])C([H])([H])C([H])([H])C([H])([H])C([H])([H])C([H])([H])C([H])([H])C([H])([H])C([H])([H])C([H])([H])C([H])([H])[H].[H][O:47][H:131]>>[C:22](=[O:23])([C:24])[O:47][H:131],EVODEX-P27241
EVODEX-N10841,[H][O:47][H:131]>>[H]C([H])([H])C([H])([H])C([H])([H])C([H])([H])C([H])([H])C([H])([H])C([H])([H])C([H])([H])C([H])([H])C([H])([H])C([H])([H])C([H])([H])C([H])([H])C([H])([H])C([H])([H])C([H])([H])C([H])([H])C([H])([H])C([H])([H])C([H])([H])C([H])([H])C([H])([H])C([H])([H])C(=O)[O:47][H:131],EVODEX-P27242
EVODEX-N10842,[H]OC([H])([H])C([H])(N([H])[C:22](=[O:23])[C:24])C([H])(O[H])C([H])=C([H])C([H])([H])C([H])([H])C([H])([H])C([H])([H])C([H])([H])C([H])([H])C([H])([H])C([H])([H])C([H])([H])C([H])([H])C([H])([H])C([H])([H])C([H])([H])[H]>>[H]O[C:22](=[O:23])[C:24],EVODEX-P27243
EVODEX-N10843,[H]C([H])([H])C([H])([H])C([H])([H])C([H])([H])C([H])([H])C([H])([H])C([H])([H])C([H])([H])C([H])([H])C([H])([H])C([H])([H])C([H])([H])C([H])([H])C([H])([H])C([H])([H])C([H])([H])C([H])([H])C([H])([H])C([H])([H])C([H])([H])C([H])([H])C([H])([H])C([H])([H])C(=O)[O:47][H:132]>>[H][O:47][H:132],EVODEX-P27246
EVODEX-N10844,[H]O[C:45]([C:44])=[O:46]>>[H]OC([H])([H])C([H])(N([H])[C:45]([C:44])=[O:46])C([H])(O[H])C([H])=C([H])C([H])([H])C([H])([H])C([H])([H])C([H])([H])C([H])([H])C([H])([H])C([H])([H])C([H])([H])C([H])([H])C([H])([H])C([H])([H])C([H])([H])C([H])([H])[H],EVODEX-P27248
EVODEX-N10845,[H]O[C@]1([H])C([H])([H])C([H])([H])[C@@]2(C([H])([H])[H])[C@@]([H])(C1([H])[H])C([H])([H])[C@@]([H])(O[H])[C@@]1([H])[C@]3([H])C([H])([H])C([H])([H])[C@]([H])([C@]([H])(C([H])([H])[H])C([H])([H])C([H])([H])C(=O)[N:7]([C:8])[H:43])[C@@]3(C([H])([H])[H])[C@@]([H])(O[H])C([H])([H])[C@]21[H]>>[H][N:7]([C:8])[H:43],"EVODEX-P27252,EVODEX-P27257"
EVODEX-N10846,[H]O[C@@]1([H])O[C@]([H])(C([H])([H])OP(=O)(O[H])O[H])[C@@]([H])(O[H])[C@]([H])(O[H])[C@@]1([H])N([H])[C:2]([C:1])=[O:3].[H][O:20][H:37]>>[C:1][C:2](=[O:3])[O:20][H:37],EVODEX-P27263
EVODEX-N10847,[H]O[C@@]1([H])O[C@]([H])(C([H])([H])OP(=O)(O[H])O[H])[C@@]([H])(O[H])[C@]([H])(O[H])[C@@]1([H])N([H])[C:2]([C:1])=[O:3]>>[H]O[C:2]([C:1])=[O:3],EVODEX-P27264
EVODEX-N10848,[H]O[C:2]([C:1])=[O:3]>>[H]O[C@@]1([H])O[C@]([H])(C([H])([H])OP(=O)(O[H])O[H])[C@@]([H])(O[H])[C@]([H])(O[H])[C@@]1([H])N([H])[C:2]([C:1])=[O:3],EVODEX-P27268
EVODEX-N10849,[H]OC([H])([H])[C@@]1([H])O[C@@]([H])(N([H])[C:16](=[O:17])[C:18])[C@]([H])(N([H])C(=O)C([H])([H])[H])[C@@]([H])(O[H])[C@]1([H])O[H].[H][O:24][H:46]>>[C:16](=[O:17])([C:18])[O:24][H:46],EVODEX-P27272
EVODEX-N10850,[H]OC([H])([H])[C@@]1([H])O[C@@]([H])(N([H])[C:16](=[O:17])[C:18])[C@]([H])(N([H])C(=O)C([H])([H])[H])[C@@]([H])(O[H])[C@]1([H])O[H]>>[H]O[C:16](=[O:17])[C:18],EVODEX-P27273
EVODEX-N10851,[H]OC(=O)[C@@]([H])(N([H])[H])C([H])([H])C(=O)[O:21][H:46]>>[H][O:21][H:46],EVODEX-P27276
EVODEX-N10852,[H]O[C:19]([C:18])=[O:20]>>[H]OC([H])([H])[C@@]1([H])O[C@@]([H])(N([H])[C:19]([C:18])=[O:20])[C@]([H])(N([H])C(=O)C([H])([H])[H])[C@@]([H])(O[H])[C@]1([H])O[H],EVODEX-P27278
EVODEX-N10853,[H][N:15]([C:14])[H:39]>>[H]OC(=O)[C@@]([H])(N([H])[H])C([H])([H])C(=O)[N:15]([C:14])[H:39],"EVODEX-P27279,EVODEX-P33407,EVODEX-P34922"
EVODEX-N10854,>>[H]N[C@]1([H])O[C@]([H])(C([H])([H])O[H])[C@@]([H])(O[H])[C@]([H])(O[H])[C@@]1([H])N([H])C(=O)C([H])([H])[H].[H],EVODEX-P27280
EVODEX-N10855,[H]O[C@@]1([H])[C@]([H])(OC([H])(C(=O)[N:19]([C:20])[H:63])C([H])([H])[H])[C@@]([H])(N([H])C(=O)C([H])([H])[H])C2([H])OC([H])([H])[C@@]1([H])O2>>[H][N:19]([C:20])[H:63],"EVODEX-P27282,EVODEX-P27288"
EVODEX-N10856,[H]OC(=O)[C@]([H])(N([H])C(=O)[C@@]([H])(N([H])[C:17]([C:15])=[O:18])C([H])([H])[H])C([H])([H])C([H])([H])C(=O)N([H])[C@]([H])(C(=O)N([H])[H])C([H])([H])C([H])([H])C([H])([H])[C@]([H])(C(=O)O[H])N([H])[H].[H][O:46][H:89]>>[C:15][C:17](=[O:18])[O:46][H:89],EVODEX-P27283
EVODEX-N10857,[H][O:46][H:89]>>[H]O[C@@]1([H])[C@]([H])(OC([H])(C(=O)[O:46][H:89])C([H])([H])[H])[C@@]([H])(N([H])C(=O)C([H])([H])[H])C2([H])OC([H])([H])[C@@]1([H])O2,EVODEX-P27284
EVODEX-N10858,[H]OC(=O)[C@]([H])(N([H])C(=O)[C@@]([H])(N([H])[C:17]([C:15])=[O:18])C([H])([H])[H])C([H])([H])C([H])([H])C(=O)N([H])[C@]([H])(C(=O)N([H])[H])C([H])([H])C([H])([H])C([H])([H])[C@]([H])(C(=O)O[H])N([H])[H]>>[H]O[C:17]([C:15])=[O:18],EVODEX-P27285
EVODEX-N10859,[H]OC(=O)[C@]([H])(N([H])C(=O)[C@]([H])(N([H])C(=O)[C@@]([H])(N([H])C(=O)C([H])([H])C([H])([H])[C@]([H])(C(=O)O[H])N([H])C(=O)[C@@]([H])(N([H])[C:17]([C:15])=[O:18])C([H])([H])[H])C([H])([H])C([H])([H])C([H])([H])[C@]([H])(C(=O)O[H])N([H])[H])C([H])([H])[H])C([H])([H])[H].[H][O:56][H:108]>>[C:15][C:17](=[O:18])[O:56][H:108],EVODEX-P27289
EVODEX-N10860,[H]OC(=O)[C@]([H])(N([H])C(=O)[C@]([H])(N([H])C(=O)[C@@]([H])(N([H])C(=O)C([H])([H])C([H])([H])[C@]([H])(C(=O)O[H])N([H])C(=O)[C@@]([H])(N([H])[C:17]([C:15])=[O:18])C([H])([H])[H])C([H])([H])C([H])([H])C([H])([H])[C@]([H])(C(=O)O[H])N([H])[H])C([H])([H])[H])C([H])([H])[H]>>[H]O[C:17]([C:15])=[O:18],EVODEX-P27290
EVODEX-N10861,[H]OC(=O)/[C:6](=[C:5](\N([H])[C:2]([C:1])=[O:3])[H:20])[C:7].[H][O:14][H].[H][O:15][H:27]>>[C:1][C:2](=[O:3])[O:15][H:27].[H][C:6]([H])([C:5](=[O:14])[H:20])[C:7],"EVODEX-P27292,EVODEX-P27587"
EVODEX-N10862,[H]N([C:2]([C:1])=[O:3])/[C:5](=[C:6](/[C:7])[C:11](=[O:12])[O:13][H])[H:20]>>[C:11](=[O:12])=[O:13].[H]O[C:2]([C:1])=[O:3].[H][C:6]([H])([C:5](=O)[H:20])[C:7],"EVODEX-P27293,EVODEX-P27588"
EVODEX-N10863,[H]OC(=O)C([H])([H])/C(=C(\[H])N([H])C(=O)C([H])([H])[H])[C:11](=[O:12])[O:13][H]>>[C:11](=[O:12])=[O:13],EVODEX-P27294
EVODEX-N10864,[H]OC(=O)C([H])([H])/C(=C(\[H])N([H])[C:2]([C:1])=[O:3])[C:11](=[O:12])[O:13][H].[H][O:15][H:27]>>[C:11](=[O:12])=[O:13].[C:1][C:2](=[O:3])[O:15][H:27],EVODEX-P27295
EVODEX-N10865,[H][O:13][C:11](/[C:6](=[C:5](\[N:4])[H:20])[C:7])=[O:12].[H][O:14][H]>>[C:11](=[O:12])=[O:13].[H]O.[H][C:6]([H])([C:5](=[O:14])[H:20])[C:7].[H][N:4][H],"EVODEX-P27296,EVODEX-P27591"
EVODEX-N10866,[H]OC(=O)/C(=C(/[H])[N:4]([C:2]([C:1])=[O:3])[H:19])C([H])([H])C(=O)O[H].[H][O:15][H:27]>>[C:1][C:2](=[O:3])[O:15][H:27].[H][N:4]([H])[H:19],EVODEX-P27297
EVODEX-N10867,[H]OC(=O)/[C:6](=[C:5](\[N:4](C(=O)C([H])([H])[H])[H:19])[H:20])[C:7].[H][O:14][H]>>[H][C:6]([H])([C:5](=[O:14])[H:20])[C:7].[H][N:4]([H])[H:19],"EVODEX-P27298,EVODEX-P27594"
EVODEX-N10868,[H]OC(=O)/[C:6](=[C:5](\[N:4])[H:20])[C:7].[H][O:14][H]>>[H]O.[H][C:6]([H])([C:5](=[O:14])[H:20])[C:7].[H][N:4][H],"EVODEX-P27299,EVODEX-P27595"
EVODEX-N10869,[H]OC(=O)C([H])([H])/C(=C(\[H])N([H])[C:2]([C:1])=[O:3])[C:11](=[O:12])[O:13][H]>>[C:11](=[O:12])=[O:13].[H]O[C:2]([C:1])=[O:3],EVODEX-P27300
EVODEX-N10870,[H]N(C(=O)C([H])([H])[H])/[C:5](=[C:6](/[C:7])[C:11](=[O:12])[O:13][H])[H:20]>>[C:11](=[O:12])=[O:13].[H][C:6]([H])([C:5](=O)[H:20])[C:7],"EVODEX-P27301,EVODEX-P27597"
EVODEX-N10871,[H]N([C:2]([C:1])=[O:3])/[C:5](=[C:6](/[C:7])[C:11](=[O:12])[O:13][H])[H:20].[H][O:14][H]>>[C:11](=[O:12])=[O:13].[H]O[C:2]([C:1])=[O:3].[H][C:6]([H])([C:5](=[O:14])[H:20])[C:7],"EVODEX-P27302,EVODEX-P27598"
EVODEX-N10872,[H]OC(=O)/C(=C(/[H])N([H])[C:2]([C:1])=[O:3])C([H])([H])C(=O)O[H]>>[H]O[C:2]([C:1])=[O:3],EVODEX-P27303
EVODEX-N10873,[H][O:14][H].[H][O:15][H:27]>>[H]C([H])([H])C(=O)[O:15][H:27].[H]OC(=O)C([H])([H])C([H])([H])C([H])=[O:14],EVODEX-P27304
EVODEX-N10874,[H]OC(=O)C([H])([H])/C(=C(\[H])[N:4]([C:2]([C:1])=[O:3])[H:19])[C:11](=[O:12])[O:13][H].[H][O:15][H:27]>>[C:11](=[O:12])=[O:13].[C:1][C:2](=[O:3])[O:15][H:27].[H][N:4]([H])[H:19],EVODEX-P27305
EVODEX-N10875,[H]C([H])([H])C(=O)[N:4](/[C:5](=[C:6](/[C:7])[C:11](=[O:12])[O:13][H])[H:20])[H:19]>>[C:11](=[O:12])=[O:13].[H][C:6]([H])([C:5](=O)[H:20])[C:7].[H][N:4]([H])[H:19],"EVODEX-P27306,EVODEX-P27602"
EVODEX-N10876,[H]OC(=O)/C(=C(/[H])[N:4](C(=O)C([H])([H])[H])[H:19])C([H])([H])C(=O)O[H]>>[H][N:4]([H])[H:19],EVODEX-P27307
EVODEX-N10877,[H]OC(=O)/[C:6](=[C:5](\N([H])C(=O)C([H])([H])[H])[H:20])[C:7]>>[H][C:6]([H])([C:5](=O)[H:20])[C:7],"EVODEX-P27308,EVODEX-P27604"
EVODEX-N10878,[H]OC(=O)/[C:6](=[C:5](\N([H])[C:2]([C:1])=[O:3])[H:20])[C:7]>>[H]O[C:2]([C:1])=[O:3].[H][C:6]([H])([C:5](=O)[H:20])[C:7],"EVODEX-P27309,EVODEX-P27605"
EVODEX-N10879,[H]N(C(=O)C([H])([H])[H])/[C:5](=[C:6](/[C:7])[C:11](=[O:12])[O:13][H])[H:20].[H][O:14][H]>>[C:11](=[O:12])=[O:13].[H][C:6]([H])([C:5](=[O:14])[H:20])[C:7],"EVODEX-P27310,EVODEX-P27606"
EVODEX-N10880,[H]OC(=O)/C(=C(/[H])[N:4]([C:2])[H:19])C([H])([H])C(=O)O[H]>>[H]O[C:2].[H][N:4]([H])[H:19],EVODEX-P27311
EVODEX-N10881,[H][O:13][C:11](/[C:6](=[C:5](\[N:4])[H:20])[C:7])=[O:12]>>[C:11](=[O:12])=[O:13].[H]O.[H][C:6]([H])([C:5](=O)[H:20])[C:7].[H][N:4][H],"EVODEX-P27312,EVODEX-P27608"
EVODEX-N10882,[H]C([H])([H])C(=O)[N:4](/[C:5](=[C:6](/[C:7])[C:11](=[O:12])[O:13][H])[H:20])[H:19].[H][O:14][H]>>[C:11](=[O:12])=[O:13].[H][C:6]([H])([C:5](=[O:14])[H:20])[C:7].[H][N:4]([H])[H:19],"EVODEX-P27313,EVODEX-P27609"
EVODEX-N10883,[H]OC(=O)C([H])([H])/C(=C(\[H])[N:4](C(=O)C([H])([H])[H])[H:19])[C:11](=[O:12])[O:13][H]>>[C:11](=[O:12])=[O:13].[H][N:4]([H])[H:19],EVODEX-P27314
EVODEX-N10884,[H]OC(=O)/[C:6](=[C:5](\N([H])C(=O)C([H])([H])[H])[H:20])[C:7].[H][O:14][H]>>[H][C:6]([H])([C:5](=[O:14])[H:20])[C:7],"EVODEX-P27315,EVODEX-P27611"
EVODEX-N10885,[H]OC(=O)/[C:6](=[C:5](\[N:4](C(=O)C([H])([H])[H])[H:19])[H:20])[C:7]>>[H][C:6]([H])([C:5](=O)[H:20])[C:7].[H][N:4]([H])[H:19],"EVODEX-P27316,EVODEX-P27612"
EVODEX-N10886,[H]OC(=O)/C(=C(/[H])N([H])[C:2]([C:1])=[O:3])C([H])([H])C(=O)O[H].[H][O:15][H:27]>>[C:1][C:2](=[O:3])[O:15][H:27],EVODEX-P27317
EVODEX-N10887,[H]OC(=O)C([H])([H])/C(=C(\[H])[N:4]([C:2])[H:19])[C:11](=[O:12])[O:13][H]>>[C:11](=[O:12])=[O:13].[H]O[C:2].[H][N:4]([H])[H:19],EVODEX-P27318
EVODEX-N10888,[H]OC(=O)/[C:6](=[C:5](\[N:4])[H:20])[C:7]>>[H]O.[H][C:6]([H])([C:5](=O)[H:20])[C:7].[H][N:4][H],"EVODEX-P27319,EVODEX-P27615"
EVODEX-N10889,[H]N([H])C([H])([H])C([H])([H])C([H])([H])C([H])([H])C(=O)[N:7]([H:20])[H:21]>>[H][N:7]([H:20])[H:21],EVODEX-P27321
EVODEX-N10890,[H][O:9][H:22]>>[H]N([H])C([H])([H])C([H])([H])C([H])([H])C([H])([H])C(=O)[O:9][H:22],EVODEX-P27323
EVODEX-N10891,[H]N([H])C([H])([H])C([H])([H])C([H])([H])C([H])([H])C(=O)[O:9][H:20]>>[H][O:9][H:20],EVODEX-P27327
EVODEX-N10892,[H][N:1]([H:21])[H:22]>>[H]N([H])C([H])([H])C([H])([H])C([H])([H])C([H])([H])C(=O)[N:1]([H:21])[H:22],EVODEX-P27329
EVODEX-N10893,[H]OC(=O)[C@@]([H])(N([H])[C:7](=[O:8])[H:22])C([H])([H])C([H])([H])SC([H])([H])[H].[H][O:12][H:24]>>[C:7](=[O:8])([O:12][H:24])[H:22],EVODEX-P27333
EVODEX-N10894,[H]OC(=O)[C@@]([H])(N([H])[C:7](=[O:8])[H:22])C([H])([H])C([H])([H])SC([H])([H])[H]>>[H]O[C:7](=[O:8])[H:22],EVODEX-P27334
EVODEX-N10895,[H]OC(=O)[C@@]([H])(N([H])[C:4](=[O:5])[H:15])C([H])([H])[H].[H][O:9][H:17]>>[C:4](=[O:5])([O:9][H:17])[H:15],EVODEX-P27338
EVODEX-N10896,[H]OC(=O)[C@@]([H])(N([H])[C:4](=[O:5])[H:15])C([H])([H])[H]>>[H]O[C:4](=[O:5])[H:15],EVODEX-P27339
EVODEX-N10897,[H]OC1([H])O[C@]([H])(C([H])([H])O[H])[C@@]([H])(O[H])[C@]([H])(O[H])[C@@]1([H])N([H])[C:2]([C:1])=[O:3].[H][O:16][H:32]>>[C:1][C:2](=[O:3])[O:16][H:32],EVODEX-P27354
EVODEX-N10898,[H]OC1([H])O[C@]([H])(C([H])([H])O[H])[C@@]([H])(O[H])[C@]([H])(O[H])[C@@]1([H])N([H])[C:2]([C:1])=[O:3]>>[H]O[C:2]([C:1])=[O:3],EVODEX-P27355
EVODEX-N10899,[H]OC(=O)C(=O)C([H])([H])C([H])([H])C(=O)O[C:2]([C:1])([H:17])[H:18].[H][O:13][H:24]>>[C:1][C:2]([O:13][H:24])([H:17])[H:18],"EVODEX-P27359,EVODEX-P27364"
EVODEX-N10900,[H]OC(=O)C(=O)C([H])([H])C([H])([H])C(=O)O[C:2]([C:1])([H:17])[H:18]>>[H]O[C:2]([C:1])([H:17])[H:18],"EVODEX-P27360,EVODEX-P27366"
EVODEX-N10901,[H]C([H])([H])C([H])([H])C([H])([H])[O:4][C:5]>>[H][O:4][C:5],EVODEX-P27363
EVODEX-N10902,[H][O:14][H:27]>>[H]C([H])([H])C([H])([H])C([H])([H])[O:14][H:27],EVODEX-P27365
EVODEX-N10903,[H]C([H])([H])C([H])([H])C([H])([H])C([H])([H])C(=O)[N:7]([C:8])[H:19]>>[H][N:7]([C:8])[H:19],EVODEX-P27369
EVODEX-N10904,[H][O:9][H:23]>>[H]C([H])([H])C([H])([H])C([H])([H])C([H])([H])C(=O)[O:9][H:23],EVODEX-P27371
EVODEX-N10905,[H]C([H])([H])C([H])([H])C([H])([H])C([H])([H])C([H])([H])C(=O)[N:8]([C:9])[H:22]>>[H][N:8]([C:9])[H:22],EVODEX-P27375
EVODEX-N10906,[H]OC([H])([H])[C@]1([H])O[C@@]([H])(O[C@@]([H])(C2:C([H]):N:C([H]):N:2[H])[C@@]([H])(C(=O)N([H])[C@]([H])(C([H])([H])[H])[C@@]([H])(O[H])[C@@]([H])(C(=O)N([H])[C@]([H])(C(=O)N([H])C([H])([H])C([H])([H])C2:N:C(C3:N:C(C(=O)[N:51]([C:52])[H:138]):C([H]):S:3):C([H]):S:2)[C@]([H])(O[H])C([H])([H])[H])C([H])([H])[H])N([H])C(=O)C2:N:C([C@@]([H])(N([H])C([H])([H])[C@@]([H])(C(=O)N([H])[H])N([H])[H])C([H])([H])C(=O)N([H])[H]):N:C(N([H])[H]):C:2C([H])([H])[H])[C@@]([H])(O[C@@]2([H])O[C@]([H])(C([H])([H])O[H])[C@@]([H])(O[H])[C@]([H])(OC(=O)N([H])[H])[C@]2([H])O[H])[C@@]([H])(O[H])[C@]1([H])O[H]>>[H][N:51]([C:52])[H:138],EVODEX-P27380
EVODEX-N10907,[H]N=C(N([H])[H])N([H])C([H])([H])C([H])([H])C([H])([H])C([H])([H])N([H])[C:49]([C:48])=[O:50].[H][O:99][H:184]>>[C:48][C:49](=[O:50])[O:99][H:184],"EVODEX-P27381,EVODEX-P27387"
EVODEX-N10908,[H][O:99][H:184]>>[H]OC([H])([H])[C@]1([H])O[C@@]([H])(O[C@@]([H])(C2:C([H]):N:C([H]):N:2[H])[C@@]([H])(C(=O)N([H])[C@]([H])(C([H])([H])[H])[C@@]([H])(O[H])[C@@]([H])(C(=O)N([H])[C@]([H])(C(=O)N([H])C([H])([H])C([H])([H])C2:N:C(C3:N:C(C(=O)[O:99][H:184]):C([H]):S:3):C([H]):S:2)[C@]([H])(O[H])C([H])([H])[H])C([H])([H])[H])N([H])C(=O)C2:N:C([C@@]([H])(N([H])C([H])([H])[C@@]([H])(C(=O)N([H])[H])N([H])[H])C([H])([H])C(=O)N([H])[H]):N:C(N([H])[H]):C:2C([H])([H])[H])[C@@]([H])(O[C@@]2([H])O[C@]([H])(C([H])([H])O[H])[C@@]([H])(O[H])[C@]([H])(OC(=O)N([H])[H])[C@]2([H])O[H])[C@@]([H])(O[H])[C@]1([H])O[H],EVODEX-P27382
EVODEX-N10909,[H]N=C(N([H])[H])N([H])C([H])([H])C([H])([H])C([H])([H])C([H])([H])N([H])[C:49]([C:48])=[O:50]>>[H]O[C:49]([C:48])=[O:50],"EVODEX-P27383,EVODEX-P27388"
EVODEX-N10910,[H]OC([H])([H])[C@@]1([H])O[C@@]([H])(O[C@@]2([H])[C@]([H])(O[H])[C@@]([H])(N([H])[C:35]([C:36])=[O:37])[C@]([H])(O[C@@]3([H])[C@]([H])(O[H])[C@@]([H])(N([H])C(=O)C([H])([H])[H])[C@]([H])(O[H])O[C@]3([H])C([H])([H])O[H])O[C@]2([H])C([H])([H])O[H])[C@]([H])(N([H])C(=O)C([H])([H])[H])[C@@]([H])(O[H])[C@]1([H])O[H].[H][O:44][H:86]>>[C:35]([C:36])(=[O:37])[O:44][H:86],EVODEX-P27392
EVODEX-N10911,[H]OC([H])([H])[C@@]1([H])O[C@@]([H])(O[C@@]2([H])[C@]([H])(O[H])[C@@]([H])(N([H])[C:35]([C:36])=[O:37])[C@]([H])(O[C@@]3([H])[C@]([H])(O[H])[C@@]([H])(N([H])C(=O)C([H])([H])[H])[C@]([H])(O[H])O[C@]3([H])C([H])([H])O[H])O[C@]2([H])C([H])([H])O[H])[C@]([H])(N([H])C(=O)C([H])([H])[H])[C@@]([H])(O[H])[C@]1([H])O[H]>>[H]O[C:35]([C:36])=[O:37],EVODEX-P27393
EVODEX-N10912,[H]OC([H])([H])[C@@]1([H])O[C@@]([H])(O[H])[C@]([H])(N([H])C(=O)C([H])([H])[H])[C@@]([H])(O[H])[C@]1([H])O[C@]1([H])O[C@]([H])(C([H])([H])O[H])[C@@]([H])(O[C@]2([H])O[C@]([H])(C([H])([H])O[H])[C@@]([H])(O[C@]3([H])O[C@]([H])(C([H])([H])O[H])[C@@]([H])(O[H])[C@]([H])(O[H])[C@@]3([H])N([H])[C:35]([C:36])=[O:37])[C@]([H])(O[H])[C@@]2([H])N([H])C(=O)C([H])([H])[H])[C@]([H])(O[H])[C@@]1([H])N([H])C(=O)C([H])([H])[H].[H][O:58][H:113]>>[C:35]([C:36])(=[O:37])[O:58][H:113],EVODEX-P27397
EVODEX-N10913,[H]OC([H])([H])[C@@]1([H])O[C@@]([H])(O[H])[C@]([H])(N([H])C(=O)C([H])([H])[H])[C@@]([H])(O[H])[C@]1([H])O[C@]1([H])O[C@]([H])(C([H])([H])O[H])[C@@]([H])(O[C@]2([H])O[C@]([H])(C([H])([H])O[H])[C@@]([H])(O[C@]3([H])O[C@]([H])(C([H])([H])O[H])[C@@]([H])(O[H])[C@]([H])(O[H])[C@@]3([H])N([H])[C:35]([C:36])=[O:37])[C@]([H])(O[H])[C@@]2([H])N([H])C(=O)C([H])([H])[H])[C@]([H])(O[H])[C@@]1([H])N([H])C(=O)C([H])([H])[H]>>[H]O[C:35]([C:36])=[O:37],EVODEX-P27398
EVODEX-N10914,[H]OC(=O)[C@@]([H])(N([H])C(=O)OC([H])([H])C1:C([H]):C([H]):C([H]):C([H]):C:1[H])C([H])([H])C([H])([H])C(=O)[N:1]([H:22])[H:23]>>[H][N:1]([H:22])[H:23],EVODEX-P27413
EVODEX-N10915,[H]N([H])C([H])([H])C([H])([H])C([H])([H])C([H])([H])C([H])([H])C(=O)[N:9]([C:10])[H:31]>>[H][N:9]([C:10])[H:31],"EVODEX-P27418,EVODEX-P27421"
EVODEX-N10916,[H][O:18][H:43]>>[H]N([H])C([H])([H])C([H])([H])C([H])([H])C([H])([H])C([H])([H])C(=O)[O:18][H:43],EVODEX-P27419
EVODEX-N10917,[H]N([H])C([H])([H])C([H])([H])C([H])([H])N([H])C([H])([H])C([H])([H])C([H])([H])C([H])([H])N([H])[C:2]([C:1])=[O:3].[H][O:14][H:36]>>[C:1][C:2](=[O:3])[O:14][H:36],EVODEX-P27432
EVODEX-N10918,[H]N([H])C([H])([H])C([H])([H])C([H])([H])N([H])C([H])([H])C([H])([H])C([H])([H])C([H])([H])N([H])[C:2]([C:1])=[O:3]>>[H]O[C:2]([C:1])=[O:3],EVODEX-P27433
EVODEX-N10919,[H]N([H])C([H])([H])C([H])([H])C([H])([H])C([H])([H])N([H])C([H])([H])C([H])([H])C([H])([H])N([H])[C:2]([C:1])=[O:3].[H][O:14][H:36]>>[C:1][C:2](=[O:3])[O:14][H:36],"EVODEX-P27437,EVODEX-P27736"
EVODEX-N10920,[H]N([H])C([H])([H])C([H])([H])C([H])([H])C([H])([H])N([H])C([H])([H])C([H])([H])C([H])([H])N([H])[C:2]([C:1])=[O:3]>>[H]O[C:2]([C:1])=[O:3],"EVODEX-P27438,EVODEX-P27738"
EVODEX-N10921,[H]C([H])([H])C(=O)[N:3]([H:9])[H:10]>>[H][N:3]([H:9])[H:10],EVODEX-P27441
EVODEX-N10922,[H]C(=O)[N:1]([H:5])[H:6]>>[H][N:1]([H:5])[H:6],EVODEX-P27446
EVODEX-N10923,[H]N([H])[C:2](=[O:3])[H:7].[H][O:4][H:8]>>[C:2](=[O:3])([O:4][H:8])[H:7],EVODEX-P27447
EVODEX-N10924,[H]N([H])[C:2](=[O:3])[H:7]>>[H]O[C:2](=[O:3])[H:7],EVODEX-P27448
EVODEX-N10925,[H]C([H])([H])C([H])([H])C([H])([H])C([H])([H])C(=O)[N:6]([H:18])[H:19]>>[H][N:6]([H:18])[H:19],EVODEX-P27451
EVODEX-N10926,[H]O[C@]1([H])[C@]([H])(OP(=O)(O[H])O[H])[C@@]([H])(C([H])([H])OP(=O)(O[H])OP(=O)(O[H])OC([H])([H])C(C([H])([H])[H])(C([H])([H])[H])[C@@]([H])(O[H])C(=O)N([H])C([H])([H])C([H])([H])C(=O)N([H])C([H])([H])C([H])([H])SC(=O)C([H])([H])C([H])([H])C([H])([H])N([H])[C:2]([C:1])=[O:3])O[C@@]1([H])N1:C([H]):N:C2:C(N([H])[H]):N:C([H]):N:C:2:1.[H][O:58][H:104]>>[C:1][C:2](=[O:3])[O:58][H:104],EVODEX-P27457
EVODEX-N10927,[H]O[C@]1([H])[C@]([H])(OP(=O)(O[H])O[H])[C@@]([H])(C([H])([H])OP(=O)(O[H])OP(=O)(O[H])OC([H])([H])C(C([H])([H])[H])(C([H])([H])[H])[C@@]([H])(O[H])C(=O)N([H])C([H])([H])C([H])([H])C(=O)N([H])C([H])([H])C([H])([H])SC(=O)C([H])([H])C([H])([H])C([H])([H])N([H])[C:2]([C:1])=[O:3])O[C@@]1([H])N1:C([H]):N:C2:C(N([H])[H]):N:C([H]):N:C:2:1>>[H]O[C:2]([C:1])=[O:3],EVODEX-P27458
EVODEX-N10928,[H]N([H])C([H])([H])C([H])([H])C([H])([H])C([H])([H])N([H])C(=O)[N:8]([H:22])[H:23]>>[H][N:8]([H:22])[H:23],EVODEX-P27463
EVODEX-N10929,[H]N([H])C([H])([H])C([H])([H])C([H])([H])C([H])([H])N([H])[C:7]([N:8])=[O:9].[H][O:10][H]>>[C:7](=[O:9])=[O:10].[H][N:8],EVODEX-P27465
EVODEX-N10930,[H]N([H])C([H])([H])C([H])([H])C([H])([H])C([H])([H])N([H])[C:7]([N:8])=[O:9]>>O=[C:7]=[O:9].[H][N:8],EVODEX-P27466
EVODEX-N10931,[H]N([H])C([H])([H])C([H])([H])C([H])([H])C([H])([H])N([H])[C:7](N([H])[H])=[O:9].[H][O:10][H]>>[C:7](=[O:9])=[O:10],EVODEX-P27470
EVODEX-N10932,[H]N([H])C([H])([H])C([H])([H])C([H])([H])C([H])([H])N([H])[C:7](N([H])[H])=[O:9]>>O=[C:7]=[O:9],EVODEX-P27472
EVODEX-N10933,[H]N([H])C([H])([H])C([H])([H])C([H])([H])C([H])([H])C([H])([H])N([H])C(=O)[N:9]([H:25])[H:26]>>[H][N:9]([H:25])[H:26],EVODEX-P27474
EVODEX-N10934,[H]N([H])C([H])([H])C([H])([H])C([H])([H])C([H])([H])C([H])([H])N([H])[C:8]([N:9])=[O:10].[H][O:11][H]>>[C:8](=[O:10])=[O:11].[H][N:9],EVODEX-P27476
EVODEX-N10935,[H]N([H])C([H])([H])C([H])([H])C([H])([H])C([H])([H])C([H])([H])N([H])[C:8]([N:9])=[O:10]>>O=[C:8]=[O:10].[H][N:9],EVODEX-P27477
EVODEX-N10936,[H]N([H])C([H])([H])C([H])([H])C([H])([H])C([H])([H])C([H])([H])N([H])[C:8](N([H])[H])=[O:10].[H][O:11][H]>>[C:8](=[O:10])=[O:11],EVODEX-P27481
EVODEX-N10937,[H]N([H])C([H])([H])C([H])([H])C([H])([H])C([H])([H])C([H])([H])N([H])[C:8](N([H])[H])=[O:10]>>O=[C:8]=[O:10],EVODEX-P27483
EVODEX-N10938,[H]C([H])([H])C([H])([H])C([H])([H])C([H])([H])C([H])([H])C([H])([H])C([H])([H])C([H])([H])C([H])([H])C(=O)[N:12]([C:13])[H:42]>>[H][N:12]([C:13])[H:42],EVODEX-P27486
EVODEX-N10939,[H]/C(=C(\[H])C([H])([H])C([H])([H])C([H])([H])C([H])([H])C([H])([H])C([H])([H])C([H])([H])C([H])([H])[H])C([H])([H])C([H])([H])C([H])([H])C([H])([H])C([H])([H])C([H])([H])C([H])([H])C(=O)[N:20]([C:21])[H:64]>>[H][N:20]([C:21])[H:64],"EVODEX-P27491,EVODEX-P27551"
EVODEX-N10940,[H]C([H])([H])N(C([H])([H])[H])[C:4](=[O:5])[H:13].[H][O:6][H:14]>>[C:4](=[O:5])([O:6][H:14])[H:13],EVODEX-P27496
EVODEX-N10941,[H]C([H])([H])N(C([H])([H])[H])[C:4](=[O:5])[H:13]>>[H]O[C:4](=[O:5])[H:13],EVODEX-P27497
EVODEX-N10942,[H]N(C([H])([H])C([H])([H])[H])[C:4](=[O:5])[H:13].[H][O:6][H:14]>>[C:4](=[O:5])([O:6][H:14])[H:13],EVODEX-P27501
EVODEX-N10943,[H]N(C([H])([H])C([H])([H])[H])[C:4](=[O:5])[H:13]>>[H]O[C:4](=[O:5])[H:13],EVODEX-P27502
EVODEX-N10944,[H]C1:C([H]):C([H]):C2:C(:C:1[H]):C(C([H])([H])[C@@]([H])(C(=O)[N:1]([H:17])[H:18])N([H])[H]):C([H]):N:2[H]>>[H][N:1]([H:17])[H:18],EVODEX-P27506
EVODEX-N10945,[H][O:16][H:30]>>[H]C1:C([H]):C([H]):C2:C(:C:1[H]):C(C([H])([H])[C@@]([H])(C(=O)[O:16][H:30])N([H])[H]):C([H]):N:2[H],EVODEX-P27508
EVODEX-N10946,[H]C1:C([H]):C([H]):C2:C(:C:1[H]):C(C([H])([H])[C@@]([H])(C(=O)[N:15]([C:16])[H:38])N([H])[H]):C([H]):N:2[H]>>[H][N:15]([C:16])[H:38],EVODEX-P27514
EVODEX-N10947,[H]OC(=O)C([H])([H])N([H])C(=O)O[C:10]([C:11])([H:21])[H:22]>>[H]O[C:10]([C:11])([H:21])[H:22],EVODEX-P27516
EVODEX-N10948,[H]OC(=O)C([H])([H])N([H])[C:7](=[O:8])[O:9][C:10]([C:11])([H:21])[H:22].[H][O:1][H:28]>>[C:7](=[O:8])=[O:9].[O:1]([C:10]([C:11])([H:21])[H:22])[H:28],EVODEX-P27517
EVODEX-N10949,[H]OC(=O)C([H])([H])N([H])[C:7](=[O:8])[O:9][C:10]>>[C:7](=[O:8])=[O:9].[H]O[C:10],EVODEX-P27518
EVODEX-N10950,O=C(O[C:10]([C:11])([H:21])[H:22])[N:6]([C:5])[H:20]>>[H][N:6]([C:5])[H:20].[H]O[C:10]([C:11])([H:21])[H:22],"EVODEX-P27519,EVODEX-P27563,EVODEX-P27574"
EVODEX-N10951,[H]C1:C([H]):C([H]):C(C([H])([H])OC(=O)[N:6]([C:5])[H:20]):C([H]):C:1[H]>>[H][N:6]([C:5])[H:20],"EVODEX-P27520,EVODEX-P27560,EVODEX-P27575"
EVODEX-N10952,O=C(O[C:10]([C:11])([H:21])[H:22])[N:6]([C:5])[H:20].[H][O:1][H:28]>>[H][N:6]([C:5])[H:20].[O:1]([C:10]([C:11])([H:21])[H:22])[H:28],"EVODEX-P27521,EVODEX-P27566,EVODEX-P27576"
EVODEX-N10953,[N:6][C:7](=[O:8])[O:9][C:10]>>[C:7](=[O:8])=[O:9].[H][N:6].[H]O[C:10],"EVODEX-P27522,EVODEX-P27567,EVODEX-P27577,EVODEX-P27686,EVODEX-P27697,EVODEX-P28120"
EVODEX-N10954,[N:6][C:7](=[O:8])[O:9][C:10]([C:11])([H:21])[H:22].[H][O:1][H:28]>>[C:7](=[O:8])=[O:9].[H][N:6].[O:1]([C:10]([C:11])([H:21])[H:22])[H:28],"EVODEX-P27523,EVODEX-P27568,EVODEX-P27578,EVODEX-P27688"
EVODEX-N10955,[H]OC(=O)C([H])([H])N([H])[C:7](=[O:8])[O:9]C([H])([H])C1:C([H]):C([H]):C([H]):C([H]):C:1[H]>>[C:7](=[O:8])=[O:9],EVODEX-P27524
EVODEX-N10956,[H]C1:C([H]):C([H]):C(C([H])([H])[O:9][C:7]([N:6])=[O:8]):C([H]):C:1[H]>>[C:7](=[O:8])=[O:9].[H][N:6],"EVODEX-P27525,EVODEX-P27562,EVODEX-P27580"
EVODEX-N10957,[H]OC(=O)C([H])([H])N([H])C(=O)O[C:10]([C:11])([H:21])[H:22].[H][O:1][H:28]>>[O:1]([C:10]([C:11])([H:21])[H:22])[H:28],EVODEX-P27526
EVODEX-N10958,[H][O:1][H:28]>>[H]C1:C([H]):C([H]):C(C([H])([H])[O:1][H:28]):C([H]):C:1[H],EVODEX-P27527
EVODEX-N10959,[C:7][C:9]([N:10])([H:24])[H:25].[H][O:1][H:32]>>[H][N:10].[O:1]([C:9]([C:7])([H:24])[H:25])[H:32],"EVODEX-P27528,EVODEX-P28722"
EVODEX-N10960,[H]C1:C([H]):C([H]):C(OC(=O)N([H])[C:9]([C:7])([H:24])[H:25]):C([H]):C:1[H].[H][O:1][H:32]>>[O:1]([C:9]([C:7])([H:24])[H:25])[H:32],EVODEX-P27529
EVODEX-N10961,[H][O:1][H:32]>>[H]OC(=O)C([H])([H])N([H])C(=O)C([H])([H])[O:1][H:32],EVODEX-P27530
EVODEX-N10962,[H]C1:C([H]):C([H]):C(OC(=O)N([H])[C:9]([C:7])([H:24])[H:25]):C([H]):C:1[H]>>[H]O[C:9]([C:7])([H:24])[H:25],EVODEX-P27531
EVODEX-N10963,[H]OC(=O)C([H])([H])N([H])C(=O)C([H])([H])[N:10]([C:11])[H:26]>>[H][N:10]([C:11])[H:26],EVODEX-P27532
EVODEX-N10964,[H]OC(=O)C([H])([H])N(C(=O)[N:8]([H:17])[H:18])C([H])([H])[H]>>[H][N:8]([H:17])[H:18],EVODEX-P27534
EVODEX-N10965,[H]OC(=O)C([H])([H])N(C([H])([H])[H])[C:7]([N:8])=[O:9].[H][O:10][H]>>[C:7](=[O:9])=[O:10].[H][N:8],EVODEX-P27536
EVODEX-N10966,[H]OC(=O)C([H])([H])N(C([H])([H])[H])[C:7]([N:8])=[O:9]>>O=[C:7]=[O:9].[H][N:8],EVODEX-P27537
EVODEX-N10967,O=C([N:2]([C:1])[C:3])[N:8]([H:17])[H:18]>>[H][N:2]([C:1])[C:3].[H][N:8]([H:17])[H:18],EVODEX-P27538
EVODEX-N10968,[H]N([H])C(=O)[N:2]([C:1])[C:3]>>[H][N:2]([C:1])[C:3],EVODEX-P27539
EVODEX-N10969,[H]OC(=O)C([H])([H])N(C([H])([H])[H])[C:7](N([H])[H])=[O:9].[H][O:10][H]>>[C:7](=[O:9])=[O:10],EVODEX-P27541
EVODEX-N10970,[H]OC(=O)C([H])([H])N(C([H])([H])[H])[C:7](N([H])[H])=[O:9]>>O=[C:7]=[O:9],EVODEX-P27543
EVODEX-N10971,[H]C([H])([H])C([H])([H])C([H])([H])C([H])([H])C([H])([H])C([H])([H])C([H])([H])C([H])([H])C([H])([H])C([H])([H])C([H])([H])C([H])([H])C([H])([H])C([H])([H])C([H])([H])C(=O)[N:18]([C:19])[H:54]>>[H][N:18]([C:19])[H:54],"EVODEX-P27546,EVODEX-P27643,EVODEX-P27949,EVODEX-P27954"
EVODEX-N10972,[H]OC([H])([H])C([H])([H])N([H])[C:16]([C:15])=[O:17].[H][O:22][H:60]>>[C:15][C:16](=[O:17])[O:22][H:60],"EVODEX-P27547,EVODEX-P27552,EVODEX-P27879"
EVODEX-N10973,[H]OC([H])([H])C([H])([H])N([H])[C:16]([C:15])=[O:17]>>[H]O[C:16]([C:15])=[O:17],"EVODEX-P27548,EVODEX-P27553,EVODEX-P27880"
EVODEX-N10974,[H]OC(=O)C([H])([H])C([H])([H])C([H])([H])C([H])([H])N([H])[C:2]([C:1])=[O:3].[H][O:12][H:26]>>[C:1][C:2](=[O:3])[O:12][H:26],EVODEX-P27557
EVODEX-N10975,[H]OC(=O)C([H])([H])C([H])([H])C([H])([H])C([H])([H])N([H])[C:2]([C:1])=[O:3]>>[H]O[C:2]([C:1])=[O:3],EVODEX-P27558
EVODEX-N10976,[H]OC(=O)[C@@]([H])(N([H])[C:7](=[O:8])[O:9][C:10]([C:11])([H:32])[H:33])C([H])([H])C([H])(C([H])([H])[H])C([H])([H])[H].[H][O:20][H:40]>>[C:7](=[O:8])=[O:9].[C:10]([C:11])([O:20][H:40])([H:32])[H:33],EVODEX-P27561
EVODEX-N10977,[H]OC(=O)[C@@]([H])(N([H])C(=O)O[C:10]([C:11])([H:32])[H:33])C([H])([H])C([H])(C([H])([H])[H])C([H])([H])[H]>>[H]O[C:10]([C:11])([H:32])[H:33],EVODEX-P27564
EVODEX-N10978,[H]OC(=O)[C@@]([H])(N([H])C(=O)O[C:10]([C:11])([H:32])[H:33])C([H])([H])C([H])(C([H])([H])[H])C([H])([H])[H].[H][O:20][H:40]>>[C:10]([C:11])([O:20][H:40])([H:32])[H:33],EVODEX-P27565
EVODEX-N10979,[H]OC(=O)[C@@]([H])(N([H])[C:7](=[O:8])[O:9]C([H])([H])C1:C([H]):C([H]):C([H]):C([H]):C:1[H])C([H])([H])C([H])(C([H])([H])[H])C([H])([H])[H]>>[C:7](=[O:8])=[O:9],EVODEX-P27569
EVODEX-N10980,[H]OC(=O)[C@@]([H])(N([H])[C:7](=[O:8])[O:9][C:10])C([H])([H])C([H])(C([H])([H])[H])C([H])([H])[H]>>[C:7](=[O:8])=[O:9].[H]O[C:10],EVODEX-P27570
EVODEX-N10981,[H]OC(=O)C([H])([H])[C@@]([H])(C(=O)O[H])N([H])C(=O)O[C:11]([C:12])([H:26])[H:27]>>[H]O[C:11]([C:12])([H:26])[H:27],EVODEX-P27571
EVODEX-N10982,[H]OC(=O)C([H])([H])[C@@]([H])(C(=O)O[H])N([H])[C:8](=[O:9])[O:10][C:11]([C:12])([H:26])[H:27].[H][O:1][H:34]>>[C:8](=[O:9])=[O:10].[O:1]([C:11]([C:12])([H:26])[H:27])[H:34],EVODEX-P27572
EVODEX-N10983,[H]OC(=O)C([H])([H])[C@@]([H])(C(=O)O[H])N([H])[C:8](=[O:9])[O:10][C:11]>>[C:8](=[O:9])=[O:10].[H]O[C:11],EVODEX-P27573
EVODEX-N10984,[H]OC(=O)C([H])([H])[C@@]([H])(C(=O)O[H])N([H])[C:8](=[O:9])[O:10]C([H])([H])C1:C([H]):C([H]):C([H]):C([H]):C:1[H]>>[C:8](=[O:9])=[O:10],EVODEX-P27579
EVODEX-N10985,[H]OC(=O)C([H])([H])[C@@]([H])(C(=O)O[H])N([H])C(=O)O[C:11]([C:12])([H:26])[H:27].[H][O:1][H:34]>>[O:1]([C:11]([C:12])([H:26])[H:27])[H:34],EVODEX-P27581
EVODEX-N10986,[H]N(C([H])([H])C([H])([H])[H])[C:4](=[O:5])[C:6].[H][O:13][H:28]>>[C:4](=[O:5])([C:6])[O:13][H:28],EVODEX-P27584
EVODEX-N10987,[H]N(C([H])([H])C([H])([H])[H])[C:4](=[O:5])[C:6]>>[H]O[C:4](=[O:5])[C:6],EVODEX-P27585
EVODEX-N10988,[H]OC(=O)C([H])(/C(=C(\[H])N([H])C(=O)C([H])([H])[H])[C:7](=[O:8])[O:9][H])C([H])([H])O[H]>>[C:7](=[O:8])=[O:9],EVODEX-P27589
EVODEX-N10989,[H]OC(=O)C([H])(/C(=C(\[H])N([H])[C:2]([C:1])=[O:3])[C:7](=[O:8])[O:9][H])C([H])([H])O[H].[H][O:17][H:31]>>[C:7](=[O:8])=[O:9].[C:1][C:2](=[O:3])[O:17][H:31],EVODEX-P27590
EVODEX-N10990,[H]OC(=O)/C(=C(/[H])[N:4]([C:2]([C:1])=[O:3])[H:21])C([H])(C(=O)O[H])C([H])([H])O[H].[H][O:17][H:31]>>[C:1][C:2](=[O:3])[O:17][H:31].[H][N:4]([H])[H:21],EVODEX-P27592
EVODEX-N10991,[H][O:16][H]>>[H]OC(=O)C([H])(C([H])([H])O[H])C([H])([H])C([H])=[O:16],EVODEX-P27593
EVODEX-N10992,[H]OC(=O)C([H])(/C(=C(\[H])N([H])[C:2]([C:1])=[O:3])[C:7](=[O:8])[O:9][H])C([H])([H])O[H]>>[C:7](=[O:8])=[O:9].[H]O[C:2]([C:1])=[O:3],EVODEX-P27596
EVODEX-N10993,[H]OC(=O)/C(=C(/[H])N([H])[C:2]([C:1])=[O:3])C([H])(C(=O)O[H])C([H])([H])O[H]>>[H]O[C:2]([C:1])=[O:3],EVODEX-P27599
EVODEX-N10994,[H][O:16][H].[H][O:17][H:31]>>[H]C([H])([H])C(=O)[O:17][H:31].[H]OC(=O)C([H])(C([H])([H])O[H])C([H])([H])C([H])=[O:16],EVODEX-P27600
EVODEX-N10995,[H]OC(=O)C([H])(/C(=C(\[H])[N:4]([C:2]([C:1])=[O:3])[H:21])[C:7](=[O:8])[O:9][H])C([H])([H])O[H].[H][O:17][H:31]>>[C:7](=[O:8])=[O:9].[C:1][C:2](=[O:3])[O:17][H:31].[H][N:4]([H])[H:21],EVODEX-P27601
EVODEX-N10996,[H]OC(=O)/C(=C(/[H])[N:4](C(=O)C([H])([H])[H])[H:21])C([H])(C(=O)O[H])C([H])([H])O[H]>>[H][N:4]([H])[H:21],EVODEX-P27603
EVODEX-N10997,[H]OC(=O)/C(=C(/[H])[N:4]([C:2])[H:21])C([H])(C(=O)O[H])C([H])([H])O[H]>>[H]O[C:2].[H][N:4]([H])[H:21],EVODEX-P27607
EVODEX-N10998,[H]OC(=O)C([H])(/C(=C(\[H])[N:4](C(=O)C([H])([H])[H])[H:21])[C:7](=[O:8])[O:9][H])C([H])([H])O[H]>>[C:7](=[O:8])=[O:9].[H][N:4]([H])[H:21],EVODEX-P27610
EVODEX-N10999,[H]OC(=O)/C(=C(/[H])N([H])[C:2]([C:1])=[O:3])C([H])(C(=O)O[H])C([H])([H])O[H].[H][O:17][H:31]>>[C:1][C:2](=[O:3])[O:17][H:31],EVODEX-P27613
EVODEX-N11000,[H]OC(=O)C([H])(/C(=C(\[H])[N:4]([C:2])[H:21])[C:7](=[O:8])[O:9][H])C([H])([H])O[H]>>[C:7](=[O:8])=[O:9].[H]O[C:2].[H][N:4]([H])[H:21],EVODEX-P27614
EVODEX-N11001,[H]OC(=O)[C@@]([H])(N([H])[H])C([H])([H])C(C(=O)[N:10]([H:21])[H:22])=C([H])[H]>>[H][N:10]([H:21])[H:22],EVODEX-P27617
EVODEX-N11002,[H][O:12][H:23]>>[H]OC(=O)[C@@]([H])(N([H])[H])C([H])([H])C(C(=O)[O:12][H:23])=C([H])[H],EVODEX-P27619
EVODEX-N11003,[H]OC(=O)C([H])([H])C([H])([H])[C@@]([H])(C(=O)O[H])N([H])[C:3](=[O:2])[H:14].[H][O:1][H:23]>>[O:1]([C:3](=[O:2])[H:14])[H:23],EVODEX-P27623
EVODEX-N11004,[H]OC(=O)C([H])([H])C([H])([H])[C@@]([H])(C(=O)O[H])N([H])[C:3](=[O:2])[H:14]>>[H]O[C:3](=[O:2])[H:14],EVODEX-P27624
EVODEX-N11005,[H]OC(=O)C([H])([H])C(O[H])(C(=O)[N:8]([C:7])[H:30])C([H])([H])C(=O)O[H]>>[H][N:8]([C:7])[H:30],EVODEX-P27630
EVODEX-N11006,[H]C([H])([H])C([H])([H])C([H])([H])C([H])([H])C([H])([H])C([H])([H])C([H])([H])C([H])([H])C([H])([H])C([H])([H])C([H])([H])C([H])([H])C([H])([H])C([H])([H])C([H])([H])C([H])([H])C([H])([H])C(=O)[N:77]([C:18])[H:183]>>[H][N:77]([C:18])[H:183],"EVODEX-P27633,EVODEX-P27638"
EVODEX-N11007,[H]OC(=O)[C@]1(O[C@]2([H])[C@@]([H])(O[H])[C@]([H])(O[C@@]3([H])[C@]([H])(O[H])[C@@]([H])(O[H])[C@]([H])(OC([H])([H])[C@]([H])(N([H])[C:78](=[O:79])[C:80])[C@]([H])(O[H])/C([H])=C(\[H])C([H])([H])C([H])([H])C([H])([H])C([H])([H])C([H])([H])C([H])([H])C([H])([H])C([H])([H])C([H])([H])C([H])([H])C([H])([H])C([H])([H])C([H])([H])[H])O[C@]3([H])C([H])([H])O[H])O[C@]([H])(C([H])([H])O[H])[C@]2([H])O[C@]2([H])O[C@]([H])(C([H])([H])O[H])[C@]([H])(O[H])[C@]([H])(O[H])[C@@]2([H])N([H])C(=O)C([H])([H])[H])O[C@@]([H])([C@]([H])(O[H])[C@]([H])(O[H])C([H])([H])O[H])[C@]([H])(N([H])C(=O)C([H])([H])[H])[C@@]([H])(O[H])C1([H])[H].[H][O:97][H:219]>>[C:78](=[O:79])([C:80])[O:97][H:219],EVODEX-P27634
EVODEX-N11008,[H]OC(=O)[C@]1(O[C@]2([H])[C@@]([H])(O[H])[C@]([H])(O[C@@]3([H])[C@]([H])(O[H])[C@@]([H])(O[H])[C@]([H])(OC([H])([H])[C@]([H])(N([H])[C:78](=[O:79])[C:80])[C@]([H])(O[H])/C([H])=C(\[H])C([H])([H])C([H])([H])C([H])([H])C([H])([H])C([H])([H])C([H])([H])C([H])([H])C([H])([H])C([H])([H])C([H])([H])C([H])([H])C([H])([H])C([H])([H])[H])O[C@]3([H])C([H])([H])O[H])O[C@]([H])(C([H])([H])O[H])[C@]2([H])O[C@]2([H])O[C@]([H])(C([H])([H])O[H])[C@]([H])(O[H])[C@]([H])(O[H])[C@@]2([H])N([H])C(=O)C([H])([H])[H])O[C@@]([H])([C@]([H])(O[H])[C@]([H])(O[H])C([H])([H])O[H])[C@]([H])(N([H])C(=O)C([H])([H])[H])[C@@]([H])(O[H])C1([H])[H]>>[H]O[C:78](=[O:79])[C:80],EVODEX-P27635
EVODEX-N11009,[H]OC(=O)[C@]1(O[C@]2([H])[C@@]([H])(O[H])[C@]([H])(O[C@@]3([H])[C@]([H])(O[H])[C@@]([H])(O[H])[C@]([H])(OC([H])([H])[C@]([H])(N([H])[C:64](=[O:65])[C:66])[C@]([H])(O[H])/C([H])=C(\[H])C([H])([H])C([H])([H])C([H])([H])C([H])([H])C([H])([H])C([H])([H])C([H])([H])C([H])([H])C([H])([H])C([H])([H])C([H])([H])C([H])([H])C([H])([H])[H])O[C@]3([H])C([H])([H])O[H])O[C@]([H])(C([H])([H])O[H])[C@]2([H])O[H])O[C@@]([H])([C@]([H])(O[H])[C@]([H])(O[H])C([H])([H])O[H])[C@]([H])(N([H])C(=O)C([H])([H])[H])[C@@]([H])(O[H])C1([H])[H].[H][O:83][H:192]>>[C:64](=[O:65])([C:66])[O:83][H:192],EVODEX-P27639
EVODEX-N11010,[H]OC(=O)[C@]1(O[C@]2([H])[C@@]([H])(O[H])[C@]([H])(O[C@@]3([H])[C@]([H])(O[H])[C@@]([H])(O[H])[C@]([H])(OC([H])([H])[C@]([H])(N([H])[C:64](=[O:65])[C:66])[C@]([H])(O[H])/C([H])=C(\[H])C([H])([H])C([H])([H])C([H])([H])C([H])([H])C([H])([H])C([H])([H])C([H])([H])C([H])([H])C([H])([H])C([H])([H])C([H])([H])C([H])([H])C([H])([H])[H])O[C@]3([H])C([H])([H])O[H])O[C@]([H])(C([H])([H])O[H])[C@]2([H])O[H])O[C@@]([H])([C@]([H])(O[H])[C@]([H])(O[H])C([H])([H])O[H])[C@]([H])(N([H])C(=O)C([H])([H])[H])[C@@]([H])(O[H])C1([H])[H]>>[H]O[C:64](=[O:65])[C:66],EVODEX-P27640
EVODEX-N11011,[H]OC1:C([H]):C([H]):C([C@]([H])(O[H])[C@@]([H])(O[H])[C@@]2([H])C(=O)N([H])[C@@]([H])([C@]([H])(O[H])C([H])([H])[H])C(=O)N3C([H])([H])[C@]([H])(C([H])([H])[H])[C@]([H])(O[H])[C@@]3([H])C(=O)N([H])[C@]([H])(O[H])[C@]([H])(O[H])C([H])([H])[C@]([H])(N([H])[C:16]([C:15])=[O:17])C(=O)N([H])[C@@]([H])([C@]([H])(O[H])C([H])([H])[H])C(=O)N3C([H])([H])[C@]([H])(O[H])C([H])([H])[C@@]3([H])C(=O)N2[H]):C([H]):C:1[H].[H][O:74][H:156]>>[C:15][C:16](=[O:17])[O:74][H:156],EVODEX-P27644
EVODEX-N11012,[H]OC1:C([H]):C([H]):C([C@]([H])(O[H])[C@@]([H])(O[H])[C@@]2([H])C(=O)N([H])[C@@]([H])([C@]([H])(O[H])C([H])([H])[H])C(=O)N3C([H])([H])[C@]([H])(C([H])([H])[H])[C@]([H])(O[H])[C@@]3([H])C(=O)N([H])[C@]([H])(O[H])[C@]([H])(O[H])C([H])([H])[C@]([H])(N([H])[C:16]([C:15])=[O:17])C(=O)N([H])[C@@]([H])([C@]([H])(O[H])C([H])([H])[H])C(=O)N3C([H])([H])[C@]([H])(O[H])C([H])([H])[C@@]3([H])C(=O)N2[H]):C([H]):C:1[H]>>[H]O[C:16]([C:15])=[O:17],EVODEX-P27645
EVODEX-N11013,[H]C1:C([H]):C([H]):C(OC([H])([H])C(=O)[N:7]([C:6])[H:34]):C([H]):C:1[H]>>[H][N:7]([C:6])[H:34],EVODEX-P27648
EVODEX-N11014,[H][O:25][H:44]>>[H]C1:C([H]):C([H]):C(OC([H])([H])C(=O)[O:25][H:44]):C([H]):C:1[H],EVODEX-P27650
EVODEX-N11015,[H]OC1:C([H]):C([H]):C(/C([H])=C(\[H])C(=O)[N:10]([C:11])[H:26]):C([H]):C:1OC([H])([H])[H]>>[H][N:10]([C:11])[H:26],EVODEX-P27654
EVODEX-N11016,[H]OC1:C(OC([H])([H])[H]):C([H]):C(/C([H])=C(\[H])C(=O)[N:10]([C:11])[H:28]):C([H]):C:1OC([H])([H])[H]>>[H][N:10]([C:11])[H:28],EVODEX-P27659
EVODEX-N11017,[H]O[C@]1([H])C([H])([H])C([H])([H])[C@@]2(C([H])([H])[H])[C@@]([H])(C1([H])[H])C([H])([H])[C@@]([H])(O[H])[C@]1([H])[C@]2([H])C([H])([H])C([H])([H])[C@]2(C([H])([H])[H])[C@@]([H])([C@]([H])(C([H])([H])[H])C([H])([H])C([H])([H])C(=O)[N:7]([C:8])[H:44])C([H])([H])C([H])([H])[C@]21[H]>>[H][N:7]([C:8])[H:44],EVODEX-P27670
EVODEX-N11018,[H]O[C@]1([H])C([H])([H])C([H])([H])[C@@]2(C([H])([H])[H])[C@@]([H])(C1([H])[H])[C@]([H])(O[H])[C@]([H])(O[H])[C@]1([H])[C@]2([H])C([H])([H])C([H])([H])[C@]2(C([H])([H])[H])[C@@]([H])([C@]([H])(C([H])([H])[H])C([H])([H])C([H])([H])C(=O)[N:7]([C:8])[H:45])C([H])([H])C([H])([H])[C@]21[H]>>[H][N:7]([C:8])[H:45],EVODEX-P27675
EVODEX-N11019,[H][O:36][H:82]>>[H]O[C@]1([H])C([H])([H])C([H])([H])[C@@]2(C([H])([H])[H])[C@@]([H])(C1([H])[H])[C@]([H])(O[H])[C@]([H])(O[H])[C@]1([H])[C@]2([H])C([H])([H])C([H])([H])[C@]2(C([H])([H])[H])[C@@]([H])([C@]([H])(C([H])([H])[H])C([H])([H])C([H])([H])C(=O)[O:36][H:82])C([H])([H])C([H])([H])[C@]21[H],EVODEX-P27677
EVODEX-N11020,[H]N([H])[C:4]([O:3]C([H])([H])C([H])([H])[H])=[O:6]>>[O:3]=[C:4]=[O:6],EVODEX-P27680
EVODEX-N11021,O=C(O[C:2]([C:1])([H:11])[H:12])[N:5]([H:13])[H:14].[H][O:7][H:15]>>[C:1][C:2]([O:7][H:15])([H:11])[H:12].[H][N:5]([H:13])[H:14],EVODEX-P27681
EVODEX-N11022,[H]N([H])[C:4]([O:3][C:2]([C:1])([H:11])[H:12])=[O:6].[H][O:7][H:15]>>[C:1][C:2]([O:7][H:15])([H:11])[H:12].[O:3]=[C:4]=[O:6],EVODEX-P27682
EVODEX-N11023,[H]N([H])[C:4]([O:3][C:2])=[O:6]>>[H]O[C:2].[O:3]=[C:4]=[O:6],"EVODEX-P27683,EVODEX-P27694"
EVODEX-N11024,[H]C([H])([H])C([H])([H])[O:3][C:4]([N:5])=[O:6]>>[H][N:5].[O:3]=[C:4]=[O:6],EVODEX-P27684
EVODEX-N11025,[H]C([H])([H])C([H])([H])OC(=O)[N:5]([H:13])[H:14]>>[H][N:5]([H:13])[H:14],EVODEX-P27685
EVODEX-N11026,[H]N([H])C(=O)O[C:2]([C:1])([H:11])[H:12].[H][O:7][H:15]>>[C:1][C:2]([O:7][H:15])([H:11])[H:12],EVODEX-P27687
EVODEX-N11027,[H]N([H])C(=O)O[C:2]([C:1])([H:11])[H:12]>>[H]O[C:2]([C:1])([H:11])[H:12],EVODEX-P27689
EVODEX-N11028,O=C(O[C:2]([C:1])([H:11])[H:12])[N:5]([H:13])[H:14]>>[H]O[C:2]([C:1])([H:11])[H:12].[H][N:5]([H:13])[H:14],EVODEX-P27690
EVODEX-N11029,[H]N([H])[C:3]([O:2]C([H])([H])[H])=[O:5]>>[O:2]=[C:3]=[O:5],EVODEX-P27691
EVODEX-N11030,O=C(O[C:1]([H:7])([H:8])[H:9])[N:4]([H:10])[H:11].[H][O:6][H:12]>>[C:1]([O:6][H:12])([H:7])([H:8])[H:9].[H][N:4]([H:10])[H:11],EVODEX-P27692
EVODEX-N11031,[H]N([H])[C:3]([O:2][C:1]([H:7])([H:8])[H:9])=[O:5].[H][O:6][H:12]>>[C:1]([O:6][H:12])([H:7])([H:8])[H:9].[O:2]=[C:3]=[O:5],EVODEX-P27693
EVODEX-N11032,[H]C([H])([H])[O:2][C:3]([N:4])=[O:5]>>[H][N:4].[O:2]=[C:3]=[O:5],EVODEX-P27695
EVODEX-N11033,[H]C([H])([H])OC(=O)[N:4]([H:10])[H:11]>>[H][N:4]([H:10])[H:11],EVODEX-P27696
EVODEX-N11034,[H]N([H])C(=O)O[C:1]([H:7])([H:8])[H:9].[H][O:6][H:12]>>[C:1]([O:6][H:12])([H:7])([H:8])[H:9],EVODEX-P27698
EVODEX-N11035,[C:1]([O:2][C:3]([N:4])=[O:5])([H:7])([H:8])[H:9].[H][O:6][H:12]>>[C:1]([O:6][H:12])([H:7])([H:8])[H:9].[H][N:4].[O:2]=[C:3]=[O:5],EVODEX-P27699
EVODEX-N11036,[H]N([H])C(=O)O[C:1]([H:7])([H:8])[H:9]>>[H]O[C:1]([H:7])([H:8])[H:9],EVODEX-P27700
EVODEX-N11037,O=C(O[C:1]([H:7])([H:8])[H:9])[N:4]([H:10])[H:11]>>[H]O[C:1]([H:7])([H:8])[H:9].[H][N:4]([H:10])[H:11],EVODEX-P27701
EVODEX-N11038,[H]C1:C([H]):C([H]):C(C([H])([H])C([H])([H])N([H])[C:2]([C:1])=[O:3]):C([H]):C:1[H].[H][O:13][H:27]>>[C:1][C:2](=[O:3])[O:13][H:27],EVODEX-P27704
EVODEX-N11039,[H]C1:C([H]):C([H]):C(C([H])([H])C([H])([H])N([H])[C:2]([C:1])=[O:3]):C([H]):C:1[H]>>[H]O[C:2]([C:1])=[O:3],EVODEX-P27705
EVODEX-N11040,[H]C1:C([H]):C([H]):C(C([H])([H])C([H])([H])C([H])(N([H])[C:2]([C:1])=[O:3])C([H])([H])[H]):C([H]):C:1[H].[H][O:15][H:33]>>[C:1][C:2](=[O:3])[O:15][H:33],EVODEX-P27709
EVODEX-N11041,[H]C1:C([H]):C([H]):C(C([H])([H])C([H])([H])C([H])(N([H])[C:2]([C:1])=[O:3])C([H])([H])[H]):C([H]):C:1[H]>>[H]O[C:2]([C:1])=[O:3],EVODEX-P27710
EVODEX-N11042,[H]OC(=O)[C@@]([H])(C1:C([H]):C([H]):C(O[H]):C([H]):C:1[H])N([H])C(=O)[N:1]([H:17])[H:18]>>[H][N:1]([H:17])[H:18],EVODEX-P27712
EVODEX-N11043,[H]OC(=O)[C@@]([H])(C1:C([H]):C([H]):C(O[H]):C([H]):C:1[H])N([H])[C:2]([N:1])=[O:3].[H][O:16][H]>>[C:2](=[O:3])=[O:16].[H][N:1],EVODEX-P27714
EVODEX-N11044,[H]OC(=O)[C@@]([H])(C1:C([H]):C([H]):C(O[H]):C([H]):C:1[H])N([H])[C:2]([N:1])=[O:3]>>O=[C:2]=[O:3].[H][N:1],EVODEX-P27715
EVODEX-N11045,[H]OC(=O)[C@@]([H])(C1:C([H]):C([H]):C(O[H]):C([H]):C:1[H])N([H])[C:2](N([H])[H])=[O:3].[H][O:16][H]>>[C:2](=[O:3])=[O:16],EVODEX-P27719
EVODEX-N11046,[H]OC(=O)[C@@]([H])(C1:C([H]):C([H]):C(O[H]):C([H]):C:1[H])N([H])[C:2](N([H])[H])=[O:3]>>O=[C:2]=[O:3],EVODEX-P27721
EVODEX-N11047,[H]OC(=O)[C@]([H])(N([H])C(=O)[N:8]([H:23])[H:24])C([H])([H])C([H])([H])SC([H])([H])[H]>>[H][N:8]([H:23])[H:24],EVODEX-P27723
EVODEX-N11048,[H]OC(=O)[C@]([H])(N([H])[C:7]([N:8])=[O:9])C([H])([H])C([H])([H])SC([H])([H])[H].[H][O:13][H]>>[C:7](=[O:9])=[O:13].[H][N:8],EVODEX-P27725
EVODEX-N11049,[H]OC(=O)[C@]([H])(N([H])[C:7]([N:8])=[O:9])C([H])([H])C([H])([H])SC([H])([H])[H]>>O=[C:7]=[O:9].[H][N:8],EVODEX-P27726
EVODEX-N11050,[H]OC(=O)[C@]([H])(N([H])[C:7](N([H])[H])=[O:9])C([H])([H])C([H])([H])SC([H])([H])[H].[H][O:13][H]>>[C:7](=[O:9])=[O:13],EVODEX-P27730
EVODEX-N11051,[H]OC(=O)[C@]([H])(N([H])[C:7](N([H])[H])=[O:9])C([H])([H])C([H])([H])SC([H])([H])[H]>>O=[C:7]=[O:9],EVODEX-P27732
EVODEX-N11052,[H]OC(=O)[C@@]([H])(N([H])[H])C([H])([H])C([H])([H])C(=O)N([H])[C@]([H])(C(=O)N([H])C([H])([H])C(=O)[N:10]([C:9])[H:48])C([H])([H])S[H]>>[H][N:10]([C:9])[H:48],EVODEX-P27735
EVODEX-N11053,[H][O:30][H:65]>>[H]OC(=O)[C@@]([H])(N([H])[H])C([H])([H])C([H])([H])C(=O)N([H])[C@]([H])(C(=O)N([H])C([H])([H])C(=O)[O:30][H:65])C([H])([H])S[H],EVODEX-P27737
EVODEX-N11054,[H]OC(=O)[C@@]([H])(N([H])[H])C([H])([H])C([H])([H])C(=O)N([H])[C@]([H])(C(=O)N([H])C([H])([H])C(=O)[O:27][H:46])C([H])([H])S[H]>>[H][O:27][H:46],EVODEX-P27741
EVODEX-N11055,[H][N:10]([C:9])[H:65]>>[H]OC(=O)[C@@]([H])(N([H])[H])C([H])([H])C([H])([H])C(=O)N([H])[C@]([H])(C(=O)N([H])C([H])([H])C(=O)[N:10]([C:9])[H:65])C([H])([H])S[H],"EVODEX-P27743,EVODEX-P33345"
EVODEX-N11056,[H]O[C:25]([C:24])=[O:26]>>[H]N([H])C([H])([H])C([H])([H])C([H])([H])C([H])([H])N([H])C([H])([H])C([H])([H])C([H])([H])N([H])[C:25]([C:24])=[O:26],"EVODEX-P27744,EVODEX-P33328"
EVODEX-N11057,[H]O[C:2]([C:1])=[O:3]>>[H]OC(=O)[C@]([H])(N([H])[C:2]([C:1])=[O:3])C([H])([H])C1:C([H]):C([H]):C([H]):C([H]):C:1[H],"EVODEX-P27748,EVODEX-P34508"
EVODEX-N11058,[H]N([H])C(=O)N([H])C(=O)[N:1]([H:9])[H:10]>>[H][N:1]([H:9])[H:10],EVODEX-P27750
EVODEX-N11059,[H]N([H])C(=O)N([H])[C:2]([N:1])=[O:3].[H][O:8][H]>>[C:2](=[O:3])=[O:8].[H][N:1],EVODEX-P27752
EVODEX-N11060,[H]N([H])C(=O)N([H])[C:2]([N:1])=[O:3]>>O=[C:2]=[O:3].[H][N:1],EVODEX-P27753
EVODEX-N11061,[H]N([H])C(=O)N([H])[C:2](N([H])[H])=[O:3].[H][O:8][H]>>[C:2](=[O:3])=[O:8],EVODEX-P27757
EVODEX-N11062,[H]N([H])C(=O)N([H])[C:2](N([H])[H])=[O:3]>>O=[C:2]=[O:3],EVODEX-P27759
EVODEX-N11063,[N:1][C:2](=[O:3])[N:4].[H][O:8][H:14]>>[C:2](=[O:3])([N:4])[O:8][H:14].[H][N:1],"EVODEX-P27761,EVODEX-P28078"
EVODEX-N11064,[H]N([H])[C:2](=[O:3])[N:4].[H][O:8][H:14]>>[C:2](=[O:3])([N:4])[O:8][H:14],"EVODEX-P27762,EVODEX-P28080"
EVODEX-N11065,[H][O:8][H:14]>>[H]N([H])C(=O)N([H])C(=O)[O:8][H:14],EVODEX-P27763
EVODEX-N11066,[H]N([H])[C:2](=[O:3])[N:4]>>[H]O[C:2](=[O:3])[N:4],"EVODEX-P27764,EVODEX-P28082"
EVODEX-N11067,[H]C1:C([H]):C([H]):C([C@@]([H])(N([H])[C:2]([C:1])=[O:3])C([H])([H])[H]):C([H]):C:1[H].[H][O:13][H:27]>>[C:1][C:2](=[O:3])[O:13][H:27],EVODEX-P27768
EVODEX-N11068,[H]C1:C([H]):C([H]):C([C@@]([H])(N([H])[C:2]([C:1])=[O:3])C([H])([H])[H]):C([H]):C:1[H]>>[H]O[C:2]([C:1])=[O:3],EVODEX-P27769
EVODEX-N11069,[H]O[C@@]([H])(C(=O)[N:1]([H:13])[H:14])C1:C([H]):C([H]):C([H]):C([H]):C:1[H]>>[H][N:1]([H:13])[H:14],EVODEX-P27772
EVODEX-N11070,[H][O:12][H:22]>>[H]O[C@@]([H])(C(=O)[O:12][H:22])C1:C([H]):C([H]):C([H]):C([H]):C:1[H],EVODEX-P27774
EVODEX-N11071,[H]OC(=O)[C@@]([H])(N([H])C(=O)[C@@]([H])(N([H])C(=O)[C@@]([H])(N([H])[C:7](=[O:8])[H:35])C([H])([H])C([H])([H])SC([H])([H])[H])C([H])(C([H])([H])[H])C([H])([H])[H])C([H])([H])O[H].[H][O:25][H:51]>>[C:7](=[O:8])([O:25][H:51])[H:35],EVODEX-P27778
EVODEX-N11072,[H]OC(=O)[C@@]([H])(N([H])C(=O)[C@@]([H])(N([H])C(=O)[C@@]([H])(N([H])[C:7](=[O:8])[H:35])C([H])([H])C([H])([H])SC([H])([H])[H])C([H])(C([H])([H])[H])C([H])([H])[H])C([H])([H])O[H]>>[H]O[C:7](=[O:8])[H:35],EVODEX-P27779
EVODEX-N11073,[H]OC(=O)[C@@]([H])(N([H])C(=O)[C@@]([H])(N([H])C(=O)[C@@]([H])(N([H])[C:7](=[O:8])[H:33])C([H])([H])C([H])([H])SC([H])([H])[H])C([H])([H])[H])C([H])([H])O[H].[H][O:23][H:45]>>[C:7](=[O:8])([O:23][H:45])[H:33],EVODEX-P27783
EVODEX-N11074,[H]OC(=O)[C@@]([H])(N([H])C(=O)[C@@]([H])(N([H])C(=O)[C@@]([H])(N([H])[C:7](=[O:8])[H:33])C([H])([H])C([H])([H])SC([H])([H])[H])C([H])([H])[H])C([H])([H])O[H]>>[H]O[C:7](=[O:8])[H:33],EVODEX-P27784
EVODEX-N11075,[H]OC([H])([H])[C@@]([H])(O[H])C([H])([H])OP(=O)(O[H])O[C@]1([H])[C@@]([H])(O[H])[C@]([H])(O[H])[C@@]([H])(O[H])[C@]([H])(O[H])[C@]1([H])O[C@@]1([H])O[C@]([H])(C([H])([H])O[H])[C@@]([H])(O[H])[C@]([H])(O[H])[C@@]1([H])N([H])[C:2]([C:1])=[O:3].[H][O:36][H:69]>>[C:1][C:2](=[O:3])[O:36][H:69],EVODEX-P27789
EVODEX-N11076,[H]OC([H])([H])[C@@]([H])(O[H])C([H])([H])OP(=O)(O[H])O[C@]1([H])[C@@]([H])(O[H])[C@]([H])(O[H])[C@@]([H])(O[H])[C@]([H])(O[H])[C@]1([H])O[C@@]1([H])O[C@]([H])(C([H])([H])O[H])[C@@]([H])(O[H])[C@]([H])(O[H])[C@@]1([H])N([H])[C:2]([C:1])=[O:3]>>[H]O[C:2]([C:1])=[O:3],EVODEX-P27790
EVODEX-N11077,[H]OC([H])([H])[C@@]1([H])O[C@]([H])(O[C@]2([H])[C@@]([H])(O[H])[C@]([H])(O[H])[C@@]([H])(O[H])[C@@]([H])(O[H])[C@@]2([H])OP(=O)(O[H])OC([H])([H])C([H])(OC(=O)C([H])([H])[H])C([H])([H])OC(=O)C([H])([H])[H])[C@]([H])(N([H])[C:2]([C:1])=[O:3])[C@@]([H])(O[H])[C@]1([H])O[H].[H][O:42][H:79]>>[C:1][C:2](=[O:3])[O:42][H:79],EVODEX-P27794
EVODEX-N11078,[H]OC([H])([H])[C@@]1([H])O[C@]([H])(O[C@]2([H])[C@@]([H])(O[H])[C@]([H])(O[H])[C@@]([H])(O[H])[C@@]([H])(O[H])[C@@]2([H])OP(=O)(O[H])OC([H])([H])C([H])(OC(=O)C([H])([H])[H])C([H])([H])OC(=O)C([H])([H])[H])[C@]([H])(N([H])[C:2]([C:1])=[O:3])[C@@]([H])(O[H])[C@]1([H])O[H]>>[H]O[C:2]([C:1])=[O:3],EVODEX-P27795
EVODEX-N11079,[H]C1=C2N=C(C(C([H])([H])[H])=C3N([H])[C@@](C([H])([H])[H])([C@]4([H])N=C(C(C([H])([H])[H])=C5N=C1C(C([H])([H])[H])(C([H])([H])[H])[C@]5([H])C([H])([H])C([H])([H])C(=O)N([H])[H])[C@](C([H])([H])[H])(C([H])([H])C([H])([H])C(=O)[N:25]([C:26])[H:88])[C@@]4([H])C([H])([H])C(=O)N([H])[H])[C@@](C([H])([H])[H])(C([H])([H])C(=O)N([H])[H])[C@]3([H])C([H])([H])C([H])([H])C(=O)N([H])[H])[C@@](C([H])([H])[H])(C([H])([H])C(=O)N([H])[H])[C@]2([H])C([H])([H])C([H])([H])C(=O)N([H])[H]>>[H][N:25]([C:26])[H:88],"EVODEX-P27798,EVODEX-P27804"
EVODEX-N11080,[H]OC([H])(C([H])([H])[H])C([H])([H])N([H])[C:23]([C:22])=[O:24].[H][O:68][H:142]>>[C:22][C:23](=[O:24])[O:68][H:142],EVODEX-P27799
EVODEX-N11081,[H][O:68][H:142]>>[H]C1=C2N=C(C(C([H])([H])[H])=C3N([H])[C@@](C([H])([H])[H])([C@]4([H])N=C(C(C([H])([H])[H])=C5N=C1C(C([H])([H])[H])(C([H])([H])[H])[C@]5([H])C([H])([H])C([H])([H])C(=O)N([H])[H])[C@](C([H])([H])[H])(C([H])([H])C([H])([H])C(=O)[O:68][H:142])[C@@]4([H])C([H])([H])C(=O)N([H])[H])[C@@](C([H])([H])[H])(C([H])([H])C(=O)N([H])[H])[C@]3([H])C([H])([H])C([H])([H])C(=O)N([H])[H])[C@@](C([H])([H])[H])(C([H])([H])C(=O)N([H])[H])[C@]2([H])C([H])([H])C([H])([H])C(=O)N([H])[H],EVODEX-P27800
EVODEX-N11082,[H]OC([H])(C([H])([H])[H])C([H])([H])N([H])[C:23]([C:22])=[O:24]>>[H]O[C:23]([C:22])=[O:24],EVODEX-P27801
EVODEX-N11083,[H]C1:C([H]):C([H]):C(C([H])([H])N([H])[C:3](=[O:2])[H:12]):C([H]):C:1[H].[H][O:1][H:21]>>[O:1]([C:3](=[O:2])[H:12])[H:21],EVODEX-P27809
EVODEX-N11084,[H]C1:C([H]):C([H]):C(C([H])([H])N([H])[C:3](=[O:2])[H:12]):C([H]):C:1[H]>>[H]O[C:3](=[O:2])[H:12],EVODEX-P27810
EVODEX-N11085,[H][N:1]([C:2])[H:12].[O:9]=[C:10]([O:11])[H:21]>>[N:1]([C:2])([C:10](=[O:9])[H:21])[H:12].[H][O:11],EVODEX-P27813
EVODEX-N11086,[H][N:1]([C:2])[H:12].[H]O[C:10](=[O:9])[H:21]>>[N:1]([C:2])([C:10](=[O:9])[H:21])[H:12],"EVODEX-P27814,EVODEX-P33569,EVODEX-P34885"
EVODEX-N11087,[H]O[C:10](=[O:9])[H:21]>>[H]C1:C([H]):C([H]):C(C([H])([H])N([H])[C:10](=[O:9])[H:21]):C([H]):C:1[H],EVODEX-P27815
EVODEX-N11088,>>[H]NC([H])([H])C1:C([H]):C([H]):C([H]):C([H]):C:1[H].[H],EVODEX-P27817
EVODEX-N11089,[H]OC([H])([H])C(C([H])([H])[H])(C([H])([H])[H])[C@@]([H])(O[H])C(=O)N([H])C([H])([H])C([H])([H])C(=O)[N:15]([C:16])[H:36]>>[H][N:15]([C:16])[H:36],EVODEX-P27819
EVODEX-N11090,[H]SC([H])([H])C([H])([H])N([H])[C:13]([C:12])=[O:14].[H][O:19][H:42]>>[C:12][C:13](=[O:14])[O:19][H:42],EVODEX-P27820
EVODEX-N11091,[H][O:19][H:42]>>[H]OC([H])([H])C(C([H])([H])[H])(C([H])([H])[H])[C@@]([H])(O[H])C(=O)N([H])C([H])([H])C([H])([H])C(=O)[O:19][H:42],EVODEX-P27821
EVODEX-N11092,[H]SC([H])([H])C([H])([H])N([H])[C:13]([C:12])=[O:14]>>[H]O[C:13]([C:12])=[O:14],EVODEX-P27822
EVODEX-N11093,[H]OC([H])([H])[C@@]1([H])O[C@]([H])(O[C@]2([H])[C@@]([H])(O[H])[C@]([H])(O[H])[C@@]([H])(O[H])[C@@]([H])(O[H])[C@@]2([H])OP(=O)(O[H])OC([H])([H])C([H])([H])C([H])([H])C([H])([H])C([H])([H])C([H])([H])C([H])([H])C([H])([H])C([H])([H])C([H])([H])C([H])([H])C([H])([H])C([H])([H])C([H])([H])C([H])([H])C([H])([H])C([H])([H])C([H])([H])[H])[C@]([H])(N([H])[C:46]([C:47])=[O:48])[C@@]([H])(O[H])[C@]1([H])O[H].[H][O:49][H:112]>>[C:46]([C:47])(=[O:48])[O:49][H:112],EVODEX-P27826
EVODEX-N11094,[H]OC([H])([H])[C@@]1([H])O[C@]([H])(O[C@]2([H])[C@@]([H])(O[H])[C@]([H])(O[H])[C@@]([H])(O[H])[C@@]([H])(O[H])[C@@]2([H])OP(=O)(O[H])OC([H])([H])C([H])([H])C([H])([H])C([H])([H])C([H])([H])C([H])([H])C([H])([H])C([H])([H])C([H])([H])C([H])([H])C([H])([H])C([H])([H])C([H])([H])C([H])([H])C([H])([H])C([H])([H])C([H])([H])C([H])([H])[H])[C@]([H])(N([H])[C:46]([C:47])=[O:48])[C@@]([H])(O[H])[C@]1([H])O[H]>>[H]O[C:46]([C:47])=[O:48],EVODEX-P27827
EVODEX-N11095,[H]OC(=O)[C@]([H])(N([H])[H])C([H])([H])C([H])([H])C([H])([H])C(=O)[N:15]([C:14])[H:37]>>[H][N:15]([C:14])[H:37],EVODEX-P27830
EVODEX-N11096,[H]OC(=O)C1=C(C([H])([H])OC(=O)C([H])([H])[H])C([H])([H])S[C@@]2([H])N1C(=O)[C@@]2([H])N([H])[C:16](=[O:17])[C:18].[H][O:29][H:51]>>[C:16](=[O:17])([C:18])[O:29][H:51],"EVODEX-P27831,EVODEX-P27836"
EVODEX-N11097,[H]OC(=O)C1=C(C([H])([H])OC(=O)C([H])([H])[H])C([H])([H])S[C@@]2([H])N1C(=O)[C@@]2([H])N([H])[C:16](=[O:17])[C:18]>>[H]O[C:16](=[O:17])[C:18],"EVODEX-P27832,EVODEX-P27837"
EVODEX-N11098,[H]OC(=O)C([H])([H])C([H])([H])C([H])([H])C(=O)[N:15]([C:14])[H:35]>>[H][N:15]([C:14])[H:35],EVODEX-P27835
EVODEX-N11099,[H]OC(=O)C([H])([H])C([H])([H])C([H])([H])N([H])[C:5]([C:4])=[O:6].[H][O:17][H:34]>>[C:4][C:5](=[O:6])[O:17][H:34],"EVODEX-P27841,EVODEX-P27845"
EVODEX-N11100,[H]OC(=O)C([H])([H])C([H])([H])C([H])([H])N([H])[C:5]([C:4])=[O:6]>>[H]O[C:5]([C:4])=[O:6],"EVODEX-P27842,EVODEX-P27846"
EVODEX-N11101,[H]C([H])(C(=O)C([H])([H])C([H])([H])C([H])([H])C([H])([H])C([H])([H])C([H])([H])C([H])([H])C([H])([H])C([H])([H])[H])C(=O)[N:15]([C:16])[H:44]>>[H][N:15]([C:16])[H:44],EVODEX-P27855
EVODEX-N11102,[H]N([C@]1([H])C(=O)OC([H])([H])C1([H])[H])[C:13]([C:12])=[O:14].[H][O:22][H:50]>>[C:12][C:13](=[O:14])[O:22][H:50],"EVODEX-P27856,EVODEX-P27862"
EVODEX-N11103,[H][O:22][H:50]>>[H]C([H])(C(=O)C([H])([H])C([H])([H])C([H])([H])C([H])([H])C([H])([H])C([H])([H])C([H])([H])C([H])([H])C([H])([H])[H])C(=O)[O:22][H:50],EVODEX-P27857
EVODEX-N11104,[H]N([C@]1([H])C(=O)OC([H])([H])C1([H])[H])[C:13]([C:12])=[O:14]>>[H]O[C:13]([C:12])=[O:14],"EVODEX-P27858,EVODEX-P27864"
EVODEX-N11105,[H]C([H])([H])C([H])([H])C([H])([H])C([H])([H])C([H])([H])C([H])([H])C([H])([H])C([H])([H])C([H])([H])C([H])([H])C(=O)[N:13]([C:14])[H:42]>>[H][N:13]([C:14])[H:42],EVODEX-P27861
EVODEX-N11106,[H][O:20][H:48]>>[H]C([H])([H])C([H])([H])C([H])([H])C([H])([H])C([H])([H])C([H])([H])C([H])([H])C([H])([H])C([H])([H])C([H])([H])C(=O)[O:20][H:48],EVODEX-P27863
EVODEX-N11107,[H]N(C(=O)C([H])([H])[H])C([H])([H])C([H])([H])C([H])([H])C([H])([H])[C@@]([H])(C(=O)[N:20]([C:21])[H:57])N([H])C(=O)OC(C([H])([H])[H])(C([H])([H])[H])C([H])([H])[H]>>[H][N:20]([C:21])[H:57],EVODEX-P27867
EVODEX-N11108,[H][O:33][H:65]>>[H]N(C(=O)C([H])([H])[H])C([H])([H])C([H])([H])C([H])([H])C([H])([H])[C@@]([H])(C(=O)[O:33][H:65])N([H])C(=O)OC(C([H])([H])[H])(C([H])([H])[H])C([H])([H])[H],EVODEX-P27869
EVODEX-N11109,[H]C1:C(N([H])C(=O)[C@@]([H])(N([H])C(=O)[C@@]([H])(N([H])C(=O)C([H])([H])N([H])C(=O)C([H])([H])[H])C([H])([H])[H])C([H])([H])C([H])([H])C([H])([H])C([H])([H])N([H])[C:2]([C:1])=[O:3]):C([H]):C2:O:C(=O):C([H]):C(C([H])([H])[H]):C:2:C:1[H].[H][O:38][H:72]>>[C:1][C:2](=[O:3])[O:38][H:72],EVODEX-P27874
EVODEX-N11110,[H]C1:C(N([H])C(=O)[C@@]([H])(N([H])C(=O)[C@@]([H])(N([H])C(=O)C([H])([H])N([H])C(=O)C([H])([H])[H])C([H])([H])[H])C([H])([H])C([H])([H])C([H])([H])C([H])([H])N([H])[C:2]([C:1])=[O:3]):C([H]):C2:O:C(=O):C([H]):C(C([H])([H])[H]):C:2:C:1[H]>>[H]O[C:2]([C:1])=[O:3],EVODEX-P27875
EVODEX-N11111,[H]/C(=C(\[H])C([H])([H])/C([H])=C(/[H])C([H])([H])C([H])([H])C([H])([H])C(=O)[N:22]([C:23])[H:58])C([H])([H])/C([H])=C(/[H])C([H])([H])/C([H])=C(/[H])C([H])([H])C([H])([H])C([H])([H])C([H])([H])C([H])([H])[H]>>[H][N:22]([C:23])[H:58],EVODEX-P27878
EVODEX-N11112,[H]/C(=C(\[H])C([H])([H])C([H])([H])C([H])([H])C([H])([H])C([H])([H])C([H])([H])C([H])([H])C([H])([H])[H])C([H])([H])C([H])([H])C([H])([H])C([H])([H])C([H])([H])C([H])([H])C([H])([H])C(=O)[N:19]([H:55])[H:56]>>[H][N:19]([H:55])[H:56],EVODEX-P27883
EVODEX-N11113,[H]N1C([H])([H])C([H])([H])N([H])[C@@]([H])(C(=O)[N:1]([H:11])[H:12])C1([H])[H]>>[H][N:1]([H:11])[H:12],EVODEX-P27888
EVODEX-N11114,[H][O:10][H:22]>>[H]N1C([H])([H])C([H])([H])N([H])[C@@]([H])(C(=O)[O:10][H:22])C1([H])[H],EVODEX-P27890
EVODEX-N11115,[H]N1C([H])([H])C([H])([H])C([H])([H])[C@@]([H])(C(=O)[N:1]([H:11])[H:12])C1([H])[H]>>[H][N:1]([H:11])[H:12],EVODEX-P27894
EVODEX-N11116,[H][O:10][H:23]>>[H]N1C([H])([H])C([H])([H])C([H])([H])[C@@]([H])(C(=O)[O:10][H:23])C1([H])[H],EVODEX-P27896
EVODEX-N11117,[H]N([H])[C@]([H])(C(=O)[N:8]([H:23])[H:24])C([H])([H])C([H])(C([H])([H])[H])C([H])([H])[H]>>[H][N:8]([H:23])[H:24],EVODEX-P27900
EVODEX-N11118,[H]C1:C([H]):C([H]):C(C([H])([H])[C@@]([H])(C(=O)[N:1]([H:14])[H:15])N([H])[H]):C([H]):C:1[H]>>[H][N:1]([H:14])[H:15],EVODEX-P27905
EVODEX-N11119,[H]N=C1:N([H]):C(N([H])[C@]2([H])O[C@]([H])(C([H])([H])OP(=O)(O[H])O[H])[C@@]([H])(O[H])[C@@]2([H])O[H]):C(N([H])[C:21](=[O:22])[H:41]):C(=O):N:1[H].[H][O:26][H:43]>>[C:21](=[O:22])([O:26][H:43])[H:41],EVODEX-P27911
EVODEX-N11120,[H]N=C1:N([H]):C(N([H])[C@]2([H])O[C@]([H])(C([H])([H])OP(=O)(O[H])O[H])[C@@]([H])(O[H])[C@@]2([H])O[H]):C(N([H])[C:21](=[O:22])[H:41]):C(=O):N:1[H]>>[H]O[C:21](=[O:22])[H:41],EVODEX-P27912
EVODEX-N11121,[H]OC([H])([H])[C@@]1([H])O[C@]([H])(O[C@@]2([H])[C@]([H])(O[H])[C@@]([H])(O[H])[C@]([H])(O[H])[C@@]([H])(O[H])[C@@]2([H])O[H])[C@]([H])(N([H])[C:2]([C:1])=[O:3])[C@@]([H])(O[H])[C@]1([H])O[H].[H][O:27][H:53]>>[C:1][C:2](=[O:3])[O:27][H:53],"EVODEX-P27916,EVODEX-P27997,EVODEX-P28003"
EVODEX-N11122,[H]OC([H])([H])[C@@]1([H])O[C@]([H])(O[C@@]2([H])[C@]([H])(O[H])[C@@]([H])(O[H])[C@]([H])(O[H])[C@@]([H])(O[H])[C@@]2([H])O[H])[C@]([H])(N([H])[C:2]([C:1])=[O:3])[C@@]([H])(O[H])[C@]1([H])O[H]>>[H]O[C:2]([C:1])=[O:3],"EVODEX-P27917,EVODEX-P27999,EVODEX-P28005"
EVODEX-N11123,[H]OC1([H])O[C@]([H])(C([H])([H])O[H])[C@@]([H])(O[C@]2([H])O[C@]([H])(C([H])([H])O[H])[C@@]([H])(O[H])[C@]([H])(O[H])[C@@]2([H])N([H])C(=O)C([H])([H])[H])[C@]([H])(O[H])[C@@]1([H])N([H])[C:13]([C:14])=[O:15].[H][O:30][H:59]>>[C:13]([C:14])(=[O:15])[O:30][H:59],EVODEX-P27924
EVODEX-N11124,[H]OC1([H])O[C@]([H])(C([H])([H])O[H])[C@@]([H])(O[C@]2([H])O[C@]([H])(C([H])([H])O[H])[C@@]([H])(O[H])[C@]([H])(O[H])[C@@]2([H])N([H])C(=O)C([H])([H])[H])[C@]([H])(O[H])[C@@]1([H])N([H])[C:13]([C:14])=[O:15]>>[H]O[C:13]([C:14])=[O:15],EVODEX-P27925
EVODEX-N11125,[H]OC(=O)/C([H])=C(/[H])C(=O)N([H])[C:3](=[O:2])[H:12].[H][O:1][H:17]>>[O:1]([C:3](=[O:2])[H:12])[H:17],EVODEX-P27928
EVODEX-N11126,[H]OC(=O)/C([H])=C(/[H])C(=O)N([H])[C:3](=[O:2])[H:12]>>[H]O[C:3](=[O:2])[H:12],EVODEX-P27929
EVODEX-N11127,[H]OC(=O)/C([H])=C(/[H])C(=O)[N:1]([H:10])[H:11]>>[H][N:1]([H:10])[H:11],EVODEX-P27933
EVODEX-N11128,[H][O:9][H:15]>>[H]OC(=O)/C([H])=C(/[H])C(=O)[O:9][H:15],EVODEX-P27935
EVODEX-N11129,[H]OC([H])([H])[C@@]1([H])O[C@]([H])(OP(=O)(O[H])OP(=O)(O[H])OC([H])([H])[C@@]2([H])O[C@@]([H])(N3:C([H]):C([H]):C(=O):N([H]):C:3=O)[C@]([H])(O[H])[C@]2([H])O[H])[C@]([H])(N([H])[C:53]([C:54])=[O:55])[C@@]([H])(OC(=O)C([H])([H])[C@]([H])(O[H])C([H])([H])C([H])([H])C([H])([H])C([H])([H])C([H])([H])C([H])([H])C([H])([H])C([H])([H])C([H])([H])C([H])([H])C([H])([H])[H])[C@]1([H])O[H].[H][O:56][H:110]>>[C:53]([C:54])(=[O:55])[O:56][H:110],EVODEX-P27940
EVODEX-N11130,[H]OC([H])([H])[C@@]1([H])O[C@]([H])(OP(=O)(O[H])OP(=O)(O[H])OC([H])([H])[C@@]2([H])O[C@@]([H])(N3:C([H]):C([H]):C(=O):N([H]):C:3=O)[C@]([H])(O[H])[C@]2([H])O[H])[C@]([H])(N([H])[C:53]([C:54])=[O:55])[C@@]([H])(OC(=O)C([H])([H])[C@]([H])(O[H])C([H])([H])C([H])([H])C([H])([H])C([H])([H])C([H])([H])C([H])([H])C([H])([H])C([H])([H])C([H])([H])C([H])([H])C([H])([H])[H])[C@]1([H])O[H]>>[H]O[C:53]([C:54])=[O:55],EVODEX-P27941
EVODEX-N11131,[H]O[C:2]([C:1])=[O:3]>>[H]OC([H])([H])[C@@]1([H])O[C@]([H])(OP(=O)(O[H])OP(=O)(O[H])OC([H])([H])[C@@]2([H])O[C@@]([H])(N3:C([H]):C([H]):C(=O):N([H]):C:3=O)[C@]([H])(O[H])[C@]2([H])O[H])[C@]([H])(N([H])[C:2]([C:1])=[O:3])[C@@]([H])(OC(=O)C([H])([H])[C@]([H])(O[H])C([H])([H])C([H])([H])C([H])([H])C([H])([H])C([H])([H])C([H])([H])C([H])([H])C([H])([H])C([H])([H])C([H])([H])C([H])([H])[H])[C@]1([H])O[H],EVODEX-P27946
EVODEX-N11132,>>[H]N[C@@]1([H])[C@@]([H])(OP(=O)(O[H])OP(=O)(O[H])OC([H])([H])[C@@]2([H])O[C@@]([H])(N3:C([H]):C([H]):C(=O):N([H]):C:3=O)[C@]([H])(O[H])[C@]2([H])O[H])O[C@]([H])(C([H])([H])O[H])[C@@]([H])(O[H])[C@]1([H])OC(=O)C([H])([H])[C@]([H])(O[H])C([H])([H])C([H])([H])C([H])([H])C([H])([H])C([H])([H])C([H])([H])C([H])([H])C([H])([H])C([H])([H])C([H])([H])C([H])([H])[H].[H],EVODEX-P27947
EVODEX-N11133,[H]OC([H])([H])[C@@]1([H])O[C@@]([H])(OC([H])([H])[C@]([H])(N([H])[C:33](=[O:34])[C:35])[C@]([H])(O[H])/C([H])=C(\[H])C([H])([H])C([H])([H])C([H])([H])C([H])([H])C([H])([H])C([H])([H])C([H])([H])C([H])([H])C([H])([H])C([H])([H])C([H])([H])C([H])([H])C([H])([H])[H])[C@]([H])(O[H])[C@@]([H])(O[H])[C@]1([H])O[H].[H][O:50][H:128]>>[C:33](=[O:34])([C:35])[O:50][H:128],EVODEX-P27950
EVODEX-N11134,[H]OC([H])([H])[C@@]1([H])O[C@@]([H])(OC([H])([H])[C@]([H])(N([H])[C:33](=[O:34])[C:35])[C@]([H])(O[H])/C([H])=C(\[H])C([H])([H])C([H])([H])C([H])([H])C([H])([H])C([H])([H])C([H])([H])C([H])([H])C([H])([H])C([H])([H])C([H])([H])C([H])([H])C([H])([H])C([H])([H])[H])[C@]([H])(O[H])[C@@]([H])(O[H])[C@]1([H])O[H]>>[H]O[C:33](=[O:34])[C:35],EVODEX-P27951
EVODEX-N11135,[H]OC(=O)C(=C([H])[H])N([H])C(=O)[N:5]([H:14])[H:15]>>[H][N:5]([H:14])[H:15],EVODEX-P27958
EVODEX-N11136,[H]OC(=O)C(=C([H])[H])N([H])[C:4]([N:5])=[O:6].[H][O:10][H]>>[C:4](=[O:6])=[O:10].[H][N:5],EVODEX-P27960
EVODEX-N11137,[H]OC(=O)C(=C([H])[H])N([H])[C:4]([N:5])=[O:6]>>O=[C:4]=[O:6].[H][N:5],EVODEX-P27961
EVODEX-N11138,[H]OC(=O)C(=C([H])[H])N([H])[C:4](N([H])[H])=[O:6].[H][O:10][H]>>[C:4](=[O:6])=[O:10],EVODEX-P27965
EVODEX-N11139,[H]OC(=O)C(=C([H])[H])N([H])[C:4](N([H])[H])=[O:6]>>O=[C:4]=[O:6],EVODEX-P27967
EVODEX-N11140,[H]OC(=O)/C([H])=C(/[H])N([H])C(=O)[N:1]([H:11])[H:12]>>[H][N:1]([H:11])[H:12],EVODEX-P27969
EVODEX-N11141,[H]OC(=O)/C([H])=C(/[H])N([H])[C:2]([N:1])=[O:3].[H][O:10][H]>>[C:2](=[O:3])=[O:10].[H][N:1],EVODEX-P27971
EVODEX-N11142,[H]OC(=O)/C([H])=C(/[H])N([H])[C:2]([N:1])=[O:3]>>O=[C:2]=[O:3].[H][N:1],EVODEX-P27972
EVODEX-N11143,[H]OC(=O)/C([H])=C(/[H])N([H])[C:2](N([H])[H])=[O:3].[H][O:10][H]>>[C:2](=[O:3])=[O:10],EVODEX-P27976
EVODEX-N11144,[H]OC(=O)/C([H])=C(/[H])N([H])[C:2](N([H])[H])=[O:3]>>O=[C:2]=[O:3],EVODEX-P27978
EVODEX-N11145,[H]OC([H])([H])[C@@]1([H])O[C@]([H])(O[C@@]2([H])[C@]([H])(O[H])[C@@]([H])(O[H])[C@]([H])(N([H])[H])C([H])([H])[C@]2([H])N([H])[H])[C@]([H])(N([H])[C:2]([C:1])=[O:3])[C@@]([H])(O[H])[C@]1([H])O[H].[H][O:26][H:54]>>[C:1][C:2](=[O:3])[O:26][H:54],EVODEX-P27982
EVODEX-N11146,[H]OC([H])([H])[C@@]1([H])O[C@]([H])(O[C@@]2([H])[C@]([H])(O[H])[C@@]([H])(O[H])[C@]([H])(N([H])[H])C([H])([H])[C@]2([H])N([H])[H])[C@]([H])(N([H])[C:2]([C:1])=[O:3])[C@@]([H])(O[H])[C@]1([H])O[H]>>[H]O[C:2]([C:1])=[O:3],EVODEX-P27983
EVODEX-N11147,[H]OC(=O)[C@@]([H])(N([H])[C:2]([C:1])=[O:3])C([H])([H])SC([H])([H])/C([H])=C(\C([H])([H])[H])C([H])([H])C([H])([H])/C([H])=C(\C([H])([H])[H])C([H])([H])C([H])([H])/C([H])=C(\C([H])([H])[H])C([H])([H])C([H])([H])C([H])=C(C([H])([H])[H])C([H])([H])[H].[H][O:31][H:73]>>[C:1][C:2](=[O:3])[O:31][H:73],EVODEX-P27987
EVODEX-N11148,[H]OC(=O)[C@@]([H])(N([H])[C:2]([C:1])=[O:3])C([H])([H])SC([H])([H])/C([H])=C(\C([H])([H])[H])C([H])([H])C([H])([H])/C([H])=C(\C([H])([H])[H])C([H])([H])C([H])([H])/C([H])=C(\C([H])([H])[H])C([H])([H])C([H])([H])C([H])=C(C([H])([H])[H])C([H])([H])[H]>>[H]O[C:2]([C:1])=[O:3],EVODEX-P27988
EVODEX-N11149,[H]OC(=O)[C@@]([H])(N([H])[C:2]([C:1])=[O:3])C([H])([H])SC([H])([H])/C([H])=C(\C([H])([H])[H])C([H])([H])C([H])([H])/C([H])=C(\C([H])([H])[H])C([H])([H])C([H])([H])C([H])=C(C([H])([H])[H])C([H])([H])[H].[H][O:26][H:60]>>[C:1][C:2](=[O:3])[O:26][H:60],EVODEX-P27992
EVODEX-N11150,[H]OC(=O)[C@@]([H])(N([H])[C:2]([C:1])=[O:3])C([H])([H])SC([H])([H])/C([H])=C(\C([H])([H])[H])C([H])([H])C([H])([H])/C([H])=C(\C([H])([H])[H])C([H])([H])C([H])([H])C([H])=C(C([H])([H])[H])C([H])([H])[H]>>[H]O[C:2]([C:1])=[O:3],EVODEX-P27993
EVODEX-N11151,[H]N(C(=O)C([H])([H])[H])[C@]([H])(C(=O)[N:24]([C:25])[H:66])C([H])([H])SC([H])([H])C1:C(C([H])([H])[H]):C(=O):N2:C(=O):C(C([H])([H])[H]):C(C([H])([H])[H]):N:1:2>>[H][N:24]([C:25])[H:66],EVODEX-P27996
EVODEX-N11152,[H][O:47][H:88]>>[H]N(C(=O)C([H])([H])[H])[C@]([H])(C(=O)[O:47][H:88])C([H])([H])SC([H])([H])C1:C(C([H])([H])[H]):C(=O):N2:C(=O):C(C([H])([H])[H]):C(C([H])([H])[H]):N:1:2,EVODEX-P27998
EVODEX-N11153,[H]OC1:C2:C(SC([H])([H])[C@@]([H])(C(=O)[N:35]([C:36])[H:118])N([H])C(=O)C([H])([H])[H]):C(O[H]):C3:C4:C(:C(C([H])([H])[H]):C(O[H]):C:1:3)O[C@@](C([H])([H])[H])(O/C([H])=C(\[H])[C@@]([H])(OC([H])([H])[H])[C@@]([H])(C([H])([H])[H])[C@@]([H])(C(=O)OC([H])([H])[H])[C@]([H])(C([H])([H])[H])[C@]([H])(O[H])[C@@]([H])(C([H])([H])[H])C([H])(O[H])[C@@]([H])(C([H])([H])[H])/C([H])=C([H])/C([H])=C(/C([H])([H])[H])C(=O)N2[H])C4=O>>[H][N:35]([C:36])[H:118],EVODEX-P28002
EVODEX-N11154,[H][O:83][H:159]>>[H]OC1:C2:C(SC([H])([H])[C@@]([H])(C(=O)[O:83][H:159])N([H])C(=O)C([H])([H])[H]):C(O[H]):C3:C4:C(:C(C([H])([H])[H]):C(O[H]):C:1:3)O[C@@](C([H])([H])[H])(OC([H])=C([H])[C@@]([H])(OC([H])([H])[H])[C@@]([H])(C([H])([H])[H])[C@@]([H])(C(=O)OC([H])([H])[H])[C@]([H])(C([H])([H])[H])[C@]([H])(O[H])[C@@]([H])(C([H])([H])[H])C([H])(O[H])[C@@]([H])(C([H])([H])[H])C([H])=C([H])C([H])=C(C([H])([H])[H])C(=O)N2[H])C4=O,EVODEX-P28004
EVODEX-N11155,[H]OC(=O)C([H])([H])C([H])([H])C([H])([H])C([H])([H])C([H])([H])N([H])C(=O)C([H])([H])C([H])([H])C([H])([H])C([H])([H])C([H])([H])N([H])C(=O)C([H])([H])C([H])([H])C([H])([H])C([H])([H])C([H])([H])N([H])[C:15]([C:14])=[O:16].[H][O:42][H:100]>>[C:14][C:15](=[O:16])[O:42][H:100],EVODEX-P28008
EVODEX-N11156,[H][O:42][H:100]>>[H]N([H])C([H])([H])C([H])([H])C([H])([H])C([H])([H])C([H])([H])C(=O)N([H])C([H])([H])C([H])([H])C([H])([H])C([H])([H])C([H])([H])C(=O)[O:42][H:100],EVODEX-P28009
EVODEX-N11157,[H]OC(=O)C([H])([H])C([H])([H])C([H])([H])C([H])([H])C([H])([H])N([H])C(=O)C([H])([H])C([H])([H])C([H])([H])C([H])([H])C([H])([H])N([H])C(=O)C([H])([H])C([H])([H])C([H])([H])C([H])([H])C([H])([H])N([H])[C:15]([C:14])=[O:16]>>[H]O[C:15]([C:14])=[O:16],EVODEX-P28010
EVODEX-N11158,[H]N([H])C([H])([H])C([H])([H])C([H])([H])C([H])([H])C([H])([H])C(=O)N([H])C([H])([H])C([H])([H])C([H])([H])C([H])([H])C([H])([H])C(=O)[N:17]([C:18])[H:66]>>[H][N:17]([C:18])[H:66],EVODEX-P28011
EVODEX-N11159,[H]OC(=O)[C@@]([H])(N([H])C(=O)[C@@]([H])(N([H])C(=O)C([H])([H])N([H])C(=O)[C@@]([H])(N([H])C(=O)C([H])([H])N([H])C(=O)[C@@]([H])(N([H])C(=O)[C@@]([H])(N([H])[H])C([H])([H])C([H])([H])C(=O)[N:34]([H:89])[H:90])C([H])([H])C([H])([H])C([H])([H])C([H])([H])N([H])[H])C([H])([H])O[H])C([H])([H])[H])C([H])([H])C1:C([H]):N([H]):C2:C([H]):C([H]):C([H]):C([H]):C:1:2>>[H][N:34]([H:89])[H:90],EVODEX-P28019
EVODEX-N11160,[H][O:53][H:102]>>[H]OC(=O)[C@@]([H])(N([H])C(=O)[C@@]([H])(N([H])C(=O)C([H])([H])N([H])C(=O)[C@@]([H])(N([H])C(=O)C([H])([H])N([H])C(=O)[C@@]([H])(N([H])C(=O)[C@@]([H])(N([H])[H])C([H])([H])C([H])([H])C(=O)[O:53][H:102])C([H])([H])C([H])([H])C([H])([H])C([H])([H])N([H])[H])C([H])([H])O[H])C([H])([H])[H])C([H])([H])C1:C([H]):N([H]):C2:C([H]):C([H]):C([H]):C([H]):C:1:2,EVODEX-P28021
EVODEX-N11161,[H]OC(=O)[C@@]([H])(N([H])C(=O)[C@@]([H])(N([H])C(=O)C([H])([H])N([H])C(=O)[C@@]([H])(N([H])C(=O)C([H])([H])N([H])C(=O)[C@@]([H])(N([H])C(=O)[C@@]([H])(N([H])[H])C([H])([H])C([H])([H])C(=O)[N:14]([H:71])[H:72])C([H])([H])C([H])(C([H])([H])[H])C([H])([H])[H])C([H])([H])O[H])C([H])([H])[H])C([H])([H])C1:C([H]):N([H]):C2:C([H]):C([H]):C([H]):C([H]):C:1:2>>[H][N:14]([H:71])[H:72],EVODEX-P28025
EVODEX-N11162,[H][O:52][H:100]>>[H]OC(=O)[C@@]([H])(N([H])C(=O)[C@@]([H])(N([H])C(=O)C([H])([H])N([H])C(=O)[C@@]([H])(N([H])C(=O)C([H])([H])N([H])C(=O)[C@@]([H])(N([H])C(=O)[C@@]([H])(N([H])[H])C([H])([H])C([H])([H])C(=O)[O:52][H:100])C([H])([H])C([H])(C([H])([H])[H])C([H])([H])[H])C([H])([H])O[H])C([H])([H])[H])C([H])([H])C1:C([H]):N([H]):C2:C([H]):C([H]):C([H]):C([H]):C:1:2,EVODEX-P28027
EVODEX-N11163,[H][C:4]([C:2]([C:1])=[O:3])=[O:5].[H][O:6][H:11]>>[H][C@:2]([C:1])([O:3][H])[C:4](=[O:5])[O:6][H:11],EVODEX-P28035
EVODEX-N11164,[H][C:4]([C:2]([C:1])=[O:3])=[O:5]>>[H]O[C:4]([C@@:2]([H])([C:1])[O:3][H])=[O:5],EVODEX-P28036
EVODEX-N11165,[H][C:13]([N:12])([O:14])[C:15]([C:16])=[O:17].[H][O:21][H]>>[H][C@:15]([C:13]([O:14])=[O:21])([C:16])[O:17][H].[H][N:12],EVODEX-P28037
EVODEX-N11166,[H]OC([H])(C(=O)C([H])([H])[H])[N:12]([C:10])[H:35]>>[H][N:12]([C:10])[H:35],EVODEX-P28038
EVODEX-N11167,[H]N=C(N([H])C([H])([H])C([H])([H])C([H])([H])[C@@]([H])(C(=O)O[H])N([H])C(=O)C([H])([H])[H])N([H])[C:13]([H])([O:14])[C:15]([C:16])=[O:17].[H][O:21][H]>>[H][C@:15]([C:13]([O:14])=[O:21])([C:16])[O:17][H],EVODEX-P28039
EVODEX-N11168,[H]N=C(N([H])C([H])([H])C([H])([H])C([H])([H])[C@@]([H])(C(=O)O[H])N([H])C(=O)C([H])([H])[H])N([H])[C:13]([H])([O:14])[C:15]([C:16])=[O:17]>>[H][C@:15]([C:13](=O)[O:14])([C:16])[O:17][H],EVODEX-P28040
EVODEX-N11169,[H][C:13]([N:12])([O:14])[C:15]([C:16])=[O:17]>>[H][C@:15]([C:13](=O)[O:14])([C:16])[O:17][H].[H][N:12],EVODEX-P28041
EVODEX-N11170,[H]OC(=O)[C@@]([H])(N([H])[C:2]([C:1])=[O:3])C([H])([H])C([H])([H])N([H])[H].[H][O:12][H:25]>>[C:1][C:2](=[O:3])[O:12][H:25],EVODEX-P28044
EVODEX-N11171,[H]OC(=O)[C@@]([H])(N([H])[C:2]([C:1])=[O:3])C([H])([H])C([H])([H])N([H])[H]>>[H]O[C:2]([C:1])=[O:3],EVODEX-P28045
EVODEX-N11172,[H]OC(=O)C(=O)[N:1]([H:8])[H:9]>>[H][N:1]([H:8])[H:9],EVODEX-P28048
EVODEX-N11173,[H]/C(=C(\[H])C([H])([H])[C@@]1([H])C(=O)C([H])([H])C([H])([H])[C@]1([H])C([H])([H])C(=O)[N:15]([C:16])[H:42])C([H])([H])C([H])([H])[H]>>[H][N:15]([C:16])[H:42],"EVODEX-P28053,EVODEX-P28059"
EVODEX-N11174,[H]OC(=O)[C@@]([H])(N([H])[C:13]([C:12])=[O:14])[C@@]([H])(C([H])([H])[H])C([H])([H])C([H])([H])[H].[H][O:24][H:54]>>[C:12][C:13](=[O:14])[O:24][H:54],EVODEX-P28054
EVODEX-N11175,[H][O:24][H:54]>>[H]/C(=C(\[H])C([H])([H])[C@@]1([H])C(=O)C([H])([H])C([H])([H])[C@]1([H])C([H])([H])C(=O)[O:24][H:54])C([H])([H])C([H])([H])[H],EVODEX-P28055
EVODEX-N11176,[H]OC(=O)[C@@]([H])(N([H])[C:13]([C:12])=[O:14])[C@@]([H])(C([H])([H])[H])C([H])([H])C([H])([H])[H]>>[H]O[C:13]([C:12])=[O:14],EVODEX-P28056
EVODEX-N11177,[H]OC(=O)C(=O)C([H])([H])C([H])([H])C(=O)[N:12]([C:9])[H:30]>>[H][N:12]([C:9])[H:30],EVODEX-P28066
EVODEX-N11178,[H]O[C:13](=[O:12])[C:15]>>[H]OC(=O)C([H])([H])N([H])C(=O)[C@@]([H])(N([H])[C:13](=[O:12])[C:15])C([H])([H])S[H],EVODEX-P28070
EVODEX-N11179,[H][N:1]([C:2])[H:22]>>[H]OC(=O)C(=O)C([H])([H])C([H])([H])C(=O)[N:1]([C:2])[H:22],"EVODEX-P28071,EVODEX-P34580"
EVODEX-N11180,>>[H]N[C@]([H])(C(=O)N([H])C([H])([H])C(=O)O[H])C([H])([H])S[H].[H],EVODEX-P28072
EVODEX-N11181,[H]OC(=O)[C@@]([H])(N([H])[H])C([H])([H])C([H])([H])C(=O)[N:18]([P:15])[H:46]>>[H][N:18]([P:15])[H:46],EVODEX-P28074
EVODEX-N11182,[H]O[C@@]1([H])[C@@]([H])(O[H])[C@]([H])(N2:C([H]):C([H]):C(N([H])[H]):N:C:2=O)O[C@]1([H])C([H])([H])OP(=O)(O[H])OP(=O)(O[H])N([H])[C:19](=[O:20])[C:21].[H][O:35][H:59]>>[C:19](=[O:20])([C:21])[O:35][H:59],EVODEX-P28075
EVODEX-N11183,[H]O[C@@]1([H])[C@@]([H])(O[H])[C@]([H])(N2:C([H]):C([H]):C(N([H])[H]):N:C:2=O)O[C@]1([H])C([H])([H])OP(=O)(O[H])OP(=O)(O[H])N([H])[C:19](=[O:20])[C:21]>>[H]O[C:19](=[O:20])[C:21],EVODEX-P28076
EVODEX-N11184,[H]OC(=O)N([H])C(=O)N([H])C(=O)[N:1]([H:12])[H:13]>>[H][N:1]([H:12])[H:13],EVODEX-P28079
EVODEX-N11185,[H][O:11][H:17]>>[H]OC(=O)N([H])C(=O)N([H])C(=O)[O:11][H:17],EVODEX-P28081
EVODEX-N11186,[H]OC(=O)C([H])([H])C([H])([H])C(=O)[N:1]([H:10])[H:11]>>[H][N:1]([H:10])[H:11],EVODEX-P28085
EVODEX-N11187,[H]/C(C(=O)[N:9]([C:10])[H:31])=C(/C([H])([H])[H])C([H])([H])C([H])([H])C([H])([H])[H]>>[H][N:9]([C:10])[H:31],EVODEX-P28090
EVODEX-N11188,[H]OC(=O)[C@@]([H])(N([H])[C:7]([C:6])=[O:8])C([H])([H])C([H])([H])C(=O)N([H])[H].[H][O:19][H:40]>>[C:6][C:7](=[O:8])[O:19][H:40],"EVODEX-P28091,EVODEX-P28097"
EVODEX-N11189,[H][O:19][H:40]>>[H]/C(C(=O)[O:19][H:40])=C(/C([H])([H])[H])C([H])([H])C([H])([H])C([H])([H])[H],EVODEX-P28092
EVODEX-N11190,[H]OC(=O)[C@@]([H])(N([H])[C:7]([C:6])=[O:8])C([H])([H])C([H])([H])C(=O)N([H])[H]>>[H]O[C:7]([C:6])=[O:8],"EVODEX-P28093,EVODEX-P28099"
EVODEX-N11191,[H]OC(C([H])([H])[H])(C([H])([H])C(=O)[N:10]([C:11])[H:34])C([H])([H])C([H])([H])C([H])([H])[H]>>[H][N:10]([C:11])[H:34],EVODEX-P28096
EVODEX-N11192,[H][O:20][H:43]>>[H]OC(C([H])([H])[H])(C([H])([H])C(=O)[O:20][H:43])C([H])([H])C([H])([H])C([H])([H])[H],EVODEX-P28098
EVODEX-N11193,[H]C1:C([H]):C([H]):C2:C(:C:1[H]):C(C([H])([H])C(=O)[N:7]([C:6])[H:27]):C([H]):N:2[H]>>[H][N:7]([C:6])[H:27],EVODEX-P28104
EVODEX-N11194,[H]OC([H])([H])[C@@]1([H])O[C@@]([H])(N2:C([H]):C([H]):C(N([H])[C:2]([C:1])=[O:3]):N:C:2=O)[C@]([H])(O[H])[C@]1([H])O[H].[H][O:21][H:37]>>[C:1][C:2](=[O:3])[O:21][H:37],EVODEX-P28108
EVODEX-N11195,[H]OC([H])([H])[C@@]1([H])O[C@@]([H])(N2:C([H]):C([H]):C(N([H])[C:2]([C:1])=[O:3]):N:C:2=O)[C@]([H])(O[H])[C@]1([H])O[H]>>[H]O[C:2]([C:1])=[O:3],EVODEX-P28109
EVODEX-N11196,[H]N(C(=O)O[C:6](:[C:7]):[C:15])C([H])([H])[H]>>[H]O[C:6](:[C:7]):[C:15],EVODEX-P28114
EVODEX-N11197,[H]N(C([H])([H])[H])[C:3](=[O:4])[O:5][C:6](:[C:7]):[C:15].[H][O:16][H:28]>>[C:3](=[O:4])=[O:5].[C:6](:[C:7])(:[C:15])[O:16][H:28],EVODEX-P28115
EVODEX-N11198,[H]N(C([H])([H])[H])[C:3](=[O:4])[O:5][C:6]>>[C:3](=[O:4])=[O:5].[H]O[C:6],EVODEX-P28116
EVODEX-N11199,O=C(O[C:6](:[C:7]):[C:15])[N:2]([C:1])[H:20]>>[H][N:2]([C:1])[H:20].[H]O[C:6](:[C:7]):[C:15],EVODEX-P28117
EVODEX-N11200,[H]C1:C([H]):C([H]):C2:C(OC(=O)[N:2]([C:1])[H:20]):C([H]):C([H]):C([H]):C:2:C:1[H]>>[H][N:2]([C:1])[H:20],EVODEX-P28118
EVODEX-N11201,O=C(O[C:6](:[C:7]):[C:15])[N:2]([C:1])[H:20].[H][O:16][H:28]>>[H][N:2]([C:1])[H:20].[C:6](:[C:7])(:[C:15])[O:16][H:28],EVODEX-P28119
EVODEX-N11202,[N:2][C:3](=[O:4])[O:5][C:6](:[C:7]):[C:15].[H][O:16][H:28]>>[C:3](=[O:4])=[O:5].[H][N:2].[C:6](:[C:7])(:[C:15])[O:16][H:28],EVODEX-P28121
EVODEX-N11203,[H]C1:C([H]):C([H]):C2:C([O:5][C:3](N([H])C([H])([H])[H])=[O:4]):C([H]):C([H]):C([H]):C:2:C:1[H]>>[C:3](=[O:4])=[O:5],EVODEX-P28122
EVODEX-N11204,[H]C1:C([H]):C([H]):C2:C([O:5][C:3]([N:2])=[O:4]):C([H]):C([H]):C([H]):C:2:C:1[H]>>[C:3](=[O:4])=[O:5].[H][N:2],EVODEX-P28123
EVODEX-N11205,[H]N(C(=O)O[C:6](:[C:7]):[C:15])C([H])([H])[H].[H][O:16][H:28]>>[C:6](:[C:7])(:[C:15])[O:16][H:28],EVODEX-P28124
EVODEX-N11206,[O:2]=[C:3]([C:4])[N:9].[H][O:1][H:16]>>[H][N:9].[O:1]([C:3](=[O:2])[C:4])[H:16],"EVODEX-P28125,EVODEX-P28128,EVODEX-P28134,EVODEX-P28140,EVODEX-P28144,EVODEX-P28150,EVODEX-P28153,EVODEX-P28156,EVODEX-P28159,EVODEX-P28165,EVODEX-P28192,EVODEX-P28198,EVODEX-P28200,EVODEX-P28203,EVODEX-P28205,EVODEX-P28208,EVODEX-P28219,EVODEX-P28240,EVODEX-P28243,EVODEX-P28246,EVODEX-P28249,EVODEX-P28252,EVODEX-P28255"
EVODEX-N11207,[H][O:1][H:15]>>[H]N([H])C(=O)N([H])C(=O)C([H])([H])C(=O)[O:1][H:15],EVODEX-P28126
EVODEX-N11208,[H][O:1][H:13]>>[H]N([H])C(=O)N([H])C([H])([H])C(=O)[O:1][H:13],EVODEX-P28129
EVODEX-N11209,[H]N([H])C(=O)N([H])C([H])([H])C(=O)[O:8][H:14]>>[H][O:8][H:14],EVODEX-P28131
EVODEX-N11210,[C:5][C:6](=[O:7])[O:8].[H][N:1]([C:2])[H:9]>>[N:1]([C:2])([C:6]([C:5])=[O:7])[H:9].[H][O:8],"EVODEX-P28132,EVODEX-P28138,EVODEX-P28142,EVODEX-P28148,EVODEX-P28196,EVODEX-P30448"
EVODEX-N11211,[H]O[C:6]([C:5])=[O:7].[H][N:1]([C:2])[H:9]>>[N:1]([C:2])([C:6]([C:5])=[O:7])[H:9],"EVODEX-P28133,EVODEX-P28139,EVODEX-P28143,EVODEX-P28149,EVODEX-P28197,EVODEX-P30449"
EVODEX-N11212,[H][O:1][H:19]>>[H]OC(=O)[C@@]([H])(N([H])C(=O)N([H])[H])C([H])([H])C(=O)[O:1][H:19],EVODEX-P28135
EVODEX-N11213,[H]OC(=O)[C@@]([H])(N([H])C(=O)N([H])[H])C([H])([H])C(=O)[O:9][H:19]>>[H][O:9][H:19],EVODEX-P28137
EVODEX-N11214,[H][O:12][H:19]>>[H]N([H])C(=O)N([H])C([H])(C(=O)[O:12][H:19])N([H])C(=O)N([H])[H],EVODEX-P28145
EVODEX-N11215,[H]N([H])C(=O)N([H])C([H])(C(=O)[O:12][H:20])N([H])C(=O)N([H])[H]>>[H][O:12][H:20],EVODEX-P28147
EVODEX-N11216,[H][O:27][H:44]>>[H]OC(=O)C1=C(C([H])([H])OC(=O)C([H])([H])[H])C([H])([H])S[C@]([H])([C@@]([H])(C(=O)[O:27][H:44])N([H])C(=O)C([H])([H])C2:S:C([H]):C([H]):C:2[H])N1[H],EVODEX-P28151
EVODEX-N11217,[H][O:29][H:47]>>[H]OC(=O)C1=C(C([H])([H])OC(=O)N([H])[H])C([H])([H])S[C@]([H])([C@@](OC([H])([H])[H])(C(=O)[O:29][H:47])N([H])C(=O)C([H])([H])C2:S:C([H]):C([H]):C:2[H])N1[H],EVODEX-P28154
EVODEX-N11218,[H][O:1][H:21]>>[H]OC(=O)C([H])([H])C([H])([H])[C@]([H])(N=C([H])N([H])[H])C(=O)[O:1][H:21],EVODEX-P28157
EVODEX-N11219,[H][O:1][H:23]>>[H]OC(=O)C([H])([H])C([H])([H])C([H])(C(=O)[O:1][H:23])N([H])C([H])([H])N([H])[H],EVODEX-P28160
EVODEX-N11220,[O:19][P:20](=[O:21])([O:22])[O:23].[H][O:32][H:66].[H][O:33][H:68]>>[O:19][P:20](=[O:21])([O:22])[O:33][H:68].[H][O:23].[H]OC(=O)[C@@]([H])(N([H])[H])C([H])([H])C([H])([H])C(=O)[O:32][H:66],EVODEX-P28162
EVODEX-N11221,[H]O[C@@]1([H])[C@@]([H])(O[H])[C@]([H])(N2:C([H]):N:C3:C(N([H])[H]):N:C([H]):N:C:3:2)O[C@]1([H])C([H])([H])OP(=O)(O[H])OP(=O)(O[H])[O:23][P:24].[O:34]=[C:35]([C:36])[N:42].[H][O:32][H:66]>>[H][O:23][P:24].[H][N:42].[O:32]([C:35](=[O:34])[C:36])[H:66],"EVODEX-P28163,EVODEX-P28221"
EVODEX-N11222,[H]OP(=O)(O[H])O[P:20]([O:19])(=[O:21])[O:22].[H][O:32][H:66].[H][O:33][H:68]>>[O:19][P:20](=[O:21])([O:22])[O:33][H:68].[H]OC(=O)[C@@]([H])(N([H])[H])C([H])([H])C([H])([H])C(=O)[O:32][H:66],EVODEX-P28164
EVODEX-N11223,[H]O[C@@]1([H])[C@@]([H])(O[H])[C@]([H])(N2:C([H]):N:C3:C(N([H])[H]):N:C([H]):N:C:3:2)O[C@]1([H])C([H])([H])OP(=O)(O[H])OP(=O)(O[H])[O:23][P:24]>>[H][O:23][P:24].[H].[H]O,"EVODEX-P28166,EVODEX-P28220"
EVODEX-N11224,[O:34]=[C:35]([C:36])[N:42].[H][O:32][H:66].[H][O:33][H:68]>>[H]O[C@@]1([H])[C@@]([H])(O[H])[C@]([H])(N2:C([H]):N:C3:C(N([H])[H]):N:C([H]):N:C:3:2)O[C@]1([H])C([H])([H])OP(=O)(O[H])OP(=O)(O[H])[O:33][H:68].[H][N:42].[O:32]([C:35](=[O:34])[C:36])[H:66],"EVODEX-P28167,EVODEX-P28215"
EVODEX-N11225,[H]OP(=O)(O[H])O[P:20]([O:19])(=[O:21])[O:22].[O:34]=[C:35]([C:36])[N:42].[H][O:32][H:66].[H][O:33][H:68]>>[O:19][P:20](=[O:21])([O:22])[O:33][H:68].[H][N:42].[O:32]([C:35](=[O:34])[C:36])[H:66],"EVODEX-P28169,EVODEX-P28213,EVODEX-P28226"
EVODEX-N11226,[H]O[C@@]1([H])[C@@]([H])(O[H])[C@]([H])(N2:C([H]):N:C3:C(N([H])[H]):N:C([H]):N:C:3:2)O[C@]1([H])C([H])([H])OP(=O)(O[H])OP(=O)(O[H])[O:23][P:24].[H][O:32][H:66]>>[H][O:23][P:24].[H]OC(=O)[C@@]([H])(N([H])[H])C([H])([H])C([H])([H])C(=O)[O:32][H:66],EVODEX-P28170
EVODEX-N11227,[H][O:32][H:66].[H][O:33][H:68]>>[H]O[C@@]1([H])[C@@]([H])(O[H])[C@]([H])(N2:C([H]):N:C3:C(N([H])[H]):N:C([H]):N:C:3:2)O[C@]1([H])C([H])([H])OP(=O)(O[H])OP(=O)(O[H])[O:33][H:68].[H]OC(=O)[C@@]([H])(N([H])[H])C([H])([H])C([H])([H])C(=O)[O:32][H:66],EVODEX-P28172
EVODEX-N11228,[H]OP(=O)(O[H])O[P:20]([O:19])(=[O:21])[O:22]>>[H]O[P:20]([O:19])(=[O:21])[O:22].[H].[H]O,"EVODEX-P28174,EVODEX-P28222,EVODEX-P28237"
EVODEX-N11229,[H][C:9](:[N:8]):[N:10][C@:11]1([H])[O:12][C@:13]([H])([C:14]([H])([H])[O:15][P:16]([O:18][H])[O:19][P:20](=[O:21])([O:22][H])[O:23][P:24]([O:26][H])[O:27][H])[C@@:28]([H])([O:29][H])[C@@:30]1([H])[O:31][H].[H][N:1]([H])[C:2]:[N:3]:[C:4]([H]):[N:5].[H][N:35]1[C:34][S:41][C:40]([H])([H])[C@@:36]1([H])[C:37](=[O:38])[O:39][H].[H][O:32][H]>>[H][C:9](:[N:8]):[N:10][C@:11]1([H])[O:12][C@:13]([H])([C:14]([H])([H])[O:15][P:16]([O:18][H])[O:19][P:20](=[O:21])([O:22][H])[O:39][H])[C@@:28]([H])([O:29][H])[C@@:30]1([H])[O:31][H].[H][N:1]([H])[C:2]:[N:3]:[C:4]([H]):[N:5].[H][O:23][P:24]([O:26][H])[O:27][H].[H][O:32][C:37]([C@@:36]1([H])[N:35]([H])[C:34][S:41][C:40]1([H])[H])=[O:38],EVODEX-P28175
EVODEX-N11230,[H][C:9](:[N:8]):[N:10][C@:11]1([H])[O:12][C@:13]([H])([C:14]([H])([H])[O:15][P:16][O:18][H])[C@@:28]([H])([O:29][H])[C@@:30]1([H])[O:31][H].[H][N:1]([H])[C:2]:[N:3]:[C:4]([H]):[N:5].[H][O:22][P:20].[H][O:26][P:24][O:27][H].[H][O:32][H]>>[H]O[P:20][O:22][H].[H][C:9](:[N:8]):[N:10][C@:11]1([H])[O:12][C@:13]([H])([C:14]([H])([H])[O:15][P:16][O:18][H])[C@@:28]([H])([O:29][H])[C@@:30]1([H])[O:31][H].[H][N:1]([H])[C:2]:[N:3]:[C:4]([H]):[N:5].[H].[H][O:26][P:24][O:27][H].[H]N1C(=O)SC([H])([H])[C@@]1([H])C(=O)[O:32][H],EVODEX-P28176
EVODEX-N11231,[H]OP(=O)(O[H])O[P:20]([O:19][P:16]([O:15][C:14]([H])([H])[C@@:13]1([H])[O:12][C@@:11]([H])([N:10]:[C:9]([H]):[N:8])[C@:30]([H])([O:31][H])[C@:28]1([H])[O:29][H])[O:18][H])(=[O:21])[O:22][H].[H][N:1]([H])[C:2]:[N:3]:[C:4]([H]):[N:5].[H][N:35]1[C:34][S:41][C:40]([H])([H])[C@@:36]1([H])[C:37](=[O:38])[O:39][H].[H][O:32][H]>>[H][C:9](:[N:8]):[N:10][C@:11]1([H])[O:12][C@:13]([H])([C:14]([H])([H])[O:15][P:16]([O:18][H])[O:19][P:20](=[O:21])([O:22][H])[O:39][H])[C@@:28]([H])([O:29][H])[C@@:30]1([H])[O:31][H].[H][N:1]([H])[C:2]:[N:3]:[C:4]([H]):[N:5].[H][O:32][C:37]([C@@:36]1([H])[N:35]([H])[C:34][S:41][C:40]1([H])[H])=[O:38],EVODEX-P28177
EVODEX-N11232,[H]O[C@@]1([H])[C@@]([H])(O[H])[C@]([H])(N2:C([H]):N:C3:C(N([H])[H]):N:C([H]):N:C:3:2)O[C@]1([H])C([H])([H])OP(=O)(O[H])OP(=O)(O[H])[O:23][P:24]([O:26][H])[O:27][H].[H]O[C:37]([C@@:36]1([H])[N:35]([H])[C:34][S:41][C:40]1([H])[H])=[O:38].[H][O:32][H]>>[H][O:23][P:24]([O:26][H])[O:27][H].[H][O:32][C:37]([C@@:36]1([H])[N:35]([H])[C:34][S:41][C:40]1([H])[H])=[O:38],EVODEX-P28178
EVODEX-N11233,[H]OP(=O)(O[H])O[P:20]([O:19][P:16]([O:15][C:14]([H])([H])[C@@:13]1([H])[O:12][C@@:11]([H])([N:10]:[C:9]([H]):[N:8])[C@:30]([H])([O:31][H])[C@:28]1([H])[O:29][H])[O:18][H])(=[O:21])[O:22][H].[H][N:1]([H])[C:2]:[N:3]:[C:4]([H]):[N:5].[H][O:32][H]>>[H]O[P:20]([O:19][P:16]([O:15][C:14]([H])([H])[C@@:13]1([H])[O:12][C@@:11]([H])([N:10]:[C:9]([H]):[N:8])[C@:30]([H])([O:31][H])[C@:28]1([H])[O:29][H])[O:18][H])(=[O:21])[O:22][H].[H][N:1]([H])[C:2]:[N:3]:[C:4]([H]):[N:5].[H]N1C(=O)SC([H])([H])[C@@]1([H])C(=O)[O:32][H],EVODEX-P28179
EVODEX-N11234,[H]O[C@@]1([H])[C@@]([H])(O[H])[C@]([H])(N2:C([H]):N:C3:C(N([H])[H]):N:C([H]):N:C:3:2)O[C@]1([H])C([H])([H])OP(=O)(O[H])OP(=O)(O[H])[O:23][P:24]([O:26][H])[O:27][H].[H][O:32][H]>>[H][O:23][P:24]([O:26][H])[O:27][H].[H]N1C(=O)SC([H])([H])[C@@]1([H])C(=O)[O:32][H],EVODEX-P28180
EVODEX-N11235,[H]OP(=O)(O[H])O[P:20]([O:19][P:16]([O:15][C:14]([H])([H])[C@@:13]1([H])[O:12][C@@:11]([H])([N:10]:[C:9]([H]):[N:8])[C@:30]([H])([O:31][H])[C@:28]1([H])[O:29][H])[O:18][H])(=[O:21])[O:22][H].[H][N:1]([H])[C:2]:[N:3]:[C:4]([H]):[N:5].[H]N1C(=O)SC([H])([H])[C@@]1([H])C(=O)[O:39][H]>>[H][C:9](:[N:8]):[N:10][C@:11]1([H])[O:12][C@:13]([H])([C:14]([H])([H])[O:15][P:16]([O:18][H])[O:19][P:20](=[O:21])([O:22][H])[O:39][H])[C@@:28]([H])([O:29][H])[C@@:30]1([H])[O:31][H].[H][N:1]([H])[C:2]:[N:3]:[C:4]([H]):[N:5],EVODEX-P28181
EVODEX-N11236,[H][C:9](:[N:8]):[N:10][C@:11]1([H])[O:12][C@:13]([H])([C:14]([H])([H])[O:15][P:16]([O:18][H])[O:19][P:20](=[O:21])([O:22][H])[O:23][P:24]([O:26][H])[O:27][H])[C@@:28]([H])([O:29][H])[C@@:30]1([H])[O:31][H].[H][N:1]([H])[C:2]:[N:3]:[C:4]([H]):[N:5].[H][N:35]1[C:34][S:41][C:40]([H])([H])[C@@:36]1([H])[C:37][O:39][H]>>[H][C:9](:[N:8]):[N:10][C@:11]1([H])[O:12][C@:13]([H])([C:14]([H])([H])[O:15][P:16]([O:18][H])[O:19][P:20](=[O:21])([O:22][H])[O:39][H])[C@@:28]([H])([O:29][H])[C@@:30]1([H])[O:31][H].[H][N:1]([H])[C:2]:[N:3]:[C:4]([H]):[N:5].[H][O:23][P:24]([O:26][H])[O:27][H].[H]O[C:37][C@@:36]1([H])[N:35]([H])[C:34][S:41][C:40]1([H])[H],EVODEX-P28182
EVODEX-N11237,[H][C:9](:[N:8]):[N:10][C@:11]1([H])[O:12][C@:13]([H])([C:14]([H])([H])[O:15][P:16]([O:18][H])[O:19][P:20](=[O:21])([O:22][H])[O:23][P:24]([O:26][H])[O:27][H])[C@@:28]([H])([O:29][H])[C@@:30]1([H])[O:31][H].[H][N:1]([H])[C:2]:[N:3]:[C:4]([H]):[N:5].[H]N1C(=O)SC([H])([H])[C@@]1([H])C(=O)[O:39][H]>>[H][C:9](:[N:8]):[N:10][C@:11]1([H])[O:12][C@:13]([H])([C:14]([H])([H])[O:15][P:16]([O:18][H])[O:19][P:20](=[O:21])([O:22][H])[O:39][H])[C@@:28]([H])([O:29][H])[C@@:30]1([H])[O:31][H].[H][N:1]([H])[C:2]:[N:3]:[C:4]([H]):[N:5].[H][O:23][P:24]([O:26][H])[O:27][H],EVODEX-P28183
EVODEX-N11238,[H]O[C:37]([C@@:36]1([H])[N:35]([H])[C:34][S:41][C:40]1([H])[H])=[O:38].[H][O:32][H]>>[H][O:32][C:37]([C@@:36]1([H])[N:35]([H])[C:34][S:41][C:40]1([H])[H])=[O:38],EVODEX-P28184
EVODEX-N11239,[H]OP(=O)(O[H])O[P:20]([O:19][P:16]([O:15][C:14]([H])([H])[C@@:13]1([H])[O:12][C@@:11]([H])([N:10]:[C:9]([H]):[N:8])[C@:30]([H])([O:31][H])[C@:28]1([H])[O:29][H])[O:18][H])(=[O:21])[O:22][H].[H][N:1]([H])[C:2]:[N:3]:[C:4]([H]):[N:5].[H][N:35]1[C:34][S:41][C:40]([H])([H])[C@@:36]1([H])[C:37][O:39][H]>>[H][C:9](:[N:8]):[N:10][C@:11]1([H])[O:12][C@:13]([H])([C:14]([H])([H])[O:15][P:16]([O:18][H])[O:19][P:20](=[O:21])([O:22][H])[O:39][H])[C@@:28]([H])([O:29][H])[C@@:30]1([H])[O:31][H].[H][N:1]([H])[C:2]:[N:3]:[C:4]([H]):[N:5].[H]O[C:37][C@@:36]1([H])[N:35]([H])[C:34][S:41][C:40]1([H])[H],EVODEX-P28185
EVODEX-N11240,[H]O[C@@]1([H])[C@@]([H])(O[H])[C@]([H])(N2:C([H]):N:C3:C(N([H])[H]):N:C([H]):N:C:3:2)O[C@]1([H])C([H])([H])OP(=O)(O[H])OP(=O)(O[H])[O:23][P:24]([O:26][H])[O:27][H].[H]O[C:37]([C@@:36]1([H])[N:35]([H])[C:34][S:41][C:40]1([H])[H])=[O:38]>>[H][O:23][P:24]([O:26][H])[O:27][H].[H]O[C:37]([C@@:36]1([H])[N:35]([H])[C:34][S:41][C:40]1([H])[H])=[O:38],EVODEX-P28186
EVODEX-N11241,[H]N1C(=O)SC([H])([H])[C@@]1([H])C(=O)[O:39][H]>>[H]O[C@@]1([H])[C@@]([H])(O[H])[C@]([H])(N2:C([H]):N:C3:C(N([H])[H]):N:C([H]):N:C:3:2)O[C@]1([H])C([H])([H])OP(=O)(O[H])OP(=O)(O[H])[O:39][H],EVODEX-P28187
EVODEX-N11242,[H][N:35]1[C:34][S:41][C:40]([H])([H])[C@@:36]1([H])[C:37](=[O:38])[O:39][H].[H][O:32][H]>>[H]O[C@@]1([H])[C@@]([H])(O[H])[C@]([H])(N2:C([H]):N:C3:C(N([H])[H]):N:C([H]):N:C:3:2)O[C@]1([H])C([H])([H])OP(=O)(O[H])OP(=O)(O[H])[O:39][H].[H][O:32][C:37]([C@@:36]1([H])[N:35]([H])[C:34][S:41][C:40]1([H])[H])=[O:38],EVODEX-P28188
EVODEX-N11243,[H]O[C:37]([C@@:36]1([H])[N:35]([H])[C:34][S:41][C:40]1([H])[H])=[O:38]>>[H]O[C:37]([C@@:36]1([H])[N:35]([H])[C:34][S:41][C:40]1([H])[H])=[O:38],EVODEX-P28189
EVODEX-N11244,[H][N:35]1[C:34][S:41][C:40]([H])([H])[C@@:36]1([H])[C:37][O:39][H]>>[H]O[C@@]1([H])[C@@]([H])(O[H])[C@]([H])(N2:C([H]):N:C3:C(N([H])[H]):N:C([H]):N:C:3:2)O[C@]1([H])C([H])([H])OP(=O)(O[H])OP(=O)(O[H])[O:39][H].[H]O[C:37][C@@:36]1([H])[N:35]([H])[C:34][S:41][C:40]1([H])[H],EVODEX-P28190
EVODEX-N11245,[H][O:32][H]>>[H]N1C(=O)SC([H])([H])[C@@]1([H])C(=O)[O:32][H],EVODEX-P28191
EVODEX-N11246,[H][O:9][H:17]>>[H]N=C(N([H])[H])N(C([H])([H])[H])C([H])([H])C(=O)[O:9][H:17],EVODEX-P28193
EVODEX-N11247,[H]N=C(N([H])[H])N(C([H])([H])[H])C([H])([H])C(=O)[O:6][H:15]>>[H][O:6][H:15],EVODEX-P28195
EVODEX-N11248,[H][O:10][H:23]>>[H]N([H])C([H])(C(=O)[O:10][H:23])C([H])(N([H])[H])C([H])([H])C([H])([H])C([H])([H])[H],EVODEX-P28201
EVODEX-N11249,[H][O:1][H:39]>>[H]N([H])C([H])([H])C([H])([H])C([H])([H])C([H])([H])C([H])([H])C([H])([H])C([H])([H])C([H])([H])C([H])([H])C([H])([H])C([H])([H])C(=O)[O:1][H:39],EVODEX-P28206
EVODEX-N11250,[H]OP(=O)(O[H])O[P:28]([O:27])(=[O:29])[O:30].[H][O:40][H:64].[H][O:41][H:66]>>[H]N([H])C(=O)N(C([H])([H])[H])C([H])([H])C(=O)[O:40][H:64].[O:27][P:28](=[O:29])([O:30])[O:41][H:66],"EVODEX-P28211,EVODEX-P28224"
EVODEX-N11251,[H]O[C@@]1([H])[C@@]([H])(O[H])[C@]([H])(N2:C([H]):N:C3:C(N([H])[H]):N:C([H]):N:C:3:2)O[C@]1([H])C([H])([H])OP(=O)(O[H])OP(=O)(O[H])[O:31][P:32].[H][O:40][H:64]>>[H]N([H])C(=O)N(C([H])([H])[H])C([H])([H])C(=O)[O:40][H:64].[H][O:31][P:32],EVODEX-P28212
EVODEX-N11252,[H][O:40][H:64]>>[H]N([H])C(=O)N(C([H])([H])[H])C([H])([H])C(=O)[O:40][H:64],EVODEX-P28214
EVODEX-N11253,[H][O:40][H:64].[H][O:41][H:66]>>[H]N([H])C(=O)N(C([H])([H])[H])C([H])([H])C(=O)[O:40][H:64].[H]O[C@@]1([H])[C@@]([H])(O[H])[C@]([H])(N2:C([H]):N:C3:C(N([H])[H]):N:C([H]):N:C:3:2)O[C@]1([H])C([H])([H])OP(=O)(O[H])OP(=O)(O[H])[O:41][H:66],EVODEX-P28216
EVODEX-N11254,[O:27][P:28](=[O:29])([O:30])[O:31].[H][O:40][H:64].[H][O:41][H:66]>>[H]N([H])C(=O)N(C([H])([H])[H])C([H])([H])C(=O)[O:40][H:64].[O:27][P:28](=[O:29])([O:30])[O:41][H:66].[H][O:31],"EVODEX-P28223,EVODEX-P28238"
EVODEX-N11255,[H]O[C@@]1([H])C([H])([H])[C@]([H])(N2:C([H]):N:C3:C(N([H])[H]):N:C([H]):N:C:3:2)O[C@]1([H])C([H])([H])OP(=O)(O[H])OP(=O)(O[H])[O:33][P:34].[H][O:39][H:63]>>[H]N([H])C(=O)N(C([H])([H])[H])C([H])([H])C(=O)[O:39][H:63].[H][O:33][P:34],EVODEX-P28225
EVODEX-N11256,[H]O[C@@]1([H])C([H])([H])[C@]([H])(N2:C([H]):N:C3:C(N([H])[H]):N:C([H]):N:C:3:2)O[C@]1([H])C([H])([H])OP(=O)(O[H])OP(=O)(O[H])[O:33][P:34]>>[H][O:33][P:34],EVODEX-P28227
EVODEX-N11257,[C:3][C:4](=[O:5])[N:6].[H][O:39][H:63].[H][O:40][H:65]>>[C:3][C:4](=[O:5])[O:39][H:63].[H][N:6].[H]O[C@@]1([H])C([H])([H])[C@]([H])(N2:C([H]):N:C3:C(N([H])[H]):N:C([H]):N:C:3:2)O[C@]1([H])C([H])([H])OP(=O)(O[H])OP(=O)(O[H])[O:40][H:65],EVODEX-P28229
EVODEX-N11258,[H][O:39][H:63].[H][O:40][H:65]>>[H]N([H])C(=O)N(C([H])([H])[H])C([H])([H])C(=O)[O:39][H:63].[H]O[C@@]1([H])C([H])([H])[C@]([H])(N2:C([H]):N:C3:C(N([H])[H]):N:C([H]):N:C:3:2)O[C@]1([H])C([H])([H])OP(=O)(O[H])OP(=O)(O[H])[O:40][H:65],EVODEX-P28230
EVODEX-N11259,.[H]O[C@@]1([H])C([H])([H])[C@]([H])(N2:C([H]):N:C3:C(N([H])[H]):N:C([H]):N:C:3:2)O[C@]1([H])C([H])([H])OP(=O)(O[H])OP(=O)(O[H])[O:33][P:34]>>[H].[H]O.[H][O:33][P:34],EVODEX-P28234
EVODEX-N11260,[C:3][C:4](=[O:5])[N:6].[H]O[C@@]1([H])C([H])([H])[C@]([H])(N2:C([H]):N:C3:C(N([H])[H]):N:C([H]):N:C:3:2)O[C@]1([H])C([H])([H])OP(=O)(O[H])OP(=O)(O[H])[O:33][P:34].[H][O:39][H:63]>>[C:3][C:4](=[O:5])[O:39][H:63].[H][N:6].[H][O:33][P:34],EVODEX-P28235
EVODEX-N11261,[H][O:40][H:65]>>[H]O[C@@]1([H])C([H])([H])[C@]([H])(N2:C([H]):N:C3:C(N([H])[H]):N:C([H]):N:C:3:2)O[C@]1([H])C([H])([H])OP(=O)(O[H])OP(=O)(O[H])[O:40][H:65],EVODEX-P28236
EVODEX-N11262,[H][O:10][H:19]>>[H]N([H])C(=O)N([H])C([H])(C([H])([H])[H])C([H])([H])C(=O)[O:10][H:19],EVODEX-P28241
EVODEX-N11263,[H][O:1][H:16]>>[H]N([H])C(=O)N([H])C([H])([H])C([H])([H])C(=O)[O:1][H:16],EVODEX-P28244
EVODEX-N11264,[H][O:1][H:19]>>[H]OC1(C(=O)[O:1][H:19])C(=NC(=O)N([H])[H])N([H])C(=O)N1[H],EVODEX-P28247
EVODEX-N11265,[H][O:54][H:113]>>[H]OC([H])([H])[C@@]1([H])O[C@@]([H])(N([H])C2=N[C@]([H])([C@]([H])(O[H])C([H])([H])N([H])[H])[C@@]([H])(C(=O)[O:54][H:113])N2[H])[C@]([H])(N([H])C(=O)C([H])([H])C([H])(N([H])[H])C([H])([H])C([H])([H])C([H])([H])N([H])C(=O)C([H])([H])C([H])(N([H])[H])C([H])([H])C([H])([H])C([H])([H])N([H])C(=O)C([H])([H])C([H])(N([H])[H])C([H])([H])C([H])([H])C([H])([H])N([H])[H])[C@]([H])(O[H])[C@@]1([H])OC(=O)N([H])[H],EVODEX-P28250
EVODEX-N11266,[H][O:36][H:71]>>[H]OC([H])([H])[C@@]1([H])O[C@@]([H])(N([H])C2=N[C@]([H])([C@]([H])(O[H])C([H])([H])N([H])[H])[C@@]([H])(C(=O)[O:36][H:71])N2[H])[C@]([H])(N([H])C(=O)C([H])([H])C([H])(N([H])[H])C([H])([H])C([H])([H])C([H])([H])N([H])[H])[C@]([H])(O[H])[C@@]1([H])OC(=O)N([H])[H],EVODEX-P28253
EVODEX-N11267,[H][O:1][H:18]>>[H]C1:C([H]):C([H]):C(N([H])[H]):C(C(=O)C(=O)[O:1][H:18]):C:1[H],EVODEX-P28256
EVODEX-N11268,[H]OC(=O)[C@@]([H])(N([H])[H])C([H])([H])C([H])([H])C([H])([H])N([H])[C:2](=[N:1][H:14])[N:3].[H][O:13][H]>>[H][N:1]([C:2]([N:3])=[O:13])[H:14],"EVODEX-P28259,EVODEX-P28458"
EVODEX-N11269,[H]OC(=O)[C@@]([H])(N([H])[H])C([H])([H])C([H])([H])C([H])([H])N([H])[C:2](=[N:1][H:14])[N:3]>>[H][N:1]([C:2](=O)[N:3])[H:14],"EVODEX-P28260,EVODEX-P28460"
EVODEX-N11270,[N:1](=[C:2]([N:3])[N:4])[H:14]>>[H][N:1]([C:2](=O)[N:3])[H:14].[H][N:4],"EVODEX-P28261,EVODEX-P28266,EVODEX-P28270,EVODEX-P28275,EVODEX-P28280,EVODEX-P28303,EVODEX-P28309,EVODEX-P28314,EVODEX-P28335,EVODEX-P28341,EVODEX-P28364,EVODEX-P28369,EVODEX-P28375,EVODEX-P28381,EVODEX-P28386,EVODEX-P28391,EVODEX-P28396,EVODEX-P28401,EVODEX-P28406,EVODEX-P28445,EVODEX-P28450,EVODEX-P28455,EVODEX-P28461,EVODEX-P34727"
EVODEX-N11271,[H]OC(=O)[C@@]([H])(O[H])C([H])([H])C([H])([H])C([H])([H])N([H])[C:2](=[N:1][H:14])[N:3].[H][O:13][H]>>[H][N:1]([C:2]([N:3])=[O:13])[H:14],EVODEX-P28264
EVODEX-N11272,[H]OC(=O)[C@@]([H])(O[H])C([H])([H])C([H])([H])C([H])([H])N([H])[C:2](=[N:1][H:14])[N:3]>>[H][N:1]([C:2](=O)[N:3])[H:14],EVODEX-P28265
EVODEX-N11273,[H]OC(=O)C([H])([H])N([H])[C:2](=[N:1][H:10])[N:3].[H][O:9][H]>>[H][N:1]([C:2]([N:3])=[O:9])[H:10],EVODEX-P28268
EVODEX-N11274,[H]OC(=O)C([H])([H])N([H])[C:2](=[N:1][H:10])[N:3]>>[H][N:1]([C:2](=O)[N:3])[H:10],EVODEX-P28269
EVODEX-N11275,[H]OC(=O)C([H])([H])C([H])([H])C([H])([H])N([H])[C:2](=[N:1][H:12])[N:3].[H][O:11][H]>>[H][N:1]([C:2]([N:3])=[O:11])[H:12],EVODEX-P28273
EVODEX-N11276,[H]OC(=O)C([H])([H])C([H])([H])C([H])([H])N([H])[C:2](=[N:1][H:12])[N:3]>>[H][N:1]([C:2](=O)[N:3])[H:12],EVODEX-P28274
EVODEX-N11277,[H]N=C(N([H])[H])[N:2]([C:1])[C:3]>>[H][N:2]([C:1])[C:3],EVODEX-P28277
EVODEX-N11278,[H]OC(=O)C([H])([H])N(C([H])([H])[H])[C:7](=[N:8][H:17])[N:9].[H][O:10][H]>>[H][N:8]([C:7]([N:9])=[O:10])[H:17],EVODEX-P28278
EVODEX-N11279,[H]OC(=O)C([H])([H])N(C([H])([H])[H])[C:7](=[N:8][H:17])[N:9]>>[H][N:8]([C:7](=O)[N:9])[H:17],EVODEX-P28279
EVODEX-N11280,[N:4][C:5]([N:6])([C:10])[H:17].[H][O:13][H:22]>>[C@:5]([N:6])([C:10])([O:13][H:22])[H:17].[H][N:4],"EVODEX-P28281,EVODEX-P28462"
EVODEX-N11281,[H]OC(=O)C([H])(N([H])C(=O)N([H])[H])[N:4]([C:2])[H:16]>>[H][N:4]([C:2])[H:16],EVODEX-P28282
EVODEX-N11282,[H]N([H])C(=O)N([H])[C:5]([N:6])([C:10])[H:17].[H][O:13][H:22]>>[C@:5]([N:6])([C:10])([O:13][H:22])[H:17],EVODEX-P28283
EVODEX-N11283,[H][O:13][H:22]>>[H]OC(=O)[C@@]([H])(N([H])C(=O)N([H])[H])[O:13][H:22],EVODEX-P28284
EVODEX-N11284,[H]N([H])C(=O)N([H])[C:5]([N:6])([C:10])[H:17]>>[H]O[C@:5]([N:6])([C:10])[H:17],EVODEX-P28285
EVODEX-N11285,[H][N:10]([C:11])[H:14].[N:4][C@@:5]([O:6])([C:7])[H:21]>>[N:4][C:5]([C:7])([N:10]([C:11])[H:14])[H:21].[H][O:6],EVODEX-P28287
EVODEX-N11286,[H]OC(=O)[C@@]([H])(N([H])C(=O)N([H])[H])[O:6][H:22]>>[H][O:6][H:22],EVODEX-P28288
EVODEX-N11287,[H][N:10]([C:11])[H:14].[H]O[C@:5]([N:4])([C:7])[H:21]>>[N:4][C:5]([C:7])([N:10]([C:11])[H:14])[H:21],EVODEX-P28289
EVODEX-N11288,[H]O[C@:5]([N:4])([C:7])[H:21]>>[H]N([H])C(=O)N([H])[C:5]([N:4])([C:7])[H:21],EVODEX-P28290
EVODEX-N11289,[H][N:10]([C:11])[H:14]>>[H]OC(=O)C([H])(N([H])C(=O)N([H])[H])[N:10]([C:11])[H:14],EVODEX-P28291
EVODEX-N11290,>>[H]NC(=O)N([H])[H].[H],EVODEX-P28292
EVODEX-N11291,[N:1](=[C:2]([N:3])[H:14])[H:13].[H][O:12][H]>>[C:2]([N:3])(=[O:12])[H:14].[H][N:1]([H])[H:13],"EVODEX-P28293,EVODEX-P28315,EVODEX-P28348,EVODEX-P28354"
EVODEX-N11292,[H]OC(=O)C([H])([H])[C@@]([H])(C(=O)O[H])N([H])C([H])=[N:1][H:13]>>[H][N:1]([H])[H:13],EVODEX-P28294
EVODEX-N11293,[H]N=[C:2]([N:3])[H:14].[H][O:12][H]>>[C:2]([N:3])(=[O:12])[H:14],"EVODEX-P28295,EVODEX-P28350,EVODEX-P28356"
EVODEX-N11294,[H][O:12][H]>>[H]OC(=O)C([H])([H])[C@@]([H])(C(=O)O[H])N([H])C([H])=[O:12],EVODEX-P28296
EVODEX-N11295,[H]N=[C:2]([N:3])[H:14]>>O=[C:2]([N:3])[H:14],"EVODEX-P28297,EVODEX-P28352,EVODEX-P28358"
EVODEX-N11296,[N:1](=[C:2])[H:11]>>[H][N:1]([H])[H:11].O=[C:2],"EVODEX-P28298,EVODEX-P28353,EVODEX-P28359,EVODEX-P28472,EVODEX-P28478,EVODEX-P28502,EVODEX-P28508,EVODEX-P28514,EVODEX-P28529,EVODEX-P28535,EVODEX-P28541,EVODEX-P28558,EVODEX-P28564,EVODEX-P28583,EVODEX-P28589,EVODEX-P28595,EVODEX-P28601,EVODEX-P28607,EVODEX-P28618,EVODEX-P28629,EVODEX-P28649,EVODEX-P28761,EVODEX-P28766"
EVODEX-N11297,[H]N([H])[C:2](=[N:1][H:14])[N:4].[H][O:13][H]>>[H][N:1]([C:2]([N:4])=[O:13])[H:14],"EVODEX-P28300,EVODEX-P28306,EVODEX-P28338,EVODEX-P28372,EVODEX-P28378,EVODEX-P28480,EVODEX-P28498,EVODEX-P28525,EVODEX-P28531,EVODEX-P28554,EVODEX-P28560,EVODEX-P28580,EVODEX-P28598,EVODEX-P28603,EVODEX-P28615,EVODEX-P28626,EVODEX-P28646"
EVODEX-N11298,[H][O:13][H]>>[H]OC(=O)[C@@]([H])(N([H])[H])C([H])([H])C([H])([H])C([H])([H])N([H])C(N([H])[H])=[O:13],EVODEX-P28301
EVODEX-N11299,[H]N([H])[C:2](=[N:1][H:14])[N:4]>>[H][N:1]([C:2](=O)[N:4])[H:14],"EVODEX-P28302,EVODEX-P28308,EVODEX-P28340,EVODEX-P28374,EVODEX-P28380,EVODEX-P28482,EVODEX-P28500,EVODEX-P28527,EVODEX-P28533,EVODEX-P28556,EVODEX-P28562,EVODEX-P28582,EVODEX-P28600,EVODEX-P28605,EVODEX-P28616,EVODEX-P28627,EVODEX-P28647"
EVODEX-N11300,[H]N=C(N([H])OC([H])([H])C([H])([H])[C@@]([H])(C(=O)O[H])N([H])[H])[N:3]([H:15])[H:16]>>[H][N:3]([H:15])[H:16],EVODEX-P28305
EVODEX-N11301,[H][O:13][H]>>[H]OC(=O)[C@@]([H])(N([H])[H])C([H])([H])C([H])([H])ON([H])C(N([H])[H])=[O:13],EVODEX-P28307
EVODEX-N11302,[H]OC(=O)C([H])([H])C([H])([H])N([H])[C:2](=[N:1][H:11])[N:3].[H][O:10][H]>>[H][N:1]([C:2]([N:3])=[O:10])[H:11],EVODEX-P28312
EVODEX-N11303,[H]OC(=O)C([H])([H])C([H])([H])N([H])[C:2](=[N:1][H:11])[N:3]>>[H][N:1]([C:2](=O)[N:3])[H:11],EVODEX-P28313
EVODEX-N11304,[H]OC(=O)C([H])([H])C([H])([H])[C@@]([H])(C(=O)O[H])N([H])[C:2](=[N:1][H:14])[H:15].[H][O:13][H]>>[H][N:1]([C:2](=[O:13])[H:15])[H:14],EVODEX-P28316
EVODEX-N11305,[H][O:13][H]>>[H]C(N([H])[H])=[O:13],EVODEX-P28317
EVODEX-N11306,[H]OC(=O)C([H])([H])C([H])([H])[C@@]([H])(C(=O)O[H])N([H])[C:2](=[N:1][H:14])[H:15]>>[H][N:1]([C:2](=O)[H:15])[H:14],EVODEX-P28318
EVODEX-N11307,[N:1](=[C:2]([N:3])[H:15])[H:14]>>[H][N:1]([C:2](=O)[H:15])[H:14].[H][N:3],EVODEX-P28319
EVODEX-N11308,[H]OC(=O)C([H])(N([H])C(=O)N([H])[H])N([H])C(=O)[N:1]([H:14])[H:15]>>[H][N:1]([H:14])[H:15],EVODEX-P28320
EVODEX-N11309,[H]OC(=O)C([H])(N([H])C(=O)N([H])[H])N([H])[C:2]([N:1])=[O:3].[H][O:13][H]>>[C:2](=[O:3])=[O:13].[H][N:1],EVODEX-P28322
EVODEX-N11310,[H]OC(=O)C([H])(N([H])C(=O)N([H])[H])N([H])[C:2]([N:1])=[O:3]>>O=[C:2]=[O:3].[H][N:1],EVODEX-P28323
EVODEX-N11311,[H]OC(=O)C([H])(N([H])C(=O)N([H])[H])N([H])[C:2](N([H])[H])=[O:3].[H][O:13][H]>>[C:2](=[O:3])=[O:13],EVODEX-P28327
EVODEX-N11312,[H]OC(=O)C([H])(N([H])C(=O)N([H])[H])N([H])[C:2](N([H])[H])=[O:3]>>O=[C:2]=[O:3],EVODEX-P28329
EVODEX-N11313,[H]N([H])C([H])([H])C([H])([H])C([H])([H])C([H])([H])N([H])[C:2](=[N:1][H:11])[N:3].[H][O:10][H]>>[H][N:1]([C:2]([N:3])=[O:10])[H:11],EVODEX-P28333
EVODEX-N11314,[H]N([H])C([H])([H])C([H])([H])C([H])([H])C([H])([H])N([H])[C:2](=[N:1][H:11])[N:3]>>[H][N:1]([C:2](=O)[N:3])[H:11],EVODEX-P28334
EVODEX-N11315,[H]N=C(N([H])C([H])([H])C([H])([H])C([H])([H])C([H])([H])N([H])[H])[N:3]([H:12])[H:13]>>[H][N:3]([H:12])[H:13],EVODEX-P28337
EVODEX-N11316,[H][O:10][H]>>[H]N([H])C(N([H])C([H])([H])C([H])([H])C([H])([H])C([H])([H])N([H])[H])=[O:10],EVODEX-P28339
EVODEX-N11317,[H][N:9]([C:8]([N:7])=[O:10])[H:22].[H][N:1]([H:24])[H:25]>>[N:1]([C:8]([N:7])=[N:9][H:22])([H:24])[H:25].[H][O:10][H],"EVODEX-P28342,EVODEX-P28485"
EVODEX-N11318,[H]N([H])C(N([H])C([H])([H])C([H])([H])C([H])([H])C([H])([H])N([H])[H])=[O:10]>>[H][O:10][H],EVODEX-P28343
EVODEX-N11319,[H][N:9]([C:8](=O)[N:7])[H:22].[H][N:1]([H:24])[H:25]>>[N:1]([C:8]([N:7])=[N:9][H:22])([H:24])[H:25],"EVODEX-P28344,EVODEX-P28487"
EVODEX-N11320,[H][N:1]([H:24])[H:25]>>[H]N=C(N([H])C([H])([H])C([H])([H])C([H])([H])C([H])([H])N([H])[H])[N:1]([H:24])[H:25],EVODEX-P28345
EVODEX-N11321,[H][N:9]([C:8](=O)[N:7])[H:22]>>[H]N([H])[C:8]([N:7])=[N:9][H:22],"EVODEX-P28346,EVODEX-P28488"
EVODEX-N11322,[H][N:9]([C:8]([N:7])=[O:10])[H:22]>>[H]N([H])[C:8]([N:7])=[N:9][H:22].[H][O:10][H],EVODEX-P28347
EVODEX-N11323,[H]OC(=O)C([H])([H])C([H])([H])[C@@]([H])(C(=O)O[H])N([H])C([H])=[N:1][H:14]>>[H][N:1]([H])[H:14],EVODEX-P28349
EVODEX-N11324,[H][O:13][H]>>[H]OC(=O)C([H])([H])C([H])([H])[C@@]([H])(C(=O)O[H])N([H])C([H])=[O:13],EVODEX-P28351
EVODEX-N11325,[H]OC(=O)[C@@]([H])(N([H])C([H])=[N:6][H:19])C([H])([H])C([H])([H])[H]>>[H][N:6]([H])[H:19],EVODEX-P28355
EVODEX-N11326,[H][O:10][H]>>[H]OC(=O)[C@@]([H])(N([H])C([H])=[O:10])C([H])([H])C([H])([H])[H],EVODEX-P28357
EVODEX-N11327,[H]OC(=O)C([H])([H])[C@@]([H])(C(=O)O[H])N([H])[C:2](=[N:1][H:14])[N:3].[H][O:13][H]>>[H][N:1]([C:2]([N:3])=[O:13])[H:14],EVODEX-P28362
EVODEX-N11328,[H]OC(=O)C([H])([H])[C@@]([H])(C(=O)O[H])N([H])[C:2](=[N:1][H:14])[N:3]>>[H][N:1]([C:2](=O)[N:3])[H:14],"EVODEX-P28363,EVODEX-P34713"
EVODEX-N11329,[H]OC(=O)C([H])([H])C([H])([H])[C@@]([H])(C(=O)O[H])N([H])[C:2](=[N:1][H:15])[N:3].[H][O:14][H]>>[H][N:1]([C:2]([N:3])=[O:14])[H:15],EVODEX-P28367
EVODEX-N11330,[H]OC(=O)C([H])([H])C([H])([H])[C@@]([H])(C(=O)O[H])N([H])[C:2](=[N:1][H:15])[N:3]>>[H][N:1]([C:2](=O)[N:3])[H:15],EVODEX-P28368
EVODEX-N11331,[H]N=C(N([H])C([H])([H])C([H])([H])C([H])([H])[C@@]([H])(C(=O)O[H])N([H])C(=O)[C@@]([H])(N([H])C(=O)[C@@]([H])(N([H])C(=O)[C@@]([H])(N([H])C(=O)[C@@]([H])(N([H])C(=O)[C@@]([H])(N([H])C(=O)[C@@]([H])(N([H])[H])C([H])([H])S[H])C([H])([H])C(=O)N([H])[H])C([H])([H])O[H])C([H])([H])C1:C([H]):C([H]):C(O[H]):C([H]):C:1[H])C([H])([H])C([H])([H])C([H])([H])C([H])([H])N([H])[H])C([H])(O[H])C([H])([H])[H])[N:57]([H:117])[H:118]>>[H][N:57]([H:117])[H:118],EVODEX-P28371
EVODEX-N11332,[H][O:61][H]>>[H]OC(=O)[C@@]([H])(N([H])C(=O)[C@@]([H])(N([H])C(=O)[C@@]([H])(N([H])C(=O)[C@@]([H])(N([H])C(=O)[C@@]([H])(N([H])C(=O)[C@@]([H])(N([H])C(=O)[C@@]([H])(N([H])[H])C([H])([H])S[H])C([H])([H])C(=O)N([H])[H])C([H])([H])O[H])C([H])([H])C1:C([H]):C([H]):C(O[H]):C([H]):C:1[H])C([H])([H])C([H])([H])C([H])([H])C([H])([H])N([H])[H])C([H])(O[H])C([H])([H])[H])C([H])([H])C([H])([H])C([H])([H])N([H])C(N([H])[H])=[O:61],EVODEX-P28373
EVODEX-N11333,[H]N=C(N([H])C([H])([H])C([H])([H])C([H])([H])[C@@]([H])(C(=O)O[H])N([H])C(=O)C1:C([H]):C([H]):C([H]):C([H]):C:1[H])[N:3]([H:23])[H:24]>>[H][N:3]([H:23])[H:24],EVODEX-P28377
EVODEX-N11334,[H][O:21][H]>>[H]OC(=O)[C@@]([H])(N([H])C(=O)C1:C([H]):C([H]):C([H]):C([H]):C:1[H])C([H])([H])C([H])([H])C([H])([H])N([H])C(N([H])[H])=[O:21],EVODEX-P28379
EVODEX-N11335,[H]N(C([H])([H])[H])[C:3](=[N:4][H:11])[N:5].[H][O:6][H]>>[H][N:4]([C:3]([N:5])=[O:6])[H:11],"EVODEX-P28384,EVODEX-P28399"
EVODEX-N11336,[H]N(C([H])([H])[H])[C:3](=[N:4][H:11])[N:5]>>[H][N:4]([C:3](=O)[N:5])[H:11],"EVODEX-P28385,EVODEX-P28400"
EVODEX-N11337,[H]N(C([H])([H])C([H])([H])[H])[C:4](=[N:5][H:14])[N:6].[H][O:7][H]>>[H][N:5]([C:4]([N:6])=[O:7])[H:14],"EVODEX-P28389,EVODEX-P28631,EVODEX-P29328"
EVODEX-N11338,[H]N(C([H])([H])C([H])([H])[H])[C:4](=[N:5][H:14])[N:6]>>[H][N:5]([C:4](=O)[N:6])[H:14],"EVODEX-P28390,EVODEX-P28633,EVODEX-P29330"
EVODEX-N11339,[H]N=C(N([H])C([H])([H])C([H])([H])C([H])([H])[C@@]([H])(C(=O)O[H])N([H])[H])[N:2]([C:1])[C:3]>>[H][N:2]([C:1])[C:3],EVODEX-P28393
EVODEX-N11340,[H]C([H])([H])N(C([H])([H])[H])[C:4](=[N:5][H:22])[N:6].[H][O:15][H]>>[H][N:5]([C:4]([N:6])=[O:15])[H:22],EVODEX-P28394
EVODEX-N11341,[H]C([H])([H])N(C([H])([H])[H])[C:4](=[N:5][H:22])[N:6]>>[H][N:5]([C:4](=O)[N:6])[H:22],EVODEX-P28395
EVODEX-N11342,[H]N=C(N([H])C([H])([H])C([H])([H])C([H])([H])[C@@]([H])(C(=O)O[H])N([H])[H])[N:2]([C:1])[H:18]>>[H][N:2]([C:1])[H:18],"EVODEX-P28398,EVODEX-P34724"
EVODEX-N11343,[H]N=C(N([H])[H])N([H])C([H])([H])C([H])([H])C([H])([H])C([H])([H])N([H])[C:2](=[N:1][H:14])[N:3].[H][O:13][H]>>[H][N:1]([C:2]([N:3])=[O:13])[H:14],EVODEX-P28404
EVODEX-N11344,[H]N=C(N([H])[H])N([H])C([H])([H])C([H])([H])C([H])([H])C([H])([H])N([H])[C:2](=[N:1][H:14])[N:3]>>[H][N:1]([C:2](=O)[N:3])[H:14],EVODEX-P28405
EVODEX-N11345,[N:1][C:2](=[O:3])[N:4][C:5]([N:6])([H:15])[H:16].[H][O:10][H].[H][O:11][H]>>[C:2](=[O:3])=[O:10].[C:5](=[O:11])([H:15])[H:16].[H][N:6].[H][N:1].[H][N:4][H],"EVODEX-P28407,EVODEX-P28424"
EVODEX-N11346,[H]N([H])[C:2](N([H])[C:5]([N:6])([H:15])[H:16])=[O:3]>>O=[C:2]=[O:3].O=[C:5]([H:15])[H:16].[H][N:6],"EVODEX-P28408,EVODEX-P28428"
EVODEX-N11347,[H]N([H])C(=O)N([H])C([H])([H])N([H])[C:2](N([H])[H])=[O:3]>>O=[C:2]=[O:3],EVODEX-P28409
EVODEX-N11348,[H]N([H])C(=O)N([H])[C:5](N([H])[C:2](N([H])[H])=[O:3])([H:15])[H:16].[H][O:11][H]>>O=[C:2]=[O:3].[C:5](=[O:11])([H:15])[H:16],EVODEX-P28410
EVODEX-N11349,[H]N([H])C(=O)N([H])C([H])([H])[N:4](C(=O)N([H])[H])[H:14]>>[H][N:4]([H])[H:14],EVODEX-P28411
EVODEX-N11350,O=C([N:1]([H:12])[H:13])[N:4]([C:5]([N:6])([H:15])[H:16])[H:14].[H][O:11][H]>>[C:5](=[O:11])([H:15])[H:16].[H][N:6].[H][N:1]([H:12])[H:13].[H][N:4]([H])[H:14],"EVODEX-P28412,EVODEX-P28422"
EVODEX-N11351,[H]N([H])C(=O)N([H])[C:5](N([H])C(=O)[N:1]([H:12])[H:13])([H:15])[H:16].[H][O:11][H]>>[C:5](=[O:11])([H:15])[H:16].[H][N:1]([H:12])[H:13],EVODEX-P28413
EVODEX-N11352,[H][O:10][H].[H][O:11][H]>>O=C=[O:10].[H]C([H])=[O:11],EVODEX-P28414
EVODEX-N11353,[H]N([H])C(=O)N([H])[C:5]([N:4][C:2](N([H])[H])=[O:3])([H:15])[H:16].[H][O:10][H]>>[C:2](=[O:3])=[O:10].O=[C:5]([H:15])[H:16].[H][N:4][H],EVODEX-P28415
EVODEX-N11354,[H]N([H])C(=O)N([H])[C:5]([N:4](C(=O)[N:1]([H:12])[H:13])[H:14])([H:15])[H:16]>>O=[C:5]([H:15])[H:16].[H][N:1]([H:12])[H:13].[H][N:4]([H])[H:14],EVODEX-P28416
EVODEX-N11355,[H]C([H])([N:4](C(=O)[N:1]([H:12])[H:13])[H:14])[N:6]([C:7])[H:17]>>[H][N:6]([C:7])[H:17].[H][N:1]([H:12])[H:13].[H][N:4]([H])[H:14],EVODEX-P28417
EVODEX-N11356,[H]N([H])C(=O)N([H])[C:5]([N:4][C:2]([N:1])=[O:3])([H:15])[H:16]>>O=[C:2]=[O:3].O=[C:5]([H:15])[H:16].[H][N:1].[H][N:4][H],EVODEX-P28418
EVODEX-N11357,[H]N([H])C(=O)N([H])C([H])([H])[N:4]([C:2]([N:1])=[O:3])[H:14].[H][O:10][H]>>[C:2](=[O:3])=[O:10].[H][N:1].[H][N:4]([H])[H:14],EVODEX-P28419
EVODEX-N11358,[H]N([H])C(=O)N([H])[C:5](N([H])[C:2](N([H])[H])=[O:3])([H:15])[H:16]>>O=[C:2]=[O:3].O=[C:5]([H:15])[H:16],EVODEX-P28420
EVODEX-N11359,[H]N([H])[C:2](N([H])C([H])([H])[N:6]([C:7])[H:17])=[O:3]>>O=[C:2]=[O:3].[H][N:6]([C:7])[H:17],EVODEX-P28421
EVODEX-N11360,[H]N([H])C(=O)N([H])C([H])([H])N([H])[C:2](N([H])[H])=[O:3].[H][O:10][H]>>[C:2](=[O:3])=[O:10],EVODEX-P28423
EVODEX-N11361,O=C([N:1]([H:12])[H:13])[N:4]([C:5]([N:6])([H:15])[H:16])[H:14]>>O=[C:5]([H:15])[H:16].[H][N:6].[H][N:1]([H:12])[H:13].[H][N:4]([H])[H:14],"EVODEX-P28425,EVODEX-P28430"
EVODEX-N11362,[H]N([H])C(=O)N([H])[C:5](N([H])C(=O)N([H])[H])([H:15])[H:16]>>O=[C:5]([H:15])[H:16],EVODEX-P28426
EVODEX-N11363,[H]C([H])([N:4]([C:2]([N:1])=[O:3])[H:14])[N:6]([C:7])[H:17]>>O=[C:2]=[O:3].[H][N:6]([C:7])[H:17].[H][N:1].[H][N:4]([H])[H:14],EVODEX-P28427
EVODEX-N11364,[H]N([H])C(=O)N([H])C([H])([H])[N:6]([C:7])[H:17]>>[H][N:6]([C:7])[H:17],EVODEX-P28429
EVODEX-N11365,[H]N([H])[C:2](N([H])C([H])([H])[N:6]([C:7])[H:17])=[O:3].[H][O:10][H]>>[C:2](=[O:3])=[O:10].[H][N:6]([C:7])[H:17],EVODEX-P28431
EVODEX-N11366,[H]C([H])([N:4]([C:2]([N:1])=[O:3])[H:14])[N:6]([C:7])[H:17].[H][O:10][H]>>[C:2](=[O:3])=[O:10].[H][N:6]([C:7])[H:17].[H][N:1].[H][N:4]([H])[H:14],EVODEX-P28432
EVODEX-N11367,[H]N([H])C(=O)N([H])C([H])([H])[N:4]([C:2](N([H])[H])=[O:3])[H:14]>>O=[C:2]=[O:3].[H][N:4]([H])[H:14],EVODEX-P28433
EVODEX-N11368,[H]N([H])C(=O)N([H])[C:5](N([H])C(=O)N([H])[H])([H:15])[H:16].[H][O:11][H]>>[C:5](=[O:11])([H:15])[H:16],EVODEX-P28434
EVODEX-N11369,[H]OC(=O)[C@@]([H])(N1C(=O)C([H])([H])C1([H])[H])[C@]([H])(O[H])C([H])([H])C([H])([H])N([H])[C:2](=[N:1][H:19])[N:3].[H][O:18][H]>>[H][N:1]([C:2]([N:3])=[O:18])[H:19],EVODEX-P28443
EVODEX-N11370,[H]OC(=O)[C@@]([H])(N1C(=O)C([H])([H])C1([H])[H])[C@]([H])(O[H])C([H])([H])C([H])([H])N([H])[C:2](=[N:1][H:19])[N:3]>>[H][N:1]([C:2](=O)[N:3])[H:19],EVODEX-P28444
EVODEX-N11371,[H]OC(=O)[C@@]([H])(N1C(=O)C([H])([H])C1([H])[H])C([H])([H])C([H])([H])C([H])([H])N([H])[C:2](=[N:1][H:18])[N:3].[H][O:17][H]>>[H][N:1]([C:2]([N:3])=[O:17])[H:18],EVODEX-P28448
EVODEX-N11372,[H]OC(=O)[C@@]([H])(N1C(=O)C([H])([H])C1([H])[H])C([H])([H])C([H])([H])C([H])([H])N([H])[C:2](=[N:1][H:18])[N:3]>>[H][N:1]([C:2](=O)[N:3])[H:18],EVODEX-P28449
EVODEX-N11373,[H]N([H])C([H])([H])C([H])([H])C([H])([H])N([H])C([H])([H])C([H])([H])C([H])([H])C([H])([H])N([H])[C:2](=[N:1][H:15])[N:3].[H][O:14][H]>>[H][N:1]([C:2]([N:3])=[O:14])[H:15],EVODEX-P28453
EVODEX-N11374,[H]N([H])C([H])([H])C([H])([H])C([H])([H])N([H])C([H])([H])C([H])([H])C([H])([H])C([H])([H])N([H])[C:2](=[N:1][H:15])[N:3]>>[H][N:1]([C:2](=O)[N:3])[H:15],EVODEX-P28454
EVODEX-N11375,[H]N=C(N([H])O[H])[N:5]([C:6])[H:18]>>[H][N:5]([C:6])[H:18],EVODEX-P28457
EVODEX-N11376,[H][O:14][H]>>[H]ON([H])C(N([H])[H])=[O:14],EVODEX-P28459
EVODEX-N11377,[H]OC(=O)[C@]([H])(N([H])C(=O)N([H])[H])[N:6]([H:15])[H:16]>>[H][N:6]([H:15])[H:16],EVODEX-P28463
EVODEX-N11378,[H]N([H])[C@@:5]([N:4])([C:7])[H:14].[H][O:10][H:18]>>[N:4][C@:5]([C:7])([O:10][H:18])[H:14],EVODEX-P28464
EVODEX-N11379,[H]N([H])[C@@:5]([N:4])([C:7])[H:14]>>[H]O[C@:5]([N:4])([C:7])[H:14],EVODEX-P28465
EVODEX-N11380,[N:1](=[C:2](:[C:3]):[N:8])[H:10].[H][O:9][H]>>[H][N:1]([H])[H:10].[C:2](:[C:3])(:[N:8])=[O:9],"EVODEX-P28467,EVODEX-P28473,EVODEX-P28503,EVODEX-P28509,EVODEX-P28536,EVODEX-P28584,EVODEX-P28590"
EVODEX-N11381,[H]N=[C:2](:[C:3]):[N:8].[H][O:9][H]>>[C:2](:[C:3])(:[N:8])=[O:9],"EVODEX-P28468,EVODEX-P28474,EVODEX-P28504,EVODEX-P28511,EVODEX-P28537,EVODEX-P28586,EVODEX-P28592"
EVODEX-N11382,[H][O:9][H]>>[H]C1:C([H]):N([H]):C(=O):N([H]):C:1=[O:9],EVODEX-P28469
EVODEX-N11383,[H]N=[C:2](:[C:3]):[N:8]>>O=[C:2](:[C:3]):[N:8],"EVODEX-P28470,EVODEX-P28476,EVODEX-P28506,EVODEX-P28513,EVODEX-P28539,EVODEX-P28588,EVODEX-P28594"
EVODEX-N11384,[H]C1:C([H]):N([H]):C(=O):N([H]):C:1=[N:1][H:10]>>[H][N:1]([H])[H:10],EVODEX-P28471
EVODEX-N11385,[H][O:10][H]>>[H]C1:C(F):C(=[O:10]):N([H]):C(=O):N:1[H],EVODEX-P28475
EVODEX-N11386,[H]C1:C(F):C(=[N:1][H:11]):N([H]):C(=O):N:1[H]>>[H][N:1]([H])[H:11],EVODEX-P28477
EVODEX-N11387,[H][O:12][H:18]>>[H]C1:N:C2:N:C([O:12][H:18]):N([H]):C(=O):C:2:N:1[H],EVODEX-P28481
EVODEX-N11388,[H]C1:N:C2:N:C([N:1]([H:13])[H:14]):N([H]):C(=O):C:2:N:1[H]>>[H][N:1]([H:13])[H:14],EVODEX-P28483
EVODEX-N11389,[H]C1:N:C2:N:C([O:6][H:17]):N([H]):C(=O):C:2:N:1[H]>>[H][O:6][H:17],EVODEX-P28486
EVODEX-N11390,[H][N:1]([H:13])[H:14]>>[H]C1:N:C2:N:C([N:1]([H:13])[H:14]):N([H]):C(=O):C:2:N:1[H],EVODEX-P28489
EVODEX-N11391,[N:1](=[C:2]([N:3])[C:4])[H:19].[H][O:18][H]>>[H][N:1]([C:2]([C:4])=[O:18])[H:19].[H][N:3],EVODEX-P28491
EVODEX-N11392,[H]N=C(C1:N:C([H]):N([C@]2([H])O[C@]([H])(C([H])([H])O[H])[C@@]([H])(O[H])[C@@]2([H])O[H]):N:1)[N:3]([H:20])[H:21]>>[H][N:3]([H:20])[H:21],EVODEX-P28492
EVODEX-N11393,[H]N([H])[C:2](=[N:1][H:19])[C:4].[H][O:18][H]>>[H][N:1]([C:2]([C:4])=[O:18])[H:19],EVODEX-P28493
EVODEX-N11394,[H][O:18][H]>>[H]OC([H])([H])[C@@]1([H])O[C@@]([H])(N2:N:C(C(N([H])[H])=[O:18]):N:C:2[H])[C@]([H])(O[H])[C@]1([H])O[H],EVODEX-P28494
EVODEX-N11395,[H]N([H])[C:2](=[N:1][H:19])[C:4]>>[H][N:1]([C:2](=O)[C:4])[H:19],EVODEX-P28495
EVODEX-N11396,[N:1](=[C:2]([N:3])[C:4])[H:19]>>[H][N:1]([C:2](=O)[C:4])[H:19].[H][N:3],EVODEX-P28496
EVODEX-N11397,[H][O:21][H]>>[H]OC([H])([H])[C@@]1([H])O[C@@]([H])(N2:C([H]):N:C3:C(Cl):N([H]):C(=[O:21]):N:C:3:2)C([H])(O[H])[C@@]1([H])O[H],EVODEX-P28499
EVODEX-N11398,[H]OC([H])([H])[C@@]1([H])O[C@@]([H])(N2:C([H]):N:C3:C(Cl):N([H]):C(=[N:1][H:22]):N:C:3:2)C([H])(O[H])[C@@]1([H])O[H]>>[H][N:1]([H])[H:22],EVODEX-P28501
EVODEX-N11399,[H][O:18][H]>>[H]OC([H])([H])[C@@]1([H])O[C@@]([H])(N2:C([H]):C(Br):C(=[O:18]):N([H]):C:2=O)C([H])([H])C1([H])O[H],EVODEX-P28505
EVODEX-N11400,[H]OC([H])([H])[C@@]1([H])O[C@@]([H])(N2:C([H]):C(Br):C(=[N:1][H:19]):N([H]):C:2=O)C([H])([H])C1([H])O[H]>>[H][N:1]([H])[H:19],EVODEX-P28507
EVODEX-N11401,[H]O[C@@]1([H])C([H])([H])[C@]([H])(N2:C([H]):C([H]):C(=[N:15][H:33]):N([H]):C:2=O)O[C@]1([H])C([H])([H])OP(=O)(O[H])OC([H])([H])[H]>>[H][N:15]([H])[H:33],EVODEX-P28510
EVODEX-N11402,[H][O:22][H]>>[H]O[C@@]1([H])C([H])([H])[C@]([H])(N2:C([H]):C([H]):C(=[O:22]):N([H]):C:2=O)O[C@]1([H])C([H])([H])OP(=O)(O[H])OC([H])([H])[H],EVODEX-P28512
EVODEX-N11403,[H][O:34][H]>>[H]N=C1:N([H]):C2:C(:C(=O):N:1[H])N([H])C([H])(C([H])([H])N(C([H])=[O:34])C1:C([H]):C([H]):C(C(=O)N([H])[C@]([H])(C(=O)O[H])C([H])([H])C([H])([H])C(=O)O[H]):C([H]):C:1[H])C([H])([H])N2[H],EVODEX-P28516
EVODEX-N11404,[H]N=C1:N([H]):C2:C(:C(=O):N:1[H])N([H])C([H])(C([H])([H])N(C([H])=[O:14])C1:C([H]):C([H]):C(C(=O)N([H])[C@]([H])(C(=O)O[H])C([H])([H])C([H])([H])C(=O)O[H]):C([H]):C:1[H])C([H])([H])N2[H]>>[H][O:14][H],EVODEX-P28518
EVODEX-N11405,[H][N:1]([H])[C:2](=[O:3])[C:4](:[N:5]):[C:8](:[N:7])[N:9]([C:10](=O)[H:17])[H:16]>>[N:1]1:[C:2](=[O:3]):[C:4](:[N:5]):[C:8](:[N:7]):[N:9]([H:16]):[C:10]:1[H:17],EVODEX-P28521
EVODEX-N11406,[H][N:1]([H])[C:2](=[O:3])[C:4](:[N:5]):[C:8](:[N:7])[N:9]([C:10](=[O:11])[H:17])[H:16]>>[H][O:11][H].[N:1]1:[C:2](=[O:3]):[C:4](:[N:5]):[C:8](:[N:7]):[N:9]([H:16]):[C:10]:1[H:17],EVODEX-P28522
EVODEX-N11407,[H]C(N([H])C1:N:C([H]):N([H]):C:1C(=O)N([H])[H])=[O:11]>>[H][O:11][H],EVODEX-P28523
EVODEX-N11408,[H][O:13][H]>>[H]N1C2:C(:N([H]):C(=[O:13]):N([H]):C:2=O)N([H])C([H])([H])C1([H])[H],EVODEX-P28526
EVODEX-N11409,[H]N1C2:C(:N([H]):C(=[N:1][H:14]):N([H]):C:2=O)N([H])C([H])([H])C1([H])[H]>>[H][N:1]([H])[H:14],EVODEX-P28528
EVODEX-N11410,[H][O:13][H]>>[H]C1:N:C2:C(=O):N([H]):C(=[O:13]):N([H]):C:2:N:C:1[H],EVODEX-P28532
EVODEX-N11411,[H]C1:N:C2:C(=O):N([H]):C(=[N:1][H:14]):N([H]):C:2:N:C:1[H]>>[H][N:1]([H])[H:14],EVODEX-P28534
EVODEX-N11412,[H][O:23][H]>>[H]OC([H])([H])C1:C([H]):N([C@]2([H])O[C@]([H])(C([H])([H])OP(=O)(O[H])O[H])[C@@]([H])(O[H])C2([H])[H]):C(=O):N([H]):C:1=[O:23],EVODEX-P28538
EVODEX-N11413,[H]OC([H])([H])C1:C([H]):N([C@]2([H])O[C@]([H])(C([H])([H])OP(=O)(O[H])O[H])[C@@]([H])(O[H])C2([H])[H]):C(=O):N([H]):C:1=[N:1][H:24]>>[H][N:1]([H])[H:24],EVODEX-P28540
EVODEX-N11414,[O:14][P:15](=[O:16])([O:17])[O:18][P:19](=[O:20])([O:21])[O:22].[H][O:1][H:46].[H][O:2][H:48]>>[O:1]([P:15]([O:14])(=[O:16])[O:17])[H:46].[H][O:22].[H][O:18][P:19]([O:2][H:48])(=[O:20])[O:21],"EVODEX-P28542,EVODEX-P29015"
EVODEX-N11415,[H]O[C@@]1([H])C([H])([H])[C@]([H])(N2:C([H]):C([H]):C(=O):N([H]):C:2=O)O[C@]1([H])C([H])([H])OP(=O)(O[H])[O:18][P:19](OP(=O)(O[H])O[H])(=[O:20])[O:21].[H][O:2][H:48]>>[H][O:18][P:19]([O:2][H:48])(=[O:20])[O:21],EVODEX-P28545
EVODEX-N11416,[H]O[C@@]1([H])C([H])([H])[C@]([H])(N2:C([H]):C([H]):C(=O):N([H]):C:2=O)O[C@]1([H])C([H])([H])OP(=O)(O[H])[O:18][P:19](OP(=O)(O[H])O[H])(=[O:20])[O:21]>>[H]O[P:19]([O:18][H])(=[O:20])[O:21],EVODEX-P28546
EVODEX-N11417,[H][O:1][H:46]>>[H]O[C@@]1([H])C([H])([H])[C@]([H])(N2:C([H]):C([H]):C(=O):N([H]):C:2=O)O[C@]1([H])C([H])([H])OP(=O)(O[H])[O:1][H:46],EVODEX-P28548
EVODEX-N11418,[H][O:1][H:46].[H][O:2][H:48]>>[H]O[C@@]1([H])C([H])([H])[C@]([H])(N2:C([H]):C([H]):C(=O):N([H]):C:2=O)O[C@]1([H])C([H])([H])OP(=O)(O[H])[O:1][H:46].[H]OP(=O)(O[H])[O:2][H:48],EVODEX-P28549
EVODEX-N11419,[H]O[C@@]1([H])C([H])([H])[C@]([H])(N2:C([H]):C([H]):C(=O):N([H]):C:2=O)O[C@]1([H])C([H])([H])OP(=O)(O[H])[O:17][P:18]>>[H][O:17][P:18],EVODEX-P28551
EVODEX-N11420,[H][O:21][H]>>[H]OC([H])([H])[C@@]1([H])O[C@@]([H])(N2:C([H]):N:C3:C(=O):N([H]):C(=[O:21]):N([H]):C:3:2)[C@]([H])(O[H])[C@]1([H])O[H],EVODEX-P28555
EVODEX-N11421,[H]OC([H])([H])[C@@]1([H])O[C@@]([H])(N2:C([H]):N:C3:C(=O):N([H]):C(=[N:1][H:22]):N([H]):C:3:2)[C@]([H])(O[H])[C@]1([H])O[H]>>[H][N:1]([H])[H:22],EVODEX-P28557
EVODEX-N11422,[H][O:20][H]>>[H]OC([H])([H])[C@@]1([H])O[C@@]([H])(N2:C([H]):N:C3:C(=O):N([H]):C(=[O:20]):N([H]):C:3:2)C([H])([H])[C@]1([H])O[H],EVODEX-P28561
EVODEX-N11423,[H]OC([H])([H])[C@@]1([H])O[C@@]([H])(N2:C([H]):N:C3:C(=O):N([H]):C(=[N:1][H:21]):N([H]):C:3:2)C([H])([H])[C@]1([H])O[H]>>[H][N:1]([H])[H:21],EVODEX-P28563
EVODEX-N11424,[H][C@:28]([C:9][N:8]1:[C:4](:[N:3]):[C:5](:[C:30]):[N:6]:[C:7]:1[H:36])([C:26])[O:29][H:48].[H][O:33][H]>>[C:7]([O:29][H:48])(=[O:33])[H:36].[H].[H][N:8]1[C:4](:[N:3]):[C:5](:[C:30])[N:6]=[C:28]([C:26])[C:9]1[H],EVODEX-P28565
EVODEX-N11425,[H]O[C@@:28]([H])([C:9][N:8]1:C([H]):[N:6]:[C:5](:[C:30]):[C:4]:1:[N:3])[C:26]>>[H].[H][N:8]1[C:4](:[N:3]):[C:5](:[C:30])[N:6]=[C:28]([C:26])[C:9]1[H],EVODEX-P28566
EVODEX-N11426,[H]O[C@@]1([H])[C@@]([H])([O:29][H:48])[C@]([H])(N2:C3:N:C(N([H])[H]):N([H]):C(=O):C:3:N:[C:7]:2[H:36])O[C@]1([H])C([H])([H])OP(=O)(O[H])OP(=O)(O[H])OP(=O)(O[H])O[H].[H][O:33][H]>>[C:7]([O:29][H:48])(=[O:33])[H:36],EVODEX-P28567
EVODEX-N11427,[H]O[C@@]1([H])[C@@]([H])([O:29][H:48])[C@]([H])(N2:C3:N:C(N([H])[H]):N([H]):C(=O):C:3:N:[C:7]:2[H:36])O[C@]1([H])C([H])([H])OP(=O)(O[H])OP(=O)(O[H])OP(=O)(O[H])O[H]>>O=[C:7]([O:29][H:48])[H:36],EVODEX-P28568
EVODEX-N11428,[H][C@:28]([C:9][N:8]1:[C:4](:[N:3]):[C:5](:[C:30]):[N:6]:[C:7]:1[H:36])([C:26])[O:29][H:48]>>O=[C:7]([O:29][H:48])[H:36].[H].[H][N:8]1[C:4](:[N:3]):[C:5](:[C:30])[N:6]=[C:28]([C:26])[C:9]1[H],EVODEX-P28569
EVODEX-N11429,[H]OP(=O)(O[H])OP(=O)(O[P:14]([O:13])(=[O:15])[O:16])[O:20][H:42].[H]O[C@@:28]1([H])[C:9]([N:8]2:[C:4](:[N:3]):[C:5](:[C:30]):[N:6]:[C:7]:2[H:36])[O:10][C:11][C:26]1.[H][O:33][H]>>[C:7]([O:20][H:42])(=[O:33])[H:36].[H][N:8]1[C:4](:[N:3]):[C:5](:[C:30])[N:6]=[C:28]([C:26][C:11][O:10][P:14]([O:13])(=[O:15])[O:16])[C:9]1[H],EVODEX-P28570
EVODEX-N11430,[H]O[C@@]1([H])[C@@]([H])([O:29][H:48])[C@]([H])(N2:C3:N:C(N([H])[H]):N([H]):C(=O):C:3:N:[C:7]:2[H:36])O[C@]1([H])C([H])([H])OP(=O)(O[H])[O:17][P:18](=[O:19])([O:20][H:42])[O:21].[H][O:33][H]>>[C:7]([O:20][H:42])(=[O:33])[H:36].[H][O:17][P:18](=[O:19])([O:21])[O:29][H:48],EVODEX-P28571
EVODEX-N11431,[H]O[C@@]1([H])[C@@]([H])([O:29][H:48])[C@]([H])(N2:C3:N:C(N([H])[H]):N([H]):C(=O):C:3:N:[C:7]:2[H:36])O[C@]1([H])C([H])([H])OP(=O)(O[H])[O:17][P:18](=[O:19])([O:20][H:42])[O:21]>>O=[C:7]([O:20][H:42])[H:36].[H][O:17][P:18](=[O:19])([O:21])[O:29][H:48],EVODEX-P28572
EVODEX-N11432,[H]C1:[N:6]:[C:5](:[C:30]):[C:4](:[N:3]):[N:8]:1[C:9]1[O:10][C:11][C:26][C@@:28]1([H])[O:29][H:48].[H]O[P:18]([O:17][P:14]([O:13])(=[O:15])[O:16])(=[O:19])[O:21]>>[H][N:8]1[C:4](:[N:3]):[C:5](:[C:30])[N:6]=[C:28]([C:26][C:11][O:10][P:14]([O:13])(=[O:15])[O:16])[C:9]1[H].[H][O:17][P:18](=[O:19])([O:21])[O:29][H:48],EVODEX-P28573
EVODEX-N11433,[H]OP(=O)(O[H])OP(=O)(O[H])O[P:14]([O:13])(=[O:15])[O:16].[H]O[C@@:28]1([H])[C:9]([N:8]2:C([H]):[N:6]:[C:5](:[C:30]):[C:4]:2:[N:3])[O:10][C:11][C:26]1>>[H][N:8]1[C:4](:[N:3]):[C:5](:[C:30])[N:6]=[C:28]([C:26][C:11][O:10][P:14]([O:13])(=[O:15])[O:16])[C:9]1[H],EVODEX-P28574
EVODEX-N11434,[H][C@:28]1([O:29][H:48])[C:9]([N:8]2:[C:4](:[N:3]):[C:5](:[C:30]):[N:6]:[C:7]:2[H:36])[O:10][C:11][C:26]1.[O:13][P:14](=[O:15])([O:16])[O:17][P:18](=[O:19])([O:20][H:42])[O:21]>>O=[C:7]([O:20][H:42])[H:36].[H][N:8]1[C:4](:[N:3]):[C:5](:[C:30])[N:6]=[C:28]([C:26][C:11][O:10][P:14]([O:13])(=[O:15])[O:16])[C:9]1[H].[H][O:17][P:18](=[O:19])([O:21])[O:29][H:48],EVODEX-P28575
EVODEX-N11435,[H][C@:28]1([O:29][H:48])[C:9]([N:8]2:[C:4](:[N:3]):[C:5](:[C:30]):[N:6]:[C:7]:2[H:36])[O:10][C:11][C:26]1.[O:13][P:14](=[O:15])([O:16])[O:17][P:18](=[O:19])([O:20][H:42])[O:21].[H][O:33][H]>>[C:7]([O:20][H:42])(=[O:33])[H:36].[H][N:8]1[C:4](:[N:3]):[C:5](:[C:30])[N:6]=[C:28]([C:26][C:11][O:10][P:14]([O:13])(=[O:15])[O:16])[C:9]1[H].[H][O:17][P:18](=[O:19])([O:21])[O:29][H:48],EVODEX-P28576
EVODEX-N11436,[H]OP(=O)(O[H])OP(=O)(O[P:14]([O:13])(=[O:15])[O:16])[O:20][H:42].[H]O[C@@:28]1([H])[C:9]([N:8]2:[C:4](:[N:3]):[C:5](:[C:30]):[N:6]:[C:7]:2[H:36])[O:10][C:11][C:26]1>>O=[C:7]([O:20][H:42])[H:36].[H][N:8]1[C:4](:[N:3]):[C:5](:[C:30])[N:6]=[C:28]([C:26][C:11][O:10][P:14]([O:13])(=[O:15])[O:16])[C:9]1[H],EVODEX-P28577
EVODEX-N11437,[H]N1C(=O)C([H])([H])N(C([H])([H])[H])C1=[N:8][H:16]>>[H][N:8]([H])[H:16],EVODEX-P28579
EVODEX-N11438,[H][O:9][H]>>[H]N1C(=O)C([H])([H])N(C([H])([H])[H])C1=[O:9],EVODEX-P28581
EVODEX-N11439,[H]N=C(N([H])[H])N(C([H])([H])[H])C([H])([H])C([H])([H])[C@]([H])(N([H])[H])C([H])([H])C(=O)N([H])[C@@]1([H])C([H])=C([H])[C@]([H])(N2:C([H]):C([H]):C(=[N:19][H:51]):N([H]):C:2=O)O[C@]1([H])C(=O)O[H]>>[H][N:19]([H])[H:51],EVODEX-P28585
EVODEX-N11440,[H][O:31][H]>>[H]N=C(N([H])[H])N(C([H])([H])[H])C([H])([H])C([H])([H])[C@]([H])(N([H])[H])C([H])([H])C(=O)N([H])[C@@]1([H])C([H])=C([H])[C@]([H])(N2:C([H]):C([H]):C(=[O:31]):N([H]):C:2=O)O[C@]1([H])C(=O)O[H],EVODEX-P28587
EVODEX-N11441,[H]N=C(N([H])[H])N(C([H])([H])[H])C([H])([H])C([H])([H])[C@]([H])(N([H])C(=O)C([H])([H])[H])C([H])([H])C(=O)N([H])[C@@]1([H])C([H])=C([H])[C@]([H])(N2:C([H]):C([H]):C(=[N:25][H:59]):N([H]):C:2=O)O[C@]1([H])C(=O)O[H]>>[H][N:25]([H])[H:59],EVODEX-P28591
EVODEX-N11442,[H][O:34][H]>>[H]N=C(N([H])[H])N(C([H])([H])[H])C([H])([H])C([H])([H])[C@]([H])(N([H])C(=O)C([H])([H])[H])C([H])([H])C(=O)N([H])[C@@]1([H])C([H])=C([H])[C@]([H])(N2:C([H]):C([H]):C(=[O:34]):N([H]):C:2=O)O[C@]1([H])C(=O)O[H],EVODEX-P28593
EVODEX-N11443,[H]O[C@]([H])(C(=O)C1=NC2:C(:N([H]):C(=[N:12][H:25]):N([H]):C:2=O)N([H])C1([H])[H])C([H])([H])[H]>>[H][N:12]([H])[H:25],EVODEX-P28597
EVODEX-N11444,[H][O:18][H]>>[H]O[C@]([H])(C(=O)C1=NC2:C(:N([H]):C(=[O:18]):N([H]):C:2=O)N([H])C1([H])[H])C([H])([H])[H],EVODEX-P28599
EVODEX-N11445,[H][O:24][H]>>[H]O[C@@]1([H])[C@@]([H])(O[H])[C@]([H])(N([H])C2:C(N([H])[H]):C(=O):N([H]):C(=[O:24]):N:2[H])O[C@]1([H])C([H])([H])OP(=O)(O[H])O[H],EVODEX-P28604
EVODEX-N11446,[H]O[C@@]1([H])[C@@]([H])(O[H])[C@]([H])(N([H])C2:C(N([H])[H]):C(=O):N([H]):C(=[N:1][H:25]):N:2[H])O[C@]1([H])C([H])([H])OP(=O)(O[H])O[H]>>[H][N:1]([H])[H:25],EVODEX-P28606
EVODEX-N11447,[H]OC(=O)C([H])([H])C([H])([H])[C@]([H])(OP(=O)(O[H])OC([H])([H])[C@@]1([H])O[C@]([H])(OC([H])([H])[C@@]([H])(O[H])[C@@]([H])(O[H])[C@@]([H])(O[H])C([H])([H])C2:C([H]):C([H]):C(N([H])[C@]([H])(C([H])([H])[H])C3([H])N(C([H])=[O:14])C4:C(:N:C(N([H])[H]):N([H]):C:4=O)N([H])[C@@]3([H])C([H])([H])[H]):C([H]):C:2[H])[C@]([H])(O[H])[C@]1([H])O[H])C(=O)O[H]>>[H][O:14][H],EVODEX-P28608
EVODEX-N11448,[H][O:55][H]>>[H]OC(=O)C([H])([H])C([H])([H])[C@]([H])(OP(=O)(O[H])OC([H])([H])[C@@]1([H])O[C@]([H])(OC([H])([H])[C@@]([H])(O[H])[C@@]([H])(O[H])[C@@]([H])(O[H])C([H])([H])C2:C([H]):C([H]):C(N([H])[C@]([H])(C([H])([H])[H])C3([H])N(C([H])=[O:55])C4:C(:N:C(N([H])[H]):N([H]):C:4=O)N([H])[C@@]3([H])C([H])([H])[H]):C([H]):C:2[H])[C@]([H])(O[H])[C@]1([H])O[H])C(=O)O[H],EVODEX-P28612
EVODEX-N11449,[H]N1:C(=O):C2:C(:N([H]):C:1=[N:1][H:14]):N([H]):C(=O):N:2[H]>>[H][N:1]([H])[H:14],EVODEX-P28617
EVODEX-N11450,[C:2][N:4]=[C:5](:[N:6]):[N:12].[H][O:13][H]>>[H][N:4]([H])[C:2].[C:5](:[N:6])(:[N:12])=[O:13],"EVODEX-P28619,EVODEX-P28630"
EVODEX-N11451,[H]C([H])([H])C([H])(N=[C:5](:[N:6]):[N:12])C([H])([H])[H].[H][O:13][H]>>[C:5](:[N:6])(:[N:12])=[O:13],EVODEX-P28620
EVODEX-N11452,[H][O:13][H]>>[H]N1:C(=O):N([H]):C(=[O:13]):N([H]):C:1=O,EVODEX-P28621
EVODEX-N11453,[H]C([H])([H])C([H])(N=[C:5](:[N:6]):[N:12])C([H])([H])[H]>>O=[C:5](:[N:6]):[N:12],EVODEX-P28622
EVODEX-N11454,[H]N1:C(=O):N([H]):C(=[N:4][C:2]):N([H]):C:1=O>>[H][N:4]([H])[C:2],EVODEX-P28623
EVODEX-N11455,[C:2][N:4]=[C:5]>>[H][N:4]([H])[C:2].O=[C:5],"EVODEX-P28624,EVODEX-P28635"
EVODEX-N11456,[H]N1:C(=O):N([H]):C(=[N:1][H:11]):N([H]):C:1=O>>[H][N:1]([H])[H:11],EVODEX-P28628
EVODEX-N11457,[H][O:15][H]>>[H]N1:C(=O):N([H]):C(=[O:15]):N([H]):C:1=NC([H])(C([H])([H])[H])C([H])([H])[H],EVODEX-P28632
EVODEX-N11458,[H]N1:C(=O):N([H]):C(=[N:3][C:2]):N([H]):C:1=NC([H])(C([H])([H])[H])C([H])([H])[H]>>[H][N:3]([H])[C:2],EVODEX-P28634
EVODEX-N11459,[N:3]:[C:4]([Cl:5]):[N:6].[H][O:10][H:14]>>[H][Cl:5].[N:3]:[C:4](:[N:6])[O:10][H:14],EVODEX-P28636
EVODEX-N11460,Cl[C:4](:[N:3]):[N:6].[H][O:10][H:14]>>[N:3]:[C:4](:[N:6])[O:10][H:14],EVODEX-P28637
EVODEX-N11461,[H][O:10][H:14]>>[H]N([H])C1:N:C([O:10][H:14]):N:C(=O):N:1[H],EVODEX-P28638
EVODEX-N11462,Cl[C:4](:[N:3]):[N:6]>>[H]O[C:4](:[N:3]):[N:6],EVODEX-P28639
EVODEX-N11463,[H]N([H])C1:N:C([Cl:5]):N:C(=O):N:1[H]>>[H][Cl:5],EVODEX-P28640
EVODEX-N11464,[C:1][C:2](=[N:3][C:4])[N:10].[H][O:11][H]>>[C:1][C:2]([N:10])=[O:11].[H][N:3]([H])[C:4],"EVODEX-P28642,EVODEX-P30627"
EVODEX-N11465,[H][O:11][H]>>[H]OC(=O)[C@@]([H])(N([H])C(C([H])([H])[H])=[O:11])C([H])([H])C([H])([H])N([H])[H],EVODEX-P28643
EVODEX-N11466,[C:2]=[N:3][C:4]>>O=[C:2].[H][N:3]([H])[C:4],"EVODEX-P28644,EVODEX-P30629"
EVODEX-N11467,[H]N=C1:N([H]):C(=O):N([H]):C(=[N:1][H:11]):N:1[H]>>[H][N:1]([H])[H:11],EVODEX-P28648
EVODEX-N11468,[H][N:6]1:[C:4]:[N:3]:[C:2](=[N:1][H:11]):[N:9]:[C:7]:1.[H][O:10][H]>>[H][N:1]([H])[H:11].[H][N:3]1:[C:2](=[O:10]):[N:9]:[C:7]:[N:6]:[C:4]:1,EVODEX-P28650
EVODEX-N11469,[H]N=[C:2]1:[N:3]:[C:4]:[N:6]([H]):[C:7]:[N:9]:1.[H][O:10][H]>>[H][N:3]1:[C:2](=[O:10]):[N:9]:[C:7]:[N:6]:[C:4]:1,EVODEX-P28651
EVODEX-N11470,[H][O:10][H]>>[H]N=C1:N:C(Cl):N([H]):C(=[O:10]):N:1[H],EVODEX-P28652
EVODEX-N11471,[H]N=[C:2]1:[N:3]:[C:4]:[N:6]([H]):[C:7]:[N:9]:1>>[H][N:3]1:[C:2](=O):[N:9]:[C:7]:[N:6]:[C:4]:1,EVODEX-P28653
EVODEX-N11472,[H]N=C1:N([H]):C(Cl):N:C(=[N:1][H:11]):N:1[H]>>[H][N:1]([H])[H:11],EVODEX-P28654
EVODEX-N11473,[H][N:6](:[C:4]:[N:3]:[C:2]=[N:1][H:11]):[C:7]>>[H][N:1]([H])[H:11].[H][N:3](:[C:2]=O):[C:4]:[N:6]:[C:7],EVODEX-P28655
EVODEX-N11474,[N:1]#[C:2][C:3].[H][O:10][H]>>[H]O[C:2]([C:3])=[O:10].[H][N:1]([H])[H],"EVODEX-P28656,EVODEX-P28662,EVODEX-P28668,EVODEX-P28674,EVODEX-P28680,EVODEX-P28685,EVODEX-P28691,EVODEX-P28696,EVODEX-P28701,EVODEX-P28707,EVODEX-P28712,EVODEX-P28717"
EVODEX-N11475,[H][O:13][H:21]>>[H]C1:C([H]):C(C([H])([H])C(=O)[O:13][H:21]):C(Cl):C([H]):C:1Cl,EVODEX-P28657
EVODEX-N11476,[H]C1:C([H]):C(C([H])([H])C#[N:1]):C(Cl):C([H]):C:1Cl>>[H][N:1]([H])[H],EVODEX-P28658
EVODEX-N11477,N#[C:2][C:3].[H][O:10][H]>>[H]O[C:2]([C:3])=[O:10],"EVODEX-P28659,EVODEX-P28665,EVODEX-P28671,EVODEX-P28677,EVODEX-P28682,EVODEX-P28688,EVODEX-P28693,EVODEX-P28698,EVODEX-P28704,EVODEX-P28709,EVODEX-P28714,EVODEX-P28719"
EVODEX-N11478,N#[C:2][C:3]>>[H]O[C:2](=O)[C:3],"EVODEX-P28660,EVODEX-P28666,EVODEX-P28672,EVODEX-P28678,EVODEX-P28683,EVODEX-P28689,EVODEX-P28694,EVODEX-P28699,EVODEX-P28705,EVODEX-P28710,EVODEX-P28715,EVODEX-P28720"
EVODEX-N11479,[N:1]#[C:2][C:3]>>[H]O[C:2](=O)[C:3].[H][N:1]([H])[H],"EVODEX-P28661,EVODEX-P28667,EVODEX-P28673,EVODEX-P28679,EVODEX-P28684,EVODEX-P28690,EVODEX-P28695,EVODEX-P28700,EVODEX-P28706,EVODEX-P28711,EVODEX-P28716,EVODEX-P28721"
EVODEX-N11480,[H][O:12][H:23]>>[H]C1:C([H]):C(C([H])([H])[H]):C([H]):C(N([H])[H]):C:1C(=O)[O:12][H:23],EVODEX-P28663
EVODEX-N11481,[H]C1:C([H]):C(C([H])([H])[H]):C([H]):C(N([H])[H]):C:1C#[N:7]>>[H][N:7]([H])[H],EVODEX-P28664
EVODEX-N11482,[H][O:14][H:25]>>[H]C1:C(OC([H])([H])[H]):C(C(=O)[O:14][H:25]):C(=O):N(C([H])([H])[H]):C:1[H],EVODEX-P28669
EVODEX-N11483,[H]C1:C(OC([H])([H])[H]):C(C#[N:12]):C(=O):N(C([H])([H])[H]):C:1[H]>>[H][N:12]([H])[H],EVODEX-P28670
EVODEX-N11484,[H][O:11][H:18]>>[H]C1:C([H]):C([H]):N([H]):C(=O):C:1C(=O)[O:11][H:18],EVODEX-P28675
EVODEX-N11485,[H]C1:C([H]):C([H]):N([H]):C(=O):C:1C#[N:1]>>[H][N:1]([H])[H],EVODEX-P28676
EVODEX-N11486,[H]OC(=O)[C@@]([H])(N([H])[H])C([H])([H])C#[N:1]>>[H][N:1]([H])[H],EVODEX-P28681
EVODEX-N11487,[H][O:12][H:24]>>[H]C1:C([H]):C([H]):C(C([H])([H])C([H])([H])C(=O)[O:12][H:24]):C([H]):C:1[H],EVODEX-P28686
EVODEX-N11488,[H]C1:C([H]):C([H]):C(C([H])([H])C([H])([H])C#[N:1]):C([H]):C:1[H]>>[H][N:1]([H])[H],EVODEX-P28687
EVODEX-N11489,[H]OC([H])(C#[N:1])C1:C([H]):C([H]):C([H]):C([H]):C:1[H]>>[H][N:1]([H])[H],EVODEX-P28692
EVODEX-N11490,[H]C1:C([H]):C([H]):C(C([H])([H])C#[N:1]):C([H]):C:1[H]>>[H][N:1]([H])[H],EVODEX-P28697
EVODEX-N11491,[H][O:13][H:19]>>[H]OC1:C(Br):C([H]):C(C(=O)[O:13][H:19]):C([H]):C:1Br,EVODEX-P28702
EVODEX-N11492,[H]OC1:C(Br):C([H]):C(C#[N:1]):C([H]):C:1Br>>[H][N:1]([H])[H],EVODEX-P28703
EVODEX-N11493,[H]OC1:C([H]):C([H]):C(C#[N:1]):C([H]):C:1[H]>>[H][N:1]([H])[H],EVODEX-P28708
EVODEX-N11494,[H]N([H])C([H])([H])C([H])([H])C#[N:1]>>[H][N:1]([H])[H],EVODEX-P28713
EVODEX-N11495,[H]C([H])([H])C([H])([H])C([H])([H])C#[N:5]>>[H][N:5]([H])[H],EVODEX-P28718
EVODEX-N11496,[H]N=C1:C(C([H])([H])[N:7]([H:18])[H:19]):C([H]):N:C(C([H])([H])[H]):N:1[H]>>[H][N:7]([H:18])[H:19],EVODEX-P28723
EVODEX-N11497,[H]N([H])[C:6]([C:5])([H:16])[H:17].[H][O:11][H:22]>>[C:5][C:6]([O:11][H:22])([H:16])[H:17],EVODEX-P28724
EVODEX-N11498,[H][O:11][H:22]>>[H]N=C1:C(C([H])([H])[O:11][H:22]):C([H]):N:C(C([H])([H])[H]):N:1[H],EVODEX-P28725
EVODEX-N11499,[H]N([H])[C:6]([C:5])([H:16])[H:17]>>[H]O[C:6]([C:5])([H:16])[H:17],EVODEX-P28726
EVODEX-N11500,[C:5][C:6]([O:7])([H:16])[H:17].[H][N:11]([H:21])[H:22]>>[C:5][C:6]([N:11]([H:21])[H:22])([H:16])[H:17].[H][O:7],EVODEX-P28728
EVODEX-N11501,[H]N=C1:C(C([H])([H])[O:7][H:18]):C([H]):N:C(C([H])([H])[H]):N:1[H]>>[H][O:7][H:18],EVODEX-P28729
EVODEX-N11502,[H]O[C:6]([C:5])([H:16])[H:17].[H][N:11]([H:21])[H:22]>>[C:5][C:6]([N:11]([H:21])[H:22])([H:16])[H:17],EVODEX-P28730
EVODEX-N11503,[H][N:11]([H:21])[H:22]>>[H]N=C1:C(C([H])([H])[N:11]([H:21])[H:22]):C([H]):N:C(C([H])([H])[H]):N:1[H],EVODEX-P28731
EVODEX-N11504,[H]O[C:6]([C:5])([H:16])[H:17]>>[H]N([H])[C:6]([C:5])([H:16])[H:17],EVODEX-P28732
EVODEX-N11505,[N:1]/[C:2](=[C:3](/[C:4])[H:15])[C:9].[H][O:12][H]>>[H][C:3]([C:2]([C:9])=[O:12])([C:4])[H:15].[H][N:1],EVODEX-P28734
EVODEX-N11506,[H]OC(=O)/C([H])=C([H])\C([H])=C(/C(=O)O[H])[N:1]([H:13])[H:14]>>[H][N:1]([H:13])[H:14],EVODEX-P28735
EVODEX-N11507,[H]N([H])/[C:2](=[C:3](/[C:4])[H:15])[C:9].[H][O:12][H]>>[H][C:3]([C:2]([C:9])=[O:12])([C:4])[H:15],EVODEX-P28736
EVODEX-N11508,[H][O:12][H]>>[H]OC(=O)C(C([H])([H])/C([H])=C(/[H])C(=O)O[H])=[O:12],EVODEX-P28737
EVODEX-N11509,[H]N([H])/[C:2](=[C:3](/[C:4])[H:15])[C:9]>>[H][C:3]([C:2](=O)[C:9])([C:4])[H:15],EVODEX-P28738
EVODEX-N11510,[N:1]/[C:2](=[C:3](/[C:4])[H:15])[C:9]>>[H][C:3]([C:2](=O)[C:9])([C:4])[H:15].[H][N:1],EVODEX-P28739
EVODEX-N11511,[H][N:1]([H:18])[H:19].[H][C:12]([C:10]([O:9][C:8])([O:11])[C:14])([O:13])[H:27]>>[H][C@:10]([N:1]([H:18])[H:19])([C@:12]([O:9][C:8])([O:13])[H:27])[C:14].[H][O:11],EVODEX-P28740
EVODEX-N11512,[H]OC([H])([H])C1([O:11][H:26])O[C@]([H])(C([H])([H])OP(=O)(O[H])O[H])[C@@]([H])(O[H])[C@]1([H])O[H]>>[H][O:11][H:26],EVODEX-P28741
EVODEX-N11513,[H][N:1]([H:18])[H:19].[H]O[C:10]([O:9][C:8])([C:12]([H])([O:13])[H:27])[C:14]>>[H][C@:10]([N:1]([H:18])[H:19])([C@:12]([O:9][C:8])([O:13])[H:27])[C:14],EVODEX-P28742
EVODEX-N11514,[H]O[C:10]([O:9][C:8])([C:12]([H])([O:13])[H:27])[C:14]>>[H]N([H])[C@@:10]([H])([C@:12]([O:9][C:8])([O:13])[H:27])[C:14],EVODEX-P28743
EVODEX-N11515,[H][N:1]([H:18])[H:19]>>[H]O[C@@]1([H])O[C@]([H])(C([H])([H])OP(=O)(O[H])O[H])[C@@]([H])(O[H])[C@]([H])(O[H])[C@@]1([H])[N:1]([H:18])[H:19],EVODEX-P28744
EVODEX-N11516,[H][C:12]([C:10][O:9][C:8])([O:13])[H:27]>>[H]N([H])[C:10]([H])[C@:12]([O:9][C:8])([O:13])[H:27].[H],EVODEX-P28745
EVODEX-N11517,[H][C@@:2]([N:1])([C:3])[C:15][O:14][C:7].[H][O:17][H:32]>>[H][C:15][C:2]([C:3])([O:14][C:7])[O:17][H:32].[H][N:1],EVODEX-P28746
EVODEX-N11518,[H]O[C@@]1([H])O[C@]([H])(C([H])([H])OP(=O)(O[H])O[H])[C@@]([H])(O[H])[C@]([H])(O[H])[C@@]1([H])[N:1]([H:18])[H:19]>>[H][N:1]([H:18])[H:19],EVODEX-P28747
EVODEX-N11519,[H]N([H])[C@:2]([H])([C:3])[C:15][O:14][C:7].[H][O:17][H:32]>>[H][C:15][C:2]([C:3])([O:14][C:7])[O:17][H:32],EVODEX-P28748
EVODEX-N11520,[H]N([H])[C@:2]([H])([C:3])[C:15][O:14][C:7]>>[H]O[C:2]([C:3])([O:14][C:7])[C:15][H],EVODEX-P28749
EVODEX-N11521,[H][C@@:2]([N:1])([C:3])[C:15][O:14][C:7]>>[H]O[C:2]([C:3])([O:14][C:7])[C:15][H].[H][N:1],EVODEX-P28750
EVODEX-N11522,[N:1][C:2](:[C:3]):[C:10].[H][O:14][H:21]>>[H][N:1].[C:2](:[C:3])(:[C:10])[O:14][H:21],EVODEX-P28751
EVODEX-N11523,[H]N([H])[C:2](:[C:3]):[C:10].[H][O:14][H:21]>>[C:2](:[C:3])(:[C:10])[O:14][H:21],EVODEX-P28752
EVODEX-N11524,[H]N([H])[C:2](:[C:3]):[C:10]>>[H]O[C:2](:[C:3]):[C:10],EVODEX-P28754
EVODEX-N11525,[C:2][C:3](=[N:4][H:14])[C:5].[H][O:8][H]>>[C:2][C:3]([C:5])=[O:8].[H][N:4]([H])[H:14],"EVODEX-P28757,EVODEX-P28762"
EVODEX-N11526,[H]OC(=O)C(C([H])([H])C([H])([H])[H])=[N:4][H:14]>>[H][N:4]([H])[H:14],EVODEX-P28758
EVODEX-N11527,[H]N=[C:3]([C:2])[C:5].[H][O:8][H]>>[C:2][C:3]([C:5])=[O:8],"EVODEX-P28759,EVODEX-P28764"
EVODEX-N11528,[H]N=[C:3]([C:2])[C:5]>>O=[C:3]([C:2])[C:5],"EVODEX-P28760,EVODEX-P28765"
EVODEX-N11529,[H]OC(=O)C(C([H])([H])[H])=[N:3][H:11]>>[H][N:3]([H])[H:11],EVODEX-P28763
EVODEX-N11530,[N:1][C:2](=[C:3])[C:9].[H][O:12][H:20]>>[C:2](=[C:3])([C:9])[O:12][H:20].[H][N:1],"EVODEX-P28767,EVODEX-P28771"
EVODEX-N11531,[H]N([H])[C:2](=[C:3])[C:9].[H][O:12][H:20]>>[C:2](=[C:3])([C:9])[O:12][H:20],"EVODEX-P28768,EVODEX-P28773"
EVODEX-N11532,[H]N([H])[C:2](=[C:3])[C:9]>>[H]O[C:2](=[C:3])[C:9],"EVODEX-P28769,EVODEX-P28774"
EVODEX-N11533,[H]OC(=O)/C(Cl)=C([H])\C([H])=C(/C(=O)O[H])[N:1]([H:14])[H:15]>>[H][N:1]([H:14])[H:15],EVODEX-P28772
EVODEX-N11534,[H][O:1][H:17]>>[H]OP(=O)(O[H])OP(=O)(O[H])OP(=O)(O[H])[O:1][H:17],EVODEX-P28777
EVODEX-N11535,[H][O:32][H:50].[H][O:33][H:52]>>[H]O[C@@]1([H])[C@@]([H])(O[H])[C@]([H])(N2:C([H]):N:C3:C(N([H])[H]):N:C([H]):N:C:3:2)O[C@]1([H])C([H])([H])OP(=O)(O[H])[O:32][H:50].[H]OP(=O)(O[H])[O:33][H:52],EVODEX-P28779
EVODEX-N11536,[H][O:1][H:46]>>[H]O[C@@]1([H])[C@@]([H])(O[H])[C@]([H])(N2:C([H]):C([H]):C(=O):N([H]):C:2=O)O[C@]1([H])C([H])([H])OP(=O)(O[H])OP(=O)(O[H])[O:1][H:46],EVODEX-P28782
EVODEX-N11537,[H]O[C@@]1([H])[C@@]([H])(O[H])[C@]([H])(N2:C([H]):C([H]):C(=O):N([H]):C:2=O)O[C@]1([H])C([H])([H])OP(=O)(O[H])OP(=O)(O[H])[O:19][P:20]>>[H][O:19][P:20],EVODEX-P28783
EVODEX-N11538,[H]OP(=O)(O[H])O[C:3](=[O:2])[C:9].[H][O:1][H:25]>>[O:1]([C:3](=[O:2])[C:9])[H:25],"EVODEX-P28786,EVODEX-P28789"
EVODEX-N11539,[H][O:30][H:47]>>[H]O[C@@]1([H])[C@@]([H])(O[H])[C@]([H])(N2:C([H]):C([H]):C(N([H])[H]):N:C:2=O)O[C@]1([H])C([H])([H])OP(=O)(O[H])[O:30][H:47],EVODEX-P28793
EVODEX-N11540,[H]O[C@@]1([H])[C@@]([H])(O[H])[C@]([H])(N2:C([H]):N:C3:C(N([H])[H]):N:C([H]):N:C:3:2)O[C@]1([H])C([H])([H])OP(=O)(O[H])O[P:14]([O:13])(=[O:15])[O:16].[H][O:45][H:74]>>[O:13][P:14](=[O:15])([O:16])[O:45][H:74],"EVODEX-P28797,EVODEX-P28802,EVODEX-P28827"
EVODEX-N11541,[H]O[C@@]([H])([C@@]([H])(O[H])C([H])([H])N1:C2:N:C(=O):N([H]):C(=O):C2:N:C2:C([H]):C(C([H])([H])[H]):C(C([H])([H])[H]):C([H]):C:2:1)[C@]([H])(O[H])C([H])([H])OP(=O)(O[H])[O:27][P:28]>>[H][O:27][P:28],EVODEX-P28801
EVODEX-N11542,[H][O:54][H:88]>>[H]O[C@@]([H])([C@@]([H])(O[H])C([H])([H])N1:C2:N:C(=O):N([H]):C(=O):C2:N:C2:C([H]):C(C([H])([H])[H]):C(C([H])([H])[H]):C([H]):C:2:1)[C@]([H])(O[H])C([H])([H])OP(=O)(O[H])[O:54][H:88],EVODEX-P28803
EVODEX-N11543,[H]OP(=O)(O[H])OP(=O)(O[H])OP(=O)(O[H])OP(=O)(O[H])OP(=O)(O[H])OP(=O)(O[H])OP(=O)(O[H])OP(=O)(O[H])OP(=O)(O[H])OP(=O)(O[H])OP(=O)(O[H])OP(=O)(O[H])OP(=O)(O[H])OP(=O)(O[H])O[P:3](=[O:2])([O:4])[O:5].[H][O:1][H:80]>>[O:1]([P:3](=[O:2])([O:4])[O:5])[H:80],EVODEX-P28807
EVODEX-N11544,[H]OP(=O)(O[H])OP(=O)(O[H])OP(=O)(O[H])OP(=O)(O[H])OP(=O)(O[H])OP(=O)(O[H])OP(=O)(O[H])OP(=O)(O[H])OP(=O)(O[H])OP(=O)(O[H])OP(=O)(O[H])OP(=O)(O[H])OP(=O)(O[H])OP(=O)(O[H])O[P:3](=[O:2])([O:4])[O:5]>>[H]O[P:3](=[O:2])([O:4])[O:5],EVODEX-P28808
EVODEX-N11545,[H][O:29][H:46]>>[H]O[C@@]1([H])C([H])([H])[C@]([H])(N2:C([H]):C([H]):C(N([H])[H]):N:C:2=O)O[C@]1([H])C([H])([H])OP(=O)(O[H])[O:29][H:46],EVODEX-P28812
EVODEX-N11546,[H]O[C@@]1([H])C([H])([H])[C@]([H])(N2:C([H]):C(C([H])([H])[H]):C(N([H])[H]):N:C:2=O)O[C@]1([H])C([H])([H])OP(=O)(O[H])[O:15][P:16]>>[H][O:15][P:16],EVODEX-P28816
EVODEX-N11547,[H][O:30][H:49]>>[H]O[C@@]1([H])C([H])([H])[C@]([H])(N2:C([H]):C(C([H])([H])[H]):C(N([H])[H]):N:C:2=O)O[C@]1([H])C([H])([H])OP(=O)(O[H])[O:30][H:49],EVODEX-P28818
EVODEX-N11548,[H]O[C@]1([H])O[C@]([H])(C([H])([H])OP(=O)(O[H])O[P:16]([O:15])(=[O:17])[O:18])[C@@]([H])(O[H])[C@@]1([H])O[H].[H][O:37][H:61]>>[O:15][P:16](=[O:17])([O:18])[O:37][H:61],EVODEX-P28822
EVODEX-N11549,[H]O[C@]1([H])O[C@]([H])(C([H])([H])OP(=O)(O[H])O[P:16]([O:15])(=[O:17])[O:18])[C@@]([H])(O[H])[C@@]1([H])O[H]>>[H]O[P:16]([O:15])(=[O:17])[O:18],EVODEX-P28823
EVODEX-N11550,[H]O[C@@]1([H])[C@@]([H])(O[H])[C@]([H])(N2C([H])=C([H])C([H])([H])C(C(=O)N([H])[H])=C2[H])O[C@]1([H])C([H])([H])OP(=O)(O[H])[O:15][P:16]>>[H][O:15][P:16],EVODEX-P28826
EVODEX-N11551,[H][O:45][H:75]>>[H]O[C@@]1([H])[C@@]([H])(O[H])[C@]([H])(N2C([H])=C([H])C([H])([H])C(C(=O)N([H])[H])=C2[H])O[C@]1([H])C([H])([H])OP(=O)(O[H])[O:45][H:75],EVODEX-P28828
EVODEX-N11552,[H]O[C@@]1([H])[C@@]([H])(O[H])[C@]([H])(N2:C([H]):N:C3:C(N([H])[H]):N:C([H]):N:C:3:2)O[C@]1([H])C([H])([H])OP(=O)(O[H])O[P:12]([O:11])(=[O:13])[O:14]>>[H]O[P:12]([O:11])(=[O:13])[O:14],EVODEX-P28829
EVODEX-N11553,[H]O[P:33](=[O:32])([O:35])[O:36]>>[H]O[C@@]1([H])[C@@]([H])(O[H])[C@]([H])(N2:C([H]):N:C3:C(N([H])[H]):N:C([H]):N:C:3:2)O[C@]1([H])C([H])([H])OP(=O)(O[H])OP(=O)(O[H])OP(=O)(O[H])O[P:33](=[O:32])([O:35])[O:36],EVODEX-P28833
EVODEX-N11554,[H]O[C@@]1([H])[C@@]([H])(O[H])[C@]([H])(N2:C([H]):N:C3:C(N([H])[H]):N:C([H]):N:C:3:2)O[C@]1([H])C([H])([H])OP(=O)(O[H])C([H])([H])P(=O)(O[H])OP(=O)(O[H])[O:27][P:28]>>[H][O:27][P:28],EVODEX-P28837
EVODEX-N11555,[H][O:36][H:56]>>[H]O[C@@]1([H])[C@@]([H])(O[H])[C@]([H])(N2:C([H]):N:C3:C(N([H])[H]):N:C([H]):N:C:3:2)O[C@]1([H])C([H])([H])OP(=O)(O[H])C([H])([H])P(=O)(O[H])OP(=O)(O[H])[O:36][H:56],EVODEX-P28839
EVODEX-N11556,[H][O:1][H:45]>>[H]O[C@@]1([H])C([H])([H])[C@]([H])(N2:C([H]):C([H]):C(=O):N([H]):C:2=O)O[C@]1([H])C([H])([H])OP(=O)(O[H])OP(=O)(O[H])[O:1][H:45],EVODEX-P28844
EVODEX-N11557,[H]O[C@@]1([H])C([H])([H])[C@]([H])(N2:C([H]):C([H]):C(N([H])[H]):N:C:2=O)O[C@]1([H])C([H])([H])OP(=O)(O[H])OP(=O)(O[H])[O:20][P:21]>>[H][O:20][P:21],EVODEX-P28848
EVODEX-N11558,[H][O:29][H:46]>>[H]O[C@@]1([H])C([H])([H])[C@]([H])(N2:C([H]):C([H]):C(N([H])[H]):N:C:2=O)O[C@]1([H])C([H])([H])OP(=O)(O[H])OP(=O)(O[H])[O:29][H:46],EVODEX-P28850
EVODEX-N11559,[H]OC([H])([H])C([H])(O[H])C([H])([H])OP(=O)(O[H])O[P:11]([O:10])(=[O:12])[O:13].[H][O:31][H:53]>>[O:10][P:11](=[O:12])([O:13])[O:31][H:53],EVODEX-P28854
EVODEX-N11560,[H]O[C@@]1([H])[C@@]([H])(O[H])[C@]([H])(N2:C([H]):N:C3:C(N([H])[H]):N:C([H]):N:C:3:2)O[C@]1([H])C([H])([H])OP(=O)(O[H])OP(=O)(O[H])OP(=O)(O[H])O[P:16]([O:15])(=[O:17])[O:18].[H][O:54][H:83]>>[O:15][P:16](=[O:17])([O:18])[O:54][H:83],"EVODEX-P28858,EVODEX-P28863"
EVODEX-N11561,[H]O[C@@]1([H])[C@@]([H])(O[H])[C@]([H])(N2:C([H]):N:C3:C(N([H])[H]):N:C([H]):N:C:3:2)O[C@]1([H])C([H])([H])OP(=O)(O[H])OP(=O)(O[H])OP(=O)(O[H])O[P:16]([O:15])(=[O:17])[O:18]>>[H]O[P:16]([O:15])(=[O:17])[O:18],"EVODEX-P28859,EVODEX-P28864"
EVODEX-N11562,[H]C1:C([H]):C([H]):C(C(=O)[O:19][P:16]):C([H]):C:1[H]>>[H][O:19][P:16],EVODEX-P28867
EVODEX-N11563,[H]O[C@@]1([H])[C@@]([H])(O[H])[C@]([H])(N2:C([H]):N:C3:C(N([H])[H]):N:C([H]):N:C:3:2)O[C@]1([H])C([H])([H])OP(=O)(O[H])O[C:20](=[O:21])[C:22].[H][O:32][H:51]>>[C:20](=[O:21])([C:22])[O:32][H:51],"EVODEX-P28868,EVODEX-P28873"
EVODEX-N11564,[H]O[C@@]1([H])[C@@]([H])(O[H])[C@]([H])(N2:C([H]):N:C3:C(N([H])[H]):N:C([H]):N:C:3:2)O[C@]1([H])C([H])([H])OP(=O)(O[H])O[C:20](=[O:21])[C:22]>>[H]O[C:20](=[O:21])[C:22],"EVODEX-P28869,EVODEX-P28874"
EVODEX-N11565,[H][O:28][C:27].[O:19][P:20](=[O:21])([O:22])[O:23].[H][O:39][H:65]>>[H][O:19].[H][O:23].[P:20](=[O:21])([O:22])([O:28][C:27])[O:39][H:65],"EVODEX-P28876,EVODEX-P28981,EVODEX-P31464"
EVODEX-N11566,[H]O[C@@]1([H])[C@@]([H])(O[H])[C@@]([H])(N2:C([H]):N:C3:C(N([H])[H]):N:C([H]):N:C:3:2)O[C@]1([H])C([H])([H])OP(=O)(O[H])O[P:20](=[O:21])([O:22])[O:23].[H][O:28][C:27].[H][O:39][H:65]>>[H][O:23].[P:20](=[O:21])([O:22])([O:28][C:27])[O:39][H:65],"EVODEX-P28877,EVODEX-P28982"
EVODEX-N11567,[H]O[C@@]1([H])[C@@]([H])(O[H])[C@@]([H])(N2:C([H]):N:C3:C(N([H])[H]):N:C([H]):N:C:3:2)O[C@]1([H])C([H])([H])OP(=O)(O[H])O[P:20](=[O:21])([O:22])[O:23].[H][O:28][C:27]>>[H]O[P:20](=[O:21])([O:22])[O:28][C:27].[H][O:23],"EVODEX-P28878,EVODEX-P28983"
EVODEX-N11568,[H][O:28][C:27].[O:19][P:20](=[O:21])([O:22])[O:23]>>[H][O:19].[H]O[P:20](=[O:21])([O:22])[O:28][C:27].[H][O:23],"EVODEX-P28880,EVODEX-P28984,EVODEX-P31468"
EVODEX-N11569,[H]O[C@@]1([H])[C@@]([H])(O[H])[C@]([H])(N2:C([H]):N:C3:C(=O):N([H]):C(N([H])[H]):N:C:3:2)O[C@]1([H])C([H])([H])OP(=O)(O[H])O[P:18](=[O:19])([O:20])[O:21].[H][O:40][H:66]>>[P:18](=[O:19])([O:20])([O:21])[O:40][H:66],"EVODEX-P28882,EVODEX-P29042"
EVODEX-N11570,[H][O:40][H:66]>>[H]OC([H])([H])[C@@]1([H])O[C@]([H])(OP(=O)(O[H])[O:40][H:66])[C@]([H])(O[H])[C@@]([H])(O[H])[C@]1([H])O[H],EVODEX-P28883
EVODEX-N11571,[H]OC1([H])[C@]([H])(N2:C([H]):N:C3:C(N([H])[H]):N:C([H]):N:C:3:2)O[C@]([H])(C([H])([H])OP(=O)(O[H])O[C:20](:[C:21]):[C:28])[C@]1([H])O[H].[H][O:33][H:51]>>[C:20](:[C:21])(:[C:28])[O:33][H:51],EVODEX-P28887
EVODEX-N11572,[H]OC1([H])[C@]([H])(N2:C([H]):N:C3:C(N([H])[H]):N:C([H]):N:C:3:2)O[C@]([H])(C([H])([H])OP(=O)(O[H])O[C:20](:[C:21]):[C:28])[C@]1([H])O[H]>>[H]O[C:20](:[C:21]):[C:28],EVODEX-P28888
EVODEX-N11573,[H]N=C1:N([H]):C(=O):C2:N:C([H]):N([C@]3([H])O[C@]([H])(C([H])([H])OP(=O)(O[H])O[C:19](:[C:20]):[C:27])[C@@]([H])(O[H])[C@@]3([H])O[H]):C:2:N:1[H].[H][O:34][H:52]>>[C:19](:[C:20])(:[C:27])[O:34][H:52],EVODEX-P28892
EVODEX-N11574,[H]N=C1:N([H]):C(=O):C2:N:C([H]):N([C@]3([H])O[C@]([H])(C([H])([H])OP(=O)(O[H])O[C:19](:[C:20]):[C:27])[C@@]([H])(O[H])[C@@]3([H])O[H]):C:2:N:1[H]>>[H]O[C:19](:[C:20]):[C:27],EVODEX-P28893
EVODEX-N11575,[H]OP(=O)(OC([H])([H])[C@]([H])(OC(=O)C([H])([H])C([H])([H])C([H])([H])C([H])([H])C([H])([H])C([H])([H])C([H])([H])C([H])([H])C([H])([H])C([H])([H])C([H])([H])C([H])([H])C([H])([H])C([H])([H])C([H])([H])C([H])([H])C([H])([H])[H])C([H])([H])OC(=O)C([H])([H])C([H])([H])C([H])([H])C([H])([H])C([H])([H])C([H])([H])C([H])([H])/C([H])=C(/[H])C([H])([H])C([H])([H])C([H])([H])C([H])([H])C([H])([H])C([H])([H])C([H])([H])C([H])([H])[H])[O:28][P:29]>>[H][O:28][P:29],EVODEX-P28897
EVODEX-N11576,[H]N=C1:C([H]):C([H]):N([C@@]2([H])O[C@]([H])(C([H])([H])OP(=O)(O[H])O[P:25]([O:24])(=[O:26])[O:27])[C@@]([H])(O[H])[C@@]2([H])O[H]):C(=O):N:1[H].[H][O:69][H:157]>>[O:24][P:25](=[O:26])([O:27])[O:69][H:157],"EVODEX-P28898,EVODEX-P28904"
EVODEX-N11577,[H][O:69][H:157]>>[H]OP(=O)(OC([H])([H])[C@]([H])(OC(=O)C([H])([H])C([H])([H])C([H])([H])C([H])([H])C([H])([H])C([H])([H])C([H])([H])C([H])([H])C([H])([H])C([H])([H])C([H])([H])C([H])([H])C([H])([H])C([H])([H])C([H])([H])C([H])([H])C([H])([H])[H])C([H])([H])OC(=O)C([H])([H])C([H])([H])C([H])([H])C([H])([H])C([H])([H])C([H])([H])C([H])([H])/C([H])=C(/[H])C([H])([H])C([H])([H])C([H])([H])C([H])([H])C([H])([H])C([H])([H])C([H])([H])C([H])([H])[H])[O:69][H:157],EVODEX-P28899
EVODEX-N11578,[H]N=C1:C([H]):C([H]):N([C@@]2([H])O[C@]([H])(C([H])([H])OP(=O)(O[H])O[P:25]([O:24])(=[O:26])[O:27])[C@@]([H])(O[H])[C@@]2([H])O[H]):C(=O):N:1[H]>>[H]O[P:25]([O:24])(=[O:26])[O:27],"EVODEX-P28900,EVODEX-P28906"
EVODEX-N11579,[H]OP(=O)(OC([H])([H])[C@@]([H])(OC(=O)C([H])([H])C([H])([H])C([H])([H])C([H])([H])C([H])([H])C([H])([H])C([H])([H])C([H])([H])C([H])([H])C([H])([H])C([H])([H])C([H])([H])C([H])([H])C([H])([H])C([H])([H])[H])C([H])([H])OC(=O)C([H])([H])C([H])([H])C([H])([H])C([H])([H])C([H])([H])C([H])([H])C([H])([H])C([H])([H])C([H])([H])C([H])([H])C([H])([H])C([H])([H])C([H])([H])C([H])([H])C([H])([H])[H])[O:26][P:27]>>[H][O:26][P:27],EVODEX-P28903
EVODEX-N11580,[H][O:65][H:147]>>[H]OP(=O)(OC([H])([H])[C@@]([H])(OC(=O)C([H])([H])C([H])([H])C([H])([H])C([H])([H])C([H])([H])C([H])([H])C([H])([H])C([H])([H])C([H])([H])C([H])([H])C([H])([H])C([H])([H])C([H])([H])C([H])([H])C([H])([H])[H])C([H])([H])OC(=O)C([H])([H])C([H])([H])C([H])([H])C([H])([H])C([H])([H])C([H])([H])C([H])([H])C([H])([H])C([H])([H])C([H])([H])C([H])([H])C([H])([H])C([H])([H])C([H])([H])C([H])([H])[H])[O:65][H:147],EVODEX-P28905
EVODEX-N11581,[H]OP(=O)(OC([H])([H])/C([H])=C(\C([H])([H])[H])C([H])([H])C([H])([H])/C([H])=C(\C([H])([H])[H])C([H])([H])C([H])([H])/C([H])=C(\C([H])([H])[H])C([H])([H])C([H])([H])/C([H])=C(\C([H])([H])[H])C([H])([H])C([H])([H])/C([H])=C(\C([H])([H])[H])C([H])([H])C([H])([H])/C([H])=C(\C([H])([H])[H])C([H])([H])C([H])([H])/C([H])=C(\C([H])([H])[H])C([H])([H])C([H])([H])/C([H])=C(\C([H])([H])[H])C([H])([H])C([H])([H])/C([H])=C(\C([H])([H])[H])C([H])([H])C([H])([H])/C([H])=C(\C([H])([H])[H])C([H])([H])C([H])([H])C([H])=C(C([H])([H])[H])C([H])([H])[H])O[P:61](=[O:62])([O:63])[O:64].[H][O:65][H:158]>>[P:61](=[O:62])([O:63])([O:64])[O:65][H:158],EVODEX-P28909
EVODEX-N11582,[H]OP(=O)(OC([H])([H])/C([H])=C(\C([H])([H])[H])C([H])([H])C([H])([H])/C([H])=C(\C([H])([H])[H])C([H])([H])C([H])([H])/C([H])=C(\C([H])([H])[H])C([H])([H])C([H])([H])/C([H])=C(\C([H])([H])[H])C([H])([H])C([H])([H])/C([H])=C(\C([H])([H])[H])C([H])([H])C([H])([H])/C([H])=C(\C([H])([H])[H])C([H])([H])C([H])([H])/C([H])=C(\C([H])([H])[H])C([H])([H])C([H])([H])/C([H])=C(\C([H])([H])[H])C([H])([H])C([H])([H])/C([H])=C(\C([H])([H])[H])C([H])([H])C([H])([H])/C([H])=C(\C([H])([H])[H])C([H])([H])C([H])([H])C([H])=C(C([H])([H])[H])C([H])([H])[H])O[P:61](=[O:62])([O:63])[O:64]>>[H]O[P:61](=[O:62])([O:63])[O:64],EVODEX-P28910
EVODEX-N11583,[H]O[C@@]1([H])[C@@]([H])(O[H])[C@]([H])(N2:C([H]):N:C3:C(N([H])[H]):N:C([H]):N:C:3:2)O[C@]1([H])C([H])([H])OP(=O)(O[H])OP(=O)(O[H])O[P:16]([O:15])(=[O:17])[O:18]>>[H]O[P:16]([O:15])(=[O:17])[O:18],EVODEX-P28920
EVODEX-N11584,[H]O[C@@]1([H])[C@@]([H])(O[H])[C@]([H])(N2:C([H]):N:C3:C(N([H])[H]):N:C([H]):N:C:3:2)O[C@]1([H])C([H])([H])OP(=O)(O[H])[F:19]>>[H][F:19],EVODEX-P28925
EVODEX-N11585,[H]N=C1:C2:N:C([H]):N([C@]3([H])O[C@]([H])(C([H])([H])OP(=O)(O[H])O[P:16](=[O:17])([O:18])[O:19])[C@@]([H])(O[H])[C@@]3([H])O[H]):C:2:N:C([H]):N:1[C@]1([H])O[C@]([H])(C([H])([H])OP(=O)(O[H])O[H])[C@@]([H])(O[H])[C@@]1([H])O[H].[H][O:45][H:71]>>[P:16](=[O:17])([O:18])([O:19])[O:45][H:71],EVODEX-P28928
EVODEX-N11586,[H]N=C1:C2:N:C([H]):N([C@]3([H])O[C@]([H])(C([H])([H])OP(=O)(O[H])O[P:16](=[O:17])([O:18])[O:19])[C@@]([H])(O[H])[C@@]3([H])O[H]):C:2:N:C([H]):N:1[C@]1([H])O[C@]([H])(C([H])([H])OP(=O)(O[H])O[H])[C@@]([H])(O[H])[C@@]1([H])O[H]>>[H]O[P:16](=[O:17])([O:18])[O:19],EVODEX-P28929
EVODEX-N11587,[H]O[C@@]1([H])C([H])([H])[C@]([H])(N2:C([H]):C(C([H])([H])[H]):C(=O):N([H]):C:2=O)O[C@]1([H])C([H])([H])OP(=O)(O[H])OP(=O)(O[H])[O:19][P:20]>>[H][O:19][P:20],EVODEX-P28933
EVODEX-N11588,[H][O:30][H:48]>>[H]O[C@@]1([H])C([H])([H])[C@]([H])(N2:C([H]):C(C([H])([H])[H]):C(=O):N([H]):C:2=O)O[C@]1([H])C([H])([H])OP(=O)(O[H])OP(=O)(O[H])[O:30][H:48],EVODEX-P28935
EVODEX-N11589,[H]O[C@]1([H])[C@]([H])(OP(=O)(O[H])OP(=O)(O[H])O[H])[C@@]([H])(C([H])([H])OP(=O)(O[H])OP(=O)(O[H])[O:21][P:22])O[C@@]1([H])N1:C([H]):N:C2:C(=O):N([H]):C(N([H])[H]):N:C:2:1>>[H][O:21][P:22],EVODEX-P28938
EVODEX-N11590,[H][O:41][H:60]>>[H]O[C@]1([H])[C@]([H])(OP(=O)(O[H])OP(=O)(O[H])O[H])[C@@]([H])(C([H])([H])OP(=O)(O[H])OP(=O)(O[H])[O:41][H:60])O[C@@]1([H])N1:C([H]):N:C2:C(=O):N([H]):C(N([H])[H]):N:C:2:1,EVODEX-P28940
EVODEX-N11591,[H]N=C1:N([H]):C(=O):C2:N:C([H]):N([C@]3([H])O[C@]([H])(C([H])([H])OP(=O)(O[H])OP(=O)(O[H])[O:22][P:23])[C@@]([H])(OP(=O)(O[H])O[H])[C@@]3([H])O[H]):C:2:N:1[H]>>[H][O:22][P:23],EVODEX-P28944
EVODEX-N11592,[H][O:37][H:55]>>[H]N=C1:N([H]):C(=O):C2:N:C([H]):N([C@]3([H])O[C@]([H])(C([H])([H])OP(=O)(O[H])OP(=O)(O[H])[O:37][H:55])[C@@]([H])(OP(=O)(O[H])O[H])[C@@]3([H])O[H]):C:2:N:1[H],EVODEX-P28946
EVODEX-N11593,[H]O[C@@]1([H])[C@@]([H])(O[H])[C@]([H])(N2:C([H]):N:C3:C(N([H])[H]):N:C([H]):N:C:3:2)O[C@]1([H])C([H])([H])OP(=S)(O[H])OP(=O)(O[H])O[P:20]([O:19])(=[O:21])[O:22].[H][O:54][H:83]>>[O:19][P:20](=[O:21])([O:22])[O:54][H:83],EVODEX-P28953
EVODEX-N11594,[H]O[C@@]1([H])[C@@]([H])(O[H])[C@]([H])(N2:C([H]):N:C3:C(N([H])[H]):N:C([H]):N:C:3:2)O[C@]1([H])C([H])([H])OP(=S)(O[H])OP(=O)(O[H])O[P:20]([O:19])(=[O:21])[O:22]>>[H]O[P:20]([O:19])(=[O:21])[O:22],EVODEX-P28954
EVODEX-N11595,[H][O:1][H:41]>>[H]O[C@@]1([H])[C@@]([H])(O[H])[C@]([H])(N2:C([H]):C([H]):C(=O):N([H]):C:2=O)O[C@]1([H])C([H])([H])OP(=O)(O[H])[O:1][H:41],EVODEX-P28958
EVODEX-N11596,[H]OP(=O)(OC([H])([H])C([H])([H])C([H])(C([H])([H])[H])C([H])([H])C([H])([H])/C([H])=C(/C([H])([H])[H])C([H])([H])C([H])([H])/C([H])=C(\C([H])([H])[H])C([H])([H])C([H])([H])/C([H])=C(\C([H])([H])[H])C([H])([H])C([H])([H])C([H])=C(C([H])([H])[H])C([H])([H])[H])[O:30][P:31]>>[H][O:30][P:31],EVODEX-P28967
EVODEX-N11597,[H][O:35][H:82]>>[H]OP(=O)(OC([H])([H])C([H])([H])C([H])(C([H])([H])[H])C([H])([H])C([H])([H])/C([H])=C(/C([H])([H])[H])C([H])([H])C([H])([H])/C([H])=C(\C([H])([H])[H])C([H])([H])C([H])([H])/C([H])=C(\C([H])([H])[H])C([H])([H])C([H])([H])C([H])=C(C([H])([H])[H])C([H])([H])[H])[O:35][H:82],EVODEX-P28969
EVODEX-N11598,[H]OP(=O)(OC([H])([H])C([H])([H])C([H])(C([H])([H])[H])C([H])([H])C([H])([H])/C([H])=C(/C([H])([H])[H])C([H])([H])C([H])([H])/C([H])=C(/C([H])([H])[H])C([H])([H])C([H])([H])/C([H])=C(/C([H])([H])[H])C([H])([H])C([H])([H])/C([H])=C(/C([H])([H])[H])C([H])([H])C([H])([H])/C([H])=C(/C([H])([H])[H])C([H])([H])C([H])([H])/C([H])=C(/C([H])([H])[H])C([H])([H])C([H])([H])/C([H])=C(/C([H])([H])[H])C([H])([H])C([H])([H])/C([H])=C(/C([H])([H])[H])C([H])([H])C([H])([H])/C([H])=C(/C([H])([H])[H])C([H])([H])C([H])([H])/C([H])=C(/C([H])([H])[H])C([H])([H])C([H])([H])/C([H])=C(/C([H])([H])[H])C([H])([H])C([H])([H])/C([H])=C(/C([H])([H])[H])C([H])([H])C([H])([H])/C([H])=C(/C([H])([H])[H])C([H])([H])C([H])([H])/C([H])=C(/C([H])([H])[H])C([H])([H])C([H])([H])/C([H])=C(/C([H])([H])[H])C([H])([H])C([H])([H])/C([H])=C(/C([H])([H])[H])C([H])([H])C([H])([H])/C([H])=C(\C([H])([H])[H])C([H])([H])C([H])([H])/C([H])=C(\C([H])([H])[H])C([H])([H])C([H])([H])C([H])=C(C([H])([H])[H])C([H])([H])[H])[O:105][P:106]>>[H][O:105][P:106],EVODEX-P28973
EVODEX-N11599,[H][O:110][H:277]>>[H]OP(=O)(OC([H])([H])C([H])([H])C([H])(C([H])([H])[H])C([H])([H])C([H])([H])/C([H])=C(/C([H])([H])[H])C([H])([H])C([H])([H])/C([H])=C(/C([H])([H])[H])C([H])([H])C([H])([H])/C([H])=C(/C([H])([H])[H])C([H])([H])C([H])([H])/C([H])=C(/C([H])([H])[H])C([H])([H])C([H])([H])/C([H])=C(/C([H])([H])[H])C([H])([H])C([H])([H])/C([H])=C(/C([H])([H])[H])C([H])([H])C([H])([H])/C([H])=C(/C([H])([H])[H])C([H])([H])C([H])([H])/C([H])=C(/C([H])([H])[H])C([H])([H])C([H])([H])/C([H])=C(/C([H])([H])[H])C([H])([H])C([H])([H])/C([H])=C(/C([H])([H])[H])C([H])([H])C([H])([H])/C([H])=C(/C([H])([H])[H])C([H])([H])C([H])([H])/C([H])=C(/C([H])([H])[H])C([H])([H])C([H])([H])/C([H])=C(/C([H])([H])[H])C([H])([H])C([H])([H])/C([H])=C(/C([H])([H])[H])C([H])([H])C([H])([H])/C([H])=C(/C([H])([H])[H])C([H])([H])C([H])([H])/C([H])=C(/C([H])([H])[H])C([H])([H])C([H])([H])/C([H])=C(\C([H])([H])[H])C([H])([H])C([H])([H])/C([H])=C(\C([H])([H])[H])C([H])([H])C([H])([H])C([H])=C(C([H])([H])[H])C([H])([H])[H])[O:110][H:277],EVODEX-P28975
EVODEX-N11600,[H]OC([H])([H])[C@@]1([H])O[C@]([H])(OP(=O)(O[H])O[P:12]([O:11])(=[O:13])[O:14])[C@]([H])(O[H])[C@@]([H])(O[H])[C@]1([H])O[H].[H][O:1][H:62]>>[O:1]([P:12]([O:11])(=[O:13])[O:14])[H:62],EVODEX-P28979
EVODEX-N11601,[H]O[C@@]1([H])[C@@]([H])(OP(=O)(O[H])O[H])[C@]([H])(OP(=O)(O[H])O[H])[C@@]([H])(OP(=O)(O[H])O[H])[C@]([H])(OP(=O)(O[H])O[H])[C@@]1([H])OP(=O)(O[H])[O:27][P:28]>>[H][O:27][P:28],EVODEX-P28986
EVODEX-N11602,[H]OP(=O)(O[H])O[C@]1([H])[C@]([H])(OP(=O)(O[H])O[H])[C@@]([H])(OP(=O)(O[H])O[H])[C@]([H])(OP(=O)(O[H])[O:25][P:26])[C@@]([H])(OP(=O)(O[H])O[H])[C@]1([H])OP(=O)(O[H])O[H]>>[H][O:25][P:26],EVODEX-P28991
EVODEX-N11603,[H][O:1][H:61]>>[H]OP(=O)(O[H])O[C@]1([H])[C@@]([H])(OP(=O)(O[H])O[H])[C@]([H])(OP(=O)(O[H])O[H])[C@@]([H])(OP(=O)(O[H])[O:1][H:61])[C@]([H])(OP(=O)(O[H])O[H])[C@]1([H])OP(=O)(O[H])O[H],EVODEX-P28993
EVODEX-N11604,[H][O:36][H:58]>>[H]N=C1:C2:N:C([H]):N([C@]3([H])O[C@]([H])(C([H])([H])OP(=O)(O[H])O[H])[C@@]([H])(O[H])[C@@]3([H])O[H]):C:2:N:C([H]):N:1[C@]1([H])O[C@]([H])(C([H])([H])OP(=O)(O[H])[O:36][H:58])[C@@]([H])(O[H])[C@@]1([H])O[H],EVODEX-P28997
EVODEX-N11605,[H]OC([H])([H])[C@@]1([H])O[C@]([H])(OP(=O)(O[H])[O:24][P:25])[C@]([H])(N([H])C(=O)C([H])([H])[C@]([H])(O[H])C([H])([H])C([H])([H])C([H])([H])C([H])([H])C([H])([H])C([H])([H])C([H])([H])C([H])([H])C([H])([H])C([H])([H])C([H])([H])[H])[C@@]([H])(OC(=O)C([H])([H])[C@]([H])(O[H])C([H])([H])C([H])([H])C([H])([H])C([H])([H])C([H])([H])C([H])([H])C([H])([H])C([H])([H])C([H])([H])C([H])([H])C([H])([H])[H])[C@]1([H])O[H]>>[H][O:24][P:25],EVODEX-P29000
EVODEX-N11606,[H]O[C@@]1([H])[C@@]([H])(O[H])[C@]([H])(N2:C([H]):C([H]):C(=O):N([H]):C:2=O)O[C@]1([H])C([H])([H])OP(=O)(O[H])O[P:21]([O:20])(=[O:22])[O:23].[H][O:69][H:147]>>[O:20][P:21](=[O:22])([O:23])[O:69][H:147],EVODEX-P29001
EVODEX-N11607,[H][O:69][H:147]>>[H]OC([H])([H])[C@@]1([H])O[C@]([H])(OP(=O)(O[H])[O:69][H:147])[C@]([H])(N([H])C(=O)C([H])([H])[C@]([H])(O[H])C([H])([H])C([H])([H])C([H])([H])C([H])([H])C([H])([H])C([H])([H])C([H])([H])C([H])([H])C([H])([H])C([H])([H])C([H])([H])[H])[C@@]([H])(OC(=O)C([H])([H])[C@]([H])(O[H])C([H])([H])C([H])([H])C([H])([H])C([H])([H])C([H])([H])C([H])([H])C([H])([H])C([H])([H])C([H])([H])C([H])([H])C([H])([H])[H])[C@]1([H])O[H],EVODEX-P29002
EVODEX-N11608,[H]O[C@@]1([H])[C@@]([H])(O[H])[C@]([H])(N2:C([H]):C([H]):C(=O):N([H]):C:2=O)O[C@]1([H])C([H])([H])OP(=O)(O[H])O[P:21]([O:20])(=[O:22])[O:23]>>[H]O[P:21]([O:20])(=[O:22])[O:23],EVODEX-P29003
EVODEX-N11609,[H]N=C1:N([H]):C(=O):C2:C(:N:1[H]):N([C@@]1([H])O[C@]([H])(C([H])([H])OP(=O)(O[H])O[P:20](=[O:21])([O:22])[O:23])[C@@]([H])(O[H])[C@@]1([H])O[H]):C(=O):N:2[H].[H][O:34][H:51]>>[P:20](=[O:21])([O:22])([O:23])[O:34][H:51],EVODEX-P29006
EVODEX-N11610,[H]N=C1:N([H]):C(=O):C2:C(:N:1[H]):N([C@@]1([H])O[C@]([H])(C([H])([H])OP(=O)(O[H])O[P:20](=[O:21])([O:22])[O:23])[C@@]([H])(O[H])[C@@]1([H])O[H]):C(=O):N:2[H]>>[H]O[P:20](=[O:21])([O:22])[O:23],EVODEX-P29007
EVODEX-N11611,[H]N=C1:N([H]):C(=O):C2:C(:N:1[H]):N(C1([H])OC([H])(C([H])([H])OP(=O)(O[H])O[P:22](=[O:23])([O:24])[O:25])C([H])(O[H])C1([H])[H]):C(=O):N:2[H].[H][O:29][H:45]>>[P:22](=[O:23])([O:24])([O:25])[O:29][H:45],EVODEX-P29011
EVODEX-N11612,[H]N=C1:N([H]):C(=O):C2:C(:N:1[H]):N(C1([H])OC([H])(C([H])([H])OP(=O)(O[H])O[P:22](=[O:23])([O:24])[O:25])C([H])(O[H])C1([H])[H]):C(=O):N:2[H]>>[H]O[P:22](=[O:23])([O:24])[O:25],EVODEX-P29012
EVODEX-N11613,[H]O[C@@]1([H])C([H])([H])[C@]([H])(N2:C([H]):N:C3:C(N([H])[H]):N([H]):C(=O):N:C:3:2)O[C@]1([H])C([H])([H])OP(=O)(O[H])OP(=O)(O[H])[O:26][P:27]>>[H][O:26][P:27],EVODEX-P29018
EVODEX-N11614,[H]O[C@@]1([H])C([H])([H])[C@]([H])(N2:C([H]):N:C3:C(N([H])[H]):N([H]):C(=O):N:C:3:2)O[C@]1([H])C([H])([H])OP(=O)(O[H])[O:22][P:23](=[O:24])([O:25])[O:26].[H][O:33][H:52]>>[H][O:22][P:23](=[O:24])([O:25])[O:33][H:52].[H][O:26],EVODEX-P29019
EVODEX-N11615,[H][O:32][H:50].[H][O:33][H:52]>>[H]O[C@@]1([H])C([H])([H])[C@]([H])(N2:C([H]):N:C3:C(N([H])[H]):N([H]):C(=O):N:C:3:2)O[C@]1([H])C([H])([H])OP(=O)(O[H])[O:32][H:50].[H]OP(=O)(O[H])[O:33][H:52],EVODEX-P29021
EVODEX-N11616,[H][O:32][H:50]>>[H]O[C@@]1([H])C([H])([H])[C@]([H])(N2:C([H]):N:C3:C(N([H])[H]):N([H]):C(=O):N:C:3:2)O[C@]1([H])C([H])([H])OP(=O)(O[H])[O:32][H:50],EVODEX-P29022
EVODEX-N11617,[H]O[C@@]1([H])C([H])([H])[C@]([H])(N2:C([H]):N:C3:C(N([H])[H]):N([H]):C(=O):N:C:3:2)O[C@]1([H])C([H])([H])OP(=O)(O[H])[O:22][P:23]>>[H][O:22][P:23],EVODEX-P29024
EVODEX-N11618,[H]N=C1:N([H]):C(=O):C2:C(:N:1[H]):N(C1([H])OC([H])(C([H])([H])OP(=O)(O[H])[O:19][P:20])C([H])(O[H])C1([H])O[H]):C(=O):N:2[H]>>[H][O:19][P:20],EVODEX-P29027
EVODEX-N11619,[H][O:30][H:46]>>[H]N=C1:N([H]):C(=O):C2:C(:N:1[H]):N(C1([H])OC([H])(C([H])([H])OP(=O)(O[H])[O:30][H:46])C([H])(O[H])C1([H])O[H]):C(=O):N:2[H],EVODEX-P29029
EVODEX-N11620,[H][O:29][H:45]>>[H]N=C1:N([H]):C(=O):C2:C(:N:1[H]):N(C1([H])OC([H])(C([H])([H])OP(=O)(O[H])[O:29][H:45])C([H])(O[H])C1([H])[H]):C(=O):N:2[H],EVODEX-P29033
EVODEX-N11621,[H]N=C1:N([H]):C2:C(:C(=O):N:1[H])N(C([H])([H])[H])C([H])([H])N2[C@]1([H])O[C@]([H])(C([H])([H])OP(=O)(O[H])OP(=O)(O[H])[O:17][P:18])[C@@]([H])(O[H])[C@@]1([H])O[H]>>[H][O:17][P:18],EVODEX-P29041
EVODEX-N11622,[H][O:53][H:85]>>[H]N=C1:N([H]):C2:C(:C(=O):N:1[H])N(C([H])([H])[H])C([H])([H])N2[C@]1([H])O[C@]([H])(C([H])([H])OP(=O)(O[H])OP(=O)(O[H])[O:53][H:85])[C@@]([H])(O[H])[C@@]1([H])O[H],EVODEX-P29043
EVODEX-N11623,[H]N=C1:N([H]):C(=O):C2:N:C([H]):N([C@]3([H])O[C@]([H])(C([H])([H])OP(=O)(O[H])O[P:14]([O:13])(=[O:15])[O:16])[C@@]([H])(O[H])[C@@]3([H])O[H]):C:2:N:1[H]>>[H]O[P:14]([O:13])(=[O:15])[O:16],EVODEX-P29044
EVODEX-N11624,[H]O[C@@]1([H])[C@@]([H])(O[H])[C@]([H])(N2:C([H]):N:C3:C(N([H])[H]):N:C([H]):N:C:3:2)O[C@]1([H])C([H])([H])OP(=O)(O[H])OP(=O)(O[H])OP(=O)(O[H])OP(=O)(O[H])OP(=O)(O[H])O[P:16]([O:15])(=[O:17])[O:18].[H][O:62][H:93]>>[O:15][P:16](=[O:17])([O:18])[O:62][H:93],EVODEX-P29048
EVODEX-N11625,[H]O[C@@]1([H])[C@@]([H])(O[H])[C@]([H])(N2:C([H]):N:C3:C(N([H])[H]):N:C([H]):N:C:3:2)O[C@]1([H])C([H])([H])OP(=O)(O[H])OP(=O)(O[H])OP(=O)(O[H])OP(=O)(O[H])OP(=O)(O[H])O[P:16]([O:15])(=[O:17])[O:18]>>[H]O[P:16]([O:15])(=[O:17])[O:18],EVODEX-P29049
EVODEX-N11626,[H]O[C@@]1([H])[C@@]([H])(O[H])[C@]([H])(N2:C([H]):N:C3:C(N([H])[H]):N:C([H]):N:C:3:2)O[C@]1([H])C([H])([H])OP(=O)(O[H])OP(=O)(O[H])OP(=O)(O[H])OP(=O)(O[H])O[P:16]([O:15])(=[O:17])[O:18].[H][O:58][H:88]>>[O:15][P:16](=[O:17])([O:18])[O:58][H:88],EVODEX-P29053
EVODEX-N11627,[H]O[C@@]1([H])[C@@]([H])(O[H])[C@]([H])(N2:C([H]):N:C3:C(N([H])[H]):N:C([H]):N:C:3:2)O[C@]1([H])C([H])([H])OP(=O)(O[H])OP(=O)(O[H])OP(=O)(O[H])[O:27][P:28]>>[H][O:27][P:28],EVODEX-P29056
EVODEX-N11628,[H][O:62][H:93]>>[H]O[C@@]1([H])[C@@]([H])(O[H])[C@]([H])(N2:C([H]):N:C3:C(N([H])[H]):N:C([H]):N:C:3:2)O[C@]1([H])C([H])([H])OP(=O)(O[H])OP(=O)(O[H])OP(=O)(O[H])[O:62][H:93],EVODEX-P29057
EVODEX-N11629,[H]O[C@@]1([H])[C@@]([H])(O[H])[C@]([H])(N2:C([H]):N:C3:C(=O):N([H]):C([H]):N:C:3:2)O[C@]1([H])C([H])([H])OP(=O)(O[H])OP(=O)(O[H])[O:24][P:25]>>[H][O:24][P:25],EVODEX-P29062
EVODEX-N11630,[H][O:1][H:48]>>[H]O[C@@]1([H])[C@@]([H])(O[H])[C@]([H])(N2:C([H]):N:C3:C(=O):N([H]):C([H]):N:C:3:2)O[C@]1([H])C([H])([H])OP(=O)(O[H])OP(=O)(O[H])[O:1][H:48],EVODEX-P29064
EVODEX-N11631,[H]O[C@@]1([H])[C@@]([H])(OP(=O)(O[H])C([H])([H])[H])O[C@]([H])(C([H])([H])OP(=O)(O[H])[O:14][P:15])[C@@]1([H])O[H]>>[H][O:14][P:15],EVODEX-P29067
EVODEX-N11632,[H][O:27][H:44]>>[H]O[C@@]1([H])[C@@]([H])(OP(=O)(O[H])C([H])([H])[H])O[C@]([H])(C([H])([H])OP(=O)(O[H])[O:27][H:44])[C@@]1([H])O[H],EVODEX-P29069
EVODEX-N11633,[H][O:1][H:32]>>[H]O[C@@]([H])([C@@]([H])(O[H])C([H])=O)[C@]([H])(O[H])C([H])([H])OP(=O)(O[H])[O:1][H:32],EVODEX-P29074
EVODEX-N11634,[H]O[C@@]([H])([C@@]([H])(O[H])C([H])=O)[C@]([H])(O[H])C([H])([H])OP(=O)(O[H])[O:15][P:16]>>[H][O:15][P:16],EVODEX-P29076
EVODEX-N11635,[H]O[C@@]1([H])C([H])([H])[C@]([H])(N2:C(=O):N([H]):C3:C(=O):N([H]):C(N([H])[H]):N:C:3:2)O[C@]1([H])C([H])([H])OP(=O)(O[H])[O:20][P:21]>>[H][O:20][P:21],EVODEX-P29079
EVODEX-N11636,[H]O[C@@]1([H])[C@@]([H])(O[H])[C@]([H])(N2:C([H]):N:C3:C(=O):N([H]):C([H]):N:C:3:2)O[C@]1([H])C([H])([H])OP(=O)(O[H])[O:20][P:21]>>[H][O:20][P:21],EVODEX-P29084
EVODEX-N11637,[H][O:1][H:48]>>[H]O[C@@]1([H])[C@@]([H])(O[H])[C@]([H])(N2:C([H]):N:C3:C(=O):N([H]):C([H]):N:C:3:2)O[C@]1([H])C([H])([H])OP(=O)(O[H])[O:1][H:48],EVODEX-P29086
EVODEX-N11638,[H]O[C@@]1([H])C([H])([H])[C@]([H])(N2:C([H]):N:C3:C(=O):N([H]):C([H]):N:C:3:2)O[C@]1([H])C([H])([H])OP(=O)(O[H])[O:22][P:23]>>[H][O:22][P:23],EVODEX-P29090
EVODEX-N11639,[H][O:1][H:47]>>[H]O[C@@]1([H])C([H])([H])[C@]([H])(N2:C([H]):N:C3:C(=O):N([H]):C([H]):N:C:3:2)O[C@]1([H])C([H])([H])OP(=O)(O[H])[O:1][H:47],EVODEX-P29092
EVODEX-N11640,[H]N=C1:N([H]):C2:C(:C(=O):N:1[H])N=C([C@]([H])(O[H])[C@]([H])(O[H])C([H])([H])OP(=O)(O[H])[O:20][P:21])C([H])([H])N2[H]>>[H][O:20][P:21],EVODEX-P29096
EVODEX-N11641,[H]O[C@@]1([H])C([H])([H])[C@]([H])(N2:C([H]):N:C3:C(N([H])[H]):N:C([H]):N:C:3:2)O[C@]1([H])C([H])([H])OP(=O)(O[H])[O:21][P:22]>>[H][O:21][P:22],EVODEX-P29101
EVODEX-N11642,[H][O:31][H:48]>>[H]O[C@@]1([H])C([H])([H])[C@]([H])(N2:C([H]):N:C3:C(N([H])[H]):N:C([H]):N:C:3:2)O[C@]1([H])C([H])([H])OP(=O)(O[H])[O:31][H:48],EVODEX-P29103
EVODEX-N11643,[H]OP(=O)(OC([H])([H])/C([H])=C(\C([H])([H])[H])C([H])([H])C([H])([H])C([H])=C(C([H])([H])[H])C([H])([H])[H])[O:15][P:16]>>[H][O:15][P:16],EVODEX-P29107
EVODEX-N11644,[H][O:20][H:41]>>[H]OP(=O)(OC([H])([H])/C([H])=C(\C([H])([H])[H])C([H])([H])C([H])([H])C([H])=C(C([H])([H])[H])C([H])([H])[H])[O:20][H:41],EVODEX-P29109
EVODEX-N11645,[H]OP(=O)(OC([H])([H])/C([H])=C(\C([H])([H])[H])C([H])([H])C([H])([H])/C([H])=C(\C([H])([H])[H])C([H])([H])C([H])([H])C([H])=C(C([H])([H])[H])C([H])([H])[H])[O:20][P:21]>>[H][O:20][P:21],EVODEX-P29113
EVODEX-N11646,[H][O:25][H:54]>>[H]OP(=O)(OC([H])([H])/C([H])=C(\C([H])([H])[H])C([H])([H])C([H])([H])/C([H])=C(\C([H])([H])[H])C([H])([H])C([H])([H])C([H])=C(C([H])([H])[H])C([H])([H])[H])[O:25][H:54],EVODEX-P29115
EVODEX-N11647,[H]O[C@@]1([H])C([H])([H])[C@]([H])(N2:C(=O):N([H]):C3:C(=O):N([H]):C(N([H])[H]):N:C:3:2)O[C@]1([H])C([H])([H])OP(=O)(O[H])OP(=O)(O[H])[O:24][P:25]>>[H][O:24][P:25],EVODEX-P29119
EVODEX-N11648,[H][O:33][H:50]>>[H]O[C@@]1([H])C([H])([H])[C@]([H])(N2:C(=O):N([H]):C3:C(=O):N([H]):C(N([H])[H]):N:C:3:2)O[C@]1([H])C([H])([H])OP(=O)(O[H])OP(=O)(O[H])[O:33][H:50],EVODEX-P29121
EVODEX-N11649,[H]N=C1:N([H]):C(=O):C2:C(:N:1[H]):N([C@@]1([H])O[C@]([H])(C([H])([H])OP(=O)(O[H])OP(=O)(O[H])[O:23][P:24])[C@@]([H])(O[H])[C@@]1([H])O[H]):C(=O):N:2[H]>>[H][O:23][P:24],EVODEX-P29125
EVODEX-N11650,[H][O:34][H:51]>>[H]N=C1:N([H]):C(=O):C2:C(:N:1[H]):N([C@@]1([H])O[C@]([H])(C([H])([H])OP(=O)(O[H])OP(=O)(O[H])[O:34][H:51])[C@@]([H])(O[H])[C@@]1([H])O[H]):C(=O):N:2[H],EVODEX-P29127
EVODEX-N11651,[H]O[C@@]1([H])[C@@]([H])(O[H])[C@]([H])(N2:C([H]):N:C3:C(=O):N([H]):C(=O):N([H]):C:3:2)O[C@]1([H])C([H])([H])OP(=O)(O[H])OP(=O)(O[H])[O:23][P:24]>>[H][O:23][P:24],EVODEX-P29131
EVODEX-N11652,[H][O:1][H:49]>>[H]O[C@@]1([H])[C@@]([H])(O[H])[C@]([H])(N2:C([H]):N:C3:C(=O):N([H]):C(=O):N([H]):C:3:2)O[C@]1([H])C([H])([H])OP(=O)(O[H])OP(=O)(O[H])[O:1][H:49],EVODEX-P29133
EVODEX-N11653,[H]OS(=O)(=O)O[P:16]([O:15])(=[O:17])[O:18].[H][O:28][H:43]>>[O:15][P:16](=[O:17])([O:18])[O:28][H:43],"EVODEX-P29137,EVODEX-P29142"
EVODEX-N11654,[H]OS(=O)(=O)O[P:16]([O:15])(=[O:17])[O:18]>>[H]O[P:16]([O:15])(=[O:17])[O:18],EVODEX-P29138
EVODEX-N11655,[H]O[C@]1([H])[C@]([H])(OP(=O)(O[H])O[H])[C@@]([H])(C([H])([H])OP(=O)(O[H])[O:19][S:20])O[C@@]1([H])N1:C([H]):N:C2:C(N([H])[H]):N:C([H]):N:C:2:1>>[H][O:19][S:20],EVODEX-P29141
EVODEX-N11656,[H][O:32][H:48]>>[H]O[C@]1([H])[C@]([H])(OP(=O)(O[H])O[H])[C@@]([H])(C([H])([H])OP(=O)(O[H])[O:32][H:48])O[C@@]1([H])N1:C([H]):N:C2:C(N([H])[H]):N:C([H]):N:C:2:1,EVODEX-P29143
EVODEX-N11657,[H]OP(=S)(O[H])O[P:19]([O:18])(=[O:20])[O:21].[H][O:33][H:50]>>[O:18][P:19](=[O:20])([O:21])[O:33][H:50],EVODEX-P29147
EVODEX-N11658,[H]OP(=S)(O[H])O[P:19]([O:18])(=[O:20])[O:21]>>[H]O[P:19]([O:18])(=[O:20])[O:21],EVODEX-P29148
EVODEX-N11659,[H]OC(=O)C([H])([H])[C:6](=[O:7])[C:8].[H][O:1][H:15]>>[O:1]([C:6](=[O:7])[C:8])[H:15],EVODEX-P29151
EVODEX-N11660,[H]OC(=O)C([H])([H])[C:6](=[O:7])[C:8]>>[H]O[C:6](=[O:7])[C:8],EVODEX-P29152
EVODEX-N11661,[H]OC(=O)C(=O)[C:5]([C:3])([H:12])[H:13]>>[H][C:5]([C:3])([H:12])[H:13],EVODEX-P29153
EVODEX-N11662,[H][C:1]([C:2])([H:11])[H:12].[O:5]=[C:6]([O:7])[C:8]>>[C:1]([C:2])([C:6](=[O:5])[C:8])([H:11])[H:12].[H][O:7],EVODEX-P29155
EVODEX-N11663,[H][C:1]([C:2])([H:11])[H:12].[H]O[C:6](=[O:5])[C:8]>>[C:1]([C:2])([C:6](=[O:5])[C:8])([H:11])[H:12],EVODEX-P29156
EVODEX-N11664,[H]O[C:6](=[O:5])[C:8]>>[H]OC(=O)C([H])([H])[C:6](=[O:5])[C:8],EVODEX-P29157
EVODEX-N11665,[H][C:1]([C:2])([H:11])[H:12]>>[H]OC(=O)C(=O)[C:1]([C:2])([H:11])[H:12],EVODEX-P29158
EVODEX-N11666,[H]OC(=O)C([H])([H])C(=O)C([H])([H])[C:7]([C:6])=[O:8].[H][O:1][H:24]>>[O:1]([C:7]([C:6])=[O:8])[H:24],EVODEX-P29161
EVODEX-N11667,[H]OC(=O)C([H])([H])C(=O)C([H])([H])[C:7]([C:6])=[O:8]>>[H]O[C:7]([C:6])=[O:8],EVODEX-P29162
EVODEX-N11668,[H]OC(=O)/C([H])=C(\[H])C(=O)[C:9]([C:10])([H:19])[H:20]>>[H][C:9]([C:10])([H:19])[H:20],"EVODEX-P29163,EVODEX-P29196"
EVODEX-N11669,[H]OC(=O)[C@@]([H])(N([H])[H])C([H])([H])[C:8]([C:7])=[O:9].[H][O:16][H:29]>>[C:7][C:8](=[O:9])[O:16][H:29],"EVODEX-P29166,EVODEX-P29171"
EVODEX-N11670,[H][O:16][H:29]>>[H]C1:C([H]):C([H]):C(N([H])[H]):C(C(=O)[O:16][H:29]):C:1[H],EVODEX-P29167
EVODEX-N11671,[H]OC(=O)[C@@]([H])(N([H])[H])C([H])([H])[C:8]([C:7])=[O:9]>>[H]O[C:8]([C:7])=[O:9],"EVODEX-P29168,EVODEX-P29173"
EVODEX-N11672,[H][O:17][H:30]>>[H]OC1:C([H]):C([H]):C([H]):C(C(=O)[O:17][H:30]):C:1N([H])[H],EVODEX-P29172
EVODEX-N11673,[H]OC1:C([H]):C([H]):C([H]):C(C(=O)[C:11]([C:12])([H:24])[H:25]):C:1N([H])[H]>>[H][C:11]([C:12])([H:24])[H:25],EVODEX-P29174
EVODEX-N11674,[H]OC1:C([H]):C([H]):C(C([H])([H])C([H])([H])C(=O)[C:13](:[C:14]):[C:20]):C([H]):C:1[H]>>[H][C:13](:[C:14]):[C:20],EVODEX-P29177
EVODEX-N11675,[H]OC1:C([H]):C(O[H]):C([C:3](=[O:2])[C:4]):C(O[H]):C:1[H].[H][O:1][H:36]>>[O:1]([C:3](=[O:2])[C:4])[H:36],EVODEX-P29178
EVODEX-N11676,[H][O:1][H:36]>>[H]OC1:C([H]):C([H]):C(C([H])([H])C([H])([H])C(=O)[O:1][H:36]):C([H]):C:1[H],EVODEX-P29179
EVODEX-N11677,[H]OC1:C([H]):C(O[H]):C([C:3](=[O:2])[C:4]):C(O[H]):C:1[H]>>[H]O[C:3](=[O:2])[C:4],EVODEX-P29180
EVODEX-N11678,[H]OC1:C(C([H])([H])[H]):N:C([H]):C(C([H])([H])[O:7][C:8]):C:1C([H])([H])O[H]>>[H][O:7][C:8],EVODEX-P29183
EVODEX-N11679,[H][O:24][H:46]>>[H]OC1:C(C([H])([H])[H]):N:C([H]):C(C([H])([H])[O:24][H:46]):C:1C([H])([H])O[H],EVODEX-P29185
EVODEX-N11680,[H]OC(=O)C(=O)C([H])([H])[C:2]([C:1])=[O:3].[H][O:10][H:17]>>[C:1][C:2](=[O:3])[O:10][H:17],"EVODEX-P29190,EVODEX-P29194,EVODEX-P29260,EVODEX-P29276"
EVODEX-N11681,[H]OC(=O)C(=O)C([H])([H])[C:2]([C:1])=[O:3]>>[H]O[C:2]([C:1])=[O:3],"EVODEX-P29191,EVODEX-P29195,EVODEX-P29262,EVODEX-P29277"
EVODEX-N11682,[H]C([H])([H])C([H])([H])C([H])([H])C(=O)[C:6]([C:7])([H:20])[H:21]>>[H][C:6]([C:7])([H:20])[H:21],EVODEX-P29199
EVODEX-N11683,[H]C([H])([H])C([H])([H])C([H])([H])C(=O)C([H])([H])[C:4]([C:3])=[O:5].[H][O:12][H:29]>>[C:3][C:4](=[O:5])[O:12][H:29],EVODEX-P29200
EVODEX-N11684,[H]C([H])([H])C([H])([H])C([H])([H])C(=O)C([H])([H])[C:4]([C:3])=[O:5]>>[H]O[C:4]([C:3])=[O:5],EVODEX-P29201
EVODEX-N11685,[H]C([H])([H])C(=O)C([H])([H])[C:2]([C:1])=[O:3].[H][O:8][H:17]>>[C:1][C:2](=[O:3])[O:8][H:17],EVODEX-P29205
EVODEX-N11686,[H]OC(=O)C(O[H])=C([H])C([H])=C([H])[C:10](=[O:11])[C:12].[H][O:1][H:28]>>[O:1]([C:10](=[O:11])[C:12])[H:28],"EVODEX-P29208,EVODEX-P29213,EVODEX-P29224,EVODEX-P29229,EVODEX-P29270"
EVODEX-N11687,[H]OC(=O)C(O[H])=C([H])C([H])=C([H])[C:10](=[O:11])[C:12]>>[H]O[C:10](=[O:11])[C:12],"EVODEX-P29209,EVODEX-P29214,EVODEX-P29225,EVODEX-P29230,EVODEX-P29271"
EVODEX-N11688,[H]C1:C([H]):C([H]):C(C(=O)[C:9](=[C:8])[H:22]):C([H]):C:1[H]>>[H][C:9](=[C:8])[H:22],EVODEX-P29210
EVODEX-N11689,[H]OC1:C([H]):C([H]):C([H]):C([H]):C:1C(=O)[C:9](=[C:8])[H:23]>>[H][C:9](=[C:8])[H:23],EVODEX-P29215
EVODEX-N11690,[O:2]=[C:3]([C:4])[C:9].[H][O:1][H:18]>>[H][C:9].[O:1]([C:3](=[O:2])[C:4])[H:18],"EVODEX-P29217,EVODEX-P29220,EVODEX-P29244,EVODEX-P29247,EVODEX-P29256"
EVODEX-N11691,[H][O:1][H:18]>>[H]C([H])([H])C(=O)C([H])([H])C([H])([H])C([H])([H])C(=O)[O:1][H:18],EVODEX-P29218
EVODEX-N11692,[H][O:1][H:18]>>[H]C(=O)C([H])([H])C([H])([H])C([H])([H])C([H])([H])C(=O)[O:1][H:18],EVODEX-P29221
EVODEX-N11693,[H]C1:C([H]):C([H]):C(N([H])[H]):C(C(=O)[C:10](=[C:11])[H:25]):C:1[H]>>[H][C:10](=[C:11])[H:25],EVODEX-P29226
EVODEX-N11694,[H]OC(=O)C([H])([H])C([H])([H])C(=O)[C:9](=[C:10])[H:22]>>[H][C:9](=[C:10])[H:22],EVODEX-P29231
EVODEX-N11695,[H][C:1](=[C:2])[H:17].[C:13][C:14](=[O:15])[O:16]>>[C:1](=[C:2])([C:14]([C:13])=[O:15])[H:17].[H][O:16],EVODEX-P29233
EVODEX-N11696,[H][C:1](=[C:2])[H:17].[H]O[C:14]([C:13])=[O:15]>>[C:1](=[C:2])([C:14]([C:13])=[O:15])[H:17],EVODEX-P29234
EVODEX-N11697,[H]O[C:14]([C:13])=[O:15]>>[H]OC(=O)/C(O[H])=C([H])\C([H])=C(\[H])[C:14]([C:13])=[O:15],EVODEX-P29235
EVODEX-N11698,[H][C:1](=[C:2])[H:17]>>[H]OC(=O)C([H])([H])C([H])([H])C(=O)[C:1](=[C:2])[H:17],EVODEX-P29236
EVODEX-N11699,>>[H]/C=C([H])/C([H])=C(/O[H])C(=O)O[H].[H],EVODEX-P29237
EVODEX-N11700,[H]C1([H])C(=O)[C@@]([H])(C([H])([H])C([H])([H])C(=O)[C:2]([C:1])=[C:3])[C@]2([H])C([H])([H])C([H])([H])C(=O)[C@@]2(C([H])([H])[H])C1([H])[H]>>[H][C:2]([C:1])=[C:3],EVODEX-P29239
EVODEX-N11701,[H]OC(=O)/C(O[H])=C([H])/C([H])=C(\C([H])([H])[H])[C:10](=[O:11])[C:12].[H][O:26][H:51]>>[C:10](=[O:11])([C:12])[O:26][H:51],EVODEX-P29240
EVODEX-N11702,[H][O:26][H:51]>>[H]C1([H])C(=O)[C@@]([H])(C([H])([H])C([H])([H])C(=O)[O:26][H:51])[C@]2([H])C([H])([H])C([H])([H])C(=O)[C@@]2(C([H])([H])[H])C1([H])[H],EVODEX-P29241
EVODEX-N11703,[H]OC(=O)/C(O[H])=C([H])/C([H])=C(\C([H])([H])[H])[C:10](=[O:11])[C:12]>>[H]O[C:10](=[O:11])[C:12],EVODEX-P29242
EVODEX-N11704,[H][O:13][H:28]>>[H]C([H])([H])C1(C([H])([H])[H])[C@]([H])(C([H])([H])[H])C(=O)C([H])([H])[C@@]1([H])C([H])([H])C(=O)[O:13][H:28],EVODEX-P29245
EVODEX-N11705,[H][O:13][H:28]>>[H]C([H])([H])C1(C([H])([H])[H])C([H])([H])C(=O)C([H])([H])C([H])(C([H])([H])C(=O)[O:13][H:28])C1([H])[H],EVODEX-P29248
EVODEX-N11706,[H]N(C([H])([H])[H])C([H])([H])C([H])([H])C([H])([H])C(=O)[C:8](:[C:9]):[C:14]>>[H][C:8](:[C:9]):[C:14],EVODEX-P29251
EVODEX-N11707,[H]OC1:C([C:6]([C:5])=[O:7]):C([H]):C([H]):C(=O):N:1[H].[H][O:16][H:31]>>[C:5][C:6](=[O:7])[O:16][H:31],EVODEX-P29252
EVODEX-N11708,[H][O:16][H:31]>>[H]N(C([H])([H])[H])C([H])([H])C([H])([H])C([H])([H])C(=O)[O:16][H:31],EVODEX-P29253
EVODEX-N11709,[H]OC1:C([C:6]([C:5])=[O:7]):C([H]):C([H]):C(=O):N:1[H]>>[H]O[C:6]([C:5])=[O:7],EVODEX-P29254
EVODEX-N11710,[H][O:1][H:21]>>[H]O[C@]([H])([C@@]([H])(O[H])C([H])=O)[C@]([H])(O[H])C([H])([H])C(=O)[O:1][H:21],EVODEX-P29257
EVODEX-N11711,[H][O:1][H:21]>>[H]OC(=O)/C(Br)=C(/[H])C(=O)[O:1][H:21],EVODEX-P29261
EVODEX-N11712,[H]OC(=O)/C(Br)=C(/[H])C(=O)[C:10]([C:11])([H:17])[H:18]>>[H][C:10]([C:11])([H:17])[H:18],EVODEX-P29263
EVODEX-N11713,[H]OC1:C([H]):C(O[H]):C([C:2]([C:1])=[O:3]):C(O[H]):C:1C(=O)C([H])([H])[H].[H][O:16][H:27]>>[C:1][C:2](=[O:3])[O:16][H:27],EVODEX-P29266
EVODEX-N11714,[H]OC1:C([H]):C(O[H]):C([C:2]([C:1])=[O:3]):C(O[H]):C:1C(=O)C([H])([H])[H]>>[H]O[C:2]([C:1])=[O:3],EVODEX-P29267
EVODEX-N11715,[H]C([H])([H])C(=O)[C:4](=[C:5])[H:16]>>[H][C:4](=[C:5])[H:16],EVODEX-P29272
EVODEX-N11716,[H]O[C@]([H])(C(=O)[C:6]([C:7])([H:18])[H:19])C([H])([H])[H]>>[H][C:6]([C:7])([H:18])[H:19],EVODEX-P29275
EVODEX-N11717,[C:1][C@:2]([Cl:3])([C:4])[H:11].[H][O:7][H:13]>>[C:1][C@:2]([C:4])([O:7][H:13])[H:11].[H][Cl:3],"EVODEX-P29279,EVODEX-P29300,EVODEX-P29333"
EVODEX-N11718,[H]OC(=O)[C@]([H])(C([H])([H])[H])[Cl:3]>>[H][Cl:3],EVODEX-P29280
EVODEX-N11719,Cl[C@@:2]([C:1])([C:4])[H:11].[H][O:7][H:13]>>[C:1][C@:2]([C:4])([O:7][H:13])[H:11],"EVODEX-P29281,EVODEX-P29301,EVODEX-P29334"
EVODEX-N11720,Cl[C@@:2]([C:1])([C:4])[H:11]>>[H]O[C@:2]([C:1])([C:4])[H:11],"EVODEX-P29282,EVODEX-P29303,EVODEX-P29335"
EVODEX-N11721,[C:3][C:5]([Cl:6])([H:8])[H:9].[H][O:1][H:10]>>[H][Cl:6].[O:1]([C:5]([C:3])([H:8])[H:9])[H:10],EVODEX-P29284
EVODEX-N11722,Cl[C:5]([C:3])([H:8])[H:9].[H][O:1][H:10]>>[O:1]([C:5]([C:3])([H:8])[H:9])[H:10],EVODEX-P29285
EVODEX-N11723,Cl[C:5]([C:3])([H:8])[H:9]>>[H]O[C:5]([C:3])([H:8])[H:9],EVODEX-P29286
EVODEX-N11724,[H]OC(=O)C([H])([H])[Cl:6]>>[H][Cl:6],EVODEX-P29287
EVODEX-N11725,[C:3][C:5]([F:6])([H:8])[H:9].[H][O:1][H:10]>>[H][F:6].[O:1]([C:5]([C:3])([H:8])[H:9])[H:10],EVODEX-P29289
EVODEX-N11726,F[C:5]([C:3])([H:8])[H:9].[H][O:1][H:10]>>[O:1]([C:5]([C:3])([H:8])[H:9])[H:10],EVODEX-P29290
EVODEX-N11727,F[C:5]([C:3])([H:8])[H:9]>>[H]O[C:5]([C:3])([H:8])[H:9],EVODEX-P29291
EVODEX-N11728,[H]OC(=O)C([H])([H])[F:6]>>[H][F:6],EVODEX-P29292
EVODEX-N11729,[C:2]1=[C:3][C:4]([Cl:5])([H:16])[C:6]=[C:8][C:9]1([Cl:10])[H:14].[H][O:11][H:17].[H][O:12][H:19]>>[C:2]1=[C:3][C:4]([O:11][H:17])([H:16])[C:6]=[C:8][C:9]1([O:12][H:19])[H:14].[H][Cl:10].[H][Cl:5],EVODEX-P29294
EVODEX-N11730,Cl[C:4]1([H:16])[C:3]=[C:2][C:9](Cl)([H:14])[C:8]=[C:6]1.[H][O:12][H:19]>>[H]O[C:4]1([H:16])[C:3]=[C:2][C:9]([O:12][H:19])([H:14])[C:8]=[C:6]1,EVODEX-P29295
EVODEX-N11731,Cl[C:4]1([H:16])[C:3]=[C:2][C:9](Cl)([H:14])[C:8]=[C:6]1>>[H]O[C:4]1([H:16])[C:3]=[C:2][C:9](O[H])([H:14])[C:8]=[C:6]1,EVODEX-P29296
EVODEX-N11732,[H]C1=C(Cl)C([H])([Cl:5])C([H])=C(Cl)C1([H])Cl>>[H][Cl:5],EVODEX-P29298
EVODEX-N11733,[H][O:11][H:17].[H][O:12][H:19]>>[H]C1=C(Cl)C([H])([O:12][H:19])C([H])=C(Cl)C1([H])[O:11][H:17],EVODEX-P29299
EVODEX-N11734,[H][O:11][H:16]>>[H]C1=C(Cl)C([H])([O:11][H:16])C([H])=C(Cl)C1([H])Cl,EVODEX-P29302
EVODEX-N11735,[C:7]:[C:8]([Cl:9]):[C:10].[H][O:1][H:17]>>[H][Cl:9].[O:1]([C:8](:[C:7]):[C:10])[H:17],"EVODEX-P29305,EVODEX-P29310,EVODEX-P29315,EVODEX-P29321"
EVODEX-N11736,Cl[C:8](:[C:7]):[C:10].[H][O:1][H:17]>>[O:1]([C:8](:[C:7]):[C:10])[H:17],"EVODEX-P29306,EVODEX-P29311,EVODEX-P29317,EVODEX-P29322"
EVODEX-N11737,Cl[C:8](:[C:7]):[C:10]>>[H]O[C:8](:[C:7]):[C:10],"EVODEX-P29307,EVODEX-P29312,EVODEX-P29319,EVODEX-P29324"
EVODEX-N11738,[H]OC(=O)C1:C([H]):C([H]):C([Cl:9]):C([H]):C:1[H]>>[H][Cl:9],EVODEX-P29308
EVODEX-N11739,[H]O[C@]1([H])[C@]([H])(OP(=O)(O[H])O[H])[C@@]([H])(C([H])([H])OP(=O)(O[H])OP(=O)(O[H])OC([H])([H])C(C([H])([H])[H])(C([H])([H])[H])[C@@]([H])(O[H])C(=O)N([H])C([H])([H])C([H])([H])C(=O)N([H])C([H])([H])C([H])([H])SC(=O)C2:C([H]):C([H]):C([Cl:55]):C([H]):C:2[H])O[C@@]1([H])N1:C([H]):N:C2:C(N([H])[H]):N:C([H]):N:C:2:1>>[H][Cl:55],EVODEX-P29316
EVODEX-N11740,[H][O:58][H:98]>>[H]O[C@]1([H])[C@]([H])(OP(=O)(O[H])O[H])[C@@]([H])(C([H])([H])OP(=O)(O[H])OP(=O)(O[H])OC([H])([H])C(C([H])([H])[H])(C([H])([H])[H])[C@@]([H])(O[H])C(=O)N([H])C([H])([H])C([H])([H])C(=O)N([H])C([H])([H])C([H])([H])SC(=O)C2:C([H]):C([H]):C([O:58][H:98]):C([H]):C:2[H])O[C@@]1([H])N1:C([H]):N:C2:C(N([H])[H]):N:C([H]):N:C:2:1,EVODEX-P29318
EVODEX-N11741,[H][O:15][H:16]>>N#CC1:C(Cl):C(Cl):C([O:15][H:16]):C(C#N):C:1Cl,EVODEX-P29323
EVODEX-N11742,N#CC1:C(Cl):C(Cl):C([Cl:5]):C(C#N):C:1Cl>>[H][Cl:5],EVODEX-P29325
EVODEX-N11743,[H][O:15][H:30]>>[H]N(C1:N:C(Cl):N:C([O:15][H:30]):N:1)C([H])(C([H])([H])[H])C([H])([H])[H],EVODEX-P29329
EVODEX-N11744,[H]N(C1:N:C(Cl):N:C([N:3]([C:2])[H:21]):N:1)C([H])(C([H])([H])[H])C([H])([H])[H]>>[H][N:3]([C:2])[H:21],EVODEX-P29331
EVODEX-N11745,[H]OC(=O)C([H])(C([H])([H])O[H])[Cl:6]>>[H][Cl:6],EVODEX-P29336
EVODEX-N11746,[N:1][P:2](=[O:3])([O:4])[O:5].[H][O:6][H:11]>>[H][N:1].[P:2](=[O:3])([O:4])([O:5])[O:6][H:11],"EVODEX-P29338,EVODEX-P29342,EVODEX-P29346,EVODEX-P29351"
EVODEX-N11747,[H]N([H])[P:2](=[O:3])([O:4])[O:5].[H][O:6][H:11]>>[P:2](=[O:3])([O:4])([O:5])[O:6][H:11],EVODEX-P29339
EVODEX-N11748,[H]N([H])[P:2](=[O:3])([O:4])[O:5]>>[H]O[P:2](=[O:3])([O:4])[O:5],EVODEX-P29340
EVODEX-N11749,[H]N=C(N(C([H])([H])[H])C([H])([H])C(=O)O[H])N([H])[P:10](=[O:11])([O:12])[O:13].[H][O:14][H:25]>>[P:10](=[O:11])([O:12])([O:13])[O:14][H:25],EVODEX-P29343
EVODEX-N11750,[H]N=C(N(C([H])([H])[H])C([H])([H])C(=O)O[H])N([H])[P:10](=[O:11])([O:12])[O:13]>>[H]O[P:10](=[O:11])([O:12])[O:13],EVODEX-P29344
EVODEX-N11751,[H]N=C(N([H])C([H])([H])C([H])([H])C([H])([H])[C@@]([H])(C(=O)N([H])C([H])([H])C(=O)N([H])[C@]([H])(C(=O)N([H])[C@]([H])(C(=O)N([H])C([H])([H])C(=O)N([H])[C@]([H])(C(=O)N([H])[C@]([H])(C(=O)N([H])C([H])([H])C(=O)N([H])[C@]([H])(C(=O)N([H])[C@]([H])(C(=O)N([H])C([H])([H])C(=O)N([H])[C@]([H])(C(=O)N([H])[C@]([H])(C(=O)N([H])C([H])([H])C(=O)N([H])[C@]([H])(C(=O)N([H])[C@]([H])(C(=O)N([H])C([H])([H])C(=O)N([H])[C@]([H])(C(=O)O[H])C([H])([H])C([H])([H])C(=O)O[H])C([H])([H])C([H])([H])C([H])([H])N([H])C(=N[H])N([H])[P:166](=[O:167])([O:168])[O:169])C([H])([H])C([H])([H])C(=O)O[H])C([H])([H])C([H])([H])C([H])([H])N([H])C(=N[H])N([H])P(=O)(O[H])O[H])C([H])([H])C([H])([H])C(=O)O[H])C([H])([H])C([H])([H])C([H])([H])N([H])C(=N[H])N([H])P(=O)(O[H])O[H])C([H])([H])C([H])([H])C(=O)O[H])C([H])([H])C([H])([H])C([H])([H])N([H])C(=N[H])N([H])P(=O)(O[H])O[H])C([H])([H])C([H])([H])C(=O)O[H])C([H])([H])C([H])([H])C([H])([H])N([H])C(=N[H])N([H])P(=O)(O[H])O[H])C([H])([H])C([H])([H])C(=O)O[H])N([H])[H])N([H])P(=O)(O[H])O[H].[H][O:170][H:311]>>[P:166](=[O:167])([O:168])([O:169])[O:170][H:311],EVODEX-P29347
EVODEX-N11752,[H]N=C(N([H])C([H])([H])C([H])([H])C([H])([H])[C@@]([H])(C(=O)N([H])C([H])([H])C(=O)N([H])[C@]([H])(C(=O)N([H])[C@]([H])(C(=O)N([H])C([H])([H])C(=O)N([H])[C@]([H])(C(=O)N([H])[C@]([H])(C(=O)N([H])C([H])([H])C(=O)N([H])[C@]([H])(C(=O)N([H])[C@]([H])(C(=O)N([H])C([H])([H])C(=O)N([H])[C@]([H])(C(=O)N([H])[C@]([H])(C(=O)N([H])C([H])([H])C(=O)N([H])[C@]([H])(C(=O)N([H])[C@]([H])(C(=O)N([H])C([H])([H])C(=O)N([H])[C@]([H])(C(=O)O[H])C([H])([H])C([H])([H])C(=O)O[H])C([H])([H])C([H])([H])C([H])([H])N([H])C(=N[H])N([H])[P:166](=[O:167])([O:168])[O:169])C([H])([H])C([H])([H])C(=O)O[H])C([H])([H])C([H])([H])C([H])([H])N([H])C(=N[H])N([H])P(=O)(O[H])O[H])C([H])([H])C([H])([H])C(=O)O[H])C([H])([H])C([H])([H])C([H])([H])N([H])C(=N[H])N([H])P(=O)(O[H])O[H])C([H])([H])C([H])([H])C(=O)O[H])C([H])([H])C([H])([H])C([H])([H])N([H])C(=N[H])N([H])P(=O)(O[H])O[H])C([H])([H])C([H])([H])C(=O)O[H])C([H])([H])C([H])([H])C([H])([H])N([H])C(=N[H])N([H])P(=O)(O[H])O[H])C([H])([H])C([H])([H])C(=O)O[H])N([H])[H])N([H])P(=O)(O[H])O[H]>>[H]O[P:166](=[O:167])([O:168])[O:169],EVODEX-P29348
EVODEX-N11753,[H]N=C(N([H])C([H])([H])C([H])([H])C([H])([H])[C@@]([H])(C(=O)N([H])C([H])([H])C(=O)N([H])[C@]([H])(C(=O)N([H])[C@]([H])(C(=O)N([H])C([H])([H])C(=O)N([H])[C@]([H])(C(=O)N([H])[C@]([H])(C(=O)N([H])C([H])([H])C(=O)N([H])[C@]([H])(C(=O)N([H])[C@]([H])(C(=O)N([H])C([H])([H])C(=O)N([H])[C@]([H])(C(=O)N([H])[C@]([H])(C(=O)N([H])C([H])([H])C(=O)N([H])[C@]([H])(C(=O)N([H])[C@]([H])(C(=O)N([H])C([H])([H])C(=O)N([H])[C@]([H])(C(=O)O[H])C([H])([H])C1:C([H]):C([H]):C([H]):C([H]):C:1[H])C([H])([H])C([H])([H])C([H])([H])N([H])C(=N[H])N([H])P(=O)(O[H])O[H])C([H])([H])C1:C([H]):C([H]):C([H]):C([H]):C:1[H])C([H])([H])C([H])([H])C([H])([H])N([H])C(=N[H])N([H])P(=O)(O[H])O[H])C([H])([H])C1:C([H]):C([H]):C([H]):C([H]):C:1[H])C([H])([H])C([H])([H])C([H])([H])N([H])C(=N[H])N([H])P(=O)(O[H])O[H])C([H])([H])C1:C([H]):C([H]):C([H]):C([H]):C:1[H])C([H])([H])C([H])([H])C([H])([H])N([H])C(=N[H])N([H])[P:94](=[O:95])([O:96])[O:97])C([H])([H])C1:C([H]):C([H]):C([H]):C([H]):C:1[H])C([H])([H])C([H])([H])C([H])([H])N([H])C(=N[H])N([H])P(=O)(O[H])O[H])C([H])([H])C1:C([H]):C([H]):C([H]):C([H]):C:1[H])N([H])[H])N([H])P(=O)(O[H])O[H].[H][O:182][H:335]>>[P:94](=[O:95])([O:96])([O:97])[O:182][H:335],EVODEX-P29352
EVODEX-N11754,[H]N=C(N([H])C([H])([H])C([H])([H])C([H])([H])[C@@]([H])(C(=O)N([H])C([H])([H])C(=O)N([H])[C@]([H])(C(=O)N([H])[C@]([H])(C(=O)N([H])C([H])([H])C(=O)N([H])[C@]([H])(C(=O)N([H])[C@]([H])(C(=O)N([H])C([H])([H])C(=O)N([H])[C@]([H])(C(=O)N([H])[C@]([H])(C(=O)N([H])C([H])([H])C(=O)N([H])[C@]([H])(C(=O)N([H])[C@]([H])(C(=O)N([H])C([H])([H])C(=O)N([H])[C@]([H])(C(=O)N([H])[C@]([H])(C(=O)N([H])C([H])([H])C(=O)N([H])[C@]([H])(C(=O)O[H])C([H])([H])C1:C([H]):C([H]):C([H]):C([H]):C:1[H])C([H])([H])C([H])([H])C([H])([H])N([H])C(=N[H])N([H])P(=O)(O[H])O[H])C([H])([H])C1:C([H]):C([H]):C([H]):C([H]):C:1[H])C([H])([H])C([H])([H])C([H])([H])N([H])C(=N[H])N([H])P(=O)(O[H])O[H])C([H])([H])C1:C([H]):C([H]):C([H]):C([H]):C:1[H])C([H])([H])C([H])([H])C([H])([H])N([H])C(=N[H])N([H])P(=O)(O[H])O[H])C([H])([H])C1:C([H]):C([H]):C([H]):C([H]):C:1[H])C([H])([H])C([H])([H])C([H])([H])N([H])C(=N[H])N([H])[P:94](=[O:95])([O:96])[O:97])C([H])([H])C1:C([H]):C([H]):C([H]):C([H]):C:1[H])C([H])([H])C([H])([H])C([H])([H])N([H])C(=N[H])N([H])P(=O)(O[H])O[H])C([H])([H])C1:C([H]):C([H]):C([H]):C([H]):C:1[H])N([H])[H])N([H])P(=O)(O[H])O[H]>>[H]O[P:94](=[O:95])([O:96])[O:97],EVODEX-P29353
EVODEX-N11755,[H]OC([H])([H])[C@@]1([H])O[C@]([H])(OC2:C([H]):C([H]):C3:C(C([H])([H])[H]):C([H]):C(=O):O:C:3:C:2[H])[C@]([H])(N([H])[S:22](=[O:23])(=[O:24])[O:25])[C@@]([H])(O[H])[C@]1([H])O[H].[H][O:29][H:49]>>[S:22](=[O:23])(=[O:24])([O:25])[O:29][H:49],EVODEX-P29357
EVODEX-N11756,[H]OC([H])([H])[C@@]1([H])O[C@]([H])(OC2:C([H]):C([H]):C3:C(C([H])([H])[H]):C([H]):C(=O):O:C:3:C:2[H])[C@]([H])(N([H])[S:22](=[O:23])(=[O:24])[O:25])[C@@]([H])(O[H])[C@]1([H])O[H]>>[H]O[S:22](=[O:23])(=[O:24])[O:25],EVODEX-P29358
EVODEX-N11757,[H]N(C1([H])C([H])([H])C([H])([H])C([H])([H])C([H])([H])C1([H])[H])[S:3](=[O:2])(=[O:4])[O:5].[H][O:1][H:26]>>[O:1]([S:3](=[O:2])(=[O:4])[O:5])[H:26],EVODEX-P29362
EVODEX-N11758,[H]N(C1([H])C([H])([H])C([H])([H])C([H])([H])C([H])([H])C1([H])[H])[S:3](=[O:2])(=[O:4])[O:5]>>[H]O[S:3](=[O:2])(=[O:4])[O:5],EVODEX-P29363
EVODEX-N11759,[H]N(C([H])([H])C([H])([H])C([H])([H])[H])[S:5](=[O:6])(=[O:7])[O:8].[H][O:9][H:19]>>[S:5](=[O:6])(=[O:7])([O:8])[O:9][H:19],EVODEX-P29367
EVODEX-N11760,[H]N(C([H])([H])C([H])([H])C([H])([H])[H])[S:5](=[O:6])(=[O:7])[O:8]>>[H]O[S:5](=[O:6])(=[O:7])[O:8],EVODEX-P29368
EVODEX-N11761,[C:4][P:5](=[O:6])([O:7])[O:8].[H][O:1][H:14]>>[H][C:4].[O:1]([P:5](=[O:6])([O:7])[O:8])[H:14],"EVODEX-P29371,EVODEX-P29376,EVODEX-P29381"
EVODEX-N11762,[H]C(=O)C([H])([H])[P:5](=[O:6])([O:7])[O:8].[H][O:1][H:14]>>[O:1]([P:5](=[O:6])([O:7])[O:8])[H:14],EVODEX-P29372
EVODEX-N11763,[H]C(=O)C([H])([H])[P:5](=[O:6])([O:7])[O:8]>>[H]O[P:5](=[O:6])([O:7])[O:8],EVODEX-P29373
EVODEX-N11764,[H]OP(=O)(O[H])[C:4]([C:3])([H:10])[H:11]>>[H][C:4]([C:3])([H:10])[H:11],"EVODEX-P29374,EVODEX-P29379,EVODEX-P29384"
EVODEX-N11765,[H]OC(=O)C([H])([H])[P:6](=[O:7])([O:8])[O:9].[H][O:1][H:15]>>[O:1]([P:6](=[O:7])([O:8])[O:9])[H:15],EVODEX-P29377
EVODEX-N11766,[H]OC(=O)C([H])([H])[P:6](=[O:7])([O:8])[O:9]>>[H]O[P:6](=[O:7])([O:8])[O:9],EVODEX-P29378
EVODEX-N11767,[H]OC(=O)C(=O)C([H])([H])[P:8](=[O:9])([O:10])[O:11].[H][O:1][H:17]>>[O:1]([P:8](=[O:9])([O:10])[O:11])[H:17],EVODEX-P29382
EVODEX-N11768,[H]OC(=O)C(=O)C([H])([H])[P:8](=[O:9])([O:10])[O:11]>>[H]O[P:8](=[O:9])([O:10])[O:11],EVODEX-P29383
EVODEX-N11769,[H]O[C@]1([H])[C@@]([H])(O[H])[C@@]([H])(OP(=O)(O[H])OP(=O)(O[H])OC([H])([H])[C@@]2([H])O[C@@]([H])(N3:C([H]):C([H]):C(=O):N([H]):C:3=O)[C@]([H])(O[H])[C@]2([H])O[H])O[C@]([H])(C([H])([H])[O:27][H:55])[C@@]1([H])O[H]>>[H][O:27][H:55],EVODEX-P29387
EVODEX-N11770,[H][O:3][S:2](=[O:1])[O:4].[H]O[C:26]([C:25])([H:53])[H:54]>>[O:1]=[S:2](=[O:3])([O:4])[C:26]([C:25])([H:53])[H:54],EVODEX-P29388
EVODEX-N11771,[H]O[C:26]([C:25])([H:53])[H:54]>>[H]OS(=O)(=O)[C:26]([C:25])([H:53])[H:54],EVODEX-P29389
EVODEX-N11772,[H][O:3][S:2](=[O:1])[O:4]>>[H]O[C@]1([H])[C@@]([H])(O[H])[C@@]([H])(OP(=O)(O[H])OP(=O)(O[H])OC([H])([H])[C@@]2([H])O[C@@]([H])(N3:C([H]):C([H]):C(=O):N([H]):C:3=O)[C@]([H])(O[H])[C@]2([H])O[H])O[C@]([H])(C([H])([H])[S:2](=[O:1])(=[O:3])[O:4])[C@@]1([H])O[H],EVODEX-P29390
EVODEX-N11773,[C:22][C:23]([S:24](=[O:25])(=[O:26])[O:27])([H:51])[H:52].[H][O:1][H:65]>>[O:1]([C:23]([C:22])([H:51])[H:52])[H:65].[H][O:25][S:24](=[O:26])[O:27],EVODEX-P29392
EVODEX-N11774,[H]O[C@]1([H])[C@@]([H])(O[H])[C@@]([H])(OP(=O)(O[H])OP(=O)(O[H])OC([H])([H])[C@@]2([H])O[C@@]([H])(N3:C([H]):C([H]):C(=O):N([H]):C:3=O)[C@]([H])(O[H])[C@]2([H])O[H])O[C@]([H])(C([H])([H])[S:24](=[O:25])(=[O:26])[O:27])[C@@]1([H])O[H]>>[H][O:25][S:24](=[O:26])[O:27],EVODEX-P29393
EVODEX-N11775,[H]OS(=O)(=O)[C:23]([C:22])([H:51])[H:52].[H][O:1][H:65]>>[O:1]([C:23]([C:22])([H:51])[H:52])[H:65],EVODEX-P29394
EVODEX-N11776,[H][O:1][H:65]>>[H]O[C@]1([H])[C@@]([H])(O[H])[C@@]([H])(OP(=O)(O[H])OP(=O)(O[H])OC([H])([H])[C@@]2([H])O[C@@]([H])(N3:C([H]):C([H]):C(=O):N([H]):C:3=O)[C@]([H])(O[H])[C@]2([H])O[H])O[C@]([H])(C([H])([H])[O:1][H:65])[C@@]1([H])O[H],EVODEX-P29395
EVODEX-N11777,[H]OS(=O)(=O)[C:23]([C:22])([H:51])[H:52]>>[H]O[C:23]([C:22])([H:51])[H:52],EVODEX-P29396
EVODEX-N11778,[C:23][S:24](=[O:25])(=[O:26])[O:27]>>[H]O[C:23].[H][O:25][S:24](=[O:26])[O:27],EVODEX-P29397
EVODEX-N11779,[O:1]=[S:2]([O:3])[O:4].[H][C:13](:[C:12]):[C:14]>>[O:1]=[S:2]([O:4])[C:13](:[C:12]):[C:14].[H][O:3],EVODEX-P29398
EVODEX-N11780,[H]OS(=O)[O:3][H:18]>>[H][O:3][H:18],EVODEX-P29399
EVODEX-N11781,[H]O[S:2](=[O:1])[O:4].[H][C:13](:[C:12]):[C:14]>>[O:1]=[S:2]([O:4])[C:13](:[C:12]):[C:14],EVODEX-P29400
EVODEX-N11782,[H][C:13](:[C:12]):[C:14]>>[H]OS(=O)[C:13](:[C:12]):[C:14],EVODEX-P29401
EVODEX-N11783,[H]O[S:2](=[O:1])[O:4]>>[H]OC1:C([H]):C([H]):C([H]):C([H]):C:1C1:C([H]):C([H]):C([H]):C([H]):C:1[S:2](=[O:1])[O:4],EVODEX-P29402
EVODEX-N11784,>>[H]OC1:C([H]):C([H]):C([H]):C([H]):C:1C1:C:C([H]):C([H]):C([H]):C:1[H].[H],EVODEX-P29403
EVODEX-N11785,[O:2]=[S:3]([O:4])[C:5].[H][O:1][H:28]>>[O:1]([S:3](=[O:2])[O:4])[H:28].[H][C:5],"EVODEX-P29404,EVODEX-P29410"
EVODEX-N11786,[H]OS(=O)[C:5](:[C:6]):[C:10]>>[H][C:5](:[C:6]):[C:10],EVODEX-P29405
EVODEX-N11787,[H]OC1:C([H]):C([H]):C([H]):C([H]):C:1C1:C([H]):C([H]):C([H]):C([H]):C:1[S:3](=[O:2])[O:4].[H][O:1][H:28]>>[O:1]([S:3](=[O:2])[O:4])[H:28],EVODEX-P29406
EVODEX-N11788,[H][O:1][H:28]>>[H]OS(=O)[O:1][H:28],EVODEX-P29407
EVODEX-N11789,[H]OC1:C([H]):C([H]):C([H]):C([H]):C:1C1:C([H]):C([H]):C([H]):C([H]):C:1[S:3](=[O:2])[O:4]>>[H]O[S:3](=[O:2])[O:4],EVODEX-P29408
EVODEX-N11790,[H]O[C@]1([H])[C@]([H])(OP(=O)(O[H])O[H])[C@@]([H])(C([H])([H])OP(=O)(O[H])OP(=O)(O[H])OC([H])([H])C(C([H])([H])[H])(C([H])([H])[H])[C@@]([H])(O[H])C(=O)N([H])C([H])([H])C([H])([H])C(=O)N([H])C([H])([H])C([H])([H])SC(=O)C([H])([H])C([H])([H])[S:53](=[O:54])[O:55])O[C@@]1([H])N1:C([H]):N:C2:C(N([H])[H]):N:C([H]):N:C:2:1.[H][O:56][H:97]>>[S:53](=[O:54])([O:55])[O:56][H:97],EVODEX-P29411
EVODEX-N11791,[H]O[C@]1([H])[C@]([H])(OP(=O)(O[H])O[H])[C@@]([H])(C([H])([H])OP(=O)(O[H])OP(=O)(O[H])OC([H])([H])C(C([H])([H])[H])(C([H])([H])[H])[C@@]([H])(O[H])C(=O)N([H])C([H])([H])C([H])([H])C(=O)N([H])C([H])([H])C([H])([H])SC(=O)C([H])([H])C([H])([H])[S:53](=[O:54])[O:55])O[C@@]1([H])N1:C([H]):N:C2:C(N([H])[H]):N:C([H]):N:C:2:1>>[H]O[S:53](=[O:54])[O:55],EVODEX-P29412
EVODEX-N11792,[H]OS(=O)[C:52]([C:51])([H:94])[H:95]>>[H][C:52]([C:51])([H:94])[H:95],EVODEX-P29413
EVODEX-N11793,[H][O:1][H].[H][O:2][H].[S:3]=[C:4]=[S:5]>>[O:1]=[C:4]=[O:2].[H][S:3][H].[H][S:5][H],EVODEX-P29415
EVODEX-N11794,C(=[S:3])=[S:5]>>[H][S:3][H].[H][S:5][H],EVODEX-P29416
EVODEX-N11795,[H][O:1][H].S=[C:4]=S>>O=[C:4]=[O:1],EVODEX-P29417
EVODEX-N11796,S=[C:4]=[S:5]>>O=[C:4]=O.[H][S:5][H],EVODEX-P29418
EVODEX-N11797,S=[C:4]=S>>O=[C:4]=O,EVODEX-P29419
EVODEX-N11798,[H][O:1][H].[S:2]=[C:3]=[S:4]>>[O:1]=[C:3]=[S:4].[H][S:2][H],EVODEX-P29420
EVODEX-N11799,[H][O:1][H].S=[C:3]=[S:4]>>[O:1]=[C:3]=[S:4],EVODEX-P29421
EVODEX-N11800,S=[C:3]=[S:4]>>O=[C:3]=[S:4],EVODEX-P29422
EVODEX-N11801,[H][O:1][H]>>S=C=[O:1],EVODEX-P29423
EVODEX-N11802,[S:2]=[C:3]>>O=[C:3].[H][S:2][H],"EVODEX-P29424,EVODEX-P29429"
EVODEX-N11803,O=C=[S:4]>>[H][S:4][H],EVODEX-P29426
EVODEX-N11804,S=[C:3]=[O:2].[H][O:1][H]>>[O:1]=[C:3]=[O:2],EVODEX-P29427
EVODEX-N11805,S=[C:3]=[O:2]>>O=[C:3]=[O:2],EVODEX-P29428
EVODEX-N11806,[#85]-[#6](-[#85])(-[#85])-[#16&+](-[#6](-[#85])(-[#85])-[#6](-[#85])(-[#85])-[#6@](-[#85])(-[#7](-[#85])-[#85])-[#6](=[#8])-[#8]-[#85])-[#6:10](-[#85:40])(-[#85:41])-[#6@@:11].[#85:52]-[#8:28]-[#85]>>[#85:40]-[#6:10](-[#85:41])(-[#6@@:11])-[#8:28]-[#85:52],EVODEX-P29431
EVODEX-N11807,[#85]-[#6](-[#85])(-[#85])-[#16&+](-[#6](-[#85])(-[#85])-[#6](-[#85])(-[#85])-[#6@](-[#85])(-[#7](-[#85])-[#85])-[#6](=[#8])-[#8]-[#85])-[#6:10](-[#85:40])(-[#85:41])-[#6@@:11]>>[#85:40]-[#6:10](-[#85:41])(-[#6@@:11])-[#8]-[#85],EVODEX-P29432
EVODEX-N11808,[H]O[C@@]1([H])[C@@]([H])(O[H])[C@]([H])(N2:C([H]):N:C3:C(=O):N([H]):C([H]):N:C:3:2)O[C@]1([H])C([H])([H])[S:5][C:4]>>[H][S:5][C:4],EVODEX-P29435
EVODEX-N11809,[H]O[C@@]1([H])[C@@]([H])(O[H])[C@]([H])(N2:C([H]):N:C3:C(=O):N([H]):C([H]):N:C:3:2)O[C@]1([H])C([H])([H])[O:23][H:43]>>[H][O:23][H:43],EVODEX-P29440
EVODEX-N11810,[H][S:5][C:4]>>[H]O[C@@]1([H])[C@@]([H])(O[H])[C@]([H])(N2:C([H]):N:C3:C(=O):N([H]):C([H]):N:C:3:2)O[C@]1([H])C([H])([H])[S:5][C:4],EVODEX-P29443
EVODEX-N11811,[H][C:2]([C:1])=[O:3].[O:4]=[C:5]=[O:6]>>[H][O:4][C:5]([C:2]([C:1])=[O:3])=[O:6],"EVODEX-P29447,EVODEX-P29465"
EVODEX-N11812,[H]C([H])([H])C([H])([H])C(=O)C([H])([H])[C:6](=[O:7])[O:8][H]>>[C:6](=[O:7])=[O:8],EVODEX-P29453
EVODEX-N11813,[H]OC(=O)[C:4]([O:5])([C:6])[C:8]>>[H][C@:4]([O:5])([C:6])[C:8],"EVODEX-P29454,EVODEX-P29457,EVODEX-P30013,EVODEX-P30016"
EVODEX-N11814,[H]O[C@](C(=O)C([H])([H])[H])(C([H])([H])[H])[C:7](=[O:8])[O:9][H]>>[C:7](=[O:8])=[O:9],EVODEX-P29456
EVODEX-N11815,[H]O[C@](C(=O)C([H])([H])[H])(C([H])([H])C([H])([H])[H])[C:8](=[O:9])[O:10][H]>>[C:8](=[O:9])=[O:10],EVODEX-P29459
EVODEX-N11816,[H]OC(=O)/C(=C(/[H])[C:2](=[O:1])[O:3][H])C([H])([H])C(=O)O[H]>>[O:1]=[C:2]=[O:3],EVODEX-P29460
EVODEX-N11817,[H]OC(=O)[C:4](=[C:5])[H:14]>>[H][C:4](=[C:5])[H:14],"EVODEX-P29462,EVODEX-P29772,EVODEX-P29898,EVODEX-P29899"
EVODEX-N11818,[O:1]=[C:2]=[O:3]>>[H]C1:C([H]):C([H]):C(C(=O)[C:2]([O:1][H])=[O:3]):C([H]):C:1[H],EVODEX-P29467
EVODEX-N11819,[H]O[C@]1([H])[C@]([H])(OP(=O)(O[H])O[H])[C@@]([H])(C([H])([H])OP(=O)(O[H])OP(=O)(O[H])OC([H])([H])C(C([H])([H])[H])(C([H])([H])[H])[C@@]([H])(O[H])C(=O)N([H])C([H])([H])C([H])([H])C(=O)N([H])C([H])([H])C([H])([H])SC(=O)[C:51](=[O:52])[O:53][H])O[C@@]1([H])N1:C([H]):N:C2:C(N([H])[H]):N:C([H]):N:C:2:1>>[C:51](=[O:52])=[O:53],EVODEX-P29469
EVODEX-N11820,[O:52]=[C:53]=[O:54]>>[H]O[C@]1([H])[C@]([H])(OP(=O)(O[H])O[H])[C@@]([H])(C([H])([H])OP(=O)(O[H])OP(=O)(O[H])OC([H])([H])C(C([H])([H])[H])(C([H])([H])[H])[C@@]([H])(O[H])C(=O)N([H])C([H])([H])C([H])([H])C(=O)N([H])C([H])([H])C([H])([H])SC(=O)C([H])([H])[C:53]([O:52][H])=[O:54])O[C@@]1([H])N1:C([H]):N:C2:C(N([H])[H]):N:C([H]):N:C:2:1,EVODEX-P29471
EVODEX-N11821,[H]OC(=O)C([H])([H])[C@]([H])(N([H])[H])[C:7](=[O:8])[O:9][H]>>[C:7](=[O:8])=[O:9],EVODEX-P29474
EVODEX-N11822,[H]N([H])[C@@]([H])(C([H])([H])C([H])(C([H])([H])[H])C([H])([H])[H])[C:7](=[O:8])[O:9][H]>>[C:7](=[O:8])=[O:9],EVODEX-P29481
EVODEX-N11823,[H]OC(=O)C([H])([H])C([H])([H])[C@]([H])(N([H])[H])[C:8](=[O:9])[O:10][H]>>[C:8](=[O:9])=[O:10],EVODEX-P29483
EVODEX-N11824,[H]OC(=O)C([H])([H])C([H])(O[H])[C@]([H])(N([H])[H])[C:3](=[O:4])[O:5][H]>>[C:3](=[O:4])=[O:5],EVODEX-P29486
EVODEX-N11825,[H]N([H])C([H])([H])C([H])([H])C([H])([H])[C@]([H])(N([H])[H])[C:7](=[O:8])[O:9][H]>>[C:7](=[O:8])=[O:9],EVODEX-P29489
EVODEX-N11826,[H]OC(=O)C([H])(N([H])[H])C([H])([H])C([H])([H])C([H])([H])C([H])(N([H])[H])[C:8](=[O:9])[O:10][H]>>[C:8](=[O:9])=[O:10],EVODEX-P29496
EVODEX-N11827,[H]OC(=O)[C:3](:[C:2]):[N:7]>>[H][C:3](:[C:2]):[N:7],"EVODEX-P29497,EVODEX-P29509,EVODEX-P29512,EVODEX-P29852"
EVODEX-N11828,[H]O[C@@]1([H])[C@@]([H])(O[H])[C@]([H])(N2:C([H]):N:C([C:4](=[O:5])[O:6][H]):C:2N([H])[H])O[C@]1([H])C([H])([H])OP(=O)(O[H])O[H]>>[C:4](=[O:5])=[O:6],EVODEX-P29499
EVODEX-N11829,[H][C:3](:[C:2]):[N:4].[O:20]=[C:21]=[O:22]>>[H][O:20][C:21]([C:3](:[C:2]):[N:4])=[O:22],EVODEX-P29500
EVODEX-N11830,[O:20]=[C:21]=[O:22]>>[H]O[C@@]1([H])[C@@]([H])(O[H])[C@]([H])(N2:C([H]):N:C([C:21]([O:20][H])=[O:22]):C:2N([H])[H])O[C@]1([H])C([H])([H])OP(=O)(O[H])O[H],EVODEX-P29501
EVODEX-N11831,[H][C:3](:[C:2]):[N:4]>>[H]OC(=O)[C:3](:[C:2]):[N:4],"EVODEX-P29502,EVODEX-P29849"
EVODEX-N11832,[H]C1:N:C(C([H])([H])[C@]([H])(N([H])[H])[C:9](=[O:10])[O:11][H]):C([H]):N:1[H]>>[C:9](=[O:10])=[O:11],EVODEX-P29505
EVODEX-N11833,[H]C1:N:C(C([H])([H])C([H])(N([H])[H])[C:9](=[O:10])[O:11][H]):C([H]):N:1C([H])([H])[H]>>[C:9](=[O:10])=[O:11],EVODEX-P29508
EVODEX-N11834,[H]O[C@@]1([H])[C@@]([H])(O[H])[C@]([H])(N2:C([C:2](=[O:1])[O:3][H]):C([H]):C(=O):N([H]):C:2=O)O[C@]1([H])C([H])([H])OP(=O)(O[H])O[H]>>[O:1]=[C:2]=[O:3],EVODEX-P29511
EVODEX-N11835,[H]O[C@@]1([H])[C@]([H])(N2:C(=O):C(F):C([C:2](=[O:1])[O:3][H]):N([H]):C:2=O)OC([H])([H])[C@@]1([H])O[H]>>[O:1]=[C:2]=[O:3],EVODEX-P29514
EVODEX-N11836,[H]OC(=O)[C:4](:[C:5]):[C:10]>>[H][C:4](:[C:5]):[C:10],"EVODEX-P29515,EVODEX-P29518,EVODEX-P29647,EVODEX-P29662,EVODEX-P29665,EVODEX-P29668,EVODEX-P29673,EVODEX-P29676,EVODEX-P29687,EVODEX-P29690,EVODEX-P29693,EVODEX-P29696,EVODEX-P29699,EVODEX-P29704,EVODEX-P29740,EVODEX-P29748,EVODEX-P29834,EVODEX-P29840,EVODEX-P29868,EVODEX-P29871,EVODEX-P29902,EVODEX-P30002"
EVODEX-N11837,[H]C1:C([H]):C([H]):C([C:8](=[O:9])[O:10][H]):C(N([H])[H]):C:1[H]>>[C:8](=[O:9])=[O:10],EVODEX-P29517
EVODEX-N11838,[H]OC1:C([H]):C([H]):C(C([H])([H])[C@]([H])(N([H])[H])[C:11](=[O:12])[O:13][H]):C([H]):C:1[H]>>[C:11](=[O:12])=[O:13],EVODEX-P29522
EVODEX-N11839,[H]OC1:C([H]):C([H]):C(C([H])([H])[C@]([H])(N([H])[H])[C:12](=[O:13])[O:14][H]):C([H]):C:1O[H]>>[C:12](=[O:13])=[O:14],EVODEX-P29525
EVODEX-N11840,[H]OS(=O)C([H])([H])[C@]([H])(N([H])[H])[C:7](=[O:8])[O:9][H]>>[C:7](=[O:8])=[O:9],EVODEX-P29530
EVODEX-N11841,[H]OS(=O)(=O)C([H])([H])[C@]([H])(N([H])[H])[C:8](=[O:9])[O:10][H]>>[C:8](=[O:9])=[O:10],EVODEX-P29533
EVODEX-N11842,[H]OC([H])([H])C(C([H])([H])[H])(C([H])([H])[H])[C@@]([H])(O[H])C(=O)N([H])C([H])([H])C([H])([H])C(=O)N([H])[C@@]([H])(C([H])([H])S[H])[C:19](=[O:20])[O:21][H]>>[C:19](=[O:20])=[O:21],EVODEX-P29536
EVODEX-N11843,[C:1](=[C:2]([O:3][P:4](=[O:5])([O:6])[O:7])[C:8])([H:41])[H:42].[H][O:32][P:30].[O:38]=[C:39]=[O:40]>>[H][O:38][C:39]([C:1]([C:2](=[O:3])[C:8])([H:41])[H:42])=[O:40].[P:4](=[O:5])([O:6])([O:7])[O:32][P:30],"EVODEX-P29537,EVODEX-P29560,EVODEX-P29602"
EVODEX-N11844,[H]OP(=O)(O[H])[O:3][C:2](=[C:1]([H:41])[H:42])[C:8].[O:38]=[C:39]=[O:40]>>[H][O:38][C:39]([C:1]([C:2](=[O:3])[C:8])([H:41])[H:42])=[O:40],EVODEX-P29538
EVODEX-N11845,[H]OP(=O)(O[H])[O:3][C:2](=[C:1]([H:41])[H:42])[C:8]>>[H]OC(=O)[C:1]([C:2](=[O:3])[C:8])([H:41])[H:42],EVODEX-P29539
EVODEX-N11846,[C:1](=[C:2]([O:3][P:4])[C:8])([H:41])[H:42]>>[H]OC(=O)[C:1]([C:2](=[O:3])[C:8])([H:41])[H:42].[H]O[C@@]1([H])[C@@]([H])(O[H])[C@]([H])(N2:C([H]):N:C3:C(N([H])[H]):N:C([H]):N:C:3:2)O[C@]1([H])C([H])([H])OP(=O)(O[H])OP(=O)(O[H])O[P:4],EVODEX-P29540
EVODEX-N11847,[C:1](=[C:2]([O:3][P:4])[C:8])([H:41])[H:42].[O:38]=[C:39]=[O:40]>>[H][O:38][C:39]([C:1]([C:2](=[O:3])[C:8])([H:41])[H:42])=[O:40].[H]O[C@@]1([H])[C@@]([H])(O[H])[C@]([H])(N2:C([H]):N:C3:C(N([H])[H]):N:C([H]):N:C:3:2)O[C@]1([H])C([H])([H])OP(=O)(O[H])OP(=O)(O[H])O[P:4],EVODEX-P29541
EVODEX-N11848,[C:1](=[C:2]([O:3][P:4](=[O:5])([O:6])[O:7])[C:8])([H:41])[H:42].[H][O:32][P:30]>>[H]OC(=O)[C:1]([C:2](=[O:3])[C:8])([H:41])[H:42].[P:4](=[O:5])([O:6])([O:7])[O:32][P:30],"EVODEX-P29542,EVODEX-P29563,EVODEX-P29604"
EVODEX-N11849,[H][O:32][P:30].[O:38]=[C:39]=[O:40]>>[H]OC(=O)C(=O)C([H])([H])[C:39]([O:38][H])=[O:40].[H]OP(=O)(O[H])[O:32][P:30],"EVODEX-P29543,EVODEX-P29564,EVODEX-P29606"
EVODEX-N11850,[O:23][P:24](=[O:25])([O:26])[O:27].[H][O:34][C:33](=[O:32])[C:35]([C:36](=[O:37])[C:38])([H:58])[H:59]>>[H][O:23].[O:32]=[C:33]=[O:34].[P:24](=[O:25])([O:26])([O:27])[O:37][C:36](=[C:35]([H:58])[H:59])[C:38],"EVODEX-P29546,EVODEX-P29555,EVODEX-P29612"
EVODEX-N11851,[H]O[C@@]1([H])[C@@]([H])(O[H])[C@]([H])(N2:C([H]):N:C3:C(N([H])[H]):N:C([H]):N:C:3:2)O[C@]1([H])C([H])([H])OP(=O)(O[H])OP(=O)(O[H])O[P:24](=[O:25])([O:26])[O:27].[H]OC(=O)[C:35]([C:36](=[O:37])[C:38])([H:58])[H:59]>>[P:24](=[O:25])([O:26])([O:27])[O:37][C:36](=[C:35]([H:58])[H:59])[C:38],EVODEX-P29547
EVODEX-N11852,[H]OP(=O)(O[H])[O:23][P:20].[H]OC(=O)C(=O)C([H])([H])[C:33](=[O:32])[O:34][H]>>[H][O:23][P:20].[O:32]=[C:33]=[O:34],"EVODEX-P29548,EVODEX-P29557,EVODEX-P29615"
EVODEX-N11853,[O:23][P:24](=[O:25])([O:26])[O:27].[H]OC(=O)[C:35]([C:36](=[O:37])[C:38])([H:58])[H:59]>>[H][O:23].[P:24](=[O:25])([O:26])([O:27])[O:37][C:36](=[C:35]([H:58])[H:59])[C:38],"EVODEX-P29549,EVODEX-P29558,EVODEX-P29613"
EVODEX-N11854,[H]O[C@@]1([H])[C@@]([H])(O[H])[C@]([H])(N2:C([H]):N:C3:C(N([H])[H]):N:C([H]):N:C:3:2)O[C@]1([H])C([H])([H])OP(=O)(O[H])OP(=O)(O[H])O[P:24](=[O:25])([O:26])[O:27].[H][O:34][C:33](=[O:32])[C:35]([C:36](=[O:37])[C:38])([H:58])[H:59]>>[O:32]=[C:33]=[O:34].[P:24](=[O:25])([O:26])([O:27])[O:37][C:36](=[C:35]([H:58])[H:59])[C:38],EVODEX-P29550
EVODEX-N11855,[H]OC(=O)[C:35]([C:36](=[O:37])[C:38])([H:58])[H:59]>>[H]OP(=O)(O[H])[O:37][C:36](=[C:35]([H:58])[H:59])[C:38],EVODEX-P29551
EVODEX-N11856,[H][O:34][C:33](=[O:32])[C:35]([C:36](=[O:37])[C:38])([H:58])[H:59]>>[O:32]=[C:33]=[O:34].[H]OP(=O)(O[H])[O:37][C:36](=[C:35]([H:58])[H:59])[C:38],EVODEX-P29552
EVODEX-N11857,[H]O[C@@]1([H])[C@@]([H])(O[H])[C@]([H])(N2:C([H]):N:C3:C(=O):N([H]):C(N([H])[H]):N:C:3:2)O[C@]1([H])C([H])([H])OP(=O)(O[H])OP(=O)(O[H])O[P:22](=[O:23])([O:24])[O:25]>>[H]OC(=O)C(O[P:22](=[O:23])([O:24])[O:25])=C([H])[H],EVODEX-P29553
EVODEX-N11858,[H]O[C@@]1([H])[C@@]([H])(O[H])[C@]([H])(N2:C([H]):N:C3:C(=O):N([H]):C(N([H])[H]):N:C:3:2)O[C@]1([H])C([H])([H])OP(=O)(O[H])OP(=O)(O[H])O[P:22](=[O:23])([O:24])[O:25].[H]OC(=O)[C:36]([C:37](=[O:38])[C:39])([H:59])[H:60]>>[P:22](=[O:23])([O:24])([O:25])[O:38][C:37](=[C:36]([H:59])[H:60])[C:39],EVODEX-P29556
EVODEX-N11859,[H]O[C@@]1([H])[C@@]([H])(O[H])[C@]([H])(N2:C([H]):N:C3:C(=O):N([H]):C(N([H])[H]):N:C:3:2)O[C@]1([H])C([H])([H])OP(=O)(O[H])OP(=O)(O[H])O[P:22](=[O:23])([O:24])[O:25].[H][O:35][C:34](=[O:33])[C:36]([C:37](=[O:38])[C:39])([H:59])[H:60]>>[O:33]=[C:34]=[O:35].[P:22](=[O:23])([O:24])([O:25])[O:38][C:37](=[C:36]([H:59])[H:60])[C:39],EVODEX-P29559
EVODEX-N11860,[C:1](=[C:2]([O:3][P:4])[C:8])([H:42])[H:43]>>[H]OC(=O)[C:1]([C:2](=[O:3])[C:8])([H:42])[H:43].[H]O[C@@]1([H])[C@@]([H])(O[H])[C@]([H])(N2:C([H]):N:C3:C(=O):N([H]):C(N([H])[H]):N:C:3:2)O[C@]1([H])C([H])([H])OP(=O)(O[H])OP(=O)(O[H])O[P:4],EVODEX-P29561
EVODEX-N11861,[C:1](=[C:2]([O:3][P:4])[C:8])([H:42])[H:43].[O:39]=[C:40]=[O:41]>>[H][O:39][C:40]([C:1]([C:2](=[O:3])[C:8])([H:42])[H:43])=[O:41].[H]O[C@@]1([H])[C@@]([H])(O[H])[C@]([H])(N2:C([H]):N:C3:C(=O):N([H]):C(N([H])[H]):N:C:3:2)O[C@]1([H])C([H])([H])OP(=O)(O[H])OP(=O)(O[H])O[P:4],EVODEX-P29562
EVODEX-N11862,[H]OC(=O)C(O[P:4](=[O:5])([O:6])[O:7])=C([H])[H]>>[H]O[C@@]1([H])[C@@]([H])(O[H])[C@]([H])(N2:C([H]):N:C3:C(=O):N([H]):C(N([H])[H]):N:C:3:2)O[C@]1([H])C([H])([H])OP(=O)(O[H])OP(=O)(O[H])O[P:4](=[O:5])([O:6])[O:7],EVODEX-P29565
EVODEX-N11863,[H]O[C@](C([H])([H])[H])(C([H])([H])C([H])([H])OP(=O)(O[H])OP(=O)(O[H])O[H])C([H])([H])[C:16](=[O:17])[O:18][H]>>[C:16](=[O:17])=[O:18],EVODEX-P29569
EVODEX-N11864,[H]OC(=O)C([H])([H])[C@@](C([H])([H])[H])(C([H])([H])C([H])([H])OP(=O)(O[H])OP(=O)(O[H])O[H])[O:3][H:53]>>[H]O[C@@]1([H])[C@@]([H])(O[H])[C@]([H])(N2:C([H]):N:C3:C(N([H])[H]):N:C([H]):N:C:3:2)O[C@]1([H])C([H])([H])OP(=O)(O[H])OP(=O)(O[H])[O:3][H:53],EVODEX-P29571
EVODEX-N11865,[H]OP(=O)(O[H])OP(=O)(O[H])OC([H])([H])C([H])([H])[C@](C([H])([H])[H])(C([H])([H])[C:16](=[O:17])[O:18][H])[O:3][H:53]>>[C:16](=[O:17])=[O:18].[H]O[C@@]1([H])[C@@]([H])(O[H])[C@]([H])(N2:C([H]):N:C3:C(N([H])[H]):N:C([H]):N:C:3:2)O[C@]1([H])C([H])([H])OP(=O)(O[H])OP(=O)(O[H])[O:3][H:53],EVODEX-P29572
EVODEX-N11866,[H]OP(=O)(O[H])OP(=O)(O[H])OC([H])([H])C([H])([H])[C@](C([H])([H])[H])(C([H])([H])[C:16](=[O:17])[O:18][H])[O:3][H:53].[O:37][P:38](=[O:39])([O:40])[O:41]>>[C:16](=[O:17])=[O:18].[O:3]([P:38]([O:37])(=[O:39])[O:40])[H:53].[H][O:41],EVODEX-P29575
EVODEX-N11867,[H]OC(=O)C([H])([H])[C@@](C([H])([H])[H])(C([H])([H])C([H])([H])OP(=O)(O[H])OP(=O)(O[H])O[H])[O:3][H:53].[H]OP(=O)(O[H])O[P:38]([O:37])(=[O:39])[O:40]>>[O:3]([P:38]([O:37])(=[O:39])[O:40])[H:53],EVODEX-P29577
EVODEX-N11868,[H]OP(=O)(O[H])OP(=O)(O[H])OC([H])([H])C([H])([H])[C@](C([H])([H])[H])(C([H])([H])[C:16](=[O:17])[O:18][H])[O:3][H:53].[H]OP(=O)(O[H])O[P:38]([O:37])(=[O:39])[O:40]>>[C:16](=[O:17])=[O:18].[O:3]([P:38]([O:37])(=[O:39])[O:40])[H:53],EVODEX-P29578
EVODEX-N11869,[H]O[C@](C([H])([H])[H])(C([H])([H])C([H])([H])OP(=O)(O[H])OP(=O)(O[H])O[H])C([H])([H])[C:16](=[O:17])[O:18][H].[H]O[C@@]1([H])[C@@]([H])(O[H])[C@]([H])(N2:C([H]):N:C3:C(N([H])[H]):N:C([H]):N:C:3:2)O[C@]1([H])C([H])([H])OP(=O)(O[H])OP(=O)(O[H])[O:41][P:42]>>[C:16](=[O:17])=[O:18].[H][O:41][P:42],EVODEX-P29581
EVODEX-N11870,[H]OC(=O)C([H])([H])[C@@](C([H])([H])[H])(C([H])([H])C([H])([H])OP(=O)(O[H])OP(=O)(O[H])O[H])[O:3][H:53].[O:37][P:38](=[O:39])([O:40])[O:41]>>[O:3]([P:38]([O:37])(=[O:39])[O:40])[H:53].[H][O:41],EVODEX-P29583
EVODEX-N11871,[H]OC([H])([H])[C@]([H])(O[H])[C@@]([H])(O[H])C(=O)[C@]([H])(O[H])[C:2](=[O:1])[O:3][H]>>[O:1]=[C:2]=[O:3],EVODEX-P29585
EVODEX-N11872,[H]O[C@@]([H])(C(=O)N([H])C([H])([H])C([H])([H])C(=O)N([H])[C@@]([H])(C([H])([H])S[H])[C:23](=[O:24])[O:25][H])C(C([H])([H])[H])(C([H])([H])[H])C([H])([H])OP(=O)(O[H])O[H]>>[C:23](=[O:24])=[O:25],EVODEX-P29595
EVODEX-N11873,[H]OC(=O)C([H])([H])C([H])([H])C1:C(C([H])([H])[H]):C2:N([H]):C:1C([H])([H])C1:C(C([H])([H])[H]):C(C([H])([H])C([H])([H])C(=O)O[H]):C(:N:1[H])C([H])([H])C1:C(C([H])([H])[H]):C(C([H])([H])C([H])([H])C(=O)O[H]):C(:N:1[H])C([H])([H])C1:C(C([H])([H])[C:36](=[O:37])[O:38][H]):C(C([H])([H])C([H])([H])C(=O)O[H]):C(:N:1[H])C2([H])[H]>>[C:36](=[O:37])=[O:38],EVODEX-P29598
EVODEX-N11874,[H]OC(=O)[C:35]([C:34])([H:83])[H:84].[H]OC(=O)[C:44]([C:43])([H:89])[H:90]>>[H][C:35]([C:34])([H:83])[H:84].[H][C:44]([C:43])([H:89])[H:90],EVODEX-P29599
EVODEX-N11875,[H]OC(=O)[C:44]([C:43])([H:89])[H:90].[H][O:38][C:36]([C:35])=[O:37]>>[C:36](=[O:37])=[O:38].[H][C:35].[H][C:44]([C:43])([H:89])[H:90],EVODEX-P29600
EVODEX-N11876,[H]OC(=O)C([H])([H])C1:C(C([H])([H])C([H])([H])C(=O)O[H]):C2:N([H]):C:1C([H])([H])C1:C(C([H])([H])C([H])([H])C(=O)O[H]):C(C([H])([H])[H]):C(:N:1[H])C([H])([H])C1:C(C([H])([H])C([H])([H])C(=O)O[H]):C(C([H])([H])[H]):C(:N:1[H])C([H])([H])C1:C(C([H])([H])[C:45](=[O:46])[O:47][H]):C(C([H])([H])C([H])([H])C(=O)O[H]):C(:N:1[H])C2([H])[H]>>[C:45](=[O:46])=[O:47],EVODEX-P29601
EVODEX-N11877,[C:1](=[C:2]([O:3][P:4])[C:8])([H:19])[H:20]>>[H]OC(=O)[C:1]([C:2](=[O:3])[C:8])([H:19])[H:20].[H]OP(=O)(O[H])O[P:4],EVODEX-P29603
EVODEX-N11878,[C:1](=[C:2]([O:3][P:4])[C:8])([H:19])[H:20].[O:11]=[C:12]=[O:13]>>[H][O:11][C:12]([C:1]([C:2](=[O:3])[C:8])([H:19])[H:20])=[O:13].[H]OP(=O)(O[H])O[P:4],EVODEX-P29605
EVODEX-N11879,[H]OP(=O)(O[H])O[P:15](=[O:16])([O:17])[O:18]>>[H]OC(=O)C(O[P:15](=[O:16])([O:17])[O:18])=C([H])[H],EVODEX-P29609
EVODEX-N11880,[H]OP(=O)(O[H])O[P:15](=[O:16])([O:17])[O:18].[H]OC(=O)[C:4]([C:5](=[O:6])[C:7])([H:24])[H:25]>>[C:4](=[C:5]([O:6][P:15](=[O:16])([O:17])[O:18])[C:7])([H:24])[H:25],EVODEX-P29611
EVODEX-N11881,[H]OP(=O)(O[H])O[P:15](=[O:16])([O:17])[O:18].[H][O:3][C:2](=[O:1])[C:4]([C:5](=[O:6])[C:7])([H:24])[H:25]>>[C:4](=[C:5]([O:6][P:15](=[O:16])([O:17])[O:18])[C:7])([H:24])[H:25].[O:1]=[C:2]=[O:3],EVODEX-P29614
EVODEX-N11882,[O:19]=[O:20].[H][C@@:9]([C:2](=[O:1])[C:3])([O:10])[C:11]>>[C:9]([O:10])([C:11])=[O:20].[H][O:19][C:2](=[O:1])[C:3],EVODEX-P29616
EVODEX-N11883,O=[O:19].[H]O[C@]([H])(C([H])([H])OP(=O)(O[H])O[H])[C@@]([H])(O[H])[C:2](=[O:1])[C:3]>>[H][O:19][C:2](=[O:1])[C:3],EVODEX-P29617
EVODEX-N11884,[H]O[C@]([H])(C([H])([H])OP(=O)(O[H])O[H])[C@@]([H])(O[H])[C:2](=[O:1])[C:3]>>[H]O[C:2](=[O:1])[C:3],EVODEX-P29618
EVODEX-N11885,O=[O:19]>>[H]OP(=O)(O[H])OC([H])([H])C(=O)[O:19][H],EVODEX-P29619
EVODEX-N11886,O=[O:20].[H]OP(=O)(O[H])OC([H])([H])C(=O)[C@:9]([H])([O:10])[C:11]>>[C:9]([O:10])([C:11])=[O:20],EVODEX-P29620
EVODEX-N11887,[H]OP(=O)(O[H])OC([H])([H])C(=O)[C@:9]([H])([O:10])[C:11]>>O=[C:9]([O:10])[C:11],EVODEX-P29621
EVODEX-N11888,O=[O:20]>>[H]OC([C@]([H])(O[H])C([H])([H])OP(=O)(O[H])O[H])=[O:20],EVODEX-P29622
EVODEX-N11889,[O:19]=[O:20]>>[H]OC([C@]([H])(O[H])C([H])([H])OP(=O)(O[H])O[H])=[O:20].[H]OP(=O)(O[H])OC([H])([H])C(=O)[O:19][H],EVODEX-P29624
EVODEX-N11890,[H]OC([H])([H])C(=O)[C:2](=[O:1])[O:3][H]>>[O:1]=[C:2]=[O:3],EVODEX-P29627
EVODEX-N11891,[H]C([H])([H])C([H])([H])C([H])([H])C([H])([H])C(=O)[C:7](=[O:8])[O:9][H]>>[C:7](=[O:8])=[O:9],EVODEX-P29637
EVODEX-N11892,[H]OC(=O)[C:5]1([C:4])[C:9]([H:18])=[C:10]([H:19])[C:11][O:13]1>>[H][C:10]1([H:19])[C:9]([H:18])=[C:5]([C:4])[O:13][C:11]1,EVODEX-P29638
EVODEX-N11893,[H][O:8][C:6]([C:5]1([C:4])[C:9]([H:18])=[C:10]([H:19])[C:11][O:13]1)=[O:7]>>[C:6](=[O:7])=[O:8].[H][C:10]1([H:19])[C:9]([H:18])=[C:5]([C:4])[O:13][C:11]1,EVODEX-P29639
EVODEX-N11894,[H]OC(=O)C([H])([H])C1([C:6](=[O:7])[O:8][H])OC(=O)C([H])=C1[H]>>[C:6](=[O:7])=[O:8],EVODEX-P29640
EVODEX-N11895,[H]OC(=O)[C:6](=[C:2])[C:7]>>[H][C:6](=[C:2])[C:7],EVODEX-P29641
EVODEX-N11896,[H]OC(=O)/C(=C(C(\[H])=C(\[H])C([H])=O)/[C:11](=[O:12])[O:13][H])N([H])[H]>>[C:11](=[O:12])=[O:13],EVODEX-P29643
EVODEX-N11897,[H][C:3](=[C:2])[C:4].[O:11]=[C:12]=[O:13]>>[H][O:11][C:12]([C:3](=[C:2])[C:4])=[O:13],EVODEX-P29644
EVODEX-N11898,[O:11]=[C:12]=[O:13]>>[H]OC(=O)/C(=C(C(\[H])=C(\[H])C([H])=O)/[C:12]([O:11][H])=[O:13])N([H])[H],EVODEX-P29645
EVODEX-N11899,[H][C:3](=[C:2])[C:4]>>[H]OC(=O)[C:3](=[C:2])[C:4],EVODEX-P29646
EVODEX-N11900,[H]OC1:C([H]):C([H]):C([H]):C([C:2](=[O:1])[O:3][H]):C:1O[H]>>[O:1]=[C:2]=[O:3],EVODEX-P29649
EVODEX-N11901,[O:1]=[C:2]=[O:3].[H][C:8](:[C:7]):[C:9]>>[H][O:1][C:2](=[O:3])[C:8](:[C:7]):[C:9],"EVODEX-P29650,EVODEX-P29701,EVODEX-P29707,EVODEX-P29837,EVODEX-P29843,EVODEX-P29905"
EVODEX-N11902,[H][C:8](:[C:7]):[C:9]>>[H]OC(=O)[C:8](:[C:7]):[C:9],"EVODEX-P29651,EVODEX-P29702,EVODEX-P29708,EVODEX-P29838,EVODEX-P29844,EVODEX-P29906"
EVODEX-N11903,[O:1]=[C:2]=[O:3]>>[H]OC1:C([H]):C([H]):C([H]):C([C:2]([O:1][H])=[O:3]):C:1O[H],EVODEX-P29652
EVODEX-N11904,[H][O:5][C:3]([C:2](=[O:1])[H:11])=[O:4].[O:6]=[C:7]([C:8])[H:13]>>[C:3](=[O:4])=[O:5].[H][O:6][C:7]([C:2](=[O:1])[H:11])([C:8])[H:13],EVODEX-P29653
EVODEX-N11905,[H]OC(=O)[C:2](=[O:1])[H:11].[O:6]=[C:7]([C:8])[H:13]>>[H][O:6][C:7]([C:2](=[O:1])[H:11])([C:8])[H:13],EVODEX-P29654
EVODEX-N11906,[H]C(=O)[C:3](=[O:4])[O:5][H]>>[C:3](=[O:4])=[O:5],EVODEX-P29655
EVODEX-N11907,[#85]-[#6](-[#85])(-[#85])-[#16&+](-[#6](-[#85])(-[#85])-[#6](-[#85])(-[#85])-[#6@](-[#85])(-[#7](-[#85])-[#85])-[#6:7](=[#8:8])-[#8:9]-[#85])-[#6](-[#85])(-[#85])-[#6@@]1(-[#85])-[#8]-[#6@@](-[#85])(-[#7]2:[#6](-[#85]):[#7]:[#6]3:[#6](-[#7](-[#85])-[#85]):[#7]:[#6](-[#85]):[#7]:[#6]:2:3)-[#6@](-[#85])(-[#8]-[#85])-[#6@]-1(-[#85])-[#8]-[#85]>>[#6:7](=[#8:8])=[#8:9],EVODEX-P29658
EVODEX-N11908,[H][C:5]([C:4])([N:6])[H:35].[O:25]=[C:26]=[O:27]>>[H][O:25][C:26]([C@:5]([C:4])([N:6])[H:35])=[O:27],EVODEX-P29659
EVODEX-N11909,[#8:25]=[#6:26]=[#8:27]>>[#85]-[#6](-[#85])(-[#85])-[#16&+](-[#6](-[#85])(-[#85])-[#6](-[#85])(-[#85])-[#6@](-[#85])(-[#7](-[#85])-[#85])-[#6:26](-[#8:25]-[#85])=[#8:27])-[#6](-[#85])(-[#85])-[#6@@]1(-[#85])-[#8]-[#6@@](-[#85])(-[#7]2:[#6](-[#85]):[#7]:[#6]3:[#6](-[#7](-[#85])-[#85]):[#7]:[#6](-[#85]):[#7]:[#6]:2:3)-[#6@](-[#85])(-[#8]-[#85])-[#6@]-1(-[#85])-[#8]-[#85],EVODEX-P29660
EVODEX-N11910,[H]OC(=O)C1:C([H]):N:C(C([H])([H])[H]):C(O[H]):C:1[C:10](=[O:11])[O:12][H]>>[C:10](=[O:11])=[O:12],EVODEX-P29664
EVODEX-N11911,[H]OC1:C([H]):C([H]):C([H]):C(C([H])([H])[H]):C:1[C:9](=[O:10])[O:11][H]>>[C:9](=[O:10])=[O:11],EVODEX-P29667
EVODEX-N11912,[H]OC1:C([H]):C([H]):C([H]):C(C([H])([H])C([H])([H])[H]):C:1[C:10](=[O:11])[O:12][H]>>[C:10](=[O:11])=[O:12],EVODEX-P29670
EVODEX-N11913,[H]OC(=O)C1:C([H]):C(O[H]):C(O[H]):C([H]):C:1[C:2](=[O:1])[O:3][H]>>[O:1]=[C:2]=[O:3],EVODEX-P29675
EVODEX-N11914,[H]OC(=O)C1:C([H]):C(O[H]):C([H]):C([H]):C:1[C:2](=[O:1])[O:3][H]>>[O:1]=[C:2]=[O:3],EVODEX-P29678
EVODEX-N11915,[H]C([H])([H])C([H])([H])C([H])([H])C([H])([H])C([H])([H])C([H])([H])C([H])([H])C([H])([H])C([H])([H])C(=O)C([H])([H])[C:13](=[O:14])[O:15][H]>>[C:13](=[O:14])=[O:15],EVODEX-P29681
EVODEX-N11916,[H]N([H])[C@@]([H])(C([H])([H])SC([H])([H])[H])[C:6](=[O:7])[O:8][H]>>[C:6](=[O:7])=[O:8],EVODEX-P29686
EVODEX-N11917,[H]OC1:C([H]):C(O[H]):C([C:10](=[O:11])[O:12][H]):C(C([H])([H])[H]):C:1[H]>>[C:10](=[O:11])=[O:12],EVODEX-P29689
EVODEX-N11918,[H]OC1:C([H]):C(OC([H])([H])[H]):C([H]):C(C([H])([H])[H]):C:1[C:8](=[O:9])[O:10][H]>>[C:8](=[O:9])=[O:10],EVODEX-P29692
EVODEX-N11919,[H]OC1:C([H]):C([C:2](=[O:1])[O:3][H]):C([H]):C(O[H]):C:1O[H]>>[O:1]=[C:2]=[O:3],EVODEX-P29695
EVODEX-N11920,[H]OC1:C([H]):C([H]):C([C:2](=[O:1])[O:3][H]):C([H]):C:1O[H]>>[O:1]=[C:2]=[O:3],EVODEX-P29698
EVODEX-N11921,[O:1]=[C:2]=[O:3]>>[H]OC1:C([H]):C([H]):C([C:2]([O:1][H])=[O:3]):C([H]):C:1[H],EVODEX-P29703
EVODEX-N11922,[H]OC1:C([H]):C([H]):C(O[H]):C([C:2](=[O:1])[O:3][H]):C:1[H]>>[O:1]=[C:2]=[O:3],EVODEX-P29706
EVODEX-N11923,[O:1]=[C:2]=[O:3]>>[H]OC1:C([H]):C([H]):C([C:2]([O:1][H])=[O:3]):C([H]):C:1O[H],EVODEX-P29709
EVODEX-N11924,[H]OC(=O)[C@](C([H])([H])[H])(C([H])([H])C([H])([H])[H])[N:11]([H:27])[H:28]>>[H]OC(=O)[C@]([H])(C([H])([H])[H])[N:11]([H:27])[H:28],EVODEX-P29710
EVODEX-N11925,[H]OC(=O)C(C([H])([H])[H])=[O:3]>>[H]C([H])([H])C(C([H])([H])C([H])([H])[H])=[O:3],EVODEX-P29711
EVODEX-N11926,[C:1][C:2](=[O:3])[C:4]>>[H]N([H])[C@@:2]([H])([C:1])[C:4].[H]C([H])([H])C(C([H])([H])C([H])([H])[H])=[O:3],EVODEX-P29712
EVODEX-N11927,[C:1][C:2](=[O:3])[C:4].[H][O:14][C:12]([C@@:9]([C:8])([C:10])[N:11]([H:27])[H:28])=[O:13]>>[C:12](=[O:13])=[O:14].[H][C@:2]([C:1])([C:4])[N:11]([H:27])[H:28].[O:3]=[C:9]([C:8])[C:10],"EVODEX-P29713,EVODEX-P29728"
EVODEX-N11928,[H]OC(=O)C(C([H])([H])[H])=[O:3].[H]OC(=O)[C@@:9](N([H])[H])([C:8])[C:10]>>[O:3]=[C:9]([C:8])[C:10],"EVODEX-P29714,EVODEX-P29729"
EVODEX-N11929,O=[C:2]([C:1])[C:4].[H]C([H])([H])C([H])([H])[C@](C([H])([H])[H])([N:11]([H:27])[H:28])[C:12](=[O:13])[O:14][H]>>[C:12](=[O:13])=[O:14].[H][C@:2]([C:1])([C:4])[N:11]([H:27])[H:28],EVODEX-P29715
EVODEX-N11930,[H]OC(=O)C(C([H])([H])[H])=[O:3].[H]N([H])[C@:9]([C:8])([C:10])[C:12](=[O:13])[O:14][H]>>[C:12](=[O:13])=[O:14].[O:3]=[C:9]([C:8])[C:10],"EVODEX-P29716,EVODEX-P29731"
EVODEX-N11931,[C:1][C:2](=[O:3])[C:4].[H]OC(=O)[C@@:9]([C:8])([C:10])[N:11]([H:27])[H:28]>>[H][C@:2]([C:1])([C:4])[N:11]([H:27])[H:28].[O:3]=[C:9]([C:8])[C:10],"EVODEX-P29717,EVODEX-P29732"
EVODEX-N11932,[H]N([H])[C@@](C([H])([H])[H])(C([H])([H])C([H])([H])[H])[C:12](=[O:13])[O:14][H]>>[C:12](=[O:13])=[O:14],EVODEX-P29718
EVODEX-N11933,[H][O:14][C:12]([C@@:9]([C:8])([C:10])[N:11])=[O:13]>>[C:12](=[O:13])=[O:14].[H]OC(=O)[C@]([H])(C([H])([H])[H])[N:11].O=[C:9]([C:8])[C:10],"EVODEX-P29719,EVODEX-P29734"
EVODEX-N11934,[H]C([H])([H])C([H])([H])[C@](C([H])([H])[H])([N:11]([H:27])[H:28])[C:12](=[O:13])[O:14][H]>>[C:12](=[O:13])=[O:14].[H]OC(=O)[C@]([H])(C([H])([H])[H])[N:11]([H:27])[H:28],EVODEX-P29720
EVODEX-N11935,[H]OC(=O)[C@@:9](N([H])[H])([C:8])[C:10]>>O=[C:9]([C:8])[C:10],"EVODEX-P29721,EVODEX-P29736,EVODEX-P29944"
EVODEX-N11936,[H]N([H])[C@:9]([C:8])([C:10])[C:12](=[O:13])[O:14][H]>>[C:12](=[O:13])=[O:14].O=[C:9]([C:8])[C:10],"EVODEX-P29722,EVODEX-P29737,EVODEX-P29940"
EVODEX-N11937,[H]OC(=O)[C@@:9]([C:8])([C:10])[N:11]>>[H]OC(=O)[C@]([H])(C([H])([H])[H])[N:11].O=[C:9]([C:8])[C:10],"EVODEX-P29723,EVODEX-P29738"
EVODEX-N11938,O=[C:2]([C:1])[C:4].[H]OC(=O)[C@](C([H])([H])[H])(C([H])([H])C([H])([H])[H])[N:11]([H:27])[H:28]>>[H][C@:2]([C:1])([C:4])[N:11]([H:27])[H:28],EVODEX-P29724
EVODEX-N11939,[H]OC(=O)C(C([H])([H])[H])(C([H])([H])[H])[N:10]([H:24])[H:25]>>[H]OC(=O)[C@]([H])(C([H])([H])[H])[N:10]([H:24])[H:25],EVODEX-P29725
EVODEX-N11940,[H]OC(=O)C(C([H])([H])[H])=[O:3]>>[H]C([H])([H])C(C([H])([H])[H])=[O:3],EVODEX-P29726
EVODEX-N11941,[C:1][C:2](=[O:3])[C:4]>>[H]N([H])[C@@:2]([H])([C:1])[C:4].[H]C([H])([H])C(C([H])([H])[H])=[O:3],EVODEX-P29727
EVODEX-N11942,O=[C:2]([C:1])[C:4].[H]C([H])([H])C(C([H])([H])[H])([N:10]([H:24])[H:25])[C:11](=[O:12])[O:13][H]>>[C:11](=[O:12])=[O:13].[H][C@:2]([C:1])([C:4])[N:10]([H:24])[H:25],EVODEX-P29730
EVODEX-N11943,[H]N([H])C(C([H])([H])[H])(C([H])([H])[H])[C:11](=[O:12])[O:13][H]>>[C:11](=[O:12])=[O:13],EVODEX-P29733
EVODEX-N11944,[H]C([H])([H])C(C([H])([H])[H])([N:10]([H:24])[H:25])[C:11](=[O:12])[O:13][H]>>[C:11](=[O:12])=[O:13].[H]OC(=O)[C@]([H])(C([H])([H])[H])[N:10]([H:24])[H:25],EVODEX-P29735
EVODEX-N11945,O=[C:2]([C:1])[C:4].[H]OC(=O)C(C([H])([H])[H])(C([H])([H])[H])[N:10]([H:24])[H:25]>>[H][C@:2]([C:1])([C:4])[N:10]([H:24])[H:25],EVODEX-P29739
EVODEX-N11946,[H]C1:C([C:2](=[O:1])[O:3][H]):C(=O):N([H]):C(=O):N:1[H]>>[O:1]=[C:2]=[O:3],EVODEX-P29742
EVODEX-N11947,[H]OC(=O)[C:5]([C:4])(/[C:6](=[C:7](/[C:8](=[O:9])[C:10])[H:21])[H:20])[H:19]>>[H][O:9]/[C:8](=[C:7]([C:6](=[C:5](\[C:4])[H:19])\[H:20])/[H:21])[C:10],EVODEX-P29743
EVODEX-N11948,[H][O:15][C:13]([C:5]([C:4])(/[C:6](=[C:7](/[C:8](=[O:9])[C:10])[H:21])[H:20])[H:19])=[O:14]>>[C:13](=[O:14])=[O:15].[H][O:9]/[C:8](=[C:7]([C:6](=[C:5](\[C:4])[H:19])\[H:20])/[H:21])[C:10],EVODEX-P29744
EVODEX-N11949,[H]OC(=O)C(=O)/C([H])=C(\[H])C([H])(C([H])([H])C(=O)O[H])[C:13](=[O:14])[O:15][H]>>[C:13](=[O:14])=[O:15],EVODEX-P29745
EVODEX-N11950,[H]OC(=O)C1:C([H]):C([H]):C(O[H]):C(O[H]):C:1[C:12](=[O:13])[O:14][H]>>[C:12](=[O:13])=[O:14],EVODEX-P29750
EVODEX-N11951,[H]OC(=O)[C@]([H])(O[H])[C@@]([H])(O[H])[C:2](=[O:1])[O:3][H]>>[O:1]=[C:2]=[O:3],EVODEX-P29756
EVODEX-N11952,[H]N=C(N([H])[H])N([H])C([H])([H])C([H])([H])C([H])([H])C(=O)[C:10](=[O:11])[O:12][H]>>[C:10](=[O:11])=[O:12],EVODEX-P29763
EVODEX-N11953,[H]OC(=O)C([H])(C1:C([H]):C([H]):C([H]):C([H]):C:1[H])[C:2](=[O:1])[O:3][H]>>[O:1]=[C:2]=[O:3],EVODEX-P29764
EVODEX-N11954,[H]OC(=O)[C:2]([C:1])([C:6])[C:9]>>[H][C:2]([C:1])([C:6])[C:9],EVODEX-P29767
EVODEX-N11955,[H]OC(=O)C(C1:C([H]):C([H]):C([H]):C([H]):C:1[H])(C([H])([H])[H])[C:3](=[O:4])[O:5][H]>>[C:3](=[O:4])=[O:5],EVODEX-P29769
EVODEX-N11956,[H]OC(=O)C(=O)C([H])([H])/C([H])=C(\[H])[C:2](=[O:1])[O:3][H]>>[O:1]=[C:2]=[O:3],EVODEX-P29770
EVODEX-N11957,[H]OC(=O)C(=O)/C([H])=C(\[H])C([H])([H])[C:2](=[O:1])[O:3][H]>>[O:1]=[C:2]=[O:3],EVODEX-P29773
EVODEX-N11958,[H][O:3][C:2](=[O:1])[C:4](/[C:5](=[C:6](/[C:7])[H:16])[H:15])([H:13])[H:14]>>[H][C:6]([C:5](=[C:4]([H:13])[H:14])[H:15])([C:7])[H:16].[O:1]=[C:2]=[O:3],EVODEX-P29774
EVODEX-N11959,[H]OC(=O)[C:4](/[C:5](=[C:6](/[C:7])[H:16])[H:15])([H:13])[H:14]>>[H][C:6]([C:5](=[C:4]([H:13])[H:14])[H:15])([C:7])[H:16],EVODEX-P29775
EVODEX-N11960,[H]OS(=O)(=O)C([H])([H])C(=O)[C:2](=[O:1])[O:3][H]>>[O:1]=[C:2]=[O:3],EVODEX-P29776
EVODEX-N11961,[H]OP(=O)(O[H])O[C@]([H])(C([H])([H])[H])[C@]([H])(N([H])[H])[C:10](=[O:11])[O:12][H]>>[C:10](=[O:11])=[O:12],EVODEX-P29783
EVODEX-N11962,[H]OP(=O)(O[H])OC([H])([H])[C@]([H])(N([H])[H])[C:9](=[O:10])[O:11][H]>>[C:9](=[O:10])=[O:11],EVODEX-P29786
EVODEX-N11963,[H]OP(=O)(O[H])C([H])([H])C(=O)[C:2](=[O:1])[O:3][H]>>[O:1]=[C:2]=[O:3],EVODEX-P29787
EVODEX-N11964,[H]OC1:C([H]):C([H]):C(C([H])([H])[C:2](=[O:1])[O:3][H]):C([H]):C:1[H]>>[O:1]=[C:2]=[O:3],EVODEX-P29790
EVODEX-N11965,[H]OC1:C([H]):C([H]):C(C([H])([H])[C:2](=[O:1])[O:3][H]):C([H]):C:1O[H]>>[O:1]=[C:2]=[O:3],EVODEX-P29793
EVODEX-N11966,[H][O:3][C:2][C:4][C:6]([H])([H])[C:7]1:[C:8]([H]):[C:9]([H]):[C:10]([H]):[C:11]([H]):[C:12]:1[H]>>[H][O:3][C:2][C:4][C:6]([H])([H])[C:7]1:[C:8]([H]):[C:9]([H]):[C:10]([H]):[C:11]([H]):[C:12]:1[H],EVODEX-P29796
EVODEX-N11967,[H][O:3][C:2][C:4][C:6]([H])([H])[C:7]1:[C:8]([H]):[C:9]([H]):[C:10]([O:11][H]):[C:12]([H]):[C:13]:1[H]>>[H][O:3][C:2][C:4][C:6]([H])([H])[C:7]1:[C:8]([H]):[C:9]([H]):[C:10]([O:11][H]):[C:12]([H]):[C:13]:1[H],EVODEX-P29797
EVODEX-N11968,[H]O[C@@]([H])(C(=O)[C@]([H])(O[H])[C:2](=[O:1])[O:3][H])[C@@]([H])(O[H])C([H])([H])OP(=O)(O[H])O[H]>>[O:1]=[C:2]=[O:3],EVODEX-P29798
EVODEX-N11969,[H]N([H])C([H])([H])C([H])([H])[C@]([H])(N([H])[H])[C:6](=[O:7])[O:8][H]>>[C:6](=[O:7])=[O:8],EVODEX-P29803
EVODEX-N11970,[H]OC(=O)C([H])([H])[C:2](=[O:1])[O:3][H]>>[O:1]=[C:2]=[O:3],EVODEX-P29804
EVODEX-N11971,[H]OC(=O)C([H])(C([H])([H])C([H])([H])[H])[C:4](=[O:5])[O:6][H]>>[C:4](=[O:5])=[O:6],EVODEX-P29808
EVODEX-N11972,[H][O:9][C:8]1:[C:6]([C:7]):[C:5]([C:4]):[C:16]([O:17][H]):[C:15](:[C:14]):[C:10]:1:[C:11].[O:44]=[C:45]=[O:46].[O:47]=[O:48]>>[C:4][C@@:5]12[C@@:6]([C:7])([C:8](=[O:9])[C:10](:[C:11]):[C:15](:[C:14])[C:16]1=[O:17])[O:48]2.[H]OC(=O)C([H])(C([H])([H])[C@@]([H])(C(=O)O[H])N([H])[H])[C:45]([O:44][H])=[O:46].[H][O:47][H],EVODEX-P29810
EVODEX-N11973,[H][O:9][C:8]1:[C:6]([C:7]):[C:5]([C:4]):[C:16]([O:17][H]):[C:15](:[C:14]):[C:10]:1:[C:11].[O:44]=[C:45]=[O:46]>>O1[C@:5]2([C:4])[C@@:6]1([C:7])[C:8](=[O:9])[C:10](:[C:11]):[C:15](:[C:14])[C:16]2=[O:17].[H]OC(=O)C([H])(C([H])([H])[C@@]([H])(C(=O)O[H])N([H])[H])[C:45]([O:44][H])=[O:46],EVODEX-P29811
EVODEX-N11974,[O:44]=[C:45]=[O:46].[O:47]=[O:48]>>[H]/C(=C(/C([H])([H])[H])C([H])([H])C([H])([H])C([H])([H])[C@]([H])(C([H])([H])[H])C([H])([H])C([H])([H])C([H])([H])[C@]([H])(C([H])([H])[H])C([H])([H])C([H])([H])C([H])([H])C([H])(C([H])([H])[H])C([H])([H])[H])C([H])([H])[C@]12C(=O)C3:C([H]):C([H]):C([H]):C([H]):C:3C(=O)[C@@]1(C([H])([H])[H])[O:48]2.[H]OC(=O)C([H])(C([H])([H])[C@@]([H])(C(=O)O[H])N([H])[H])[C:45]([O:44][H])=[O:46].[H][O:47][H],EVODEX-P29812
EVODEX-N11975,[H][C:37]([C:36])([C:38])[H:102].[O:44]=[C:45]=[O:46].O=[O:48]>>[H]/C(=C(/C([H])([H])[H])C([H])([H])C([H])([H])C([H])([H])[C@]([H])(C([H])([H])[H])C([H])([H])C([H])([H])C([H])([H])[C@]([H])(C([H])([H])[H])C([H])([H])C([H])([H])C([H])([H])C([H])(C([H])([H])[H])C([H])([H])[H])C([H])([H])[C@]12C(=O)C3:C([H]):C([H]):C([H]):C([H]):C:3C(=O)[C@@]1(C([H])([H])[H])[O:48]2.[H][O:44][C:45]([C:37]([C:36])([C:38])[H:102])=[O:46],EVODEX-P29813
EVODEX-N11976,[H][O:9][C:8]1:[C:6]([C:7]):[C:5]([C:4]):[C:16]([O:17][H]):[C:15](:[C:14]):[C:10]:1:[C:11].[H][C:37]([C:36])([C:38])[H:102].[O:44]=[C:45]=[O:46].O=[O:48]>>[C:4][C@@:5]12[C@@:6]([C:7])([C:8](=[O:9])[C:10](:[C:11]):[C:15](:[C:14])[C:16]1=[O:17])[O:48]2.[H][O:44][C:45]([C:37]([C:36])([C:38])[H:102])=[O:46],EVODEX-P29814
EVODEX-N11977,[H][O:9][C:8]1:[C:6]([C:7]):[C:5]([C:4]):[C:16]([O:17][H]):[C:15](:[C:14]):[C:10]:1:[C:11].[O:44]=[C:45]=[O:46].O=[O:48]>>[C:4][C@@:5]12[C@@:6]([C:7])([C:8](=[O:9])[C:10](:[C:11]):[C:15](:[C:14])[C:16]1=[O:17])[O:48]2.[H]OC(=O)C([H])(C([H])([H])[C@@]([H])(C(=O)O[H])N([H])[H])[C:45]([O:44][H])=[O:46],EVODEX-P29815
EVODEX-N11978,[O:44]=[C:45]=[O:46].O=[O:48]>>[H]/C(=C(/C([H])([H])[H])C([H])([H])C([H])([H])C([H])([H])[C@]([H])(C([H])([H])[H])C([H])([H])C([H])([H])C([H])([H])[C@]([H])(C([H])([H])[H])C([H])([H])C([H])([H])C([H])([H])C([H])(C([H])([H])[H])C([H])([H])[H])C([H])([H])[C@]12C(=O)C3:C([H]):C([H]):C([H]):C([H]):C:3C(=O)[C@@]1(C([H])([H])[H])[O:48]2.[H]OC(=O)C([H])(C([H])([H])[C@@]([H])(C(=O)O[H])N([H])[H])[C:45]([O:44][H])=[O:46],EVODEX-P29816
EVODEX-N11979,[H][O:9][C:8]1:[C:6]([C:7]):[C:5]([C:4]):[C:16]([O:17][H]):[C:15](:[C:14]):[C:10]:1:[C:11].[H][C:37]([C:36])([C:38])[H:102].[O:47]=[O:48]>>[C:4][C@@:5]12[C@@:6]([C:7])([C:8](=[O:9])[C:10](:[C:11]):[C:15](:[C:14])[C:16]1=[O:17])[O:48]2.[H]OC(=O)[C:37]([C:36])([C:38])[H:102].[H][O:47][H],EVODEX-P29817
EVODEX-N11980,[H][C:37]([C:36])([C:38])[H:102].[O:44]=[C:45]=[O:46].O=[O:47]>>[H][O:44][C:45]([C:37]([C:36])([C:38])[H:102])=[O:46].[H][O:47][H],EVODEX-P29818
EVODEX-N11981,[H][C:37]([C:36])([C:38])[H:102].[O:47]=[O:48]>>[H]/C(=C(/C([H])([H])[H])C([H])([H])C([H])([H])C([H])([H])[C@]([H])(C([H])([H])[H])C([H])([H])C([H])([H])C([H])([H])[C@]([H])(C([H])([H])[H])C([H])([H])C([H])([H])C([H])([H])C([H])(C([H])([H])[H])C([H])([H])[H])C([H])([H])[C@]12C(=O)C3:C([H]):C([H]):C([H]):C([H]):C:3C(=O)[C@@]1(C([H])([H])[H])[O:48]2.[H]OC(=O)[C:37]([C:36])([C:38])[H:102].[H][O:47][H],EVODEX-P29819
EVODEX-N11982,[H][O:9][C:8]1:[C:6]([C:7]):[C:5]([C:4]):[C:16]([O:17][H]):[C:15](:[C:14]):[C:10]:1:[C:11].O=[O:48]>>[C:4][C@@:5]12[C@@:6]([C:7])([C:8](=[O:9])[C:10](:[C:11]):[C:15](:[C:14])[C:16]1=[O:17])[O:48]2,EVODEX-P29820
EVODEX-N11983,O=[O:48]>>[H]/C(=C(/C([H])([H])[H])C([H])([H])C([H])([H])C([H])([H])[C@]([H])(C([H])([H])[H])C([H])([H])C([H])([H])C([H])([H])[C@]([H])(C([H])([H])[H])C([H])([H])C([H])([H])C([H])([H])C([H])(C([H])([H])[H])C([H])([H])[H])C([H])([H])[C@]12C(=O)C3:C([H]):C([H]):C([H]):C([H]):C:3C(=O)[C@@]1(C([H])([H])[H])[O:48]2,EVODEX-P29821
EVODEX-N11984,[O:44]=[C:45]=[O:46]>>[H]OC(=O)C([H])(C([H])([H])[C@@]([H])(C(=O)O[H])N([H])[H])[C:45]([O:44][H])=[O:46],EVODEX-P29822
EVODEX-N11985,[O:44]=[C:45]=[O:46].O=[O:47]>>[H]OC(=O)C([H])(C([H])([H])[C@@]([H])(C(=O)O[H])N([H])[H])[C:45]([O:44][H])=[O:46].[H][O:47][H],EVODEX-P29823
EVODEX-N11986,[H][C:37]([C:36])([C:38])[H:102].O=[O:48]>>[H]/C(=C(/C([H])([H])[H])C([H])([H])C([H])([H])C([H])([H])[C@]([H])(C([H])([H])[H])C([H])([H])C([H])([H])C([H])([H])[C@]([H])(C([H])([H])[H])C([H])([H])C([H])([H])C([H])([H])C([H])(C([H])([H])[H])C([H])([H])[H])C([H])([H])[C@]12C(=O)C3:C([H]):C([H]):C([H]):C([H]):C:3C(=O)[C@@]1(C([H])([H])[H])[O:48]2.[H]OC(=O)[C:37]([C:36])([C:38])[H:102],EVODEX-P29824
EVODEX-N11987,[H][O:9][C:8]1:[C:6]([C:7]):[C:5]([C:4]):[C:16]([O:17][H]):[C:15](:[C:14]):[C:10]:1:[C:11].[O:47]=[O:48]>>[C:4][C@@:5]12[C@@:6]([C:7])([C:8](=[O:9])[C:10](:[C:11]):[C:15](:[C:14])[C:16]1=[O:17])[O:48]2.[H][O:47][H],EVODEX-P29825
EVODEX-N11988,[H][O:9][C:8]1:[C:6]([C:7]):[C:5]([C:4]):[C:16]([O:17][H]):[C:15](:[C:14]):[C:10]:1:[C:11].[H][C:37]([C:36])([C:38])[H:102].[O:44]=[C:45]=[O:46]>>O1[C@:5]2([C:4])[C@@:6]1([C:7])[C:8](=[O:9])[C:10](:[C:11]):[C:15](:[C:14])[C:16]2=[O:17].[H][O:44][C:45]([C:37]([C:36])([C:38])[H:102])=[O:46],EVODEX-P29826
EVODEX-N11989,[O:47]=[O:48]>>[H]/C(=C(/C([H])([H])[H])C([H])([H])C([H])([H])C([H])([H])[C@]([H])(C([H])([H])[H])C([H])([H])C([H])([H])C([H])([H])[C@]([H])(C([H])([H])[H])C([H])([H])C([H])([H])C([H])([H])C([H])(C([H])([H])[H])C([H])([H])[H])C([H])([H])[C@]12C(=O)C3:C([H]):C([H]):C([H]):C([H]):C:3C(=O)[C@@]1(C([H])([H])[H])[O:48]2.[H][O:47][H],EVODEX-P29827
EVODEX-N11990,[H][O:9][C:8]1:[C:6]([C:7]):[C:5]([C:4]):[C:16]([O:17][H]):[C:15](:[C:14]):[C:10]:1:[C:11].[H][C:37]([C:36])([C:38])[H:102]>>O1[C@:5]2([C:4])[C@@:6]1([C:7])[C:8](=[O:9])[C:10](:[C:11]):[C:15](:[C:14])[C:16]2=[O:17].[H]OC(=O)[C:37]([C:36])([C:38])[H:102],EVODEX-P29828
EVODEX-N11991,[H][C:37]([C:36])([C:38])[H:102].[O:44]=[C:45]=[O:46].[O:47]=[O:48]>>[H]/C(=C(/C([H])([H])[H])C([H])([H])C([H])([H])C([H])([H])[C@]([H])(C([H])([H])[H])C([H])([H])C([H])([H])C([H])([H])[C@]([H])(C([H])([H])[H])C([H])([H])C([H])([H])C([H])([H])C([H])(C([H])([H])[H])C([H])([H])[H])C([H])([H])[C@]12C(=O)C3:C([H]):C([H]):C([H]):C([H]):C:3C(=O)[C@@]1(C([H])([H])[H])[O:48]2.[H][O:44][C:45]([C:37]([C:36])([C:38])[H:102])=[O:46].[H][O:47][H],EVODEX-P29829
EVODEX-N11992,[H][O:9][C:8]1:[C:6]([C:7]):[C:5]([C:4]):[C:16]([O:17][H]):[C:15](:[C:14]):[C:10]:1:[C:11].[H][C:37]([C:36])([C:38])[H:102].O=[O:48]>>[C:4][C@@:5]12[C@@:6]([C:7])([C:8](=[O:9])[C:10](:[C:11]):[C:15](:[C:14])[C:16]1=[O:17])[O:48]2.[H]OC(=O)[C:37]([C:36])([C:38])[H:102],EVODEX-P29830
EVODEX-N11993,[H][O:9][C:8]1:[C:6]([C:7]):[C:5]([C:4]):[C:16]([O:17][H]):[C:15](:[C:14]):[C:10]:1:[C:11].[H][C:37]([C:36])([C:38])[H:102].[O:44]=[C:45]=[O:46].[O:47]=[O:48]>>[C:4][C@@:5]12[C@@:6]([C:7])([C:8](=[O:9])[C:10](:[C:11]):[C:15](:[C:14])[C:16]1=[O:17])[O:48]2.[H][O:44][C:45]([C:37]([C:36])([C:38])[H:102])=[O:46].[H][O:47][H],EVODEX-P29831
EVODEX-N11994,[H][C:37]([C:36])([C:38])[H:102].[O:44]=[C:45]=[O:46]>>[H][O:44][C:45]([C:37]([C:36])([C:38])[H:102])=[O:46],"EVODEX-P29832,EVODEX-P34998"
EVODEX-N11995,[H][C:37]([C:36])([C:38])[H:102].O=[O:47]>>[H]OC(=O)[C:37]([C:36])([C:38])[H:102].[H][O:47][H],EVODEX-P29833
EVODEX-N11996,[H]OC1:C([H]):C([H]):C([H]):C([H]):C:1[C:2](=[O:1])[O:3][H]>>[O:1]=[C:2]=[O:3],EVODEX-P29836
EVODEX-N11997,[O:1]=[C:2]=[O:3]>>[H]OC1:C([H]):C([H]):C([H]):C([H]):C:1[C:2]([O:1][H])=[O:3],EVODEX-P29839
EVODEX-N11998,[H]C1:C([H]):C([H]):C2:C(:C:1[H]):C([C:2](=[O:1])[O:3][H]):C([H]):N:2[H]>>[O:1]=[C:2]=[O:3],EVODEX-P29842
EVODEX-N11999,[O:1]=[C:2]=[O:3]>>[H]C1:C([H]):C([H]):C2:C(:C:1[H]):C([C:2]([O:1][H])=[O:3]):C([H]):N:2[H],EVODEX-P29845
EVODEX-N12000,[O:1]=[C:2]([O:3])[O:4].[H][C:9](:[C:5]):[N:8]>>[O:1]=[C:2]([O:4])[C:9](:[C:5]):[N:8].[H][O:3],EVODEX-P29846
EVODEX-N12001,[H]OC(=O)[O:3][H:10]>>[H][O:3][H:10],EVODEX-P29847
EVODEX-N12002,[H]O[C:2](=[O:1])[O:4].[H][C:9](:[C:5]):[N:8]>>[O:1]=[C:2]([O:4])[C:9](:[C:5]):[N:8],EVODEX-P29848
EVODEX-N12003,[H]O[C:2](=[O:1])[O:4]>>[H]C1:C([H]):C([C:2](=[O:1])[O:4]):N([H]):C:1[H],EVODEX-P29850
EVODEX-N12004,>>[H]C1:C:N([H]):C([H]):C:1[H].[H],EVODEX-P29851
EVODEX-N12005,[H]C1:C([H]):C([C:2](=[O:1])[O:3][H]):N([H]):C:1[H]>>[O:1]=[C:2]=[O:3],EVODEX-P29854
EVODEX-N12006,[H]O[C@]1([H])[C@]([H])(OP(=O)(O[H])O[H])[C@@]([H])(C([H])([H])OP(=O)(O[H])OP(=O)(O[H])OC([H])([H])C(C([H])([H])[H])(C([H])([H])[H])[C@@]([H])(O[H])C(=O)N([H])C([H])([H])C([H])([H])C(=O)N([H])C([H])([H])C([H])([H])SC(=O)C([H])(C([H])([H])[H])[C:3](=[O:4])[O:5][H])O[C@@]1([H])N1:C([H]):N:C2:C(N([H])[H]):N:C([H]):N:C:2:1>>[C:3](=[O:4])=[O:5],EVODEX-P29858
EVODEX-N12007,[H]OC(=O)[N:10]([C:9])[H:31]>>[H][N:10]([C:9])[H:31],EVODEX-P29859
EVODEX-N12008,[H][O:13][C:11]([N:10])=[O:12]>>[C:11](=[O:12])=[O:13].[H][N:10],EVODEX-P29860
EVODEX-N12009,[H]N([H])C([H])([H])C([H])([H])C([H])([H])N([H])C([H])([H])C([H])([H])C([H])([H])C([H])([H])N([H])[C:11](=[O:12])[O:13][H]>>[C:11](=[O:12])=[O:13],EVODEX-P29861
EVODEX-N12010,[H]N([H])C([H])([H])C([H])([H])C([H])([H])C([H])([H])N([H])C([H])([H])C([H])([H])C([H])(N([H])[H])[C:11](=[O:12])[O:13][H]>>[C:11](=[O:12])=[O:13],EVODEX-P29864
EVODEX-N12011,[H]OC(=O)[C:10]1([O:11][H])[C:5]([N:4])=[N:6][C:7][N:9]1>>[H][C@:5]1([N:4])[N:6]([H])[C:7][N:9][C:10]1=[O:11],EVODEX-P29865
EVODEX-N12012,[H][O:11][C:10]1([C:12](=[O:13])[O:14][H])[C:5]([N:4])=[N:6][C:7][N:9]1>>[C:12](=[O:13])=[O:14].[H][C@:5]1([N:4])[N:6]([H])[C:7][N:9][C:10]1=[O:11],EVODEX-P29866
EVODEX-N12013,[H]OC1([C:12](=[O:13])[O:14][H])C(N([H])C(=O)N([H])[H])=NC(=O)N1[H]>>[C:12](=[O:13])=[O:14],EVODEX-P29867
EVODEX-N12014,[H]OC1:C([H]):C([H]):C([C:14](=[O:15])[O:16][H]):C([H]):C:1C([H])([H])/C([H])=C(\C([H])([H])[H])C([H])([H])C([H])([H])C([H])=C(C([H])([H])[H])C([H])([H])[H]>>[C:14](=[O:15])=[O:16],EVODEX-P29870
EVODEX-N12015,[H]OC1:C([H]):C([H]):C([C:44](=[O:45])[O:46][H]):C([H]):C:1C([H])([H])/C([H])=C(\C([H])([H])[H])C([H])([H])C([H])([H])/C([H])=C(\C([H])([H])[H])C([H])([H])C([H])([H])/C([H])=C(\C([H])([H])[H])C([H])([H])C([H])([H])/C([H])=C(\C([H])([H])[H])C([H])([H])C([H])([H])/C([H])=C(\C([H])([H])[H])C([H])([H])C([H])([H])/C([H])=C(\C([H])([H])[H])C([H])([H])C([H])([H])/C([H])=C(\C([H])([H])[H])C([H])([H])C([H])([H])C([H])=C(C([H])([H])[H])C([H])([H])[H]>>[C:44](=[O:45])=[O:46],EVODEX-P29873
EVODEX-N12016,[H]OC(C([H])([H])[H])(C([H])([H])C([H])([H])OP(=O)(O[H])O[H])C([H])([H])[C:12](=[O:13])[O:14][H]>>[C:12](=[O:13])=[O:14],EVODEX-P29875
EVODEX-N12017,[H]OC(=O)C([H])([H])C(C([H])([H])[H])(C([H])([H])C([H])([H])OP(=O)(O[H])O[H])[O:3][H:49]>>[H]O[C@@]1([H])[C@@]([H])(O[H])[C@]([H])(N2:C([H]):N:C3:C(N([H])[H]):N:C([H]):N:C:3:2)O[C@]1([H])C([H])([H])OP(=O)(O[H])OP(=O)(O[H])[O:3][H:49],EVODEX-P29876
EVODEX-N12018,[H]OP(=O)(O[H])OC([H])([H])C([H])([H])C(C([H])([H])[H])(C([H])([H])[C:12](=[O:13])[O:14][H])[O:3][H:49].[O:33][P:34](=[O:35])([O:36])[O:37]>>[C:12](=[O:13])=[O:14].[H][O:37].[O:3]([P:34]([O:33])(=[O:35])[O:36])[H:49],EVODEX-P29879
EVODEX-N12019,[H]OC(=O)C([H])([H])C(C([H])([H])[H])(C([H])([H])C([H])([H])OP(=O)(O[H])O[H])[O:3][H:49].[H]OP(=O)(O[H])O[P:34]([O:33])(=[O:35])[O:36]>>[O:3]([P:34]([O:33])(=[O:35])[O:36])[H:49],EVODEX-P29881
EVODEX-N12020,[H]OP(=O)(O[H])OC([H])([H])C([H])([H])C(C([H])([H])[H])(C([H])([H])[C:12](=[O:13])[O:14][H])[O:3][H:49]>>[C:12](=[O:13])=[O:14].[H]O[C@@]1([H])[C@@]([H])(O[H])[C@]([H])(N2:C([H]):N:C3:C(N([H])[H]):N:C([H]):N:C:3:2)O[C@]1([H])C([H])([H])OP(=O)(O[H])OP(=O)(O[H])[O:3][H:49],EVODEX-P29882
EVODEX-N12021,[H]OC(C([H])([H])[H])(C([H])([H])C([H])([H])OP(=O)(O[H])O[H])C([H])([H])[C:12](=[O:13])[O:14][H].[H]O[C@@]1([H])[C@@]([H])(O[H])[C@]([H])(N2:C([H]):N:C3:C(N([H])[H]):N:C([H]):N:C:3:2)O[C@]1([H])C([H])([H])OP(=O)(O[H])OP(=O)(O[H])[O:37][P:38]>>[C:12](=[O:13])=[O:14].[H][O:37][P:38],EVODEX-P29883
EVODEX-N12022,[H]OP(=O)(O[H])OC([H])([H])C([H])([H])C(C([H])([H])[H])(C([H])([H])[C:12](=[O:13])[O:14][H])[O:3][H:49].[H]OP(=O)(O[H])O[P:34]([O:33])(=[O:35])[O:36]>>[C:12](=[O:13])=[O:14].[O:3]([P:34]([O:33])(=[O:35])[O:36])[H:49],EVODEX-P29887
EVODEX-N12023,[H]OC(=O)C([H])([H])C(C([H])([H])[H])(C([H])([H])C([H])([H])OP(=O)(O[H])O[H])[O:3][H:49].[O:33][P:34](=[O:35])([O:36])[O:37]>>[H][O:37].[O:3]([P:34]([O:33])(=[O:35])[O:36])[H:49],EVODEX-P29890
EVODEX-N12024,[H]OC(=O)[C@@:7]([C:6])([C:11](=[C:12]([C:13])[H:22])[H:21])[C:16]>>[H][C:12]([C:11](=[C:7]([C:6])[C:16])[H:21])([C:13])[H:22],EVODEX-P29892
EVODEX-N12025,[H][O:10][C:8]([C@@:7]([C:6])([C:11](=[C:12]([C:13])[H:22])[H:21])[C:16])=[O:9]>>[C:8](=[O:9])=[O:10].[H][C:12]([C:11](=[C:7]([C:6])[C:16])[H:21])([C:13])[H:22],EVODEX-P29893
EVODEX-N12026,[H]OC1:C([H]):C([H]):C(/C([H])=C(\[H])[C:2](=[O:1])[O:3][H]):C([H]):C:1[H]>>[O:1]=[C:2]=[O:3],EVODEX-P29896
EVODEX-N12027,[H]OC1:C([H]):C([H]):C(/C([H])=C(\[H])[C:8](=[O:9])[O:10][H]):C([H]):C:1OC([H])([H])[H]>>[C:8](=[O:9])=[O:10],EVODEX-P29901
EVODEX-N12028,[H]OC1:C([H]):C([H]):C([H]):C(O[H]):C:1[C:2](=[O:1])[O:3][H]>>[O:1]=[C:2]=[O:3],EVODEX-P29904
EVODEX-N12029,[O:1]=[C:2]=[O:3]>>[H]OC1:C([H]):C([H]):C([H]):C(O[H]):C:1[C:2]([O:1][H])=[O:3],EVODEX-P29907
EVODEX-N12030,[H][O:14][C:12]([C@@:2]([N:1])([C:3])[H:20])=[O:13]>>[C:12](=[O:13])=[O:14].O=[C:2]([C:3])[H:20].[H][N:1],"EVODEX-P29910,EVODEX-P29956,EVODEX-P29979"
EVODEX-N12031,[H]N([H])[C@@:2]([C:3])([C:12](=[O:13])[O:14][H])[H:20].[H][O:15][H]>>[C:12](=[O:13])=[O:14].[C:2]([C:3])(=[O:15])[H:20],"EVODEX-P29911,EVODEX-P29957,EVODEX-P29980"
EVODEX-N12032,[H][O:14][C:12]([C@@:2]([N:1])([C:3])[H:20])=[O:13].[O:16]=[O:17]>>[C:12](=[O:13])=[O:14].O=[C:2]([C:3])[H:20].[H][N:1].[H][O:16][O:17][H],"EVODEX-P29912,EVODEX-P29958,EVODEX-P29981"
EVODEX-N12033,[H]OC(=O)[C@@:2](N([H])[H])([C:3])[H:20].[O:16]=[O:17].[H][O:15][H]>>[C:2]([C:3])(=[O:15])[H:20].[H][O:16][O:17][H],"EVODEX-P29913,EVODEX-P29959,EVODEX-P29982"
EVODEX-N12034,[H]OC(=O)[C@]([H])(C([H])([H])C1:C([H]):C([H]):C(O[H]):C(O[H]):C:1[H])[N:1]([H:18])[H:19].[O:16]=[O:17]>>[H][N:1]([H:18])[H:19].[H][O:16][O:17][H],EVODEX-P29914
EVODEX-N12035,[H]N([H])[C@@:2]([C:3])([C:12](=[O:13])[O:14][H])[H:20].[O:16]=[O:17]>>[C:12](=[O:13])=[O:14].O=[C:2]([C:3])[H:20].[H][O:16][O:17][H],"EVODEX-P29915,EVODEX-P29961,EVODEX-P29984"
EVODEX-N12036,[H]OC(=O)[C@@:2]([N:1])([C:3])[H:20].[O:16]=[O:17]>>O=[C:2]([C:3])[H:20].[H][N:1].[H][O:16][O:17][H],"EVODEX-P29916,EVODEX-P29962,EVODEX-P29985"
EVODEX-N12037,[H]N([H])[C@@:2]([C:3])([C:12](=[O:13])[O:14][H])[H:20]>>[C:12](=[O:13])=[O:14].O=[C:2]([C:3])[H:20],"EVODEX-P29917,EVODEX-P29963,EVODEX-P29986"
EVODEX-N12038,[H]OC1:C([H]):C([H]):C(C([H])([H])[C@]([H])([N:1]([H:18])[H:19])[C:12](=[O:13])[O:14][H]):C([H]):C:1O[H]>>[C:12](=[O:13])=[O:14].[H][N:1]([H:18])[H:19],EVODEX-P29918
EVODEX-N12039,[H]OC(=O)[C@@:2]([N:1])([C:3])[H:20].[H][O:15][H]>>[C:2]([C:3])(=[O:15])[H:20].[H][N:1],"EVODEX-P29919,EVODEX-P29965,EVODEX-P29988"
EVODEX-N12040,[H]N([H])[C@@:2]([C:3])([C:12](=[O:13])[O:14][H])[H:20].[O:16]=[O:17].[H][O:15][H]>>[C:12](=[O:13])=[O:14].[C:2]([C:3])(=[O:15])[H:20].[H][O:16][O:17][H],"EVODEX-P29920,EVODEX-P29966,EVODEX-P29989"
EVODEX-N12041,[H]OC(=O)[C@@:2](N([H])[H])([C:3])[H:20]>>O=[C:2]([C:3])[H:20],"EVODEX-P29921,EVODEX-P29967,EVODEX-P29990"
EVODEX-N12042,[H]OC1:C([H]):C([H]):C(C([H])([H])[C@]([H])(N([H])[H])[C:12](=[O:13])[O:14][H]):C([H]):C:1O[H].[O:16]=[O:17]>>[C:12](=[O:13])=[O:14].[H][O:16][O:17][H],EVODEX-P29922
EVODEX-N12043,[H]OC(=O)[C@@:2]([N:1])([C:3])[H:20].[O:16]=[O:17].[H][O:15][H]>>[C:2]([C:3])(=[O:15])[H:20].[H][N:1].[H][O:16][O:17][H],"EVODEX-P29923,EVODEX-P29969,EVODEX-P29992"
EVODEX-N12044,[O:16]=[O:17].[H][O:15][H]>>[H]OC1:C([H]):C([H]):C(C([H])([H])C([H])=[O:15]):C([H]):C:1O[H].[H][O:16][O:17][H],EVODEX-P29924
EVODEX-N12045,[H][O:14][C:12]([C@@:2]([N:1])([C:3])[H:20])=[O:13].[H][O:15][H]>>[C:12](=[O:13])=[O:14].[C:2]([C:3])(=[O:15])[H:20].[H][N:1],"EVODEX-P29925,EVODEX-P29971,EVODEX-P29993"
EVODEX-N12046,[H][O:15][H]>>[H]OC1:C([H]):C([H]):C(C([H])([H])C([H])=[O:15]):C([H]):C:1O[H],EVODEX-P29926
EVODEX-N12047,[H]OC(=O)[C@@:2]([N:1])([C:3])[H:20]>>O=[C:2]([C:3])[H:20].[H][N:1],"EVODEX-P29927,EVODEX-P29974,EVODEX-P29994"
EVODEX-N12048,[H]OC1:C([H]):C([H]):C(C([H])([H])[C@]([H])([N:1]([H:18])[H:19])[C:12](=[O:13])[O:14][H]):C([H]):C:1O[H].[O:16]=[O:17]>>[C:12](=[O:13])=[O:14].[H][N:1]([H:18])[H:19].[H][O:16][O:17][H],EVODEX-P29928
EVODEX-N12049,[H]OC(=O)[C@@:2](N([H])[H])([C:3])[H:20].[H][O:15][H]>>[C:2]([C:3])(=[O:15])[H:20],"EVODEX-P29929,EVODEX-P29976,EVODEX-P29996"
EVODEX-N12050,[H]OC(=O)[C@@:2](N([H])[H])([C:3])[H:20].[O:16]=[O:17]>>O=[C:2]([C:3])[H:20].[H][O:16][O:17][H],"EVODEX-P29930,EVODEX-P29977,EVODEX-P29997"
EVODEX-N12051,[H][O:14][C:12]([C@@:2]([N:1])([C:3])[H:20])=[O:13].[O:16]=[O:17].[H][O:15][H]>>[C:12](=[O:13])=[O:14].[C:2]([C:3])(=[O:15])[H:20].[H][N:1].[H][O:16][O:17][H],"EVODEX-P29931,EVODEX-P29978,EVODEX-P29998"
EVODEX-N12052,[H][O:15][C:13]([C@@:2]([C:1])([N:3])[C:4])=[O:14]>>[C:13](=[O:14])=[O:15].O=[C:2]([C:1])[C:4].[H][N:3],EVODEX-P29932
EVODEX-N12053,[H]OC1:C([H]):C([H]):C(C([H])([H])[C@@](N([H])[H])(C([H])([H])[H])[C:13](=[O:14])[O:15][H]):C([H]):C:1O[H]>>[C:13](=[O:14])=[O:15],EVODEX-P29933
EVODEX-N12054,[H]N([H])[C@@:2]([C:1])([C:4])[C:13](=[O:14])[O:15][H].[H][O:16][H]>>[C:13](=[O:14])=[O:15].[C:1][C:2]([C:4])=[O:16],EVODEX-P29934
EVODEX-N12055,[H][O:15][C:13]([C@@:2]([C:1])([N:3])[C:4])=[O:14].[O:17]=[O:18]>>[C:13](=[O:14])=[O:15].O=[C:2]([C:1])[C:4].[H][N:3].[H][O:17][O:18][H],EVODEX-P29935
EVODEX-N12056,[H]OC(=O)[C@:2](N([H])[H])([C:1])[C:4].[O:17]=[O:18].[H][O:16][H]>>[C:1][C:2]([C:4])=[O:16].[H][O:17][O:18][H],EVODEX-P29936
EVODEX-N12057,[H]OC(=O)[C@](C([H])([H])[H])(C([H])([H])C1:C([H]):C([H]):C(O[H]):C(O[H]):C:1[H])[N:3]([H:22])[H:23].[O:17]=[O:18]>>[H][N:3]([H:22])[H:23].[H][O:17][O:18][H],EVODEX-P29937
EVODEX-N12058,[H]N([H])[C@@:2]([C:1])([C:4])[C:13](=[O:14])[O:15][H].[O:17]=[O:18]>>[C:13](=[O:14])=[O:15].O=[C:2]([C:1])[C:4].[H][O:17][O:18][H],EVODEX-P29938
EVODEX-N12059,[H]OC(=O)[C@@:2]([C:1])([N:3])[C:4].[O:17]=[O:18]>>O=[C:2]([C:1])[C:4].[H][N:3].[H][O:17][O:18][H],EVODEX-P29939
EVODEX-N12060,[H]OC1:C([H]):C([H]):C(C([H])([H])[C@](C([H])([H])[H])([N:3]([H:22])[H:23])[C:13](=[O:14])[O:15][H]):C([H]):C:1O[H]>>[C:13](=[O:14])=[O:15].[H][N:3]([H:22])[H:23],EVODEX-P29941
EVODEX-N12061,[H]OC(=O)[C@@:2]([C:1])([N:3])[C:4].[H][O:16][H]>>[C:1][C:2]([C:4])=[O:16].[H][N:3],EVODEX-P29942
EVODEX-N12062,[H]N([H])[C@@:2]([C:1])([C:4])[C:13](=[O:14])[O:15][H].[O:17]=[O:18].[H][O:16][H]>>[C:13](=[O:14])=[O:15].[C:1][C:2]([C:4])=[O:16].[H][O:17][O:18][H],EVODEX-P29943
EVODEX-N12063,[H]OC1:C([H]):C([H]):C(C([H])([H])[C@@](N([H])[H])(C([H])([H])[H])[C:13](=[O:14])[O:15][H]):C([H]):C:1O[H].[O:17]=[O:18]>>[C:13](=[O:14])=[O:15].[H][O:17][O:18][H],EVODEX-P29945
EVODEX-N12064,[H]OC(=O)[C@@:2]([C:1])([N:3])[C:4].[O:17]=[O:18].[H][O:16][H]>>[C:1][C:2]([C:4])=[O:16].[H][N:3].[H][O:17][O:18][H],EVODEX-P29946
EVODEX-N12065,[O:17]=[O:18].[H][O:16][H]>>[H]OC1:C([H]):C([H]):C(C([H])([H])C(C([H])([H])[H])=[O:16]):C([H]):C:1O[H].[H][O:17][O:18][H],EVODEX-P29947
EVODEX-N12066,[H][O:15][C:13]([C@@:2]([C:1])([N:3])[C:4])=[O:14].[H][O:16][H]>>[C:13](=[O:14])=[O:15].[C:1][C:2]([C:4])=[O:16].[H][N:3],EVODEX-P29948
EVODEX-N12067,[H][O:16][H]>>[H]OC1:C([H]):C([H]):C(C([H])([H])C(C([H])([H])[H])=[O:16]):C([H]):C:1O[H],EVODEX-P29949
EVODEX-N12068,[H]OC(=O)[C@](C([H])([H])[H])(C([H])([H])C1:C([H]):C([H]):C(O[H]):C(O[H]):C:1[H])[N:3]([H:22])[H:23]>>[H][N:3]([H:22])[H:23],EVODEX-P29950
EVODEX-N12069,[H]OC(=O)[C@@:2]([C:1])([N:3])[C:4]>>O=[C:2]([C:1])[C:4].[H][N:3],EVODEX-P29951
EVODEX-N12070,[H]OC1:C([H]):C([H]):C(C([H])([H])[C@](C([H])([H])[H])([N:3]([H:22])[H:23])[C:13](=[O:14])[O:15][H]):C([H]):C:1O[H].[O:17]=[O:18]>>[C:13](=[O:14])=[O:15].[H][N:3]([H:22])[H:23].[H][O:17][O:18][H],EVODEX-P29952
EVODEX-N12071,[H]OC(=O)[C@:2](N([H])[H])([C:1])[C:4].[H][O:16][H]>>[C:1][C:2]([C:4])=[O:16],EVODEX-P29953
EVODEX-N12072,[H]OC(=O)[C@:2](N([H])[H])([C:1])[C:4].[O:17]=[O:18]>>O=[C:2]([C:1])[C:4].[H][O:17][O:18][H],EVODEX-P29954
EVODEX-N12073,[H][O:15][C:13]([C@@:2]([C:1])([N:3])[C:4])=[O:14].[O:17]=[O:18].[H][O:16][H]>>[C:13](=[O:14])=[O:15].[C:1][C:2]([C:4])=[O:16].[H][N:3].[H][O:17][O:18][H],EVODEX-P29955
EVODEX-N12074,[H]OC(=O)[C@]([H])(C([H])([H])C1:C([H]):C([H]):C(O[H]):C([H]):C:1[H])[N:1]([H:17])[H:18].[O:15]=[O:16]>>[H][N:1]([H:17])[H:18].[H][O:15][O:16][H],EVODEX-P29960
EVODEX-N12075,[H]OC1:C([H]):C([H]):C(C([H])([H])[C@]([H])([N:1]([H:17])[H:18])[C:11](=[O:12])[O:13][H]):C([H]):C:1[H]>>[C:11](=[O:12])=[O:13].[H][N:1]([H:17])[H:18],EVODEX-P29964
EVODEX-N12076,[H]OC1:C([H]):C([H]):C(C([H])([H])[C@]([H])(N([H])[H])[C:11](=[O:12])[O:13][H]):C([H]):C:1[H].[O:15]=[O:16]>>[C:11](=[O:12])=[O:13].[H][O:15][O:16][H],EVODEX-P29968
EVODEX-N12077,[O:15]=[O:16].[H][O:14][H]>>[H]OC1:C([H]):C([H]):C(C([H])([H])C([H])=[O:14]):C([H]):C:1[H].[H][O:15][O:16][H],EVODEX-P29970
EVODEX-N12078,[H][O:14][H]>>[H]OC1:C([H]):C([H]):C(C([H])([H])C([H])=[O:14]):C([H]):C:1[H],EVODEX-P29972
EVODEX-N12079,[H]OC(=O)[C@]([H])(C([H])([H])C1:C([H]):C([H]):C(O[H]):C([H]):C:1[H])[N:1]([H:17])[H:18]>>[H][N:1]([H:17])[H:18],EVODEX-P29973
EVODEX-N12080,[H]OC1:C([H]):C([H]):C(C([H])([H])[C@]([H])([N:1]([H:17])[H:18])[C:11](=[O:12])[O:13][H]):C([H]):C:1[H].[O:15]=[O:16]>>[C:11](=[O:12])=[O:13].[H][N:1]([H:17])[H:18].[H][O:15][O:16][H],EVODEX-P29975
EVODEX-N12081,[H]OC(=O)[C@]([H])(C([H])([H])C1:C([H]):C([H]):C([H]):C([H]):C:1[H])[N:1]([H:16])[H:17].[O:14]=[O:15]>>[H][N:1]([H:16])[H:17].[H][O:14][O:15][H],EVODEX-P29983
EVODEX-N12082,[H]C1:C([H]):C([H]):C(C([H])([H])[C@]([H])([N:1]([H:16])[H:17])[C:10](=[O:11])[O:12][H]):C([H]):C:1[H]>>[C:10](=[O:11])=[O:12].[H][N:1]([H:16])[H:17],EVODEX-P29987
EVODEX-N12083,[H]C1:C([H]):C([H]):C(C([H])([H])[C@]([H])(N([H])[H])[C:10](=[O:11])[O:12][H]):C([H]):C:1[H].[O:14]=[O:15]>>[C:10](=[O:11])=[O:12].[H][O:14][O:15][H],EVODEX-P29991
EVODEX-N12084,[H]C1:C([H]):C([H]):C(C([H])([H])[C@]([H])([N:1]([H:16])[H:17])[C:10](=[O:11])[O:12][H]):C([H]):C:1[H].[O:14]=[O:15]>>[C:10](=[O:11])=[O:12].[H][N:1]([H:16])[H:17].[H][O:14][O:15][H],EVODEX-P29995
EVODEX-N12085,[H]C1:C([H]):C([H]):C2:C(:C:1[H]):C(C([H])([H])[C:2](=[O:1])[O:3][H]):C([H]):N:2[H]>>[O:1]=[C:2]=[O:3],EVODEX-P29999
EVODEX-N12086,[H]O[C@]1([H])[C@]([H])(OP(=O)(O[H])O[H])[C@@]([H])(C([H])([H])OP(=O)(O[H])OP(=O)(O[H])OC([H])([H])C(C([H])([H])[H])(C([H])([H])[H])[C@@]([H])(O[H])C(=O)N([H])C([H])([H])C([H])([H])C(=O)N([H])C([H])([H])C([H])([H])SC(=O)C2:C([H]):C([H]):C([H]):C([C:56](=[O:57])[O:58][H]):C:2[H])O[C@@]1([H])N1:C([H]):N:C2:C(N([H])[H]):N:C([H]):N:C:2:1>>[C:56](=[O:57])=[O:58],EVODEX-P30004
EVODEX-N12087,[H]C1:C([H]):C([H]):C(C([H])([H])[C:2](=[O:1])[O:3][H]):C([H]):C:1[H]>>[O:1]=[C:2]=[O:3],EVODEX-P30005
EVODEX-N12088,[H]C1:C([H]):C([H]):C(C([H])(C([H])([H])[H])[C:3](=[O:4])[O:5][H]):C([H]):C:1[H]>>[C:3](=[O:4])=[O:5],EVODEX-P30010
EVODEX-N12089,[H]OC([H])([H])C(=O)C(O[H])(C([H])([H])O[H])[C:2](=[O:1])[O:3][H]>>[O:1]=[C:2]=[O:3],EVODEX-P30011
EVODEX-N12090,[H]OC([H])([H])C(O[H])(C(=O)C([H])([H])OP(=O)(O[H])O[H])[C:2](=[O:1])[O:3][H]>>[O:1]=[C:2]=[O:3],EVODEX-P30014
EVODEX-N12091,[C:1](=[O:2])([H:13])[H:14].[H][C:5]([C:4])([O:6])[H:15]>>[H][O:2][C:1]([C@:5]([C:4])([O:6])[H:15])([H:13])[H:14],"EVODEX-P30017,EVODEX-P30152"
EVODEX-N12092,[C:1](=[O:2])([H:13])[H:14]>>[H]O[C@@]([H])(C(=O)C([H])([H])OP(=O)(O[H])O[H])[C:1]([O:2][H])([H:13])[H:14],EVODEX-P30019
EVODEX-N12093,[H]O[C@]([H])(C([H])([H])OP(=O)(O[H])O[H])[C@@]([H])(O[H])[C:3]([C:2])([H:15])[H:16]>>[H][C:3]([C:2])([H:15])[H:16],"EVODEX-P30020,EVODEX-P30101"
EVODEX-N12094,[H][O:5][C@@:4]([C:3])([C:6])[H:17]>>[C:4](=[O:5])([C:6])[H:17].[H][C:3],"EVODEX-P30021,EVODEX-P30026,EVODEX-P30032,EVODEX-P30056,EVODEX-P30065,EVODEX-P30075,EVODEX-P30081,EVODEX-P30087,EVODEX-P30090,EVODEX-P30096,EVODEX-P30102,EVODEX-P30105,EVODEX-P30111,EVODEX-P30117,EVODEX-P30123,EVODEX-P30126,EVODEX-P30129,EVODEX-P30150,EVODEX-P30180,EVODEX-P30183,EVODEX-P30195,EVODEX-P30198,EVODEX-P30201,EVODEX-P30204,EVODEX-P30207,EVODEX-P30216,EVODEX-P30219,EVODEX-P30222,EVODEX-P30225,EVODEX-P30228,EVODEX-P30247,EVODEX-P30250,EVODEX-P30260,EVODEX-P30299,EVODEX-P30310"
EVODEX-N12095,[H]C(=O)C([H])([H])[C@:4]([O:5][H])([C:6])[H:17]>>[C:4](=[O:5])([C:6])[H:17],EVODEX-P30022
EVODEX-N12096,[H][C:1]([C:2])([H:14])[H:15].[O:4]=[C:5]([C:6])[H:18]>>[H][O:4][C@@:5]([C:1]([C:2])([H:14])[H:15])([C:6])[H:18],"EVODEX-P30023,EVODEX-P30077,EVODEX-P30092,EVODEX-P30098,EVODEX-P30107,EVODEX-P30185,EVODEX-P30188,EVODEX-P30252,EVODEX-P30262,EVODEX-P30301,EVODEX-P30312"
EVODEX-N12097,[O:4]=[C:5]([C:6])[H:18]>>[H]C(=O)C([H])([H])[C@:5]([O:4][H])([C:6])[H:18],EVODEX-P30024
EVODEX-N12098,[H][C:1]([C:2])([H:14])[H:15]>>[H]O[C@]([H])(C([H])([H])OP(=O)(O[H])O[H])[C@@]([H])(O[H])[C:1]([C:2])([H:14])[H:15],"EVODEX-P30025,EVODEX-P30100"
EVODEX-N12099,[H]O[C@]([H])(C([H])([H])[H])[C@:4]([N:5])([C:6])[H:14]>>[H][C:4]([N:5])([C:6])[H:14],EVODEX-P30027
EVODEX-N12100,[C:1][C:2](=[O:3])[H:12].[H][C:5]([N:4])([C:6])[H:15]>>[H][O:3][C@:2]([C:1])([C@:5]([N:4])([C:6])[H:15])[H:12],"EVODEX-P30028,EVODEX-P30119,EVODEX-P30176,EVODEX-P30306"
EVODEX-N12101,[H][C:5]([N:4])([C:6])[H:15]>>[H]O[C@]([H])(C([H])([H])[H])[C@:5]([N:4])([C:6])[H:15],EVODEX-P30029
EVODEX-N12102,[H]O[C@]([H])(C([H])([H])OP(=O)(O[H])O[H])[C@@]([H])(O[H])[C:11](:[C:12]):[C:19]>>[H][C:11](:[C:12]):[C:19],EVODEX-P30031
EVODEX-N12103,[H]C1:C([H]):C([H]):C2:C(:C:1[H]):C([C@@:9]([C:7])([O:10][H])[H:26]):C([H]):N:2[H]>>[C:7][C:9](=[O:10])[H:26],EVODEX-P30033
EVODEX-N12104,[H][O:17][P:16].[H]O[C:3]([C:2](=[O:1])[C@@:5]([O:6][H])([C:7])[H:25])([H:23])[H:24]>>[C:5](=[O:6])([C:7])[H:25].[H][C:3]([C:2](=[O:1])[O:17][P:16])([H:23])[H:24],"EVODEX-P30034,EVODEX-P30044"
EVODEX-N12105,[H]C([H])(C(=O)[C@@:5]([O:6][H])([C:7])[H:25])[O:4][H:33]>>[C:5](=[O:6])([C:7])[H:25].[H][O:4][H:33],"EVODEX-P30035,EVODEX-P30045"
EVODEX-N12106,[H]O[C@@]([H])([C@]([H])(O[H])C([H])([H])OP(=O)(O[H])O[H])[C:2](=[O:1])[C:3]>>[H]OP(=O)(O[H])O[C:2](=[O:1])[C:3][H].[H],EVODEX-P30036
EVODEX-N12107,[H][O:17][P:16].[H]O[C@@]([H])([C@]([H])(O[H])C([H])([H])OP(=O)(O[H])O[H])[C:2](=[O:1])[C:3](O[H])([H:23])[H:24]>>[H][C:3]([C:2](=[O:1])[O:17][P:16])([H:23])[H:24],EVODEX-P30037
EVODEX-N12108,[H]O[C@@]([H])([C@]([H])(O[H])C([H])([H])OP(=O)(O[H])O[H])[C:2](=[O:1])[C:3](O[H])([H:23])[H:24]>>[H]OP(=O)(O[H])O[C:2](=[O:1])[C:3]([H])([H:23])[H:24],EVODEX-P30038
EVODEX-N12109,[H][O:17][P:16].[H]O[C@@]([H])([C@]([H])(O[H])C([H])([H])OP(=O)(O[H])O[H])[C:2](=[O:1])[C:3]>>[H][C:3][C:2](=[O:1])[O:17][P:16].[H],EVODEX-P30039
EVODEX-N12110,[H][O:17][P:16].[H][O:6][C@:5]([C:2](=[O:1])[C:3])([C:7])[H:25]>>[C:5](=[O:6])([C:7])[H:25].[H][C:3][C:2](=[O:1])[O:17][P:16].[H],"EVODEX-P30040,EVODEX-P30050"
EVODEX-N12111,[H][O:6][C@:5]([C:2])([C:7])[H:25]>>[C:5](=[O:6])([C:7])[H:25].[H].[H]OP(=O)(O[H])O[C:2].[H],"EVODEX-P30041,EVODEX-P30052"
EVODEX-N12112,[H]O[C:3]([C:2][C@@:5]([O:6][H])([C:7])[H:25])([H:23])[H:24]>>[C:5](=[O:6])([C:7])[H:25].[H]OP(=O)(O[H])O[C:2][C:3]([H])([H:23])[H:24],"EVODEX-P30042,EVODEX-P30053"
EVODEX-N12113,[H]O[C@]([H])(C(=O)C([H])([H])[O:4][H:33])[C@]([H])(O[H])C([H])([H])OP(=O)(O[H])O[H]>>[H][O:4][H:33],EVODEX-P30043
EVODEX-N12114,[H]O[C@@]([H])([C@]([H])(O[H])[C:2](=[O:1])[C:3])[C@]([H])(O[H])C([H])([H])OP(=O)(O[H])O[H]>>[H]OP(=O)(O[H])O[C:2](=[O:1])[C:3][H].[H],EVODEX-P30046
EVODEX-N12115,[H][O:19][P:18].[H]O[C@@]([H])([C@]([H])(O[H])[C:2](=[O:1])[C:3](O[H])([H:25])[H:26])[C@]([H])(O[H])C([H])([H])OP(=O)(O[H])O[H]>>[H][C:3]([C:2](=[O:1])[O:19][P:18])([H:25])[H:26],EVODEX-P30047
EVODEX-N12116,[H]O[C@@]([H])([C@]([H])(O[H])[C:2](=[O:1])[C:3](O[H])([H:25])[H:26])[C@]([H])(O[H])C([H])([H])OP(=O)(O[H])O[H]>>[H]OP(=O)(O[H])O[C:2](=[O:1])[C:3]([H])([H:25])[H:26],EVODEX-P30048
EVODEX-N12117,[H][O:19][P:18].[H]O[C@@]([H])([C@]([H])(O[H])[C:2](=[O:1])[C:3])[C@]([H])(O[H])C([H])([H])OP(=O)(O[H])O[H]>>[H][C:3][C:2](=[O:1])[O:19][P:18].[H],EVODEX-P30049
EVODEX-N12118,[H]O[C@@]([H])([C@]([H])(O[H])C(=O)C([H])([H])[O:4][H:37])[C@]([H])(O[H])C([H])([H])OP(=O)(O[H])O[H]>>[H][O:4][H:37],EVODEX-P30054
EVODEX-N12119,[H]O[C@]([H])(C1:C([H]):C([H]):C([H]):C([H]):C:1[H])[C:2]#[N:1]>>[H][C:2]#[N:1],EVODEX-P30055
EVODEX-N12120,[H][O:4][C@@:3](C#N)([C:5])[H:11]>>[C:3](=[O:4])([C:5])[H:11],"EVODEX-P30057,EVODEX-P30066"
EVODEX-N12121,[H][C:1]#[N:2].[O:3]=[C:4]([C:5])[H:12]>>[H][O:3][C@@:4]([C:1]#[N:2])([C:5])[H:12],"EVODEX-P30058,EVODEX-P30061"
EVODEX-N12122,[O:3]=[C:4]([C:5])[H:12]>>[H][O:3][C@@:4](C#N)([C:5])[H:12],"EVODEX-P30059,EVODEX-P30062"
EVODEX-N12123,[H][C:1]#[N:2]>>[H]O[C@]([H])(C1:C([H]):C([H]):C([H]):C([H]):C:1[H])[C:1]#[N:2],EVODEX-P30060
EVODEX-N12124,[H][C:1]#[N:2]>>[H]OC1:C([H]):C([H]):C([C@]([H])(O[H])[C:1]#[N:2]):C([H]):C:1[H],EVODEX-P30063
EVODEX-N12125,[H]OC1:C([H]):C([H]):C([C@]([H])(O[H])[C:2]#[N:1]):C([H]):C:1[H]>>[H][C:2]#[N:1],EVODEX-P30064
EVODEX-N12126,[C:1](=[O:2])([H:11])[H:12].[H][C:4]([C:3])([C:5])[C:6]>>[H][O:2][C:1]([C:4]([C:3])([C:5])[C:6])([H:11])[H:12],EVODEX-P30067
EVODEX-N12127,[C:1](=[O:2])([H:11])[H:12]>>[H]OC(=O)C(=O)C(C([H])([H])[H])(C([H])([H])[H])[C:1]([O:2][H])([H:11])[H:12],EVODEX-P30068
EVODEX-N12128,[H][O:10][C@:9]1([C:11])[O:8][C:7][C@:19]([O:20][H])([H:33])[C:17]1>>[H][C:17][C:9](=[O:10])[C:11].[H][O:8][C:7][C:19](=[O:20])[H:33],EVODEX-P30069
EVODEX-N12129,[H]O[C@]1([H])[C@@]([H])(C([H])([H])OP(=O)(O[H])O[H])O[C@:9]([O:10][H])([C:11])[C@:17]1([O:18])[H:31]>>[H][C:17]([C:9](=[O:10])[C:11])([O:18])[H:31],EVODEX-P30070
EVODEX-N12130,[H][O:14][C:13][C:12](=[O:11])[H:21].[H][C:3]([C:2](=[O:1])[C:5])([O:4])[H:28]>>[H][O:1][C@@:2]1([C:5])[C@:3]([O:4])([H:28])[C@@:12]([O:11][H])([H:21])[C:13][O:14]1,EVODEX-P30071
EVODEX-N12131,[H][C:3]([C:2](=[O:1])[C:5])([O:4])[H:28]>>[H]O[C@]1([H])[C@@]([H])(C([H])([H])OP(=O)(O[H])O[H])O[C@:2]([O:1][H])([C:5])[C@:3]1([O:4])[H:28],EVODEX-P30072
EVODEX-N12132,[H][O:14][C:13][C:12](=[O:11])[H:21]>>[H]O[C@]1([H])[C@@](O[H])(C([H])([H])OP(=O)(O[H])O[H])[O:14][C:13][C@:12]1([O:11][H])[H:21],EVODEX-P30073
EVODEX-N12133,[H]OC([H])([H])[C@@]([H])(O[H])[C@]([H])(O[H])[C:6]([C:4])([H:14])[H:15]>>[H][C:6]([C:4])([H:14])[H:15],EVODEX-P30074
EVODEX-N12134,[H][C:1]([C:2])([H:13])[H:14]>>[H]OC([H])([H])[C@@]([H])(O[H])[C@]([H])(O[H])[C:1]([C:2])([H:13])[H:14],EVODEX-P30079
EVODEX-N12135,[H]O[C@@]([H])(C(=O)C([H])([H])OP(=O)(O[H])O[H])[C@@:4]([C:2])([O:5][H])[H:21]>>[C:2][C:4](=[O:5])[H:21],"EVODEX-P30080,EVODEX-P30128,EVODEX-P30151,EVODEX-P30196,EVODEX-P30215,EVODEX-P30218"
EVODEX-N12136,[H]O[C@@]([H])(C([H])([H])[H])[C@@]([H])(O[H])[C@@:6]([O:7])([C:8])[H:23]>>[H][C:6]([O:7])([C:8])[H:23],EVODEX-P30082
EVODEX-N12137,[C:2][C:4](=[O:5])[H:21].[H][C:8]([C:7])([O:9])[H:22]>>[H][O:5][C@:4]([C:2])([C@:8]([C:7])([O:9])[H:22])[H:21],"EVODEX-P30083,EVODEX-P30113,EVODEX-P30191"
EVODEX-N12138,[H][C:8]([C:7])([O:9])[H:22]>>[H]O[C@@]([H])(C([H])([H])[H])[C@@]([H])(O[H])[C@:8]([C:7])([O:9])[H:22],EVODEX-P30084
EVODEX-N12139,[H]OC([H])([H])[C@]([H])(O[H])[C:6]([C:4])([H:12])[H:13]>>[H][C:6]([C:4])([H:12])[H:13],EVODEX-P30086
EVODEX-N12140,[H]O[C@@]([H])([C@]([H])(O[H])C([H])([H])[H])[C:6]([C:7])([H:19])[H:20]>>[H][C:6]([C:7])([H:19])[H:20],EVODEX-P30089
EVODEX-N12141,[H][C:1]([C:2])([H:14])[H:15]>>[H]OC(=O)[C@@]([H])(O[H])[C@@]([H])(O[H])[C:1]([C:2])([H:14])[H:15],EVODEX-P30094
EVODEX-N12142,[H]OC(=O)[C@@]([H])(O[H])[C@@]([H])(O[H])[C:6]([C:4])([H:15])[H:16]>>[H][C:6]([C:4])([H:15])[H:16],EVODEX-P30095
EVODEX-N12143,[H]OC([H])([H])[C@@]([H])(O[H])[C@@]([H])(O[H])[C@]([H])(O[H])[C@]([H])(O[H])[C:6]([C:4])([H:18])[H:19]>>[H][C:6]([C:4])([H:18])[H:19],EVODEX-P30104
EVODEX-N12144,[H][C:1]([C:2])([H:17])[H:18]>>[H]OC([H])([H])[C@@]([H])(O[H])[C@@]([H])(O[H])[C@]([H])(O[H])[C@]([H])(O[H])[C:1]([C:2])([H:17])[H:18],EVODEX-P30109
EVODEX-N12145,[H]OC([H])([H])[C@@]([H])(O[H])[C@:11]([C:10])([O:12])[H:22]>>[H][C:11]([C:10])([O:12])[H:22],EVODEX-P30110
EVODEX-N12146,[H]N=C1:N([H]):C2:C(:C(=O):N:1[H])N=C([C@]([H])(O[H])[C@:13]([O:14][H])([C:15])[H:24])C([H])([H])N2[H]>>[C:13](=[O:14])([C:15])[H:24],"EVODEX-P30112,EVODEX-P30202,EVODEX-P30205"
EVODEX-N12147,[O:15]=[C:16]([C:17])[H:28]>>[H]N=C1:N([H]):C2:C(:C(=O):N:1[H])N=C([C@]([H])(O[H])[C@:16]([O:15][H])([C:17])[H:28])C([H])([H])N2[H],EVODEX-P30114
EVODEX-N12148,[H][C:11]([C:10])([O:12])[H:22]>>[H]OC([H])([H])[C@@]([H])(O[H])[C@:11]([C:10])([O:12])[H:22],EVODEX-P30115
EVODEX-N12149,[H]O[C@@]([H])(C1:C([H]):C([H]):C([H]):C([H]):C:1[H])[C@:2]([N:1])([C:3])[H:16]>>[H][C:2]([N:1])([C:3])[H:16],EVODEX-P30116
EVODEX-N12150,[H][C:2]([N:1])([C:3])[H:16]>>[H]O[C@@]([H])(C1:C([H]):C([H]):C([H]):C([H]):C:1[H])[C@:2]([N:1])([C:3])[H:16],EVODEX-P30121
EVODEX-N12151,[H]OP(=O)(O[H])OC([H])([H])[C@]([H])(N([H])[H])[C@@:16]([C:15])([O:17][H])[H:55]>>[C:15][C:16](=[O:17])[H:55],"EVODEX-P30122,EVODEX-P30125"
EVODEX-N12152,[H]O[C@]([H])(/C([H])=C(\[H])C([H])([H])C([H])([H])C([H])([H])C([H])([H])C([H])([H])C([H])([H])C([H])([H])C([H])([H])C([H])([H])C([H])([H])C([H])([H])C([H])([H])C([H])([H])[H])[C@@:18]([N:19])([C:20])[H:57]>>[H][C:18]([N:19])([C:20])[H:57],EVODEX-P30124
EVODEX-N12153,[H]O[C@]([H])(C([H])([H])C([H])([H])C([H])([H])C([H])([H])C([H])([H])C([H])([H])C([H])([H])C([H])([H])C([H])([H])C([H])([H])C([H])([H])C([H])([H])C([H])([H])C([H])([H])C([H])([H])[H])[C@@:18]([N:19])([C:20])[H:59]>>[H][C:18]([N:19])([C:20])[H:59],EVODEX-P30127
EVODEX-N12154,[H]OC(=O)C([H])([H])[C@@]([H])(O[H])[C@:7]([O:8])([C:9])[H:22]>>[H][C:7]([O:8])([C:9])[H:22],EVODEX-P30130
EVODEX-N12155,[C:5]/[C:7](=[C:8](/[C:9])[H:20])[H:19].[H][O:1][H]>>[O:1]=[C:8]([C:9])[H:20].[H][C:7]([H])([C:5])[H:19],"EVODEX-P30131,EVODEX-P30158,EVODEX-P30209"
EVODEX-N12156,[H]OC(=O)C1:C([H]):C([H]):C([H]):C([H]):C:1/C([H])=[C:7](/[C:5])[H:19]>>[H][C:7]([H])([C:5])[H:19],EVODEX-P30132
EVODEX-N12157,[H]OC(=O)C(=O)/C([H])=[C:8](/[C:9])[H:20].[H][O:1][H]>>[O:1]=[C:8]([C:9])[H:20],"EVODEX-P30133,EVODEX-P30160"
EVODEX-N12158,[H][O:1][H]>>[H]OC(=O)C1:C([H]):C([H]):C([H]):C([H]):C:1C([H])=[O:1],EVODEX-P30134
EVODEX-N12159,[H]OC(=O)C(=O)/C([H])=[C:8](/[C:9])[H:20]>>O=[C:8]([C:9])[H:20],"EVODEX-P30135,EVODEX-P30162"
EVODEX-N12160,[C:5][C:7](=[C:8])[H:19]>>O=[C:8].[H][C:7]([H])([C:5])[H:19],"EVODEX-P30136,EVODEX-P30163,EVODEX-P30214"
EVODEX-N12161,[H][C:1]([H])([C:2])[H:18].[O:7]=[C:8]([C:9])[H:22]>>[C:1](\[C:2])(=[C:8](/[C:9])[H:22])[H:18].[H][O:7][H],"EVODEX-P30137,EVODEX-P30164"
EVODEX-N12162,[H]OC(=O)C1:C([H]):C([H]):C([H]):C([H]):C:1C([H])=[O:7]>>[H][O:7][H],EVODEX-P30138
EVODEX-N12163,[H][C:1]([H])([C:2])[H:18].O=[C:8]([C:9])[H:22]>>[C:1](\[C:2])(=[C:8](/[C:9])[H:22])[H:18],"EVODEX-P30139,EVODEX-P30166"
EVODEX-N12164,O=[C:8]([C:9])[H:22]>>[H]OC(=O)C(=O)/C([H])=[C:8](/[C:9])[H:22],"EVODEX-P30140,EVODEX-P30167"
EVODEX-N12165,[H][C:1]([H])([C:2])[H:18]>>[H]OC(=O)C1:C([H]):C([H]):C([H]):C([H]):C:1/C([H])=[C:1](/[C:2])[H:18],EVODEX-P30141
EVODEX-N12166,[O:7]=[C:8]>>[H]OC(=O)C(=O)C([H])=[C:8].[H][O:7][H],"EVODEX-P30142,EVODEX-P30169"
EVODEX-N12167,[C:1][C:2](=[O:3])[H:10].[H][C:5](=[O:4])[O:6]>>[H][O:3][C:2]([C:1])([C:5](=[O:4])[O:6])[H:10],EVODEX-P30144
EVODEX-N12168,[H][C:5](=[O:4])[O:6]>>[H]OC([H])(C([H])([H])[H])[C:5](=[O:4])[O:6],EVODEX-P30145
EVODEX-N12169,[C:1][C:2](=[O:3])[H:10]>>[H]OC(=O)[C:2]([C:1])([O:3][H])[H:10],EVODEX-P30146
EVODEX-N12170,[H]OC([H])(C1:C([H]):C([H]):C([H]):C([H]):C:1[H])[C:2](=[O:1])[C:3]>>[H][C:2](=[O:1])[C:3],EVODEX-P30147
EVODEX-N12171,[H]O[C@@]([H])([C@]([H])(O[H])C([H])([H])OP(=O)(O[H])O[H])[C@:9]([C:2])([O:10])[H:23]>>[H][C:9]([C:2])([O:10])[H:23],EVODEX-P30149
EVODEX-N12172,[C:1](=[O:2])([H:17])[H:18]>>[H]O[C@@]([H])(C(=O)[C@]([H])(O[H])[C:1]([O:2][H])([H:17])[H:18])[C@]([H])(O[H])C([H])([H])OP(=O)(O[H])O[H],EVODEX-P30154
EVODEX-N12173,[H]OC([H])([H])[C@:3]([C:2])([O:4])[H:17]>>[H][C:3]([C:2])([O:4])[H:17],EVODEX-P30155
EVODEX-N12174,[H][O:6][C:5]([C:3])([H:27])[H:28]>>[C:5](=[O:6])([H:27])[H:28].[H][C:3],EVODEX-P30156
EVODEX-N12175,[H]O[C@@]([H])(C(=O)[C@]([H])(O[H])[C:5]([O:6][H])([H:27])[H:28])[C@]([H])(O[H])C([H])([H])OP(=O)(O[H])O[H]>>[C:5](=[O:6])([H:27])[H:28],EVODEX-P30157
EVODEX-N12176,[H]OC1:C([H]):C([H]):C([H]):C([H]):C:1/C([H])=[C:7](/[C:5])[H:17]>>[H][C:7]([H])([C:5])[H:17],EVODEX-P30159
EVODEX-N12177,[H][O:1][H]>>[H]OC1:C([H]):C([H]):C([H]):C([H]):C:1C([H])=[O:1],EVODEX-P30161
EVODEX-N12178,[H]OC1:C([H]):C([H]):C([H]):C([H]):C:1C([H])=[O:7]>>[H][O:7][H],EVODEX-P30165
EVODEX-N12179,[H][C:1]([H])([C:2])[H:16]>>[H]OC1:C([H]):C([H]):C([H]):C([H]):C:1/C([H])=[C:1](/[C:2])[H:16],EVODEX-P30168
EVODEX-N12180,[H]OC(C([H])([H])[H])(C([H])([H])[H])[C:5]#[N:6]>>[H][C:5]#[N:6],EVODEX-P30170
EVODEX-N12181,[H][O:4][C:2](C#N)([C:1])[C:3]>>[C:1][C:2]([C:3])=[O:4],EVODEX-P30172
EVODEX-N12182,[C:3][C:4]([C:5])=[O:6].[H][C:1]#[N:2]>>[H][O:6][C:4]([C:1]#[N:2])([C:3])[C:5],EVODEX-P30173
EVODEX-N12183,[H][C:1]#[N:2]>>[H]OC(C([H])([H])[H])(C([H])([H])[H])[C:1]#[N:2],EVODEX-P30174
EVODEX-N12184,[C:3][C:4]([C:5])=[O:6]>>[H][O:6][C:4](C#N)([C:3])[C:5],EVODEX-P30175
EVODEX-N12185,[H][C:2]([N:1])([C:3])[H:12]>>[H]OC([H])([H])[C@@]([H])(O[H])[C@:2]([N:1])([C:3])[H:12],EVODEX-P30178
EVODEX-N12186,[H]OC([H])([H])[C@@]([H])(O[H])[C@:2]([N:1])([C:3])[H:12]>>[H][C:2]([N:1])([C:3])[H:12],EVODEX-P30179
EVODEX-N12187,[H]OC(=O)C([H])([H])C([H])([H])[C@]([H])(O[H])[C:8]([C:9])([H:21])[H:22]>>[H][C:8]([C:9])([H:21])[H:22],EVODEX-P30184
EVODEX-N12188,[H][C:1]([C:2])([H:14])[H:15]>>[H]OC(=O)C([H])([H])C([H])([H])[C@]([H])(O[H])[C:1]([C:2])([H:14])[H:15],EVODEX-P30187
EVODEX-N12189,[H][C:1]([C:2])([H:12])[H:13]>>[H]O[C@@]([H])(C([H])([H])[H])[C@]([H])(O[H])[C:1]([C:2])([H:12])[H:13],EVODEX-P30190
EVODEX-N12190,[H][C:11]([C:10])([O:12])[H:26]>>[H]OC(=O)[C@@]([H])(N([H])[H])C([H])([H])C([H])(O[H])[C:11]([C:10])([O:12])[H:26],EVODEX-P30192
EVODEX-N12191,[H]O[C@]([H])(C([H])([H])S(=O)(=O)O[H])[C@@]([H])(O[H])[C@@:9]([C:2])([O:10])[H:22]>>[H][C:9]([C:2])([O:10])[H:22],EVODEX-P30194
EVODEX-N12192,[H]O[C@]([H])(C([H])([H])S(=O)(=O)O[H])[C@@]([H])(O[H])[C:6]([C:4])([H:17])[H:18]>>[H][C:6]([C:4])([H:17])[H:18],EVODEX-P30197
EVODEX-N12193,[H]O[C@]([H])(C([H])([H])OP(=O)(O[H])OP(=O)(O[H])OP(=O)(O[H])O[H])[C@:11]([C:10])([O:12])[H:34]>>[H][C:11]([C:10])([O:12])[H:34],EVODEX-P30203
EVODEX-N12194,[H]OC1:C([H]):C([H]):C(C([H])(O[H])[C:8]([C:9])([H:69])[H:70]):C([H]):C:1OC([H])([H])[H]>>[H][C:8]([C:9])([H:69])[H:70],EVODEX-P30206
EVODEX-N12195,[H]O[C@]1([H])[C@]([H])(OP(=O)(O[H])O[H])[C@@]([H])(C([H])([H])OP(=O)(O[H])OP(=O)(O[H])OC([H])([H])C(C([H])([H])[H])(C([H])([H])[H])[C@@]([H])(O[H])C(=O)N([H])C([H])([H])C([H])([H])C(=O)N([H])C([H])([H])C([H])([H])SC(=O)C([H])([H])[C:6]([C:5])([O:7][H])[H:67])O[C@@]1([H])N1:C([H]):N:C2:C(N([H])[H]):N:C([H]):N:C:2:1>>[C:5][C:6](=[O:7])[H:67],"EVODEX-P30208,EVODEX-P30259"
EVODEX-N12196,[H]OC1:C([H]):C([H]):C(/C([H])=[C:7](/[C:8])[H:68]):C([H]):C:1OC([H])([H])[H]>>[H][C:7]([H])([C:8])[H:68],EVODEX-P30210
EVODEX-N12197,[H]O[C@]1([H])[C@]([H])(OP(=O)(O[H])O[H])[C@@]([H])(C([H])([H])OP(=O)(O[H])OP(=O)(O[H])OC([H])([H])C(C([H])([H])[H])(C([H])([H])[H])[C@@]([H])(O[H])C(=O)N([H])C([H])([H])C([H])([H])C(=O)N([H])C([H])([H])C([H])([H])SC(=O)/C([H])=[C:6](/[C:5])[H:67])O[C@@]1([H])N1:C([H]):N:C2:C(N([H])[H]):N:C([H]):N:C:2:1.[H][O:62][H]>>[C:5][C:6](=[O:62])[H:67],EVODEX-P30211
EVODEX-N12198,[H][O:62][H]>>[H]OC1:C([H]):C([H]):C(C([H])=[O:62]):C([H]):C:1OC([H])([H])[H],EVODEX-P30212
EVODEX-N12199,[H]O[C@]1([H])[C@]([H])(OP(=O)(O[H])O[H])[C@@]([H])(C([H])([H])OP(=O)(O[H])OP(=O)(O[H])OC([H])([H])C(C([H])([H])[H])(C([H])([H])[H])[C@@]([H])(O[H])C(=O)N([H])C([H])([H])C([H])([H])C(=O)N([H])C([H])([H])C([H])([H])SC(=O)/C([H])=[C:6](/[C:5])[H:67])O[C@@]1([H])N1:C([H]):N:C2:C(N([H])[H]):N:C([H]):N:C:2:1>>O=[C:6]([C:5])[H:67],EVODEX-P30213
EVODEX-N12200,[H]O[C@]([H])(C([H])([H])[H])[C@@:4]([O:5])([C:6])[H:19]>>[H][C:4]([O:5])([C:6])[H:19],EVODEX-P30217
EVODEX-N12201,[H]O[C@]([H])(C([H])([H])SC([H])([H])[H])[C@@:6]([O:7])([C:8])[H:23]>>[H][C:6]([O:7])([C:8])[H:23],EVODEX-P30220
EVODEX-N12202,[H]OC([H])([C@]([H])(C([H])([H])[H])C([H])([H])C([H])([H])C([H])([H])[C@@]([H])(C([H])([H])[H])C([H])([H])C([H])([H])C([H])([H])[C@@]([H])(C([H])([H])[H])C([H])([H])C([H])([H])C([H])([H])C([H])(C([H])([H])[H])C([H])([H])[H])[C:21](=[O:22])[S:23]>>[H][C:21](=[O:22])[S:23],EVODEX-P30221
EVODEX-N12203,[H]O[C@]1([H])[C@]([H])(OP(=O)(O[H])O[H])[C@@]([H])(C([H])([H])OP(=O)(O[H])OP(=O)(O[H])OC([H])([H])C(C([H])([H])[H])(C([H])([H])[H])[C@@]([H])(O[H])C(=O)N([H])C([H])([H])C([H])([H])C(=O)N([H])C([H])([H])C([H])([H])SC(=O)[C:19]([C:17])([O:20][H])[H:108])O[C@@]1([H])N1:C([H]):N:C2:C(N([H])[H]):N:C([H]):N:C:2:1>>[C:17][C:19](=[O:20])[H:108],"EVODEX-P30223,EVODEX-P30226"
EVODEX-N12204,[H]OC([H])(C([H])(C([H])([H])[H])C([H])([H])C([H])([H])C([H])([H])C([H])([H])C([H])([H])C([H])([H])C([H])([H])C([H])([H])C([H])([H])C([H])([H])C([H])([H])C([H])([H])C([H])([H])[H])[C:18](=[O:19])[S:20]>>[H][C:18](=[O:19])[S:20],EVODEX-P30224
EVODEX-N12205,[H]OC(=O)[C@@]([H])(O[H])[C@:5]([C:4])([C:6])[H:17]>>[H][C:5]([C:4])([C:6])[H:17],EVODEX-P30227
EVODEX-N12206,[H]OC(=O)C([H])([H])[C@]([H])(C(=O)O[H])[C@:9]([O:10][H])([C:11])[H:19]>>[C:9](=[O:10])([C:11])[H:19],EVODEX-P30229
EVODEX-N12207,[O:9]=[C:10]([C:11])[H:20]>>[H]OC(=O)C([H])([H])[C@]([H])(C(=O)O[H])[C@:10]([O:9][H])([C:11])[H:20],EVODEX-P30231
EVODEX-N12208,[H][C:5]([C:4])([C:6])[H:17]>>[H]OC(=O)[C@@]([H])(O[H])[C@:5]([C:4])([C:6])[H:17],"EVODEX-P30232,EVODEX-P30244"
EVODEX-N12209,[H][O:10][C:9].[H][O:15][C@@:14]([O:13])([C:16])[C:19][C@@:20]([C:5])([O:21])[H:39]>>[H][C:19][C:14](=[O:15])[C:16].[C:5][C:20]([O:10][C:9])([O:21])[H:39].[H][O:13],EVODEX-P30234
EVODEX-N12210,[H]OC([H])([H])[C@@]([H])(O[H])[C@@]([H])(O[H])[C@]1([H])O[C@:14]([O:15][H])([C:16])[C:19]([H:37])([H:38])[C@]([H])(O[H])[C@@]1([H])N([H])C(=O)C([H])([H])[H]>>[H][C:19]([C:14](=[O:15])[C:16])([H:37])[H:38],EVODEX-P30235
EVODEX-N12211,[H][C:1]([C:2](=[O:3])[C:4])([H:22])[H:23].[H][O:21][C:20][C:11][C:12]([O:13])([O:14])[H:31]>>[H][O:14].[H][O:3][C@@:2]1([C:4])[C:1]([H:22])([H:23])[C@@:12]([O:13])([H:31])[C:11][C:20][O:21]1,EVODEX-P30236
EVODEX-N12212,[H][C:1]([C:2](=[O:3])[C:4])([H:22])[H:23]>>[H]OC([H])([H])[C@@]([H])(O[H])[C@@]([H])(O[H])[C@]1([H])O[C@:2]([O:3][H])([C:4])[C:1]([H:22])([H:23])[C@]([H])(O[H])[C@@]1([H])N([H])C(=O)C([H])([H])[H],EVODEX-P30237
EVODEX-N12213,[H]OC(=O)C([H])([H])[C@@](O[H])(C([H])([H])[H])[C:51]([C:49])([H:94])[H:95]>>[H][C:51]([C:49])([H:94])[H:95],EVODEX-P30238
EVODEX-N12214,[H]O[C@]1([H])[C@]([H])(OP(=O)(O[H])O[H])[C@@]([H])(C([H])([H])OP(=O)(O[H])OP(=O)(O[H])OC([H])([H])C(C([H])([H])[H])(C([H])([H])[H])[C@@]([H])(O[H])C(=O)N([H])C([H])([H])C([H])([H])C(=O)N([H])C([H])([H])C([H])([H])SC(=O)C([H])([H])[C@@:52]([C:53])([O:54][H])[C:55])O[C@@]1([H])N1:C([H]):N:C2:C(N([H])[H]):N:C([H]):N:C:2:1>>[C:52]([C:53])(=[O:54])[C:55],"EVODEX-P30240,EVODEX-P30267,EVODEX-P30278,EVODEX-P30283"
EVODEX-N12215,[H][C:1]([C:2])([H:14])[H:15].[C:8][C:9](=[O:10])[C:11]>>[H][O:10][C:9]([C:1]([C:2])([H:14])[H:15])([C:8])[C:11],"EVODEX-P30242,EVODEX-P30256,EVODEX-P30257,EVODEX-P30268,EVODEX-P30279"
EVODEX-N12216,[O:10]=[C:11]([C:12])[H:15]>>[H]OC(=O)C(=O)C([H])(C(=O)O[H])[C:11]([O:10][H])([C:12])[H:15],EVODEX-P30245
EVODEX-N12217,[H]OC(=O)[C@]([H])(O[H])[C@:2]([N:1])([C:3])[H:13]>>[H][C:2]([N:1])([C:3])[H:13],EVODEX-P30246
EVODEX-N12218,[H]OC(=O)C([H])(O[H])[C:6]([C:4])([H:13])[H:14]>>[H][C:6]([C:4])([H:13])[H:14],"EVODEX-P30249,EVODEX-P30261"
EVODEX-N12219,[H][C:1]([C:2])([H:12])[H:13]>>[H]OC(=O)C([H])(O[H])[C:1]([C:2])([H:12])[H:13],"EVODEX-P30254,EVODEX-P30264"
EVODEX-N12220,[H][C:7]([C:8])([H:15])[H:16]>>[H]OC(=O)[C@](O[H])(C([H])([H])[H])[C:7]([C:8])([H:15])[H:16],"EVODEX-P30258,EVODEX-P30269"
EVODEX-N12221,[O:52]=[C:53]([C:54])[H:95]>>[H]O[C@]1([H])[C@]([H])(OP(=O)(O[H])O[H])[C@@]([H])(C([H])([H])OP(=O)(O[H])OP(=O)(O[H])OC([H])([H])C(C([H])([H])[H])(C([H])([H])[H])[C@@]([H])(O[H])C(=O)N([H])C([H])([H])C([H])([H])C(=O)N([H])C([H])([H])C([H])([H])SC(=O)C([H])([H])[C@:53]([O:52][H])([C:54])[H:95])O[C@@]1([H])N1:C([H]):N:C2:C(N([H])[H]):N:C([H]):N:C:2:1,EVODEX-P30263
EVODEX-N12222,[C:1][C:2](=[O:3])[C:4]>>[H]O[C@]1([H])[C@]([H])(OP(=O)(O[H])O[H])[C@@]([H])(C([H])([H])OP(=O)(O[H])OP(=O)(O[H])OC([H])([H])C(C([H])([H])[H])(C([H])([H])[H])[C@@]([H])(O[H])C(=O)N([H])C([H])([H])C([H])([H])C(=O)N([H])C([H])([H])C([H])([H])SC(=O)C([H])([H])[C@:2]([C:1])([O:3][H])[C:4])O[C@@]1([H])N1:C([H]):N:C2:C(N([H])[H]):N:C([H]):N:C:2:1,"EVODEX-P30270,EVODEX-P30280"
EVODEX-N12223,[H]OC(=O)C([H])([H])[C@]([H])(C(=O)O[H])[C@@:2]([C:1])([O:3][H])[C:4]>>[C:1][C:2](=[O:3])[C:4],EVODEX-P30271
EVODEX-N12224,[H]OC(=O)[C@@](O[H])(C([H])([H])[H])[C@:7]([C:8])([C:12])[H:20]>>[H][C:7]([C:8])([C:12])[H:20],"EVODEX-P30273,EVODEX-P30274"
EVODEX-N12225,[H]OC(=O)[C@@]([H])(C([H])([H])[H])[C@@:6]([C:7])([O:8][H])[C:9]>>[C:6]([C:7])(=[O:8])[C:9],EVODEX-P30276
EVODEX-N12226,[H]OC1([C:51]([C:49])([H:94])[H:95])C([H])([H])C([H])([H])C([H])([H])C([H])([H])C1([H])[H]>>[H][C:51]([C:49])([H:94])[H:95],EVODEX-P30281
EVODEX-N12227,[H]OC(=O)[C@@]([H])(C([H])([H])[H])[N:3]([H:27])[H:28]>>[H]OC1:C(C([H])([H])[H]):N:C([H]):C(C([H])([H])OP(=O)(O[H])O[H]):C:1C([H])([H])[N:3]([H:27])[H:28],EVODEX-P30286
EVODEX-N12228,[H]OC1:C(C([H])([H])[H]):N:C([H]):C(C([H])([H])OP(=O)(O[H])O[H]):C:1C([H])=[O:20]>>[H]OC(=O)C(C([H])([H])[H])=[O:20],EVODEX-P30288
EVODEX-N12229,[H]OC(=O)C(C([H])([H])[H])=[O:3]>>[H]OC1:C(C([H])([H])[H]):N:C([H]):C(C([H])([H])OP(=O)(O[H])O[H]):C:1C([H])=[O:3],EVODEX-P30293
EVODEX-N12230,[H]OC1:C(C([H])([H])[H]):N:C([H]):C(C([H])([H])OP(=O)(O[H])O[H]):C:1C([H])([H])[N:20]([H:37])[H:38]>>[H]OC(=O)[C@@]([H])(C([H])([H])[H])[N:20]([H:37])[H:38],EVODEX-P30295
EVODEX-N12231,[H]OC([H])(C([H])([H])[H])[C:4]([C:5])([H:15])[H:16]>>[H][C:4]([C:5])([H:15])[H:16],EVODEX-P30298
EVODEX-N12232,[H][C:1]([C:2])([H:10])[H:11]>>[H]OC([H])(C([H])([H])[H])[C:1]([C:2])([H:10])[H:11],EVODEX-P30303
EVODEX-N12233,[H]OC(=O)C(O[C@:4]1([H:19])[C:5]([H:20])=[C:6]([C:7])[C:10]([H:22])=[C:11]([H:23])[C@@:12]1([H])[O:13])=C([H])[H]>>[C:4]1([H:19]):[C:5]([H:20]):[C:6]([C:7]):[C:10]([H:22]):[C:11]([H:23]):[C:12]:1[O:13],EVODEX-P30304
EVODEX-N12234,[H][C@:12]1([O:13])[C@@:4]([O:3][C:2](=[C:1]([H:17])[H:18])[C:14])([H:19])[C:5]([H:20])=[C:6]([C:7])[C:10]([H:22])=[C:11]1[H:23]>>[H][C:1]([C:2](=[O:3])[C:14])([H:17])[H:18].[C:4]1([H:19]):[C:5]([H:20]):[C:6]([C:7]):[C:10]([H:22]):[C:11]([H:23]):[C:12]:1[O:13],EVODEX-P30305
EVODEX-N12235,[H][C:2]([N:1])([C:3])[H:13]>>[H]OC(=O)C([H])(O[H])[C:2]([N:1])([C:3])[H:13],EVODEX-P30308
EVODEX-N12236,[H]O[C@@]([H])(C([H])([H])C([H])([H])[H])[C:5]([C:6])([H:18])[H:19]>>[H][C:5]([C:6])([H:18])[H:19],EVODEX-P30309
EVODEX-N12237,[H][C:1]([C:2])([H:11])[H:12]>>[H]O[C@@]([H])(C([H])([H])C([H])([H])[H])[C:1]([C:2])([H:11])[H:12],EVODEX-P30314
EVODEX-N12238,[H][C@:2]([N:1])([C:3])[C:6][O:7][H]>>[H][C:6][C:2]([C:3])=[O:7].[H][N:1],"EVODEX-P30315,EVODEX-P30849,EVODEX-P31171,EVODEX-P31210"
EVODEX-N12239,[H]N([H])[C@@:2]([H])([C:3])[C:6][O:7][H]>>[H][C:6][C:2]([C:3])=[O:7],"EVODEX-P30316,EVODEX-P30850,EVODEX-P31172,EVODEX-P31211"
EVODEX-N12240,[H]O[C:3]([C:2])([H:20])[H:21].[H][C:14](:[C:13]):[C:15]>>[C:2][C:3]([C:14](:[C:13]):[C:15])([H:20])[H:21],"EVODEX-P30318,EVODEX-P30323,EVODEX-P30328,EVODEX-P30384"
EVODEX-N12241,[H]O[C:3]([C:2])([H:20])[H:21]>>[H]C1:C([H]):C([H]):C2:C(:C:1[H]):C([C:3]([C:2])([H:20])[H:21]):C([H]):N:2[H],EVODEX-P30320
EVODEX-N12242,[H]O[C:3]([C:2])([H:18])[H:19]>>[H]OC1:C([H]):C([H]):C([C:3]([C:2])([H:18])[H:19]):C([H]):C:1[H],EVODEX-P30325
EVODEX-N12243,[H]O[C:3]([C:2])([H:19])[H:20]>>[H]OC1:C([H]):C([H]):C([C:3]([C:2])([H:19])[H:20]):C([H]):C:1O[H],EVODEX-P30330
EVODEX-N12244,>>[H]OC1:C([H]):C:C([H]):C([H]):C:1O[H].[H],EVODEX-P30331
EVODEX-N12245,[H]C1:C([H]):C([H]):C(C([H])([H])[C:5]([C:4]([H])([C:2])[H:17])([C:13])[H:19]):C([H]):C:1[H]>>[C:2]/[C:4](=[C:5](/[C:13])[H:19])[H:17],EVODEX-P30332
EVODEX-N12246,[H][C:4]([C:2])([C:5]([C:6])([C:13])[H:19])[H:17]>>[H][C:6].[C:2]/[C:4](=[C:5](/[C:13])[H:19])[H:17],EVODEX-P30333
EVODEX-N12247,[H]OC(=O)C([H])([H])C([H])(C(=O)O[H])[C:6]([C:7])([H:20])[H:21]>>[H][C:6]([C:7])([H:20])[H:21],EVODEX-P30334
EVODEX-N12248,[H][C:1]([C:2])([H:16])[H:17].[C:9]/[C:11](=[C:12](/[C:13])[H:26])[H:25]>>[H][C:11]([C:9])([C:12]([C:1]([C:2])([H:16])[H:17])([C:13])[H:26])[H:25],EVODEX-P30335
EVODEX-N12249,[C:9]/[C:11](=[C:12](/[C:13])[H:26])[H:25]>>[H]C1:C([H]):C([H]):C(C([H])([H])[C:12]([C:11]([H])([C:9])[H:25])([C:13])[H:26]):C([H]):C:1[H],EVODEX-P30336
EVODEX-N12250,[H][C:1]([C:2])([H:16])[H:17]>>[H]OC(=O)C([H])([H])C([H])(C(=O)O[H])[C:1]([C:2])([H:16])[H:17],EVODEX-P30337
EVODEX-N12251,[H][C:31]1([H:62])[C@@:2]([C:1])([C:3])[C:35](=[O:36])[N:34]([H:64])[C:32](=[O:33])[N:30]1[C:25]>>[C:1][C:2]1:[C:31]([H:62]):[N:30]([C:25]):[C:32](=[O:33]):[N:34]([H:64]):[C:35]:1=[O:36].[H][C:3],EVODEX-P30338
EVODEX-N12252,[H][O:3][C:2](=[O:1])[O:4]>>[O:1]=[C:2]=[O:3].[H][O:4],EVODEX-P30339
EVODEX-N12253,[H]O[C:2](=[O:1])[O:3][H]>>[O:1]=[C:2]=[O:3],EVODEX-P30340
EVODEX-N12254,[H]OC(=O)C([H])([H])[C@@]([H])(C(=O)O[H])[O:6][H:14]>>[H][O:6][H:14],EVODEX-P30343
EVODEX-N12255,[H][C:4]([C:2])([C@:5]([O:6])([C:7])[H:13])[H:11]>>[C:2]/[C:4](=[C:5](/[C:7])[H:13])[H:11].[H][O:6],"EVODEX-P30344,EVODEX-P30373,EVODEX-P30470,EVODEX-P30613,EVODEX-P30668,EVODEX-P30722,EVODEX-P30746,EVODEX-P30754,EVODEX-P30772,EVODEX-P30775,EVODEX-P30790,EVODEX-P30792,EVODEX-P31130"
EVODEX-N12256,[H]O[C@@:5]([C:4]([H])([C:2])[H:11])([C:7])[H:13]>>[C:2]/[C:4](=[C:5](/[C:7])[H:13])[H:11],"EVODEX-P30345,EVODEX-P30374,EVODEX-P30471,EVODEX-P30614,EVODEX-P30669,EVODEX-P30723,EVODEX-P30747,EVODEX-P30755,EVODEX-P30773,EVODEX-P30776,EVODEX-P30793"
EVODEX-N12257,[H][C:7]([C:5]([C:4])([O:6])[C:11])([C:8])[H:18]>>[C:4]/[C:5](=[C:7](/[C:8])[H:18])[C:11].[H][O:6],"EVODEX-P30346,EVODEX-P30359,EVODEX-P30376,EVODEX-P30416,EVODEX-P30485,EVODEX-P30592,EVODEX-P30781,EVODEX-P30784"
EVODEX-N12258,[H]O[C:5]([C:4])([C:7]([H])([C:8])[H:18])[C:11]>>[C:4]/[C:5](=[C:7](/[C:8])[H:18])[C:11],"EVODEX-P30347,EVODEX-P30360,EVODEX-P30377,EVODEX-P30417,EVODEX-P30486,EVODEX-P30593,EVODEX-P30782,EVODEX-P30785"
EVODEX-N12259,[C:3]/[C:5](=[C:6](/[C:7])[C:11])[H:15].[H][O:1][H:20]>>[H][C:5]([C:3])([C:6]([O:1][H:20])([C:7])[C:11])[H:15],"EVODEX-P30348,EVODEX-P30361,EVODEX-P30378,EVODEX-P30413,EVODEX-P30543,EVODEX-P30594,EVODEX-P30597,EVODEX-P30709,EVODEX-P30712"
EVODEX-N12260,[C:3]/[C:5](=[C:6](/[C:7])[C:11])[H:15]>>[H]O[C:6]([C:5]([H])([C:3])[H:15])([C:7])[C:11],"EVODEX-P30349,EVODEX-P30363,EVODEX-P30379,EVODEX-P30414,EVODEX-P30545,EVODEX-P30596,EVODEX-P30599,EVODEX-P30711,EVODEX-P30714"
EVODEX-N12261,[H]O[C@:6]([C@@:4]([H])([C:2])[O:5][H])([C:8])[H:17]>>[H][C:6]([C:4]([C:2])=[O:5])([C:8])[H:17],"EVODEX-P30351,EVODEX-P30371,EVODEX-P30382,EVODEX-P30410,EVODEX-P30426,EVODEX-P30542,EVODEX-P30562,EVODEX-P30632,EVODEX-P30758,EVODEX-P30767"
EVODEX-N12262,[H]OC(=O)C([H])(O[H])C(C([H])([H])[H])(C([H])([H])[H])[O:4][H:16]>>[H][O:4][H:16],EVODEX-P30352
EVODEX-N12263,[H]O[C:2]([C:1])([C:3])[C:5]([H])([O:6][H])[C:7]>>[H][C:2]([C:1])([C:3])[C:5](=[O:6])[C:7],"EVODEX-P30354,EVODEX-P30357"
EVODEX-N12264,[H]OC(=O)C([H])(O[H])C(C([H])([H])[H])(C([H])([H])C([H])([H])[H])[O:5][H:19]>>[H][O:5][H:19],EVODEX-P30355
EVODEX-N12265,[H]OC(=O)[C@]1([O:5][H:22])C([H])([H])C(=O)[C@@]([H])(O[H])[C@]([H])(O[H])C1([H])[H]>>[H][O:5][H:22],EVODEX-P30358
EVODEX-N12266,[H][O:1][H:22]>>[H]OC(=O)[C@]1([O:1][H:22])C([H])([H])C(=O)[C@@]([H])(O[H])[C@]([H])(O[H])C1([H])[H],EVODEX-P30362
EVODEX-N12267,[H]OC(=O)[C@]([H])(OP(=O)(O[H])O[H])C([H])([H])[O:6][H:16]>>[H][O:6][H:16],EVODEX-P30364
EVODEX-N12268,[H][C@:4]([C:2])([C:5]([O:6])([H:14])[H:15])[O:7]>>[C:2][C:4](=[C:5]([H:14])[H:15])[O:7].[H][O:6],EVODEX-P30365
EVODEX-N12269,[H]O[C:5]([C@:4]([H])([C:2])[O:7])([H:14])[H:15]>>[C:2][C:4](=[C:5]([H:14])[H:15])[O:7],EVODEX-P30366
EVODEX-N12270,[C:1](=[C:2]([O:3])[C:8])([H:12])[H:13].[H][O:11][H:17]>>[H][C@:2]([C:1]([O:11][H:17])([H:12])[H:13])([O:3])[C:8],EVODEX-P30367
EVODEX-N12271,[C:1](=[C:2]([O:3])[C:8])([H:12])[H:13]>>[H]O[C:1]([C@@:2]([H])([O:3])[C:8])([H:12])[H:13],EVODEX-P30368
EVODEX-N12272,[H]OC(=O)[C@]([H])(O[H])[C@]([H])([C@]([H])(O[H])[C@]([H])(O[H])C([H])([H])OP(=O)(O[H])O[H])[O:7][H:22]>>[H][O:7][H:22],EVODEX-P30369
EVODEX-N12273,[H]O[C@]1([H])[C@]([H])(OP(=O)(O[H])O[H])[C@@]([H])(C([H])([H])OP(=O)(O[H])OP(=O)(O[H])OC([H])([H])C(C([H])([H])[H])(C([H])([H])[H])[C@@]([H])(O[H])C(=O)N([H])C([H])([H])C([H])([H])C(=O)N([H])C([H])([H])C([H])([H])SC(=O)C([H])([H])[C@]([H])(C([H])([H])[H])[O:3][H:59])O[C@@]1([H])N1:C([H]):N:C2:C(N([H])[H]):N:C([H]):N:C:2:1>>[H][O:3][H:59],EVODEX-P30372
EVODEX-N12274,[H]OC(=O)C([H])([H])[C@@](C([H])([H])[H])(C([H])([H])C(=O)SC([H])([H])C([H])([H])N([H])C(=O)C([H])([H])C([H])([H])N([H])C(=O)[C@]([H])(O[H])C(C([H])([H])[H])(C([H])([H])[H])C([H])([H])OP(=O)(O[H])OP(=O)(O[H])OC([H])([H])[C@@]1([H])O[C@@]([H])(N2:C([H]):N:C3:C(N([H])[H]):N:C([H]):N:C:3:2)[C@]([H])(O[H])[C@]1([H])OP(=O)(O[H])O[H])[O:54][H:99]>>[H][O:54][H:99],EVODEX-P30375
EVODEX-N12275,[H]O[C@]([H])(C([H])([H])OP(=O)(O[H])O[H])[C@]([H])(C1:C([H]):N:C([H]):N:1[H])[O:10][H:23]>>[H][O:10][H:23],EVODEX-P30380
EVODEX-N12276,[H]O[C:3]([C:2])([H:30])[H:31]>>[H]OC([H])(C([H])([H])OC1:C([H]):N([H]):C2:C([H]):C([H]):C([C:3]([C:2])([H:30])[H:31]):C([H]):C:1:2)C([H])([H])OP(=O)(O[H])O[H],EVODEX-P30386
EVODEX-N12277,>>[H]OC([H])(C([H])([H])OC1:C([H]):N([H]):C2:C([H]):C([H]):C:C([H]):C:1:2)C([H])([H])OP(=O)(O[H])O[H].[H],EVODEX-P30387
EVODEX-N12278,[H][S:5][C:4]>>[H]OC(=O)[C@@]([H])(N([H])[H])C([H])([H])[S:5][C:4],"EVODEX-P30391,EVODEX-P31430,EVODEX-P31436"
EVODEX-N12279,[C:1](#[C:2][C:3])[H:7].[H][O:6][H]>>[H][C:2]([H])([C:1](=[O:6])[H:7])[C:3],EVODEX-P30397
EVODEX-N12280,[H][O:6][H]>>[H]OC(=O)C([H])([H])C([H])=[O:6],EVODEX-P30398
EVODEX-N12281,[C:1](#[C:2][C:3])[H:7]>>[H][C:2]([H])([C:1](=O)[H:7])[C:3],EVODEX-P30399
EVODEX-N12282,[H]OC([H])([H])C([H])(C([H])([H])[H])[O:3][H:10]>>[H][O:3][H:10],EVODEX-P30400
EVODEX-N12283,[H]O[C:2]([C:1])([C:4]([H])([O:5][H])[H:11])[H:9]>>[H][C:2]([C:1])([C:4](=[O:5])[H:11])[H:9],"EVODEX-P30402,EVODEX-P30407,EVODEX-P30430,EVODEX-P30796"
EVODEX-N12284,[H]OC([H])([H])C([H])([H])[O:1][H:5]>>[H][O:1][H:5],EVODEX-P30403
EVODEX-N12285,[H]O[C:2]([C:3]([H])([O:4][H])[H:8])([H:6])[H:7]>>[H][C:2]([C:3](=[O:4])[H:8])([H:6])[H:7],EVODEX-P30405
EVODEX-N12286,[H]OC(=O)[C@]([H])(O[H])[C@]([H])(C(=O)O[H])[O:7][H:15]>>[H][O:7][H:15],EVODEX-P30408
EVODEX-N12287,[H][C@:8]([C:4][C:2]([C:1])([C:3])[H:16])([O:9])[C:10]>>[H][C:4][C@@:8]([C:2]([C:1])([C:3])[H:16])([O:9])[C:10],EVODEX-P30411
EVODEX-N12288,[H][C:6]([C:4][C:2]([C:1])([C:3])[H:16])([C:7])[H:21]>>[H][C:4][C@:6]([C:2]([C:1])([C:3])[H:16])([C:7])[H:21],EVODEX-P30412
EVODEX-N12289,[H]OC(=O)C([H])([H])[C@](C(=O)O[H])(C([H])([H])[H])[O:3][H:14]>>[H][O:3][H:14],EVODEX-P30415
EVODEX-N12290,[H]OC(=O)C([H])([H])C([H])([H])[C@]([H])(C(=O)O[H])[C@]([H])(C(=O)O[H])[O:11][H:23]>>[H][O:11][H:23],EVODEX-P30418
EVODEX-N12291,[H][C@@:6]([C:5])([C:7])[C@@:10]([O:11])([C:12])[H:22]>>[C:5]/[C:6]([C:7])=[C:10](/[C:12])[H:22].[H][O:11],"EVODEX-P30419,EVODEX-P30601,EVODEX-P30653,EVODEX-P30740"
EVODEX-N12292,[H]O[C@:10]([C@:6]([H])([C:5])[C:7])([C:12])[H:22]>>[C:5]/[C:6]([C:7])=[C:10](/[C:12])[H:22],"EVODEX-P30420,EVODEX-P30602,EVODEX-P30654,EVODEX-P30741"
EVODEX-N12293,[C:3]/[C:5](=[C:6](/[C:7])[C:12])[H:16].[H][O:1][H:23]>>[H][C@@:6]([C@@:5]([O:1][H:23])([C:3])[H:16])([C:7])[C:12],"EVODEX-P30421,EVODEX-P30603,EVODEX-P30621,EVODEX-P30649,EVODEX-P30742"
EVODEX-N12294,[H][O:1][H:23]>>[H]OC(=O)C([H])([H])C([H])([H])[C@]([H])(C(=O)O[H])[C@]([H])(C(=O)O[H])[O:1][H:23],EVODEX-P30422
EVODEX-N12295,[C:3]/[C:5](=[C:6](/[C:7])[C:12])[H:16]>>[H]O[C@@:5]([C:3])([C@:6]([H])([C:7])[C:12])[H:16],"EVODEX-P30423,EVODEX-P30605,EVODEX-P30623,EVODEX-P30651,EVODEX-P30744"
EVODEX-N12296,[H]OC(=O)[C@]([H])(O[H])[C@@]([H])(O[H])[C@@]([H])([C@@]([H])(O[H])C(=O)O[H])[O:7][H:19]>>[H][O:7][H:19],EVODEX-P30424
EVODEX-N12297,[H]OC(=O)C(=O)C([H])([H])[C@]([H])(C([H])([H])O[H])[O:8][H:15]>>[H][O:8][H:15],EVODEX-P30428
EVODEX-N12298,[H]O[C@@]1([H])[C@]([H])(O[H])[C@@]([H])(O[H])C(=O)[C@@]([H])([O:4][H:14])[C@]1([H])O[H]>>[H][O:4][H:14],EVODEX-P30431
EVODEX-N12299,[H]O[C@:3]([C:2][C@@:11]([H])([C:9])[O:12][H])([C:5])[H:13]>>[H][C:3]([C:2][C:11]([C:9])=[O:12])([C:5])[H:13],EVODEX-P30433
EVODEX-N12300,[H]O[C@]1([H])[C@@]([H])(O[H])[C@@]([H])(OP(=O)(O[H])OP(=O)(O[H])OC([H])([H])[C@@]2([H])O[C@@]([H])(N3:C([H]):C([H]):C(N([H])[H]):N:C:3=O)[C@]([H])(O[H])[C@]2([H])O[H])O[C@]([H])(C([H])([H])[O:23][H:51])[C@@]1([H])O[H]>>[H][O:23][H:51],EVODEX-P30434
EVODEX-N12301,[H]O[C:22]([C:21][C@@:24]([H])([O:25][H])[C:26])([H:49])[H:50]>>[H][C:22]([C:21][C:24](=[O:25])[C:26])([H:49])[H:50],"EVODEX-P30436,EVODEX-P30442,EVODEX-P30444,EVODEX-P30447,EVODEX-P30657"
EVODEX-N12302,[H]O[C@@]1([H])[C@]([H])(O[H])[C@@]([H])(C([H])([H])[O:25][H:54])OC([H])(OP(=O)(O[H])OP(=O)(O[H])OC([H])([H])[C@@]2([H])O[C@@]([H])(N3:C([H]):C([H]):C(N([H])[H]):N:C:3=O)C([H])([H])[C@]2([H])O[H])[C@]1([H])O[H]>>[H][O:25][H:54],EVODEX-P30437
EVODEX-N12303,[H]O[C:24]([C:23])([H:52])[H:53].[H][C@:30]([C:21])([C:28])[O:31][H]>>[C:21][C:30]([C:28])=[O:31].[H][C:24]([C:23])([H:52])[H:53],EVODEX-P30439
EVODEX-N12304,[H]O[C@]1([H])[C@@]([H])(O[H])[C@@]([H])(OP(=O)(O[H])OP(=O)(O[H])OC([H])([H])[C@@]2([H])O[C@@]([H])(N3:C([H]):C(C([H])([H])[H]):C(=O):N([H]):C:3=O)C([H])([H])[C@]2([H])O[H])O[C@]([H])(C([H])([H])[O:24][H:55])[C@@]1([H])O[H]>>[H][O:24][H:55],EVODEX-P30440
EVODEX-N12305,[H]O[C@@]1([H])[C@]([H])(O[H])[C@@]([H])(C([H])([H])[O:26][H:53])O[C@]([H])(OP(=O)(O[H])OP(=O)(O[H])OC([H])([H])[C@@]2([H])O[C@@]([H])(N3:C([H]):N:C4:C(=O):N([H]):C(N([H])[H]):N:C:4:3)[C@]([H])(O[H])[C@]2([H])O[H])[C@@]1([H])O[H]>>[H][O:26][H:53],EVODEX-P30445
EVODEX-N12306,[H]O[C:3]([C:2])([H:16])[H:17].[H][N:11](:[N:10]):[C:12]>>[C:2][C:3]([N:11](:[N:10]):[C:12])([H:16])[H:17],EVODEX-P30451
EVODEX-N12307,[H]O[C:3]([C:2])([H:16])[H:17]>>[H]C1:N:N([C:3]([C:2])([H:16])[H:17]):C([H]):C:1[H],EVODEX-P30452
EVODEX-N12308,[H]OC(=O)C(=O)C([H])([H])[C@]1(C(=O)O[H])C([H])=C([H])[C@@]([H])([O:14][H:24])C([H])=C1[H]>>[H][O:14][H:24],EVODEX-P30454
EVODEX-N12309,[H]OC(=O)C(=O)C([H])([H])[C@]1([C:8](=[O:9])[O:10][H])C([H])=C([H])[C@@]([H])([O:14][H:24])C([H])=C1[H]>>[C:8](=[O:9])=[O:10].[H][O:14][H:24],EVODEX-P30455
EVODEX-N12310,[H]OC(=O)[C@@:7]1([C:6])[C:11]([H:21])=[C:12]([H:22])[C@:13]([O:14])([H:23])[C:15]([H:25])=[C:16]1[H:26]>>[C:6][C:7]1:[C:11]([H:21]):[C:12]([H:22]):[C:13]([H:23]):[C:15]([H:25]):[C:16]:1[H:26].[H][O:14],"EVODEX-P30456,EVODEX-P30462"
EVODEX-N12311,[H]OC(=O)[C@@:7]1([C:6])[C:11]([H:21])=[C:12]([H:22])[C@:13](O[H])([H:23])[C:15]([H:25])=[C:16]1[H:26]>>[C:6][C:7]1:[C:11]([H:21]):[C:12]([H:22]):[C:13]([H:23]):[C:15]([H:25]):[C:16]:1[H:26],"EVODEX-P30457,EVODEX-P30463"
EVODEX-N12312,[H][O:10][C:8]([C@@:7]1([C:6])[C:11]([H:21])=[C:12]([H:22])[C@:13]([O:14])([H:23])[C:15]([H:25])=[C:16]1[H:26])=[O:9]>>[C:8](=[O:9])=[O:10].[C:6][C:7]1:[C:11]([H:21]):[C:12]([H:22]):[C:13]([H:23]):[C:15]([H:25]):[C:16]:1[H:26].[H][O:14],"EVODEX-P30458,EVODEX-P30464"
EVODEX-N12313,[H]O[C@:13]1([H:23])[C:12]([H:22])=[C:11]([H:21])[C@:7]([C:6])([C:8](=[O:9])[O:10][H])[C:16]([H:26])=[C:15]1[H:25]>>[C:8](=[O:9])=[O:10].[C:6][C:7]1:[C:11]([H:21]):[C:12]([H:22]):[C:13]([H:23]):[C:15]([H:25]):[C:16]:1[H:26],"EVODEX-P30459,EVODEX-P30465"
EVODEX-N12314,[H]OC(=O)C1(C([H])([H])[C@@]([H])(C(=O)O[H])N([H])[H])C([H])=C([H])C([H])([O:11][H:26])C([H])=C1[H]>>[H][O:11][H:26],EVODEX-P30460
EVODEX-N12315,[H]OC(=O)[C@@]([H])(N([H])[H])C([H])([H])C1([C:5](=[O:6])[O:7][H])C([H])=C([H])C([H])([O:11][H:26])C([H])=C1[H]>>[C:5](=[O:6])=[O:7].[H][O:11][H:26],EVODEX-P30461
EVODEX-N12316,[H][O:21][H:56]>>[H]OC(=O)C([H])([H])C([H])([H])C([H])([H])C([H])([H])C([H])([H])C([H])([H])C([H])([H])[C@@]([H])(C([H])([H])C([H])([H])C([H])([H])C([H])([H])C([H])([H])C([H])([H])C([H])([H])C([H])([H])C([H])([H])[H])[O:21][H:56],EVODEX-P30467
EVODEX-N12317,[H]OC(=O)C([H])([H])C([H])([H])C([H])([H])C([H])([H])C([H])([H])C([H])([H])C([H])([H])[C@@]([H])(C([H])([H])C([H])([H])C([H])([H])C([H])([H])C([H])([H])C([H])([H])C([H])([H])C([H])([H])C([H])([H])[H])[O:11][H:42]>>[H][O:11][H:42],EVODEX-P30469
EVODEX-N12318,[H]O[C@]1([H])[C@]([H])(OP(=O)(O[H])O[H])[C@@]([H])(C([H])([H])OP(=O)(O[H])OP(=O)(O[H])OC([H])([H])C(C([H])([H])[H])(C([H])([H])[H])[C@@]([H])(O[H])C(=O)N([H])C([H])([H])C([H])([H])C(=O)N([H])C([H])([H])C([H])([H])SC(=O)[C@@]([H])(C([H])([H])[H])[O:3][H:58])O[C@@]1([H])N1:C([H]):N:C2:C(N([H])[H]):N:C([H]):N:C:2:1>>[H][O:3][H:58],EVODEX-P30472
EVODEX-N12319,[H][C:1]([C@@:2]([O:3])([C:4])[H:57])([H:54])[H:55]>>[C:1](=[C:2]([C:4])[H:57])([H:54])[H:55].[H][O:3],"EVODEX-P30473,EVODEX-P30535"
EVODEX-N12320,[H]O[C@:2]([C:1]([H])([H:54])[H:55])([C:4])[H:57]>>[C:1](=[C:2]([C:4])[H:57])([H:54])[H:55],"EVODEX-P30474,EVODEX-P30536"
EVODEX-N12321,[C:1](=[C:2]([C:3])[H:56])([H:54])[H:55].[H][O:53][H:92]>>[H][C:1]([C@:2]([C:3])([O:53][H:92])[H:56])([H:54])[H:55],EVODEX-P30475
EVODEX-N12322,[H][O:53][H:92]>>[H]O[C@]1([H])[C@]([H])(OP(=O)(O[H])O[H])[C@@]([H])(C([H])([H])OP(=O)(O[H])OP(=O)(O[H])OC([H])([H])C(C([H])([H])[H])(C([H])([H])[H])[C@@]([H])(O[H])C(=O)N([H])C([H])([H])C([H])([H])C(=O)N([H])C([H])([H])C([H])([H])SC(=O)[C@@]([H])(C([H])([H])[H])[O:53][H:92])O[C@@]1([H])N1:C([H]):N:C2:C(N([H])[H]):N:C([H]):N:C:2:1,EVODEX-P30476
EVODEX-N12323,[C:1](=[C:2]([C:3])[H:56])([H:54])[H:55]>>[H]O[C@:2]([C:1]([H])([H:54])[H:55])([C:3])[H:56],EVODEX-P30477
EVODEX-N12324,[C:1](=[C:2]([C:3])[C:54])([H:58])[H:59].[H][O:57][H:98]>>[H][C:1]([C@:2]([C:3])([C:54])[O:57][H:98])([H:58])[H:59],"EVODEX-P30478,EVODEX-P30702"
EVODEX-N12325,[H][O:57][H:98]>>[H]OC(=O)[C@](C([H])([H])[H])(C([H])([H])C(=O)SC([H])([H])C([H])([H])N([H])C(=O)C([H])([H])C([H])([H])N([H])C(=O)[C@]([H])(O[H])C(C([H])([H])[H])(C([H])([H])[H])C([H])([H])OP(=O)(O[H])OP(=O)(O[H])OC([H])([H])[C@@]1([H])O[C@@]([H])(N2:C([H]):N:C3:C(N([H])[H]):N:C([H]):N:C:3:2)[C@]([H])(O[H])[C@]1([H])OP(=O)(O[H])O[H])[O:57][H:98],EVODEX-P30479
EVODEX-N12326,[C:1](=[C:2]([C:3])[C:54])([H:58])[H:59]>>[H]O[C@@:2]([C:1]([H])([H:58])[H:59])([C:3])[C:54],"EVODEX-P30480,EVODEX-P30703"
EVODEX-N12327,[H]OC(=O)[C@](C([H])([H])[H])(C([H])([H])C(=O)SC([H])([H])C([H])([H])N([H])C(=O)C([H])([H])C([H])([H])N([H])C(=O)[C@]([H])(O[H])C(C([H])([H])[H])(C([H])([H])[H])C([H])([H])OP(=O)(O[H])OP(=O)(O[H])OC([H])([H])[C@@]1([H])O[C@@]([H])(N2:C([H]):N:C3:C(N([H])[H]):N:C([H]):N:C:3:2)[C@]([H])(O[H])[C@]1([H])OP(=O)(O[H])O[H])[O:54][H:98]>>[H][O:54][H:98],EVODEX-P30481
EVODEX-N12328,[H][C:53]([C@@:52]([C:51])([O:54])[C:55])([H:95])[H:96]>>[C:51][C:52](=[C:53]([H:95])[H:96])[C:55].[H][O:54],"EVODEX-P30482,EVODEX-P30705,EVODEX-P31012,EVODEX-P31039"
EVODEX-N12329,[H]O[C@:52]([C:51])([C:53]([H])([H:95])[H:96])[C:55]>>[C:51][C:52](=[C:53]([H:95])[H:96])[C:55],"EVODEX-P30483,EVODEX-P30706"
EVODEX-N12330,[H]O[C@@]1([H])C([H])([H])C([H])([H])[C@@]2(C([H])([H])[H])[C@@]([O:18][H:57])(C([H])([H])C([H])=C3[C@]4([H])C([H])([H])C([H])([H])[C@]([H])([C@@]([H])(C([H])=C([H])[C@]([H])(C([H])([H])[H])C([H])(C([H])([H])[H])C([H])([H])[H])C([H])([H])[H])[C@@]4(C([H])([H])[H])C([H])([H])C([H])([H])[C@@]32[H])C1([H])[H]>>[H][O:18][H:57],EVODEX-P30484
EVODEX-N12331,[H][O:9][H]>>[H]OC(=O)[C@@]([H])(N([H])[H])C([H])([H])C(N([H])[H])=[O:9],EVODEX-P30488
EVODEX-N12332,[C:1](#[N:2])[H:4].[H][O:3][H]>>[H][N:2]([H])[C:1](=[O:3])[H:4],EVODEX-P30490
EVODEX-N12333,[C:1](#[N:2])[H:4]>>[H][N:2]([H])[C:1](=O)[H:4],EVODEX-P30491
EVODEX-N12334,[H]C(N([H])[H])=[O:3]>>[H][O:3][H],EVODEX-P30492
EVODEX-N12335,[H][N:1]([H])[C:2](=[O:3])[H:6]>>[N:1]#[C:2][H:6].[H][O:3][H],EVODEX-P30493
EVODEX-N12336,[H][N:1]([H])[C:2](=O)[H:6]>>[N:1]#[C:2][H:6],EVODEX-P30494
EVODEX-N12337,[H]O[C@@]1([H])[C@@]([H])(O[H])C([H])([O:10][H:33])O[C@]1([H])C([H])([H])OP(=O)(O[H])O[H]>>[H][O:10][H:33],EVODEX-P30498
EVODEX-N12338,[H][C:17](:[C:16]):[C:18].[H]O[C:9]([O:8])([C:11])[H:32]>>[O:8][C@:9]([C:11])([C:17](:[C:16]):[C:18])[H:32],EVODEX-P30499
EVODEX-N12339,[H]O[C:9]([O:8])([C:11])[H:32]>>[H]C1:C([C@:9]([O:8])([C:11])[H:32]):C(=O):N([H]):C(=O):N:1[H],EVODEX-P30500
EVODEX-N12340,[H][C:17](:[C:16]):[C:18]>>[H]O[C@@]1([H])[C@@]([H])(O[H])[C@]([H])([C:17](:[C:16]):[C:18])O[C@]1([H])C([H])([H])OP(=O)(O[H])O[H],EVODEX-P30501
EVODEX-N12341,[H]C1:C([C@:7]([O:8])([C:18])[H:25]):C(=O):N([H]):C(=O):N:1[H].[H][O:1][H:36]>>[O:1]([C:7]([O:8])([C:18])[H:25])[H:36],EVODEX-P30504
EVODEX-N12342,[H]C1:C([C@:7]([O:8])([C:18])[H:25]):C(=O):N([H]):C(=O):N:1[H]>>[H]O[C:7]([O:8])([C:18])[H:25],EVODEX-P30505
EVODEX-N12343,[H]O[C@@]1([H])[C@@]([H])(O[H])[C@]([H])([C:6](:[C:5]):[C:20])O[C@]1([H])C([H])([H])OP(=O)(O[H])O[H]>>[H][C:6](:[C:5]):[C:20],EVODEX-P30506
EVODEX-N12344,[H][O:56][H:101]>>[H]O[C@]1([H])[C@]([H])(OP(=O)(O[H])O[H])[C@@]([H])(C([H])([H])OP(=O)(O[H])OP(=O)(O[H])OC([H])([H])C(C([H])([H])[H])(C([H])([H])[H])[C@@]([H])(O[H])C(=O)N([H])C([H])([H])C([H])([H])C(=O)N([H])C([H])([H])C([H])([H])SC(=O)C([H])([H])[C@@]([H])(C([H])([H])C([H])([H])C([H])([H])[H])[O:56][H:101])O[C@@]1([H])N1:C([H]):N:C2:C(N([H])[H]):N:C([H]):N:C:2:1,EVODEX-P30509
EVODEX-N12345,[H][O:58][H:107]>>[H]O[C@]1([H])[C@]([H])(OP(=O)(O[H])O[H])[C@@]([H])(C([H])([H])OP(=O)(O[H])OP(=O)(O[H])OC([H])([H])C(C([H])([H])[H])(C([H])([H])[H])[C@@]([H])(O[H])C(=O)N([H])C([H])([H])C([H])([H])C(=O)N([H])C([H])([H])C([H])([H])SC(=O)C([H])([H])[C@@]([H])(C([H])([H])C([H])([H])C([H])([H])C([H])([H])C([H])([H])[H])[O:58][H:107])O[C@@]1([H])N1:C([H]):N:C2:C(N([H])[H]):N:C([H]):N:C:2:1,EVODEX-P30512
EVODEX-N12346,[H]OC(=O)[C@@]1([H])N([H])C([H])([H])C([H])([H])[C@]1([H])[O:9][H:18]>>[H][O:9][H:18],EVODEX-P30514
EVODEX-N12347,[H]O[C@:8]1([H:17])[C@@:4]([H])([C:2])[N:5]([H])[C:6][C:7]1>>[H][C:8]1([H:17])[C:4]([C:2])=[N:5][C:6][C:7]1,EVODEX-P30516
EVODEX-N12348,[H][C:5](:[C:4]):[C:6].[H][N:1]([C:2])[H:22].[O:12]=[C:13]([C:14])[H:33]>>[N:1]([C:2])([C@:13]([C:5](:[C:4]):[C:6])([C:14])[H:33])[H:22].[H][O:12][H],"EVODEX-P30517,EVODEX-P30523,EVODEX-P31273"
EVODEX-N12349,[H]OC1:C([H]):C([H]):C(C([H])([H])C([H])=[O:12]):C([H]):C:1[H]>>[H][O:12][H],EVODEX-P30518
EVODEX-N12350,[H][C:5](:[C:4]):[C:6].[H][N:1]([C:2])[H:22].O=[C:13]([C:14])[H:33]>>[N:1]([C:2])([C@:13]([C:5](:[C:4]):[C:6])([C:14])[H:33])[H:22],"EVODEX-P30519,EVODEX-P30525,EVODEX-P31274"
EVODEX-N12351,O=[C:13]([C:14])[H:33]>>[H]OC1:C([H]):C2:C(:C([H]):C:1O[H])[C@@:13]([C:14])([H:33])N([H])C([H])([H])C2([H])[H],"EVODEX-P30520,EVODEX-P30527,EVODEX-P31276"
EVODEX-N12352,[H][C:5](:[C:4]):[C:6].[H][N:1]([C:2])[H:22]>>[H]OC1:C([H]):C([H]):C(C([H])([H])[C@]([H])([N:1]([C:2])[H:22])[C:5](:[C:4]):[C:6]):C([H]):C:1[H],EVODEX-P30521
EVODEX-N12353,[O:12]=[C:13]([C:14])[H:33]>>[H]OC1:C([H]):C2:C(:C([H]):C:1O[H])[C@@:13]([C:14])([H:33])N([H])C([H])([H])C2([H])[H].[H][O:12][H],"EVODEX-P30522,EVODEX-P30528,EVODEX-P31277"
EVODEX-N12354,[H]C(C([H])([H])C1:C([H]):C([H]):C(OC([H])([H])[H]):C([H]):C:1[H])=[O:9]>>[H][O:9][H],EVODEX-P30524
EVODEX-N12355,[H][C:16](:[C:15]):[C:17].[H][N:12]([C:13])[H:33]>>[H]C1:C([H]):C(C([H])([H])C([H])([N:12]([C:13])[H:33])[C:16](:[C:15]):[C:17]):C([H]):C([H]):C:1OC([H])([H])[H],EVODEX-P30526
EVODEX-N12356,[H]OC(=O)C([H])([H])[C@@](C(=O)O[H])([C@@]([H])(C(=O)O[H])C([H])([H])[H])[O:7][H:20]>>[H][O:7][H:20],EVODEX-P30529
EVODEX-N12357,[H][C@@:2]([C:1])([C:3])[C@@:6]([O:7])([C:8])[C:12]>>[C:1]/[C:2]([C:3])=[C:6](\[C:8])[C:12].[H][O:7],"EVODEX-P30530,EVODEX-P30556,EVODEX-P30607"
EVODEX-N12358,[H]O[C@:6]([C@:2]([H])([C:1])[C:3])([C:8])[C:12]>>[C:1]/[C:2]([C:3])=[C:6](\[C:8])[C:12],"EVODEX-P30531,EVODEX-P30557,EVODEX-P30608"
EVODEX-N12359,[C:1]/[C:2]([C:3])=[C:6](\[C:7])[C:11].[H][O:14][H:23]>>[H][C@@:2]([C:1])([C:3])[C@@:6]([C:7])([C:11])[O:14][H:23],"EVODEX-P30532,EVODEX-P30552"
EVODEX-N12360,[C:1]/[C:2]([C:3])=[C:6](\[C:7])[C:11]>>[H]O[C@:6]([C@:2]([H])([C:1])[C:3])([C:7])[C:11],"EVODEX-P30533,EVODEX-P30554"
EVODEX-N12361,[H]OC(=O)C(=O)C([H])([H])C([H])(C([H])([H])[H])[O:3][H:14]>>[H][O:3][H:14],EVODEX-P30534
EVODEX-N12362,[H][O:6]/[C:5](=[C:4]([C:3](=[C:2](\[C:1])[H:14])/[H:15])\[H:16])[C:7].[H][O:10][H:19]>>[H][C:2]([C:1])([C@@:3]([C:4]([H])([C:5](=[O:6])[C:7])[H:16])([O:10][H:19])[H:15])[H:14],EVODEX-P30537
EVODEX-N12363,[H][O:10][H:19]>>[H]OC(=O)C(=O)C([H])([H])[C@]([H])(C([H])([H])C([H])([H])[H])[O:10][H:19],EVODEX-P30538
EVODEX-N12364,[H][O:6]/[C:5](=[C:4]([C:3](=[C:2](\[C:1])[H:14])/[H:15])\[H:16])[C:7]>>[H]O[C@@:3]([C:2]([H])([C:1])[H:14])([C:4]([H])([C:5](=[O:6])[C:7])[H:16])[H:15],EVODEX-P30539
EVODEX-N12365,[H]OC(=O)[C@]([H])(O[H])[C@]([H])([C@]([H])(O[H])C([H])([H])O[H])[O:7][H:16]>>[H][O:7][H:16],EVODEX-P30540
EVODEX-N12366,[H][O:1][H:22]>>[H]OC(=O)C(=O)C([H])([H])C(C(=O)O[H])(C([H])([H])C(=O)O[H])[O:1][H:22],EVODEX-P30544
EVODEX-N12367,[H][O:9][H]>>[H]N([H])C(C(N([H])[H])(C([H])([H])[H])C([H])(C([H])([H])[H])C([H])([H])[H])=[O:9],EVODEX-P30547
EVODEX-N12368,[H]N([H])C(C(N([H])[H])(C([H])([H])[H])C([H])(C([H])([H])[H])C([H])([H])[H])=[O:9]>>[H][O:9][H],EVODEX-P30549
EVODEX-N12369,[H][N:8]([H])[C:7]([C:4])=[O:9]>>[C:4][C:7]#[N:8].[H][O:9][H],EVODEX-P30550
EVODEX-N12370,[H][N:8]([H])[C:7](=O)[C:4]>>[C:4][C:7]#[N:8],EVODEX-P30551
EVODEX-N12371,[H][O:11][H:20]>>[H]OC(=O)[C@@]([H])(C([H])([H])[H])[C@@](C(=O)O[H])(C([H])([H])[H])[O:11][H:20],EVODEX-P30553
EVODEX-N12372,[H]OC(=O)[C@@]([H])(C([H])([H])[H])[C@@](C(=O)O[H])(C([H])([H])[H])[O:8][H:20]>>[H][O:8][H:20],EVODEX-P30555
EVODEX-N12373,[H]N(C([H])([H])[H])[C:3]([H])([C:4][O:5][H])[H:17]>>[H][C:4][C:3](=[O:5])[H:17],EVODEX-P30558
EVODEX-N12374,[H][C:3]([N:2])([C:4][O:5][H])[H:17]>>[H][N:2].[H][C:4][C:3](=[O:5])[H:17],EVODEX-P30559
EVODEX-N12375,[H]OC1:C([H]):C([H]):C(C([H])(O[H])C([H])([H])[N:2]([C:1])[H:16]):C([H]):C:1[H]>>[H][N:2]([C:1])[H:16],EVODEX-P30560
EVODEX-N12376,[H]OC(=O)C([H])([H])C([H])([H])C([H])([H])C([H])([H])C([H])([H])C([H])([H])C([H])([H])/C([H])=C([H])\C([H])=C(/[H])[C@@]([H])(O[O:22][H:54])C([H])([H])C([H])([H])C([H])([H])C([H])([H])C([H])([H])[H]>>[H][O:22][H:54],EVODEX-P30563
EVODEX-N12377,[H][C:7]([C:6][O:21][O:22])=[C:8]>>[C:6]1[C:7](=[C:8])[O:21]1.[H][O:22],"EVODEX-P30564,EVODEX-P30567"
EVODEX-N12378,[H]O[O:21][C:6][C:7]([H])=[C:8]>>[C:6]1[C:7](=[C:8])[O:21]1,"EVODEX-P30565,EVODEX-P30568"
EVODEX-N12379,[H]OC(=O)C([H])([H])C([H])([H])C([H])([H])C([H])([H])C([H])([H])C([H])([H])C([H])([H])[C@@]([H])(O[O:22][H:52])/C([H])=C([H])/C([H])=C(/[H])C([H])([H])/C([H])=C(/[H])C([H])([H])C([H])([H])[H]>>[H][O:22][H:52],EVODEX-P30566
EVODEX-N12380,[H]O[C@:42]([N:6])([C:44]([H])([C:45])[H:104])[H:102]>>[N:6][C:42](=[C:44]([C:45])[H:104])[H:102],"EVODEX-P30569,EVODEX-P30577"
EVODEX-N12381,[H][C:44]([C@@:42]([N:6])([O:43])[H:102])([C:45])[H:104]>>[N:6][C:42](=[C:44]([C:45])[H:104])[H:102].[H]O[C@@]1([H])[C@@]([H])(O[H])[C@]([H])(N2:C([H]):N:C3:C(N([H])[H]):N:C([H]):N:C:3:2)O[C@]1([H])C([H])([H])OP(=O)(O[H])OP(=O)(O[H])[O:43],"EVODEX-P30570,EVODEX-P30578"
EVODEX-N12382,[H][C:44]([C@@:42]([N:6])([O:43][H:103])[H:102])([C:45])[H:104].[O:64][P:65](=[O:66])([O:67])[O:68]>>[N:6][C:42](=[C:44]([C:45])[H:104])[H:102].[O:43]([P:65]([O:64])(=[O:66])[O:67])[H:103].[H][O:68],"EVODEX-P30571,EVODEX-P30579"
EVODEX-N12383,[H][C:44]([C@@:42]([N:6])([O:43][H:103])[H:102])([C:45])[H:104].[H]OP(=O)(O[H])O[P:65]([O:64])(=[O:66])[O:67]>>[N:6][C:42](=[C:44]([C:45])[H:104])[H:102].[O:43]([P:65]([O:64])(=[O:66])[O:67])[H:103],"EVODEX-P30572,EVODEX-P30580"
EVODEX-N12384,[H]O[C@:42]([N:6])([C:44]([H])([C:45])[H:104])[H:102].[H]O[C@@]1([H])[C@@]([H])(O[H])[C@]([H])(N2:C([H]):N:C3:C(N([H])[H]):N:C([H]):N:C:3:2)O[C@]1([H])C([H])([H])OP(=O)(O[H])OP(=O)(O[H])[O:68][P:69]>>[N:6][C:42](=[C:44]([C:45])[H:104])[H:102].[H][O:68][P:69],"EVODEX-P30573,EVODEX-P30581"
EVODEX-N12385,[H]O[C@@]1([H])[C@@]([H])(O[H])[C@]([H])(N2C([H])=C(C(=O)N([H])[H])C([H])([H])C([H])([H])[C@]2([H])[O:43][H:103])O[C@]1([H])C([H])([H])OP(=O)(O[H])OP(=O)(O[H])OC([H])([H])[C@@]1([H])O[C@@]([H])(N2:C([H]):N:C3:C(N([H])[H]):N:C([H]):N:C:3:2)[C@]([H])(O[H])[C@]1([H])O[H]>>[H]O[C@@]1([H])[C@@]([H])(O[H])[C@]([H])(N2:C([H]):N:C3:C(N([H])[H]):N:C([H]):N:C:3:2)O[C@]1([H])C([H])([H])OP(=O)(O[H])OP(=O)(O[H])[O:43][H:103],EVODEX-P30574
EVODEX-N12386,[H]O[C@@]1([H])[C@@]([H])(O[H])[C@]([H])(N2C([H])=C(C(=O)N([H])[H])C([H])([H])C([H])([H])[C@]2([H])[O:43][H:103])O[C@]1([H])C([H])([H])OP(=O)(O[H])OP(=O)(O[H])OC([H])([H])[C@@]1([H])O[C@@]([H])(N2:C([H]):N:C3:C(N([H])[H]):N:C([H]):N:C:3:2)[C@]([H])(O[H])[C@]1([H])O[H].[O:64][P:65](=[O:66])([O:67])[O:68]>>[O:43]([P:65]([O:64])(=[O:66])[O:67])[H:103].[H][O:68],EVODEX-P30575
EVODEX-N12387,[H]O[C@@]1([H])[C@@]([H])(O[H])[C@]([H])(N2C([H])=C(C(=O)N([H])[H])C([H])([H])C([H])([H])[C@]2([H])[O:43][H:103])O[C@]1([H])C([H])([H])OP(=O)(O[H])OP(=O)(O[H])OC([H])([H])[C@@]1([H])O[C@@]([H])(N2:C([H]):N:C3:C(N([H])[H]):N:C([H]):N:C:3:2)[C@]([H])(O[H])[C@]1([H])O[H].[H]OP(=O)(O[H])O[P:65]([O:64])(=[O:66])[O:67]>>[O:43]([P:65]([O:64])(=[O:66])[O:67])[H:103],EVODEX-P30576
EVODEX-N12388,[H]O[C@@]1([H])[C@@]([H])(O[H])[C@]([H])(N2C([H])=C(C(=O)N([H])[H])C([H])([H])C([H])([H])[C@]2([H])[O:47][H:108])O[C@]1([H])C([H])([H])OP(=O)(O[H])OP(=O)(O[H])OC([H])([H])[C@@]1([H])O[C@@]([H])(N2:C([H]):N:C3:C(N([H])[H]):N:C([H]):N:C:3:2)[C@]([H])(OP(=O)(O[H])O[H])[C@]1([H])O[H]>>[H]O[C@@]1([H])[C@@]([H])(O[H])[C@]([H])(N2:C([H]):N:C3:C(N([H])[H]):N:C([H]):N:C:3:2)O[C@]1([H])C([H])([H])OP(=O)(O[H])OP(=O)(O[H])[O:47][H:108],EVODEX-P30582
EVODEX-N12389,[H]O[C@@]1([H])[C@@]([H])(O[H])[C@]([H])(N2C([H])=C(C(=O)N([H])[H])C([H])([H])C([H])([H])[C@]2([H])[O:47][H:108])O[C@]1([H])C([H])([H])OP(=O)(O[H])OP(=O)(O[H])OC([H])([H])[C@@]1([H])O[C@@]([H])(N2:C([H]):N:C3:C(N([H])[H]):N:C([H]):N:C:3:2)[C@]([H])(OP(=O)(O[H])O[H])[C@]1([H])O[H].[O:68][P:69](=[O:70])([O:71])[O:72]>>[O:47]([P:69]([O:68])(=[O:70])[O:71])[H:108].[H][O:72],EVODEX-P30583
EVODEX-N12390,[H]O[C@@]1([H])[C@@]([H])(O[H])[C@]([H])(N2C([H])=C(C(=O)N([H])[H])C([H])([H])C([H])([H])[C@]2([H])[O:47][H:108])O[C@]1([H])C([H])([H])OP(=O)(O[H])OP(=O)(O[H])OC([H])([H])[C@@]1([H])O[C@@]([H])(N2:C([H]):N:C3:C(N([H])[H]):N:C([H]):N:C:3:2)[C@]([H])(OP(=O)(O[H])O[H])[C@]1([H])O[H].[H]OP(=O)(O[H])O[P:69]([O:68])(=[O:70])[O:71]>>[O:47]([P:69]([O:68])(=[O:70])[O:71])[H:108],EVODEX-P30584
EVODEX-N12391,[H]O[C@@:4]1([H:23])[C:3]([H])([H:15])[C:2](=[O:1])[C:14](:[C:12]):[C:7](:[C:8])[C:6]1([H])[H:21]>>[H][O:1][C:2]1:[C:3]([H:15]):[C:4]([H:23]):[C:6]([H:21]):[C:7](:[C:8]):[C:14]:1:[C:12],EVODEX-P30585
EVODEX-N12392,[H][C:3]1([H:15])[C:2](=[O:1])[C:14](:[C:12]):[C:7](:[C:8])[C:6]([H])([H:21])[C@:4]1([O:5])[H:23]>>[H][O:5].[H][O:1][C:2]1:[C:3]([H:15]):[C:4]([H:23]):[C:6]([H:21]):[C:7](:[C:8]):[C:14]:1:[C:12],EVODEX-P30586
EVODEX-N12393,[H]OC1:C([H]):C(O[H]):C2:C(:C:1[H])C([H])([H])[C@@]([H])([O:5][H:24])C([H])([H])C2=O>>[H][O:5][H:24],EVODEX-P30587
EVODEX-N12394,[H][O:1][H:15].[H][O:9][C:8]1:[C:7](:[C:5]):[C:13](:[C:14]):[C:12]([H:23]):[C:11]([H:22]):[C:10]:1[H:21]>>[H][C:10]1([H:21])[C:8](=[O:9])[C:7](:[C:5]):[C:13](:[C:14])[C:12]([H])([H:23])[C@:11]1([O:1][H:15])[H:22],EVODEX-P30588
EVODEX-N12395,[H][O:9][C:8]1:[C:7](:[C:5]):[C:13](:[C:14]):[C:12]([H:23]):[C:11]([H:22]):[C:10]:1[H:21]>>[H]O[C@@:11]1([H:22])[C:10]([H])([H:21])[C:8](=[O:9])[C:7](:[C:5]):[C:13](:[C:14])[C:12]1([H])[H:23],EVODEX-P30589
EVODEX-N12396,[H][O:1][H:15]>>[H]OC1:C([H]):C(O[H]):C2:C(:C:1[H])C([H])([H])[C@@]([H])([O:1][H:15])C([H])([H])C2=O,EVODEX-P30590
EVODEX-N12397,[H]OC1:C([H]):C([H]):C(C2([H])C(=O)C3:C(O[H]):C([H]):C(O[H]):C(C([H])([H])C([H])([H])C(C([H])([H])[H])(C([H])([H])[H])[O:4][H:34]):C:3OC2([H])[H]):C(O[H]):C:1[H]>>[H][O:4][H:34],EVODEX-P30591
EVODEX-N12398,[H][O:27][H:48]>>[H]OC1:C([H]):C([H]):C(C2([H])C(=O)C3:C(O[H]):C([H]):C(O[H]):C(C([H])([H])C([H])([H])C(C([H])([H])[H])(C([H])([H])[H])[O:27][H:48]):C:3OC2([H])[H]):C(O[H]):C:1[H],EVODEX-P30595
EVODEX-N12399,[H][O:25][H:46]>>[H]OC1:C([H]):C([H]):C2:C(:C:1[H])OC([H])([H])[C@@]1([H])C3:C([H]):C([H]):C(O[H]):C(C([H])([H])C([H])([H])C(C([H])([H])[H])(C([H])([H])[H])[O:25][H:46]):C:3O[C@@]21[H],EVODEX-P30598
EVODEX-N12400,[H]C1=C2C([H])([H])C([H])([H])[C@@]3([H])[C@]4([H])C([H])([H])[C@@]([H])([O:6][H:30])[C@]([H])(C(=O)C([H])([H])[H])[C@@]4(C([H])([H])[H])C([H])([H])C([H])([H])[C@]3([H])[C@@]2(C([H])([H])[H])C([H])([H])C([H])([H])C1=O>>[H][O:6][H:30],EVODEX-P30600
EVODEX-N12401,[H][O:24][H:53]>>[H]C1=C2C([H])([H])C([H])([H])[C@@]3([H])[C@]4([H])C([H])([H])[C@@]([H])([O:24][H:53])[C@]([H])(C(=O)C([H])([H])[H])[C@@]4(C([H])([H])[H])C([H])([H])C([H])([H])[C@]3([H])[C@@]2(C([H])([H])[H])C([H])([H])C([H])([H])C1=O,EVODEX-P30604
EVODEX-N12402,[H]OC(=O)C([H])([H])[C@]([H])(C(=O)O[H])[C@@](C(=O)O[H])(C([H])([H])[H])[O:3][H:18]>>[H][O:3][H:18],EVODEX-P30606
EVODEX-N12403,[H][O:57][H:100]>>[H]O[C@]1([H])[C@]([H])(OP(=O)(O[H])O[H])[C@@]([H])(C([H])([H])OP(=O)(O[H])OP(=O)(O[H])OC([H])([H])C(C([H])([H])[H])(C([H])([H])[H])[C@@]([H])(O[H])C(=O)N([H])C([H])([H])C([H])([H])C(=O)N([H])C([H])([H])C([H])([H])SC(=O)C2=C([H])C([H])([H])C([H])([H])C([H])([H])C2([H])[O:57][H:100])O[C@@]1([H])N1:C([H]):N:C2:C(N([H])[H]):N:C([H]):N:C:2:1,EVODEX-P30610
EVODEX-N12404,[H]O[C@]1([H])[C@]([H])(OP(=O)(O[H])O[H])[C@@]([H])(C([H])([H])OP(=O)(O[H])OP(=O)(O[H])OC([H])([H])C(C([H])([H])[H])(C([H])([H])[H])[C@@]([H])(O[H])C(=O)N([H])C([H])([H])C([H])([H])C(=O)N([H])C([H])([H])C([H])([H])SC(=O)C2=C([H])C([H])([H])C([H])([H])C([H])([H])C2([H])[O:57][H:101])O[C@@]1([H])N1:C([H]):N:C2:C(N([H])[H]):N:C([H]):N:C:2:1>>[H][O:57][H:101],EVODEX-P30612
EVODEX-N12405,[H]OC1:C([H]):C([H]):C(C2([H])C(=O)C3:C([H]):C([H]):C(O[H]):C([H]):C:3OC2([H])[O:12][H:26]):C([H]):C:1[H]>>[H][O:12][H:26],EVODEX-P30615
EVODEX-N12406,[H][C:13]1([C:14])[C:2](=[O:1])[C:3](:[C:4]):[C:9](:[C:8])[O:10][C:11]1([O:12])[H:25]>>[O:1]=[C:2]1:[C:3](:[C:4]):[C:9](:[C:8]):[O:10]:[C:11]([H:25]):[C:13]:1[C:14].[H][O:12],"EVODEX-P30616,EVODEX-P30619"
EVODEX-N12407,[H]O[C:11]1([H:25])[O:10][C:9](:[C:8]):[C:3](:[C:4])[C:2](=[O:1])[C:13]1([H])[C:14]>>[O:1]=[C:2]1:[C:3](:[C:4]):[C:9](:[C:8]):[O:10]:[C:11]([H:25]):[C:13]:1[C:14],"EVODEX-P30617,EVODEX-P30620"
EVODEX-N12408,[H]OC1:C([H]):C([H]):C(C2([H])C(=O)C3:C(O[H]):C([H]):C(O[H]):C([H]):C:3OC2([H])[O:13][H:27]):C([H]):C:1[H]>>[H][O:13][H:27],EVODEX-P30618
EVODEX-N12409,[H][O:80][H:159]>>[H]O[C@]1([H])C([H])([H])C([H])([H])[C@@]2(C([H])([H])[H])[C@@]([H])(C1([H])[H])C([H])([H])[C@@]([H])(O[H])[C@@]1([H])[C@]3([H])C([H])([H])C([H])([H])[C@]([H])([C@]([H])(C([H])([H])[H])C([H])([H])C([H])([H])[C@]([H])([C@]([H])(C(=O)SC([H])([H])C([H])([H])N([H])C(=O)C([H])([H])C([H])([H])N([H])C(=O)[C@]([H])(O[H])C(C([H])([H])[H])(C([H])([H])[H])C([H])([H])OP(=O)(O[H])OP(=O)(O[H])OC([H])([H])[C@@]4([H])O[C@@]([H])(N5:C([H]):N:C6:C(N([H])[H]):N:C([H]):N:C:6:5)[C@]([H])(O[H])[C@]4([H])OP(=O)(O[H])O[H])C([H])([H])[H])[O:80][H:159])[C@@]3(C([H])([H])[H])[C@@]([H])(O[H])C([H])([H])[C@]21[H],EVODEX-P30622
EVODEX-N12410,[H]OC(=O)C([H])(N([H])[H])C([H])([H])C([H])([H])N([H])C(C([H])([H])[H])=[O:3]>>[H][O:3][H],EVODEX-P30624
EVODEX-N12411,[C:1][C:2](=[O:3])[N:4].[H][N:8]([H])[C:7]>>[C:1][C:2]([N:4])=[N:8][C:7].[H][O:3][H],EVODEX-P30625
EVODEX-N12412,O=[C:2]([C:1])[N:4].[H][N:8]([H])[C:7]>>[C:1][C:2]([N:4])=[N:8][C:7],EVODEX-P30626
EVODEX-N12413,[H][O:11][H]>>[H]OC(=O)C([H])(N([H])[H])C([H])([H])C([H])([H])N([H])C(C([H])([H])[H])=[O:11],EVODEX-P30628
EVODEX-N12414,[H]O[C@@]([H])(C(=O)C([H])([H])OP(=O)(O[H])O[H])[C@@]([H])(C([H])([H])SC([H])([H])[H])[O:5][H:22]>>[H][O:5][H:22],EVODEX-P30630
EVODEX-N12415,[H]O[C@:8]1([H:16])[C@:5]([C:6][O:7][H])([H:18])[O:4][C:3][C:2](=[O:1])[C@@:10]1([H])[O:11][H]>>[H][O:1][C:2]1([C:3][O:4][H])[O:7][C:6][C:5]([H:18])=[C:8]([H:16])[C:10]1=[O:11],"EVODEX-P30633,EVODEX-P30636"
EVODEX-N12416,[H][O:7][C:6][C@@:5]1([H:18])[O:4][C:3][C:2](=[O:1])[C@@:10]([H])([O:11][H])[C@@:8]1([O:9])[H:16]>>[H][O:9].[H][O:1][C:2]1([C:3][O:4][H])[O:7][C:6][C:5]([H:18])=[C:8]([H:16])[C:10]1=[O:11],"EVODEX-P30634,EVODEX-P30637"
EVODEX-N12417,[H]OC([H])([H])[C@@]1([H])OC([H])([H])C(=O)[C@@]([H])(O[H])[C@]1([H])[O:9][H:17]>>[H][O:9][H:17],EVODEX-P30635
EVODEX-N12418,[H]OC1([H])O[C@]([H])(C([H])([H])O[H])[C@@]([H])([O:10][H:18])[C@]([H])(O[H])C1=O>>[H][O:10][H:18],EVODEX-P30638
EVODEX-N12419,[H][C@@:10]([C:2])([C@@:8]([C:5])([O:9])[H:16])[O:11]>>[C:2][C:10](=[C:8]([C:5])[H:16])[O:11].[H][O:9],"EVODEX-P30639,EVODEX-P30808,EVODEX-P30809,EVODEX-P30810,EVODEX-P30822,EVODEX-P30824,EVODEX-P30827,EVODEX-P30830"
EVODEX-N12420,[H]O[C@:8]([C:5])([C@@:10]([H])([C:2])[O:11])[H:16]>>[C:2][C:10](=[C:8]([C:5])[H:16])[O:11],EVODEX-P30640
EVODEX-N12421,[C:1](#[C:2][H:5])[H:4].[H][O:3][H]>>[H][C:1]([H])([C:2](=[O:3])[H:5])[H:4],EVODEX-P30641
EVODEX-N12422,[C:1](#[C:2][H:5])[H:4]>>[H][C:1]([H])([C:2](=O)[H:5])[H:4],EVODEX-P30642
EVODEX-N12423,[H]C(C([H])([H])[H])=[O:3]>>[H][O:3][H],EVODEX-P30643
EVODEX-N12424,[H][C:1]([H])([C:2](=[O:3])[H:7])[H:4]>>[C:1](#[C:2][H:7])[H:4].[H][O:3][H],EVODEX-P30644
EVODEX-N12425,[H][C:1]([H])([C:2](=O)[H:7])[H:4]>>[C:1](#[C:2][H:7])[H:4],EVODEX-P30645
EVODEX-N12426,[H]OC(=O)C([H])([H])C([H])([H])C(=O)C1=C([H])C([H])=C([H])[C@@]([H])([O:13][H:27])[C@]1([H])C(=O)O[H]>>[H][O:13][H:27],EVODEX-P30646
EVODEX-N12427,[H][C@@:14]1([C:15])[C:8]([C:6])=[C:9]([H:23])[C:10]([H:24])=[C:11]([H:25])[C@:12]1([O:13])[H:26]>>[C:6][C:8]1:[C:9]([H:23]):[C:10]([H:24]):[C:11]([H:25]):[C:12]([H:26]):[C:14]:1[C:15].[H][O:13],EVODEX-P30647
EVODEX-N12428,[H]O[C@:12]1([H:26])[C:11]([H:25])=[C:10]([H:24])[C:9]([H:23])=[C:8]([C:6])[C@@:14]1([H])[C:15]>>[C:6][C:8]1:[C:9]([H:23]):[C:10]([H:24]):[C:11]([H:25]):[C:12]([H:26]):[C:14]:1[C:15],EVODEX-P30648
EVODEX-N12429,[H][O:1][H:26]>>[H]OC(=O)C([H])([H])C([H])([H])C([H])([H])[C@]([H])(C(=O)O[H])[C@]([H])(C(=O)O[H])[O:1][H:26],EVODEX-P30650
EVODEX-N12430,[H]OC(=O)C([H])([H])C([H])([H])C([H])([H])[C@]([H])(C(=O)O[H])[C@]([H])(C(=O)O[H])[O:12][H:26]>>[H][O:12][H:26],EVODEX-P30652
EVODEX-N12431,[H]O[C@@]1([H])[C@]([H])(O[H])[C@@]([H])(C([H])([H])[O:35][H:62])O[C@]([H])(OP(=O)(O[H])OP(=O)(O[H])OC([H])([H])[C@@]2([H])O[C@@]([H])(N3:C([H]):C([H]):C(=O):N([H]):C:3=O)[C@]([H])(O[H])[C@]2([H])O[H])[C@]1([H])N([H])C(=O)C([H])([H])[H]>>[H][O:35][H:62],EVODEX-P30655
EVODEX-N12432,[H]O[C@]1([H])[C@]([H])(OP(=O)(O[H])O[H])[C@@]([H])(C([H])([H])OP(=O)(O[H])OP(=O)(O[H])OC([H])([H])C(C([H])([H])[H])(C([H])([H])[H])[C@@]([H])(O[H])C(=O)N([H])C([H])([H])C([H])([H])C(=O)N([H])C([H])([H])C([H])([H])SC(=O)C([H])([H])C([H])([H])[O:53][H:93])O[C@@]1([H])N1:C([H]):N:C2:C(N([H])[H]):N:C([H]):N:C:2:1>>[H][O:53][H:93],EVODEX-P30658
EVODEX-N12433,[H][C:51]([C:49])([C:52]([O:53])([H:91])[H:92])[H:89]>>[C:49][C:51](=[C:52]([H:91])[H:92])[H:89].[H][O:53],"EVODEX-P30659,EVODEX-P30674"
EVODEX-N12434,[H]O[C:52]([C:51]([H])([C:49])[H:89])([H:91])[H:92]>>[C:49][C:51](=[C:52]([H:91])[H:92])[H:89],"EVODEX-P30660,EVODEX-P30675"
EVODEX-N12435,[C:1](=[C:2]([C:3])[H:56])([H:54])[H:55].[H][O:53][H:92]>>[H][C:2]([C:1]([O:53][H:92])([H:54])[H:55])([C:3])[H:56],"EVODEX-P30661,EVODEX-P30676"
EVODEX-N12436,[H][O:53][H:92]>>[H]O[C@]1([H])[C@]([H])(OP(=O)(O[H])O[H])[C@@]([H])(C([H])([H])OP(=O)(O[H])OP(=O)(O[H])OC([H])([H])C(C([H])([H])[H])(C([H])([H])[H])[C@@]([H])(O[H])C(=O)N([H])C([H])([H])C([H])([H])C(=O)N([H])C([H])([H])C([H])([H])SC(=O)C([H])([H])C([H])([H])[O:53][H:92])O[C@@]1([H])N1:C([H]):N:C2:C(N([H])[H]):N:C([H]):N:C:2:1,EVODEX-P30662
EVODEX-N12437,[C:1](=[C:2]([C:3])[H:56])([H:54])[H:55]>>[H]O[C:1]([C:2]([H])([C:3])[H:56])([H:54])[H:55],"EVODEX-P30663,EVODEX-P30678"
EVODEX-N12438,[H]OC(=O)C1=C([H])C(=O)[C@@]([H])(O[H])[C@]([H])([O:11][H:18])C1([H])[H]>>[H][O:11][H:18],EVODEX-P30664
EVODEX-N12439,[H][C@@:8]1([O:9])[C:6](=[O:7])[C:5]([H:14])=[C:4]([C:2])[C:12]([H])([H:19])[C@:10]1([O:11])[H:17]>>[H][O:7][C:6]1:[C:5]([H:14]):[C:4]([C:2]):[C:12]([H:19]):[C:10]([H:17]):[C:8]:1[O:9].[H][O:11],EVODEX-P30665
EVODEX-N12440,[H]O[C@@:10]1([H:17])[C@:8]([H])([O:9])[C:6](=[O:7])[C:5]([H:14])=[C:4]([C:2])[C:12]1([H])[H:19]>>[H][O:7][C:6]1:[C:5]([H:14]):[C:4]([C:2]):[C:12]([H:19]):[C:10]([H:17]):[C:8]:1[O:9],EVODEX-P30666
EVODEX-N12441,[H]O[C@]1([H])[C@]([H])(OP(=O)(O[H])O[H])[C@@]([H])(C([H])([H])OP(=O)(O[H])OP(=O)(O[H])OC([H])([H])C(C([H])([H])[H])(C([H])([H])[H])[C@@]([H])(O[H])C(=O)N([H])C([H])([H])C([H])([H])C(=O)N([H])C([H])([H])C([H])([H])SC(=O)C([H])([H])[C@@]([H])(C([H])([H])C([H])([H])C([H])([H])C([H])([H])C([H])([H])C([H])([H])C([H])([H])[H])[O:9][H:77])O[C@@]1([H])N1:C([H]):N:C2:C(N([H])[H]):N:C([H]):N:C:2:1>>[H][O:9][H:77],EVODEX-P30667
EVODEX-N12442,[H][O:60][H:113]>>[H]O[C@]1([H])[C@]([H])(OP(=O)(O[H])O[H])[C@@]([H])(C([H])([H])OP(=O)(O[H])OP(=O)(O[H])OC([H])([H])C(C([H])([H])[H])(C([H])([H])[H])[C@@]([H])(O[H])C(=O)N([H])C([H])([H])C([H])([H])C(=O)N([H])C([H])([H])C([H])([H])SC(=O)C([H])([H])[C@@]([H])(C([H])([H])C([H])([H])C([H])([H])C([H])([H])C([H])([H])C([H])([H])C([H])([H])[H])[O:60][H:113])O[C@@]1([H])N1:C([H]):N:C2:C(N([H])[H]):N:C([H]):N:C:2:1,EVODEX-P30671
EVODEX-N12443,[H]O[C@]1([H])[C@]([H])(OP(=O)(O[H])O[H])[C@@]([H])(C([H])([H])OP(=O)(O[H])OP(=O)(O[H])OC([H])([H])C(C([H])([H])[H])(C([H])([H])[H])[C@@]([H])(O[H])C(=O)N([H])C([H])([H])C([H])([H])C(=O)N([H])C([H])([H])C([H])([H])SC(=O)C([H])([H])C([H])([H])C([H])([H])[O:54][H:96])O[C@@]1([H])N1:C([H]):N:C2:C(N([H])[H]):N:C([H]):N:C:2:1>>[H][O:54][H:96],EVODEX-P30673
EVODEX-N12444,[H][O:54][H:95]>>[H]O[C@]1([H])[C@]([H])(OP(=O)(O[H])O[H])[C@@]([H])(C([H])([H])OP(=O)(O[H])OP(=O)(O[H])OC([H])([H])C(C([H])([H])[H])(C([H])([H])[H])[C@@]([H])(O[H])C(=O)N([H])C([H])([H])C([H])([H])C(=O)N([H])C([H])([H])C([H])([H])SC(=O)C([H])([H])C([H])([H])C([H])([H])[O:54][H:95])O[C@@]1([H])N1:C([H]):N:C2:C(N([H])[H]):N:C([H]):N:C:2:1,EVODEX-P30677
EVODEX-N12445,[H]OC(=O)C([H])([H])C([H])([H])C([H])([H])C([H])([H])C([H])([H])C([H])([H])C([H])([H])[C@]([H])(O[O:22][H:54])/C([H])=C([H])/C([H])=C(/[H])C([H])([H])C([H])([H])C([H])([H])C([H])([H])C([H])([H])[H]>>[H][O:22][H:54],EVODEX-P30679
EVODEX-N12446,[H][C:11]([C@@:10]([C:9](=[C:8])[H:37])([O:21][O:22])[H:38])([C:12])[H:39]>>[C:8]=[C:9]([O:21]/[C:10](=[C:11](/[C:12])[H:39])[H:38])[H:37].[H][O:22],"EVODEX-P30680,EVODEX-P30682"
EVODEX-N12447,[H]O[O:21][C@:10]([C:9](=[C:8])[H:37])([C:11]([H])([C:12])[H:39])[H:38]>>[C:8]=[C:9]([O:21]/[C:10](=[C:11](/[C:12])[H:39])[H:38])[H:37],"EVODEX-P30681,EVODEX-P30683"
EVODEX-N12448,[C:1][C@@:2]([O:3])([C:4])[H:21].[H][C:15](:[C:14]):[C:16]>>[C:1][C@:2]([C:4])([C:15](:[C:14]):[C:16])[H:21].[H][O:3],EVODEX-P30684
EVODEX-N12449,[H]OC(=O)[C@@]([H])(N([H])[H])[C@@]([H])(C([H])([H])[H])[O:3][H:22]>>[H][O:3][H:22],EVODEX-P30685
EVODEX-N12450,[H]O[C@:2]([C:1])([C:4])[H:21].[H][C:15](:[C:14]):[C:16]>>[C:1][C@:2]([C:4])([C:15](:[C:14]):[C:16])[H:21],EVODEX-P30686
EVODEX-N12451,[H][C:15](:[C:14]):[C:16]>>[H]OC(=O)[C@@]([H])(N([H])[H])[C@@]([H])(C([H])([H])[H])[C:15](:[C:14]):[C:16],EVODEX-P30687
EVODEX-N12452,[H]O[C@:2]([C:1])([C:4])[H:21]>>[H]C1:C([H]):C([H]):C2:C(:C:1[H]):C([C@:2]([C:1])([C:4])[H:21]):C([H]):N:2[H],EVODEX-P30688
EVODEX-N12453,[H]O[C@@]1([H])O[C@]([H])(C([H])([H])OP(=O)(O[H])O[H])[C@@]([H])(O[H])[C@]([H])([O:7][C:8])[C@@]1([H])N([H])C(=O)C([H])([H])[H]>>[H][O:7][C:8],EVODEX-P30691
EVODEX-N12454,[H]OC(=O)[C@]([H])(O[C@:6]([C:5])([C:13])[H:31])C([H])([H])[H].[H][O:25][H:46]>>[C:5][C@:6]([C:13])([O:25][H:46])[H:31],EVODEX-P30692
EVODEX-N12455,[H][O:25][H:46]>>[H]O[C@@]1([H])O[C@]([H])(C([H])([H])OP(=O)(O[H])O[H])[C@@]([H])(O[H])[C@]([H])([O:25][H:46])[C@@]1([H])N([H])C(=O)C([H])([H])[H],EVODEX-P30693
EVODEX-N12456,[H]OC(=O)[C@]([H])(O[C@:6]([C:5])([C:13])[H:31])C([H])([H])[H]>>[H]O[C@:6]([C:5])([C:13])[H:31],EVODEX-P30694
EVODEX-N12457,[H]O[C@@]1([H])O[C@]([H])(C([H])([H])OP(=O)(O[H])O[H])[C@@]([H])(O[H])[C@]([H])([O:7][H:32])[C@@]1([H])N([H])C(=O)C([H])([H])[H]>>[H][O:7][H:32],EVODEX-P30697
EVODEX-N12458,[H][O:22][C:21]>>[H]O[C@@]1([H])O[C@]([H])(C([H])([H])OP(=O)(O[H])O[H])[C@@]([H])(O[H])[C@]([H])([O:22][C:21])[C@@]1([H])N([H])C(=O)C([H])([H])[H],EVODEX-P30699
EVODEX-N12459,[H]O[C@:6]([C:5])([C:8])[H:31]>>[H]OC(=O)[C@]([H])(O[C@:6]([C:5])([C:8])[H:31])C([H])([H])[H],EVODEX-P30700
EVODEX-N12460,>>[H]OC(=O)[C@]([H])(O)C([H])([H])[H].[H],EVODEX-P30701
EVODEX-N12461,[H]C([H])=C([H])C(C([H])([H])[H])(C([H])([H])C([H])([H])C([H])=C(C([H])([H])[H])C([H])([H])[H])[O:5][H:18]>>[H][O:5][H:18],EVODEX-P30704
EVODEX-N12462,[H]O[C:4]([C@@:2]([H])([C:1])[O:3][H])=[O:5]>>[H][C:4]([C:2]([C:1])=[O:3])=[O:5],EVODEX-P30708
EVODEX-N12463,[H][O:41][H:98]>>[H]C(=C(C([H])([H])[H])C([H])([H])[H])C([H])([H])C([H])([H])/C(=C([H])/C([H])=C([H])/C(=C([H])/C([H])=C([H])/C(=C([H])/C([H])=C([H])/C([H])=C(C(/[H])=C([H])/C([H])=C(C(/[H])=C([H])/C([H])=C(\C([H])([H])[H])C([H])([H])C([H])([H])C([H])([H])C(C([H])([H])[H])(C([H])([H])[H])[O:41][H:98])\C([H])([H])[H])\C([H])([H])[H])C([H])([H])[H])C([H])([H])[H])C([H])([H])[H],EVODEX-P30710
EVODEX-N12464,[H][O:41][H:100]>>[H]C(=C(C([H])([H])[H])C([H])([H])[H])C([H])([H])C([H])([H])/C(=C([H])/C([H])=C([H])/C(=C([H])/C([H])=C([H])/C(=C([H])/C([H])=C([H])/C([H])=C(C(/[H])=C([H])/C([H])=C(\C([H])([H])[H])C([H])([H])C([H])([H])/C([H])=C(\C([H])([H])[H])C([H])([H])C([H])([H])C([H])([H])C(C([H])([H])[H])(C([H])([H])[H])[O:41][H:100])\C([H])([H])[H])C([H])([H])[H])C([H])([H])[H])C([H])([H])[H],EVODEX-P30713
EVODEX-N12465,[C:1][C:2]([C:3])=[C:4]([C:5][C:6]/[C:7]([C:8])=[C:9](/[C:10][C:11]/[C:12]([C:13])=[C:14](/[C:15])[H:53])[H:45])[H:37].[H][O:30][H:67]>>[H][C:4]1([H:37])[C:2]([C:1])([C:3])[C:9]2([H:45])[C@@:7]([C:8])([C:6][C:5]1)[C@@:14]([C:15])([H:53])[C:12]([C:13])([O:30][H:67])[C:11][C:10]2,EVODEX-P30715
EVODEX-N12466,[H][O:30][H:67]>>[H]OP(=O)(O[H])OP(=O)(O[H])OC([H])([H])/C([H])=C(\C([H])([H])[H])C([H])([H])C([H])([H])[C@]1([H])C(C([H])([H])[H])([O:30][H:67])C([H])([H])C([H])([H])C2([H])C(C([H])([H])[H])(C([H])([H])[H])C([H])([H])C([H])([H])C([H])([H])[C@]21C([H])([H])[H],EVODEX-P30716
EVODEX-N12467,[C:1][C:2]([C:3])=[C:4]([C:5][C:6]/[C:7]([C:8])=[C:9](/[C:10][C:11]/[C:12]([C:13])=[C:14](/[C:15])[H:53])[H:45])[H:37]>>[H]O[C:12]1([C:13])[C:11][C:10][C:9]2([H:45])[C:2]([C:1])([C:3])[C:4]([H])([H:37])[C:5][C:6][C@@:7]2([C:8])[C@@:14]1([C:15])[H:53],EVODEX-P30717
EVODEX-N12468,[H]OP(=O)(O[H])OP(=O)(O[H])OC([H])([H])/C([H])=C(\C([H])([H])[H])C([H])([H])C([H])([H])[C@]1([H])C(C([H])([H])[H])([O:19][H:48])C([H])([H])C([H])([H])C2([H])C(C([H])([H])[H])(C([H])([H])[H])C([H])([H])C([H])([H])C([H])([H])[C@]21C([H])([H])[H]>>[H][O:19][H:48],EVODEX-P30718
EVODEX-N12469,[H][C:26]1([H:60])[C:23]([C:24])([C:25])[C:22]2([H:53])[C:21][C:20][C:17]([C:18])([O:19])[C@:16]([C:15])([H:44])[C@:29]2([C:30])[C:28][C:27]1>>[C:15]/[C:16](=[C:17](\[C:18])[C:20][C:21]/[C:22](=[C:29](/[C:28][C:27][C:26](=[C:23]([C:24])[C:25])[H:60])[C:30])[H:53])[H:44].[H][O:19],EVODEX-P30719
EVODEX-N12470,[H]O[C:17]1([C:18])[C@:16]([C:15])([H:44])[C@@:29]2([C:30])[C:22]([H:53])([C:21][C:20]1)[C:23]([C:24])([C:25])[C:26]([H])([H:60])[C:27][C:28]2>>[C:15]/[C:16](=[C:17](\[C:18])[C:20][C:21]/[C:22](=[C:29](/[C:28][C:27][C:26](=[C:23]([C:24])[C:25])[H:60])[C:30])[H:53])[H:44],EVODEX-P30720
EVODEX-N12471,[H]O[C@]1([H])[C@]([H])(OP(=O)(O[H])O[H])[C@@]([H])(C([H])([H])OP(=O)(O[H])OP(=O)(O[H])OC([H])([H])C(C([H])([H])[H])(C([H])([H])[H])[C@@]([H])(O[H])C(=O)N([H])C([H])([H])C([H])([H])C(=O)N([H])C([H])([H])C([H])([H])SC(=O)C([H])([H])C([H])(C([H])([H])C([H])([H])C([H])([H])C([H])([H])C([H])([H])C([H])([H])C([H])([H])C([H])([H])C([H])([H])C([H])([H])C([H])([H])C([H])([H])C([H])([H])[H])[O:15][H:95])O[C@@]1([H])N1:C([H]):N:C2:C(N([H])[H]):N:C([H]):N:C:2:1>>[H][O:15][H:95],EVODEX-P30721
EVODEX-N12472,[C:1](=[C:2]([C:3][C:4]/[C:5](=[C:6](\[C:7])[C:8])[H:23])[C:11])([H:17])[H:18].[H][O:16][H:41]>>[H][C:5]1([H:23])[C:4][C:3][C@@:2]([C:11])([O:16][H:41])[C:1]([H:17])([H:18])[C@@:6]1([C:7])[C:8],EVODEX-P30724
EVODEX-N12473,[H][O:16][H:41]>>[H]C([H])([H])C1(C([H])([H])[H])C([H])([H])[C@]2([H])[C@]1([H])C([H])([H])C([H])([H])[C@@]1(C([H])([H])[H])C([H])([H])C([H])([H])C([H])([H])[C@@]2([O:16][H:41])C1([H])[H],EVODEX-P30725
EVODEX-N12474,[C:1](=[C:2]([C:3][C:4]/[C:5](=[C:6](\[C:7])[C:8])[H:23])[C:11])([H:17])[H:18]>>[H]O[C@@:2]1([C:11])[C:1]([H:17])([H:18])[C@@:6]([C:7])([C:8])[C:5]([H])([H:23])[C:4][C:3]1,EVODEX-P30726
EVODEX-N12475,[H]OC1:C([H]):C([H]):C2:C(:C:1[H])OC([H])([H])[C@@]([H])(C1:C([H]):C([H]):C(OC([H])([H])[H]):C([H]):C:1[O:20][H:36])C2([H])O[H]>>[H][O:20][H:36],EVODEX-P30727
EVODEX-N12476,[C:6]:[C:19]([O:20]):[C:21].[H][O:18][C:17]>>[C:6]:[C:19]([O:18][C:17]):[C:21].[H][O:20],EVODEX-P30728
EVODEX-N12477,[H]O[C:19](:[C:6]):[C:21].[H][O:18][C:17]>>[C:6]:[C:19]([O:18][C:17]):[C:21],EVODEX-P30729
EVODEX-N12478,[H]OC1:C([H]):C(O[H]):C2:C(:C:1[H])C(=O)C1:C([H]):C3:C(:C(O[H]):C:1C2=O)C([H])(C([H])([H])C([H])([H])O[H])C([H])([O:25][H:40])O3>>[H][O:25][H:40],EVODEX-P30730
EVODEX-N12479,[C:20][C:24]([O:25])([O:26])[H:39].[H][O:23][C:22]>>[C:20][C@:24]([O:23][C:22])([O:26])[H:39].[H][O:25],EVODEX-P30731
EVODEX-N12480,[H]O[C:24]([C:20])([O:26])[H:39].[H][O:23][C:22]>>[C:20][C@:24]([O:23][C:22])([O:26])[H:39],EVODEX-P30732
EVODEX-N12481,[C:1](=[O:2])([H:56])[H:57].[H][N:14]([C:13])[C:15][C:16][N:18]([H])[C:19]>>[C:1]1([H:56])([H:57])[N:14]([C:13])[C:15][C:16][N:18]1[C:19].[H][O:2][H],EVODEX-P30733
EVODEX-N12482,[H]C([H])=[O:2]>>[H][O:2][H],EVODEX-P30734
EVODEX-N12483,O=[C:1]([H:56])[H:57].[H][N:14]([C:13])[C:15][C:16][N:18]([H])[C:19]>>[C:1]1([H:56])([H:57])[N:14]([C:13])[C:15][C:16][N:18]1[C:19],EVODEX-P30735
EVODEX-N12484,O=[C:1]([H:56])[H:57]>>[H]OC(=O)C([H])([H])C([H])([H])[C@]([H])(OP(=O)(O[H])OC([H])([H])[C@@]1([H])O[C@]([H])(OC([H])([H])[C@@]([H])(O[H])[C@@]([H])(O[H])[C@@]([H])(O[H])C([H])([H])C2:C([H]):C([H]):C(N3[C@]([H])(C([H])([H])[H])[C@]4([H])N(C5:C(:N:C(N([H])[H]):N([H]):C:5=O)N([H])[C@@]4([H])C([H])([H])[H])[C:1]3([H:56])[H:57]):C([H]):C:2[H])[C@]([H])(O[H])[C@]1([H])O[H])C(=O)O[H],EVODEX-P30737
EVODEX-N12485,[C:1](=[O:2])([H:56])[H:57]>>[H]OC(=O)C([H])([H])C([H])([H])[C@]([H])(OP(=O)(O[H])OC([H])([H])[C@@]1([H])O[C@]([H])(OC([H])([H])[C@@]([H])(O[H])[C@@]([H])(O[H])[C@@]([H])(O[H])C([H])([H])C2:C([H]):C([H]):C(N3[C@]([H])(C([H])([H])[H])[C@]4([H])N(C5:C(:N:C(N([H])[H]):N([H]):C:5=O)N([H])[C@@]4([H])C([H])([H])[H])[C:1]3([H:56])[H:57]):C([H]):C:2[H])[C@]([H])(O[H])[C@]1([H])O[H])C(=O)O[H].[H][O:2][H],EVODEX-P30738
EVODEX-N12486,[H]OC(=O)[C@]([H])([C@]([H])(C(=O)SC([H])([H])C([H])([H])N([H])C(=O)C([H])([H])C([H])([H])N([H])C(=O)[C@]([H])(O[H])C(C([H])([H])[H])(C([H])([H])[H])C([H])([H])OP(=O)(O[H])OP(=O)(O[H])OC([H])([H])[C@@]1([H])O[C@@]([H])(N2:C([H]):N:C3:C(N([H])[H]):N:C([H]):N:C:3:2)[C@]([H])(O[H])[C@]1([H])OP(=O)(O[H])O[H])C([H])([H])[H])[O:54][H:98]>>[H][O:54][H:98],EVODEX-P30739
EVODEX-N12487,[H][O:57][H:98]>>[H]OC(=O)[C@]([H])([C@]([H])(C(=O)SC([H])([H])C([H])([H])N([H])C(=O)C([H])([H])C([H])([H])N([H])C(=O)[C@]([H])(O[H])C(C([H])([H])[H])(C([H])([H])[H])C([H])([H])OP(=O)(O[H])OP(=O)(O[H])OC([H])([H])[C@@]1([H])O[C@@]([H])(N2:C([H]):N:C3:C(N([H])[H]):N:C([H]):N:C:3:2)[C@]([H])(O[H])[C@]1([H])OP(=O)(O[H])O[H])C([H])([H])[H])[O:57][H:98],EVODEX-P30743
EVODEX-N12488,[H]OC(=O)C(O[C@]1([H])C([H])=C(C(=O)O[H])C([H])=C([H])[C@@]1([H])[O:13][H:25])=C([H])[H]>>[H][O:13][H:25],EVODEX-P30750
EVODEX-N12489,[H][C@@:4]1([O:3])[C:5]([H:20])=[C:6]([C:7])[C:10]([H:22])=[C:11]([H:23])[C@:12]1([O:13])[H:24]>>[O:3][C:4]1:[C:5]([H:20]):[C:6]([C:7]):[C:10]([H:22]):[C:11]([H:23]):[C:12]:1[H:24].[H][O:13],EVODEX-P30751
EVODEX-N12490,[H]O[C@@:12]1([H:24])[C@:4]([H])([O:3])[C:5]([H:20])=[C:6]([C:7])[C:10]([H:22])=[C:11]1[H:23]>>[O:3][C:4]1:[C:5]([H:20]):[C:6]([C:7]):[C:10]([H:22]):[C:11]([H:23]):[C:12]:1[H:24],EVODEX-P30752
EVODEX-N12491,[H]O[C@]1([H])[C@]([H])(OP(=O)(O[H])O[H])[C@@]([H])(C([H])([H])OP(=O)(O[H])OP(=O)(O[H])OC([H])([H])C(C([H])([H])[H])(C([H])([H])[H])[C@@]([H])(O[H])C(=O)N([H])C([H])([H])C([H])([H])C(=O)N([H])C([H])([H])C([H])([H])SC(=O)[C@@]([H])(C([H])([H])C([H])(C([H])([H])[H])C([H])([H])[H])[O:6][H:67])O[C@@]1([H])N1:C([H]):N:C2:C(N([H])[H]):N:C([H]):N:C:2:1>>[H][O:6][H:67],EVODEX-P30753
EVODEX-N12492,[H]O[C@@]1([H])C(=O)[C@@]([H])(C([H])([H])[H])O[C@]([H])(OP(=O)(O[H])OP(=O)(O[H])OC([H])([H])[C@@]2([H])O[C@@]([H])(N3:C([H]):C(C([H])([H])[H]):C(=O):N([H]):C:3=O)C([H])([H])[C@]2([H])O[H])[C@]1([H])[O:29][H:58]>>[H][O:29][H:58],EVODEX-P30756
EVODEX-N12493,[H][O:54][H:129]>>[H]OC(C([H])([H])[H])(C([H])([H])[H])C([H])([H])C([H])([H])[C@@]([H])(/C([H])=C([H])/C(=C([H])/C([H])=C([H])/C(=C([H])/C([H])=C([H])/C(=C([H])/C([H])=C([H])/C([H])=C(C(/[H])=C([H])/C([H])=C(C(/[H])=C([H])/C([H])=C(C(/[H])=C(\[H])[C@]([H])(C([H])([H])C([H])([H])C(C([H])([H])[H])(C([H])([H])[H])[O:54][H:129])C(O[H])(C([H])([H])[H])C([H])([H])[H])\C([H])([H])[H])\C([H])([H])[H])\C([H])([H])[H])C([H])([H])[H])C([H])([H])[H])C([H])([H])[H])C(O[H])(C([H])([H])[H])C([H])([H])[H],EVODEX-P30759
EVODEX-N12494,[C:1][C:2]([C:3])=[C:4]([C:5])[H:61].[C:40][C:41](=[C:42]([C:43])[C:44])[H:106].[H][O:53][H:127]>>[H]O[C:42]([C:41]([H])([C:40])[H:106])([C:43])[C:44].[H][C:4]([C:2]([C:1])([C:3])[O:53][H:127])([C:5])[H:61],EVODEX-P30760
EVODEX-N12495,[C:1][C:2]([C:3])=[C:4]([C:5])[H:61].[C:40][C:41](=[C:42]([C:43])[C:44])[H:106]>>[H]O[C:2]([C:1])([C:3])[C:4]([H])([C:5])[H:61].[H]O[C:42]([C:41]([H])([C:40])[H:106])([C:43])[C:44],EVODEX-P30761
EVODEX-N12496,[H]OC(C([H])([H])[H])(C([H])([H])[H])C([H])([H])C([H])([H])[C@@]([H])(/C([H])=C([H])/C(=C([H])/C([H])=C([H])/C(=C([H])/C([H])=C([H])/C(=C([H])/C([H])=C([H])/C([H])=C(C(/[H])=C([H])/C([H])=C(C(/[H])=C([H])/C([H])=C(C(/[H])=C(\[H])[C@]([H])(C([H])([H])C([H])([H])C(C([H])([H])[H])(C([H])([H])[H])[O:50][H:123])C(O[H])(C([H])([H])[H])C([H])([H])[H])\C([H])([H])[H])\C([H])([H])[H])\C([H])([H])[H])C([H])([H])[H])C([H])([H])[H])C([H])([H])[H])C(O[H])(C([H])([H])[H])C([H])([H])[H]>>[H][O:50][H:123],EVODEX-P30762
EVODEX-N12497,[H]O[C:18]([C:17]([H])([C:16])[H:75])([C:19])[C:20].[H][C:46]([C:45])([C:47]([C:48])([C:49])[O:50])[H:115]>>[C:16][C:17](=[C:18]([C:19])[C:20])[H:75].[C:45][C:46](=[C:47]([C:48])[C:49])[H:115].[H][O:50],EVODEX-P30763
EVODEX-N12498,[H]O[C:18]([C:17]([H])([C:16])[H:75])([C:19])[C:20].[H]O[C:47]([C:46]([H])([C:45])[H:115])([C:48])[C:49]>>[C:16][C:17](=[C:18]([C:19])[C:20])[H:75].[C:45][C:46](=[C:47]([C:48])[C:49])[H:115],EVODEX-P30764
EVODEX-N12499,[H]OC(=O)[C@]([H])(O[H])[C@]([H])([C@]([H])(O[H])[C@]([H])(O[H])C([H])([H])S(=O)(=O)O[H])[O:7][H:21]>>[H][O:7][H:21],EVODEX-P30765
EVODEX-N12500,[H][O:1][H:22]>>[H]OC(=O)C(=O)C([H])([H])[C@@]([H])(C([H])([H])C([H])([H])C(=O)O[H])[O:1][H:22],EVODEX-P30769
EVODEX-N12501,[H]OC(=O)C(=O)C([H])([H])[C@@]([H])(C([H])([H])C([H])([H])C(=O)O[H])[O:7][H:20]>>[H][O:7][H:20],EVODEX-P30771
EVODEX-N12502,[H]OC(=O)C([H])([H])C([H])([H])[C@@]([H])(C(=O)SC([H])([H])C([H])([H])N([H])C(=O)C([H])([H])C([H])([H])N([H])C(=O)[C@]([H])(O[H])C(C([H])([H])[H])(C([H])([H])[H])C([H])([H])OP(=O)(O[H])OP(=O)(O[H])OC([H])([H])[C@@]1([H])O[C@@]([H])(N2:C([H]):N:C3:C(N([H])[H]):N:C([H]):N:C:3:2)[C@]([H])(O[H])[C@]1([H])OP(=O)(O[H])O[H])[O:52][H:94]>>[H][O:52][H:94],EVODEX-P30774
EVODEX-N12503,[H][O:57][H:98]>>[H]OC(=O)C([H])([H])C([H])([H])[C@@]([H])(C(=O)SC([H])([H])C([H])([H])N([H])C(=O)C([H])([H])C([H])([H])N([H])C(=O)[C@]([H])(O[H])C(C([H])([H])[H])(C([H])([H])[H])C([H])([H])OP(=O)(O[H])OP(=O)(O[H])OC([H])([H])[C@@]1([H])O[C@@]([H])(N2:C([H]):N:C3:C(N([H])[H]):N:C([H]):N:C:3:2)[C@]([H])(O[H])[C@]1([H])OP(=O)(O[H])O[H])[O:57][H:98],EVODEX-P30778
EVODEX-N12504,[H]OC(=O)C([H])([H])C(C(=O)O[H])(C([H])([H])C([H])([H])SC([H])([H])[H])[O:6][H:21]>>[H][O:6][H:21],EVODEX-P30780
EVODEX-N12505,[H]OC(=O)C([H])([H])C(C(=O)O[H])(C([H])([H])C([H])([H])C([H])([H])SC([H])([H])[H])[O:7][H:24]>>[H][O:7][H:24],EVODEX-P30783
EVODEX-N12506,[H]OC(=O)[C@@]1([H])N([H])C([H])([H])[C@]([H])([O:7][H:15])C1([H])[H]>>[H][O:7][H:15],EVODEX-P30786
EVODEX-N12507,[H]O[C@:6]1([H:14])[C:5][C:4][N:9]([H])[C:8]1([H])[H:16]>>[H][C:6]1([H:14])[C:5][C:4][N:9]=[C:8]1[H:16],EVODEX-P30788
EVODEX-N12508,[H]O[C@]1([H])[C@]([H])(OP(=O)(O[H])O[H])[C@@]([H])(C([H])([H])OP(=O)(O[H])OP(=O)(O[H])OC([H])([H])C(C([H])([H])[H])(C([H])([H])[H])[C@@]([H])(O[H])C(=O)N([H])C([H])([H])C([H])([H])C(=O)N([H])C([H])([H])C([H])([H])SC(=O)[C@@]([H])(C([H])([H])C2:C([H]):C([H]):C([H]):C([H]):C:2[H])[O:52][H:96])O[C@@]1([H])N1:C([H]):N:C2:C(N([H])[H]):N:C([H]):N:C:2:1>>[H][O:52][H:96],EVODEX-P30789
EVODEX-N12509,[H]OC1:C([H]):C([H]):C(C([H])([H])[C@]([H])(C(=O)SC([H])([H])C([H])([H])N([H])C(=O)C([H])([H])C([H])([H])N([H])C(=O)[C@]([H])(O[H])C(C([H])([H])[H])(C([H])([H])[H])C([H])([H])OP(=O)(O[H])OP(=O)(O[H])OC([H])([H])[C@@]2([H])O[C@@]([H])(N3:C([H]):N:C4:C(N([H])[H]):N:C([H]):N:C:4:3)[C@]([H])(O[H])[C@]2([H])OP(=O)(O[H])O[H])[O:52][H:97]):C([H]):C:1[H]>>[H][O:52][H:97],EVODEX-P30791
EVODEX-N12510,[H]OC([H])([H])[C@@]([H])(C([H])([H])S(=O)(=O)O[H])[O:7][H:14]>>[H][O:7][H:14],EVODEX-P30794
EVODEX-N12511,[H]OC([H])([H])[C@@]1(OC([H])([H])[C@@]2(O[H])O[C@]([H])(C([H])([H])O[H])[C@@]([H])(O[H])[C@]2([H])O[H])O[C@]([H])(C([H])([H])O[H])[C@@]([H])(O[H])[C@]1([H])[O:21][H:43]>>[H][O:21][H:43],EVODEX-P30799
EVODEX-N12512,[H][O:1][H:24]>>[H]OC([H])([H])[C@@]1(OC([H])([H])[C@@]2(O[H])O[C@]([H])(C([H])([H])O[H])[C@@]([H])(O[H])[C@]2([H])O[H])O[C@]([H])(C([H])([H])O[H])[C@@]([H])(O[H])[C@]1([H])[O:1][H:24],EVODEX-P30802
EVODEX-N12513,[H][C@@:40]([C@:8]([O:7])([C:9])[H:102])([O:39])[C:41].[H]OC(=O)[C@@]1([H])O[C@]([H])(O[H])[C@]([H])(O[H])[C@@]([H])(O[H])[C@@]1([H])O[C@@]1([H])O[C@]([H])(C(=O)O[H])[C@]([H])([O:63][C:62])[C@]([H])(O[H])[C@@]1([H])O[H]>>[C:8]([C:9])(=[C:40]([O:39])[C:41])[H:102].[H][O:7].[H][O:63][C:62],EVODEX-P30807
EVODEX-N12514,[H]OC(=O)[C@@]1([H])O[C@]([H])(O[H])[C@]([H])(O[H])[C@@]([H])(O[H])[C@@]1([H])O[C@@]1([H])O[C@]([H])(C(=O)O[H])[C@]([H])(O[C@@]2([H])O[C@]([H])(C(=O)O[H])[C@]([H])([O:7][C:6])[C@]([H])(O[H])[C@@]2([H])O[H])[C@]([H])(O[H])[C@@]1([H])O[H].[H][C@@:84]([C@:64]([O:63])([C:65])[H:142])([O:83])[C:85]>>[C:64]([C:65])(=[C:84]([O:83])[C:85])[H:142].[H][O:7][C:6].[H][O:63],EVODEX-P30811
EVODEX-N12515,[H][C@@:40]([C@:8]([O:7])([C:9])[H:102])([O:39])[C:41].[H]OC(=O)[C@@]1([H])O[C@]([H])(O[C@]2([H])[C@]([H])(O[H])[C@@]([H])(O[H])[C@@]([H])(O[C@:64]([C:65])([C@:84]([H])([O:83])[C:85])[H:142])O[C@]2([H])C(=O)O[H])[C@]([H])(O[H])[C@@]([H])(O[H])[C@@]1([H])O[H]>>[C:64]([C:65])(=[C:84]([O:83])[C:85])[H:142].[C:8]([C:9])(=[C:40]([O:39])[C:41])[H:102].[H][O:7],EVODEX-P30812
EVODEX-N12516,[H]OC(=O)[C@@]1([H])O[C@]([H])(O[C@:8]([C:9])([C@:40]([H])([O:39])[C:41])[H:102])[C@]([H])(O[H])[C@@]([H])(O[H])[C@@]1([H])O[H].[H]OC(=O)[C@@]1([H])O[C@]([H])(O[C@]2([H])[C@]([H])(O[H])[C@@]([H])(O[H])[C@@]([H])(O[C@:64]([C:65])([C@:84]([H])([O:83])[C:85])[H:142])O[C@]2([H])C(=O)O[H])[C@]([H])(O[H])[C@@]([H])(O[H])[C@@]1([H])O[H]>>[C:64]([C:65])(=[C:84]([O:83])[C:85])[H:142].[C:8]([C:9])(=[C:40]([O:39])[C:41])[H:102],EVODEX-P30813
EVODEX-N12517,[H]OC(=O)[C@@]1([H])O[C@]([H])(O[H])[C@]([H])(O[H])[C@@]([H])(O[H])[C@@]1([H])O[C@@]1([H])O[C@]([H])(C(=O)O[H])[C@]([H])(O[C@@]2([H])O[C@]([H])(C(=O)O[H])[C@]([H])([O:7][C:6])[C@]([H])(O[H])[C@@]2([H])O[H])[C@]([H])(O[H])[C@@]1([H])O[H].[H]OC(=O)[C@@]1([H])O[C@]([H])(O[C@]2([H])[C@]([H])(O[H])[C@@]([H])(O[H])[C@@]([H])(O[C@:64]([C:65])([C@:84]([H])([O:83])[C:85])[H:142])O[C@]2([H])C(=O)O[H])[C@]([H])(O[H])[C@@]([H])(O[H])[C@@]1([H])O[H]>>[C:64]([C:65])(=[C:84]([O:83])[C:85])[H:142].[H][O:7][C:6],EVODEX-P30814
EVODEX-N12518,[H]OC(=O)[C@@]1([H])O[C@]([H])(O[C@:8]([C:9])([C@:40]([H])([O:39])[C:41])[H:102])[C@]([H])(O[H])[C@@]([H])(O[H])[C@@]1([H])O[H]>>[C:8]([C:9])(=[C:40]([O:39])[C:41])[H:102],EVODEX-P30815
EVODEX-N12519,[H]OC(=O)[C@@]1([H])O[C@]([H])(O[C@]2([H])[C@]([H])(O[H])[C@@]([H])(O[H])[C@@]([H])(O[C@:64]([C:65])([C@:84]([H])([O:83])[C:85])[H:142])O[C@]2([H])C(=O)O[H])[C@]([H])(O[H])[C@@]([H])(O[H])[C@@]1([H])O[H]>>[C:64]([C:65])(=[C:84]([O:83])[C:85])[H:142],"EVODEX-P30816,EVODEX-P30823"
EVODEX-N12520,[H]OC(=O)[C@@]1([H])O[C@]([H])(O[H])[C@]([H])(O[H])[C@@]([H])(O[H])[C@@]1([H])O[C@@]1([H])O[C@]([H])(C(=O)O[H])[C@]([H])([O:63][C:62])[C@]([H])(O[H])[C@@]1([H])O[H]>>[H][O:63][C:62],EVODEX-P30817
EVODEX-N12521,[H]OC(=O)[C@@]1([H])O[C@]([H])(O[C@:8]([C:9])([C@:40]([H])([O:39])[C:41])[H:102])[C@]([H])(O[H])[C@@]([H])(O[H])[C@@]1([H])O[H].[H]OC(=O)[C@@]1([H])O[C@]([H])(O[H])[C@]([H])(O[H])[C@@]([H])(O[H])[C@@]1([H])O[C@@]1([H])O[C@]([H])(C(=O)O[H])[C@]([H])([O:63][C:62])[C@]([H])(O[H])[C@@]1([H])O[H]>>[C:8]([C:9])(=[C:40]([O:39])[C:41])[H:102].[H][O:63][C:62],EVODEX-P30818
EVODEX-N12522,[H]OC(=O)[C@@]1([H])O[C@]([H])(O[H])[C@]([H])(O[H])[C@@]([H])(O[H])[C@@]1([H])O[C@@]1([H])O[C@]([H])(C(=O)O[H])[C@]([H])(O[C@@]2([H])O[C@]([H])(C(=O)O[H])[C@]([H])([O:7][C:6])[C@]([H])(O[H])[C@@]2([H])O[H])[C@]([H])(O[H])[C@@]1([H])O[H].[H]OC(=O)[C@@]1([H])O[C@]([H])(O[H])[C@]([H])(O[H])[C@@]([H])(O[H])[C@@]1([H])O[C@@]1([H])O[C@]([H])(C(=O)O[H])[C@]([H])([O:63][C:62])[C@]([H])(O[H])[C@@]1([H])O[H]>>[H][O:7][C:6].[H][O:63][C:62],EVODEX-P30819
EVODEX-N12523,[H]OC(=O)[C@@]1([H])O[C@]([H])(O[C@:8]([C:9])([C@:40]([H])([O:39])[C:41])[H:102])[C@]([H])(O[H])[C@@]([H])(O[H])[C@@]1([H])O[H].[H][C@@:84]([C@:64]([O:63])([C:65])[H:142])([O:83])[C:85]>>[C:64]([C:65])(=[C:84]([O:83])[C:85])[H:142].[C:8]([C:9])(=[C:40]([O:39])[C:41])[H:102].[H][O:63],EVODEX-P30820
EVODEX-N12524,[H]OC(=O)[C@]1([H])O[C@]([H])(O[C@@]2([H])[C@]([H])(O[H])[C@]([H])(O[H])[C@@]([H])(O[C@@]3([H])[C@]([H])(O[H])[C@]([H])(O[H])C([H])(O[H])O[C@@]3([H])C(=O)O[H])O[C@@]2([H])C(=O)O[H])[C@@]([H])(O[H])[C@@]([H])(O[H])[C@]1([H])O[C@@]1([H])O[C@@]([H])(C(=O)O[H])[C@@]([H])(O[C@@]2([H])O[C@@]([H])(C(=O)O[H])[C@@]([H])([O:14][C:13])[C@]([H])(O[H])[C@]2([H])O[H])[C@]([H])(O[H])[C@]1([H])O[H]>>[H][O:14][C:13],EVODEX-P30821
EVODEX-N12525,[H]OC(=O)[C@]1([H])O[C@]([H])(O[C@@]2([H])[C@]([H])(O[H])[C@]([H])(O[H])[C@@]([H])(O[C@@]3([H])[C@]([H])(O[H])[C@]([H])(O[H])[C@@]([H])(O[C@@:22]([C:23])([C@@:54]([H])([O:53])[C:55])[H:89])O[C@@]3([H])C(=O)O[H])O[C@@]2([H])C(=O)O[H])[C@@]([H])(O[H])[C@@]([H])(O[H])[C@]1([H])O[H]>>[C:22]([C:23])(=[C:54]([O:53])[C:55])[H:89],EVODEX-P30825
EVODEX-N12526,[H]OC(=O)[C@@]1([H])O[C@@]([H])(O[C@@]2([H])[C@]([H])(O[H])[C@@]([H])(N([H])[H])[C@@]([H])(O[C@@:5]([C:6])([C@:22]([H])([O:21])[C:23])[H:50])O[C@]2([H])C([H])([H])O[H])[C@]([H])(O[H])[C@@]([H])(O[H])[C@]1([H])O[H]>>[C:5]([C:6])(=[C:22]([O:21])[C:23])[H:50],EVODEX-P30828
EVODEX-N12527,[H]OC(=O)[C@@]1([H])O[C@@]([H])(O[C@@]2([H])[C@]([H])(O[H])[C@@]([H])(N([H])C(=O)C([H])([H])[H])[C@@]([H])(O[C@@:8]([C:9])([C@:25]([H])([O:24])[C:26])[H:55])O[C@]2([H])C([H])([H])O[H])[C@]([H])(O[H])[C@@]([H])(O[H])[C@]1([H])O[H]>>[C:8]([C:9])(=[C:25]([O:24])[C:26])[H:55],EVODEX-P30829
EVODEX-N12528,[H]OC([H])([H])[C@@]1([H])O[C@]([H])(O[H])[C@@]([H])(O[H])[C@@]([H])(O[H])[C@]1([H])O[C@@:5]([O:4])([C@:18]([H])([O:19][H])[C:20])[H:28]>>[H][C:5]([O:4])([C:18](=[O:19])[C:20])[H:28],EVODEX-P30833
EVODEX-N12529,[H]OC([H])([H])[C@@]1([H])O[C@]([H])(O[C@]2(C([H])([H])O[C@:10]([C:9])([O:34])[C:40])O[C@]([H])(C([H])([H])O[H])[C@@]([H])(O[H])[C@]2([H])O[H])[C@]([H])(O[H])[C@@]([H])(O[H])[C@]1([H])O[H].[H][O:43][C:42]>>[C:9][C@:10]([O:34])([C:40])[O:43][C:42],EVODEX-P30834
EVODEX-N12530,[C:9][C@@:10]([O:11])([O:34])[C:40].[H][O:43][C:42]>>[H][O:11].[C:9][C@:10]([O:34])([C:40])[O:43][C:42],"EVODEX-P30835,EVODEX-P30838"
EVODEX-N12531,[H]OC([H])([H])[C@@]1(OC([H])([H])[C@@]2([O:11][C:12])O[C@]([H])(C([H])([H])O[H])[C@@]([H])(O[H])[C@]2([H])O[H])O[C@]([H])(C([H])([H])O[H])[C@@]([H])(O[H])[C@]1([H])O[H]>>[H][O:11][C:12],EVODEX-P30836
EVODEX-N12532,[H]OC([H])([H])[C@@]1([H])O[C@]([H])(O[C@:10]([C:9])([O:23])[C:29])[C@]([H])(O[H])[C@@]([H])(O[H])[C@]1([H])O[H].[H][O:32][C:31]>>[C:9][C@:10]([O:23])([C:29])[O:32][C:31],EVODEX-P30837
EVODEX-N12533,[H][C:1]([H])=[C:2]([H])[C@:3]([H])([N:4]([H])[H])[C:5][O:7][H].[H][O:11][P:10](=[O:9])([O:12][H])[O:13][H].[H][O:8][H]>>[H][C:1]([H])([H])[C@:2]([H])([C@:3]([H])([N:4]([H])[H])[C:5][O:7][H])[O:11][H].[H][O:8][P:10](=[O:9])([O:12][H])[O:13][H],EVODEX-P30839
EVODEX-N12534,[H][C:1]([H])=[C:2]([H])[C@:3]([H])([N:4]([H])[H])[C:5][O:7][H]>>[H]O[C@:2]([H])([C:1]([H])([H])[H])[C@:3]([H])([N:4]([H])[H])[C:5][O:7][H],EVODEX-P30840
EVODEX-N12535,[H][C:1]([H])=[C:2]([H])[C@:3]([H])([N:4]([H])[H])[C:5][O:7][H].[H][O:8][H]>>[H]O[C@:2]([H])([C:1]([H])([H])[H])[C@:3]([H])([N:4]([H])[H])[C:5][O:7][H].[H]OP(=O)(O[H])[O:8][H],EVODEX-P30841
EVODEX-N12536,[H][C:1]([H])=[C:2]([H])[C@:3]([H])([N:4]([H])[H])[C:5][O:7][H].[H]OP(=O)(O[H])[O:11][H]>>[H][C:1]([H])([H])[C@:2]([H])([C@:3]([H])([N:4]([H])[H])[C:5][O:7][H])[O:11][H],EVODEX-P30842
EVODEX-N12537,[H][C:1]([H])=[C:2]([H])[C@:3]([H])([N:4]([H])[H])[C:5][O:7][H].[H][O:11][P:10]([O:12][H])[O:13][H]>>[H][C:1]([H])([H])[C@:2]([H])([C@:3]([H])([N:4]([H])[H])[C:5][O:7][H])[O:11][H].[H]O[P:10]([O:12][H])[O:13][H],EVODEX-P30843
EVODEX-N12538,[H][O:11][P:10](=[O:9])([O:12][H])[O:13][H].[H][O:8][H]>>[H]OC(=O)[C@@]([H])(N([H])[H])[C@@]([H])(C([H])([H])[H])[O:11][H].[H][O:8][P:10](=[O:9])([O:12][H])[O:13][H],EVODEX-P30844
EVODEX-N12539,[H]OP(=O)(O[H])[O:11][H]>>[H]OC(=O)[C@@]([H])(N([H])[H])[C@@]([H])(C([H])([H])[H])[O:11][H],EVODEX-P30845
EVODEX-N12540,[H][O:11][P:10]([O:12][H])[O:13][H]>>[H]OC(=O)[C@@]([H])(N([H])[H])[C@@]([H])(C([H])([H])[H])[O:11][H].[H]O[P:10]([O:12][H])[O:13][H],EVODEX-P30846
EVODEX-N12541,[H]O[P:10](=[O:9])([O:12][H])[O:13][H].[H][O:8][H]>>[H][O:8][P:10](=[O:9])([O:12][H])[O:13][H],EVODEX-P30847
EVODEX-N12542,[H]OC(=O)[C@]([H])([C@]([H])(O[H])C([H])([H])[H])[N:5]([H:15])[H:16]>>[H][N:5]([H:15])[H:16],EVODEX-P30848
EVODEX-N12543,[H]OP(=O)(O[H])O[C:3]([C:2]([H])([N:1])[H:12])([H:14])[H:15].[H][O:9][H]>>[H][C:3]([C:2](=[O:9])[H:12])([H:14])[H:15].[H][N:1],EVODEX-P30851
EVODEX-N12544,[H]C([H])(C([H])([H])[O:4][P:5])[N:1]([H:10])[H:11]>>[H][N:1]([H:10])[H:11].[H][O:4][P:5],EVODEX-P30854
EVODEX-N12545,[H]OP(=O)(O[H])OC([H])([H])C([H])([H])[N:1]([H:10])[H:11]>>[H][N:1]([H:10])[H:11],EVODEX-P30855
EVODEX-N12546,[H]OP(=O)(O[H])O[C:3]([C:2]([H])(N([H])[H])[H:12])([H:14])[H:15].[H][O:9][H]>>[H][C:3]([C:2](=[O:9])[H:12])([H:14])[H:15],EVODEX-P30857
EVODEX-N12547,[H]OP(=O)(O[H])O[C:3]([C:2]([H])(N([H])[H])[H:12])([H:14])[H:15]>>[H][C:3]([C:2](=O)[H:12])([H:14])[H:15],EVODEX-P30859
EVODEX-N12548,[H]OP(=O)(O[H])O[C:3]([C:2]([H])([N:1])[H:12])([H:14])[H:15]>>[H][C:3]([C:2](=O)[H:12])([H:14])[H:15].[H][N:1],EVODEX-P30860
EVODEX-N12549,[H]OC([H])([H])C(=O)C([H])([H])[O:6][P:7]>>[H][O:6][P:7],EVODEX-P30861
EVODEX-N12550,[H]OP(=O)(O[H])O[C:5]([C:2][C:3]([H])([O:4][H])[H:11])([H:13])[H:14]>>[H][C:5]([C:2][C:3](=[O:4])[H:11])([H:13])[H:14],EVODEX-P30863
EVODEX-N12551,[H]OC(=O)C(=O)C([H])([H])[C@@]([H])(O[H])[C@]([H])(O[H])[C@]([H])(O[H])C([H])([H])[O:14][P:15]>>[H][O:14][P:15],EVODEX-P30864
EVODEX-N12552,[C:2][C:4](=[O:5])[C:6].[H][C@@:11]([C:9])([O:12][H])[C:13]([O:14])([H:28])[H:29]>>[H][O:5][C@:4]([C:2])([C:6])[C:13]([C:11]([C:9])=[O:12])([H:28])[H:29].[H][O:14],"EVODEX-P30865,EVODEX-P30868,EVODEX-P31099"
EVODEX-N12553,[C:2][C:4](=[O:5])[C:6].[H]OP(=O)(O[H])O[C:13]([C@:11]([H])([C:9])[O:12][H])([H:28])[H:29]>>[H][O:5][C@:4]([C:2])([C:6])[C:13]([C:11]([C:9])=[O:12])([H:28])[H:29],"EVODEX-P30866,EVODEX-P30869,EVODEX-P31098"
EVODEX-N12554,[H]OC(=O)C(=O)[C@]([H])(F)[C@@]([H])(O[H])[C@]([H])(O[H])[C@]([H])(O[H])C([H])([H])[O:15][P:16]>>[H][O:15][P:16],EVODEX-P30867
EVODEX-N12555,[H]OC(=O)C(O[C@]1([H])C([H])([H])C(C(=O)O[H])=C([H])[C@@]([H])([O:12][P:13])[C@@]1([H])O[H])=C([H])[H]>>[H][O:12][P:13],EVODEX-P30870
EVODEX-N12556,[H][C:5]1([H:25])[C:4][C:17][C@@:11]([O:12])([H:29])[C:10]([H:28])=[C:6]1[C:7]>>[C:4]1[C:5]([H:25])=[C:6]([C:7])[C:10]([H:28])=[C:11]([H:29])[C:17]1.[H][O:12],EVODEX-P30871
EVODEX-N12557,[H]OP(=O)(O[H])O[C@:11]1([H:29])[C:10]([H:28])=[C:6]([C:7])[C:5]([H])([H:25])[C:4][C:17]1>>[C:4]1[C:5]([H:25])=[C:6]([C:7])[C:10]([H:28])=[C:11]([H:29])[C:17]1,EVODEX-P30872
EVODEX-N12558,[C:4]1[C:5]([H:25])=[C:6]([C:7])[C:10]([H:27])=[C:11]([H:28])[C:12]1.[H][O:19][P:18]>>[H][C:5]1([H:25])[C:4][C:12][C@@:11]([O:19][P:18])([H:28])[C:10]([H:27])=[C:6]1[C:7],EVODEX-P30873
EVODEX-N12559,[H][O:19][P:18]>>[H]OC(=O)C(O[C@]1([H])C([H])([H])C(C(=O)O[H])=C([H])[C@@]([H])([O:19][P:18])[C@@]1([H])O[H])=C([H])[H],EVODEX-P30874
EVODEX-N12560,[C:4]1[C:5]([H:25])=[C:6]([C:7])[C:10]([H:27])=[C:11]([H:28])[C:12]1>>[H]OP(=O)(O[H])O[C@:11]1([H:28])[C:10]([H:27])=[C:6]([C:7])[C:5]([H])([H:25])[C:4][C:12]1,EVODEX-P30875
EVODEX-N12561,[C:1][C:2]([C:3])=[C:4]([C:5])[H:36].[H][C:20]([C:19])([O:21])[H:61]>>[C:1][C:2]1([C:3])[C:4]([C:5])([H:36])[C:20]1([C:19])[H:61].[H][O:21],"EVODEX-P30876,EVODEX-P30887,EVODEX-P31001"
EVODEX-N12562,[C:1][C:2]([C:3])=[C:4]([C:5])[H:36].[H]OP(=O)(O[H])OP(=O)(O[H])O[C:20]([H])([C:19])[H:61]>>[C:1][C:2]1([C:3])[C:4]([C:5])([H:36])[C:20]1([C:19])[H:61],"EVODEX-P30877,EVODEX-P30888,EVODEX-P31002"
EVODEX-N12563,[H][C:1]([C:2]([C:3])=[C:4]([C:5][C:6]([H])([H])/[C:7]([C:8])=[C:9](/[C:10][C:11][C:12]([C:13]([H:44])([H:45])[H:46])=[C:14][C:15]([O:16])([H:48])[H:49])[H:39])[H:31])([H:25])[H:26]>>[H][C@@:7]1([C:8])[C@@:6]2([C:13]([H:44])([H:45])[H:46])[C:5][C@:4]([C:2](=[C:1]([H:25])[H:26])[C:3])([H:31])[C:15]([H:48])([H:49])[C:14]=[C:12]2[C:11][C:10][C:9]1([H])[H:39].[H][O:16],EVODEX-P30878
EVODEX-N12564,[H]OP(=O)(O[H])OP(=O)(O[H])O[C:15]([C:14]=[C:12]([C:11][C:10]/[C:9](=[C:7](/[C:6]([H])([H])[C:5][C:4](=[C:2]([C:1]([H])([H:25])[H:26])[C:3])[H:31])[C:8])[H:39])[C:13]([H:44])([H:45])[H:46])([H:48])[H:49]>>[H][C@@:7]1([C:8])[C@@:6]2([C:13]([H:44])([H:45])[H:46])[C:5][C@:4]([C:2](=[C:1]([H:25])[H:26])[C:3])([H:31])[C:15]([H:48])([H:49])[C:14]=[C:12]2[C:11][C:10][C:9]1([H])[H:39],EVODEX-P30879
EVODEX-N12565,[H][C:10]1([H:38])[C:9][C:8][C:7]2=[C:6][C:5]([H:31])([H:32])[C@@:4]([C:2](=[C:1]([H:25])[H:26])[C:3])([H:30])[C:15][C@:13]2([C:14]([H:44])([H:45])[H:46])[C@@:11]1([H])[C:12].[H][O:18][P:17]>>[H][C:1]([C:2]([C:3])=[C:4]([C:15][C:13]([H])([H])/[C:11](=[C:10](/[C:9][C:8][C:7](=[C:6][C:5]([O:18][P:17])([H:31])[H:32])[C:14]([H:44])([H:45])[H:46])[H:38])[C:12])[H:30])([H:25])[H:26],EVODEX-P30880
EVODEX-N12566,[H][O:18][P:17]>>[H]C(=C(C([H])([H])[H])C([H])([H])[H])C([H])([H])C([H])([H])/C(=C(\[H])C([H])([H])C([H])([H])/C(=C(\[H])C([H])([H])[O:18][P:17])C([H])([H])[H])C([H])([H])[H],EVODEX-P30881
EVODEX-N12567,[H][C:10]1([H:38])[C:9][C:8][C:7]2=[C:6][C:5][C@@:4]([C:2](=[C:1]([H:25])[H:26])[C:3])([H:30])[C:15][C@:13]2([C:14]([H:44])([H:45])[H:46])[C@@:11]1([H])[C:12]>>[H]OP(=O)(O[H])OP(=O)(O[H])O[C:5][C:6]=[C:7]([C:8][C:9]/[C:10](=[C:11](\[C:12])[C:13]([H])([H])[C:15][C:4](=[C:2]([C:1]([H])([H:25])[H:26])[C:3])[H:30])[H:38])[C:14]([H:44])([H:45])[H:46],EVODEX-P30882
EVODEX-N12568,[C:1][C:2]([C:3])=[C:4]([C:5])[H:31].[H][C:9](=[C:7])[C:10]([H])([C:11]([H])(/[C:12]([C:13])=[C:14](/[C:15]([O:16])([H:48])[H:49])[H:47])[H:42])[H:40]>>[H][C:2]([C:1])([C:3])[C@:4]([C:5])([C@@:10]1([H:40])[C:9](=[C:7])[C:15]([H:48])([H:49])[C:14]([H])([H:47])[C:12]([C:13])=[C:11]1[H:42])[H:31].[H][O:16],EVODEX-P30883
EVODEX-N12569,[C:1][C:2]([C:3])=[C:4]([C:5])[H:31].[H]OP(=O)(O[H])OP(=O)(O[H])O[C:15](/[C:14](=[C:12](/[C:11]([H])([C:10]([H])([C:9]([H])=[C:7])[H:40])[H:42])[C:13])[H:47])([H:48])[H:49]>>[H][C:2]([C:1])([C:3])[C@:4]([C:5])([C@@:10]1([H:40])[C:9](=[C:7])[C:15]([H:48])([H:49])[C:14]([H])([H:47])[C:12]([C:13])=[C:11]1[H:42])[H:31],EVODEX-P30884
EVODEX-N12570,[H][C:18](/[C:17]([C:16])=[C:19](\[C:20]([O:21])([H:61])[H:62])[H:60])([H:57])[H:58]>>[C:16][C:17](=[C:18]([H:57])[H:58])[C:19](=[C:20]([H:61])[H:62])[H:60].[H][O:21],"EVODEX-P30885,EVODEX-P30894,EVODEX-P30930,EVODEX-P30938,EVODEX-P30952,EVODEX-P31109,EVODEX-P31111,EVODEX-P31116,EVODEX-P31119"
EVODEX-N12571,[H]OP(=O)(O[H])OP(=O)(O[H])O[C:20](/[C:19](=[C:17](/[C:16])[C:18]([H])([H:57])[H:58])[H:60])([H:61])[H:62]>>[C:16][C:17](=[C:18]([H:57])[H:58])[C:19](=[C:20]([H:61])[H:62])[H:60],"EVODEX-P30886,EVODEX-P30895,EVODEX-P30931,EVODEX-P30939,EVODEX-P30953,EVODEX-P31110,EVODEX-P31112,EVODEX-P31117,EVODEX-P31120"
EVODEX-N12572,[C:9][C:10]([O:11])([H:35])[H:36].[H][C:1]([C:2]([C:3])=[C:4]([C:5])[H:26])([H:20])[H:21]>>[C:1](=[C:2]([C:3])[C@@:4]([C:5])([C:10]([C:9])([H:35])[H:36])[H:26])([H:20])[H:21].[H][O:11],"EVODEX-P30889,EVODEX-P30915,EVODEX-P30963,EVODEX-P31096"
EVODEX-N12573,[H]OP(=O)(O[H])OP(=O)(O[H])O[C:10]([C:9])([H:35])[H:36].[H][C:1]([C:2]([C:3])=[C:4]([C:5])[H:26])([H:20])[H:21]>>[C:1](=[C:2]([C:3])[C@@:4]([C:5])([C:10]([C:9])([H:35])[H:36])[H:26])([H:20])[H:21],"EVODEX-P30890,EVODEX-P30916,EVODEX-P30964,EVODEX-P31097"
EVODEX-N12574,[C:1][C:2]([C:3])=[C:4]([C:5])[H:36].[H][C:9](=[C:7])[C:10][C:11]/[C:12]([C:13])=[C:14](/[C:15][C:16]([H])(/[C:17]([C:18])=[C:19](/[C:20]([O:21])([H:61])[H:62])[H:60])[H:55])[H:52]>>[H][C:14]1([H:52])[C@@:12]2([C:13])[C:11][C:10][C:9](=[C:7])[C:2]([C:1])([C:3])[C@:4]([C:5])([H:36])[C:20]([H:61])([H:62])[C@:19]2([H:60])[C:17]([C:18])=[C:16]([H:55])[C:15]1.[H][O:21],EVODEX-P30891
EVODEX-N12575,[C:1][C:2]([C:3])=[C:4]([C:5])[H:36].[H]OP(=O)(O[H])OP(=O)(O[H])O[C:20](/[C:19](=[C:17](/[C:16]([H])([C:15]/[C:14](=[C:12](/[C:11][C:10][C:9]([H])=[C:7])[C:13])[H:52])[H:55])[C:18])[H:60])([H:61])[H:62]>>[H][C:14]1([H:52])[C@@:12]2([C:13])[C:11][C:10][C:9](=[C:7])[C:2]([C:1])([C:3])[C@:4]([C:5])([H:36])[C:20]([H:61])([H:62])[C@:19]2([H:60])[C:17]([C:18])=[C:16]([H:55])[C:15]1,EVODEX-P30892
EVODEX-N12576,[H]C(=C(C([H])([H])[H])C([H])([H])[H])C([H])([H])C([H])([H])/C(=C(\[H])C([H])([H])C([H])([H])/C([H])=C(\[H])C([H])([H])C([H])([H])/C(=C(\[H])C([H])([H])[O:20][P:21])C([H])([H])[H])C([H])([H])[H]>>[H][O:20][P:21],EVODEX-P30893
EVODEX-N12577,[C:16]/[C:17]([C:18]([H:57])([H:58])[H:59])=[C:19](/[C:20])[H:60].[H][C:1](=[C:2]([C:3]([H])([C:4])[H:32])[C:14])[H:30]>>[H][C:20][C:19]([C:17](=[C:1]([C:2](=[C:3]([C:4])[H:32])[C:14])[H:30])[C:16])([C:18]([H:57])([H:58])[H:59])[H:60].[H],EVODEX-P30896
EVODEX-N12578,[H]OP(=O)(O[H])OP(=O)(O[H])O[C:20](/[C:19](=[C:17](/[C:16])[C:18]([H:57])([H:58])[H:59])[H:60])([H:61])[H:62].[H][C:1](=[C:2]([C:3]([H])([C:4])[H:32])[C:14])[H:30]>>[H][C:20]([C:19]([C:17](=[C:1]([C:2](=[C:3]([C:4])[H:32])[C:14])[H:30])[C:16])([C:18]([H:57])([H:58])[H:59])[H:60])([H:61])[H:62],EVODEX-P30897
EVODEX-N12579,[H]O[C@]1([H])C([H])([H])C([H])([H])[C@@]2([H])C(C([H])([H])[H])(C([H])([H])[H])C([H])([H])C([H])([H])C([H])([H])[C@]2(C([H])([H])[H])[C@@]1([H])C([H])([H])C([H])([H])/C(=C(\[H])C([H])([H])[O:5][P:6])C([H])([H])[H]>>[H][O:5][P:6],EVODEX-P30898
EVODEX-N12580,[C:1]/[C:2](=[C:3](\[C:4]([O:5])([H:34])[H:35])[H:33])[C:14].[H][O:18][C:17]>>[C:1][C@:2]([C:3](=[C:4]([H:34])[H:35])[H:33])([C:14])[O:18][C:17].[H][O:5],"EVODEX-P30899,EVODEX-P31106,EVODEX-P31114"
EVODEX-N12581,[H]OP(=O)(O[H])OP(=O)(O[H])O[C:4](/[C:3](=[C:2](\[C:1])[C:14])[H:33])([H:34])[H:35].[H][O:18][C:17]>>[C:1][C@:2]([C:3](=[C:4]([H:34])[H:35])[H:33])([C:14])[O:18][C:17],"EVODEX-P30900,EVODEX-P31107,EVODEX-P31115"
EVODEX-N12582,[C:1](=[C:2]([C:3])[C:14])([H:30])[H:31].[H][C:18](/[C:17]([C:16])=[C:19](/[H])[C:20]([O:21])([H:61])[H:62])([H:57])[H:58]>>[H][C@@:17]1([C:16])[C:18]([H:57])([H:58])[C@:2]([C:3])([C:14])[C:1]([H:30])([H:31])[C:19]1=[C:20]([H:61])[H:62].[H][O:21],EVODEX-P30901
EVODEX-N12583,[C:1](=[C:2]([C:3])[C:14])([H:30])[H:31].[H]OP(=O)(O[H])OP(=O)(O[H])O[C:20](/[C:19]([H])=[C:17](/[C:16])[C:18]([H])([H:57])[H:58])([H:61])[H:62]>>[H][C@@:17]1([C:16])[C:18]([H:57])([H:58])[C@:2]([C:3])([C:14])[C:1]([H:30])([H:31])[C:19]1=[C:20]([H:61])[H:62],EVODEX-P30902
EVODEX-N12584,[C:1](=[C:2]([C:3])[C:14])([H:31])[H:32].[H][C:18](/[C:17]([C:16])=[C:19](/[H])[C:20])([H:58])[H:59].[H][O:30][H:67]>>[H][C@@:17]1([C:16])[C:18]([H:58])([H:59])[C@:2]([C:3])([C:14])[C:1]([H:31])([H:32])[C:19]1([C:20][H])[O:30][H:67].[H],EVODEX-P30903
EVODEX-N12585,[C:1](=[C:2]([C:3])[C:14])([H:31])[H:32].[H]OP(=O)(O[H])OP(=O)(O[H])O[C:20](/[C:19]([H])=[C:17](/[C:16])[C:18]([H])([H:58])[H:59])([H:62])[H:63].[H][O:30][H:67]>>[H][C@@:17]1([C:16])[C:18]([H:58])([H:59])[C@:2]([C:3])([C:14])[C:1]([H:31])([H:32])[C:19]1([C:20]([H])([H:62])[H:63])[O:30][H:67],EVODEX-P30904
EVODEX-N12586,[H][O:30][H:67]>>[H]C([H])([H])C1(C([H])([H])[H])C([H])([H])C([H])([H])C([H])([H])[C@]2(C([H])([H])[H])[C@]1([H])C([H])([H])C([H])([H])[C@]13C([H])([H])C(C([H])([H])[H])([O:30][H:67])[C@]([H])(C([H])([H])C([H])([H])[C@]12[H])C3([H])[H],EVODEX-P30905
EVODEX-N12587,[C:1](=[C:2]([C:3])[C:14])([H:31])[H:32].[H]OP(=O)(O[H])OP(=O)(O[H])O[C:20](/[C:19]([H])=[C:17](/[C:16])[C:18]([H])([H:58])[H:59])([H:62])[H:63]>>[H]O[C:19]1([C:20]([H])([H:62])[H:63])[C:1]([H:31])([H:32])[C@@:2]([C:3])([C:14])[C:18]([H:58])([H:59])[C@@:17]1([H])[C:16],EVODEX-P30906
EVODEX-N12588,[C:1](=[C:2]([C:3])[C:14])([H:31])[H:32].[H][C:18](/[C:17]([C:16])=[C:19](/[H])[C:20])([H:58])[H:59]>>[H]O[C:19]1([C:20][H])[C:1]([H:31])([H:32])[C@@:2]([C:3])([C:14])[C:18]([H:58])([H:59])[C@@:17]1([H])[C:16].[H],EVODEX-P30907
EVODEX-N12589,[H][C:6]([C:5][C:4](=[C:2]([C:1])[C:3])[H:26])([C:7]=[C:9][C:10]([O:11])([H:35])[H:36])[H:29]>>[C:1][C:2]1([C:3])[C@@:4]2([H:26])[C:5][C@:6]1([H:29])[C:7]=[C:9][C:10]2([H:35])[H:36].[H][O:11],"EVODEX-P30908,EVODEX-P30961"
EVODEX-N12590,[H]OP(=O)(O[H])OP(=O)(O[H])O[C:10]([C:9]=[C:7][C:6]([H])([C:5][C:4](=[C:2]([C:1])[C:3])[H:26])[H:29])([H:35])[H:36]>>[C:1][C:2]1([C:3])[C@@:4]2([H:26])[C:5][C@:6]1([H:29])[C:7]=[C:9][C:10]2([H:35])[H:36],"EVODEX-P30909,EVODEX-P30962"
EVODEX-N12591,[C:1][C:2]([C:3])=[C:4]([C:5])[H:32].[H][C:15](/[C:14](=[C:12](/[C:11])[C:13])[H:48])([O:16])[H:49].[H][O:25][H:54]>>[H][C@@:12]([C:11])([C:13])/[C:14](=[C:15](\[C@:4]([C:2]([C:1])([C:3])[O:25][H:54])([C:5])[H:32])[H:49])[H:48].[H][O:16],EVODEX-P30910
EVODEX-N12592,[C:1][C:2]([C:3])=[C:4]([C:5])[H:32].[H]OP(=O)(O[H])OP(=O)(O[H])O[C:15]([H])(/[C:14](=[C:12](/[C:11])[C:13])[H:48])[H:49].[H][O:25][H:54]>>[H][C@@:12]([C:11])([C:13])/[C:14](=[C:15](\[C@:4]([C:2]([C:1])([C:3])[O:25][H:54])([C:5])[H:32])[H:49])[H:48],EVODEX-P30911
EVODEX-N12593,[H][O:25][H:54]>>[H]C1=C(C([H])([H])[H])C([H])([H])C([H])([H])[C@@]([H])(C(C([H])([H])[H])(C([H])([H])[H])[O:25][H:54])/C([H])=C(/[H])[C@@]([H])(C([H])([H])[H])C([H])([H])C1([H])[H],EVODEX-P30912
EVODEX-N12594,[C:1][C:2]([C:3])=[C:4]([C:5])[H:32].[H]OP(=O)(O[H])OP(=O)(O[H])O[C:15]([H])(/[C:14](=[C:12](/[C:11])[C:13])[H:48])[H:49]>>[H]O[C:2]([C:1])([C:3])[C@:4]([C:5])(/[C:15](=[C:14](\[C@:12]([H])([C:11])[C:13])[H:48])[H:49])[H:32],EVODEX-P30913
EVODEX-N12595,[C:1][C:2]([C:3])=[C:4]([C:5])[H:32].[H][C:15](/[C:14](=[C:12](/[C:11])[C:13])[H:48])([O:16])[H:49]>>[H]O[C:2]([C:1])([C:3])[C@:4]([C:5])(/[C:15](=[C:14](\[C@:12]([H])([C:11])[C:13])[H:48])[H:49])[H:32].[H][O:16],EVODEX-P30914
EVODEX-N12596,[H][C:15]([C:14])([O:16])[H:48].[H][C:1]([C:2]([C:3])=[C:4]([C:5][C:6]/[C:7]([C:8])=[C:9](/[C:10])[H:39])[H:31])([H:25])[H:26]>>[H][C@@:7]1([C:8])[C:6][C:5][C@:4]([C:2](=[C:1]([H:25])[H:26])[C:3])([H:31])[C@:15]([C:14])([H:48])[C@:9]1([C:10])[H:39].[H][O:16],EVODEX-P30917
EVODEX-N12597,[H]OP(=O)(O[H])OP(=O)(O[H])O[C:15]([H])([C:14])[H:48].[H][C:1]([C:2]([C:3])=[C:4]([C:5][C:6]/[C:7]([C:8])=[C:9](/[C:10])[H:39])[H:31])([H:25])[H:26]>>[H][C@@:7]1([C:8])[C:6][C:5][C@:4]([C:2](=[C:1]([H:25])[H:26])[C:3])([H:31])[C@:15]([C:14])([H:48])[C@:9]1([C:10])[H:39],EVODEX-P30918
EVODEX-N12598,[H][C:15]([C:14])([O:16])[H:48].[H][C:8](/[C:7]([C:6][C:5][C:4](=[C:2]([C:1])[C:3])[H:31])=[C:9](\[C:10])[H:39])([H:36])[H:37]>>[H][C:2]([C:1])([C:3])[C:4]1([H:31])[C:5][C:6][C:7](=[C:8]([H:36])[H:37])[C:9]([C:10])([H:39])[C:15]1([C:14])[H:48].[H][O:16],EVODEX-P30919
EVODEX-N12599,[H]OP(=O)(O[H])OP(=O)(O[H])O[C:15]([H])([C:14])[H:48].[H][C:8](/[C:7]([C:6][C:5][C:4](=[C:2]([C:1])[C:3])[H:31])=[C:9](\[C:10])[H:39])([H:36])[H:37]>>[H][C:2]([C:1])([C:3])[C:4]1([H:31])[C:5][C:6][C:7](=[C:8]([H:36])[H:37])[C:9]([C:10])([H:39])[C:15]1([C:14])[H:48],EVODEX-P30920
EVODEX-N12600,[H][O:25][H:54]>>[H]C([H])=C([H])C(C([H])([H])[H])(C([H])([H])C([H])([H])/C([H])=C(\C([H])([H])[H])C([H])([H])C([H])([H])C([H])=C(C([H])([H])[H])C([H])([H])[H])[O:25][H:54],EVODEX-P30927
EVODEX-N12601,[C:16]/[C:17]([C:18])=[C:19](/[C:20]([O:21])([H:61])[H:62])[H:60].[H][C:1](=[C:2])[H:30]>>[C:1](=[C:2])([C@:17]([C:16])([C:18])[C:19](=[C:20]([H:61])[H:62])[H:60])[H:30].[H][O:21],EVODEX-P30932
EVODEX-N12602,[H]OP(=O)(O[H])OP(=O)(O[H])O[C:20](/[C:19](=[C:17](/[C:16])[C:18])[H:60])([H:61])[H:62].[H][C:1](=[C:2])[H:30]>>[C:1](=[C:2])([C@:17]([C:16])([C:18])[C:19](=[C:20]([H:61])[H:62])[H:60])[H:30],EVODEX-P30933
EVODEX-N12603,[H][C@@:14]([C:2](=[C:1]([H:30])[H:31])[C:3])([C:12])[C:15]([H])([C:16]/[C:17]([C:18])=[C:19](/[C:20]([O:21])([H:61])[H:62])[H:60])[H:53]>>[H][C@:2]1([C:3])[C:1]([H:30])([H:31])[C@:17]([C:18])([C:19](=[C:20]([H:61])[H:62])[H:60])[C:16][C:15]([H:53])=[C:14]1[C:12].[H][O:21],EVODEX-P30934
EVODEX-N12604,[H]OP(=O)(O[H])OP(=O)(O[H])O[C:20](/[C:19](=[C:17](/[C:16][C:15]([H])([C@:14]([H])([C:2](=[C:1]([H:30])[H:31])[C:3])[C:12])[H:53])[C:18])[H:60])([H:61])[H:62]>>[H][C@:2]1([C:3])[C:1]([H:30])([H:31])[C@:17]([C:18])([C:19](=[C:20]([H:61])[H:62])[H:60])[C:16][C:15]([H:53])=[C:14]1[C:12],EVODEX-P30935
EVODEX-N12605,[C:16]/[C:17]([C:18])=[C:19](/[C:20]([O:21])([H:61])[H:62])[H:60].[H][C:3]([C:2](=[C:1]([H:30])[H:31])[C:14])([C:4])[H:32]>>[C:1]([C:2](=[C:3]([C:4])[H:32])[C:14])([C@:17]([C:16])([C:18])[C:19](=[C:20]([H:61])[H:62])[H:60])([H:30])[H:31].[H][O:21],EVODEX-P30936
EVODEX-N12606,[H]OP(=O)(O[H])OP(=O)(O[H])O[C:20](/[C:19](=[C:17](/[C:16])[C:18])[H:60])([H:61])[H:62].[H][C:3]([C:2](=[C:1]([H:30])[H:31])[C:14])([C:4])[H:32]>>[C:1]([C:2](=[C:3]([C:4])[H:32])[C:14])([C@:17]([C:16])([C:18])[C:19](=[C:20]([H:61])[H:62])[H:60])([H:30])[H:31],EVODEX-P30937
EVODEX-N12607,[C:14][C:15]([O:16])([H:48])[H:49].[H][C:6]([C:5])(/[C:7]([C:8])=[C:9](/[C:10])[H:39])[H:34]>>[C:5]/[C:6](=[C:7](\[C:8])[C:9]([C:10])([C:15]([C:14])([H:48])[H:49])[H:39])[H:34].[H][O:16],EVODEX-P30940
EVODEX-N12608,[H]OP(=O)(O[H])OP(=O)(O[H])O[C:15]([C:14])([H:48])[H:49].[H][C:6]([C:5])(/[C:7]([C:8])=[C:9](/[C:10])[H:39])[H:34]>>[C:5]/[C:6](=[C:7](\[C:8])[C:9]([C:10])([C:15]([C:14])([H:48])[H:49])[H:39])[H:34],EVODEX-P30941
EVODEX-N12609,[C:14][C:15]([O:16])([H:48])[H:49].[H][C:9](=[C:7])[C:10]>>[C:7]=[C:9]([C:10])[C:15]([C:14])([H:48])[H:49].[H][O:16],"EVODEX-P30942,EVODEX-P30985,EVODEX-P31026,EVODEX-P31094"
EVODEX-N12610,[H]OP(=O)(O[H])OP(=O)(O[H])O[C:15]([C:14])([H:48])[H:49].[H][C:9](=[C:7])[C:10]>>[C:7]=[C:9]([C:10])[C:15]([C:14])([H:48])[H:49],"EVODEX-P30943,EVODEX-P30986,EVODEX-P31027,EVODEX-P31095"
EVODEX-N12611,[H][C:18](/[C:17]([C:16][C:15]/[C:14](=[C:12](/[C:11][C:10]/[C:9](=[C:7](/[C:6])[C:8])[H:44])[C:13])[H:52])=[C:19](\[C:20]([H])([H])[O:21])[H:60])([H:57])[H:58]>>[H][C@@:7]([C:6])([C:8])[C@@:9]1([H:44])[C:10][C:11][C@:12]([H])([C:13])[C@@:14]2([H:52])[C:15][C:16][C:17](=[C:18]([H:57])[H:58])[C:19]([H:60])=[C:20]12.[H][O:21],"EVODEX-P30944,EVODEX-P30946"
EVODEX-N12612,[H]OP(=O)(O[H])OP(=O)(O[H])O[C:20]([H])([H])/[C:19](=[C:17](/[C:16][C:15]/[C:14](=[C:12](/[C:11][C:10]/[C:9](=[C:7](/[C:6])[C:8])[H:44])[C:13])[H:52])[C:18]([H])([H:57])[H:58])[H:60]>>[H][C@@:7]([C:6])([C:8])[C@@:9]1([H:44])[C:10][C:11][C@:12]([H])([C:13])[C@@:14]2([H:52])[C:15][C:16][C:17](=[C:18]([H:57])[H:58])[C:19]([H:60])=[C:20]12,"EVODEX-P30945,EVODEX-P30947"
EVODEX-N12613,[H][C:11]([C:10])(/[C:12]([C:13])=[C:14](/[C:15]([O:16])([H:48])[H:49])[H:47])[H:42]>>[C:10]/[C:11](=[C:12](\[C:13])[C:14](=[C:15]([H:48])[H:49])[H:47])[H:42].[H][O:16],"EVODEX-P30948,EVODEX-P30950,EVODEX-P30999,EVODEX-P31077,EVODEX-P31121"
EVODEX-N12614,[H]OP(=O)(O[H])OP(=O)(O[H])O[C:15](/[C:14](=[C:12](/[C:11]([H])([C:10])[H:42])[C:13])[H:47])([H:48])[H:49]>>[C:10]/[C:11](=[C:12](\[C:13])[C:14](=[C:15]([H:48])[H:49])[H:47])[H:42],"EVODEX-P30949,EVODEX-P30951,EVODEX-P31000,EVODEX-P31078,EVODEX-P31122"
EVODEX-N12615,[H]C(=C(C([H])([H])[H])C([H])([H])[H])C([H])([H])C([H])([H])/C(=C(\[H])C([H])([H])C([H])([H])/C(=C(\F)C([H])([H])[O:17][P:18])C([H])([H])[H])C([H])([H])[H]>>[H][O:17][P:18],EVODEX-P30954
EVODEX-N12616,[H][C:13](/[C:12]([C:11])=[C:14](/[F:15])[C:16]([O:17])([H:48])[H:49])([H:45])[H:46]>>[C:11][C:12](=[C:13]([H:45])[H:46])[C:14]([F:15])=[C:16]([H:48])[H:49].[H][O:17],EVODEX-P30955
EVODEX-N12617,[H]OP(=O)(O[H])OP(=O)(O[H])O[C:16](/[C:14](=[C:12](/[C:11])[C:13]([H])([H:45])[H:46])[F:15])([H:48])[H:49]>>[C:11][C:12](=[C:13]([H:45])[H:46])[C:14]([F:15])=[C:16]([H:48])[H:49],EVODEX-P30956
EVODEX-N12618,[H][C:11]([C:10]/[C:9](=[C:7](\[C:6])[C:8])[H:39])(/[C:12]([C:13])=[C:14](\[C:15]([O:16])([H:48])[H:49])[H:47])[H:42]>>[C:6][C@:7]1([C:8])[C:9]2([H:39])[C:10][C@:11]3([H:42])[C:12]1([C:13])[C@:14]3([H:47])[C:15]2([H:48])[H:49].[H][O:16],"EVODEX-P30957,EVODEX-P31007"
EVODEX-N12619,[H]OP(=O)(O[H])OP(=O)(O[H])O[C:15](/[C:14](=[C:12](\[C:11]([H])([C:10]/[C:9](=[C:7](\[C:6])[C:8])[H:39])[H:42])[C:13])[H:47])([H:48])[H:49]>>[C:6][C@:7]1([C:8])[C:9]2([H:39])[C:10][C@:11]3([H:42])[C:12]1([C:13])[C@:14]3([H:47])[C:15]2([H:48])[H:49],"EVODEX-P30958,EVODEX-P31008"
EVODEX-N12620,[H][C:8](/[C:7]([C:6][C:5][C:4](=[C:2]([C:1])[C:3])[H:26])=[C:9](/[C:10]([H])([O:11])[H:35])[H:34])([H:31])[H:32]>>[H][C:2]([C:1])([C:3])[C:4]1([H:26])[C:5][C:6][C:7](=[C:8]([H:31])[H:32])[C:9]([H:34])=[C:10]1[H:35].[H][O:11],"EVODEX-P30959,EVODEX-P31041"
EVODEX-N12621,[H]OP(=O)(O[H])OP(=O)(O[H])O[C:10]([H])(/[C:9](=[C:7](\[C:6][C:5][C:4](=[C:2]([C:1])[C:3])[H:26])[C:8]([H])([H:31])[H:32])[H:34])[H:35]>>[H][C:2]([C:1])([C:3])[C:4]1([H:26])[C:5][C:6][C:7](=[C:8]([H:31])[H:32])[C:9]([H:34])=[C:10]1[H:35],"EVODEX-P30960,EVODEX-P31042"
EVODEX-N12622,[C:1][C:2]([C:3])=[C:4]([C:5])[H:31].[H][C:13](/[C:12]([C:11])=[C:14](\[C:15]([H])([O:16])[H:48])[H:47])([H:44])[H:45]>>[H][C:4]([C:2]([C:1])([C:3])/[C:15](=[C:14](/[C:12]([C:11])=[C:13]([H:44])[H:45])[H:47])[H:48])([C:5])[H:31].[H][O:16],EVODEX-P30965
EVODEX-N12623,[C:1][C:2]([C:3])=[C:4]([C:5])[H:31].[H]OP(=O)(O[H])OP(=O)(O[H])O[C:15]([H])(/[C:14](=[C:12](/[C:11])[C:13]([H])([H:44])[H:45])[H:47])[H:48]>>[H][C:4]([C:2]([C:1])([C:3])/[C:15](=[C:14](/[C:12]([C:11])=[C:13]([H:44])[H:45])[H:47])[H:48])([C:5])[H:31],EVODEX-P30966
EVODEX-N12624,[C:1][C:2]([C:3])=[C:4]([C:5])[H:31].[H][C:13](/[C:12]([C:11])=[C:14](\[C:15]([O:16])([H:48])[H:49])[H:47])([H:44])[H:45]>>[C:1][C:2]1([C:3])[C@@:4]([C:5])([H:31])[C@:14]([C:12]([C:11])=[C:13]([H:44])[H:45])([H:47])[C:15]1([H:48])[H:49].[H][O:16],EVODEX-P30967
EVODEX-N12625,[C:1][C:2]([C:3])=[C:4]([C:5])[H:31].[H]OP(=O)(O[H])OP(=O)(O[H])O[C:15](/[C:14](=[C:12](/[C:11])[C:13]([H])([H:44])[H:45])[H:47])([H:48])[H:49]>>[C:1][C:2]1([C:3])[C@@:4]([C:5])([H:31])[C@:14]([C:12]([C:11])=[C:13]([H:44])[H:45])([H:47])[C:15]1([H:48])[H:49],EVODEX-P30968
EVODEX-N12626,[H]/[C:9](=[C:7](\[C:6][C:5][C:4](=[C:2]([C:1])[C:3])[H:31])[C:8])[C:10]([H])([C:11]/[C:12]([C:13]([H])([H:44])[H:45])=[C:14](/[C:15]([H])([O:16])[H:48])[H:47])[H:40]>>[H][C:4]1([H:31])[C:2]([C:1])([C:3])[C@:15]2([H:48])[C@@:10]3([H:40])[C:9](=[C:13]([H:44])[H:45])[C@@:7]([C:8])([C:6][C:5]1)[C@:14]2([H:47])[C:12]([H])([H])[C:11]3.[H][O:16],EVODEX-P30969
EVODEX-N12627,[H]OP(=O)(O[H])OP(=O)(O[H])O[C:15]([H])(/[C:14](=[C:12](/[C:11][C:10]([H])(/[C:9]([H])=[C:7](/[C:6][C:5][C:4](=[C:2]([C:1])[C:3])[H:31])[C:8])[H:40])[C:13]([H])([H:44])[H:45])[H:47])[H:48]>>[H][C:4]1([H:31])[C:2]([C:1])([C:3])[C@:15]2([H:48])[C@@:10]3([H:40])[C:9](=[C:13]([H:44])[H:45])[C@@:7]([C:8])([C:6][C:5]1)[C@:14]2([H:47])[C:12]([H])([H])[C:11]3,EVODEX-P30970
EVODEX-N12628,[H][C:15]([C:14])([O:16])[H:48].[H][C:4](=[C:2]([C:1])[C:3])[C:5]>>[H][C:2]([C:1])([C:3])/[C:4]([C:5])=[C:15](/[C:14])[H:48].[H][O:16],"EVODEX-P30971,EVODEX-P30997,EVODEX-P31032,EVODEX-P31127"
EVODEX-N12629,[H]OP(=O)(O[H])OP(=O)(O[H])O[C:15]([H])([C:14])[H:48].[H][C:4](=[C:2]([C:1])[C:3])[C:5]>>[H][C:2]([C:1])([C:3])/[C:4]([C:5])=[C:15](/[C:14])[H:48],"EVODEX-P30972,EVODEX-P30998,EVODEX-P31033,EVODEX-P31128"
EVODEX-N12630,[H]C(=C(C([H])([H])[H])C([H])([H])[H])C([H])([H])C([H])([H])/C(=C(\F)C([H])([H])C([H])([H])/C(=C(\[H])C([H])([H])[O:17][P:18])C([H])([H])[H])C([H])([H])[H]>>[H][O:17][P:18],EVODEX-P30973
EVODEX-N12631,[H][C:1]([C:2]([C:3])=[C:4]([C:5][C:6][C:7]([C:8]([H:37])([H:38])[H:39])=[C:9][C:11][C:12]([H])([H])/[C:13]([C:14])=[C:15](/[C:16]([O:17])([H:48])[H:49])[H:47])[H:32])([H:26])[H:27]>>[H][C:13]1([C:14])[C@:12]2([C:8]([H:37])([H:38])[H:39])[C:7](=[C:9][C:11]2)[C:6][C:5][C:4]([C:2](=[C:1]([H:26])[H:27])[C:3])([H:32])[C:16]([H:48])([H:49])[C:15]1([H])[H:47].[H][O:17],EVODEX-P30974
EVODEX-N12632,[H]OP(=O)(O[H])OP(=O)(O[H])O[C:16](/[C:15](=[C:13](/[C:12]([H])([H])[C:11][C:9]=[C:7]([C:6][C:5][C:4](=[C:2]([C:1]([H])([H:26])[H:27])[C:3])[H:32])[C:8]([H:37])([H:38])[H:39])[C:14])[H:47])([H:48])[H:49]>>[H][C:13]1([C:14])[C@:12]2([C:8]([H:37])([H:38])[H:39])[C:7](=[C:9][C:11]2)[C:6][C:5][C:4]([C:2](=[C:1]([H:26])[H:27])[C:3])([H:32])[C:16]([H:48])([H:49])[C:15]1([H])[H:47],EVODEX-P30975
EVODEX-N12633,[H]/[C:9](=[C:7](\[C:6][C:5][C:4](=[C:2]([C:1])[C:3])[H:32])[C:8])[C:10].[H][C:15]([C:14])([O:16])[H:49].[H][O:25][H:54]>>[H][C:2]([C:1])([C:3])[C@@:4]1([H:32])[C:5][C:6][C@:7]([H])([C:8])[C@@:9]([C:10])([O:25][H:54])[C@@:15]1([C:14])[H:49].[H][O:16],EVODEX-P30976
EVODEX-N12634,[H]/[C:9](=[C:7](\[C:6][C:5][C:4](=[C:2]([C:1])[C:3])[H:32])[C:8])[C:10].[H]OP(=O)(O[H])OP(=O)(O[H])O[C:15]([H])([C:14])[H:49].[H][O:25][H:54]>>[H][C:2]([C:1])([C:3])[C@@:4]1([H:32])[C:5][C:6][C@:7]([H])([C:8])[C@@:9]([C:10])([O:25][H:54])[C@@:15]1([C:14])[H:49],EVODEX-P30977
EVODEX-N12635,[H][O:25][H:54]>>[H]C1=C(C([H])([H])[H])C([H])([H])C([H])([H])[C@@]2([O:25][H:54])[C@@]([H])(C([H])([H])[H])C([H])([H])C([H])([H])[C@]([H])(C([H])(C([H])([H])[H])C([H])([H])[H])[C@@]12[H],EVODEX-P30978
EVODEX-N12636,[H]/[C:9](=[C:7](\[C:6][C:5][C:4](=[C:2]([C:1])[C:3])[H:32])[C:8])[C:10].[H]OP(=O)(O[H])OP(=O)(O[H])O[C:15]([H])([C:14])[H:49]>>[H]O[C@:9]1([C:10])[C@@:7]([H])([C:8])[C:6][C:5][C@@:4]([C:2]([H])([C:1])[C:3])([H:32])[C@:15]1([C:14])[H:49],EVODEX-P30979
EVODEX-N12637,[H]/[C:9](=[C:7](\[C:6][C:5][C:4](=[C:2]([C:1])[C:3])[H:32])[C:8])[C:10].[H][C:15]([C:14])([O:16])[H:49]>>[H]O[C@:9]1([C:10])[C@@:7]([H])([C:8])[C:6][C:5][C@@:4]([C:2]([H])([C:1])[C:3])([H:32])[C@:15]1([C:14])[H:49].[H][O:16],EVODEX-P30980
EVODEX-N12638,[H][C:11]([C:10]/[C:9](=[C:7](/[C:6])[C:8])[H:39])(/[C:12]([C:13])=[C:14](/[C:15]([H])([O:16])[H:48])[H:47])[H:42]>>[H][C@@:7]([C:6])([C:8])[C@@:9]1([H:39])[C:10][C:11]([H:42])=[C:12]([C:13])[C:14]([H:47])=[C:15]1[H:48].[H][O:16],EVODEX-P30981
EVODEX-N12639,[H]OP(=O)(O[H])OP(=O)(O[H])O[C:15]([H])(/[C:14](=[C:12](/[C:11]([H])([C:10]/[C:9](=[C:7](/[C:6])[C:8])[H:39])[H:42])[C:13])[H:47])[H:48]>>[H][C@@:7]([C:6])([C:8])[C@@:9]1([H:39])[C:10][C:11]([H:42])=[C:12]([C:13])[C:14]([H:47])=[C:15]1[H:48],EVODEX-P30982
EVODEX-N12640,[H][C:11]([C:10]/[C:9](=[C:7](/[C:6][C:5][C:4](=[C:2]([C:1])[C:3])[H:31])[C:8])[H:39])(/[C:12]([C:13])=[C:14](/[C:15]([H])([H])[O:16])[H:47])[H:42]>>[H][C:2]([C:1])([C:3])[C@@:4]1([H:31])[C:5][C:6][C@@:7]([H])([C:8])[C@:9]2([H:39])[C:10][C:11]([H:42])=[C:12]([C:13])[C:14]([H:47])=[C:15]12.[H][O:16],EVODEX-P30983
EVODEX-N12641,[H]OP(=O)(O[H])OP(=O)(O[H])O[C:15]([H])([H])/[C:14](=[C:12](/[C:11]([H])([C:10]/[C:9](=[C:7](/[C:6][C:5][C:4](=[C:2]([C:1])[C:3])[H:31])[C:8])[H:39])[H:42])[C:13])[H:47]>>[H][C:2]([C:1])([C:3])[C@@:4]1([H:31])[C:5][C:6][C@@:7]([H])([C:8])[C@:9]2([H:39])[C:10][C:11]([H:42])=[C:12]([C:13])[C:14]([H:47])=[C:15]12,EVODEX-P30984
EVODEX-N12642,[C:1][C:2]([C:3])=[C:4]([C:5])[H:31].[H][C:13](/[C:12]([C:11])=[C:14](\[C:15]([H])([O:16])[H:48])[H:47])([H:44])[H:45]>>[H][C:2]([C:1])([C:3])[C@:4]([C:5])(/[C:15](=[C:14](/[C:12]([C:11])=[C:13]([H:44])[H:45])[H:47])[H:48])[H:31].[H][O:16],EVODEX-P30987
EVODEX-N12643,[C:1][C:2]([C:3])=[C:4]([C:5])[H:31].[H]OP(=O)(O[H])OP(=O)(O[H])O[C:15]([H])(/[C:14](=[C:12](/[C:11])[C:13]([H])([H:44])[H:45])[H:47])[H:48]>>[H][C:2]([C:1])([C:3])[C@:4]([C:5])(/[C:15](=[C:14](/[C:12]([C:11])=[C:13]([H:44])[H:45])[H:47])[H:48])[H:31],EVODEX-P30988
EVODEX-N12644,[H][C:10](/[C:9](=[C:7](/[C:6][C:5][C:4](=[C:2]([C:1])[C:3])[H:31])[C:8])[H:39])([C:11]([H])([C:12]([C:13])=[C:14][C:15]([O:16])([H:48])[H:49])[H:42])[H:40]>>[H][C:4]1([H:31])[C:2]([C:1])([C:3])[C@@:10]2([H:40])[C@@:9]3([H:39])[C@@:7]([C:8])([C:6][C:5]1)[C@:11]2([H:42])[C:15]([H:48])([H:49])[C:14]=[C:12]3[C:13].[H][O:16],EVODEX-P30989
EVODEX-N12645,[H]OP(=O)(O[H])OP(=O)(O[H])O[C:15]([C:14]=[C:12]([C:11]([H])([C:10]([H])(/[C:9](=[C:7](/[C:6][C:5][C:4](=[C:2]([C:1])[C:3])[H:31])[C:8])[H:39])[H:40])[H:42])[C:13])([H:48])[H:49]>>[H][C:4]1([H:31])[C:2]([C:1])([C:3])[C@@:10]2([H:40])[C@@:9]3([H:39])[C@@:7]([C:8])([C:6][C:5]1)[C@:11]2([H:42])[C:15]([H:48])([H:49])[C:14]=[C:12]3[C:13],EVODEX-P30990
EVODEX-N12646,[H][C:13](/[C:12]([C:11][C:10]/[C:9](=[C:7](/[C:6])[C:8])[H:39])=[C:14](/[H])[C:15]([O:16])([H:48])[H:49])([H:44])[H:45]>>[H][C@:12]12[C:11][C:10][C@:9]([H:39])([C@:7]([C:6])([C:8])[C:14]1=[C:15]([H:48])[H:49])[C:13]2([H:44])[H:45].[H][O:16],"EVODEX-P30991,EVODEX-P31034"
EVODEX-N12647,[H]OP(=O)(O[H])OP(=O)(O[H])O[C:15](/[C:14]([H])=[C:12](/[C:11][C:10]/[C:9](=[C:7](/[C:6])[C:8])[H:39])[C:13]([H])([H:44])[H:45])([H:48])[H:49]>>[H][C@:12]12[C:11][C:10][C@:9]([H:39])([C@:7]([C:6])([C:8])[C:14]1=[C:15]([H:48])[H:49])[C:13]2([H:44])[H:45],"EVODEX-P30992,EVODEX-P31035"
EVODEX-N12648,[C:11]/[C:12]([C:13])=[C:14](/[C:15]([O:16])([H:48])[H:49])[H:47].[H][C:1]([C:2]([C:3])=[C:4]([C:5][C:6]([H])([C:7])[H:34])[H:31])([H:25])[H:26]>>[H][C:14]1([H:47])[C@:12]([C:11])([C:13])[C@@:6]([C:7])([H:34])[C:5][C@:4]([C:2](=[C:1]([H:25])[H:26])[C:3])([H:31])[C:15]1([H:48])[H:49].[H][O:16],EVODEX-P30993
EVODEX-N12649,[H]OP(=O)(O[H])OP(=O)(O[H])O[C:15](/[C:14](=[C:12](/[C:11])[C:13])[H:47])([H:48])[H:49].[H][C:1]([C:2]([C:3])=[C:4]([C:5][C:6]([H])([C:7])[H:34])[H:31])([H:25])[H:26]>>[H][C:14]1([H:47])[C@:12]([C:11])([C:13])[C@@:6]([C:7])([H:34])[C:5][C@:4]([C:2](=[C:1]([H:25])[H:26])[C:3])([H:31])[C:15]1([H:48])[H:49],EVODEX-P30994
EVODEX-N12650,[C:11]/[C:12]([C:13])=[C:14](/[C:15]([O:16])([H:48])[H:49])[H:47].[H][C:1]([C:2]([C:3])=[C:4]([C:5]([H])([C:6])[H:32])[H:31])([H:25])[H:26]>>[H][C:14]1([H:47])[C:12]([C:11])([C:13])[C:5]([C:6])([H:32])[C:4]([C:2](=[C:1]([H:25])[H:26])[C:3])([H:31])[C:15]1([H:48])[H:49].[H][O:16],EVODEX-P30995
EVODEX-N12651,[H]OP(=O)(O[H])OP(=O)(O[H])O[C:15](/[C:14](=[C:12](/[C:11])[C:13])[H:47])([H:48])[H:49].[H][C:1]([C:2]([C:3])=[C:4]([C:5]([H])([C:6])[H:32])[H:31])([H:25])[H:26]>>[H][C:14]1([H:47])[C:12]([C:11])([C:13])[C:5]([C:6])([H:32])[C:4]([C:2](=[C:1]([H:25])[H:26])[C:3])([H:31])[C:15]1([H:48])[H:49],EVODEX-P30996
EVODEX-N12652,[H]/[C:9](=[C:7](\[C:6])[C:8])[C:10][C:11]([H])(/[C:12]([C:13])=[C:14](/[C:15]([O:16])([H:48])[H:49])[H:47])[H:42]>>[H][C@:7]([C:6])([C:8])[C@@:9]12[C:10][C:11]([H:42])=[C:12]([C:13])[C@:14]1([H:47])[C:15]2([H:48])[H:49].[H][O:16],EVODEX-P31003
EVODEX-N12653,[H]OP(=O)(O[H])OP(=O)(O[H])O[C:15](/[C:14](=[C:12](/[C:11]([H])([C:10]/[C:9]([H])=[C:7](/[C:6])[C:8])[H:42])[C:13])[H:47])([H:48])[H:49]>>[H][C@:7]([C:6])([C:8])[C@@:9]12[C:10][C:11]([H:42])=[C:12]([C:13])[C@:14]1([H:47])[C:15]2([H:48])[H:49],EVODEX-P31004
EVODEX-N12654,[C:14][C:15]([O:16])([H:48])[H:49].[H][C:5]([C:4](=[C:2]([C:1])[C:3])[H:31])([C:6])[H:32]>>[C:1][C:2]([C:3])(/[C:4](=[C:5](/[C:6])[H:32])[H:31])[C:15]([C:14])([H:48])[H:49].[H][O:16],EVODEX-P31005
EVODEX-N12655,[H]OP(=O)(O[H])OP(=O)(O[H])O[C:15]([C:14])([H:48])[H:49].[H][C:5]([C:4](=[C:2]([C:1])[C:3])[H:31])([C:6])[H:32]>>[C:1][C:2]([C:3])(/[C:4](=[C:5](/[C:6])[H:32])[H:31])[C:15]([C:14])([H:48])[H:49],EVODEX-P31006
EVODEX-N12656,[C:9][C:10]([O:11])([H:35])[H:36].[H][C:5]([C:4](=[C:2]([C:1])[C:3])[H:26])([C:6])[H:27]>>[C:1][C:2]1([C:3])[C@@:4]([C:10]([C:9])([H:35])[H:36])([H:26])[C@@:5]1([C:6])[H:27].[H][O:11],EVODEX-P31009
EVODEX-N12657,[H]OP(=O)(O[H])OP(=O)(O[H])O[C:10]([C:9])([H:35])[H:36].[H][C:5]([C:4](=[C:2]([C:1])[C:3])[H:26])([C:6])[H:27]>>[C:1][C:2]1([C:3])[C@@:4]([C:10]([C:9])([H:35])[H:36])([H:26])[C@@:5]1([C:6])[H:27],EVODEX-P31010
EVODEX-N12658,[H]C([H])=C([H])[C@@](C([H])([H])[H])(C([H])([H])C([H])([H])C([H])=C(C([H])([H])[H])C([H])([H])[H])[O:11][P:12]>>[H][O:11][P:12],EVODEX-P31011
EVODEX-N12659,[H]OP(=O)(O[H])OP(=O)(O[H])O[C@:3]([C:2])([C:4]([H])([H:23])[H:24])[C:5]>>[C:2][C:3](=[C:4]([H:23])[H:24])[C:5],"EVODEX-P31013,EVODEX-P31040"
EVODEX-N12660,[C:1][C:2]([C:3])=[C:4]([C:5][C:6]/[C:7]([C:8])=[C:9](/[C:10]([O:11])([H:36])[H:37])[H:35])[H:27].[H][O:20][H]>>[H][C:9]1([H:35])[C:7]2([C:8])[C:6][C:5][C:4]([H:27])([C:2]([C:1])([C:3])[O:20]2)[C:10]1([H:36])[H:37].[H][O:11],EVODEX-P31014
EVODEX-N12661,[H]OP(=O)(O[H])OP(=O)(O[H])O[C:10](/[C:9](=[C:7](/[C:6][C:5][C:4](=[C:2]([C:1])[C:3])[H:27])[C:8])[H:35])([H:36])[H:37].[H][O:20][H]>>[H][C:9]1([H:35])[C:7]2([C:8])[C:6][C:5][C:4]([H:27])([C:2]([C:1])([C:3])[O:20]2)[C:10]1([H:36])[H:37],EVODEX-P31015
EVODEX-N12662,[H][O:20][H]>>[H]C([H])([H])C12C([H])([H])C([H])([H])C([H])(C([H])([H])C1([H])[H])C(C([H])([H])[H])(C([H])([H])[H])[O:20]2,EVODEX-P31016
EVODEX-N12663,[H]OP(=O)(O[H])OP(=O)(O[H])O[C:10](/[C:9](=[C:7](/[C:6][C:5][C:4](=[C:2]([C:1])[C:3])[H:27])[C:8])[H:35])([H:36])[H:37]>>[H][C:9]1([H:35])[C:7]2([C:8])O[C:2]([C:1])([C:3])[C:4]([H:27])([C:5][C:6]2)[C:10]1([H:36])[H:37],EVODEX-P31017
EVODEX-N12664,[C:1][C:2]([C:3])=[C:4]([C:5][C:6]/[C:7]([C:8])=[C:9](/[C:10]([O:11])([H:36])[H:37])[H:35])[H:27]>>[H][C:9]1([H:35])[C:7]2([C:8])O[C:2]([C:1])([C:3])[C:4]([H:27])([C:5][C:6]2)[C:10]1([H:36])[H:37].[H][O:11],EVODEX-P31018
EVODEX-N12665,[H][C:4](=[C:2]([C:1])[C:3])[C:5][C:6]/[C:7]([C:8]([H])([H:31])[H:32])=[C:9](/[C:10]([O:11])([H:35])[H:36])[H:34]>>[H][C:2]([C:1])([C:3])[C@@:4]12[C:5][C:6][C:7](=[C:8]([H:31])[H:32])[C@:9]1([H:34])[C:10]2([H:35])[H:36].[H][O:11],EVODEX-P31019
EVODEX-N12666,[H]OP(=O)(O[H])OP(=O)(O[H])O[C:10](/[C:9](=[C:7](/[C:6][C:5][C:4]([H])=[C:2]([C:1])[C:3])[C:8]([H])([H:31])[H:32])[H:34])([H:35])[H:36]>>[H][C:2]([C:1])([C:3])[C@@:4]12[C:5][C:6][C:7](=[C:8]([H:31])[H:32])[C@:9]1([H:34])[C:10]2([H:35])[H:36],EVODEX-P31020
EVODEX-N12667,[C:1][C:2]([C:3])=[C:4]([C:5])[H:27].[C:9][C:10]([O:11])([H:36])[H:37].[H][O:20][H:41]>>[C:1][C:2]([C:3])([C:4]([C:5])([C:10]([C:9])([H:36])[H:37])[H:27])[O:20][H:41].[H][O:11],"EVODEX-P31021,EVODEX-P31071,EVODEX-P31101"
EVODEX-N12668,[C:1][C:2]([C:3])=[C:4]([C:5])[H:27].[H]OP(=O)(O[H])OP(=O)(O[H])O[C:10]([C:9])([H:36])[H:37].[H][O:20][H:41]>>[C:1][C:2]([C:3])([C:4]([C:5])([C:10]([C:9])([H:36])[H:37])[H:27])[O:20][H:41],"EVODEX-P31022,EVODEX-P31072,EVODEX-P31102"
EVODEX-N12669,[H][O:20][H:41]>>[H]C1=C(C([H])([H])[H])C([H])([H])C([H])([H])C([H])(C(C([H])([H])[H])(C([H])([H])[H])[O:20][H:41])C1([H])[H],EVODEX-P31023
EVODEX-N12670,[C:1][C:2]([C:3])=[C:4]([C:5])[H:27].[H]OP(=O)(O[H])OP(=O)(O[H])O[C:10]([C:9])([H:36])[H:37]>>[H]O[C:2]([C:1])([C:3])[C:4]([C:5])([C:10]([C:9])([H:36])[H:37])[H:27],"EVODEX-P31024,EVODEX-P31074,EVODEX-P31104"
EVODEX-N12671,[C:1][C:2]([C:3])=[C:4]([C:5])[H:27].[C:9][C:10]([O:11])([H:36])[H:37]>>[H]O[C:2]([C:1])([C:3])[C:4]([C:5])([C:10]([C:9])([H:36])[H:37])[H:27].[H][O:11],"EVODEX-P31025,EVODEX-P31075,EVODEX-P31105"
EVODEX-N12672,[H][C:7]([C:6][C:5][C@@:3]([C:2](=[C:1]([H:20])[H:21])[H:22])([C:4])[O:11])=[C:8]>>[C:1]1([H:20])([H:21])[C:2]([H:22])=[C:3]([C:4])[C:5][C:6][C:7]1=[C:8].[H][O:11],EVODEX-P31028
EVODEX-N12673,[H]OP(=O)(O[H])OP(=O)(O[H])O[C@:3]([C:2](=[C:1]([H:20])[H:21])[H:22])([C:4])[C:5][C:6][C:7]([H])=[C:8]>>[C:1]1([H:20])([H:21])[C:2]([H:22])=[C:3]([C:4])[C:5][C:6][C:7]1=[C:8],EVODEX-P31029
EVODEX-N12674,[C:9][C:10]([O:11])([H:35])[H:36].[H][C:4](=[C:2]([C:1])[C:3])[C:5]([H])([C:6])[H:27]>>[H][C:2]([C:1])([C:3])[C:4](=[C:5]([C:6])[H:27])[C:10]([C:9])([H:35])[H:36].[H][O:11],"EVODEX-P31030,EVODEX-P31054"
EVODEX-N12675,[H]OP(=O)(O[H])OP(=O)(O[H])O[C:10]([C:9])([H:35])[H:36].[H][C:4](=[C:2]([C:1])[C:3])[C:5]([H])([C:6])[H:27]>>[H][C:2]([C:1])([C:3])[C:4](=[C:5]([C:6])[H:27])[C:10]([C:9])([H:35])[H:36],"EVODEX-P31031,EVODEX-P31055"
EVODEX-N12676,[H][C:8](/[C:7]([C:6][C:5][C:4](=[C:2]([C:1])[C:3])[H:26])=[C:9](\[C:10]([O:11])([H:35])[H:36])[H:34])([H:31])[H:32]>>[C:1][C:2]1([C:3])[C:4]2([H:26])[C:5][C:6][C:7](=[C:8]([H:31])[H:32])[C@@:9]1([H:34])[C:10]2([H:35])[H:36].[H][O:11],EVODEX-P31036
EVODEX-N12677,[H]OP(=O)(O[H])OP(=O)(O[H])O[C:10](/[C:9](=[C:7](/[C:6][C:5][C:4](=[C:2]([C:1])[C:3])[H:26])[C:8]([H])([H:31])[H:32])[H:34])([H:35])[H:36]>>[C:1][C:2]1([C:3])[C:4]2([H:26])[C:5][C:6][C:7](=[C:8]([H:31])[H:32])[C@@:9]1([H:34])[C:10]2([H:35])[H:36],EVODEX-P31037
EVODEX-N12678,[H]C1=C(C([H])([H])[H])C([H])([H])C([H])([H])C([H])(C(C([H])([H])[H])(C([H])([H])[H])[O:9][P:10])C1([H])[H]>>[H][O:9][P:10],EVODEX-P31038
EVODEX-N12679,[C:9][C:11]([O:12])([H:26])[H:27].[H][C:2](=[O:1])[C:3]>>[O:1]=[C:2]([C:3])[C:11]([C:9])([H:26])[H:27].[H][O:12],EVODEX-P31043
EVODEX-N12680,[H]OP(=O)(O[H])O[C:11]([C:9])([H:26])[H:27].[H][C:2](=[O:1])[C:3]>>[O:1]=[C:2]([C:3])[C:11]([C:9])([H:26])[H:27],EVODEX-P31044
EVODEX-N12681,[H][C@:7]([C:6]([O:5])([H:18])[H:19])([O:8][C:9]([O:10])([C:11])[H:21])[C:14]>>[C:6]([C:7](=[O:8])[C:14])([C:9]([O:10])([C:11])[H:21])([H:18])[H:19].[H][O:5],EVODEX-P31045
EVODEX-N12682,[H]OP(=O)(O[H])O[C:6]([C@@:7]([H])([O:8][C:9]([O:10])([C:11])[H:21])[C:14])([H:18])[H:19]>>[C:6]([C:7](=[O:8])[C:14])([C:9]([O:10])([C:11])[H:21])([H:18])[H:19],EVODEX-P31046
EVODEX-N12683,[H][C:15]([C:14])([O:16])[H:48].[H][C:6]([C:5][C:4](=[C:2]([C:1])[C:3])[H:31])(/[C:7]([C:8])=[C:9](/[C:10])[H:39])[H:34]>>[H][C:2]([C:1])([C:3])[C@@:4]1([H:31])[C:5][C:6]([H:34])=[C:7]([C:8])[C@@:9]([C:10])([H:39])[C@@:15]1([C:14])[H:48].[H][O:16],EVODEX-P31047
EVODEX-N12684,[H]OP(=O)(O[H])OP(=O)(O[H])O[C:15]([H])([C:14])[H:48].[H][C:6]([C:5][C:4](=[C:2]([C:1])[C:3])[H:31])(/[C:7]([C:8])=[C:9](/[C:10])[H:39])[H:34]>>[H][C:2]([C:1])([C:3])[C@@:4]1([H:31])[C:5][C:6]([H:34])=[C:7]([C:8])[C@@:9]([C:10])([H:39])[C@@:15]1([C:14])[H:48],EVODEX-P31048
EVODEX-N12685,[H]/[C:9](=[C:7](\[C:6][C:5][C:4](=[C:2]([C:1])[C:3])[H:31])[C:8])[C:10]([H])([C:11]([H])(/[C:12]([C:13]([H])([H:44])[H:45])=[C:14](/[C:15]([O:16])([H:48])[H:49])[H:47])[H:42])[H:40]>>[H][C:2]([C:1])([C:3])[C@:4]1([H:31])[C:5][C:6][C@@:7]([H])([C:8])[C@@:9]23[C@@:10]([H:40])([C@@:11]12[H:42])[C:12](=[C:13]([H:44])[H:45])[C:14]([H])([H:47])[C:15]3([H:48])[H:49].[H][O:16],EVODEX-P31049
EVODEX-N12686,[H]OP(=O)(O[H])OP(=O)(O[H])O[C:15](/[C:14](=[C:12](/[C:11]([H])([C:10]([H])(/[C:9]([H])=[C:7](/[C:6][C:5][C:4](=[C:2]([C:1])[C:3])[H:31])[C:8])[H:40])[H:42])[C:13]([H])([H:44])[H:45])[H:47])([H:48])[H:49]>>[H][C:2]([C:1])([C:3])[C@:4]1([H:31])[C:5][C:6][C@@:7]([H])([C:8])[C@@:9]23[C@@:10]([H:40])([C@@:11]12[H:42])[C:12](=[C:13]([H:44])[H:45])[C:14]([H])([H:47])[C:15]3([H:48])[H:49],EVODEX-P31050
EVODEX-N12687,[H]/[C:9](=[C:7](\[C:6][C:5][C:4](=[C:2]([C:1])[C:3])[H:31])[C:8])[C:10]([H])([C:11]/[C:12]([C:13]([H])([H:44])[H:45])=[C:14](/[C:15]([H])([O:16])[H:48])[H:47])[H:40]>>[H][C:2]([C:1])([C:3])[C@@:4]1([H:31])[C:5][C:6][C@@:7]2([C:8])[C:9](=[C:13]([H:44])[H:45])[C@:10]3([H:40])[C:11][C:12]([H])([H])[C@@:14]2([H:47])[C@:15]13[H:48].[H][O:16],EVODEX-P31051
EVODEX-N12688,[H]OP(=O)(O[H])OP(=O)(O[H])O[C:15]([H])(/[C:14](=[C:12](/[C:11][C:10]([H])(/[C:9]([H])=[C:7](/[C:6][C:5][C:4](=[C:2]([C:1])[C:3])[H:31])[C:8])[H:40])[C:13]([H])([H:44])[H:45])[H:47])[H:48]>>[H][C:2]([C:1])([C:3])[C@@:4]1([H:31])[C:5][C:6][C@@:7]2([C:8])[C:9](=[C:13]([H:44])[H:45])[C@:10]3([H:40])[C:11][C:12]([H])([H])[C@@:14]2([H:47])[C@:15]13[H:48],EVODEX-P31052
EVODEX-N12689,[H]C(=C(C([H])([H])[H])C([H])([H])[H])C([H])([H])C([H])([H])/C(=C(\[H])C([H])([H])C([H])([H])/C(=C(\[H])C([H])([H])C([H])([H])/C(=C(\[H])C([H])([H])C([H])([H])/C(=C(\[H])C([H])([H])C([H])([H])/C(=C(\[H])C([H])([H])C([H])([H])/C(=C(\[H])C([H])([H])[O:36][P:37])C([H])([H])[H])C([H])([H])[H])C([H])([H])[H])C([H])([H])[H])C([H])([H])[H])C([H])([H])[H]>>[H][O:36][P:37],EVODEX-P31053
EVODEX-N12690,[H][C:13](/[C:12]([C:11][C:10]/[C:9](=[C:7](/[C:6][C:5][C:4](=[C:2]([C:1])[C:3])[H:36])[C:8])[H:44])=[C:14](\[C:15])[H:52])([H:49])[H:50]>>[H][C:4]1([H:36])[C:2]([C:1])([C:3])[C@@:9]2([H:44])[C@:7]([C:8])([C:6][C:5]1)[C@:14]([C:15])([H:52])[C:12](=[C:13]([H:49])[H:50])[C:11][C:10]2,EVODEX-P31056
EVODEX-N12691,[H][C:9]1([H:43])[C:6]([C:7])([C:8])[C@:5]2([H:36])[C:4][C:3][C:2](=[C:1]([H:30])[H:31])[C@@:14]([C:15])([H:52])[C@@:12]2([C:13])[C:11][C:10]1>>[H][C:1](/[C:2]([C:3][C:4]/[C:5](=[C:12](/[C:11][C:10][C:9](=[C:6]([C:7])[C:8])[H:43])[C:13])[H:36])=[C:14](\[C:15])[H:52])([H:30])[H:31],EVODEX-P31057
EVODEX-N12692,[H][C:10](/[C:9](=[C:7](/[C:6][C:5][C:4](=[C:2]([C:1])[C:3])[H:31])[C:8])[H:39])([C:11]([H])([C:12]([C:13])=[C:14][C:15]([O:16])([H:48])[H:49])[H:42])[H:40]>>[H][C:2]([C:1])([C:3])[C@:4]1([H:31])[C:5][C:6][C@@:7]2([C:8])[C@@:9]3([H:39])[C@:10]1([H:40])[C@:11]2([H:42])[C:15]([H:48])([H:49])[C:14]=[C:12]3[C:13].[H][O:16],EVODEX-P31058
EVODEX-N12693,[H]OP(=O)(O[H])OP(=O)(O[H])O[C:15]([C:14]=[C:12]([C:11]([H])([C:10]([H])(/[C:9](=[C:7](/[C:6][C:5][C:4](=[C:2]([C:1])[C:3])[H:31])[C:8])[H:39])[H:40])[H:42])[C:13])([H:48])[H:49]>>[H][C:2]([C:1])([C:3])[C@:4]1([H:31])[C:5][C:6][C@@:7]2([C:8])[C@@:9]3([H:39])[C@:10]1([H:40])[C@:11]2([H:42])[C:15]([H:48])([H:49])[C:14]=[C:12]3[C:13],EVODEX-P31059
EVODEX-N12694,[H]OC(=O)[C@@]([H])(N([H])[H])C([H])([H])C([H])([H])[C@]([H])(C([H])([H])N([H])[H])[O:11][P:12]>>[H][O:11][P:12],EVODEX-P31060
EVODEX-N12695,[H]OP(=O)(O[H])O[C@@:3]([C:2]([H])([N:1])[H:19])([C:4])[H:21].[H][O:16][H]>>[H][C:3]([C:2](=[O:16])[H:19])([C:4])[H:21].[H][N:1],EVODEX-P31061
EVODEX-N12696,[H]OC(=O)[C@@]([H])(N([H])[H])C([H])([H])C([H])([H])[C@]([H])(C([H])([H])[N:1]([H:17])[H:18])[O:11][P:12]>>[H][N:1]([H:17])[H:18].[H][O:11][P:12],EVODEX-P31064
EVODEX-N12697,[H]OC(=O)[C@@]([H])(N([H])[H])C([H])([H])C([H])([H])[C@@]([H])(OP(=O)(O[H])O[H])C([H])([H])[N:1]([H:17])[H:18]>>[H][N:1]([H:17])[H:18],EVODEX-P31065
EVODEX-N12698,[H]OP(=O)(O[H])O[C@@:3]([C:2]([H])(N([H])[H])[H:19])([C:4])[H:21].[H][O:16][H]>>[H][C:3]([C:2](=[O:16])[H:19])([C:4])[H:21],EVODEX-P31067
EVODEX-N12699,[H]OP(=O)(O[H])O[C@@:3]([C:2]([H])(N([H])[H])[H:19])([C:4])[H:21]>>[H][C:3]([C:2](=O)[H:19])([C:4])[H:21],EVODEX-P31069
EVODEX-N12700,[H]OP(=O)(O[H])O[C@@:3]([C:2]([H])([N:1])[H:19])([C:4])[H:21]>>[H][C:3]([C:2](=O)[H:19])([C:4])[H:21].[H][N:1],EVODEX-P31070
EVODEX-N12701,[H][O:25][H:54]>>[H]C(=C(C([H])([H])[H])C([H])([H])[H])C([H])([H])C([H])([H])[C@@](C([H])([H])[H])([C@]1([H])C([H])([H])C([H])=C(C([H])([H])[H])C([H])([H])C1([H])[H])[O:25][H:54],EVODEX-P31073
EVODEX-N12702,[H]O[C@]1(C([H])([H])[H])C([H])([H])C([H])([H])[C@@]2([H])C(C([H])([H])[H])(C([H])([H])[H])C([H])([H])C([H])([H])C([H])([H])[C@]2(C([H])([H])[H])[C@@]1([H])C([H])([H])C([H])([H])/C(=C(\[H])C([H])([H])[O:5][P:6])C([H])([H])[H]>>[H][O:5][P:6],EVODEX-P31076
EVODEX-N12703,[H][O:31][H:70]>>[H]O[C@]1(C([H])([H])[H])C([H])([H])C([H])([H])[C@@]2([H])C(C([H])([H])[H])(C([H])([H])[H])C([H])([H])C([H])([H])C([H])([H])[C@]2(C([H])([H])[H])[C@@]1([H])C([H])([H])C([H])([H])[C@@](C([H])=C([H])[H])(C([H])([H])[H])[O:31][H:70],EVODEX-P31081
EVODEX-N12704,[H][O:30][H:67]>>[H]C([H])=C([H])[C@@](C([H])([H])[H])(C([H])([H])C([H])([H])[C@]1([H])C(=C([H])[H])C([H])([H])C([H])([H])C2([H])C(C([H])([H])[H])(C([H])([H])[H])C([H])([H])C([H])([H])C([H])([H])[C@]21C([H])([H])[H])[O:30][H:67],EVODEX-P31086
EVODEX-N12705,[H][O:30][H:67]>>[H]C([H])=C([H])C(C([H])([H])[H])(C([H])([H])C([H])([H])/C([H])=C(\C([H])([H])[H])C([H])([H])C([H])([H])/C([H])=C(\C([H])([H])[H])C([H])([H])C([H])([H])C([H])=C(C([H])([H])[H])C([H])([H])[H])[O:30][H:67],EVODEX-P31091
EVODEX-N12706,[H]OC([H])([H])C(=O)[C@@]([H])(O[H])[C@]([H])(O[H])[C@]([H])(O[H])[C@]([H])(O[H])C([H])([H])[O:14][P:15]>>[H][O:14][P:15],EVODEX-P31100
EVODEX-N12707,[H][O:25][H:54]>>[H]C1=C(C([H])([H])[H])C([H])([H])C([H])([H])[C@@]([H])(C(C([H])([H])[H])(C([H])([H])[H])[O:25][H:54])C([H])([H])C([H])=C(C([H])([H])[H])C([H])([H])C1([H])[H],EVODEX-P31103
EVODEX-N12708,[H]C(=C(C([H])([H])[H])C([H])([H])[H])C([H])([H])C([H])([H])/C(=C(\[H])C([H])([H])C([H])([H])/C(=C(\[H])C([H])([H])C([H])([H])/C(=C(\[H])C([H])([H])C([H])([H])/C(=C(\[H])C([H])([H])[O:26][P:27])C([H])([H])[H])C([H])([H])[H])C([H])([H])[H])C([H])([H])[H]>>[H][O:26][P:27],EVODEX-P31108
EVODEX-N12709,[H]O[C@]1(C([H])([H])C([H])([H])/C(=C(\[H])C([H])([H])[O:5][P:6])C([H])([H])[H])[C@]([H])(C([H])([H])[H])C([H])([H])C([H])([H])[C@@]2([H])C(C([H])([H])[H])(C([H])([H])[H])C([H])([H])C([H])([H])C([H])([H])[C@@]21C([H])([H])[H]>>[H][O:5][P:6],EVODEX-P31113
EVODEX-N12710,[H]C1=C(C([H])([H])[H])[C@]([H])(C([H])([H])C([H])([H])/C(=C(\[H])C([H])([H])[O:21][P:22])C([H])([H])[H])[C@@]2(C([H])([H])[H])C([H])([H])C([H])([H])C([H])([H])C(C([H])([H])[H])(C([H])([H])[H])[C@]2([H])C1([H])[H]>>[H][O:21][P:22],EVODEX-P31118
EVODEX-N12711,[H][C:11]([C:10]/[C:9](=[C:7](/[C:6][C:5][C:4](=[C:2]([C:1])[C:3])[H:32])[C:8])[H:40])(/[C:12]([C:13])=[C:14](/[C:15][O:16][P:17](=[O:18])([O:19])[O:20])[H:48])[H:43].[H][O:25][H:54]>>[H][C:4]1([H:32])[C:2]([C:1])([C:3])[C@@:9]2([H:40])[C@:7]([C:8])([C:6][C:5]1)[C@:14]([C:15][O:16][H])([H:48])[C:12]([C:13])=[C:11]([H:43])[C:10]2.[P:17](=[O:18])([O:19])([O:20])[O:25][H:54],EVODEX-P31123
EVODEX-N12712,[H]C(=C(C([H])([H])[H])C([H])([H])[H])C([H])([H])C([H])([H])/C(=C(\[H])C([H])([H])C([H])([H])/C(=C(\[H])C([H])([H])O[P:17](=[O:18])([O:19])[O:20])C([H])([H])[H])C([H])([H])[H].[H][O:25][H:54]>>[P:17](=[O:18])([O:19])([O:20])[O:25][H:54],EVODEX-P31124
EVODEX-N12713,[H]OP(=O)(O[H])OP(=O)(O[H])[O:16][C:15]/[C:14](=[C:12](/[C:11]([H])([C:10]/[C:9](=[C:7](/[C:6][C:5][C:4](=[C:2]([C:1])[C:3])[H:32])[C:8])[H:40])[H:43])[C:13])[H:48]>>[H][C:4]1([H:32])[C:2]([C:1])([C:3])[C@@:9]2([H:40])[C@:7]([C:8])([C:6][C:5]1)[C@:14]([C:15][O:16][H])([H:48])[C:12]([C:13])=[C:11]([H:43])[C:10]2,EVODEX-P31125
EVODEX-N12714,[H]OC(=O)C([H])([H])C([H])(C(=O)O[H])[O:5][C:4]>>[H][O:5][C:4],EVODEX-P31129
EVODEX-N12715,[H]OC(=O)C([H])([H])O[C:6]([C:7]([H])([C:8])[H:18])([C:11])[H:17]>>[C:6](=[C:7](/[C:8])[H:18])(\[C:11])[H:17],EVODEX-P31131
EVODEX-N12716,[H]OC(=O)C(O[C@@:4]1([H:19])[C:5]([H:20])=[C:6]([H:21])[C:7]([H:22])=[C:8]([C:9])[C@:12]1([H])[O:13])=C([H])[H]>>[C:4]1([H:19]):[C:5]([H:20]):[C:6]([H:21]):[C:7]([H:22]):[C:8]([C:9]):[C:12]:1[O:13],EVODEX-P31132
EVODEX-N12717,[H][C@@:12]1([O:13])[C@:4]([O:3][C:2](=[C:1]([H:17])[H:18])[C:14])([H:19])[C:5]([H:20])=[C:6]([H:21])[C:7]([H:22])=[C:8]1[C:9]>>[H][C:1]([C:2](=[O:3])[C:14])([H:17])[H:18].[C:4]1([H:19]):[C:5]([H:20]):[C:6]([H:21]):[C:7]([H:22]):[C:8]([C:9]):[C:12]:1[O:13],EVODEX-P31133
EVODEX-N12718,[H]OC([H])([H])C([H])([H])C(C(=O)[O:8][C:9])=C([H])[H]>>[H][O:8][C:9],EVODEX-P31134
EVODEX-N12719,[H]OC1([H])O[C@]([H])(C([H])([H])O[C:6]([C:2])=[O:7])[C@@]([H])(O[H])[C@]([H])(O[H])[C@@]1([H])O[H].[H][O:5][C:4]>>[C:2][C:6]([O:5][C:4])=[O:7],"EVODEX-P31136,EVODEX-P31139"
EVODEX-N12720,[H]OC([H])([H])[C@@]([H])(O[H])C(C(=O)[O:5][C:6])=C([H])[H]>>[H][O:5][C:6],EVODEX-P31137
EVODEX-N12721,[H]OC1:C(OC([H])([H])[H]):C([H]):C([H]):C2:C:1[C@@]13C([H])=C(OC([H])([H])[H])[C@@]([H])([O:24][C:25])C([H])=C1[C@]([H])(N(C([H])([H])[H])C([H])([H])C3([H])[H])C2([H])[H]>>[H][O:24][C:25],EVODEX-P31140
EVODEX-N12722,[H][O:19][C:18].[O:2][C:3](=[C:4]([C:5])[H:31])[C@:23]([C:22])([O:24])[H:49]>>[O:2][C:3]([C@@:4]([C:5])([O:19][C:18])[H:31])=[C:23]([C:22])[H:49].[H][O:24],EVODEX-P31141
EVODEX-N12723,[H]C([H])([H])C(=O)O[C@:23]([C:3]([O:2])=[C:4]([C:5])[H:31])([C:22])[H:49].[H][O:19][C:18]>>[O:2][C:3]([C@@:4]([C:5])([O:19][C:18])[H:31])=[C:23]([C:22])[H:49],EVODEX-P31142
EVODEX-N12724,[H][C:3]([C@:2]([N:1])([C:7])[H:12])([C:4])[H:13]>>[C:2](=[C:3](/[C:4])[H:13])(\[C:7])[H:12].[H][N:1],"EVODEX-P31143,EVODEX-P31154,EVODEX-P31182,EVODEX-P31203,EVODEX-P31212,EVODEX-P31218,EVODEX-P31221"
EVODEX-N12725,[H]N([H])[C@@:2]([C:3]([H])([C:4])[H:13])([C:7])[H:12]>>[C:2](=[C:3](/[C:4])[H:13])(\[C:7])[H:12],"EVODEX-P31144,EVODEX-P31155,EVODEX-P31183,EVODEX-P31204,EVODEX-P31213"
EVODEX-N12726,[H][N:1]([H:10])[H:11].[C:3]/[C:5](=[C:6](/[C:7])[H:15])[H:14]>>[H][C:6]([C@:5]([N:1]([H:10])[H:11])([C:3])[H:14])([C:7])[H:15],"EVODEX-P31145,EVODEX-P31156,EVODEX-P31178,EVODEX-P31205"
EVODEX-N12727,[C:3]/[C:5](=[C:6](/[C:7])[H:15])[H:14]>>[H]N([H])[C@:5]([C:3])([C:6]([H])([C:7])[H:15])[H:14],"EVODEX-P31146,EVODEX-P31157,EVODEX-P31180,EVODEX-P31206"
EVODEX-N12728,[H]OC(=O)C([H])(C([H])([H])[H])[C@@]([H])(C(=O)O[H])[N:7]([H:17])[H:18]>>[H][N:7]([H:17])[H:18],EVODEX-P31147
EVODEX-N12729,[H][C:2]([C:1])([C:3])[C@:6]([N:7])([C:8])[H:16]>>[C:1]/[C:2]([C:3])=[C:6](\[C:8])[H:16].[H][N:7],EVODEX-P31148
EVODEX-N12730,[H]N([H])[C@@:6]([C:2]([H])([C:1])[C:3])([C:8])[H:16]>>[C:1]/[C:2]([C:3])=[C:6](\[C:8])[H:16],EVODEX-P31149
EVODEX-N12731,[C:1]/[C:2](=[C:3](\[C:4])[H:14])[C:7].[H][N:10]([H:17])[H:18]>>[H][C:2]([C:1])([C@@:3]([C:4])([N:10]([H:17])[H:18])[H:14])[C:7],EVODEX-P31150
EVODEX-N12732,[H][N:10]([H:17])[H:18]>>[H]OC(=O)C([H])(C([H])([H])[H])[C@@]([H])(C(=O)O[H])[N:10]([H:17])[H:18],EVODEX-P31151
EVODEX-N12733,[C:1]/[C:2](=[C:3](\[C:4])[H:14])[C:7]>>[H]N([H])[C@@:3]([C:2]([H])([C:1])[C:7])([C:4])[H:14],EVODEX-P31152
EVODEX-N12734,[H]OC(=O)[C@]([H])(C([H])([H])C1:C([H]):N:C([H]):N:1[H])[N:1]([H:12])[H:13]>>[H][N:1]([H:12])[H:13],EVODEX-P31153
EVODEX-N12735,[H][N:1]([H:12])[H:13]>>[H]OC(=O)[C@]([H])(C([H])([H])C1:C([H]):N:C([H]):N:1[H])[N:1]([H:12])[H:13],EVODEX-P31158
EVODEX-N12736,[C:1](=[C:2]([C:3])[H:56])([H:54])[H:55].[H][N:53]([H:92])[H:93]>>[H][C:2]([C:1]([N:53]([H:92])[H:93])([H:54])[H:55])([C:3])[H:56],EVODEX-P31159
EVODEX-N12737,[H][N:53]([H:92])[H:93]>>[H]O[C@]1([H])[C@]([H])(OP(=O)(O[H])O[H])[C@@]([H])(C([H])([H])OP(=O)(O[H])OP(=O)(O[H])OC([H])([H])C(C([H])([H])[H])(C([H])([H])[H])[C@@]([H])(O[H])C(=O)N([H])C([H])([H])C([H])([H])C(=O)N([H])C([H])([H])C([H])([H])SC(=O)C([H])([H])C([H])([H])[N:53]([H:92])[H:93])O[C@@]1([H])N1:C([H]):N:C2:C(N([H])[H]):N:C([H]):N:C:2:1,EVODEX-P31160
EVODEX-N12738,[C:1](=[C:2]([C:3])[H:56])([H:54])[H:55]>>[H]N([H])[C:1]([C:2]([H])([C:3])[H:56])([H:54])[H:55],EVODEX-P31161
EVODEX-N12739,[H]O[C@]1([H])[C@]([H])(OP(=O)(O[H])O[H])[C@@]([H])(C([H])([H])OP(=O)(O[H])OP(=O)(O[H])OC([H])([H])C(C([H])([H])[H])(C([H])([H])[H])[C@@]([H])(O[H])C(=O)N([H])C([H])([H])C([H])([H])C(=O)N([H])C([H])([H])C([H])([H])SC(=O)C([H])([H])C([H])([H])[N:53]([H:93])[H:94])O[C@@]1([H])N1:C([H]):N:C2:C(N([H])[H]):N:C([H]):N:C:2:1>>[H][N:53]([H:93])[H:94],EVODEX-P31162
EVODEX-N12740,[H][C:51]([C:49])([C:52]([N:53])([H:91])[H:92])[H:89]>>[C:49][C:51](=[C:52]([H:91])[H:92])[H:89].[H][N:53],EVODEX-P31163
EVODEX-N12741,[H]N([H])[C:52]([C:51]([H])([C:49])[H:89])([H:91])[H:92]>>[C:49][C:51](=[C:52]([H:91])[H:92])[H:89],EVODEX-P31164
EVODEX-N12742,[H]N([H])[C:2]([C:3]([H])([O:4][H])[H:9])([H:7])[H:8]>>[H][C:2]([C:3](=[O:4])[H:9])([H:7])[H:8],EVODEX-P31166
EVODEX-N12743,[H][C:1]([C:2](=[O:3])[H:8])([H:5])[H:6].[H][N:4]([H:9])[H:10]>>[H][C:2]([C:1]([N:4]([H:9])[H:10])([H:5])[H:6])([O:3][H])[H:8],EVODEX-P31167
EVODEX-N12744,[H][N:4]([H:9])[H:10]>>[H]OC([H])([H])C([H])([H])[N:4]([H:9])[H:10],EVODEX-P31168
EVODEX-N12745,[H][C:1]([C:2](=[O:3])[H:8])([H:5])[H:6]>>[H]N([H])[C:1]([C:2]([H])([O:3][H])[H:8])([H:5])[H:6],EVODEX-P31169
EVODEX-N12746,[H]OC(=O)[C@@]([H])([C@@]([H])(O[H])[C@]([H])(O[H])[C@]([H])(O[H])C([H])([H])O[H])[N:1]([H:14])[H:15]>>[H][N:1]([H:14])[H:15],EVODEX-P31170
EVODEX-N12747,[H]N([H])[C@@:5]([C:4])([C:7])[H:18].[H][N:1]([C:2])[H:10]>>[N:1]([C:2])([C@@:5]([C:4])([C:7])[H:18])[H:10],"EVODEX-P31173,EVODEX-P31207,EVODEX-P31252"
EVODEX-N12748,[C:4][C@:5]([N:6])([C:7])[H:18].[H][N:1]([C:2])[H:10]>>[H][N:6].[N:1]([C:2])([C@@:5]([C:4])([C:7])[H:18])[H:10],"EVODEX-P31174,EVODEX-P31208,EVODEX-P31253"
EVODEX-N12749,[H][N:1]([H:10])[H:11].[C:3][C@:5]([C:6])([N:9])[H:14]>>[H][N:9].[N:1]([C@:5]([C:3])([C:6])[H:14])([H:10])[H:11],EVODEX-P31175
EVODEX-N12750,[H][N:1]([H:10])[H:11]>>[H]OC(=O)[C@]([H])(C([H])([H])C([H])([H])C([H])([H])N([H])[H])[N:1]([H:10])[H:11],EVODEX-P31177
EVODEX-N12751,[H][N:24]([H:51])[H:52]>>[H]OC([H])([H])C(C([H])([H])[H])(C([H])([H])[H])[C@@]([H])(O[H])C(=O)N(C(=O)C([H])([H])C([H])(C([H])([H])[H])[N:24]([H:51])[H:52])C([H])([H])C([H])([H])C(=O)N([H])C([H])([H])C([H])([H])S[H],EVODEX-P31179
EVODEX-N12752,[H]OC([H])([H])C(C([H])([H])[H])(C([H])([H])[H])[C@@]([H])(O[H])C(=O)N(C(=O)C([H])([H])C([H])(C([H])([H])[H])[N:3]([H:29])[H:30])C([H])([H])C([H])([H])C(=O)N([H])C([H])([H])C([H])([H])S[H]>>[H][N:3]([H:29])[H:30],EVODEX-P31181
EVODEX-N12753,[H]OC(=O)C([H])(C([H])([H])N([H])[H])[N:4]([H:14])[H:15]>>[H][N:4]([H:14])[H:15],EVODEX-P31184
EVODEX-N12754,[H]N([H])[C:2]([C:3]([H])([N:4])[C:5])([H:11])[H:12]>>[H][C:2]([C:3](=O)[C:5])([H:11])[H:12].[H][N:4],EVODEX-P31186
EVODEX-N12755,[H]N([H])[C:2]([C:3]([H])(N([H])[H])[C:5])([H:11])[H:12].[H][O:8][H]>>[H][C:2]([C:3]([C:5])=[O:8])([H:11])[H:12],EVODEX-P31187
EVODEX-N12756,[H]N([H])[C:2]([C:3]([H])(N([H])[H])[C:5])([H:11])[H:12]>>[H][C:2]([C:3](=O)[C:5])([H:11])[H:12],EVODEX-P31188
EVODEX-N12757,[H]OC(=O)[C@@]([H])(O[H])[C@@]([H])(C(=O)O[H])[N:1]([H:11])[H:12]>>[H][N:1]([H:11])[H:12],EVODEX-P31189
EVODEX-N12758,[H]N([H])[C@:2]([C:3])([C@:6]([H])([O:7][H])[C:8])[H:13]>>[H][C:2]([C:3])([C:6](=[O:7])[C:8])[H:13],EVODEX-P31191
EVODEX-N12759,[H][N:1]([H:11])[H:12].[H][C:5]([C:3])([C:6](=[O:7])[C:8])[H:15]>>[H][C@@:6]([C@:5]([N:1]([H:11])[H:12])([C:3])[H:15])([O:7][H])[C:8],EVODEX-P31192
EVODEX-N12760,[H][C:5]([C:3])([C:6](=[O:7])[C:8])[H:15]>>[H]N([H])[C@:5]([C:3])([C@:6]([H])([O:7][H])[C:8])[H:15],EVODEX-P31193
EVODEX-N12761,[H][N:1]([H:11])[H:12]>>[H]OC(=O)[C@@]([H])(O[H])[C@@]([H])(C(=O)O[H])[N:1]([H:11])[H:12],EVODEX-P31194
EVODEX-N12762,[H]N([H])[C@@:46]([C:47])([C:56])[H:90]>>[H][C:46]([C:47])([C:56])[H:90],EVODEX-P31199
EVODEX-N12763,[H]OC(=O)[C@@]([H])([C@@]([H])(O[H])[C@]([H])(O[H])[C@]([H])(O[H])C([H])([H])OP(=O)(O[H])O[H])[N:1]([H:18])[H:19]>>[H][N:1]([H:18])[H:19],EVODEX-P31209
EVODEX-N12764,[H][N:3]([C:2])[H:22].[C:14]/[C:16](=[C:17](/[C:18])[H:37])[H:36]>>[H][C:17]([C@:16]([N:3]([C:2])[H:22])([C:14])[H:36])([C:18])[H:37],"EVODEX-P31214,EVODEX-P31223"
EVODEX-N12765,[C:14]/[C:16](=[C:17](/[C:18])[H:37])[H:36]>>[H]N=C(N([H])C([H])([H])C([H])([H])C([H])([H])[C@@]([H])(C(=O)O[H])N([H])[H])N([H])[C@:16]([C:14])([C:17]([H])([C:18])[H:37])[H:36],EVODEX-P31215
EVODEX-N12766,[H][N:3]([C:2])[H:22]>>[H]OC(=O)C([H])([H])[C@@]([H])(C(=O)O[H])[N:3]([C:2])[H:22],"EVODEX-P31216,EVODEX-P31225"
EVODEX-N12767,[H]N=C(N([H])C([H])([H])C([H])([H])C([H])([H])[C@@]([H])(C(=O)O[H])N([H])[H])N([H])[C@@:13]([C:14]([H])([C:15])[H:35])([C:18])[H:34]>>[C:13](=[C:14](/[C:15])[H:35])(\[C:18])[H:34],EVODEX-P31219
EVODEX-N12768,[H]O[C@@]1([H])[C@@]([H])(O[H])[C@]([H])(N2:C([H]):N:C(C(=O)N([H])[C@@:7]([C:8]([H])([C:9])[H:35])([C:12])[H:34]):C:2N([H])[H])O[C@]1([H])C([H])([H])OP(=O)(O[H])O[H]>>[C:7](=[C:8](/[C:9])[H:35])(\[C:12])[H:34],EVODEX-P31222
EVODEX-N12769,[C:24]/[C:26](=[C:27](/[C:28])[H:48])[H:47]>>[H]O[C@@]1([H])[C@@]([H])(O[H])[C@]([H])(N2:C([H]):N:C(C(=O)N([H])[C@:26]([C:24])([C:27]([H])([C:28])[H:48])[H:47]):C:2N([H])[H])O[C@]1([H])C([H])([H])OP(=O)(O[H])O[H],EVODEX-P31224
EVODEX-N12770,[H]OC(=O)[C@]([H])(O[H])[N:4]([C:2])[H:12]>>[H][N:4]([C:2])[H:12],"EVODEX-P31226,EVODEX-P31229,EVODEX-P31234,EVODEX-P31237"
EVODEX-N12771,[H][O:6][C@:5]([N:4])([C:7])[H:13]>>[C:5](=[O:6])([C:7])[H:13].[H][N:4],"EVODEX-P31227,EVODEX-P31230,EVODEX-P31233,EVODEX-P31236"
EVODEX-N12772,[H]N([H])C(=O)N([H])[C@@:5]([O:6][H])([C:7])[H:13]>>[C:5](=[O:6])([C:7])[H:13],EVODEX-P31228
EVODEX-N12773,[H]C1:C([H]):C([H]):C(C(=O)N([H])[C@@:4]([O:5][H])([C:6])[H:21]):C([H]):C:1[H]>>[C:4](=[O:5])([C:6])[H:21],EVODEX-P31231
EVODEX-N12774,[H]OC1:C([H]):C([H]):C(C([H])([H])C([H])(C(=O)N([H])C([H])(C(=O)N([H])[C:37]([O:38][H])([C:39])[H:73])C([H])(C([H])([H])[H])C([H])([H])[H])N([H])S(=O)(=O)C2:C([H]):C([H]):C([H]):C3:C(N(C([H])([H])[H])C([H])([H])[H]):C([H]):C([H]):C([H]):C:2:3):C([H]):C:1[H]>>[C:37](=[O:38])([C:39])[H:73],EVODEX-P31235
EVODEX-N12775,[H]OC([H])([H])[C@@]1([H])O[C@@]([H])(O[C@@]2([H])[C@]([H])(O[C@@]3([H])O[C@]([H])(C([H])([H])N([H])[H])[C@@]([H])(O[H])[C@]([H])(O[H])[C@@]3([H])N([H])[H])[C@@]([H])(N([H])[H])C([H])([H])[C@@]([H])(N([H])C(=O)[C@@]([H])(O[H])C([H])([H])C([H])([H])N([H])[C:30](=[O:31])[C:32])[C@]2([H])O[H])[C@]([H])(O[H])[C@]1([H])O[H].[H][N:35]([C:34])[H:81]>>[C:30](=[O:31])([C:32])[N:35]([C:34])[H:81],EVODEX-P31240
EVODEX-N12776,[H]OC(=O)C([H])([H])N([H])C(=O)[C@@]([H])(N([H])[C:5]([C:4])=[O:6])C([H])([H])S[H].[H][N:1]([C:2])[H:21]>>[N:1]([C:2])([C:5]([C:4])=[O:6])[H:21],EVODEX-P31241
EVODEX-N12777,[H]OC(=O)[C@@]([H])(N([H])[C:4](=[O:5])[C:6])C([H])([H])[H].[H][N:9]([C:8])[H:26]>>[C:4](=[O:5])([C:6])[N:9]([C:8])[H:26],EVODEX-P31245
EVODEX-N12778,[H]OC(=O)[C@@]([H])(N([H])[H])C([H])([H])C([H])([H])C([H])([H])C([H])([H])N([H])[C:8](=[O:9])[C:10].[H][N:13]([C:12])[H:37]>>[C:8](=[O:9])([C:10])[N:13]([C:12])[H:37],EVODEX-P31248
EVODEX-N12779,[H]N(C([H])([H])[C@@]([H])(C([H])([H])[H])C([H])([H])C([H])([H])[H])[C:7](=[O:8])[C:9].[H][N:12]([C:11])[H:33]>>[C:7](=[O:8])([C:9])[N:12]([C:11])[H:33],EVODEX-P31251
EVODEX-N12780,[H]C1:C([H]):C([H]):C2:C([H]):C(N([H])C(=O)[C@]([H])(C([H])([H])C([H])([H])C(=O)N([H])[H])[N:7]([H:28])[H:29]):C([H]):C([H]):C:2:C:1[H]>>[H][N:7]([H:28])[H:29],EVODEX-P31254
EVODEX-N12781,[H][C@:3]([C:2])([O:4])[C@@:5]([N:6])([C:16])[H:32]>>[H][N:6].[C:2][C:3]([O:4])=[C:5]([C:16])[H:32],EVODEX-P31256
EVODEX-N12782,[H]OC([H])([H])[C@@]1([H])C([H])([H])[C@]([H])([N:6]([C:7])[H:33])[C@]([H])(O[H])C(=O)[C@]1([H])O[H]>>[H][N:6]([C:7])[H:33],EVODEX-P31257
EVODEX-N12783,[H]OC([H])([H])[C@@]1([H])O[C@@]([H])([O:6][C:7])[C@]([H])(O[H])C(=O)[C@]1([H])O[H]>>[H][O:6][C:7],EVODEX-P31258
EVODEX-N12784,[H][C@:3]([C:2])([O:4])[C@:5]([O:6])([O:16])[H:30]>>[C:2][C:3]([O:4])=[C:5]([O:16])[H:30].[H][O:6],EVODEX-P31259
EVODEX-N12785,[C:25][C:26](=[O:27])[H:63].[H][C:32](:[C:31]):[N:33].[H][N:28]([C:29])[H:64]>>[C:25][C@:26]([N:28]([C:29])[H:64])([C:32](:[C:31]):[N:33])[H:63].[H][O:27][H],EVODEX-P31261
EVODEX-N12786,[H]OC([H])([H])[C@@]1([H])O[C@@]([H])(O[C@]2([H])OC([H])=C(C(=O)OC([H])([H])[H])[C@@]([H])(C([H])([H])C([H])=[O:27])[C@@]2([H])C([H])=C([H])[H])[C@]([H])(O[H])[C@@]([H])(O[H])[C@]1([H])O[H]>>[H][O:27][H],EVODEX-P31262
EVODEX-N12787,O=[C:26]([C:25])[H:63].[H][C:32](:[C:31]):[N:33].[H][N:28]([C:29])[H:64]>>[C:25][C@:26]([N:28]([C:29])[H:64])([C:32](:[C:31]):[N:33])[H:63],EVODEX-P31263
EVODEX-N12788,[H][C:32](:[C:31]):[N:33].[H][N:28]([C:29])[H:64]>>[H]OC([H])([H])[C@@]1([H])O[C@@]([H])(O[C@]2([H])OC([H])=C(C(=O)OC([H])([H])[H])[C@@]([H])(C([H])([H])[C@]([H])([N:28]([C:29])[H:64])[C:32](:[C:31]):[N:33])[C@@]2([H])C([H])=C([H])[H])[C@]([H])(O[H])[C@@]([H])(O[H])[C@]1([H])O[H],EVODEX-P31264
EVODEX-N12789,O=[C:26]([C:25])[H:63]>>[H]C1:C([H]):C([H]):C2:C(:C:1[H]):C1:C(:N:2[H])[C@@:26]([C:25])([H:63])N([H])C([H])([H])C1([H])[H],EVODEX-P31265
EVODEX-N12790,[C:25][C:26](=[O:27])[H:63]>>[H]C1:C([H]):C([H]):C2:C(:C:1[H]):C1:C(:N:2[H])[C@@:26]([C:25])([H:63])N([H])C([H])([H])C1([H])[H].[H][O:27][H],EVODEX-P31266
EVODEX-N12791,[C:25][C@:26]([N:27])([C:31])[H:63].[H][O:39][H]>>[C:25][C:26](=[O:39])[H:63].[H][C:31].[H][N:27],EVODEX-P31267
EVODEX-N12792,[H]OC([H])([H])[C@@]1([H])O[C@@]([H])(O[C@]2([H])OC([H])=C(C(=O)OC([H])([H])[H])[C@@]([H])(C([H])([H])[C@]([H])([N:27]([C:28])[H:64])[C:31](:[C:30]):[N:32])[C@@]2([H])C([H])=C([H])[H])[C@]([H])(O[H])[C@@]([H])(O[H])[C@]1([H])O[H]>>[H][C:31](:[C:30]):[N:32].[H][N:27]([C:28])[H:64],EVODEX-P31268
EVODEX-N12793,[H]C1:C([H]):C([H]):C2:C(:C:1[H]):C1:C(:N:2[H])[C@@:26]([C:25])([H:63])N([H])C([H])([H])C1([H])[H].[H][O:39][H]>>[C:25][C:26](=[O:39])[H:63],EVODEX-P31269
EVODEX-N12794,[H][O:39][H]>>[H]OC([H])([H])[C@@]1([H])O[C@@]([H])(O[C@]2([H])OC([H])=C(C(=O)OC([H])([H])[H])[C@@]([H])(C([H])([H])C([H])=[O:39])[C@@]2([H])C([H])=C([H])[H])[C@]([H])(O[H])[C@@]([H])(O[H])[C@]1([H])O[H],EVODEX-P31270
EVODEX-N12795,[H]C1:C([H]):C([H]):C2:C(:C:1[H]):C1:C(:N:2[H])[C@@:26]([C:25])([H:63])N([H])C([H])([H])C1([H])[H]>>O=[C:26]([C:25])[H:63],EVODEX-P31271
EVODEX-N12796,[C:25][C@:26]([N:27])([C:31])[H:63]>>O=[C:26]([C:25])[H:63].[H][C:31].[H][N:27],EVODEX-P31272
EVODEX-N12797,[H][C:32](:[C:31]):[C:33].[H][N:28]([C:29])[H:63]>>[H]OC([H])([H])[C@@]1([H])O[C@@]([H])(O[C@]2([H])OC([H])=C(C(=O)OC([H])([H])[H])[C@@]([H])(C([H])([H])[C@]([H])([N:28]([C:29])[H:63])[C:32](:[C:31]):[C:33])[C@@]2([H])C([H])=C([H])[H])[C@]([H])(O[H])[C@@]([H])(O[H])[C@]1([H])O[H],EVODEX-P31275
EVODEX-N12798,[H]O[C@:26]([O:25])([C:28])[H:49]>>[H]C1:C([H]):C([H]):C2:C(:C:1[H]):C1:C([H]):C([H]):C3:C4:C([H]):C(Br):C([H]):C([H]):C:4:N([C@@:26]([O:25])([C:28])[H:49]):C:3:C:1:N:2[H],EVODEX-P31280
EVODEX-N12799,[H]O[C@:5]([O:4])([C:7])[H:30]>>[H]C1:C([H]):C([H]):C2:C(:C:1[H]):C1:C([H]):C([H]):C([H]):C([H]):C:1:N:2[C@@:5]([O:4])([C:7])[H:30],EVODEX-P31286
EVODEX-N12800,[C:2][C:3]([S:4])([H:18])[H:19].[H][S:11][C:10]>>[C:2][C:3]([S:11][C:10])([H:18])[H:19].[H][S:4],"EVODEX-P31288,EVODEX-P31290"
EVODEX-N12801,[H]S[C:3]([C:2])([H:18])[H:19].[H][S:11][C:10]>>[C:2][C:3]([S:11][C:10])([H:18])[H:19],"EVODEX-P31289,EVODEX-P31291"
EVODEX-N12802,[H]OC(=O)[C@@]([H])(N([H])[H])C([H])([H])[S:4]([C:3])=[O:5]>>[H][O:5][S:4][C:3],"EVODEX-P31293,EVODEX-P31296,EVODEX-P31394"
EVODEX-N12803,[H][C@@:7]([C:6]([S:4]([C:3])=[O:5])([H:17])[H:18])([N:8])[C:9]>>[C:6](=[C:7]([N:8])[C:9])([H:17])[H:18].[H][O:5][S:4][C:3],"EVODEX-P31294,EVODEX-P31297"
EVODEX-N12804,[H]C([H])([H])SC([H])([H])S(=O)[C:6]([C@:7]([H])([N:8])[C:9])([H:17])[H:18]>>[C:6](=[C:7]([N:8])[C:9])([H:17])[H:18],EVODEX-P31295
EVODEX-N12805,[H]C([H])([H])[S@](=O)[C:4]([C@:5]([H])([N:6])[C:7])([H:13])[H:14]>>[C:4](=[C:5]([N:6])[C:7])([H:13])[H:14],EVODEX-P31298
EVODEX-N12806,[H][C:4]([C:2]([C:1])=[O:3])=[O:5].[H][N:6]([C:7])[H:30]>>[H][C@@:2]([C:1])([O:3][H])[C:4](=[O:5])[N:6]([C:7])[H:30],EVODEX-P31299
EVODEX-N12807,[H][N:6]([C:7])[H:30]>>[H]O[C@]([H])(C(=O)[N:6]([C:7])[H:30])C([H])([H])[H],EVODEX-P31300
EVODEX-N12808,[H][C:4]([C:2]([C:1])=[O:3])=[O:5]>>[H]OC(=O)C([H])([H])N([H])C(=O)[C@@]([H])(N([H])C(=O)C([H])([H])C([H])([H])[C@@]([H])(C(=O)O[H])N([H])[C:4]([C@:2]([H])([C:1])[O:3][H])=[O:5])C([H])([H])S[H],EVODEX-P31301
EVODEX-N12809,[H]OC(=O)C([H])([H])N([H])C(=O)[C@@]([H])(N([H])C(=O)C([H])([H])C([H])([H])[C@@]([H])(C(=O)O[H])N([H])[C:4]([C@:2]([H])([C:1])[O:3][H])=[O:5])C([H])([H])S[H]>>[H][C:4]([C:2]([C:1])=[O:3])=[O:5],EVODEX-P31303
EVODEX-N12810,[O:6][C:7]([C:8])([H:16])[H:17].[H][C:1]#[N:2]>>[C:1](#[N:2])[C:7]([C:8])([H:16])[H:17].[H][O:6],EVODEX-P31304
EVODEX-N12811,[H]C([H])([H])C(=O)O[C:7]([C:8])([H:16])[H:17].[H][C:1]#[N:2]>>[C:1](#[N:2])[C:7]([C:8])([H:16])[H:17],EVODEX-P31305
EVODEX-N12812,[H]C([H])([H])C(=O)O[C:7]([C:8])([H:16])[H:17]>>N#C[C:7]([C:8])([H:16])[H:17],EVODEX-P31306
EVODEX-N12813,[H]OC(=O)[C@@]([H])(N([H])[H])C([H])([H])[C:7]([S:6])([H:25])[H:26]>>[H]SC([H])(C([H])([H])[H])C([H])([H])[C:7]([S:6])([H:25])[H:26],EVODEX-P31310
EVODEX-N12814,>>[H]SC([H])(C([H])[H])C([H])([H])[H].[H],EVODEX-P31312
EVODEX-N12815,[H]OC(=O)[C@@]([H])(N([H])[H])C([H])([H])[C:8]([S:7])([H:28])[H:29]>>[H]SC([H])(C([H])([H])C([H])([H])[H])C([H])([H])[C:8]([S:7])([H:28])[H:29],EVODEX-P31315
EVODEX-N12816,>>[H]SC([H])(C([H])[H])C([H])([H])C([H])([H])[H].[H],EVODEX-P31317
EVODEX-N12817,[H]OC(=O)[C@]([H])(C([H])([H])OC(=O)C([H])([H])[H])[N:7]([H:18])[H:19]>>[H][N:7]([H:18])[H:19],EVODEX-P31318
EVODEX-N12818,[H]OC(=O)[C@]([H])(C([H])([H])[O:4][C:2])[N:7]([H:18])[H:19]>>[H][O:4][C:2].[H][N:7]([H:18])[H:19],EVODEX-P31320
EVODEX-N12819,[H]C([H])([H])C(=O)O[C:5]([C@:6]([H])([N:7])[C:8])([H:15])[H:16]>>[H][C:5]([C:6](=O)[C:8])([H:15])[H:16].[H][N:7],EVODEX-P31321
EVODEX-N12820,[H]N([H])[C@@:6]([H])([C:5](OC(=O)C([H])([H])[H])([H:15])[H:16])[C:8]>>[H][C:5]([C:6](=O)[C:8])([H:15])[H:16],EVODEX-P31322
EVODEX-N12821,[H]N([H])[C@@:6]([H])([C:5](OC(=O)C([H])([H])[H])([H:15])[H:16])[C:8].[H][O:11][H]>>[H][C:5]([C:6]([C:8])=[O:11])([H:15])[H:16],EVODEX-P31323
EVODEX-N12822,[H]C([H])([H])C(=O)O[C:5]([C@:6]([H])([N:7])[C:8])([H:15])[H:16].[H][O:11][H]>>[H][C:5]([C:6]([C:8])=[O:11])([H:15])[H:16].[H][N:7],EVODEX-P31324
EVODEX-N12823,[#85]-[#6](-[#85])(-[#85])-[#16@@&+](-[#6:3](-[#85:31])(-[#85:32])-[#6:4]-[#6@:5](-[#85])(-[#7:6])-[#6:7])-[#6](-[#85])(-[#85])-[#6@@]1(-[#85])-[#8]-[#6@@](-[#85])(-[#7]2:[#6](-[#85]):[#7]:[#6]3:[#6](-[#7](-[#85])-[#85]):[#7]:[#6](-[#85]):[#7]:[#6]:2:3)-[#6@](-[#85])(-[#8]-[#85])-[#6@]-1(-[#85])-[#8]-[#85]>>[#85:31]-[#6:3]1(-[#85:32])-[#6:4]-[#6:5]-1(-[#7:6])-[#6:7],EVODEX-P31328
EVODEX-N12824,[#6:1]-[#16@@&+:2](-[#6:3](-[#85:31])(-[#85:32])-[#6:4]-[#6@:5](-[#85])(-[#7:6])-[#6:7])-[#6:10]>>[#85:31]-[#6:3]1(-[#85:32])-[#6:4]-[#6:5]-1(-[#7:6])-[#6:7].[#6:1]-[#16:2]-[#6:10],EVODEX-P31329
EVODEX-N12825,[H]OC(=O)[C@@]([H])(C([H])([H])Cl)[N:1]([H:9])[H:10]>>[H][N:1]([H:9])[H:10],EVODEX-P31330
EVODEX-N12826,[H][C@@:2]([N:1])([C:3](Cl)([H:12])[H:13])[C:5].[H][O:8][H]>>[H][C:3]([C:2]([C:5])=[O:8])([H:12])[H:13].[H][N:1],EVODEX-P31332
EVODEX-N12827,[H][C@@:2]([N:1])([C:3](Cl)([H:12])[H:13])[C:5]>>[H][C:3]([C:2](=O)[C:5])([H:12])[H:13].[H][N:1],EVODEX-P31333
EVODEX-N12828,[H]OC(=O)[C@@]([H])(C([H])([H])[Cl:4])[N:1]([H:9])[H:10]>>[H][Cl:4].[H][N:1]([H:9])[H:10],EVODEX-P31334
EVODEX-N12829,[H]OC(=O)[C@]([H])(N([H])[H])C([H])([H])[Cl:4]>>[H][Cl:4],EVODEX-P31335
EVODEX-N12830,[H]N([H])[C@:2]([H])([C:3](Cl)([H:12])[H:13])[C:5].[H][O:8][H]>>[H][C:3]([C:2]([C:5])=[O:8])([H:12])[H:13],EVODEX-P31337
EVODEX-N12831,[H]N([H])[C@:2]([H])([C:3](Cl)([H:12])[H:13])[C:5]>>[H][C:3]([C:2](=O)[C:5])([H:12])[H:13],EVODEX-P31339
EVODEX-N12832,[C:1](=[C:2]([O:3])[C:8])([H:15])[H:16].[H][O:13][S:12](=[O:11])[O:14]>>[H][C@@:2]([C:1]([S:12](=[O:11])(=[O:13])[O:14])([H:15])[H:16])([O:3])[C:8],EVODEX-P31341
EVODEX-N12833,[H][O:13][S:12](=[O:11])[O:14]>>[H]OC(=O)[C@@]([H])(OP(=O)(O[H])O[H])C([H])([H])[S:12](=[O:11])(=[O:13])[O:14],EVODEX-P31342
EVODEX-N12834,[C:1](=[C:2]([O:3])[C:8])([H:15])[H:16]>>[H]OS(=O)(=O)[C:1]([C@:2]([H])([O:3])[C:8])([H:15])[H:16],EVODEX-P31343
EVODEX-N12835,[H]OC(=O)[C@@]([H])(OP(=O)(O[H])O[H])C([H])([H])[S:6](=[O:7])(=[O:8])[O:9]>>[H][O:7][S:6](=[O:8])[O:9],EVODEX-P31344
EVODEX-N12836,[H][C@@:4]([C:2])([C:5]([S:6](=[O:7])(=[O:8])[O:9])([H:17])[H:18])[O:10]>>[C:2][C:4](=[C:5]([H:17])[H:18])[O:10].[H][O:7][S:6](=[O:8])[O:9],EVODEX-P31345
EVODEX-N12837,[H]OS(=O)(=O)[C:5]([C@@:4]([H])([C:2])[O:10])([H:17])[H:18]>>[C:2][C:4](=[C:5]([H:17])[H:18])[O:10],EVODEX-P31346
EVODEX-N12838,[C:14][C@:15]1([H:65])[O:16][C:17]1.[H][S:33][C:32]>>[H][O:16][C:17][C@@:15]([C:14])([S:33][C:32])[H:65],EVODEX-P31347
EVODEX-N12839,[H][S:33][C:32]>>[H]OC(=O)C([H])([H])C([H])([H])C([H])([H])[C@]([H])(O[H])[C@@]([H])(/C([H])=C([H])/C([H])=C([H])/C([H])=C(/[H])C([H])([H])/C([H])=C(/[H])C([H])([H])C([H])([H])C([H])([H])C([H])([H])C([H])([H])[H])[S:33][C:32],EVODEX-P31348
EVODEX-N12840,[H]OC(=O)C([H])([H])C([H])([H])C([H])([H])[C@]([H])(O[H])[C@@]([H])(/C([H])=C([H])/C([H])=C([H])/C([H])=C(/[H])C([H])([H])/C([H])=C(/[H])C([H])([H])C([H])([H])C([H])([H])C([H])([H])C([H])([H])[H])[S:16][C:17]>>[H][S:16][C:17],EVODEX-P31350
EVODEX-N12841,[H][O:37][C:36][C@@:15]([C:14])([S:16])[H:65]>>[C:14][C@@:15]1([H:65])[C:36][O:37]1.[H][S:16],EVODEX-P31351
EVODEX-N12842,[H]OC(=O)C([H])([H])N([H])C(=O)[C@@]([H])(N([H])C(=O)C([H])([H])C([H])([H])[C@@]([H])(C(=O)O[H])N([H])[H])C([H])([H])S[C@:15]([C:14])([C:36][O:37][H])[H:65]>>[C:14][C@@:15]1([H:65])[C:36][O:37]1,EVODEX-P31352
EVODEX-N12843,[H]O[C@@]1([H])O[C@]([H])(C([H])([H])[S:5][C:4])[C@@]([H])(O[H])[C@@]1([H])O[H]>>[H][S:5][C:4],EVODEX-P31353
EVODEX-N12844,[H][C@:7]1([C:6])[O:8][C:9][C:11][C@:13]1([H])[O:14][H]>>[H][C:6][C:7](=[O:8])[C:13]([C:11][C:9][H])=[O:14].[H],EVODEX-P31354
EVODEX-N12845,[H]OC(=O)[C@@]([H])(N([H])[H])C([H])([H])C([H])([H])S[C:6]([C@@:7]1([H])[O:8][C:9][C:11][C@:13]1([H])[O:14][H])([H:25])[H:26]>>[H][C:6]([C:7](=[O:8])[C:13]([C:11][C:9][H])=[O:14])([H:25])[H:26],EVODEX-P31355
EVODEX-N12846,[H]OC([H])([H])[S:10][C:9]>>[H][S:10][C:9],EVODEX-P31356
EVODEX-N12847,[H][O:12][C:11]([S:10])([H:34])[H:35]>>[C:11](=[O:12])([H:34])[H:35].[H][S:10],EVODEX-P31357
EVODEX-N12848,[H]OC(=O)C([H])([H])N([H])C(=O)[C@@]([H])(N([H])C(=O)C([H])([H])C([H])([H])[C@@]([H])(C(=O)O[H])N([H])[H])C([H])([H])S[C:11]([O:12][H])([H:34])[H:35]>>[C:11](=[O:12])([H:34])[H:35],EVODEX-P31358
EVODEX-N12849,[C:1](=[O:2])([H:23])[H:24].[H][S:12][C:11]>>[H][O:2][C:1]([S:12][C:11])([H:23])[H:24],EVODEX-P31359
EVODEX-N12850,[H][S:12][C:11]>>[H]OC([H])([H])[S:12][C:11],EVODEX-P31360
EVODEX-N12851,[C:1](=[O:2])([H:23])[H:24]>>[H]OC(=O)C([H])([H])N([H])C(=O)[C@@]([H])(N([H])C(=O)C([H])([H])C([H])([H])[C@@]([H])(C(=O)O[H])N([H])[H])C([H])([H])S[C:1]([O:2][H])([H:23])[H:24],EVODEX-P31361
EVODEX-N12852,[C:2]1[C:3]([H:16])([H:17])[O:4]1.[H][S:11][C:10]>>[H][O:4][C:2][C:3]([S:11][C:10])([H:16])[H:17],EVODEX-P31362
EVODEX-N12853,[H][S:11][C:10]>>[H]OC([H])(C([H])([H])[H])C([H])([H])[S:11][C:10],EVODEX-P31363
EVODEX-N12854,[H]OC([H])(C([H])([H])[H])C([H])([H])[S:5][C:6]>>[H][S:5][C:6],EVODEX-P31365
EVODEX-N12855,[H][O:3][C:2][C:4]([S:5])([H:17])[H:18]>>[C:2]1[O:3][C:4]1([H:17])[H:18].[H][S:5],EVODEX-P31366
EVODEX-N12856,[H]OS(=O)(=O)C([H])([H])C([H])([H])S[C:4]([C:2][O:3][H])([H:17])[H:18]>>[C:2]1[O:3][C:4]1([H:17])[H:18],EVODEX-P31367
EVODEX-N12857,[H]OC(=O)C([H])(O[H])C([H])([H])[S:7](=[O:8])(=[O:9])[O:10]>>[H][O:8][S:7](=[O:9])[O:10],EVODEX-P31368
EVODEX-N12858,[H][C:4]([C:2])([O:5][H])[C:6][S:7](=[O:8])(=[O:9])[O:10]>>[H][C:6][C:4]([C:2])=[O:5].[H][O:8][S:7](=[O:9])[O:10],"EVODEX-P31369,EVODEX-P31404"
EVODEX-N12859,[H]OS(=O)(=O)[C:6]([C:4]([H])([C:2])[O:5][H])([H:14])[H:15]>>[H][C:6]([C:4]([C:2])=[O:5])([H:14])[H:15],"EVODEX-P31370,EVODEX-P31405"
EVODEX-N12860,[H]OC(=O)[C@@]([H])(N([H])[H])C([H])([H])[S:4](=[O:5])(=[O:6])[O:7]>>[H][O:5][S:4](=[O:6])[O:7],EVODEX-P31371
EVODEX-N12861,[H]OS(=O)(=O)[C:3]([C@:2]([H])([N:1])[C:8])([H:15])[H:16].[H][O:11][H]>>[H][C:3]([C:2]([C:8])=[O:11])([H:15])[H:16].[H][N:1],EVODEX-P31372
EVODEX-N12862,[H]N([H])[C@@:2]([H])([C:3][S:4](=[O:5])(=[O:6])[O:7])[C:8].[H][O:11][H]>>[H][C:3][C:2]([C:8])=[O:11].[H][O:5][S:4](=[O:6])[O:7],EVODEX-P31373
EVODEX-N12863,[H]N([H])[C@@:2]([H])([C:3][S:4](=[O:5])(=[O:6])[O:7])[C:8]>>[H][C:3][C:2](=O)[C:8].[H][O:5][S:4](=[O:6])[O:7],EVODEX-P31374
EVODEX-N12864,[H]OC(=O)[C@]([H])(C([H])([H])[S:4](=[O:5])(=[O:6])[O:7])[N:1]([H:12])[H:13]>>[H][N:1]([H:12])[H:13].[H][O:5][S:4](=[O:6])[O:7],EVODEX-P31375
EVODEX-N12865,[H]OC(=O)[C@]([H])(C([H])([H])S(=O)(=O)O[H])[N:1]([H:12])[H:13]>>[H][N:1]([H:12])[H:13],EVODEX-P31376
EVODEX-N12866,[H][C@:2]([N:1])([C:3][S:4](=[O:5])(=[O:6])[O:7])[C:8]>>[H][C:3][C:2](=O)[C:8].[H][N:1].[H][O:5][S:4](=[O:6])[O:7],EVODEX-P31377
EVODEX-N12867,[H]OS(=O)(=O)[C:3]([C@:2]([H])(N([H])[H])[C:8])([H:15])[H:16].[H][O:11][H]>>[H][C:3]([C:2]([C:8])=[O:11])([H:15])[H:16],EVODEX-P31378
EVODEX-N12868,[H][C@:2]([N:1])([C:3][S:4](=[O:5])(=[O:6])[O:7])[C:8].[H][O:11][H]>>[H][C:3][C:2]([C:8])=[O:11].[H][N:1].[H][O:5][S:4](=[O:6])[O:7],EVODEX-P31379
EVODEX-N12869,[H]OS(=O)(=O)[C:3]([C@:2]([H])(N([H])[H])[C:8])([H:15])[H:16]>>[H][C:3]([C:2](=O)[C:8])([H:15])[H:16],EVODEX-P31380
EVODEX-N12870,[H]OS(=O)(=O)[C:3]([C@:2]([H])([N:1])[C:8])([H:15])[H:16]>>[H][C:3]([C:2](=O)[C:8])([H:15])[H:16].[H][N:1],EVODEX-P31381
EVODEX-N12871,[C:2][C@:3]1([C:4])[C:5][O:6]1.[H][S:16][C:15]>>[H][O:6][C:5][C:3]([C:2])([C:4])[S:16][C:15],EVODEX-P31382
EVODEX-N12872,[H][S:16][C:15]>>[H]OC([H])([H])C(C([H])=C([H])[H])(C([H])([H])[H])[S:16][C:15],EVODEX-P31383
EVODEX-N12873,[Cl:1][C@:2]1([H:26])[O:3][C:4]1.[H][S:15][C:14]>>[H][O:3][C:4][C:2]([Cl:1])([S:15][C:14])[H:26],EVODEX-P31385
EVODEX-N12874,[H][S:15][C:14]>>[H]OC([H])(Cl)C([H])(Cl)[S:15][C:14],EVODEX-P31386
EVODEX-N12875,[H][N:3]([C:2](=[C:1]([H:7])[H:8])[C:4])[H:9]>>[H][C:1]([C:2](=[N:3][H:9])[C:4])([H:7])[H:8],EVODEX-P31388
EVODEX-N12876,[H]N([H])[C@@:14]([H])([C:13][S:11]([C:10])=[O:12])[C:16].[H][O:23][H]>>[H][C:13][C:14]([C:16])=[O:23].[H][O:12][S:11][C:10],EVODEX-P31390
EVODEX-N12877,[H]OC(=O)[C@]([H])(C([H])([H])[S:11]([C:10])=[O:12])[N:15]([H:40])[H:41]>>[H][O:12][S:11][C:10].[H][N:15]([H:40])[H:41],EVODEX-P31393
EVODEX-N12878,[H][C@@:14]([C:13][S:11]([C:10])=[O:12])([N:15])[C:16]>>[H][C:13][C:14](=O)[C:16].[H][O:12][S:11][C:10].[H][N:15],EVODEX-P31395
EVODEX-N12879,[H][C@@:14]([C:13][S:11]([C:10])=[O:12])([N:15])[C:16].[H][O:23][H]>>[H][C:13][C:14]([C:16])=[O:23].[H][O:12][S:11][C:10].[H][N:15],EVODEX-P31397
EVODEX-N12880,[H]N([H])[C@@:14]([H])([C:13][S:11]([C:10])=[O:12])[C:16]>>[H][C:13][C:14](=O)[C:16].[H][O:12][S:11][C:10],EVODEX-P31399
EVODEX-N12881,[H]OC([H])([H])C([H])([H])[S:2](=[O:1])(=[O:3])[O:4]>>[H][O:1][S:2](=[O:3])[O:4],EVODEX-P31400
EVODEX-N12882,[H][C:6]([C:5][S:2](=[O:1])(=[O:3])[O:4])([O:7][H])[H:11]>>[H][C:5][C:6](=[O:7])[H:11].[H][O:1][S:2](=[O:3])[O:4],EVODEX-P31401
EVODEX-N12883,[H]OS(=O)(=O)[C:5]([C:6]([H])([O:7][H])[H:11])([H:9])[H:10]>>[H][C:5]([C:6](=[O:7])[H:11])([H:9])[H:10],EVODEX-P31402
EVODEX-N12884,[H]OC([H])([H])[C@]([H])(O[H])C([H])([H])[S:2](=[O:1])(=[O:3])[O:4]>>[H][O:1][S:2](=[O:3])[O:4],EVODEX-P31403
EVODEX-N12885,[H]C1:C([H]):C(C([H])(C2:C([H]):C([H]):C(Cl):C([H]):C:2[H])C(Cl)(Cl)[Cl:15]):C([H]):C([H]):C:1Cl>>[H][Cl:15],EVODEX-P31406
EVODEX-N12886,[H][C:6]([C:5])([C:7])[C:14]([Cl:15])([Cl:16])[Cl:17]>>[C:5][C:6]([C:7])=[C:14]([Cl:16])[Cl:17].[H][Cl:15],EVODEX-P31407
EVODEX-N12887,[H][C:6]([C:5])([C:7])[C:14](Cl)([Cl:16])[Cl:17]>>[C:5][C:6]([C:7])=[C:14]([Cl:16])[Cl:17],EVODEX-P31408
EVODEX-N12888,[H]C1:C([H]):C(C([H])(C2:C([H]):C([H]):C(Cl):C([H]):C:2[H])C([H])(Cl)[Cl:15]):C([H]):C([H]):C:1Cl>>[H][Cl:15],EVODEX-P31409
EVODEX-N12889,[H][C:6]([C:5])([C:7])[C:14]([Cl:15])([Cl:16])[H:27]>>[C:5][C:6]([C:7])=[C:14]([Cl:16])[H:27].[H][Cl:15],EVODEX-P31410
EVODEX-N12890,[H][C:6]([C:5])([C:7])[C:14](Cl)([Cl:16])[H:27]>>[C:5][C:6]([C:7])=[C:14]([Cl:16])[H:27],EVODEX-P31411
EVODEX-N12891,[C:2][C:3]([Cl:4])([H:12])[H:13].[H][S:8][H:15]>>[H][Cl:4].[C:2][C:3]([S:8][H:15])([H:12])[H:13],EVODEX-P31412
EVODEX-N12892,Cl[C:3]([C:2])([H:12])[H:13].[H][S:8][H:15]>>[C:2][C:3]([S:8][H:15])([H:12])[H:13],EVODEX-P31413
EVODEX-N12893,Cl[C:3]([C:2])([H:12])[H:13]>>[H]S[C:3]([C:2])([H:12])[H:13],EVODEX-P31414
EVODEX-N12894,[H]OC(=O)[C@]([H])(C([H])([H])C(Cl)=C([H])[H])[N:6]([H:16])[H:17]>>[H][N:6]([H:16])[H:17],EVODEX-P31416
EVODEX-N12895,[H][C@@:5]([C:4][C:2](Cl)=[C:1])([N:6])[C:7].[H][O:10][H]>>[H][C:2](=[C:1])[C:4][C:5]([C:7])=[O:10].[H][N:6],EVODEX-P31418
EVODEX-N12896,[H][C@@:5]([C:4][C:2](Cl)=[C:1])([N:6])[C:7]>>[H][C:2](=[C:1])[C:4][C:5](=O)[C:7].[H][N:6],EVODEX-P31419
EVODEX-N12897,[H]OC(=O)[C@]([H])(C([H])([H])C(=C([H])[H])[Cl:3])[N:6]([H:16])[H:17]>>[H][Cl:3].[H][N:6]([H:16])[H:17],EVODEX-P31420
EVODEX-N12898,[H]OC(=O)[C@@]([H])(N([H])[H])C([H])([H])C(=C([H])[H])[Cl:3]>>[H][Cl:3],EVODEX-P31421
EVODEX-N12899,[H]N([H])[C@@:5]([H])([C:4][C:2](Cl)=[C:1])[C:7].[H][O:10][H]>>[H][C:2](=[C:1])[C:4][C:5]([C:7])=[O:10],EVODEX-P31423
EVODEX-N12900,[H]N([H])[C@@:5]([H])([C:4][C:2](Cl)=[C:1])[C:7]>>[H][C:2](=[C:1])[C:4][C:5](=O)[C:7],EVODEX-P31425
EVODEX-N12901,[H][O:10][H]>>[H]OC(=O)C(C([H])([H])C([H])=C([H])[H])=[O:10],EVODEX-P31426
EVODEX-N12902,[C:2][C:3]([Cl:4])([H:16])[H:17].[H][S:12][C:11]>>[H][Cl:4].[C:2][C:3]([S:12][C:11])([H:16])[H:17],"EVODEX-P31428,EVODEX-P31433"
EVODEX-N12903,Cl[C:3]([C:2])([H:16])[H:17].[H][S:12][C:11]>>[C:2][C:3]([S:12][C:11])([H:16])[H:17],"EVODEX-P31429,EVODEX-P31434"
EVODEX-N12904,Cl[C:3]([C:2])([H:16])[H:17]>>[H]OC(=O)C([H])([H])S[C:3]([C:2])([H:16])[H:17],EVODEX-P31431
EVODEX-N12905,>>[H].[H]OC(=O)C([H])([H])S,EVODEX-P31432
EVODEX-N12906,Cl[C:5]([C:4])([H:17])[H:18]>>[H]C([H])([H])S[C:5]([C:4])([H:17])[H:18],EVODEX-P31435
EVODEX-N12907,[H]OP(=O)(O[H])OP(=O)(O[H])O[P:16]([O:15])(=[O:17])[O:18].[H][O:29][C:28]>>[O:15][P:16](=[O:17])([O:18])[O:29][C:28],"EVODEX-P31439,EVODEX-P31443,EVODEX-P31445"
EVODEX-N12908,[O:15][P:16](=[O:17])([O:18])[O:19].[H][O:25][P:24]>>[H][O:19].[O:15][P:16](=[O:17])([O:18])[O:25][P:24],EVODEX-P31440
EVODEX-N12909,[H][O:8][P:6].[O:17][P:18](=[O:19])([O:20])[O:21]>>[H][O:17].[P:6][O:8][P:18](=[O:19])([O:20])[O:21],EVODEX-P31446
EVODEX-N12910,[H]OC([H])([H])[C@@](OP(=O)(O[H])O[H])(C([H])([H])[H])[C@]([H])(O[H])C([H])([H])OP(=O)(O[H])[O:17][P:18]>>[H][O:17][P:18],EVODEX-P31447
EVODEX-N12911,[H][O:8][P:6].[O:13][P:14](=[O:15])([O:16])[O:17]>>[P:6][O:8][P:14]([O:13])(=[O:15])[O:16].[H][O:17],EVODEX-P31448
EVODEX-N12912,[H]O[C@@]1([H])[C@@]([H])(O[H])[C@]([H])(N2:C([H]):C([H]):C(N([H])[H]):N:C:2=O)O[C@]1([H])C([H])([H])OP(=O)(O[H])O[P:14]([O:13])(=[O:15])[O:16].[H][O:8][P:6]>>[P:6][O:8][P:14]([O:13])(=[O:15])[O:16],EVODEX-P31449
EVODEX-N12913,[H]C1:C([H]):C([H]):C2:C(:C:1[H])C(=O)OC21C2:C([H]):C([H]):C(OC([H])([H])C([H])([H])C([H])([H])C([H])([H])[H]):C([H]):C:2OC2:C([H]):C(O[P:17](=[O:18])([O:19])[O:20]):C([H]):C([H]):C:21.[H][O:25][C:24]>>[P:17](=[O:18])([O:19])([O:20])[O:25][C:24],EVODEX-P31450
EVODEX-N12914,[H]OC1([H])[C@@]([H])(O[H])C([H])(O[H])[C@@]([H])(O[H])[C@@]([H])(O[H])[C@@]1([H])OP(=O)(O[H])[O:16][C:15]>>[H][O:16][C:15],"EVODEX-P31452,EVODEX-P31455"
EVODEX-N12915,[H]C1:C([H]):C([H]):C2:C(:C:1[H])C(=O)OC21C2:C([H]):C([H]):C(OC([H])([H])[H]):C([H]):C:2OC2:C([H]):C(O[P:14](=[O:15])([O:16])[O:17]):C([H]):C([H]):C:21.[H][O:20][C:19]>>[P:14](=[O:15])([O:16])([O:17])[O:20][C:19],EVODEX-P31453
EVODEX-N12916,[H]O[C@@]1([H])[C@@]([H])(O[H])[C@]([H])(N2:C([H]):N:C3:C(N([H])[H]):N:C([H]):N:C:3:2)O[C@]1([H])C([H])([H])OP(=O)(O[H])O[P:24]([O:23])(=[O:25])[O:26].[H][O:21][C:20]>>[C:20][O:21][P:24]([O:23])(=[O:25])[O:26],EVODEX-P31457
EVODEX-N12917,[H][O:21][H:34]>>[H]OC([H])([H])[C@@]1([H])O[C@@]([H])(N2:C([H]):C([H]):C(N([H])[H]):N:C:2=O)[C@@]([H])([O:21][H:34])[C@]1([H])OP(=O)(O[H])O[H],EVODEX-P31459
EVODEX-N12918,[H][O:1][H:33]>>[H]OC([H])([H])[C@@]1([H])O[C@@]([H])(N2:C([H]):C([H]):C(=O):N([H]):C:2=O)[C@@]([H])([O:1][H:33])[C@]1([H])OP(=O)(O[H])O[H],EVODEX-P31462
EVODEX-N12919,[H]N=C1:N([H]):C(=O):C2:N:C([H]):N([C@@]3([H])O[C@@]([H])(C([H])([H])O[H])[C@]([H])(OP(=O)(O[H])[O:20][C:21])[C@]3([H])O[H]):C:2:N:1[H]>>[H][O:20][C:21],EVODEX-P31465
EVODEX-N12920,[H]O[C@@]1([H])[C@@]([H])(O[H])[C@]([H])(N2:C([H]):N:C3:C(N([H])[H]):N:C([H]):N:C:3:2)O[C@]1([H])C([H])([H])O[P:17]([O:16])(=[O:18])[O:19].[H][O:14][C:13].[H][O:43][H:69]>>[C:13][O:14][P:17](=[O:18])([O:19])[O:43][H:69].[H][O:16],EVODEX-P31466
EVODEX-N12921,[H]O[C@@]1([H])[C@@]([H])(O[H])[C@]([H])(N2:C([H]):N:C3:C(N([H])[H]):N:C([H]):N:C:3:2)O[C@]1([H])C([H])([H])O[P:17]([O:16])(=[O:18])[O:19].[H][O:14][C:13]>>[H]O[P:17]([O:14][C:13])(=[O:18])[O:19].[H][O:16],EVODEX-P31467
EVODEX-N12922,[H]OC([H])([H])[C@@]1([H])O[C@@]([H])(N2:C([H]):C([H]):C(N([H])[H]):N:C:2=O)[C@]([H])(O[H])[C@]1([H])OP(=O)(O[H])O[C:17]([C:18])([H:50])[H:51].[H][O:38][H:63]>>[C:17]([C:18])([O:38][H:63])([H:50])[H:51],EVODEX-P31471
EVODEX-N12923,[H][O:38][H:63]>>[H]O[C@@]1([H])[C@@]([H])(O[H])[C@]([H])(N2:C([H]):C([H]):C(=O):N([H]):C:2=O)O[C@]1([H])C([H])([H])[O:38][H:63],EVODEX-P31472
EVODEX-N12924,[H]OC([H])([H])[C@@]1([H])O[C@@]([H])(N2:C([H]):C([H]):C(N([H])[H]):N:C:2=O)[C@]([H])(O[H])[C@]1([H])OP(=O)(O[H])O[C:17]([C:18])([H:50])[H:51]>>[H]O[C:17]([C:18])([H:50])[H:51],EVODEX-P31473
EVODEX-N12925,[H]N=C1:N([H]):C(=O):C2:N:C([H]):N([C@@]3([H])O[C@@]([H])(C([H])([H])O[H])[C@]([H])(OP(=O)(O[H])O[C:21]([C:22])([H:54])[H:55])[C@]3([H])O[H]):C:2:N:1[H].[H][O:43][H:69]>>[C:21]([C:22])([O:43][H:69])([H:54])[H:55],EVODEX-P31477
EVODEX-N12926,[H]O[C@]1([H])[C@@]([H])(C([H])([H])[O:19][P:16])C([H])([H])[C@@]([H])(N2:C([H]):N:C3:C(N([H])[H]):N:C([H]):N:C:3:2)[C@]1([H])O[H]>>[H][O:19][P:16],EVODEX-P31480
EVODEX-N12927,[H]OC([H])([H])[C@@]1([H])C([H])([H])[C@@]([H])(N2:C([H]):N:C3:C(=O):N([H]):C(N([H])[H]):N:C:3:2)[C@]([H])(O[H])[C@]1([H])OP(=O)(O[H])O[C:20]([C:21])([H:56])[H:57].[H][O:43][H:73]>>[C:20]([C:21])([O:43][H:73])([H:56])[H:57],EVODEX-P31481
EVODEX-N12928,[H][O:43][H:73]>>[H]O[C@]1([H])[C@@]([H])(C([H])([H])[O:43][H:73])C([H])([H])[C@@]([H])(N2:C([H]):N:C3:C(N([H])[H]):N:C([H]):N:C:3:2)[C@]1([H])O[H],EVODEX-P31482
EVODEX-N12929,[H]OC([H])([H])[C@@]1([H])C([H])([H])[C@@]([H])(N2:C([H]):N:C3:C(=O):N([H]):C(N([H])[H]):N:C:3:2)[C@]([H])(O[H])[C@]1([H])OP(=O)(O[H])O[C:20]([C:21])([H:56])[H:57]>>[H]O[C:20]([C:21])([H:56])[H:57],EVODEX-P31483
EVODEX-N12930,[H]O[C@@]1([H])[C@@]([H])(O[H])[C@]([H])(N2:C([H]):C([H]):C(N([H])[H]):N:C:2=O)O[C@]1([H])C([H])([H])[O:10][P:11]>>[H][O:10][P:11],"EVODEX-P31486,EVODEX-P35052"
EVODEX-N12931,[H]OC([H])([H])[C@@]1([H])O[C@@]([H])(N2:C([H]):N:C3:C(N([H])[H]):N:C([H]):N:C:3:2)[C@]([H])(O[H])[C@]1([H])OP(=O)(O[H])O[C:9]([C:8])([H:47])[H:48].[H][O:40][H:66]>>[C:8][C:9]([O:40][H:66])([H:47])[H:48],EVODEX-P31487
EVODEX-N12932,[H]OC([H])([H])[C@@]1([H])O[C@@]([H])(N2:C([H]):N:C3:C(N([H])[H]):N:C([H]):N:C:3:2)[C@]([H])(O[H])[C@]1([H])OP(=O)(O[H])O[C:9]([C:8])([H:47])[H:48]>>[H]O[C:9]([C:8])([H:47])[H:48],EVODEX-P31488
EVODEX-N12933,[H]O[C@@]1([H])[C@@]([H])(O[H])[C@]([H])(N2:C([H]):C([H]):C(N([H])[H]):N:C:2=O)O[C@]1([H])C([H])([H])O[P:11](=[O:12])([O:13])[O:14].[H][O:17][C:16]>>[P:11](=[O:12])([O:13])([O:14])[O:17][C:16],EVODEX-P31490
EVODEX-N12934,[H]O[C@]1([H])[C@]([H])(OP(=O)(O[H])[O:10][C:9])[C@@]([H])(C([H])([H])OP(=O)(O[H])O[H])O[C@@]1([H])N1:C([H]):N:C2:C(N([H])[H]):N:C([H]):N:C:2:1>>[H][O:10][C:9],EVODEX-P31492
EVODEX-N12935,[H]/C(=N\[O:6][H:15])C([H])([H])C([H])([H])C([H])([H])[H]>>[H][O:6][H:15],EVODEX-P31493
EVODEX-N12936,[H]/C(=N\[O:9][H:20])C(=O)C([H])([H])C([H])(C([H])([H])[H])C([H])([H])[H]>>[H][O:9][H:20],EVODEX-P31496
EVODEX-N12937,[H]/C(=N\[O:1][H:12])C1:C(F):C([H]):C([H]):C([H]):C:1Cl>>[H][O:1][H:12],EVODEX-P31499
EVODEX-N12938,[#30&+2:44]>>[#85&+:44],EVODEX-P31503
EVODEX-N12939,[H][C:1]([H])=[C:2]([H])[C:3]1=[C:4]([C:5]([H])([H])[H])[C:6]:[C:7]([H]):[C:8]2:[N:9]([H]):[C:10](:[C:11]([H]):[C:12][C:36]([C:37]([H])([H])[H])=[C:30]([C:31]([H])([H])[C:32]([H])([H])[C:33][O:35][H])[C:14]:[C:15]([H]):[C:16]3:[N:17]([H]):[C:18](:[C:19]([H]):[C:20]1):[C:22]([C:23]([H])([H])[H]):[C:24]:3[C:25]([H])([H])[C:26]([H])([H])[C:27][O:29][H]):[C:38]([C:39]([H])([H])[H]):[C:40]:2[C:41]([H])=[C:42]([H])[H]>>[H][C:1]([H])=[C:2]([H])[C:3]1=[C:4]([C:5]([H])([H])[H])[C:6]:[C:7]([H]):[C:8]2:[N:9]([H]):[C:10](:[C:11]([H]):[C:12][C:36]([C:37]([H])([H])[H])=[C:30]([C:31]([H])([H])[C:32]([H])([H])[C:33][O:35][H])[C:14]:[C:15]([H]):[C:16]3:[N:17]([H]):[C:18](:[C:19]([H]):[C:20]1):[C:22]([C:23]([H])([H])[H]):[C:24]:3[C:25]([H])([H])[C:26]([H])([H])[C:27][O:29][H]):[C:38]([C:39]([H])([H])[H]):[C:40]:2[C:41]([H])=[C:42]([H])[H],EVODEX-P31509
EVODEX-N12940,[H][C:21](:[N:20]):[N:22][C@:23]1([H])[O:24][C@:25]([H])([C:26]([H])([H])[O:27][P:28]([O:30][H])[O:31][P:32](=[O:33])([O:34][H])[O:35][P:36]([O:38][H])[O:39][H])[C@@:40]([H])([O:41][H])[C@@:42]1([H])[O:43][H].[H][N:13]([H])[C:14]:[N:15]:[C:16]([H]):[N:17].[H][N:1]([H])[C@@:2]([H])([C:3]([H])([H])[C:4]1:[C:5]([H]):[C:6]([H]):[C:7]([H]):[C:8]([H]):[C:9]:1[H])[C:10](=[O:11])[O:12][H].[H][O:44][H]>>[H][C:21](:[N:20]):[N:22][C@:23]1([H])[O:24][C@:25]([H])([C:26]([H])([H])[O:27][P:28]([O:30][H])[O:31][H])[C@@:40]([H])([O:41][H])[C@@:42]1([H])[O:43][H].[H][N:13]([H])[C:14]:[N:15]:[C:16]([H]):[N:17].[H][N:1]([H])[C@@:2]([H])([C:3]([H])([H])[C:4]1:[C:5]([H]):[C:6]([H]):[C:7]([H]):[C:8]([H]):[C:9]:1[H])[C:10](=[O:11])[O:44][H].[H][O:12][P:32](=[O:33])([O:34][H])[O:35][P:36]([O:38][H])[O:39][H],"EVODEX-P31531,EVODEX-P31546"
EVODEX-N12941,[H]OP(=O)(O[H])OP(=O)(O[H])[O:31][P:28]([O:27][C:26]([H])([H])[C@@:25]1([H])[O:24][C@@:23]([H])([N:22]:[C:21]([H]):[N:20])[C@:42]([H])([O:43][H])[C@:40]1([H])[O:41][H])[O:30][H].[H][N:13]([H])[C:14]:[N:15]:[C:16]([H]):[N:17].[H]O[C:10]([C@@:2]([H])([N:1]([H])[H])[C:3]([H])([H])[C:4]1:[C:5]([H]):[C:6]([H]):[C:7]([H]):[C:8]([H]):[C:9]:1[H])=[O:11].[H][O:44][H]>>[H][C:21](:[N:20]):[N:22][C@:23]1([H])[O:24][C@:25]([H])([C:26]([H])([H])[O:27][P:28]([O:30][H])[O:31][H])[C@@:40]([H])([O:41][H])[C@@:42]1([H])[O:43][H].[H][N:13]([H])[C:14]:[N:15]:[C:16]([H]):[N:17].[H][N:1]([H])[C@@:2]([H])([C:3]([H])([H])[C:4]1:[C:5]([H]):[C:6]([H]):[C:7]([H]):[C:8]([H]):[C:9]:1[H])[C:10](=[O:11])[O:44][H],"EVODEX-P31532,EVODEX-P31547"
EVODEX-N12942,[H][C:21](:[N:20]):[N:22][C@:23]1([H])[O:24][C@:25]([H])([C:26]([H])([H])[O:27][P:28][O:30][H])[C@@:40]([H])([O:41][H])[C@@:42]1([H])[O:43][H].[H][N:13]([H])[C:14]:[N:15]:[C:16]([H]):[N:17].[H][O:34][P:32].[H][O:38][P:36][O:39][H].[H][O:44][H]>>[H].[H][C:21](:[N:20]):[N:22][C@:23]1([H])[O:24][C@:25]([H])([C:26]([H])([H])[O:27][P:28][O:30][H])[C@@:40]([H])([O:41][H])[C@@:42]1([H])[O:43][H].[H][N:13]([H])[C:14]:[N:15]:[C:16]([H]):[N:17].[H]C1:C([H]):C([H]):C(C([H])([H])[C@@]([H])(C(=O)[O:44][H])N([H])[H]):C([H]):C:1[H].[H]O[P:32][O:34][H].[H][O:38][P:36][O:39][H],EVODEX-P31533
EVODEX-N12943,[H]O[C@@]1([H])[C@@]([H])(O[H])[C@]([H])(N2:C([H]):N:C3:C(N([H])[H]):N:C([H]):N:C:3:2)O[C@]1([H])C([H])([H])OP(=O)(O[H])O[P:32](=[O:33])([O:34][H])[O:35][P:36]([O:38][H])[O:39][H].[H][N:1]([H])[C@@:2]([H])([C:3]([H])([H])[C:4]1:[C:5]([H]):[C:6]([H]):[C:7]([H]):[C:8]([H]):[C:9]:1[H])[C:10](=[O:11])[O:12][H].[H][O:44][H]>>[H][N:1]([H])[C@@:2]([H])([C:3]([H])([H])[C:4]1:[C:5]([H]):[C:6]([H]):[C:7]([H]):[C:8]([H]):[C:9]:1[H])[C:10](=[O:11])[O:44][H].[H][O:12][P:32](=[O:33])([O:34][H])[O:35][P:36]([O:38][H])[O:39][H],"EVODEX-P31534,EVODEX-P31550"
EVODEX-N12944,[H]OP(=O)(O[H])OP(=O)(O[H])[O:31][P:28]([O:27][C:26]([H])([H])[C@@:25]1([H])[O:24][C@@:23]([H])([N:22]:[C:21]([H]):[N:20])[C@:42]([H])([O:43][H])[C@:40]1([H])[O:41][H])[O:30][H].[H][N:13]([H])[C:14]:[N:15]:[C:16]([H]):[N:17].[H][O:44][H]>>[H][C:21](:[N:20]):[N:22][C@:23]1([H])[O:24][C@:25]([H])([C:26]([H])([H])[O:27][P:28]([O:30][H])[O:31][H])[C@@:40]([H])([O:41][H])[C@@:42]1([H])[O:43][H].[H][N:13]([H])[C:14]:[N:15]:[C:16]([H]):[N:17].[H]C1:C([H]):C([H]):C(C([H])([H])[C@@]([H])(C(=O)[O:44][H])N([H])[H]):C([H]):C:1[H],EVODEX-P31535
EVODEX-N12945,[H]O[C@@]1([H])[C@@]([H])(O[H])[C@]([H])(N2:C([H]):N:C3:C(N([H])[H]):N:C([H]):N:C:3:2)O[C@]1([H])C([H])([H])OP(=O)(O[H])O[P:32](=[O:33])([O:34][H])[O:35][P:36]([O:38][H])[O:39][H].[H][O:44][H]>>[H]C1:C([H]):C([H]):C(C([H])([H])[C@@]([H])(C(=O)[O:44][H])N([H])[H]):C([H]):C:1[H].[H]O[P:32](=[O:33])([O:34][H])[O:35][P:36]([O:38][H])[O:39][H],EVODEX-P31536
EVODEX-N12946,[H][C:21](:[N:20]):[N:22][C@:23]1([H])[O:24][C@:25]([H])([C:26]([H])([H])[O:27][P:28]([O:30][H])[O:31][P:32](=[O:33])([O:34][H])[O:35][P:36]([O:38][H])[O:39][H])[C@@:40]([H])([O:41][H])[C@@:42]1([H])[O:43][H].[H][N:13]([H])[C:14]:[N:15]:[C:16]([H]):[N:17].[H][N:1]([H])[C@@:2]([H])([C:3]([H])([H])[C:4]1:[C:5]([H]):[C:6]([H]):[C:7]([H]):[C:8]([H]):[C:9]:1[H])[C:10][O:12][H]>>[H][C:21](:[N:20]):[N:22][C@:23]1([H])[O:24][C@:25]([H])([C:26]([H])([H])[O:27][P:28]([O:30][H])[O:31][H])[C@@:40]([H])([O:41][H])[C@@:42]1([H])[O:43][H].[H][N:13]([H])[C:14]:[N:15]:[C:16]([H]):[N:17].[H]O[C:10][C@@:2]([H])([N:1]([H])[H])[C:3]([H])([H])[C:4]1:[C:5]([H]):[C:6]([H]):[C:7]([H]):[C:8]([H]):[C:9]:1[H].[H][O:12][P:32](=[O:33])([O:34][H])[O:35][P:36]([O:38][H])[O:39][H],"EVODEX-P31537,EVODEX-P31554"
EVODEX-N12947,[H]O[C@@]1([H])[C@@]([H])(O[H])[C@]([H])(N2:C([H]):N:C3:C(N([H])[H]):N:C([H]):N:C:3:2)O[C@]1([H])C([H])([H])OP(=O)(O[H])O[P:32](=[O:33])([O:34][H])[O:35][P:36]([O:38][H])[O:39][H].[H]C1:C([H]):C([H]):C(C([H])([H])[C@@]([H])(C(=O)[O:12][H])N([H])[H]):C([H]):C:1[H]>>[H][O:12][P:32](=[O:33])([O:34][H])[O:35][P:36]([O:38][H])[O:39][H],EVODEX-P31538
EVODEX-N12948,[H]OP(=O)(O[H])OP(=O)(O[H])[O:31][P:28]([O:27][C:26]([H])([H])[C@@:25]1([H])[O:24][C@@:23]([H])([N:22]:[C:21]([H]):[N:20])[C@:42]([H])([O:43][H])[C@:40]1([H])[O:41][H])[O:30][H].[H][N:13]([H])[C:14]:[N:15]:[C:16]([H]):[N:17].[H]O[C:10]([C@@:2]([H])([N:1]([H])[H])[C:3]([H])([H])[C:4]1:[C:5]([H]):[C:6]([H]):[C:7]([H]):[C:8]([H]):[C:9]:1[H])=[O:11]>>[H][C:21](:[N:20]):[N:22][C@:23]1([H])[O:24][C@:25]([H])([C:26]([H])([H])[O:27][P:28]([O:30][H])[O:31][H])[C@@:40]([H])([O:41][H])[C@@:42]1([H])[O:43][H].[H][N:13]([H])[C:14]:[N:15]:[C:16]([H]):[N:17].[H]O[C:10]([C@@:2]([H])([N:1]([H])[H])[C:3]([H])([H])[C:4]1:[C:5]([H]):[C:6]([H]):[C:7]([H]):[C:8]([H]):[C:9]:1[H])=[O:11],"EVODEX-P31539,EVODEX-P31556"
EVODEX-N12949,[H][C:21](:[N:20]):[N:22][C@:23]1([H])[O:24][C@:25]([H])([C:26]([H])([H])[O:27][P:28]([O:30][H])[O:31][P:32](=[O:33])([O:34][H])[O:35][P:36]([O:38][H])[O:39][H])[C@@:40]([H])([O:41][H])[C@@:42]1([H])[O:43][H].[H][N:13]([H])[C:14]:[N:15]:[C:16]([H]):[N:17].[H]C1:C([H]):C([H]):C(C([H])([H])[C@@]([H])(C(=O)[O:12][H])N([H])[H]):C([H]):C:1[H]>>[H][C:21](:[N:20]):[N:22][C@:23]1([H])[O:24][C@:25]([H])([C:26]([H])([H])[O:27][P:28]([O:30][H])[O:31][H])[C@@:40]([H])([O:41][H])[C@@:42]1([H])[O:43][H].[H][N:13]([H])[C:14]:[N:15]:[C:16]([H]):[N:17].[H][O:12][P:32](=[O:33])([O:34][H])[O:35][P:36]([O:38][H])[O:39][H],EVODEX-P31540
EVODEX-N12950,[H]O[C@@]1([H])[C@@]([H])(O[H])[C@]([H])(N2:C([H]):N:C3:C(N([H])[H]):N:C([H]):N:C:3:2)O[C@]1([H])C([H])([H])OP(=O)(O[H])O[P:32](=[O:33])([O:34][H])[O:35][P:36]([O:38][H])[O:39][H].[H][N:1]([H])[C@@:2]([H])([C:3]([H])([H])[C:4]1:[C:5]([H]):[C:6]([H]):[C:7]([H]):[C:8]([H]):[C:9]:1[H])[C:10][O:12][H]>>[H]O[C:10][C@@:2]([H])([N:1]([H])[H])[C:3]([H])([H])[C:4]1:[C:5]([H]):[C:6]([H]):[C:7]([H]):[C:8]([H]):[C:9]:1[H].[H][O:12][P:32](=[O:33])([O:34][H])[O:35][P:36]([O:38][H])[O:39][H],"EVODEX-P31541,EVODEX-P31558"
EVODEX-N12951,[H][N:1]([H])[C@@:2]([H])([C:3]([H])([H])[C:4]1:[C:5]([H]):[C:6]([H]):[C:7]([H]):[C:8]([H]):[C:9]:1[H])[C:10](=[O:11])[O:12][H].[H][O:44][H]>>[H][N:1]([H])[C@@:2]([H])([C:3]([H])([H])[C:4]1:[C:5]([H]):[C:6]([H]):[C:7]([H]):[C:8]([H]):[C:9]:1[H])[C:10](=[O:11])[O:44][H].[H]OP(=O)(O[H])OP(=O)(O[H])[O:12][H],"EVODEX-P31542,EVODEX-P31559"
EVODEX-N12952,[H]C1:C([H]):C([H]):C(C([H])([H])[C@@]([H])(C(=O)[O:12][H])N([H])[H]):C([H]):C:1[H]>>[H]OP(=O)(O[H])OP(=O)(O[H])[O:12][H],EVODEX-P31543
EVODEX-N12953,[H][N:1]([H])[C@@:2]([H])([C:3]([H])([H])[C:4]1:[C:5]([H]):[C:6]([H]):[C:7]([H]):[C:8]([H]):[C:9]:1[H])[C:10][O:12][H]>>[H]O[C:10][C@@:2]([H])([N:1]([H])[H])[C:3]([H])([H])[C:4]1:[C:5]([H]):[C:6]([H]):[C:7]([H]):[C:8]([H]):[C:9]:1[H].[H]OP(=O)(O[H])OP(=O)(O[H])[O:12][H],"EVODEX-P31544,EVODEX-P31561"
EVODEX-N12954,[H]O[C:10]([C@@:2]([H])([N:1]([H])[H])[C:3]([H])([H])[C:4]1:[C:5]([H]):[C:6]([H]):[C:7]([H]):[C:8]([H]):[C:9]:1[H])=[O:11].[H][O:44][H]>>[H][N:1]([H])[C@@:2]([H])([C:3]([H])([H])[C:4]1:[C:5]([H]):[C:6]([H]):[C:7]([H]):[C:8]([H]):[C:9]:1[H])[C:10](=[O:11])[O:44][H],"EVODEX-P31545,EVODEX-P31562"
EVODEX-N12955,[H]O[C:11]([C@@:2]([H])([N:1]([H])[H])[C:3]([H])([H])[C:4]1:[C:5]([H]):[C:6]([H]):[C:7]:[C:9]([H]):[C:10]:1[H])=[O:12]>>[H]O[C:11]([C@@:2]([H])([N:1]([H])[H])[C:3]([H])([H])[C:4]1:[C:5]([H]):[C:6]([H]):[C:7]:[C:9]([H]):[C:10]:1[H])=[O:12],EVODEX-P31548
EVODEX-N12956,[H][C:22](:[N:21]):[N:23][C@:24]1([H])[O:25][C@:26]([H])([C:27]([H])([H])[O:28][P:29][O:31][H])[C@@:41]([H])([O:42][H])[C@@:43]1([H])[O:44][H].[H][N:14]([H])[C:15]:[N:16]:[C:17]([H]):[N:18].[H][O:35][P:33].[H][O:39][P:37][O:40][H].[H][O:45][H]>>[H].[H][C:22](:[N:21]):[N:23][C@:24]1([H])[O:25][C@:26]([H])([C:27]([H])([H])[O:28][P:29][O:31][H])[C@@:41]([H])([O:42][H])[C@@:43]1([H])[O:44][H].[H][N:14]([H])[C:15]:[N:16]:[C:17]([H]):[N:18].[H]C1:C([H]):C(C([H])([H])[C@@]([H])(C(=O)[O:45][H])N([H])[H]):C([H]):C([H]):C:1F.[H]O[P:33][O:35][H].[H][O:39][P:37][O:40][H],EVODEX-P31549
EVODEX-N12957,[H][O:45][H]>>[H]C1:C([H]):C(C([H])([H])[C@@]([H])(C(=O)[O:45][H])N([H])[H]):C([H]):C([H]):C:1F,EVODEX-P31551
EVODEX-N12958,[H]OP(=O)(O[H])OP(=O)(O[H])[O:32][P:29]([O:28][C:27]([H])([H])[C@@:26]1([H])[O:25][C@@:24]([H])([N:23]:[C:22]([H]):[N:21])[C@:43]([H])([O:44][H])[C@:41]1([H])[O:42][H])[O:31][H].[H][N:14]([H])[C:15]:[N:16]:[C:17]([H]):[N:18].[H][O:45][H]>>[H][C:22](:[N:21]):[N:23][C@:24]1([H])[O:25][C@:26]([H])([C:27]([H])([H])[O:28][P:29]([O:31][H])[O:32][H])[C@@:41]([H])([O:42][H])[C@@:43]1([H])[O:44][H].[H][N:14]([H])[C:15]:[N:16]:[C:17]([H]):[N:18].[H]C1:C([H]):C(C([H])([H])[C@@]([H])(C(=O)[O:45][H])N([H])[H]):C([H]):C([H]):C:1F,EVODEX-P31552
EVODEX-N12959,[H]O[C@@]1([H])[C@@]([H])(O[H])[C@]([H])(N2:C([H]):N:C3:C(N([H])[H]):N:C([H]):N:C:3:2)O[C@]1([H])C([H])([H])OP(=O)(O[H])O[P:33](=[O:34])([O:35][H])[O:36][P:37]([O:39][H])[O:40][H].[H][O:45][H]>>[H]C1:C([H]):C(C([H])([H])[C@@]([H])(C(=O)[O:45][H])N([H])[H]):C([H]):C([H]):C:1F.[H]O[P:33](=[O:34])([O:35][H])[O:36][P:37]([O:39][H])[O:40][H],EVODEX-P31553
EVODEX-N12960,[H]O[C@@]1([H])[C@@]([H])(O[H])[C@]([H])(N2:C([H]):N:C3:C(N([H])[H]):N:C([H]):N:C:3:2)O[C@]1([H])C([H])([H])OP(=O)(O[H])O[P:33](=[O:34])([O:35][H])[O:36][P:37]([O:39][H])[O:40][H].[H]C1:C([H]):C(C([H])([H])[C@@]([H])(C(=O)[O:13][H])N([H])[H]):C([H]):C([H]):C:1F>>[H][O:13][P:33](=[O:34])([O:35][H])[O:36][P:37]([O:39][H])[O:40][H],EVODEX-P31555
EVODEX-N12961,[H][C:22](:[N:21]):[N:23][C@:24]1([H])[O:25][C@:26]([H])([C:27]([H])([H])[O:28][P:29]([O:31][H])[O:32][P:33](=[O:34])([O:35][H])[O:36][P:37]([O:39][H])[O:40][H])[C@@:41]([H])([O:42][H])[C@@:43]1([H])[O:44][H].[H][N:14]([H])[C:15]:[N:16]:[C:17]([H]):[N:18].[H]C1:C([H]):C(C([H])([H])[C@@]([H])(C(=O)[O:13][H])N([H])[H]):C([H]):C([H]):C:1F>>[H][C:22](:[N:21]):[N:23][C@:24]1([H])[O:25][C@:26]([H])([C:27]([H])([H])[O:28][P:29]([O:31][H])[O:32][H])[C@@:41]([H])([O:42][H])[C@@:43]1([H])[O:44][H].[H][N:14]([H])[C:15]:[N:16]:[C:17]([H]):[N:18].[H][O:13][P:33](=[O:34])([O:35][H])[O:36][P:37]([O:39][H])[O:40][H],EVODEX-P31557
EVODEX-N12962,[H]C1:C([H]):C(C([H])([H])[C@@]([H])(C(=O)[O:13][H])N([H])[H]):C([H]):C([H]):C:1F>>[H]OP(=O)(O[H])OP(=O)(O[H])[O:13][H],EVODEX-P31560
EVODEX-N12963,[H][C:1]([H])([H])[C:2]([H])([H])[C:3]([H])([H])[C:4]([H])([H])[C:5]([H])([H])/[C:6]([H])=[C:7](\[H])[C@@:8]([H])([O:9][H])[C:10]([H])([H])[C:11][S:13][C:14]([H])([H])[C:15]([H])([H])[N:16]([H])[C:17][C:19]([H])([H])[C:20]([H])([H])[N:21]([H])[C:22][C@:24]([H])([O:25][H])[C:26]([C:27]([H])([H])[H])([C:28]([H])([H])[H])[C:29]([H])([H])[O:30][P:31][O:33][H].[H][N:48]([H])[C:47]:[N:49]:[C:50]([H]):[N:51].[H][O:37][P:35][O:38][C:39]([H])([H])[C@@:40]1([H])[O:41][C@@:42]([H])([N:43]:[C:44]([H]):[N:45])[C@:53]([H])([O:54][H])[C@:55]1([H])[O:56][P:57]([O:59][H])[O:60][H]>>[H][C:1]([H])([C:2]([H])([H])[H])[C:3]([H])([H])[C:4]([H])([H])[C:5]([H])([H])/[C:6]([H])=[C:7](\[H])[C@@:8]([H])([O:9][H])[C:10]([H])([H])[C:11][S:13][C:14]([H])([H])[C:15]([H])([H])[N:16]([H])[C:17][C:19]([H])([H])[C:20]([H])([H])[N:21]([H])[C:22][C@:24]([H])([O:25][H])[C:26]([C:27]([H])([H])[H])([C:28]([H])([H])[H])[C:29]([H])([H])[O:30][P:31][O:33][H].[H][N:48]([H])[C:47]:[N:49]:[C:50]([H]):[N:51].[H][O:37][P:35][O:38][C:39]([H])([H])[C@@:40]1([H])[O:41][C@@:42]([H])([N:43]:[C:44]([H]):[N:45])[C@:53]([H])([O:54][H])[C@:55]1([H])[O:56][P:57]([O:59][H])[O:60][H],EVODEX-P31582
EVODEX-N12964,[H][C@@:12]([C:10][C@:8]([C:7])([O:9])[H:30])([O:13])[O:14]>>[H][C:10][C@:12]([C@:8]([C:7])([O:9])[H:30])([O:13])[O:14],EVODEX-P31599
EVODEX-N12965,[H][C:34]([C:33][C@@:36]([O:37])([C:38])[H:63])([O:35])[H:60]>>[C:33]1[C@:34]([O:35])([H:60])[C:36]1([O:37])[H:63].[H][C:38],EVODEX-P31602
EVODEX-N12966,[H][C:14]([C:13][C@@:31]([O:32])([C:37])[H:57])([O:15])[H:45]>>[H][C:13][C:14]([O:15])([C@@:31]([O:32])([C:37])[H:57])[H:45],"EVODEX-P31608,EVODEX-P31838,EVODEX-P31839,EVODEX-P31842"
EVODEX-N12967,[H][O:3][C:2]/[C:4]([H])=[C:5](/[H])[C:6][O:8][H]>>[H][O:3][C:2]/[C:4]([H])=[C:5](\[H])[C:6][O:8][H],EVODEX-P31637
EVODEX-N12968,[H][O:3][C:2]/[C:4]([H])=[C:5](/[H])[C:6][C:8]([H])([H])[C:9][C:11]([H])([H])[C:12][O:14][H]>>[H][O:3][C:2]/[C:4]([H])=[C:5](\[H])[C:6][C:8]([H])([H])[C:9][C:11]([H])([H])[C:12][O:14][H],EVODEX-P31638
EVODEX-N12969,[H][O:3][C:2]/[C:4]([H])=[C:5]([H])/[C:6]([H])=[C:7](/[H])[C:8][C:10][O:12][H]>>[H][O:3][C:2]/[C:4]([H])=[C:5]([H])\[C:6]([H])=[C:7](/[H])[C:8][C:10][O:12][H],EVODEX-P31639
EVODEX-N12970,[H][O:3][C:2]/[C:4]([H])=[C:5](/[H])[C:6][C:8]([H])([H])[C:9][C:11][O:13][H]>>[H][O:3][C:2]/[C:4]([H])=[C:5](\[H])[C:6][C:8]([H])([H])[C:9][C:11][O:13][H],EVODEX-P31640
EVODEX-N12971,[H][C:8](/[C:7](=[C:6](\[C:5])[H:32])[H:33])([C:9])[H:34]>>[H][C:6]([C:5])(/[C:7](=[C:8](/[C:9])[H:34])[H:33])[H:32],"EVODEX-P31641,EVODEX-P31715,EVODEX-P31720,EVODEX-P31721,EVODEX-P31722,EVODEX-P31723"
EVODEX-N12972,[H][C:1]([H])([H])[C:2]([H])([H])[C:3]([H])([H])[C:4]([H])([H])[C:5]([H])([H])[C:6]([H])([H])/[C:7]([H])=[C:8]([H])/[C:9]([H])=[C:10](/[H])[C:11]([H])([H])[C:12]([H])([H])[C:13]([H])([H])[C:14]([H])([H])[C:15]([H])([H])[C:16]([H])([H])[C:17]([H])([H])[C:18][O:20][H]>>[H][C:1]([H])([H])[C:2]([H])([H])[C:3]([H])([H])[C:4]([H])([H])[C:5]([H])([H])[C:6]([H])([H])/[C:7]([H])=[C:8]([H])/[C:9]([H])=[C:10](\[H])[C:11]([H])([H])[C:12]([H])([H])[C:13]([H])([H])[C:14]([H])([H])[C:15]([H])([H])[C:16]([H])([H])[C:17]([H])([H])[C:18][O:20][H],EVODEX-P31642
EVODEX-N12973,[H][N:1]([H])[C:2]/[C:4](=[C:5](/[H])[C:6]:[C:7]([H]):[C:8]([H]):[C:9])[C:14]1:[C:15]([H]):[C:16]([H]):[C:17]([H]):[O:18]:1>>[H][N:1]([H])[C:2]/[C:4](=[C:5](\[H])[C:6]:[C:7]([H]):[C:8]([H]):[C:9])[C:14]1:[C:15]([H]):[C:16]([H]):[C:17]([H]):[O:18]:1,EVODEX-P31643
EVODEX-N12974,[H][C:1]([H])([H])[C:2]([H])([H])[C@:3]([H])([C:4]([H])([H])[H])[C@:5]([H])([N:6]([H])[C:7][C@:9]([H])([C:10]([H])([H])[C:11]1:[C:12]([H]):[C:13]([H]):[C:14]([H]):[C:15]([H]):[C:16]:1[H])[N:17]([H])[C:18][C@:20]1([H])[C:21]([H])([H])[C:22]([H])([H])[C:23]([H])([H])[N:24]1[C:25][C@:27]([H])([C:28]([H])([H])[C:29]([H])([H])[C:30]([H])([H])[C:31]([H])([H])[N:32]([H])[H])[N:33]([H])[C:34][C@:36]([H])([C:37]([H])([H])[C:38]([H])([H])[S:39][C:40]([H])([H])[H])[N:41]([H])[C:42][C@:44]([H])([C:45]([H])([H])[C:46]([H])([H])[C:47]([H])([H])[C:48]([H])([H])[N:49]([H])[H])[N:50]([H])[C:51][C@:53]([H])([C:54]([H])([H])[H])[N:55]([H])[C:56][C@:58]([H])([C:59]([H])([H])[C:60][N:61]([H])[H])[N:63]([H])[C:64][C@:66]([H])([C:67]([H])([H])[C:68]1:[C:69]([H]):[N:70]([H]):[C:71]2:[C:72]([H]):[C:73]([H]):[C:74]([H]):[C:75]([H]):[C:76]:1:2)[N:77]([H])[C:78][C@:80]([H])([C:81]([H])([H])[C:82]1:[C:83]([H]):[C:84]([H]):[C:85]([O:86][H]):[C:87]([H]):[C:88]:1[H])[N:89]([H])[C:90][C@:92]([H])([C:93]([H])([H])[C:94]([H])([H])[C:95]([H])([H])[N:96]([H])[C:97](=[N:98][H])[N:99]([H])[H])[N:100]([H])[C:101][C@@:103]([H])([N:104]([H])[H])[C@@:105]([H])([C:106]([H])([H])[H])[O:107][H])[C:108][N:110]([H])[C@@:111]([H])([C:112]([H])([H])[C:113]1:[C:114]([H]):[C:115]([H]):[C:116]([H]):[C:117]([H]):[C:118]:1[H])[C:119][N:121]([H])[C:122]([H])([H])[C:123][N:125]([H])[C@@:126]([H])([C:127]([H])([H])[H])[C:128][O:130][H]>>[H][C:1]([H])([H])[C:2]([H])([H])[C@:3]([H])([C:4]([H])([H])[H])[C@:5]([H])([N:6]([H])[C:7][C@:9]([H])([C:10]([H])([H])[C:11]1:[C:12]([H]):[C:13]([H]):[C:14]([H]):[C:15]([H]):[C:16]:1[H])[N:17]([H])[C:18][C@:20]1([H])[C:21]([H])([H])[C:22]([H])([H])[C:23]([H])([H])[N:24]1[C:25][C@:27]([H])([C:28]([H])([H])[C:29]([H])([H])[C:30]([H])([H])[C:31]([H])([H])[N:32]([H])[H])[N:33]([H])[C:34][C@:36]([H])([C:37]([H])([H])[C:38]([H])([H])[S:39][C:40]([H])([H])[H])[N:41]([H])[C:42][C@:44]([H])([C:45]([H])([H])[C:46]([H])([H])[C:47]([H])([H])[C:48]([H])([H])[N:49]([H])[H])[N:50]([H])[C:51][C@:53]([H])([C:54]([H])([H])[H])[N:55]([H])[C:56][C@:58]([H])([C:59]([H])([H])[C:60][N:61]([H])[H])[N:63]([H])[C:64][C@:66]([H])([C:67]([H])([H])[C:68]1:[C:69]([H]):[N:70]([H]):[C:71]2:[C:72]([H]):[C:73]([H]):[C:74]([H]):[C:75]([H]):[C:76]:1:2)[N:77]([H])[C:78][C@:80]([H])([C:81]([H])([H])[C:82]1:[C:83]([H]):[C:84]([H]):[C:85]([O:86][H]):[C:87]([H]):[C:88]:1[H])[N:89]([H])[C:90][C@:92]([H])([C:93]([H])([H])[C:94]([H])([H])[C:95]([H])([H])[N:96]([H])[C:97](=[N:98][H])[N:99]([H])[H])[N:100]([H])[C:101][C@@:103]([H])([N:104]([H])[H])[C@@:105]([H])([C:106]([H])([H])[H])[O:107][H])[C:108][N:110]([H])[C@@:111]([H])([C:112]([H])([H])[C:113]1:[C:114]([H]):[C:115]([H]):[C:116]([H]):[C:117]([H]):[C:118]:1[H])[C:119][N:121]([H])[C:122]([H])([H])[C:123][N:125]([H])[C@@:126]([H])([C:127]([H])([H])[H])[C:128][O:130][H],EVODEX-P31644
EVODEX-N12975,[H][C:1]([H])([H])[C@:2]([H])([N:3]([H])[C:4][C:6]([H])([H])[C:7]([H])([H])[C:8]([H])([H])[C:9][O:11][H])[C:12][N:14]1[C:15]([H])([H])[C:16]([H])([H])[C:17]([H])([H])[C@@:18]1([H])[C:19][N:21]([H])[C@@:22]([H])([C:23]([H])([H])[C:24]1:[C:25]([H]):[C:26]([H]):[C:27]([H]):[C:28]([H]):[C:29]:1[H])[C:30][N:32]([H])[C:33]1:[C:34]([H]):[C:35]([H]):[C:36]:[C:40]([H]):[C:41]:1[H]>>[H][C:1]([H])([H])[C@:2]([H])([N:3]([H])[C:4][C:6]([H])([H])[C:7]([H])([H])[C:8]([H])([H])[C:9][O:11][H])[C:12][N:14]1[C:15]([H])([H])[C:16]([H])([H])[C:17]([H])([H])[C@@:18]1([H])[C:19][N:21]([H])[C@@:22]([H])([C:23]([H])([H])[C:24]1:[C:25]([H]):[C:26]([H]):[C:27]([H]):[C:28]([H]):[C:29]:1[H])[C:30][N:32]([H])[C:33]1:[C:34]([H]):[C:35]([H]):[C:36]:[C:40]([H]):[C:41]:1[H],EVODEX-P31645
EVODEX-N12976,[H][C:1]([H])([H])[C:2]([C:3]([H])([H])[H])=[C:4]([H])[C:5]([H])([H])[C:6]([H])([H])/[C:7]([C:8]([H])([H])[H])=[C:9](\[H])[C:10]([H])([H])[C:11]([H])([H])/[C:12]([C:13]([H])([H])[H])=[C:14](\[H])[C:15]([H])([H])[O:16][H]>>[H][C:1]([H])([H])[C:2]([C:3]([H])([H])[H])=[C:4]([H])[C:5]([H])([H])[C:6]([H])([H])/[C:7]([C:8]([H])([H])[H])=[C:9](\[H])[C:10]([H])([H])[C:11]([H])([H])/[C:12]([C:13]([H])([H])[H])=[C:14](/[H])[C:15]([H])([H])[O:16][H],EVODEX-P31646
EVODEX-N12977,[H][O:3][C:2]/[C:4]([H])=[C:5]/[C:6]([H])=[C:7]>>[H][O:3][C:2]/[C:4]([H])=[C:5]\[C:6]([H])=[C:7],EVODEX-P31647
EVODEX-N12978,[H][C:1]([H])([H])[C:2]([C:3]([H])([H])[H])=[C:4]([H])[C:5]([H])([H])[C:6]([H])([H])/[C:7]([C:8]([H])([H])[H])=[C:9](\[H])[C:10]([H])([H])[C:11]([H])([H])/[C:12]([C:13]([H])([H])[H])=[C:14]([H])\[C:15]([H])=[C:16]([H])\[C:17]([C:18]([H])([H])[H])=[C:19]([H])\[C:20]([H])=[C:21]([H])/[C:22]([H])=[C:23]([C:24]([H])([H])[H])/[C:25]([H])=[C:26]([H])/[C:27]([H])=[C:28](/[C:29]([H])([H])[H])[C:30]([H])([H])[C:31]([H])([H])/[C:32]([H])=[C:33](\[C:34]([H])([H])[H])[C:35]([H])([H])[C:36]([H])([H])[C:37]([H])=[C:38]([C:39]([H])([H])[H])[C:40]([H])([H])[H]>>[H][C:1]([H])([H])[C:2]([C:3]([H])([H])[H])=[C:4]([H])[C:5]([H])([H])[C:6]([H])([H])/[C:7]([C:8]([H])([H])[H])=[C:9](\[H])[C:10]([H])([H])[C:11]([H])([H])/[C:12]([C:13]([H])([H])[H])=[C:14]([H])\[C:15]([H])=[C:16]([H])\[C:17]([C:18]([H])([H])[H])=[C:19]([H])\[C:20]([H])=[C:21]([H])\[C:22]([H])=[C:23]([C:24]([H])([H])[H])\[C:25]([H])=[C:26]([H])\[C:27]([H])=[C:28](\[C:29]([H])([H])[H])[C:30]([H])([H])[C:31]([H])([H])/[C:32]([H])=[C:33](\[C:34]([H])([H])[H])[C:35]([H])([H])[C:36]([H])([H])[C:37]([H])=[C:38]([C:39]([H])([H])[H])[C:40]([H])([H])[H],EVODEX-P31648
EVODEX-N12979,[H][C:1]([H])([H])[C:2]([C:3]([H])([H])[H])=[C:4]([H])[C:5]([H])([H])[C:6]([H])([H])/[C:7]([C:8]([H])([H])[H])=[C:9]([H])\[C:10]([H])=[C:11]([H])\[C:12]([C:13]([H])([H])[H])=[C:14]([H])/[C:15]([H])=[C:16]([H])/[C:17]([C:18]([H])([H])[H])=[C:19]([H])/[C:20]([H])=[C:21]([H])/[C:22]([H])=[C:23]([C:24]([H])([H])[H])/[C:25]([H])=[C:26]([H])/[C:27]([H])=[C:28]([C:29]([H])([H])[H])/[C:30]([H])=[C:31]([H])/[C:32]([H])=[C:33](\[C:34]([H])([H])[H])[C:35]([H])([H])[C:36]([H])([H])[C:37]([H])=[C:38]([C:39]([H])([H])[H])[C:40]([H])([H])[H]>>[H][C:1]([H])([H])[C:2]([C:3]([H])([H])[H])=[C:4]([H])[C:5]([H])([H])[C:6]([H])([H])/[C:7]([C:8]([H])([H])[H])=[C:9]([H])/[C:10]([H])=[C:11]([H])\[C:12]([C:13]([H])([H])[H])=[C:14]([H])/[C:15]([H])=[C:16]([H])/[C:17]([C:18]([H])([H])[H])=[C:19]([H])/[C:20]([H])=[C:21]([H])/[C:22]([H])=[C:23]([C:24]([H])([H])[H])/[C:25]([H])=[C:26]([H])/[C:27]([H])=[C:28]([C:29]([H])([H])[H])\[C:30]([H])=[C:31]([H])/[C:32]([H])=[C:33](\[C:34]([H])([H])[H])[C:35]([H])([H])[C:36]([H])([H])[C:37]([H])=[C:38]([C:39]([H])([H])[H])[C:40]([H])([H])[H],EVODEX-P31649
EVODEX-N12980,[H][C:1]([H])([H])[C:2]([C:3]([H])([H])[H])=[C:4]([H])[C:5]([H])([H])[C:6]([H])([H])/[C:7]([C:8]([H])([H])[H])=[C:9]([H])\[C:10]([H])=[C:11]([H])\[C:12]([C:13]([H])([H])[H])=[C:14]([H])\[C:15]([H])=[C:16]([H])\[C:17]([C:18]([H])([H])[H])=[C:19]([H])\[C:20]([H])=[C:21]([H])\[C:22]([H])=[C:23]([C:24]([H])([H])[H])\[C:25]([H])=[C:26]([H])\[C:27]([H])=[C:28]([C:29]([H])([H])[H])\[C:30]([H])=[C:31](/[H])[C:32]1=[C:33]([C:34]([H])([H])[H])[C:35]([H])([H])[C:36]([H])([H])[C:37]([H])([H])[C:38]1([C:39]([H])([H])[H])[C:40]([H])([H])[H]>>[H][C:1]([H])([H])[C:2]([C:3]([H])([H])[H])=[C:4]([H])[C:5]([H])([H])[C:6]([H])([H])/[C:7]([C:8]([H])([H])[H])=[C:9]([H])/[C:10]([H])=[C:11]([H])/[C:12]([C:13]([H])([H])[H])=[C:14]([H])/[C:15]([H])=[C:16]([H])/[C:17]([C:18]([H])([H])[H])=[C:19]([H])/[C:20]([H])=[C:21]([H])/[C:22]([H])=[C:23]([C:24]([H])([H])[H])/[C:25]([H])=[C:26]([H])/[C:27]([H])=[C:28]([C:29]([H])([H])[H])/[C:30]([H])=[C:31](\[H])[C:32]1=[C:33]([C:34]([H])([H])[H])[C:35]([H])([H])[C:36]([H])([H])[C:37]([H])([H])[C:38]1([C:39]([H])([H])[H])[C:40]([H])([H])[H],EVODEX-P31650
EVODEX-N12981,[H][C:1]([H])([H])[C:2]1=[C:3](/[C:4]([H])=[C:5]([H])/[C:6]([C:7]([H])([H])[H])=[C:8]([H])/[C:9]([H])=[C:10]([H])/[C:11]([C:12]([H])([H])[H])=[C:13]([H])/[C:14]([H])=[C:15]([H])/[C:16]([H])=[C:17]([C:18]([H])([H])[H])/[C:19]([H])=[C:20]([H])/[C:21]([H])=[C:22]([C:23]([H])([H])[H])/[C:24]([H])=[C:25](\[H])[C:26]2=[C:27]([C:28]([H])([H])[H])[C:29]([H])([H])[C:30]([H])([H])[C:31]([H])([H])[C:32]2([C:33]([H])([H])[H])[C:34]([H])([H])[H])[C:35]([C:36]([H])([H])[H])([C:37]([H])([H])[H])[C:38]([H])([H])[C:39]([H])([H])[C:40]1([H])[H]>>[H][C:1]([H])([H])[C:2]1=[C:3](/[C:4]([H])=[C:5]([H])/[C:6]([C:7]([H])([H])[H])=[C:8]([H])\[C:9]([H])=[C:10]([H])\[C:11]([C:12]([H])([H])[H])=[C:13]([H])\[C:14]([H])=[C:15]([H])\[C:16]([H])=[C:17]([C:18]([H])([H])[H])\[C:19]([H])=[C:20]([H])\[C:21]([H])=[C:22]([C:23]([H])([H])[H])\[C:24]([H])=[C:25](/[H])[C:26]2=[C:27]([C:28]([H])([H])[H])[C:29]([H])([H])[C:30]([H])([H])[C:31]([H])([H])[C:32]2([C:33]([H])([H])[H])[C:34]([H])([H])[H])[C:35]([C:36]([H])([H])[H])([C:37]([H])([H])[H])[C:38]([H])([H])[C:39]([H])([H])[C:40]1([H])[H],EVODEX-P31651
EVODEX-N12982,[H][C:25]([N:24])([C:26](=[O:27])[C:28][C:30][O:31][H])[H:53]>>[H][C@:26]1([O:27][H])[C:25]([N:24])([H:53])[O:31][C:30][C:28]1,"EVODEX-P31664,EVODEX-P31674"
EVODEX-N12983,[H][O:5][C:4][C:6][C:8](=[O:9])[C:10]([H])([O:11])[H:25]>>[H][C@@:8]1([O:9][H])[C:6][C:4][O:5][C@@:10]1([O:11])[H:25],"EVODEX-P31672,EVODEX-P31680"
EVODEX-N12984,[H][C@@:3]([C:2](=[O:1])[C:7])([O:4][H])[C:5]>>[H][O:1][C@:2]([H])([C:3](=[O:4])[C:5])[C:7],"EVODEX-P31675,EVODEX-P31676,EVODEX-P31684,EVODEX-P31685,EVODEX-P31692,EVODEX-P31693,EVODEX-P31694"
EVODEX-N12985,[H][C:6]([C:4]([C:2])=[O:5])([C:7])[H:14]>>[H][O:5]/[C:4]([C:2])=[C:6](\[C:7])[H:14],"EVODEX-P31689,EVODEX-P31691,EVODEX-P31699"
EVODEX-N12986,[H][O:5]/[C:4]([C:2])=[C:6](\[C:7])[H:15]>>[H][C:6]([C:4]([C:2])=[O:5])([C:7])[H:15],EVODEX-P31690
EVODEX-N12987,[H][C:9]([C:7]([C:5])=[O:8])([O:10])[H:22]>>[H][O:8]/[C:7]([C:5])=[C:9](\[O:10])[H:22],EVODEX-P31695
EVODEX-N12988,[H][O:8]/[C:7]([C:5])=[C:9](\[O:10])[H:23]>>[H][C:9]([C:7]([C:5])=[O:8])([O:10])[H:23],EVODEX-P31696
EVODEX-N12989,[H][O:5]/[C:4](=[C:3](/[C:2](=[C:1]([H:9])[H:10])[H:11])[H:12])[C:6]>>[H][C:1](/[C:2](=[C:3](/[C:4](=[O:5])[C:6])[H:12])[H:11])([H:9])[H:10],EVODEX-P31697
EVODEX-N12990,[H][C:3]1([H:11])[C:2](=[O:1])[C:9]([O:10][H])=[C:8]([H:14])[C:5][O:4]1>>[H][O:1][C:2]1=[C:3]([H:11])[O:4][C:5][C:8]([H])([H:14])[C:9]1=[O:10],EVODEX-P31698
EVODEX-N12991,[H][C:7]([C:5])([C:8]([C:2])=[C:9]([C:10])[H:31])[H:29]>>[H][C:9]([C:8]([C:2])=[C:7]([C:5])[H:29])([C:10])[H:31],"EVODEX-P31700,EVODEX-P31701,EVODEX-P31727"
EVODEX-N12992,[H][C:4]([C:2](=[C:1]([H:15])[H:16])[C:3])([C:5])[H:20]>>[H][C:1]([C:2]([C:3])=[C:4]([C:5])[H:20])([H:15])[H:16],EVODEX-P31702
EVODEX-N12993,[H][C:1]([C:2]([C:3])=[C:4]([C:5])[H:21])([H:15])[H:16]>>[H][C:4]([C:2](=[C:1]([H:15])[H:16])[C:3])([C:5])[H:21],EVODEX-P31703
EVODEX-N12994,[H][C:1]([H])([H])/[C:2]([H])=[C:3](\[H])[C:4]([H])([H])[C:5][S:7][C:8]([H])([H])[C:9]([H])([H])[N:10]([H])[C:11][C:13]([H])([H])[C:14]([H])([H])[N:15]([H])[C:16][C@:18]([H])([O:19][H])[C:20]([C:21]([H])([H])[H])([C:22]([H])([H])[H])[C:23]([H])([H])[O:24][P:25][O:27][H].[H][N:42]([H])[C:41]:[N:43]:[C:44]([H]):[N:45].[H][O:31][P:29][O:32][C:33]([H])([H])[C@@:34]1([H])[O:35][C@@:36]([H])([N:37]:[C:38]([H]):[N:39])[C@:47]([H])([O:48][H])[C@:49]1([H])[O:50][P:51]([O:53][H])[O:54][H]>>[H][C:1]([H])([H])/[C:2]([H])=[C:3](\[H])[C:4]([H])([H])[C:5][S:7][C:8]([H])([H])[C:9]([H])([H])[N:10]([H])[C:11][C:13]([H])([H])[C:14]([H])([H])[N:15]([H])[C:16][C@:18]([H])([O:19][H])[C:20]([C:21]([H])([H])[H])([C:22]([H])([H])[H])[C:23]([H])([H])[O:24][P:25][O:27][H].[H][N:42]([H])[C:41]:[N:43]:[C:44]([H]):[N:45].[H][O:31][P:29][O:32][C:33]([H])([H])[C@@:34]1([H])[O:35][C@@:36]([H])([N:37]:[C:38]([H]):[N:39])[C@:47]([H])([O:48][H])[C@:49]1([H])[O:50][P:51]([O:53][H])[O:54][H],EVODEX-P31704
EVODEX-N12995,[H][C:3]([C:2](=[C:1]([H:54])[H:55])[H:56])([C:4])[H:57]>>[H][C:1](/[C:2](=[C:3](/[C:4])[H:57])[H:56])([H:54])[H:55],EVODEX-P31705
EVODEX-N12996,[H][C@:5]1([C:4])[C:6]([H:15])=[C:7]([H:16])[C:8][O:10]1>>[H][C:7]1([H:16])[C:6]([H:15])=[C:5]([C:4])[O:10][C:8]1,EVODEX-P31706
EVODEX-N12997,[H][C@:7]1([C:8])[C:2]([C:1])=[C:3]([H:15])[C:4][O:6]1>>[H][C:3]1([H:15])[C:2]([C:1])=[C:7]([C:8])[O:6][C:4]1,EVODEX-P31707
EVODEX-N12998,[H][C:28]([C:13]([C:12])=[C:14]([C:15])[C:19])([C:27])[H:71]>>[H][C@:14]([C:13]([C:12])=[C:28]([C:27])[H:71])([C:15])[C:19],"EVODEX-P31708,EVODEX-P31713"
EVODEX-N12999,[H][C@@:24]([C:13]([C:12])=[C:14]([C:15])[H:50])([C:22])[C:25]>>[H][C:14]([C:13]([C:12])=[C:24]([C:22])[C:25])([C:15])[H:50],"EVODEX-P31709,EVODEX-P31730"
EVODEX-N13000,[H][C:6]([C:2](=[C:1]([H:11])[H:12])[C:3])([C:7])[C:8]>>[H][C:1](/[C:2]([C:3])=[C:6](\[C:7])[C:8])([H:11])[H:12],"EVODEX-P31710,EVODEX-P31719"
EVODEX-N13001,[H][C:1](/[C:2]([C:3])=[C:6](\[C:7])[C:8])([H:11])[H:12]>>[H][C:6]([C:2](=[C:1]([H:11])[H:12])[C:3])([C:7])[C:8],EVODEX-P31711
EVODEX-N13002,[H][O:3][C:2]/[C:4]([H])=[C:5](/[C:6]([H])([H])[C:7][O:9][H])[C:10][O:12][H]>>[H][O:3][C:2]/[C:4]([H])=[C:5](\[C:6]([H])([H])[C:7][O:9][H])[C:10][O:12][H],EVODEX-P31712
EVODEX-N13003,[H][C:9]([C:8])(/[C:10](=[C:11]([C:12](=[C:13](\[C:14])[H:86])\[H:85])/[H:84])[H:83])[H:81]>>[H][C:13](/[C:12](=[C:11]([C:10](=[C:9](/[C:8])[H:81])\[H:83])/[H:84])[H:85])([C:14])[H:86],"EVODEX-P31714,EVODEX-P31728,EVODEX-P31729"
EVODEX-N13004,[H][C@:10]1([C:9])[C:11]([H:41])=[C:12]([H:42])[C:13][C@:15]1([H])[C:16]>>[H][C:11]1([H:41])[C:10]([C:9])=[C:15]([C:16])[C:13][C:12]1([H])[H:42],EVODEX-P31716
EVODEX-N13005,[H][C@:10]1([C:9])[C:11]([H:41])=[C:12]([H:42])[C:13][C:15]1>>[H][C:12]1([H:42])[C:11]([H:41])=[C:10]([C:9])[C:15][C:13]1,EVODEX-P31717
EVODEX-N13006,[H][O:9]/[C:8](=[C:7]([C:6](=[C:5](/[C:4])[C:13])/[H:19])\[H:20])[C:10]>>[H][C:5]([C:4])(/[C:6](=[C:7](/[C:8](=[O:9])[C:10])[H:20])[H:19])[C:13],EVODEX-P31718
EVODEX-N13007,[H][C@@:10]1([O:11])[C:2][C:3]([C:4])=[C:7]([H:16])[C:8]([H:17])=[C:9]1[H:18]>>[H][C:3]1([C:4])[C:2][C:10]([O:11])=[C:9]([H:18])[C:8]([H:17])=[C:7]1[H:16],EVODEX-P31724
EVODEX-N13008,[H][C:51]([C:49])([C:52]1([C:53])[C:57][O:58]1)[H:94]>>[H][C:57][O:58]/[C:52](=[C:51](\[C:49])[H:94])[C:53],EVODEX-P31725
EVODEX-N13009,[H][C:57]([C:56])([O:58]/[C:52](=[C:51](\[C:49])[H:94])[C:53])[H:99]>>[H][C:51]([C:49])([C:52]1([C:53])[C:57]([C:56])([H:99])[O:58]1)[H:94],EVODEX-P31726
EVODEX-N13010,[H][C@:4]([C:3])([O:5][H])[C:6][C:8](=[O:9])[C:10]>>[H][C@@:8]([C:6][C:4]([C:3])=[O:5])([O:9][H])[C:10],"EVODEX-P31731,EVODEX-P31732"
EVODEX-N13011,[H][N:1]=[C:2]([N:3]([H])[H])[N:4]([H])[C:5]([H])([H])[C:6]([H])([H])[C:7]([H])([H])[C@:8]([H])([N:9]([H])[C:10][C@@:12]([H])([N:13]([H])[H])[C:14]([H])([H])[C:15][N:16]([H])[H])[C:18][N:20]([H])[C@@:21]([H])([C:22]([H])([H])[S:23][H])[C:24][N:26]([H])[C@@:27]([H])([C:28]([H])([H])[O:29][H])[C:30][N:32]([H])[C@@:33]([H])([C:34]([H])([H])[C:35]([H])([H])[C:36][N:37]([H])[H])[C:39][N:41]([H])[C:42]([H])([H])[C:43][N:45]([H])[C@@:46]([H])([C:47]([H])([H])[O:48][H])[C:49][N:51]([H])[C@@:52]([H])([C:53]([H])([H])[S:54][H])[C:55][N:57]([H])[C@@:58]([H])([C:59]([H])([H])[C:60]1:[C:61]([H]):[N:62]([H]):[C:63]2:[C:64]([H]):[C:65]([H]):[C:66]([H]):[C:67]([H]):[C:68]:1:2)[C:69][N:71]([H])[C@@:72]([H])([C:73]([H])([H])[C:74][N:75]([H])[H])[C:77][O:79][H]>>[H][N:1]=[C:2]([N:3]([H])[H])[N:4]([H])[C:5]([H])([H])[C:6]([H])([H])[C:7]([H])([H])[C@:8]([H])([N:9]([H])[C:10][C@@:12]([H])([N:13]([H])[H])[C:14]([H])([H])[C:15][N:16]([H])[H])[C:18][N:20]([H])[C@@:21]([H])([C:22]([H])([H])[S:23][H])[C:24][N:26]([H])[C@@:27]([H])([C:28]([H])([H])[O:29][H])[C:30][N:32]([H])[C@@:33]([H])([C:34]([H])([H])[C:35]([H])([H])[C:36][N:37]([H])[H])[C:39][N:41]([H])[C:42]([H])([H])[C:43][N:45]([H])[C@@:46]([H])([C:47]([H])([H])[O:48][H])[C:49][N:51]([H])[C@@:52]([H])([C:53]([H])([H])[S:54][H])[C:55][N:57]([H])[C@@:58]([H])([C:59]([H])([H])[C:60]1:[C:61]([H]):[N:62]([H]):[C:63]2:[C:64]([H]):[C:65]([H]):[C:66]([H]):[C:67]([H]):[C:68]:1:2)[C:69][N:71]([H])[C@@:72]([H])([C:73]([H])([H])[C:74][N:75]([H])[H])[C:77][O:79][H],EVODEX-P31733
EVODEX-N13012,[H][C@:23]([C:10])([C:22])[O:24][O:25]>>[C:10][C:23]([C:22])=[O:24].[H][O:25],"EVODEX-P31734,EVODEX-P31741"
EVODEX-N13013,[H]C1:C([H]):C([H]):C(C(O[O:5][H:58])(C([H])([H])[H])C([H])([H])[H]):C([H]):C:1[H].[H][S:21][C:20].[H][S:41][C:40]>>[C:20][S:21][S:41][C:40].[H][O:5][H:58],EVODEX-P31738
EVODEX-N13014,[H]C1:C([H]):C([H]):C(C(O[O:5][H:58])(C([H])([H])[H])C([H])([H])[H]):C([H]):C:1[H]>>[H][O:5][H:58],EVODEX-P31739
EVODEX-N13015,[H]OC(=O)C([H])([H])C([H])([H])C([H])([H])C([H])(O[O:24][H:96])/C([H])=C([H])/C([H])=C(\[H])C([H])([H])/C([H])=C(\[H])C([H])([H])/C([H])=C(\[H])C([H])([H])C([H])([H])C([H])([H])C([H])([H])C([H])([H])[H].[H][S:34][C:33].[H][S:54][C:53]>>[C:33][S:34][S:54][C:53].[H][O:24][H:96],EVODEX-P31745
EVODEX-N13016,[H]OC(=O)C([H])([H])C([H])([H])C([H])([H])C([H])(O[O:24][H:96])/C([H])=C([H])/C([H])=C(\[H])C([H])([H])/C([H])=C(\[H])C([H])([H])/C([H])=C(\[H])C([H])([H])C([H])([H])C([H])([H])C([H])([H])C([H])([H])[H]>>[H][O:24][H:96],EVODEX-P31746
EVODEX-N13017,[C:21][O:25][O:24].[H][C:13]([C:12])=[C:14]>>[C:12][C:13](=[C:14])[O:25][C:21].[H][O:24],"EVODEX-P31748,EVODEX-P31749"
EVODEX-N13018,[C:5][C@:6]1([H:31])[O:7]/[C:8]1=[C:9]([C:10](=[C:11](/[C:12])[H:34])\[H:33])/[H:32]>>[C:5][C@:6]1([H:31])[C:8](=[O:7])[C:9]([H:32])=[C:10]([H:33])[C@@:11]1([C:12])[H:34],"EVODEX-P31750,EVODEX-P31751"
EVODEX-N13019,[H][C:6]1([H:14])[C:5][O:7]1>>[H][C:5][C:6](=[O:7])[H:14],EVODEX-P31752
EVODEX-N13020,[H][C:9]1([C:8])[O:10][C:11]1>>[H][C:11][C:9]([C:8])=[O:10],EVODEX-P31753
EVODEX-N13021,[H][C:33](=[C:32])[C@@:34]1([C:42])[O:35][C:36]1>>[H][O:35][C:36][C:34](=[C:33]=[C:32])[C:42],EVODEX-P31754
EVODEX-N13022,[H]/[C:3](=[C:2]/[C:1]([H:57])([H:58])[H:59])[C:4]>>[H]/[C:2]=[C:3](/[C:1]([H:57])([H:58])[H:59])[C:4],"EVODEX-P31756,EVODEX-P31757"
EVODEX-N13023,[H][O:13][C:12].[O:5][C:6](=[O:7])[C:8]>>[C:6](=[O:7])([C:8])[O:13][C:12].[H][O:5],EVODEX-P31758
EVODEX-N13024,[H][C:11]([C:9])([O:12])[H:26].[H][O:4][C:3][C:2](=[O:1])[H:17]>>[H][O:1][C:2]([H])([C:3][O:4][C@@:11]([C:9])([O:12])[H:26])[H:17],EVODEX-P31760
EVODEX-N13025,[H][O:10][C:9].[O:1]=[P:2]([O:3])([O:4])[O:5]>>[H][O:5].[O:1]=[P:2]([O:3])([O:4])[O:10][C:9],"EVODEX-P31761,EVODEX-P31762,EVODEX-P31763,EVODEX-P31774,EVODEX-P31775,EVODEX-P31776,EVODEX-P31777,EVODEX-P31782"
EVODEX-N13026,[H]OC([H])([H])[C@@]1([H])O[C@]([H])(O[P:13](=[O:12])([O:14])[O:15])[C@]([H])(O[H])[C@@]([H])(O[H])[C@]1([H])O[H]>>[H]O[C@]([H])([C@]([H])(O[H])C([H])([H])O[P:13](=[O:12])([O:14])[O:15])[C@]([H])(O[H])C([H])([H])C([H])=O,EVODEX-P31767
EVODEX-N13027,>>[H]O[C@]([H])([C@]([H])(O[H])C([H])([H])O)[C@]([H])(O[H])C([H])([H])C([H])=O.[H],EVODEX-P31768
EVODEX-N13028,[H]OC([H])([H])[C@@]1([H])O[C@]([H])(O[P:2](=[O:1])([O:3])[O:4])[C@]([H])(O[H])[C@@]([H])(O[H])[C@]1([H])O[H]>>[H]O[C@]1([H])O[C@]([H])(C([H])([H])O[P:2](=[O:1])([O:3])[O:4])[C@@]([H])(O[H])[C@]([H])(O[H])C1([H])[H],EVODEX-P31772
EVODEX-N13029,[H][O:6][P:4]([O:3][C:2](=[C:1]([H:11])[H:12])[C:8])(=[O:5])[O:7]>>[H][O:3][P:4]([C:1]([C:2](=[O:6])[C:8])([H:11])[H:12])(=[O:5])[O:7],EVODEX-P31778
EVODEX-N13030,[H][O:9][P:7]([C:6]([C:4]([C:2])=[O:5])([H:12])[H:13])(=[O:8])[O:10]>>[H][O:5][P:7](=[O:8])([O:9][C:4]([C:2])=[C:6]([H:12])[H:13])[O:10],EVODEX-P31779
EVODEX-N13031,[H][C:5]([C:4][C:2](=[O:1])[O:3])([O:6])[H:14]>>[H][C:4][C@:5]([C:2](=[O:1])[O:3])([O:6])[H:14],"EVODEX-P31780,EVODEX-P31781"
EVODEX-N13032,[H][C:3]([C:2][N:1]([H:13])[H:14])([C:4])[H:16]>>[H][C:2][C@:3]([N:1]([H:13])[H:14])([C:4])[H:16],"EVODEX-P31783,EVODEX-P31784,EVODEX-P31789,EVODEX-P31790,EVODEX-P31791,EVODEX-P31795,EVODEX-P31796,EVODEX-P31797"
EVODEX-N13033,[H][C:2]([N:1])([C:3][C:4]([C:5])([H:17])[H:18])[H:13]>>[H][C:3][C:2]([N:1])([C:4]([C:5])([H:17])[H:18])[H:13],"EVODEX-P31785,EVODEX-P31787,EVODEX-P31793"
EVODEX-N13034,[H][C:1]([C:2][C:4]([C:5])([H:17])[H:18])([H:11])[H:12]>>[H][C:2][C:1]([C:4]([C:5])([H:17])[H:18])([H:11])[H:12],"EVODEX-P31786,EVODEX-P31788"
EVODEX-N13035,[H][C:3]([C:2][C:5]([C:6])([H:14])[H:15])=[O:4]>>[H][C:2][C:3](=[O:4])[C:5]([C:6])([H:14])[H:15],EVODEX-P31792
EVODEX-N13036,[H][N:1]([H])[C:2]([H])([C:3]([H])([H])[C:4][O:6][H])[C:7]([H])([H])[C:8][O:10][H]>>[H][N:1]([H])[C:2]([H])([C:3]([H])([H])[C:4][O:6][H])[C:7]([H])([H])[C:8][O:10][H],EVODEX-P31794
EVODEX-N13037,[H][C:1]([C:2][C:4](=[O:5])[O:6])([H:13])[H:14]>>[H][C:2][C:1]([C:4](=[O:5])[O:6])([H:13])[H:14],"EVODEX-P31798,EVODEX-P31814,EVODEX-P31816,EVODEX-P31821"
EVODEX-N13038,[H][C:4](:[C:3][N:2][O:1][H:10]):[C:5]>>[H][N:2][C:3]:[C:4]([O:1][H:10]):[C:5],"EVODEX-P31799,EVODEX-P31800,EVODEX-P31803"
EVODEX-N13039,[H][C:11](=[C:10][C:6][C:7](=[O:8])[O:9])[C:12]>>[H][C:6][C:10]=[C:11]([C:7](=[O:8])[O:9])[C:12],EVODEX-P31801
EVODEX-N13040,[H][C:6](=[C:5])[C:7]=[C:8][C:9](=[O:10])[O:11]>>[H][C:8]=[C:7][C:6](=[C:5])[C:9](=[O:10])[O:11],EVODEX-P31802
EVODEX-N13041,[H][C:4](:[C:3][N:2][O:1][H:17]):[C:5].[H][C:14](:[C:13]):[C:15].[O:9]([N:10])[H:24]>>[H][N:2][C:3]:[C:4]([O:1][H:17]):[C:5].[H][N:10].[O:9]([C:14](:[C:13]):[C:15])[H:24],EVODEX-P31804
EVODEX-N13042,[H][C:14](:[C:13]):[C:15].[O:9]([N:10])[H:24]>>[H][N:10].[O:9]([C:14](:[C:13]):[C:15])[H:24],EVODEX-P31805
EVODEX-N13043,[C:6]/[C:7]([C:8])=[C:9](/[C:10]([O:11][H:29])([H:27])[H:28])[H:26]>>[C:6][C:7]([C:8])([C:9](=[C:10]([H:27])[H:28])[H:26])[O:11][H:29],EVODEX-P31806
EVODEX-N13044,[C:1](=[C:2]([C:3]([C:4])([O:5][H:18])[C:6])[H:14])([H:12])[H:13]>>[C:1](/[C:2](=[C:3](\[C:4])[C:6])[H:14])([O:5][H:18])([H:12])[H:13],EVODEX-P31807
EVODEX-N13045,[H][C:14]([C:13])([C:15])[H:45].[O:21][O:22][H:54]>>[C:13][C@:14]([C:15])([O:22][H:54])[H:45].[H][O:21],"EVODEX-P31808,EVODEX-P31809"
EVODEX-N13046,[H][C:10]([C:9])([C:11][O:21][O:22][H:54])[H:38]>>[H][O:21][C:11][C:10]([C:9])([O:22][H:54])[H:38],"EVODEX-P31810,EVODEX-P31811"
EVODEX-N13047,[C:13]/[C:14](=[C:15](/[C:16][O:23][O:24][H:56])[H:47])[H:46]>>[C:13][C@:14]([C@:15]1([H:47])[C:16][O:23]1)([O:24][H:56])[H:46],"EVODEX-P31812,EVODEX-P31813"
EVODEX-N13048,[H][C:3]([C:2])([C:4][C:5](=[O:6])[O:7])[H:14]>>[H][C:4][C@@:3]([C:2])([C:5](=[O:6])[O:7])[H:14],"EVODEX-P31815,EVODEX-P31817,EVODEX-P31820"
EVODEX-N13049,[C:1]([C:2](=[O:3])[C:4]([C:5])([O:6])[C:7](=[O:8])[O:9])([H:10])([H:11])[H:12]>>[C:1]([C:4]([C:2](=[O:3])[C:7](=[O:8])[O:9])([C:5])[O:6])([H:10])([H:11])[H:12],"EVODEX-P31818,EVODEX-P31819"
EVODEX-N13050,[C:19][C@@:28]([C:26])([O:29])[H:54].[H][C:22]([C:21])([O:23])[H:47]>>[C:19][C@@:28]([C@:22]([C:21])([O:23])[H:47])([O:29])[H:54].[H][C:26],"EVODEX-P31822,EVODEX-P31823,EVODEX-P31843"
EVODEX-N13051,[H][O:1][C:2].[O:8][C@@:9]([O:10])([C:18])[H:31]>>[H][O:8].[O:1]([C:2])[C@@:9]([O:10])([C:18])[H:31],"EVODEX-P31824,EVODEX-P31825,EVODEX-P31830,EVODEX-P31831,EVODEX-P31832,EVODEX-P31833,EVODEX-P31841"
EVODEX-N13052,[H][C:1]([C:2][C:3]([H:58])([H:59])[H:60])([H:54])[H:55]>>[H][C:2][C:1]([C:3]([H:58])([H:59])[H:60])([H:54])[H:55],EVODEX-P31826
EVODEX-N13053,[H][C:3]([C:2][C:1]([H:54])([H:55])[H:56])([C:4])[H:59]>>[H][C:2][C:3]([C:1]([H:54])([H:55])[H:56])([C:4])[H:59],EVODEX-P31827
EVODEX-N13054,[H][C:7]([C:2][C:1]([H:12])([H:13])[H:14])=[C:8]>>[H][C:2][C:7]([C:1]([H:12])([H:13])[H:14])=[C:8],EVODEX-P31828
EVODEX-N13055,[H][C:7]([C:2][C:1]([H:12])([H:13])[H:14])([O:6])[C:8]>>[H][C:2][C:7]([C:1]([H:12])([H:13])[H:14])([O:6])[C:8],EVODEX-P31829
EVODEX-N13056,[C:1][C:2]([C:3])=[C:4]([C:5][C:6]/[C:7]([C:8])=[C:9](/[C:10])[H:32])[H:24].[H][C:13](:[C:12]):[C:14]>>[H][C:4]1([H:24])[C:2]([C:1])([C:3])[C@@:9]([C:10])([H:32])[C@@:7]([C:8])([C:13](:[C:12]):[C:14])[C:6][C:5]1,EVODEX-P31834
EVODEX-N13057,[C:1][C:2]([C:3])=[C:4]([C:5])[H:47].[H][C:9](=[C:7])[C:10]>>[H][C:4]([C:2]([C:1])([C:3])[C:9](=[C:7])[C:10])([C:5])[H:47],"EVODEX-P31835,EVODEX-P31868,EVODEX-P31869"
EVODEX-N13058,[H][C:6](:[C:5][N:4][C:2](=[O:1])[O:3]):[N:7]>>[H][N:4][C:5]:[C:6]([C:2](=[O:1])[O:3]):[N:7],EVODEX-P31836
EVODEX-N13059,[H][N:1]([C:2]:[C:3][C:4](=[O:5])[O:6])[H:23]>>[H][C:3]:[C:2][N:1]([C:4](=[O:5])[O:6])[H:23],EVODEX-P31837
EVODEX-N13060,[H][C:4]([C:3])([C:5][C@:6]([N:7])([C:8])[H:21])[H:17]>>[H][C:5][C@:4]([C:3])([C@@:6]([N:7])([C:8])[H:21])[H:17],EVODEX-P31840
EVODEX-N13061,[H][C:2]([C:1])([C:3][C:7](=[O:8])[S:9])[H:60]>>[H][C:3][C@:2]([C:1])([C:7](=[O:8])[S:9])[H:60],"EVODEX-P31844,EVODEX-P31845"
EVODEX-N13062,[H][C:1]([C:2][C:5](=[O:6])[S:7])([H:55])[H:56]>>[H][C:2][C:1]([C:5](=[O:6])[S:7])([H:55])[H:56],EVODEX-P31846
EVODEX-N13063,[H][C@@:2]([C:1])([O:3])[C:4][C:5](=[O:6])[S:7]>>[H][C:4][C:2]([C:1])([O:3])[C:5](=[O:6])[S:7],EVODEX-P31847
EVODEX-N13064,[H][C:4]([C:2])([C:5]([C:6])([O:10])[H:14])[H:12]>>[C:2]/[C:4](=[C:5](\[C:6])[H:14])[H:12].[H][O:10],"EVODEX-P31848,EVODEX-P31856"
EVODEX-N13065,[C:5]/[C:6](=[C:7](\[C:8])[H:15])[H:14].[H][O:3][C:2]>>[H][C:7]([C:6]([O:3][C:2])([C:5])[H:14])([C:8])[H:15],"EVODEX-P31849,EVODEX-P31854,EVODEX-P31855,EVODEX-P31858"
EVODEX-N13066,[H][C:4]([C:2])([C@:5]([C:6])([C:9])[O:13])[H:15]>>[C:2][C:4](=[C:5]([C:6])[C:9])[H:15].[H][O:13],"EVODEX-P31850,EVODEX-P31874"
EVODEX-N13067,[C:5][C:6](=[C:7]([C:8])[H:17])[C:11].[H][O:3][C:2]>>[H][C:7]([C@@:6]([O:3][C:2])([C:5])[C:11])([C:8])[H:17],"EVODEX-P31851,EVODEX-P31864,EVODEX-P31873"
EVODEX-N13068,[H][C:11]([C:9])([O:12])[H:26].[O:1]=[C:2]([C:3])[H:17]>>[H][O:1][C@:2]([C:3])([C@@:11]([C:9])([O:12])[H:26])[H:17],"EVODEX-P31852,EVODEX-P31853"
EVODEX-N13069,[C:5]/[C:7](=[C:8](/[Cl:9])[C:10])[H:15].[H][O:3][C:2]>>[H][C:8]([C:7]([O:3][C:2])([C:5])[H:15])([Cl:9])[C:10],EVODEX-P31857
EVODEX-N13070,[H][O:14][P:12][O:11][C:10](/[C:9](=[C:7](/[C:6][C:5][C:4](=[C:2]([C:1])[C:3])[H:26])[C:8])[H:34])([H:35])[H:36]>>[H][O:11][P:12][O:14][C@:9]1([H:34])[C@@:7]2([C:8])[C:2]([C:1])([C:3])[C@:4]([H:26])([C:5][C:6]2)[C:10]1([H:35])[H:36],EVODEX-P31859
EVODEX-N13071,[H][O:14][P:12][O:11][C@:3]([C:2](=[C:1]([H:20])[H:21])[H:22])([C:4])[C:5][C:6][C:7](=[C:8]([C:9])[C:10])[H:30]>>[H][O:11][P:12][O:14][C@@:2]1([H:22])[C:1]([H:20])([H:21])[C@@:7]2([H:30])[C:6][C:5][C@:3]1([C:4])[C:8]2([C:9])[C:10],EVODEX-P31860
EVODEX-N13072,[H][C@@:12]([C:10])([C:13])[C@@:24]1([C:25])[C:22][C:23]1>>[H][C:23][C:22][C:24](=[C:12]([C:10])[C:13])[C:25],"EVODEX-P31861,EVODEX-P31862"
EVODEX-N13073,[C:2]/[C:4](=[C:5](/[Cl:6])[C:7])[H:14].[H][O:12][C:10]>>[H][C:4]([C:2])([C:5]([Cl:6])([C:7])[O:12][C:10])[H:14],EVODEX-P31863
EVODEX-N13074,[H][C:3]([C:2](=[C:1]([H:16])[H:17])[C:9])([C:4][C:5](=[C:6]([C:7])[C:8])[H:22])[H:18]>>[H][C:5]1([H:22])[C:4][C:3]([H:18])=[C:2]([C:9])[C:1]([H:16])([H:17])[C:6]1([C:7])[C:8],EVODEX-P31865
EVODEX-N13075,[H][C:35](/[C:33](=[C:32](/[C:31])[H:82])[C:34])([C:36][C:37](=[C:38]([C:39])[C:40])[H:90])[H:86]>>[H][C:37]1([H:90])[C:36][C:35]([H:86])=[C:33]([C:34])[C@@:32]([C:31])([H:82])[C:38]1([C:39])[C:40],"EVODEX-P31866,EVODEX-P31867"
EVODEX-N13076,[C:1]/[C:2](=[C:3]([C:4](=[C:5](/[C:6])[H:29])/[H:28])\[H:27])[H:26].[C:9]/[C:10](=[C:11](/[C:12])[H:39])[H:38]>>[C:1][C@@:2]1([H:26])[C:3]([H:27])=[C:4]([H:28])[C@:5]([C:6])([H:29])[C@:10]([C:9])([H:38])[C@@:11]1([C:12])[H:39],"EVODEX-P31870,EVODEX-P31871"
EVODEX-N13077,[C:2][C:3](=[O:4])[C:5].[H][C:10]([C:9])([C:11])[H:38]>>[H][O:4][C@:3]([C:2])([C:5])[C@@:10]([C:9])([C:11])[H:38],EVODEX-P31872
EVODEX-N13078,[H][C:6]([C:4]([C:2])=[O:5])([C:7])[H:14].[H][O:12][C:11]>>[H][C@:4]([C:2])([O:5][H])[C@@:6]([C:7])([O:12][C:11])[H:14],EVODEX-P31876
EVODEX-N13079,[H][C:11]([C:10]/[C:9](=[C:7](/[C:6][C:5][C:4](=[C:2]([C:1])[C:3])[H:36])[C:8])[H:44])(/[C:12]([C:13])=[C:14](/[C:15])[H:52])[H:47]>>[H][C:4]1([H:36])[C:2]([C:1])([C:3])[C@@:9]2([H:44])[C@:7]([C:8])([C:6][C:5]1)[C@:14]([C:15])([H:52])[C:12]([C:13])=[C:11]([H:47])[C:10]2,EVODEX-P31877
EVODEX-N13080,[H][O:5][C:4]([C:2])([C:6])[O:14]>>[C:2][C:4](=[O:5])[C:6].[H][O:14],EVODEX-P31878
EVODEX-N13081,[C:2][C:4](=[O:5])[C:6].[H][O:14][C:13]>>[H][O:5][C:4]([C:2])([C:6])[O:14][C:13],EVODEX-P31879
EVODEX-N13082,[O:31][P:32](=[O:33])([O:34])[O:35].[C:3][C:14](=[O:15])[O:16][H:75].[H][N:1]([H:76])[H:77]>>[N:1]([C:14]([C:3])=[O:15])([H:76])[H:77].[O:16]([P:32]([O:31])(=[O:33])[O:34])[H:75].[H][O:35],"EVODEX-P31880,EVODEX-P33174,EVODEX-P33191,EVODEX-P33219,EVODEX-P33246,EVODEX-P33263,EVODEX-P33294,EVODEX-P33435,EVODEX-P33452"
EVODEX-N13083,[H]OP(=O)(O[H])OP(=O)(O[H])O[P:32]([O:31])(=[O:33])[O:34].[C:3][C:14](=[O:15])[O:16][H:75].[H][N:1]([H:76])[H:77]>>[N:1]([C:14]([C:3])=[O:15])([H:76])[H:77].[O:16]([P:32]([O:31])(=[O:33])[O:34])[H:75],"EVODEX-P31881,EVODEX-P33177,EVODEX-P33247,EVODEX-P33264,EVODEX-P33295"
EVODEX-N13084,[H]C1:C([H]):C([H]):C2:C(:C:1[H]):C(C([H])([H])[C@@]([H])(C(=O)[O:16][H:75])N([H])[H]):C([H]):N:2[H]>>[H]O[C@@]1([H])[C@@]([H])(O[H])[C@]([H])(N2:C([H]):N:C3:C(N([H])[H]):N:C([H]):N:C:3:2)O[C@]1([H])C([H])([H])OP(=O)(O[H])[O:16][H:75],EVODEX-P31882
EVODEX-N13085,.[H][N:1]([H:76])[H:77]>>[H]C1:C([H]):C([H]):C2:C(:C:1[H]):C(C([H])([H])[C@@]([H])(C(=O)[N:1]([H:76])[H:77])N([H])[H]):C([H]):N:2[H].[H]O.[H],EVODEX-P31883
EVODEX-N13086,[H]O[C@@]1([H])[C@@]([H])(O[H])[C@]([H])(N2:C([H]):N:C3:C(N([H])[H]):N:C([H]):N:C:3:2)O[C@]1([H])C([H])([H])OP(=O)(O[H])[O:35][P:36].[H]O[C:14]([C:3])=[O:15].[H][N:1]([H:76])[H:77]>>[N:1]([C:14]([C:3])=[O:15])([H:76])[H:77].[H][O:35][P:36],"EVODEX-P31884,EVODEX-P33175,EVODEX-P33250,EVODEX-P33266,EVODEX-P33298"
EVODEX-N13087,[H]OP(=O)(O[H])OP(=O)(O[H])O[P:32]([O:31])(=[O:33])[O:34].[H][N:1]([H:76])[H:77]>>[H]C1:C([H]):C([H]):C2:C(:C:1[H]):C(C([H])([H])[C@@]([H])(C(=O)[N:1]([H:76])[H:77])N([H])[H]):C([H]):N:2[H].[H]O[P:32]([O:31])(=[O:33])[O:34],EVODEX-P31885
EVODEX-N13088,[H]O[C@@]1([H])[C@@]([H])(O[H])[C@]([H])(N2:C([H]):N:C3:C(N([H])[H]):N:C([H]):N:C:3:2)O[C@]1([H])C([H])([H])OP(=O)(O[H])[O:35][P:36].[H][N:1]([H:76])[H:77]>>[H]C1:C([H]):C([H]):C2:C(:C:1[H]):C(C([H])([H])[C@@]([H])(C(=O)[N:1]([H:76])[H:77])N([H])[H]):C([H]):N:2[H].[H][O:35][P:36],EVODEX-P31886
EVODEX-N13089,[O:31][P:32](=[O:33])([O:34])[O:35].[C:14][O:16][H:75]>>[H]N([H])[C:14].[O:16]([P:32]([O:31])(=[O:33])[O:34])[H:75].[H][O:35],"EVODEX-P31887,EVODEX-P33180,EVODEX-P33197,EVODEX-P33225,EVODEX-P33253,EVODEX-P33265,EVODEX-P33301,EVODEX-P33443,EVODEX-P33455,EVODEX-P34748"
EVODEX-N13090,[H]OP(=O)(O[H])OP(=O)(O[H])O[P:32]([O:31])(=[O:33])[O:34].[C:14][O:16][H:75]>>[H]N([H])[C:14].[O:16]([P:32]([O:31])(=[O:33])[O:34])[H:75],"EVODEX-P31889,EVODEX-P33184,EVODEX-P33254,EVODEX-P33268,EVODEX-P33302"
EVODEX-N13091,[H]O[C@@]1([H])[C@@]([H])(O[H])[C@]([H])(N2:C([H]):N:C3:C(N([H])[H]):N:C([H]):N:C:3:2)O[C@]1([H])C([H])([H])OP(=O)(O[H])[O:35][P:36].[H]O[C:14]([C:3])=[O:15]>>[H]N([H])[C:14]([C:3])=[O:15].[H][O:35][P:36],"EVODEX-P31890,EVODEX-P33183,EVODEX-P33256,EVODEX-P33269,EVODEX-P33304"
EVODEX-N13092,[C:3][C:14](=[O:15])[O:16].[H][N:1]([H:76])[H:77]>>[N:1]([C:14]([C:3])=[O:15])([H:76])[H:77].[H]O[C@@]1([H])[C@@]([H])(O[H])[C@]([H])(N2:C([H]):N:C3:C(N([H])[H]):N:C([H]):N:C:3:2)O[C@]1([H])C([H])([H])OP(=O)(O[H])[O:16],"EVODEX-P31891,EVODEX-P33187,EVODEX-P33252,EVODEX-P33275,EVODEX-P33300"
EVODEX-N13093,[O:31][P:32](=[O:33])([O:34])[O:35].[H]C1:C([H]):C([H]):C2:C(:C:1[H]):C(C([H])([H])[C@@]([H])(C(=O)[O:16][H:75])N([H])[H]):C([H]):N:2[H]>>[O:16]([P:32]([O:31])(=[O:33])[O:34])[H:75].[H][O:35],EVODEX-P31892
EVODEX-N13094,>>[H]N[H].[H]OP(=O)OC([H])([H])[C@@]1([H])O[C@@]([H])(N2:C([H]):N:C3:C(N([H])[H]):N:C([H]):N:C:3:2)[C@]([H])(O[H])[C@]1([H])O[H],"EVODEX-P31894,EVODEX-P33190,EVODEX-P33251,EVODEX-P33279,EVODEX-P33299"
EVODEX-N13095,[H][N:1]([H:76])[H:77]>>[H]C1:C([H]):C([H]):C2:C(:C:1[H]):C(C([H])([H])[C@@]([H])(C(=O)[N:1]([H:76])[H:77])N([H])[H]):C([H]):N:2[H],EVODEX-P31895
EVODEX-N13096,[H]OP(=O)(O[H])OP(=O)(O[H])O[P:32]([O:31])(=[O:33])[O:34].[H]C1:C([H]):C([H]):C2:C(:C:1[H]):C(C([H])([H])[C@@]([H])(C(=O)[O:16][H:75])N([H])[H]):C([H]):N:2[H]>>[O:16]([P:32]([O:31])(=[O:33])[O:34])[H:75],EVODEX-P31896
EVODEX-N13097,[H]OP(=O)(O[H])OP(=O)(O[H])O[P:31]([O:30])(=[O:32])[O:33]>>[H]C1:C([H]):C([H]):C2:C(:C:1[H]):C(C([H])([H])[C@@]([H])(C(=O)O[P:31]([O:30])(=[O:32])[O:33])N([H])[H]):C([H]):N:2[H],EVODEX-P31900
EVODEX-N13098,[C:5][C:7](=[O:8])[O:9][H:53].[H][N:10]([O:11])[H:54].[O:26][P:27](=[O:28])([O:29])[O:30]>>[C:5][C:7](=[O:8])[N:10]([O:11])[H:54].[H][O:30].[O:9]([P:27]([O:26])(=[O:28])[O:29])[H:53],"EVODEX-P31903,EVODEX-P31925,EVODEX-P33233"
EVODEX-N13099,[H]O[C:7]([C:5])=[O:8].[H][N:10]([O:11])[H:54].[H]O[C@@]1([H])[C@@]([H])(O[H])[C@]([H])(N2:C([H]):N:C3:C(N([H])[H]):N:C([H]):N:C:3:2)O[C@]1([H])C([H])([H])OP(=O)(O[H])[O:30][P:31]>>[C:5][C:7](=[O:8])[N:10]([O:11])[H:54].[H][O:30][P:31],"EVODEX-P31904,EVODEX-P31926"
EVODEX-N13100,[C:7][O:9][H:53].[O:26][P:27](=[O:28])([O:29])[O:30]>>[H]ON([H])[C:7].[H][O:30].[O:9]([P:27]([O:26])(=[O:28])[O:29])[H:53],"EVODEX-P31905,EVODEX-P31927,EVODEX-P33235"
EVODEX-N13101,[H]O[C:7]([C:5])=[O:8]>>[H]ON([H])[C:7]([C:5])=[O:8],"EVODEX-P31906,EVODEX-P31928,EVODEX-P33245"
EVODEX-N13102,[C:5][C:7](=[O:8])[O:9][H:53].[H][N:10]([O:11])[H:54].[H]OP(=O)(O[H])OP(=O)(O[H])O[P:27]([O:26])(=[O:28])[O:29]>>[C:5][C:7](=[O:8])[N:10]([O:11])[H:54].[O:9]([P:27]([O:26])(=[O:28])[O:29])[H:53],"EVODEX-P31907,EVODEX-P31929"
EVODEX-N13103,[H]N([H])[C@]([H])(C(=O)[O:9][H:53])C([H])([H])C([H])([H])SC([H])([H])[H].[H]OP(=O)(O[H])OP(=O)(O[H])O[P:27]([O:26])(=[O:28])[O:29]>>[O:9]([P:27]([O:26])(=[O:28])[O:29])[H:53],EVODEX-P31908
EVODEX-N13104,[H]N([H])[C@]([H])(C(=O)[O:9][H:53])C([H])([H])C([H])([H])SC([H])([H])[H]>>[H]O[C@@]1([H])[C@@]([H])(O[H])[C@]([H])(N2:C([H]):N:C3:C(N([H])[H]):N:C([H]):N:C:3:2)O[C@]1([H])C([H])([H])OP(=O)(O[H])[O:9][H:53],EVODEX-P31909
EVODEX-N13105,[H]O[C:7]([C:5])=[O:8].[H]O[C@@]1([H])[C@@]([H])(O[H])[C@]([H])(N2:C([H]):N:C3:C(N([H])[H]):N:C([H]):N:C:3:2)O[C@]1([H])C([H])([H])OP(=O)(O[H])[O:30][P:31]>>[H]ON([H])[C:7]([C:5])=[O:8].[H][O:30][P:31],"EVODEX-P31910,EVODEX-P31932"
EVODEX-N13106,[C:7][O:9][H:53].[H]OP(=O)(O[H])OP(=O)(O[H])O[P:27]([O:26])(=[O:28])[O:29]>>[H]ON([H])[C:7].[O:9]([P:27]([O:26])(=[O:28])[O:29])[H:53],"EVODEX-P31911,EVODEX-P31933"
EVODEX-N13107,>>[H]NO[H].[H]OP(=O)OC([H])([H])[C@@]1([H])O[C@@]([H])(N2:C([H]):N:C3:C(N([H])[H]):N:C([H]):N:C:3:2)[C@]([H])(O[H])[C@]1([H])O[H],"EVODEX-P31912,EVODEX-P31934"
EVODEX-N13108,[H]N([H])[C@]([H])(C(=O)[O:9][H:53])C([H])([H])C([H])([H])SC([H])([H])[H].[O:26][P:27](=[O:28])([O:29])[O:30]>>[H][O:30].[O:9]([P:27]([O:26])(=[O:28])[O:29])[H:53],EVODEX-P31913
EVODEX-N13109,[H]O[C:7]([C:5])=[O:8].[H][N:10]([O:11])[H:54]>>[C:5][C:7](=[O:8])[N:10]([O:11])[H:54],"EVODEX-P31914,EVODEX-P31936,EVODEX-P33240"
EVODEX-N13110,[H][N:10]([O:11])[H:54]>>[H]N([H])[C@]([H])(C(=O)[N:10]([O:11])[H:54])C([H])([H])C([H])([H])SC([H])([H])[H].[H].[H]O,EVODEX-P31915
EVODEX-N13111,[C:5][C:7](=[O:8])[O:9].[H][N:10]([O:11])[H:54]>>[C:5][C:7](=[O:8])[N:10]([O:11])[H:54].[H]O[C@@]1([H])[C@@]([H])(O[H])[C@]([H])(N2:C([H]):N:C3:C(N([H])[H]):N:C([H]):N:C:3:2)O[C@]1([H])C([H])([H])OP(=O)(O[H])[O:9],"EVODEX-P31916,EVODEX-P31938"
EVODEX-N13112,[H][N:10]([O:11])[H:54].[H]O[C@@]1([H])[C@@]([H])(O[H])[C@]([H])(N2:C([H]):N:C3:C(N([H])[H]):N:C([H]):N:C:3:2)O[C@]1([H])C([H])([H])OP(=O)(O[H])[O:30][P:31]>>[H]N([H])[C@]([H])(C(=O)[N:10]([O:11])[H:54])C([H])([H])C([H])([H])SC([H])([H])[H].[H][O:30][P:31],EVODEX-P31917
EVODEX-N13113,[H][N:10]([O:11])[H:54]>>[H]N([H])[C@]([H])(C(=O)[N:10]([O:11])[H:54])C([H])([H])C([H])([H])SC([H])([H])[H],EVODEX-P31918
EVODEX-N13114,[H][N:10]([O:11])[H:54].[H]OP(=O)(O[H])OP(=O)(O[H])O[P:27]([O:26])(=[O:28])[O:29]>>[H]N([H])[C@]([H])(C(=O)[N:10]([O:11])[H:54])C([H])([H])C([H])([H])SC([H])([H])[H].[H]O[P:27]([O:26])(=[O:28])[O:29],EVODEX-P31919
EVODEX-N13115,[H]OC(=O)C([H])([H])[C@@]([H])(C(=O)O[P:16]([O:15])(=[O:17])[O:18])N([H])[H].[H][O:34][P:33]>>[O:15][P:16](=[O:17])([O:18])[O:34][P:33],EVODEX-P31922
EVODEX-N13116,[H]OC(=O)C([H])([H])[C@@]([H])(C(=O)O[P:16]([O:15])(=[O:17])[O:18])N([H])[H]>>[H]OP(=O)(O[H])OP(=O)(O[H])O[P:16]([O:15])(=[O:17])[O:18],EVODEX-P31923
EVODEX-N13117,[H]N([H])[C@@]([H])(C(=O)[O:6][H:46])C([H])([H])[H].[H]OP(=O)(O[H])OP(=O)(O[H])O[P:24]([O:23])(=[O:25])[O:26]>>[O:6]([P:24]([O:23])(=[O:25])[O:26])[H:46],EVODEX-P31930
EVODEX-N13118,[H]N([H])[C@@]([H])(C(=O)[O:6][H:46])C([H])([H])[H]>>[H]O[C@@]1([H])[C@@]([H])(O[H])[C@]([H])(N2:C([H]):N:C3:C(N([H])[H]):N:C([H]):N:C:3:2)O[C@]1([H])C([H])([H])OP(=O)(O[H])[O:6][H:46],EVODEX-P31931
EVODEX-N13119,[H]N([H])[C@@]([H])(C(=O)[O:6][H:46])C([H])([H])[H].[O:23][P:24](=[O:25])([O:26])[O:27]>>[H][O:27].[O:6]([P:24]([O:23])(=[O:25])[O:26])[H:46],"EVODEX-P31935,EVODEX-P31955"
EVODEX-N13120,[H][N:7]([O:8])[H:47]>>[H]N([H])[C@@]([H])(C(=O)[N:7]([O:8])[H:47])C([H])([H])[H].[H].[H]O,EVODEX-P31937
EVODEX-N13121,[H][N:7]([O:8])[H:47].[H]O[C@@]1([H])[C@@]([H])(O[H])[C@]([H])(N2:C([H]):N:C3:C(N([H])[H]):N:C([H]):N:C:3:2)O[C@]1([H])C([H])([H])OP(=O)(O[H])[O:27][P:28]>>[H]N([H])[C@@]([H])(C(=O)[N:7]([O:8])[H:47])C([H])([H])[H].[H][O:27][P:28],EVODEX-P31939
EVODEX-N13122,[H][N:7]([O:8])[H:47]>>[H]N([H])[C@@]([H])(C(=O)[N:7]([O:8])[H:47])C([H])([H])[H],EVODEX-P31940
EVODEX-N13123,[H][N:7]([O:8])[H:47].[H]OP(=O)(O[H])OP(=O)(O[H])O[P:24]([O:23])(=[O:25])[O:26]>>[H]N([H])[C@@]([H])(C(=O)[N:7]([O:8])[H:47])C([H])([H])[H].[H]O[P:24]([O:23])(=[O:25])[O:26],EVODEX-P31941
EVODEX-N13124,[H][C:9](:[N:8]):[N:10][C@:11]1([H])[O:12][C@:13]([H])([C:14]([H])([H])[O:15][P:16][O:18][H])[C@@:28]([H])([O:29][H])[C@@:30]1([H])[O:31][H].[H][N:1]([H])[C:2]:[N:3]:[C:4]([H]):[N:5].[H][O:22][P:20].[H][O:26][P:24][O:27][H].[H][O:34][P:33][O:35][H].[H][O:39][P:37][O:40][H]>>[H][C:9](:[N:8]):[N:10][C@:11]1([H])[O:12][C@:13]([H])([C:14]([H])([H])[O:15][P:16][O:18][H])[C@@:28]([H])([O:29][H])[C@@:30]1([H])[O:31][H].[H][N:1]([H])[C:2]:[N:3]:[C:4]([H]):[N:5].[H][O:22][P:20].[H][O:26][P:24][O:27][H].[H][O:34][P:33][O:35][H].[H][O:39][P:37][O:40][H],EVODEX-P31942
EVODEX-N13125,[H][O:34][P:33][O:35][H].[H][O:39][P:37][O:40][H]>>[H][O:34][P:33][O:35][H].[H][O:39][P:37][O:40][H],EVODEX-P31943
EVODEX-N13126,[H][C:9](:[N:8]):[N:10][C@:11]1([H])[O:12][C@:13]([H])([C:14]([H])([H])[O:15][P:16][O:18][H])[C@@:28]([H])([O:29][H])[C@@:30]1([H])[O:31][H].[H][N:1]([H])[C:2]:[N:3]:[C:4]([H]):[N:5].[H][O:22][P:20].[H][O:26][P:24][O:27][H]>>[H][C:9](:[N:8]):[N:10][C@:11]1([H])[O:12][C@:13]([H])([C:14]([H])([H])[O:15][P:16][O:18][H])[C@@:28]([H])([O:29][H])[C@@:30]1([H])[O:31][H].[H][N:1]([H])[C:2]:[N:3]:[C:4]([H]):[N:5].[H][O:22][P:20].[H][O:26][P:24][O:27][H],EVODEX-P31944
EVODEX-N13127,[C:2][C:4](=[O:5])[O:6][H:50].[H][O:12][C:10].[O:31][P:32](=[O:33])([O:34])[O:35]>>[C:2][C:4](=[O:5])[O:12][C:10].[H][O:35].[O:6]([P:32]([O:31])(=[O:33])[O:34])[H:50],"EVODEX-P31945,EVODEX-P31962"
EVODEX-N13128,[H]O[C:4]([C:2])=[O:5].[H][O:12][C:10].[H]O[C@@]1([H])[C@@]([H])(O[H])[C@]([H])(N2:C([H]):N:C3:C(N([H])[H]):N:C([H]):N:C:3:2)O[C@]1([H])C([H])([H])OP(=O)(O[H])OP(=O)(O[H])[O:35][P:36]>>[C:2][C:4](=[O:5])[O:12][C:10].[H][O:35][P:36],"EVODEX-P31946,EVODEX-P31963"
EVODEX-N13129,[C:4][O:6][H:50].[O:31][P:32](=[O:33])([O:34])[O:35]>>[H]O[C@@]([H])(C(=O)O[C:4])C([H])([H])[H].[H][O:35].[O:6]([P:32]([O:31])(=[O:33])[O:34])[H:50],EVODEX-P31947
EVODEX-N13130,[H]O[C:4]([C:2])=[O:5]>>[H]O[C@@]([H])(C(=O)O[C:4]([C:2])=[O:5])C([H])([H])[H],EVODEX-P31948
EVODEX-N13131,[C:2][C:4](=[O:5])[O:6][H:50].[H][O:12][C:10].[H]OP(=O)(O[H])O[P:32]([O:31])(=[O:33])[O:34]>>[C:2][C:4](=[O:5])[O:12][C:10].[O:6]([P:32]([O:31])(=[O:33])[O:34])[H:50],"EVODEX-P31949,EVODEX-P31966"
EVODEX-N13132,[H]N([H])[C@@]([H])(C(=O)[O:6][H:50])C([H])([H])[H].[H]OP(=O)(O[H])O[P:32]([O:31])(=[O:33])[O:34]>>[O:6]([P:32]([O:31])(=[O:33])[O:34])[H:50],EVODEX-P31950
EVODEX-N13133,[H]N([H])[C@@]([H])(C(=O)[O:6][H:50])C([H])([H])[H]>>[H]O[C@@]1([H])[C@@]([H])(O[H])[C@]([H])(N2:C([H]):N:C3:C(N([H])[H]):N:C([H]):N:C:3:2)O[C@]1([H])C([H])([H])OP(=O)(O[H])OP(=O)(O[H])[O:6][H:50],EVODEX-P31951
EVODEX-N13134,[H]O[C:4]([C:2])=[O:5].[H]O[C@@]1([H])[C@@]([H])(O[H])[C@]([H])(N2:C([H]):N:C3:C(N([H])[H]):N:C([H]):N:C:3:2)O[C@]1([H])C([H])([H])OP(=O)(O[H])OP(=O)(O[H])[O:35][P:36]>>[H]O[C@@]([H])(C(=O)O[C:4]([C:2])=[O:5])C([H])([H])[H].[H][O:35][P:36],EVODEX-P31952
EVODEX-N13135,[C:4][O:6][H:50].[H]OP(=O)(O[H])O[P:32]([O:31])(=[O:33])[O:34]>>[H]O[C@@]([H])(C(=O)O[C:4])C([H])([H])[H].[O:6]([P:32]([O:31])(=[O:33])[O:34])[H:50],EVODEX-P31953
EVODEX-N13136,>>[H]O[C@@]([H])(C(O)=O)C([H])([H])[H].[H]OP(=O)OP(=O)(O[H])OC([H])([H])[C@@]1([H])O[C@@]([H])(N2:C([H]):N:C3:C(N([H])[H]):N:C([H]):N:C:3:2)[C@]([H])(O[H])[C@]1([H])O[H],"EVODEX-P31954,EVODEX-P31969"
EVODEX-N13137,[H][O:12][C:10]>>[H]N([H])[C@@]([H])(C(=O)[O:12][C:10])C([H])([H])[H].[H].[H]O,"EVODEX-P31957,EVODEX-P31971"
EVODEX-N13138,[C:2][C:4](=[O:5])[O:6].[H][O:12][C:10]>>[C:2][C:4](=[O:5])[O:12][C:10].[H]O[C@@]1([H])[C@@]([H])(O[H])[C@]([H])(N2:C([H]):N:C3:C(N([H])[H]):N:C([H]):N:C:3:2)O[C@]1([H])C([H])([H])OP(=O)(O[H])OP(=O)(O[H])[O:6],"EVODEX-P31958,EVODEX-P31972"
EVODEX-N13139,[H][O:12][C:10].[H]O[C@@]1([H])[C@@]([H])(O[H])[C@]([H])(N2:C([H]):N:C3:C(N([H])[H]):N:C([H]):N:C:3:2)O[C@]1([H])C([H])([H])OP(=O)(O[H])OP(=O)(O[H])[O:35][P:36]>>[H]N([H])[C@@]([H])(C(=O)[O:12][C:10])C([H])([H])[H].[H][O:35][P:36],"EVODEX-P31959,EVODEX-P31973"
EVODEX-N13140,[H][O:12][C:10]>>[H]N([H])[C@@]([H])(C(=O)[O:12][C:10])C([H])([H])[H],"EVODEX-P31960,EVODEX-P31974"
EVODEX-N13141,[H][O:12][C:10].[H]OP(=O)(O[H])O[P:32]([O:31])(=[O:33])[O:34]>>[H]N([H])[C@@]([H])(C(=O)[O:12][C:10])C([H])([H])[H].[H]O[P:32]([O:31])(=[O:33])[O:34],"EVODEX-P31961,EVODEX-P31975"
EVODEX-N13142,[C:4][O:6][H:50].[O:31][P:32](=[O:33])([O:34])[O:35]>>[H]OC(=O)[C@]([H])(O[C:4])C([H])([H])[H].[H][O:35].[O:6]([P:32]([O:31])(=[O:33])[O:34])[H:50],EVODEX-P31964
EVODEX-N13143,[H]O[C:4]([C:2])=[O:5]>>[H]OC(=O)[C@]([H])(O[C:4]([C:2])=[O:5])C([H])([H])[H],EVODEX-P31965
EVODEX-N13144,[H]O[C:4]([C:2])=[O:5].[H]O[C@@]1([H])[C@@]([H])(O[H])[C@]([H])(N2:C([H]):N:C3:C(N([H])[H]):N:C([H]):N:C:3:2)O[C@]1([H])C([H])([H])OP(=O)(O[H])OP(=O)(O[H])[O:35][P:36]>>[H]OC(=O)[C@]([H])(O[C:4]([C:2])=[O:5])C([H])([H])[H].[H][O:35][P:36],EVODEX-P31967
EVODEX-N13145,[C:4][O:6][H:50].[H]OP(=O)(O[H])O[P:32]([O:31])(=[O:33])[O:34]>>[H]OC(=O)[C@]([H])(O[C:4])C([H])([H])[H].[O:6]([P:32]([O:31])(=[O:33])[O:34])[H:50],EVODEX-P31968
EVODEX-N13146,[H][S:48][C:47].[O:63][P:64](=[O:65])([O:66])[O:67].[O:80]=[C:81]([O:82][H:142])[C:83]>>[C:47][S:48][C:81](=[O:80])[C:83].[O:63][P:64](=[O:65])([O:66])[O:82][H:142].[H][O:67],"EVODEX-P31976,EVODEX-P32005,EVODEX-P32022,EVODEX-P32037,EVODEX-P32054,EVODEX-P32070,EVODEX-P32099,EVODEX-P32121,EVODEX-P32138,EVODEX-P32154,EVODEX-P32171,EVODEX-P32188,EVODEX-P32203,EVODEX-P32219,EVODEX-P32235,EVODEX-P32249,EVODEX-P32265,EVODEX-P32279,EVODEX-P32296,EVODEX-P32313,EVODEX-P32328,EVODEX-P32352,EVODEX-P32369,EVODEX-P32383,EVODEX-P32400,EVODEX-P32417,EVODEX-P32433,EVODEX-P32450,EVODEX-P32465,EVODEX-P32482,EVODEX-P32497,EVODEX-P32514,EVODEX-P32531,EVODEX-P32548,EVODEX-P32562,EVODEX-P32575,EVODEX-P32592,EVODEX-P32609,EVODEX-P32623,EVODEX-P32640,EVODEX-P32654,EVODEX-P32671,EVODEX-P32688,EVODEX-P32705,EVODEX-P32722,EVODEX-P32739,EVODEX-P32750,EVODEX-P32764,EVODEX-P32778,EVODEX-P32795,EVODEX-P32812,EVODEX-P32829,EVODEX-P32846,EVODEX-P32863,EVODEX-P32880,EVODEX-P32897,EVODEX-P32914,EVODEX-P32931,EVODEX-P32947,EVODEX-P32979,EVODEX-P33023,EVODEX-P33037,EVODEX-P33051,EVODEX-P33068,EVODEX-P33085,EVODEX-P33123"
EVODEX-N13147,[H][S:48][C:47].[H]OP(=O)(O[H])OP(=O)(O[H])O[P:64]([O:63])(=[O:65])[O:66].[O:80]=[C:81]([O:82][H:142])[C:83]>>[C:47][S:48][C:81](=[O:80])[C:83].[O:63][P:64](=[O:65])([O:66])[O:82][H:142],"EVODEX-P31977,EVODEX-P32006,EVODEX-P32023,EVODEX-P32038,EVODEX-P32055,EVODEX-P32155,EVODEX-P32172,EVODEX-P32189,EVODEX-P32205,EVODEX-P32280,EVODEX-P32297,EVODEX-P32314,EVODEX-P32329,EVODEX-P32353,EVODEX-P32370,EVODEX-P32384,EVODEX-P32401,EVODEX-P32420,EVODEX-P32434,EVODEX-P32451,EVODEX-P32466,EVODEX-P32498,EVODEX-P32515,EVODEX-P32532,EVODEX-P32563,EVODEX-P32576,EVODEX-P32593,EVODEX-P32610,EVODEX-P32624,EVODEX-P32641,EVODEX-P32655,EVODEX-P32672,EVODEX-P32689,EVODEX-P32706,EVODEX-P32723,EVODEX-P32765,EVODEX-P32779,EVODEX-P32796,EVODEX-P32813,EVODEX-P32830,EVODEX-P32847,EVODEX-P32864,EVODEX-P32881,EVODEX-P32898,EVODEX-P32915,EVODEX-P32932,EVODEX-P32948,EVODEX-P32980,EVODEX-P33052,EVODEX-P33072,EVODEX-P33086,EVODEX-P33124"
EVODEX-N13148,[O:63][P:64](=[O:65])([O:66])[O:67].[C:81][O:82][H:142]>>[H]O[C@]1([H])[C@]([H])(OP(=O)(O[H])O[H])[C@@]([H])(C([H])([H])OP(=O)(O[H])OP(=O)(O[H])OC([H])([H])C(C([H])([H])[H])(C([H])([H])[H])[C@@]([H])(O[H])C(=O)N([H])C([H])([H])C([H])([H])C(=O)N([H])C([H])([H])C([H])([H])S[C:81])O[C@@]1([H])N1:C([H]):N:C2:C(N([H])[H]):N:C([H]):N:C:2:1.[O:63][P:64](=[O:65])([O:66])[O:82][H:142].[H][O:67],"EVODEX-P31978,EVODEX-P32014,EVODEX-P32031,EVODEX-P32047,EVODEX-P32063,EVODEX-P32078,EVODEX-P32101,EVODEX-P32130,EVODEX-P32147,EVODEX-P32164,EVODEX-P32181,EVODEX-P32196,EVODEX-P32213,EVODEX-P32228,EVODEX-P32243,EVODEX-P32258,EVODEX-P32273,EVODEX-P32288,EVODEX-P32306,EVODEX-P32321,EVODEX-P32337,EVODEX-P32361,EVODEX-P32377,EVODEX-P32393,EVODEX-P32410,EVODEX-P32419,EVODEX-P32443,EVODEX-P32459,EVODEX-P32474,EVODEX-P32491,EVODEX-P32506,EVODEX-P32523,EVODEX-P32541,EVODEX-P32554,EVODEX-P32569,EVODEX-P32584,EVODEX-P32601,EVODEX-P32617,EVODEX-P32632,EVODEX-P32647,EVODEX-P32664,EVODEX-P32680,EVODEX-P32698,EVODEX-P32714,EVODEX-P32731,EVODEX-P32744,EVODEX-P32758,EVODEX-P32771,EVODEX-P32787,EVODEX-P32805,EVODEX-P32821,EVODEX-P32839,EVODEX-P32856,EVODEX-P32873,EVODEX-P32890,EVODEX-P32907,EVODEX-P32916,EVODEX-P32941,EVODEX-P32957,EVODEX-P32988,EVODEX-P33031,EVODEX-P33044,EVODEX-P33060,EVODEX-P33070,EVODEX-P33095,EVODEX-P33131"
EVODEX-N13149,[H][S:48][C:47].[H]O[C@@]1([H])[C@@]([H])(O[H])[C@]([H])(N2:C([H]):N:C3:C(N([H])[H]):N:C([H]):N:C:3:2)O[C@]1([H])C([H])([H])OP(=O)(O[H])[O:67][P:68].[H]O[C:81](=[O:80])[C:83]>>[C:47][S:48][C:81](=[O:80])[C:83].[H][O:67][P:68],"EVODEX-P31979,EVODEX-P32009,EVODEX-P32026,EVODEX-P32042,EVODEX-P32058,EVODEX-P32159,EVODEX-P32176,EVODEX-P32191,EVODEX-P32283,EVODEX-P32301,EVODEX-P32316,EVODEX-P32332,EVODEX-P32356,EVODEX-P32373,EVODEX-P32388,EVODEX-P32405,EVODEX-P32418,EVODEX-P32438,EVODEX-P32454,EVODEX-P32469,EVODEX-P32501,EVODEX-P32518,EVODEX-P32536,EVODEX-P32565,EVODEX-P32579,EVODEX-P32596,EVODEX-P32613,EVODEX-P32627,EVODEX-P32659,EVODEX-P32675,EVODEX-P32693,EVODEX-P32709,EVODEX-P32726,EVODEX-P32741,EVODEX-P32782,EVODEX-P32800,EVODEX-P32816,EVODEX-P32834,EVODEX-P32851,EVODEX-P32868,EVODEX-P32885,EVODEX-P32902,EVODEX-P32918,EVODEX-P32936,EVODEX-P32952,EVODEX-P32983,EVODEX-P33055,EVODEX-P33069,EVODEX-P33090,EVODEX-P33126"
EVODEX-N13150,>>[H]O[C@]1([H])[C@]([H])(OP(=O)(O[H])O[H])[C@@]([H])(C([H])([H])OP(=O)(O[H])OP(=O)(O[H])OC([H])([H])C(C([H])([H])[H])(C([H])([H])[H])[C@@]([H])(O[H])C(=O)N([H])C([H])([H])C([H])([H])C(=O)N([H])C([H])([H])C([H])([H])S)O[C@@]1([H])N1:C([H]):N:C2:C(N([H])[H]):N:C([H]):N:C:2:1.[H]OP(=O)OC([H])([H])[C@@]1([H])O[C@@]([H])(N2:C([H]):N:C3:C(N([H])[H]):N:C([H]):N:C:3:2)[C@]([H])(O[H])[C@]1([H])O[H],"EVODEX-P31980,EVODEX-P32021,EVODEX-P32035,EVODEX-P32052,EVODEX-P32068,EVODEX-P32169,EVODEX-P32186,EVODEX-P32202,EVODEX-P32295,EVODEX-P32311,EVODEX-P32327,EVODEX-P32342,EVODEX-P32368,EVODEX-P32382,EVODEX-P32398,EVODEX-P32415,EVODEX-P32425,EVODEX-P32448,EVODEX-P32463,EVODEX-P32481,EVODEX-P32513,EVODEX-P32530,EVODEX-P32546,EVODEX-P32574,EVODEX-P32591,EVODEX-P32608,EVODEX-P32622,EVODEX-P32639,EVODEX-P32669,EVODEX-P32687,EVODEX-P32703,EVODEX-P32721,EVODEX-P32738,EVODEX-P32794,EVODEX-P32810,EVODEX-P32828,EVODEX-P32844,EVODEX-P32861,EVODEX-P32878,EVODEX-P32895,EVODEX-P32912,EVODEX-P32919,EVODEX-P32945,EVODEX-P32962,EVODEX-P32995,EVODEX-P33067,EVODEX-P33077,EVODEX-P33100,EVODEX-P33138"
EVODEX-N13151,[H]OP(=O)(O[H])OP(=O)(O[H])O[P:64]([O:63])(=[O:65])[O:66].[C:81][O:82][H:142]>>[H]O[C@]1([H])[C@]([H])(OP(=O)(O[H])O[H])[C@@]([H])(C([H])([H])OP(=O)(O[H])OP(=O)(O[H])OC([H])([H])C(C([H])([H])[H])(C([H])([H])[H])[C@@]([H])(O[H])C(=O)N([H])C([H])([H])C([H])([H])C(=O)N([H])C([H])([H])C([H])([H])S[C:81])O[C@@]1([H])N1:C([H]):N:C2:C(N([H])[H]):N:C([H]):N:C:2:1.[O:63][P:64](=[O:65])([O:66])[O:82][H:142],"EVODEX-P31981,EVODEX-P32016,EVODEX-P32032,EVODEX-P32048,EVODEX-P32064,EVODEX-P32165,EVODEX-P32182,EVODEX-P32198,EVODEX-P32214,EVODEX-P32290,EVODEX-P32307,EVODEX-P32323,EVODEX-P32338,EVODEX-P32363,EVODEX-P32379,EVODEX-P32394,EVODEX-P32411,EVODEX-P32424,EVODEX-P32444,EVODEX-P32460,EVODEX-P32476,EVODEX-P32508,EVODEX-P32525,EVODEX-P32542,EVODEX-P32571,EVODEX-P32586,EVODEX-P32603,EVODEX-P32619,EVODEX-P32634,EVODEX-P32649,EVODEX-P32665,EVODEX-P32682,EVODEX-P32699,EVODEX-P32716,EVODEX-P32733,EVODEX-P32773,EVODEX-P32789,EVODEX-P32806,EVODEX-P32823,EVODEX-P32840,EVODEX-P32857,EVODEX-P32874,EVODEX-P32891,EVODEX-P32908,EVODEX-P32920,EVODEX-P32942,EVODEX-P32958,EVODEX-P32990,EVODEX-P33062,EVODEX-P33076,EVODEX-P33096,EVODEX-P33133"
EVODEX-N13152,[H]O[C@@]1([H])[C@@]([H])(O[H])[C@]([H])(N2:C([H]):N:C3:C(N([H])[H]):N:C([H]):N:C:3:2)O[C@]1([H])C([H])([H])OP(=O)(O[H])[O:67][P:68].[H]O[C:81](=[O:80])[C:83]>>[H]O[C@]1([H])[C@]([H])(OP(=O)(O[H])O[H])[C@@]([H])(C([H])([H])OP(=O)(O[H])OP(=O)(O[H])OC([H])([H])C(C([H])([H])[H])(C([H])([H])[H])[C@@]([H])(O[H])C(=O)N([H])C([H])([H])C([H])([H])C(=O)N([H])C([H])([H])C([H])([H])S[C:81](=[O:80])[C:83])O[C@@]1([H])N1:C([H]):N:C2:C(N([H])[H]):N:C([H]):N:C:2:1.[H][O:67][P:68],"EVODEX-P31982,EVODEX-P32017,EVODEX-P32033,EVODEX-P32050,EVODEX-P32066,EVODEX-P32167,EVODEX-P32184,EVODEX-P32199,EVODEX-P32291,EVODEX-P32309,EVODEX-P32324,EVODEX-P32340,EVODEX-P32364,EVODEX-P32380,EVODEX-P32396,EVODEX-P32413,EVODEX-P32423,EVODEX-P32446,EVODEX-P32461,EVODEX-P32477,EVODEX-P32509,EVODEX-P32526,EVODEX-P32544,EVODEX-P32572,EVODEX-P32587,EVODEX-P32604,EVODEX-P32620,EVODEX-P32635,EVODEX-P32667,EVODEX-P32683,EVODEX-P32701,EVODEX-P32717,EVODEX-P32734,EVODEX-P32747,EVODEX-P32790,EVODEX-P32808,EVODEX-P32824,EVODEX-P32842,EVODEX-P32859,EVODEX-P32876,EVODEX-P32893,EVODEX-P32910,EVODEX-P32921,EVODEX-P32943,EVODEX-P32960,EVODEX-P32991,EVODEX-P33063,EVODEX-P33075,EVODEX-P33098,EVODEX-P33134"
EVODEX-N13153,[H]C([H])([H])C(=O)[O:4][H:87].[O:67][P:68](=[O:69])([O:70])[O:71]>>[O:4]([P:68]([O:67])(=[O:69])[O:70])[H:87].[H][O:71],"EVODEX-P31983,EVODEX-P32106"
EVODEX-N13154,[H][S:48][C:47].[O:80]=[C:81]([O:82])[C:83]>>[C:47][S:48][C:81](=[O:80])[C:83].[H]O[C@@]1([H])[C@@]([H])(O[H])[C@]([H])(N2:C([H]):N:C3:C(N([H])[H]):N:C([H]):N:C:3:2)O[C@]1([H])C([H])([H])OP(=O)(O[H])[O:82],"EVODEX-P31984,EVODEX-P32011,EVODEX-P32030,EVODEX-P32046,EVODEX-P32062,EVODEX-P32163,EVODEX-P32180,EVODEX-P32193,EVODEX-P32285,EVODEX-P32305,EVODEX-P32318,EVODEX-P32336,EVODEX-P32358,EVODEX-P32374,EVODEX-P32392,EVODEX-P32409,EVODEX-P32429,EVODEX-P32442,EVODEX-P32458,EVODEX-P32471,EVODEX-P32503,EVODEX-P32520,EVODEX-P32540,EVODEX-P32566,EVODEX-P32581,EVODEX-P32598,EVODEX-P32614,EVODEX-P32629,EVODEX-P32663,EVODEX-P32677,EVODEX-P32697,EVODEX-P32711,EVODEX-P32728,EVODEX-P32784,EVODEX-P32804,EVODEX-P32818,EVODEX-P32838,EVODEX-P32855,EVODEX-P32872,EVODEX-P32889,EVODEX-P32906,EVODEX-P32924,EVODEX-P32940,EVODEX-P32956,EVODEX-P32985,EVODEX-P33057,EVODEX-P33081,EVODEX-P33094,EVODEX-P33128"
EVODEX-N13155,[H][S:52][C:51].[H]OP(=O)(O[H])OP(=O)(O[H])O[P:68]([O:67])(=[O:69])[O:70]>>[H]C([H])([H])C(=O)[S:52][C:51].[H]O[P:68]([O:67])(=[O:69])[O:70],EVODEX-P31986
EVODEX-N13156,[H]C([H])([H])C(=O)[O:4][H:87].[H]OP(=O)(O[H])OP(=O)(O[H])O[P:68]([O:67])(=[O:69])[O:70]>>[O:4]([P:68]([O:67])(=[O:69])[O:70])[H:87],EVODEX-P31987
EVODEX-N13157,[H]C([H])([H])C(=O)[O:4][H:87]>>[H]O[C@@]1([H])[C@@]([H])(O[H])[C@]([H])(N2:C([H]):N:C3:C(N([H])[H]):N:C([H]):N:C:3:2)O[C@]1([H])C([H])([H])OP(=O)(O[H])[O:4][H:87],EVODEX-P31988
EVODEX-N13158,[H][S:52][C:51].[H]O[C@@]1([H])[C@@]([H])(O[H])[C@]([H])(N2:C([H]):N:C3:C(N([H])[H]):N:C([H]):N:C:3:2)O[C@]1([H])C([H])([H])OP(=O)(O[H])[O:71][P:72]>>[H]C([H])([H])C(=O)[S:52][C:51].[H][O:71][P:72],EVODEX-P31989
EVODEX-N13159,[C:1][C:2](=[O:3])[S:4].[O:66][P:67](=[O:68])([O:69][H:130])[O:70].[H][O:77][P:76]>>[C:1][C:2](=[O:3])[O:69][H:130].[O:66][P:67](=[O:68])([O:70])[O:77][P:76].[H][S:4],"EVODEX-P31990,EVODEX-P32085,EVODEX-P32110,EVODEX-P32996"
EVODEX-N13160,[H]O[C@]1([H])[C@]([H])(OP(=O)(O[H])O[H])[C@@]([H])(C([H])([H])OP(=O)(O[H])OP(=O)(O[H])OC([H])([H])C(C([H])([H])[H])(C([H])([H])[H])[C@@]([H])(O[H])C(=O)N([H])C([H])([H])C([H])([H])C(=O)N([H])C([H])([H])C([H])([H])S[C:2]([C:1])=[O:3])O[C@@]1([H])N1:C([H]):N:C2:C(N([H])[H]):N:C([H]):N:C:2:1.[O:66][P:67](=[O:68])([O:69][H:130])[O:70].[H][O:77][P:76]>>[C:1][C:2](=[O:3])[O:69][H:130].[O:66][P:67](=[O:68])([O:70])[O:77][P:76],"EVODEX-P31991,EVODEX-P32087,EVODEX-P32111,EVODEX-P32999"
EVODEX-N13161,.[H][O:77][P:76]>>[H]O.[H]O[C@@]1([H])[C@@]([H])(O[H])[C@]([H])(N2:C([H]):N:C3:C(N([H])[H]):N:C([H]):N:C:3:2)O[C@]1([H])C([H])([H])OP(=O)(O[H])[O:77][P:76].[H],"EVODEX-P31992,EVODEX-P32997"
EVODEX-N13162,[H]O[C@]1([H])[C@]([H])(OP(=O)(O[H])O[H])[C@@]([H])(C([H])([H])OP(=O)(O[H])OP(=O)(O[H])OC([H])([H])C(C([H])([H])[H])(C([H])([H])[H])[C@@]([H])(O[H])C(=O)N([H])C([H])([H])C([H])([H])C(=O)N([H])C([H])([H])C([H])([H])S[C:2]([C:1])=[O:3])O[C@@]1([H])N1:C([H]):N:C2:C(N([H])[H]):N:C([H]):N:C:2:1.[H][O:77][P:76]>>[H]O[C:2]([C:1])=[O:3].[H]O[C@@]1([H])[C@@]([H])(O[H])[C@]([H])(N2:C([H]):N:C3:C(N([H])[H]):N:C([H]):N:C:3:2)O[C@]1([H])C([H])([H])OP(=O)(O[H])[O:77][P:76],"EVODEX-P31994,EVODEX-P33002"
EVODEX-N13163,[H]C([H])([H])C(=O)[S:4][C:5].[H][O:77][P:76]>>[H]O[C@@]1([H])[C@@]([H])(O[H])[C@]([H])(N2:C([H]):N:C3:C(N([H])[H]):N:C([H]):N:C:3:2)O[C@]1([H])C([H])([H])OP(=O)(O[H])[O:77][P:76].[H][S:4][C:5],EVODEX-P31995
EVODEX-N13164,[H]O[C@]1([H])[C@]([H])(OP(=O)(O[H])O[H])[C@@]([H])(C([H])([H])OP(=O)(O[H])OP(=O)(O[H])OC([H])([H])C(C([H])([H])[H])(C([H])([H])[H])[C@@]([H])(O[H])C(=O)N([H])C([H])([H])C([H])([H])C(=O)N([H])C([H])([H])C([H])([H])S[C:2]([C:1])=[O:3])O[C@@]1([H])N1:C([H]):N:C2:C(N([H])[H]):N:C([H]):N:C:2:1.[H]O[C@@]1([H])[C@@]([H])(O[H])[C@]([H])(N2:C([H]):N:C3:C(N([H])[H]):N:C([H]):N:C:3:2)O[C@]1([H])C([H])([H])OP(=O)(O[H])[O:69][H:130]>>[C:1][C:2](=[O:3])[O:69][H:130],"EVODEX-P31996,EVODEX-P33004"
EVODEX-N13165,[C:1][C:2](=[O:3])[S:4].[P:67][O:69][H:130]>>[C:1][C:2](=[O:3])[O:69][H:130].[H]OP(=O)(O[H])OP(=O)(O[H])O[P:67].[H][S:4],"EVODEX-P31997,EVODEX-P33005"
EVODEX-N13166,[H]O[C@]1([H])[C@]([H])(OP(=O)(O[H])O[H])[C@@]([H])(C([H])([H])OP(=O)(O[H])OP(=O)(O[H])OC([H])([H])C(C([H])([H])[H])(C([H])([H])[H])[C@@]([H])(O[H])C(=O)N([H])C([H])([H])C([H])([H])C(=O)N([H])C([H])([H])C([H])([H])S[C:2]([C:1])=[O:3])O[C@@]1([H])N1:C([H]):N:C2:C(N([H])[H]):N:C([H]):N:C:2:1.[P:67][O:69][H:130]>>[C:1][C:2](=[O:3])[O:69][H:130].[H]OP(=O)(O[H])OP(=O)(O[H])O[P:67],"EVODEX-P31998,EVODEX-P33007"
EVODEX-N13167,[C:1][C:2](=[O:3])[S:4].[H]O[C@@]1([H])[C@@]([H])(O[H])[C@]([H])(N2:C([H]):N:C3:C(N([H])[H]):N:C([H]):N:C:3:2)O[C@]1([H])C([H])([H])OP(=O)(O[H])[O:69][H:130]>>[C:1][C:2](=[O:3])[O:69][H:130].[H][S:4],"EVODEX-P31999,EVODEX-P33006"
EVODEX-N13168,[O:66][P:67](=[O:68])([O:69])[O:70].[H][O:77][P:76]>>[H]C([H])([H])C(=O)[O:69].[O:66][P:67](=[O:68])([O:70])[O:77][P:76],"EVODEX-P32000,EVODEX-P32118"
EVODEX-N13169,[H]C([H])([H])C(=O)[S:4][C:5].[H]O[P:67]([O:66])(=[O:68])[O:70]>>[H]OP(=O)(O[H])OP(=O)(O[H])O[P:67]([O:66])(=[O:68])[O:70].[H][S:4][C:5],EVODEX-P32001
EVODEX-N13170,[H]O[C@@]1([H])[C@@]([H])(O[H])[C@]([H])(N2:C([H]):N:C3:C(N([H])[H]):N:C([H]):N:C:3:2)O[C@]1([H])C([H])([H])OP(=O)(O[H])[O:69][H:130]>>[H]C([H])([H])C(=O)[O:69][H:130],EVODEX-P32002
EVODEX-N13171,>>[H]C([H])([H])C=O.[H]OP(O)(=O)OP(=O)(O[H])O[H],EVODEX-P32003
EVODEX-N13172,[H][S:48][C:47]>>[H]C1:C([H]):C([H]):C(C([H])([H])C(=O)[S:48][C:47]):C([H]):C:1[H],EVODEX-P32008
EVODEX-N13173,[H]C1:C([H]):C([H]):C(C([H])([H])C(=O)[O:82][H:142]):C([H]):C:1[H]>>[H]O[C@@]1([H])[C@@]([H])(O[H])[C@]([H])(N2:C([H]):N:C3:C(N([H])[H]):N:C([H]):N:C:3:2)O[C@]1([H])C([H])([H])OP(=O)(O[H])[O:82][H:142],EVODEX-P32010
EVODEX-N13174,[H][S:48][C:47]>>[H]C1:C([H]):C([H]):C(C([H])([H])C(=O)[S:48][C:47]):C([H]):C:1[H].[H]O.[H],EVODEX-P32012
EVODEX-N13175,[H][S:48][C:47].[H]OP(=O)(O[H])OP(=O)(O[H])O[P:64]([O:63])(=[O:65])[O:66]>>[H]C1:C([H]):C([H]):C(C([H])([H])C(=O)[S:48][C:47]):C([H]):C:1[H].[H]O[P:64]([O:63])(=[O:65])[O:66],EVODEX-P32013
EVODEX-N13176,[H][S:48][C:47].[H]O[C@@]1([H])[C@@]([H])(O[H])[C@]([H])(N2:C([H]):N:C3:C(N([H])[H]):N:C([H]):N:C:3:2)O[C@]1([H])C([H])([H])OP(=O)(O[H])[O:67][P:68]>>[H]C1:C([H]):C([H]):C(C([H])([H])C(=O)[S:48][C:47]):C([H]):C:1[H].[H][O:67][P:68],EVODEX-P32015
EVODEX-N13177,[O:63][P:64](=[O:65])([O:66])[O:67].[H]C1:C([H]):C([H]):C(C([H])([H])C(=O)[O:82][H:142]):C([H]):C:1[H]>>[O:63][P:64](=[O:65])([O:66])[O:82][H:142].[H][O:67],EVODEX-P32018
EVODEX-N13178,[H]OP(=O)(O[H])OP(=O)(O[H])O[P:64]([O:63])(=[O:65])[O:66].[H]C1:C([H]):C([H]):C(C([H])([H])C(=O)[O:82][H:142]):C([H]):C:1[H]>>[O:63][P:64](=[O:65])([O:66])[O:82][H:142],EVODEX-P32020
EVODEX-N13179,[H]C([H])([H])C([H])([H])C([H])([H])C(=O)[O:54][H:129]>>[H]O[C@@]1([H])[C@@]([H])(O[H])[C@]([H])(N2:C([H]):N:C3:C(N([H])[H]):N:C([H]):N:C:3:2)O[C@]1([H])C([H])([H])OP(=O)(O[H])[O:54][H:129],EVODEX-P32024
EVODEX-N13180,[H][S:48][C:47]>>[H]C([H])([H])C([H])([H])C([H])([H])C(=O)[S:48][C:47].[H]O.[H],"EVODEX-P32025,EVODEX-P33026"
EVODEX-N13181,[H][S:48][C:47].[H]OP(=O)(O[H])OP(=O)(O[H])O[P:70]([O:69])(=[O:71])[O:72]>>[H]C([H])([H])C([H])([H])C([H])([H])C(=O)[S:48][C:47].[H]O[P:70]([O:69])(=[O:71])[O:72],EVODEX-P32027
EVODEX-N13182,[H][S:48][C:47].[H]O[C@@]1([H])[C@@]([H])(O[H])[C@]([H])(N2:C([H]):N:C3:C(N([H])[H]):N:C([H]):N:C:3:2)O[C@]1([H])C([H])([H])OP(=O)(O[H])[O:73][P:74]>>[H]C([H])([H])C([H])([H])C([H])([H])C(=O)[S:48][C:47].[H][O:73][P:74],EVODEX-P32028
EVODEX-N13183,[H]C([H])([H])C([H])([H])C([H])([H])C(=O)[O:54][H:129].[O:69][P:70](=[O:71])([O:72])[O:73]>>[O:54]([P:70]([O:69])(=[O:71])[O:72])[H:129].[H][O:73],"EVODEX-P32034,EVODEX-P33034"
EVODEX-N13184,[H]C([H])([H])C([H])([H])C([H])([H])C(=O)[O:54][H:129].[H]OP(=O)(O[H])OP(=O)(O[H])O[P:70]([O:69])(=[O:71])[O:72]>>[O:54]([P:70]([O:69])(=[O:71])[O:72])[H:129],EVODEX-P32036
EVODEX-N13185,[H]C([H])([H])C([H])([H])C([H])([H])C([H])([H])C([H])([H])C([H])([H])C([H])([H])C([H])([H])C([H])([H])C([H])([H])C([H])([H])C([H])([H])C([H])([H])C([H])([H])C([H])([H])C([H])([H])C([H])([H])C(=O)[O:68][H:171]>>[H]O[C@@]1([H])[C@@]([H])(O[H])[C@]([H])(N2:C([H]):N:C3:C(N([H])[H]):N:C([H]):N:C:3:2)O[C@]1([H])C([H])([H])OP(=O)(O[H])[O:68][H:171],EVODEX-P32039
EVODEX-N13186,[H][S:48][C:47]>>[H]C([H])([H])C([H])([H])C([H])([H])C([H])([H])C([H])([H])C([H])([H])C([H])([H])C([H])([H])C([H])([H])C([H])([H])C([H])([H])C([H])([H])C([H])([H])C([H])([H])C([H])([H])C([H])([H])C([H])([H])C(=O)[S:48][C:47].[H]O.[H],EVODEX-P32040
EVODEX-N13187,[H][S:48][C:47]>>[H]C([H])([H])C([H])([H])C([H])([H])C([H])([H])C([H])([H])C([H])([H])C([H])([H])C([H])([H])C([H])([H])C([H])([H])C([H])([H])C([H])([H])C([H])([H])C([H])([H])C([H])([H])C([H])([H])C([H])([H])C(=O)[S:48][C:47],EVODEX-P32041
EVODEX-N13188,[H][S:48][C:47].[H]OP(=O)(O[H])OP(=O)(O[H])O[P:84]([O:83])(=[O:85])[O:86]>>[H]C([H])([H])C([H])([H])C([H])([H])C([H])([H])C([H])([H])C([H])([H])C([H])([H])C([H])([H])C([H])([H])C([H])([H])C([H])([H])C([H])([H])C([H])([H])C([H])([H])C([H])([H])C([H])([H])C([H])([H])C(=O)[S:48][C:47].[H]O[P:84]([O:83])(=[O:85])[O:86],EVODEX-P32043
EVODEX-N13189,[H][S:48][C:47].[H]O[C@@]1([H])[C@@]([H])(O[H])[C@]([H])(N2:C([H]):N:C3:C(N([H])[H]):N:C([H]):N:C:3:2)O[C@]1([H])C([H])([H])OP(=O)(O[H])[O:87][P:88]>>[H]C([H])([H])C([H])([H])C([H])([H])C([H])([H])C([H])([H])C([H])([H])C([H])([H])C([H])([H])C([H])([H])C([H])([H])C([H])([H])C([H])([H])C([H])([H])C([H])([H])C([H])([H])C([H])([H])C([H])([H])C(=O)[S:48][C:47].[H][O:87][P:88],EVODEX-P32044
EVODEX-N13190,[H]C([H])([H])C([H])([H])C([H])([H])C([H])([H])C([H])([H])C([H])([H])C([H])([H])C([H])([H])C([H])([H])C([H])([H])C([H])([H])C([H])([H])C([H])([H])C([H])([H])C([H])([H])C([H])([H])C([H])([H])C(=O)[O:68][H:171].[O:83][P:84](=[O:85])([O:86])[O:87]>>[O:68]([P:84]([O:83])(=[O:85])[O:86])[H:171].[H][O:87],EVODEX-P32051
EVODEX-N13191,[H]C([H])([H])C([H])([H])C([H])([H])C([H])([H])C([H])([H])C([H])([H])C([H])([H])C([H])([H])C([H])([H])C([H])([H])C([H])([H])C([H])([H])C([H])([H])C([H])([H])C([H])([H])C([H])([H])C([H])([H])C(=O)[O:68][H:171].[H]OP(=O)(O[H])OP(=O)(O[H])O[P:84]([O:83])(=[O:85])[O:86]>>[O:68]([P:84]([O:83])(=[O:85])[O:86])[H:171],EVODEX-P32053
EVODEX-N13192,[H]C([H])([H])C([H])([H])C([H])([H])C([H])([H])C([H])([H])C([H])([H])C([H])([H])C([H])([H])C([H])([H])C([H])([H])C([H])([H])C([H])([H])C([H])([H])C([H])([H])C([H])([H])C(=O)[O:66][H:165]>>[H]O[C@@]1([H])[C@@]([H])(O[H])[C@]([H])(N2:C([H]):N:C3:C(N([H])[H]):N:C([H]):N:C:3:2)O[C@]1([H])C([H])([H])OP(=O)(O[H])[O:66][H:165],EVODEX-P32056
EVODEX-N13193,[H][S:48][C:47]>>[H]C([H])([H])C([H])([H])C([H])([H])C([H])([H])C([H])([H])C([H])([H])C([H])([H])C([H])([H])C([H])([H])C([H])([H])C([H])([H])C([H])([H])C([H])([H])C([H])([H])C([H])([H])C(=O)[S:48][C:47].[H]O.[H],"EVODEX-P32057,EVODEX-P32268"
EVODEX-N13194,[H][S:48][C:47].[H]OP(=O)(O[H])OP(=O)(O[H])O[P:82]([O:81])(=[O:83])[O:84]>>[H]C([H])([H])C([H])([H])C([H])([H])C([H])([H])C([H])([H])C([H])([H])C([H])([H])C([H])([H])C([H])([H])C([H])([H])C([H])([H])C([H])([H])C([H])([H])C([H])([H])C([H])([H])C(=O)[S:48][C:47].[H]O[P:82]([O:81])(=[O:83])[O:84],EVODEX-P32059
EVODEX-N13195,[H][S:48][C:47].[H]O[C@@]1([H])[C@@]([H])(O[H])[C@]([H])(N2:C([H]):N:C3:C(N([H])[H]):N:C([H]):N:C:3:2)O[C@]1([H])C([H])([H])OP(=O)(O[H])[O:85][P:86]>>[H]C([H])([H])C([H])([H])C([H])([H])C([H])([H])C([H])([H])C([H])([H])C([H])([H])C([H])([H])C([H])([H])C([H])([H])C([H])([H])C([H])([H])C([H])([H])C([H])([H])C([H])([H])C(=O)[S:48][C:47].[H][O:85][P:86],EVODEX-P32060
EVODEX-N13196,[H]C([H])([H])C([H])([H])C([H])([H])C([H])([H])C([H])([H])C([H])([H])C([H])([H])C([H])([H])C([H])([H])C([H])([H])C([H])([H])C([H])([H])C([H])([H])C([H])([H])C([H])([H])C(=O)[O:66][H:165].[O:81][P:82](=[O:83])([O:84])[O:85]>>[O:66]([P:82]([O:81])(=[O:83])[O:84])[H:165].[H][O:85],"EVODEX-P32067,EVODEX-P32276"
EVODEX-N13197,[H]C([H])([H])C([H])([H])C([H])([H])C([H])([H])C([H])([H])C([H])([H])C([H])([H])C([H])([H])C([H])([H])C([H])([H])C([H])([H])C([H])([H])C([H])([H])C([H])([H])C([H])([H])C(=O)[O:66][H:165].[H]OP(=O)(O[H])OP(=O)(O[H])O[P:82]([O:81])(=[O:83])[O:84]>>[O:66]([P:82]([O:81])(=[O:83])[O:84])[H:165],EVODEX-P32069
EVODEX-N13198,[H][S:48][C:47].[H]OP(=O)(O[H])O[P:68]([O:67])(=[O:69])[O:70].[O:80]=[C:81]([O:82][H:141])[C:83]>>[C:47][S:48][C:81](=[O:80])[C:83].[O:67][P:68](=[O:69])([O:70])[O:82][H:141],"EVODEX-P32071,EVODEX-P32100,EVODEX-P32122,EVODEX-P32139,EVODEX-P32220,EVODEX-P32236,EVODEX-P32250,EVODEX-P32266,EVODEX-P32740,EVODEX-P32751,EVODEX-P33024,EVODEX-P33038"
EVODEX-N13199,[H][S:48][C:47].[H]O[C@@]1([H])[C@@]([H])(O[H])[C@]([H])(N2:C([H]):N:C3:C(N([H])[H]):N:C([H]):N:C:3:2)O[C@]1([H])C([H])([H])OP(=O)(O[H])OP(=O)(O[H])[O:71][P:72].[H]O[C:81](=[O:80])[C:83]>>[C:47][S:48][C:81](=[O:80])[C:83].[H][O:71][P:72],"EVODEX-P32073,EVODEX-P32102,EVODEX-P32125,EVODEX-P32142,EVODEX-P32223,EVODEX-P32239,EVODEX-P32754,EVODEX-P33027,EVODEX-P33039"
EVODEX-N13200,[H]OC(=O)C([H])([H])C([H])([H])C(=O)[O:82][H:140]>>[H]O[C@@]1([H])[C@@]([H])(O[H])[C@]([H])(N2:C([H]):N:C3:C(N([H])[H]):N:C([H]):N:C:3:2)O[C@]1([H])C([H])([H])OP(=O)(O[H])OP(=O)(O[H])[O:82][H:140],EVODEX-P32074
EVODEX-N13201,[H][S:48][C:47].[O:80]=[C:81]([O:82])[C:83]>>[C:47][S:48][C:81](=[O:80])[C:83].[H]O[C@@]1([H])[C@@]([H])(O[H])[C@]([H])(N2:C([H]):N:C3:C(N([H])[H]):N:C([H]):N:C:3:2)O[C@]1([H])C([H])([H])OP(=O)(O[H])OP(=O)(O[H])[O:82],"EVODEX-P32075,EVODEX-P32107,EVODEX-P32127,EVODEX-P32144,EVODEX-P32225,EVODEX-P32240,EVODEX-P32757,EVODEX-P33030,EVODEX-P33041"
EVODEX-N13202,[H][S:48][C:47]>>[H]OC(=O)C([H])([H])C([H])([H])C(=O)[S:48][C:47].[H]O.[H],EVODEX-P32076
EVODEX-N13203,[H][S:48][C:47].[H]OP(=O)(O[H])O[P:68]([O:67])(=[O:69])[O:70]>>[H]OC(=O)C([H])([H])C([H])([H])C(=O)[S:48][C:47].[H]O[P:68]([O:67])(=[O:69])[O:70],EVODEX-P32077
EVODEX-N13204,[H][S:48][C:47].[H]O[C@@]1([H])[C@@]([H])(O[H])[C@]([H])(N2:C([H]):N:C3:C(N([H])[H]):N:C([H]):N:C:3:2)O[C@]1([H])C([H])([H])OP(=O)(O[H])OP(=O)(O[H])[O:71][P:72]>>[H]OC(=O)C([H])([H])C([H])([H])C(=O)[S:48][C:47].[H][O:71][P:72],EVODEX-P32079
EVODEX-N13205,[H]OP(=O)(O[H])O[P:68]([O:67])(=[O:69])[O:70].[C:81][O:82][H:141]>>[H]O[C@]1([H])[C@]([H])(OP(=O)(O[H])O[H])[C@@]([H])(C([H])([H])OP(=O)(O[H])OP(=O)(O[H])OC([H])([H])C(C([H])([H])[H])(C([H])([H])[H])[C@@]([H])(O[H])C(=O)N([H])C([H])([H])C([H])([H])C(=O)N([H])C([H])([H])C([H])([H])S[C:81])O[C@@]1([H])N1:C([H]):N:C2:C(N([H])[H]):N:C([H]):N:C:2:1.[O:67][P:68](=[O:69])([O:70])[O:82][H:141],"EVODEX-P32080,EVODEX-P32104,EVODEX-P32132,EVODEX-P32149,EVODEX-P32230,EVODEX-P32245,EVODEX-P32259,EVODEX-P32274,EVODEX-P32746,EVODEX-P32759,EVODEX-P33032,EVODEX-P33046"
EVODEX-N13206,[H]O[C@@]1([H])[C@@]([H])(O[H])[C@]([H])(N2:C([H]):N:C3:C(N([H])[H]):N:C([H]):N:C:3:2)O[C@]1([H])C([H])([H])OP(=O)(O[H])OP(=O)(O[H])[O:71][P:72].[H]O[C:81](=[O:80])[C:83]>>[H]O[C@]1([H])[C@]([H])(OP(=O)(O[H])O[H])[C@@]([H])(C([H])([H])OP(=O)(O[H])OP(=O)(O[H])OC([H])([H])C(C([H])([H])[H])(C([H])([H])[H])[C@@]([H])(O[H])C(=O)N([H])C([H])([H])C([H])([H])C(=O)N([H])C([H])([H])C([H])([H])S[C:81](=[O:80])[C:83])O[C@@]1([H])N1:C([H]):N:C2:C(N([H])[H]):N:C([H]):N:C:2:1.[H][O:71][P:72],"EVODEX-P32081,EVODEX-P32105,EVODEX-P32133,EVODEX-P32150,EVODEX-P32231,EVODEX-P32246,EVODEX-P32760,EVODEX-P33033,EVODEX-P33047"
EVODEX-N13207,[O:67][P:68](=[O:69])([O:70])[O:71].[H]OC(=O)C([H])([H])C([H])([H])C(=O)[O:82][H:140]>>[O:67][P:68](=[O:69])([O:70])[O:82][H:140].[H][O:71],EVODEX-P32082
EVODEX-N13208,[H]OP(=O)(O[H])O[P:68]([O:67])(=[O:69])[O:70].[H]OC(=O)C([H])([H])C([H])([H])C(=O)[O:82][H:140]>>[O:67][P:68](=[O:69])([O:70])[O:82][H:140],EVODEX-P32083
EVODEX-N13209,>>[H]O[C@]1([H])[C@]([H])(OP(=O)(O[H])O[H])[C@@]([H])(C([H])([H])OP(=O)(O[H])OP(=O)(O[H])OC([H])([H])C(C([H])([H])[H])(C([H])([H])[H])[C@@]([H])(O[H])C(=O)N([H])C([H])([H])C([H])([H])C(=O)N([H])C([H])([H])C([H])([H])S)O[C@@]1([H])N1:C([H]):N:C2:C(N([H])[H]):N:C([H]):N:C:2:1.[H]OP(=O)OP(=O)(O[H])OC([H])([H])[C@@]1([H])O[C@@]([H])(N2:C([H]):N:C3:C(N([H])[H]):N:C([H]):N:C:3:2)[C@]([H])(O[H])[C@]1([H])O[H],"EVODEX-P32084,EVODEX-P32103,EVODEX-P32137,EVODEX-P32153,EVODEX-P32234,EVODEX-P32248,EVODEX-P32762,EVODEX-P33035,EVODEX-P33050"
EVODEX-N13210,.[H][O:85][P:84]>>[H]O.[H].[H]O[C@@]1([H])[C@@]([H])(O[H])[C@]([H])(N2:C([H]):N:C3:C(N([H])[H]):N:C([H]):N:C:3:2)O[C@]1([H])C([H])([H])OP(=O)(O[H])OP(=O)(O[H])[O:85][P:84],"EVODEX-P32086,EVODEX-P32112,EVODEX-P33214,EVODEX-P33514,EVODEX-P33619,EVODEX-P33646,EVODEX-P33777,EVODEX-P33938,EVODEX-P34011,EVODEX-P34799,EVODEX-P34952,EVODEX-P34973"
EVODEX-N13211,[H]OC(=O)C([H])([H])C([H])([H])C(=O)[S:48][C:47].[H]O[P:75]([O:74])(=[O:76])[O:78].[H][O:85][P:84]>>[H][S:48][C:47].[O:74][P:75](=[O:76])([O:78])[O:85][P:84],EVODEX-P32088
EVODEX-N13212,[H]O[C@]1([H])[C@]([H])(OP(=O)(O[H])O[H])[C@@]([H])(C([H])([H])OP(=O)(O[H])OP(=O)(O[H])OC([H])([H])C(C([H])([H])[H])(C([H])([H])[H])[C@@]([H])(O[H])C(=O)N([H])C([H])([H])C([H])([H])C(=O)N([H])C([H])([H])C([H])([H])S[C:49](=[O:50])[C:51])O[C@@]1([H])N1:C([H]):N:C2:C(N([H])[H]):N:C([H]):N:C:2:1.[H][O:85][P:84]>>[H]O[C:49](=[O:50])[C:51].[H]O[C@@]1([H])[C@@]([H])(O[H])[C@]([H])(N2:C([H]):N:C3:C(N([H])[H]):N:C([H]):N:C:3:2)O[C@]1([H])C([H])([H])OP(=O)(O[H])OP(=O)(O[H])[O:85][P:84],"EVODEX-P32089,EVODEX-P32113"
EVODEX-N13213,[H]OC(=O)C([H])([H])C([H])([H])C(=O)[S:48][C:47].[H][O:85][P:84]>>[H][S:48][C:47].[H]O[C@@]1([H])[C@@]([H])(O[H])[C@]([H])(N2:C([H]):N:C3:C(N([H])[H]):N:C([H]):N:C:3:2)O[C@]1([H])C([H])([H])OP(=O)(O[H])OP(=O)(O[H])[O:85][P:84],EVODEX-P32090
EVODEX-N13214,[H]O[C@]1([H])[C@]([H])(OP(=O)(O[H])O[H])[C@@]([H])(C([H])([H])OP(=O)(O[H])OP(=O)(O[H])OC([H])([H])C(C([H])([H])[H])(C([H])([H])[H])[C@@]([H])(O[H])C(=O)N([H])C([H])([H])C([H])([H])C(=O)N([H])C([H])([H])C([H])([H])S[C:49](=[O:50])[C:51])O[C@@]1([H])N1:C([H]):N:C2:C(N([H])[H]):N:C([H]):N:C:2:1.[H]O[C@@]1([H])[C@@]([H])(O[H])[C@]([H])(N2:C([H]):N:C3:C(N([H])[H]):N:C([H]):N:C:3:2)O[C@]1([H])C([H])([H])OP(=O)(O[H])OP(=O)(O[H])[O:77][H:137]>>[C:49](=[O:50])([C:51])[O:77][H:137],"EVODEX-P32091,EVODEX-P32114"
EVODEX-N13215,[S:48][C:49](=[O:50])[C:51].[P:75][O:77][H:137]>>[C:49](=[O:50])([C:51])[O:77][H:137].[H][S:48].[H]OP(=O)(O[H])O[P:75],"EVODEX-P32092,EVODEX-P32115"
EVODEX-N13216,[S:48][C:49](=[O:50])[C:51].[H]O[C@@]1([H])[C@@]([H])(O[H])[C@]([H])(N2:C([H]):N:C3:C(N([H])[H]):N:C([H]):N:C:3:2)O[C@]1([H])C([H])([H])OP(=O)(O[H])OP(=O)(O[H])[O:77][H:137]>>[C:49](=[O:50])([C:51])[O:77][H:137].[H][S:48],"EVODEX-P32093,EVODEX-P32117"
EVODEX-N13217,[H]O[C@]1([H])[C@]([H])(OP(=O)(O[H])O[H])[C@@]([H])(C([H])([H])OP(=O)(O[H])OP(=O)(O[H])OC([H])([H])C(C([H])([H])[H])(C([H])([H])[H])[C@@]([H])(O[H])C(=O)N([H])C([H])([H])C([H])([H])C(=O)N([H])C([H])([H])C([H])([H])S[C:49](=[O:50])[C:51])O[C@@]1([H])N1:C([H]):N:C2:C(N([H])[H]):N:C([H]):N:C:2:1.[P:75][O:77][H:137]>>[C:49](=[O:50])([C:51])[O:77][H:137].[H]OP(=O)(O[H])O[P:75],"EVODEX-P32094,EVODEX-P32116"
EVODEX-N13218,[H]OC(=O)C([H])([H])C([H])([H])C(=O)[S:48][C:47].[H]O[P:75]([O:74])(=[O:76])[O:78]>>[H][S:48][C:47].[H]OP(=O)(O[H])O[P:75]([O:74])(=[O:76])[O:78],EVODEX-P32095
EVODEX-N13219,[H]O[C@@]1([H])[C@@]([H])(O[H])[C@]([H])(N2:C([H]):N:C3:C(N([H])[H]):N:C([H]):N:C:3:2)O[C@]1([H])C([H])([H])OP(=O)(O[H])OP(=O)(O[H])[O:77][H:137]>>[H]OC(=O)C([H])([H])C([H])([H])C(=O)[O:77][H:137],EVODEX-P32096
EVODEX-N13220,[O:74][P:75](=[O:76])([O:77])[O:78].[H][O:85][P:84]>>[H]OC(=O)C([H])([H])C([H])([H])C(=O)[O:77].[O:74][P:75](=[O:76])([O:78])[O:85][P:84],EVODEX-P32097
EVODEX-N13221,>>[H]OC(=O)C([H])([H])C([H])([H])C=O.[H]OP(O)(=O)O[H],EVODEX-P32098
EVODEX-N13222,[H]C([H])([H])C(=O)[O:4][H:87].[H]OP(=O)(O[H])O[P:72]([O:71])(=[O:73])[O:74]>>[O:4]([P:72]([O:71])(=[O:73])[O:74])[H:87],EVODEX-P32108
EVODEX-N13223,[H]C([H])([H])C(=O)[O:4][H:87]>>[H]O[C@@]1([H])[C@@]([H])(O[H])[C@]([H])(N2:C([H]):N:C3:C(N([H])[H]):N:C([H]):N:C:3:2)O[C@]1([H])C([H])([H])OP(=O)(O[H])OP(=O)(O[H])[O:4][H:87],EVODEX-P32109
EVODEX-N13224,[H]O[C@@]1([H])[C@@]([H])(O[H])[C@]([H])(N2:C([H]):N:C3:C(N([H])[H]):N:C([H]):N:C:3:2)O[C@]1([H])C([H])([H])OP(=O)(O[H])OP(=O)(O[H])[O:73][H:131]>>[H]C([H])([H])C(=O)[O:73][H:131],EVODEX-P32119
EVODEX-N13225,>>[H]C([H])([H])C=O.[H]OP(O)(=O)O[H],EVODEX-P32120
EVODEX-N13226,[H][S:48][C:47]>>[H]OC(=O)C([H])([H])C([H])([H])C([H])([H])C(=O)[S:48][C:47],EVODEX-P32124
EVODEX-N13227,[H]OC(=O)C([H])([H])C([H])([H])C([H])([H])C(=O)[O:82][H:141]>>[H]O[C@@]1([H])[C@@]([H])(O[H])[C@]([H])(N2:C([H]):N:C3:C(N([H])[H]):N:C([H]):N:C:3:2)O[C@]1([H])C([H])([H])OP(=O)(O[H])OP(=O)(O[H])[O:82][H:141],EVODEX-P32126
EVODEX-N13228,[H][S:48][C:47]>>[H]OC(=O)C([H])([H])C([H])([H])C([H])([H])C(=O)[S:48][C:47].[H]O.[H],EVODEX-P32128
EVODEX-N13229,[H][S:48][C:47].[H]OP(=O)(O[H])O[P:68]([O:67])(=[O:69])[O:70]>>[H]OC(=O)C([H])([H])C([H])([H])C([H])([H])C(=O)[S:48][C:47].[H]O[P:68]([O:67])(=[O:69])[O:70],EVODEX-P32129
EVODEX-N13230,[H][S:48][C:47].[H]O[C@@]1([H])[C@@]([H])(O[H])[C@]([H])(N2:C([H]):N:C3:C(N([H])[H]):N:C([H]):N:C:3:2)O[C@]1([H])C([H])([H])OP(=O)(O[H])OP(=O)(O[H])[O:71][P:72]>>[H]OC(=O)C([H])([H])C([H])([H])C([H])([H])C(=O)[S:48][C:47].[H][O:71][P:72],EVODEX-P32131
EVODEX-N13231,[O:67][P:68](=[O:69])([O:70])[O:71].[H]OC(=O)C([H])([H])C([H])([H])C([H])([H])C(=O)[O:82][H:141]>>[O:67][P:68](=[O:69])([O:70])[O:82][H:141].[H][O:71],EVODEX-P32134
EVODEX-N13232,[H]OP(=O)(O[H])O[P:68]([O:67])(=[O:69])[O:70].[H]OC(=O)C([H])([H])C([H])([H])C([H])([H])C(=O)[O:82][H:141]>>[O:67][P:68](=[O:69])([O:70])[O:82][H:141],EVODEX-P32136
EVODEX-N13233,[H][S:48][C:47]>>[H]OC(=O)C([H])([H])/C([H])=C(\[H])C(=O)[S:48][C:47],EVODEX-P32141
EVODEX-N13234,[H]OC(=O)C([H])([H])/C([H])=C(\[H])C(=O)[O:82][H:141]>>[H]O[C@@]1([H])[C@@]([H])(O[H])[C@]([H])(N2:C([H]):N:C3:C(N([H])[H]):N:C([H]):N:C:3:2)O[C@]1([H])C([H])([H])OP(=O)(O[H])OP(=O)(O[H])[O:82][H:141],EVODEX-P32143
EVODEX-N13235,[H][S:48][C:47]>>[H]OC(=O)C([H])([H])/C([H])=C(\[H])C(=O)[S:48][C:47].[H]O.[H],EVODEX-P32145
EVODEX-N13236,[H][S:48][C:47].[H]OP(=O)(O[H])O[P:68]([O:67])(=[O:69])[O:70]>>[H]OC(=O)C([H])([H])/C([H])=C(\[H])C(=O)[S:48][C:47].[H]O[P:68]([O:67])(=[O:69])[O:70],EVODEX-P32146
EVODEX-N13237,[H][S:48][C:47].[H]O[C@@]1([H])[C@@]([H])(O[H])[C@]([H])(N2:C([H]):N:C3:C(N([H])[H]):N:C([H]):N:C:3:2)O[C@]1([H])C([H])([H])OP(=O)(O[H])OP(=O)(O[H])[O:71][P:72]>>[H]OC(=O)C([H])([H])/C([H])=C(\[H])C(=O)[S:48][C:47].[H][O:71][P:72],EVODEX-P32148
EVODEX-N13238,[O:67][P:68](=[O:69])([O:70])[O:71].[H]OC(=O)C([H])([H])/C([H])=C(\[H])C(=O)[O:82][H:141]>>[O:67][P:68](=[O:69])([O:70])[O:82][H:141].[H][O:71],EVODEX-P32151
EVODEX-N13239,[H]OP(=O)(O[H])O[P:68]([O:67])(=[O:69])[O:70].[H]OC(=O)C([H])([H])/C([H])=C(\[H])C(=O)[O:82][H:141]>>[O:67][P:68](=[O:69])([O:70])[O:82][H:141],EVODEX-P32152
EVODEX-N13240,[H]O[C@]1([H])C([H])([H])C([H])([H])[C@@]2(C([H])([H])[H])[C@@]([H])(C1([H])[H])C([H])([H])[C@@]([H])(O[H])[C@@]1([H])[C@]3([H])C([H])([H])C([H])([H])[C@]([H])([C@]([H])(C([H])([H])[H])C([H])([H])C([H])([H])C(=O)[O:55][H:153])[C@@]3(C([H])([H])[H])[C@@]([H])(O[H])C([H])([H])[C@]21[H]>>[H]O[C@@]1([H])[C@@]([H])(O[H])[C@]([H])(N2:C([H]):N:C3:C(N([H])[H]):N:C([H]):N:C:3:2)O[C@]1([H])C([H])([H])OP(=O)(O[H])[O:55][H:153],EVODEX-P32156
EVODEX-N13241,[H][S:48][C:47]>>[H]O[C@]1([H])C([H])([H])C([H])([H])[C@@]2(C([H])([H])[H])[C@@]([H])(C1([H])[H])C([H])([H])[C@@]([H])(O[H])[C@@]1([H])[C@]3([H])C([H])([H])C([H])([H])[C@]([H])([C@]([H])(C([H])([H])[H])C([H])([H])C([H])([H])C(=O)[S:48][C:47])[C@@]3(C([H])([H])[H])[C@@]([H])(O[H])C([H])([H])[C@]21[H].[H]O.[H],EVODEX-P32157
EVODEX-N13242,[H][S:48][C:47]>>[H]O[C@]1([H])C([H])([H])C([H])([H])[C@@]2(C([H])([H])[H])[C@@]([H])(C1([H])[H])C([H])([H])[C@@]([H])(O[H])[C@@]1([H])[C@]3([H])C([H])([H])C([H])([H])[C@]([H])([C@]([H])(C([H])([H])[H])C([H])([H])C([H])([H])C(=O)[S:48][C:47])[C@@]3(C([H])([H])[H])[C@@]([H])(O[H])C([H])([H])[C@]21[H],EVODEX-P32158
EVODEX-N13243,[H][S:48][C:47].[H]OP(=O)(O[H])OP(=O)(O[H])O[P:93]([O:92])(=[O:94])[O:95]>>[H]O[C@]1([H])C([H])([H])C([H])([H])[C@@]2(C([H])([H])[H])[C@@]([H])(C1([H])[H])C([H])([H])[C@@]([H])(O[H])[C@@]1([H])[C@]3([H])C([H])([H])C([H])([H])[C@]([H])([C@]([H])(C([H])([H])[H])C([H])([H])C([H])([H])C(=O)[S:48][C:47])[C@@]3(C([H])([H])[H])[C@@]([H])(O[H])C([H])([H])[C@]21[H].[H]O[P:93]([O:92])(=[O:94])[O:95],EVODEX-P32160
EVODEX-N13244,[H][S:48][C:47].[H]O[C@@]1([H])[C@@]([H])(O[H])[C@]([H])(N2:C([H]):N:C3:C(N([H])[H]):N:C([H]):N:C:3:2)O[C@]1([H])C([H])([H])OP(=O)(O[H])[O:96][P:97]>>[H]O[C@]1([H])C([H])([H])C([H])([H])[C@@]2(C([H])([H])[H])[C@@]([H])(C1([H])[H])C([H])([H])[C@@]([H])(O[H])[C@@]1([H])[C@]3([H])C([H])([H])C([H])([H])[C@]([H])([C@]([H])(C([H])([H])[H])C([H])([H])C([H])([H])C(=O)[S:48][C:47])[C@@]3(C([H])([H])[H])[C@@]([H])(O[H])C([H])([H])[C@]21[H].[H][O:96][P:97],EVODEX-P32161
EVODEX-N13245,[H]O[C@]1([H])C([H])([H])C([H])([H])[C@@]2(C([H])([H])[H])[C@@]([H])(C1([H])[H])C([H])([H])[C@@]([H])(O[H])[C@@]1([H])[C@]3([H])C([H])([H])C([H])([H])[C@]([H])([C@]([H])(C([H])([H])[H])C([H])([H])C([H])([H])C(=O)[O:55][H:153])[C@@]3(C([H])([H])[H])[C@@]([H])(O[H])C([H])([H])[C@]21[H].[O:92][P:93](=[O:94])([O:95])[O:96]>>[O:55]([P:93]([O:92])(=[O:94])[O:95])[H:153].[H][O:96],EVODEX-P32168
EVODEX-N13246,[H]O[C@]1([H])C([H])([H])C([H])([H])[C@@]2(C([H])([H])[H])[C@@]([H])(C1([H])[H])C([H])([H])[C@@]([H])(O[H])[C@@]1([H])[C@]3([H])C([H])([H])C([H])([H])[C@]([H])([C@]([H])(C([H])([H])[H])C([H])([H])C([H])([H])C(=O)[O:55][H:153])[C@@]3(C([H])([H])[H])[C@@]([H])(O[H])C([H])([H])[C@]21[H].[H]OP(=O)(O[H])OP(=O)(O[H])O[P:93]([O:92])(=[O:94])[O:95]>>[O:55]([P:93]([O:92])(=[O:94])[O:95])[H:153],EVODEX-P32170
EVODEX-N13247,[H]O[C@]1([H])C([H])([H])C([H])([H])[C@@]2(C([H])([H])[H])[C@@]([H])(C1([H])[H])C([H])([H])[C@@]([H])(O[H])[C@@]1([H])[C@]3([H])C([H])([H])C([H])([H])[C@]([H])([C@]([H])(C([H])([H])[H])C([H])([H])C([H])([H])C([H])([H])[C@]([H])(C(=O)[O:80][H:193])C([H])([H])[H])[C@@]3(C([H])([H])[H])[C@@]([H])(O[H])C([H])([H])[C@]21[H]>>[H]O[C@@]1([H])[C@@]([H])(O[H])[C@]([H])(N2:C([H]):N:C3:C(N([H])[H]):N:C([H]):N:C:3:2)O[C@]1([H])C([H])([H])OP(=O)(O[H])[O:80][H:193],EVODEX-P32173
EVODEX-N13248,[H][S:48][C:47]>>[H]O[C@]1([H])C([H])([H])C([H])([H])[C@@]2(C([H])([H])[H])[C@@]([H])(C1([H])[H])C([H])([H])[C@@]([H])(O[H])[C@@]1([H])[C@]3([H])C([H])([H])C([H])([H])[C@]([H])([C@]([H])(C([H])([H])[H])C([H])([H])C([H])([H])C([H])([H])[C@]([H])(C(=O)[S:48][C:47])C([H])([H])[H])[C@@]3(C([H])([H])[H])[C@@]([H])(O[H])C([H])([H])[C@]21[H].[H]O.[H],EVODEX-P32174
EVODEX-N13249,[H][S:48][C:47]>>[H]O[C@]1([H])C([H])([H])C([H])([H])[C@@]2(C([H])([H])[H])[C@@]([H])(C1([H])[H])C([H])([H])[C@@]([H])(O[H])[C@@]1([H])[C@]3([H])C([H])([H])C([H])([H])[C@]([H])([C@]([H])(C([H])([H])[H])C([H])([H])C([H])([H])C([H])([H])[C@]([H])(C(=O)[S:48][C:47])C([H])([H])[H])[C@@]3(C([H])([H])[H])[C@@]([H])(O[H])C([H])([H])[C@]21[H],EVODEX-P32175
EVODEX-N13250,[H][S:48][C:47].[H]OP(=O)(O[H])OP(=O)(O[H])O[P:96]([O:95])(=[O:97])[O:98]>>[H]O[C@]1([H])C([H])([H])C([H])([H])[C@@]2(C([H])([H])[H])[C@@]([H])(C1([H])[H])C([H])([H])[C@@]([H])(O[H])[C@@]1([H])[C@]3([H])C([H])([H])C([H])([H])[C@]([H])([C@]([H])(C([H])([H])[H])C([H])([H])C([H])([H])C([H])([H])[C@]([H])(C(=O)[S:48][C:47])C([H])([H])[H])[C@@]3(C([H])([H])[H])[C@@]([H])(O[H])C([H])([H])[C@]21[H].[H]O[P:96]([O:95])(=[O:97])[O:98],EVODEX-P32177
EVODEX-N13251,[H][S:48][C:47].[H]O[C@@]1([H])[C@@]([H])(O[H])[C@]([H])(N2:C([H]):N:C3:C(N([H])[H]):N:C([H]):N:C:3:2)O[C@]1([H])C([H])([H])OP(=O)(O[H])[O:99][P:100]>>[H]O[C@]1([H])C([H])([H])C([H])([H])[C@@]2(C([H])([H])[H])[C@@]([H])(C1([H])[H])C([H])([H])[C@@]([H])(O[H])[C@@]1([H])[C@]3([H])C([H])([H])C([H])([H])[C@]([H])([C@]([H])(C([H])([H])[H])C([H])([H])C([H])([H])C([H])([H])[C@]([H])(C(=O)[S:48][C:47])C([H])([H])[H])[C@@]3(C([H])([H])[H])[C@@]([H])(O[H])C([H])([H])[C@]21[H].[H][O:99][P:100],EVODEX-P32178
EVODEX-N13252,[H]O[C@]1([H])C([H])([H])C([H])([H])[C@@]2(C([H])([H])[H])[C@@]([H])(C1([H])[H])C([H])([H])[C@@]([H])(O[H])[C@@]1([H])[C@]3([H])C([H])([H])C([H])([H])[C@]([H])([C@]([H])(C([H])([H])[H])C([H])([H])C([H])([H])C([H])([H])[C@]([H])(C(=O)[O:80][H:193])C([H])([H])[H])[C@@]3(C([H])([H])[H])[C@@]([H])(O[H])C([H])([H])[C@]21[H].[O:95][P:96](=[O:97])([O:98])[O:99]>>[O:80]([P:96]([O:95])(=[O:97])[O:98])[H:193].[H][O:99],EVODEX-P32185
EVODEX-N13253,[H]O[C@]1([H])C([H])([H])C([H])([H])[C@@]2(C([H])([H])[H])[C@@]([H])(C1([H])[H])C([H])([H])[C@@]([H])(O[H])[C@@]1([H])[C@]3([H])C([H])([H])C([H])([H])[C@]([H])([C@]([H])(C([H])([H])[H])C([H])([H])C([H])([H])C([H])([H])[C@]([H])(C(=O)[O:80][H:193])C([H])([H])[H])[C@@]3(C([H])([H])[H])[C@@]([H])(O[H])C([H])([H])[C@]21[H].[H]OP(=O)(O[H])OP(=O)(O[H])O[P:96]([O:95])(=[O:97])[O:98]>>[O:80]([P:96]([O:95])(=[O:97])[O:98])[H:193],EVODEX-P32187
EVODEX-N13254,[H]OC(=O)C(=O)[O:82][H:138]>>[H]O[C@@]1([H])[C@@]([H])(O[H])[C@]([H])(N2:C([H]):N:C3:C(N([H])[H]):N:C([H]):N:C:3:2)O[C@]1([H])C([H])([H])OP(=O)(O[H])[O:82][H:138],EVODEX-P32192
EVODEX-N13255,[H][S:48][C:47]>>[H]OC(=O)C(=O)[S:48][C:47].[H]O.[H],"EVODEX-P32194,EVODEX-P32207"
EVODEX-N13256,[H][S:48][C:47].[H]OP(=O)(O[H])OP(=O)(O[H])O[P:64]([O:63])(=[O:65])[O:66]>>[H]OC(=O)C(=O)[S:48][C:47].[H]O[P:64]([O:63])(=[O:65])[O:66],"EVODEX-P32195,EVODEX-P32210"
EVODEX-N13257,[H][S:48][C:47].[H]O[C@@]1([H])[C@@]([H])(O[H])[C@]([H])(N2:C([H]):N:C3:C(N([H])[H]):N:C([H]):N:C:3:2)O[C@]1([H])C([H])([H])OP(=O)(O[H])[O:67][P:68]>>[H]OC(=O)C(=O)[S:48][C:47].[H][O:67][P:68],EVODEX-P32197
EVODEX-N13258,[O:63][P:64](=[O:65])([O:66])[O:67].[H]OC(=O)C(=O)[O:82][H:138]>>[O:63][P:64](=[O:65])([O:66])[O:82][H:138].[H][O:67],"EVODEX-P32200,EVODEX-P32216"
EVODEX-N13259,[H]OP(=O)(O[H])OP(=O)(O[H])O[P:64]([O:63])(=[O:65])[O:66].[H]OC(=O)C(=O)[O:82][H:138]>>[O:63][P:64](=[O:65])([O:66])[O:82][H:138],"EVODEX-P32201,EVODEX-P32218"
EVODEX-N13260,[H]OC(=O)C(=O)[O:51][H:120]>>[H]O[C@@]1([H])[C@@]([H])(O[H])[C@]([H])(N2:C([H]):C([H]):C(=O):N([H]):C:2=O)O[C@]1([H])C([H])([H])OP(=O)(O[H])[O:51][H:120],EVODEX-P32206
EVODEX-N13261,[H][S:48][C:47].[H]O[C:50](=[O:49])[C:52].[H]O[C@@]1([H])[C@@]([H])(O[H])[C@]([H])(N2:C([H]):C([H]):C(=O):N([H]):C:2=O)O[C@]1([H])C([H])([H])OP(=O)(O[H])[O:68][P:69]>>[C:47][S:48][C:50](=[O:49])[C:52].[H][O:68][P:69],EVODEX-P32208
EVODEX-N13262,[H][S:48][C:47].[H]O[C@@]1([H])[C@@]([H])(O[H])[C@]([H])(N2:C([H]):C([H]):C(=O):N([H]):C:2=O)O[C@]1([H])C([H])([H])OP(=O)(O[H])[O:68][P:69]>>[H]OC(=O)C(=O)[S:48][C:47].[H][O:68][P:69],EVODEX-P32211
EVODEX-N13263,[H][S:48][C:47].[O:49]=[C:50]([O:51])[C:52]>>[C:47][S:48][C:50](=[O:49])[C:52].[H]O[C@@]1([H])[C@@]([H])(O[H])[C@]([H])(N2:C([H]):C([H]):C(=O):N([H]):C:2=O)O[C@]1([H])C([H])([H])OP(=O)(O[H])[O:51],EVODEX-P32212
EVODEX-N13264,[H]O[C:50](=[O:49])[C:52].[H]O[C@@]1([H])[C@@]([H])(O[H])[C@]([H])(N2:C([H]):C([H]):C(=O):N([H]):C:2=O)O[C@]1([H])C([H])([H])OP(=O)(O[H])[O:68][P:69]>>[H]O[C@]1([H])[C@]([H])(OP(=O)(O[H])O[H])[C@@]([H])(C([H])([H])OP(=O)(O[H])OP(=O)(O[H])OC([H])([H])C(C([H])([H])[H])(C([H])([H])[H])[C@@]([H])(O[H])C(=O)N([H])C([H])([H])C([H])([H])C(=O)N([H])C([H])([H])C([H])([H])S[C:50](=[O:49])[C:52])O[C@@]1([H])N1:C([H]):N:C2:C(N([H])[H]):N:C([H]):N:C:2:1.[H][O:68][P:69],EVODEX-P32215
EVODEX-N13265,>>[H]O[C@]1([H])[C@]([H])(OP(=O)(O[H])O[H])[C@@]([H])(C([H])([H])OP(=O)(O[H])OP(=O)(O[H])OC([H])([H])C(C([H])([H])[H])(C([H])([H])[H])[C@@]([H])(O[H])C(=O)N([H])C([H])([H])C([H])([H])C(=O)N([H])C([H])([H])C([H])([H])S)O[C@@]1([H])N1:C([H]):N:C2:C(N([H])[H]):N:C([H]):N:C:2:1.[H]OP(=O)OC([H])([H])[C@@]1([H])O[C@@]([H])(N2:C([H]):C([H]):C(=O):N([H]):C:2=O)[C@]([H])(O[H])[C@]1([H])O[H],EVODEX-P32217
EVODEX-N13266,[H][S:48][C:47]>>[H]OC(=O)C([H])(O[H])C([H])([H])C(=O)[S:48][C:47],EVODEX-P32222
EVODEX-N13267,[H]OC(=O)C([H])(O[H])C([H])([H])C(=O)[O:82][H:141]>>[H]O[C@@]1([H])[C@@]([H])(O[H])[C@]([H])(N2:C([H]):N:C3:C(N([H])[H]):N:C([H]):N:C:3:2)O[C@]1([H])C([H])([H])OP(=O)(O[H])OP(=O)(O[H])[O:82][H:141],EVODEX-P32224
EVODEX-N13268,[H][S:48][C:47]>>[H]OC(=O)C([H])(O[H])C([H])([H])C(=O)[S:48][C:47].[H]O.[H],EVODEX-P32226
EVODEX-N13269,[H][S:48][C:47].[H]OP(=O)(O[H])O[P:68]([O:67])(=[O:69])[O:70]>>[H]OC(=O)C([H])(O[H])C([H])([H])C(=O)[S:48][C:47].[H]O[P:68]([O:67])(=[O:69])[O:70],EVODEX-P32227
EVODEX-N13270,[H][S:48][C:47].[H]O[C@@]1([H])[C@@]([H])(O[H])[C@]([H])(N2:C([H]):N:C3:C(N([H])[H]):N:C([H]):N:C:3:2)O[C@]1([H])C([H])([H])OP(=O)(O[H])OP(=O)(O[H])[O:71][P:72]>>[H]OC(=O)C([H])(O[H])C([H])([H])C(=O)[S:48][C:47].[H][O:71][P:72],EVODEX-P32229
EVODEX-N13271,[O:67][P:68](=[O:69])([O:70])[O:71].[H]OC(=O)C([H])(O[H])C([H])([H])C(=O)[O:82][H:141]>>[O:67][P:68](=[O:69])([O:70])[O:82][H:141].[H][O:71],EVODEX-P32232
EVODEX-N13272,[H]OP(=O)(O[H])O[P:68]([O:67])(=[O:69])[O:70].[H]OC(=O)C([H])(O[H])C([H])([H])C(=O)[O:82][H:141]>>[O:67][P:68](=[O:69])([O:70])[O:82][H:141],EVODEX-P32233
EVODEX-N13273,[H][S:48][C:47]>>[H]OC(=O)C([H])([H])C([H])(O[H])C(=O)[S:48][C:47],EVODEX-P32238
EVODEX-N13274,[H][S:48][C:47]>>[H]OC(=O)C([H])([H])C([H])(O[H])C(=O)[S:48][C:47].[H]O.[H],EVODEX-P32241
EVODEX-N13275,[H][S:48][C:47].[H]OP(=O)(O[H])O[P:68]([O:67])(=[O:69])[O:70]>>[H]OC(=O)C([H])([H])C([H])(O[H])C(=O)[S:48][C:47].[H]O[P:68]([O:67])(=[O:69])[O:70],EVODEX-P32242
EVODEX-N13276,[H][S:48][C:47].[H]O[C@@]1([H])[C@@]([H])(O[H])[C@]([H])(N2:C([H]):N:C3:C(N([H])[H]):N:C([H]):N:C:3:2)O[C@]1([H])C([H])([H])OP(=O)(O[H])OP(=O)(O[H])[O:71][P:72]>>[H]OC(=O)C([H])([H])C([H])(O[H])C(=O)[S:48][C:47].[H][O:71][P:72],EVODEX-P32244
EVODEX-N13277,[H]/C(=C(\[H])C([H])([H])C([H])([H])C([H])([H])C([H])([H])C([H])([H])C([H])([H])C([H])([H])C([H])([H])[H])C([H])([H])C([H])([H])C([H])([H])C([H])([H])C([H])([H])C([H])([H])C([H])([H])C(=O)[O:68][H:170]>>[H]O[C@@]1([H])[C@@]([H])(O[H])[C@]([H])(N2:C([H]):N:C3:C(=O):N([H]):C(N([H])[H]):N:C:3:2)O[C@]1([H])C([H])([H])OP(=O)(O[H])OP(=O)(O[H])[O:68][H:170],EVODEX-P32251
EVODEX-N13278,[H][S:48][C:47]>>[H]/C(=C(\[H])C([H])([H])C([H])([H])C([H])([H])C([H])([H])C([H])([H])C([H])([H])C([H])([H])C([H])([H])[H])C([H])([H])C([H])([H])C([H])([H])C([H])([H])C([H])([H])C([H])([H])C([H])([H])C(=O)[S:48][C:47].[H]O.[H],EVODEX-P32252
EVODEX-N13279,[H][S:48][C:47].[H]O[C:66]([C:65])=[O:67].[H]O[C@@]1([H])[C@@]([H])(O[H])[C@]([H])(N2:C([H]):N:C3:C(=O):N([H]):C(N([H])[H]):N:C:3:2)O[C@]1([H])C([H])([H])OP(=O)(O[H])OP(=O)(O[H])[O:89][P:90]>>[C:47][S:48][C:66]([C:65])=[O:67].[H][O:89][P:90],"EVODEX-P32253,EVODEX-P32269"
EVODEX-N13280,[H][S:48][C:47].[H]OP(=O)(O[H])O[P:86]([O:85])(=[O:87])[O:88]>>[H]/C(=C(\[H])C([H])([H])C([H])([H])C([H])([H])C([H])([H])C([H])([H])C([H])([H])C([H])([H])C([H])([H])[H])C([H])([H])C([H])([H])C([H])([H])C([H])([H])C([H])([H])C([H])([H])C([H])([H])C(=O)[S:48][C:47].[H]O[P:86]([O:85])(=[O:87])[O:88],EVODEX-P32254
EVODEX-N13281,[H][S:48][C:47].[H]O[C@@]1([H])[C@@]([H])(O[H])[C@]([H])(N2:C([H]):N:C3:C(=O):N([H]):C(N([H])[H]):N:C:3:2)O[C@]1([H])C([H])([H])OP(=O)(O[H])OP(=O)(O[H])[O:89][P:90]>>[H]/C(=C(\[H])C([H])([H])C([H])([H])C([H])([H])C([H])([H])C([H])([H])C([H])([H])C([H])([H])C([H])([H])[H])C([H])([H])C([H])([H])C([H])([H])C([H])([H])C([H])([H])C([H])([H])C([H])([H])C(=O)[S:48][C:47].[H][O:89][P:90],EVODEX-P32255
EVODEX-N13282,[H][S:48][C:47].[C:65][C:66](=[O:67])[O:68]>>[C:47][S:48][C:66]([C:65])=[O:67].[H]O[C@@]1([H])[C@@]([H])(O[H])[C@]([H])(N2:C([H]):N:C3:C(=O):N([H]):C(N([H])[H]):N:C:3:2)O[C@]1([H])C([H])([H])OP(=O)(O[H])OP(=O)(O[H])[O:68],"EVODEX-P32257,EVODEX-P32272"
EVODEX-N13283,[H]O[C:66]([C:65])=[O:67].[H]O[C@@]1([H])[C@@]([H])(O[H])[C@]([H])(N2:C([H]):N:C3:C(=O):N([H]):C(N([H])[H]):N:C:3:2)O[C@]1([H])C([H])([H])OP(=O)(O[H])OP(=O)(O[H])[O:89][P:90]>>[H]O[C@]1([H])[C@]([H])(OP(=O)(O[H])O[H])[C@@]([H])(C([H])([H])OP(=O)(O[H])OP(=O)(O[H])OC([H])([H])C(C([H])([H])[H])(C([H])([H])[H])[C@@]([H])(O[H])C(=O)N([H])C([H])([H])C([H])([H])C(=O)N([H])C([H])([H])C([H])([H])S[C:66]([C:65])=[O:67])O[C@@]1([H])N1:C([H]):N:C2:C(N([H])[H]):N:C([H]):N:C:2:1.[H][O:89][P:90],"EVODEX-P32261,EVODEX-P32275"
EVODEX-N13284,[H]/C(=C(\[H])C([H])([H])C([H])([H])C([H])([H])C([H])([H])C([H])([H])C([H])([H])C([H])([H])C([H])([H])[H])C([H])([H])C([H])([H])C([H])([H])C([H])([H])C([H])([H])C([H])([H])C([H])([H])C(=O)[O:68][H:170].[O:85][P:86](=[O:87])([O:88])[O:89]>>[O:68]([P:86]([O:85])(=[O:87])[O:88])[H:170].[H][O:89],EVODEX-P32262
EVODEX-N13285,>>[H]O[C@]1([H])[C@]([H])(OP(=O)(O[H])O[H])[C@@]([H])(C([H])([H])OP(=O)(O[H])OP(=O)(O[H])OC([H])([H])C(C([H])([H])[H])(C([H])([H])[H])[C@@]([H])(O[H])C(=O)N([H])C([H])([H])C([H])([H])C(=O)N([H])C([H])([H])C([H])([H])S)O[C@@]1([H])N1:C([H]):N:C2:C(N([H])[H]):N:C([H]):N:C:2:1.[H]OP(=O)OP(=O)(O[H])OC([H])([H])[C@@]1([H])O[C@@]([H])(N2:C([H]):N:C3:C(=O):N([H]):C(N([H])[H]):N:C:3:2)[C@]([H])(O[H])[C@]1([H])O[H],"EVODEX-P32263,EVODEX-P32277"
EVODEX-N13286,[H]/C(=C(\[H])C([H])([H])C([H])([H])C([H])([H])C([H])([H])C([H])([H])C([H])([H])C([H])([H])C([H])([H])[H])C([H])([H])C([H])([H])C([H])([H])C([H])([H])C([H])([H])C([H])([H])C([H])([H])C(=O)[O:68][H:170].[H]OP(=O)(O[H])O[P:86]([O:85])(=[O:87])[O:88]>>[O:68]([P:86]([O:85])(=[O:87])[O:88])[H:170],EVODEX-P32264
EVODEX-N13287,[H]C([H])([H])C([H])([H])C([H])([H])C([H])([H])C([H])([H])C([H])([H])C([H])([H])C([H])([H])C([H])([H])C([H])([H])C([H])([H])C([H])([H])C([H])([H])C([H])([H])C([H])([H])C(=O)[O:66][H:166]>>[H]O[C@@]1([H])[C@@]([H])(O[H])[C@]([H])(N2:C([H]):N:C3:C(=O):N([H]):C(N([H])[H]):N:C:3:2)O[C@]1([H])C([H])([H])OP(=O)(O[H])OP(=O)(O[H])[O:66][H:166],EVODEX-P32267
EVODEX-N13288,[H][S:48][C:47].[H]OP(=O)(O[H])O[P:84]([O:83])(=[O:85])[O:86]>>[H]C([H])([H])C([H])([H])C([H])([H])C([H])([H])C([H])([H])C([H])([H])C([H])([H])C([H])([H])C([H])([H])C([H])([H])C([H])([H])C([H])([H])C([H])([H])C([H])([H])C([H])([H])C(=O)[S:48][C:47].[H]O[P:84]([O:83])(=[O:85])[O:86],EVODEX-P32270
EVODEX-N13289,[H][S:48][C:47].[H]O[C@@]1([H])[C@@]([H])(O[H])[C@]([H])(N2:C([H]):N:C3:C(=O):N([H]):C(N([H])[H]):N:C:3:2)O[C@]1([H])C([H])([H])OP(=O)(O[H])OP(=O)(O[H])[O:87][P:88]>>[H]C([H])([H])C([H])([H])C([H])([H])C([H])([H])C([H])([H])C([H])([H])C([H])([H])C([H])([H])C([H])([H])C([H])([H])C([H])([H])C([H])([H])C([H])([H])C([H])([H])C([H])([H])C(=O)[S:48][C:47].[H][O:87][P:88],EVODEX-P32271
EVODEX-N13290,[H]C([H])([H])C([H])([H])C([H])([H])C([H])([H])C([H])([H])C([H])([H])C([H])([H])C([H])([H])C([H])([H])C([H])([H])C([H])([H])C([H])([H])C([H])([H])C([H])([H])C([H])([H])C(=O)[O:66][H:166].[H]OP(=O)(O[H])O[P:84]([O:83])(=[O:85])[O:86]>>[O:66]([P:84]([O:83])(=[O:85])[O:86])[H:166],EVODEX-P32278
EVODEX-N13291,[H][S:48][C:47]>>[H]N1C(=O)N([H])[C@@]2([H])C([H])([H])S[C@@]([H])(C([H])([H])C([H])([H])C([H])([H])C([H])([H])C(=O)[S:48][C:47])[C@@]12[H],EVODEX-P32282
EVODEX-N13292,[H]N1C(=O)N([H])[C@@]2([H])C([H])([H])S[C@@]([H])(C([H])([H])C([H])([H])C([H])([H])C([H])([H])C(=O)[O:82][H:148])[C@@]12[H]>>[H]O[C@@]1([H])[C@@]([H])(O[H])[C@]([H])(N2:C([H]):N:C3:C(N([H])[H]):N:C([H]):N:C:3:2)O[C@]1([H])C([H])([H])OP(=O)(O[H])[O:82][H:148],EVODEX-P32284
EVODEX-N13293,[H][S:48][C:47]>>[H]N1C(=O)N([H])[C@@]2([H])C([H])([H])S[C@@]([H])(C([H])([H])C([H])([H])C([H])([H])C([H])([H])C(=O)[S:48][C:47])[C@@]12[H].[H]O.[H],EVODEX-P32286
EVODEX-N13294,[H][S:48][C:47].[H]OP(=O)(O[H])OP(=O)(O[H])O[P:64]([O:63])(=[O:65])[O:66]>>[H]N1C(=O)N([H])[C@@]2([H])C([H])([H])S[C@@]([H])(C([H])([H])C([H])([H])C([H])([H])C([H])([H])C(=O)[S:48][C:47])[C@@]12[H].[H]O[P:64]([O:63])(=[O:65])[O:66],EVODEX-P32287
EVODEX-N13295,[H][S:48][C:47].[H]O[C@@]1([H])[C@@]([H])(O[H])[C@]([H])(N2:C([H]):N:C3:C(N([H])[H]):N:C([H]):N:C:3:2)O[C@]1([H])C([H])([H])OP(=O)(O[H])[O:67][P:68]>>[H]N1C(=O)N([H])[C@@]2([H])C([H])([H])S[C@@]([H])(C([H])([H])C([H])([H])C([H])([H])C([H])([H])C(=O)[S:48][C:47])[C@@]12[H].[H][O:67][P:68],EVODEX-P32289
EVODEX-N13296,[O:63][P:64](=[O:65])([O:66])[O:67].[H]N1C(=O)N([H])[C@@]2([H])C([H])([H])S[C@@]([H])(C([H])([H])C([H])([H])C([H])([H])C([H])([H])C(=O)[O:82][H:148])[C@@]12[H]>>[O:63][P:64](=[O:65])([O:66])[O:82][H:148].[H][O:67],EVODEX-P32292
EVODEX-N13297,[H]OP(=O)(O[H])OP(=O)(O[H])O[P:64]([O:63])(=[O:65])[O:66].[H]N1C(=O)N([H])[C@@]2([H])C([H])([H])S[C@@]([H])(C([H])([H])C([H])([H])C([H])([H])C([H])([H])C(=O)[O:82][H:148])[C@@]12[H]>>[O:63][P:64](=[O:65])([O:66])[O:82][H:148],EVODEX-P32294
EVODEX-N13298,[H]C([H])([H])C([H])([H])C([H])([H])C([H])([H])C([H])([H])C([H])([H])C([H])([H])C([H])([H])C([H])([H])C(=O)[O:60][H:147]>>[H]O[C@@]1([H])[C@@]([H])(O[H])[C@]([H])(N2:C([H]):N:C3:C(N([H])[H]):N:C([H]):N:C:3:2)O[C@]1([H])C([H])([H])OP(=O)(O[H])[O:60][H:147],EVODEX-P32298
EVODEX-N13299,[H][S:48][C:47]>>[H]C([H])([H])C([H])([H])C([H])([H])C([H])([H])C([H])([H])C([H])([H])C([H])([H])C([H])([H])C([H])([H])C(=O)[S:48][C:47].[H]O.[H],EVODEX-P32299
EVODEX-N13300,[H][S:48][C:47]>>[H]C([H])([H])C([H])([H])C([H])([H])C([H])([H])C([H])([H])C([H])([H])C([H])([H])C([H])([H])C([H])([H])C(=O)[S:48][C:47],EVODEX-P32300
EVODEX-N13301,[H][S:48][C:47].[H]OP(=O)(O[H])OP(=O)(O[H])O[P:76]([O:75])(=[O:77])[O:78]>>[H]C([H])([H])C([H])([H])C([H])([H])C([H])([H])C([H])([H])C([H])([H])C([H])([H])C([H])([H])C([H])([H])C(=O)[S:48][C:47].[H]O[P:76]([O:75])(=[O:77])[O:78],EVODEX-P32302
EVODEX-N13302,[H][S:48][C:47].[H]O[C@@]1([H])[C@@]([H])(O[H])[C@]([H])(N2:C([H]):N:C3:C(N([H])[H]):N:C([H]):N:C:3:2)O[C@]1([H])C([H])([H])OP(=O)(O[H])[O:79][P:80]>>[H]C([H])([H])C([H])([H])C([H])([H])C([H])([H])C([H])([H])C([H])([H])C([H])([H])C([H])([H])C([H])([H])C(=O)[S:48][C:47].[H][O:79][P:80],EVODEX-P32303
EVODEX-N13303,[H]C([H])([H])C([H])([H])C([H])([H])C([H])([H])C([H])([H])C([H])([H])C([H])([H])C([H])([H])C([H])([H])C(=O)[O:60][H:147].[O:75][P:76](=[O:77])([O:78])[O:79]>>[O:60]([P:76]([O:75])(=[O:77])[O:78])[H:147].[H][O:79],EVODEX-P32310
EVODEX-N13304,[H]C([H])([H])C([H])([H])C([H])([H])C([H])([H])C([H])([H])C([H])([H])C([H])([H])C([H])([H])C([H])([H])C(=O)[O:60][H:147].[H]OP(=O)(O[H])OP(=O)(O[H])O[P:76]([O:75])(=[O:77])[O:78]>>[O:60]([P:76]([O:75])(=[O:77])[O:78])[H:147],EVODEX-P32312
EVODEX-N13305,[H]OC1:C([H]):C([H]):C(/C([H])=C(\[H])C(=O)[O:82][H:144]):C([H]):C:1[H]>>[H]O[C@@]1([H])[C@@]([H])(O[H])[C@]([H])(N2:C([H]):N:C3:C(N([H])[H]):N:C([H]):N:C:3:2)O[C@]1([H])C([H])([H])OP(=O)(O[H])[O:82][H:144],EVODEX-P32317
EVODEX-N13306,[H][S:48][C:47]>>[H]OC1:C([H]):C([H]):C(/C([H])=C(\[H])C(=O)[S:48][C:47]):C([H]):C:1[H].[H]O.[H],EVODEX-P32319
EVODEX-N13307,[H][S:48][C:47].[H]OP(=O)(O[H])OP(=O)(O[H])O[P:64]([O:63])(=[O:65])[O:66]>>[H]OC1:C([H]):C([H]):C(/C([H])=C(\[H])C(=O)[S:48][C:47]):C([H]):C:1[H].[H]O[P:64]([O:63])(=[O:65])[O:66],EVODEX-P32320
EVODEX-N13308,[H][S:48][C:47].[H]O[C@@]1([H])[C@@]([H])(O[H])[C@]([H])(N2:C([H]):N:C3:C(N([H])[H]):N:C([H]):N:C:3:2)O[C@]1([H])C([H])([H])OP(=O)(O[H])[O:67][P:68]>>[H]OC1:C([H]):C([H]):C(/C([H])=C(\[H])C(=O)[S:48][C:47]):C([H]):C:1[H].[H][O:67][P:68],EVODEX-P32322
EVODEX-N13309,[O:63][P:64](=[O:65])([O:66])[O:67].[H]OC1:C([H]):C([H]):C(/C([H])=C(\[H])C(=O)[O:82][H:144]):C([H]):C:1[H]>>[O:63][P:64](=[O:65])([O:66])[O:82][H:144].[H][O:67],EVODEX-P32325
EVODEX-N13310,[H]OP(=O)(O[H])OP(=O)(O[H])O[P:64]([O:63])(=[O:65])[O:66].[H]OC1:C([H]):C([H]):C(/C([H])=C(\[H])C(=O)[O:82][H:144]):C([H]):C:1[H]>>[O:63][P:64](=[O:65])([O:66])[O:82][H:144],EVODEX-P32326
EVODEX-N13311,[H]OC1:C([H]):C([H]):C(/C([H])=C(\[H])C(=O)[O:58][H:136]):C([H]):C:1OC([H])([H])[H]>>[H]O[C@@]1([H])[C@@]([H])(O[H])[C@]([H])(N2:C([H]):N:C3:C(N([H])[H]):N:C([H]):N:C:3:2)O[C@]1([H])C([H])([H])OP(=O)(O[H])[O:58][H:136],EVODEX-P32330
EVODEX-N13312,[H][S:48][C:47]>>[H]OC1:C([H]):C([H]):C(/C([H])=C(\[H])C(=O)[S:48][C:47]):C([H]):C:1OC([H])([H])[H].[H]O.[H],"EVODEX-P32331,EVODEX-P32753"
EVODEX-N13313,[H][S:48][C:47].[H]OP(=O)(O[H])OP(=O)(O[H])O[P:78]([O:77])(=[O:79])[O:80]>>[H]OC1:C([H]):C([H]):C(/C([H])=C(\[H])C(=O)[S:48][C:47]):C([H]):C:1OC([H])([H])[H].[H]O[P:78]([O:77])(=[O:79])[O:80],EVODEX-P32333
EVODEX-N13314,[H][S:48][C:47].[H]O[C@@]1([H])[C@@]([H])(O[H])[C@]([H])(N2:C([H]):N:C3:C(N([H])[H]):N:C([H]):N:C:3:2)O[C@]1([H])C([H])([H])OP(=O)(O[H])[O:81][P:82]>>[H]OC1:C([H]):C([H]):C(/C([H])=C(\[H])C(=O)[S:48][C:47]):C([H]):C:1OC([H])([H])[H].[H][O:81][P:82],EVODEX-P32334
EVODEX-N13315,[H]OC1:C([H]):C([H]):C(/C([H])=C(\[H])C(=O)[O:58][H:136]):C([H]):C:1OC([H])([H])[H].[O:77][P:78](=[O:79])([O:80])[O:81]>>[O:58]([P:78]([O:77])(=[O:79])[O:80])[H:136].[H][O:81],"EVODEX-P32341,EVODEX-P32761"
EVODEX-N13316,[H]OC1:C([H]):C([H]):C(/C([H])=C(\[H])C(=O)[O:58][H:136]):C([H]):C:1OC([H])([H])[H].[H]OP(=O)(O[H])OP(=O)(O[H])O[P:78]([O:77])(=[O:79])[O:80]>>[O:58]([P:78]([O:77])(=[O:79])[O:80])[H:136],EVODEX-P32343
EVODEX-N13317,[H]O[C@]1([H])[C@]([H])(OP(=O)(O[H])O[H])[C@@]([H])(C([H])([H])OP(=O)(O[H])OP(=O)(O[H])OC([H])([H])C(C([H])([H])[H])(C([H])([H])[H])[C@@]([H])(O[H])C(=O)N([H])C([H])([H])C([H])([H])C(=O)N([H])C([H])([H])C([H])([H])S[C:2]([C:1])=[O:3])O[C@@]1([H])N1:C([H]):N:C2:C(N([H])[H]):N:C([H]):N:C:2:1.[H]OP(=O)(O[H])[O:81][H:137]>>[C:1][C:2](=[O:3])[O:81][H:137],EVODEX-P32344
EVODEX-N13318,[C:1][C:2](=[O:3])[S:4].[H]OP(=O)(O[H])[O:81][H:137]>>[C:1][C:2](=[O:3])[O:81][H:137].[H][S:4],EVODEX-P32345
EVODEX-N13319,[H]OP(=O)(O[H])[O:81][H:137]>>[H]C([H])([H])C(=O)[O:81][H:137],EVODEX-P32346
EVODEX-N13320,>>[H]C([H])([H])C=O.[H]O[C@@]1([H])[C@@]([H])(O[H])[C@]([H])(N2:C([H]):N:C3:C(N([H])[H]):N:C([H]):N:C:3:2)O[C@]1([H])C([H])([H])OP(=O)(O[H])OP(O)(=O)O[H],EVODEX-P32347
EVODEX-N13321,[H]C([H])([H])C(=O)[O:4][H:87].[H]O[C@@]1([H])[C@@]([H])(O[H])[C@]([H])(N2:C([H]):N:C3:C(N([H])[H]):N:C([H]):N:C:3:2)O[C@]1([H])C([H])([H])OP(=O)(O[H])OP(=O)(O[H])O[P:76](=[O:77])([O:78])[O:79]>>[O:4]([P:76](=[O:77])([O:78])[O:79])[H:87],EVODEX-P32348
EVODEX-N13322,[H]C([H])([H])C(=O)[O:4][H:87]>>[H]OP(=O)(O[H])[O:4][H:87],EVODEX-P32349
EVODEX-N13323,>>[H]O[C@]1([H])[C@]([H])(OP(=O)(O[H])O[H])[C@@]([H])(C([H])([H])OP(=O)(O[H])OP(=O)(O[H])OC([H])([H])C(C([H])([H])[H])(C([H])([H])[H])[C@@]([H])(O[H])C(=O)N([H])C([H])([H])C([H])([H])C(=O)N([H])C([H])([H])C([H])([H])S)O[C@@]1([H])N1:C([H]):N:C2:C(N([H])[H]):N:C([H]):N:C:2:1.[H]OP(=O)O[H],"EVODEX-P32350,EVODEX-P32489"
EVODEX-N13324,[C:1][C:2](=[O:3])[O:4].[H][S:52][C:51]>>[C:1][C:2](=[O:3])[S:52][C:51].[H]OP(=O)(O[H])[O:4],"EVODEX-P32351,EVODEX-P32487"
EVODEX-N13325,[H][S:48][C:47]>>[H]OC(=O)C([H])([H])C([H])([H])C([H])([H])C([H])([H])C([H])([H])C(=O)[S:48][C:47],EVODEX-P32355
EVODEX-N13326,[H]OC(=O)C([H])([H])C([H])([H])C([H])([H])C([H])([H])C([H])([H])C(=O)[O:82][H:143]>>[H]O[C@@]1([H])[C@@]([H])(O[H])[C@]([H])(N2:C([H]):N:C3:C(N([H])[H]):N:C([H]):N:C:3:2)O[C@]1([H])C([H])([H])OP(=O)(O[H])[O:82][H:143],EVODEX-P32357
EVODEX-N13327,[H][S:48][C:47]>>[H]OC(=O)C([H])([H])C([H])([H])C([H])([H])C([H])([H])C([H])([H])C(=O)[S:48][C:47].[H]O.[H],EVODEX-P32359
EVODEX-N13328,[H][S:48][C:47].[H]OP(=O)(O[H])OP(=O)(O[H])O[P:64]([O:63])(=[O:65])[O:66]>>[H]OC(=O)C([H])([H])C([H])([H])C([H])([H])C([H])([H])C([H])([H])C(=O)[S:48][C:47].[H]O[P:64]([O:63])(=[O:65])[O:66],EVODEX-P32360
EVODEX-N13329,[H][S:48][C:47].[H]O[C@@]1([H])[C@@]([H])(O[H])[C@]([H])(N2:C([H]):N:C3:C(N([H])[H]):N:C([H]):N:C:3:2)O[C@]1([H])C([H])([H])OP(=O)(O[H])[O:67][P:68]>>[H]OC(=O)C([H])([H])C([H])([H])C([H])([H])C([H])([H])C([H])([H])C(=O)[S:48][C:47].[H][O:67][P:68],EVODEX-P32362
EVODEX-N13330,[O:63][P:64](=[O:65])([O:66])[O:67].[H]OC(=O)C([H])([H])C([H])([H])C([H])([H])C([H])([H])C([H])([H])C(=O)[O:82][H:143]>>[O:63][P:64](=[O:65])([O:66])[O:82][H:143].[H][O:67],EVODEX-P32365
EVODEX-N13331,[H]OP(=O)(O[H])OP(=O)(O[H])O[P:64]([O:63])(=[O:65])[O:66].[H]OC(=O)C([H])([H])C([H])([H])C([H])([H])C([H])([H])C([H])([H])C(=O)[O:82][H:143]>>[O:63][P:64](=[O:65])([O:66])[O:82][H:143],EVODEX-P32367
EVODEX-N13332,[H][S:48][C:47]>>[H]OC(=O)C([H])([H])C([H])([H])C([H])([H])C([H])([H])C(=O)[S:48][C:47],EVODEX-P32372
EVODEX-N13333,[H][S:48][C:47]>>[H]OC(=O)C([H])([H])C([H])([H])C([H])([H])C([H])([H])C(=O)[S:48][C:47].[H]O.[H],EVODEX-P32375
EVODEX-N13334,[H][S:48][C:47].[H]OP(=O)(O[H])OP(=O)(O[H])O[P:64]([O:63])(=[O:65])[O:66]>>[H]OC(=O)C([H])([H])C([H])([H])C([H])([H])C([H])([H])C(=O)[S:48][C:47].[H]O[P:64]([O:63])(=[O:65])[O:66],EVODEX-P32376
EVODEX-N13335,[H][S:48][C:47].[H]O[C@@]1([H])[C@@]([H])(O[H])[C@]([H])(N2:C([H]):N:C3:C(N([H])[H]):N:C([H]):N:C:3:2)O[C@]1([H])C([H])([H])OP(=O)(O[H])[O:67][P:68]>>[H]OC(=O)C([H])([H])C([H])([H])C([H])([H])C([H])([H])C(=O)[S:48][C:47].[H][O:67][P:68],EVODEX-P32378
EVODEX-N13336,[H]/C(=C(\[H])C([H])([H])/C([H])=C(/[H])C([H])([H])C([H])([H])C([H])([H])C(=O)[O:70][H:169])C([H])([H])/C([H])=C(/[H])C([H])([H])/C([H])=C(/[H])C([H])([H])C([H])([H])C([H])([H])C([H])([H])C([H])([H])[H]>>[H]O[C@@]1([H])[C@@]([H])(O[H])[C@]([H])(N2:C([H]):N:C3:C(N([H])[H]):N:C([H]):N:C:3:2)O[C@]1([H])C([H])([H])OP(=O)(O[H])[O:70][H:169],EVODEX-P32385
EVODEX-N13337,[H][S:48][C:47]>>[H]/C(=C(\[H])C([H])([H])/C([H])=C(/[H])C([H])([H])C([H])([H])C([H])([H])C(=O)[S:48][C:47])C([H])([H])/C([H])=C(/[H])C([H])([H])/C([H])=C(/[H])C([H])([H])C([H])([H])C([H])([H])C([H])([H])C([H])([H])[H].[H]O.[H],EVODEX-P32386
EVODEX-N13338,[H][S:48][C:47]>>[H]/C(=C(\[H])C([H])([H])/C([H])=C(/[H])C([H])([H])C([H])([H])C([H])([H])C(=O)[S:48][C:47])C([H])([H])/C([H])=C(/[H])C([H])([H])/C([H])=C(/[H])C([H])([H])C([H])([H])C([H])([H])C([H])([H])C([H])([H])[H],EVODEX-P32387
EVODEX-N13339,[H][S:48][C:47].[H]OP(=O)(O[H])OP(=O)(O[H])O[P:86]([O:85])(=[O:87])[O:88]>>[H]/C(=C(\[H])C([H])([H])/C([H])=C(/[H])C([H])([H])C([H])([H])C([H])([H])C(=O)[S:48][C:47])C([H])([H])/C([H])=C(/[H])C([H])([H])/C([H])=C(/[H])C([H])([H])C([H])([H])C([H])([H])C([H])([H])C([H])([H])[H].[H]O[P:86]([O:85])(=[O:87])[O:88],EVODEX-P32389
EVODEX-N13340,[H][S:48][C:47].[H]O[C@@]1([H])[C@@]([H])(O[H])[C@]([H])(N2:C([H]):N:C3:C(N([H])[H]):N:C([H]):N:C:3:2)O[C@]1([H])C([H])([H])OP(=O)(O[H])[O:89][P:90]>>[H]/C(=C(\[H])C([H])([H])/C([H])=C(/[H])C([H])([H])C([H])([H])C([H])([H])C(=O)[S:48][C:47])C([H])([H])/C([H])=C(/[H])C([H])([H])/C([H])=C(/[H])C([H])([H])C([H])([H])C([H])([H])C([H])([H])C([H])([H])[H].[H][O:89][P:90],EVODEX-P32390
EVODEX-N13341,[H]/C(=C(\[H])C([H])([H])/C([H])=C(/[H])C([H])([H])C([H])([H])C([H])([H])C(=O)[O:70][H:169])C([H])([H])/C([H])=C(/[H])C([H])([H])/C([H])=C(/[H])C([H])([H])C([H])([H])C([H])([H])C([H])([H])C([H])([H])[H].[O:85][P:86](=[O:87])([O:88])[O:89]>>[O:70]([P:86]([O:85])(=[O:87])[O:88])[H:169].[H][O:89],EVODEX-P32397
EVODEX-N13342,[H]/C(=C(\[H])C([H])([H])/C([H])=C(/[H])C([H])([H])C([H])([H])C([H])([H])C(=O)[O:70][H:169])C([H])([H])/C([H])=C(/[H])C([H])([H])/C([H])=C(/[H])C([H])([H])C([H])([H])C([H])([H])C([H])([H])C([H])([H])[H].[H]OP(=O)(O[H])OP(=O)(O[H])O[P:86]([O:85])(=[O:87])[O:88]>>[O:70]([P:86]([O:85])(=[O:87])[O:88])[H:169],EVODEX-P32399
EVODEX-N13343,[H]/C(=C(\[H])C([H])([H])/C([H])=C(/[H])C([H])([H])C([H])([H])C([H])([H])C([H])([H])C([H])([H])C([H])([H])C([H])([H])C([H])([H])[H])C([H])([H])/C([H])=C(/[H])C([H])([H])C([H])([H])C([H])([H])C(=O)[O:70][H:171]>>[H]O[C@@]1([H])[C@@]([H])(O[H])[C@]([H])(N2:C([H]):N:C3:C(N([H])[H]):N:C([H]):N:C:3:2)O[C@]1([H])C([H])([H])OP(=O)(O[H])[O:70][H:171],EVODEX-P32402
EVODEX-N13344,[H][S:48][C:47]>>[H]/C(=C(\[H])C([H])([H])/C([H])=C(/[H])C([H])([H])C([H])([H])C([H])([H])C([H])([H])C([H])([H])C([H])([H])C([H])([H])C([H])([H])[H])C([H])([H])/C([H])=C(/[H])C([H])([H])C([H])([H])C([H])([H])C(=O)[S:48][C:47].[H]O.[H],EVODEX-P32403
EVODEX-N13345,[H][S:48][C:47]>>[H]/C(=C(\[H])C([H])([H])/C([H])=C(/[H])C([H])([H])C([H])([H])C([H])([H])C([H])([H])C([H])([H])C([H])([H])C([H])([H])C([H])([H])[H])C([H])([H])/C([H])=C(/[H])C([H])([H])C([H])([H])C([H])([H])C(=O)[S:48][C:47],EVODEX-P32404
EVODEX-N13346,[H][S:48][C:47].[H]OP(=O)(O[H])OP(=O)(O[H])O[P:86]([O:85])(=[O:87])[O:88]>>[H]/C(=C(\[H])C([H])([H])/C([H])=C(/[H])C([H])([H])C([H])([H])C([H])([H])C([H])([H])C([H])([H])C([H])([H])C([H])([H])C([H])([H])[H])C([H])([H])/C([H])=C(/[H])C([H])([H])C([H])([H])C([H])([H])C(=O)[S:48][C:47].[H]O[P:86]([O:85])(=[O:87])[O:88],EVODEX-P32406
EVODEX-N13347,[H][S:48][C:47].[H]O[C@@]1([H])[C@@]([H])(O[H])[C@]([H])(N2:C([H]):N:C3:C(N([H])[H]):N:C([H]):N:C:3:2)O[C@]1([H])C([H])([H])OP(=O)(O[H])[O:89][P:90]>>[H]/C(=C(\[H])C([H])([H])/C([H])=C(/[H])C([H])([H])C([H])([H])C([H])([H])C([H])([H])C([H])([H])C([H])([H])C([H])([H])C([H])([H])[H])C([H])([H])/C([H])=C(/[H])C([H])([H])C([H])([H])C([H])([H])C(=O)[S:48][C:47].[H][O:89][P:90],EVODEX-P32407
EVODEX-N13348,[H]/C(=C(\[H])C([H])([H])/C([H])=C(/[H])C([H])([H])C([H])([H])C([H])([H])C([H])([H])C([H])([H])C([H])([H])C([H])([H])C([H])([H])[H])C([H])([H])/C([H])=C(/[H])C([H])([H])C([H])([H])C([H])([H])C(=O)[O:70][H:171].[O:85][P:86](=[O:87])([O:88])[O:89]>>[O:70]([P:86]([O:85])(=[O:87])[O:88])[H:171].[H][O:89],EVODEX-P32414
EVODEX-N13349,[H]/C(=C(\[H])C([H])([H])/C([H])=C(/[H])C([H])([H])C([H])([H])C([H])([H])C([H])([H])C([H])([H])C([H])([H])C([H])([H])C([H])([H])[H])C([H])([H])/C([H])=C(/[H])C([H])([H])C([H])([H])C([H])([H])C(=O)[O:70][H:171].[H]OP(=O)(O[H])OP(=O)(O[H])O[P:86]([O:85])(=[O:87])[O:88]>>[O:70]([P:86]([O:85])(=[O:87])[O:88])[H:171],EVODEX-P32416
EVODEX-N13350,[H]C([H])([H])C(=O)C([H])([H])C(=O)[O:7][H:92].[H]OP(=O)(O[H])OP(=O)(O[H])O[P:71]([O:70])(=[O:72])[O:73]>>[O:7]([P:71]([O:70])(=[O:72])[O:73])[H:92],EVODEX-P32421
EVODEX-N13351,[H]C([H])([H])C(=O)C([H])([H])C(=O)[O:7][H:92]>>[H]O[C@@]1([H])[C@@]([H])(O[H])[C@]([H])(N2:C([H]):N:C3:C(N([H])[H]):N:C([H]):N:C:3:2)O[C@]1([H])C([H])([H])OP(=O)(O[H])[O:7][H:92],EVODEX-P32422
EVODEX-N13352,[H]C([H])([H])C(=O)C([H])([H])C(=O)[O:7][H:92].[O:70][P:71](=[O:72])([O:73])[O:74]>>[H][O:74].[O:7]([P:71]([O:70])(=[O:72])[O:73])[H:92],EVODEX-P32426
EVODEX-N13353,[H][S:55][C:54]>>[H]C([H])([H])C(=O)C([H])([H])C(=O)[S:55][C:54].[H].[H]O,EVODEX-P32428
EVODEX-N13354,[H][S:55][C:54].[H]O[C@@]1([H])[C@@]([H])(O[H])[C@]([H])(N2:C([H]):N:C3:C(N([H])[H]):N:C([H]):N:C:3:2)O[C@]1([H])C([H])([H])OP(=O)(O[H])[O:74][P:75]>>[H]C([H])([H])C(=O)C([H])([H])C(=O)[S:55][C:54].[H][O:74][P:75],EVODEX-P32430
EVODEX-N13355,[H][S:55][C:54]>>[H]C([H])([H])C(=O)C([H])([H])C(=O)[S:55][C:54],EVODEX-P32431
EVODEX-N13356,[H][S:55][C:54].[H]OP(=O)(O[H])OP(=O)(O[H])O[P:71]([O:70])(=[O:72])[O:73]>>[H]C([H])([H])C(=O)C([H])([H])C(=O)[S:55][C:54].[H]O[P:71]([O:70])(=[O:72])[O:73],EVODEX-P32432
EVODEX-N13357,[H]O[C@@]([H])(C([H])([H])[H])C([H])([H])C(=O)[O:55][H:130]>>[H]O[C@@]1([H])[C@@]([H])(O[H])[C@]([H])(N2:C([H]):N:C3:C(N([H])[H]):N:C([H]):N:C:3:2)O[C@]1([H])C([H])([H])OP(=O)(O[H])[O:55][H:130],EVODEX-P32435
EVODEX-N13358,[H][S:48][C:47]>>[H]O[C@@]([H])(C([H])([H])[H])C([H])([H])C(=O)[S:48][C:47].[H]O.[H],EVODEX-P32436
EVODEX-N13359,[H][S:48][C:47]>>[H]O[C@@]([H])(C([H])([H])[H])C([H])([H])C(=O)[S:48][C:47],EVODEX-P32437
EVODEX-N13360,[H][S:48][C:47].[H]OP(=O)(O[H])OP(=O)(O[H])O[P:71]([O:70])(=[O:72])[O:73]>>[H]O[C@@]([H])(C([H])([H])[H])C([H])([H])C(=O)[S:48][C:47].[H]O[P:71]([O:70])(=[O:72])[O:73],EVODEX-P32439
EVODEX-N13361,[H][S:48][C:47].[H]O[C@@]1([H])[C@@]([H])(O[H])[C@]([H])(N2:C([H]):N:C3:C(N([H])[H]):N:C([H]):N:C:3:2)O[C@]1([H])C([H])([H])OP(=O)(O[H])[O:74][P:75]>>[H]O[C@@]([H])(C([H])([H])[H])C([H])([H])C(=O)[S:48][C:47].[H][O:74][P:75],EVODEX-P32440
EVODEX-N13362,[H]O[C@@]([H])(C([H])([H])[H])C([H])([H])C(=O)[O:55][H:130].[O:70][P:71](=[O:72])([O:73])[O:74]>>[O:55]([P:71]([O:70])(=[O:72])[O:73])[H:130].[H][O:74],EVODEX-P32447
EVODEX-N13363,[H]O[C@@]([H])(C([H])([H])[H])C([H])([H])C(=O)[O:55][H:130].[H]OP(=O)(O[H])OP(=O)(O[H])O[P:71]([O:70])(=[O:72])[O:73]>>[O:55]([P:71]([O:70])(=[O:72])[O:73])[H:130],EVODEX-P32449
EVODEX-N13364,[H]C([H])([H])C([H])([H])C(=O)[O:53][H:126]>>[H]O[C@@]1([H])[C@@]([H])(O[H])[C@]([H])(N2:C([H]):N:C3:C(N([H])[H]):N:C([H]):N:C:3:2)O[C@]1([H])C([H])([H])OP(=O)(O[H])[O:53][H:126],EVODEX-P32452
EVODEX-N13365,[H][S:48][C:47]>>[H]C([H])([H])C([H])([H])C(=O)[S:48][C:47].[H]O.[H],EVODEX-P32453
EVODEX-N13366,[H][S:48][C:47].[H]OP(=O)(O[H])OP(=O)(O[H])O[P:69]([O:68])(=[O:70])[O:71]>>[H]C([H])([H])C([H])([H])C(=O)[S:48][C:47].[H]O[P:69]([O:68])(=[O:70])[O:71],EVODEX-P32455
EVODEX-N13367,[H][S:48][C:47].[H]O[C@@]1([H])[C@@]([H])(O[H])[C@]([H])(N2:C([H]):N:C3:C(N([H])[H]):N:C([H]):N:C:3:2)O[C@]1([H])C([H])([H])OP(=O)(O[H])[O:72][P:73]>>[H]C([H])([H])C([H])([H])C(=O)[S:48][C:47].[H][O:72][P:73],EVODEX-P32456
EVODEX-N13368,[H]C([H])([H])C([H])([H])C(=O)[O:53][H:126].[O:68][P:69](=[O:70])([O:71])[O:72]>>[O:53]([P:69]([O:68])(=[O:70])[O:71])[H:126].[H][O:72],EVODEX-P32462
EVODEX-N13369,[H]C([H])([H])C([H])([H])C(=O)[O:53][H:126].[H]OP(=O)(O[H])OP(=O)(O[H])O[P:69]([O:68])(=[O:70])[O:71]>>[O:53]([P:69]([O:68])(=[O:70])[O:71])[H:126],EVODEX-P32464
EVODEX-N13370,[H][S:48][C:47]>>[H]OC([H])([H])C([H])([H])C(=O)[S:48][C:47],EVODEX-P32468
EVODEX-N13371,[H]OC([H])([H])C([H])([H])C(=O)[O:82][H:138]>>[H]O[C@@]1([H])[C@@]([H])(O[H])[C@]([H])(N2:C([H]):N:C3:C(N([H])[H]):N:C([H]):N:C:3:2)O[C@]1([H])C([H])([H])OP(=O)(O[H])[O:82][H:138],EVODEX-P32470
EVODEX-N13372,[H][S:48][C:47]>>[H]OC([H])([H])C([H])([H])C(=O)[S:48][C:47].[H]O.[H],"EVODEX-P32472,EVODEX-P32769"
EVODEX-N13373,[H][S:48][C:47].[H]OP(=O)(O[H])OP(=O)(O[H])O[P:64]([O:63])(=[O:65])[O:66]>>[H]OC([H])([H])C([H])([H])C(=O)[S:48][C:47].[H]O[P:64]([O:63])(=[O:65])[O:66],"EVODEX-P32473,EVODEX-P32770"
EVODEX-N13374,[H][S:48][C:47].[H]O[C@@]1([H])[C@@]([H])(O[H])[C@]([H])(N2:C([H]):N:C3:C(N([H])[H]):N:C([H]):N:C:3:2)O[C@]1([H])C([H])([H])OP(=O)(O[H])[O:67][P:68]>>[H]OC([H])([H])C([H])([H])C(=O)[S:48][C:47].[H][O:67][P:68],EVODEX-P32475
EVODEX-N13375,[O:63][P:64](=[O:65])([O:66])[O:67].[H]OC([H])([H])C([H])([H])C(=O)[O:82][H:138]>>[O:63][P:64](=[O:65])([O:66])[O:82][H:138].[H][O:67],"EVODEX-P32478,EVODEX-P32775"
EVODEX-N13376,[H]OP(=O)(O[H])OP(=O)(O[H])O[P:64]([O:63])(=[O:65])[O:66].[H]OC([H])([H])C([H])([H])C(=O)[O:82][H:138]>>[O:63][P:64](=[O:65])([O:66])[O:82][H:138],"EVODEX-P32480,EVODEX-P32776"
EVODEX-N13377,[H][S:48][C:47].[H]OP(=O)(O[H])[O:71][P:68].[H]O[C:87]([C:86])=[O:88]>>[C:47][S:48][C:87]([C:86])=[O:88].[H][O:71][P:68],EVODEX-P32483
EVODEX-N13378,[H][S:48][C:47]>>[H]OC(=O)C([H])([H])C(O[H])(C(=O)O[H])C([H])([H])C(=O)[S:48][C:47],EVODEX-P32485
EVODEX-N13379,[H][S:48][C:47].[H]O[C@@]1([H])[C@@]([H])(O[H])[C@]([H])(N2:C([H]):N:C3:C(N([H])[H]):N:C([H]):N:C:3:2)O[C@]1([H])C([H])([H])OP(=O)(O[H])OP(=O)(O[H])O[P:72](=[O:73])([O:74])[O:75].[C:86][C:87](=[O:88])[O:89][H:151]>>[C:47][S:48][C:87]([C:86])=[O:88].[P:72](=[O:73])([O:74])([O:75])[O:89][H:151],EVODEX-P32486
EVODEX-N13380,[H][S:48][C:47]>>[H]OC(=O)C([H])([H])C(O[H])(C(=O)O[H])C([H])([H])C(=O)[S:48][C:47].[H].[H]O,EVODEX-P32488
EVODEX-N13381,[H][S:48][C:47].[H]OP(=O)(O[H])[O:71][P:68]>>[H]OC(=O)C([H])([H])C(O[H])(C(=O)O[H])C([H])([H])C(=O)[S:48][C:47].[H][O:71][P:68],EVODEX-P32490
EVODEX-N13382,[H]O[C@@]1([H])[C@@]([H])(O[H])[C@]([H])(N2:C([H]):N:C3:C(N([H])[H]):N:C([H]):N:C:3:2)O[C@]1([H])C([H])([H])OP(=O)(O[H])OP(=O)(O[H])O[P:72](=[O:73])([O:74])[O:75].[H]OC(=O)C([H])([H])C(O[H])(C(=O)O[H])C([H])([H])C(=O)[O:89][H:151]>>[P:72](=[O:73])([O:74])([O:75])[O:89][H:151],EVODEX-P32492
EVODEX-N13383,[H][S:48][C:47].[H]O[C@@]1([H])[C@@]([H])(O[H])[C@]([H])(N2:C([H]):N:C3:C(N([H])[H]):N:C([H]):N:C:3:2)O[C@]1([H])C([H])([H])OP(=O)(O[H])OP(=O)(O[H])O[P:72](=[O:73])([O:74])[O:75]>>[H]OC(=O)C([H])([H])C(O[H])(C(=O)O[H])C([H])([H])C(=O)[S:48][C:47].[H]O[P:72](=[O:73])([O:74])[O:75],EVODEX-P32493
EVODEX-N13384,[H]OP(=O)(O[H])[O:71][P:68].[H]O[C:87]([C:86])=[O:88]>>[H]O[C@]1([H])[C@]([H])(OP(=O)(O[H])O[H])[C@@]([H])(C([H])([H])OP(=O)(O[H])OP(=O)(O[H])OC([H])([H])C(C([H])([H])[H])(C([H])([H])[H])[C@@]([H])(O[H])C(=O)N([H])C([H])([H])C([H])([H])C(=O)N([H])C([H])([H])C([H])([H])S[C:87]([C:86])=[O:88])O[C@@]1([H])N1:C([H]):N:C2:C(N([H])[H]):N:C([H]):N:C:2:1.[H][O:71][P:68],EVODEX-P32494
EVODEX-N13385,[H]O[C@@]1([H])[C@@]([H])(O[H])[C@]([H])(N2:C([H]):N:C3:C(N([H])[H]):N:C([H]):N:C:3:2)O[C@]1([H])C([H])([H])OP(=O)(O[H])OP(=O)(O[H])O[P:72](=[O:73])([O:74])[O:75].[C:87][O:89][H:151]>>[H]O[C@]1([H])[C@]([H])(OP(=O)(O[H])O[H])[C@@]([H])(C([H])([H])OP(=O)(O[H])OP(=O)(O[H])OC([H])([H])C(C([H])([H])[H])(C([H])([H])[H])[C@@]([H])(O[H])C(=O)N([H])C([H])([H])C([H])([H])C(=O)N([H])C([H])([H])C([H])([H])S[C:87])O[C@@]1([H])N1:C([H]):N:C2:C(N([H])[H]):N:C([H]):N:C:2:1.[P:72](=[O:73])([O:74])([O:75])[O:89][H:151],EVODEX-P32495
EVODEX-N13386,[H]OC(=O)C([H])([H])C(O[H])(C(=O)O[H])C([H])([H])C(=O)[O:89][H:151]>>[H]OP(=O)(O[H])[O:89][H:151],EVODEX-P32496
EVODEX-N13387,[H][S:48][C:47]>>[H]OC(=O)C([H])([H])C([H])([H])C([H])([H])C([H])([H])C([H])([H])C([H])([H])C([H])([H])C([H])([H])C([H])([H])C([H])([H])C(=O)[S:48][C:47],EVODEX-P32500
EVODEX-N13388,[H]OC(=O)C([H])([H])C([H])([H])C([H])([H])C([H])([H])C([H])([H])C([H])([H])C([H])([H])C([H])([H])C([H])([H])C([H])([H])C(=O)[O:82][H:148]>>[H]O[C@@]1([H])[C@@]([H])(O[H])[C@]([H])(N2:C([H]):N:C3:C(N([H])[H]):N:C([H]):N:C:3:2)O[C@]1([H])C([H])([H])OP(=O)(O[H])[O:82][H:148],EVODEX-P32502
EVODEX-N13389,[H][S:48][C:47]>>[H]OC(=O)C([H])([H])C([H])([H])C([H])([H])C([H])([H])C([H])([H])C([H])([H])C([H])([H])C([H])([H])C([H])([H])C([H])([H])C(=O)[S:48][C:47].[H]O.[H],EVODEX-P32504
EVODEX-N13390,[H][S:48][C:47].[H]OP(=O)(O[H])OP(=O)(O[H])O[P:64]([O:63])(=[O:65])[O:66]>>[H]OC(=O)C([H])([H])C([H])([H])C([H])([H])C([H])([H])C([H])([H])C([H])([H])C([H])([H])C([H])([H])C([H])([H])C([H])([H])C(=O)[S:48][C:47].[H]O[P:64]([O:63])(=[O:65])[O:66],EVODEX-P32505
EVODEX-N13391,[H][S:48][C:47].[H]O[C@@]1([H])[C@@]([H])(O[H])[C@]([H])(N2:C([H]):N:C3:C(N([H])[H]):N:C([H]):N:C:3:2)O[C@]1([H])C([H])([H])OP(=O)(O[H])[O:67][P:68]>>[H]OC(=O)C([H])([H])C([H])([H])C([H])([H])C([H])([H])C([H])([H])C([H])([H])C([H])([H])C([H])([H])C([H])([H])C([H])([H])C(=O)[S:48][C:47].[H][O:67][P:68],EVODEX-P32507
EVODEX-N13392,[O:63][P:64](=[O:65])([O:66])[O:67].[H]OC(=O)C([H])([H])C([H])([H])C([H])([H])C([H])([H])C([H])([H])C([H])([H])C([H])([H])C([H])([H])C([H])([H])C([H])([H])C(=O)[O:82][H:148]>>[O:63][P:64](=[O:65])([O:66])[O:82][H:148].[H][O:67],EVODEX-P32510
EVODEX-N13393,[H]OP(=O)(O[H])OP(=O)(O[H])O[P:64]([O:63])(=[O:65])[O:66].[H]OC(=O)C([H])([H])C([H])([H])C([H])([H])C([H])([H])C([H])([H])C([H])([H])C([H])([H])C([H])([H])C([H])([H])C([H])([H])C(=O)[O:82][H:148]>>[O:63][P:64](=[O:65])([O:66])[O:82][H:148],EVODEX-P32512
EVODEX-N13394,[H][S:48][C:47]>>[H]OC(=O)C([H])([H])C([H])([H])C([H])([H])C([H])([H])C([H])([H])C([H])([H])C([H])([H])C([H])([H])/C([H])=C(\[H])C(=O)[S:48][C:47],EVODEX-P32517
EVODEX-N13395,[H]OC(=O)C([H])([H])C([H])([H])C([H])([H])C([H])([H])C([H])([H])C([H])([H])C([H])([H])C([H])([H])/C([H])=C(\[H])C(=O)[O:82][H:148]>>[H]O[C@@]1([H])[C@@]([H])(O[H])[C@]([H])(N2:C([H]):N:C3:C(N([H])[H]):N:C([H]):N:C:3:2)O[C@]1([H])C([H])([H])OP(=O)(O[H])[O:82][H:148],EVODEX-P32519
EVODEX-N13396,[H][S:48][C:47]>>[H]OC(=O)C([H])([H])C([H])([H])C([H])([H])C([H])([H])C([H])([H])C([H])([H])C([H])([H])C([H])([H])/C([H])=C(\[H])C(=O)[S:48][C:47].[H]O.[H],EVODEX-P32521
EVODEX-N13397,[H][S:48][C:47].[H]OP(=O)(O[H])OP(=O)(O[H])O[P:64]([O:63])(=[O:65])[O:66]>>[H]OC(=O)C([H])([H])C([H])([H])C([H])([H])C([H])([H])C([H])([H])C([H])([H])C([H])([H])C([H])([H])/C([H])=C(\[H])C(=O)[S:48][C:47].[H]O[P:64]([O:63])(=[O:65])[O:66],EVODEX-P32522
EVODEX-N13398,[H][S:48][C:47].[H]O[C@@]1([H])[C@@]([H])(O[H])[C@]([H])(N2:C([H]):N:C3:C(N([H])[H]):N:C([H]):N:C:3:2)O[C@]1([H])C([H])([H])OP(=O)(O[H])[O:67][P:68]>>[H]OC(=O)C([H])([H])C([H])([H])C([H])([H])C([H])([H])C([H])([H])C([H])([H])C([H])([H])C([H])([H])/C([H])=C(\[H])C(=O)[S:48][C:47].[H][O:67][P:68],EVODEX-P32524
EVODEX-N13399,[O:63][P:64](=[O:65])([O:66])[O:67].[H]OC(=O)C([H])([H])C([H])([H])C([H])([H])C([H])([H])C([H])([H])C([H])([H])C([H])([H])C([H])([H])/C([H])=C(\[H])C(=O)[O:82][H:148]>>[O:63][P:64](=[O:65])([O:66])[O:82][H:148].[H][O:67],EVODEX-P32527
EVODEX-N13400,[H]OP(=O)(O[H])OP(=O)(O[H])O[P:64]([O:63])(=[O:65])[O:66].[H]OC(=O)C([H])([H])C([H])([H])C([H])([H])C([H])([H])C([H])([H])C([H])([H])C([H])([H])C([H])([H])/C([H])=C(\[H])C(=O)[O:82][H:148]>>[O:63][P:64](=[O:65])([O:66])[O:82][H:148],EVODEX-P32529
EVODEX-N13401,[H]C([H])([H])C([H])(C([H])([H])[H])C([H])([H])C([H])([H])C([H])([H])C([H])(C([H])([H])[H])C([H])([H])C([H])([H])C([H])([H])C([H])(C([H])([H])[H])C([H])([H])C([H])([H])C([H])([H])C([H])(C([H])([H])[H])C([H])([H])C(=O)[O:70][H:177]>>[H]O[C@@]1([H])[C@@]([H])(O[H])[C@]([H])(N2:C([H]):N:C3:C(N([H])[H]):N:C([H]):N:C:3:2)O[C@]1([H])C([H])([H])OP(=O)(O[H])[O:70][H:177],EVODEX-P32533
EVODEX-N13402,[H][S:48][C:47]>>[H]C([H])([H])C([H])(C([H])([H])[H])C([H])([H])C([H])([H])C([H])([H])C([H])(C([H])([H])[H])C([H])([H])C([H])([H])C([H])([H])C([H])(C([H])([H])[H])C([H])([H])C([H])([H])C([H])([H])C([H])(C([H])([H])[H])C([H])([H])C(=O)[S:48][C:47].[H]O.[H],"EVODEX-P32534,EVODEX-P32550"
EVODEX-N13403,[H][S:48][C:47]>>[H]C([H])([H])C([H])(C([H])([H])[H])C([H])([H])C([H])([H])C([H])([H])C([H])(C([H])([H])[H])C([H])([H])C([H])([H])C([H])([H])C([H])(C([H])([H])[H])C([H])([H])C([H])([H])C([H])([H])C([H])(C([H])([H])[H])C([H])([H])C(=O)[S:48][C:47],EVODEX-P32535
EVODEX-N13404,[H][S:48][C:47].[H]OP(=O)(O[H])OP(=O)(O[H])O[P:86]([O:85])(=[O:87])[O:88]>>[H]C([H])([H])C([H])(C([H])([H])[H])C([H])([H])C([H])([H])C([H])([H])C([H])(C([H])([H])[H])C([H])([H])C([H])([H])C([H])([H])C([H])(C([H])([H])[H])C([H])([H])C([H])([H])C([H])([H])C([H])(C([H])([H])[H])C([H])([H])C(=O)[S:48][C:47].[H]O[P:86]([O:85])(=[O:87])[O:88],EVODEX-P32537
EVODEX-N13405,[H][S:48][C:47].[H]O[C@@]1([H])[C@@]([H])(O[H])[C@]([H])(N2:C([H]):N:C3:C(N([H])[H]):N:C([H]):N:C:3:2)O[C@]1([H])C([H])([H])OP(=O)(O[H])[O:89][P:90]>>[H]C([H])([H])C([H])(C([H])([H])[H])C([H])([H])C([H])([H])C([H])([H])C([H])(C([H])([H])[H])C([H])([H])C([H])([H])C([H])([H])C([H])(C([H])([H])[H])C([H])([H])C([H])([H])C([H])([H])C([H])(C([H])([H])[H])C([H])([H])C(=O)[S:48][C:47].[H][O:89][P:90],EVODEX-P32538
EVODEX-N13406,[H]C([H])([H])C([H])(C([H])([H])[H])C([H])([H])C([H])([H])C([H])([H])C([H])(C([H])([H])[H])C([H])([H])C([H])([H])C([H])([H])C([H])(C([H])([H])[H])C([H])([H])C([H])([H])C([H])([H])C([H])(C([H])([H])[H])C([H])([H])C(=O)[O:70][H:177].[O:85][P:86](=[O:87])([O:88])[O:89]>>[O:70]([P:86]([O:85])(=[O:87])[O:88])[H:177].[H][O:89],"EVODEX-P32545,EVODEX-P32559"
EVODEX-N13407,[H]C([H])([H])C([H])(C([H])([H])[H])C([H])([H])C([H])([H])C([H])([H])C([H])(C([H])([H])[H])C([H])([H])C([H])([H])C([H])([H])C([H])(C([H])([H])[H])C([H])([H])C([H])([H])C([H])([H])C([H])(C([H])([H])[H])C([H])([H])C(=O)[O:70][H:177].[H]OP(=O)(O[H])OP(=O)(O[H])O[P:86]([O:85])(=[O:87])[O:88]>>[O:70]([P:86]([O:85])(=[O:87])[O:88])[H:177],EVODEX-P32547
EVODEX-N13408,[H][S:48][C:47].[H]O[C:68]([C:67])=[O:69].[H]OP(=O)(O[H])OP(=O)(O[H])[O:89][P:86]>>[C:47][S:48][C:68]([C:67])=[O:69].[H][O:89][P:86],EVODEX-P32549
EVODEX-N13409,[H][S:48][C:47].[C:67][C:68](=[O:69])[O:70][H:177].[H]O[C@@]1([H])[C@@]([H])(O[H])[C@]([H])(N2:C([H]):N:C3:C(=O):N([H]):C([H]):N:C:3:2)O[C@]1([H])C([H])([H])OP(=O)(O[H])O[P:90](=[O:91])([O:92])[O:93]>>[C:47][S:48][C:68]([C:67])=[O:69].[O:70]([P:90](=[O:91])([O:92])[O:93])[H:177],EVODEX-P32551
EVODEX-N13410,[H][S:48][C:47].[H]OP(=O)(O[H])OP(=O)(O[H])[O:89][P:86]>>[H]C([H])([H])C([H])(C([H])([H])[H])C([H])([H])C([H])([H])C([H])([H])C([H])(C([H])([H])[H])C([H])([H])C([H])([H])C([H])([H])C([H])(C([H])([H])[H])C([H])([H])C([H])([H])C([H])([H])C([H])(C([H])([H])[H])C([H])([H])C(=O)[S:48][C:47].[H][O:89][P:86],EVODEX-P32552
EVODEX-N13411,[H][S:48][C:47].[H]O[C@@]1([H])[C@@]([H])(O[H])[C@]([H])(N2:C([H]):N:C3:C(=O):N([H]):C([H]):N:C:3:2)O[C@]1([H])C([H])([H])OP(=O)(O[H])O[P:90](=[O:91])([O:92])[O:93]>>[H]C([H])([H])C([H])(C([H])([H])[H])C([H])([H])C([H])([H])C([H])([H])C([H])(C([H])([H])[H])C([H])([H])C([H])([H])C([H])([H])C([H])(C([H])([H])[H])C([H])([H])C([H])([H])C([H])([H])C([H])(C([H])([H])[H])C([H])([H])C(=O)[S:48][C:47].[H]O[P:90](=[O:91])([O:92])[O:93],EVODEX-P32553
EVODEX-N13412,[H]C([H])([H])C([H])(C([H])([H])[H])C([H])([H])C([H])([H])C([H])([H])C([H])(C([H])([H])[H])C([H])([H])C([H])([H])C([H])([H])C([H])(C([H])([H])[H])C([H])([H])C([H])([H])C([H])([H])C([H])(C([H])([H])[H])C([H])([H])C(=O)[O:70][H:177].[H]O[C@@]1([H])[C@@]([H])(O[H])[C@]([H])(N2:C([H]):N:C3:C(=O):N([H]):C([H]):N:C:3:2)O[C@]1([H])C([H])([H])OP(=O)(O[H])O[P:90](=[O:91])([O:92])[O:93]>>[O:70]([P:90](=[O:91])([O:92])[O:93])[H:177],EVODEX-P32555
EVODEX-N13413,[H][S:48][C:47].[C:67][C:68](=[O:69])[O:70]>>[C:47][S:48][C:68]([C:67])=[O:69].[H]OP(=O)(O[H])OP(=O)(O[H])[O:70],EVODEX-P32556
EVODEX-N13414,[H]O[C:68]([C:67])=[O:69].[H]OP(=O)(O[H])OP(=O)(O[H])[O:89][P:86]>>[H]O[C@]1([H])[C@]([H])(OP(=O)(O[H])O[H])[C@@]([H])(C([H])([H])OP(=O)(O[H])OP(=O)(O[H])OC([H])([H])C(C([H])([H])[H])(C([H])([H])[H])[C@@]([H])(O[H])C(=O)N([H])C([H])([H])C([H])([H])C(=O)N([H])C([H])([H])C([H])([H])S[C:68]([C:67])=[O:69])O[C@@]1([H])N1:C([H]):N:C2:C(N([H])[H]):N:C([H]):N:C:2:1.[H][O:89][P:86],EVODEX-P32557
EVODEX-N13415,[C:68][O:70][H:177].[H]O[C@@]1([H])[C@@]([H])(O[H])[C@]([H])(N2:C([H]):N:C3:C(=O):N([H]):C([H]):N:C:3:2)O[C@]1([H])C([H])([H])OP(=O)(O[H])O[P:90](=[O:91])([O:92])[O:93]>>[H]O[C@]1([H])[C@]([H])(OP(=O)(O[H])O[H])[C@@]([H])(C([H])([H])OP(=O)(O[H])OP(=O)(O[H])OC([H])([H])C(C([H])([H])[H])(C([H])([H])[H])[C@@]([H])(O[H])C(=O)N([H])C([H])([H])C([H])([H])C(=O)N([H])C([H])([H])C([H])([H])S[C:68])O[C@@]1([H])N1:C([H]):N:C2:C(N([H])[H]):N:C([H]):N:C:2:1.[O:70]([P:90](=[O:91])([O:92])[O:93])[H:177],EVODEX-P32558
EVODEX-N13416,[H]C([H])([H])C([H])(C([H])([H])[H])C([H])([H])C([H])([H])C([H])([H])C([H])(C([H])([H])[H])C([H])([H])C([H])([H])C([H])([H])C([H])(C([H])([H])[H])C([H])([H])C([H])([H])C([H])([H])C([H])(C([H])([H])[H])C([H])([H])C(=O)[O:70][H:177]>>[H]OP(=O)(O[H])OP(=O)(O[H])[O:70][H:177],EVODEX-P32560
EVODEX-N13417,>>[H]O[C@]1([H])[C@]([H])(OP(=O)(O[H])O[H])[C@@]([H])(C([H])([H])OP(=O)(O[H])OP(=O)(O[H])OC([H])([H])C(C([H])([H])[H])(C([H])([H])[H])[C@@]([H])(O[H])C(=O)N([H])C([H])([H])C([H])([H])C(=O)N([H])C([H])([H])C([H])([H])S)O[C@@]1([H])N1:C([H]):N:C2:C(N([H])[H]):N:C([H]):N:C:2:1.[H]OP(=O)OP(=O)(O[H])O[H],EVODEX-P32561
EVODEX-N13418,[H][S:48][C:47]>>[H]C1:C([H]):C([H]):C(C(=O)[S:48][C:47]):C([H]):C:1[H].[H]O.[H],EVODEX-P32567
EVODEX-N13419,[H][S:48][C:47].[H]OP(=O)(O[H])OP(=O)(O[H])O[P:64]([O:63])(=[O:65])[O:66]>>[H]C1:C([H]):C([H]):C(C(=O)[S:48][C:47]):C([H]):C:1[H].[H]O[P:64]([O:63])(=[O:65])[O:66],EVODEX-P32568
EVODEX-N13420,[H][S:48][C:47].[H]O[C@@]1([H])[C@@]([H])(O[H])[C@]([H])(N2:C([H]):N:C3:C(N([H])[H]):N:C([H]):N:C:3:2)O[C@]1([H])C([H])([H])OP(=O)(O[H])[O:67][P:68]>>[H]C1:C([H]):C([H]):C(C(=O)[S:48][C:47]):C([H]):C:1[H].[H][O:67][P:68],EVODEX-P32570
EVODEX-N13421,[H][S:48][C:47]>>[H]C1:C([H]):C([H]):C(C(=O)[S:48][C:47]):C(F):C:1[H],EVODEX-P32578
EVODEX-N13422,[H]C1:C([H]):C([H]):C(C(=O)[O:82][H:142]):C(F):C:1[H]>>[H]O[C@@]1([H])[C@@]([H])(O[H])[C@]([H])(N2:C([H]):N:C3:C(N([H])[H]):N:C([H]):N:C:3:2)O[C@]1([H])C([H])([H])OP(=O)(O[H])[O:82][H:142],EVODEX-P32580
EVODEX-N13423,[H][S:48][C:47]>>[H]C1:C([H]):C([H]):C(C(=O)[S:48][C:47]):C(F):C:1[H].[H]O.[H],EVODEX-P32582
EVODEX-N13424,[H][S:48][C:47].[H]OP(=O)(O[H])OP(=O)(O[H])O[P:64]([O:63])(=[O:65])[O:66]>>[H]C1:C([H]):C([H]):C(C(=O)[S:48][C:47]):C(F):C:1[H].[H]O[P:64]([O:63])(=[O:65])[O:66],EVODEX-P32583
EVODEX-N13425,[H][S:48][C:47].[H]O[C@@]1([H])[C@@]([H])(O[H])[C@]([H])(N2:C([H]):N:C3:C(N([H])[H]):N:C([H]):N:C:3:2)O[C@]1([H])C([H])([H])OP(=O)(O[H])[O:67][P:68]>>[H]C1:C([H]):C([H]):C(C(=O)[S:48][C:47]):C(F):C:1[H].[H][O:67][P:68],EVODEX-P32585
EVODEX-N13426,[O:63][P:64](=[O:65])([O:66])[O:67].[H]C1:C([H]):C([H]):C(C(=O)[O:82][H:142]):C(F):C:1[H]>>[O:63][P:64](=[O:65])([O:66])[O:82][H:142].[H][O:67],EVODEX-P32588
EVODEX-N13427,[H]OP(=O)(O[H])OP(=O)(O[H])O[P:64]([O:63])(=[O:65])[O:66].[H]C1:C([H]):C([H]):C(C(=O)[O:82][H:142]):C(F):C:1[H]>>[O:63][P:64](=[O:65])([O:66])[O:82][H:142],EVODEX-P32590
EVODEX-N13428,[H][S:48][C:47]>>[H]OC(=O)C1:C([H]):C([H]):C([H]):C([H]):C:1C(=O)C([H])([H])C([H])([H])C(=O)[S:48][C:47],EVODEX-P32595
EVODEX-N13429,[H]OC(=O)C1:C([H]):C([H]):C([H]):C([H]):C:1C(=O)C([H])([H])C([H])([H])C(=O)[O:82][H:148]>>[H]O[C@@]1([H])[C@@]([H])(O[H])[C@]([H])(N2:C([H]):N:C3:C(N([H])[H]):N:C([H]):N:C:3:2)O[C@]1([H])C([H])([H])OP(=O)(O[H])[O:82][H:148],EVODEX-P32597
EVODEX-N13430,[H][S:48][C:47]>>[H]OC(=O)C1:C([H]):C([H]):C([H]):C([H]):C:1C(=O)C([H])([H])C([H])([H])C(=O)[S:48][C:47].[H]O.[H],EVODEX-P32599
EVODEX-N13431,[H][S:48][C:47].[H]OP(=O)(O[H])OP(=O)(O[H])O[P:64]([O:63])(=[O:65])[O:66]>>[H]OC(=O)C1:C([H]):C([H]):C([H]):C([H]):C:1C(=O)C([H])([H])C([H])([H])C(=O)[S:48][C:47].[H]O[P:64]([O:63])(=[O:65])[O:66],EVODEX-P32600
EVODEX-N13432,[H][S:48][C:47].[H]O[C@@]1([H])[C@@]([H])(O[H])[C@]([H])(N2:C([H]):N:C3:C(N([H])[H]):N:C([H]):N:C:3:2)O[C@]1([H])C([H])([H])OP(=O)(O[H])[O:67][P:68]>>[H]OC(=O)C1:C([H]):C([H]):C([H]):C([H]):C:1C(=O)C([H])([H])C([H])([H])C(=O)[S:48][C:47].[H][O:67][P:68],EVODEX-P32602
EVODEX-N13433,[O:63][P:64](=[O:65])([O:66])[O:67].[H]OC(=O)C1:C([H]):C([H]):C([H]):C([H]):C:1C(=O)C([H])([H])C([H])([H])C(=O)[O:82][H:148]>>[O:63][P:64](=[O:65])([O:66])[O:82][H:148].[H][O:67],EVODEX-P32605
EVODEX-N13434,[H]OP(=O)(O[H])OP(=O)(O[H])O[P:64]([O:63])(=[O:65])[O:66].[H]OC(=O)C1:C([H]):C([H]):C([H]):C([H]):C:1C(=O)C([H])([H])C([H])([H])C(=O)[O:82][H:148]>>[O:63][P:64](=[O:65])([O:66])[O:82][H:148],EVODEX-P32607
EVODEX-N13435,[H][S:48][C:47]>>[H]OC(=O)C([H])([H])C([H])([H])C(=O)C1:C([H]):C([H]):C([H]):C([H]):C:1C(=O)[S:48][C:47],EVODEX-P32612
EVODEX-N13436,[H][S:48][C:47]>>[H]OC(=O)C([H])([H])C([H])([H])C(=O)C1:C([H]):C([H]):C([H]):C([H]):C:1C(=O)[S:48][C:47].[H]O.[H],EVODEX-P32615
EVODEX-N13437,[H][S:48][C:47].[H]OP(=O)(O[H])OP(=O)(O[H])O[P:64]([O:63])(=[O:65])[O:66]>>[H]OC(=O)C([H])([H])C([H])([H])C(=O)C1:C([H]):C([H]):C([H]):C([H]):C:1C(=O)[S:48][C:47].[H]O[P:64]([O:63])(=[O:65])[O:66],EVODEX-P32616
EVODEX-N13438,[H][S:48][C:47].[H]O[C@@]1([H])[C@@]([H])(O[H])[C@]([H])(N2:C([H]):N:C3:C(N([H])[H]):N:C([H]):N:C:3:2)O[C@]1([H])C([H])([H])OP(=O)(O[H])[O:67][P:68]>>[H]OC(=O)C([H])([H])C([H])([H])C(=O)C1:C([H]):C([H]):C([H]):C([H]):C:1C(=O)[S:48][C:47].[H][O:67][P:68],EVODEX-P32618
EVODEX-N13439,[H][S:48][C:47]>>[H]OC1:C([H]):C([H]):C(C(=O)[S:48][C:47]):C([H]):C:1[H],EVODEX-P32626
EVODEX-N13440,[H]OC1:C([H]):C([H]):C(C(=O)[O:82][H:142]):C([H]):C:1[H]>>[H]O[C@@]1([H])[C@@]([H])(O[H])[C@]([H])(N2:C([H]):N:C3:C(N([H])[H]):N:C([H]):N:C:3:2)O[C@]1([H])C([H])([H])OP(=O)(O[H])[O:82][H:142],EVODEX-P32628
EVODEX-N13441,[H][S:48][C:47]>>[H]OC1:C([H]):C([H]):C(C(=O)[S:48][C:47]):C([H]):C:1[H].[H]O.[H],"EVODEX-P32630,EVODEX-P32645"
EVODEX-N13442,[H][S:48][C:47].[H]OP(=O)(O[H])OP(=O)(O[H])O[P:64]([O:63])(=[O:65])[O:66]>>[H]OC1:C([H]):C([H]):C(C(=O)[S:48][C:47]):C([H]):C:1[H].[H]O[P:64]([O:63])(=[O:65])[O:66],"EVODEX-P32631,EVODEX-P32646"
EVODEX-N13443,[H][S:48][C:47].[H]O[C@@]1([H])[C@@]([H])(O[H])[C@]([H])(N2:C([H]):N:C3:C(N([H])[H]):N:C([H]):N:C:3:2)O[C@]1([H])C([H])([H])OP(=O)(O[H])[O:67][P:68]>>[H]OC1:C([H]):C([H]):C(C(=O)[S:48][C:47]):C([H]):C:1[H].[H][O:67][P:68],EVODEX-P32633
EVODEX-N13444,[O:63][P:64](=[O:65])([O:66])[O:67].[H]OC1:C([H]):C([H]):C(C(=O)[O:82][H:142]):C([H]):C:1[H]>>[O:63][P:64](=[O:65])([O:66])[O:82][H:142].[H][O:67],"EVODEX-P32636,EVODEX-P32651"
EVODEX-N13445,[H]OP(=O)(O[H])OP(=O)(O[H])O[P:64]([O:63])(=[O:65])[O:66].[H]OC1:C([H]):C([H]):C(C(=O)[O:82][H:142]):C([H]):C:1[H]>>[O:63][P:64](=[O:65])([O:66])[O:82][H:142],"EVODEX-P32638,EVODEX-P32652"
EVODEX-N13446,[H][S:48][C:47].[H]O[C@@]1([H])[C@@]([H])(O[H])[C@]([H])(N2:C([H]):C([H]):C(N([H])[H]):N:C:2=O)O[C@]1([H])C([H])([H])OP(=O)(O[H])[O:62][P:63].[H]O[C:79](=[O:78])[C:81]>>[C:47][S:48][C:79](=[O:78])[C:81].[H][O:62][P:63],"EVODEX-P32642,EVODEX-P32766"
EVODEX-N13447,[H]OC1:C([H]):C([H]):C(C(=O)[O:80][H:140]):C([H]):C:1[H]>>[H]O[C@@]1([H])[C@@]([H])(O[H])[C@]([H])(N2:C([H]):C([H]):C(N([H])[H]):N:C:2=O)O[C@]1([H])C([H])([H])OP(=O)(O[H])[O:80][H:140],EVODEX-P32643
EVODEX-N13448,[H][S:48][C:47].[O:78]=[C:79]([O:80])[C:81]>>[C:47][S:48][C:79](=[O:78])[C:81].[H]O[C@@]1([H])[C@@]([H])(O[H])[C@]([H])(N2:C([H]):C([H]):C(N([H])[H]):N:C:2=O)O[C@]1([H])C([H])([H])OP(=O)(O[H])[O:80],"EVODEX-P32644,EVODEX-P32768"
EVODEX-N13449,[H][S:48][C:47].[H]O[C@@]1([H])[C@@]([H])(O[H])[C@]([H])(N2:C([H]):C([H]):C(N([H])[H]):N:C:2=O)O[C@]1([H])C([H])([H])OP(=O)(O[H])[O:62][P:63]>>[H]OC1:C([H]):C([H]):C(C(=O)[S:48][C:47]):C([H]):C:1[H].[H][O:62][P:63],EVODEX-P32648
EVODEX-N13450,[H]O[C@@]1([H])[C@@]([H])(O[H])[C@]([H])(N2:C([H]):C([H]):C(N([H])[H]):N:C:2=O)O[C@]1([H])C([H])([H])OP(=O)(O[H])[O:62][P:63].[H]O[C:79](=[O:78])[C:81]>>[H]O[C@]1([H])[C@]([H])(OP(=O)(O[H])O[H])[C@@]([H])(C([H])([H])OP(=O)(O[H])OP(=O)(O[H])OC([H])([H])C(C([H])([H])[H])(C([H])([H])[H])[C@@]([H])(O[H])C(=O)N([H])C([H])([H])C([H])([H])C(=O)N([H])C([H])([H])C([H])([H])S[C:79](=[O:78])[C:81])O[C@@]1([H])N1:C([H]):N:C2:C(N([H])[H]):N:C([H]):N:C:2:1.[H][O:62][P:63],"EVODEX-P32650,EVODEX-P32774"
EVODEX-N13451,>>[H]O[C@]1([H])[C@]([H])(OP(=O)(O[H])O[H])[C@@]([H])(C([H])([H])OP(=O)(O[H])OP(=O)(O[H])OC([H])([H])C(C([H])([H])[H])(C([H])([H])[H])[C@@]([H])(O[H])C(=O)N([H])C([H])([H])C([H])([H])C(=O)N([H])C([H])([H])C([H])([H])S)O[C@@]1([H])N1:C([H]):N:C2:C(N([H])[H]):N:C([H]):N:C:2:1.[H]OP(=O)OC([H])([H])[C@@]1([H])O[C@@]([H])(N2:C([H]):C([H]):C(N([H])[H]):N:C:2=O)[C@]([H])(O[H])[C@]1([H])O[H],"EVODEX-P32653,EVODEX-P32777"
EVODEX-N13452,[H]O[C@]1([H])C([H])([H])C([H])([H])[C@@]2(C([H])([H])[H])[C@@]([H])(C1([H])[H])C([H])([H])[C@@]([H])(O[H])[C@]1([H])[C@]2([H])C([H])([H])C([H])([H])[C@]2(C([H])([H])[H])[C@@]([H])([C@]([H])(C([H])([H])[H])C([H])([H])C([H])([H])C([H])([H])C([H])(C(=O)[O:79][H:192])C([H])([H])[H])C([H])([H])C([H])([H])[C@]21[H]>>[H]O[C@@]1([H])[C@@]([H])(O[H])[C@]([H])(N2:C([H]):N:C3:C(N([H])[H]):N:C([H]):N:C:3:2)O[C@]1([H])C([H])([H])OP(=O)(O[H])[O:79][H:192],EVODEX-P32656
EVODEX-N13453,[H][S:48][C:47]>>[H]O[C@]1([H])C([H])([H])C([H])([H])[C@@]2(C([H])([H])[H])[C@@]([H])(C1([H])[H])C([H])([H])[C@@]([H])(O[H])[C@]1([H])[C@]2([H])C([H])([H])C([H])([H])[C@]2(C([H])([H])[H])[C@@]([H])([C@]([H])(C([H])([H])[H])C([H])([H])C([H])([H])C([H])([H])[C@]([H])(C(=O)[S:48][C:47])C([H])([H])[H])C([H])([H])C([H])([H])[C@]21[H].[H]O.[H],EVODEX-P32657
EVODEX-N13454,[H][S:48][C:47]>>[H]O[C@]1([H])C([H])([H])C([H])([H])[C@@]2(C([H])([H])[H])[C@@]([H])(C1([H])[H])C([H])([H])[C@@]([H])(O[H])[C@]1([H])[C@]2([H])C([H])([H])C([H])([H])[C@]2(C([H])([H])[H])[C@@]([H])([C@]([H])(C([H])([H])[H])C([H])([H])C([H])([H])C([H])([H])[C@]([H])(C(=O)[S:48][C:47])C([H])([H])[H])C([H])([H])C([H])([H])[C@]21[H],EVODEX-P32658
EVODEX-N13455,[H][S:48][C:47].[H]OP(=O)(O[H])OP(=O)(O[H])O[P:95]([O:94])(=[O:96])[O:97]>>[H]O[C@]1([H])C([H])([H])C([H])([H])[C@@]2(C([H])([H])[H])[C@@]([H])(C1([H])[H])C([H])([H])[C@@]([H])(O[H])[C@]1([H])[C@]2([H])C([H])([H])C([H])([H])[C@]2(C([H])([H])[H])[C@@]([H])([C@]([H])(C([H])([H])[H])C([H])([H])C([H])([H])C([H])([H])[C@]([H])(C(=O)[S:48][C:47])C([H])([H])[H])C([H])([H])C([H])([H])[C@]21[H].[H]O[P:95]([O:94])(=[O:96])[O:97],EVODEX-P32660
EVODEX-N13456,[H][S:48][C:47].[H]O[C@@]1([H])[C@@]([H])(O[H])[C@]([H])(N2:C([H]):N:C3:C(N([H])[H]):N:C([H]):N:C:3:2)O[C@]1([H])C([H])([H])OP(=O)(O[H])[O:98][P:99]>>[H]O[C@]1([H])C([H])([H])C([H])([H])[C@@]2(C([H])([H])[H])[C@@]([H])(C1([H])[H])C([H])([H])[C@@]([H])(O[H])[C@]1([H])[C@]2([H])C([H])([H])C([H])([H])[C@]2(C([H])([H])[H])[C@@]([H])([C@]([H])(C([H])([H])[H])C([H])([H])C([H])([H])C([H])([H])[C@]([H])(C(=O)[S:48][C:47])C([H])([H])[H])C([H])([H])C([H])([H])[C@]21[H].[H][O:98][P:99],EVODEX-P32661
EVODEX-N13457,[H]O[C@]1([H])C([H])([H])C([H])([H])[C@@]2(C([H])([H])[H])[C@@]([H])(C1([H])[H])C([H])([H])[C@@]([H])(O[H])[C@]1([H])[C@]2([H])C([H])([H])C([H])([H])[C@]2(C([H])([H])[H])[C@@]([H])([C@]([H])(C([H])([H])[H])C([H])([H])C([H])([H])C([H])([H])C([H])(C(=O)[O:79][H:192])C([H])([H])[H])C([H])([H])C([H])([H])[C@]21[H].[O:94][P:95](=[O:96])([O:97])[O:98]>>[O:79]([P:95]([O:94])(=[O:96])[O:97])[H:192].[H][O:98],EVODEX-P32668
EVODEX-N13458,[H]O[C@]1([H])C([H])([H])C([H])([H])[C@@]2(C([H])([H])[H])[C@@]([H])(C1([H])[H])C([H])([H])[C@@]([H])(O[H])[C@]1([H])[C@]2([H])C([H])([H])C([H])([H])[C@]2(C([H])([H])[H])[C@@]([H])([C@]([H])(C([H])([H])[H])C([H])([H])C([H])([H])C([H])([H])C([H])(C(=O)[O:79][H:192])C([H])([H])[H])C([H])([H])C([H])([H])[C@]21[H].[H]OP(=O)(O[H])OP(=O)(O[H])O[P:95]([O:94])(=[O:96])[O:97]>>[O:79]([P:95]([O:94])(=[O:96])[O:97])[H:192],EVODEX-P32670
EVODEX-N13459,[H][S:48][C:47]>>[H]C1:O:C(C(=O)[S:48][C:47]):C([H]):C:1[H],EVODEX-P32674
EVODEX-N13460,[H]C1:O:C(C(=O)[O:82][H:140]):C([H]):C:1[H]>>[H]O[C@@]1([H])[C@@]([H])(O[H])[C@]([H])(N2:C([H]):N:C3:C(N([H])[H]):N:C([H]):N:C:3:2)O[C@]1([H])C([H])([H])OP(=O)(O[H])[O:82][H:140],EVODEX-P32676
EVODEX-N13461,[H][S:48][C:47]>>[H]C1:O:C(C(=O)[S:48][C:47]):C([H]):C:1[H].[H]O.[H],EVODEX-P32678
EVODEX-N13462,[H][S:48][C:47].[H]OP(=O)(O[H])OP(=O)(O[H])O[P:64]([O:63])(=[O:65])[O:66]>>[H]C1:O:C(C(=O)[S:48][C:47]):C([H]):C:1[H].[H]O[P:64]([O:63])(=[O:65])[O:66],EVODEX-P32679
EVODEX-N13463,[H][S:48][C:47].[H]O[C@@]1([H])[C@@]([H])(O[H])[C@]([H])(N2:C([H]):N:C3:C(N([H])[H]):N:C([H]):N:C:3:2)O[C@]1([H])C([H])([H])OP(=O)(O[H])[O:67][P:68]>>[H]C1:O:C(C(=O)[S:48][C:47]):C([H]):C:1[H].[H][O:67][P:68],EVODEX-P32681
EVODEX-N13464,[O:63][P:64](=[O:65])([O:66])[O:67].[H]C1:O:C(C(=O)[O:82][H:140]):C([H]):C:1[H]>>[O:63][P:64](=[O:65])([O:66])[O:82][H:140].[H][O:67],EVODEX-P32684
EVODEX-N13465,[H]OP(=O)(O[H])OP(=O)(O[H])O[P:64]([O:63])(=[O:65])[O:66].[H]C1:O:C(C(=O)[O:82][H:140]):C([H]):C:1[H]>>[O:63][P:64](=[O:65])([O:66])[O:82][H:140],EVODEX-P32686
EVODEX-N13466,[H]C1:C([H]):C([H]):C(N([H])[H]):C(C(=O)[O:58][H:132]):C:1[H]>>[H]O[C@@]1([H])[C@@]([H])(O[H])[C@]([H])(N2:C([H]):N:C3:C(N([H])[H]):N:C([H]):N:C:3:2)O[C@]1([H])C([H])([H])OP(=O)(O[H])[O:58][H:132],EVODEX-P32690
EVODEX-N13467,[H][S:48][C:47]>>[H]C1:C([H]):C([H]):C(N([H])[H]):C(C(=O)[S:48][C:47]):C:1[H].[H]O.[H],EVODEX-P32691
EVODEX-N13468,[H][S:48][C:47]>>[H]C1:C([H]):C([H]):C(N([H])[H]):C(C(=O)[S:48][C:47]):C:1[H],EVODEX-P32692
EVODEX-N13469,[H][S:48][C:47].[H]OP(=O)(O[H])OP(=O)(O[H])O[P:74]([O:73])(=[O:75])[O:76]>>[H]C1:C([H]):C([H]):C(N([H])[H]):C(C(=O)[S:48][C:47]):C:1[H].[H]O[P:74]([O:73])(=[O:75])[O:76],EVODEX-P32694
EVODEX-N13470,[H][S:48][C:47].[H]O[C@@]1([H])[C@@]([H])(O[H])[C@]([H])(N2:C([H]):N:C3:C(N([H])[H]):N:C([H]):N:C:3:2)O[C@]1([H])C([H])([H])OP(=O)(O[H])[O:77][P:78]>>[H]C1:C([H]):C([H]):C(N([H])[H]):C(C(=O)[S:48][C:47]):C:1[H].[H][O:77][P:78],EVODEX-P32695
EVODEX-N13471,[H]C1:C([H]):C([H]):C(N([H])[H]):C(C(=O)[O:58][H:132]):C:1[H].[O:73][P:74](=[O:75])([O:76])[O:77]>>[O:58]([P:74]([O:73])(=[O:75])[O:76])[H:132].[H][O:77],EVODEX-P32702
EVODEX-N13472,[H]C1:C([H]):C([H]):C(N([H])[H]):C(C(=O)[O:58][H:132]):C:1[H].[H]OP(=O)(O[H])OP(=O)(O[H])O[P:74]([O:73])(=[O:75])[O:76]>>[O:58]([P:74]([O:73])(=[O:75])[O:76])[H:132],EVODEX-P32704
EVODEX-N13473,[H][S:48][C:47]>>[H]C1:C([H]):C(C(=O)[S:48][C:47]):C([H]):C([H]):C:1F,EVODEX-P32708
EVODEX-N13474,[H]C1:C([H]):C(C(=O)[O:82][H:142]):C([H]):C([H]):C:1F>>[H]O[C@@]1([H])[C@@]([H])(O[H])[C@]([H])(N2:C([H]):N:C3:C(N([H])[H]):N:C([H]):N:C:3:2)O[C@]1([H])C([H])([H])OP(=O)(O[H])[O:82][H:142],EVODEX-P32710
EVODEX-N13475,[H][S:48][C:47]>>[H]C1:C([H]):C(C(=O)[S:48][C:47]):C([H]):C([H]):C:1F.[H]O.[H],EVODEX-P32712
EVODEX-N13476,[H][S:48][C:47].[H]OP(=O)(O[H])OP(=O)(O[H])O[P:64]([O:63])(=[O:65])[O:66]>>[H]C1:C([H]):C(C(=O)[S:48][C:47]):C([H]):C([H]):C:1F.[H]O[P:64]([O:63])(=[O:65])[O:66],EVODEX-P32713
EVODEX-N13477,[H][S:48][C:47].[H]O[C@@]1([H])[C@@]([H])(O[H])[C@]([H])(N2:C([H]):N:C3:C(N([H])[H]):N:C([H]):N:C:3:2)O[C@]1([H])C([H])([H])OP(=O)(O[H])[O:67][P:68]>>[H]C1:C([H]):C(C(=O)[S:48][C:47]):C([H]):C([H]):C:1F.[H][O:67][P:68],EVODEX-P32715
EVODEX-N13478,[O:63][P:64](=[O:65])([O:66])[O:67].[H]C1:C([H]):C(C(=O)[O:82][H:142]):C([H]):C([H]):C:1F>>[O:63][P:64](=[O:65])([O:66])[O:82][H:142].[H][O:67],EVODEX-P32718
EVODEX-N13479,[H]OP(=O)(O[H])OP(=O)(O[H])O[P:64]([O:63])(=[O:65])[O:66].[H]C1:C([H]):C(C(=O)[O:82][H:142]):C([H]):C([H]):C:1F>>[O:63][P:64](=[O:65])([O:66])[O:82][H:142],EVODEX-P32720
EVODEX-N13480,[H][S:48][C:47]>>[H]C1:C([H]):C(C(=O)[S:48][C:47]):C([H]):C([H]):C:1Cl,EVODEX-P32725
EVODEX-N13481,[H]C1:C([H]):C(C(=O)[O:82][H:142]):C([H]):C([H]):C:1Cl>>[H]O[C@@]1([H])[C@@]([H])(O[H])[C@]([H])(N2:C([H]):N:C3:C(N([H])[H]):N:C([H]):N:C:3:2)O[C@]1([H])C([H])([H])OP(=O)(O[H])[O:82][H:142],EVODEX-P32727
EVODEX-N13482,[H][S:48][C:47]>>[H]C1:C([H]):C(C(=O)[S:48][C:47]):C([H]):C([H]):C:1Cl.[H]O.[H],"EVODEX-P32729,EVODEX-P32742"
EVODEX-N13483,[H][S:48][C:47].[H]OP(=O)(O[H])OP(=O)(O[H])O[P:64]([O:63])(=[O:65])[O:66]>>[H]C1:C([H]):C(C(=O)[S:48][C:47]):C([H]):C([H]):C:1Cl.[H]O[P:64]([O:63])(=[O:65])[O:66],EVODEX-P32730
EVODEX-N13484,[H][S:48][C:47].[H]O[C@@]1([H])[C@@]([H])(O[H])[C@]([H])(N2:C([H]):N:C3:C(N([H])[H]):N:C([H]):N:C:3:2)O[C@]1([H])C([H])([H])OP(=O)(O[H])[O:67][P:68]>>[H]C1:C([H]):C(C(=O)[S:48][C:47]):C([H]):C([H]):C:1Cl.[H][O:67][P:68],"EVODEX-P32732,EVODEX-P32745"
EVODEX-N13485,[O:63][P:64](=[O:65])([O:66])[O:67].[H]C1:C([H]):C(C(=O)[O:82][H:142]):C([H]):C([H]):C:1Cl>>[O:63][P:64](=[O:65])([O:66])[O:82][H:142].[H][O:67],"EVODEX-P32735,EVODEX-P32748"
EVODEX-N13486,[H]OP(=O)(O[H])OP(=O)(O[H])O[P:64]([O:63])(=[O:65])[O:66].[H]C1:C([H]):C(C(=O)[O:82][H:142]):C([H]):C([H]):C:1Cl>>[O:63][P:64](=[O:65])([O:66])[O:82][H:142],EVODEX-P32737
EVODEX-N13487,[H][S:48][C:47].[H]OP(=O)(O[H])O[P:64]([O:63])(=[O:65])[O:66]>>[H]C1:C([H]):C(C(=O)[S:48][C:47]):C([H]):C([H]):C:1Cl.[H]O[P:64]([O:63])(=[O:65])[O:66],EVODEX-P32743
EVODEX-N13488,[H]OP(=O)(O[H])O[P:64]([O:63])(=[O:65])[O:66].[H]C1:C([H]):C(C(=O)[O:78][H:137]):C([H]):C([H]):C:1Cl>>[O:63][P:64](=[O:65])([O:66])[O:78][H:137],EVODEX-P32749
EVODEX-N13489,[H]OC1:C([H]):C([H]):C(/C([H])=C(\[H])C(=O)[O:58][H:136]):C([H]):C:1OC([H])([H])[H]>>[H]O[C@@]1([H])[C@@]([H])(O[H])[C@]([H])(N2:C([H]):N:C3:C(N([H])[H]):N:C([H]):N:C:3:2)O[C@]1([H])C([H])([H])OP(=O)(O[H])OP(=O)(O[H])[O:58][H:136],EVODEX-P32752
EVODEX-N13490,[H][S:48][C:47].[H]OP(=O)(O[H])O[P:82]([O:81])(=[O:83])[O:84]>>[H]OC1:C([H]):C([H]):C(/C([H])=C(\[H])C(=O)[S:48][C:47]):C([H]):C:1OC([H])([H])[H].[H]O[P:82]([O:81])(=[O:83])[O:84],EVODEX-P32755
EVODEX-N13491,[H][S:48][C:47].[H]O[C@@]1([H])[C@@]([H])(O[H])[C@]([H])(N2:C([H]):N:C3:C(N([H])[H]):N:C([H]):N:C:3:2)O[C@]1([H])C([H])([H])OP(=O)(O[H])OP(=O)(O[H])[O:85][P:86]>>[H]OC1:C([H]):C([H]):C(/C([H])=C(\[H])C(=O)[S:48][C:47]):C([H]):C:1OC([H])([H])[H].[H][O:85][P:86],EVODEX-P32756
EVODEX-N13492,[H]OC1:C([H]):C([H]):C(/C([H])=C(\[H])C(=O)[O:58][H:136]):C([H]):C:1OC([H])([H])[H].[H]OP(=O)(O[H])O[P:82]([O:81])(=[O:83])[O:84]>>[O:58]([P:82]([O:81])(=[O:83])[O:84])[H:136],EVODEX-P32763
EVODEX-N13493,[H]OC([H])([H])C([H])([H])C(=O)[O:80][H:136]>>[H]O[C@@]1([H])[C@@]([H])(O[H])[C@]([H])(N2:C([H]):C([H]):C(N([H])[H]):N:C:2=O)O[C@]1([H])C([H])([H])OP(=O)(O[H])[O:80][H:136],EVODEX-P32767
EVODEX-N13494,[H][S:48][C:47].[H]O[C@@]1([H])[C@@]([H])(O[H])[C@]([H])(N2:C([H]):C([H]):C(N([H])[H]):N:C:2=O)O[C@]1([H])C([H])([H])OP(=O)(O[H])[O:62][P:63]>>[H]OC([H])([H])C([H])([H])C(=O)[S:48][C:47].[H][O:62][P:63],EVODEX-P32772
EVODEX-N13495,[H][S:48][C:47]>>[H]OC1:C([H]):C([H]):C([H]):C(C(=O)[S:48][C:47]):C:1[H],EVODEX-P32781
EVODEX-N13496,[H]OC1:C([H]):C([H]):C([H]):C(C(=O)[O:82][H:142]):C:1[H]>>[H]O[C@@]1([H])[C@@]([H])(O[H])[C@]([H])(N2:C([H]):N:C3:C(N([H])[H]):N:C([H]):N:C:3:2)O[C@]1([H])C([H])([H])OP(=O)(O[H])[O:82][H:142],EVODEX-P32783
EVODEX-N13497,[H][S:48][C:47]>>[H]OC1:C([H]):C([H]):C([H]):C(C(=O)[S:48][C:47]):C:1[H].[H]O.[H],EVODEX-P32785
EVODEX-N13498,[H][S:48][C:47].[H]OP(=O)(O[H])OP(=O)(O[H])O[P:64]([O:63])(=[O:65])[O:66]>>[H]OC1:C([H]):C([H]):C([H]):C(C(=O)[S:48][C:47]):C:1[H].[H]O[P:64]([O:63])(=[O:65])[O:66],EVODEX-P32786
EVODEX-N13499,[H][S:48][C:47].[H]O[C@@]1([H])[C@@]([H])(O[H])[C@]([H])(N2:C([H]):N:C3:C(N([H])[H]):N:C([H]):N:C:3:2)O[C@]1([H])C([H])([H])OP(=O)(O[H])[O:67][P:68]>>[H]OC1:C([H]):C([H]):C([H]):C(C(=O)[S:48][C:47]):C:1[H].[H][O:67][P:68],EVODEX-P32788
EVODEX-N13500,[O:63][P:64](=[O:65])([O:66])[O:67].[H]OC1:C([H]):C([H]):C([H]):C(C(=O)[O:82][H:142]):C:1[H]>>[O:63][P:64](=[O:65])([O:66])[O:82][H:142].[H][O:67],EVODEX-P32791
EVODEX-N13501,[H]OP(=O)(O[H])OP(=O)(O[H])O[P:64]([O:63])(=[O:65])[O:66].[H]OC1:C([H]):C([H]):C([H]):C(C(=O)[O:82][H:142]):C:1[H]>>[O:63][P:64](=[O:65])([O:66])[O:82][H:142],EVODEX-P32793
EVODEX-N13502,[H]C1=C(C([H])([H])[H])C(C([H])([H])[H])(C([H])([H])[H])[C@@]([H])(C([H])([H])C(=O)[O:58][H:136])C1=O>>[H]O[C@@]1([H])[C@@]([H])(O[H])[C@]([H])(N2:C([H]):N:C3:C(N([H])[H]):N:C([H]):N:C:3:2)O[C@]1([H])C([H])([H])OP(=O)(O[H])[O:58][H:136],EVODEX-P32797
EVODEX-N13503,[H][S:48][C:47]>>[H]C1=C(C([H])([H])[H])C(C([H])([H])[H])(C([H])([H])[H])[C@@]([H])(C([H])([H])C(=O)[S:48][C:47])C1=O.[H]O.[H],EVODEX-P32798
EVODEX-N13504,[H][S:48][C:47]>>[H]C1=C(C([H])([H])[H])C(C([H])([H])[H])(C([H])([H])[H])[C@@]([H])(C([H])([H])C(=O)[S:48][C:47])C1=O,EVODEX-P32799
EVODEX-N13505,[H][S:48][C:47].[H]OP(=O)(O[H])OP(=O)(O[H])O[P:77]([O:76])(=[O:78])[O:79]>>[H]C1=C(C([H])([H])[H])C(C([H])([H])[H])(C([H])([H])[H])[C@@]([H])(C([H])([H])C(=O)[S:48][C:47])C1=O.[H]O[P:77]([O:76])(=[O:78])[O:79],EVODEX-P32801
EVODEX-N13506,[H][S:48][C:47].[H]O[C@@]1([H])[C@@]([H])(O[H])[C@]([H])(N2:C([H]):N:C3:C(N([H])[H]):N:C([H]):N:C:3:2)O[C@]1([H])C([H])([H])OP(=O)(O[H])[O:80][P:81]>>[H]C1=C(C([H])([H])[H])C(C([H])([H])[H])(C([H])([H])[H])[C@@]([H])(C([H])([H])C(=O)[S:48][C:47])C1=O.[H][O:80][P:81],EVODEX-P32802
EVODEX-N13507,[H]C1=C(C([H])([H])[H])C(C([H])([H])[H])(C([H])([H])[H])[C@@]([H])(C([H])([H])C(=O)[O:58][H:136])C1=O.[O:76][P:77](=[O:78])([O:79])[O:80]>>[O:58]([P:77]([O:76])(=[O:78])[O:79])[H:136].[H][O:80],EVODEX-P32809
EVODEX-N13508,[H]C1=C(C([H])([H])[H])C(C([H])([H])[H])(C([H])([H])[H])[C@@]([H])(C([H])([H])C(=O)[O:58][H:136])C1=O.[H]OP(=O)(O[H])OP(=O)(O[H])O[P:77]([O:76])(=[O:78])[O:79]>>[O:58]([P:77]([O:76])(=[O:78])[O:79])[H:136],EVODEX-P32811
EVODEX-N13509,[H][S:48][C:47]>>[H]OC([H])([H])C([H])([H])C([H])([H])C(=O)[S:48][C:47],EVODEX-P32815
EVODEX-N13510,[H]OC([H])([H])C([H])([H])C([H])([H])C(=O)[O:82][H:139]>>[H]O[C@@]1([H])[C@@]([H])(O[H])[C@]([H])(N2:C([H]):N:C3:C(N([H])[H]):N:C([H]):N:C:3:2)O[C@]1([H])C([H])([H])OP(=O)(O[H])[O:82][H:139],EVODEX-P32817
EVODEX-N13511,[H][S:48][C:47]>>[H]OC([H])([H])C([H])([H])C([H])([H])C(=O)[S:48][C:47].[H]O.[H],"EVODEX-P32819,EVODEX-P33042"
EVODEX-N13512,[H][S:48][C:47].[H]OP(=O)(O[H])OP(=O)(O[H])O[P:64]([O:63])(=[O:65])[O:66]>>[H]OC([H])([H])C([H])([H])C([H])([H])C(=O)[S:48][C:47].[H]O[P:64]([O:63])(=[O:65])[O:66],EVODEX-P32820
EVODEX-N13513,[H][S:48][C:47].[H]O[C@@]1([H])[C@@]([H])(O[H])[C@]([H])(N2:C([H]):N:C3:C(N([H])[H]):N:C([H]):N:C:3:2)O[C@]1([H])C([H])([H])OP(=O)(O[H])[O:67][P:68]>>[H]OC([H])([H])C([H])([H])C([H])([H])C(=O)[S:48][C:47].[H][O:67][P:68],EVODEX-P32822
EVODEX-N13514,[O:63][P:64](=[O:65])([O:66])[O:67].[H]OC([H])([H])C([H])([H])C([H])([H])C(=O)[O:82][H:139]>>[O:63][P:64](=[O:65])([O:66])[O:82][H:139].[H][O:67],"EVODEX-P32825,EVODEX-P33048"
EVODEX-N13515,[H]OP(=O)(O[H])OP(=O)(O[H])O[P:64]([O:63])(=[O:65])[O:66].[H]OC([H])([H])C([H])([H])C([H])([H])C(=O)[O:82][H:139]>>[O:63][P:64](=[O:65])([O:66])[O:82][H:139],EVODEX-P32827
EVODEX-N13516,[H]C1([H])C(=O)[C@@]([H])(C([H])([H])C([H])([H])C(=O)[O:60][H:145])[C@]2([H])C([H])([H])C([H])([H])C(=O)[C@@]2(C([H])([H])[H])C1([H])[H]>>[H]O[C@@]1([H])[C@@]([H])(O[H])[C@]([H])(N2:C([H]):N:C3:C(N([H])[H]):N:C([H]):N:C:3:2)O[C@]1([H])C([H])([H])OP(=O)(O[H])[O:60][H:145],EVODEX-P32831
EVODEX-N13517,[H][S:48][C:47]>>[H]C1([H])C(=O)[C@@]([H])(C([H])([H])C([H])([H])C(=O)[S:48][C:47])[C@]2([H])C([H])([H])C([H])([H])C(=O)[C@@]2(C([H])([H])[H])C1([H])[H].[H]O.[H],EVODEX-P32832
EVODEX-N13518,[H][S:48][C:47]>>[H]C1([H])C(=O)[C@@]([H])(C([H])([H])C([H])([H])C(=O)[S:48][C:47])[C@]2([H])C([H])([H])C([H])([H])C(=O)[C@@]2(C([H])([H])[H])C1([H])[H],EVODEX-P32833
EVODEX-N13519,[H][S:48][C:47].[H]OP(=O)(O[H])OP(=O)(O[H])O[P:81]([O:80])(=[O:82])[O:83]>>[H]C1([H])C(=O)[C@@]([H])(C([H])([H])C([H])([H])C(=O)[S:48][C:47])[C@]2([H])C([H])([H])C([H])([H])C(=O)[C@@]2(C([H])([H])[H])C1([H])[H].[H]O[P:81]([O:80])(=[O:82])[O:83],EVODEX-P32835
EVODEX-N13520,[H][S:48][C:47].[H]O[C@@]1([H])[C@@]([H])(O[H])[C@]([H])(N2:C([H]):N:C3:C(N([H])[H]):N:C([H]):N:C:3:2)O[C@]1([H])C([H])([H])OP(=O)(O[H])[O:84][P:85]>>[H]C1([H])C(=O)[C@@]([H])(C([H])([H])C([H])([H])C(=O)[S:48][C:47])[C@]2([H])C([H])([H])C([H])([H])C(=O)[C@@]2(C([H])([H])[H])C1([H])[H].[H][O:84][P:85],EVODEX-P32836
EVODEX-N13521,[H]C1([H])C(=O)[C@@]([H])(C([H])([H])C([H])([H])C(=O)[O:60][H:145])[C@]2([H])C([H])([H])C([H])([H])C(=O)[C@@]2(C([H])([H])[H])C1([H])[H].[O:80][P:81](=[O:82])([O:83])[O:84]>>[O:60]([P:81]([O:80])(=[O:82])[O:83])[H:145].[H][O:84],EVODEX-P32843
EVODEX-N13522,[H]C1([H])C(=O)[C@@]([H])(C([H])([H])C([H])([H])C(=O)[O:60][H:145])[C@]2([H])C([H])([H])C([H])([H])C(=O)[C@@]2(C([H])([H])[H])C1([H])[H].[H]OP(=O)(O[H])OP(=O)(O[H])O[P:81]([O:80])(=[O:82])[O:83]>>[O:60]([P:81]([O:80])(=[O:82])[O:83])[H:145],EVODEX-P32845
EVODEX-N13523,[H]C1=C2C([H])([H])C([H])([H])[C@@]3([H])[C@]4([H])C([H])([H])C([H])([H])[C@]([H])([C@]([H])(C([H])([H])[H])C([H])([H])C([H])([H])C([H])([H])C([H])(C(=O)[O:78][H:187])C([H])([H])[H])[C@@]4(C([H])([H])[H])C([H])([H])C([H])([H])[C@]3([H])[C@@]2(C([H])([H])[H])C([H])([H])C([H])([H])C1=O>>[H]O[C@@]1([H])[C@@]([H])(O[H])[C@]([H])(N2:C([H]):N:C3:C(N([H])[H]):N:C([H]):N:C:3:2)O[C@]1([H])C([H])([H])OP(=O)(O[H])[O:78][H:187],EVODEX-P32848
EVODEX-N13524,[H][S:48][C:47]>>[H]C1=C2C([H])([H])C([H])([H])[C@@]3([H])[C@]4([H])C([H])([H])C([H])([H])[C@]([H])([C@]([H])(C([H])([H])[H])C([H])([H])C([H])([H])C([H])([H])C([H])(C(=O)[S:48][C:47])C([H])([H])[H])[C@@]4(C([H])([H])[H])C([H])([H])C([H])([H])[C@]3([H])[C@@]2(C([H])([H])[H])C([H])([H])C([H])([H])C1=O.[H]O.[H],EVODEX-P32849
EVODEX-N13525,[H][S:48][C:47]>>[H]C1=C2C([H])([H])C([H])([H])[C@@]3([H])[C@]4([H])C([H])([H])C([H])([H])[C@]([H])([C@]([H])(C([H])([H])[H])C([H])([H])C([H])([H])C([H])([H])C([H])(C(=O)[S:48][C:47])C([H])([H])[H])[C@@]4(C([H])([H])[H])C([H])([H])C([H])([H])[C@]3([H])[C@@]2(C([H])([H])[H])C([H])([H])C([H])([H])C1=O,EVODEX-P32850
EVODEX-N13526,[H][S:48][C:47].[H]OP(=O)(O[H])OP(=O)(O[H])O[P:94]([O:93])(=[O:95])[O:96]>>[H]C1=C2C([H])([H])C([H])([H])[C@@]3([H])[C@]4([H])C([H])([H])C([H])([H])[C@]([H])([C@]([H])(C([H])([H])[H])C([H])([H])C([H])([H])C([H])([H])C([H])(C(=O)[S:48][C:47])C([H])([H])[H])[C@@]4(C([H])([H])[H])C([H])([H])C([H])([H])[C@]3([H])[C@@]2(C([H])([H])[H])C([H])([H])C([H])([H])C1=O.[H]O[P:94]([O:93])(=[O:95])[O:96],EVODEX-P32852
EVODEX-N13527,[H][S:48][C:47].[H]O[C@@]1([H])[C@@]([H])(O[H])[C@]([H])(N2:C([H]):N:C3:C(N([H])[H]):N:C([H]):N:C:3:2)O[C@]1([H])C([H])([H])OP(=O)(O[H])[O:97][P:98]>>[H]C1=C2C([H])([H])C([H])([H])[C@@]3([H])[C@]4([H])C([H])([H])C([H])([H])[C@]([H])([C@]([H])(C([H])([H])[H])C([H])([H])C([H])([H])C([H])([H])C([H])(C(=O)[S:48][C:47])C([H])([H])[H])[C@@]4(C([H])([H])[H])C([H])([H])C([H])([H])[C@]3([H])[C@@]2(C([H])([H])[H])C([H])([H])C([H])([H])C1=O.[H][O:97][P:98],EVODEX-P32853
EVODEX-N13528,[H]C1=C2C([H])([H])C([H])([H])[C@@]3([H])[C@]4([H])C([H])([H])C([H])([H])[C@]([H])([C@]([H])(C([H])([H])[H])C([H])([H])C([H])([H])C([H])([H])C([H])(C(=O)[O:78][H:187])C([H])([H])[H])[C@@]4(C([H])([H])[H])C([H])([H])C([H])([H])[C@]3([H])[C@@]2(C([H])([H])[H])C([H])([H])C([H])([H])C1=O.[O:93][P:94](=[O:95])([O:96])[O:97]>>[O:78]([P:94]([O:93])(=[O:95])[O:96])[H:187].[H][O:97],EVODEX-P32860
EVODEX-N13529,[H]C1=C2C([H])([H])C([H])([H])[C@@]3([H])[C@]4([H])C([H])([H])C([H])([H])[C@]([H])([C@]([H])(C([H])([H])[H])C([H])([H])C([H])([H])C([H])([H])C([H])(C(=O)[O:78][H:187])C([H])([H])[H])[C@@]4(C([H])([H])[H])C([H])([H])C([H])([H])[C@]3([H])[C@@]2(C([H])([H])[H])C([H])([H])C([H])([H])C1=O.[H]OP(=O)(O[H])OP(=O)(O[H])O[P:94]([O:93])(=[O:95])[O:96]>>[O:78]([P:94]([O:93])(=[O:95])[O:96])[H:187],EVODEX-P32862
EVODEX-N13530,[H]OC1:C([H]):C([H]):C2:C(C([H])([H])[H]):C([H]):C(OC([H])([H])[H]):C([H]):C:2:C:1C(=O)[O:63][H:143]>>[H]O[C@@]1([H])[C@@]([H])(O[H])[C@]([H])(N2:C([H]):N:C3:C(N([H])[H]):N:C([H]):N:C:3:2)O[C@]1([H])C([H])([H])OP(=O)(O[H])[O:63][H:143],EVODEX-P32865
EVODEX-N13531,[H][S:48][C:47]>>[H]OC1:C([H]):C([H]):C2:C(C([H])([H])[H]):C([H]):C(OC([H])([H])[H]):C([H]):C:2:C:1C(=O)[S:48][C:47].[H]O.[H],EVODEX-P32866
EVODEX-N13532,[H][S:48][C:47]>>[H]OC1:C([H]):C([H]):C2:C(C([H])([H])[H]):C([H]):C(OC([H])([H])[H]):C([H]):C:2:C:1C(=O)[S:48][C:47],EVODEX-P32867
EVODEX-N13533,[H][S:48][C:47].[H]OP(=O)(O[H])OP(=O)(O[H])O[P:81]([O:80])(=[O:82])[O:83]>>[H]OC1:C([H]):C([H]):C2:C(C([H])([H])[H]):C([H]):C(OC([H])([H])[H]):C([H]):C:2:C:1C(=O)[S:48][C:47].[H]O[P:81]([O:80])(=[O:82])[O:83],EVODEX-P32869
EVODEX-N13534,[H][S:48][C:47].[H]O[C@@]1([H])[C@@]([H])(O[H])[C@]([H])(N2:C([H]):N:C3:C(N([H])[H]):N:C([H]):N:C:3:2)O[C@]1([H])C([H])([H])OP(=O)(O[H])[O:84][P:85]>>[H]OC1:C([H]):C([H]):C2:C(C([H])([H])[H]):C([H]):C(OC([H])([H])[H]):C([H]):C:2:C:1C(=O)[S:48][C:47].[H][O:84][P:85],EVODEX-P32870
EVODEX-N13535,[H]OC1:C([H]):C([H]):C2:C(C([H])([H])[H]):C([H]):C(OC([H])([H])[H]):C([H]):C:2:C:1C(=O)[O:63][H:143].[O:80][P:81](=[O:82])([O:83])[O:84]>>[O:63]([P:81]([O:80])(=[O:82])[O:83])[H:143].[H][O:84],EVODEX-P32877
EVODEX-N13536,[H]OC1:C([H]):C([H]):C2:C(C([H])([H])[H]):C([H]):C(OC([H])([H])[H]):C([H]):C:2:C:1C(=O)[O:63][H:143].[H]OP(=O)(O[H])OP(=O)(O[H])O[P:81]([O:80])(=[O:82])[O:83]>>[O:63]([P:81]([O:80])(=[O:82])[O:83])[H:143],EVODEX-P32879
EVODEX-N13537,[H]OC1:C([H]):C(C([H])([H])[H]):C2:C([H]):C([H]):C(O[H]):C(C(=O)[O:59][H:138]):C:2:C:1[H]>>[H]O[C@@]1([H])[C@@]([H])(O[H])[C@]([H])(N2:C([H]):N:C3:C(N([H])[H]):N:C([H]):N:C:3:2)O[C@]1([H])C([H])([H])OP(=O)(O[H])[O:59][H:138],EVODEX-P32882
EVODEX-N13538,[H][S:48][C:47]>>[H]OC1:C([H]):C(C([H])([H])[H]):C2:C([H]):C([H]):C(O[H]):C(C(=O)[S:48][C:47]):C:2:C:1[H].[H]O.[H],EVODEX-P32883
EVODEX-N13539,[H][S:48][C:47]>>[H]OC1:C([H]):C(C([H])([H])[H]):C2:C([H]):C([H]):C(O[H]):C(C(=O)[S:48][C:47]):C:2:C:1[H],EVODEX-P32884
EVODEX-N13540,[H][S:48][C:47].[H]OP(=O)(O[H])OP(=O)(O[H])O[P:80]([O:79])(=[O:81])[O:82]>>[H]OC1:C([H]):C(C([H])([H])[H]):C2:C([H]):C([H]):C(O[H]):C(C(=O)[S:48][C:47]):C:2:C:1[H].[H]O[P:80]([O:79])(=[O:81])[O:82],EVODEX-P32886
EVODEX-N13541,[H][S:48][C:47].[H]O[C@@]1([H])[C@@]([H])(O[H])[C@]([H])(N2:C([H]):N:C3:C(N([H])[H]):N:C([H]):N:C:3:2)O[C@]1([H])C([H])([H])OP(=O)(O[H])[O:83][P:84]>>[H]OC1:C([H]):C(C([H])([H])[H]):C2:C([H]):C([H]):C(O[H]):C(C(=O)[S:48][C:47]):C:2:C:1[H].[H][O:83][P:84],EVODEX-P32887
EVODEX-N13542,[H]OC1:C([H]):C(C([H])([H])[H]):C2:C([H]):C([H]):C(O[H]):C(C(=O)[O:59][H:138]):C:2:C:1[H].[O:79][P:80](=[O:81])([O:82])[O:83]>>[O:59]([P:80]([O:79])(=[O:81])[O:82])[H:138].[H][O:83],EVODEX-P32894
EVODEX-N13543,[H]OC1:C([H]):C(C([H])([H])[H]):C2:C([H]):C([H]):C(O[H]):C(C(=O)[O:59][H:138]):C:2:C:1[H].[H]OP(=O)(O[H])OP(=O)(O[H])O[P:80]([O:79])(=[O:81])[O:82]>>[O:59]([P:80]([O:79])(=[O:81])[O:82])[H:138],EVODEX-P32896
EVODEX-N13544,[H]C([H])([H])SC([H])([H])C([H])([H])C(=O)[O:55][H:130]>>[H]O[C@@]1([H])[C@@]([H])(O[H])[C@]([H])(N2:C([H]):N:C3:C(N([H])[H]):N:C([H]):N:C:3:2)O[C@]1([H])C([H])([H])OP(=O)(O[H])[O:55][H:130],EVODEX-P32899
EVODEX-N13545,[H][S:48][C:47]>>[H]C([H])([H])SC([H])([H])C([H])([H])C(=O)[S:48][C:47].[H]O.[H],EVODEX-P32900
EVODEX-N13546,[H][S:48][C:47]>>[H]C([H])([H])SC([H])([H])C([H])([H])C(=O)[S:48][C:47],EVODEX-P32901
EVODEX-N13547,[H][S:48][C:47].[H]OP(=O)(O[H])OP(=O)(O[H])O[P:71]([O:70])(=[O:72])[O:73]>>[H]C([H])([H])SC([H])([H])C([H])([H])C(=O)[S:48][C:47].[H]O[P:71]([O:70])(=[O:72])[O:73],EVODEX-P32903
EVODEX-N13548,[H][S:48][C:47].[H]O[C@@]1([H])[C@@]([H])(O[H])[C@]([H])(N2:C([H]):N:C3:C(N([H])[H]):N:C([H]):N:C:3:2)O[C@]1([H])C([H])([H])OP(=O)(O[H])[O:74][P:75]>>[H]C([H])([H])SC([H])([H])C([H])([H])C(=O)[S:48][C:47].[H][O:74][P:75],EVODEX-P32904
EVODEX-N13549,[H]C([H])([H])SC([H])([H])C([H])([H])C(=O)[O:55][H:130].[O:70][P:71](=[O:72])([O:73])[O:74]>>[O:55]([P:71]([O:70])(=[O:72])[O:73])[H:130].[H][O:74],EVODEX-P32911
EVODEX-N13550,[H]C([H])([H])SC([H])([H])C([H])([H])C(=O)[O:55][H:130].[H]OP(=O)(O[H])OP(=O)(O[H])O[P:71]([O:70])(=[O:72])[O:73]>>[O:55]([P:71]([O:70])(=[O:72])[O:73])[H:130],EVODEX-P32913
EVODEX-N13551,[H]C([H])=C([H])C(=O)[O:5][H:88].[O:68][P:69](=[O:70])([O:71])[O:72]>>[O:5]([P:69]([O:68])(=[O:70])[O:71])[H:88].[H][O:72],EVODEX-P32922
EVODEX-N13552,[H][S:53][C:52]>>[H]C([H])=C([H])C(=O)[S:53][C:52].[H]O.[H],EVODEX-P32925
EVODEX-N13553,[H][S:53][C:52].[H]OP(=O)(O[H])OP(=O)(O[H])O[P:69]([O:68])(=[O:70])[O:71]>>[H]C([H])=C([H])C(=O)[S:53][C:52].[H]O[P:69]([O:68])(=[O:70])[O:71],EVODEX-P32926
EVODEX-N13554,[H]C([H])=C([H])C(=O)[O:5][H:88].[H]OP(=O)(O[H])OP(=O)(O[H])O[P:69]([O:68])(=[O:70])[O:71]>>[O:5]([P:69]([O:68])(=[O:70])[O:71])[H:88],EVODEX-P32927
EVODEX-N13555,[H]C([H])=C([H])C(=O)[O:5][H:88]>>[H]O[C@@]1([H])[C@@]([H])(O[H])[C@]([H])(N2:C([H]):N:C3:C(N([H])[H]):N:C([H]):N:C:3:2)O[C@]1([H])C([H])([H])OP(=O)(O[H])[O:5][H:88],EVODEX-P32928
EVODEX-N13556,[H][S:53][C:52]>>[H]C([H])=C([H])C(=O)[S:53][C:52],EVODEX-P32929
EVODEX-N13557,[H][S:53][C:52].[H]O[C@@]1([H])[C@@]([H])(O[H])[C@]([H])(N2:C([H]):N:C3:C(N([H])[H]):N:C([H]):N:C:3:2)O[C@]1([H])C([H])([H])OP(=O)(O[H])[O:72][P:73]>>[H]C([H])=C([H])C(=O)[S:53][C:52].[H][O:72][P:73],EVODEX-P32930
EVODEX-N13558,[H]OP(=O)(O[H])OP(=O)(O[H])O[P:16]([O:15])(=[O:17])[O:18]>>[H]OC1:C([H]):C([H]):C(C(=O)O[P:16]([O:15])(=[O:17])[O:18]):C([H]):C:1[H],EVODEX-P32967
EVODEX-N13559,[H]OP(=O)(O[H])OP(=O)(O[H])O[P:16]([O:15])(=[O:17])[O:18]>>[H]OC1:C([H]):C([H]):C(C([H])([H])C([H])([H])C([H])([H])C([H])([H])C([H])([H])C([H])([H])C([H])([H])C([H])([H])C([H])([H])C([H])([H])C([H])([H])C([H])([H])C([H])([H])C([H])([H])C([H])([H])C([H])([H])C(=O)O[P:16]([O:15])(=[O:17])[O:18]):C([H]):C:1[H],EVODEX-P32972
EVODEX-N13560,>>[H]OC1:C([H]):C([H]):C(C([H])([H])C([H])([H])C([H])([H])C([H])([H])C([H])([H])C([H])([H])C([H])([H])C([H])([H])C([H])([H])C([H])([H])C([H])([H])C([H])([H])C([H])([H])C([H])([H])C([H])([H])C([H])([H])C(O)=O):C([H]):C:1[H].[H],EVODEX-P32973
EVODEX-N13561,[H]OP(=O)(O[H])OP(=O)(O[H])O[P:16]([O:15])(=[O:17])[O:18]>>[H]OC1:C([H]):C([H]):C(C([H])([H])C([H])([H])C([H])([H])C([H])([H])C([H])([H])C([H])([H])C([H])([H])C([H])([H])C([H])([H])C([H])([H])C([H])([H])C([H])([H])C([H])([H])C([H])([H])C([H])([H])C([H])([H])C([H])([H])C([H])([H])C(=O)O[P:16]([O:15])(=[O:17])[O:18]):C([H]):C:1[H],EVODEX-P32977
EVODEX-N13562,>>[H]OC1:C([H]):C([H]):C(C([H])([H])C([H])([H])C([H])([H])C([H])([H])C([H])([H])C([H])([H])C([H])([H])C([H])([H])C([H])([H])C([H])([H])C([H])([H])C([H])([H])C([H])([H])C([H])([H])C([H])([H])C([H])([H])C([H])([H])C([H])([H])C(O)=O):C([H]):C:1[H].[H],EVODEX-P32978
EVODEX-N13563,[H][S:48][C:47]>>[H]OC1:C([H]):C([H]):C2:N:C(C3=N[C@]([H])(C(=O)[S:48][C:47])C([H])([H])S3):S:C:2:C:1[H],EVODEX-P32982
EVODEX-N13564,[H]OC1:C([H]):C([H]):C2:N:C(C3=N[C@]([H])(C(=O)[O:82][H:150])C([H])([H])S3):S:C:2:C:1[H]>>[H]O[C@@]1([H])[C@@]([H])(O[H])[C@]([H])(N2:C([H]):N:C3:C(N([H])[H]):N:C([H]):N:C:3:2)O[C@]1([H])C([H])([H])OP(=O)(O[H])[O:82][H:150],EVODEX-P32984
EVODEX-N13565,[H][S:48][C:47]>>[H]OC1:C([H]):C([H]):C2:N:C(C3=N[C@]([H])(C(=O)[S:48][C:47])C([H])([H])S3):S:C:2:C:1[H].[H]O.[H],EVODEX-P32986
EVODEX-N13566,[H][S:48][C:47].[H]OP(=O)(O[H])OP(=O)(O[H])O[P:64]([O:63])(=[O:65])[O:66]>>[H]OC1:C([H]):C([H]):C2:N:C(C3=N[C@]([H])(C(=O)[S:48][C:47])C([H])([H])S3):S:C:2:C:1[H].[H]O[P:64]([O:63])(=[O:65])[O:66],EVODEX-P32987
EVODEX-N13567,[H][S:48][C:47].[H]O[C@@]1([H])[C@@]([H])(O[H])[C@]([H])(N2:C([H]):N:C3:C(N([H])[H]):N:C([H]):N:C:3:2)O[C@]1([H])C([H])([H])OP(=O)(O[H])[O:67][P:68]>>[H]OC1:C([H]):C([H]):C2:N:C(C3=N[C@]([H])(C(=O)[S:48][C:47])C([H])([H])S3):S:C:2:C:1[H].[H][O:67][P:68],EVODEX-P32989
EVODEX-N13568,[O:63][P:64](=[O:65])([O:66])[O:67].[H]OC1:C([H]):C([H]):C2:N:C(C3=N[C@]([H])(C(=O)[O:82][H:150])C([H])([H])S3):S:C:2:C:1[H]>>[O:63][P:64](=[O:65])([O:66])[O:82][H:150].[H][O:67],EVODEX-P32992
EVODEX-N13569,[H]OP(=O)(O[H])OP(=O)(O[H])O[P:64]([O:63])(=[O:65])[O:66].[H]OC1:C([H]):C([H]):C2:N:C(C3=N[C@]([H])(C(=O)[O:82][H:150])C([H])([H])S3):S:C:2:C:1[H]>>[O:63][P:64](=[O:65])([O:66])[O:82][H:150],EVODEX-P32994
EVODEX-N13570,[H]OC1:C([H]):C([H]):C2:N:C(C3=N[C@]([H])(C(=O)[S:48][C:47])C([H])([H])S3):S:C:2:C:1[H].[H]O[P:81]([O:80])(=[O:82])[O:84].[H][O:91][P:90]>>[H][S:48][C:47].[O:80][P:81](=[O:82])([O:84])[O:91][P:90],EVODEX-P33000
EVODEX-N13571,[H]OC1:C([H]):C([H]):C2:N:C(C3=N[C@]([H])(C(=O)[S:48][C:47])C([H])([H])S3):S:C:2:C:1[H].[H][O:91][P:90]>>[H][S:48][C:47].[H]O[C@@]1([H])[C@@]([H])(O[H])[C@]([H])(N2:C([H]):N:C3:C(N([H])[H]):N:C([H]):N:C:3:2)O[C@]1([H])C([H])([H])OP(=O)(O[H])[O:91][P:90],EVODEX-P33003
EVODEX-N13572,[H]OC1:C([H]):C([H]):C2:N:C(C3=N[C@]([H])(C(=O)[S:48][C:47])C([H])([H])S3):S:C:2:C:1[H]>>[H][S:48][C:47],EVODEX-P33008
EVODEX-N13573,[H]OC1:C([H]):C([H]):C2:N:C(C3=N[C@]([H])(C(=O)[S:48][C:47])C([H])([H])S3):S:C:2:C:1[H].[H]O[P:81]([O:80])(=[O:82])[O:84]>>[H][S:48][C:47].[H]OP(=O)(O[H])OP(=O)(O[H])O[P:81]([O:80])(=[O:82])[O:84],EVODEX-P33009
EVODEX-N13574,[H]O[C@@]1([H])[C@@]([H])(O[H])[C@]([H])(N2:C([H]):N:C3:C(N([H])[H]):N:C([H]):N:C:3:2)O[C@]1([H])C([H])([H])OP(=O)(O[H])[O:83][H:148]>>[H]OC1:C([H]):C([H]):C2:N:C(C3=N[C@]([H])(C(=O)[O:83][H:148])C([H])([H])S3):S:C:2:C:1[H],EVODEX-P33010
EVODEX-N13575,[O:80][P:81](=[O:82])([O:83])[O:84].[H][O:91][P:90]>>[H]OC1:C([H]):C([H]):C2:N:C(C3=N[C@]([H])(C(=O)[O:83])C([H])([H])S3):S:C:2:C:1[H].[O:80][P:81](=[O:82])([O:84])[O:91][P:90],EVODEX-P33011
EVODEX-N13576,>>[H]OC1:C([H]):C([H]):C2:N:C(C3=N[C@]([H])(C=O)C([H])([H])S3):S:C:2:C:1[H].[H]OP(O)(=O)OP(=O)(O[H])O[H],EVODEX-P33012
EVODEX-N13577,[H]OP(=O)(O[H])OP(=O)(O[H])O[P:16]([O:15])(=[O:17])[O:18]>>[H]N1C([H])([H])C([H])([H])C([H])([H])[C@@]1([H])C(=O)O[P:16]([O:15])(=[O:17])[O:18],EVODEX-P33016
EVODEX-N13578,>>[H]N1C([H])([H])C([H])([H])C([H])([H])[C@@]1([H])C(O)=O.[H],EVODEX-P33017
EVODEX-N13579,[H]OP(=O)(O[H])OP(=O)(O[H])O[P:22]([O:21])(=[O:23])[O:24]>>[H]N([H])[C@@]([H])(C(=O)O[P:22]([O:21])(=[O:23])[O:24])C([H])([H])[H],EVODEX-P33020
EVODEX-N13580,[H]C([H])([H])C([H])([H])C([H])([H])C(=O)[O:54][H:129]>>[H]O[C@@]1([H])[C@@]([H])(O[H])[C@]([H])(N2:C([H]):N:C3:C(N([H])[H]):N:C([H]):N:C:3:2)O[C@]1([H])C([H])([H])OP(=O)(O[H])OP(=O)(O[H])[O:54][H:129],EVODEX-P33025
EVODEX-N13581,[H][S:48][C:47].[H]OP(=O)(O[H])O[P:74]([O:73])(=[O:75])[O:76]>>[H]C([H])([H])C([H])([H])C([H])([H])C(=O)[S:48][C:47].[H]O[P:74]([O:73])(=[O:75])[O:76],EVODEX-P33028
EVODEX-N13582,[H][S:48][C:47].[H]O[C@@]1([H])[C@@]([H])(O[H])[C@]([H])(N2:C([H]):N:C3:C(N([H])[H]):N:C([H]):N:C:3:2)O[C@]1([H])C([H])([H])OP(=O)(O[H])OP(=O)(O[H])[O:77][P:78]>>[H]C([H])([H])C([H])([H])C([H])([H])C(=O)[S:48][C:47].[H][O:77][P:78],EVODEX-P33029
EVODEX-N13583,[H]C([H])([H])C([H])([H])C([H])([H])C(=O)[O:54][H:129].[H]OP(=O)(O[H])O[P:74]([O:73])(=[O:75])[O:76]>>[O:54]([P:74]([O:73])(=[O:75])[O:76])[H:129],EVODEX-P33036
EVODEX-N13584,[H]OC([H])([H])C([H])([H])C([H])([H])C(=O)[O:82][H:139]>>[H]O[C@@]1([H])[C@@]([H])(O[H])[C@]([H])(N2:C([H]):N:C3:C(N([H])[H]):N:C([H]):N:C:3:2)O[C@]1([H])C([H])([H])OP(=O)(O[H])OP(=O)(O[H])[O:82][H:139],EVODEX-P33040
EVODEX-N13585,[H][S:48][C:47].[H]OP(=O)(O[H])O[P:68]([O:67])(=[O:69])[O:70]>>[H]OC([H])([H])C([H])([H])C([H])([H])C(=O)[S:48][C:47].[H]O[P:68]([O:67])(=[O:69])[O:70],EVODEX-P33043
EVODEX-N13586,[H][S:48][C:47].[H]O[C@@]1([H])[C@@]([H])(O[H])[C@]([H])(N2:C([H]):N:C3:C(N([H])[H]):N:C([H]):N:C:3:2)O[C@]1([H])C([H])([H])OP(=O)(O[H])OP(=O)(O[H])[O:71][P:72]>>[H]OC([H])([H])C([H])([H])C([H])([H])C(=O)[S:48][C:47].[H][O:71][P:72],EVODEX-P33045
EVODEX-N13587,[H]OP(=O)(O[H])O[P:68]([O:67])(=[O:69])[O:70].[H]OC([H])([H])C([H])([H])C([H])([H])C(=O)[O:82][H:139]>>[O:67][P:68](=[O:69])([O:70])[O:82][H:139],EVODEX-P33049
EVODEX-N13588,[H][S:48][C:47]>>[H]OC(=O)C1:C([H]):C([H]):C([H]):C(C(=O)[S:48][C:47]):C:1[H],EVODEX-P33054
EVODEX-N13589,[H]OC(=O)C1:C([H]):C([H]):C([H]):C(C(=O)[O:82][H:144]):C:1[H]>>[H]O[C@@]1([H])[C@@]([H])(O[H])[C@]([H])(N2:C([H]):N:C3:C(N([H])[H]):N:C([H]):N:C:3:2)O[C@]1([H])C([H])([H])OP(=O)(O[H])[O:82][H:144],EVODEX-P33056
EVODEX-N13590,[H][S:48][C:47]>>[H]OC(=O)C1:C([H]):C([H]):C([H]):C(C(=O)[S:48][C:47]):C:1[H].[H]O.[H],EVODEX-P33058
EVODEX-N13591,[H][S:48][C:47].[H]OP(=O)(O[H])OP(=O)(O[H])O[P:64]([O:63])(=[O:65])[O:66]>>[H]OC(=O)C1:C([H]):C([H]):C([H]):C(C(=O)[S:48][C:47]):C:1[H].[H]O[P:64]([O:63])(=[O:65])[O:66],EVODEX-P33059
EVODEX-N13592,[H][S:48][C:47].[H]O[C@@]1([H])[C@@]([H])(O[H])[C@]([H])(N2:C([H]):N:C3:C(N([H])[H]):N:C([H]):N:C:3:2)O[C@]1([H])C([H])([H])OP(=O)(O[H])[O:67][P:68]>>[H]OC(=O)C1:C([H]):C([H]):C([H]):C(C(=O)[S:48][C:47]):C:1[H].[H][O:67][P:68],EVODEX-P33061
EVODEX-N13593,[O:63][P:64](=[O:65])([O:66])[O:67].[H]OC(=O)C1:C([H]):C([H]):C([H]):C(C(=O)[O:82][H:144]):C:1[H]>>[O:63][P:64](=[O:65])([O:66])[O:82][H:144].[H][O:67],EVODEX-P33064
EVODEX-N13594,[H]OP(=O)(O[H])OP(=O)(O[H])O[P:64]([O:63])(=[O:65])[O:66].[H]OC(=O)C1:C([H]):C([H]):C([H]):C(C(=O)[O:82][H:144]):C:1[H]>>[O:63][P:64](=[O:65])([O:66])[O:82][H:144],EVODEX-P33066
EVODEX-N13595,[H]O[C@]1([H])[C@@]([H])(C([H])([H])/C([H])=C(\[H])[C@@]([H])(C([H])([H])[H])[C@@]([H])(O[H])C([H])([H])[H])C([H])([H])O[C@@]([H])(C([H])([H])/C(=C(\[H])C(=O)OC([H])([H])C([H])([H])C([H])([H])C([H])([H])C([H])([H])C([H])([H])C([H])([H])C(=O)[O:16][H:131])C([H])([H])[H])[C@]1([H])O[H].[H]OP(=O)(O[H])OP(=O)(O[H])O[P:97]([O:96])(=[O:98])[O:99]>>[O:16]([P:97]([O:96])(=[O:98])[O:99])[H:131],EVODEX-P33073
EVODEX-N13596,[H]O[C@]1([H])[C@@]([H])(C([H])([H])/C([H])=C(\[H])[C@@]([H])(C([H])([H])[H])[C@@]([H])(O[H])C([H])([H])[H])C([H])([H])O[C@@]([H])(C([H])([H])/C(=C(\[H])C(=O)OC([H])([H])C([H])([H])C([H])([H])C([H])([H])C([H])([H])C([H])([H])C([H])([H])C(=O)[O:16][H:131])C([H])([H])[H])[C@]1([H])O[H]>>[H]O[C@@]1([H])[C@@]([H])(O[H])[C@]([H])(N2:C([H]):N:C3:C(N([H])[H]):N:C([H]):N:C:3:2)O[C@]1([H])C([H])([H])OP(=O)(O[H])[O:16][H:131],EVODEX-P33074
EVODEX-N13597,[H]O[C@]1([H])[C@@]([H])(C([H])([H])/C([H])=C(\[H])[C@@]([H])(C([H])([H])[H])[C@@]([H])(O[H])C([H])([H])[H])C([H])([H])O[C@@]([H])(C([H])([H])/C(=C(\[H])C(=O)OC([H])([H])C([H])([H])C([H])([H])C([H])([H])C([H])([H])C([H])([H])C([H])([H])C(=O)[O:16][H:131])C([H])([H])[H])[C@]1([H])O[H].[O:96][P:97](=[O:98])([O:99])[O:100]>>[H][O:100].[O:16]([P:97]([O:96])(=[O:98])[O:99])[H:131],EVODEX-P33078
EVODEX-N13598,[H][S:81][C:80]>>[H]O[C@]1([H])[C@@]([H])(C([H])([H])/C([H])=C(\[H])[C@@]([H])(C([H])([H])[H])[C@@]([H])(O[H])C([H])([H])[H])C([H])([H])O[C@@]([H])(C([H])([H])/C(=C(\[H])C(=O)OC([H])([H])C([H])([H])C([H])([H])C([H])([H])C([H])([H])C([H])([H])C([H])([H])C(=O)[S:81][C:80])C([H])([H])[H])[C@]1([H])O[H].[H].[H]O,EVODEX-P33080
EVODEX-N13599,[H][S:81][C:80].[H]O[C@@]1([H])[C@@]([H])(O[H])[C@]([H])(N2:C([H]):N:C3:C(N([H])[H]):N:C([H]):N:C:3:2)O[C@]1([H])C([H])([H])OP(=O)(O[H])[O:100][P:101]>>[H]O[C@]1([H])[C@@]([H])(C([H])([H])/C([H])=C(\[H])[C@@]([H])(C([H])([H])[H])[C@@]([H])(O[H])C([H])([H])[H])C([H])([H])O[C@@]([H])(C([H])([H])/C(=C(\[H])C(=O)OC([H])([H])C([H])([H])C([H])([H])C([H])([H])C([H])([H])C([H])([H])C([H])([H])C(=O)[S:81][C:80])C([H])([H])[H])[C@]1([H])O[H].[H][O:100][P:101],EVODEX-P33082
EVODEX-N13600,[H][S:81][C:80]>>[H]O[C@]1([H])[C@@]([H])(C([H])([H])/C([H])=C(\[H])[C@@]([H])(C([H])([H])[H])[C@@]([H])(O[H])C([H])([H])[H])C([H])([H])O[C@@]([H])(C([H])([H])/C(=C(\[H])C(=O)OC([H])([H])C([H])([H])C([H])([H])C([H])([H])C([H])([H])C([H])([H])C([H])([H])C(=O)[S:81][C:80])C([H])([H])[H])[C@]1([H])O[H],EVODEX-P33083
EVODEX-N13601,[H][S:81][C:80].[H]OP(=O)(O[H])OP(=O)(O[H])O[P:97]([O:96])(=[O:98])[O:99]>>[H]O[C@]1([H])[C@@]([H])(C([H])([H])/C([H])=C(\[H])[C@@]([H])(C([H])([H])[H])[C@@]([H])(O[H])C([H])([H])[H])C([H])([H])O[C@@]([H])(C([H])([H])/C(=C(\[H])C(=O)OC([H])([H])C([H])([H])C([H])([H])C([H])([H])C([H])([H])C([H])([H])C([H])([H])C(=O)[S:81][C:80])C([H])([H])[H])[C@]1([H])O[H].[H]O[P:97]([O:96])(=[O:98])[O:99],EVODEX-P33084
EVODEX-N13602,[H]C([H])([H])C([H])([H])C([H])([H])C([H])([H])C([H])([H])C([H])([H])C([H])([H])C(=O)[O:58][H:141]>>[H]O[C@@]1([H])[C@@]([H])(O[H])[C@]([H])(N2:C([H]):N:C3:C(N([H])[H]):N:C([H]):N:C:3:2)O[C@]1([H])C([H])([H])OP(=O)(O[H])[O:58][H:141],EVODEX-P33087
EVODEX-N13603,[H][S:48][C:47]>>[H]C([H])([H])C([H])([H])C([H])([H])C([H])([H])C([H])([H])C([H])([H])C([H])([H])C(=O)[S:48][C:47].[H]O.[H],EVODEX-P33088
EVODEX-N13604,[H][S:48][C:47]>>[H]C([H])([H])C([H])([H])C([H])([H])C([H])([H])C([H])([H])C([H])([H])C([H])([H])C(=O)[S:48][C:47],EVODEX-P33089
EVODEX-N13605,[H][S:48][C:47].[H]OP(=O)(O[H])OP(=O)(O[H])O[P:74]([O:73])(=[O:75])[O:76]>>[H]C([H])([H])C([H])([H])C([H])([H])C([H])([H])C([H])([H])C([H])([H])C([H])([H])C(=O)[S:48][C:47].[H]O[P:74]([O:73])(=[O:75])[O:76],EVODEX-P33091
EVODEX-N13606,[H][S:48][C:47].[H]O[C@@]1([H])[C@@]([H])(O[H])[C@]([H])(N2:C([H]):N:C3:C(N([H])[H]):N:C([H]):N:C:3:2)O[C@]1([H])C([H])([H])OP(=O)(O[H])[O:77][P:78]>>[H]C([H])([H])C([H])([H])C([H])([H])C([H])([H])C([H])([H])C([H])([H])C([H])([H])C(=O)[S:48][C:47].[H][O:77][P:78],EVODEX-P33092
EVODEX-N13607,[H]C([H])([H])C([H])([H])C([H])([H])C([H])([H])C([H])([H])C([H])([H])C([H])([H])C(=O)[O:58][H:141].[O:73][P:74](=[O:75])([O:76])[O:77]>>[O:58]([P:74]([O:73])(=[O:75])[O:76])[H:141].[H][O:77],EVODEX-P33099
EVODEX-N13608,[H]C([H])([H])C([H])([H])C([H])([H])C([H])([H])C([H])([H])C([H])([H])C([H])([H])C(=O)[O:58][H:141].[H]OP(=O)(O[H])OP(=O)(O[H])O[P:74]([O:73])(=[O:75])[O:76]>>[O:58]([P:74]([O:73])(=[O:75])[O:76])[H:141],EVODEX-P33101
EVODEX-N13609,[H]OP(=O)(O[H])OP(=O)(O[H])O[P:16]([O:15])(=[O:17])[O:18]>>[H]OC1:C([H]):C([H]):C([H]):C([H]):C:1C(=O)O[P:16]([O:15])(=[O:17])[O:18],EVODEX-P33105
EVODEX-N13610,>>[H]OC1:C([H]):C([H]):C([H]):C([H]):C:1C(O)=O.[H],EVODEX-P33106
EVODEX-N13611,[H]OP(=O)(O[H])OP(=O)(O[H])O[P:16]([O:15])(=[O:17])[O:18]>>[H]OC1:C([H]):C([H]):C(C(=O)O[P:16]([O:15])(=[O:17])[O:18]):C([H]):C:1O[H],EVODEX-P33110
EVODEX-N13612,>>[H]OC1:C([H]):C([H]):C(C(O)=O):C([H]):C:1O[H].[H],EVODEX-P33111
EVODEX-N13613,[H]OP(=O)(O[H])OP(=O)(O[H])O[P:28]([O:27])(=[O:29])[O:30]>>[H]N=C(N([H])[H])N([H])C([H])([H])C([H])([H])C([H])([H])[C@@]([H])(C(=O)O[P:28]([O:27])(=[O:29])[O:30])N([H])[H],EVODEX-P33115
EVODEX-N13614,[H]OC1:C([H]):C([H]):C([H]):C([H]):C:1C(=O)[O:67][P:64]>>[H][O:67][P:64],EVODEX-P33118
EVODEX-N13615,[H][S:48][C:47].[H]O[C@@]1([H])[C@@]([H])(O[H])[C@]([H])(N2:C([H]):N:C3:C(N([H])[H]):N:C([H]):N:C:3:2)O[C@]1([H])C([H])([H])OP(=O)(O[H])O[C:68](=[O:69])[C:70]>>[C:47][S:48][C:68](=[O:69])[C:70],EVODEX-P33119
EVODEX-N13616,[H]O[C@@]1([H])[C@@]([H])(O[H])[C@]([H])(N2:C([H]):N:C3:C(N([H])[H]):N:C([H]):N:C:3:2)O[C@]1([H])C([H])([H])OP(=O)(O[H])O[C:68](=[O:69])[C:70]>>[H]O[C@]1([H])[C@]([H])(OP(=O)(O[H])O[H])[C@@]([H])(C([H])([H])OP(=O)(O[H])OP(=O)(O[H])OC([H])([H])C(C([H])([H])[H])(C([H])([H])[H])[C@@]([H])(O[H])C(=O)N([H])C([H])([H])C([H])([H])C(=O)N([H])C([H])([H])C([H])([H])S[C:68](=[O:69])[C:70])O[C@@]1([H])N1:C([H]):N:C2:C(N([H])[H]):N:C([H]):N:C:2:1,EVODEX-P33120
EVODEX-N13617,[H][S:48][C:47]>>[H]OC1:C([H]):C([H]):C([H]):C([H]):C:1C(=O)[S:48][C:47],EVODEX-P33121
EVODEX-N13618,[H]OC1:C([H]):C([H]):C([H]):C([H]):C:1C(=O)[O:82][H:142]>>[H]O[C@@]1([H])[C@@]([H])(O[H])[C@]([H])(N2:C([H]):N:C3:C(N([H])[H]):N:C([H]):N:C:3:2)O[C@]1([H])C([H])([H])OP(=O)(O[H])[O:82][H:142],EVODEX-P33127
EVODEX-N13619,[H][S:48][C:47]>>[H]OC1:C([H]):C([H]):C([H]):C([H]):C:1C(=O)[S:48][C:47].[H]O.[H],EVODEX-P33129
EVODEX-N13620,[H][S:48][C:47].[H]OP(=O)(O[H])OP(=O)(O[H])O[P:64]([O:63])(=[O:65])[O:66]>>[H]OC1:C([H]):C([H]):C([H]):C([H]):C:1C(=O)[S:48][C:47].[H]O[P:64]([O:63])(=[O:65])[O:66],EVODEX-P33130
EVODEX-N13621,[H][S:48][C:47].[H]O[C@@]1([H])[C@@]([H])(O[H])[C@]([H])(N2:C([H]):N:C3:C(N([H])[H]):N:C([H]):N:C:3:2)O[C@]1([H])C([H])([H])OP(=O)(O[H])[O:67][P:68]>>[H]OC1:C([H]):C([H]):C([H]):C([H]):C:1C(=O)[S:48][C:47].[H][O:67][P:68],EVODEX-P33132
EVODEX-N13622,[O:63][P:64](=[O:65])([O:66])[O:67].[H]OC1:C([H]):C([H]):C([H]):C([H]):C:1C(=O)[O:82][H:142]>>[O:63][P:64](=[O:65])([O:66])[O:82][H:142].[H][O:67],EVODEX-P33135
EVODEX-N13623,[H]OP(=O)(O[H])OP(=O)(O[H])O[P:64]([O:63])(=[O:65])[O:66].[H]OC1:C([H]):C([H]):C([H]):C([H]):C:1C(=O)[O:82][H:142]>>[O:63][P:64](=[O:65])([O:66])[O:82][H:142],EVODEX-P33137
EVODEX-N13624,[H]OP(=O)(O[H])OP(=O)(O[H])O[P:21]([O:20])(=[O:22])[O:23]>>[H]N([H])C([H])([H])C(=O)O[P:21]([O:20])(=[O:22])[O:23],EVODEX-P33141
EVODEX-N13625,[H]OP(=O)(O[H])OP(=O)(O[H])O[P:26]([O:25])(=[O:27])[O:28]>>[H]OC(=O)C([H])([H])C([H])([H])[C@@]([H])(C(=O)O[P:26]([O:25])(=[O:27])[O:28])N([H])[H],EVODEX-P33147
EVODEX-N13626,[H]OP(=O)(O[H])OP(=O)(O[H])O[P:23]([O:22])(=[O:24])[O:25]>>[H]SC([H])([H])[C@@]([H])(C(=O)O[P:23]([O:22])(=[O:24])[O:25])N([H])[H],EVODEX-P33151
EVODEX-N13627,[H]OP(=O)(O[H])OP(=O)(O[H])O[P:24]([O:23])(=[O:25])[O:26]>>[H]O[C@]([H])(C([H])([H])[H])[C@@]([H])(C(=O)O[P:24]([O:23])(=[O:25])[O:26])N([H])[H],EVODEX-P33156
EVODEX-N13628,[H]OP(=O)(O[H])OP(=O)(O[H])O[P:16]([O:15])(=[O:17])[O:18]>>[H]OC1:C([H]):C([H]):C([H]):C(C(=O)O[P:16]([O:15])(=[O:17])[O:18]):C:1O[H],EVODEX-P33162
EVODEX-N13629,>>[H]OC1:C([H]):C([H]):C([H]):C(C(O)=O):C:1O[H].[H],EVODEX-P33163
EVODEX-N13630,[H]OC1:C([H]):C([H]):C([H]):C(C(=O)O[P:16]([O:15])(=[O:17])[O:18]):C:1O[H].[H][O:36][P:35]>>[O:15][P:16](=[O:17])([O:18])[O:36][P:35],EVODEX-P33166
EVODEX-N13631,[H]OC1:C([H]):C([H]):C([H]):C(C(=O)O[P:16]([O:15])(=[O:17])[O:18]):C:1O[H]>>[H]OP(=O)(O[H])OP(=O)(O[H])O[P:16]([O:15])(=[O:17])[O:18],EVODEX-P33167
EVODEX-N13632,[H]OP(=O)(O[H])OP(=O)(O[H])O[P:23]([O:22])(=[O:24])[O:25]>>[H]OC([H])([H])[C@@]([H])(C(=O)O[P:23]([O:22])(=[O:24])[O:25])N([H])[H],EVODEX-P33171
EVODEX-N13633,.[H][N:1]([H:65])[H:66]>>[H]OC(=O)[C@@]([H])(N([H])[H])C([H])([H])C(=O)[N:1]([H:65])[H:66].[H].[H]O,"EVODEX-P33176,EVODEX-P33221"
EVODEX-N13634,[H]O[C@@]1([H])[C@@]([H])(O[H])[C@]([H])(N2:C([H]):N:C3:C(N([H])[H]):N:C([H]):N:C:3:2)O[C@]1([H])C([H])([H])OP(=O)(O[H])[O:29][P:30].[H][N:1]([H:65])[H:66]>>[H]OC(=O)[C@@]([H])(N([H])[H])C([H])([H])C(=O)[N:1]([H:65])[H:66].[H][O:29][P:30],EVODEX-P33178
EVODEX-N13635,[H]OP(=O)(O[H])OP(=O)(O[H])O[P:26]([O:25])(=[O:27])[O:28].[H][N:1]([H:65])[H:66]>>[H]OC(=O)[C@@]([H])(N([H])[H])C([H])([H])C(=O)[N:1]([H:65])[H:66].[H]O[P:26]([O:25])(=[O:27])[O:28],EVODEX-P33179
EVODEX-N13636,[H]OP(=O)(O[H])OP(=O)(O[H])O[P:26]([O:25])(=[O:27])[O:28].[H]OC(=O)[C@@]([H])(N([H])[H])C([H])([H])C(=O)[O:7][H:63]>>[O:7]([P:26]([O:25])(=[O:27])[O:28])[H:63],EVODEX-P33182
EVODEX-N13637,[O:25][P:26](=[O:27])([O:28])[O:29].[H]OC(=O)[C@@]([H])(N([H])[H])C([H])([H])C(=O)[O:7][H:63]>>[H][O:29].[O:7]([P:26]([O:25])(=[O:27])[O:28])[H:63],"EVODEX-P33185,EVODEX-P33229"
EVODEX-N13638,[H]OC(=O)[C@@]([H])(N([H])[H])C([H])([H])C(=O)[O:7][H:63]>>[H]O[C@@]1([H])[C@@]([H])(O[H])[C@]([H])(N2:C([H]):N:C3:C(N([H])[H]):N:C([H]):N:C:3:2)O[C@]1([H])C([H])([H])OP(=O)(O[H])[O:7][H:63],EVODEX-P33188
EVODEX-N13639,[H][N:1]([H:65])[H:66]>>[H]OC(=O)[C@@]([H])(N([H])[H])C([H])([H])C(=O)[N:1]([H:65])[H:66],EVODEX-P33189
EVODEX-N13640,[H]O[C@@]1([H])[C@@]([H])(O[H])[C@]([H])(N2:C([H]):N:C3:C(N([H])[H]):N:C([H]):N:C:3:2)O[C@]1([H])C([H])([H])OP(=O)(O[H])OP(=O)(O[H])[O:34][P:35].[H]O[C:6]([C:5])=[O:7].[H][N:1]([H:68])[H:69]>>[N:1]([C:6]([C:5])=[O:7])([H:68])[H:69].[H][O:34][P:35],"EVODEX-P33192,EVODEX-P33220"
EVODEX-N13641,.[H][N:1]([H:68])[H:69]>>[H]OC(=O)[C@@]([H])(N([H])[H])C([H])([H])C([H])([H])C(=O)[N:1]([H:68])[H:69].[H].[H]O,EVODEX-P33193
EVODEX-N13642,[H]OP(=O)(O[H])O[P:31]([O:30])(=[O:32])[O:33].[C:5][C:6](=[O:7])[O:8][H:66].[H][N:1]([H:68])[H:69]>>[N:1]([C:6]([C:5])=[O:7])([H:68])[H:69].[O:8]([P:31]([O:30])(=[O:32])[O:33])[H:66],"EVODEX-P33194,EVODEX-P33222"
EVODEX-N13643,[H]O[C@@]1([H])[C@@]([H])(O[H])[C@]([H])(N2:C([H]):N:C3:C(N([H])[H]):N:C([H]):N:C:3:2)O[C@]1([H])C([H])([H])OP(=O)(O[H])OP(=O)(O[H])[O:34][P:35].[H][N:1]([H:68])[H:69]>>[H]OC(=O)[C@@]([H])(N([H])[H])C([H])([H])C([H])([H])C(=O)[N:1]([H:68])[H:69].[H][O:34][P:35],EVODEX-P33195
EVODEX-N13644,[H]OP(=O)(O[H])O[P:31]([O:30])(=[O:32])[O:33].[H][N:1]([H:68])[H:69]>>[H]OC(=O)[C@@]([H])(N([H])[H])C([H])([H])C([H])([H])C(=O)[N:1]([H:68])[H:69].[H]O[P:31]([O:30])(=[O:32])[O:33],EVODEX-P33196
EVODEX-N13645,[H]OP(=O)(O[H])O[P:31]([O:30])(=[O:32])[O:33].[H]OC(=O)[C@@]([H])(N([H])[H])C([H])([H])C([H])([H])C(=O)[O:8][H:66]>>[O:8]([P:31]([O:30])(=[O:32])[O:33])[H:66],EVODEX-P33198
EVODEX-N13646,[H]O[C@@]1([H])[C@@]([H])(O[H])[C@]([H])(N2:C([H]):N:C3:C(N([H])[H]):N:C([H]):N:C:3:2)O[C@]1([H])C([H])([H])OP(=O)(O[H])OP(=O)(O[H])[O:34][P:35].[H]O[C:6]([C:5])=[O:7]>>[H]N([H])[C:6]([C:5])=[O:7].[H][O:34][P:35],"EVODEX-P33199,EVODEX-P33227"
EVODEX-N13647,[H]OP(=O)(O[H])O[P:31]([O:30])(=[O:32])[O:33].[C:6][O:8][H:66]>>[H]N([H])[C:6].[O:8]([P:31]([O:30])(=[O:32])[O:33])[H:66],"EVODEX-P33200,EVODEX-P33228,EVODEX-P34751"
EVODEX-N13648,[O:30][P:31](=[O:32])([O:33])[O:34].[H]OC(=O)[C@@]([H])(N([H])[H])C([H])([H])C([H])([H])C(=O)[O:8][H:66]>>[H][O:34].[O:8]([P:31]([O:30])(=[O:32])[O:33])[H:66],EVODEX-P33201
EVODEX-N13649,[C:5][C:6](=[O:7])[O:8].[H][N:1]([H:68])[H:69]>>[N:1]([C:6]([C:5])=[O:7])([H:68])[H:69].[H]O[C@@]1([H])[C@@]([H])(O[H])[C@]([H])(N2:C([H]):N:C3:C(N([H])[H]):N:C([H]):N:C:3:2)O[C@]1([H])C([H])([H])OP(=O)(O[H])OP(=O)(O[H])[O:8],"EVODEX-P33202,EVODEX-P33230"
EVODEX-N13650,[H]OC(=O)[C@@]([H])(N([H])[H])C([H])([H])C([H])([H])C(=O)[O:8][H:66]>>[H]O[C@@]1([H])[C@@]([H])(O[H])[C@]([H])(N2:C([H]):N:C3:C(N([H])[H]):N:C([H]):N:C:3:2)O[C@]1([H])C([H])([H])OP(=O)(O[H])OP(=O)(O[H])[O:8][H:66],EVODEX-P33203
EVODEX-N13651,>>[H]N[H].[H]OP(=O)OP(=O)(O[H])OC([H])([H])[C@@]1([H])O[C@@]([H])(N2:C([H]):N:C3:C(N([H])[H]):N:C([H]):N:C:3:2)[C@]([H])(O[H])[C@]1([H])O[H],"EVODEX-P33204,EVODEX-P33232,EVODEX-P34762"
EVODEX-N13652,[O:29][P:30](=[O:31])([O:32][H:52])[O:33].[N:1][C:2](=[O:3])[C:4].[H][O:40][P:39]>>[C:2](=[O:3])([C:4])[O:32][H:52].[O:29][P:30](=[O:31])([O:33])[O:40][P:39].[H][N:1],"EVODEX-P33205,EVODEX-P33508,EVODEX-P33613,EVODEX-P33644,EVODEX-P33690,EVODEX-P33776,EVODEX-P33937,EVODEX-P34002,EVODEX-P34791"
EVODEX-N13653,[O:29][P:30](=[O:31])([O:32][H:52])[O:33].[H]N([H])[C:2](=[O:3])[C:4].[H][O:40][P:39]>>[C:2](=[O:3])([C:4])[O:32][H:52].[O:29][P:30](=[O:31])([O:33])[O:40][P:39],EVODEX-P33206
EVODEX-N13654,[H]O[C@@]1([H])[C@@]([H])(O[H])[C@]([H])(N2:C([H]):N:C3:C(N([H])[H]):N:C([H]):N:C:3:2)O[C@]1([H])C([H])([H])OP(=O)(O[H])OP(=O)(O[H])[O:32][H:52]>>[H]OC(=O)[C@@]([H])(N([H])[H])C([H])([H])C([H])([H])C(=O)[O:32][H:52],EVODEX-P33207
EVODEX-N13655,[H]O[P:30]([O:29])(=[O:31])[O:33].[H]OC(=O)[C@@]([H])(N([H])[H])C([H])([H])C([H])([H])C(=O)[N:1]([H:58])[H:59].[H][O:40][P:39]>>[O:29][P:30](=[O:31])([O:33])[O:40][P:39].[H][N:1]([H:58])[H:59],EVODEX-P33208
EVODEX-N13656,>>[H]OC(=O)[C@@]([H])(N([H])[H])C([H])([H])C([H])([H])C=O.[H]OP(O)(=O)O[H],EVODEX-P33209
EVODEX-N13657,[O:29][P:30](=[O:31])([O:32])[O:33].[H][O:40][P:39]>>[H]OC(=O)[C@@]([H])(N([H])[H])C([H])([H])C([H])([H])C(=O)[O:32].[O:29][P:30](=[O:31])([O:33])[O:40][P:39],EVODEX-P33210
EVODEX-N13658,[H]O[C@@]1([H])[C@@]([H])(O[H])[C@]([H])(N2:C([H]):N:C3:C(N([H])[H]):N:C([H]):N:C:3:2)O[C@]1([H])C([H])([H])OP(=O)(O[H])OP(=O)(O[H])[O:32][H:52].[H]N([H])[C:2](=[O:3])[C:4]>>[C:2](=[O:3])([C:4])[O:32][H:52],EVODEX-P33211
EVODEX-N13659,[P:30][O:32][H:52].[N:1][C:2](=[O:3])[C:4]>>[C:2](=[O:3])([C:4])[O:32][H:52].[H]OP(=O)(O[H])O[P:30].[H][N:1],"EVODEX-P33212,EVODEX-P33511,EVODEX-P33617,EVODEX-P33652,EVODEX-P33785,EVODEX-P33946,EVODEX-P34008,EVODEX-P34797"
EVODEX-N13660,[P:30][O:32][H:52].[H]N([H])[C:2](=[O:3])[C:4]>>[C:2](=[O:3])([C:4])[O:32][H:52].[H]OP(=O)(O[H])O[P:30],EVODEX-P33213
EVODEX-N13661,[H]O[C@@]1([H])[C@@]([H])(O[H])[C@]([H])(N2:C([H]):N:C3:C(N([H])[H]):N:C([H]):N:C:3:2)O[C@]1([H])C([H])([H])OP(=O)(O[H])OP(=O)(O[H])[O:32][H:52].[N:1][C:2](=[O:3])[C:4]>>[C:2](=[O:3])([C:4])[O:32][H:52].[H][N:1],"EVODEX-P33215,EVODEX-P33517,EVODEX-P33622,EVODEX-P33653,EVODEX-P33786,EVODEX-P33947,EVODEX-P34012,EVODEX-P34803"
EVODEX-N13662,[H]N([H])[C:2](=[O:3])[C:4].[H][O:40][P:39]>>[H]O[C:2](=[O:3])[C:4].[H]O[C@@]1([H])[C@@]([H])(O[H])[C@]([H])(N2:C([H]):N:C3:C(N([H])[H]):N:C([H]):N:C:3:2)O[C@]1([H])C([H])([H])OP(=O)(O[H])OP(=O)(O[H])[O:40][P:39],EVODEX-P33216
EVODEX-N13663,[H]O[P:30]([O:29])(=[O:31])[O:33].[H]OC(=O)[C@@]([H])(N([H])[H])C([H])([H])C([H])([H])C(=O)[N:1]([H:58])[H:59]>>[H]OP(=O)(O[H])O[P:30]([O:29])(=[O:31])[O:33].[H][N:1]([H:58])[H:59],EVODEX-P33217
EVODEX-N13664,[H]OC(=O)[C@@]([H])(N([H])[H])C([H])([H])C([H])([H])C(=O)[N:1]([H:58])[H:59].[H][O:40][P:39]>>[H]O[C@@]1([H])[C@@]([H])(O[H])[C@]([H])(N2:C([H]):N:C3:C(N([H])[H]):N:C([H]):N:C:3:2)O[C@]1([H])C([H])([H])OP(=O)(O[H])OP(=O)(O[H])[O:40][P:39].[H][N:1]([H:58])[H:59],EVODEX-P33218
EVODEX-N13665,[H]O[C@@]1([H])[C@@]([H])(O[H])[C@]([H])(N2:C([H]):N:C3:C(N([H])[H]):N:C([H]):N:C:3:2)O[C@]1([H])C([H])([H])OP(=O)(O[H])OP(=O)(O[H])[O:33][P:34].[H][N:1]([H:65])[H:66]>>[H]OC(=O)[C@@]([H])(N([H])[H])C([H])([H])C(=O)[N:1]([H:65])[H:66].[H][O:33][P:34],EVODEX-P33223
EVODEX-N13666,[H]OP(=O)(O[H])O[P:30]([O:29])(=[O:31])[O:32].[H][N:1]([H:65])[H:66]>>[H]OC(=O)[C@@]([H])(N([H])[H])C([H])([H])C(=O)[N:1]([H:65])[H:66].[H]O[P:30]([O:29])(=[O:31])[O:32],EVODEX-P33224
EVODEX-N13667,[H]OP(=O)(O[H])O[P:30]([O:29])(=[O:31])[O:32].[H]OC(=O)[C@@]([H])(N([H])[H])C([H])([H])C(=O)[O:7][H:63]>>[O:7]([P:30]([O:29])(=[O:31])[O:32])[H:63],EVODEX-P33226
EVODEX-N13668,[H]OC(=O)[C@@]([H])(N([H])[H])C([H])([H])C(=O)[O:7][H:63]>>[H]O[C@@]1([H])[C@@]([H])(O[H])[C@]([H])(N2:C([H]):N:C3:C(N([H])[H]):N:C([H]):N:C:3:2)O[C@]1([H])C([H])([H])OP(=O)(O[H])OP(=O)(O[H])[O:7][H:63],EVODEX-P33231
EVODEX-N13669,[H]O[C@@]1([H])[C@@]([H])(O[H])[C@]([H])(N2:C([H]):N:C3:C(N([H])[H]):N:C([H]):N:C:3:2)O[C@]1([H])C([H])([H])OP(=O)(O[H])OP(=O)(O[H])[O:34][P:35].[H][N:1]([O:2])[H:59].[H]O[C:6]([C:5])=[O:7]>>[N:1]([O:2])([C:6]([C:5])=[O:7])[H:59].[H][O:34][P:35],EVODEX-P33234
EVODEX-N13670,[H]OP(=O)(O[H])O[P:31]([O:30])(=[O:32])[O:33].[H][N:1]([O:2])[H:59].[C:5][C:6](=[O:7])[O:8][H:67]>>[N:1]([O:2])([C:6]([C:5])=[O:7])[H:59].[O:8]([P:31]([O:30])(=[O:32])[O:33])[H:67],EVODEX-P33236
EVODEX-N13671,[H]O[C@@]1([H])[C@@]([H])(O[H])[C@]([H])(N2:C([H]):N:C3:C(N([H])[H]):N:C([H]):N:C:3:2)O[C@]1([H])C([H])([H])OP(=O)(O[H])OP(=O)(O[H])[O:34][P:35].[H]O[C:6]([C:5])=[O:7]>>[H]ON([H])[C:6]([C:5])=[O:7].[H][O:34][P:35],EVODEX-P33237
EVODEX-N13672,[H]OP(=O)(O[H])O[P:31]([O:30])(=[O:32])[O:33].[C:6][O:8][H:67]>>[H]ON([H])[C:6].[O:8]([P:31]([O:30])(=[O:32])[O:33])[H:67],EVODEX-P33238
EVODEX-N13673,.[H][N:1]([O:2])[H:59]>>[H]OC(=O)[C@@]([H])(N([H])[H])C([H])([H])C(=O)[N:1]([O:2])[H:59].[H].[H]O,EVODEX-P33239
EVODEX-N13674,>>[H]NO[H].[H]OP(=O)OP(=O)(O[H])OC([H])([H])[C@@]1([H])O[C@@]([H])(N2:C([H]):N:C3:C(N([H])[H]):N:C([H]):N:C:3:2)[C@]([H])(O[H])[C@]1([H])O[H],EVODEX-P33241
EVODEX-N13675,[H]O[C@@]1([H])[C@@]([H])(O[H])[C@]([H])(N2:C([H]):N:C3:C(N([H])[H]):N:C([H]):N:C:3:2)O[C@]1([H])C([H])([H])OP(=O)(O[H])OP(=O)(O[H])[O:34][P:35].[H][N:1]([O:2])[H:59]>>[H]OC(=O)[C@@]([H])(N([H])[H])C([H])([H])C(=O)[N:1]([O:2])[H:59].[H][O:34][P:35],EVODEX-P33242
EVODEX-N13676,[H]OP(=O)(O[H])O[P:31]([O:30])(=[O:32])[O:33].[H][N:1]([O:2])[H:59]>>[H]OC(=O)[C@@]([H])(N([H])[H])C([H])([H])C(=O)[N:1]([O:2])[H:59].[H]O[P:31]([O:30])(=[O:32])[O:33],EVODEX-P33243
EVODEX-N13677,[H][N:1]([O:2])[H:59].[C:5][C:6](=[O:7])[O:8]>>[N:1]([O:2])([C:6]([C:5])=[O:7])[H:59].[H]O[C@@]1([H])[C@@]([H])(O[H])[C@]([H])(N2:C([H]):N:C3:C(N([H])[H]):N:C([H]):N:C:3:2)O[C@]1([H])C([H])([H])OP(=O)(O[H])OP(=O)(O[H])[O:8],EVODEX-P33244
EVODEX-N13678,[H][N:3]([C:2])[H:50].[O:32][P:33](=[O:34])([O:35])[O:36].[C:7][C:8](=[O:9])[O:10][H:75]>>[C:2][N:3]([C:8]([C:7])=[O:9])[H:50].[O:10]([P:33]([O:32])(=[O:34])[O:35])[H:75].[H][O:36],"EVODEX-P33280,EVODEX-P33311,EVODEX-P33325,EVODEX-P33342,EVODEX-P33356,EVODEX-P33373,EVODEX-P33389,EVODEX-P33404,EVODEX-P33418,EVODEX-P33463,EVODEX-P33480,EVODEX-P33494,EVODEX-P33519,EVODEX-P33533,EVODEX-P33571,EVODEX-P33585,EVODEX-P33599,EVODEX-P33627,EVODEX-P33660,EVODEX-P33665,EVODEX-P33673,EVODEX-P33709,EVODEX-P33726,EVODEX-P33743,EVODEX-P33759,EVODEX-P33793,EVODEX-P33810,EVODEX-P33830,EVODEX-P33847,EVODEX-P33861,EVODEX-P33878,EVODEX-P33892,EVODEX-P33909,EVODEX-P33923,EVODEX-P33954,EVODEX-P33971,EVODEX-P33985,EVODEX-P34019,EVODEX-P34033,EVODEX-P34050,EVODEX-P34064,EVODEX-P34078,EVODEX-P34092,EVODEX-P34109,EVODEX-P34126,EVODEX-P34143,EVODEX-P34160,EVODEX-P34177,EVODEX-P34194,EVODEX-P34208,EVODEX-P34225,EVODEX-P34239,EVODEX-P34256,EVODEX-P34270,EVODEX-P34287,EVODEX-P34301,EVODEX-P34315,EVODEX-P34332,EVODEX-P34346,EVODEX-P34360,EVODEX-P34376,EVODEX-P34393,EVODEX-P34410,EVODEX-P34427,EVODEX-P34441,EVODEX-P34474,EVODEX-P34488,EVODEX-P34505,EVODEX-P34519,EVODEX-P34536,EVODEX-P34552,EVODEX-P34569,EVODEX-P34586,EVODEX-P34600,EVODEX-P34763,EVODEX-P34777,EVODEX-P34841,EVODEX-P34896,EVODEX-P34910"
EVODEX-N13679,[H][N:3]([C:2])[H:50].[H]OP(=O)(O[H])O[P:33]([O:32])(=[O:34])[O:35].[C:7][C:8](=[O:9])[O:10][H:75]>>[C:2][N:3]([C:8]([C:7])=[O:9])[H:50].[O:10]([P:33]([O:32])(=[O:34])[O:35])[H:75],"EVODEX-P33281,EVODEX-P33312,EVODEX-P33326,EVODEX-P33343,EVODEX-P33357,EVODEX-P33405,EVODEX-P33495,EVODEX-P33523,EVODEX-P33603,EVODEX-P33628,EVODEX-P33663,EVODEX-P33666,EVODEX-P33710,EVODEX-P33744,EVODEX-P33760,EVODEX-P33794,EVODEX-P33834,EVODEX-P33851,EVODEX-P33864,EVODEX-P33893,EVODEX-P33910,EVODEX-P33924,EVODEX-P33972,EVODEX-P33986,EVODEX-P34020,EVODEX-P34034,EVODEX-P34051,EVODEX-P34065,EVODEX-P34110,EVODEX-P34127,EVODEX-P34161,EVODEX-P34178,EVODEX-P34195,EVODEX-P34209,EVODEX-P34226,EVODEX-P34240,EVODEX-P34257,EVODEX-P34271,EVODEX-P34291,EVODEX-P34316,EVODEX-P34333,EVODEX-P34347,EVODEX-P34394,EVODEX-P34411,EVODEX-P34428,EVODEX-P34767,EVODEX-P34781,EVODEX-P34897"
EVODEX-N13680,[H][N:3]([C:2])[H:50].[H]O[C@@]1([H])[C@@]([H])(O[H])[C@]([H])(N2:C([H]):N:C3:C(N([H])[H]):N:C([H]):N:C:3:2)O[C@]1([H])C([H])([H])OP(=O)(O[H])OP(=O)(O[H])[O:36][P:37].[H]O[C:8]([C:7])=[O:9]>>[C:2][N:3]([C:8]([C:7])=[O:9])[H:50].[H][O:36][P:37],"EVODEX-P33284,EVODEX-P33314,EVODEX-P33329,EVODEX-P33346,EVODEX-P33360,EVODEX-P33408,EVODEX-P33498,EVODEX-P33520,EVODEX-P33600,EVODEX-P33631,EVODEX-P33661,EVODEX-P33667,EVODEX-P33713,EVODEX-P33747,EVODEX-P33763,EVODEX-P33797,EVODEX-P33831,EVODEX-P33848,EVODEX-P33862,EVODEX-P33896,EVODEX-P33927,EVODEX-P33973,EVODEX-P33989,EVODEX-P34022,EVODEX-P34038,EVODEX-P34054,EVODEX-P34068,EVODEX-P34113,EVODEX-P34130,EVODEX-P34164,EVODEX-P34197,EVODEX-P34212,EVODEX-P34229,EVODEX-P34243,EVODEX-P34288,EVODEX-P34319,EVODEX-P34335,EVODEX-P34350,EVODEX-P34397,EVODEX-P34415,EVODEX-P34431,EVODEX-P34764,EVODEX-P34778,EVODEX-P34900"
EVODEX-N13681,[H][N:3]([C:2])[H:50].[C:7][C:8](=[O:9])[O:10]>>[C:2][N:3]([C:8]([C:7])=[O:9])[H:50].[H]O[C@@]1([H])[C@@]([H])(O[H])[C@]([H])(N2:C([H]):N:C3:C(N([H])[H]):N:C([H]):N:C:3:2)O[C@]1([H])C([H])([H])OP(=O)(O[H])OP(=O)(O[H])[O:10],"EVODEX-P33285,EVODEX-P33319,EVODEX-P33335,EVODEX-P33350,EVODEX-P33366,EVODEX-P33412,EVODEX-P33504,EVODEX-P33524,EVODEX-P33604,EVODEX-P33633,EVODEX-P33671,EVODEX-P33719,EVODEX-P33752,EVODEX-P33769,EVODEX-P33803,EVODEX-P33843,EVODEX-P33857,EVODEX-P33874,EVODEX-P33898,EVODEX-P33932,EVODEX-P33974,EVODEX-P33991,EVODEX-P34029,EVODEX-P34045,EVODEX-P34055,EVODEX-P34072,EVODEX-P34115,EVODEX-P34132,EVODEX-P34171,EVODEX-P34202,EVODEX-P34218,EVODEX-P34234,EVODEX-P34249,EVODEX-P34292,EVODEX-P34325,EVODEX-P34340,EVODEX-P34355,EVODEX-P34399,EVODEX-P34419,EVODEX-P34432,EVODEX-P34768,EVODEX-P34782,EVODEX-P34905"
EVODEX-N13682,[H][N:3]([C:2])[H:50]>>[H]OC(=O)[C@@]([H])(N([H])[H])C([H])([H])C([H])([H])C(=O)[N:3]([C:2])[H:50].[H]O.[H],"EVODEX-P33286,EVODEX-P33398,EVODEX-P33525,EVODEX-P33605,EVODEX-P34025,EVODEX-P34769,EVODEX-P34906"
EVODEX-N13683,[H][N:3]([C:2])[H:50].[H]OP(=O)(O[H])O[P:33]([O:32])(=[O:34])[O:35]>>[H]OC(=O)[C@@]([H])(N([H])[H])C([H])([H])C([H])([H])C(=O)[N:3]([C:2])[H:50].[H]O[P:33]([O:32])(=[O:34])[O:35],"EVODEX-P33287,EVODEX-P33529,EVODEX-P33609,EVODEX-P34027,EVODEX-P34773,EVODEX-P34907"
EVODEX-N13684,[O:32][P:33](=[O:34])([O:35])[O:36].[C:8][O:10][H:75]>>[H]N(C([H])([H])C([H])([H])[H])[C:8].[O:10]([P:33]([O:32])(=[O:34])[O:35])[H:75].[H][O:36],EVODEX-P33288
EVODEX-N13685,[H][N:3]([C:2])[H:50].[H]O[C@@]1([H])[C@@]([H])(O[H])[C@]([H])(N2:C([H]):N:C3:C(N([H])[H]):N:C([H]):N:C:3:2)O[C@]1([H])C([H])([H])OP(=O)(O[H])OP(=O)(O[H])[O:36][P:37]>>[H]OC(=O)[C@@]([H])(N([H])[H])C([H])([H])C([H])([H])C(=O)[N:3]([C:2])[H:50].[H][O:36][P:37],"EVODEX-P33289,EVODEX-P33527,EVODEX-P33607,EVODEX-P34028,EVODEX-P34771,EVODEX-P34909"
EVODEX-N13686,[H]OP(=O)(O[H])O[P:33]([O:32])(=[O:34])[O:35].[C:8][O:10][H:75]>>[H]N(C([H])([H])C([H])([H])[H])[C:8].[O:10]([P:33]([O:32])(=[O:34])[O:35])[H:75],EVODEX-P33290
EVODEX-N13687,[H]O[C@@]1([H])[C@@]([H])(O[H])[C@]([H])(N2:C([H]):N:C3:C(N([H])[H]):N:C([H]):N:C:3:2)O[C@]1([H])C([H])([H])OP(=O)(O[H])OP(=O)(O[H])[O:36][P:37].[H]O[C:8]([C:7])=[O:9]>>[H]N(C([H])([H])C([H])([H])[H])[C:8]([C:7])=[O:9].[H][O:36][P:37],EVODEX-P33291
EVODEX-N13688,[H]O[C:8]([C:7])=[O:9]>>[H]N(C([H])([H])C([H])([H])[H])[C:8]([C:7])=[O:9],EVODEX-P33292
EVODEX-N13689,>>[H]NC([H])([H])C([H])([H])[H].[H]OP(=O)OP(=O)(O[H])OC([H])([H])[C@@]1([H])O[C@@]([H])(N2:C([H]):N:C3:C(N([H])[H]):N:C([H]):N:C:3:2)[C@]([H])(O[H])[C@]1([H])O[H],EVODEX-P33293
EVODEX-N13690,.[H][N:12]([H:69])[H:70]>>[H]OC(=O)[C@@]([H])(N([H])[H])C([H])([H])C(C(=O)[N:12]([H:69])[H:70])=C([H])[H].[H]O.[H],EVODEX-P33303
EVODEX-N13691,[H]OP(=O)(O[H])OP(=O)(O[H])O[P:28]([O:27])(=[O:29])[O:30].[H][N:12]([H:69])[H:70]>>[H]OC(=O)[C@@]([H])(N([H])[H])C([H])([H])C(C(=O)[N:12]([H:69])[H:70])=C([H])[H].[H]O[P:28]([O:27])(=[O:29])[O:30],EVODEX-P33305
EVODEX-N13692,[H]OC(=O)[C@@]([H])(N([H])[H])C([H])([H])C(C(=O)[O:11][H:52])=C([H])[H]>>[H]O[C@@]1([H])[C@@]([H])(O[H])[C@]([H])(N2:C([H]):N:C3:C(N([H])[H]):N:C([H]):N:C:3:2)O[C@]1([H])C([H])([H])OP(=O)(O[H])[O:11][H:52],EVODEX-P33306
EVODEX-N13693,[H]OC(=O)[C@@]([H])(N([H])[H])C([H])([H])C(C(=O)[O:11][H:52])=C([H])[H].[O:27][P:28](=[O:29])([O:30])[O:31]>>[O:11]([P:28]([O:27])(=[O:29])[O:30])[H:52].[H][O:31],EVODEX-P33307
EVODEX-N13694,[H]O[C@@]1([H])[C@@]([H])(O[H])[C@]([H])(N2:C([H]):N:C3:C(N([H])[H]):N:C([H]):N:C:3:2)O[C@]1([H])C([H])([H])OP(=O)(O[H])[O:31][P:32].[H][N:12]([H:69])[H:70]>>[H]OC(=O)[C@@]([H])(N([H])[H])C([H])([H])C(C(=O)[N:12]([H:69])[H:70])=C([H])[H].[H][O:31][P:32],EVODEX-P33308
EVODEX-N13695,[H][N:12]([H:69])[H:70]>>[H]OC(=O)[C@@]([H])(N([H])[H])C([H])([H])C(C(=O)[N:12]([H:69])[H:70])=C([H])[H],EVODEX-P33309
EVODEX-N13696,[H]OC(=O)[C@@]([H])(N([H])[H])C([H])([H])C(C(=O)[O:11][H:52])=C([H])[H].[H]OP(=O)(O[H])OP(=O)(O[H])O[P:28]([O:27])(=[O:29])[O:30]>>[O:11]([P:28]([O:27])(=[O:29])[O:30])[H:52],EVODEX-P33310
EVODEX-N13697,[C:25][O:27][H:77].[O:49][P:50](=[O:51])([O:52])[O:53]>>[H]N([H])C([H])([H])C([H])([H])C([H])([H])C([H])([H])N([H])C([H])([H])C([H])([H])C([H])([H])N([H])[C:25].[O:27]([P:50]([O:49])(=[O:51])[O:52])[H:77].[H][O:53],"EVODEX-P33313,EVODEX-P33327"
EVODEX-N13698,>>[H]NC([H])([H])C([H])([H])C([H])([H])N([H])C([H])([H])C([H])([H])C([H])([H])C([H])([H])N([H])[H].[H]OP(=O)OP(=O)(O[H])OC([H])([H])[C@@]1([H])O[C@@]([H])(N2:C([H]):N:C3:C(N([H])[H]):N:C([H]):N:C:3:2)[C@]([H])(O[H])[C@]1([H])O[H],"EVODEX-P33315,EVODEX-P33330"
EVODEX-N13699,[C:25][O:27][H:77].[H]OP(=O)(O[H])O[P:50]([O:49])(=[O:51])[O:52]>>[H]N([H])C([H])([H])C([H])([H])C([H])([H])C([H])([H])N([H])C([H])([H])C([H])([H])C([H])([H])N([H])[C:25].[O:27]([P:50]([O:49])(=[O:51])[O:52])[H:77],"EVODEX-P33316,EVODEX-P33331"
EVODEX-N13700,[H]O[C:25]([C:24])=[O:26].[H]O[C@@]1([H])[C@@]([H])(O[H])[C@]([H])(N2:C([H]):N:C3:C(N([H])[H]):N:C([H]):N:C:3:2)O[C@]1([H])C([H])([H])OP(=O)(O[H])OP(=O)(O[H])[O:53][P:54]>>[H]N([H])C([H])([H])C([H])([H])C([H])([H])C([H])([H])N([H])C([H])([H])C([H])([H])C([H])([H])N([H])[C:25]([C:24])=[O:26].[H][O:53][P:54],"EVODEX-P33317,EVODEX-P33332"
EVODEX-N13701,[H]OC(=O)[C@@]([H])(N([H])[H])C([H])([H])C([H])([H])C(=O)N([H])[C@]([H])(C(=O)N([H])C([H])([H])C(=O)[O:27][H:77])C([H])([H])S[H].[O:49][P:50](=[O:51])([O:52])[O:53]>>[O:27]([P:50]([O:49])(=[O:51])[O:52])[H:77].[H][O:53],EVODEX-P33318
EVODEX-N13702,[H][N:10]([C:9])[H:96]>>[H]OC(=O)[C@@]([H])(N([H])[H])C([H])([H])C([H])([H])C(=O)N([H])[C@]([H])(C(=O)N([H])C([H])([H])C(=O)[N:10]([C:9])[H:96])C([H])([H])S[H].[H]O.[H],"EVODEX-P33320,EVODEX-P33344"
EVODEX-N13703,[H][N:10]([C:9])[H:96].[H]OP(=O)(O[H])O[P:50]([O:49])(=[O:51])[O:52]>>[H]OC(=O)[C@@]([H])(N([H])[H])C([H])([H])C([H])([H])C(=O)N([H])[C@]([H])(C(=O)N([H])C([H])([H])C(=O)[N:10]([C:9])[H:96])C([H])([H])S[H].[H]O[P:50]([O:49])(=[O:51])[O:52],"EVODEX-P33321,EVODEX-P33347"
EVODEX-N13704,[H]OC(=O)[C@@]([H])(N([H])[H])C([H])([H])C([H])([H])C(=O)N([H])[C@]([H])(C(=O)N([H])C([H])([H])C(=O)[O:27][H:77])C([H])([H])S[H].[H]OP(=O)(O[H])O[P:50]([O:49])(=[O:51])[O:52]>>[O:27]([P:50]([O:49])(=[O:51])[O:52])[H:77],EVODEX-P33322
EVODEX-N13705,[H]OC(=O)[C@@]([H])(N([H])[H])C([H])([H])C([H])([H])C(=O)N([H])[C@]([H])(C(=O)N([H])C([H])([H])C(=O)[O:27][H:77])C([H])([H])S[H]>>[H]O[C@@]1([H])[C@@]([H])(O[H])[C@]([H])(N2:C([H]):N:C3:C(N([H])[H]):N:C([H]):N:C:3:2)O[C@]1([H])C([H])([H])OP(=O)(O[H])OP(=O)(O[H])[O:27][H:77],EVODEX-P33323
EVODEX-N13706,[H][N:10]([C:9])[H:96].[H]O[C@@]1([H])[C@@]([H])(O[H])[C@]([H])(N2:C([H]):N:C3:C(N([H])[H]):N:C([H]):N:C:3:2)O[C@]1([H])C([H])([H])OP(=O)(O[H])OP(=O)(O[H])[O:53][P:54]>>[H]OC(=O)[C@@]([H])(N([H])[H])C([H])([H])C([H])([H])C(=O)N([H])[C@]([H])(C(=O)N([H])C([H])([H])C(=O)[N:10]([C:9])[H:96])C([H])([H])S[H].[H][O:53][P:54],"EVODEX-P33324,EVODEX-P33348"
EVODEX-N13707,[H]OC(=O)[C@@]([H])(N([H])[H])C([H])([H])C([H])([H])C(=O)N([H])[C@]([H])(C(=O)N([H])C([H])([H])C(=O)[O:21][H:81])C([H])([H])SC([H])([H])[H].[O:50][P:51](=[O:52])([O:53])[O:54]>>[O:21]([P:51]([O:50])(=[O:52])[O:53])[H:81].[H][O:54],EVODEX-P33333
EVODEX-N13708,[H][N:31]([C:30])[H:99]>>[H]OC(=O)[C@@]([H])(N([H])[H])C([H])([H])C([H])([H])C(=O)N([H])[C@]([H])(C(=O)N([H])C([H])([H])C(=O)[N:31]([C:30])[H:99])C([H])([H])SC([H])([H])[H].[H]O.[H],EVODEX-P33336
EVODEX-N13709,[H][N:31]([C:30])[H:99].[H]OP(=O)(O[H])O[P:51]([O:50])(=[O:52])[O:53]>>[H]OC(=O)[C@@]([H])(N([H])[H])C([H])([H])C([H])([H])C(=O)N([H])[C@]([H])(C(=O)N([H])C([H])([H])C(=O)[N:31]([C:30])[H:99])C([H])([H])SC([H])([H])[H].[H]O[P:51]([O:50])(=[O:52])[O:53],EVODEX-P33337
EVODEX-N13710,[H]OC(=O)[C@@]([H])(N([H])[H])C([H])([H])C([H])([H])C(=O)N([H])[C@]([H])(C(=O)N([H])C([H])([H])C(=O)[O:21][H:81])C([H])([H])SC([H])([H])[H].[H]OP(=O)(O[H])O[P:51]([O:50])(=[O:52])[O:53]>>[O:21]([P:51]([O:50])(=[O:52])[O:53])[H:81],EVODEX-P33338
EVODEX-N13711,[H]OC(=O)[C@@]([H])(N([H])[H])C([H])([H])C([H])([H])C(=O)N([H])[C@]([H])(C(=O)N([H])C([H])([H])C(=O)[O:21][H:81])C([H])([H])SC([H])([H])[H]>>[H]O[C@@]1([H])[C@@]([H])(O[H])[C@]([H])(N2:C([H]):N:C3:C(N([H])[H]):N:C([H]):N:C:3:2)O[C@]1([H])C([H])([H])OP(=O)(O[H])OP(=O)(O[H])[O:21][H:81],EVODEX-P33339
EVODEX-N13712,[H][N:31]([C:30])[H:99]>>[H]OC(=O)[C@@]([H])(N([H])[H])C([H])([H])C([H])([H])C(=O)N([H])[C@]([H])(C(=O)N([H])C([H])([H])C(=O)[N:31]([C:30])[H:99])C([H])([H])SC([H])([H])[H],EVODEX-P33340
EVODEX-N13713,[H][N:31]([C:30])[H:99].[H]O[C@@]1([H])[C@@]([H])(O[H])[C@]([H])(N2:C([H]):N:C3:C(N([H])[H]):N:C([H]):N:C:3:2)O[C@]1([H])C([H])([H])OP(=O)(O[H])OP(=O)(O[H])[O:54][P:55]>>[H]OC(=O)[C@@]([H])(N([H])[H])C([H])([H])C([H])([H])C(=O)N([H])[C@]([H])(C(=O)N([H])C([H])([H])C(=O)[N:31]([C:30])[H:99])C([H])([H])SC([H])([H])[H].[H][O:54][P:55],EVODEX-P33341
EVODEX-N13714,[C:44][O:46][H:130].[O:68][P:69](=[O:70])([O:71])[O:72]>>[H]OC(=O)[C@@]([H])(N([H])[H])C([H])([H])C([H])([H])C(=O)N([H])[C@]([H])(C(=O)N([H])C([H])([H])C(=O)N([H])C([H])([H])C([H])([H])C([H])([H])N([H])C([H])([H])C([H])([H])C([H])([H])C([H])([H])N([H])[C:44])C([H])([H])S[H].[O:46]([P:69]([O:68])(=[O:70])[O:71])[H:130].[H][O:72],EVODEX-P33351
EVODEX-N13715,[C:44][O:46][H:130].[H]OP(=O)(O[H])O[P:69]([O:68])(=[O:70])[O:71]>>[H]OC(=O)[C@@]([H])(N([H])[H])C([H])([H])C([H])([H])C(=O)N([H])[C@]([H])(C(=O)N([H])C([H])([H])C(=O)N([H])C([H])([H])C([H])([H])C([H])([H])N([H])C([H])([H])C([H])([H])C([H])([H])C([H])([H])N([H])[C:44])C([H])([H])S[H].[O:46]([P:69]([O:68])(=[O:70])[O:71])[H:130],EVODEX-P33352
EVODEX-N13716,[H]O[C:44]([C:43])=[O:45]>>[H]OC(=O)[C@@]([H])(N([H])[H])C([H])([H])C([H])([H])C(=O)N([H])[C@]([H])(C(=O)N([H])C([H])([H])C(=O)N([H])C([H])([H])C([H])([H])C([H])([H])N([H])C([H])([H])C([H])([H])C([H])([H])C([H])([H])N([H])[C:44]([C:43])=[O:45])C([H])([H])S[H],EVODEX-P33353
EVODEX-N13717,[H]O[C:44]([C:43])=[O:45].[H]O[C@@]1([H])[C@@]([H])(O[H])[C@]([H])(N2:C([H]):N:C3:C(N([H])[H]):N:C([H]):N:C:3:2)O[C@]1([H])C([H])([H])OP(=O)(O[H])OP(=O)(O[H])[O:72][P:73]>>[H]OC(=O)[C@@]([H])(N([H])[H])C([H])([H])C([H])([H])C(=O)N([H])[C@]([H])(C(=O)N([H])C([H])([H])C(=O)N([H])C([H])([H])C([H])([H])C([H])([H])N([H])C([H])([H])C([H])([H])C([H])([H])C([H])([H])N([H])[C:44]([C:43])=[O:45])C([H])([H])S[H].[H][O:72][P:73],EVODEX-P33354
EVODEX-N13718,>>[H]NC([H])([H])C([H])([H])C([H])([H])C([H])([H])N([H])C([H])([H])C([H])([H])C([H])([H])N([H])C(=O)C([H])([H])N([H])C(=O)[C@@]([H])(N([H])C(=O)C([H])([H])C([H])([H])[C@@]([H])(C(=O)O[H])N([H])[H])C([H])([H])S[H].[H]OP(=O)OP(=O)(O[H])OC([H])([H])[C@@]1([H])O[C@@]([H])(N2:C([H]):N:C3:C(N([H])[H]):N:C([H]):N:C:3:2)[C@]([H])(O[H])[C@]1([H])O[H],EVODEX-P33355
EVODEX-N13719,[C:23][O:25][H:123].[O:91][P:92](=[O:93])([O:94])[O:95]>>[H]OP(=O)(O[H])O[C@]([H])(C([H])([H])[H])C([H])([H])N([H])[C:23].[O:25]([P:92]([O:91])(=[O:93])[O:94])[H:123].[H][O:95],EVODEX-P33358
EVODEX-N13720,[H]O[C:23]([C:22])=[O:24]>>[H]OP(=O)(O[H])O[C@]([H])(C([H])([H])[H])C([H])([H])N([H])[C:23]([C:22])=[O:24],EVODEX-P33359
EVODEX-N13721,>>[H]NC([H])([H])[C@]([H])(OP(=O)(O[H])O[H])C([H])([H])[H].[H]OP(=O)OP(=O)(O[H])OC([H])([H])[C@@]1([H])O[C@@]([H])(N2:C([H]):N:C3:C(N([H])[H]):N:C([H]):N:C:3:2)[C@]([H])(O[H])[C@]1([H])O[H],EVODEX-P33361
EVODEX-N13722,[C:23][O:25][H:123].[H]OP(=O)(O[H])O[P:92]([O:91])(=[O:93])[O:94]>>[H]OP(=O)(O[H])O[C@]([H])(C([H])([H])[H])C([H])([H])N([H])[C:23].[O:25]([P:92]([O:91])(=[O:93])[O:94])[H:123],EVODEX-P33362
EVODEX-N13723,[H]O[C:23]([C:22])=[O:24].[H]O[C@@]1([H])[C@@]([H])(O[H])[C@]([H])(N2:C([H]):N:C3:C(N([H])[H]):N:C([H]):N:C:3:2)O[C@]1([H])C([H])([H])OP(=O)(O[H])OP(=O)(O[H])[O:95][P:96]>>[H]OP(=O)(O[H])O[C@]([H])(C([H])([H])[H])C([H])([H])N([H])[C:23]([C:22])=[O:24].[H][O:95][P:96],EVODEX-P33363
EVODEX-N13724,[H]C1=C2N=C(C(C([H])([H])[H])=C3N([H])[C@@](C([H])([H])[H])([C@]4([H])N=C(C(C([H])([H])[H])=C5N=C1C(C([H])([H])[H])(C([H])([H])[H])[C@]5([H])C([H])([H])C([H])([H])C(=O)N([H])[H])[C@](C([H])([H])[H])(C([H])([H])C([H])([H])C(=O)[O:25][H:123])[C@@]4([H])C([H])([H])C(=O)N([H])[H])[C@@](C([H])([H])[H])(C([H])([H])C(=O)N([H])[H])[C@]3([H])C([H])([H])C([H])([H])C(=O)N([H])[H])[C@@](C([H])([H])[H])(C([H])([H])C(=O)N([H])[H])[C@]2([H])C([H])([H])C([H])([H])C(=O)N([H])[H].[O:91][P:92](=[O:93])([O:94])[O:95]>>[O:25]([P:92]([O:91])(=[O:93])[O:94])[H:123].[H][O:95],EVODEX-P33364
EVODEX-N13725,[H][N:67]([C:66])[H:176]>>[H]C1=C2N=C(C(C([H])([H])[H])=C3N([H])[C@@](C([H])([H])[H])([C@]4([H])N=C(C(C([H])([H])[H])=C5N=C1C(C([H])([H])[H])(C([H])([H])[H])[C@]5([H])C([H])([H])C([H])([H])C(=O)N([H])[H])[C@](C([H])([H])[H])(C([H])([H])C([H])([H])C(=O)[N:67]([C:66])[H:176])[C@@]4([H])C([H])([H])C(=O)N([H])[H])[C@@](C([H])([H])[H])(C([H])([H])C(=O)N([H])[H])[C@]3([H])C([H])([H])C([H])([H])C(=O)N([H])[H])[C@@](C([H])([H])[H])(C([H])([H])C(=O)N([H])[H])[C@]2([H])C([H])([H])C([H])([H])C(=O)N([H])[H].[H]O.[H],"EVODEX-P33367,EVODEX-P33384"
EVODEX-N13726,[H][N:67]([C:66])[H:176].[H]OP(=O)(O[H])O[P:92]([O:91])(=[O:93])[O:94]>>[H]C1=C2N=C(C(C([H])([H])[H])=C3N([H])[C@@](C([H])([H])[H])([C@]4([H])N=C(C(C([H])([H])[H])=C5N=C1C(C([H])([H])[H])(C([H])([H])[H])[C@]5([H])C([H])([H])C([H])([H])C(=O)N([H])[H])[C@](C([H])([H])[H])(C([H])([H])C([H])([H])C(=O)[N:67]([C:66])[H:176])[C@@]4([H])C([H])([H])C(=O)N([H])[H])[C@@](C([H])([H])[H])(C([H])([H])C(=O)N([H])[H])[C@]3([H])C([H])([H])C([H])([H])C(=O)N([H])[H])[C@@](C([H])([H])[H])(C([H])([H])C(=O)N([H])[H])[C@]2([H])C([H])([H])C([H])([H])C(=O)N([H])[H].[H]O[P:92]([O:91])(=[O:93])[O:94],EVODEX-P33368
EVODEX-N13727,[H]C1=C2N=C(C(C([H])([H])[H])=C3N([H])[C@@](C([H])([H])[H])([C@]4([H])N=C(C(C([H])([H])[H])=C5N=C1C(C([H])([H])[H])(C([H])([H])[H])[C@]5([H])C([H])([H])C([H])([H])C(=O)N([H])[H])[C@](C([H])([H])[H])(C([H])([H])C([H])([H])C(=O)[O:25][H:123])[C@@]4([H])C([H])([H])C(=O)N([H])[H])[C@@](C([H])([H])[H])(C([H])([H])C(=O)N([H])[H])[C@]3([H])C([H])([H])C([H])([H])C(=O)N([H])[H])[C@@](C([H])([H])[H])(C([H])([H])C(=O)N([H])[H])[C@]2([H])C([H])([H])C([H])([H])C(=O)N([H])[H].[H]OP(=O)(O[H])O[P:92]([O:91])(=[O:93])[O:94]>>[O:25]([P:92]([O:91])(=[O:93])[O:94])[H:123],EVODEX-P33369
EVODEX-N13728,[H]C1=C2N=C(C(C([H])([H])[H])=C3N([H])[C@@](C([H])([H])[H])([C@]4([H])N=C(C(C([H])([H])[H])=C5N=C1C(C([H])([H])[H])(C([H])([H])[H])[C@]5([H])C([H])([H])C([H])([H])C(=O)N([H])[H])[C@](C([H])([H])[H])(C([H])([H])C([H])([H])C(=O)[O:25][H:123])[C@@]4([H])C([H])([H])C(=O)N([H])[H])[C@@](C([H])([H])[H])(C([H])([H])C(=O)N([H])[H])[C@]3([H])C([H])([H])C([H])([H])C(=O)N([H])[H])[C@@](C([H])([H])[H])(C([H])([H])C(=O)N([H])[H])[C@]2([H])C([H])([H])C([H])([H])C(=O)N([H])[H]>>[H]O[C@@]1([H])[C@@]([H])(O[H])[C@]([H])(N2:C([H]):N:C3:C(N([H])[H]):N:C([H]):N:C:3:2)O[C@]1([H])C([H])([H])OP(=O)(O[H])OP(=O)(O[H])[O:25][H:123],EVODEX-P33370
EVODEX-N13729,[H][N:67]([C:66])[H:176]>>[H]C1=C2N=C(C(C([H])([H])[H])=C3N([H])[C@@](C([H])([H])[H])([C@]4([H])N=C(C(C([H])([H])[H])=C5N=C1C(C([H])([H])[H])(C([H])([H])[H])[C@]5([H])C([H])([H])C([H])([H])C(=O)N([H])[H])[C@](C([H])([H])[H])(C([H])([H])C([H])([H])C(=O)[N:67]([C:66])[H:176])[C@@]4([H])C([H])([H])C(=O)N([H])[H])[C@@](C([H])([H])[H])(C([H])([H])C(=O)N([H])[H])[C@]3([H])C([H])([H])C([H])([H])C(=O)N([H])[H])[C@@](C([H])([H])[H])(C([H])([H])C(=O)N([H])[H])[C@]2([H])C([H])([H])C([H])([H])C(=O)N([H])[H],"EVODEX-P33371,EVODEX-P33387"
EVODEX-N13730,[H][N:67]([C:66])[H:176].[H]O[C@@]1([H])[C@@]([H])(O[H])[C@]([H])(N2:C([H]):N:C3:C(N([H])[H]):N:C([H]):N:C:3:2)O[C@]1([H])C([H])([H])OP(=O)(O[H])OP(=O)(O[H])[O:95][P:96]>>[H]C1=C2N=C(C(C([H])([H])[H])=C3N([H])[C@@](C([H])([H])[H])([C@]4([H])N=C(C(C([H])([H])[H])=C5N=C1C(C([H])([H])[H])(C([H])([H])[H])[C@]5([H])C([H])([H])C([H])([H])C(=O)N([H])[H])[C@](C([H])([H])[H])(C([H])([H])C([H])([H])C(=O)[N:67]([C:66])[H:176])[C@@]4([H])C([H])([H])C(=O)N([H])[H])[C@@](C([H])([H])[H])(C([H])([H])C(=O)N([H])[H])[C@]3([H])C([H])([H])C([H])([H])C(=O)N([H])[H])[C@@](C([H])([H])[H])(C([H])([H])C(=O)N([H])[H])[C@]2([H])C([H])([H])C([H])([H])C(=O)N([H])[H].[H][O:95][P:96],EVODEX-P33372
EVODEX-N13731,[H]O[C:23]([C:22])=[O:24].[H][N:68]([C:67])[H:173].[H]OP(=O)(O[H])[O:91][P:88]>>[C:22][C:23](=[O:24])[N:68]([C:67])[H:173].[H][O:91][P:88],"EVODEX-P33374,EVODEX-P33391,EVODEX-P33727,EVODEX-P34144,EVODEX-P34302,EVODEX-P34361,EVODEX-P34442"
EVODEX-N13732,[C:23][O:25][H:119].[O:91][P:92](=[O:93])([O:94])[O:95]>>[H]O[C@]([H])(C([H])([H])[H])C([H])([H])N([H])[C:23].[H][O:91].[O:25]([P:92](=[O:93])([O:94])[O:95])[H:119],EVODEX-P33375
EVODEX-N13733,[H]O[C:23]([C:22])=[O:24]>>[H]O[C@]([H])(C([H])([H])[H])C([H])([H])N([H])[C:23]([C:22])=[O:24],EVODEX-P33376
EVODEX-N13734,[C:22][C:23](=[O:24])[O:25][H:119].[H][N:68]([C:67])[H:173].[H]O[C@@]1([H])[C@@]([H])(O[H])[C@]([H])(N2:C([H]):N:C3:C(N([H])[H]):N:C([H]):N:C:3:2)O[C@]1([H])C([H])([H])OP(=O)(O[H])OP(=O)(O[H])O[P:92](=[O:93])([O:94])[O:95]>>[C:22][C:23](=[O:24])[N:68]([C:67])[H:173].[O:25]([P:92](=[O:93])([O:94])[O:95])[H:119],"EVODEX-P33377,EVODEX-P33393,EVODEX-P33730,EVODEX-P34147,EVODEX-P34305,EVODEX-P34364,EVODEX-P34445"
EVODEX-N13735,[H]C1=C2N=C(C(C([H])([H])[H])=C3N([H])[C@@](C([H])([H])[H])([C@]4([H])N=C(C(C([H])([H])[H])=C5N=C1C(C([H])([H])[H])(C([H])([H])[H])[C@]5([H])C([H])([H])C([H])([H])C(=O)N([H])[H])[C@](C([H])([H])[H])(C([H])([H])C([H])([H])C(=O)[O:25][H:119])[C@@]4([H])C([H])([H])C(=O)N([H])[H])[C@@](C([H])([H])[H])(C([H])([H])C(=O)N([H])[H])[C@]3([H])C([H])([H])C([H])([H])C(=O)N([H])[H])[C@@](C([H])([H])[H])(C([H])([H])C(=O)N([H])[H])[C@]2([H])C([H])([H])C([H])([H])C(=O)N([H])[H].[H]O[C@@]1([H])[C@@]([H])(O[H])[C@]([H])(N2:C([H]):N:C3:C(N([H])[H]):N:C([H]):N:C:3:2)O[C@]1([H])C([H])([H])OP(=O)(O[H])OP(=O)(O[H])O[P:92](=[O:93])([O:94])[O:95]>>[O:25]([P:92](=[O:93])([O:94])[O:95])[H:119],EVODEX-P33378
EVODEX-N13736,[H]C1=C2N=C(C(C([H])([H])[H])=C3N([H])[C@@](C([H])([H])[H])([C@]4([H])N=C(C(C([H])([H])[H])=C5N=C1C(C([H])([H])[H])(C([H])([H])[H])[C@]5([H])C([H])([H])C([H])([H])C(=O)N([H])[H])[C@](C([H])([H])[H])(C([H])([H])C([H])([H])C(=O)[O:25][H:119])[C@@]4([H])C([H])([H])C(=O)N([H])[H])[C@@](C([H])([H])[H])(C([H])([H])C(=O)N([H])[H])[C@]3([H])C([H])([H])C([H])([H])C(=O)N([H])[H])[C@@](C([H])([H])[H])(C([H])([H])C(=O)N([H])[H])[C@]2([H])C([H])([H])C([H])([H])C(=O)N([H])[H]>>[H]OP(=O)(O[H])[O:25][H:119],EVODEX-P33379
EVODEX-N13737,[H]O[C:23]([C:22])=[O:24].[H]OP(=O)(O[H])[O:91][P:88]>>[H]O[C@]([H])(C([H])([H])[H])C([H])([H])N([H])[C:23]([C:22])=[O:24].[H][O:91][P:88],EVODEX-P33380
EVODEX-N13738,[C:23][O:25][H:119].[H]O[C@@]1([H])[C@@]([H])(O[H])[C@]([H])(N2:C([H]):N:C3:C(N([H])[H]):N:C([H]):N:C:3:2)O[C@]1([H])C([H])([H])OP(=O)(O[H])OP(=O)(O[H])O[P:92](=[O:93])([O:94])[O:95]>>[H]O[C@]([H])(C([H])([H])[H])C([H])([H])N([H])[C:23].[O:25]([P:92](=[O:93])([O:94])[O:95])[H:119],EVODEX-P33381
EVODEX-N13739,>>[H]NC([H])([H])[C@]([H])(O[H])C([H])([H])[H].[H]OP(=O)O[H],EVODEX-P33382
EVODEX-N13740,[C:22][C:23](=[O:24])[O:25].[H][N:68]([C:67])[H:173]>>[C:22][C:23](=[O:24])[N:68]([C:67])[H:173].[H]OP(=O)(O[H])[O:25],"EVODEX-P33385,EVODEX-P33401,EVODEX-P33739,EVODEX-P34156,EVODEX-P34311,EVODEX-P34372,EVODEX-P34447"
EVODEX-N13741,[H][N:68]([C:67])[H:173].[H]OP(=O)(O[H])[O:91][P:88]>>[H]C1=C2N=C(C(C([H])([H])[H])=C3N([H])[C@@](C([H])([H])[H])([C@]4([H])N=C(C(C([H])([H])[H])=C5N=C1C(C([H])([H])[H])(C([H])([H])[H])[C@]5([H])C([H])([H])C([H])([H])C(=O)N([H])[H])[C@](C([H])([H])[H])(C([H])([H])C([H])([H])C(=O)[N:68]([C:67])[H:173])[C@@]4([H])C([H])([H])C(=O)N([H])[H])[C@@](C([H])([H])[H])(C([H])([H])C(=O)N([H])[H])[C@]3([H])C([H])([H])C([H])([H])C(=O)N([H])[H])[C@@](C([H])([H])[H])(C([H])([H])C(=O)N([H])[H])[C@]2([H])C([H])([H])C([H])([H])C(=O)N([H])[H].[H][O:91][P:88],EVODEX-P33386
EVODEX-N13742,[H][N:68]([C:67])[H:173].[H]O[C@@]1([H])[C@@]([H])(O[H])[C@]([H])(N2:C([H]):N:C3:C(N([H])[H]):N:C([H]):N:C:3:2)O[C@]1([H])C([H])([H])OP(=O)(O[H])OP(=O)(O[H])O[P:92](=[O:93])([O:94])[O:95]>>[H]C1=C2N=C(C(C([H])([H])[H])=C3N([H])[C@@](C([H])([H])[H])([C@]4([H])N=C(C(C([H])([H])[H])=C5N=C1C(C([H])([H])[H])(C([H])([H])[H])[C@]5([H])C([H])([H])C([H])([H])C(=O)N([H])[H])[C@](C([H])([H])[H])(C([H])([H])C([H])([H])C(=O)[N:68]([C:67])[H:173])[C@@]4([H])C([H])([H])C(=O)N([H])[H])[C@@](C([H])([H])[H])(C([H])([H])C(=O)N([H])[H])[C@]3([H])C([H])([H])C([H])([H])C(=O)N([H])[H])[C@@](C([H])([H])[H])(C([H])([H])C(=O)N([H])[H])[C@]2([H])C([H])([H])C([H])([H])C(=O)N([H])[H].[H]O[P:92](=[O:93])([O:94])[O:95],EVODEX-P33388
EVODEX-N13743,>>[H]NC([H])([H])C([H])([H])C([H])([H])C([H])([H])N([H])[H].[H]OP(=O)O[H],EVODEX-P33390
EVODEX-N13744,[O:39][P:40](=[O:41])([O:42])[O:43].[C:11][O:13][H:83]>>[H][O:39].[H]N([H])C([H])([H])C([H])([H])C([H])([H])C([H])([H])N([H])[C:11].[O:13]([P:40](=[O:41])([O:42])[O:43])[H:83],EVODEX-P33392
EVODEX-N13745,[H]O[C:11]([C:10])=[O:12]>>[H]N([H])C([H])([H])C([H])([H])C([H])([H])C([H])([H])N([H])[C:11]([C:10])=[O:12],EVODEX-P33394
EVODEX-N13746,[H]O[C@@]1([H])[C@@]([H])(O[H])[C@]([H])(N2:C([H]):N:C3:C(N([H])[H]):N:C([H]):N:C:3:2)O[C@]1([H])C([H])([H])OP(=O)(O[H])OP(=O)(O[H])O[P:40](=[O:41])([O:42])[O:43].[H]OC(=O)[C@]([H])(N([H])[H])C([H])([H])C([H])([H])C(=O)[O:13][H:83]>>[O:13]([P:40](=[O:41])([O:42])[O:43])[H:83],EVODEX-P33395
EVODEX-N13747,[H]OP(=O)(O[H])[O:39][P:36].[H]O[C:11]([C:10])=[O:12]>>[H][O:39][P:36].[H]N([H])C([H])([H])C([H])([H])C([H])([H])C([H])([H])N([H])[C:11]([C:10])=[O:12],EVODEX-P33396
EVODEX-N13748,[H]O[C@@]1([H])[C@@]([H])(O[H])[C@]([H])(N2:C([H]):N:C3:C(N([H])[H]):N:C([H]):N:C:3:2)O[C@]1([H])C([H])([H])OP(=O)(O[H])OP(=O)(O[H])O[P:40](=[O:41])([O:42])[O:43].[C:11][O:13][H:83]>>[H]N([H])C([H])([H])C([H])([H])C([H])([H])C([H])([H])N([H])[C:11].[O:13]([P:40](=[O:41])([O:42])[O:43])[H:83],EVODEX-P33397
EVODEX-N13749,[H]OP(=O)(O[H])[O:39][P:36].[H][N:6]([C:5])[H:74]>>[H][O:39][P:36].[H]OC(=O)[C@]([H])(N([H])[H])C([H])([H])C([H])([H])C(=O)[N:6]([C:5])[H:74],EVODEX-P33399
EVODEX-N13750,[H]O[C@@]1([H])[C@@]([H])(O[H])[C@]([H])(N2:C([H]):N:C3:C(N([H])[H]):N:C([H]):N:C:3:2)O[C@]1([H])C([H])([H])OP(=O)(O[H])OP(=O)(O[H])O[P:40](=[O:41])([O:42])[O:43].[H][N:6]([C:5])[H:74]>>[H]OC(=O)[C@]([H])(N([H])[H])C([H])([H])C([H])([H])C(=O)[N:6]([C:5])[H:74].[H]O[P:40](=[O:41])([O:42])[O:43],EVODEX-P33400
EVODEX-N13751,[H]OC(=O)[C@]([H])(N([H])[H])C([H])([H])C([H])([H])C(=O)[O:13][H:83]>>[H]OP(=O)(O[H])[O:13][H:83],EVODEX-P33402
EVODEX-N13752,[H][N:35]([C:34])[H:142]>>[H]OC(=O)[C@]([H])(N([H])[H])C([H])([H])C(=O)[N:35]([C:34])[H:142].[H]O.[H],"EVODEX-P33406,EVODEX-P34920"
EVODEX-N13753,[H][N:35]([C:34])[H:142].[H]OP(=O)(O[H])O[P:96]([O:95])(=[O:97])[O:98]>>[H]OC(=O)[C@]([H])(N([H])[H])C([H])([H])C(=O)[N:35]([C:34])[H:142].[H]O[P:96]([O:95])(=[O:97])[O:98],EVODEX-P33409
EVODEX-N13754,[H][N:35]([C:34])[H:142].[H]O[C@@]1([H])[C@@]([H])(O[H])[C@]([H])(N2:C([H]):N:C3:C(N([H])[H]):N:C([H]):N:C:3:2)O[C@]1([H])C([H])([H])OP(=O)(O[H])OP(=O)(O[H])[O:99][P:100]>>[H]OC(=O)[C@]([H])(N([H])[H])C([H])([H])C(=O)[N:35]([C:34])[H:142].[H][O:99][P:100],EVODEX-P33410
EVODEX-N13755,[C:71][O:73][H:179].[O:95][P:96](=[O:97])([O:98])[O:99]>>[H]OC(=O)C([H])([H])C([H])([H])[C@]([H])(C(=O)N([H])[C@]([H])(C(=O)N([H])[C@@]([H])(C(=O)N([H])[C@@]([H])(C(=O)O[H])C([H])([H])[H])C([H])([H])[H])C([H])([H])C([H])([H])C([H])([H])C([H])([H])N([H])[C:71])N([H])C(=O)[C@@]([H])(N([H])C(=O)C([H])(O[C@@]1([H])[C@]([H])(OC2([H])O[C@]([H])(C([H])([H])O[H])[C@@]([H])(O[H])[C@]([H])(O[H])[C@@]2([H])N([H])C(=O)C([H])([H])[H])[C@@]([H])(C([H])([H])O[H])OC([H])(O[H])[C@]1([H])N([H])C(=O)C([H])([H])[H])C([H])([H])[H])C([H])([H])[H].[O:73]([P:96]([O:95])(=[O:97])[O:98])[H:179].[H][O:99],EVODEX-P33413
EVODEX-N13756,[C:71][O:73][H:179].[H]OP(=O)(O[H])O[P:96]([O:95])(=[O:97])[O:98]>>[H]OC(=O)C([H])([H])C([H])([H])[C@]([H])(C(=O)N([H])[C@]([H])(C(=O)N([H])[C@@]([H])(C(=O)N([H])[C@@]([H])(C(=O)O[H])C([H])([H])[H])C([H])([H])[H])C([H])([H])C([H])([H])C([H])([H])C([H])([H])N([H])[C:71])N([H])C(=O)[C@@]([H])(N([H])C(=O)C([H])(O[C@@]1([H])[C@]([H])(OC2([H])O[C@]([H])(C([H])([H])O[H])[C@@]([H])(O[H])[C@]([H])(O[H])[C@@]2([H])N([H])C(=O)C([H])([H])[H])[C@@]([H])(C([H])([H])O[H])OC([H])(O[H])[C@]1([H])N([H])C(=O)C([H])([H])[H])C([H])([H])[H])C([H])([H])[H].[O:73]([P:96]([O:95])(=[O:97])[O:98])[H:179],EVODEX-P33414
EVODEX-N13757,[H]O[C:71]([C:70])=[O:72]>>[H]OC(=O)C([H])([H])C([H])([H])[C@]([H])(C(=O)N([H])[C@]([H])(C(=O)N([H])[C@@]([H])(C(=O)N([H])[C@@]([H])(C(=O)O[H])C([H])([H])[H])C([H])([H])[H])C([H])([H])C([H])([H])C([H])([H])C([H])([H])N([H])[C:71]([C:70])=[O:72])N([H])C(=O)[C@@]([H])(N([H])C(=O)C([H])(O[C@@]1([H])[C@]([H])(OC2([H])O[C@]([H])(C([H])([H])O[H])[C@@]([H])(O[H])[C@]([H])(O[H])[C@@]2([H])N([H])C(=O)C([H])([H])[H])[C@@]([H])(C([H])([H])O[H])OC([H])(O[H])[C@]1([H])N([H])C(=O)C([H])([H])[H])C([H])([H])[H])C([H])([H])[H],EVODEX-P33415
EVODEX-N13758,[H]O[C:71]([C:70])=[O:72].[H]O[C@@]1([H])[C@@]([H])(O[H])[C@]([H])(N2:C([H]):N:C3:C(N([H])[H]):N:C([H]):N:C:3:2)O[C@]1([H])C([H])([H])OP(=O)(O[H])OP(=O)(O[H])[O:99][P:100]>>[H]OC(=O)C([H])([H])C([H])([H])[C@]([H])(C(=O)N([H])[C@]([H])(C(=O)N([H])[C@@]([H])(C(=O)N([H])[C@@]([H])(C(=O)O[H])C([H])([H])[H])C([H])([H])[H])C([H])([H])C([H])([H])C([H])([H])C([H])([H])N([H])[C:71]([C:70])=[O:72])N([H])C(=O)[C@@]([H])(N([H])C(=O)C([H])(O[C@@]1([H])[C@]([H])(OC2([H])O[C@]([H])(C([H])([H])O[H])[C@@]([H])(O[H])[C@]([H])(O[H])[C@@]2([H])N([H])C(=O)C([H])([H])[H])[C@@]([H])(C([H])([H])O[H])OC([H])(O[H])[C@]1([H])N([H])C(=O)C([H])([H])[H])C([H])([H])[H])C([H])([H])[H].[H][O:99][P:100],EVODEX-P33416
EVODEX-N13759,>>[H]NC([H])([H])C([H])([H])C([H])([H])C([H])([H])[C@@]([H])(C(=O)N([H])[C@@]([H])(C(=O)N([H])[C@@]([H])(C(=O)O[H])C([H])([H])[H])C([H])([H])[H])N([H])C(=O)[C@]([H])(N([H])C(=O)[C@@]([H])(N([H])C(=O)C([H])(O[C@@]1([H])[C@]([H])(OC2([H])O[C@]([H])(C([H])([H])O[H])[C@@]([H])(O[H])[C@]([H])(O[H])[C@@]2([H])N([H])C(=O)C([H])([H])[H])[C@@]([H])(C([H])([H])O[H])OC([H])(O[H])[C@]1([H])N([H])C(=O)C([H])([H])[H])C([H])([H])[H])C([H])([H])[H])C([H])([H])C([H])([H])C(=O)O[H].[H]OP(=O)OP(=O)(O[H])OC([H])([H])[C@@]1([H])O[C@@]([H])(N2:C([H]):N:C3:C(N([H])[H]):N:C([H]):N:C:3:2)[C@]([H])(O[H])[C@]1([H])O[H],EVODEX-P33417
EVODEX-N13760,[H]O[C:5]([C:2])=[O:6].[H]O[C@@]1([H])[C@@]([H])(O[H])[C@]([H])(N2:C([H]):N:C3:C(N([H])[H]):N:C([H]):N:C:3:2)O[C@]1([H])C([H])([H])OP(=O)(O[H])[O:49][P:50].[H][N:8]([C:9])[H:85]>>[C:2][C:5](=[O:6])[N:8]([C:9])[H:85].[H][O:49][P:50],"EVODEX-P33419,EVODEX-P33467,EVODEX-P33484,EVODEX-P33537,EVODEX-P33574,EVODEX-P33879,EVODEX-P33956,EVODEX-P34082,EVODEX-P34096,EVODEX-P34477,EVODEX-P34493,EVODEX-P34509,EVODEX-P34538,EVODEX-P34557,EVODEX-P34571,EVODEX-P34845,EVODEX-P34914"
EVODEX-N13761,[H]O[C:5]([C:2])=[O:6]>>[H]OC([H])([H])[C@@]1([H])O[C@]([H])(O[C@@]2([H])[C@]([H])(O[H])[C@@]([H])(O[H])[C@]([H])(O[H])[C@@]([H])(O[H])[C@@]2([H])O[H])[C@]([H])(N([H])[C:5]([C:2])=[O:6])[C@@]([H])(O[H])[C@]1([H])O[H],EVODEX-P33421
EVODEX-N13762,[C:2][C:5](=[O:6])[O:7][H:68].[H]OP(=O)(O[H])OP(=O)(O[H])O[P:46]([O:45])(=[O:47])[O:48].[H][N:8]([C:9])[H:85]>>[C:2][C:5](=[O:6])[N:8]([C:9])[H:85].[O:7]([P:46]([O:45])(=[O:47])[O:48])[H:68],"EVODEX-P33422,EVODEX-P33464,EVODEX-P33481,EVODEX-P33534,EVODEX-P33572,EVODEX-P33586,EVODEX-P33674,EVODEX-P33881,EVODEX-P33955,EVODEX-P34079,EVODEX-P34093,EVODEX-P34475,EVODEX-P34489,EVODEX-P34506,EVODEX-P34537,EVODEX-P34553,EVODEX-P34570,EVODEX-P34842,EVODEX-P34911"
EVODEX-N13763,[H]SC([H])([H])[C@@]([H])(C(=O)[O:7][H:68])N([H])[H]>>[H]O[C@@]1([H])[C@@]([H])(O[H])[C@]([H])(N2:C([H]):N:C3:C(N([H])[H]):N:C([H]):N:C:3:2)O[C@]1([H])C([H])([H])OP(=O)(O[H])[O:7][H:68],EVODEX-P33423
EVODEX-N13764,[C:2][C:5](=[O:6])[O:7].[H][N:8]([C:9])[H:85]>>[C:2][C:5](=[O:6])[N:8]([C:9])[H:85].[H]O[C@@]1([H])[C@@]([H])(O[H])[C@]([H])(N2:C([H]):N:C3:C(N([H])[H]):N:C([H]):N:C:3:2)O[C@]1([H])C([H])([H])OP(=O)(O[H])[O:7],"EVODEX-P33424,EVODEX-P33473,EVODEX-P33488,EVODEX-P33539,EVODEX-P33579,EVODEX-P33889,EVODEX-P33958,EVODEX-P34084,EVODEX-P34102,EVODEX-P34482,EVODEX-P34497,EVODEX-P34514,EVODEX-P34540,EVODEX-P34561,EVODEX-P34573,EVODEX-P34846,EVODEX-P34919"
EVODEX-N13765,>>[H]N[C@@]1([H])[C@@]([H])(O[C@@]2([H])[C@]([H])(O[H])[C@@]([H])(O[H])[C@]([H])(O[H])[C@@]([H])(O[H])[C@@]2([H])O[H])O[C@]([H])(C([H])([H])O[H])[C@@]([H])(O[H])[C@]1([H])O[H].[H]OP(=O)OC([H])([H])[C@@]1([H])O[C@@]([H])(N2:C([H]):N:C3:C(N([H])[H]):N:C([H]):N:C:3:2)[C@]([H])(O[H])[C@]1([H])O[H],EVODEX-P33425
EVODEX-N13766,[C:5][O:7][H:68].[O:45][P:46](=[O:47])([O:48])[O:49]>>[H]OC([H])([H])[C@@]1([H])O[C@]([H])(O[C@@]2([H])[C@]([H])(O[H])[C@@]([H])(O[H])[C@]([H])(O[H])[C@@]([H])(O[H])[C@@]2([H])O[H])[C@]([H])(N([H])[C:5])[C@@]([H])(O[H])[C@]1([H])O[H].[H][O:49].[O:7]([P:46]([O:45])(=[O:47])[O:48])[H:68],EVODEX-P33426
EVODEX-N13767,[H]SC([H])([H])[C@@]([H])(C(=O)[O:7][H:68])N([H])[H].[H]OP(=O)(O[H])OP(=O)(O[H])O[P:46]([O:45])(=[O:47])[O:48]>>[O:7]([P:46]([O:45])(=[O:47])[O:48])[H:68],EVODEX-P33427
EVODEX-N13768,[H]O[C:5]([C:2])=[O:6].[H]O[C@@]1([H])[C@@]([H])(O[H])[C@]([H])(N2:C([H]):N:C3:C(N([H])[H]):N:C([H]):N:C:3:2)O[C@]1([H])C([H])([H])OP(=O)(O[H])[O:49][P:50]>>[H]OC([H])([H])[C@@]1([H])O[C@]([H])(O[C@@]2([H])[C@]([H])(O[H])[C@@]([H])(O[H])[C@]([H])(O[H])[C@@]([H])(O[H])[C@@]2([H])O[H])[C@]([H])(N([H])[C:5]([C:2])=[O:6])[C@@]([H])(O[H])[C@]1([H])O[H].[H][O:49][P:50],EVODEX-P33428
EVODEX-N13769,.[H][N:8]([C:9])[H:85]>>[H]SC([H])([H])[C@@]([H])(C(=O)[N:8]([C:9])[H:85])N([H])[H].[H].[H]O,EVODEX-P33429
EVODEX-N13770,[C:5][O:7][H:68].[H]OP(=O)(O[H])OP(=O)(O[H])O[P:46]([O:45])(=[O:47])[O:48]>>[H]OC([H])([H])[C@@]1([H])O[C@]([H])(O[C@@]2([H])[C@]([H])(O[H])[C@@]([H])(O[H])[C@]([H])(O[H])[C@@]([H])(O[H])[C@@]2([H])O[H])[C@]([H])(N([H])[C:5])[C@@]([H])(O[H])[C@]1([H])O[H].[O:7]([P:46]([O:45])(=[O:47])[O:48])[H:68],EVODEX-P33430
EVODEX-N13771,[H]O[C@@]1([H])[C@@]([H])(O[H])[C@]([H])(N2:C([H]):N:C3:C(N([H])[H]):N:C([H]):N:C:3:2)O[C@]1([H])C([H])([H])OP(=O)(O[H])[O:49][P:50].[H][N:8]([C:9])[H:85]>>[H]SC([H])([H])[C@@]([H])(C(=O)[N:8]([C:9])[H:85])N([H])[H].[H][O:49][P:50],EVODEX-P33431
EVODEX-N13772,[H]SC([H])([H])[C@@]([H])(C(=O)[O:7][H:68])N([H])[H].[O:45][P:46](=[O:47])([O:48])[O:49]>>[H][O:49].[O:7]([P:46]([O:45])(=[O:47])[O:48])[H:68],EVODEX-P33432
EVODEX-N13773,[H]OP(=O)(O[H])OP(=O)(O[H])O[P:46]([O:45])(=[O:47])[O:48].[H][N:8]([C:9])[H:85]>>[H]SC([H])([H])[C@@]([H])(C(=O)[N:8]([C:9])[H:85])N([H])[H].[H]O[P:46]([O:45])(=[O:47])[O:48],EVODEX-P33433
EVODEX-N13774,[H][N:8]([C:9])[H:85]>>[H]SC([H])([H])[C@@]([H])(C(=O)[N:8]([C:9])[H:85])N([H])[H],EVODEX-P33434
EVODEX-N13775,[H]O[C:19]([C:5])=[O:20].[H]OP(=O)(O[H])[O:45][P:42].[H][N:22]([H:93])[H:94]>>[C:5][C:19](=[O:20])[N:22]([H:93])[H:94].[H][O:45][P:42],"EVODEX-P33436,EVODEX-P33453"
EVODEX-N13776,[C:5][C:19](=[O:20])[O:21][H:76].[H]O[C@@]1([H])[C@@]([H])(O[H])[C@]([H])(N2:C([H]):N:C3:C(N([H])[H]):N:C([H]):N:C:3:2)O[C@]1([H])C([H])([H])OP(=O)(O[H])OP(=O)(O[H])O[P:46](=[O:47])([O:48])[O:49].[H][N:22]([H:93])[H:94]>>[C:5][C:19](=[O:20])[N:22]([H:93])[H:94].[O:21]([P:46](=[O:47])([O:48])[O:49])[H:76],EVODEX-P33439
EVODEX-N13777,[C:5][C:19](=[O:20])[O:21].[H][N:22]([H:93])[H:94]>>[C:5][C:19](=[O:20])[N:22]([H:93])[H:94].[H]OP(=O)(O[H])[O:21],EVODEX-P33441
EVODEX-N13778,>>[H]N[H].[H]OP(=O)O[H],EVODEX-P33442
EVODEX-N13779,[H]O[C:19]([C:5])=[O:20].[H]OP(=O)(O[H])[O:45][P:42]>>[H]N([H])[C:19]([C:5])=[O:20].[H][O:45][P:42],"EVODEX-P33445,EVODEX-P33457"
EVODEX-N13780,[C:19][O:21][H:76].[H]O[C@@]1([H])[C@@]([H])(O[H])[C@]([H])(N2:C([H]):N:C3:C(N([H])[H]):N:C([H]):N:C:3:2)O[C@]1([H])C([H])([H])OP(=O)(O[H])OP(=O)(O[H])O[P:46](=[O:47])([O:48])[O:49]>>[H]N([H])[C:19].[O:21]([P:46](=[O:47])([O:48])[O:49])[H:76],EVODEX-P33447
EVODEX-N13781,[C:5][C:19](=[O:20])[O:21][H:77].[H]O[C@@]1([H])[C@@]([H])(O[H])[C@]([H])(N2:C([H]):N:C3:C(=O):N([H]):C(N([H])[H]):N:C:3:2)O[C@]1([H])C([H])([H])OP(=O)(O[H])OP(=O)(O[H])O[P:44](=[O:45])([O:46])[O:47].[H][N:22]([H:94])[H:95]>>[C:5][C:19](=[O:20])[N:22]([H:94])[H:95].[O:21]([P:44](=[O:45])([O:46])[O:47])[H:77],EVODEX-P33454
EVODEX-N13782,[C:19][O:21][H:77].[H]O[C@@]1([H])[C@@]([H])(O[H])[C@]([H])(N2:C([H]):N:C3:C(=O):N([H]):C(N([H])[H]):N:C:3:2)O[C@]1([H])C([H])([H])OP(=O)(O[H])OP(=O)(O[H])O[P:44](=[O:45])([O:46])[O:47]>>[H]N([H])[C:19].[O:21]([P:44](=[O:45])([O:46])[O:47])[H:77],EVODEX-P33459
EVODEX-N13783,[C:9][O:11][H:71].[O:44][P:45](=[O:46])([O:47])[O:48]>>[H]OC1:C([H]):C([H]):C2:C(O[H]):C(N([H])[C:9]):C(=O):O:C:2:C:1[H].[O:11]([P:45]([O:44])(=[O:46])[O:47])[H:71].[H][O:48],EVODEX-P33465
EVODEX-N13784,[H]O[C:9]([C:8])=[O:10]>>[H]OC1:C([H]):C([H]):C2:C(O[H]):C(N([H])[C:9]([C:8])=[O:10]):C(=O):O:C:2:C:1[H],EVODEX-P33466
EVODEX-N13785,>>[H]NC1:C(O[H]):C2:C([H]):C([H]):C(O[H]):C([H]):C:2:O:C:1=O.[H]OP(=O)OC([H])([H])[C@@]1([H])O[C@@]([H])(N2:C([H]):N:C3:C(N([H])[H]):N:C([H]):N:C:3:2)[C@]([H])(O[H])[C@]1([H])O[H],EVODEX-P33468
EVODEX-N13786,[C:9][O:11][H:71].[H]OP(=O)(O[H])OP(=O)(O[H])O[P:45]([O:44])(=[O:46])[O:47]>>[H]OC1:C([H]):C([H]):C2:C(O[H]):C(N([H])[C:9]):C(=O):O:C:2:C:1[H].[O:11]([P:45]([O:44])(=[O:46])[O:47])[H:71],EVODEX-P33469
EVODEX-N13787,[H]O[C:9]([C:8])=[O:10].[H]O[C@@]1([H])[C@@]([H])(O[H])[C@]([H])(N2:C([H]):N:C3:C(N([H])[H]):N:C([H]):N:C:3:2)O[C@]1([H])C([H])([H])OP(=O)(O[H])[O:48][P:49]>>[H]OC1:C([H]):C([H]):C2:C(O[H]):C(N([H])[C:9]([C:8])=[O:10]):C(=O):O:C:2:C:1[H].[H][O:48][P:49],EVODEX-P33470
EVODEX-N13788,[H]OC1:C([H]):C([H]):C(C(=O)[O:11][H:71]):C([H]):C:1C([H])([H])C([H])=C(C([H])([H])[H])C([H])([H])[H].[O:44][P:45](=[O:46])([O:47])[O:48]>>[O:11]([P:45]([O:44])(=[O:46])[O:47])[H:71].[H][O:48],EVODEX-P33471
EVODEX-N13789,[H][N:16]([C:17])[H:75]>>[H]OC1:C([H]):C([H]):C(C(=O)[N:16]([C:17])[H:75]):C([H]):C:1C([H])([H])C([H])=C(C([H])([H])[H])C([H])([H])[H].[H]O.[H],"EVODEX-P33474,EVODEX-P33482"
EVODEX-N13790,[H][N:16]([C:17])[H:75].[H]OP(=O)(O[H])OP(=O)(O[H])O[P:45]([O:44])(=[O:46])[O:47]>>[H]OC1:C([H]):C([H]):C(C(=O)[N:16]([C:17])[H:75]):C([H]):C:1C([H])([H])C([H])=C(C([H])([H])[H])C([H])([H])[H].[H]O[P:45]([O:44])(=[O:46])[O:47],"EVODEX-P33475,EVODEX-P33485"
EVODEX-N13791,[H]OC1:C([H]):C([H]):C(C(=O)[O:11][H:71]):C([H]):C:1C([H])([H])C([H])=C(C([H])([H])[H])C([H])([H])[H].[H]OP(=O)(O[H])OP(=O)(O[H])O[P:45]([O:44])(=[O:46])[O:47]>>[O:11]([P:45]([O:44])(=[O:46])[O:47])[H:71],EVODEX-P33476
EVODEX-N13792,[H]OC1:C([H]):C([H]):C(C(=O)[O:11][H:71]):C([H]):C:1C([H])([H])C([H])=C(C([H])([H])[H])C([H])([H])[H]>>[H]O[C@@]1([H])[C@@]([H])(O[H])[C@]([H])(N2:C([H]):N:C3:C(N([H])[H]):N:C([H]):N:C:3:2)O[C@]1([H])C([H])([H])OP(=O)(O[H])[O:11][H:71],EVODEX-P33477
EVODEX-N13793,[H][N:16]([C:17])[H:75]>>[H]OC1:C([H]):C([H]):C(C(=O)[N:16]([C:17])[H:75]):C([H]):C:1C([H])([H])C([H])=C(C([H])([H])[H])C([H])([H])[H],"EVODEX-P33478,EVODEX-P33483"
EVODEX-N13794,[H][N:16]([C:17])[H:75].[H]O[C@@]1([H])[C@@]([H])(O[H])[C@]([H])(N2:C([H]):N:C3:C(N([H])[H]):N:C([H]):N:C:3:2)O[C@]1([H])C([H])([H])OP(=O)(O[H])[O:48][P:49]>>[H]OC1:C([H]):C([H]):C(C(=O)[N:16]([C:17])[H:75]):C([H]):C:1C([H])([H])C([H])=C(C([H])([H])[H])C([H])([H])[H].[H][O:48][P:49],"EVODEX-P33479,EVODEX-P33486"
EVODEX-N13795,[C:9][O:11][H:81].[O:45][P:46](=[O:47])([O:48])[O:49]>>[H]OC1:C([H]):C([H]):C2:C(O[H]):C(N([H])[C:9]):C(=O):O:C:2:C:1C([H])([H])[H].[O:11]([P:46]([O:45])(=[O:47])[O:48])[H:81].[H][O:49],EVODEX-P33489
EVODEX-N13796,[C:9][O:11][H:81].[H]OP(=O)(O[H])OP(=O)(O[H])O[P:46]([O:45])(=[O:47])[O:48]>>[H]OC1:C([H]):C([H]):C2:C(O[H]):C(N([H])[C:9]):C(=O):O:C:2:C:1C([H])([H])[H].[O:11]([P:46]([O:45])(=[O:47])[O:48])[H:81],EVODEX-P33490
EVODEX-N13797,[H]O[C:9]([C:8])=[O:10]>>[H]OC1:C([H]):C([H]):C2:C(O[H]):C(N([H])[C:9]([C:8])=[O:10]):C(=O):O:C:2:C:1C([H])([H])[H],EVODEX-P33491
EVODEX-N13798,[H]O[C:9]([C:8])=[O:10].[H]O[C@@]1([H])[C@@]([H])(O[H])[C@]([H])(N2:C([H]):N:C3:C(N([H])[H]):N:C([H]):N:C:3:2)O[C@]1([H])C([H])([H])OP(=O)(O[H])[O:49][P:50]>>[H]OC1:C([H]):C([H]):C2:C(O[H]):C(N([H])[C:9]([C:8])=[O:10]):C(=O):O:C:2:C:1C([H])([H])[H].[H][O:49][P:50],EVODEX-P33492
EVODEX-N13799,>>[H]NC1:C(O[H]):C2:C([H]):C([H]):C(O[H]):C(C([H])([H])[H]):C:2:O:C:1=O.[H]OP(=O)OC([H])([H])[C@@]1([H])O[C@@]([H])(N2:C([H]):N:C3:C(N([H])[H]):N:C([H]):N:C:3:2)[C@]([H])(O[H])[C@]1([H])O[H],EVODEX-P33493
EVODEX-N13800,[H][N:1]([C:2])[H:71]>>[H]OC(=O)C([H])([H])C(O[H])(C(=O)[N:1]([C:2])[H:71])C([H])([H])C(=O)O[H],EVODEX-P33496
EVODEX-N13801,[O:29][P:30](=[O:31])([O:32])[O:33].[C:52][O:54][H:87]>>[O:29][P:30](=[O:31])([O:32])[O:54][H:87].[H]OC(=O)C([H])([H])C([H])([H])[C@@]([H])(C(=O)O[H])N([H])[C:52].[H][O:33],"EVODEX-P33497,EVODEX-P33795,EVODEX-P33901,EVODEX-P33916,EVODEX-P33994,EVODEX-P34179,EVODEX-P34196,EVODEX-P34210,EVODEX-P34227,EVODEX-P34241,EVODEX-P34258,EVODEX-P34272,EVODEX-P34317"
EVODEX-N13802,[H]O[C:52]([C:46])=[O:53]>>[H]OC(=O)C([H])([H])C([H])([H])[C@@]([H])(C(=O)O[H])N([H])[C:52]([C:46])=[O:53],"EVODEX-P33499,EVODEX-P33796,EVODEX-P33906,EVODEX-P33999,EVODEX-P34180,EVODEX-P34211,EVODEX-P34228,EVODEX-P34242,EVODEX-P34273,EVODEX-P34318"
EVODEX-N13803,[H]OP(=O)(O[H])O[P:30]([O:29])(=[O:31])[O:32].[C:52][O:54][H:87]>>[O:29][P:30](=[O:31])([O:32])[O:54][H:87].[H]OC(=O)C([H])([H])C([H])([H])[C@@]([H])(C(=O)O[H])N([H])[C:52],"EVODEX-P33500,EVODEX-P33799,EVODEX-P33903,EVODEX-P33918,EVODEX-P33996,EVODEX-P34183,EVODEX-P34199,EVODEX-P34214,EVODEX-P34231,EVODEX-P34245,EVODEX-P34261,EVODEX-P34276,EVODEX-P34321"
EVODEX-N13804,[H]O[C@@]1([H])[C@@]([H])(O[H])[C@]([H])(N2:C([H]):N:C3:C(N([H])[H]):N:C([H]):N:C:3:2)O[C@]1([H])C([H])([H])OP(=O)(O[H])OP(=O)(O[H])[O:33][P:34].[H]O[C:52]([C:46])=[O:53]>>[H]OC(=O)C([H])([H])C([H])([H])[C@@]([H])(C(=O)O[H])N([H])[C:52]([C:46])=[O:53].[H][O:33][P:34],"EVODEX-P33501,EVODEX-P33800,EVODEX-P33904,EVODEX-P33997,EVODEX-P34200,EVODEX-P34215,EVODEX-P34232,EVODEX-P34246,EVODEX-P34322"
EVODEX-N13805,.[H][N:1]([C:2])[H:71]>>[H]O.[H]OC(=O)C([H])([H])C(O[H])(C(=O)[N:1]([C:2])[H:71])C([H])([H])C(=O)O[H].[H],EVODEX-P33502
EVODEX-N13806,[H]OP(=O)(O[H])O[P:30]([O:29])(=[O:31])[O:32].[H][N:1]([C:2])[H:71]>>[H]O[P:30]([O:29])(=[O:31])[O:32].[H]OC(=O)C([H])([H])C(O[H])(C(=O)[N:1]([C:2])[H:71])C([H])([H])C(=O)O[H],EVODEX-P33503
EVODEX-N13807,[H]O[C@@]1([H])[C@@]([H])(O[H])[C@]([H])(N2:C([H]):N:C3:C(N([H])[H]):N:C([H]):N:C:3:2)O[C@]1([H])C([H])([H])OP(=O)(O[H])OP(=O)(O[H])[O:33][P:34].[H][N:1]([C:2])[H:71]>>[H]OC(=O)C([H])([H])C(O[H])(C(=O)[N:1]([C:2])[H:71])C([H])([H])C(=O)O[H].[H][O:33][P:34],EVODEX-P33505
EVODEX-N13808,>>[H]N[C@]([H])(C(=O)O[H])C([H])([H])C([H])([H])C(=O)O[H].[H]OP(=O)OP(=O)(O[H])OC([H])([H])[C@@]1([H])O[C@@]([H])(N2:C([H]):N:C3:C(N([H])[H]):N:C([H]):N:C:3:2)[C@]([H])(O[H])[C@]1([H])O[H],"EVODEX-P33507,EVODEX-P33798,EVODEX-P33908,EVODEX-P34001,EVODEX-P34198,EVODEX-P34213,EVODEX-P34230,EVODEX-P34244,EVODEX-P34320"
EVODEX-N13809,[H]O[P:20]([O:19])(=[O:21])[O:23].[H]OC(=O)C([H])([H])C(O[H])(C(=O)[N:34]([C:33])[H:76])C([H])([H])C(=O)O[H].[H][O:52][P:51]>>[O:19][P:20](=[O:21])([O:23])[O:52][P:51].[H][N:34]([C:33])[H:76],EVODEX-P33509
EVODEX-N13810,[O:19][P:20](=[O:21])([O:22][H:64])[O:23].[H]OC(=O)C([H])([H])C([H])([H])[C@@]([H])(C(=O)O[H])N([H])[C:35](=[O:36])[C:37].[H][O:52][P:51]>>[O:19][P:20](=[O:21])([O:23])[O:52][P:51].[O:22]([C:35](=[O:36])[C:37])[H:64],"EVODEX-P33510,EVODEX-P34004"
EVODEX-N13811,[H]O[C@@]1([H])[C@@]([H])(O[H])[C@]([H])(N2:C([H]):N:C3:C(N([H])[H]):N:C([H]):N:C:3:2)O[C@]1([H])C([H])([H])OP(=O)(O[H])OP(=O)(O[H])[O:22][H:64].[H]OC(=O)C([H])([H])C([H])([H])[C@@]([H])(C(=O)O[H])N([H])[C:35](=[O:36])[C:37]>>[O:22]([C:35](=[O:36])[C:37])[H:64],"EVODEX-P33512,EVODEX-P34009"
EVODEX-N13812,[H]O[P:20]([O:19])(=[O:21])[O:23].[H]OC(=O)C([H])([H])C(O[H])(C(=O)[N:34]([C:33])[H:76])C([H])([H])C(=O)O[H]>>[H]OP(=O)(O[H])O[P:20]([O:19])(=[O:21])[O:23].[H][N:34]([C:33])[H:76],EVODEX-P33513
EVODEX-N13813,[P:20][O:22][H:64].[H]OC(=O)C([H])([H])C([H])([H])[C@@]([H])(C(=O)O[H])N([H])[C:35](=[O:36])[C:37]>>[H]OP(=O)(O[H])O[P:20].[O:22]([C:35](=[O:36])[C:37])[H:64],"EVODEX-P33515,EVODEX-P34014"
EVODEX-N13814,[H]OC(=O)C([H])([H])C(O[H])(C(=O)[N:34]([C:33])[H:76])C([H])([H])C(=O)O[H].[H][O:52][P:51]>>[H]O[C@@]1([H])[C@@]([H])(O[H])[C@]([H])(N2:C([H]):N:C3:C(N([H])[H]):N:C([H]):N:C:3:2)O[C@]1([H])C([H])([H])OP(=O)(O[H])OP(=O)(O[H])[O:52][P:51].[H][N:34]([C:33])[H:76],EVODEX-P33516
EVODEX-N13815,[H]OC(=O)C([H])([H])C([H])([H])[C@@]([H])(C(=O)O[H])N([H])[C:35](=[O:36])[C:37].[H][O:52][P:51]>>[H]O[C@@]1([H])[C@@]([H])(O[H])[C@]([H])(N2:C([H]):N:C3:C(N([H])[H]):N:C([H]):N:C:3:2)O[C@]1([H])C([H])([H])OP(=O)(O[H])OP(=O)(O[H])[O:52][P:51].[H]O[C:35](=[O:36])[C:37],"EVODEX-P33518,EVODEX-P34016"
EVODEX-N13816,>>[H]NC1:C([H]):C([H]):C([H]):C([H]):C:1[H].[H]OP(=O)OP(=O)(O[H])OC([H])([H])[C@@]1([H])O[C@@]([H])(N2:C([H]):N:C3:C(N([H])[H]):N:C([H]):N:C:3:2)[C@]([H])(O[H])[C@]1([H])O[H],EVODEX-P33526
EVODEX-N13817,[O:36][P:37](=[O:38])([O:39])[O:40].[C:5][O:7][H:79]>>[H]C1:C([H]):C([H]):C(N([H])[C:5]):C([H]):C:1[H].[H][O:40].[O:7]([P:37]([O:36])(=[O:38])[O:39])[H:79],EVODEX-P33528
EVODEX-N13818,[H]O[C@@]1([H])[C@@]([H])(O[H])[C@]([H])(N2:C([H]):N:C3:C(N([H])[H]):N:C([H]):N:C:3:2)O[C@]1([H])C([H])([H])OP(=O)(O[H])OP(=O)(O[H])[O:40][P:41].[H]O[C:5]([C:4])=[O:6]>>[H]C1:C([H]):C([H]):C(N([H])[C:5]([C:4])=[O:6]):C([H]):C:1[H].[H][O:40][P:41],EVODEX-P33530
EVODEX-N13819,[H]OP(=O)(O[H])O[P:37]([O:36])(=[O:38])[O:39].[C:5][O:7][H:79]>>[H]C1:C([H]):C([H]):C(N([H])[C:5]):C([H]):C:1[H].[O:7]([P:37]([O:36])(=[O:38])[O:39])[H:79],EVODEX-P33531
EVODEX-N13820,[H][N:13]([C:12])[H:109]>>[H]C1([H])SS[C@]([H])(C([H])([H])C([H])([H])C([H])([H])C([H])([H])C(=O)[N:13]([C:12])[H:109])C1([H])[H],EVODEX-P33536
EVODEX-N13821,[H]C1([H])SS[C@]([H])(C([H])([H])C([H])([H])C([H])([H])C([H])([H])C(=O)[O:83][H:155])C1([H])[H]>>[H]O[C@@]1([H])[C@@]([H])(O[H])[C@]([H])(N2:C([H]):N:C3:C(N([H])[H]):N:C([H]):N:C:3:2)O[C@]1([H])C([H])([H])OP(=O)(O[H])[O:83][H:155],EVODEX-P33538
EVODEX-N13822,[H][N:13]([C:12])[H:109]>>[H]C1([H])SS[C@]([H])(C([H])([H])C([H])([H])C([H])([H])C([H])([H])C(=O)[N:13]([C:12])[H:109])C1([H])[H].[H]O.[H],EVODEX-P33540
EVODEX-N13823,[H][N:13]([C:12])[H:109].[H]OP(=O)(O[H])OP(=O)(O[H])O[P:65]([O:64])(=[O:66])[O:67]>>[H]C1([H])SS[C@]([H])(C([H])([H])C([H])([H])C([H])([H])C([H])([H])C(=O)[N:13]([C:12])[H:109])C1([H])[H].[H]O[P:65]([O:64])(=[O:66])[O:67],EVODEX-P33541
EVODEX-N13824,[O:64][P:65](=[O:66])([O:67])[O:68].[C:82][O:83][H:155]>>[H]OC(=O)[C@@]([H])(N([H])C(=O)[C@@]([H])(N([H])C(=O)[C@@]([H])(N([H])C(=O)[C@@]([H])(N([H])C(=O)[C@@]([H])(N([H])C(=O)[C@@]([H])(N([H])[H])C([H])([H])S[H])C([H])([H])C(=O)N([H])[H])C([H])([H])O[H])C([H])([H])C1:C([H]):C([H]):C(O[H]):C([H]):C:1[H])C([H])([H])C([H])([H])C([H])([H])C([H])([H])N([H])[C:82])C([H])(O[H])C([H])([H])[H].[O:64][P:65](=[O:66])([O:67])[O:83][H:155].[H][O:68],EVODEX-P33542
EVODEX-N13825,[H][N:13]([C:12])[H:109].[H]O[C@@]1([H])[C@@]([H])(O[H])[C@]([H])(N2:C([H]):N:C3:C(N([H])[H]):N:C([H]):N:C:3:2)O[C@]1([H])C([H])([H])OP(=O)(O[H])[O:68][P:69]>>[H]C1([H])SS[C@]([H])(C([H])([H])C([H])([H])C([H])([H])C([H])([H])C(=O)[N:13]([C:12])[H:109])C1([H])[H].[H][O:68][P:69],EVODEX-P33543
EVODEX-N13826,[H]OP(=O)(O[H])OP(=O)(O[H])O[P:65]([O:64])(=[O:66])[O:67].[C:82][O:83][H:155]>>[H]OC(=O)[C@@]([H])(N([H])C(=O)[C@@]([H])(N([H])C(=O)[C@@]([H])(N([H])C(=O)[C@@]([H])(N([H])C(=O)[C@@]([H])(N([H])C(=O)[C@@]([H])(N([H])[H])C([H])([H])S[H])C([H])([H])C(=O)N([H])[H])C([H])([H])O[H])C([H])([H])C1:C([H]):C([H]):C(O[H]):C([H]):C:1[H])C([H])([H])C([H])([H])C([H])([H])C([H])([H])N([H])[C:82])C([H])(O[H])C([H])([H])[H].[O:64][P:65](=[O:66])([O:67])[O:83][H:155],EVODEX-P33544
EVODEX-N13827,[H]O[C@@]1([H])[C@@]([H])(O[H])[C@]([H])(N2:C([H]):N:C3:C(N([H])[H]):N:C([H]):N:C:3:2)O[C@]1([H])C([H])([H])OP(=O)(O[H])[O:68][P:69].[H]O[C:82](=[O:81])[C:84]>>[H]OC(=O)[C@@]([H])(N([H])C(=O)[C@@]([H])(N([H])C(=O)[C@@]([H])(N([H])C(=O)[C@@]([H])(N([H])C(=O)[C@@]([H])(N([H])C(=O)[C@@]([H])(N([H])[H])C([H])([H])S[H])C([H])([H])C(=O)N([H])[H])C([H])([H])O[H])C([H])([H])C1:C([H]):C([H]):C(O[H]):C([H]):C:1[H])C([H])([H])C([H])([H])C([H])([H])C([H])([H])N([H])[C:82](=[O:81])[C:84])C([H])(O[H])C([H])([H])[H].[H][O:68][P:69],EVODEX-P33545
EVODEX-N13828,[O:64][P:65](=[O:66])([O:67])[O:68].[H]C1([H])SS[C@]([H])(C([H])([H])C([H])([H])C([H])([H])C([H])([H])C(=O)[O:83][H:155])C1([H])[H]>>[O:64][P:65](=[O:66])([O:67])[O:83][H:155].[H][O:68],EVODEX-P33546
EVODEX-N13829,[H]O[C:82](=[O:81])[C:84]>>[H]OC(=O)[C@@]([H])(N([H])C(=O)[C@@]([H])(N([H])C(=O)[C@@]([H])(N([H])C(=O)[C@@]([H])(N([H])C(=O)[C@@]([H])(N([H])C(=O)[C@@]([H])(N([H])[H])C([H])([H])S[H])C([H])([H])C(=O)N([H])[H])C([H])([H])O[H])C([H])([H])C1:C([H]):C([H]):C(O[H]):C([H]):C:1[H])C([H])([H])C([H])([H])C([H])([H])C([H])([H])N([H])[C:82](=[O:81])[C:84])C([H])(O[H])C([H])([H])[H],EVODEX-P33547
EVODEX-N13830,[H]OP(=O)(O[H])OP(=O)(O[H])O[P:65]([O:64])(=[O:66])[O:67].[H]C1([H])SS[C@]([H])(C([H])([H])C([H])([H])C([H])([H])C([H])([H])C(=O)[O:83][H:155])C1([H])[H]>>[O:64][P:65](=[O:66])([O:67])[O:83][H:155],EVODEX-P33548
EVODEX-N13831,>>[H]NC([H])([H])C([H])([H])C([H])([H])C([H])([H])[C@@]([H])(C(=O)N([H])[C@]([H])(C(=O)O[H])C([H])(O[H])C([H])([H])[H])N([H])C(=O)[C@@]([H])(N([H])C(=O)[C@@]([H])(N([H])C(=O)[C@@]([H])(N([H])C(=O)[C@@]([H])(N([H])[H])C([H])([H])S[H])C([H])([H])C(=O)N([H])[H])C([H])([H])O[H])C([H])([H])C1:C([H]):C([H]):C(O[H]):C([H]):C:1[H].[H]OP(=O)OC([H])([H])[C@@]1([H])O[C@@]([H])(N2:C([H]):N:C3:C(N([H])[H]):N:C([H]):N:C:3:2)[C@]([H])(O[H])[C@]1([H])O[H],EVODEX-P33549
EVODEX-N13832,[H]OP(=O)(O[H])OP(=O)(O[H])O[P:16]([O:15])(=[O:17])[O:18]>>[H]C1([H])SS[C@]([H])(C([H])([H])C([H])([H])C([H])([H])C([H])([H])C(=O)O[P:16]([O:15])(=[O:17])[O:18])C1([H])[H],EVODEX-P33553
EVODEX-N13833,>>[H]C1([H])SS[C@]([H])(C([H])([H])C([H])([H])C([H])([H])C([H])([H])C(O)=O)C1([H])[H].[H],EVODEX-P33554
EVODEX-N13834,[O:37][P:38](=[O:39])([O:40])[O:41].[H][N:1]([C:2])[H:69].[O:50]=[C:51]([O:52][H:85])[H:84]>>[O:37][P:38](=[O:39])([O:40])[O:52][H:85].[N:1]([C:2])([C:51](=[O:50])[H:84])[H:69].[H][O:41],"EVODEX-P33555,EVODEX-P34883"
EVODEX-N13835,[H]OP(=O)(O[H])O[P:38]([O:37])(=[O:39])[O:40].[H][N:1]([C:2])[H:69].[O:50]=[C:51]([O:52][H:85])[H:84]>>[O:37][P:38](=[O:39])([O:40])[O:52][H:85].[N:1]([C:2])([C:51](=[O:50])[H:84])[H:69],"EVODEX-P33556,EVODEX-P34884"
EVODEX-N13836,[H]OP(=O)(O[H])O[P:38]([O:37])(=[O:39])[O:40].[H]C(=O)[O:52][H:85]>>[O:37][P:38](=[O:39])([O:40])[O:52][H:85],"EVODEX-P33557,EVODEX-P34640"
EVODEX-N13837,[O:37][P:38](=[O:39])([O:40])[O:41].[C:51][O:52][H:85]>>[O:37][P:38](=[O:39])([O:40])[O:52][H:85].[H]O[C@@]1([H])[C@@]([H])(O[H])[C@]([H])(N([H])C(=O)C([H])([H])N([H])[C:51])O[C@]1([H])C([H])([H])OP(=O)(O[H])O[H].[H][O:41],EVODEX-P33558
EVODEX-N13838,[H]O[C@@]1([H])[C@@]([H])(O[H])[C@]([H])(N2:C([H]):N:C3:C(N([H])[H]):N:C([H]):N:C:3:2)O[C@]1([H])C([H])([H])OP(=O)(O[H])OP(=O)(O[H])[O:41][P:42].[H][N:1]([C:2])[H:69].[H]O[C:51](=[O:50])[H:84]>>[N:1]([C:2])([C:51](=[O:50])[H:84])[H:69].[H][O:41][P:42],"EVODEX-P33559,EVODEX-P34886"
EVODEX-N13839,[H]O[C:51](=[O:50])[H:84]>>[H]O[C@@]1([H])[C@@]([H])(O[H])[C@]([H])(N([H])C(=O)C([H])([H])N([H])[C:51](=[O:50])[H:84])O[C@]1([H])C([H])([H])OP(=O)(O[H])O[H],EVODEX-P33560
EVODEX-N13840,[H]OP(=O)(O[H])O[P:38]([O:37])(=[O:39])[O:40].[C:51][O:52][H:85]>>[O:37][P:38](=[O:39])([O:40])[O:52][H:85].[H]O[C@@]1([H])[C@@]([H])(O[H])[C@]([H])(N([H])C(=O)C([H])([H])N([H])[C:51])O[C@]1([H])C([H])([H])OP(=O)(O[H])O[H],EVODEX-P33561
EVODEX-N13841,[O:37][P:38](=[O:39])([O:40])[O:41].[H]C(=O)[O:52][H:85]>>[O:37][P:38](=[O:39])([O:40])[O:52][H:85].[H][O:41],"EVODEX-P33562,EVODEX-P34639"
EVODEX-N13842,[H]O[C@@]1([H])[C@@]([H])(O[H])[C@]([H])(N2:C([H]):N:C3:C(N([H])[H]):N:C([H]):N:C:3:2)O[C@]1([H])C([H])([H])OP(=O)(O[H])OP(=O)(O[H])[O:41][P:42].[H]O[C:51](=[O:50])[H:84]>>[H]O[C@@]1([H])[C@@]([H])(O[H])[C@]([H])(N([H])C(=O)C([H])([H])N([H])[C:51](=[O:50])[H:84])O[C@]1([H])C([H])([H])OP(=O)(O[H])O[H].[H][O:41][P:42],EVODEX-P33563
EVODEX-N13843,.[H][N:1]([C:2])[H:69]>>[H]O.[H]C(=O)[N:1]([C:2])[H:69].[H],"EVODEX-P33564,EVODEX-P34888"
EVODEX-N13844,[H]OP(=O)(O[H])O[P:38]([O:37])(=[O:39])[O:40].[H][N:1]([C:2])[H:69]>>[H]O[P:38]([O:37])(=[O:39])[O:40].[H]C(=O)[N:1]([C:2])[H:69],"EVODEX-P33565,EVODEX-P34889"
EVODEX-N13845,[H][N:1]([C:2])[H:69].[O:50]=[C:51]([O:52])[H:84]>>[H]O[C@@]1([H])[C@@]([H])(O[H])[C@]([H])(N2:C([H]):N:C3:C(N([H])[H]):N:C([H]):N:C:3:2)O[C@]1([H])C([H])([H])OP(=O)(O[H])OP(=O)(O[H])[O:52].[N:1]([C:2])([C:51](=[O:50])[H:84])[H:69],"EVODEX-P33566,EVODEX-P34887"
EVODEX-N13846,[H]O[C@@]1([H])[C@@]([H])(O[H])[C@]([H])(N2:C([H]):N:C3:C(N([H])[H]):N:C([H]):N:C:3:2)O[C@]1([H])C([H])([H])OP(=O)(O[H])OP(=O)(O[H])[O:41][P:42].[H][N:1]([C:2])[H:69]>>[H]C(=O)[N:1]([C:2])[H:69].[H][O:41][P:42],"EVODEX-P33567,EVODEX-P34891"
EVODEX-N13847,[H]C(=O)[O:52][H:85]>>[H]O[C@@]1([H])[C@@]([H])(O[H])[C@]([H])(N2:C([H]):N:C3:C(N([H])[H]):N:C([H]):N:C:3:2)O[C@]1([H])C([H])([H])OP(=O)(O[H])OP(=O)(O[H])[O:52][H:85],EVODEX-P33568
EVODEX-N13848,>>[H]OP(=O)OP(=O)(O[H])OC([H])([H])[C@@]1([H])O[C@@]([H])(N2:C([H]):N:C3:C(N([H])[H]):N:C([H]):N:C:3:2)[C@]([H])(O[H])[C@]1([H])O[H].[H]NC([H])([H])C(=O)N([H])[C@]1([H])O[C@]([H])(C([H])([H])OP(=O)(O[H])O[H])[C@@]([H])(O[H])[C@@]1([H])O[H],EVODEX-P33570
EVODEX-N13849,[C:8][O:10][H:59].[O:31][P:32](=[O:33])([O:34])[O:35]>>[H]OC(=O)C([H])([H])C([H])([H])N([H])[C:8].[O:10]([P:32]([O:31])(=[O:33])[O:34])[H:59].[H][O:35],"EVODEX-P33573,EVODEX-P33587,EVODEX-P34058,EVODEX-P34094,EVODEX-P34334"
EVODEX-N13850,>>[H]NC([H])([H])C([H])([H])C(=O)O[H].[H]OP(=O)OC([H])([H])[C@@]1([H])O[C@@]([H])(N2:C([H]):N:C3:C(N([H])[H]):N:C([H]):N:C:3:2)[C@]([H])(O[H])[C@]1([H])O[H],"EVODEX-P33575,EVODEX-P34097"
EVODEX-N13851,[C:8][O:10][H:59].[H]OP(=O)(O[H])OP(=O)(O[H])O[P:32]([O:31])(=[O:33])[O:34]>>[H]OC(=O)C([H])([H])C([H])([H])N([H])[C:8].[O:10]([P:32]([O:31])(=[O:33])[O:34])[H:59],"EVODEX-P33576,EVODEX-P33590,EVODEX-P34098"
EVODEX-N13852,[H]O[C:8]([C:6])=[O:9].[H]O[C@@]1([H])[C@@]([H])(O[H])[C@]([H])(N2:C([H]):N:C3:C(N([H])[H]):N:C([H]):N:C:3:2)O[C@]1([H])C([H])([H])OP(=O)(O[H])[O:35][P:36]>>[H]OC(=O)C([H])([H])C([H])([H])N([H])[C:8]([C:6])=[O:9].[H][O:35][P:36],"EVODEX-P33577,EVODEX-P34099"
EVODEX-N13853,[H]OC([H])([H])C(C([H])([H])[H])(C([H])([H])[H])[C@@]([H])(O[H])C(=O)[O:10][H:59].[O:31][P:32](=[O:33])([O:34])[O:35]>>[O:10]([P:32]([O:31])(=[O:33])[O:34])[H:59].[H][O:35],"EVODEX-P33578,EVODEX-P33592,EVODEX-P34339"
EVODEX-N13854,[H][N:11]([C:12])[H:60]>>[H]OC([H])([H])C(C([H])([H])[H])(C([H])([H])[H])[C@@]([H])(O[H])C(=O)[N:11]([C:12])[H:60].[H]O.[H],"EVODEX-P33580,EVODEX-P33594,EVODEX-P34341"
EVODEX-N13855,[H][N:11]([C:12])[H:60].[H]OP(=O)(O[H])OP(=O)(O[H])O[P:32]([O:31])(=[O:33])[O:34]>>[H]OC([H])([H])C(C([H])([H])[H])(C([H])([H])[H])[C@@]([H])(O[H])C(=O)[N:11]([C:12])[H:60].[H]O[P:32]([O:31])(=[O:33])[O:34],"EVODEX-P33581,EVODEX-P33595"
EVODEX-N13856,[H]OC([H])([H])C(C([H])([H])[H])(C([H])([H])[H])[C@@]([H])(O[H])C(=O)[O:10][H:59].[H]OP(=O)(O[H])OP(=O)(O[H])O[P:32]([O:31])(=[O:33])[O:34]>>[O:10]([P:32]([O:31])(=[O:33])[O:34])[H:59],"EVODEX-P33582,EVODEX-P33596"
EVODEX-N13857,[H]OC([H])([H])C(C([H])([H])[H])(C([H])([H])[H])[C@@]([H])(O[H])C(=O)[O:10][H:59]>>[H]O[C@@]1([H])[C@@]([H])(O[H])[C@]([H])(N2:C([H]):N:C3:C(N([H])[H]):N:C([H]):N:C:3:2)O[C@]1([H])C([H])([H])OP(=O)(O[H])[O:10][H:59],EVODEX-P33583
EVODEX-N13858,[H][N:11]([C:12])[H:60].[H]O[C@@]1([H])[C@@]([H])(O[H])[C@]([H])(N2:C([H]):N:C3:C(N([H])[H]):N:C([H]):N:C:3:2)O[C@]1([H])C([H])([H])OP(=O)(O[H])[O:35][P:36]>>[H]OC([H])([H])C(C([H])([H])[H])(C([H])([H])[H])[C@@]([H])(O[H])C(=O)[N:11]([C:12])[H:60].[H][O:35][P:36],EVODEX-P33584
EVODEX-N13859,[H]O[C:8]([C:6])=[O:9].[H][N:11]([C:12])[H:58].[H]O[C@@]1([H])[C@@]([H])(O[H])[C@]([H])(N2:C([H]):C([H]):C(N([H])[H]):N:C:2=O)O[C@]1([H])C([H])([H])OP(=O)(O[H])[O:30][P:31]>>[C:6][C:8](=[O:9])[N:11]([C:12])[H:58].[H][O:30][P:31],"EVODEX-P33588,EVODEX-P33677"
EVODEX-N13860,>>[H]NC([H])([H])C([H])([H])C(=O)O[H].[H]OP(=O)OC([H])([H])[C@@]1([H])O[C@@]([H])(N2:C([H]):C([H]):C(N([H])[H]):N:C:2=O)[C@]([H])(O[H])[C@]1([H])O[H],EVODEX-P33589
EVODEX-N13861,[H]O[C:8]([C:6])=[O:9].[H]O[C@@]1([H])[C@@]([H])(O[H])[C@]([H])(N2:C([H]):C([H]):C(N([H])[H]):N:C:2=O)O[C@]1([H])C([H])([H])OP(=O)(O[H])[O:30][P:31]>>[H]OC(=O)C([H])([H])C([H])([H])N([H])[C:8]([C:6])=[O:9].[H][O:30][P:31],EVODEX-P33591
EVODEX-N13862,[C:6][C:8](=[O:9])[O:10].[H][N:11]([C:12])[H:58]>>[C:6][C:8](=[O:9])[N:11]([C:12])[H:58].[H]O[C@@]1([H])[C@@]([H])(O[H])[C@]([H])(N2:C([H]):C([H]):C(N([H])[H]):N:C:2=O)O[C@]1([H])C([H])([H])OP(=O)(O[H])[O:10],"EVODEX-P33593,EVODEX-P33683"
EVODEX-N13863,[H]OC([H])([H])C(C([H])([H])[H])(C([H])([H])[H])[C@@]([H])(O[H])C(=O)[O:10][H:57]>>[H]O[C@@]1([H])[C@@]([H])(O[H])[C@]([H])(N2:C([H]):C([H]):C(N([H])[H]):N:C:2=O)O[C@]1([H])C([H])([H])OP(=O)(O[H])[O:10][H:57],EVODEX-P33597
EVODEX-N13864,[H][N:11]([C:12])[H:58].[H]O[C@@]1([H])[C@@]([H])(O[H])[C@]([H])(N2:C([H]):C([H]):C(N([H])[H]):N:C:2=O)O[C@]1([H])C([H])([H])OP(=O)(O[H])[O:30][P:31]>>[H]OC([H])([H])C(C([H])([H])[H])(C([H])([H])[H])[C@@]([H])(O[H])C(=O)[N:11]([C:12])[H:58].[H][O:30][P:31],EVODEX-P33598
EVODEX-N13865,>>[H]N[C@]([H])(C(=O)O[H])C([H])([H])S[H].[H]OP(=O)OP(=O)(O[H])OC([H])([H])[C@@]1([H])O[C@@]([H])(N2:C([H]):N:C3:C(N([H])[H]):N:C([H]):N:C:3:2)[C@]([H])(O[H])[C@]1([H])O[H],EVODEX-P33606
EVODEX-N13866,[O:36][P:37](=[O:38])([O:39])[O:40].[C:5][O:7][H:79]>>[H]OC(=O)[C@@]([H])(N([H])[C:5])C([H])([H])S[H].[H][O:40].[O:7]([P:37]([O:36])(=[O:38])[O:39])[H:79],"EVODEX-P33608,EVODEX-P33675,EVODEX-P34476"
EVODEX-N13867,[H]O[C@@]1([H])[C@@]([H])(O[H])[C@]([H])(N2:C([H]):N:C3:C(N([H])[H]):N:C([H]):N:C:3:2)O[C@]1([H])C([H])([H])OP(=O)(O[H])OP(=O)(O[H])[O:40][P:41].[H]O[C:5]([C:4])=[O:6]>>[H]OC(=O)[C@@]([H])(N([H])[C:5]([C:4])=[O:6])C([H])([H])S[H].[H][O:40][P:41],EVODEX-P33610
EVODEX-N13868,[H]OP(=O)(O[H])O[P:37]([O:36])(=[O:38])[O:39].[C:5][O:7][H:79]>>[H]OC(=O)[C@@]([H])(N([H])[C:5])C([H])([H])S[H].[O:7]([P:37]([O:36])(=[O:38])[O:39])[H:79],EVODEX-P33611
EVODEX-N13869,[H]O[C:5]([C:4])=[O:6]>>[H]OC(=O)[C@@]([H])(N([H])[C:5]([C:4])=[O:6])C([H])([H])S[H],"EVODEX-P33612,EVODEX-P33676"
EVODEX-N13870,[O:35][P:36](=[O:37])([O:38][H:58])[O:39].[H]OC(=O)[C@@]([H])(N([H])[C:5]([C:4])=[O:6])C([H])([H])S[H].[H][O:46][P:45]>>[O:35][P:36](=[O:37])([O:39])[O:46][P:45].[C:4][C:5](=[O:6])[O:38][H:58],"EVODEX-P33614,EVODEX-P33693"
EVODEX-N13871,[H]OC(=O)[C@@]([H])(N([H])[C:5]([C:4])=[O:6])C([H])([H])S[H]>>[H]O[C:5]([C:4])=[O:6],"EVODEX-P33615,EVODEX-P33692"
EVODEX-N13872,[H]O[P:36]([O:35])(=[O:37])[O:39].[H]OC(=O)[C@@]([H])(N([H])[H])C([H])([H])C([H])([H])C(=O)[N:7]([C:8])[H:71].[H][O:46][P:45]>>[O:35][P:36](=[O:37])([O:39])[O:46][P:45].[H][N:7]([C:8])[H:71],EVODEX-P33616
EVODEX-N13873,[P:36][O:38][H:58].[H]OC(=O)[C@@]([H])(N([H])[C:5]([C:4])=[O:6])C([H])([H])S[H]>>[H]OP(=O)(O[H])O[P:36].[C:4][C:5](=[O:6])[O:38][H:58],EVODEX-P33618
EVODEX-N13874,[H]O[P:36]([O:35])(=[O:37])[O:39].[H]OC(=O)[C@@]([H])(N([H])[H])C([H])([H])C([H])([H])C(=O)[N:7]([C:8])[H:71]>>[H]OP(=O)(O[H])O[P:36]([O:35])(=[O:37])[O:39].[H][N:7]([C:8])[H:71],EVODEX-P33620
EVODEX-N13875,[H]OC(=O)[C@@]([H])(N([H])[C:5]([C:4])=[O:6])C([H])([H])S[H].[H][O:46][P:45]>>[H]O[C@@]1([H])[C@@]([H])(O[H])[C@]([H])(N2:C([H]):N:C3:C(N([H])[H]):N:C([H]):N:C:3:2)O[C@]1([H])C([H])([H])OP(=O)(O[H])OP(=O)(O[H])[O:46][P:45].[H]O[C:5]([C:4])=[O:6],EVODEX-P33621
EVODEX-N13876,[H]OC(=O)[C@@]([H])(N([H])[H])C([H])([H])C([H])([H])C(=O)[N:7]([C:8])[H:71].[H][O:46][P:45]>>[H]O[C@@]1([H])[C@@]([H])(O[H])[C@]([H])(N2:C([H]):N:C3:C(N([H])[H]):N:C([H]):N:C:3:2)O[C@]1([H])C([H])([H])OP(=O)(O[H])OP(=O)(O[H])[O:46][P:45].[H][N:7]([C:8])[H:71],EVODEX-P33623
EVODEX-N13877,[H]O[C@@]1([H])[C@@]([H])(O[H])[C@]([H])(N2:C([H]):N:C3:C(N([H])[H]):N:C([H]):N:C:3:2)O[C@]1([H])C([H])([H])OP(=O)(O[H])OP(=O)(O[H])[O:38][H:58].[H]OC(=O)[C@@]([H])(N([H])[C:5]([C:4])=[O:6])C([H])([H])S[H]>>[C:4][C:5](=[O:6])[O:38][H:58],EVODEX-P33626
EVODEX-N13878,[H][N:1]([C:2])[H:53]>>[H]OC(=O)[C@@]([H])(N([H])[H])C([H])([H])C([H])([H])C(=O)N([H])[C@]([H])(C(=O)[N:1]([C:2])[H:53])C([H])([H])S[H],"EVODEX-P33630,EVODEX-P34053,EVODEX-P34067"
EVODEX-N13879,[H]OC(=O)[C@@]([H])(N([H])[H])C([H])([H])C([H])([H])C(=O)N([H])[C@]([H])(C(=O)[O:18][H:86])C([H])([H])S[H]>>[H]O[C@@]1([H])[C@@]([H])(O[H])[C@]([H])(N2:C([H]):N:C3:C(N([H])[H]):N:C([H]):N:C:3:2)O[C@]1([H])C([H])([H])OP(=O)(O[H])OP(=O)(O[H])[O:18][H:86],EVODEX-P33632
EVODEX-N13880,[H][N:1]([C:2])[H:53]>>[H]OC(=O)[C@@]([H])(N([H])[H])C([H])([H])C([H])([H])C(=O)N([H])[C@]([H])(C(=O)[N:1]([C:2])[H:53])C([H])([H])S[H].[H]O.[H],"EVODEX-P33634,EVODEX-P34056,EVODEX-P34066"
EVODEX-N13881,[H][N:1]([C:2])[H:53].[H]OP(=O)(O[H])O[P:41]([O:40])(=[O:42])[O:43]>>[H]OC(=O)[C@@]([H])(N([H])[H])C([H])([H])C([H])([H])C(=O)N([H])[C@]([H])(C(=O)[N:1]([C:2])[H:53])C([H])([H])S[H].[H]O[P:41]([O:40])(=[O:42])[O:43],"EVODEX-P33635,EVODEX-P34057,EVODEX-P34069"
EVODEX-N13882,[O:40][P:41](=[O:42])([O:43])[O:44].[C:16][O:18][H:86]>>[H]OC(=O)C([H])([H])N([H])[C:16].[O:18]([P:41]([O:40])(=[O:42])[O:43])[H:86].[H][O:44],EVODEX-P33636
EVODEX-N13883,[H][N:1]([C:2])[H:53].[H]O[C@@]1([H])[C@@]([H])(O[H])[C@]([H])(N2:C([H]):N:C3:C(N([H])[H]):N:C([H]):N:C:3:2)O[C@]1([H])C([H])([H])OP(=O)(O[H])OP(=O)(O[H])[O:44][P:45]>>[H]OC(=O)[C@@]([H])(N([H])[H])C([H])([H])C([H])([H])C(=O)N([H])[C@]([H])(C(=O)[N:1]([C:2])[H:53])C([H])([H])S[H].[H][O:44][P:45],"EVODEX-P33637,EVODEX-P34059,EVODEX-P34070"
EVODEX-N13884,[H]OP(=O)(O[H])O[P:41]([O:40])(=[O:42])[O:43].[C:16][O:18][H:86]>>[H]OC(=O)C([H])([H])N([H])[C:16].[O:18]([P:41]([O:40])(=[O:42])[O:43])[H:86],EVODEX-P33638
EVODEX-N13885,[H]O[C@@]1([H])[C@@]([H])(O[H])[C@]([H])(N2:C([H]):N:C3:C(N([H])[H]):N:C([H]):N:C:3:2)O[C@]1([H])C([H])([H])OP(=O)(O[H])OP(=O)(O[H])[O:44][P:45].[H]O[C:16]([C:13])=[O:17]>>[H]OC(=O)C([H])([H])N([H])[C:16]([C:13])=[O:17].[H][O:44][P:45],EVODEX-P33639
EVODEX-N13886,[O:40][P:41](=[O:42])([O:43])[O:44].[H]OC(=O)[C@@]([H])(N([H])[H])C([H])([H])C([H])([H])C(=O)N([H])[C@]([H])(C(=O)[O:18][H:86])C([H])([H])S[H]>>[O:18]([P:41]([O:40])(=[O:42])[O:43])[H:86].[H][O:44],EVODEX-P33640
EVODEX-N13887,[H]O[C:16]([C:13])=[O:17]>>[H]OC(=O)C([H])([H])N([H])[C:16]([C:13])=[O:17],EVODEX-P33641
EVODEX-N13888,[H]OP(=O)(O[H])O[P:41]([O:40])(=[O:42])[O:43].[H]OC(=O)[C@@]([H])(N([H])[H])C([H])([H])C([H])([H])C(=O)N([H])[C@]([H])(C(=O)[O:18][H:86])C([H])([H])S[H]>>[O:18]([P:41]([O:40])(=[O:42])[O:43])[H:86],EVODEX-P33642
EVODEX-N13889,>>[H]NC([H])([H])C(=O)O[H].[H]OP(=O)OP(=O)(O[H])OC([H])([H])[C@@]1([H])O[C@@]([H])(N2:C([H]):N:C3:C(N([H])[H]):N:C([H]):N:C:3:2)[C@]([H])(O[H])[C@]1([H])O[H],EVODEX-P33643
EVODEX-N13890,[H]O[C@@]1([H])[C@@]([H])(O[H])[C@]([H])(N2:C([H]):N:C3:C(N([H])[H]):N:C([H]):N:C:3:2)O[C@]1([H])C([H])([H])OP(=O)(O[H])OP(=O)(O[H])[O:42][H:79]>>[H]OC(=O)[C@@]([H])(N([H])[H])C([H])([H])C([H])([H])C(=O)N([H])[C@]([H])(C(=O)[O:42][H:79])C([H])([H])S[H],EVODEX-P33645
EVODEX-N13891,[H]OC(=O)[C@@]([H])(N([H])[H])C([H])([H])C([H])([H])C(=O)N([H])[C@]([H])(C(=O)[N:13]([C:14])[H:65])C([H])([H])S[H].[H]O[P:40]([O:39])(=[O:41])[O:43].[H][O:50][P:49]>>[H][N:13]([C:14])[H:65].[O:39][P:40](=[O:41])([O:43])[O:50][P:49],EVODEX-P33647
EVODEX-N13892,[H]OC(=O)C([H])([H])N([H])[C:11]([C:8])=[O:12].[O:39][P:40](=[O:41])([O:42][H:79])[O:43].[H][O:50][P:49]>>[C:8][C:11](=[O:12])[O:42][H:79].[O:39][P:40](=[O:41])([O:43])[O:50][P:49],EVODEX-P33648
EVODEX-N13893,[H]OC(=O)[C@@]([H])(N([H])[H])C([H])([H])C([H])([H])C(=O)N([H])[C@]([H])(C(=O)[N:13]([C:14])[H:65])C([H])([H])S[H].[H][O:50][P:49]>>[H][N:13]([C:14])[H:65].[H]O[C@@]1([H])[C@@]([H])(O[H])[C@]([H])(N2:C([H]):N:C3:C(N([H])[H]):N:C([H]):N:C:3:2)O[C@]1([H])C([H])([H])OP(=O)(O[H])OP(=O)(O[H])[O:50][P:49],EVODEX-P33650
EVODEX-N13894,[H]OC(=O)C([H])([H])N([H])[C:11]([C:8])=[O:12].[H][O:50][P:49]>>[H]O[C:11]([C:8])=[O:12].[H]O[C@@]1([H])[C@@]([H])(O[H])[C@]([H])(N2:C([H]):N:C3:C(N([H])[H]):N:C([H]):N:C:3:2)O[C@]1([H])C([H])([H])OP(=O)(O[H])OP(=O)(O[H])[O:50][P:49],EVODEX-P33651
EVODEX-N13895,[H]OC(=O)[C@@]([H])(N([H])[H])C([H])([H])C([H])([H])C(=O)N([H])[C@]([H])(C(=O)[N:13]([C:14])[H:65])C([H])([H])S[H].[H]O[P:40]([O:39])(=[O:41])[O:43]>>[H][N:13]([C:14])[H:65].[H]OP(=O)(O[H])O[P:40]([O:39])(=[O:41])[O:43],EVODEX-P33654
EVODEX-N13896,[H]OC(=O)C([H])([H])N([H])[C:11]([C:8])=[O:12].[P:40][O:42][H:79]>>[C:8][C:11](=[O:12])[O:42][H:79].[H]OP(=O)(O[H])O[P:40],EVODEX-P33656
EVODEX-N13897,[O:39][P:40](=[O:41])([O:42])[O:43].[H][O:50][P:49]>>[H]OC(=O)[C@@]([H])(N([H])[H])C([H])([H])C([H])([H])C(=O)N([H])[C@]([H])(C(=O)[O:42])C([H])([H])S[H].[O:39][P:40](=[O:41])([O:43])[O:50][P:49],EVODEX-P33657
EVODEX-N13898,>>[H]OC(=O)[C@@]([H])(N([H])[H])C([H])([H])C([H])([H])C(=O)N([H])[C@]([H])(C=O)C([H])([H])S[H].[H]OP(O)(=O)O[H],EVODEX-P33658
EVODEX-N13899,[H]OC(=O)C([H])([H])N([H])[C:11]([C:8])=[O:12].[H]O[C@@]1([H])[C@@]([H])(O[H])[C@]([H])(N2:C([H]):N:C3:C(N([H])[H]):N:C([H]):N:C:3:2)O[C@]1([H])C([H])([H])OP(=O)(O[H])OP(=O)(O[H])[O:42][H:79]>>[C:8][C:11](=[O:12])[O:42][H:79],EVODEX-P33659
EVODEX-N13900,[H]O[C:4]([C:2])=[O:5]>>[H]OC(=O)[C@]([H])(N([H])[C:4]([C:2])=[O:5])C([H])([H])[H],"EVODEX-P33662,EVODEX-P33762"
EVODEX-N13901,>>[H]N[C@@]([H])(C(=O)O[H])C([H])([H])[H].[H]OP(=O)OP(=O)(O[H])OC([H])([H])[C@@]1([H])O[C@@]([H])(N2:C([H]):N:C3:C(N([H])[H]):N:C([H]):N:C:3:2)[C@]([H])(O[H])[C@]1([H])O[H],"EVODEX-P33664,EVODEX-P33764"
EVODEX-N13902,[H]N=C(N([H])[H])N([H])C([H])([H])C([H])([H])C([H])([H])[C@]([H])(C(=O)[O:12][H:99])N([H])[H]>>[H]O[C@@]1([H])[C@@]([H])(O[H])[C@]([H])(N2:C([H]):N:C3:C(N([H])[H]):N:C([H]):N:C:3:2)O[C@]1([H])C([H])([H])OP(=O)(O[H])OP(=O)(O[H])[O:12][H:99],EVODEX-P33668
EVODEX-N13903,[O:43][P:44](=[O:45])([O:46])[O:47].[H]N=C(N([H])[H])N([H])C([H])([H])C([H])([H])C([H])([H])[C@]([H])(C(=O)[O:12][H:99])N([H])[H]>>[O:12]([P:44]([O:43])(=[O:45])[O:46])[H:99].[H][O:47],EVODEX-P33669
EVODEX-N13904,[H]OP(=O)(O[H])O[P:44]([O:43])(=[O:45])[O:46].[H]N=C(N([H])[H])N([H])C([H])([H])C([H])([H])C([H])([H])[C@]([H])(C(=O)[O:12][H:99])N([H])[H]>>[O:12]([P:44]([O:43])(=[O:45])[O:46])[H:99],EVODEX-P33672
EVODEX-N13905,>>[H]N[C@]([H])(C(=O)O[H])C([H])([H])S[H].[H]OP(=O)OC([H])([H])[C@@]1([H])O[C@@]([H])(N2:C([H]):C([H]):C(N([H])[H]):N:C:2=O)[C@]([H])(O[H])[C@]1([H])O[H],EVODEX-P33678
EVODEX-N13906,[C:17][O:19][H:73].[H]OP(=O)(O[H])OP(=O)(O[H])O[P:37]([O:36])(=[O:38])[O:39]>>[H]OC(=O)[C@@]([H])(N([H])[C:17])C([H])([H])S[H].[O:19]([P:37]([O:36])(=[O:38])[O:39])[H:73],"EVODEX-P33679,EVODEX-P34479"
EVODEX-N13907,[H]O[C:17]([C:16])=[O:18].[H]O[C@@]1([H])[C@@]([H])(O[H])[C@]([H])(N2:C([H]):C([H]):C(N([H])[H]):N:C:2=O)O[C@]1([H])C([H])([H])OP(=O)(O[H])[O:40][P:41]>>[H]OC(=O)[C@@]([H])(N([H])[C:17]([C:16])=[O:18])C([H])([H])S[H].[H][O:40][P:41],EVODEX-P33680
EVODEX-N13908,[H]O[C@@]([H])(C(=O)N([H])C([H])([H])C([H])([H])C(=O)[O:19][H:73])C(C([H])([H])[H])(C([H])([H])[H])C([H])([H])OP(=O)(O[H])O[H].[O:36][P:37](=[O:38])([O:39])[O:40]>>[O:19]([P:37]([O:36])(=[O:38])[O:39])[H:73].[H][O:40],"EVODEX-P33681,EVODEX-P34481"
EVODEX-N13909,[H][N:20]([C:21])[H:74]>>[H]O[C@@]([H])(C(=O)N([H])C([H])([H])C([H])([H])C(=O)[N:20]([C:21])[H:74])C(C([H])([H])[H])(C([H])([H])[H])C([H])([H])OP(=O)(O[H])O[H].[H]O.[H],"EVODEX-P33684,EVODEX-P34483"
EVODEX-N13910,[H][N:20]([C:21])[H:74].[H]OP(=O)(O[H])OP(=O)(O[H])O[P:37]([O:36])(=[O:38])[O:39]>>[H]O[C@@]([H])(C(=O)N([H])C([H])([H])C([H])([H])C(=O)[N:20]([C:21])[H:74])C(C([H])([H])[H])(C([H])([H])[H])C([H])([H])OP(=O)(O[H])O[H].[H]O[P:37]([O:36])(=[O:38])[O:39],"EVODEX-P33685,EVODEX-P34484"
EVODEX-N13911,[H]O[C@@]([H])(C(=O)N([H])C([H])([H])C([H])([H])C(=O)[O:19][H:73])C(C([H])([H])[H])(C([H])([H])[H])C([H])([H])OP(=O)(O[H])O[H].[H]OP(=O)(O[H])OP(=O)(O[H])O[P:37]([O:36])(=[O:38])[O:39]>>[O:19]([P:37]([O:36])(=[O:38])[O:39])[H:73],"EVODEX-P33686,EVODEX-P34485"
EVODEX-N13912,[H]O[C@@]([H])(C(=O)N([H])C([H])([H])C([H])([H])C(=O)[O:19][H:73])C(C([H])([H])[H])(C([H])([H])[H])C([H])([H])OP(=O)(O[H])O[H]>>[H]O[C@@]1([H])[C@@]([H])(O[H])[C@]([H])(N2:C([H]):C([H]):C(N([H])[H]):N:C:2=O)O[C@]1([H])C([H])([H])OP(=O)(O[H])[O:19][H:73],EVODEX-P33687
EVODEX-N13913,[H][N:20]([C:21])[H:74]>>[H]O[C@@]([H])(C(=O)N([H])C([H])([H])C([H])([H])C(=O)[N:20]([C:21])[H:74])C(C([H])([H])[H])(C([H])([H])[H])C([H])([H])OP(=O)(O[H])O[H],EVODEX-P33688
EVODEX-N13914,[H][N:20]([C:21])[H:74].[H]O[C@@]1([H])[C@@]([H])(O[H])[C@]([H])(N2:C([H]):C([H]):C(N([H])[H]):N:C:2=O)O[C@]1([H])C([H])([H])OP(=O)(O[H])[O:40][P:41]>>[H]O[C@@]([H])(C(=O)N([H])C([H])([H])C([H])([H])C(=O)[N:20]([C:21])[H:74])C(C([H])([H])[H])(C([H])([H])[H])C([H])([H])OP(=O)(O[H])O[H].[H][O:40][P:41],EVODEX-P33689
EVODEX-N13915,.[H][O:49][P:48]>>[H]O.[H].[H]O[C@@]1([H])[C@@]([H])(O[H])[C@]([H])(N2:C([H]):C([H]):C(N([H])[H]):N:C:2=O)O[C@]1([H])C([H])([H])OP(=O)(O[H])[O:49][P:48],EVODEX-P33691
EVODEX-N13916,[H]O[C@@]([H])(C(=O)N([H])C([H])([H])C([H])([H])C(=O)[N:19]([C:20])[H:73])C(C([H])([H])[H])(C([H])([H])[H])C([H])([H])OP(=O)(O[H])O[H].[H]O[P:36]([O:35])(=[O:37])[O:39].[H][O:49][P:48]>>[H][N:19]([C:20])[H:73].[O:35][P:36](=[O:37])([O:39])[O:49][P:48],EVODEX-P33694
EVODEX-N13917,[H]OC(=O)[C@@]([H])(N([H])[C:17]([C:16])=[O:18])C([H])([H])S[H].[H][O:49][P:48]>>[H]O[C:17]([C:16])=[O:18].[H]O[C@@]1([H])[C@@]([H])(O[H])[C@]([H])(N2:C([H]):C([H]):C(N([H])[H]):N:C:2=O)O[C@]1([H])C([H])([H])OP(=O)(O[H])[O:49][P:48],EVODEX-P33696
EVODEX-N13918,[H]O[C@@]([H])(C(=O)N([H])C([H])([H])C([H])([H])C(=O)[N:19]([C:20])[H:73])C(C([H])([H])[H])(C([H])([H])[H])C([H])([H])OP(=O)(O[H])O[H].[H][O:49][P:48]>>[H][N:19]([C:20])[H:73].[H]O[C@@]1([H])[C@@]([H])(O[H])[C@]([H])(N2:C([H]):C([H]):C(N([H])[H]):N:C:2=O)O[C@]1([H])C([H])([H])OP(=O)(O[H])[O:49][P:48],EVODEX-P33697
EVODEX-N13919,[H]OC(=O)[C@@]([H])(N([H])[C:17]([C:16])=[O:18])C([H])([H])S[H].[H]O[C@@]1([H])[C@@]([H])(O[H])[C@]([H])(N2:C([H]):C([H]):C(N([H])[H]):N:C:2=O)O[C@]1([H])C([H])([H])OP(=O)(O[H])[O:38][H:87]>>[C:16][C:17](=[O:18])[O:38][H:87],EVODEX-P33698
EVODEX-N13920,[C:16][C:17](=[O:18])[N:19].[P:36][O:38][H:87]>>[C:16][C:17](=[O:18])[O:38][H:87].[H][N:19].[H]OP(=O)(O[H])OP(=O)(O[H])O[P:36],EVODEX-P33699
EVODEX-N13921,[C:16][C:17](=[O:18])[N:19].[H]O[C@@]1([H])[C@@]([H])(O[H])[C@]([H])(N2:C([H]):C([H]):C(N([H])[H]):N:C:2=O)O[C@]1([H])C([H])([H])OP(=O)(O[H])[O:38][H:87]>>[C:16][C:17](=[O:18])[O:38][H:87].[H][N:19],EVODEX-P33700
EVODEX-N13922,[H]OC(=O)[C@@]([H])(N([H])[C:17]([C:16])=[O:18])C([H])([H])S[H].[P:36][O:38][H:87]>>[C:16][C:17](=[O:18])[O:38][H:87].[H]OP(=O)(O[H])OP(=O)(O[H])O[P:36],EVODEX-P33702
EVODEX-N13923,[H]O[C@@]([H])(C(=O)N([H])C([H])([H])C([H])([H])C(=O)[N:19]([C:20])[H:73])C(C([H])([H])[H])(C([H])([H])[H])C([H])([H])OP(=O)(O[H])O[H]>>[H][N:19]([C:20])[H:73],EVODEX-P33703
EVODEX-N13924,[H]O[C@@]([H])(C(=O)N([H])C([H])([H])C([H])([H])C(=O)[N:19]([C:20])[H:73])C(C([H])([H])[H])(C([H])([H])[H])C([H])([H])OP(=O)(O[H])O[H].[H]O[P:36]([O:35])(=[O:37])[O:39]>>[H][N:19]([C:20])[H:73].[H]OP(=O)(O[H])OP(=O)(O[H])O[P:36]([O:35])(=[O:37])[O:39],EVODEX-P33704
EVODEX-N13925,[H]O[C@@]1([H])[C@@]([H])(O[H])[C@]([H])(N2:C([H]):C([H]):C(N([H])[H]):N:C:2=O)O[C@]1([H])C([H])([H])OP(=O)(O[H])[O:38][H:87]>>[H]O[C@@]([H])(C(=O)N([H])C([H])([H])C([H])([H])C(=O)[O:38][H:87])C(C([H])([H])[H])(C([H])([H])[H])C([H])([H])OP(=O)(O[H])O[H],EVODEX-P33705
EVODEX-N13926,[O:35][P:36](=[O:37])([O:38])[O:39].[H][O:49][P:48]>>[H]O[C@@]([H])(C(=O)N([H])C([H])([H])C([H])([H])C(=O)[O:38])C(C([H])([H])[H])(C([H])([H])[H])C([H])([H])OP(=O)(O[H])O[H].[O:35][P:36](=[O:37])([O:39])[O:49][P:48],EVODEX-P33706
EVODEX-N13927,[H]O[P:36]([O:35])(=[O:37])[O:39]>>[H]OP(=O)(O[H])OP(=O)(O[H])O[P:36]([O:35])(=[O:37])[O:39],EVODEX-P33707
EVODEX-N13928,>>[H]O[C@@]([H])(C(=O)N([H])C([H])([H])C([H])([H])C=O)C(C([H])([H])[H])(C([H])([H])[H])C([H])([H])OP(=O)(O[H])O[H].[H]OP(O)(=O)OP(=O)(O[H])O[H],EVODEX-P33708
EVODEX-N13929,[C:13][O:15][H:65].[O:50][P:51](=[O:52])([O:53])[O:54]>>[H]OC(=O)C([H])([H])[C@@]([H])(C(=O)O[H])N([H])[C:13].[O:15]([P:51]([O:50])(=[O:52])[O:53])[H:65].[H][O:54],"EVODEX-P33711,EVODEX-P34118,EVODEX-P34135"
EVODEX-N13930,[H]O[C:13]([C:12])=[O:14]>>[H]OC(=O)C([H])([H])[C@@]([H])(C(=O)O[H])N([H])[C:13]([C:12])=[O:14],"EVODEX-P33712,EVODEX-P34123,EVODEX-P34140"
EVODEX-N13931,>>[H]N[C@]([H])(C(=O)O[H])C([H])([H])C(=O)O[H].[H]OP(=O)OP(=O)(O[H])OC([H])([H])[C@@]1([H])O[C@@]([H])(N2:C([H]):N:C3:C(N([H])[H]):N:C([H]):N:C:3:2)[C@]([H])(O[H])[C@]1([H])O[H],"EVODEX-P33714,EVODEX-P34125,EVODEX-P34142"
EVODEX-N13932,[C:13][O:15][H:65].[H]OP(=O)(O[H])O[P:51]([O:50])(=[O:52])[O:53]>>[H]OC(=O)C([H])([H])[C@@]([H])(C(=O)O[H])N([H])[C:13].[O:15]([P:51]([O:50])(=[O:52])[O:53])[H:65],"EVODEX-P33715,EVODEX-P34120,EVODEX-P34137"
EVODEX-N13933,[H]O[C:13]([C:12])=[O:14].[H]O[C@@]1([H])[C@@]([H])(O[H])[C@]([H])(N2:C([H]):N:C3:C(N([H])[H]):N:C([H]):N:C:3:2)O[C@]1([H])C([H])([H])OP(=O)(O[H])OP(=O)(O[H])[O:54][P:55]>>[H]OC(=O)C([H])([H])[C@@]([H])(C(=O)O[H])N([H])[C:13]([C:12])=[O:14].[H][O:54][P:55],"EVODEX-P33716,EVODEX-P34121,EVODEX-P34138"
EVODEX-N13934,[H]O[C@@]1([H])[C@@]([H])(O[H])[C@]([H])(N2:C([H]):N:C(C(=O)[O:15][H:65]):C:2N([H])[H])O[C@]1([H])C([H])([H])OP(=O)(O[H])O[H].[O:50][P:51](=[O:52])([O:53])[O:54]>>[O:15]([P:51]([O:50])(=[O:52])[O:53])[H:65].[H][O:54],EVODEX-P33717
EVODEX-N13935,[H][N:1]([C:2])[H:77]>>[H]O[C@@]1([H])[C@@]([H])(O[H])[C@]([H])(N2:C([H]):N:C(C(=O)[N:1]([C:2])[H:77]):C:2N([H])[H])O[C@]1([H])C([H])([H])OP(=O)(O[H])O[H].[H]O.[H],EVODEX-P33720
EVODEX-N13936,[H][N:1]([C:2])[H:77].[H]OP(=O)(O[H])O[P:51]([O:50])(=[O:52])[O:53]>>[H]O[C@@]1([H])[C@@]([H])(O[H])[C@]([H])(N2:C([H]):N:C(C(=O)[N:1]([C:2])[H:77]):C:2N([H])[H])O[C@]1([H])C([H])([H])OP(=O)(O[H])O[H].[H]O[P:51]([O:50])(=[O:52])[O:53],EVODEX-P33721
EVODEX-N13937,[H]O[C@@]1([H])[C@@]([H])(O[H])[C@]([H])(N2:C([H]):N:C(C(=O)[O:15][H:65]):C:2N([H])[H])O[C@]1([H])C([H])([H])OP(=O)(O[H])O[H].[H]OP(=O)(O[H])O[P:51]([O:50])(=[O:52])[O:53]>>[O:15]([P:51]([O:50])(=[O:52])[O:53])[H:65],EVODEX-P33722
EVODEX-N13938,[H]O[C@@]1([H])[C@@]([H])(O[H])[C@]([H])(N2:C([H]):N:C(C(=O)[O:15][H:65]):C:2N([H])[H])O[C@]1([H])C([H])([H])OP(=O)(O[H])O[H]>>[H]O[C@@]1([H])[C@@]([H])(O[H])[C@]([H])(N2:C([H]):N:C3:C(N([H])[H]):N:C([H]):N:C:3:2)O[C@]1([H])C([H])([H])OP(=O)(O[H])OP(=O)(O[H])[O:15][H:65],EVODEX-P33723
EVODEX-N13939,[H][N:1]([C:2])[H:77]>>[H]O[C@@]1([H])[C@@]([H])(O[H])[C@]([H])(N2:C([H]):N:C(C(=O)[N:1]([C:2])[H:77]):C:2N([H])[H])O[C@]1([H])C([H])([H])OP(=O)(O[H])O[H],EVODEX-P33724
EVODEX-N13940,[H][N:1]([C:2])[H:77].[H]O[C@@]1([H])[C@@]([H])(O[H])[C@]([H])(N2:C([H]):N:C3:C(N([H])[H]):N:C([H]):N:C:3:2)O[C@]1([H])C([H])([H])OP(=O)(O[H])OP(=O)(O[H])[O:54][P:55]>>[H]O[C@@]1([H])[C@@]([H])(O[H])[C@]([H])(N2:C([H]):N:C(C(=O)[N:1]([C:2])[H:77]):C:2N([H])[H])O[C@]1([H])C([H])([H])OP(=O)(O[H])O[H].[H][O:54][P:55],EVODEX-P33725
EVODEX-N13941,[C:53][O:55][H:141].[O:91][P:92](=[O:93])([O:94])[O:95]>>[H]OC(=O)[C@@]([H])(N([H])[C:53])C([H])([H])C([H])([H])C([H])([H])C([H])([H])N([H])[H].[H][O:91].[O:55]([P:92](=[O:93])([O:94])[O:95])[H:141],"EVODEX-P33728,EVODEX-P33745"
EVODEX-N13942,[H]O[C:53]([C:52])=[O:54]>>[H]OC(=O)[C@@]([H])(N([H])[C:53]([C:52])=[O:54])C([H])([H])C([H])([H])C([H])([H])C([H])([H])N([H])[H],"EVODEX-P33729,EVODEX-P33746"
EVODEX-N13943,[H]OC(=O)[C@]([H])(N([H])C(=O)[C@@]([H])(N([H])C(=O)[C@]([H])(O[C@@]1([H])[C@]([H])(O[H])[C@@]([H])(C([H])([H])O[H])OC([H])(OP(=O)(O[H])OP(=O)(O[H])OC([H])([H])[C@@]2([H])O[C@@]([H])(N3:C([H]):C([H]):C(=O):N([H]):C:3=O)[C@]([H])(O[H])[C@]2([H])O[H])[C@]1([H])N([H])C(=O)C([H])([H])[H])C([H])([H])[H])C([H])([H])[H])C([H])([H])C([H])([H])C(=O)[O:55][H:141].[H]O[C@@]1([H])[C@@]([H])(O[H])[C@]([H])(N2:C([H]):N:C3:C(N([H])[H]):N:C([H]):N:C:3:2)O[C@]1([H])C([H])([H])OP(=O)(O[H])OP(=O)(O[H])O[P:92](=[O:93])([O:94])[O:95]>>[O:55]([P:92](=[O:93])([O:94])[O:95])[H:141],EVODEX-P33731
EVODEX-N13944,[H]OC(=O)[C@]([H])(N([H])C(=O)[C@@]([H])(N([H])C(=O)[C@]([H])(O[C@@]1([H])[C@]([H])(O[H])[C@@]([H])(C([H])([H])O[H])OC([H])(OP(=O)(O[H])OP(=O)(O[H])OC([H])([H])[C@@]2([H])O[C@@]([H])(N3:C([H]):C([H]):C(=O):N([H]):C:3=O)[C@]([H])(O[H])[C@]2([H])O[H])[C@]1([H])N([H])C(=O)C([H])([H])[H])C([H])([H])[H])C([H])([H])[H])C([H])([H])C([H])([H])C(=O)[O:55][H:141]>>[H]OP(=O)(O[H])[O:55][H:141],EVODEX-P33732
EVODEX-N13945,[H]O[C:53]([C:52])=[O:54].[H]OP(=O)(O[H])[O:91][P:88]>>[H]OC(=O)[C@@]([H])(N([H])[C:53]([C:52])=[O:54])C([H])([H])C([H])([H])C([H])([H])C([H])([H])N([H])[H].[H][O:91][P:88],EVODEX-P33733
EVODEX-N13946,[C:53][O:55][H:141].[H]O[C@@]1([H])[C@@]([H])(O[H])[C@]([H])(N2:C([H]):N:C3:C(N([H])[H]):N:C([H]):N:C:3:2)O[C@]1([H])C([H])([H])OP(=O)(O[H])OP(=O)(O[H])O[P:92](=[O:93])([O:94])[O:95]>>[H]OC(=O)[C@@]([H])(N([H])[C:53])C([H])([H])C([H])([H])C([H])([H])C([H])([H])N([H])[H].[O:55]([P:92](=[O:93])([O:94])[O:95])[H:141],EVODEX-P33734
EVODEX-N13947,>>[H]N[C@]([H])(C(=O)O[H])C([H])([H])C([H])([H])C([H])([H])C([H])([H])N([H])[H].[H]OP(=O)O[H],EVODEX-P33735
EVODEX-N13948,[H]OC(=O)[C@]([H])(N([H])C(=O)[C@@]([H])(N([H])C(=O)[C@]([H])(O[C@@]1([H])[C@]([H])(O[H])[C@@]([H])(C([H])([H])O[H])OC([H])(OP(=O)(O[H])OP(=O)(O[H])OC([H])([H])[C@@]2([H])O[C@@]([H])(N3:C([H]):C([H]):C(=O):N([H]):C:3=O)[C@]([H])(O[H])[C@]2([H])O[H])[C@]1([H])N([H])C(=O)C([H])([H])[H])C([H])([H])[H])C([H])([H])[H])C([H])([H])C([H])([H])C(=O)[O:55][H:141].[O:91][P:92](=[O:93])([O:94])[O:95]>>[H][O:91].[O:55]([P:92](=[O:93])([O:94])[O:95])[H:141],EVODEX-P33736
EVODEX-N13949,[H][N:65]([C:64])[H:154]>>[H]OC(=O)[C@]([H])(N([H])C(=O)[C@@]([H])(N([H])C(=O)[C@]([H])(O[C@@]1([H])[C@]([H])(O[H])[C@@]([H])(C([H])([H])O[H])OC([H])(OP(=O)(O[H])OP(=O)(O[H])OC([H])([H])[C@@]2([H])O[C@@]([H])(N3:C([H]):C([H]):C(=O):N([H]):C:3=O)[C@]([H])(O[H])[C@]2([H])O[H])[C@]1([H])N([H])C(=O)C([H])([H])[H])C([H])([H])[H])C([H])([H])[H])C([H])([H])C([H])([H])C(=O)[N:65]([C:64])[H:154].[H].[H]O,"EVODEX-P33738,EVODEX-P33933"
EVODEX-N13950,[H][N:65]([C:64])[H:154].[H]OP(=O)(O[H])[O:91][P:88]>>[H]OC(=O)[C@]([H])(N([H])C(=O)[C@@]([H])(N([H])C(=O)[C@]([H])(O[C@@]1([H])[C@]([H])(O[H])[C@@]([H])(C([H])([H])O[H])OC([H])(OP(=O)(O[H])OP(=O)(O[H])OC([H])([H])[C@@]2([H])O[C@@]([H])(N3:C([H]):C([H]):C(=O):N([H]):C:3=O)[C@]([H])(O[H])[C@]2([H])O[H])[C@]1([H])N([H])C(=O)C([H])([H])[H])C([H])([H])[H])C([H])([H])[H])C([H])([H])C([H])([H])C(=O)[N:65]([C:64])[H:154].[H][O:91][P:88],EVODEX-P33740
EVODEX-N13951,[H][N:65]([C:64])[H:154]>>[H]OC(=O)[C@]([H])(N([H])C(=O)[C@@]([H])(N([H])C(=O)[C@]([H])(O[C@@]1([H])[C@]([H])(O[H])[C@@]([H])(C([H])([H])O[H])OC([H])(OP(=O)(O[H])OP(=O)(O[H])OC([H])([H])[C@@]2([H])O[C@@]([H])(N3:C([H]):C([H]):C(=O):N([H]):C:3=O)[C@]([H])(O[H])[C@]2([H])O[H])[C@]1([H])N([H])C(=O)C([H])([H])[H])C([H])([H])[H])C([H])([H])[H])C([H])([H])C([H])([H])C(=O)[N:65]([C:64])[H:154],"EVODEX-P33741,EVODEX-P33935"
EVODEX-N13952,[H][N:65]([C:64])[H:154].[H]O[C@@]1([H])[C@@]([H])(O[H])[C@]([H])(N2:C([H]):N:C3:C(N([H])[H]):N:C([H]):N:C:3:2)O[C@]1([H])C([H])([H])OP(=O)(O[H])OP(=O)(O[H])O[P:92](=[O:93])([O:94])[O:95]>>[H]OC(=O)[C@]([H])(N([H])C(=O)[C@@]([H])(N([H])C(=O)[C@]([H])(O[C@@]1([H])[C@]([H])(O[H])[C@@]([H])(C([H])([H])O[H])OC([H])(OP(=O)(O[H])OP(=O)(O[H])OC([H])([H])[C@@]2([H])O[C@@]([H])(N3:C([H]):C([H]):C(=O):N([H]):C:3=O)[C@]([H])(O[H])[C@]2([H])O[H])[C@]1([H])N([H])C(=O)C([H])([H])[H])C([H])([H])[H])C([H])([H])[H])C([H])([H])C([H])([H])C(=O)[N:65]([C:64])[H:154].[H]O[P:92](=[O:93])([O:94])[O:95],EVODEX-P33742
EVODEX-N13953,>>[H]N[C@]([H])(C(=O)O[H])C([H])([H])C([H])([H])C([H])([H])C([H])([H])N([H])[H].[H]OP(=O)OP(=O)(O[H])OC([H])([H])[C@@]1([H])O[C@@]([H])(N2:C([H]):N:C3:C(N([H])[H]):N:C([H]):N:C:3:2)[C@]([H])(O[H])[C@]1([H])O[H],"EVODEX-P33748,EVODEX-P34049"
EVODEX-N13954,[C:56][O:58][H:142].[H]OP(=O)(O[H])O[P:88]([O:87])(=[O:89])[O:90]>>[H]OC(=O)[C@@]([H])(N([H])[C:56])C([H])([H])C([H])([H])C([H])([H])C([H])([H])N([H])[H].[O:58]([P:88]([O:87])(=[O:89])[O:90])[H:142],EVODEX-P33749
EVODEX-N13955,[H]O[C:56]([C:50])=[O:57].[H]O[C@@]1([H])[C@@]([H])(O[H])[C@]([H])(N2:C([H]):N:C3:C(N([H])[H]):N:C([H]):N:C:3:2)O[C@]1([H])C([H])([H])OP(=O)(O[H])OP(=O)(O[H])[O:91][P:92]>>[H]OC(=O)[C@@]([H])(N([H])[C:56]([C:50])=[O:57])C([H])([H])C([H])([H])C([H])([H])C([H])([H])N([H])[H].[H][O:91][P:92],EVODEX-P33750
EVODEX-N13956,[H][N:65]([C:64])[H:154]>>[H]OC(=O)C([H])([H])C([H])([H])[C@]([H])(C(=O)[N:65]([C:64])[H:154])N([H])C(=O)[C@@]([H])(N([H])C(=O)[C@]([H])(O[C@@]1([H])[C@]([H])(O[H])[C@@]([H])(C([H])([H])O[H])OC([H])(OP(=O)(O[H])OP(=O)(O[H])OC([H])([H])[C@@]2([H])O[C@@]([H])(N3:C([H]):C([H]):C(=O):N([H]):C:3=O)[C@]([H])(O[H])[C@]2([H])O[H])[C@]1([H])N([H])C(=O)C([H])([H])[H])C([H])([H])[H])C([H])([H])[H].[H]O.[H],"EVODEX-P33753,EVODEX-P34310"
EVODEX-N13957,[H][N:65]([C:64])[H:154].[H]OP(=O)(O[H])O[P:88]([O:87])(=[O:89])[O:90]>>[H]OC(=O)C([H])([H])C([H])([H])[C@]([H])(C(=O)[N:65]([C:64])[H:154])N([H])C(=O)[C@@]([H])(N([H])C(=O)[C@]([H])(O[C@@]1([H])[C@]([H])(O[H])[C@@]([H])(C([H])([H])O[H])OC([H])(OP(=O)(O[H])OP(=O)(O[H])OC([H])([H])[C@@]2([H])O[C@@]([H])(N3:C([H]):C([H]):C(=O):N([H]):C:3=O)[C@]([H])(O[H])[C@]2([H])O[H])[C@]1([H])N([H])C(=O)C([H])([H])[H])C([H])([H])[H])C([H])([H])[H].[H]O[P:88]([O:87])(=[O:89])[O:90],EVODEX-P33754
EVODEX-N13958,[H]OC(=O)C([H])([H])C([H])([H])[C@]([H])(C(=O)[O:58][H:142])N([H])C(=O)[C@@]([H])(N([H])C(=O)[C@]([H])(O[C@@]1([H])[C@]([H])(O[H])[C@@]([H])(C([H])([H])O[H])OC([H])(OP(=O)(O[H])OP(=O)(O[H])OC([H])([H])[C@@]2([H])O[C@@]([H])(N3:C([H]):C([H]):C(=O):N([H]):C:3=O)[C@]([H])(O[H])[C@]2([H])O[H])[C@]1([H])N([H])C(=O)C([H])([H])[H])C([H])([H])[H])C([H])([H])[H].[H]OP(=O)(O[H])O[P:88]([O:87])(=[O:89])[O:90]>>[O:58]([P:88]([O:87])(=[O:89])[O:90])[H:142],EVODEX-P33755
EVODEX-N13959,[H]OC(=O)C([H])([H])C([H])([H])[C@]([H])(C(=O)[O:58][H:142])N([H])C(=O)[C@@]([H])(N([H])C(=O)[C@]([H])(O[C@@]1([H])[C@]([H])(O[H])[C@@]([H])(C([H])([H])O[H])OC([H])(OP(=O)(O[H])OP(=O)(O[H])OC([H])([H])[C@@]2([H])O[C@@]([H])(N3:C([H]):C([H]):C(=O):N([H]):C:3=O)[C@]([H])(O[H])[C@]2([H])O[H])[C@]1([H])N([H])C(=O)C([H])([H])[H])C([H])([H])[H])C([H])([H])[H]>>[H]O[C@@]1([H])[C@@]([H])(O[H])[C@]([H])(N2:C([H]):N:C3:C(N([H])[H]):N:C([H]):N:C:3:2)O[C@]1([H])C([H])([H])OP(=O)(O[H])OP(=O)(O[H])[O:58][H:142],EVODEX-P33756
EVODEX-N13960,[H][N:65]([C:64])[H:154]>>[H]OC(=O)C([H])([H])C([H])([H])[C@]([H])(C(=O)[N:65]([C:64])[H:154])N([H])C(=O)[C@@]([H])(N([H])C(=O)[C@]([H])(O[C@@]1([H])[C@]([H])(O[H])[C@@]([H])(C([H])([H])O[H])OC([H])(OP(=O)(O[H])OP(=O)(O[H])OC([H])([H])[C@@]2([H])O[C@@]([H])(N3:C([H]):C([H]):C(=O):N([H]):C:3=O)[C@]([H])(O[H])[C@]2([H])O[H])[C@]1([H])N([H])C(=O)C([H])([H])[H])C([H])([H])[H])C([H])([H])[H],"EVODEX-P33757,EVODEX-P34313"
EVODEX-N13961,[H][N:65]([C:64])[H:154].[H]O[C@@]1([H])[C@@]([H])(O[H])[C@]([H])(N2:C([H]):N:C3:C(N([H])[H]):N:C([H]):N:C:3:2)O[C@]1([H])C([H])([H])OP(=O)(O[H])OP(=O)(O[H])[O:91][P:92]>>[H]OC(=O)C([H])([H])C([H])([H])[C@]([H])(C(=O)[N:65]([C:64])[H:154])N([H])C(=O)[C@@]([H])(N([H])C(=O)[C@]([H])(O[C@@]1([H])[C@]([H])(O[H])[C@@]([H])(C([H])([H])O[H])OC([H])(OP(=O)(O[H])OP(=O)(O[H])OC([H])([H])[C@@]2([H])O[C@@]([H])(N3:C([H]):C([H]):C(=O):N([H]):C:3=O)[C@]([H])(O[H])[C@]2([H])O[H])[C@]1([H])N([H])C(=O)C([H])([H])[H])C([H])([H])[H])C([H])([H])[H].[H][O:91][P:92],EVODEX-P33758
EVODEX-N13962,[C:42][O:44][H:112].[O:69][P:70](=[O:71])([O:72])[O:73]>>[H]OC(=O)[C@@]([H])(N([H])[C:42])C([H])([H])[H].[O:44]([P:70]([O:69])(=[O:71])[O:72])[H:112].[H][O:73],EVODEX-P33761
EVODEX-N13963,[C:42][O:44][H:112].[H]OP(=O)(O[H])O[P:70]([O:69])(=[O:71])[O:72]>>[H]OC(=O)[C@@]([H])(N([H])[C:42])C([H])([H])[H].[O:44]([P:70]([O:69])(=[O:71])[O:72])[H:112],EVODEX-P33765
EVODEX-N13964,[H]O[C:42]([C:40])=[O:43].[H]O[C@@]1([H])[C@@]([H])(O[H])[C@]([H])(N2:C([H]):N:C3:C(N([H])[H]):N:C([H]):N:C:3:2)O[C@]1([H])C([H])([H])OP(=O)(O[H])OP(=O)(O[H])[O:73][P:74]>>[H]OC(=O)[C@@]([H])(N([H])[C:42]([C:40])=[O:43])C([H])([H])[H].[H][O:73][P:74],EVODEX-P33766
EVODEX-N13965,[H]OC([H])([H])[C@@]1([H])O[C@]([H])(OP(=O)(O[H])OP(=O)(O[H])OC([H])([H])[C@@]2([H])O[C@@]([H])(N3:C([H]):C([H]):C(=O):N([H]):C:3=O)[C@]([H])(O[H])[C@]2([H])O[H])[C@]([H])(N([H])C(=O)C([H])([H])[H])[C@@]([H])(O[C@@]([H])(C(=O)[O:44][H:112])C([H])([H])[H])[C@]1([H])O[H].[O:69][P:70](=[O:71])([O:72])[O:73]>>[O:44]([P:70]([O:69])(=[O:71])[O:72])[H:112].[H][O:73],EVODEX-P33767
EVODEX-N13966,[H][N:47]([C:46])[H:117]>>[H]OC([H])([H])[C@@]1([H])O[C@]([H])(OP(=O)(O[H])OP(=O)(O[H])OC([H])([H])[C@@]2([H])O[C@@]([H])(N3:C([H]):C([H]):C(=O):N([H]):C:3=O)[C@]([H])(O[H])[C@]2([H])O[H])[C@]([H])(N([H])C(=O)C([H])([H])[H])[C@@]([H])(O[C@@]([H])(C(=O)[N:47]([C:46])[H:117])C([H])([H])[H])[C@]1([H])O[H].[H]O.[H],"EVODEX-P33770,EVODEX-P34356,EVODEX-P34371"
EVODEX-N13967,[H][N:47]([C:46])[H:117].[H]OP(=O)(O[H])O[P:70]([O:69])(=[O:71])[O:72]>>[H]OC([H])([H])[C@@]1([H])O[C@]([H])(OP(=O)(O[H])OP(=O)(O[H])OC([H])([H])[C@@]2([H])O[C@@]([H])(N3:C([H]):C([H]):C(=O):N([H]):C:3=O)[C@]([H])(O[H])[C@]2([H])O[H])[C@]([H])(N([H])C(=O)C([H])([H])[H])[C@@]([H])(O[C@@]([H])(C(=O)[N:47]([C:46])[H:117])C([H])([H])[H])[C@]1([H])O[H].[H]O[P:70]([O:69])(=[O:71])[O:72],"EVODEX-P33771,EVODEX-P34357"
EVODEX-N13968,[H]OC([H])([H])[C@@]1([H])O[C@]([H])(OP(=O)(O[H])OP(=O)(O[H])OC([H])([H])[C@@]2([H])O[C@@]([H])(N3:C([H]):C([H]):C(=O):N([H]):C:3=O)[C@]([H])(O[H])[C@]2([H])O[H])[C@]([H])(N([H])C(=O)C([H])([H])[H])[C@@]([H])(O[C@@]([H])(C(=O)[O:44][H:112])C([H])([H])[H])[C@]1([H])O[H].[H]OP(=O)(O[H])O[P:70]([O:69])(=[O:71])[O:72]>>[O:44]([P:70]([O:69])(=[O:71])[O:72])[H:112],EVODEX-P33772
EVODEX-N13969,[H]OC([H])([H])[C@@]1([H])O[C@]([H])(OP(=O)(O[H])OP(=O)(O[H])OC([H])([H])[C@@]2([H])O[C@@]([H])(N3:C([H]):C([H]):C(=O):N([H]):C:3=O)[C@]([H])(O[H])[C@]2([H])O[H])[C@]([H])(N([H])C(=O)C([H])([H])[H])[C@@]([H])(O[C@@]([H])(C(=O)[O:44][H:112])C([H])([H])[H])[C@]1([H])O[H]>>[H]O[C@@]1([H])[C@@]([H])(O[H])[C@]([H])(N2:C([H]):N:C3:C(N([H])[H]):N:C([H]):N:C:3:2)O[C@]1([H])C([H])([H])OP(=O)(O[H])OP(=O)(O[H])[O:44][H:112],EVODEX-P33773
EVODEX-N13970,[H][N:47]([C:46])[H:117]>>[H]OC([H])([H])[C@@]1([H])O[C@]([H])(OP(=O)(O[H])OP(=O)(O[H])OC([H])([H])[C@@]2([H])O[C@@]([H])(N3:C([H]):C([H]):C(=O):N([H]):C:3=O)[C@]([H])(O[H])[C@]2([H])O[H])[C@]([H])(N([H])C(=O)C([H])([H])[H])[C@@]([H])(O[C@@]([H])(C(=O)[N:47]([C:46])[H:117])C([H])([H])[H])[C@]1([H])O[H],"EVODEX-P33774,EVODEX-P34358,EVODEX-P34374"
EVODEX-N13971,[H][N:47]([C:46])[H:117].[H]O[C@@]1([H])[C@@]([H])(O[H])[C@]([H])(N2:C([H]):N:C3:C(N([H])[H]):N:C([H]):N:C:3:2)O[C@]1([H])C([H])([H])OP(=O)(O[H])OP(=O)(O[H])[O:73][P:74]>>[H]OC([H])([H])[C@@]1([H])O[C@]([H])(OP(=O)(O[H])OP(=O)(O[H])OC([H])([H])[C@@]2([H])O[C@@]([H])(N3:C([H]):C([H]):C(=O):N([H]):C:3=O)[C@]([H])(O[H])[C@]2([H])O[H])[C@]([H])(N([H])C(=O)C([H])([H])[H])[C@@]([H])(O[C@@]([H])(C(=O)[N:47]([C:46])[H:117])C([H])([H])[H])[C@]1([H])O[H].[H][O:73][P:74],"EVODEX-P33775,EVODEX-P34359"
EVODEX-N13972,[H]OC(=O)[C@@]([H])(N([H])[C:42]([C:40])=[O:43])C([H])([H])[H].[O:68][P:69](=[O:70])([O:71][H:127])[O:72].[H][O:79][P:78]>>[C:40][C:42](=[O:43])[O:71][H:127].[O:68][P:69](=[O:70])([O:72])[O:79][P:78],EVODEX-P33779
EVODEX-N13973,[H]OC([H])([H])[C@@]1([H])O[C@]([H])(OP(=O)(O[H])OP(=O)(O[H])OC([H])([H])[C@@]2([H])O[C@@]([H])(N3:C([H]):C([H]):C(=O):N([H]):C:3=O)[C@]([H])(O[H])[C@]2([H])O[H])[C@]([H])(N([H])C(=O)C([H])([H])[H])[C@@]([H])(O[C@@]([H])(C(=O)[N:44]([C:45])[H:112])C([H])([H])[H])[C@]1([H])O[H].[H]O[P:69]([O:68])(=[O:70])[O:72].[H][O:79][P:78]>>[H][N:44]([C:45])[H:112].[O:68][P:69](=[O:70])([O:72])[O:79][P:78],EVODEX-P33780
EVODEX-N13974,[H]OC(=O)[C@@]([H])(N([H])[C:42]([C:40])=[O:43])C([H])([H])[H].[H][O:79][P:78]>>[H]O[C:42]([C:40])=[O:43].[H]O[C@@]1([H])[C@@]([H])(O[H])[C@]([H])(N2:C([H]):N:C3:C(N([H])[H]):N:C([H]):N:C:3:2)O[C@]1([H])C([H])([H])OP(=O)(O[H])OP(=O)(O[H])[O:79][P:78],EVODEX-P33782
EVODEX-N13975,[H]OC([H])([H])[C@@]1([H])O[C@]([H])(OP(=O)(O[H])OP(=O)(O[H])OC([H])([H])[C@@]2([H])O[C@@]([H])(N3:C([H]):C([H]):C(=O):N([H]):C:3=O)[C@]([H])(O[H])[C@]2([H])O[H])[C@]([H])(N([H])C(=O)C([H])([H])[H])[C@@]([H])(O[C@@]([H])(C(=O)[N:44]([C:45])[H:112])C([H])([H])[H])[C@]1([H])O[H].[H][O:79][P:78]>>[H][N:44]([C:45])[H:112].[H]O[C@@]1([H])[C@@]([H])(O[H])[C@]([H])(N2:C([H]):N:C3:C(N([H])[H]):N:C([H]):N:C:3:2)O[C@]1([H])C([H])([H])OP(=O)(O[H])OP(=O)(O[H])[O:79][P:78],EVODEX-P33783
EVODEX-N13976,[H]OC(=O)[C@@]([H])(N([H])[C:42]([C:40])=[O:43])C([H])([H])[H].[H]O[C@@]1([H])[C@@]([H])(O[H])[C@]([H])(N2:C([H]):N:C3:C(N([H])[H]):N:C([H]):N:C:3:2)O[C@]1([H])C([H])([H])OP(=O)(O[H])OP(=O)(O[H])[O:71][H:127]>>[C:40][C:42](=[O:43])[O:71][H:127],EVODEX-P33784
EVODEX-N13977,[H]OC(=O)[C@@]([H])(N([H])[C:42]([C:40])=[O:43])C([H])([H])[H].[P:69][O:71][H:127]>>[C:40][C:42](=[O:43])[O:71][H:127].[H]OP(=O)(O[H])O[P:69],EVODEX-P33787
EVODEX-N13978,[H]OC([H])([H])[C@@]1([H])O[C@]([H])(OP(=O)(O[H])OP(=O)(O[H])OC([H])([H])[C@@]2([H])O[C@@]([H])(N3:C([H]):C([H]):C(=O):N([H]):C:3=O)[C@]([H])(O[H])[C@]2([H])O[H])[C@]([H])(N([H])C(=O)C([H])([H])[H])[C@@]([H])(O[C@@]([H])(C(=O)[N:44]([C:45])[H:112])C([H])([H])[H])[C@]1([H])O[H]>>[H][N:44]([C:45])[H:112],EVODEX-P33788
EVODEX-N13979,[H]OC([H])([H])[C@@]1([H])O[C@]([H])(OP(=O)(O[H])OP(=O)(O[H])OC([H])([H])[C@@]2([H])O[C@@]([H])(N3:C([H]):C([H]):C(=O):N([H]):C:3=O)[C@]([H])(O[H])[C@]2([H])O[H])[C@]([H])(N([H])C(=O)C([H])([H])[H])[C@@]([H])(O[C@@]([H])(C(=O)[N:44]([C:45])[H:112])C([H])([H])[H])[C@]1([H])O[H].[H]O[P:69]([O:68])(=[O:70])[O:72]>>[H][N:44]([C:45])[H:112].[H]OP(=O)(O[H])O[P:69]([O:68])(=[O:70])[O:72],EVODEX-P33789
EVODEX-N13980,[H]O[C@@]1([H])[C@@]([H])(O[H])[C@]([H])(N2:C([H]):N:C3:C(N([H])[H]):N:C([H]):N:C:3:2)O[C@]1([H])C([H])([H])OP(=O)(O[H])OP(=O)(O[H])[O:71][H:127]>>[H]OC([H])([H])[C@@]1([H])O[C@]([H])(OP(=O)(O[H])OP(=O)(O[H])OC([H])([H])[C@@]2([H])O[C@@]([H])(N3:C([H]):C([H]):C(=O):N([H]):C:3=O)[C@]([H])(O[H])[C@]2([H])O[H])[C@]([H])(N([H])C(=O)C([H])([H])[H])[C@@]([H])(O[C@@]([H])(C(=O)[O:71][H:127])C([H])([H])[H])[C@]1([H])O[H],EVODEX-P33790
EVODEX-N13981,[O:68][P:69](=[O:70])([O:71])[O:72].[H][O:79][P:78]>>[H]OC([H])([H])[C@@]1([H])O[C@]([H])(OP(=O)(O[H])OP(=O)(O[H])OC([H])([H])[C@@]2([H])O[C@@]([H])(N3:C([H]):C([H]):C(=O):N([H]):C:3=O)[C@]([H])(O[H])[C@]2([H])O[H])[C@]([H])(N([H])C(=O)C([H])([H])[H])[C@@]([H])(O[C@@]([H])(C(=O)[O:71])C([H])([H])[H])[C@]1([H])O[H].[O:68][P:69](=[O:70])([O:72])[O:79][P:78],EVODEX-P33791
EVODEX-N13982,>>[H]OC([H])([H])[C@@]1([H])O[C@]([H])(OP(=O)(O[H])OP(=O)(O[H])OC([H])([H])[C@@]2([H])O[C@@]([H])(N3:C([H]):C([H]):C(=O):N([H]):C:3=O)[C@]([H])(O[H])[C@]2([H])O[H])[C@]([H])(N([H])C(=O)C([H])([H])[H])[C@@]([H])(O[C@@]([H])(C=O)C([H])([H])[H])[C@]1([H])O[H].[H]OP(O)(=O)O[H],EVODEX-P33792
EVODEX-N13983,[H]OC([H])([H])[C@]1([H])O[C@@]([H])(OP(=O)(O[H])OP(=O)(O[H])OC([H])([H])[C@]2([H])O[C@]([H])(N3:C([H]):C([H]):C(=O):N([H]):C:3=O)[C@@]([H])(O[H])[C@@]2([H])O[H])[C@@]([H])(N([H])C(=O)C([H])([H])[H])[C@]([H])(O[C@]([H])(C(=O)N([H])[C@@]([H])(C(=O)[O:49][H:126])C([H])([H])[H])C([H])([H])[H])[C@@]1([H])O[H].[O:78][P:79](=[O:80])([O:81])[O:82]>>[O:49]([P:79]([O:78])(=[O:80])[O:81])[H:126].[H][O:82],EVODEX-P33801
EVODEX-N13984,[H][N:50]([C:51])[H:127]>>[H]OC([H])([H])[C@]1([H])O[C@@]([H])(OP(=O)(O[H])OP(=O)(O[H])OC([H])([H])[C@]2([H])O[C@]([H])(N3:C([H]):C([H]):C(=O):N([H]):C:3=O)[C@@]([H])(O[H])[C@@]2([H])O[H])[C@@]([H])(N([H])C(=O)C([H])([H])[H])[C@]([H])(O[C@]([H])(C(=O)N([H])[C@@]([H])(C(=O)[N:50]([C:51])[H:127])C([H])([H])[H])C([H])([H])[H])[C@@]1([H])O[H].[H]O.[H],EVODEX-P33804
EVODEX-N13985,[H][N:50]([C:51])[H:127].[H]OP(=O)(O[H])O[P:79]([O:78])(=[O:80])[O:81]>>[H]OC([H])([H])[C@]1([H])O[C@@]([H])(OP(=O)(O[H])OP(=O)(O[H])OC([H])([H])[C@]2([H])O[C@]([H])(N3:C([H]):C([H]):C(=O):N([H]):C:3=O)[C@@]([H])(O[H])[C@@]2([H])O[H])[C@@]([H])(N([H])C(=O)C([H])([H])[H])[C@]([H])(O[C@]([H])(C(=O)N([H])[C@@]([H])(C(=O)[N:50]([C:51])[H:127])C([H])([H])[H])C([H])([H])[H])[C@@]1([H])O[H].[H]O[P:79]([O:78])(=[O:80])[O:81],EVODEX-P33805
EVODEX-N13986,[H]OC([H])([H])[C@]1([H])O[C@@]([H])(OP(=O)(O[H])OP(=O)(O[H])OC([H])([H])[C@]2([H])O[C@]([H])(N3:C([H]):C([H]):C(=O):N([H]):C:3=O)[C@@]([H])(O[H])[C@@]2([H])O[H])[C@@]([H])(N([H])C(=O)C([H])([H])[H])[C@]([H])(O[C@]([H])(C(=O)N([H])[C@@]([H])(C(=O)[O:49][H:126])C([H])([H])[H])C([H])([H])[H])[C@@]1([H])O[H].[H]OP(=O)(O[H])O[P:79]([O:78])(=[O:80])[O:81]>>[O:49]([P:79]([O:78])(=[O:80])[O:81])[H:126],EVODEX-P33806
EVODEX-N13987,[H]OC([H])([H])[C@]1([H])O[C@@]([H])(OP(=O)(O[H])OP(=O)(O[H])OC([H])([H])[C@]2([H])O[C@]([H])(N3:C([H]):C([H]):C(=O):N([H]):C:3=O)[C@@]([H])(O[H])[C@@]2([H])O[H])[C@@]([H])(N([H])C(=O)C([H])([H])[H])[C@]([H])(O[C@]([H])(C(=O)N([H])[C@@]([H])(C(=O)[O:49][H:126])C([H])([H])[H])C([H])([H])[H])[C@@]1([H])O[H]>>[H]O[C@@]1([H])[C@@]([H])(O[H])[C@]([H])(N2:C([H]):N:C3:C(N([H])[H]):N:C([H]):N:C:3:2)O[C@]1([H])C([H])([H])OP(=O)(O[H])OP(=O)(O[H])[O:49][H:126],EVODEX-P33807
EVODEX-N13988,[H][N:50]([C:51])[H:127]>>[H]OC([H])([H])[C@]1([H])O[C@@]([H])(OP(=O)(O[H])OP(=O)(O[H])OC([H])([H])[C@]2([H])O[C@]([H])(N3:C([H]):C([H]):C(=O):N([H]):C:3=O)[C@@]([H])(O[H])[C@@]2([H])O[H])[C@@]([H])(N([H])C(=O)C([H])([H])[H])[C@]([H])(O[C@]([H])(C(=O)N([H])[C@@]([H])(C(=O)[N:50]([C:51])[H:127])C([H])([H])[H])C([H])([H])[H])[C@@]1([H])O[H],EVODEX-P33808
EVODEX-N13989,[H][N:50]([C:51])[H:127].[H]O[C@@]1([H])[C@@]([H])(O[H])[C@]([H])(N2:C([H]):N:C3:C(N([H])[H]):N:C([H]):N:C:3:2)O[C@]1([H])C([H])([H])OP(=O)(O[H])OP(=O)(O[H])[O:82][P:83]>>[H]OC([H])([H])[C@]1([H])O[C@@]([H])(OP(=O)(O[H])OP(=O)(O[H])OC([H])([H])[C@]2([H])O[C@]([H])(N3:C([H]):C([H]):C(=O):N([H]):C:3=O)[C@@]([H])(O[H])[C@@]2([H])O[H])[C@@]([H])(N([H])C(=O)C([H])([H])[H])[C@]([H])(O[C@]([H])(C(=O)N([H])[C@@]([H])(C(=O)[N:50]([C:51])[H:127])C([H])([H])[H])C([H])([H])[H])[C@@]1([H])O[H].[H][O:82][P:83],EVODEX-P33809
EVODEX-N13990,[H]O[C@@]1([H])[C@@]([H])(O[H])[C@]([H])(N2:C([H]):C([H]):C(=O):N([H]):C:2=O)O[C@]1([H])C([H])([H])OP(=O)(O[H])OP(=O)(O[H])[O:7][C:6].[H]O[C:58]([C:52])=[O:59].[H][N:61]([C:62])[H:139]>>[H][O:7][C:6].[C:52][C:58](=[O:59])[N:61]([C:62])[H:139],EVODEX-P33811
EVODEX-N13991,[H]O[C:58]([C:52])=[O:59]>>[H]O[C@@]1([H])[C@@]([H])(O[H])[C@]([H])(N2:C([H]):N:C3:C(N([H])[C:58]([C:52])=[O:59]):N:C([H]):N:C:3:2)O[C@]1([H])C([H])([H])OP(=O)(O[H])OP(=O)(O[H])OP(=O)(O[H])O[H],EVODEX-P33812
EVODEX-N13992,.[H][N:61]([C:62])[H:139]>>[H].[H]OC(=O)C([H])([H])C([H])([H])C([H])(C(=O)[N:61]([C:62])[H:139])N([H])C([H])([H])[H].[H]O,EVODEX-P33813
EVODEX-N13993,[H]O[C@@]1([H])[C@@]([H])(O[H])[C@]([H])(N2:C([H]):C([H]):C(=O):N([H]):C:2=O)O[C@]1([H])C([H])([H])OP(=O)(O[H])OP(=O)(O[H])[O:7][C:6]>>[H][O:7][C:6],EVODEX-P33814
EVODEX-N13994,[H]OC(=O)[C@@]([H])(N([H])C(=O)[C@]([H])(O[C@@]1([H])[C@]([H])(O[H])[C@@]([H])(C([H])([H])O[H])O[C@]([H])(O[P:8](=[O:9])([O:10])[O:11])[C@]1([H])N([H])C(=O)C([H])([H])[H])C([H])([H])[H])C([H])([H])[H].[C:52][C:58](=[O:59])[O:60][H:138].[H][N:61]([C:62])[H:139]>>[C:52][C:58](=[O:59])[N:61]([C:62])[H:139].[P:8](=[O:9])([O:10])([O:11])[O:60][H:138],EVODEX-P33815
EVODEX-N13995,[H][N:61]([C:62])[H:139]>>[H]OC(=O)C([H])([H])C([H])([H])C([H])(C(=O)[N:61]([C:62])[H:139])N([H])C([H])([H])[H],EVODEX-P33816
EVODEX-N13996,[H]OC(=O)[C@@]([H])(N([H])C(=O)[C@]([H])(O[C@@]1([H])[C@]([H])(O[H])[C@@]([H])(C([H])([H])O[H])O[C@]([H])(O[P:8](=[O:9])([O:10])[O:11])[C@]1([H])N([H])C(=O)C([H])([H])[H])C([H])([H])[H])C([H])([H])[H]>>[H]O[P:8](=[O:9])([O:10])[O:11],EVODEX-P33817
EVODEX-N13997,[H]O[C@@]1([H])[C@@]([H])(O[H])[C@]([H])(N2:C([H]):C([H]):C(=O):N([H]):C:2=O)O[C@]1([H])C([H])([H])OP(=O)(O[H])OP(=O)(O[H])[O:7][C:6].[H][N:61]([C:62])[H:139]>>[H][O:7][C:6].[H]OC(=O)C([H])([H])C([H])([H])C([H])(C(=O)[N:61]([C:62])[H:139])N([H])C([H])([H])[H],EVODEX-P33818
EVODEX-N13998,[H]OC(=O)[C@@]([H])(N([H])C(=O)[C@]([H])(O[C@@]1([H])[C@]([H])(O[H])[C@@]([H])(C([H])([H])O[H])O[C@]([H])(O[P:8](=[O:9])([O:10])[O:11])[C@]1([H])N([H])C(=O)C([H])([H])[H])C([H])([H])[H])C([H])([H])[H].[H][N:61]([C:62])[H:139]>>[H]OC(=O)C([H])([H])C([H])([H])C([H])(C(=O)[N:61]([C:62])[H:139])N([H])C([H])([H])[H].[H]O[P:8](=[O:9])([O:10])[O:11],EVODEX-P33820
EVODEX-N13999,[O:7][P:8](=[O:9])([O:10])[O:11].[C:58][O:60][H:138]>>[H][O:7].[H]O[C@@]1([H])[C@@]([H])(O[H])[C@]([H])(N2:C([H]):N:C3:C(N([H])[C:58]):N:C([H]):N:C:3:2)O[C@]1([H])C([H])([H])OP(=O)(O[H])OP(=O)(O[H])OP(=O)(O[H])O[H].[P:8](=[O:9])([O:10])([O:11])[O:60][H:138],EVODEX-P33821
EVODEX-N14000,[H]OC(=O)[C@@]([H])(N([H])C(=O)[C@]([H])(O[C@@]1([H])[C@]([H])(O[H])[C@@]([H])(C([H])([H])O[H])O[C@]([H])(O[P:8](=[O:9])([O:10])[O:11])[C@]1([H])N([H])C(=O)C([H])([H])[H])C([H])([H])[H])C([H])([H])[H].[H]OC(=O)C([H])([H])C([H])([H])C([H])(C(=O)[O:60][H:138])N([H])C([H])([H])[H]>>[P:8](=[O:9])([O:10])([O:11])[O:60][H:138],EVODEX-P33822
EVODEX-N14001,[H]O[C@@]1([H])[C@@]([H])(O[H])[C@]([H])(N2:C([H]):C([H]):C(=O):N([H]):C:2=O)O[C@]1([H])C([H])([H])OP(=O)(O[H])OP(=O)(O[H])[O:7][C:6].[H]O[C:58]([C:52])=[O:59]>>[H][O:7][C:6].[H]O[C@@]1([H])[C@@]([H])(O[H])[C@]([H])(N2:C([H]):N:C3:C(N([H])[C:58]([C:52])=[O:59]):N:C([H]):N:C:3:2)O[C@]1([H])C([H])([H])OP(=O)(O[H])OP(=O)(O[H])OP(=O)(O[H])O[H],EVODEX-P33823
EVODEX-N14002,[O:7][P:8](=[O:9])([O:10])[O:11].[H]OC(=O)C([H])([H])C([H])([H])C([H])(C(=O)[O:60][H:138])N([H])C([H])([H])[H]>>[H][O:7].[P:8](=[O:9])([O:10])([O:11])[O:60][H:138],EVODEX-P33824
EVODEX-N14003,[H]OC(=O)[C@@]([H])(N([H])C(=O)[C@]([H])(O[C@@]1([H])[C@]([H])(O[H])[C@@]([H])(C([H])([H])O[H])O[C@]([H])(O[P:8](=[O:9])([O:10])[O:11])[C@]1([H])N([H])C(=O)C([H])([H])[H])C([H])([H])[H])C([H])([H])[H].[C:58][O:60][H:138]>>[H]O[C@@]1([H])[C@@]([H])(O[H])[C@]([H])(N2:C([H]):N:C3:C(N([H])[C:58]):N:C([H]):N:C:3:2)O[C@]1([H])C([H])([H])OP(=O)(O[H])OP(=O)(O[H])OP(=O)(O[H])O[H].[P:8](=[O:9])([O:10])([O:11])[O:60][H:138],EVODEX-P33825
EVODEX-N14004,[C:52][C:58](=[O:59])[O:60].[H][N:61]([C:62])[H:139]>>[C:52][C:58](=[O:59])[N:61]([C:62])[H:139].[H]O[C@@]1([H])[C@@]([H])(O[H])[C@]([H])(N2:C([H]):C([H]):C(=O):N([H]):C:2=O)O[C@]1([H])C([H])([H])OP(=O)(O[H])OP(=O)(O[H])[O:60],EVODEX-P33826
EVODEX-N14005,[H]OC(=O)C([H])([H])C([H])([H])C([H])(C(=O)[O:60][H:138])N([H])C([H])([H])[H]>>[H]O[C@@]1([H])[C@@]([H])(O[H])[C@]([H])(N2:C([H]):C([H]):C(=O):N([H]):C:2=O)O[C@]1([H])C([H])([H])OP(=O)(O[H])OP(=O)(O[H])[O:60][H:138],EVODEX-P33827
EVODEX-N14006,>>[H]NC1:N:C([H]):N:C2:C:1:N:C([H]):N:2[C@]1([H])O[C@]([H])(C([H])([H])OP(=O)(O[H])OP(=O)(O[H])OP(=O)(O[H])O[H])[C@@]([H])(O[H])[C@@]1([H])O[H].[H]OP(=O)OP(=O)(O[H])OC([H])([H])[C@@]1([H])O[C@@]([H])(N2:C([H]):C([H]):C(=O):N([H]):C:2=O)[C@]([H])(O[H])[C@]1([H])O[H],EVODEX-P33828
EVODEX-N14007,[C:65][O:67][H:164].[O:97][P:98](=[O:99])([O:100])[O:101]>>[H]OC(=O)[C@]([H])(N([H])C(=O)[C@]([H])(N([H])[C:65])C([H])([H])[H])C([H])([H])[H].[H][O:101].[O:67]([P:98]([O:97])(=[O:99])[O:100])[H:164],EVODEX-P33832
EVODEX-N14008,[H]O[C:65]([C:59])=[O:66]>>[H]OC(=O)[C@]([H])(N([H])C(=O)[C@]([H])(N([H])[C:65]([C:59])=[O:66])C([H])([H])[H])C([H])([H])[H],EVODEX-P33833
EVODEX-N14009,[H]OC(=O)C([H])([H])C([H])([H])[C@]([H])(C(=O)N([H])[C@]([H])(C(=O)[O:67][H:164])C([H])([H])C([H])([H])C([H])([H])C([H])([H])N([H])[H])N([H])C(=O)[C@@]([H])(N([H])C(=O)[C@]([H])(O[C@@]1([H])[C@]([H])(O[H])[C@@]([H])(C([H])([H])O[H])O[C@]([H])(OP(=O)(O[H])OP(=O)(O[H])OC([H])([H])[C@@]2([H])O[C@@]([H])(N3:C([H]):C([H]):C(=O):N([H]):C:3=O)[C@]([H])(O[H])[C@]2([H])O[H])[C@]1([H])N([H])C(=O)C([H])([H])[H])C([H])([H])[H])C([H])([H])[H].[H]OP(=O)(O[H])O[P:98]([O:97])(=[O:99])[O:100]>>[O:67]([P:98]([O:97])(=[O:99])[O:100])[H:164],EVODEX-P33835
EVODEX-N14010,[H]OC(=O)C([H])([H])C([H])([H])[C@]([H])(C(=O)N([H])[C@]([H])(C(=O)[O:67][H:164])C([H])([H])C([H])([H])C([H])([H])C([H])([H])N([H])[H])N([H])C(=O)[C@@]([H])(N([H])C(=O)[C@]([H])(O[C@@]1([H])[C@]([H])(O[H])[C@@]([H])(C([H])([H])O[H])O[C@]([H])(OP(=O)(O[H])OP(=O)(O[H])OC([H])([H])[C@@]2([H])O[C@@]([H])(N3:C([H]):C([H]):C(=O):N([H]):C:3=O)[C@]([H])(O[H])[C@]2([H])O[H])[C@]1([H])N([H])C(=O)C([H])([H])[H])C([H])([H])[H])C([H])([H])[H]>>[H]O[C@@]1([H])[C@@]([H])(O[H])[C@]([H])(N2:C([H]):N:C3:C(N([H])[H]):N:C([H]):N:C:3:2)O[C@]1([H])C([H])([H])OP(=O)(O[H])OP(=O)(O[H])[O:67][H:164],EVODEX-P33836
EVODEX-N14011,[H]O[C:65]([C:59])=[O:66].[H]O[C@@]1([H])[C@@]([H])(O[H])[C@]([H])(N2:C([H]):N:C3:C(N([H])[H]):N:C([H]):N:C:3:2)O[C@]1([H])C([H])([H])OP(=O)(O[H])OP(=O)(O[H])[O:101][P:102]>>[H]OC(=O)[C@]([H])(N([H])C(=O)[C@]([H])(N([H])[C:65]([C:59])=[O:66])C([H])([H])[H])C([H])([H])[H].[H][O:101][P:102],EVODEX-P33837
EVODEX-N14012,[C:65][O:67][H:164].[H]OP(=O)(O[H])O[P:98]([O:97])(=[O:99])[O:100]>>[H]OC(=O)[C@]([H])(N([H])C(=O)[C@]([H])(N([H])[C:65])C([H])([H])[H])C([H])([H])[H].[O:67]([P:98]([O:97])(=[O:99])[O:100])[H:164],EVODEX-P33838
EVODEX-N14013,>>[H]N[C@@]([H])(C(=O)N([H])[C@@]([H])(C(=O)O[H])C([H])([H])[H])C([H])([H])[H].[H]OP(=O)OP(=O)(O[H])OC([H])([H])[C@@]1([H])O[C@@]([H])(N2:C([H]):N:C3:C(N([H])[H]):N:C([H]):N:C:3:2)[C@]([H])(O[H])[C@]1([H])O[H],EVODEX-P33839
EVODEX-N14014,[H]OC(=O)C([H])([H])C([H])([H])[C@]([H])(C(=O)N([H])[C@]([H])(C(=O)[O:67][H:164])C([H])([H])C([H])([H])C([H])([H])C([H])([H])N([H])[H])N([H])C(=O)[C@@]([H])(N([H])C(=O)[C@]([H])(O[C@@]1([H])[C@]([H])(O[H])[C@@]([H])(C([H])([H])O[H])O[C@]([H])(OP(=O)(O[H])OP(=O)(O[H])OC([H])([H])[C@@]2([H])O[C@@]([H])(N3:C([H]):C([H]):C(=O):N([H]):C:3=O)[C@]([H])(O[H])[C@]2([H])O[H])[C@]1([H])N([H])C(=O)C([H])([H])[H])C([H])([H])[H])C([H])([H])[H].[O:97][P:98](=[O:99])([O:100])[O:101]>>[H][O:101].[O:67]([P:98]([O:97])(=[O:99])[O:100])[H:164],EVODEX-P33840
EVODEX-N14015,[H][N:70]([C:69])[H:169]>>[H]OC(=O)C([H])([H])C([H])([H])[C@]([H])(C(=O)N([H])[C@]([H])(C(=O)[N:70]([C:69])[H:169])C([H])([H])C([H])([H])C([H])([H])C([H])([H])N([H])[H])N([H])C(=O)[C@@]([H])(N([H])C(=O)[C@]([H])(O[C@@]1([H])[C@]([H])(O[H])[C@@]([H])(C([H])([H])O[H])O[C@]([H])(OP(=O)(O[H])OP(=O)(O[H])OC([H])([H])[C@@]2([H])O[C@@]([H])(N3:C([H]):C([H]):C(=O):N([H]):C:3=O)[C@]([H])(O[H])[C@]2([H])O[H])[C@]1([H])N([H])C(=O)C([H])([H])[H])C([H])([H])[H])C([H])([H])[H].[H].[H]O,"EVODEX-P33842,EVODEX-P33856"
EVODEX-N14016,[H][N:70]([C:69])[H:169].[H]O[C@@]1([H])[C@@]([H])(O[H])[C@]([H])(N2:C([H]):N:C3:C(N([H])[H]):N:C([H]):N:C:3:2)O[C@]1([H])C([H])([H])OP(=O)(O[H])OP(=O)(O[H])[O:101][P:102]>>[H]OC(=O)C([H])([H])C([H])([H])[C@]([H])(C(=O)N([H])[C@]([H])(C(=O)[N:70]([C:69])[H:169])C([H])([H])C([H])([H])C([H])([H])C([H])([H])N([H])[H])N([H])C(=O)[C@@]([H])(N([H])C(=O)[C@]([H])(O[C@@]1([H])[C@]([H])(O[H])[C@@]([H])(C([H])([H])O[H])O[C@]([H])(OP(=O)(O[H])OP(=O)(O[H])OC([H])([H])[C@@]2([H])O[C@@]([H])(N3:C([H]):C([H]):C(=O):N([H]):C:3=O)[C@]([H])(O[H])[C@]2([H])O[H])[C@]1([H])N([H])C(=O)C([H])([H])[H])C([H])([H])[H])C([H])([H])[H].[H][O:101][P:102],"EVODEX-P33844,EVODEX-P33858"
EVODEX-N14017,[H][N:70]([C:69])[H:169]>>[H]OC(=O)C([H])([H])C([H])([H])[C@]([H])(C(=O)N([H])[C@]([H])(C(=O)[N:70]([C:69])[H:169])C([H])([H])C([H])([H])C([H])([H])C([H])([H])N([H])[H])N([H])C(=O)[C@@]([H])(N([H])C(=O)[C@]([H])(O[C@@]1([H])[C@]([H])(O[H])[C@@]([H])(C([H])([H])O[H])O[C@]([H])(OP(=O)(O[H])OP(=O)(O[H])OC([H])([H])[C@@]2([H])O[C@@]([H])(N3:C([H]):C([H]):C(=O):N([H]):C:3=O)[C@]([H])(O[H])[C@]2([H])O[H])[C@]1([H])N([H])C(=O)C([H])([H])[H])C([H])([H])[H])C([H])([H])[H],"EVODEX-P33845,EVODEX-P33859"
EVODEX-N14018,[H][N:70]([C:69])[H:169].[H]OP(=O)(O[H])O[P:98]([O:97])(=[O:99])[O:100]>>[H]OC(=O)C([H])([H])C([H])([H])[C@]([H])(C(=O)N([H])[C@]([H])(C(=O)[N:70]([C:69])[H:169])C([H])([H])C([H])([H])C([H])([H])C([H])([H])N([H])[H])N([H])C(=O)[C@@]([H])(N([H])C(=O)[C@]([H])(O[C@@]1([H])[C@]([H])(O[H])[C@@]([H])(C([H])([H])O[H])O[C@]([H])(OP(=O)(O[H])OP(=O)(O[H])OC([H])([H])[C@@]2([H])O[C@@]([H])(N3:C([H]):C([H]):C(=O):N([H]):C:3=O)[C@]([H])(O[H])[C@]2([H])O[H])[C@]1([H])N([H])C(=O)C([H])([H])[H])C([H])([H])[H])C([H])([H])[H].[H]O[P:98]([O:97])(=[O:99])[O:100],"EVODEX-P33846,EVODEX-P33860"
EVODEX-N14019,[C:65][O:67][H:166].[O:99][P:100](=[O:101])([O:102])[O:103]>>[H]OC(=O)[C@]([H])(N([H])C(=O)[C@]([H])(N([H])[C:65])C([H])([H])F)C([H])([H])F.[H][O:103].[O:67]([P:100]([O:99])(=[O:101])[O:102])[H:166],EVODEX-P33849
EVODEX-N14020,[H]O[C:65]([C:59])=[O:66]>>[H]OC(=O)[C@]([H])(N([H])C(=O)[C@]([H])(N([H])[C:65]([C:59])=[O:66])C([H])([H])F)C([H])([H])F,EVODEX-P33850
EVODEX-N14021,[H]O[C:65]([C:59])=[O:66].[H]O[C@@]1([H])[C@@]([H])(O[H])[C@]([H])(N2:C([H]):N:C3:C(N([H])[H]):N:C([H]):N:C:3:2)O[C@]1([H])C([H])([H])OP(=O)(O[H])OP(=O)(O[H])[O:103][P:104]>>[H]OC(=O)[C@]([H])(N([H])C(=O)[C@]([H])(N([H])[C:65]([C:59])=[O:66])C([H])([H])F)C([H])([H])F.[H][O:103][P:104],EVODEX-P33852
EVODEX-N14022,[C:65][O:67][H:166].[H]OP(=O)(O[H])O[P:100]([O:99])(=[O:101])[O:102]>>[H]OC(=O)[C@]([H])(N([H])C(=O)[C@]([H])(N([H])[C:65])C([H])([H])F)C([H])([H])F.[O:67]([P:100]([O:99])(=[O:101])[O:102])[H:166],EVODEX-P33853
EVODEX-N14023,>>[H]N[C@@]([H])(C(=O)N([H])[C@@]([H])(C(=O)O[H])C([H])([H])F)C([H])([H])F.[H]OP(=O)OP(=O)(O[H])OC([H])([H])[C@@]1([H])O[C@@]([H])(N2:C([H]):N:C3:C(N([H])[H]):N:C([H]):N:C:3:2)[C@]([H])(O[H])[C@]1([H])O[H],EVODEX-P33854
EVODEX-N14024,.[H][N:7]([C:8])[H:72]>>[H]N([H])C([H])([H])C([H])([H])C(=O)[N:7]([C:8])[H:72].[H].[H]O,"EVODEX-P33863,EVODEX-P33880"
EVODEX-N14025,[H]O[C@@]1([H])[C@@]([H])(O[H])[C@]([H])(N2:C([H]):N:C3:C(N([H])[H]):N:C([H]):N:C:3:2)O[C@]1([H])C([H])([H])OP(=O)(O[H])OP(=O)(O[H])[O:40][P:41].[H][N:7]([C:8])[H:72]>>[H]N([H])C([H])([H])C([H])([H])C(=O)[N:7]([C:8])[H:72].[H][O:40][P:41],EVODEX-P33865
EVODEX-N14026,[H]OP(=O)(O[H])O[P:37]([O:36])(=[O:38])[O:39].[H][N:7]([C:8])[H:72]>>[H]N([H])C([H])([H])C([H])([H])C(=O)[N:7]([C:8])[H:72].[H]O[P:37]([O:36])(=[O:38])[O:39],EVODEX-P33866
EVODEX-N14027,[O:36][P:37](=[O:38])([O:39])[O:40].[C:4][O:6][H:71]>>[H]OC(=O)[C@@]([H])(N([H])[C:4])C([H])([H])C1:C([H]):N:C([H]):N:1[H].[H][O:40].[O:6]([P:37]([O:36])(=[O:38])[O:39])[H:71],"EVODEX-P33867,EVODEX-P33884"
EVODEX-N14028,[H]OP(=O)(O[H])O[P:37]([O:36])(=[O:38])[O:39].[H]N([H])C([H])([H])C([H])([H])C(=O)[O:6][H:71]>>[O:6]([P:37]([O:36])(=[O:38])[O:39])[H:71],EVODEX-P33869
EVODEX-N14029,[H]O[C@@]1([H])[C@@]([H])(O[H])[C@]([H])(N2:C([H]):N:C3:C(N([H])[H]):N:C([H]):N:C:3:2)O[C@]1([H])C([H])([H])OP(=O)(O[H])OP(=O)(O[H])[O:40][P:41].[H]O[C:4]([C:3])=[O:5]>>[H]OC(=O)[C@@]([H])(N([H])[C:4]([C:3])=[O:5])C([H])([H])C1:C([H]):N:C([H]):N:1[H].[H][O:40][P:41],EVODEX-P33870
EVODEX-N14030,[H]OP(=O)(O[H])O[P:37]([O:36])(=[O:38])[O:39].[C:4][O:6][H:71]>>[H]OC(=O)[C@@]([H])(N([H])[C:4])C([H])([H])C1:C([H]):N:C([H]):N:1[H].[O:6]([P:37]([O:36])(=[O:38])[O:39])[H:71],EVODEX-P33871
EVODEX-N14031,[O:36][P:37](=[O:38])([O:39])[O:40].[H]N([H])C([H])([H])C([H])([H])C(=O)[O:6][H:71]>>[H][O:40].[O:6]([P:37]([O:36])(=[O:38])[O:39])[H:71],"EVODEX-P33872,EVODEX-P33888"
EVODEX-N14032,[H]O[C:4]([C:3])=[O:5]>>[H]OC(=O)[C@@]([H])(N([H])[C:4]([C:3])=[O:5])C([H])([H])C1:C([H]):N:C([H]):N:1[H],EVODEX-P33873
EVODEX-N14033,[H]N([H])C([H])([H])C([H])([H])C(=O)[O:6][H:71]>>[H]O[C@@]1([H])[C@@]([H])(O[H])[C@]([H])(N2:C([H]):N:C3:C(N([H])[H]):N:C([H]):N:C:3:2)O[C@]1([H])C([H])([H])OP(=O)(O[H])OP(=O)(O[H])[O:6][H:71],EVODEX-P33875
EVODEX-N14034,[H][N:7]([C:8])[H:72]>>[H]N([H])C([H])([H])C([H])([H])C(=O)[N:7]([C:8])[H:72],EVODEX-P33876
EVODEX-N14035,>>[H]N[C@]([H])(C(=O)O[H])C([H])([H])C1:C([H]):N:C([H]):N:1[H].[H]OP(=O)OP(=O)(O[H])OC([H])([H])[C@@]1([H])O[C@@]([H])(N2:C([H]):N:C3:C(N([H])[H]):N:C([H]):N:C:3:2)[C@]([H])(O[H])[C@]1([H])O[H],EVODEX-P33877
EVODEX-N14036,[H]O[C@@]1([H])[C@@]([H])(O[H])[C@]([H])(N2:C([H]):N:C3:C(N([H])[H]):N:C([H]):N:C:3:2)O[C@]1([H])C([H])([H])OP(=O)(O[H])[O:36][P:37].[H][N:7]([C:8])[H:72]>>[H]N([H])C([H])([H])C([H])([H])C(=O)[N:7]([C:8])[H:72].[H][O:36][P:37],EVODEX-P33882
EVODEX-N14037,[H]OP(=O)(O[H])OP(=O)(O[H])O[P:33]([O:32])(=[O:34])[O:35].[H][N:7]([C:8])[H:72]>>[H]N([H])C([H])([H])C([H])([H])C(=O)[N:7]([C:8])[H:72].[H]O[P:33]([O:32])(=[O:34])[O:35],EVODEX-P33883
EVODEX-N14038,[H]OP(=O)(O[H])OP(=O)(O[H])O[P:33]([O:32])(=[O:34])[O:35].[H]N([H])C([H])([H])C([H])([H])C(=O)[O:6][H:71]>>[O:6]([P:33]([O:32])(=[O:34])[O:35])[H:71],EVODEX-P33885
EVODEX-N14039,[H]O[C@@]1([H])[C@@]([H])(O[H])[C@]([H])(N2:C([H]):N:C3:C(N([H])[H]):N:C([H]):N:C:3:2)O[C@]1([H])C([H])([H])OP(=O)(O[H])[O:36][P:37].[H]O[C:4]([C:3])=[O:5]>>[H]OC(=O)[C@@]([H])(N([H])[C:4]([C:3])=[O:5])C([H])([H])C1:C([H]):N:C([H]):N:1[H].[H][O:36][P:37],EVODEX-P33886
EVODEX-N14040,[H]OP(=O)(O[H])OP(=O)(O[H])O[P:33]([O:32])(=[O:34])[O:35].[C:4][O:6][H:71]>>[H]OC(=O)[C@@]([H])(N([H])[C:4])C([H])([H])C1:C([H]):N:C([H]):N:1[H].[O:6]([P:33]([O:32])(=[O:34])[O:35])[H:71],EVODEX-P33887
EVODEX-N14041,[H]N([H])C([H])([H])C([H])([H])C(=O)[O:6][H:71]>>[H]O[C@@]1([H])[C@@]([H])(O[H])[C@]([H])(N2:C([H]):N:C3:C(N([H])[H]):N:C([H]):N:C:3:2)O[C@]1([H])C([H])([H])OP(=O)(O[H])[O:6][H:71],EVODEX-P33890
EVODEX-N14042,>>[H]N[C@]([H])(C(=O)O[H])C([H])([H])C1:C([H]):N:C([H]):N:1[H].[H]OP(=O)OC([H])([H])[C@@]1([H])O[C@@]([H])(N2:C([H]):N:C3:C(N([H])[H]):N:C([H]):N:C:3:2)[C@]([H])(O[H])[C@]1([H])O[H],EVODEX-P33891
EVODEX-N14043,[H][N:24]([C:25])[H:65]>>[H]N=C1:N([H]):C2:C(:C(=O):N:1[H])N=C(C([H])([H])N([H])C1:C([H]):C([H]):C(C(=O)[N:24]([C:25])[H:65]):C([H]):C:1[H])C([H])([H])N2[H],EVODEX-P33895
EVODEX-N14044,[H]N=C1:N([H]):C2:C(:C(=O):N:1[H])N=C(C([H])([H])N([H])C1:C([H]):C([H]):C(C(=O)[O:19][H:98]):C([H]):C:1[H])C([H])([H])N2[H]>>[H]O[C@@]1([H])[C@@]([H])(O[H])[C@]([H])(N2:C([H]):N:C3:C(N([H])[H]):N:C([H]):N:C:3:2)O[C@]1([H])C([H])([H])OP(=O)(O[H])OP(=O)(O[H])[O:19][H:98],EVODEX-P33897
EVODEX-N14045,[H][N:24]([C:25])[H:65]>>[H]N=C1:N([H]):C2:C(:C(=O):N:1[H])N=C(C([H])([H])N([H])C1:C([H]):C([H]):C(C(=O)[N:24]([C:25])[H:65]):C([H]):C:1[H])C([H])([H])N2[H].[H]O.[H],"EVODEX-P33899,EVODEX-P33914"
EVODEX-N14046,[H][N:24]([C:25])[H:65].[H]OP(=O)(O[H])O[P:53]([O:52])(=[O:54])[O:55]>>[H]N=C1:N([H]):C2:C(:C(=O):N:1[H])N=C(C([H])([H])N([H])C1:C([H]):C([H]):C(C(=O)[N:24]([C:25])[H:65]):C([H]):C:1[H])C([H])([H])N2[H].[H]O[P:53]([O:52])(=[O:54])[O:55],"EVODEX-P33900,EVODEX-P33915"
EVODEX-N14047,[H][N:24]([C:25])[H:65].[H]O[C@@]1([H])[C@@]([H])(O[H])[C@]([H])(N2:C([H]):N:C3:C(N([H])[H]):N:C([H]):N:C:3:2)O[C@]1([H])C([H])([H])OP(=O)(O[H])OP(=O)(O[H])[O:56][P:57]>>[H]N=C1:N([H]):C2:C(:C(=O):N:1[H])N=C(C([H])([H])N([H])C1:C([H]):C([H]):C(C(=O)[N:24]([C:25])[H:65]):C([H]):C:1[H])C([H])([H])N2[H].[H][O:56][P:57],EVODEX-P33902
EVODEX-N14048,[O:52][P:53](=[O:54])([O:55])[O:56].[H]N=C1:N([H]):C2:C(:C(=O):N:1[H])N=C(C([H])([H])N([H])C1:C([H]):C([H]):C(C(=O)[O:19][H:98]):C([H]):C:1[H])C([H])([H])N2[H]>>[O:19]([P:53]([O:52])(=[O:54])[O:55])[H:98].[H][O:56],"EVODEX-P33905,EVODEX-P33920"
EVODEX-N14049,[H]OP(=O)(O[H])O[P:53]([O:52])(=[O:54])[O:55].[H]N=C1:N([H]):C2:C(:C(=O):N:1[H])N=C(C([H])([H])N([H])C1:C([H]):C([H]):C(C(=O)[O:19][H:98]):C([H]):C:1[H])C([H])([H])N2[H]>>[O:19]([P:53]([O:52])(=[O:54])[O:55])[H:98],"EVODEX-P33907,EVODEX-P33921"
EVODEX-N14050,[H][N:24]([C:25])[H:64].[H]O[C@@]1([H])C([H])([H])[C@]([H])(N2:C([H]):N:C3:C(N([H])[H]):N:C([H]):N:C:3:2)O[C@]1([H])C([H])([H])OP(=O)(O[H])OP(=O)(O[H])[O:58][P:59].[H]O[C:17]([C:16])=[O:18]>>[C:16][C:17](=[O:18])[N:24]([C:25])[H:64].[H][O:58][P:59],EVODEX-P33911
EVODEX-N14051,[H]N=C1:N([H]):C2:C(:C(=O):N:1[H])N=C(C([H])([H])N([H])C1:C([H]):C([H]):C(C(=O)[O:19][H:97]):C([H]):C:1[H])C([H])([H])N2[H]>>[H]O[C@@]1([H])C([H])([H])[C@]([H])(N2:C([H]):N:C3:C(N([H])[H]):N:C([H]):N:C:3:2)O[C@]1([H])C([H])([H])OP(=O)(O[H])OP(=O)(O[H])[O:19][H:97],EVODEX-P33912
EVODEX-N14052,[H][N:24]([C:25])[H:64].[C:16][C:17](=[O:18])[O:19]>>[C:16][C:17](=[O:18])[N:24]([C:25])[H:64].[H]O[C@@]1([H])C([H])([H])[C@]([H])(N2:C([H]):N:C3:C(N([H])[H]):N:C([H]):N:C:3:2)O[C@]1([H])C([H])([H])OP(=O)(O[H])OP(=O)(O[H])[O:19],EVODEX-P33913
EVODEX-N14053,[H][N:24]([C:25])[H:64].[H]O[C@@]1([H])C([H])([H])[C@]([H])(N2:C([H]):N:C3:C(N([H])[H]):N:C([H]):N:C:3:2)O[C@]1([H])C([H])([H])OP(=O)(O[H])OP(=O)(O[H])[O:58][P:59]>>[H]N=C1:N([H]):C2:C(:C(=O):N:1[H])N=C(C([H])([H])N([H])C1:C([H]):C([H]):C(C(=O)[N:24]([C:25])[H:64]):C([H]):C:1[H])C([H])([H])N2[H].[H][O:58][P:59],EVODEX-P33917
EVODEX-N14054,[H]O[C@@]1([H])C([H])([H])[C@]([H])(N2:C([H]):N:C3:C(N([H])[H]):N:C([H]):N:C:3:2)O[C@]1([H])C([H])([H])OP(=O)(O[H])OP(=O)(O[H])[O:58][P:59].[H]O[C:17]([C:16])=[O:18]>>[H]OC(=O)C([H])([H])C([H])([H])[C@@]([H])(C(=O)O[H])N([H])[C:17]([C:16])=[O:18].[H][O:58][P:59],EVODEX-P33919
EVODEX-N14055,>>[H]N[C@]([H])(C(=O)O[H])C([H])([H])C([H])([H])C(=O)O[H].[H]OP(=O)OP(=O)(O[H])OC([H])([H])[C@@]1([H])O[C@@]([H])(N2:C([H]):N:C3:C(N([H])[H]):N:C([H]):N:C:3:2)C([H])([H])[C@]1([H])O[H],EVODEX-P33922
EVODEX-N14056,[C:53][O:55][H:144].[O:90][P:91](=[O:92])([O:93])[O:94]>>[H]OC(=O)[C@@]([H])(N([H])[C:53])C([H])([H])C([H])([H])C([H])([H])[C@]([H])(C(=O)O[H])N([H])[H].[O:55]([P:91]([O:90])(=[O:92])[O:93])[H:144].[H][O:94],"EVODEX-P33925,EVODEX-P34303"
EVODEX-N14057,[H]O[C:53]([C:52])=[O:54]>>[H]OC(=O)[C@@]([H])(N([H])[C:53]([C:52])=[O:54])C([H])([H])C([H])([H])C([H])([H])[C@]([H])(C(=O)O[H])N([H])[H],"EVODEX-P33926,EVODEX-P34304"
EVODEX-N14058,>>[H]N[C@]([H])(C(=O)O[H])C([H])([H])C([H])([H])C([H])([H])[C@]([H])(C(=O)O[H])N([H])[H].[H]OP(=O)OP(=O)(O[H])OC([H])([H])[C@@]1([H])O[C@@]([H])(N2:C([H]):N:C3:C(N([H])[H]):N:C([H]):N:C:3:2)[C@]([H])(O[H])[C@]1([H])O[H],EVODEX-P33928
EVODEX-N14059,[C:53][O:55][H:144].[H]OP(=O)(O[H])O[P:91]([O:90])(=[O:92])[O:93]>>[H]OC(=O)[C@@]([H])(N([H])[C:53])C([H])([H])C([H])([H])C([H])([H])[C@]([H])(C(=O)O[H])N([H])[H].[O:55]([P:91]([O:90])(=[O:92])[O:93])[H:144],EVODEX-P33929
EVODEX-N14060,[H]O[C:53]([C:52])=[O:54].[H]O[C@@]1([H])[C@@]([H])(O[H])[C@]([H])(N2:C([H]):N:C3:C(N([H])[H]):N:C([H]):N:C:3:2)O[C@]1([H])C([H])([H])OP(=O)(O[H])OP(=O)(O[H])[O:94][P:95]>>[H]OC(=O)[C@@]([H])(N([H])[C:53]([C:52])=[O:54])C([H])([H])C([H])([H])C([H])([H])[C@]([H])(C(=O)O[H])N([H])[H].[H][O:94][P:95],EVODEX-P33930
EVODEX-N14061,[H][N:65]([C:64])[H:156].[H]OP(=O)(O[H])O[P:91]([O:90])(=[O:92])[O:93]>>[H]OC(=O)[C@]([H])(N([H])C(=O)[C@@]([H])(N([H])C(=O)[C@]([H])(O[C@@]1([H])[C@]([H])(O[H])[C@@]([H])(C([H])([H])O[H])OC([H])(OP(=O)(O[H])OP(=O)(O[H])OC([H])([H])[C@@]2([H])O[C@@]([H])(N3:C([H]):C([H]):C(=O):N([H]):C:3=O)[C@]([H])(O[H])[C@]2([H])O[H])[C@]1([H])N([H])C(=O)C([H])([H])[H])C([H])([H])[H])C([H])([H])[H])C([H])([H])C([H])([H])C(=O)[N:65]([C:64])[H:156].[H]O[P:91]([O:90])(=[O:92])[O:93],EVODEX-P33934
EVODEX-N14062,[H][N:65]([C:64])[H:156].[H]O[C@@]1([H])[C@@]([H])(O[H])[C@]([H])(N2:C([H]):N:C3:C(N([H])[H]):N:C([H]):N:C:3:2)O[C@]1([H])C([H])([H])OP(=O)(O[H])OP(=O)(O[H])[O:94][P:95]>>[H]OC(=O)[C@]([H])(N([H])C(=O)[C@@]([H])(N([H])C(=O)[C@]([H])(O[C@@]1([H])[C@]([H])(O[H])[C@@]([H])(C([H])([H])O[H])OC([H])(OP(=O)(O[H])OP(=O)(O[H])OC([H])([H])[C@@]2([H])O[C@@]([H])(N3:C([H]):C([H]):C(=O):N([H]):C:3=O)[C@]([H])(O[H])[C@]2([H])O[H])[C@]1([H])N([H])C(=O)C([H])([H])[H])C([H])([H])[H])C([H])([H])[H])C([H])([H])C([H])([H])C(=O)[N:65]([C:64])[H:156].[H][O:94][P:95],EVODEX-P33936
EVODEX-N14063,[H]OC(=O)[C@@]([H])(N([H])[C:53]([C:52])=[O:54])C([H])([H])C([H])([H])C([H])([H])[C@]([H])(C(=O)O[H])N([H])[H].[O:89][P:90](=[O:91])([O:92][H:167])[O:93].[H][O:100][P:99]>>[C:52][C:53](=[O:54])[O:92][H:167].[O:89][P:90](=[O:91])([O:93])[O:100][P:99],EVODEX-P33940
EVODEX-N14064,[H]OC(=O)[C@]([H])(N([H])C(=O)[C@@]([H])(N([H])C(=O)[C@]([H])(O[C@@]1([H])[C@]([H])(O[H])[C@@]([H])(C([H])([H])O[H])OC([H])(OP(=O)(O[H])OP(=O)(O[H])OC([H])([H])[C@@]2([H])O[C@@]([H])(N3:C([H]):C([H]):C(=O):N([H]):C:3=O)[C@]([H])(O[H])[C@]2([H])O[H])[C@]1([H])N([H])C(=O)C([H])([H])[H])C([H])([H])[H])C([H])([H])[H])C([H])([H])C([H])([H])C(=O)[N:55]([C:56])[H:144].[H]O[P:90]([O:89])(=[O:91])[O:93].[H][O:100][P:99]>>[H][N:55]([C:56])[H:144].[O:89][P:90](=[O:91])([O:93])[O:100][P:99],EVODEX-P33941
EVODEX-N14065,[H]OC(=O)[C@@]([H])(N([H])[C:53]([C:52])=[O:54])C([H])([H])C([H])([H])C([H])([H])[C@]([H])(C(=O)O[H])N([H])[H].[H][O:100][P:99]>>[H]O[C:53]([C:52])=[O:54].[H]O[C@@]1([H])[C@@]([H])(O[H])[C@]([H])(N2:C([H]):N:C3:C(N([H])[H]):N:C([H]):N:C:3:2)O[C@]1([H])C([H])([H])OP(=O)(O[H])OP(=O)(O[H])[O:100][P:99],EVODEX-P33943
EVODEX-N14066,[H]OC(=O)[C@]([H])(N([H])C(=O)[C@@]([H])(N([H])C(=O)[C@]([H])(O[C@@]1([H])[C@]([H])(O[H])[C@@]([H])(C([H])([H])O[H])OC([H])(OP(=O)(O[H])OP(=O)(O[H])OC([H])([H])[C@@]2([H])O[C@@]([H])(N3:C([H]):C([H]):C(=O):N([H]):C:3=O)[C@]([H])(O[H])[C@]2([H])O[H])[C@]1([H])N([H])C(=O)C([H])([H])[H])C([H])([H])[H])C([H])([H])[H])C([H])([H])C([H])([H])C(=O)[N:55]([C:56])[H:144].[H][O:100][P:99]>>[H][N:55]([C:56])[H:144].[H]O[C@@]1([H])[C@@]([H])(O[H])[C@]([H])(N2:C([H]):N:C3:C(N([H])[H]):N:C([H]):N:C:3:2)O[C@]1([H])C([H])([H])OP(=O)(O[H])OP(=O)(O[H])[O:100][P:99],EVODEX-P33944
EVODEX-N14067,[H]OC(=O)[C@@]([H])(N([H])[C:53]([C:52])=[O:54])C([H])([H])C([H])([H])C([H])([H])[C@]([H])(C(=O)O[H])N([H])[H].[H]O[C@@]1([H])[C@@]([H])(O[H])[C@]([H])(N2:C([H]):N:C3:C(N([H])[H]):N:C([H]):N:C:3:2)O[C@]1([H])C([H])([H])OP(=O)(O[H])OP(=O)(O[H])[O:92][H:167]>>[C:52][C:53](=[O:54])[O:92][H:167],EVODEX-P33945
EVODEX-N14068,[H]OC(=O)[C@@]([H])(N([H])[C:53]([C:52])=[O:54])C([H])([H])C([H])([H])C([H])([H])[C@]([H])(C(=O)O[H])N([H])[H].[P:90][O:92][H:167]>>[C:52][C:53](=[O:54])[O:92][H:167].[H]OP(=O)(O[H])O[P:90],EVODEX-P33948
EVODEX-N14069,[H]OC(=O)[C@]([H])(N([H])C(=O)[C@@]([H])(N([H])C(=O)[C@]([H])(O[C@@]1([H])[C@]([H])(O[H])[C@@]([H])(C([H])([H])O[H])OC([H])(OP(=O)(O[H])OP(=O)(O[H])OC([H])([H])[C@@]2([H])O[C@@]([H])(N3:C([H]):C([H]):C(=O):N([H]):C:3=O)[C@]([H])(O[H])[C@]2([H])O[H])[C@]1([H])N([H])C(=O)C([H])([H])[H])C([H])([H])[H])C([H])([H])[H])C([H])([H])C([H])([H])C(=O)[N:55]([C:56])[H:144]>>[H][N:55]([C:56])[H:144],EVODEX-P33949
EVODEX-N14070,[H]OC(=O)[C@]([H])(N([H])C(=O)[C@@]([H])(N([H])C(=O)[C@]([H])(O[C@@]1([H])[C@]([H])(O[H])[C@@]([H])(C([H])([H])O[H])OC([H])(OP(=O)(O[H])OP(=O)(O[H])OC([H])([H])[C@@]2([H])O[C@@]([H])(N3:C([H]):C([H]):C(=O):N([H]):C:3=O)[C@]([H])(O[H])[C@]2([H])O[H])[C@]1([H])N([H])C(=O)C([H])([H])[H])C([H])([H])[H])C([H])([H])[H])C([H])([H])C([H])([H])C(=O)[N:55]([C:56])[H:144].[H]O[P:90]([O:89])(=[O:91])[O:93]>>[H][N:55]([C:56])[H:144].[H]OP(=O)(O[H])O[P:90]([O:89])(=[O:91])[O:93],EVODEX-P33950
EVODEX-N14071,[H]O[C@@]1([H])[C@@]([H])(O[H])[C@]([H])(N2:C([H]):N:C3:C(N([H])[H]):N:C([H]):N:C:3:2)O[C@]1([H])C([H])([H])OP(=O)(O[H])OP(=O)(O[H])[O:92][H:167]>>[H]OC(=O)[C@]([H])(N([H])C(=O)[C@@]([H])(N([H])C(=O)[C@]([H])(O[C@@]1([H])[C@]([H])(O[H])[C@@]([H])(C([H])([H])O[H])OC([H])(OP(=O)(O[H])OP(=O)(O[H])OC([H])([H])[C@@]2([H])O[C@@]([H])(N3:C([H]):C([H]):C(=O):N([H]):C:3=O)[C@]([H])(O[H])[C@]2([H])O[H])[C@]1([H])N([H])C(=O)C([H])([H])[H])C([H])([H])[H])C([H])([H])[H])C([H])([H])C([H])([H])C(=O)[O:92][H:167],EVODEX-P33951
EVODEX-N14072,[O:89][P:90](=[O:91])([O:92])[O:93].[H][O:100][P:99]>>[H]OC(=O)[C@]([H])(N([H])C(=O)[C@@]([H])(N([H])C(=O)[C@]([H])(O[C@@]1([H])[C@]([H])(O[H])[C@@]([H])(C([H])([H])O[H])OC([H])(OP(=O)(O[H])OP(=O)(O[H])OC([H])([H])[C@@]2([H])O[C@@]([H])(N3:C([H]):C([H]):C(=O):N([H]):C:3=O)[C@]([H])(O[H])[C@]2([H])O[H])[C@]1([H])N([H])C(=O)C([H])([H])[H])C([H])([H])[H])C([H])([H])[H])C([H])([H])C([H])([H])C(=O)[O:92].[O:89][P:90](=[O:91])([O:93])[O:100][P:99],EVODEX-P33952
EVODEX-N14073,>>[H]OC(=O)[C@]([H])(N([H])C(=O)[C@@]([H])(N([H])C(=O)[C@]([H])(O[C@@]1([H])[C@]([H])(O[H])[C@@]([H])(C([H])([H])O[H])OC([H])(OP(=O)(O[H])OP(=O)(O[H])OC([H])([H])[C@@]2([H])O[C@@]([H])(N3:C([H]):C([H]):C(=O):N([H]):C:3=O)[C@]([H])(O[H])[C@]2([H])O[H])[C@]1([H])N([H])C(=O)C([H])([H])[H])C([H])([H])[H])C([H])([H])[H])C([H])([H])C([H])([H])C=O.[H]OP(O)(=O)O[H],EVODEX-P33953
EVODEX-N14074,[H]O[C:40](=[O:39])[C:42]>>[H]OC(=O)[C@@]([H])(N([H])[C:40](=[O:39])[C:42])C([H])([H])O[H],"EVODEX-P33957,EVODEX-P34075,EVODEX-P34290"
EVODEX-N14075,[H][N:1]([C:2])[H:50]>>[H]O.[H]OC1:C([H]):C([H]):C([H]):C(C(=O)[N:1]([C:2])[H:50]):C:1O[H].[H],"EVODEX-P33959,EVODEX-P33975"
EVODEX-N14076,[H]OP(=O)(O[H])OP(=O)(O[H])O[P:23]([O:22])(=[O:24])[O:25].[H]OC1:C([H]):C([H]):C([H]):C(C(=O)[O:41][H:73]):C:1O[H]>>[O:22][P:23](=[O:24])([O:25])[O:41][H:73],EVODEX-P33960
EVODEX-N14077,[H][N:1]([C:2])[H:50].[H]OP(=O)(O[H])OP(=O)(O[H])O[P:23]([O:22])(=[O:24])[O:25]>>[H]O[P:23]([O:22])(=[O:24])[O:25].[H]OC1:C([H]):C([H]):C([H]):C(C(=O)[N:1]([C:2])[H:50]):C:1O[H],EVODEX-P33961
EVODEX-N14078,[O:22][P:23](=[O:24])([O:25])[O:26].[C:40][O:41][H:73]>>[O:22][P:23](=[O:24])([O:25])[O:41][H:73].[H]OC(=O)[C@@]([H])(N([H])[C:40])C([H])([H])O[H].[H][O:26],"EVODEX-P33962,EVODEX-P33978,EVODEX-P34073,EVODEX-P34294"
EVODEX-N14079,[H]OP(=O)(O[H])OP(=O)(O[H])O[P:23]([O:22])(=[O:24])[O:25].[C:40][O:41][H:73]>>[O:22][P:23](=[O:24])([O:25])[O:41][H:73].[H]OC(=O)[C@@]([H])(N([H])[C:40])C([H])([H])O[H],EVODEX-P33963
EVODEX-N14080,[H][N:1]([C:2])[H:50]>>[H]OC1:C([H]):C([H]):C([H]):C(C(=O)[N:1]([C:2])[H:50]):C:1O[H],EVODEX-P33965
EVODEX-N14081,[H][N:1]([C:2])[H:50].[H]O[C@@]1([H])[C@@]([H])(O[H])[C@]([H])(N2:C([H]):N:C3:C(N([H])[H]):N:C([H]):N:C:3:2)O[C@]1([H])C([H])([H])OP(=O)(O[H])[O:26][P:27]>>[H]OC1:C([H]):C([H]):C([H]):C(C(=O)[N:1]([C:2])[H:50]):C:1O[H].[H][O:26][P:27],EVODEX-P33966
EVODEX-N14082,[O:22][P:23](=[O:24])([O:25])[O:26].[H]OC1:C([H]):C([H]):C([H]):C(C(=O)[O:41][H:73]):C:1O[H]>>[O:22][P:23](=[O:24])([O:25])[O:41][H:73].[H][O:26],"EVODEX-P33967,EVODEX-P33981"
EVODEX-N14083,[H]O[C@@]1([H])[C@@]([H])(O[H])[C@]([H])(N2:C([H]):N:C3:C(N([H])[H]):N:C([H]):N:C:3:2)O[C@]1([H])C([H])([H])OP(=O)(O[H])[O:26][P:27].[H]O[C:40](=[O:39])[C:42]>>[H]OC(=O)[C@@]([H])(N([H])[C:40](=[O:39])[C:42])C([H])([H])O[H].[H][O:26][P:27],EVODEX-P33968
EVODEX-N14084,[H]OC1:C([H]):C([H]):C([H]):C(C(=O)[O:41][H:73]):C:1O[H]>>[H]O[C@@]1([H])[C@@]([H])(O[H])[C@]([H])(N2:C([H]):N:C3:C(N([H])[H]):N:C([H]):N:C:3:2)O[C@]1([H])C([H])([H])OP(=O)(O[H])[O:41][H:73],EVODEX-P33969
EVODEX-N14085,>>[H]OP(=O)OC([H])([H])[C@@]1([H])O[C@@]([H])(N2:C([H]):N:C3:C(N([H])[H]):N:C([H]):N:C:3:2)[C@]([H])(O[H])[C@]1([H])O[H].[H]N[C@]([H])(C(=O)O[H])C([H])([H])O[H],EVODEX-P33970
EVODEX-N14086,[H]OP(=O)(O[H])O[P:27]([O:26])(=[O:28])[O:29].[H]OC1:C([H]):C([H]):C([H]):C(C(=O)[O:41][H:73]):C:1O[H]>>[O:26][P:27](=[O:28])([O:29])[O:41][H:73],EVODEX-P33976
EVODEX-N14087,[H][N:1]([C:2])[H:50].[H]OP(=O)(O[H])O[P:27]([O:26])(=[O:28])[O:29]>>[H]O[P:27]([O:26])(=[O:28])[O:29].[H]OC1:C([H]):C([H]):C([H]):C(C(=O)[N:1]([C:2])[H:50]):C:1O[H],EVODEX-P33977
EVODEX-N14088,[H]OP(=O)(O[H])O[P:27]([O:26])(=[O:28])[O:29].[C:40][O:41][H:73]>>[O:26][P:27](=[O:28])([O:29])[O:41][H:73].[H]OC(=O)[C@@]([H])(N([H])[C:40])C([H])([H])O[H],"EVODEX-P33979,EVODEX-P34074,EVODEX-P34297"
EVODEX-N14089,[H][N:1]([C:2])[H:50].[H]O[C@@]1([H])[C@@]([H])(O[H])[C@]([H])(N2:C([H]):N:C3:C(N([H])[H]):N:C([H]):N:C:3:2)O[C@]1([H])C([H])([H])OP(=O)(O[H])OP(=O)(O[H])[O:30][P:31]>>[H]OC1:C([H]):C([H]):C([H]):C(C(=O)[N:1]([C:2])[H:50]):C:1O[H].[H][O:30][P:31],EVODEX-P33980
EVODEX-N14090,[H]O[C@@]1([H])[C@@]([H])(O[H])[C@]([H])(N2:C([H]):N:C3:C(N([H])[H]):N:C([H]):N:C:3:2)O[C@]1([H])C([H])([H])OP(=O)(O[H])OP(=O)(O[H])[O:30][P:31].[H]O[C:40](=[O:39])[C:42]>>[H]OC(=O)[C@@]([H])(N([H])[C:40](=[O:39])[C:42])C([H])([H])O[H].[H][O:30][P:31],"EVODEX-P33982,EVODEX-P34076,EVODEX-P34295"
EVODEX-N14091,[H]OC1:C([H]):C([H]):C([H]):C(C(=O)[O:41][H:73]):C:1O[H]>>[H]O[C@@]1([H])[C@@]([H])(O[H])[C@]([H])(N2:C([H]):N:C3:C(N([H])[H]):N:C([H]):N:C:3:2)O[C@]1([H])C([H])([H])OP(=O)(O[H])OP(=O)(O[H])[O:41][H:73],EVODEX-P33983
EVODEX-N14092,>>[H]OP(=O)OP(=O)(O[H])OC([H])([H])[C@@]1([H])O[C@@]([H])(N2:C([H]):N:C3:C(N([H])[H]):N:C([H]):N:C:3:2)[C@]([H])(O[H])[C@]1([H])O[H].[H]N[C@]([H])(C(=O)O[H])C([H])([H])O[H],"EVODEX-P33984,EVODEX-P34077,EVODEX-P34293"
EVODEX-N14093,[H][N:42]([C:43])[H:83]>>[H]N=C1:N([H]):C2:C(:C(=O):N:1[H])N([H])C([H])(C([H])([H])N([H])C1:C([H]):C([H]):C(C(=O)N([H])[C@]([H])(C(=O)O[H])C([H])([H])C([H])([H])C(=O)N([H])[C@]([H])(C(=O)O[H])C([H])([H])C([H])([H])C(=O)[N:42]([C:43])[H:83]):C([H]):C:1[H])C([H])([H])N2[H],EVODEX-P33988
EVODEX-N14094,[H]N=C1:N([H]):C2:C(:C(=O):N:1[H])N([H])C([H])(C([H])([H])N([H])C1:C([H]):C([H]):C(C(=O)N([H])[C@]([H])(C(=O)O[H])C([H])([H])C([H])([H])C(=O)N([H])[C@]([H])(C(=O)O[H])C([H])([H])C([H])([H])C(=O)[O:31][H:130]):C([H]):C:1[H])C([H])([H])N2[H]>>[H]O[C@@]1([H])[C@@]([H])(O[H])[C@]([H])(N2:C([H]):N:C3:C(N([H])[H]):N:C([H]):N:C:3:2)O[C@]1([H])C([H])([H])OP(=O)(O[H])OP(=O)(O[H])[O:31][H:130],EVODEX-P33990
EVODEX-N14095,[H][N:42]([C:43])[H:83]>>[H]N=C1:N([H]):C2:C(:C(=O):N:1[H])N([H])C([H])(C([H])([H])N([H])C1:C([H]):C([H]):C(C(=O)N([H])[C@]([H])(C(=O)O[H])C([H])([H])C([H])([H])C(=O)N([H])[C@]([H])(C(=O)O[H])C([H])([H])C([H])([H])C(=O)[N:42]([C:43])[H:83]):C([H]):C:1[H])C([H])([H])N2[H].[H]O.[H],EVODEX-P33992
EVODEX-N14096,[H][N:42]([C:43])[H:83].[H]OP(=O)(O[H])O[P:71]([O:70])(=[O:72])[O:73]>>[H]N=C1:N([H]):C2:C(:C(=O):N:1[H])N([H])C([H])(C([H])([H])N([H])C1:C([H]):C([H]):C(C(=O)N([H])[C@]([H])(C(=O)O[H])C([H])([H])C([H])([H])C(=O)N([H])[C@]([H])(C(=O)O[H])C([H])([H])C([H])([H])C(=O)[N:42]([C:43])[H:83]):C([H]):C:1[H])C([H])([H])N2[H].[H]O[P:71]([O:70])(=[O:72])[O:73],EVODEX-P33993
EVODEX-N14097,[H][N:42]([C:43])[H:83].[H]O[C@@]1([H])[C@@]([H])(O[H])[C@]([H])(N2:C([H]):N:C3:C(N([H])[H]):N:C([H]):N:C:3:2)O[C@]1([H])C([H])([H])OP(=O)(O[H])OP(=O)(O[H])[O:74][P:75]>>[H]N=C1:N([H]):C2:C(:C(=O):N:1[H])N([H])C([H])(C([H])([H])N([H])C1:C([H]):C([H]):C(C(=O)N([H])[C@]([H])(C(=O)O[H])C([H])([H])C([H])([H])C(=O)N([H])[C@]([H])(C(=O)O[H])C([H])([H])C([H])([H])C(=O)[N:42]([C:43])[H:83]):C([H]):C:1[H])C([H])([H])N2[H].[H][O:74][P:75],EVODEX-P33995
EVODEX-N14098,[O:70][P:71](=[O:72])([O:73])[O:74].[H]N=C1:N([H]):C2:C(:C(=O):N:1[H])N([H])C([H])(C([H])([H])N([H])C1:C([H]):C([H]):C(C(=O)N([H])[C@]([H])(C(=O)O[H])C([H])([H])C([H])([H])C(=O)N([H])[C@]([H])(C(=O)O[H])C([H])([H])C([H])([H])C(=O)[O:31][H:130]):C([H]):C:1[H])C([H])([H])N2[H]>>[O:31]([P:71]([O:70])(=[O:72])[O:73])[H:130].[H][O:74],EVODEX-P33998
EVODEX-N14099,[H]OP(=O)(O[H])O[P:71]([O:70])(=[O:72])[O:73].[H]N=C1:N([H]):C2:C(:C(=O):N:1[H])N([H])C([H])(C([H])([H])N([H])C1:C([H]):C([H]):C(C(=O)N([H])[C@]([H])(C(=O)O[H])C([H])([H])C([H])([H])C(=O)N([H])[C@]([H])(C(=O)O[H])C([H])([H])C([H])([H])C(=O)[O:31][H:130]):C([H]):C:1[H])C([H])([H])N2[H]>>[O:31]([P:71]([O:70])(=[O:72])[O:73])[H:130],EVODEX-P34000
EVODEX-N14100,[H]O[P:70]([O:69])(=[O:71])[O:73].[H]N=C1:N([H]):C2:C(:C(=O):N:1[H])N([H])C([H])(C([H])([H])N([H])C1:C([H]):C([H]):C(C(=O)N([H])[C@]([H])(C(=O)O[H])C([H])([H])C([H])([H])C(=O)N([H])[C@]([H])(C(=O)O[H])C([H])([H])C([H])([H])C(=O)[N:31]([C:32])[H:120]):C([H]):C:1[H])C([H])([H])N2[H].[H][O:80][P:79]>>[H][N:31]([C:32])[H:120].[O:69][P:70](=[O:71])([O:73])[O:80][P:79],EVODEX-P34003
EVODEX-N14101,[H]O[C@@]1([H])[C@@]([H])(O[H])[C@]([H])(N2:C([H]):N:C3:C(N([H])[H]):N:C([H]):N:C:3:2)O[C@]1([H])C([H])([H])OP(=O)(O[H])OP(=O)(O[H])[O:72][H:92]>>[H]N=C1:N([H]):C2:C(:C(=O):N:1[H])N([H])C([H])(C([H])([H])N([H])C1:C([H]):C([H]):C(C(=O)N([H])[C@]([H])(C(=O)O[H])C([H])([H])C([H])([H])C(=O)N([H])[C@]([H])(C(=O)O[H])C([H])([H])C([H])([H])C(=O)[O:72][H:92]):C([H]):C:1[H])C([H])([H])N2[H],EVODEX-P34005
EVODEX-N14102,>>[H]OP(O)(=O)O[H].[H]N=C1:N([H]):C2:C(:C(=O):N:1[H])N([H])C([H])(C([H])([H])N([H])C1:C([H]):C([H]):C(C(=O)N([H])[C@]([H])(C(=O)O[H])C([H])([H])C([H])([H])C(=O)N([H])[C@]([H])(C(=O)O[H])C([H])([H])C([H])([H])C=O):C([H]):C:1[H])C([H])([H])N2[H],EVODEX-P34006
EVODEX-N14103,[O:69][P:70](=[O:71])([O:72])[O:73].[H][O:80][P:79]>>[O:69][P:70](=[O:71])([O:73])[O:80][P:79].[H]N=C1:N([H]):C2:C(:C(=O):N:1[H])N([H])C([H])(C([H])([H])N([H])C1:C([H]):C([H]):C(C(=O)N([H])[C@]([H])(C(=O)O[H])C([H])([H])C([H])([H])C(=O)N([H])[C@]([H])(C(=O)O[H])C([H])([H])C([H])([H])C(=O)[O:72]):C([H]):C:1[H])C([H])([H])N2[H],EVODEX-P34007
EVODEX-N14104,[H]O[P:70]([O:69])(=[O:71])[O:73].[H]N=C1:N([H]):C2:C(:C(=O):N:1[H])N([H])C([H])(C([H])([H])N([H])C1:C([H]):C([H]):C(C(=O)N([H])[C@]([H])(C(=O)O[H])C([H])([H])C([H])([H])C(=O)N([H])[C@]([H])(C(=O)O[H])C([H])([H])C([H])([H])C(=O)[N:31]([C:32])[H:120]):C([H]):C:1[H])C([H])([H])N2[H]>>[H][N:31]([C:32])[H:120].[H]OP(=O)(O[H])O[P:70]([O:69])(=[O:71])[O:73],EVODEX-P34010
EVODEX-N14105,[H]N=C1:N([H]):C2:C(:C(=O):N:1[H])N([H])C([H])(C([H])([H])N([H])C1:C([H]):C([H]):C(C(=O)N([H])[C@]([H])(C(=O)O[H])C([H])([H])C([H])([H])C(=O)N([H])[C@]([H])(C(=O)O[H])C([H])([H])C([H])([H])C(=O)[N:31]([C:32])[H:120]):C([H]):C:1[H])C([H])([H])N2[H].[H][O:80][P:79]>>[H][N:31]([C:32])[H:120].[H]O[C@@]1([H])[C@@]([H])(O[H])[C@]([H])(N2:C([H]):N:C3:C(N([H])[H]):N:C([H]):N:C:3:2)O[C@]1([H])C([H])([H])OP(=O)(O[H])OP(=O)(O[H])[O:80][P:79],EVODEX-P34013
EVODEX-N14106,[H]N=C1:N([H]):C2:C(:C(=O):N:1[H])N([H])C([H])(C([H])([H])N([H])C1:C([H]):C([H]):C(C(=O)N([H])[C@]([H])(C(=O)O[H])C([H])([H])C([H])([H])C(=O)N([H])[C@]([H])(C(=O)O[H])C([H])([H])C([H])([H])C(=O)[N:31]([C:32])[H:120]):C([H]):C:1[H])C([H])([H])N2[H]>>[H][N:31]([C:32])[H:120],EVODEX-P34015
EVODEX-N14107,[O:37][P:38](=[O:39])([O:40])[O:41].[C:13][O:15][H:82]>>[H]C1:N:C([H]):N([H]):C:1C([H])([H])C([H])([H])N([H])[C:13].[O:15]([P:38]([O:37])(=[O:39])[O:40])[H:82].[H][O:41],EVODEX-P34021
EVODEX-N14108,[H]OP(=O)(O[H])O[P:38]([O:37])(=[O:39])[O:40].[C:13][O:15][H:82]>>[H]C1:N:C([H]):N([H]):C:1C([H])([H])C([H])([H])N([H])[C:13].[O:15]([P:38]([O:37])(=[O:39])[O:40])[H:82],EVODEX-P34023
EVODEX-N14109,[H]O[C@@]1([H])[C@@]([H])(O[H])[C@]([H])(N2:C([H]):N:C3:C(N([H])[H]):N:C([H]):N:C:3:2)O[C@]1([H])C([H])([H])OP(=O)(O[H])OP(=O)(O[H])[O:41][P:42].[H]O[C:13]([C:12])=[O:14]>>[H]C1:N:C([H]):N([H]):C:1C([H])([H])C([H])([H])N([H])[C:13]([C:12])=[O:14].[H][O:41][P:42],EVODEX-P34024
EVODEX-N14110,[H]O[C:13]([C:12])=[O:14]>>[H]C1:N:C([H]):N([H]):C:1C([H])([H])C([H])([H])N([H])[C:13]([C:12])=[O:14],EVODEX-P34031
EVODEX-N14111,>>[H]NC([H])([H])C([H])([H])C1:C([H]):N:C([H]):N:1[H].[H]OP(=O)OP(=O)(O[H])OC([H])([H])[C@@]1([H])O[C@@]([H])(N2:C([H]):N:C3:C(N([H])[H]):N:C([H]):N:C:3:2)[C@]([H])(O[H])[C@]1([H])O[H],EVODEX-P34032
EVODEX-N14112,[H]OP(=O)(O[H])O[P:30]([O:29])(=[O:31])[O:32].[H]C1:C([H]):C([H]):C2:C(:C:1[H]):C(C([H])([H])C(=O)[O:44][H:85]):C([H]):N:2[H]>>[O:29][P:30](=[O:31])([O:32])[O:44][H:85],EVODEX-P34036
EVODEX-N14113,[O:29][P:30](=[O:31])([O:32])[O:33].[C:43][O:44][H:85]>>[O:29][P:30](=[O:31])([O:32])[O:44][H:85].[H]OC(=O)[C@@]([H])(N([H])[H])C([H])([H])C([H])([H])C([H])([H])C([H])([H])N([H])[C:43].[H][O:33],EVODEX-P34037
EVODEX-N14114,[H]O[C:43](=[O:42])[C:45]>>[H]OC(=O)[C@@]([H])(N([H])[H])C([H])([H])C([H])([H])C([H])([H])C([H])([H])N([H])[C:43](=[O:42])[C:45],EVODEX-P34039
EVODEX-N14115,[H]OP(=O)(O[H])O[P:30]([O:29])(=[O:31])[O:32].[C:43][O:44][H:85]>>[O:29][P:30](=[O:31])([O:32])[O:44][H:85].[H]OC(=O)[C@@]([H])(N([H])[H])C([H])([H])C([H])([H])C([H])([H])C([H])([H])N([H])[C:43],EVODEX-P34040
EVODEX-N14116,[O:29][P:30](=[O:31])([O:32])[O:33].[H]C1:C([H]):C([H]):C2:C(:C:1[H]):C(C([H])([H])C(=O)[O:44][H:85]):C([H]):N:2[H]>>[O:29][P:30](=[O:31])([O:32])[O:44][H:85].[H][O:33],EVODEX-P34041
EVODEX-N14117,[H]O[C@@]1([H])[C@@]([H])(O[H])[C@]([H])(N2:C([H]):N:C3:C(N([H])[H]):N:C([H]):N:C:3:2)O[C@]1([H])C([H])([H])OP(=O)(O[H])OP(=O)(O[H])[O:33][P:34].[H]O[C:43](=[O:42])[C:45]>>[H]OC(=O)[C@@]([H])(N([H])[H])C([H])([H])C([H])([H])C([H])([H])C([H])([H])N([H])[C:43](=[O:42])[C:45].[H][O:33][P:34],EVODEX-P34042
EVODEX-N14118,.[H][N:1]([C:2])[H:71]>>[H]O.[H]C1:C([H]):C([H]):C2:C(:C:1[H]):C(C([H])([H])C(=O)[N:1]([C:2])[H:71]):C([H]):N:2[H].[H],EVODEX-P34043
EVODEX-N14119,[H]OP(=O)(O[H])O[P:30]([O:29])(=[O:31])[O:32].[H][N:1]([C:2])[H:71]>>[H]O[P:30]([O:29])(=[O:31])[O:32].[H]C1:C([H]):C([H]):C2:C(:C:1[H]):C(C([H])([H])C(=O)[N:1]([C:2])[H:71]):C([H]):N:2[H],EVODEX-P34044
EVODEX-N14120,[H]O[C@@]1([H])[C@@]([H])(O[H])[C@]([H])(N2:C([H]):N:C3:C(N([H])[H]):N:C([H]):N:C:3:2)O[C@]1([H])C([H])([H])OP(=O)(O[H])OP(=O)(O[H])[O:33][P:34].[H][N:1]([C:2])[H:71]>>[H]C1:C([H]):C([H]):C2:C(:C:1[H]):C(C([H])([H])C(=O)[N:1]([C:2])[H:71]):C([H]):N:2[H].[H][O:33][P:34],EVODEX-P34046
EVODEX-N14121,[H]C1:C([H]):C([H]):C2:C(:C:1[H]):C(C([H])([H])C(=O)[O:44][H:85]):C([H]):N:2[H]>>[H]O[C@@]1([H])[C@@]([H])(O[H])[C@]([H])(N2:C([H]):N:C3:C(N([H])[H]):N:C([H]):N:C:3:2)O[C@]1([H])C([H])([H])OP(=O)(O[H])OP(=O)(O[H])[O:44][H:85],EVODEX-P34047
EVODEX-N14122,[H]OP(=O)(O[H])O[P:42]([O:41])(=[O:43])[O:44].[C:17][O:19][H:89]>>[H]OC(=O)C([H])([H])C([H])([H])N([H])[C:17].[O:19]([P:42]([O:41])(=[O:43])[O:44])[H:89],"EVODEX-P34060,EVODEX-P34337"
EVODEX-N14123,[H]O[C@@]1([H])[C@@]([H])(O[H])[C@]([H])(N2:C([H]):N:C3:C(N([H])[H]):N:C([H]):N:C:3:2)O[C@]1([H])C([H])([H])OP(=O)(O[H])OP(=O)(O[H])[O:45][P:46].[H]O[C:17]([C:14])=[O:18]>>[H]OC(=O)C([H])([H])C([H])([H])N([H])[C:17]([C:14])=[O:18].[H][O:45][P:46],"EVODEX-P34061,EVODEX-P34338"
EVODEX-N14124,>>[H]NC([H])([H])C([H])([H])C(=O)O[H].[H]OP(=O)OP(=O)(O[H])OC([H])([H])[C@@]1([H])O[C@@]([H])(N2:C([H]):N:C3:C(N([H])[H]):N:C([H]):N:C:3:2)[C@]([H])(O[H])[C@]1([H])O[H],"EVODEX-P34063,EVODEX-P34336"
EVODEX-N14125,[H]O[C:23]([C:14])=[O:24]>>[H]N=C(N([H])[H])N([H])C([H])([H])C([H])([H])C([H])([H])[C@@]([H])(C(=O)O[H])N([H])[C:23]([C:14])=[O:24],"EVODEX-P34081,EVODEX-P34145,EVODEX-P34173"
EVODEX-N14126,>>[H]N[C@]([H])(C(=O)O[H])C([H])([H])C([H])([H])C([H])([H])N([H])C(=N[H])N([H])[H].[H]OP(=O)OC([H])([H])[C@@]1([H])O[C@@]([H])(N2:C([H]):N:C3:C(N([H])[H]):N:C([H]):N:C:3:2)[C@]([H])(O[H])[C@]1([H])O[H],EVODEX-P34083
EVODEX-N14127,[C:23][O:25][H:67].[O:40][P:41](=[O:42])([O:43])[O:44]>>[H]N=C(N([H])[H])N([H])C([H])([H])C([H])([H])C([H])([H])[C@@]([H])(C(=O)O[H])N([H])[C:23].[O:25]([P:41]([O:40])(=[O:42])[O:43])[H:67].[H][O:44],"EVODEX-P34085,EVODEX-P34151,EVODEX-P34167"
EVODEX-N14128,[C:23][O:25][H:67].[H]OP(=O)(O[H])OP(=O)(O[H])O[P:41]([O:40])(=[O:42])[O:43]>>[H]N=C(N([H])[H])N([H])C([H])([H])C([H])([H])C([H])([H])[C@@]([H])(C(=O)O[H])N([H])[C:23].[O:25]([P:41]([O:40])(=[O:42])[O:43])[H:67],EVODEX-P34086
EVODEX-N14129,.[H][N:9]([C:8])[H:95]>>[H]OC1:C([H]):C([H]):C(C([H])([H])[C@@]([H])(C(=O)[N:9]([C:8])[H:95])N([H])[H]):C([H]):C:1[H].[H]O.[H],EVODEX-P34087
EVODEX-N14130,[H]O[C:23]([C:14])=[O:24].[H]O[C@@]1([H])[C@@]([H])(O[H])[C@]([H])(N2:C([H]):N:C3:C(N([H])[H]):N:C([H]):N:C:3:2)O[C@]1([H])C([H])([H])OP(=O)(O[H])[O:44][P:45]>>[H]N=C(N([H])[H])N([H])C([H])([H])C([H])([H])C([H])([H])[C@@]([H])(C(=O)O[H])N([H])[C:23]([C:14])=[O:24].[H][O:44][P:45],EVODEX-P34088
EVODEX-N14131,[H]OP(=O)(O[H])OP(=O)(O[H])O[P:41]([O:40])(=[O:42])[O:43].[H][N:9]([C:8])[H:95]>>[H]OC1:C([H]):C([H]):C(C([H])([H])[C@@]([H])(C(=O)[N:9]([C:8])[H:95])N([H])[H]):C([H]):C:1[H].[H]O[P:41]([O:40])(=[O:42])[O:43],EVODEX-P34089
EVODEX-N14132,[H]O[C@@]1([H])[C@@]([H])(O[H])[C@]([H])(N2:C([H]):N:C3:C(N([H])[H]):N:C([H]):N:C:3:2)O[C@]1([H])C([H])([H])OP(=O)(O[H])[O:44][P:45].[H][N:9]([C:8])[H:95]>>[H]OC1:C([H]):C([H]):C(C([H])([H])[C@@]([H])(C(=O)[N:9]([C:8])[H:95])N([H])[H]):C([H]):C:1[H].[H][O:44][P:45],EVODEX-P34090
EVODEX-N14133,[H][N:9]([C:8])[H:95]>>[H]OC1:C([H]):C([H]):C(C([H])([H])[C@@]([H])(C(=O)[N:9]([C:8])[H:95])N([H])[H]):C([H]):C:1[H],EVODEX-P34091
EVODEX-N14134,[H]O[C@@]([H])(C(=O)[O:14][H:64])C(C([H])([H])[H])(C([H])([H])[H])C([H])([H])OP(=O)(O[H])O[H].[O:35][P:36](=[O:37])([O:38])[O:39]>>[O:14]([P:36]([O:35])(=[O:37])[O:38])[H:64].[H][O:39],EVODEX-P34100
EVODEX-N14135,[H][N:15]([C:16])[H:65]>>[H]O[C@@]([H])(C(=O)[N:15]([C:16])[H:65])C(C([H])([H])[H])(C([H])([H])[H])C([H])([H])OP(=O)(O[H])O[H].[H]O.[H],EVODEX-P34103
EVODEX-N14136,[H][N:15]([C:16])[H:65].[H]OP(=O)(O[H])OP(=O)(O[H])O[P:36]([O:35])(=[O:37])[O:38]>>[H]O[C@@]([H])(C(=O)[N:15]([C:16])[H:65])C(C([H])([H])[H])(C([H])([H])[H])C([H])([H])OP(=O)(O[H])O[H].[H]O[P:36]([O:35])(=[O:37])[O:38],EVODEX-P34104
EVODEX-N14137,[H]O[C@@]([H])(C(=O)[O:14][H:64])C(C([H])([H])[H])(C([H])([H])[H])C([H])([H])OP(=O)(O[H])O[H].[H]OP(=O)(O[H])OP(=O)(O[H])O[P:36]([O:35])(=[O:37])[O:38]>>[O:14]([P:36]([O:35])(=[O:37])[O:38])[H:64],EVODEX-P34105
EVODEX-N14138,[H]O[C@@]([H])(C(=O)[O:14][H:64])C(C([H])([H])[H])(C([H])([H])[H])C([H])([H])OP(=O)(O[H])O[H]>>[H]O[C@@]1([H])[C@@]([H])(O[H])[C@]([H])(N2:C([H]):N:C3:C(N([H])[H]):N:C([H]):N:C:3:2)O[C@]1([H])C([H])([H])OP(=O)(O[H])[O:14][H:64],EVODEX-P34106
EVODEX-N14139,[H][N:15]([C:16])[H:65]>>[H]O[C@@]([H])(C(=O)[N:15]([C:16])[H:65])C(C([H])([H])[H])(C([H])([H])[H])C([H])([H])OP(=O)(O[H])O[H],EVODEX-P34107
EVODEX-N14140,[H][N:15]([C:16])[H:65].[H]O[C@@]1([H])[C@@]([H])(O[H])[C@]([H])(N2:C([H]):N:C3:C(N([H])[H]):N:C([H]):N:C:3:2)O[C@]1([H])C([H])([H])OP(=O)(O[H])[O:39][P:40]>>[H]O[C@@]([H])(C(=O)[N:15]([C:16])[H:65])C(C([H])([H])[H])(C([H])([H])[H])C([H])([H])OP(=O)(O[H])O[H].[H][O:39][P:40],EVODEX-P34108
EVODEX-N14141,[H][N:21]([C:22])[H:61]>>[H]N=C(N([H])[H])N([H])C([H])([H])C([H])([H])C([H])([H])[C@@]([H])(C(=O)O[H])N([H])C(=O)C([H])([H])C([H])(C(=O)[N:21]([C:22])[H:61])N([H])[H],EVODEX-P34112
EVODEX-N14142,[H]N=C(N([H])[H])N([H])C([H])([H])C([H])([H])C([H])([H])[C@@]([H])(C(=O)O[H])N([H])C(=O)C([H])([H])C([H])(C(=O)[O:17][H:101])N([H])[H]>>[H]O[C@@]1([H])[C@@]([H])(O[H])[C@]([H])(N2:C([H]):N:C3:C(N([H])[H]):N:C([H]):N:C:3:2)O[C@]1([H])C([H])([H])OP(=O)(O[H])OP(=O)(O[H])[O:17][H:101],EVODEX-P34114
EVODEX-N14143,[H][N:21]([C:22])[H:61]>>[H]N=C(N([H])[H])N([H])C([H])([H])C([H])([H])C([H])([H])[C@@]([H])(C(=O)O[H])N([H])C(=O)C([H])([H])C([H])(C(=O)[N:21]([C:22])[H:61])N([H])[H].[H]O.[H],EVODEX-P34116
EVODEX-N14144,[H][N:21]([C:22])[H:61].[H]OP(=O)(O[H])O[P:49]([O:48])(=[O:50])[O:51]>>[H]N=C(N([H])[H])N([H])C([H])([H])C([H])([H])C([H])([H])[C@@]([H])(C(=O)O[H])N([H])C(=O)C([H])([H])C([H])(C(=O)[N:21]([C:22])[H:61])N([H])[H].[H]O[P:49]([O:48])(=[O:50])[O:51],EVODEX-P34117
EVODEX-N14145,[H][N:21]([C:22])[H:61].[H]O[C@@]1([H])[C@@]([H])(O[H])[C@]([H])(N2:C([H]):N:C3:C(N([H])[H]):N:C([H]):N:C:3:2)O[C@]1([H])C([H])([H])OP(=O)(O[H])OP(=O)(O[H])[O:52][P:53]>>[H]N=C(N([H])[H])N([H])C([H])([H])C([H])([H])C([H])([H])[C@@]([H])(C(=O)O[H])N([H])C(=O)C([H])([H])C([H])(C(=O)[N:21]([C:22])[H:61])N([H])[H].[H][O:52][P:53],EVODEX-P34119
EVODEX-N14146,[O:48][P:49](=[O:50])([O:51])[O:52].[H]N=C(N([H])[H])N([H])C([H])([H])C([H])([H])C([H])([H])[C@@]([H])(C(=O)O[H])N([H])C(=O)C([H])([H])C([H])(C(=O)[O:17][H:101])N([H])[H]>>[O:17]([P:49]([O:48])(=[O:50])[O:51])[H:101].[H][O:52],EVODEX-P34122
EVODEX-N14147,[H]OP(=O)(O[H])O[P:49]([O:48])(=[O:50])[O:51].[H]N=C(N([H])[H])N([H])C([H])([H])C([H])([H])C([H])([H])[C@@]([H])(C(=O)O[H])N([H])C(=O)C([H])([H])C([H])(C(=O)[O:17][H:101])N([H])[H]>>[O:17]([P:49]([O:48])(=[O:50])[O:51])[H:101],EVODEX-P34124
EVODEX-N14148,[H][N:59]([C:60])[H:99]>>[H]N=C(N([H])[H])N([H])C([H])([H])C([H])([H])C([H])([H])[C@@]([H])(C(=O)O[H])N([H])C(=O)C([H])([H])[C@]([H])(C(=O)N([H])[C@]([H])(C(=O)[N:59]([C:60])[H:99])C([H])([H])C(=O)N([H])[C@@]([H])(C(=O)O[H])C([H])([H])C([H])([H])C([H])([H])N([H])C(=N[H])N([H])[H])N([H])C(=O)[C@@]([H])(N([H])[H])C([H])([H])C(=O)N([H])[C@@]([H])(C(=O)O[H])C([H])([H])C([H])([H])C([H])([H])N([H])C(=N[H])N([H])[H],EVODEX-P34129
EVODEX-N14149,[H]N=C(N([H])[H])N([H])C([H])([H])C([H])([H])C([H])([H])[C@@]([H])(C(=O)O[H])N([H])C(=O)C([H])([H])[C@]([H])(C(=O)N([H])[C@]([H])(C(=O)[O:55][H:173])C([H])([H])C(=O)N([H])[C@@]([H])(C(=O)O[H])C([H])([H])C([H])([H])C([H])([H])N([H])C(=N[H])N([H])[H])N([H])C(=O)[C@@]([H])(N([H])[H])C([H])([H])C(=O)N([H])[C@@]([H])(C(=O)O[H])C([H])([H])C([H])([H])C([H])([H])N([H])C(=N[H])N([H])[H]>>[H]O[C@@]1([H])[C@@]([H])(O[H])[C@]([H])(N2:C([H]):N:C3:C(N([H])[H]):N:C([H]):N:C:3:2)O[C@]1([H])C([H])([H])OP(=O)(O[H])OP(=O)(O[H])[O:55][H:173],EVODEX-P34131
EVODEX-N14150,[H][N:59]([C:60])[H:99]>>[H]N=C(N([H])[H])N([H])C([H])([H])C([H])([H])C([H])([H])[C@@]([H])(C(=O)O[H])N([H])C(=O)C([H])([H])[C@]([H])(C(=O)N([H])[C@]([H])(C(=O)[N:59]([C:60])[H:99])C([H])([H])C(=O)N([H])[C@@]([H])(C(=O)O[H])C([H])([H])C([H])([H])C([H])([H])N([H])C(=N[H])N([H])[H])N([H])C(=O)[C@@]([H])(N([H])[H])C([H])([H])C(=O)N([H])[C@@]([H])(C(=O)O[H])C([H])([H])C([H])([H])C([H])([H])N([H])C(=N[H])N([H])[H].[H]O.[H],EVODEX-P34133
EVODEX-N14151,[H][N:59]([C:60])[H:99].[H]OP(=O)(O[H])O[P:87]([O:86])(=[O:88])[O:89]>>[H]N=C(N([H])[H])N([H])C([H])([H])C([H])([H])C([H])([H])[C@@]([H])(C(=O)O[H])N([H])C(=O)C([H])([H])[C@]([H])(C(=O)N([H])[C@]([H])(C(=O)[N:59]([C:60])[H:99])C([H])([H])C(=O)N([H])[C@@]([H])(C(=O)O[H])C([H])([H])C([H])([H])C([H])([H])N([H])C(=N[H])N([H])[H])N([H])C(=O)[C@@]([H])(N([H])[H])C([H])([H])C(=O)N([H])[C@@]([H])(C(=O)O[H])C([H])([H])C([H])([H])C([H])([H])N([H])C(=N[H])N([H])[H].[H]O[P:87]([O:86])(=[O:88])[O:89],EVODEX-P34134
EVODEX-N14152,[H][N:59]([C:60])[H:99].[H]O[C@@]1([H])[C@@]([H])(O[H])[C@]([H])(N2:C([H]):N:C3:C(N([H])[H]):N:C([H]):N:C:3:2)O[C@]1([H])C([H])([H])OP(=O)(O[H])OP(=O)(O[H])[O:90][P:91]>>[H]N=C(N([H])[H])N([H])C([H])([H])C([H])([H])C([H])([H])[C@@]([H])(C(=O)O[H])N([H])C(=O)C([H])([H])[C@]([H])(C(=O)N([H])[C@]([H])(C(=O)[N:59]([C:60])[H:99])C([H])([H])C(=O)N([H])[C@@]([H])(C(=O)O[H])C([H])([H])C([H])([H])C([H])([H])N([H])C(=N[H])N([H])[H])N([H])C(=O)[C@@]([H])(N([H])[H])C([H])([H])C(=O)N([H])[C@@]([H])(C(=O)O[H])C([H])([H])C([H])([H])C([H])([H])N([H])C(=N[H])N([H])[H].[H][O:90][P:91],EVODEX-P34136
EVODEX-N14153,[O:86][P:87](=[O:88])([O:89])[O:90].[H]N=C(N([H])[H])N([H])C([H])([H])C([H])([H])C([H])([H])[C@@]([H])(C(=O)O[H])N([H])C(=O)C([H])([H])[C@]([H])(C(=O)N([H])[C@]([H])(C(=O)[O:55][H:173])C([H])([H])C(=O)N([H])[C@@]([H])(C(=O)O[H])C([H])([H])C([H])([H])C([H])([H])N([H])C(=N[H])N([H])[H])N([H])C(=O)[C@@]([H])(N([H])[H])C([H])([H])C(=O)N([H])[C@@]([H])(C(=O)O[H])C([H])([H])C([H])([H])C([H])([H])N([H])C(=N[H])N([H])[H]>>[O:55]([P:87]([O:86])(=[O:88])[O:89])[H:173].[H][O:90],EVODEX-P34139
EVODEX-N14154,[H]OP(=O)(O[H])O[P:87]([O:86])(=[O:88])[O:89].[H]N=C(N([H])[H])N([H])C([H])([H])C([H])([H])C([H])([H])[C@@]([H])(C(=O)O[H])N([H])C(=O)C([H])([H])[C@]([H])(C(=O)N([H])[C@]([H])(C(=O)[O:55][H:173])C([H])([H])C(=O)N([H])[C@@]([H])(C(=O)O[H])C([H])([H])C([H])([H])C([H])([H])N([H])C(=N[H])N([H])[H])N([H])C(=O)[C@@]([H])(N([H])[H])C([H])([H])C(=O)N([H])[C@@]([H])(C(=O)O[H])C([H])([H])C([H])([H])C([H])([H])N([H])C(=N[H])N([H])[H]>>[O:55]([P:87]([O:86])(=[O:88])[O:89])[H:173],EVODEX-P34141
EVODEX-N14155,.[H][N:9]([C:8])[H:195]>>[H].[H]N=C(N([H])[H])N([H])C([H])([H])C([H])([H])C([H])([H])[C@@]([H])(C(=O)O[H])N([H])C(=O)C([H])([H])[C@]([H])(C(=O)N([H])[C@]([H])(C(=O)N([H])[C@@]([H])(C(=O)O[H])C([H])([H])C(=O)[N:9]([C:8])[H:195])C([H])([H])C(=O)N([H])[C@@]([H])(C(=O)O[H])C([H])([H])C([H])([H])C([H])([H])N([H])C(=N[H])N([H])[H])N([H])C(=O)[C@@]([H])(N([H])[H])C([H])([H])C(=O)N([H])[C@@]([H])(C(=O)O[H])C([H])([H])C([H])([H])C([H])([H])N([H])C(=N[H])N([H])[H].[H]O,EVODEX-P34146
EVODEX-N14156,[H][N:9]([C:8])[H:195]>>[H]N=C(N([H])[H])N([H])C([H])([H])C([H])([H])C([H])([H])[C@@]([H])(C(=O)O[H])N([H])C(=O)C([H])([H])[C@]([H])(C(=O)N([H])[C@]([H])(C(=O)N([H])[C@@]([H])(C(=O)O[H])C([H])([H])C(=O)[N:9]([C:8])[H:195])C([H])([H])C(=O)N([H])[C@@]([H])(C(=O)O[H])C([H])([H])C([H])([H])C([H])([H])N([H])C(=N[H])N([H])[H])N([H])C(=O)[C@@]([H])(N([H])[H])C([H])([H])C(=O)N([H])[C@@]([H])(C(=O)O[H])C([H])([H])C([H])([H])C([H])([H])N([H])C(=N[H])N([H])[H],EVODEX-P34148
EVODEX-N14157,[H]OP(=O)(O[H])[O:101][P:98].[H][N:9]([C:8])[H:195]>>[H][O:101][P:98].[H]N=C(N([H])[H])N([H])C([H])([H])C([H])([H])C([H])([H])[C@@]([H])(C(=O)O[H])N([H])C(=O)C([H])([H])[C@]([H])(C(=O)N([H])[C@]([H])(C(=O)N([H])[C@@]([H])(C(=O)O[H])C([H])([H])C(=O)[N:9]([C:8])[H:195])C([H])([H])C(=O)N([H])[C@@]([H])(C(=O)O[H])C([H])([H])C([H])([H])C([H])([H])N([H])C(=N[H])N([H])[H])N([H])C(=O)[C@@]([H])(N([H])[H])C([H])([H])C(=O)N([H])[C@@]([H])(C(=O)O[H])C([H])([H])C([H])([H])C([H])([H])N([H])C(=N[H])N([H])[H],EVODEX-P34149
EVODEX-N14158,[H]O[C@@]1([H])[C@@]([H])(O[H])[C@]([H])(N2:C([H]):N:C3:C(N([H])[H]):N:C([H]):N:C:3:2)O[C@]1([H])C([H])([H])OP(=O)(O[H])OP(=O)(O[H])O[P:102](=[O:103])([O:104])[O:105].[H][N:9]([C:8])[H:195]>>[H]N=C(N([H])[H])N([H])C([H])([H])C([H])([H])C([H])([H])[C@@]([H])(C(=O)O[H])N([H])C(=O)C([H])([H])[C@]([H])(C(=O)N([H])[C@]([H])(C(=O)N([H])[C@@]([H])(C(=O)O[H])C([H])([H])C(=O)[N:9]([C:8])[H:195])C([H])([H])C(=O)N([H])[C@@]([H])(C(=O)O[H])C([H])([H])C([H])([H])C([H])([H])N([H])C(=N[H])N([H])[H])N([H])C(=O)[C@@]([H])(N([H])[H])C([H])([H])C(=O)N([H])[C@@]([H])(C(=O)O[H])C([H])([H])C([H])([H])C([H])([H])N([H])C(=N[H])N([H])[H].[H]O[P:102](=[O:103])([O:104])[O:105],EVODEX-P34150
EVODEX-N14159,[H]O[C@@]1([H])[C@@]([H])(O[H])[C@]([H])(N2:C([H]):N:C3:C(N([H])[H]):N:C([H]):N:C:3:2)O[C@]1([H])C([H])([H])OP(=O)(O[H])OP(=O)(O[H])O[P:102](=[O:103])([O:104])[O:105].[H]N=C(N([H])[H])N([H])C([H])([H])C([H])([H])C([H])([H])[C@@]([H])(C(=O)O[H])N([H])C(=O)C([H])([H])[C@]([H])(C(=O)N([H])[C@]([H])(C(=O)N([H])[C@@]([H])(C(=O)O[H])C([H])([H])C(=O)[O:72][H:181])C([H])([H])C(=O)N([H])[C@@]([H])(C(=O)O[H])C([H])([H])C([H])([H])C([H])([H])N([H])C(=N[H])N([H])[H])N([H])C(=O)[C@@]([H])(N([H])[H])C([H])([H])C(=O)N([H])[C@@]([H])(C(=O)O[H])C([H])([H])C([H])([H])C([H])([H])N([H])C(=N[H])N([H])[H]>>[O:72]([P:102](=[O:103])([O:104])[O:105])[H:181],EVODEX-P34152
EVODEX-N14160,[H]OP(=O)(O[H])[O:101][P:98].[H]O[C:70]([C:69])=[O:71]>>[H][O:101][P:98].[H]N=C(N([H])[H])N([H])C([H])([H])C([H])([H])C([H])([H])[C@@]([H])(C(=O)O[H])N([H])[C:70]([C:69])=[O:71],EVODEX-P34153
EVODEX-N14161,[O:101][P:102](=[O:103])([O:104])[O:105].[H]N=C(N([H])[H])N([H])C([H])([H])C([H])([H])C([H])([H])[C@@]([H])(C(=O)O[H])N([H])C(=O)C([H])([H])[C@]([H])(C(=O)N([H])[C@]([H])(C(=O)N([H])[C@@]([H])(C(=O)O[H])C([H])([H])C(=O)[O:72][H:181])C([H])([H])C(=O)N([H])[C@@]([H])(C(=O)O[H])C([H])([H])C([H])([H])C([H])([H])N([H])C(=N[H])N([H])[H])N([H])C(=O)[C@@]([H])(N([H])[H])C([H])([H])C(=O)N([H])[C@@]([H])(C(=O)O[H])C([H])([H])C([H])([H])C([H])([H])N([H])C(=N[H])N([H])[H]>>[H][O:101].[O:72]([P:102](=[O:103])([O:104])[O:105])[H:181],EVODEX-P34154
EVODEX-N14162,[H]O[C@@]1([H])[C@@]([H])(O[H])[C@]([H])(N2:C([H]):N:C3:C(N([H])[H]):N:C([H]):N:C:3:2)O[C@]1([H])C([H])([H])OP(=O)(O[H])OP(=O)(O[H])O[P:102](=[O:103])([O:104])[O:105].[C:70][O:72][H:181]>>[H]N=C(N([H])[H])N([H])C([H])([H])C([H])([H])C([H])([H])[C@@]([H])(C(=O)O[H])N([H])[C:70].[O:72]([P:102](=[O:103])([O:104])[O:105])[H:181],EVODEX-P34155
EVODEX-N14163,[H]N=C(N([H])[H])N([H])C([H])([H])C([H])([H])C([H])([H])[C@@]([H])(C(=O)O[H])N([H])C(=O)C([H])([H])[C@]([H])(C(=O)N([H])[C@]([H])(C(=O)N([H])[C@@]([H])(C(=O)O[H])C([H])([H])C(=O)[O:72][H:181])C([H])([H])C(=O)N([H])[C@@]([H])(C(=O)O[H])C([H])([H])C([H])([H])C([H])([H])N([H])C(=N[H])N([H])[H])N([H])C(=O)[C@@]([H])(N([H])[H])C([H])([H])C(=O)N([H])[C@@]([H])(C(=O)O[H])C([H])([H])C([H])([H])C([H])([H])N([H])C(=N[H])N([H])[H]>>[H]OP(=O)(O[H])[O:72][H:181],EVODEX-P34157
EVODEX-N14164,>>[H]N[C@]([H])(C(=O)O[H])C([H])([H])C([H])([H])C([H])([H])N([H])C(=N[H])N([H])[H].[H]OP(=O)O[H],EVODEX-P34158
EVODEX-N14165,[H]N=C(N([H])[H])N([H])C([H])([H])C([H])([H])C([H])([H])[C@@]([H])(C(=O)O[H])N([H])C(=O)C([H])([H])C([H])(C(=O)N([H])C([H])(C(=O)O[H])C([H])([H])C(=O)[O:34][H:109])N([H])[H]>>[H]O[C@@]1([H])[C@@]([H])(O[H])[C@]([H])(N2:C([H]):N:C3:C(N([H])[H]):N:C([H]):N:C:3:2)O[C@]1([H])C([H])([H])OP(=O)(O[H])OP(=O)(O[H])[O:34][H:109],EVODEX-P34162
EVODEX-N14166,.[H][N:9]([C:8])[H:123]>>[H]N=C(N([H])[H])N([H])C([H])([H])C([H])([H])C([H])([H])[C@@]([H])(C(=O)O[H])N([H])C(=O)C([H])([H])C([H])(C(=O)N([H])C([H])(C(=O)O[H])C([H])([H])C(=O)[N:9]([C:8])[H:123])N([H])[H].[H]O.[H],EVODEX-P34163
EVODEX-N14167,[H]OP(=O)(O[H])O[P:60]([O:59])(=[O:61])[O:62].[H][N:9]([C:8])[H:123]>>[H]N=C(N([H])[H])N([H])C([H])([H])C([H])([H])C([H])([H])[C@@]([H])(C(=O)O[H])N([H])C(=O)C([H])([H])C([H])(C(=O)N([H])C([H])(C(=O)O[H])C([H])([H])C(=O)[N:9]([C:8])[H:123])N([H])[H].[H]O[P:60]([O:59])(=[O:61])[O:62],EVODEX-P34165
EVODEX-N14168,[H]O[C@@]1([H])[C@@]([H])(O[H])[C@]([H])(N2:C([H]):N:C3:C(N([H])[H]):N:C([H]):N:C:3:2)O[C@]1([H])C([H])([H])OP(=O)(O[H])OP(=O)(O[H])[O:63][P:64].[H][N:9]([C:8])[H:123]>>[H]N=C(N([H])[H])N([H])C([H])([H])C([H])([H])C([H])([H])[C@@]([H])(C(=O)O[H])N([H])C(=O)C([H])([H])C([H])(C(=O)N([H])C([H])(C(=O)O[H])C([H])([H])C(=O)[N:9]([C:8])[H:123])N([H])[H].[H][O:63][P:64],EVODEX-P34166
EVODEX-N14169,[H]OP(=O)(O[H])O[P:60]([O:59])(=[O:61])[O:62].[C:32][O:34][H:109]>>[H]N=C(N([H])[H])N([H])C([H])([H])C([H])([H])C([H])([H])[C@@]([H])(C(=O)O[H])N([H])[C:32].[O:34]([P:60]([O:59])(=[O:61])[O:62])[H:109],EVODEX-P34169
EVODEX-N14170,[H]O[C@@]1([H])[C@@]([H])(O[H])[C@]([H])(N2:C([H]):N:C3:C(N([H])[H]):N:C([H]):N:C:3:2)O[C@]1([H])C([H])([H])OP(=O)(O[H])OP(=O)(O[H])[O:63][P:64].[H]O[C:32]([C:31])=[O:33]>>[H]N=C(N([H])[H])N([H])C([H])([H])C([H])([H])C([H])([H])[C@@]([H])(C(=O)O[H])N([H])[C:32]([C:31])=[O:33].[H][O:63][P:64],EVODEX-P34170
EVODEX-N14171,[O:59][P:60](=[O:61])([O:62])[O:63].[H]N=C(N([H])[H])N([H])C([H])([H])C([H])([H])C([H])([H])[C@@]([H])(C(=O)O[H])N([H])C(=O)C([H])([H])C([H])(C(=O)N([H])C([H])(C(=O)O[H])C([H])([H])C(=O)[O:34][H:109])N([H])[H]>>[O:34]([P:60]([O:59])(=[O:61])[O:62])[H:109].[H][O:63],EVODEX-P34172
EVODEX-N14172,>>[H]N[C@]([H])(C(=O)O[H])C([H])([H])C([H])([H])C([H])([H])N([H])C(=N[H])N([H])[H].[H]OP(=O)OP(=O)(O[H])OC([H])([H])[C@@]1([H])O[C@@]([H])(N2:C([H]):N:C3:C(N([H])[H]):N:C([H]):N:C:3:2)[C@]([H])(O[H])[C@]1([H])O[H],EVODEX-P34174
EVODEX-N14173,[H][N:9]([C:8])[H:123]>>[H]N=C(N([H])[H])N([H])C([H])([H])C([H])([H])C([H])([H])[C@@]([H])(C(=O)O[H])N([H])C(=O)C([H])([H])C([H])(C(=O)N([H])C([H])(C(=O)O[H])C([H])([H])C(=O)[N:9]([C:8])[H:123])N([H])[H],EVODEX-P34175
EVODEX-N14174,[H]OP(=O)(O[H])O[P:60]([O:59])(=[O:61])[O:62].[H]N=C(N([H])[H])N([H])C([H])([H])C([H])([H])C([H])([H])[C@@]([H])(C(=O)O[H])N([H])C(=O)C([H])([H])C([H])(C(=O)N([H])C([H])(C(=O)O[H])C([H])([H])C(=O)[O:34][H:109])N([H])[H]>>[O:34]([P:60]([O:59])(=[O:61])[O:62])[H:109],EVODEX-P34176
EVODEX-N14175,[H]O[C:33]([C:2])=[O:34].[H][N:36]([C:37])[H:100].[H]O[C@@]1([H])[C@@]([H])(O[H])[C@]([H])(N2:C([H]):N:C3:C(=O):N([H]):C(N([H])[H]):N:C:3:2)O[C@]1([H])C([H])([H])OP(=O)(O[H])OP(=O)(O[H])[O:66][P:67]>>[C:2][C:33](=[O:34])[N:36]([C:37])[H:100].[H][O:66][P:67],"EVODEX-P34181,EVODEX-P34259,EVODEX-P34274"
EVODEX-N14176,>>[H]N[C@]([H])(C(=O)O[H])C([H])([H])C([H])([H])C(=O)O[H].[H]OP(=O)OP(=O)(O[H])OC([H])([H])[C@@]1([H])O[C@@]([H])(N2:C([H]):N:C3:C(=O):N([H]):C(N([H])[H]):N:C:3:2)[C@]([H])(O[H])[C@]1([H])O[H],"EVODEX-P34182,EVODEX-P34260,EVODEX-P34275"
EVODEX-N14177,[H]O[C:33]([C:2])=[O:34].[H]O[C@@]1([H])[C@@]([H])(O[H])[C@]([H])(N2:C([H]):N:C3:C(=O):N([H]):C(N([H])[H]):N:C:3:2)O[C@]1([H])C([H])([H])OP(=O)(O[H])OP(=O)(O[H])[O:66][P:67]>>[H]OC(=O)C([H])([H])C([H])([H])[C@@]([H])(C(=O)O[H])N([H])[C:33]([C:2])=[O:34].[H][O:66][P:67],"EVODEX-P34184,EVODEX-P34262,EVODEX-P34277"
EVODEX-N14178,[H]OC1:C([H]):C([H]):C2:C([H]):C3:C(=O):N([H]):C(=O):N:C3:N(C([H])([H])[C@]([H])(O[H])[C@]([H])(O[H])[C@]([H])(O[H])C([H])([H])OP(=O)(O[H])O[C@]([H])(C(=O)[O:35][H:99])C([H])([H])[H]):C:2:C:1[H].[O:62][P:63](=[O:64])([O:65])[O:66]>>[O:35]([P:63]([O:62])(=[O:64])[O:65])[H:99].[H][O:66],"EVODEX-P34185,EVODEX-P34201"
EVODEX-N14179,[C:2][C:33](=[O:34])[O:35].[H][N:36]([C:37])[H:100]>>[C:2][C:33](=[O:34])[N:36]([C:37])[H:100].[H]O[C@@]1([H])[C@@]([H])(O[H])[C@]([H])(N2:C([H]):N:C3:C(=O):N([H]):C(N([H])[H]):N:C:3:2)O[C@]1([H])C([H])([H])OP(=O)(O[H])OP(=O)(O[H])[O:35],"EVODEX-P34187,EVODEX-P34264,EVODEX-P34280"
EVODEX-N14180,[H][N:36]([C:37])[H:100]>>[H]OC1:C([H]):C([H]):C2:C([H]):C3:C(=O):N([H]):C(=O):N:C3:N(C([H])([H])[C@]([H])(O[H])[C@]([H])(O[H])[C@]([H])(O[H])C([H])([H])OP(=O)(O[H])O[C@]([H])(C(=O)[N:36]([C:37])[H:100])C([H])([H])[H]):C:2:C:1[H].[H]O.[H],"EVODEX-P34188,EVODEX-P34203"
EVODEX-N14181,[H][N:36]([C:37])[H:100].[H]OP(=O)(O[H])O[P:63]([O:62])(=[O:64])[O:65]>>[H]OC1:C([H]):C([H]):C2:C([H]):C3:C(=O):N([H]):C(=O):N:C3:N(C([H])([H])[C@]([H])(O[H])[C@]([H])(O[H])[C@]([H])(O[H])C([H])([H])OP(=O)(O[H])O[C@]([H])(C(=O)[N:36]([C:37])[H:100])C([H])([H])[H]):C:2:C:1[H].[H]O[P:63]([O:62])(=[O:64])[O:65],"EVODEX-P34189,EVODEX-P34204"
EVODEX-N14182,[H]OC1:C([H]):C([H]):C2:C([H]):C3:C(=O):N([H]):C(=O):N:C3:N(C([H])([H])[C@]([H])(O[H])[C@]([H])(O[H])[C@]([H])(O[H])C([H])([H])OP(=O)(O[H])O[C@]([H])(C(=O)[O:35][H:99])C([H])([H])[H]):C:2:C:1[H].[H]OP(=O)(O[H])O[P:63]([O:62])(=[O:64])[O:65]>>[O:35]([P:63]([O:62])(=[O:64])[O:65])[H:99],"EVODEX-P34190,EVODEX-P34205"
EVODEX-N14183,[H]OC1:C([H]):C([H]):C2:C([H]):C3:C(=O):N([H]):C(=O):N:C3:N(C([H])([H])[C@]([H])(O[H])[C@]([H])(O[H])[C@]([H])(O[H])C([H])([H])OP(=O)(O[H])O[C@]([H])(C(=O)[O:35][H:99])C([H])([H])[H]):C:2:C:1[H]>>[H]O[C@@]1([H])[C@@]([H])(O[H])[C@]([H])(N2:C([H]):N:C3:C(=O):N([H]):C(N([H])[H]):N:C:3:2)O[C@]1([H])C([H])([H])OP(=O)(O[H])OP(=O)(O[H])[O:35][H:99],EVODEX-P34191
EVODEX-N14184,[H][N:36]([C:37])[H:100]>>[H]OC1:C([H]):C([H]):C2:C([H]):C3:C(=O):N([H]):C(=O):N:C3:N(C([H])([H])[C@]([H])(O[H])[C@]([H])(O[H])[C@]([H])(O[H])C([H])([H])OP(=O)(O[H])O[C@]([H])(C(=O)[N:36]([C:37])[H:100])C([H])([H])[H]):C:2:C:1[H],EVODEX-P34192
EVODEX-N14185,[H][N:36]([C:37])[H:100].[H]O[C@@]1([H])[C@@]([H])(O[H])[C@]([H])(N2:C([H]):N:C3:C(=O):N([H]):C(N([H])[H]):N:C:3:2)O[C@]1([H])C([H])([H])OP(=O)(O[H])OP(=O)(O[H])[O:66][P:67]>>[H]OC1:C([H]):C([H]):C2:C([H]):C3:C(=O):N([H]):C(=O):N:C3:N(C([H])([H])[C@]([H])(O[H])[C@]([H])(O[H])[C@]([H])(O[H])C([H])([H])OP(=O)(O[H])O[C@]([H])(C(=O)[N:36]([C:37])[H:100])C([H])([H])[H]):C:2:C:1[H].[H][O:66][P:67],EVODEX-P34193
EVODEX-N14186,[H]OC1:C([H]):C([H]):C2:C([H]):C3:C(=O):N([H]):C(=O):N:C3:N(C([H])([H])[C@]([H])(O[H])[C@]([H])(O[H])[C@]([H])(O[H])C([H])([H])OP(=O)(O[H])O[C@]([H])(C(=O)[O:35][H:98])C([H])([H])[H]):C:2:C:1[H]>>[H]O[C@@]1([H])[C@@]([H])(O[H])[C@]([H])(N2:C([H]):N:C3:C(N([H])[H]):N:C([H]):N:C:3:2)O[C@]1([H])C([H])([H])OP(=O)(O[H])OP(=O)(O[H])[O:35][H:98],EVODEX-P34206
EVODEX-N14187,[H][N:36]([C:37])[H:99].[H]O[C@@]1([H])[C@@]([H])(O[H])[C@]([H])(N2:C([H]):N:C3:C(N([H])[H]):N:C([H]):N:C:3:2)O[C@]1([H])C([H])([H])OP(=O)(O[H])OP(=O)(O[H])[O:68][P:69]>>[H]OC1:C([H]):C([H]):C2:C([H]):C3:C(=O):N([H]):C(=O):N:C3:N(C([H])([H])[C@]([H])(O[H])[C@]([H])(O[H])[C@]([H])(O[H])C([H])([H])OP(=O)(O[H])O[C@]([H])(C(=O)[N:36]([C:37])[H:99])C([H])([H])[H]):C:2:C:1[H].[H][O:68][P:69],EVODEX-P34207
EVODEX-N14188,[H]OC(=O)[C@@]([H])(N([H])C(=O)[C@@]([H])(OP(=O)(O[H])OC([H])([H])[C@@]([H])(O[H])[C@@]([H])(O[H])[C@@]([H])(O[H])C([H])([H])N1:C2:C([H]):C(=O):C([H]):C([H]):C2:C([H]):C2:C(=O):N([H]):C(=O):N([H]):C:2:1)C([H])([H])[H])C([H])([H])C([H])([H])C(=O)N([H])[C@]([H])(C(=O)O[H])C([H])([H])C([H])([H])C(=O)[O:47][H:128].[O:82][P:83](=[O:84])([O:85])[O:86]>>[O:47]([P:83]([O:82])(=[O:84])[O:85])[H:128].[H][O:86],EVODEX-P34216
EVODEX-N14189,[H][N:54]([C:55])[H:131]>>[H]OC(=O)[C@@]([H])(N([H])C(=O)[C@@]([H])(OP(=O)(O[H])OC([H])([H])[C@@]([H])(O[H])[C@@]([H])(O[H])[C@@]([H])(O[H])C([H])([H])N1:C2:C([H]):C(=O):C([H]):C([H]):C2:C([H]):C2:C(=O):N([H]):C(=O):N([H]):C:2:1)C([H])([H])[H])C([H])([H])C([H])([H])C(=O)N([H])[C@]([H])(C(=O)O[H])C([H])([H])C([H])([H])C(=O)[N:54]([C:55])[H:131].[H]O.[H],EVODEX-P34219
EVODEX-N14190,[H][N:54]([C:55])[H:131].[H]OP(=O)(O[H])O[P:83]([O:82])(=[O:84])[O:85]>>[H]OC(=O)[C@@]([H])(N([H])C(=O)[C@@]([H])(OP(=O)(O[H])OC([H])([H])[C@@]([H])(O[H])[C@@]([H])(O[H])[C@@]([H])(O[H])C([H])([H])N1:C2:C([H]):C(=O):C([H]):C([H]):C2:C([H]):C2:C(=O):N([H]):C(=O):N([H]):C:2:1)C([H])([H])[H])C([H])([H])C([H])([H])C(=O)N([H])[C@]([H])(C(=O)O[H])C([H])([H])C([H])([H])C(=O)[N:54]([C:55])[H:131].[H]O[P:83]([O:82])(=[O:84])[O:85],EVODEX-P34220
EVODEX-N14191,[H]OC(=O)[C@@]([H])(N([H])C(=O)[C@@]([H])(OP(=O)(O[H])OC([H])([H])[C@@]([H])(O[H])[C@@]([H])(O[H])[C@@]([H])(O[H])C([H])([H])N1:C2:C([H]):C(=O):C([H]):C([H]):C2:C([H]):C2:C(=O):N([H]):C(=O):N([H]):C:2:1)C([H])([H])[H])C([H])([H])C([H])([H])C(=O)N([H])[C@]([H])(C(=O)O[H])C([H])([H])C([H])([H])C(=O)[O:47][H:128].[H]OP(=O)(O[H])O[P:83]([O:82])(=[O:84])[O:85]>>[O:47]([P:83]([O:82])(=[O:84])[O:85])[H:128],EVODEX-P34221
EVODEX-N14192,[H]OC(=O)[C@@]([H])(N([H])C(=O)[C@@]([H])(OP(=O)(O[H])OC([H])([H])[C@@]([H])(O[H])[C@@]([H])(O[H])[C@@]([H])(O[H])C([H])([H])N1:C2:C([H]):C(=O):C([H]):C([H]):C2:C([H]):C2:C(=O):N([H]):C(=O):N([H]):C:2:1)C([H])([H])[H])C([H])([H])C([H])([H])C(=O)N([H])[C@]([H])(C(=O)O[H])C([H])([H])C([H])([H])C(=O)[O:47][H:128]>>[H]O[C@@]1([H])[C@@]([H])(O[H])[C@]([H])(N2:C([H]):N:C3:C(N([H])[H]):N:C([H]):N:C:3:2)O[C@]1([H])C([H])([H])OP(=O)(O[H])OP(=O)(O[H])[O:47][H:128],EVODEX-P34222
EVODEX-N14193,[H][N:54]([C:55])[H:131]>>[H]OC(=O)[C@@]([H])(N([H])C(=O)[C@@]([H])(OP(=O)(O[H])OC([H])([H])[C@@]([H])(O[H])[C@@]([H])(O[H])[C@@]([H])(O[H])C([H])([H])N1:C2:C([H]):C(=O):C([H]):C([H]):C2:C([H]):C2:C(=O):N([H]):C(=O):N([H]):C:2:1)C([H])([H])[H])C([H])([H])C([H])([H])C(=O)N([H])[C@]([H])(C(=O)O[H])C([H])([H])C([H])([H])C(=O)[N:54]([C:55])[H:131],EVODEX-P34223
EVODEX-N14194,[H][N:54]([C:55])[H:131].[H]O[C@@]1([H])[C@@]([H])(O[H])[C@]([H])(N2:C([H]):N:C3:C(N([H])[H]):N:C([H]):N:C:3:2)O[C@]1([H])C([H])([H])OP(=O)(O[H])OP(=O)(O[H])[O:86][P:87]>>[H]OC(=O)[C@@]([H])(N([H])C(=O)[C@@]([H])(OP(=O)(O[H])OC([H])([H])[C@@]([H])(O[H])[C@@]([H])(O[H])[C@@]([H])(O[H])C([H])([H])N1:C2:C([H]):C(=O):C([H]):C([H]):C2:C([H]):C2:C(=O):N([H]):C(=O):N([H]):C:2:1)C([H])([H])[H])C([H])([H])C([H])([H])C(=O)N([H])[C@]([H])(C(=O)O[H])C([H])([H])C([H])([H])C(=O)[N:54]([C:55])[H:131].[H][O:86][P:87],EVODEX-P34224
EVODEX-N14195,[H][N:54]([C:55])[H:131]>>[H]OC(=O)C([H])([H])C([H])([H])[C@@]([H])(C(=O)[N:54]([C:55])[H:131])N([H])C(=O)C([H])([H])C([H])([H])[C@@]([H])(C(=O)O[H])N([H])C(=O)[C@@]([H])(OP(=O)(O[H])OC([H])([H])[C@@]([H])(O[H])[C@@]([H])(O[H])[C@@]([H])(O[H])C([H])([H])N1:C2:C([H]):C(=O):C([H]):C([H]):C2:C([H]):C2:C(=O):N([H]):C(=O):N([H]):C:2:1)C([H])([H])[H].[H]O.[H],EVODEX-P34235
EVODEX-N14196,[H][N:54]([C:55])[H:131].[H]OP(=O)(O[H])O[P:83]([O:82])(=[O:84])[O:85]>>[H]OC(=O)C([H])([H])C([H])([H])[C@@]([H])(C(=O)[N:54]([C:55])[H:131])N([H])C(=O)C([H])([H])C([H])([H])[C@@]([H])(C(=O)O[H])N([H])C(=O)[C@@]([H])(OP(=O)(O[H])OC([H])([H])[C@@]([H])(O[H])[C@@]([H])(O[H])[C@@]([H])(O[H])C([H])([H])N1:C2:C([H]):C(=O):C([H]):C([H]):C2:C([H]):C2:C(=O):N([H]):C(=O):N([H]):C:2:1)C([H])([H])[H].[H]O[P:83]([O:82])(=[O:84])[O:85],EVODEX-P34236
EVODEX-N14197,[H][N:54]([C:55])[H:131]>>[H]OC(=O)C([H])([H])C([H])([H])[C@@]([H])(C(=O)[N:54]([C:55])[H:131])N([H])C(=O)C([H])([H])C([H])([H])[C@@]([H])(C(=O)O[H])N([H])C(=O)[C@@]([H])(OP(=O)(O[H])OC([H])([H])[C@@]([H])(O[H])[C@@]([H])(O[H])[C@@]([H])(O[H])C([H])([H])N1:C2:C([H]):C(=O):C([H]):C([H]):C2:C([H]):C2:C(=O):N([H]):C(=O):N([H]):C:2:1)C([H])([H])[H],EVODEX-P34237
EVODEX-N14198,[H][N:54]([C:55])[H:131].[H]O[C@@]1([H])[C@@]([H])(O[H])[C@]([H])(N2:C([H]):N:C3:C(N([H])[H]):N:C([H]):N:C:3:2)O[C@]1([H])C([H])([H])OP(=O)(O[H])OP(=O)(O[H])[O:86][P:87]>>[H]OC(=O)C([H])([H])C([H])([H])[C@@]([H])(C(=O)[N:54]([C:55])[H:131])N([H])C(=O)C([H])([H])C([H])([H])[C@@]([H])(C(=O)O[H])N([H])C(=O)[C@@]([H])(OP(=O)(O[H])OC([H])([H])[C@@]([H])(O[H])[C@@]([H])(O[H])[C@@]([H])(O[H])C([H])([H])N1:C2:C([H]):C(=O):C([H]):C([H]):C2:C([H]):C2:C(=O):N([H]):C(=O):N([H]):C:2:1)C([H])([H])[H].[H][O:86][P:87],EVODEX-P34238
EVODEX-N14199,[H]OC(=O)C([H])([H])C([H])([H])[C@]([H])(OP(=O)(O[H])OC([H])([H])[C@@]1([H])O[C@]([H])(OC([H])([H])[C@@]([H])(O[H])[C@@]([H])(O[H])[C@@]([H])(O[H])C([H])([H])C2:C([H]):C([H]):C(N([H])[C@]([H])(C([H])([H])[H])[C@]3([H])N([H])C4:C(:N:C(N([H])[H]):N([H]):C:4=O)N([H])[C@@]3([H])C([H])([H])[H]):C([H]):C:2[H])[C@]([H])(O[H])[C@]1([H])O[H])C(=O)[O:47][H:133].[O:82][P:83](=[O:84])([O:85])[O:86]>>[O:47]([P:83]([O:82])(=[O:84])[O:85])[H:133].[H][O:86],"EVODEX-P34247,EVODEX-P34263"
EVODEX-N14200,[H][N:54]([C:55])[H:140]>>[H]OC(=O)C([H])([H])C([H])([H])[C@]([H])(OP(=O)(O[H])OC([H])([H])[C@@]1([H])O[C@]([H])(OC([H])([H])[C@@]([H])(O[H])[C@@]([H])(O[H])[C@@]([H])(O[H])C([H])([H])C2:C([H]):C([H]):C(N([H])[C@]([H])(C([H])([H])[H])[C@]3([H])N([H])C4:C(:N:C(N([H])[H]):N([H]):C:4=O)N([H])[C@@]3([H])C([H])([H])[H]):C([H]):C:2[H])[C@]([H])(O[H])[C@]1([H])O[H])C(=O)[N:54]([C:55])[H:140].[H]O.[H],"EVODEX-P34250,EVODEX-P34265"
EVODEX-N14201,[H][N:54]([C:55])[H:140].[H]OP(=O)(O[H])O[P:83]([O:82])(=[O:84])[O:85]>>[H]OC(=O)C([H])([H])C([H])([H])[C@]([H])(OP(=O)(O[H])OC([H])([H])[C@@]1([H])O[C@]([H])(OC([H])([H])[C@@]([H])(O[H])[C@@]([H])(O[H])[C@@]([H])(O[H])C([H])([H])C2:C([H]):C([H]):C(N([H])[C@]([H])(C([H])([H])[H])[C@]3([H])N([H])C4:C(:N:C(N([H])[H]):N([H]):C:4=O)N([H])[C@@]3([H])C([H])([H])[H]):C([H]):C:2[H])[C@]([H])(O[H])[C@]1([H])O[H])C(=O)[N:54]([C:55])[H:140].[H]O[P:83]([O:82])(=[O:84])[O:85],"EVODEX-P34251,EVODEX-P34266"
EVODEX-N14202,[H]OC(=O)C([H])([H])C([H])([H])[C@]([H])(OP(=O)(O[H])OC([H])([H])[C@@]1([H])O[C@]([H])(OC([H])([H])[C@@]([H])(O[H])[C@@]([H])(O[H])[C@@]([H])(O[H])C([H])([H])C2:C([H]):C([H]):C(N([H])[C@]([H])(C([H])([H])[H])[C@]3([H])N([H])C4:C(:N:C(N([H])[H]):N([H]):C:4=O)N([H])[C@@]3([H])C([H])([H])[H]):C([H]):C:2[H])[C@]([H])(O[H])[C@]1([H])O[H])C(=O)[O:47][H:133].[H]OP(=O)(O[H])O[P:83]([O:82])(=[O:84])[O:85]>>[O:47]([P:83]([O:82])(=[O:84])[O:85])[H:133],"EVODEX-P34252,EVODEX-P34267"
EVODEX-N14203,[H]OC(=O)C([H])([H])C([H])([H])[C@]([H])(OP(=O)(O[H])OC([H])([H])[C@@]1([H])O[C@]([H])(OC([H])([H])[C@@]([H])(O[H])[C@@]([H])(O[H])[C@@]([H])(O[H])C([H])([H])C2:C([H]):C([H]):C(N([H])[C@]([H])(C([H])([H])[H])[C@]3([H])N([H])C4:C(:N:C(N([H])[H]):N([H]):C:4=O)N([H])[C@@]3([H])C([H])([H])[H]):C([H]):C:2[H])[C@]([H])(O[H])[C@]1([H])O[H])C(=O)[O:47][H:133]>>[H]O[C@@]1([H])[C@@]([H])(O[H])[C@]([H])(N2:C([H]):N:C3:C(N([H])[H]):N:C([H]):N:C:3:2)O[C@]1([H])C([H])([H])OP(=O)(O[H])OP(=O)(O[H])[O:47][H:133],EVODEX-P34253
EVODEX-N14204,[H][N:54]([C:55])[H:140]>>[H]OC(=O)C([H])([H])C([H])([H])[C@]([H])(OP(=O)(O[H])OC([H])([H])[C@@]1([H])O[C@]([H])(OC([H])([H])[C@@]([H])(O[H])[C@@]([H])(O[H])[C@@]([H])(O[H])C([H])([H])C2:C([H]):C([H]):C(N([H])[C@]([H])(C([H])([H])[H])[C@]3([H])N([H])C4:C(:N:C(N([H])[H]):N([H]):C:4=O)N([H])[C@@]3([H])C([H])([H])[H]):C([H]):C:2[H])[C@]([H])(O[H])[C@]1([H])O[H])C(=O)[N:54]([C:55])[H:140],EVODEX-P34254
EVODEX-N14205,[H][N:54]([C:55])[H:140].[H]O[C@@]1([H])[C@@]([H])(O[H])[C@]([H])(N2:C([H]):N:C3:C(N([H])[H]):N:C([H]):N:C:3:2)O[C@]1([H])C([H])([H])OP(=O)(O[H])OP(=O)(O[H])[O:86][P:87]>>[H]OC(=O)C([H])([H])C([H])([H])[C@]([H])(OP(=O)(O[H])OC([H])([H])[C@@]1([H])O[C@]([H])(OC([H])([H])[C@@]([H])(O[H])[C@@]([H])(O[H])[C@@]([H])(O[H])C([H])([H])C2:C([H]):C([H]):C(N([H])[C@]([H])(C([H])([H])[H])[C@]3([H])N([H])C4:C(:N:C(N([H])[H]):N([H]):C:4=O)N([H])[C@@]3([H])C([H])([H])[H]):C([H]):C:2[H])[C@]([H])(O[H])[C@]1([H])O[H])C(=O)[N:54]([C:55])[H:140].[H][O:86][P:87],EVODEX-P34255
EVODEX-N14206,[H]OC(=O)C([H])([H])C([H])([H])[C@]([H])(OP(=O)(O[H])OC([H])([H])[C@@]1([H])O[C@]([H])(OC([H])([H])[C@@]([H])(O[H])[C@@]([H])(O[H])[C@@]([H])(O[H])C([H])([H])C2:C([H]):C([H]):C(N([H])[C@]([H])(C([H])([H])[H])[C@]3([H])N([H])C4:C(:N:C(N([H])[H]):N([H]):C:4=O)N([H])[C@@]3([H])C([H])([H])[H]):C([H]):C:2[H])[C@]([H])(O[H])[C@]1([H])O[H])C(=O)[O:47][H:134]>>[H]O[C@@]1([H])[C@@]([H])(O[H])[C@]([H])(N2:C([H]):N:C3:C(=O):N([H]):C(N([H])[H]):N:C:3:2)O[C@]1([H])C([H])([H])OP(=O)(O[H])OP(=O)(O[H])[O:47][H:134],EVODEX-P34268
EVODEX-N14207,[H][N:54]([C:55])[H:141].[H]O[C@@]1([H])[C@@]([H])(O[H])[C@]([H])(N2:C([H]):N:C3:C(=O):N([H]):C(N([H])[H]):N:C:3:2)O[C@]1([H])C([H])([H])OP(=O)(O[H])OP(=O)(O[H])[O:84][P:85]>>[H]OC(=O)C([H])([H])C([H])([H])[C@]([H])(OP(=O)(O[H])OC([H])([H])[C@@]1([H])O[C@]([H])(OC([H])([H])[C@@]([H])(O[H])[C@@]([H])(O[H])[C@@]([H])(O[H])C([H])([H])C2:C([H]):C([H]):C(N([H])[C@]([H])(C([H])([H])[H])[C@]3([H])N([H])C4:C(:N:C(N([H])[H]):N([H]):C:4=O)N([H])[C@@]3([H])C([H])([H])[H]):C([H]):C:2[H])[C@]([H])(O[H])[C@]1([H])O[H])C(=O)[N:54]([C:55])[H:141].[H][O:84][P:85],EVODEX-P34269
EVODEX-N14208,[H]OC(=O)[C@@]([H])(N([H])C(=O)[C@@]([H])(OP(=O)(O[H])OC([H])([H])[C@@]([H])(O[H])[C@@]([H])(O[H])[C@@]([H])(O[H])C([H])([H])N1:C2:C([H]):C(=O):C([H]):C([H]):C2:C([H]):C2:C(=O):N([H]):C(=O):N([H]):C:2:1)C([H])([H])[H])C([H])([H])C([H])([H])C(=O)[O:41][H:114].[O:71][P:72](=[O:73])([O:74])[O:75]>>[O:41]([P:72]([O:71])(=[O:73])[O:74])[H:114].[H][O:75],EVODEX-P34278
EVODEX-N14209,[H][N:45]([C:46])[H:116]>>[H]OC(=O)[C@@]([H])(N([H])C(=O)[C@@]([H])(OP(=O)(O[H])OC([H])([H])[C@@]([H])(O[H])[C@@]([H])(O[H])[C@@]([H])(O[H])C([H])([H])N1:C2:C([H]):C(=O):C([H]):C([H]):C2:C([H]):C2:C(=O):N([H]):C(=O):N([H]):C:2:1)C([H])([H])[H])C([H])([H])C([H])([H])C(=O)[N:45]([C:46])[H:116].[H]O.[H],EVODEX-P34281
EVODEX-N14210,[H][N:45]([C:46])[H:116].[H]OP(=O)(O[H])O[P:72]([O:71])(=[O:73])[O:74]>>[H]OC(=O)[C@@]([H])(N([H])C(=O)[C@@]([H])(OP(=O)(O[H])OC([H])([H])[C@@]([H])(O[H])[C@@]([H])(O[H])[C@@]([H])(O[H])C([H])([H])N1:C2:C([H]):C(=O):C([H]):C([H]):C2:C([H]):C2:C(=O):N([H]):C(=O):N([H]):C:2:1)C([H])([H])[H])C([H])([H])C([H])([H])C(=O)[N:45]([C:46])[H:116].[H]O[P:72]([O:71])(=[O:73])[O:74],EVODEX-P34282
EVODEX-N14211,[H]OC(=O)[C@@]([H])(N([H])C(=O)[C@@]([H])(OP(=O)(O[H])OC([H])([H])[C@@]([H])(O[H])[C@@]([H])(O[H])[C@@]([H])(O[H])C([H])([H])N1:C2:C([H]):C(=O):C([H]):C([H]):C2:C([H]):C2:C(=O):N([H]):C(=O):N([H]):C:2:1)C([H])([H])[H])C([H])([H])C([H])([H])C(=O)[O:41][H:114].[H]OP(=O)(O[H])O[P:72]([O:71])(=[O:73])[O:74]>>[O:41]([P:72]([O:71])(=[O:73])[O:74])[H:114],EVODEX-P34283
EVODEX-N14212,[H]OC(=O)[C@@]([H])(N([H])C(=O)[C@@]([H])(OP(=O)(O[H])OC([H])([H])[C@@]([H])(O[H])[C@@]([H])(O[H])[C@@]([H])(O[H])C([H])([H])N1:C2:C([H]):C(=O):C([H]):C([H]):C2:C([H]):C2:C(=O):N([H]):C(=O):N([H]):C:2:1)C([H])([H])[H])C([H])([H])C([H])([H])C(=O)[O:41][H:114]>>[H]O[C@@]1([H])[C@@]([H])(O[H])[C@]([H])(N2:C([H]):N:C3:C(=O):N([H]):C(N([H])[H]):N:C:3:2)O[C@]1([H])C([H])([H])OP(=O)(O[H])OP(=O)(O[H])[O:41][H:114],EVODEX-P34284
EVODEX-N14213,[H][N:45]([C:46])[H:116]>>[H]OC(=O)[C@@]([H])(N([H])C(=O)[C@@]([H])(OP(=O)(O[H])OC([H])([H])[C@@]([H])(O[H])[C@@]([H])(O[H])[C@@]([H])(O[H])C([H])([H])N1:C2:C([H]):C(=O):C([H]):C([H]):C2:C([H]):C2:C(=O):N([H]):C(=O):N([H]):C:2:1)C([H])([H])[H])C([H])([H])C([H])([H])C(=O)[N:45]([C:46])[H:116],EVODEX-P34285
EVODEX-N14214,[H][N:45]([C:46])[H:116].[H]O[C@@]1([H])[C@@]([H])(O[H])[C@]([H])(N2:C([H]):N:C3:C(=O):N([H]):C(N([H])[H]):N:C:3:2)O[C@]1([H])C([H])([H])OP(=O)(O[H])OP(=O)(O[H])[O:75][P:76]>>[H]OC(=O)[C@@]([H])(N([H])C(=O)[C@@]([H])(OP(=O)(O[H])OC([H])([H])[C@@]([H])(O[H])[C@@]([H])(O[H])[C@@]([H])(O[H])C([H])([H])N1:C2:C([H]):C(=O):C([H]):C([H]):C2:C([H]):C2:C(=O):N([H]):C(=O):N([H]):C:2:1)C([H])([H])[H])C([H])([H])C([H])([H])C(=O)[N:45]([C:46])[H:116].[H][O:75][P:76],EVODEX-P34286
EVODEX-N14215,.[H][N:7]([C:8])[H:68]>>[H]N([H])[C@@]([H])(C(=O)[N:7]([C:8])[H:68])C([H])([H])[H].[H].[H]O,"EVODEX-P34296,EVODEX-P34452"
EVODEX-N14216,[H]O[C@@]1([H])[C@@]([H])(O[H])[C@]([H])(N2:C([H]):N:C3:C(N([H])[H]):N:C([H]):N:C:3:2)O[C@]1([H])C([H])([H])OP(=O)(O[H])OP(=O)(O[H])[O:36][P:37].[H][N:7]([C:8])[H:68]>>[H]N([H])[C@@]([H])(C(=O)[N:7]([C:8])[H:68])C([H])([H])[H].[H][O:36][P:37],EVODEX-P34298
EVODEX-N14217,[H]OP(=O)(O[H])O[P:33]([O:32])(=[O:34])[O:35].[H][N:7]([C:8])[H:68]>>[H]N([H])[C@@]([H])(C(=O)[N:7]([C:8])[H:68])C([H])([H])[H].[H]O[P:33]([O:32])(=[O:34])[O:35],EVODEX-P34299
EVODEX-N14218,[H][N:7]([C:8])[H:68]>>[H]N([H])[C@@]([H])(C(=O)[N:7]([C:8])[H:68])C([H])([H])[H],"EVODEX-P34300,EVODEX-P34456"
EVODEX-N14219,[H]O[C:56]([C:50])=[O:57].[H]OP(=O)(O[H])[O:94][P:91]>>[H]OC(=O)[C@@]([H])(N([H])[H])C([H])([H])C([H])([H])C([H])([H])[C@]([H])(C(=O)O[H])N([H])[C:56]([C:50])=[O:57].[H][O:94][P:91],EVODEX-P34306
EVODEX-N14220,[C:56][O:58][H:145].[H]O[C@@]1([H])[C@@]([H])(O[H])[C@]([H])(N2:C([H]):N:C3:C(N([H])[H]):N:C([H]):N:C:3:2)O[C@]1([H])C([H])([H])OP(=O)(O[H])OP(=O)(O[H])O[P:95](=[O:96])([O:97])[O:98]>>[H]OC(=O)[C@@]([H])(N([H])[H])C([H])([H])C([H])([H])C([H])([H])[C@]([H])(C(=O)O[H])N([H])[C:56].[O:58]([P:95](=[O:96])([O:97])[O:98])[H:145],EVODEX-P34307
EVODEX-N14221,>>[H]N[C@@]([H])(C(=O)O[H])C([H])([H])C([H])([H])C([H])([H])[C@@]([H])(C(=O)O[H])N([H])[H].[H]OP(=O)O[H],EVODEX-P34308
EVODEX-N14222,[H][N:59]([C:60])[H:146].[H]OP(=O)(O[H])[O:94][P:91]>>[H]OC(=O)C([H])([H])C([H])([H])[C@]([H])(C(=O)[N:59]([C:60])[H:146])N([H])C(=O)[C@@]([H])(N([H])C(=O)[C@]([H])(O[C@@]1([H])[C@]([H])(O[H])[C@@]([H])(C([H])([H])O[H])OC([H])(OP(=O)(O[H])OP(=O)(O[H])OC([H])([H])[C@@]2([H])O[C@@]([H])(N3:C([H]):C([H]):C(=O):N([H]):C:3=O)[C@]([H])(O[H])[C@]2([H])O[H])[C@]1([H])N([H])C(=O)C([H])([H])[H])C([H])([H])[H])C([H])([H])[H].[H][O:94][P:91],EVODEX-P34312
EVODEX-N14223,[H][N:59]([C:60])[H:146].[H]O[C@@]1([H])[C@@]([H])(O[H])[C@]([H])(N2:C([H]):N:C3:C(N([H])[H]):N:C([H]):N:C:3:2)O[C@]1([H])C([H])([H])OP(=O)(O[H])OP(=O)(O[H])O[P:95](=[O:96])([O:97])[O:98]>>[H]OC(=O)C([H])([H])C([H])([H])[C@]([H])(C(=O)[N:59]([C:60])[H:146])N([H])C(=O)[C@@]([H])(N([H])C(=O)[C@]([H])(O[C@@]1([H])[C@]([H])(O[H])[C@@]([H])(C([H])([H])O[H])OC([H])(OP(=O)(O[H])OP(=O)(O[H])OC([H])([H])[C@@]2([H])O[C@@]([H])(N3:C([H]):C([H]):C(=O):N([H]):C:3=O)[C@]([H])(O[H])[C@]2([H])O[H])[C@]1([H])N([H])C(=O)C([H])([H])[H])C([H])([H])[H])C([H])([H])[H].[H]O[P:95](=[O:96])([O:97])[O:98],EVODEX-P34314
EVODEX-N14224,[H]OC(=O)C([H])([H])[C@@]([H])(C(=O)[O:12][H:62])N([H])C(=O)C([H])([H])[H].[O:41][P:42](=[O:43])([O:44])[O:45]>>[O:12]([P:42]([O:41])(=[O:43])[O:44])[H:62].[H][O:45],EVODEX-P34323
EVODEX-N14225,[H][N:13]([C:14])[H:63]>>[H]OC(=O)C([H])([H])[C@@]([H])(C(=O)[N:13]([C:14])[H:63])N([H])C(=O)C([H])([H])[H].[H]O.[H],EVODEX-P34326
EVODEX-N14226,[H][N:13]([C:14])[H:63].[H]OP(=O)(O[H])O[P:42]([O:41])(=[O:43])[O:44]>>[H]OC(=O)C([H])([H])[C@@]([H])(C(=O)[N:13]([C:14])[H:63])N([H])C(=O)C([H])([H])[H].[H]O[P:42]([O:41])(=[O:43])[O:44],EVODEX-P34327
EVODEX-N14227,[H]OC(=O)C([H])([H])[C@@]([H])(C(=O)[O:12][H:62])N([H])C(=O)C([H])([H])[H].[H]OP(=O)(O[H])O[P:42]([O:41])(=[O:43])[O:44]>>[O:12]([P:42]([O:41])(=[O:43])[O:44])[H:62],EVODEX-P34328
EVODEX-N14228,[H]OC(=O)C([H])([H])[C@@]([H])(C(=O)[O:12][H:62])N([H])C(=O)C([H])([H])[H]>>[H]O[C@@]1([H])[C@@]([H])(O[H])[C@]([H])(N2:C([H]):N:C3:C(N([H])[H]):N:C([H]):N:C:3:2)O[C@]1([H])C([H])([H])OP(=O)(O[H])OP(=O)(O[H])[O:12][H:62],EVODEX-P34329
EVODEX-N14229,[H][N:13]([C:14])[H:63]>>[H]OC(=O)C([H])([H])[C@@]([H])(C(=O)[N:13]([C:14])[H:63])N([H])C(=O)C([H])([H])[H],EVODEX-P34330
EVODEX-N14230,[H][N:13]([C:14])[H:63].[H]O[C@@]1([H])[C@@]([H])(O[H])[C@]([H])(N2:C([H]):N:C3:C(N([H])[H]):N:C([H]):N:C:3:2)O[C@]1([H])C([H])([H])OP(=O)(O[H])OP(=O)(O[H])[O:45][P:46]>>[H]OC(=O)C([H])([H])[C@@]([H])(C(=O)[N:13]([C:14])[H:63])N([H])C(=O)C([H])([H])[H].[H][O:45][P:46],EVODEX-P34331
EVODEX-N14231,[H][N:11]([C:12])[H:60].[H]OP(=O)(O[H])O[P:36]([O:35])(=[O:37])[O:38]>>[H]OC([H])([H])C(C([H])([H])[H])(C([H])([H])[H])[C@@]([H])(O[H])C(=O)[N:11]([C:12])[H:60].[H]O[P:36]([O:35])(=[O:37])[O:38],EVODEX-P34342
EVODEX-N14232,[H]OC([H])([H])C(C([H])([H])[H])(C([H])([H])[H])[C@@]([H])(O[H])C(=O)[O:10][H:59].[H]OP(=O)(O[H])O[P:36]([O:35])(=[O:37])[O:38]>>[O:10]([P:36]([O:35])(=[O:37])[O:38])[H:59],EVODEX-P34343
EVODEX-N14233,[H]OC([H])([H])C(C([H])([H])[H])(C([H])([H])[H])[C@@]([H])(O[H])C(=O)[O:10][H:59]>>[H]O[C@@]1([H])[C@@]([H])(O[H])[C@]([H])(N2:C([H]):N:C3:C(N([H])[H]):N:C([H]):N:C:3:2)O[C@]1([H])C([H])([H])OP(=O)(O[H])OP(=O)(O[H])[O:10][H:59],EVODEX-P34344
EVODEX-N14234,[H][N:11]([C:12])[H:60].[H]O[C@@]1([H])[C@@]([H])(O[H])[C@]([H])(N2:C([H]):N:C3:C(N([H])[H]):N:C([H]):N:C:3:2)O[C@]1([H])C([H])([H])OP(=O)(O[H])OP(=O)(O[H])[O:39][P:40]>>[H]OC([H])([H])C(C([H])([H])[H])(C([H])([H])[H])[C@@]([H])(O[H])C(=O)[N:11]([C:12])[H:60].[H][O:39][P:40],EVODEX-P34345
EVODEX-N14235,[C:42][O:44][H:133].[O:90][P:91](=[O:92])([O:93])[O:94]>>[H]OC(=O)[C@@]([H])(N([H])C(=O)C([H])([H])C([H])([H])[C@]([H])(C(=O)O[H])N([H])C(=O)[C@@]([H])(N([H])[C:42])C([H])([H])[H])C([H])([H])C([H])([H])C([H])([H])[C@]([H])(C(=O)O[H])N([H])[H].[O:44]([P:91]([O:90])(=[O:92])[O:93])[H:133].[H][O:94],EVODEX-P34348
EVODEX-N14236,[H]O[C:42]([C:40])=[O:43]>>[H]OC(=O)[C@@]([H])(N([H])C(=O)C([H])([H])C([H])([H])[C@]([H])(C(=O)O[H])N([H])C(=O)[C@@]([H])(N([H])[C:42]([C:40])=[O:43])C([H])([H])[H])C([H])([H])C([H])([H])C([H])([H])[C@]([H])(C(=O)O[H])N([H])[H],EVODEX-P34349
EVODEX-N14237,>>[H]N[C@]([H])(C(=O)N([H])[C@@]([H])(C(=O)O[H])C([H])([H])C([H])([H])C(=O)N([H])[C@]([H])(C(=O)O[H])C([H])([H])C([H])([H])C([H])([H])[C@]([H])(C(=O)O[H])N([H])[H])C([H])([H])[H].[H]OP(=O)OP(=O)(O[H])OC([H])([H])[C@@]1([H])O[C@@]([H])(N2:C([H]):N:C3:C(N([H])[H]):N:C([H]):N:C:3:2)[C@]([H])(O[H])[C@]1([H])O[H],EVODEX-P34351
EVODEX-N14238,[C:42][O:44][H:133].[H]OP(=O)(O[H])O[P:91]([O:90])(=[O:92])[O:93]>>[H]OC(=O)[C@@]([H])(N([H])C(=O)C([H])([H])C([H])([H])[C@]([H])(C(=O)O[H])N([H])C(=O)[C@@]([H])(N([H])[C:42])C([H])([H])[H])C([H])([H])C([H])([H])C([H])([H])[C@]([H])(C(=O)O[H])N([H])[H].[O:44]([P:91]([O:90])(=[O:92])[O:93])[H:133],EVODEX-P34352
EVODEX-N14239,[H]O[C:42]([C:40])=[O:43].[H]O[C@@]1([H])[C@@]([H])(O[H])[C@]([H])(N2:C([H]):N:C3:C(N([H])[H]):N:C([H]):N:C:3:2)O[C@]1([H])C([H])([H])OP(=O)(O[H])OP(=O)(O[H])[O:94][P:95]>>[H]OC(=O)[C@@]([H])(N([H])C(=O)C([H])([H])C([H])([H])[C@]([H])(C(=O)O[H])N([H])C(=O)[C@@]([H])(N([H])[C:42]([C:40])=[O:43])C([H])([H])[H])C([H])([H])C([H])([H])C([H])([H])[C@]([H])(C(=O)O[H])N([H])[H].[H][O:94][P:95],EVODEX-P34353
EVODEX-N14240,[C:42][O:44][H:121].[O:82][P:83](=[O:84])([O:85])[O:86]>>[H]OC(=O)C([H])([H])C([H])([H])[C@]([H])(C(=O)O[H])N([H])C(=O)[C@@]([H])(N([H])[C:42])C([H])([H])[H].[H][O:82].[O:44]([P:83](=[O:84])([O:85])[O:86])[H:121],EVODEX-P34362
EVODEX-N14241,[H]O[C:42]([C:40])=[O:43]>>[H]OC(=O)C([H])([H])C([H])([H])[C@]([H])(C(=O)O[H])N([H])C(=O)[C@@]([H])(N([H])[C:42]([C:40])=[O:43])C([H])([H])[H],EVODEX-P34363
EVODEX-N14242,[H]OC([H])([H])[C@@]1([H])O[C@]([H])(OP(=O)(O[H])OP(=O)(O[H])OC([H])([H])[C@@]2([H])O[C@@]([H])(N3:C([H]):C([H]):C(=O):N([H]):C:3=O)[C@]([H])(O[H])[C@]2([H])O[H])[C@]([H])(N([H])C(=O)C([H])([H])[H])[C@@]([H])(O[C@@]([H])(C(=O)[O:44][H:121])C([H])([H])[H])[C@]1([H])O[H].[H]O[C@@]1([H])[C@@]([H])(O[H])[C@]([H])(N2:C([H]):N:C3:C(N([H])[H]):N:C([H]):N:C:3:2)O[C@]1([H])C([H])([H])OP(=O)(O[H])OP(=O)(O[H])O[P:83](=[O:84])([O:85])[O:86]>>[O:44]([P:83](=[O:84])([O:85])[O:86])[H:121],EVODEX-P34365
EVODEX-N14243,[H]OC([H])([H])[C@@]1([H])O[C@]([H])(OP(=O)(O[H])OP(=O)(O[H])OC([H])([H])[C@@]2([H])O[C@@]([H])(N3:C([H]):C([H]):C(=O):N([H]):C:3=O)[C@]([H])(O[H])[C@]2([H])O[H])[C@]([H])(N([H])C(=O)C([H])([H])[H])[C@@]([H])(O[C@@]([H])(C(=O)[O:44][H:121])C([H])([H])[H])[C@]1([H])O[H]>>[H]OP(=O)(O[H])[O:44][H:121],EVODEX-P34366
EVODEX-N14244,[H]O[C:42]([C:40])=[O:43].[H]OP(=O)(O[H])[O:82][P:79]>>[H]OC(=O)C([H])([H])C([H])([H])[C@]([H])(C(=O)O[H])N([H])C(=O)[C@@]([H])(N([H])[C:42]([C:40])=[O:43])C([H])([H])[H].[H][O:82][P:79],EVODEX-P34367
EVODEX-N14245,[C:42][O:44][H:121].[H]O[C@@]1([H])[C@@]([H])(O[H])[C@]([H])(N2:C([H]):N:C3:C(N([H])[H]):N:C([H]):N:C:3:2)O[C@]1([H])C([H])([H])OP(=O)(O[H])OP(=O)(O[H])O[P:83](=[O:84])([O:85])[O:86]>>[H]OC(=O)C([H])([H])C([H])([H])[C@]([H])(C(=O)O[H])N([H])C(=O)[C@@]([H])(N([H])[C:42])C([H])([H])[H].[O:44]([P:83](=[O:84])([O:85])[O:86])[H:121],EVODEX-P34368
EVODEX-N14246,>>[H]N[C@]([H])(C(=O)N([H])[C@@]([H])(C(=O)O[H])C([H])([H])C([H])([H])C(=O)O[H])C([H])([H])[H].[H]OP(=O)O[H],EVODEX-P34369
EVODEX-N14247,[H][N:47]([C:46])[H:126].[H]OP(=O)(O[H])[O:82][P:79]>>[H]OC([H])([H])[C@@]1([H])O[C@]([H])(OP(=O)(O[H])OP(=O)(O[H])OC([H])([H])[C@@]2([H])O[C@@]([H])(N3:C([H]):C([H]):C(=O):N([H]):C:3=O)[C@]([H])(O[H])[C@]2([H])O[H])[C@]([H])(N([H])C(=O)C([H])([H])[H])[C@@]([H])(O[C@@]([H])(C(=O)[N:47]([C:46])[H:126])C([H])([H])[H])[C@]1([H])O[H].[H][O:82][P:79],EVODEX-P34373
EVODEX-N14248,[H][N:47]([C:46])[H:126].[H]O[C@@]1([H])[C@@]([H])(O[H])[C@]([H])(N2:C([H]):N:C3:C(N([H])[H]):N:C([H]):N:C:3:2)O[C@]1([H])C([H])([H])OP(=O)(O[H])OP(=O)(O[H])O[P:83](=[O:84])([O:85])[O:86]>>[H]OC([H])([H])[C@@]1([H])O[C@]([H])(OP(=O)(O[H])OP(=O)(O[H])OC([H])([H])[C@@]2([H])O[C@@]([H])(N3:C([H]):C([H]):C(=O):N([H]):C:3=O)[C@]([H])(O[H])[C@]2([H])O[H])[C@]([H])(N([H])C(=O)C([H])([H])[H])[C@@]([H])(O[C@@]([H])(C(=O)[N:47]([C:46])[H:126])C([H])([H])[H])[C@]1([H])O[H].[H]O[P:83](=[O:84])([O:85])[O:86],EVODEX-P34375
EVODEX-N14249,>>[H]NC([H])([H])[C@@]([H])(C(=O)O[H])N([H])[H].[H]OP(=O)OP(=O)(O[H])O[H],"EVODEX-P34377,EVODEX-P34520"
EVODEX-N14250,[H][N:1]([C:2])[H:47].[H]OP(=O)(O[H])OP(=O)(O[H])[O:26][P:23].[H]O[C:40](=[O:39])[C:42]>>[H][O:26][P:23].[N:1]([C:2])([C:40](=[O:39])[C:42])[H:47],"EVODEX-P34378,EVODEX-P34521,EVODEX-P34588,EVODEX-P34602"
EVODEX-N14251,[H][N:1]([C:2])[H:47].[H]O[C@@]1([H])[C@@]([H])(O[H])[C@]([H])(N2:C([H]):N:C3:C(N([H])[H]):N:C([H]):N:C:3:2)O[C@]1([H])C([H])([H])OP(=O)(O[H])O[P:27](=[O:28])([O:29])[O:30].[O:39]=[C:40]([O:41][H:71])[C:42]>>[N:1]([C:2])([C:40](=[O:39])[C:42])[H:47].[P:27](=[O:28])([O:29])([O:30])[O:41][H:71],"EVODEX-P34379,EVODEX-P34522,EVODEX-P34589,EVODEX-P34605"
EVODEX-N14252,[H]O[C:40](=[O:39])[C:42]>>[H]OC(=O)[C@@]([H])(N([H])[H])C([H])([H])N([H])[C:40](=[O:39])[C:42],"EVODEX-P34380,EVODEX-P34523,EVODEX-P34564"
EVODEX-N14253,[H][N:1]([C:2])[H:47].[O:39]=[C:40]([O:41])[C:42]>>[N:1]([C:2])([C:40](=[O:39])[C:42])[H:47].[H]OP(=O)(O[H])OP(=O)(O[H])[O:41],"EVODEX-P34381,EVODEX-P34524,EVODEX-P34591,EVODEX-P34612"
EVODEX-N14254,[H][N:1]([C:2])[H:47]>>[H].[H]OC(=O)/C([H])=C(\[H])C(=O)[N:1]([C:2])[H:47].[H]O,EVODEX-P34382
EVODEX-N14255,[H][N:1]([C:2])[H:47].[H]OP(=O)(O[H])OP(=O)(O[H])[O:26][P:23]>>[H][O:26][P:23].[H]OC(=O)/C([H])=C(\[H])C(=O)[N:1]([C:2])[H:47],EVODEX-P34383
EVODEX-N14256,[O:26][P:27](=[O:28])([O:29])[O:30].[C:40][O:41][H:71]>>[H][O:26].[H]OC(=O)[C@@]([H])(N([H])[H])C([H])([H])N([H])[C:40].[P:27](=[O:28])([O:29])([O:30])[O:41][H:71],"EVODEX-P34384,EVODEX-P34527,EVODEX-P34562"
EVODEX-N14257,[H]O[C@@]1([H])[C@@]([H])(O[H])[C@]([H])(N2:C([H]):N:C3:C(N([H])[H]):N:C([H]):N:C:3:2)O[C@]1([H])C([H])([H])OP(=O)(O[H])O[P:27](=[O:28])([O:29])[O:30].[H]OC(=O)/C([H])=C(\[H])C(=O)[O:41][H:71]>>[P:27](=[O:28])([O:29])([O:30])[O:41][H:71],EVODEX-P34385
EVODEX-N14258,[H]OP(=O)(O[H])OP(=O)(O[H])[O:26][P:23].[H]O[C:40](=[O:39])[C:42]>>[H][O:26][P:23].[H]OC(=O)[C@@]([H])(N([H])[H])C([H])([H])N([H])[C:40](=[O:39])[C:42],"EVODEX-P34386,EVODEX-P34529"
EVODEX-N14259,[H][N:1]([C:2])[H:47]>>[H]OC(=O)/C([H])=C(\[H])C(=O)[N:1]([C:2])[H:47],EVODEX-P34388
EVODEX-N14260,[H][N:1]([C:2])[H:47].[H]O[C@@]1([H])[C@@]([H])(O[H])[C@]([H])(N2:C([H]):N:C3:C(N([H])[H]):N:C([H]):N:C:3:2)O[C@]1([H])C([H])([H])OP(=O)(O[H])O[P:27](=[O:28])([O:29])[O:30]>>[H]OC(=O)/C([H])=C(\[H])C(=O)[N:1]([C:2])[H:47].[H]O[P:27](=[O:28])([O:29])[O:30],EVODEX-P34389
EVODEX-N14261,[O:26][P:27](=[O:28])([O:29])[O:30].[H]OC(=O)/C([H])=C(\[H])C(=O)[O:41][H:71]>>[H][O:26].[P:27](=[O:28])([O:29])([O:30])[O:41][H:71],EVODEX-P34390
EVODEX-N14262,[H]O[C@@]1([H])[C@@]([H])(O[H])[C@]([H])(N2:C([H]):N:C3:C(N([H])[H]):N:C([H]):N:C:3:2)O[C@]1([H])C([H])([H])OP(=O)(O[H])O[P:27](=[O:28])([O:29])[O:30].[C:40][O:41][H:71]>>[H]OC(=O)[C@@]([H])(N([H])[H])C([H])([H])N([H])[C:40].[P:27](=[O:28])([O:29])([O:30])[O:41][H:71],"EVODEX-P34391,EVODEX-P34534"
EVODEX-N14263,[H]OC(=O)/C([H])=C(\[H])C(=O)[O:41][H:71]>>[H]OP(=O)(O[H])OP(=O)(O[H])[O:41][H:71],EVODEX-P34392
EVODEX-N14264,[H][N:5]([C:4])[H:63]>>[H]OC(=O)[C@]1([H])O[C@@]1([H])C(=O)N([H])C([H])([H])[C@@]([H])(C(=O)[N:5]([C:4])[H:63])N([H])[H],EVODEX-P34396
EVODEX-N14265,[H]OC(=O)[C@]1([H])O[C@@]1([H])C(=O)N([H])C([H])([H])[C@@]([H])(C(=O)[O:23][H:91])N([H])[H]>>[H]O[C@@]1([H])[C@@]([H])(O[H])[C@]([H])(N2:C([H]):N:C3:C(N([H])[H]):N:C([H]):N:C:3:2)O[C@]1([H])C([H])([H])OP(=O)(O[H])OP(=O)(O[H])[O:23][H:91],EVODEX-P34398
EVODEX-N14266,[H][N:5]([C:4])[H:63]>>[H]OC(=O)[C@]1([H])O[C@@]1([H])C(=O)N([H])C([H])([H])[C@@]([H])(C(=O)[N:5]([C:4])[H:63])N([H])[H].[H]O.[H],EVODEX-P34400
EVODEX-N14267,[H][N:5]([C:4])[H:63].[H]OP(=O)(O[H])O[P:43]([O:42])(=[O:44])[O:45]>>[H]OC(=O)[C@]1([H])O[C@@]1([H])C(=O)N([H])C([H])([H])[C@@]([H])(C(=O)[N:5]([C:4])[H:63])N([H])[H].[H]O[P:43]([O:42])(=[O:44])[O:45],EVODEX-P34401
EVODEX-N14268,[O:42][P:43](=[O:44])([O:45])[O:46].[C:21][O:23][H:91]>>[H]OC(=O)[C@@]([H])(N([H])[C:21])C([H])(C([H])([H])[H])C([H])([H])[H].[O:23]([P:43]([O:42])(=[O:44])[O:45])[H:91].[H][O:46],EVODEX-P34402
EVODEX-N14269,[H][N:5]([C:4])[H:63].[H]O[C@@]1([H])[C@@]([H])(O[H])[C@]([H])(N2:C([H]):N:C3:C(N([H])[H]):N:C([H]):N:C:3:2)O[C@]1([H])C([H])([H])OP(=O)(O[H])OP(=O)(O[H])[O:46][P:47]>>[H]OC(=O)[C@]1([H])O[C@@]1([H])C(=O)N([H])C([H])([H])[C@@]([H])(C(=O)[N:5]([C:4])[H:63])N([H])[H].[H][O:46][P:47],EVODEX-P34403
EVODEX-N14270,[H]OP(=O)(O[H])O[P:43]([O:42])(=[O:44])[O:45].[C:21][O:23][H:91]>>[H]OC(=O)[C@@]([H])(N([H])[C:21])C([H])(C([H])([H])[H])C([H])([H])[H].[O:23]([P:43]([O:42])(=[O:44])[O:45])[H:91],EVODEX-P34404
EVODEX-N14271,[H]O[C@@]1([H])[C@@]([H])(O[H])[C@]([H])(N2:C([H]):N:C3:C(N([H])[H]):N:C([H]):N:C:3:2)O[C@]1([H])C([H])([H])OP(=O)(O[H])OP(=O)(O[H])[O:46][P:47].[H]O[C:21]([C:10])=[O:22]>>[H]OC(=O)[C@@]([H])(N([H])[C:21]([C:10])=[O:22])C([H])(C([H])([H])[H])C([H])([H])[H].[H][O:46][P:47],EVODEX-P34405
EVODEX-N14272,[O:42][P:43](=[O:44])([O:45])[O:46].[H]OC(=O)[C@]1([H])O[C@@]1([H])C(=O)N([H])C([H])([H])[C@@]([H])(C(=O)[O:23][H:91])N([H])[H]>>[O:23]([P:43]([O:42])(=[O:44])[O:45])[H:91].[H][O:46],EVODEX-P34406
EVODEX-N14273,[H]O[C:21]([C:10])=[O:22]>>[H]OC(=O)[C@@]([H])(N([H])[C:21]([C:10])=[O:22])C([H])(C([H])([H])[H])C([H])([H])[H],EVODEX-P34407
EVODEX-N14274,[H]OP(=O)(O[H])O[P:43]([O:42])(=[O:44])[O:45].[H]OC(=O)[C@]1([H])O[C@@]1([H])C(=O)N([H])C([H])([H])[C@@]([H])(C(=O)[O:23][H:91])N([H])[H]>>[O:23]([P:43]([O:42])(=[O:44])[O:45])[H:91],EVODEX-P34408
EVODEX-N14275,>>[H]N[C@]([H])(C(=O)O[H])C([H])(C([H])([H])[H])C([H])([H])[H].[H]OP(=O)OP(=O)(O[H])OC([H])([H])[C@@]1([H])O[C@@]([H])(N2:C([H]):N:C3:C(N([H])[H]):N:C([H]):N:C:3:2)[C@]([H])(O[H])[C@]1([H])O[H],EVODEX-P34409
EVODEX-N14276,[H]/C(C(=O)N([H])[H])=C(/[H])C(=O)N([H])C([H])([H])[C@@]([H])(C(=O)[O:23][H:78])N([H])[H]>>[H]O[C@@]1([H])[C@@]([H])(O[H])[C@]([H])(N2:C([H]):N:C3:C(N([H])[H]):N:C([H]):N:C:3:2)O[C@]1([H])C([H])([H])OP(=O)(O[H])OP(=O)(O[H])[O:23][H:78],EVODEX-P34412
EVODEX-N14277,[H][N:6]([C:5])[H:65]>>[H]/C(C(=O)N([H])[H])=C(/[H])C(=O)N([H])C([H])([H])[C@@]([H])(C(=O)[N:6]([C:5])[H:65])N([H])[H].[H]O.[H],EVODEX-P34413
EVODEX-N14278,[H][N:6]([C:5])[H:65]>>[H]/C(C(=O)N([H])[H])=C(/[H])C(=O)N([H])C([H])([H])[C@@]([H])(C(=O)[N:6]([C:5])[H:65])N([H])[H],EVODEX-P34414
EVODEX-N14279,[H][N:6]([C:5])[H:65].[H]OP(=O)(O[H])O[P:43]([O:42])(=[O:44])[O:45]>>[H]/C(C(=O)N([H])[H])=C(/[H])C(=O)N([H])C([H])([H])[C@@]([H])(C(=O)[N:6]([C:5])[H:65])N([H])[H].[H]O[P:43]([O:42])(=[O:44])[O:45],EVODEX-P34416
EVODEX-N14280,[H][N:6]([C:5])[H:65].[H]O[C@@]1([H])[C@@]([H])(O[H])[C@]([H])(N2:C([H]):N:C3:C(N([H])[H]):N:C([H]):N:C:3:2)O[C@]1([H])C([H])([H])OP(=O)(O[H])OP(=O)(O[H])[O:46][P:47]>>[H]/C(C(=O)N([H])[H])=C(/[H])C(=O)N([H])C([H])([H])[C@@]([H])(C(=O)[N:6]([C:5])[H:65])N([H])[H].[H][O:46][P:47],EVODEX-P34417
EVODEX-N14281,[C:21][O:23][H:78].[O:42][P:43](=[O:44])([O:45])[O:46]>>[H]OC(=O)[C@@]([H])(N([H])[C:21])[C@@]([H])(C([H])([H])[H])C([H])([H])C([H])([H])[H].[O:23]([P:43]([O:42])(=[O:44])[O:45])[H:78].[H][O:46],"EVODEX-P34420,EVODEX-P34498"
EVODEX-N14282,[C:21][O:23][H:78].[H]OP(=O)(O[H])O[P:43]([O:42])(=[O:44])[O:45]>>[H]OC(=O)[C@@]([H])(N([H])[C:21])[C@@]([H])(C([H])([H])[H])C([H])([H])C([H])([H])[H].[O:23]([P:43]([O:42])(=[O:44])[O:45])[H:78],EVODEX-P34421
EVODEX-N14283,[H]O[C:21]([C:19])=[O:22]>>[H]OC(=O)[C@@]([H])(N([H])[C:21]([C:19])=[O:22])[C@@]([H])(C([H])([H])[H])C([H])([H])C([H])([H])[H],"EVODEX-P34422,EVODEX-P34500"
EVODEX-N14284,[H]O[C:21]([C:19])=[O:22].[H]O[C@@]1([H])[C@@]([H])(O[H])[C@]([H])(N2:C([H]):N:C3:C(N([H])[H]):N:C([H]):N:C:3:2)O[C@]1([H])C([H])([H])OP(=O)(O[H])OP(=O)(O[H])[O:46][P:47]>>[H]OC(=O)[C@@]([H])(N([H])[C:21]([C:19])=[O:22])[C@@]([H])(C([H])([H])[H])C([H])([H])C([H])([H])[H].[H][O:46][P:47],EVODEX-P34423
EVODEX-N14285,[H]/C(C(=O)N([H])[H])=C(/[H])C(=O)N([H])C([H])([H])[C@@]([H])(C(=O)[O:23][H:78])N([H])[H].[O:42][P:43](=[O:44])([O:45])[O:46]>>[O:23]([P:43]([O:42])(=[O:44])[O:45])[H:78].[H][O:46],EVODEX-P34424
EVODEX-N14286,>>[H]N[C@]([H])(C(=O)O[H])[C@@]([H])(C([H])([H])[H])C([H])([H])C([H])([H])[H].[H]OP(=O)OP(=O)(O[H])OC([H])([H])[C@@]1([H])O[C@@]([H])(N2:C([H]):N:C3:C(N([H])[H]):N:C([H]):N:C:3:2)[C@]([H])(O[H])[C@]1([H])O[H],EVODEX-P34425
EVODEX-N14287,[H]/C(C(=O)N([H])[H])=C(/[H])C(=O)N([H])C([H])([H])[C@@]([H])(C(=O)[O:23][H:78])N([H])[H].[H]OP(=O)(O[H])O[P:43]([O:42])(=[O:44])[O:45]>>[O:23]([P:43]([O:42])(=[O:44])[O:45])[H:78],EVODEX-P34426
EVODEX-N14288,[H][N:13]([C:14])[H:56]>>[H]N=C(N([H])[H])N([H])C([H])([H])C([H])([H])C([H])([H])[C@@]([H])(C(=O)[N:13]([C:14])[H:56])N([H])[H].[H]O.[H],EVODEX-P34433
EVODEX-N14289,[H][N:13]([C:14])[H:56].[H]OP(=O)(O[H])O[P:44]([O:43])(=[O:45])[O:46]>>[H]N=C(N([H])[H])N([H])C([H])([H])C([H])([H])C([H])([H])[C@@]([H])(C(=O)[N:13]([C:14])[H:56])N([H])[H].[H]O[P:44]([O:43])(=[O:45])[O:46],EVODEX-P34434
EVODEX-N14290,[O:43][P:44](=[O:45])([O:46])[O:47].[C:10][O:12][H:95]>>[H]OC(=O)[C@]([H])(/C([H])=C(/[H])C([H])([H])P(=O)(O[H])O[H])N([H])[C:10].[O:12]([P:44]([O:43])(=[O:45])[O:46])[H:95].[H][O:47],EVODEX-P34435
EVODEX-N14291,[H][N:13]([C:14])[H:56].[H]O[C@@]1([H])[C@@]([H])(O[H])[C@]([H])(N2:C([H]):N:C3:C(N([H])[H]):N:C([H]):N:C:3:2)O[C@]1([H])C([H])([H])OP(=O)(O[H])OP(=O)(O[H])[O:47][P:48]>>[H]N=C(N([H])[H])N([H])C([H])([H])C([H])([H])C([H])([H])[C@@]([H])(C(=O)[N:13]([C:14])[H:56])N([H])[H].[H][O:47][P:48],EVODEX-P34436
EVODEX-N14292,[H]OP(=O)(O[H])O[P:44]([O:43])(=[O:45])[O:46].[C:10][O:12][H:95]>>[H]OC(=O)[C@]([H])(/C([H])=C(/[H])C([H])([H])P(=O)(O[H])O[H])N([H])[C:10].[O:12]([P:44]([O:43])(=[O:45])[O:46])[H:95],EVODEX-P34437
EVODEX-N14293,[H]O[C@@]1([H])[C@@]([H])(O[H])[C@]([H])(N2:C([H]):N:C3:C(N([H])[H]):N:C([H]):N:C:3:2)O[C@]1([H])C([H])([H])OP(=O)(O[H])OP(=O)(O[H])[O:47][P:48].[H]O[C:10]([C:8])=[O:11]>>[H]OC(=O)[C@]([H])(/C([H])=C(/[H])C([H])([H])P(=O)(O[H])O[H])N([H])[C:10]([C:8])=[O:11].[H][O:47][P:48],EVODEX-P34438
EVODEX-N14294,[H]O[C:10]([C:8])=[O:11]>>[H]OC(=O)[C@]([H])(/C([H])=C(/[H])C([H])([H])P(=O)(O[H])O[H])N([H])[C:10]([C:8])=[O:11],EVODEX-P34439
EVODEX-N14295,>>[H]N[C@]([H])(C(=O)O[H])/C([H])=C(/[H])C([H])([H])P(=O)(O[H])O[H].[H]OP(=O)OP(=O)(O[H])OC([H])([H])[C@@]1([H])O[C@@]([H])(N2:C([H]):N:C3:C(N([H])[H]):N:C([H]):N:C:3:2)[C@]([H])(O[H])[C@]1([H])O[H],EVODEX-P34440
EVODEX-N14296,[H]O[C:4]([C:2])=[O:5]>>[H]OC(=O)[C@@]([H])(N([H])[C:4]([C:2])=[O:5])C([H])([H])[C@]1([H])C([H])([H])C([H])([H])C(=O)C2([H])O[C@@]21[H],EVODEX-P34444
EVODEX-N14297,[H]N([H])[C@]([H])(C(=O)[O:6][H:58])C([H])([H])[H]>>[H]OP(=O)(O[H])[O:6][H:58],EVODEX-P34446
EVODEX-N14298,>>[H]N[C@]([H])(C(=O)O[H])C([H])([H])[C@]1([H])C([H])([H])C([H])([H])C(=O)C2([H])O[C@@]21[H].[H]OP(=O)O[H],EVODEX-P34448
EVODEX-N14299,[C:4][O:6][H:58].[O:43][P:44](=[O:45])([O:46])[O:47]>>[H]OC(=O)[C@@]([H])(N([H])[C:4])C([H])([H])[C@]1([H])C([H])([H])C([H])([H])C(=O)C2([H])O[C@@]21[H].[H][O:43].[O:6]([P:44](=[O:45])([O:46])[O:47])[H:58],EVODEX-P34449
EVODEX-N14300,[H]N([H])[C@]([H])(C(=O)[O:6][H:58])C([H])([H])[H].[H]O[C@@]1([H])[C@@]([H])(O[H])[C@]([H])(N2:C([H]):N:C3:C(N([H])[H]):N:C([H]):N:C:3:2)O[C@]1([H])C([H])([H])OP(=O)(O[H])OP(=O)(O[H])O[P:44](=[O:45])([O:46])[O:47]>>[O:6]([P:44](=[O:45])([O:46])[O:47])[H:58],EVODEX-P34450
EVODEX-N14301,[H]O[C:4]([C:2])=[O:5].[H]OP(=O)(O[H])[O:43][P:40]>>[H]OC(=O)[C@@]([H])(N([H])[C:4]([C:2])=[O:5])C([H])([H])[C@]1([H])C([H])([H])C([H])([H])C(=O)C2([H])O[C@@]21[H].[H][O:43][P:40],EVODEX-P34451
EVODEX-N14302,[C:4][O:6][H:58].[H]O[C@@]1([H])[C@@]([H])(O[H])[C@]([H])(N2:C([H]):N:C3:C(N([H])[H]):N:C([H]):N:C:3:2)O[C@]1([H])C([H])([H])OP(=O)(O[H])OP(=O)(O[H])O[P:44](=[O:45])([O:46])[O:47]>>[H]OC(=O)[C@@]([H])(N([H])[C:4])C([H])([H])[C@]1([H])C([H])([H])C([H])([H])C(=O)C2([H])O[C@@]21[H].[O:6]([P:44](=[O:45])([O:46])[O:47])[H:58],EVODEX-P34453
EVODEX-N14303,[H]OP(=O)(O[H])[O:43][P:40].[H][N:7]([C:8])[H:75]>>[H]N([H])[C@]([H])(C(=O)[N:7]([C:8])[H:75])C([H])([H])[H].[H][O:43][P:40],EVODEX-P34454
EVODEX-N14304,[H]O[C@@]1([H])[C@@]([H])(O[H])[C@]([H])(N2:C([H]):N:C3:C(N([H])[H]):N:C([H]):N:C:3:2)O[C@]1([H])C([H])([H])OP(=O)(O[H])OP(=O)(O[H])O[P:44](=[O:45])([O:46])[O:47].[H][N:7]([C:8])[H:75]>>[H]N([H])[C@]([H])(C(=O)[N:7]([C:8])[H:75])C([H])([H])[H].[H]O[P:44](=[O:45])([O:46])[O:47],EVODEX-P34455
EVODEX-N14305,[C:2][C:3](=[O:4])[O:5][H:49].[O:24][P:25](=[O:26])([O:27])[O:28].[H][N:44]([C:40])[C:43]>>[C:2][C:3](=[O:4])[N:44]([C:40])[C:43].[H][O:28].[O:5]([P:25]([O:24])(=[O:26])[O:27])[H:49],EVODEX-P34457
EVODEX-N14306,[H]O[C:3]([C:2])=[O:4].[H]O[C@@]1([H])[C@@]([H])(O[H])[C@]([H])(N2:C([H]):N:C3:C(N([H])[H]):N:C([H]):N:C:3:2)O[C@]1([H])C([H])([H])OP(=O)(O[H])OP(=O)(O[H])[O:28][P:29].[H][N:44]([C:40])[C:43]>>[C:2][C:3](=[O:4])[N:44]([C:40])[C:43].[H][O:28][P:29],EVODEX-P34458
EVODEX-N14307,[H]O[C:3]([C:2])=[O:4].[H][N:44]([C:40])[C:43]>>[C:2][C:3](=[O:4])[N:44]([C:40])[C:43],EVODEX-P34459
EVODEX-N14308,[H]O[C:3]([C:2])=[O:4]>>[H]OC(=O)[C@@]1([H])N([C:3]([C:2])=[O:4])C([H])([H])C([H])([H])C1([H])[H],EVODEX-P34460
EVODEX-N14309,[C:2][C:3](=[O:4])[O:5][H:49].[H]OP(=O)(O[H])O[P:25]([O:24])(=[O:26])[O:27].[H][N:44]([C:40])[C:43]>>[C:2][C:3](=[O:4])[N:44]([C:40])[C:43].[O:5]([P:25]([O:24])(=[O:26])[O:27])[H:49],EVODEX-P34461
EVODEX-N14310,[H]N([H])C([H])([H])C(=O)[O:5][H:49]>>[H]O[C@@]1([H])[C@@]([H])(O[H])[C@]([H])(N2:C([H]):N:C3:C(N([H])[H]):N:C([H]):N:C:3:2)O[C@]1([H])C([H])([H])OP(=O)(O[H])OP(=O)(O[H])[O:5][H:49],EVODEX-P34462
EVODEX-N14311,[C:2][C:3](=[O:4])[O:5].[H][N:44]([C:40])[C:43]>>[C:2][C:3](=[O:4])[N:44]([C:40])[C:43].[H]O[C@@]1([H])[C@@]([H])(O[H])[C@]([H])(N2:C([H]):N:C3:C(N([H])[H]):N:C([H]):N:C:3:2)O[C@]1([H])C([H])([H])OP(=O)(O[H])OP(=O)(O[H])[O:5],EVODEX-P34463
EVODEX-N14312,>>[H]OC(=O)[C@@]1([H])NC([H])([H])C([H])([H])C1([H])[H].[H]OP(=O)OP(=O)(O[H])OC([H])([H])[C@@]1([H])O[C@@]([H])(N2:C([H]):N:C3:C(N([H])[H]):N:C([H]):N:C:3:2)[C@]([H])(O[H])[C@]1([H])O[H],EVODEX-P34464
EVODEX-N14313,[C:3][O:5][H:49].[O:24][P:25](=[O:26])([O:27])[O:28]>>[H]OC(=O)[C@@]1([H])N([C:3])C([H])([H])C([H])([H])C1([H])[H].[H][O:28].[O:5]([P:25]([O:24])(=[O:26])[O:27])[H:49],EVODEX-P34465
EVODEX-N14314,[H]N([H])C([H])([H])C(=O)[O:5][H:49].[H]OP(=O)(O[H])O[P:25]([O:24])(=[O:26])[O:27]>>[O:5]([P:25]([O:24])(=[O:26])[O:27])[H:49],EVODEX-P34466
EVODEX-N14315,[H]O[C:3]([C:2])=[O:4].[H]O[C@@]1([H])[C@@]([H])(O[H])[C@]([H])(N2:C([H]):N:C3:C(N([H])[H]):N:C([H]):N:C:3:2)O[C@]1([H])C([H])([H])OP(=O)(O[H])OP(=O)(O[H])[O:28][P:29]>>[H]OC(=O)[C@@]1([H])N([C:3]([C:2])=[O:4])C([H])([H])C([H])([H])C1([H])[H].[H][O:28][P:29],EVODEX-P34467
EVODEX-N14316,.[H][N:44]([C:40])[C:43]>>[H]N([H])C([H])([H])C(=O)[N:44]([C:40])[C:43].[H].[H]O,EVODEX-P34468
EVODEX-N14317,[C:3][O:5][H:49].[H]OP(=O)(O[H])O[P:25]([O:24])(=[O:26])[O:27]>>[H]OC(=O)[C@@]1([H])N([C:3])C([H])([H])C([H])([H])C1([H])[H].[O:5]([P:25]([O:24])(=[O:26])[O:27])[H:49],EVODEX-P34469
EVODEX-N14318,[H]O[C@@]1([H])[C@@]([H])(O[H])[C@]([H])(N2:C([H]):N:C3:C(N([H])[H]):N:C([H]):N:C:3:2)O[C@]1([H])C([H])([H])OP(=O)(O[H])OP(=O)(O[H])[O:28][P:29].[H][N:44]([C:40])[C:43]>>[H]N([H])C([H])([H])C(=O)[N:44]([C:40])[C:43].[H][O:28][P:29],EVODEX-P34470
EVODEX-N14319,[H]N([H])C([H])([H])C(=O)[O:5][H:49].[O:24][P:25](=[O:26])([O:27])[O:28]>>[H][O:28].[O:5]([P:25]([O:24])(=[O:26])[O:27])[H:49],EVODEX-P34471
EVODEX-N14320,[H]OP(=O)(O[H])O[P:25]([O:24])(=[O:26])[O:27].[H][N:44]([C:40])[C:43]>>[H]N([H])C([H])([H])C(=O)[N:44]([C:40])[C:43].[H]O[P:25]([O:24])(=[O:26])[O:27],EVODEX-P34472
EVODEX-N14321,[H][N:44]([C:40])[C:43]>>[H]N([H])C([H])([H])C(=O)[N:44]([C:40])[C:43],EVODEX-P34473
EVODEX-N14322,>>[H]N[C@]([H])(C(=O)O[H])C([H])([H])S[H].[H]OP(=O)OC([H])([H])[C@@]1([H])O[C@@]([H])(N2:C([H]):N:C3:C(N([H])[H]):N:C([H]):N:C:3:2)[C@]([H])(O[H])[C@]1([H])O[H],EVODEX-P34478
EVODEX-N14323,[H]O[C:17]([C:16])=[O:18].[H]O[C@@]1([H])[C@@]([H])(O[H])[C@]([H])(N2:C([H]):N:C3:C(N([H])[H]):N:C([H]):N:C:3:2)O[C@]1([H])C([H])([H])OP(=O)(O[H])[O:45][P:46]>>[H]OC(=O)[C@@]([H])(N([H])[C:17]([C:16])=[O:18])C([H])([H])S[H].[H][O:45][P:46],EVODEX-P34480
EVODEX-N14324,[H]O[C@@]([H])(C(=O)N([H])C([H])([H])C([H])([H])C(=O)[O:19][H:75])C(C([H])([H])[H])(C([H])([H])[H])C([H])([H])OP(=O)(O[H])O[H]>>[H]O[C@@]1([H])[C@@]([H])(O[H])[C@]([H])(N2:C([H]):N:C3:C(N([H])[H]):N:C([H]):N:C:3:2)O[C@]1([H])C([H])([H])OP(=O)(O[H])[O:19][H:75],EVODEX-P34486
EVODEX-N14325,[H][N:20]([C:21])[H:76].[H]O[C@@]1([H])[C@@]([H])(O[H])[C@]([H])(N2:C([H]):N:C3:C(N([H])[H]):N:C([H]):N:C:3:2)O[C@]1([H])C([H])([H])OP(=O)(O[H])[O:45][P:46]>>[H]O[C@@]([H])(C(=O)N([H])C([H])([H])C([H])([H])C(=O)[N:20]([C:21])[H:76])C(C([H])([H])[H])(C([H])([H])[H])C([H])([H])OP(=O)(O[H])O[H].[H][O:45][P:46],EVODEX-P34487
EVODEX-N14326,[H]/C(=C(\[H])C([H])([H])[C@@]1([H])C(=O)C([H])([H])C([H])([H])[C@]1([H])C([H])([H])C(=O)[O:15][H:86])C([H])([H])C([H])([H])[H]>>[H]O[C@@]1([H])[C@@]([H])(O[H])[C@]([H])(N2:C([H]):N:C3:C(N([H])[H]):N:C([H]):N:C:3:2)O[C@]1([H])C([H])([H])OP(=O)(O[H])[O:15][H:86],EVODEX-P34490
EVODEX-N14327,[H][N:21]([C:20])[H:66]>>[H]/C(=C(\[H])C([H])([H])[C@@]1([H])C(=O)C([H])([H])C([H])([H])[C@]1([H])C([H])([H])C(=O)[N:21]([C:20])[H:66])C([H])([H])C([H])([H])[H].[H]O.[H],"EVODEX-P34491,EVODEX-P34515"
EVODEX-N14328,[H][N:21]([C:20])[H:66]>>[H]/C(=C(\[H])C([H])([H])[C@@]1([H])C(=O)C([H])([H])C([H])([H])[C@]1([H])C([H])([H])C(=O)[N:21]([C:20])[H:66])C([H])([H])C([H])([H])[H],"EVODEX-P34492,EVODEX-P34517"
EVODEX-N14329,[H][N:21]([C:20])[H:66].[H]OP(=O)(O[H])OP(=O)(O[H])O[P:40]([O:39])(=[O:41])[O:42]>>[H]/C(=C(\[H])C([H])([H])[C@@]1([H])C(=O)C([H])([H])C([H])([H])[C@]1([H])C([H])([H])C(=O)[N:21]([C:20])[H:66])C([H])([H])C([H])([H])[H].[H]O[P:40]([O:39])(=[O:41])[O:42],"EVODEX-P34494,EVODEX-P34516"
EVODEX-N14330,[H][N:21]([C:20])[H:66].[H]O[C@@]1([H])[C@@]([H])(O[H])[C@]([H])(N2:C([H]):N:C3:C(N([H])[H]):N:C([H]):N:C:3:2)O[C@]1([H])C([H])([H])OP(=O)(O[H])[O:43][P:44]>>[H]/C(=C(\[H])C([H])([H])[C@@]1([H])C(=O)C([H])([H])C([H])([H])[C@]1([H])C([H])([H])C(=O)[N:21]([C:20])[H:66])C([H])([H])C([H])([H])[H].[H][O:43][P:44],"EVODEX-P34495,EVODEX-P34518"
EVODEX-N14331,[C:13][O:15][H:86].[H]OP(=O)(O[H])OP(=O)(O[H])O[P:40]([O:39])(=[O:41])[O:42]>>[H]OC(=O)[C@@]([H])(N([H])[C:13])[C@@]([H])(C([H])([H])[H])C([H])([H])C([H])([H])[H].[O:15]([P:40]([O:39])(=[O:41])[O:42])[H:86],EVODEX-P34499
EVODEX-N14332,[H]O[C:13]([C:12])=[O:14].[H]O[C@@]1([H])[C@@]([H])(O[H])[C@]([H])(N2:C([H]):N:C3:C(N([H])[H]):N:C([H]):N:C:3:2)O[C@]1([H])C([H])([H])OP(=O)(O[H])[O:43][P:44]>>[H]OC(=O)[C@@]([H])(N([H])[C:13]([C:12])=[O:14])[C@@]([H])(C([H])([H])[H])C([H])([H])C([H])([H])[H].[H][O:43][P:44],EVODEX-P34501
EVODEX-N14333,[H]/C(=C(\[H])C([H])([H])[C@@]1([H])C(=O)C([H])([H])C([H])([H])[C@]1([H])C([H])([H])C(=O)[O:15][H:86])C([H])([H])C([H])([H])[H].[O:39][P:40](=[O:41])([O:42])[O:43]>>[O:15]([P:40]([O:39])(=[O:41])[O:42])[H:86].[H][O:43],EVODEX-P34502
EVODEX-N14334,>>[H]N[C@]([H])(C(=O)O[H])[C@@]([H])(C([H])([H])[H])C([H])([H])C([H])([H])[H].[H]OP(=O)OC([H])([H])[C@@]1([H])O[C@@]([H])(N2:C([H]):N:C3:C(N([H])[H]):N:C([H]):N:C:3:2)[C@]([H])(O[H])[C@]1([H])O[H],EVODEX-P34503
EVODEX-N14335,[H]/C(=C(\[H])C([H])([H])[C@@]1([H])C(=O)C([H])([H])C([H])([H])[C@]1([H])C([H])([H])C(=O)[O:15][H:86])C([H])([H])C([H])([H])[H].[H]OP(=O)(O[H])OP(=O)(O[H])O[P:40]([O:39])(=[O:41])[O:42]>>[O:15]([P:40]([O:39])(=[O:41])[O:42])[H:86],EVODEX-P34504
EVODEX-N14336,[C:13][O:15][H:76].[O:42][P:43](=[O:44])([O:45])[O:46]>>[H]OC(=O)[C@@]([H])(N([H])[C:13])C([H])([H])C1:C([H]):C([H]):C([H]):C([H]):C:1[H].[O:15]([P:43]([O:42])(=[O:44])[O:45])[H:76].[H][O:46],EVODEX-P34507
EVODEX-N14337,>>[H]N[C@]([H])(C(=O)O[H])C([H])([H])C1:C([H]):C([H]):C([H]):C([H]):C:1[H].[H]OP(=O)OC([H])([H])[C@@]1([H])O[C@@]([H])(N2:C([H]):N:C3:C(N([H])[H]):N:C([H]):N:C:3:2)[C@]([H])(O[H])[C@]1([H])O[H],EVODEX-P34510
EVODEX-N14338,[C:13][O:15][H:76].[H]OP(=O)(O[H])OP(=O)(O[H])O[P:43]([O:42])(=[O:44])[O:45]>>[H]OC(=O)[C@@]([H])(N([H])[C:13])C([H])([H])C1:C([H]):C([H]):C([H]):C([H]):C:1[H].[O:15]([P:43]([O:42])(=[O:44])[O:45])[H:76],EVODEX-P34511
EVODEX-N14339,[H]O[C:13]([C:12])=[O:14].[H]O[C@@]1([H])[C@@]([H])(O[H])[C@]([H])(N2:C([H]):N:C3:C(N([H])[H]):N:C([H]):N:C:3:2)O[C@]1([H])C([H])([H])OP(=O)(O[H])[O:46][P:47]>>[H]OC(=O)[C@@]([H])(N([H])[C:13]([C:12])=[O:14])C([H])([H])C1:C([H]):C([H]):C([H]):C([H]):C:1[H].[H][O:46][P:47],EVODEX-P34512
EVODEX-N14340,[H][N:1]([C:2])[H:52]>>[H].[H]OC(=O)C([H])([H])C(O[H])(C(=O)O[H])C([H])([H])C(=O)[N:1]([C:2])[H:52].[H]O,"EVODEX-P34525,EVODEX-P34541,EVODEX-P34592,EVODEX-P34609"
EVODEX-N14341,[H][N:1]([C:2])[H:52].[H]OP(=O)(O[H])OP(=O)(O[H])[O:26][P:23]>>[H][O:26][P:23].[H]OC(=O)C([H])([H])C(O[H])(C(=O)O[H])C([H])([H])C(=O)[N:1]([C:2])[H:52],"EVODEX-P34526,EVODEX-P34593,EVODEX-P34610"
EVODEX-N14342,[H]O[C@@]1([H])[C@@]([H])(O[H])[C@]([H])(N2:C([H]):N:C3:C(N([H])[H]):N:C([H]):N:C:3:2)O[C@]1([H])C([H])([H])OP(=O)(O[H])O[P:27](=[O:28])([O:29])[O:30].[H]OC(=O)C([H])([H])C(O[H])(C(=O)O[H])C([H])([H])C(=O)[O:48][H:82]>>[P:27](=[O:28])([O:29])([O:30])[O:48][H:82],EVODEX-P34528
EVODEX-N14343,[H][N:1]([C:2])[H:52]>>[H]OC(=O)C([H])([H])C(O[H])(C(=O)O[H])C([H])([H])C(=O)[N:1]([C:2])[H:52],"EVODEX-P34531,EVODEX-P34547,EVODEX-P34597,EVODEX-P34603"
EVODEX-N14344,[H][N:1]([C:2])[H:52].[H]O[C@@]1([H])[C@@]([H])(O[H])[C@]([H])(N2:C([H]):N:C3:C(N([H])[H]):N:C([H]):N:C:3:2)O[C@]1([H])C([H])([H])OP(=O)(O[H])O[P:27](=[O:28])([O:29])[O:30]>>[H]OC(=O)C([H])([H])C(O[H])(C(=O)O[H])C([H])([H])C(=O)[N:1]([C:2])[H:52].[H]O[P:27](=[O:28])([O:29])[O:30],"EVODEX-P34532,EVODEX-P34598,EVODEX-P34611"
EVODEX-N14345,[H]OC(=O)C([H])([H])C(O[H])(C(=O)O[H])C([H])([H])C(=O)[O:48][H:82]>>[H]OP(=O)(O[H])OP(=O)(O[H])[O:48][H:82],EVODEX-P34535
EVODEX-N14346,[H]O[C:37](=[O:36])[C:39]>>[H]N([H])C([H])([H])C([H])([H])N([H])[C:37](=[O:36])[C:39],EVODEX-P34539
EVODEX-N14347,[H]OP(=O)(O[H])OP(=O)(O[H])O[P:20]([O:19])(=[O:21])[O:22].[H]OC(=O)C([H])([H])C(O[H])(C(=O)O[H])C([H])([H])C(=O)[O:38][H:73]>>[O:19][P:20](=[O:21])([O:22])[O:38][H:73],EVODEX-P34542
EVODEX-N14348,[H][N:1]([C:2])[H:49].[H]OP(=O)(O[H])OP(=O)(O[H])O[P:20]([O:19])(=[O:21])[O:22]>>[H]O[P:20]([O:19])(=[O:21])[O:22].[H]OC(=O)C([H])([H])C(O[H])(C(=O)O[H])C([H])([H])C(=O)[N:1]([C:2])[H:49],EVODEX-P34543
EVODEX-N14349,[O:19][P:20](=[O:21])([O:22])[O:23].[C:37][O:38][H:73]>>[O:19][P:20](=[O:21])([O:22])[O:38][H:73].[H]N([H])C([H])([H])C([H])([H])N([H])[C:37].[H][O:23],EVODEX-P34544
EVODEX-N14350,[H]OP(=O)(O[H])OP(=O)(O[H])O[P:20]([O:19])(=[O:21])[O:22].[C:37][O:38][H:73]>>[O:19][P:20](=[O:21])([O:22])[O:38][H:73].[H]N([H])C([H])([H])C([H])([H])N([H])[C:37],EVODEX-P34545
EVODEX-N14351,[H][N:1]([C:2])[H:49].[H]O[C@@]1([H])[C@@]([H])(O[H])[C@]([H])(N2:C([H]):N:C3:C(N([H])[H]):N:C([H]):N:C:3:2)O[C@]1([H])C([H])([H])OP(=O)(O[H])[O:23][P:24]>>[H]OC(=O)C([H])([H])C(O[H])(C(=O)O[H])C([H])([H])C(=O)[N:1]([C:2])[H:49].[H][O:23][P:24],EVODEX-P34548
EVODEX-N14352,[H]O[C@@]1([H])[C@@]([H])(O[H])[C@]([H])(N2:C([H]):N:C3:C(N([H])[H]):N:C([H]):N:C:3:2)O[C@]1([H])C([H])([H])OP(=O)(O[H])[O:23][P:24].[H]O[C:37](=[O:36])[C:39]>>[H]N([H])C([H])([H])C([H])([H])N([H])[C:37](=[O:36])[C:39].[H][O:23][P:24],EVODEX-P34549
EVODEX-N14353,[H]OC(=O)C([H])([H])C(O[H])(C(=O)O[H])C([H])([H])C(=O)[O:38][H:73]>>[H]O[C@@]1([H])[C@@]([H])(O[H])[C@]([H])(N2:C([H]):N:C3:C(N([H])[H]):N:C([H]):N:C:3:2)O[C@]1([H])C([H])([H])OP(=O)(O[H])[O:38][H:73],EVODEX-P34550
EVODEX-N14354,>>[H]OP(=O)OC([H])([H])[C@@]1([H])O[C@@]([H])(N2:C([H]):N:C3:C(N([H])[H]):N:C([H]):N:C:3:2)[C@]([H])(O[H])[C@]1([H])O[H].[H]NC([H])([H])C([H])([H])N([H])[H],EVODEX-P34551
EVODEX-N14355,[H]OC(=O)C(O[H])(C([H])([H])C(=O)N([H])C([H])([H])C([H])([H])N([H])[H])C([H])([H])C(=O)[O:13][H:75]>>[H]O[C@@]1([H])[C@@]([H])(O[H])[C@]([H])(N2:C([H]):N:C3:C(N([H])[H]):N:C([H]):N:C:3:2)O[C@]1([H])C([H])([H])OP(=O)(O[H])[O:13][H:75],EVODEX-P34554
EVODEX-N14356,[H][N:17]([C:18])[H:55]>>[H]OC(=O)C(O[H])(C([H])([H])C(=O)N([H])C([H])([H])C([H])([H])N([H])[H])C([H])([H])C(=O)[N:17]([C:18])[H:55].[H]O.[H],EVODEX-P34555
EVODEX-N14357,[H][N:17]([C:18])[H:55]>>[H]OC(=O)C(O[H])(C([H])([H])C(=O)N([H])C([H])([H])C([H])([H])N([H])[H])C([H])([H])C(=O)[N:17]([C:18])[H:55],EVODEX-P34556
EVODEX-N14358,[H][N:17]([C:18])[H:55].[H]OP(=O)(O[H])OP(=O)(O[H])O[P:39]([O:38])(=[O:40])[O:41]>>[H]OC(=O)C(O[H])(C([H])([H])C(=O)N([H])C([H])([H])C([H])([H])N([H])[H])C([H])([H])C(=O)[N:17]([C:18])[H:55].[H]O[P:39]([O:38])(=[O:40])[O:41],EVODEX-P34558
EVODEX-N14359,[H][N:17]([C:18])[H:55].[H]O[C@@]1([H])[C@@]([H])(O[H])[C@]([H])(N2:C([H]):N:C3:C(N([H])[H]):N:C([H]):N:C:3:2)O[C@]1([H])C([H])([H])OP(=O)(O[H])[O:42][P:43]>>[H]OC(=O)C(O[H])(C([H])([H])C(=O)N([H])C([H])([H])C([H])([H])N([H])[H])C([H])([H])C(=O)[N:17]([C:18])[H:55].[H][O:42][P:43],EVODEX-P34559
EVODEX-N14360,[C:11][O:13][H:75].[H]OP(=O)(O[H])OP(=O)(O[H])O[P:39]([O:38])(=[O:40])[O:41]>>[H]OC(=O)[C@@]([H])(N([H])[H])C([H])([H])N([H])[C:11].[O:13]([P:39]([O:38])(=[O:40])[O:41])[H:75],EVODEX-P34563
EVODEX-N14361,[H]O[C:11]([C:10])=[O:12].[H]O[C@@]1([H])[C@@]([H])(O[H])[C@]([H])(N2:C([H]):N:C3:C(N([H])[H]):N:C([H]):N:C:3:2)O[C@]1([H])C([H])([H])OP(=O)(O[H])[O:42][P:43]>>[H]OC(=O)[C@@]([H])(N([H])[H])C([H])([H])N([H])[C:11]([C:10])=[O:12].[H][O:42][P:43],EVODEX-P34565
EVODEX-N14362,[H]OC(=O)C(O[H])(C([H])([H])C(=O)N([H])C([H])([H])C([H])([H])N([H])[H])C([H])([H])C(=O)[O:13][H:75].[O:38][P:39](=[O:40])([O:41])[O:42]>>[O:13]([P:39]([O:38])(=[O:40])[O:41])[H:75].[H][O:42],EVODEX-P34566
EVODEX-N14363,>>[H]NC([H])([H])[C@@]([H])(C(=O)O[H])N([H])[H].[H]OP(=O)OC([H])([H])[C@@]1([H])O[C@@]([H])(N2:C([H]):N:C3:C(N([H])[H]):N:C([H]):N:C:3:2)[C@]([H])(O[H])[C@]1([H])O[H],EVODEX-P34567
EVODEX-N14364,[H]OC(=O)C(O[H])(C([H])([H])C(=O)N([H])C([H])([H])C([H])([H])N([H])[H])C([H])([H])C(=O)[O:13][H:75].[H]OP(=O)(O[H])OP(=O)(O[H])O[P:39]([O:38])(=[O:40])[O:41]>>[O:13]([P:39]([O:38])(=[O:40])[O:41])[H:75],EVODEX-P34568
EVODEX-N14365,[H]O[C:55](=[O:54])[C:57]>>[H]OC(=O)C(O[H])(C([H])([H])C(=O)N([H])C([H])([H])C([H])([H])N([H])[C:55](=[O:54])[C:57])C([H])([H])C(=O)N([H])C([H])([H])[C@@]([H])(C(=O)O[H])N([H])[H],EVODEX-P34572
EVODEX-N14366,[H][N:1]([C:2])[H:64]>>[H]O.[H]OC(=O)C(=O)C([H])([H])C([H])([H])C(=O)[N:1]([C:2])[H:64].[H],EVODEX-P34574
EVODEX-N14367,[H]OP(=O)(O[H])OP(=O)(O[H])O[P:38]([O:37])(=[O:39])[O:40].[H]OC(=O)C(=O)C([H])([H])C([H])([H])C(=O)[O:56][H:100]>>[O:37][P:38](=[O:39])([O:40])[O:56][H:100],EVODEX-P34575
EVODEX-N14368,[H][N:1]([C:2])[H:64].[H]OP(=O)(O[H])OP(=O)(O[H])O[P:38]([O:37])(=[O:39])[O:40]>>[H]O[P:38]([O:37])(=[O:39])[O:40].[H]OC(=O)C(=O)C([H])([H])C([H])([H])C(=O)[N:1]([C:2])[H:64],EVODEX-P34576
EVODEX-N14369,[O:37][P:38](=[O:39])([O:40])[O:41].[C:55][O:56][H:100]>>[O:37][P:38](=[O:39])([O:40])[O:56][H:100].[H]OC(=O)C(O[H])(C([H])([H])C(=O)N([H])C([H])([H])C([H])([H])N([H])[C:55])C([H])([H])C(=O)N([H])C([H])([H])[C@@]([H])(C(=O)O[H])N([H])[H].[H][O:41],EVODEX-P34577
EVODEX-N14370,[H]OP(=O)(O[H])OP(=O)(O[H])O[P:38]([O:37])(=[O:39])[O:40].[C:55][O:56][H:100]>>[O:37][P:38](=[O:39])([O:40])[O:56][H:100].[H]OC(=O)C(O[H])(C([H])([H])C(=O)N([H])C([H])([H])C([H])([H])N([H])[C:55])C([H])([H])C(=O)N([H])C([H])([H])[C@@]([H])(C(=O)O[H])N([H])[H],EVODEX-P34578
EVODEX-N14371,[H][N:1]([C:2])[H:64].[H]O[C@@]1([H])[C@@]([H])(O[H])[C@]([H])(N2:C([H]):N:C3:C(N([H])[H]):N:C([H]):N:C:3:2)O[C@]1([H])C([H])([H])OP(=O)(O[H])[O:41][P:42]>>[H]OC(=O)C(=O)C([H])([H])C([H])([H])C(=O)[N:1]([C:2])[H:64].[H][O:41][P:42],EVODEX-P34581
EVODEX-N14372,[O:37][P:38](=[O:39])([O:40])[O:41].[H]OC(=O)C(=O)C([H])([H])C([H])([H])C(=O)[O:56][H:100]>>[O:37][P:38](=[O:39])([O:40])[O:56][H:100].[H][O:41],EVODEX-P34582
EVODEX-N14373,[H]O[C@@]1([H])[C@@]([H])(O[H])[C@]([H])(N2:C([H]):N:C3:C(N([H])[H]):N:C([H]):N:C:3:2)O[C@]1([H])C([H])([H])OP(=O)(O[H])[O:41][P:42].[H]O[C:55](=[O:54])[C:57]>>[H]OC(=O)C(O[H])(C([H])([H])C(=O)N([H])C([H])([H])C([H])([H])N([H])[C:55](=[O:54])[C:57])C([H])([H])C(=O)N([H])C([H])([H])[C@@]([H])(C(=O)O[H])N([H])[H].[H][O:41][P:42],EVODEX-P34583
EVODEX-N14374,[H]OC(=O)C(=O)C([H])([H])C([H])([H])C(=O)[O:56][H:100]>>[H]O[C@@]1([H])[C@@]([H])(O[H])[C@]([H])(N2:C([H]):N:C3:C(N([H])[H]):N:C([H]):N:C:3:2)O[C@]1([H])C([H])([H])OP(=O)(O[H])[O:56][H:100],EVODEX-P34584
EVODEX-N14375,>>[H]OP(=O)OC([H])([H])[C@@]1([H])O[C@@]([H])(N2:C([H]):N:C3:C(N([H])[H]):N:C([H]):N:C:3:2)[C@]([H])(O[H])[C@]1([H])O[H].[H]NC([H])([H])C([H])([H])N([H])C(=O)C([H])([H])C(O[H])(C(=O)O[H])C([H])([H])C(=O)N([H])C([H])([H])[C@@]([H])(C(=O)O[H])N([H])[H],EVODEX-P34585
EVODEX-N14376,>>[H]N[C@@]([H])(C(=O)O[H])C([H])([H])C([H])([H])C([H])([H])N([H])C(=O)C([H])([H])[C@@](O[H])(C(=O)O[H])C([H])([H])C(=O)O[H].[H]OP(=O)OP(=O)(O[H])O[H],EVODEX-P34587
EVODEX-N14377,[H]O[C:60]([C:59])=[O:61]>>[H]OC(=O)C([H])([H])[C@](O[H])(C(=O)O[H])C([H])([H])C(=O)N([H])C([H])([H])C([H])([H])C([H])([H])[C@]([H])(C(=O)O[H])N([H])[C:60]([C:59])=[O:61],EVODEX-P34590
EVODEX-N14378,[O:40][P:41](=[O:42])([O:43])[O:44].[C:60][O:62][H:106]>>[H][O:40].[H]OC(=O)C([H])([H])[C@](O[H])(C(=O)O[H])C([H])([H])C(=O)N([H])C([H])([H])C([H])([H])C([H])([H])[C@]([H])(C(=O)O[H])N([H])[C:60].[P:41](=[O:42])([O:43])([O:44])[O:62][H:106],EVODEX-P34594
EVODEX-N14379,[H]OP(=O)(O[H])OP(=O)(O[H])[O:40][P:37].[H]O[C:60]([C:59])=[O:61]>>[H][O:40][P:37].[H]OC(=O)C([H])([H])[C@](O[H])(C(=O)O[H])C([H])([H])C(=O)N([H])C([H])([H])C([H])([H])C([H])([H])[C@]([H])(C(=O)O[H])N([H])[C:60]([C:59])=[O:61],EVODEX-P34595
EVODEX-N14380,[H]O[C@@]1([H])[C@@]([H])(O[H])[C@]([H])(N2:C([H]):N:C3:C(N([H])[H]):N:C([H]):N:C:3:2)O[C@]1([H])C([H])([H])OP(=O)(O[H])O[P:41](=[O:42])([O:43])[O:44].[C:60][O:62][H:106]>>[H]OC(=O)C([H])([H])[C@](O[H])(C(=O)O[H])C([H])([H])C(=O)N([H])C([H])([H])C([H])([H])C([H])([H])[C@]([H])(C(=O)O[H])N([H])[C:60].[P:41](=[O:42])([O:43])([O:44])[O:62][H:106],EVODEX-P34599
EVODEX-N14381,>>[H]NC([H])([H])C([H])([H])C([H])([H])[C@]([H])(C(=O)O[H])N([H])[H].[H]OP(=O)OP(=O)(O[H])O[H],EVODEX-P34601
EVODEX-N14382,[O:28][P:29](=[O:30])([O:31])[O:32].[C:42][O:43][H:82]>>[H][O:28].[H]OC(=O)[C@]([H])(N([H])[H])C([H])([H])C([H])([H])C([H])([H])N([H])[C:42].[P:29](=[O:30])([O:31])([O:32])[O:43][H:82],EVODEX-P34604
EVODEX-N14383,[H]O[C:42](=[O:41])[C:44]>>[H]OC(=O)[C@]([H])(N([H])[H])C([H])([H])C([H])([H])C([H])([H])N([H])[C:42](=[O:41])[C:44],EVODEX-P34606
EVODEX-N14384,[H]OP(=O)(O[H])OP(=O)(O[H])[O:28][P:25].[H]O[C:42](=[O:41])[C:44]>>[H][O:28][P:25].[H]OC(=O)[C@]([H])(N([H])[H])C([H])([H])C([H])([H])C([H])([H])N([H])[C:42](=[O:41])[C:44],EVODEX-P34607
EVODEX-N14385,[H]O[C@@]1([H])[C@@]([H])(O[H])[C@]([H])(N2:C([H]):N:C3:C(N([H])[H]):N:C([H]):N:C:3:2)O[C@]1([H])C([H])([H])OP(=O)(O[H])O[P:29](=[O:30])([O:31])[O:32].[C:42][O:43][H:82]>>[H]OC(=O)[C@]([H])(N([H])[H])C([H])([H])C([H])([H])C([H])([H])N([H])[C:42].[P:29](=[O:30])([O:31])([O:32])[O:43][H:82],EVODEX-P34608
EVODEX-N14386,[H][N:3]([C:2][C:4][N:5]([H])[H:55])[H:52].[O:32][P:33](=[O:34])([O:35])[O:36].[O:45]=[C:46]=[O:47]>>[C:2]1[N:3]([H:52])[C:46](=[O:47])[N:5]([H:55])[C:4]1.[H][O:45][P:33]([O:32])(=[O:34])[O:35].[H][O:36],"EVODEX-P34614,EVODEX-P34628"
EVODEX-N14387,[H][N:3]([C:2][C:4][N:5]([H])[H:55])[H:52].[H]OP(=O)(O[H])O[P:33]([O:32])(=[O:34])[O:35].[O:45]=[C:46]=[O:47]>>[C:2]1[N:3]([H:52])[C:46](=[O:47])[N:5]([H:55])[C:4]1.[H][O:45][P:33]([O:32])(=[O:34])[O:35],"EVODEX-P34615,EVODEX-P34629"
EVODEX-N14388,[H][N:3]([C:2][C:4][N:5]([H])[H:55])[H:52].O=[C:46]=[O:47]>>[C:2]1[N:3]([H:52])[C:46](=[O:47])[N:5]([H:55])[C:4]1,EVODEX-P34616
EVODEX-N14389,[H][N:3]([C:2][C:4][N:5]([H])[H:55])[H:52]>>O=C1[N:3]([H:52])[C:2][C:4][N:5]1[H:55],EVODEX-P34617
EVODEX-N14390,[H][N:3]([C:2][C:4][N:5]([H])[H:55])[H:52].[H]O[C@@]1([H])[C@@]([H])(O[H])[C@]([H])(N2:C([H]):N:C3:C(N([H])[H]):N:C([H]):N:C:3:2)O[C@]1([H])C([H])([H])OP(=O)(O[H])OP(=O)(O[H])[O:36][P:37].O=[C:46]=[O:47]>>[C:2]1[N:3]([H:52])[C:46](=[O:47])[N:5]([H:55])[C:4]1.[H][O:36][P:37],EVODEX-P34618
EVODEX-N14391,[H][N:3]([C:2][C:4][N:5]([H])[H:55])[H:52].[O:45]=[C:46]=[O:47]>>[C:2]1[N:3]([H:52])[C:46](=[O:47])[N:5]([H:55])[C:4]1.[H]O[C@@]1([H])[C@@]([H])(O[H])[C@]([H])(N2:C([H]):N:C3:C(N([H])[H]):N:C([H]):N:C:3:2)O[C@]1([H])C([H])([H])OP(=O)(O[H])OP(=O)(O[H])[O:45][H],EVODEX-P34619
EVODEX-N14392,[H][N:3]([C:2][C:4][N:5]([H])[H:55])[H:52]>>O=C1[N:3]([H:52])[C:2][C:4][N:5]1[H:55].[H]O.[H],"EVODEX-P34620,EVODEX-P34633"
EVODEX-N14393,[H][N:3]([C:2][C:4][N:5]([H])[H:55])[H:52].[H]OP(=O)(O[H])O[P:33]([O:32])(=[O:34])[O:35]>>O=C1[N:3]([H:52])[C:2][C:4][N:5]1[H:55].[H]O[P:33]([O:32])(=[O:34])[O:35],"EVODEX-P34621,EVODEX-P34634"
EVODEX-N14394,[O:32][P:33](=[O:34])([O:35])[O:36].[O:45]=[C:46]=[O:47]>>[H]OC(=O)C([H])([H])C([H])([H])C([H])([H])C([H])([H])C([H])([H])[C@@]1([H])N([H])[C:46](=[O:47])N([H])[C@@]1([H])C([H])([H])[H].[H][O:45][P:33]([O:32])(=[O:34])[O:35].[H][O:36],"EVODEX-P34622,EVODEX-P34635"
EVODEX-N14395,[H][N:3]([C:2][C:4][N:5]([H])[H:55])[H:52].[H]O[C@@]1([H])[C@@]([H])(O[H])[C@]([H])(N2:C([H]):N:C3:C(N([H])[H]):N:C([H]):N:C:3:2)O[C@]1([H])C([H])([H])OP(=O)(O[H])OP(=O)(O[H])[O:36][P:37]>>O=C1[N:3]([H:52])[C:2][C:4][N:5]1[H:55].[H][O:36][P:37],EVODEX-P34623
EVODEX-N14396,[H]OP(=O)(O[H])O[P:33]([O:32])(=[O:34])[O:35].[O:45]=[C:46]=[O:47]>>[H]OC(=O)C([H])([H])C([H])([H])C([H])([H])C([H])([H])C([H])([H])[C@@]1([H])N([H])[C:46](=[O:47])N([H])[C@@]1([H])C([H])([H])[H].[H][O:45][P:33]([O:32])(=[O:34])[O:35],"EVODEX-P34624,EVODEX-P34637"
EVODEX-N14397,[H]O[C@@]1([H])[C@@]([H])(O[H])[C@]([H])(N2:C([H]):N:C3:C(N([H])[H]):N:C([H]):N:C:3:2)O[C@]1([H])C([H])([H])OP(=O)(O[H])OP(=O)(O[H])[O:36][P:37].O=[C:46]=[O:47]>>[H]OC(=O)C([H])([H])C([H])([H])C([H])([H])C([H])([H])C([H])([H])[C@@]1([H])N([H])[C:46](=[O:47])N([H])[C@@]1([H])C([H])([H])[H].[H][O:36][P:37],EVODEX-P34625
EVODEX-N14398,O=[C:46]=[O:47]>>[H]OC(=O)C([H])([H])C([H])([H])C([H])([H])C([H])([H])C([H])([H])[C@@]1([H])N([H])[C:46](=[O:47])N([H])[C@@]1([H])C([H])([H])[H],EVODEX-P34626
EVODEX-N14399,[O:45]=[C:46]=[O:47]>>[H]OC(=O)C([H])([H])C([H])([H])C([H])([H])C([H])([H])C([H])([H])[C@@]1([H])N([H])[C:46](=[O:47])N([H])[C@@]1([H])C([H])([H])[H].[H]O[C@@]1([H])[C@@]([H])(O[H])[C@]([H])(N2:C([H]):N:C3:C(N([H])[H]):N:C([H]):N:C:3:2)O[C@]1([H])C([H])([H])OP(=O)(O[H])OP(=O)(O[H])[O:45][H],EVODEX-P34627
EVODEX-N14400,[H][N:3]([C:2][C:4][N:5]([H])[H:56])[H:53].[H]O[C@@]1([H])[C@@]([H])(O[H])[C@]([H])(N2:C([H]):N:C3:C(=O):N([H]):C(N([H])[H]):N:C:3:2)O[C@]1([H])C([H])([H])OP(=O)(O[H])OP(=O)(O[H])[O:34][P:35].O=[C:47]=[O:48]>>[C:2]1[N:3]([H:53])[C:47](=[O:48])[N:5]([H:56])[C:4]1.[H][O:34][P:35],EVODEX-P34630
EVODEX-N14401,O=C=[O:46]>>[H]O[C@@]1([H])[C@@]([H])(O[H])[C@]([H])(N2:C([H]):N:C3:C(=O):N([H]):C(N([H])[H]):N:C:3:2)O[C@]1([H])C([H])([H])OP(=O)(O[H])OP(=O)(O[H])[O:46][H],EVODEX-P34631
EVODEX-N14402,[H][N:3]([C:2][C:4][N:5]([H])[H:56])[H:53].[O:46]=[C:47]=[O:48]>>[C:2]1[N:3]([H:53])[C:47](=[O:48])[N:5]([H:56])[C:4]1.[H]O[C@@]1([H])[C@@]([H])(O[H])[C@]([H])(N2:C([H]):N:C3:C(=O):N([H]):C(N([H])[H]):N:C:3:2)O[C@]1([H])C([H])([H])OP(=O)(O[H])OP(=O)(O[H])[O:46][H],EVODEX-P34632
EVODEX-N14403,[H][N:3]([C:2][C:4][N:5]([H])[H:56])[H:53].[H]O[C@@]1([H])[C@@]([H])(O[H])[C@]([H])(N2:C([H]):N:C3:C(=O):N([H]):C(N([H])[H]):N:C:3:2)O[C@]1([H])C([H])([H])OP(=O)(O[H])OP(=O)(O[H])[O:34][P:35]>>O=C1[N:3]([H:53])[C:2][C:4][N:5]1[H:56].[H][O:34][P:35],EVODEX-P34636
EVODEX-N14404,[H]O[C@@]1([H])[C@@]([H])(O[H])[C@]([H])(N2:C([H]):N:C3:C(=O):N([H]):C(N([H])[H]):N:C:3:2)O[C@]1([H])C([H])([H])OP(=O)(O[H])OP(=O)(O[H])[O:34][P:35].O=[C:47]=[O:48]>>[H]OC(=O)C([H])([H])C([H])([H])C([H])([H])C([H])([H])C([H])([H])[C@@]1([H])N([H])[C:47](=[O:48])N([H])[C@@]1([H])C([H])([H])[H].[H][O:34][P:35],EVODEX-P34638
EVODEX-N14405,[O:46]=[C:47]=[O:48]>>[H]OC(=O)C([H])([H])C([H])([H])C([H])([H])C([H])([H])C([H])([H])[C@@]1([H])N([H])[C:47](=[O:48])N([H])[C@@]1([H])C([H])([H])[H].[H]O[C@@]1([H])[C@@]([H])(O[H])[C@]([H])(N2:C([H]):N:C3:C(=O):N([H]):C(N([H])[H]):N:C:3:2)O[C@]1([H])C([H])([H])OP(=O)(O[H])OP(=O)(O[H])[O:46][H],EVODEX-P34641
EVODEX-N14406,[H]N=C(N([H])[H])N([H])C([H])([H])C([H])([H])C([H])([H])[C@@]([H])(C(=O)O[H])N([H])C([H])([H])C([H])([H])C(=O)[O:14][H:81]>>[H]O[C@@]1([H])[C@@]([H])(O[H])[C@]([H])(N2:C([H]):N:C3:C(N([H])[H]):N:C([H]):N:C:3:2)O[C@]1([H])C([H])([H])OP(=O)(O[H])[O:14][H:81],EVODEX-P34642
EVODEX-N14407,[O:32][P:33](=[O:34])([O:35])[O:36].[H][N:9]([C:8])[C:10][C:11][C:12](=[O:13])[O:14][H:81]>>[C:8][N:9]1[C:10][C:11][C:12]1=[O:13].[O:14]([P:33]([O:32])(=[O:34])[O:35])[H:81].[H][O:36],"EVODEX-P34643,EVODEX-P34652,EVODEX-P34661"
EVODEX-N14408,[H]OP(=O)(O[H])OP(=O)(O[H])O[P:33]([O:32])(=[O:34])[O:35].[H][N:9]([C:8])[C:10][C:11][C:12](=[O:13])[O:14][H:81]>>[C:8][N:9]1[C:10][C:11][C:12]1=[O:13].[O:14]([P:33]([O:32])(=[O:34])[O:35])[H:81],"EVODEX-P34644,EVODEX-P34653,EVODEX-P34664"
EVODEX-N14409,[H]O[C@@]1([H])[C@@]([H])(O[H])[C@]([H])(N2:C([H]):N:C3:C(N([H])[H]):N:C([H]):N:C:3:2)O[C@]1([H])C([H])([H])OP(=O)(O[H])[O:36][P:37].[H]O[C:12]([C:11][C:10][N:9]([H])[C:8])=[O:13]>>[C:8][N:9]1[C:10][C:11][C:12]1=[O:13].[H][O:36][P:37],"EVODEX-P34645,EVODEX-P34655,EVODEX-P34663"
EVODEX-N14410,[O:32][P:33](=[O:34])([O:35])[O:36].[H]N=C(N([H])[H])N([H])C([H])([H])C([H])([H])C([H])([H])[C@@]([H])(C(=O)O[H])N([H])C([H])([H])C([H])([H])C(=O)[O:14][H:81]>>[O:14]([P:33]([O:32])(=[O:34])[O:35])[H:81].[H][O:36],EVODEX-P34646
EVODEX-N14411,[H]O[C:12]([C:11][C:10][N:9]([H])[C:8])=[O:13]>>[C:8][N:9]1[C:10][C:11][C:12]1=[O:13],"EVODEX-P34647,EVODEX-P34650,EVODEX-P34658"
EVODEX-N14412,[H][N:9]([C:8])[C:10][C:11][C:12](=[O:13])[O:14]>>[C:8][N:9]1[C:10][C:11][C:12]1=[O:13].[H]O[C@@]1([H])[C@@]([H])(O[H])[C@]([H])(N2:C([H]):N:C3:C(N([H])[H]):N:C([H]):N:C:3:2)O[C@]1([H])C([H])([H])OP(=O)(O[H])[O:14],"EVODEX-P34648,EVODEX-P34657,EVODEX-P34660"
EVODEX-N14413,[H]OP(=O)(O[H])OP(=O)(O[H])O[P:33]([O:32])(=[O:34])[O:35].[H]N=C(N([H])[H])N([H])C([H])([H])C([H])([H])C([H])([H])[C@@]([H])(C(=O)O[H])N([H])C([H])([H])C([H])([H])C(=O)[O:14][H:81]>>[O:14]([P:33]([O:32])(=[O:34])[O:35])[H:81],EVODEX-P34649
EVODEX-N14414,[H]OP(=O)(O[H])OP(=O)(O[H])O[P:16]([O:15])(=[O:17])[O:18].[H]OC(=O)[C@@]1([H])N([H])[C@]([H])(C([H])([H])C(=O)[O:34][H:60])C([H])([H])C1([H])[H]>>[O:15][P:16](=[O:17])([O:18])[O:34][H:60],EVODEX-P34651
EVODEX-N14415,[O:15][P:16](=[O:17])([O:18])[O:19].[H]OC(=O)[C@@]1([H])N([H])[C@]([H])(C([H])([H])C(=O)[O:34][H:60])C([H])([H])C1([H])[H]>>[O:15][P:16](=[O:17])([O:18])[O:34][H:60].[H][O:19],EVODEX-P34654
EVODEX-N14416,[H]OC(=O)[C@@]1([H])N([H])[C@]([H])(C([H])([H])C(=O)[O:34][H:60])C([H])([H])C1([H])[H]>>[H]O[C@@]1([H])[C@@]([H])(O[H])[C@]([H])(N2:C([H]):N:C3:C(N([H])[H]):N:C([H]):N:C:3:2)O[C@]1([H])C([H])([H])OP(=O)(O[H])[O:34][H:60],EVODEX-P34656
EVODEX-N14417,[H]OC(=O)[C@@]1(C([H])([H])[H])N([H])C([H])([C@]([H])(C(=O)[O:5][H:50])C([H])([H])[H])C([H])([H])C1([H])[H]>>[H]O[C@@]1([H])[C@@]([H])(O[H])[C@]([H])(N2:C([H]):N:C3:C(N([H])[H]):N:C([H]):N:C:3:2)O[C@]1([H])C([H])([H])OP(=O)(O[H])[O:5][H:50],EVODEX-P34659
EVODEX-N14418,[H]OC(=O)[C@@]1(C([H])([H])[H])N([H])C([H])([C@]([H])(C(=O)[O:5][H:50])C([H])([H])[H])C([H])([H])C1([H])[H].[H]OP(=O)(O[H])OP(=O)(O[H])O[P:30]([O:29])(=[O:31])[O:32]>>[O:5]([P:30]([O:29])(=[O:31])[O:32])[H:50],EVODEX-P34662
EVODEX-N14419,[H]OC(=O)[C@@]1(C([H])([H])[H])N([H])C([H])([C@]([H])(C(=O)[O:5][H:50])C([H])([H])[H])C([H])([H])C1([H])[H].[O:29][P:30](=[O:31])([O:32])[O:33]>>[H][O:33].[O:5]([P:30]([O:29])(=[O:31])[O:32])[H:50],EVODEX-P34665
EVODEX-N14420,[O:55][P:56](=[O:57])([O:58])[O:59].[H][N:12]([C:11])[C:13].[O:64]=[C:65]([O:66][H:107])[H:106]>>[H][O:55].[C:11][N:12]([C:13])[C:65](=[O:64])[H:106].[P:56](=[O:57])([O:58])([O:59])[O:66][H:107],"EVODEX-P34666,EVODEX-P34855"
EVODEX-N14421,>>[H]N=C1:N([H]):C2:C(:C(=O):N:1[H])N([H])[C@@]([H])(C([H])([H])NC1:C([H]):C([H]):C(C(=O)N([H])[C@]([H])(C(=O)O[H])C([H])([H])C([H])([H])C(=O)O[H]):C([H]):C:1[H])C([H])([H])N2[H].[H]OP(=O)O[H],EVODEX-P34667
EVODEX-N14422,[H]OP(=O)(O[H])[O:55][P:52].[H][N:12]([C:11])[C:13].[H]O[C:65](=[O:64])[H:106]>>[H][O:55][P:52].[C:11][N:12]([C:13])[C:65](=[O:64])[H:106],EVODEX-P34668
EVODEX-N14423,[O:55][P:56](=[O:57])([O:58])[O:59].[C:65][O:66][H:107]>>[H][O:55].[H]N=C1:N([H]):C2:C(:C(=O):N:1[H])N([H])[C@@]([H])(C([H])([H])N(C1:C([H]):C([H]):C(C(=O)N([H])[C@]([H])(C(=O)O[H])C([H])([H])C([H])([H])C(=O)O[H]):C([H]):C:1[H])[C:65])C([H])([H])N2[H].[P:56](=[O:57])([O:58])([O:59])[O:66][H:107],EVODEX-P34669
EVODEX-N14424,[H]O[C@@]1([H])[C@@]([H])(O[H])[C@]([H])(N2:C([H]):N:C3:C(N([H])[H]):N:C([H]):N:C:3:2)O[C@]1([H])C([H])([H])OP(=O)(O[H])OP(=O)(O[H])O[P:56](=[O:57])([O:58])[O:59].[H][N:12]([C:11])[C:13].[O:64]=[C:65]([O:66][H:107])[H:106]>>[C:11][N:12]([C:13])[C:65](=[O:64])[H:106].[P:56](=[O:57])([O:58])([O:59])[O:66][H:107],EVODEX-P34670
EVODEX-N14425,[H]O[C:65](=[O:64])[H:106]>>[H]N=C1:N([H]):C2:C(:C(=O):N:1[H])N([H])[C@@]([H])(C([H])([H])N(C1:C([H]):C([H]):C(C(=O)N([H])[C@]([H])(C(=O)O[H])C([H])([H])C([H])([H])C(=O)O[H]):C([H]):C:1[H])[C:65](=[O:64])[H:106])C([H])([H])N2[H],EVODEX-P34671
EVODEX-N14426,[H]O[C@@]1([H])[C@@]([H])(O[H])[C@]([H])(N2:C([H]):N:C3:C(N([H])[H]):N:C([H]):N:C:3:2)O[C@]1([H])C([H])([H])OP(=O)(O[H])OP(=O)(O[H])O[P:56](=[O:57])([O:58])[O:59].[H]C(=O)[O:66][H:107]>>[P:56](=[O:57])([O:58])([O:59])[O:66][H:107],EVODEX-P34672
EVODEX-N14427,[H]OP(=O)(O[H])[O:55][P:52].[H]O[C:65](=[O:64])[H:106]>>[H][O:55][P:52].[H]N=C1:N([H]):C2:C(:C(=O):N:1[H])N([H])[C@@]([H])(C([H])([H])N(C1:C([H]):C([H]):C(C(=O)N([H])[C@]([H])(C(=O)O[H])C([H])([H])C([H])([H])C(=O)O[H]):C([H]):C:1[H])[C:65](=[O:64])[H:106])C([H])([H])N2[H],EVODEX-P34673
EVODEX-N14428,[H]O[C@@]1([H])[C@@]([H])(O[H])[C@]([H])(N2:C([H]):N:C3:C(N([H])[H]):N:C([H]):N:C:3:2)O[C@]1([H])C([H])([H])OP(=O)(O[H])OP(=O)(O[H])O[P:56](=[O:57])([O:58])[O:59].[C:65][O:66][H:107]>>[H]N=C1:N([H]):C2:C(:C(=O):N:1[H])N([H])[C@@]([H])(C([H])([H])N(C1:C([H]):C([H]):C(C(=O)N([H])[C@]([H])(C(=O)O[H])C([H])([H])C([H])([H])C(=O)O[H]):C([H]):C:1[H])[C:65])C([H])([H])N2[H].[P:56](=[O:57])([O:58])([O:59])[O:66][H:107],EVODEX-P34674
EVODEX-N14429,.[H][N:12]([C:11])[C:13]>>[H].[H]C(=O)[N:12]([C:11])[C:13].[H]O,"EVODEX-P34675,EVODEX-P34863"
EVODEX-N14430,[H]OP(=O)(O[H])[O:55][P:52].[H][N:12]([C:11])[C:13]>>[H][O:55][P:52].[H]C(=O)[N:12]([C:11])[C:13],EVODEX-P34676
EVODEX-N14431,[H]O[C@@]1([H])[C@@]([H])(O[H])[C@]([H])(N2:C([H]):N:C3:C(N([H])[H]):N:C([H]):N:C:3:2)O[C@]1([H])C([H])([H])OP(=O)(O[H])OP(=O)(O[H])O[P:56](=[O:57])([O:58])[O:59].[H][N:12]([C:11])[C:13]>>[H]C(=O)[N:12]([C:11])[C:13].[H]O[P:56](=[O:57])([O:58])[O:59],EVODEX-P34677
EVODEX-N14432,[H][N:12]([C:11])[C:13].[O:64]=[C:65]([O:66])[H:106]>>[C:11][N:12]([C:13])[C:65](=[O:64])[H:106].[H]OP(=O)(O[H])[O:66],EVODEX-P34678
EVODEX-N14433,[H]C(=O)[O:66][H:107]>>[H]OP(=O)(O[H])[O:66][H:107],EVODEX-P34679
EVODEX-N14434,[H][N:12]([C:11])[C:13].[H]O[C:65](=[O:64])[H:106]>>[C:11][N:12]([C:13])[C:65](=[O:64])[H:106],"EVODEX-P34680,EVODEX-P34867"
EVODEX-N14435,[H][O:56][P:54].[N:12][C:13](=[O:14])[H:89].[O:62]=[P:63]([O:64][H:105])([O:65])[O:66]>>[C:13](=[O:14])([O:64][H:105])[H:89].[P:54][O:56][P:63](=[O:62])([O:65])[O:66].[H][N:12],EVODEX-P34681
EVODEX-N14436,[H][O:56][P:54].[H]N=C1:N([H]):C2:C(:C(=O):N:1[H])N([H])[C@@]([H])(C([H])([H])N(C1:C([H]):C([H]):C(C(=O)N([H])[C@]([H])(C(=O)O[H])C([H])([H])C([H])([H])C(=O)O[H]):C([H]):C:1[H])[C:13](=[O:14])[H:89])C([H])([H])N2[H].[O:62]=[P:63]([O:64][H:105])([O:65])[O:66]>>[C:13](=[O:14])([O:64][H:105])[H:89].[P:54][O:56][P:63](=[O:62])([O:65])[O:66],EVODEX-P34682
EVODEX-N14437,[H][O:56][P:54].[H]C(=O)[N:12]([C:11])[C:15].[H]O[P:63](=[O:62])([O:65])[O:66]>>[P:54][O:56][P:63](=[O:62])([O:65])[O:66].[H][N:12]([C:11])[C:15],EVODEX-P34683
EVODEX-N14438,[H][O:56][P:54].[O:62]=[P:63]([O:64])([O:65])[O:66]>>[H]C(=O)[O:64].[P:54][O:56][P:63](=[O:62])([O:65])[O:66],EVODEX-P34684
EVODEX-N14439,[H][O:56][P:54]>>[H]O.[H]OP(=O)(O[H])[O:56][P:54].[H],EVODEX-P34685
EVODEX-N14440,[H]N=C1:N([H]):C2:C(:C(=O):N:1[H])N([H])[C@@]([H])(C([H])([H])N(C1:C([H]):C([H]):C(C(=O)N([H])[C@]([H])(C(=O)O[H])C([H])([H])C([H])([H])C(=O)O[H]):C([H]):C:1[H])[C:13](=[O:14])[H:89])C([H])([H])N2[H].[H]OP(=O)(O[H])[O:64][H:105]>>[C:13](=[O:14])([O:64][H:105])[H:89],EVODEX-P34686
EVODEX-N14441,[H][O:56][P:54].[H]N=C1:N([H]):C2:C(:C(=O):N:1[H])N([H])[C@@]([H])(C([H])([H])N(C1:C([H]):C([H]):C(C(=O)N([H])[C@]([H])(C(=O)O[H])C([H])([H])C([H])([H])C(=O)O[H]):C([H]):C:1[H])[C:13](=[O:14])[H:89])C([H])([H])N2[H]>>[H]O[C:13](=[O:14])[H:89].[H]OP(=O)(O[H])[O:56][P:54],EVODEX-P34687
EVODEX-N14442,[N:12][C:13](=[O:14])[H:89].[P:63][O:64][H:105]>>[C:13](=[O:14])([O:64][H:105])[H:89].[H]O[C@@]1([H])[C@@]([H])(O[H])[C@]([H])(N2:C([H]):N:C3:C(N([H])[H]):N:C([H]):N:C:3:2)O[C@]1([H])C([H])([H])OP(=O)(O[H])OP(=O)(O[H])O[P:63].[H][N:12],EVODEX-P34688
EVODEX-N14443,[H]N=C1:N([H]):C2:C(:C(=O):N:1[H])N([H])[C@@]([H])(C([H])([H])N(C1:C([H]):C([H]):C(C(=O)N([H])[C@]([H])(C(=O)O[H])C([H])([H])C([H])([H])C(=O)O[H]):C([H]):C:1[H])[C:13](=[O:14])[H:89])C([H])([H])N2[H].[P:63][O:64][H:105]>>[C:13](=[O:14])([O:64][H:105])[H:89].[H]O[C@@]1([H])[C@@]([H])(O[H])[C@]([H])(N2:C([H]):N:C3:C(N([H])[H]):N:C([H]):N:C:3:2)O[C@]1([H])C([H])([H])OP(=O)(O[H])OP(=O)(O[H])O[P:63],EVODEX-P34689
EVODEX-N14444,[H][O:56][P:54].[H]C(=O)[N:12]([C:11])[C:15]>>[H]OP(=O)(O[H])[O:56][P:54].[H][N:12]([C:11])[C:15],EVODEX-P34690
EVODEX-N14445,[N:12][C:13](=[O:14])[H:89].[H]OP(=O)(O[H])[O:64][H:105]>>[C:13](=[O:14])([O:64][H:105])[H:89].[H][N:12],EVODEX-P34691
EVODEX-N14446,[H]C(=O)[N:12]([C:11])[C:15].[H]O[P:63](=[O:62])([O:65])[O:66]>>[H]O[C@@]1([H])[C@@]([H])(O[H])[C@]([H])(N2:C([H]):N:C3:C(N([H])[H]):N:C([H]):N:C:3:2)O[C@]1([H])C([H])([H])OP(=O)(O[H])OP(=O)(O[H])O[P:63](=[O:62])([O:65])[O:66].[H][N:12]([C:11])[C:15],EVODEX-P34692
EVODEX-N14447,[H]OP(=O)(O[H])[O:64][H:105]>>[H]C(=O)[O:64][H:105],EVODEX-P34693
EVODEX-N14448,>>[H]C=O.[H]O[C@@]1([H])[C@@]([H])(O[H])[C@]([H])(N2:C([H]):N:C3:C(N([H])[H]):N:C([H]):N:C:3:2)O[C@]1([H])C([H])([H])OP(=O)(O[H])OP(O)(=O)O[H],EVODEX-P34694
EVODEX-N14449,[H][N:13]([C:14])[H:53].[H][N:1]([C:2](=[O:3])[N:4])[H:60].[O:36][P:37](=[O:38])([O:39])[O:40]>>[N:1](=[C:2]([N:4])[N:13]([C:14])[H:53])[H:60].[H][O:3][P:37]([O:36])(=[O:38])[O:39].[H][O:40],EVODEX-P34695
EVODEX-N14450,[H][N:13]([C:14])[H:53].[H][N:1]([C:2](=[O:3])[N:4])[H:60].[H]OP(=O)(O[H])OP(=O)(O[H])O[P:37]([O:36])(=[O:38])[O:39]>>[N:1](=[C:2]([N:4])[N:13]([C:14])[H:53])[H:60].[H][O:3][P:37]([O:36])(=[O:38])[O:39],EVODEX-P34696
EVODEX-N14451,[H]OC(=O)[C@@]([H])(N([H])[H])C([H])([H])C([H])([H])C([H])([H])N([H])C(N([H])[H])=[O:3]>>[H]O[C@@]1([H])[C@@]([H])(O[H])[C@]([H])(N2:C([H]):N:C3:C(N([H])[H]):N:C([H]):N:C:3:2)O[C@]1([H])C([H])([H])OP(=O)(O[H])[O:3][H],EVODEX-P34697
EVODEX-N14452,[H][N:13]([C:14])[H:53]>>[H]N=C(N([H])C([H])([H])C([H])([H])C([H])([H])[C@@]([H])(C(=O)O[H])N([H])[H])[N:13]([C:14])[H:53].[H]O.[H],EVODEX-P34698
EVODEX-N14453,[H][N:13]([C:14])[H:53]>>[H]N=C(N([H])C([H])([H])C([H])([H])C([H])([H])[C@@]([H])(C(=O)O[H])N([H])[H])[N:13]([C:14])[H:53],EVODEX-P34699
EVODEX-N14454,[H][N:13]([C:14])[H:53].[H][N:1]([C:2](=O)[N:4])[H:60].[H]O[C@@]1([H])[C@@]([H])(O[H])[C@]([H])(N2:C([H]):N:C3:C(N([H])[H]):N:C([H]):N:C:3:2)O[C@]1([H])C([H])([H])OP(=O)(O[H])[O:40][P:41]>>[N:1](=[C:2]([N:4])[N:13]([C:14])[H:53])[H:60].[H][O:40][P:41],EVODEX-P34700
EVODEX-N14455,[H][N:13]([C:14])[H:53].[H]OP(=O)(O[H])OP(=O)(O[H])O[P:37]([O:36])(=[O:38])[O:39]>>[H]N=C(N([H])C([H])([H])C([H])([H])C([H])([H])[C@@]([H])(C(=O)O[H])N([H])[H])[N:13]([C:14])[H:53].[H]O[P:37]([O:36])(=[O:38])[O:39],EVODEX-P34701
EVODEX-N14456,[H][N:13]([C:14])[H:53].[H]O[C@@]1([H])[C@@]([H])(O[H])[C@]([H])(N2:C([H]):N:C3:C(N([H])[H]):N:C([H]):N:C:3:2)O[C@]1([H])C([H])([H])OP(=O)(O[H])[O:40][P:41]>>[H]N=C(N([H])C([H])([H])C([H])([H])C([H])([H])[C@@]([H])(C(=O)O[H])N([H])[H])[N:13]([C:14])[H:53].[H][O:40][P:41],EVODEX-P34702
EVODEX-N14457,[H][N:13]([C:14])[H:53].[H][N:1]([C:2](=O)[N:4])[H:60]>>[N:1](=[C:2]([N:4])[N:13]([C:14])[H:53])[H:60],EVODEX-P34703
EVODEX-N14458,[H][N:13]([C:14])[H:53].[H][N:1]([C:2](=[O:3])[N:4])[H:60]>>[N:1](=[C:2]([N:4])[N:13]([C:14])[H:53])[H:60].[H]O[C@@]1([H])[C@@]([H])(O[H])[C@]([H])(N2:C([H]):N:C3:C(N([H])[H]):N:C([H]):N:C:3:2)O[C@]1([H])C([H])([H])OP(=O)(O[H])[O:3][H],EVODEX-P34704
EVODEX-N14459,[H][N:1]([C:2](=[O:3])[N:4])[H:60].[O:36][P:37](=[O:38])([O:39])[O:40]>>[H]OC(=O)C([H])([H])[C@@]([H])(C(=O)O[H])N([H])[C:2](=[N:1][H:60])[N:4].[H][O:3][P:37]([O:36])(=[O:38])[O:39].[H][O:40],EVODEX-P34705
EVODEX-N14460,[H][N:1]([C:2](=[O:3])[N:4])[H:60].[H]OP(=O)(O[H])OP(=O)(O[H])O[P:37]([O:36])(=[O:38])[O:39]>>[H]OC(=O)C([H])([H])[C@@]([H])(C(=O)O[H])N([H])[C:2](=[N:1][H:60])[N:4].[H][O:3][P:37]([O:36])(=[O:38])[O:39],EVODEX-P34706
EVODEX-N14461,[H][N:1]([C:2](=O)[N:4])[H:60]>>[H]OC(=O)C([H])([H])[C@@]([H])(C(=O)O[H])N([H])[C:2](=[N:1][H:60])[N:4],EVODEX-P34707
EVODEX-N14462,[H][N:1]([C:2](=O)[N:4])[H:60].[H]O[C@@]1([H])[C@@]([H])(O[H])[C@]([H])(N2:C([H]):N:C3:C(N([H])[H]):N:C([H]):N:C:3:2)O[C@]1([H])C([H])([H])OP(=O)(O[H])[O:40][P:41]>>[H]OC(=O)C([H])([H])[C@@]([H])(C(=O)O[H])N([H])[C:2](=[N:1][H:60])[N:4].[H][O:40][P:41],EVODEX-P34708
EVODEX-N14463,[H]OC(=O)[C@@]([H])(N([H])[H])C([H])([H])C([H])([H])C([H])([H])N([H])C(N([H])[H])=[O:3].[O:36][P:37](=[O:38])([O:39])[O:40]>>[H][O:3][P:37]([O:36])(=[O:38])[O:39].[H][O:40],EVODEX-P34709
EVODEX-N14464,[H][N:1]([C:2](=[O:3])[N:4])[H:60]>>[H]OC(=O)C([H])([H])[C@@]([H])(C(=O)O[H])N([H])[C:2](=[N:1][H:60])[N:4].[H]O[C@@]1([H])[C@@]([H])(O[H])[C@]([H])(N2:C([H]):N:C3:C(N([H])[H]):N:C([H]):N:C:3:2)O[C@]1([H])C([H])([H])OP(=O)(O[H])[O:3][H],EVODEX-P34710
EVODEX-N14465,[H]OC(=O)[C@@]([H])(N([H])[H])C([H])([H])C([H])([H])C([H])([H])N([H])C(N([H])[H])=[O:3].[H]OP(=O)(O[H])OP(=O)(O[H])O[P:37]([O:36])(=[O:38])[O:39]>>[H][O:3][P:37]([O:36])(=[O:38])[O:39],EVODEX-P34711
EVODEX-N14466,[H][O:38][P:36]([O:35])(=[O:37])[O:39].[N:1](=[C:2]([N:3])[N:12])[H:67].[H][O:46][P:45]>>[H][N:12].[H][N:1]([C:2]([N:3])=[O:38])[H:67].[O:35][P:36](=[O:37])([O:39])[O:46][P:45],EVODEX-P34712
EVODEX-N14467,[H]O[P:36]([O:35])(=[O:37])[O:39].[H]N=C(N([H])C([H])([H])C([H])([H])C([H])([H])[C@@]([H])(C(=O)O[H])N([H])[H])[N:12]([C:13])[H:79].[H][O:46][P:45]>>[H][N:12]([C:13])[H:79].[O:35][P:36](=[O:37])([O:39])[O:46][P:45],EVODEX-P34714
EVODEX-N14468,[H][O:38][P:36]([O:35])(=[O:37])[O:39].[H]OC(=O)C([H])([H])[C@@]([H])(C(=O)O[H])N([H])[C:2](=[N:1][H:67])[N:3].[H][O:46][P:45]>>[H][N:1]([C:2]([N:3])=[O:38])[H:67].[O:35][P:36](=[O:37])([O:39])[O:46][P:45],EVODEX-P34715
EVODEX-N14469,[H][O:38][P:36]>>[H]OC(=O)[C@@]([H])(N([H])[H])C([H])([H])C([H])([H])C([H])([H])N([H])C(N([H])[H])=[O:38].[H]OP(=O)(O[H])OP(=O)(O[H])O[P:36],EVODEX-P34716
EVODEX-N14470,[H][O:38][P:36]([O:35])(=[O:37])[O:39].[H][O:46][P:45]>>[H]OC(=O)[C@@]([H])(N([H])[H])C([H])([H])C([H])([H])C([H])([H])N([H])C(N([H])[H])=[O:38].[O:35][P:36](=[O:37])([O:39])[O:46][P:45],EVODEX-P34717
EVODEX-N14471,[H][O:38][P:36].[N:1](=[C:2]([N:3])[N:12])[H:67]>>[H][N:12].[H][N:1]([C:2]([N:3])=[O:38])[H:67].[H]OP(=O)(O[H])OP(=O)(O[H])O[P:36],EVODEX-P34718
EVODEX-N14472,[H]O[C@@]1([H])[C@@]([H])(O[H])[C@]([H])(N2:C([H]):N:C3:C(N([H])[H]):N:C([H]):N:C:3:2)O[C@]1([H])C([H])([H])OP(=O)(O[H])[O:38][H].[N:1](=[C:2]([N:3])[N:12])[H:67]>>[H][N:12].[H][N:1]([C:2]([N:3])=[O:38])[H:67],EVODEX-P34719
EVODEX-N14473,[N:1](=[C:2]([N:3])[N:12])[H:67].[H][O:46][P:45]>>[H][N:12].[H][N:1]([C:2](=O)[N:3])[H:67].[H]O[C@@]1([H])[C@@]([H])(O[H])[C@]([H])(N2:C([H]):N:C3:C(N([H])[H]):N:C([H]):N:C:3:2)O[C@]1([H])C([H])([H])OP(=O)(O[H])[O:46][P:45],EVODEX-P34720
EVODEX-N14474,[H]O[P:36]([O:35])(=[O:37])[O:39].[H]N=C(N([H])C([H])([H])C([H])([H])C([H])([H])[C@@]([H])(C(=O)O[H])N([H])[H])[N:12]([C:13])[H:79]>>[H][N:12]([C:13])[H:79].[H]OP(=O)(O[H])OP(=O)(O[H])O[P:36]([O:35])(=[O:37])[O:39],EVODEX-P34721
EVODEX-N14475,[H]O[C@@]1([H])[C@@]([H])(O[H])[C@]([H])(N2:C([H]):N:C3:C(N([H])[H]):N:C([H]):N:C:3:2)O[C@]1([H])C([H])([H])OP(=O)(O[H])[O:38][H]>>[H]OC(=O)[C@@]([H])(N([H])[H])C([H])([H])C([H])([H])C([H])([H])N([H])C(N([H])[H])=[O:38],EVODEX-P34722
EVODEX-N14476,[H][O:38][P:36].[H]OC(=O)C([H])([H])[C@@]([H])(C(=O)O[H])N([H])[C:2](=[N:1][H:67])[N:3]>>[H][N:1]([C:2]([N:3])=[O:38])[H:67].[H]OP(=O)(O[H])OP(=O)(O[H])O[P:36],EVODEX-P34723
EVODEX-N14477,[H]N=C(N([H])C([H])([H])C([H])([H])C([H])([H])[C@@]([H])(C(=O)O[H])N([H])[H])[N:12]([C:13])[H:79].[H][O:46][P:45]>>[H][N:12]([C:13])[H:79].[H]O[C@@]1([H])[C@@]([H])(O[H])[C@]([H])(N2:C([H]):N:C3:C(N([H])[H]):N:C([H]):N:C:3:2)O[C@]1([H])C([H])([H])OP(=O)(O[H])[O:46][P:45],EVODEX-P34725
EVODEX-N14478,[H]OC(=O)C([H])([H])[C@@]([H])(C(=O)O[H])N([H])[C:2](=[N:1][H:67])[N:3].[H][O:46][P:45]>>[H][N:1]([C:2](=O)[N:3])[H:67].[H]O[C@@]1([H])[C@@]([H])(O[H])[C@]([H])(N2:C([H]):N:C3:C(N([H])[H]):N:C([H]):N:C:3:2)O[C@]1([H])C([H])([H])OP(=O)(O[H])[O:46][P:45],EVODEX-P34726
EVODEX-N14479,[H]O[C@@]1([H])[C@@]([H])(O[H])[C@]([H])(N2:C([H]):N:C3:C(N([H])[H]):N:C([H]):N:C:3:2)O[C@]1([H])C([H])([H])OP(=O)(O[H])[O:38][H].[H]OC(=O)C([H])([H])[C@@]([H])(C(=O)O[H])N([H])[C:2](=[N:1][H:67])[N:3]>>[H][N:1]([C:2]([N:3])=[O:38])[H:67],EVODEX-P34728
EVODEX-N14480,[H][N:1]([C:2])[H:40].[H]OP(=O)(O[H])O[P:24]([O:23])(=[O:25])[O:26].[O:36]=[C:37]([O:38][H:60])[O:39]>>[O:23][P:24](=[O:25])([O:26])[O:38][H:60].[N:1]([C:2])([C:37](=[O:36])[O:39])[H:40],"EVODEX-P34730,EVODEX-P34870"
EVODEX-N14481,[H][N:1]([C:2])[H:40].[H]O[C@@]1([H])[C@@]([H])(O[H])[C@]([H])(N2:C([H]):N:C3:C(N([H])[H]):N:C([H]):N:C:3:2)O[C@]1([H])C([H])([H])OP(=O)(O[H])OP(=O)(O[H])[O:27][P:28].[H]O[C:37](=[O:36])[O:39]>>[N:1]([C:2])([C:37](=[O:36])[O:39])[H:40].[H][O:27][P:28],"EVODEX-P34731,EVODEX-P34871"
EVODEX-N14482,[H]O[C:37](=[O:36])[O:39]>>[H]N([H])C(=O)N([H])[C:37](=[O:36])[O:39],EVODEX-P34732
EVODEX-N14483,[H][N:1]([C:2])[H:40].[O:36]=[C:37]([O:38])[O:39]>>[H]O[C@@]1([H])[C@@]([H])(O[H])[C@]([H])(N2:C([H]):N:C3:C(N([H])[H]):N:C([H]):N:C:3:2)O[C@]1([H])C([H])([H])OP(=O)(O[H])OP(=O)(O[H])[O:38].[N:1]([C:2])([C:37](=[O:36])[O:39])[H:40],"EVODEX-P34733,EVODEX-P34873"
EVODEX-N14484,[H]OP(=O)(O[H])O[P:24]([O:23])(=[O:25])[O:26].[H]OC(=O)[O:38][H:60]>>[O:23][P:24](=[O:25])([O:26])[O:38][H:60],EVODEX-P34735
EVODEX-N14485,[H][N:1]([C:2])[H:40].[H]OP(=O)(O[H])O[P:24]([O:23])(=[O:25])[O:26]>>[H]O[P:24]([O:23])(=[O:25])[O:26].[H]OC(=O)[N:1]([C:2])[H:40],"EVODEX-P34736,EVODEX-P34875"
EVODEX-N14486,[O:23][P:24](=[O:25])([O:26])[O:27].[C:37][O:38][H:60]>>[O:23][P:24](=[O:25])([O:26])[O:38][H:60].[H]N([H])C(=O)N([H])[C:37].[H][O:27],EVODEX-P34737
EVODEX-N14487,[H]OP(=O)(O[H])O[P:24]([O:23])(=[O:25])[O:26].[C:37][O:38][H:60]>>[O:23][P:24](=[O:25])([O:26])[O:38][H:60].[H]N([H])C(=O)N([H])[C:37],EVODEX-P34738
EVODEX-N14488,[H][N:1]([C:2])[H:40].[H]O[C@@]1([H])[C@@]([H])(O[H])[C@]([H])(N2:C([H]):N:C3:C(N([H])[H]):N:C([H]):N:C:3:2)O[C@]1([H])C([H])([H])OP(=O)(O[H])OP(=O)(O[H])[O:27][P:28]>>[H]OC(=O)[N:1]([C:2])[H:40].[H][O:27][P:28],"EVODEX-P34741,EVODEX-P34880"
EVODEX-N14489,[H]O[C@@]1([H])[C@@]([H])(O[H])[C@]([H])(N2:C([H]):N:C3:C(N([H])[H]):N:C([H]):N:C:3:2)O[C@]1([H])C([H])([H])OP(=O)(O[H])OP(=O)(O[H])[O:27][P:28].[H]O[C:37](=[O:36])[O:39]>>[H]N([H])C(=O)N([H])[C:37](=[O:36])[O:39].[H][O:27][P:28],EVODEX-P34743
EVODEX-N14490,[H]OC(=O)[O:38][H:60]>>[H]O[C@@]1([H])[C@@]([H])(O[H])[C@]([H])(N2:C([H]):N:C3:C(N([H])[H]):N:C([H]):N:C:3:2)O[C@]1([H])C([H])([H])OP(=O)(O[H])OP(=O)(O[H])[O:38][H:60],EVODEX-P34744
EVODEX-N14491,>>[H]OP(=O)OP(=O)(O[H])OC([H])([H])[C@@]1([H])O[C@@]([H])(N2:C([H]):N:C3:C(N([H])[H]):N:C([H]):N:C:3:2)[C@]([H])(O[H])[C@]1([H])O[H].[H]NC(=O)N([H])[H],EVODEX-P34745
EVODEX-N14492,[O:20][P:21](=[O:22])([O:23])[O:24].[H][N:1]([H:63])[H:64].[O:40][C:41]([O:42][H:72])([C:43])[H:71]>>[N:1]([C@:41]([O:40])([C:43])[H:71])([H:63])[H:64].[O:20][P:21](=[O:22])([O:23])[O:42][H:72].[H][O:24],EVODEX-P34746
EVODEX-N14493,[H]OP(=O)(O[H])O[P:21]([O:20])(=[O:22])[O:23].[H][N:1]([H:63])[H:64].[O:40][C:41]([O:42][H:72])([C:43])[H:71]>>[N:1]([C@:41]([O:40])([C:43])[H:71])([H:63])[H:64].[O:20][P:21](=[O:22])([O:23])[O:42][H:72],EVODEX-P34747
EVODEX-N14494,[H]O[C@@]1([H])[C@@]([H])(O[H])[C@]([H])(N2:C([H]):N:C3:C(N([H])[H]):N:C([H]):N:C:3:2)O[C@]1([H])C([H])([H])OP(=O)(O[H])OP(=O)(O[H])[O:24][P:25].[H][N:1]([H:63])[H:64].[H]O[C:41]([O:40])([C:43])[H:71]>>[N:1]([C@:41]([O:40])([C:43])[H:71])([H:63])[H:64].[H][O:24][P:25],EVODEX-P34749
EVODEX-N14495,[H]O[C@@]1([H])[C@@]([H])(O[H])C([H])([O:42][H:72])O[C@]1([H])C([H])([H])OP(=O)(O[H])O[H]>>[H]O[C@@]1([H])[C@@]([H])(O[H])[C@]([H])(N2:C([H]):N:C3:C(N([H])[H]):N:C([H]):N:C:3:2)O[C@]1([H])C([H])([H])OP(=O)(O[H])OP(=O)(O[H])[O:42][H:72],EVODEX-P34750
EVODEX-N14496,[H]O[C@@]1([H])[C@@]([H])(O[H])[C@]([H])(N2:C([H]):N:C3:C(N([H])[H]):N:C([H]):N:C:3:2)O[C@]1([H])C([H])([H])OP(=O)(O[H])OP(=O)(O[H])[O:24][P:25].[H]O[C:41]([O:40])([C:43])[H:71]>>[H]N([H])[C@:41]([O:40])([C:43])[H:71].[H][O:24][P:25],EVODEX-P34752
EVODEX-N14497,[O:20][P:21](=[O:22])([O:23])[O:24].[H]O[C@@]1([H])[C@@]([H])(O[H])C([H])([O:42][H:72])O[C@]1([H])C([H])([H])OP(=O)(O[H])O[H]>>[O:20][P:21](=[O:22])([O:23])[O:42][H:72].[H][O:24],EVODEX-P34753
EVODEX-N14498,.[H][N:1]([H:63])[H:64]>>[H]O[C@@]1([H])[C@@]([H])(O[H])[C@]([H])([N:1]([H:63])[H:64])O[C@]1([H])C([H])([H])OP(=O)(O[H])O[H].[H]O.[H],EVODEX-P34754
EVODEX-N14499,[H][N:1]([H:63])[H:64].[H]O[C:41]([O:40])([C:43])[H:71]>>[N:1]([C@:41]([O:40])([C:43])[H:71])([H:63])[H:64],EVODEX-P34755
EVODEX-N14500,[H]OP(=O)(O[H])O[P:21]([O:20])(=[O:22])[O:23].[H][N:1]([H:63])[H:64]>>[H]O[C@@]1([H])[C@@]([H])(O[H])[C@]([H])([N:1]([H:63])[H:64])O[C@]1([H])C([H])([H])OP(=O)(O[H])O[H].[H]O[P:21]([O:20])(=[O:22])[O:23],EVODEX-P34756
EVODEX-N14501,[H]O[C@@]1([H])[C@@]([H])(O[H])[C@]([H])(N2:C([H]):N:C3:C(N([H])[H]):N:C([H]):N:C:3:2)O[C@]1([H])C([H])([H])OP(=O)(O[H])OP(=O)(O[H])[O:24][P:25].[H][N:1]([H:63])[H:64]>>[H]O[C@@]1([H])[C@@]([H])(O[H])[C@]([H])([N:1]([H:63])[H:64])O[C@]1([H])C([H])([H])OP(=O)(O[H])O[H].[H][O:24][P:25],EVODEX-P34757
EVODEX-N14502,[H][N:1]([H:63])[H:64].[O:40][C:41]([O:42])([C:43])[H:71]>>[N:1]([C@:41]([O:40])([C:43])[H:71])([H:63])[H:64].[H]O[C@@]1([H])[C@@]([H])(O[H])[C@]([H])(N2:C([H]):N:C3:C(N([H])[H]):N:C([H]):N:C:3:2)O[C@]1([H])C([H])([H])OP(=O)(O[H])OP(=O)(O[H])[O:42],EVODEX-P34758
EVODEX-N14503,[H]OP(=O)(O[H])O[P:21]([O:20])(=[O:22])[O:23].[H]O[C@@]1([H])[C@@]([H])(O[H])C([H])([O:42][H:72])O[C@]1([H])C([H])([H])OP(=O)(O[H])O[H]>>[O:20][P:21](=[O:22])([O:23])[O:42][H:72],EVODEX-P34759
EVODEX-N14504,[H][N:1]([H:63])[H:64]>>[H]O[C@@]1([H])[C@@]([H])(O[H])[C@]([H])([N:1]([H:63])[H:64])O[C@]1([H])C([H])([H])OP(=O)(O[H])O[H],EVODEX-P34760
EVODEX-N14505,[H]O[C:41]([O:40])([C:43])[H:71]>>[H]N([H])[C@:41]([O:40])([C:43])[H:71],EVODEX-P34761
EVODEX-N14506,>>[H]NC([H])([H])[H].[H]OP(=O)OP(=O)(O[H])OC([H])([H])[C@@]1([H])O[C@@]([H])(N2:C([H]):N:C3:C(N([H])[H]):N:C([H]):N:C:3:2)[C@]([H])(O[H])[C@]1([H])O[H],EVODEX-P34770
EVODEX-N14507,[O:31][P:32](=[O:33])([O:34])[O:35].[C:7][O:9][H:72]>>[H]N(C([H])([H])[H])[C:7].[H][O:35].[O:9]([P:32]([O:31])(=[O:33])[O:34])[H:72],EVODEX-P34772
EVODEX-N14508,[H]O[C@@]1([H])[C@@]([H])(O[H])[C@]([H])(N2:C([H]):N:C3:C(N([H])[H]):N:C([H]):N:C:3:2)O[C@]1([H])C([H])([H])OP(=O)(O[H])OP(=O)(O[H])[O:35][P:36].[H]O[C:7]([C:6])=[O:8]>>[H]N(C([H])([H])[H])[C:7]([C:6])=[O:8].[H][O:35][P:36],EVODEX-P34774
EVODEX-N14509,[H]OP(=O)(O[H])O[P:32]([O:31])(=[O:33])[O:34].[C:7][O:9][H:72]>>[H]N(C([H])([H])[H])[C:7].[O:9]([P:32]([O:31])(=[O:33])[O:34])[H:72],EVODEX-P34775
EVODEX-N14510,[H]O[C:7]([C:6])=[O:8]>>[H]N(C([H])([H])[H])[C:7]([C:6])=[O:8],EVODEX-P34776
EVODEX-N14511,[H]O[C:3]([C:2])=[O:4]>>[H]O[C@@]1([H])[C@@]([H])(O[H])[C@]([H])(N([H])[C:3]([C:2])=[O:4])O[C@]1([H])C([H])([H])OP(=O)(O[H])O[H],EVODEX-P34780
EVODEX-N14512,>>[H]N[C@]1([H])O[C@]([H])(C([H])([H])OP(=O)(O[H])O[H])[C@@]([H])(O[H])[C@@]1([H])O[H].[H]OP(=O)OP(=O)(O[H])OC([H])([H])[C@@]1([H])O[C@@]([H])(N2:C([H]):N:C3:C(N([H])[H]):N:C([H]):N:C:3:2)[C@]([H])(O[H])[C@]1([H])O[H],EVODEX-P34783
EVODEX-N14513,[C:3][O:5][H:55].[O:38][P:39](=[O:40])([O:41])[O:42]>>[H]O[C@@]1([H])[C@@]([H])(O[H])[C@]([H])(N([H])[C:3])O[C@]1([H])C([H])([H])OP(=O)(O[H])O[H].[H][O:42].[O:5]([P:39]([O:38])(=[O:40])[O:41])[H:55],EVODEX-P34784
EVODEX-N14514,[H]O[C:3]([C:2])=[O:4].[H]O[C@@]1([H])[C@@]([H])(O[H])[C@]([H])(N2:C([H]):N:C3:C(N([H])[H]):N:C([H]):N:C:3:2)O[C@]1([H])C([H])([H])OP(=O)(O[H])OP(=O)(O[H])[O:42][P:43]>>[H]O[C@@]1([H])[C@@]([H])(O[H])[C@]([H])(N([H])[C:3]([C:2])=[O:4])O[C@]1([H])C([H])([H])OP(=O)(O[H])O[H].[H][O:42][P:43],EVODEX-P34785
EVODEX-N14515,.[H][N:6]([C:7])[H:72]>>[H]N([H])C([H])([H])C(=O)[N:6]([C:7])[H:72].[H].[H]O,EVODEX-P34786
EVODEX-N14516,[C:3][O:5][H:55].[H]OP(=O)(O[H])O[P:39]([O:38])(=[O:40])[O:41]>>[H]O[C@@]1([H])[C@@]([H])(O[H])[C@]([H])(N([H])[C:3])O[C@]1([H])C([H])([H])OP(=O)(O[H])O[H].[O:5]([P:39]([O:38])(=[O:40])[O:41])[H:55],EVODEX-P34787
EVODEX-N14517,[H]O[C@@]1([H])[C@@]([H])(O[H])[C@]([H])(N2:C([H]):N:C3:C(N([H])[H]):N:C([H]):N:C:3:2)O[C@]1([H])C([H])([H])OP(=O)(O[H])OP(=O)(O[H])[O:42][P:43].[H][N:6]([C:7])[H:72]>>[H]N([H])C([H])([H])C(=O)[N:6]([C:7])[H:72].[H][O:42][P:43],EVODEX-P34788
EVODEX-N14518,[H]OP(=O)(O[H])O[P:39]([O:38])(=[O:40])[O:41].[H][N:6]([C:7])[H:72]>>[H]N([H])C([H])([H])C(=O)[N:6]([C:7])[H:72].[H]O[P:39]([O:38])(=[O:40])[O:41],EVODEX-P34789
EVODEX-N14519,[H][N:6]([C:7])[H:72]>>[H]N([H])C([H])([H])C(=O)[N:6]([C:7])[H:72],EVODEX-P34790
EVODEX-N14520,[O:37][P:38](=[O:39])([O:40][H:60])[O:41].[H]O[C@@]1([H])[C@@]([H])(O[H])[C@]([H])(N([H])[C:3]([C:2])=[O:4])O[C@]1([H])C([H])([H])OP(=O)(O[H])O[H].[H][O:48][P:47]>>[O:37][P:38](=[O:39])([O:41])[O:48][P:47].[C:2][C:3](=[O:4])[O:40][H:60],EVODEX-P34792
EVODEX-N14521,[H]O[C@@]1([H])[C@@]([H])(O[H])[C@]([H])(N([H])[C:3]([C:2])=[O:4])O[C@]1([H])C([H])([H])OP(=O)(O[H])O[H]>>[H]O[C:3]([C:2])=[O:4],EVODEX-P34793
EVODEX-N14522,[H]O[P:38]([O:37])(=[O:39])[O:41].[H]N([H])C([H])([H])C(=O)[N:5]([C:6])[H:70].[H][O:48][P:47]>>[O:37][P:38](=[O:39])([O:41])[O:48][P:47].[H][N:5]([C:6])[H:70],EVODEX-P34794
EVODEX-N14523,>>[H]OP(O)(=O)O[H].[H]N([H])C([H])([H])C=O,EVODEX-P34795
EVODEX-N14524,[O:37][P:38](=[O:39])([O:40])[O:41].[H][O:48][P:47]>>[O:37][P:38](=[O:39])([O:41])[O:48][P:47].[H]N([H])C([H])([H])C(=O)[O:40],EVODEX-P34796
EVODEX-N14525,[P:38][O:40][H:60].[H]O[C@@]1([H])[C@@]([H])(O[H])[C@]([H])(N([H])[C:3]([C:2])=[O:4])O[C@]1([H])C([H])([H])OP(=O)(O[H])O[H]>>[H]OP(=O)(O[H])O[P:38].[C:2][C:3](=[O:4])[O:40][H:60],EVODEX-P34798
EVODEX-N14526,[H]O[P:38]([O:37])(=[O:39])[O:41].[H]N([H])C([H])([H])C(=O)[N:5]([C:6])[H:70]>>[H]OP(=O)(O[H])O[P:38]([O:37])(=[O:39])[O:41].[H][N:5]([C:6])[H:70],EVODEX-P34800
EVODEX-N14527,[H]O[C@@]1([H])[C@@]([H])(O[H])[C@]([H])(N([H])[C:3]([C:2])=[O:4])O[C@]1([H])C([H])([H])OP(=O)(O[H])O[H].[H][O:48][P:47]>>[H]O[C@@]1([H])[C@@]([H])(O[H])[C@]([H])(N2:C([H]):N:C3:C(N([H])[H]):N:C([H]):N:C:3:2)O[C@]1([H])C([H])([H])OP(=O)(O[H])OP(=O)(O[H])[O:48][P:47].[H]O[C:3]([C:2])=[O:4],EVODEX-P34801
EVODEX-N14528,[H]O[C@@]1([H])[C@@]([H])(O[H])[C@]([H])(N2:C([H]):N:C3:C(N([H])[H]):N:C([H]):N:C:3:2)O[C@]1([H])C([H])([H])OP(=O)(O[H])OP(=O)(O[H])[O:40][H:60]>>[H]N([H])C([H])([H])C(=O)[O:40][H:60],EVODEX-P34802
EVODEX-N14529,[H]N([H])C([H])([H])C(=O)[N:5]([C:6])[H:70].[H][O:48][P:47]>>[H]O[C@@]1([H])[C@@]([H])(O[H])[C@]([H])(N2:C([H]):N:C3:C(N([H])[H]):N:C([H]):N:C:3:2)O[C@]1([H])C([H])([H])OP(=O)(O[H])OP(=O)(O[H])[O:48][P:47].[H][N:5]([C:6])[H:70],EVODEX-P34804
EVODEX-N14530,[H]O[C@@]1([H])[C@@]([H])(O[H])[C@]([H])(N2:C([H]):N:C3:C(N([H])[H]):N:C([H]):N:C:3:2)O[C@]1([H])C([H])([H])OP(=O)(O[H])OP(=O)(O[H])[O:40][H:60].[H]O[C@@]1([H])[C@@]([H])(O[H])[C@]([H])(N([H])[C:3]([C:2])=[O:4])O[C@]1([H])C([H])([H])OP(=O)(O[H])O[H]>>[C:2][C:3](=[O:4])[O:40][H:60],EVODEX-P34807
EVODEX-N14531,[O:19][P:20](=[O:21])([O:22])[O:23].[H][N:43]([C:42])[C:44].[O:48]=[C:49]([O:50][H:84])[O:51]>>[O:19][P:20](=[O:21])([O:22])[O:50][H:84].[C:42][N:43]([C:44])[C:49](=[O:48])[O:51].[H][O:23],EVODEX-P34808
EVODEX-N14532,[H]OP(=O)(O[H])O[P:20]([O:19])(=[O:21])[O:22].[H][N:43]([C:42])[C:44].[O:48]=[C:49]([O:50][H:84])[O:51]>>[O:19][P:20](=[O:21])([O:22])[O:50][H:84].[C:42][N:43]([C:44])[C:49](=[O:48])[O:51],EVODEX-P34809
EVODEX-N14533,[H][N:43]([C:42])[C:44]>>[H]OC(=O)[N:43]([C:42])[C:44],EVODEX-P34810
EVODEX-N14534,[O:19][P:20](=[O:21])([O:22])[O:23].[C:49][O:50][H:84]>>[O:19][P:20](=[O:21])([O:22])[O:50][H:84].[H]OC(=O)C([H])([H])C([H])([H])C([H])([H])C([H])([H])[C@]1([H])SC([H])([H])[C@]2([H])N([C:49])C(=O)N([H])[C@]12[H].[H][O:23],EVODEX-P34811
EVODEX-N14535,[H]O[C@@]1([H])[C@@]([H])(O[H])[C@]([H])(N2:C([H]):N:C3:C(N([H])[H]):N:C([H]):N:C:3:2)O[C@]1([H])C([H])([H])OP(=O)(O[H])OP(=O)(O[H])[O:23][P:24].[H][N:43]([C:42])[C:44].[H]O[C:49](=[O:48])[O:51]>>[C:42][N:43]([C:44])[C:49](=[O:48])[O:51].[H][O:23][P:24],EVODEX-P34812
EVODEX-N14536,[H]O[C:49](=[O:48])[O:51]>>[H]OC(=O)C([H])([H])C([H])([H])C([H])([H])C([H])([H])[C@]1([H])SC([H])([H])[C@]2([H])N([C:49](=[O:48])[O:51])C(=O)N([H])[C@]12[H],EVODEX-P34813
EVODEX-N14537,[H]OP(=O)(O[H])O[P:20]([O:19])(=[O:21])[O:22].[C:49][O:50][H:84]>>[O:19][P:20](=[O:21])([O:22])[O:50][H:84].[H]OC(=O)C([H])([H])C([H])([H])C([H])([H])C([H])([H])[C@]1([H])SC([H])([H])[C@]2([H])N([C:49])C(=O)N([H])[C@]12[H],EVODEX-P34814
EVODEX-N14538,[H]O[C@@]1([H])[C@@]([H])(O[H])[C@]([H])(N2:C([H]):N:C3:C(N([H])[H]):N:C([H]):N:C:3:2)O[C@]1([H])C([H])([H])OP(=O)(O[H])OP(=O)(O[H])[O:23][P:24].[H]O[C:49](=[O:48])[O:51]>>[H]OC(=O)C([H])([H])C([H])([H])C([H])([H])C([H])([H])[C@]1([H])SC([H])([H])[C@]2([H])N([C:49](=[O:48])[O:51])C(=O)N([H])[C@]12[H].[H][O:23][P:24],EVODEX-P34815
EVODEX-N14539,.[H][N:43]([C:42])[C:44]>>[H]O.[H]OC(=O)[N:43]([C:42])[C:44].[H],EVODEX-P34816
EVODEX-N14540,[H]OP(=O)(O[H])O[P:20]([O:19])(=[O:21])[O:22].[H][N:43]([C:42])[C:44]>>[H]O[P:20]([O:19])(=[O:21])[O:22].[H]OC(=O)[N:43]([C:42])[C:44],EVODEX-P34817
EVODEX-N14541,[H][N:43]([C:42])[C:44].[O:48]=[C:49]([O:50])[O:51]>>[H]O[C@@]1([H])[C@@]([H])(O[H])[C@]([H])(N2:C([H]):N:C3:C(N([H])[H]):N:C([H]):N:C:3:2)O[C@]1([H])C([H])([H])OP(=O)(O[H])OP(=O)(O[H])[O:50].[C:42][N:43]([C:44])[C:49](=[O:48])[O:51],EVODEX-P34818
EVODEX-N14542,[H]O[C@@]1([H])[C@@]([H])(O[H])[C@]([H])(N2:C([H]):N:C3:C(N([H])[H]):N:C([H]):N:C:3:2)O[C@]1([H])C([H])([H])OP(=O)(O[H])OP(=O)(O[H])[O:23][P:24].[H][N:43]([C:42])[C:44]>>[H]OC(=O)[N:43]([C:42])[C:44].[H][O:23][P:24],EVODEX-P34819
EVODEX-N14543,[H][N:43]([C:42])[C:44].[H]O[C:49](=[O:48])[O:51]>>[C:42][N:43]([C:44])[C:49](=[O:48])[O:51],EVODEX-P34820
EVODEX-N14544,>>[H]OP(=O)OP(=O)(O[H])OC([H])([H])[C@@]1([H])O[C@@]([H])(N2:C([H]):N:C3:C(N([H])[H]):N:C([H]):N:C:3:2)[C@]([H])(O[H])[C@]1([H])O[H].[H]OC(=O)C([H])([H])C([H])([H])C([H])([H])C([H])([H])[C@]1([H])SC([H])([H])[C@]2([H])NC(=O)N([H])[C@@]21[H],"EVODEX-P34821,EVODEX-P34835"
EVODEX-N14545,[O:19][P:20](=[O:21])([O:22])[O:23].[H][C:35]([C:33])([C:36])[H:69].[O:48]=[C:49]([O:50][H:84])[O:51]>>[O:19][P:20](=[O:21])([O:22])[O:50][H:84].[C:33][C:35]([C:36])([C:49](=[O:48])[O:51])[H:69].[H][O:23],"EVODEX-P34822,EVODEX-P34985,EVODEX-P35032"
EVODEX-N14546,[H]OP(=O)(O[H])O[P:20]([O:19])(=[O:21])[O:22].[H][C:35]([C:33])([C:36])[H:69].[O:48]=[C:49]([O:50][H:84])[O:51]>>[O:19][P:20](=[O:21])([O:22])[O:50][H:84].[C:33][C:35]([C:36])([C:49](=[O:48])[O:51])[H:69],"EVODEX-P34823,EVODEX-P34986,EVODEX-P35033"
EVODEX-N14547,[O:19][P:20](=[O:21])([O:22])[O:23].[C:49][O:50][H:84]>>[O:19][P:20](=[O:21])([O:22])[O:50][H:84].[H]OC(=O)C([H])(C([H])([H])C([H])([H])C([H])([H])[C@]1([H])SC([H])([H])[C@]2([H])N([H])C(=O)N([H])[C@]12[H])[C:49].[H][O:23],EVODEX-P34825
EVODEX-N14548,[H]O[C@@]1([H])[C@@]([H])(O[H])[C@]([H])(N2:C([H]):N:C3:C(N([H])[H]):N:C([H]):N:C:3:2)O[C@]1([H])C([H])([H])OP(=O)(O[H])OP(=O)(O[H])[O:23][P:24].[H][C:35]([C:33])([C:36])[H:69].[H]O[C:49](=[O:48])[O:51]>>[C:33][C:35]([C:36])([C:49](=[O:48])[O:51])[H:69].[H][O:23][P:24],"EVODEX-P34826,EVODEX-P34988,EVODEX-P35036"
EVODEX-N14549,[H]O[C:49](=[O:48])[O:51]>>[H]OC(=O)C([H])(C([H])([H])C([H])([H])C([H])([H])[C@]1([H])SC([H])([H])[C@]2([H])N([H])C(=O)N([H])[C@]12[H])[C:49](=[O:48])[O:51],EVODEX-P34827
EVODEX-N14550,[H]OP(=O)(O[H])O[P:20]([O:19])(=[O:21])[O:22].[C:49][O:50][H:84]>>[O:19][P:20](=[O:21])([O:22])[O:50][H:84].[H]OC(=O)C([H])(C([H])([H])C([H])([H])C([H])([H])[C@]1([H])SC([H])([H])[C@]2([H])N([H])C(=O)N([H])[C@]12[H])[C:49],EVODEX-P34828
EVODEX-N14551,[H]O[C@@]1([H])[C@@]([H])(O[H])[C@]([H])(N2:C([H]):N:C3:C(N([H])[H]):N:C([H]):N:C:3:2)O[C@]1([H])C([H])([H])OP(=O)(O[H])OP(=O)(O[H])[O:23][P:24].[H]O[C:49](=[O:48])[O:51]>>[H]OC(=O)C([H])(C([H])([H])C([H])([H])C([H])([H])[C@]1([H])SC([H])([H])[C@]2([H])N([H])C(=O)N([H])[C@]12[H])[C:49](=[O:48])[O:51].[H][O:23][P:24],EVODEX-P34829
EVODEX-N14552,.[H][C:35]([C:33])([C:36])[H:69]>>[H]O.[H]OC(=O)[C:35]([C:33])([C:36])[H:69].[H],"EVODEX-P34830,EVODEX-P34990,EVODEX-P35040"
EVODEX-N14553,[H]OP(=O)(O[H])O[P:20]([O:19])(=[O:21])[O:22].[H][C:35]([C:33])([C:36])[H:69]>>[H]O[P:20]([O:19])(=[O:21])[O:22].[H]OC(=O)[C:35]([C:33])([C:36])[H:69],"EVODEX-P34831,EVODEX-P34991,EVODEX-P35041"
EVODEX-N14554,[H][C:35]([C:33])([C:36])[H:69].[O:48]=[C:49]([O:50])[O:51]>>[H]O[C@@]1([H])[C@@]([H])(O[H])[C@]([H])(N2:C([H]):N:C3:C(N([H])[H]):N:C([H]):N:C:3:2)O[C@]1([H])C([H])([H])OP(=O)(O[H])OP(=O)(O[H])[O:50].[C:33][C:35]([C:36])([C:49](=[O:48])[O:51])[H:69],"EVODEX-P34832,EVODEX-P34989,EVODEX-P35042"
EVODEX-N14555,[H]O[C@@]1([H])[C@@]([H])(O[H])[C@]([H])(N2:C([H]):N:C3:C(N([H])[H]):N:C([H]):N:C:3:2)O[C@]1([H])C([H])([H])OP(=O)(O[H])OP(=O)(O[H])[O:23][P:24].[H][C:35]([C:33])([C:36])[H:69]>>[H]OC(=O)[C:35]([C:33])([C:36])[H:69].[H][O:23][P:24],"EVODEX-P34833,EVODEX-P34993,EVODEX-P35043"
EVODEX-N14556,[H][C:35]([C:33])([C:36])[H:69].[H]O[C:49](=[O:48])[O:51]>>[C:33][C:35]([C:36])([C:49](=[O:48])[O:51])[H:69],"EVODEX-P34834,EVODEX-P34987,EVODEX-P35044"
EVODEX-N14557,[H]OP(=O)(O[H])OP(=O)(O[H])O[P:16]([O:15])(=[O:17])[O:18]>>[H]N1C(=O)N([H])[C@@]2([H])C([H])([H])S[C@@]([H])(C([H])([H])C([H])([H])C([H])([H])C([H])([H])C(=O)O[P:16]([O:15])(=[O:17])[O:18])[C@@]12[H],EVODEX-P34839
EVODEX-N14558,>>[H]N1C(=O)N([H])[C@@]2([H])C([H])([H])S[C@@]([H])(C([H])([H])C([H])([H])C([H])([H])C([H])([H])C(O)=O)[C@@]12[H].[H],EVODEX-P34840
EVODEX-N14559,[H][N:81]([C:80])[H:247]>>[H]N1C(=O)N([H])[C@@]2([H])C([H])([H])S[C@@]([H])(C([H])([H])C([H])([H])C([H])([H])C([H])([H])C(=O)[N:81]([C:80])[H:247])[C@@]12[H],EVODEX-P34844
EVODEX-N14560,[H][N:81]([C:80])[H:247]>>[H]N1C(=O)N([H])[C@@]2([H])C([H])([H])S[C@@]([H])(C([H])([H])C([H])([H])C([H])([H])C([H])([H])C(=O)[N:81]([C:80])[H:247])[C@@]12[H].[H]O.[H],EVODEX-P34847
EVODEX-N14561,[H][N:81]([C:80])[H:247].[H]OP(=O)(O[H])OP(=O)(O[H])O[P:137]([O:136])(=[O:138])[O:139]>>[H]N1C(=O)N([H])[C@@]2([H])C([H])([H])S[C@@]([H])(C([H])([H])C([H])([H])C([H])([H])C([H])([H])C(=O)[N:81]([C:80])[H:247])[C@@]12[H].[H]O[P:137]([O:136])(=[O:138])[O:139],EVODEX-P34848
EVODEX-N14562,[O:136][P:137](=[O:138])([O:139])[O:140].[C:154][O:155][H:299]>>[H]OC(=O)C([H])([H])C([H])([H])[C@@]([H])(C(=O)N([H])[C@]([H])(C(=O)N([H])[C@]([H])(C(=O)N([H])[C@]([H])(C(=O)N([H])[C@]([H])(C(=O)N([H])[C@]([H])(C(=O)N([H])[C@]([H])(C(=O)N([H])[C@]([H])(C(=O)O[H])C([H])([H])C1:C([H]):N:C([H]):N:1[H])C([H])([H])C1:C([H]):N([H]):C2:C([H]):C([H]):C([H]):C([H]):C:1:2)C([H])([H])C([H])([H])C(=O)O[H])[C@@]([H])(C([H])([H])[H])C([H])([H])C([H])([H])[H])C([H])([H])C([H])([H])C([H])([H])C([H])([H])N([H])[H])C([H])([H])C([H])([H])C(=O)N([H])[H])C([H])([H])[H])N([H])C(=O)[C@@]([H])(N([H])C(=O)[C@@]([H])(N([H])C(=O)[C@@]([H])(N([H])C(=O)[C@@]([H])(N([H])C(=O)[C@@]([H])(N([H])C(=O)C([H])([H])N([H])[C:154])C([H])([H])C([H])(C([H])([H])[H])C([H])([H])[H])C([H])([H])C(=O)N([H])[H])C([H])([H])C(=O)O[H])[C@@]([H])(C([H])([H])[H])C([H])([H])C([H])([H])[H])C([H])([H])C1:C([H]):C([H]):C([H]):C([H]):C:1[H].[O:136][P:137](=[O:138])([O:139])[O:155][H:299].[H][O:140],EVODEX-P34849
EVODEX-N14563,[H][N:81]([C:80])[H:247].[H]O[C@@]1([H])[C@@]([H])(O[H])[C@]([H])(N2:C([H]):N:C3:C(N([H])[H]):N:C([H]):N:C:3:2)O[C@]1([H])C([H])([H])OP(=O)(O[H])[O:140][P:141]>>[H]N1C(=O)N([H])[C@@]2([H])C([H])([H])S[C@@]([H])(C([H])([H])C([H])([H])C([H])([H])C([H])([H])C(=O)[N:81]([C:80])[H:247])[C@@]12[H].[H][O:140][P:141],EVODEX-P34850
EVODEX-N14564,[H]OP(=O)(O[H])OP(=O)(O[H])O[P:137]([O:136])(=[O:138])[O:139].[C:154][O:155][H:299]>>[H]OC(=O)C([H])([H])C([H])([H])[C@@]([H])(C(=O)N([H])[C@]([H])(C(=O)N([H])[C@]([H])(C(=O)N([H])[C@]([H])(C(=O)N([H])[C@]([H])(C(=O)N([H])[C@]([H])(C(=O)N([H])[C@]([H])(C(=O)N([H])[C@]([H])(C(=O)O[H])C([H])([H])C1:C([H]):N:C([H]):N:1[H])C([H])([H])C1:C([H]):N([H]):C2:C([H]):C([H]):C([H]):C([H]):C:1:2)C([H])([H])C([H])([H])C(=O)O[H])[C@@]([H])(C([H])([H])[H])C([H])([H])C([H])([H])[H])C([H])([H])C([H])([H])C([H])([H])C([H])([H])N([H])[H])C([H])([H])C([H])([H])C(=O)N([H])[H])C([H])([H])[H])N([H])C(=O)[C@@]([H])(N([H])C(=O)[C@@]([H])(N([H])C(=O)[C@@]([H])(N([H])C(=O)[C@@]([H])(N([H])C(=O)[C@@]([H])(N([H])C(=O)C([H])([H])N([H])[C:154])C([H])([H])C([H])(C([H])([H])[H])C([H])([H])[H])C([H])([H])C(=O)N([H])[H])C([H])([H])C(=O)O[H])[C@@]([H])(C([H])([H])[H])C([H])([H])C([H])([H])[H])C([H])([H])C1:C([H]):C([H]):C([H]):C([H]):C:1[H].[O:136][P:137](=[O:138])([O:139])[O:155][H:299],EVODEX-P34851
EVODEX-N14565,[H]O[C@@]1([H])[C@@]([H])(O[H])[C@]([H])(N2:C([H]):N:C3:C(N([H])[H]):N:C([H]):N:C:3:2)O[C@]1([H])C([H])([H])OP(=O)(O[H])[O:140][P:141].[H]O[C:154](=[O:153])[C:156]>>[H]OC(=O)C([H])([H])C([H])([H])[C@@]([H])(C(=O)N([H])[C@]([H])(C(=O)N([H])[C@]([H])(C(=O)N([H])[C@]([H])(C(=O)N([H])[C@]([H])(C(=O)N([H])[C@]([H])(C(=O)N([H])[C@]([H])(C(=O)N([H])[C@]([H])(C(=O)O[H])C([H])([H])C1:C([H]):N:C([H]):N:1[H])C([H])([H])C1:C([H]):N([H]):C2:C([H]):C([H]):C([H]):C([H]):C:1:2)C([H])([H])C([H])([H])C(=O)O[H])[C@@]([H])(C([H])([H])[H])C([H])([H])C([H])([H])[H])C([H])([H])C([H])([H])C([H])([H])C([H])([H])N([H])[H])C([H])([H])C([H])([H])C(=O)N([H])[H])C([H])([H])[H])N([H])C(=O)[C@@]([H])(N([H])C(=O)[C@@]([H])(N([H])C(=O)[C@@]([H])(N([H])C(=O)[C@@]([H])(N([H])C(=O)[C@@]([H])(N([H])C(=O)C([H])([H])N([H])[C:154](=[O:153])[C:156])C([H])([H])C([H])(C([H])([H])[H])C([H])([H])[H])C([H])([H])C(=O)N([H])[H])C([H])([H])C(=O)O[H])[C@@]([H])(C([H])([H])[H])C([H])([H])C([H])([H])[H])C([H])([H])C1:C([H]):C([H]):C([H]):C([H]):C:1[H].[H][O:140][P:141],EVODEX-P34852
EVODEX-N14566,[H]O[C:154](=[O:153])[C:156]>>[H]OC(=O)C([H])([H])C([H])([H])[C@@]([H])(C(=O)N([H])[C@]([H])(C(=O)N([H])[C@]([H])(C(=O)N([H])[C@]([H])(C(=O)N([H])[C@]([H])(C(=O)N([H])[C@]([H])(C(=O)N([H])[C@]([H])(C(=O)N([H])[C@]([H])(C(=O)O[H])C([H])([H])C1:C([H]):N:C([H]):N:1[H])C([H])([H])C1:C([H]):N([H]):C2:C([H]):C([H]):C([H]):C([H]):C:1:2)C([H])([H])C([H])([H])C(=O)O[H])[C@@]([H])(C([H])([H])[H])C([H])([H])C([H])([H])[H])C([H])([H])C([H])([H])C([H])([H])C([H])([H])N([H])[H])C([H])([H])C([H])([H])C(=O)N([H])[H])C([H])([H])[H])N([H])C(=O)[C@@]([H])(N([H])C(=O)[C@@]([H])(N([H])C(=O)[C@@]([H])(N([H])C(=O)[C@@]([H])(N([H])C(=O)[C@@]([H])(N([H])C(=O)C([H])([H])N([H])[C:154](=[O:153])[C:156])C([H])([H])C([H])(C([H])([H])[H])C([H])([H])[H])C([H])([H])C(=O)N([H])[H])C([H])([H])C(=O)O[H])[C@@]([H])(C([H])([H])[H])C([H])([H])C([H])([H])[H])C([H])([H])C1:C([H]):C([H]):C([H]):C([H]):C:1[H],EVODEX-P34853
EVODEX-N14567,>>[H]NC([H])([H])C(=O)N([H])[C@]([H])(C(=O)N([H])[C@]([H])(C(=O)N([H])[C@]([H])(C(=O)N([H])[C@]([H])(C(=O)N([H])[C@]([H])(C(=O)N([H])[C@]([H])(C(=O)N([H])[C@]([H])(C(=O)N([H])[C@]([H])(C(=O)N([H])[C@]([H])(C(=O)N([H])[C@]([H])(C(=O)N([H])[C@]([H])(C(=O)N([H])[C@]([H])(C(=O)N([H])[C@]([H])(C(=O)O[H])C([H])([H])C1:C([H]):N:C([H]):N:1[H])C([H])([H])C1:C([H]):N([H]):C2:C([H]):C([H]):C([H]):C([H]):C:1:2)C([H])([H])C([H])([H])C(=O)O[H])[C@@]([H])(C([H])([H])[H])C([H])([H])C([H])([H])[H])C([H])([H])C([H])([H])C([H])([H])C([H])([H])N([H])[H])C([H])([H])C([H])([H])C(=O)N([H])[H])C([H])([H])[H])C([H])([H])C([H])([H])C(=O)O[H])C([H])([H])C1:C([H]):C([H]):C([H]):C([H]):C:1[H])[C@@]([H])(C([H])([H])[H])C([H])([H])C([H])([H])[H])C([H])([H])C(=O)O[H])C([H])([H])C(=O)N([H])[H])C([H])([H])C([H])(C([H])([H])[H])C([H])([H])[H].[H]OP(=O)OC([H])([H])[C@@]1([H])O[C@@]([H])(N2:C([H]):N:C3:C(N([H])[H]):N:C([H]):N:C:3:2)[C@]([H])(O[H])[C@]1([H])O[H],EVODEX-P34854
EVODEX-N14568,[H]OP(=O)(O[H])O[P:52]([O:51])(=[O:53])[O:54].[H][N:12]([C:11])[C:13].[O:64]=[C:65]([O:66][H:105])[H:104]>>[O:51][P:52](=[O:53])([O:54])[O:66][H:105].[C:11][N:12]([C:13])[C:65](=[O:64])[H:104],EVODEX-P34856
EVODEX-N14569,[O:51][P:52](=[O:53])([O:54])[O:55].[C:65][O:66][H:105]>>[O:51][P:52](=[O:53])([O:54])[O:66][H:105].[H]N=C1:N([H]):C2:C(:C(=O):N:1[H])N=C(C([H])([H])N(C1:C([H]):C([H]):C(C(=O)N([H])[C@]([H])(C(=O)O[H])C([H])([H])C([H])([H])C(=O)O[H]):C([H]):C:1[H])[C:65])C([H])([H])N2[H].[H][O:55],EVODEX-P34858
EVODEX-N14570,[H]O[C@@]1([H])[C@@]([H])(O[H])[C@]([H])(N2:C([H]):N:C3:C(N([H])[H]):N:C([H]):N:C:3:2)O[C@]1([H])C([H])([H])OP(=O)(O[H])OP(=O)(O[H])[O:55][P:56].[H][N:12]([C:11])[C:13].[H]O[C:65](=[O:64])[H:104]>>[C:11][N:12]([C:13])[C:65](=[O:64])[H:104].[H][O:55][P:56],EVODEX-P34859
EVODEX-N14571,[H]O[C:65](=[O:64])[H:104]>>[H]N=C1:N([H]):C2:C(:C(=O):N:1[H])N=C(C([H])([H])N(C1:C([H]):C([H]):C(C(=O)N([H])[C@]([H])(C(=O)O[H])C([H])([H])C([H])([H])C(=O)O[H]):C([H]):C:1[H])[C:65](=[O:64])[H:104])C([H])([H])N2[H],EVODEX-P34860
EVODEX-N14572,[H]OP(=O)(O[H])O[P:52]([O:51])(=[O:53])[O:54].[C:65][O:66][H:105]>>[O:51][P:52](=[O:53])([O:54])[O:66][H:105].[H]N=C1:N([H]):C2:C(:C(=O):N:1[H])N=C(C([H])([H])N(C1:C([H]):C([H]):C(C(=O)N([H])[C@]([H])(C(=O)O[H])C([H])([H])C([H])([H])C(=O)O[H]):C([H]):C:1[H])[C:65])C([H])([H])N2[H],EVODEX-P34861
EVODEX-N14573,[H]O[C@@]1([H])[C@@]([H])(O[H])[C@]([H])(N2:C([H]):N:C3:C(N([H])[H]):N:C([H]):N:C:3:2)O[C@]1([H])C([H])([H])OP(=O)(O[H])OP(=O)(O[H])[O:55][P:56].[H]O[C:65](=[O:64])[H:104]>>[H]N=C1:N([H]):C2:C(:C(=O):N:1[H])N=C(C([H])([H])N(C1:C([H]):C([H]):C(C(=O)N([H])[C@]([H])(C(=O)O[H])C([H])([H])C([H])([H])C(=O)O[H]):C([H]):C:1[H])[C:65](=[O:64])[H:104])C([H])([H])N2[H].[H][O:55][P:56],EVODEX-P34862
EVODEX-N14574,[H]OP(=O)(O[H])O[P:52]([O:51])(=[O:53])[O:54].[H][N:12]([C:11])[C:13]>>[H]O[P:52]([O:51])(=[O:53])[O:54].[H]C(=O)[N:12]([C:11])[C:13],EVODEX-P34864
EVODEX-N14575,[H][N:12]([C:11])[C:13].[O:64]=[C:65]([O:66])[H:104]>>[H]O[C@@]1([H])[C@@]([H])(O[H])[C@]([H])(N2:C([H]):N:C3:C(N([H])[H]):N:C([H]):N:C:3:2)O[C@]1([H])C([H])([H])OP(=O)(O[H])OP(=O)(O[H])[O:66].[C:11][N:12]([C:13])[C:65](=[O:64])[H:104],EVODEX-P34865
EVODEX-N14576,[H]O[C@@]1([H])[C@@]([H])(O[H])[C@]([H])(N2:C([H]):N:C3:C(N([H])[H]):N:C([H]):N:C:3:2)O[C@]1([H])C([H])([H])OP(=O)(O[H])OP(=O)(O[H])[O:55][P:56].[H][N:12]([C:11])[C:13]>>[H]C(=O)[N:12]([C:11])[C:13].[H][O:55][P:56],EVODEX-P34866
EVODEX-N14577,>>[H]OP(=O)OP(=O)(O[H])OC([H])([H])[C@@]1([H])O[C@@]([H])(N2:C([H]):N:C3:C(N([H])[H]):N:C([H]):N:C:3:2)[C@]([H])(O[H])[C@]1([H])O[H].[H]N=C1:N([H]):C2:C(:C(=O):N:1[H])N=C(C([H])([H])NC1:C([H]):C([H]):C(C(=O)N([H])[C@]([H])(C(=O)O[H])C([H])([H])C([H])([H])C(=O)O[H]):C([H]):C:1[H])C([H])([H])N2[H],EVODEX-P34868
EVODEX-N14578,[H]O[C:52](=[O:51])[O:54]>>[H]O[C@@]1([H])[C@@]([H])(O[H])[C@]([H])(N2:C([H]):N:C([H]):C:2N([H])[C:52](=[O:51])[O:54])O[C@]1([H])C([H])([H])OP(=O)(O[H])O[H],EVODEX-P34872
EVODEX-N14579,[O:38][P:39](=[O:40])([O:41])[O:42].[C:52][O:53][H:85]>>[O:38][P:39](=[O:40])([O:41])[O:53][H:85].[H]O[C@@]1([H])[C@@]([H])(O[H])[C@]([H])(N2:C([H]):N:C([H]):C:2N([H])[C:52])O[C@]1([H])C([H])([H])OP(=O)(O[H])O[H].[H][O:42],EVODEX-P34876
EVODEX-N14580,[H]OP(=O)(O[H])O[P:39]([O:38])(=[O:40])[O:41].[C:52][O:53][H:85]>>[O:38][P:39](=[O:40])([O:41])[O:53][H:85].[H]O[C@@]1([H])[C@@]([H])(O[H])[C@]([H])(N2:C([H]):N:C([H]):C:2N([H])[C:52])O[C@]1([H])C([H])([H])OP(=O)(O[H])O[H],EVODEX-P34877
EVODEX-N14581,[H]O[C@@]1([H])[C@@]([H])(O[H])[C@]([H])(N2:C([H]):N:C3:C(N([H])[H]):N:C([H]):N:C:3:2)O[C@]1([H])C([H])([H])OP(=O)(O[H])OP(=O)(O[H])[O:42][P:43].[H]O[C:52](=[O:51])[O:54]>>[H]O[C@@]1([H])[C@@]([H])(O[H])[C@]([H])(N2:C([H]):N:C([H]):C:2N([H])[C:52](=[O:51])[O:54])O[C@]1([H])C([H])([H])OP(=O)(O[H])O[H].[H][O:42][P:43],EVODEX-P34881
EVODEX-N14582,>>[H]OP(=O)OP(=O)(O[H])OC([H])([H])[C@@]1([H])O[C@@]([H])(N2:C([H]):N:C3:C(N([H])[H]):N:C([H]):N:C:3:2)[C@]([H])(O[H])[C@]1([H])O[H].[H]NC1:C([H]):N:C([H]):N:1[C@]1([H])O[C@]([H])(C([H])([H])OP(=O)(O[H])O[H])[C@@]([H])(O[H])[C@@]1([H])O[H],EVODEX-P34882
EVODEX-N14583,[O:41][P:42](=[O:43])([O:44])[O:45].[C:55][O:56][H:89]>>[H]O[C@@]1([H])[C@@]([H])(O[H])[C@]([H])(N2:C([H]):N:C(C(=O)N([H])[H]):C:2N([H])[C:55])O[C@]1([H])C([H])([H])OP(=O)(O[H])O[H].[O:41][P:42](=[O:43])([O:44])[O:56][H:89].[H][O:45],EVODEX-P34890
EVODEX-N14584,[H]OP(=O)(O[H])O[P:42]([O:41])(=[O:43])[O:44].[C:55][O:56][H:89]>>[H]O[C@@]1([H])[C@@]([H])(O[H])[C@]([H])(N2:C([H]):N:C(C(=O)N([H])[H]):C:2N([H])[C:55])O[C@]1([H])C([H])([H])OP(=O)(O[H])O[H].[O:41][P:42](=[O:43])([O:44])[O:56][H:89],EVODEX-P34892
EVODEX-N14585,[H]O[C@@]1([H])[C@@]([H])(O[H])[C@]([H])(N2:C([H]):N:C3:C(N([H])[H]):N:C([H]):N:C:3:2)O[C@]1([H])C([H])([H])OP(=O)(O[H])OP(=O)(O[H])[O:45][P:46].[H]O[C:55](=[O:54])[H:88]>>[H]O[C@@]1([H])[C@@]([H])(O[H])[C@]([H])(N2:C([H]):N:C(C(=O)N([H])[H]):C:2N([H])[C:55](=[O:54])[H:88])O[C@]1([H])C([H])([H])OP(=O)(O[H])O[H].[H][O:45][P:46],EVODEX-P34893
EVODEX-N14586,[H]O[C:55](=[O:54])[H:88]>>[H]O[C@@]1([H])[C@@]([H])(O[H])[C@]([H])(N2:C([H]):N:C(C(=O)N([H])[H]):C:2N([H])[C:55](=[O:54])[H:88])O[C@]1([H])C([H])([H])OP(=O)(O[H])O[H],EVODEX-P34894
EVODEX-N14587,>>[H]NC1:C(C(=O)N([H])[H]):N:C([H]):N:1[C@]1([H])O[C@]([H])(C([H])([H])OP(=O)(O[H])O[H])[C@@]([H])(O[H])[C@@]1([H])O[H].[H]OP(=O)OP(=O)(O[H])OC([H])([H])[C@@]1([H])O[C@@]([H])(N2:C([H]):N:C3:C(N([H])[H]):N:C([H]):N:C:3:2)[C@]([H])(O[H])[C@]1([H])O[H],EVODEX-P34895
EVODEX-N14588,[C:15][O:17][H:59].[O:39][P:40](=[O:41])([O:42])[O:43]>>[H]OC1:C([H]):C([H]):C(C([H])([H])C([H])([H])N([H])[C:15]):C([H]):C:1[H].[O:17]([P:40]([O:39])(=[O:41])[O:42])[H:59].[H][O:43],EVODEX-P34898
EVODEX-N14589,[H]O[C:15]([C:14])=[O:16]>>[H]OC1:C([H]):C([H]):C(C([H])([H])C([H])([H])N([H])[C:15]([C:14])=[O:16]):C([H]):C:1[H],EVODEX-P34899
EVODEX-N14590,>>[H]NC([H])([H])C([H])([H])C1:C([H]):C([H]):C(O[H]):C([H]):C:1[H].[H]OP(=O)OP(=O)(O[H])OC([H])([H])[C@@]1([H])O[C@@]([H])(N2:C([H]):N:C3:C(N([H])[H]):N:C([H]):N:C:3:2)[C@]([H])(O[H])[C@]1([H])O[H],EVODEX-P34901
EVODEX-N14591,[C:15][O:17][H:59].[H]OP(=O)(O[H])O[P:40]([O:39])(=[O:41])[O:42]>>[H]OC1:C([H]):C([H]):C(C([H])([H])C([H])([H])N([H])[C:15]):C([H]):C:1[H].[O:17]([P:40]([O:39])(=[O:41])[O:42])[H:59],EVODEX-P34902
EVODEX-N14592,[H]O[C:15]([C:14])=[O:16].[H]O[C@@]1([H])[C@@]([H])(O[H])[C@]([H])(N2:C([H]):N:C3:C(N([H])[H]):N:C([H]):N:C:3:2)O[C@]1([H])C([H])([H])OP(=O)(O[H])OP(=O)(O[H])[O:43][P:44]>>[H]OC1:C([H]):C([H]):C(C([H])([H])C([H])([H])N([H])[C:15]([C:14])=[O:16]):C([H]):C:1[H].[H][O:43][P:44],EVODEX-P34903
EVODEX-N14593,[C:14][O:16][H:56].[O:34][P:35](=[O:36])([O:37])[O:38]>>[H]OC(=O)[C@@]([H])(N([H])[C:14])C([H])([H])C([H])([H])C(=O)N([H])[H].[O:16]([P:35]([O:34])(=[O:36])[O:37])[H:56].[H][O:38],EVODEX-P34912
EVODEX-N14594,[H]O[C:14]([C:13])=[O:15]>>[H]OC(=O)[C@@]([H])(N([H])[C:14]([C:13])=[O:15])C([H])([H])C([H])([H])C(=O)N([H])[H],EVODEX-P34913
EVODEX-N14595,>>[H]N[C@]([H])(C(=O)O[H])C([H])([H])C([H])([H])C(=O)N([H])[H].[H]OP(=O)OC([H])([H])[C@@]1([H])O[C@@]([H])(N2:C([H]):N:C3:C(N([H])[H]):N:C([H]):N:C:3:2)[C@]([H])(O[H])[C@]1([H])O[H],EVODEX-P34915
EVODEX-N14596,[C:14][O:16][H:56].[H]OP(=O)(O[H])OP(=O)(O[H])O[P:35]([O:34])(=[O:36])[O:37]>>[H]OC(=O)[C@@]([H])(N([H])[C:14])C([H])([H])C([H])([H])C(=O)N([H])[H].[O:16]([P:35]([O:34])(=[O:36])[O:37])[H:56],EVODEX-P34916
EVODEX-N14597,[H]O[C:14]([C:13])=[O:15].[H]O[C@@]1([H])[C@@]([H])(O[H])[C@]([H])(N2:C([H]):N:C3:C(N([H])[H]):N:C([H]):N:C:3:2)O[C@]1([H])C([H])([H])OP(=O)(O[H])[O:38][P:39]>>[H]OC(=O)[C@@]([H])(N([H])[C:14]([C:13])=[O:15])C([H])([H])C([H])([H])C(=O)N([H])[H].[H][O:38][P:39],EVODEX-P34917
EVODEX-N14598,[H][N:7]([C:6])[H:65].[H]OP(=O)(O[H])OP(=O)(O[H])O[P:35]([O:34])(=[O:36])[O:37]>>[H]OC(=O)[C@@]([H])(N([H])[H])C([H])([H])C(=O)[N:7]([C:6])[H:65].[H]O[P:35]([O:34])(=[O:36])[O:37],EVODEX-P34921
EVODEX-N14599,[H][N:7]([C:6])[H:65].[H]O[C@@]1([H])[C@@]([H])(O[H])[C@]([H])(N2:C([H]):N:C3:C(N([H])[H]):N:C([H]):N:C:3:2)O[C@]1([H])C([H])([H])OP(=O)(O[H])[O:38][P:39]>>[H]OC(=O)[C@@]([H])(N([H])[H])C([H])([H])C(=O)[N:7]([C:6])[H:65].[H][O:38][P:39],EVODEX-P34923
EVODEX-N14600,[H]O[C@@]1([H])[C@@]([H])(O[H])[C@@]([H])(N2:C([H]):N:C3:C([H]):C(C([H])([H])[H]):C(C([H])([H])[H]):C([H]):C:3:2)O[C@]1([H])C([H])([H])[O:12][H:35]>>[H][O:12][H:35],EVODEX-P34925
EVODEX-N14601,[H][O:23][P:22]>>[H]O[C@@]1([H])[C@@]([H])(O[H])[C@@]([H])(N2:C([H]):N:C3:C([H]):C(C([H])([H])[H]):C(C([H])([H])[H]):C([H]):C:3:2)O[C@]1([H])C([H])([H])[O:23][P:22],EVODEX-P34927
EVODEX-N14602,[H]O[C:11]([C:10])([H:33])[H:34]>>[H]OP(=O)(O[H])O[C:11]([C:10])([H:33])[H:34],EVODEX-P34928
EVODEX-N14603,[H][C:1]([C:2])([H:42])[H:43].[O:25][P:26](=[O:27])([O:28])[O:29].[O:38]=[C:39]([O:40][H:62])[O:41]>>[C:1]([C:2])([C:39](=[O:38])[O:41])([H:42])[H:43].[O:25][P:26](=[O:27])([O:28])[O:40][H:62].[H][O:29],"EVODEX-P34930,EVODEX-P34959,EVODEX-P35000,EVODEX-P35014"
EVODEX-N14604,[H][C:1]([C:2])([H:42])[H:43].[H]OP(=O)(O[H])O[P:26]([O:25])(=[O:27])[O:28].[O:38]=[C:39]([O:40][H:62])[O:41]>>[C:1]([C:2])([C:39](=[O:38])[O:41])([H:42])[H:43].[O:25][P:26](=[O:27])([O:28])[O:40][H:62],"EVODEX-P34931,EVODEX-P34960,EVODEX-P35001"
EVODEX-N14605,[H][C:1]([C:2])([H:42])[H:43].[H]O[C:39](=[O:38])[O:41]>>[C:1]([C:2])([C:39](=[O:38])[O:41])([H:42])[H:43],"EVODEX-P34932,EVODEX-P34961,EVODEX-P35002,EVODEX-P35016"
EVODEX-N14606,[H][C:1]([C:2])([H:42])[H:43].[H]O[C@@]1([H])[C@@]([H])(O[H])[C@]([H])(N2:C([H]):N:C3:C(N([H])[H]):N:C([H]):N:C:3:2)O[C@]1([H])C([H])([H])OP(=O)(O[H])OP(=O)(O[H])[O:29][P:30].[H]O[C:39](=[O:38])[O:41]>>[C:1]([C:2])([C:39](=[O:38])[O:41])([H:42])[H:43].[H][O:29][P:30],"EVODEX-P34933,EVODEX-P34962,EVODEX-P35004"
EVODEX-N14607,[H][C:1]([C:2])([H:42])[H:43].[O:38]=[C:39]([O:40])[O:41]>>[C:1]([C:2])([C:39](=[O:38])[O:41])([H:42])[H:43].[H]O[C@@]1([H])[C@@]([H])(O[H])[C@]([H])(N2:C([H]):N:C3:C(N([H])[H]):N:C([H]):N:C:3:2)O[C@]1([H])C([H])([H])OP(=O)(O[H])OP(=O)(O[H])[O:40],"EVODEX-P34934,EVODEX-P34963,EVODEX-P35005"
EVODEX-N14608,[H][C:1]([C:2])([H:42])[H:43]>>[H]OC(=O)[C:1]([C:2])([H:42])[H:43].[H]O.[H],"EVODEX-P34935,EVODEX-P34964,EVODEX-P35006,EVODEX-P35020"
EVODEX-N14609,[H][C:1]([C:2])([H:42])[H:43].[H]OP(=O)(O[H])O[P:26]([O:25])(=[O:27])[O:28]>>[H]OC(=O)[C:1]([C:2])([H:42])[H:43].[H]O[P:26]([O:25])(=[O:27])[O:28],"EVODEX-P34936,EVODEX-P34965,EVODEX-P35007"
EVODEX-N14610,[O:25][P:26](=[O:27])([O:28])[O:29].[C:39][O:40][H:62]>>[H]OC(=O)C(=O)C([H])([H])[C:39].[O:25][P:26](=[O:27])([O:28])[O:40][H:62].[H][O:29],EVODEX-P34937
EVODEX-N14611,[H][C:1]([C:2])([H:42])[H:43].[H]O[C@@]1([H])[C@@]([H])(O[H])[C@]([H])(N2:C([H]):N:C3:C(N([H])[H]):N:C([H]):N:C:3:2)O[C@]1([H])C([H])([H])OP(=O)(O[H])OP(=O)(O[H])[O:29][P:30]>>[H]OC(=O)[C:1]([C:2])([H:42])[H:43].[H][O:29][P:30],"EVODEX-P34938,EVODEX-P34967,EVODEX-P35009"
EVODEX-N14612,[H]OP(=O)(O[H])O[P:26]([O:25])(=[O:27])[O:28].[C:39][O:40][H:62]>>[H]OC(=O)C(=O)C([H])([H])[C:39].[O:25][P:26](=[O:27])([O:28])[O:40][H:62],EVODEX-P34939
EVODEX-N14613,[H]O[C@@]1([H])[C@@]([H])(O[H])[C@]([H])(N2:C([H]):N:C3:C(N([H])[H]):N:C([H]):N:C:3:2)O[C@]1([H])C([H])([H])OP(=O)(O[H])OP(=O)(O[H])[O:29][P:30].[H]O[C:39](=[O:38])[O:41]>>[H]OC(=O)C(=O)C([H])([H])[C:39](=[O:38])[O:41].[H][O:29][P:30],EVODEX-P34940
EVODEX-N14614,[H]O[C:39](=[O:38])[O:41]>>[H]OC(=O)C(=O)C([H])([H])[C:39](=[O:38])[O:41],EVODEX-P34941
EVODEX-N14615,>>[H]OC(=O)C(=O)C([H])[H].[H]OP(=O)OP(=O)(O[H])OC([H])([H])[C@@]1([H])O[C@@]([H])(N2:C([H]):N:C3:C(N([H])[H]):N:C([H]):N:C:3:2)[C@]([H])(O[H])[C@]1([H])O[H],EVODEX-P34942
EVODEX-N14616,[O:19][P:20](=[O:21])([O:22][H:51])[O:23].[O:28]=[C:29]([O:30])[C:31].[H][O:39][P:38]>>[H][C:31].[O:19][P:20](=[O:21])([O:23])[O:39][P:38].[O:22]([C:29](=[O:28])[O:30])[H:51],"EVODEX-P34943,EVODEX-P34972"
EVODEX-N14617,[H]O[P:20]([O:19])(=[O:21])[O:23].[H]OC(=O)[C:31]([C:32])([H:58])[H:59].[H][O:39][P:38]>>[H][C:31]([C:32])([H:58])[H:59].[O:19][P:20](=[O:21])([O:23])[O:39][P:38],"EVODEX-P34944,EVODEX-P34976"
EVODEX-N14618,[O:19][P:20](=[O:21])([O:22][H:51])[O:23].[H]OC(=O)C(=O)C([H])([H])[C:29](=[O:28])[O:30].[H][O:39][P:38]>>[O:19][P:20](=[O:21])([O:23])[O:39][P:38].[O:22]([C:29](=[O:28])[O:30])[H:51],EVODEX-P34945
EVODEX-N14619,[H]O[C@@]1([H])[C@@]([H])(O[H])[C@]([H])(N2:C([H]):N:C3:C(N([H])[H]):N:C([H]):N:C:3:2)O[C@]1([H])C([H])([H])OP(=O)(O[H])OP(=O)(O[H])[O:22][H:51]>>[H]OC(=O)[O:22][H:51],EVODEX-P34946
EVODEX-N14620,>>[H]OP(O)(=O)O[H].[H]OC=O,EVODEX-P34947
EVODEX-N14621,[O:19][P:20](=[O:21])([O:22])[O:23].[H][O:39][P:38]>>[O:19][P:20](=[O:21])([O:23])[O:39][P:38].[H]OC(=O)[O:22],EVODEX-P34948
EVODEX-N14622,[P:20][O:22][H:51].[O:28]=[C:29]([O:30])[C:31]>>[H][C:31].[H]OP(=O)(O[H])O[P:20].[O:22]([C:29](=[O:28])[O:30])[H:51],"EVODEX-P34949,EVODEX-P34981"
EVODEX-N14623,[H]O[C@@]1([H])[C@@]([H])(O[H])[C@]([H])(N2:C([H]):N:C3:C(N([H])[H]):N:C([H]):N:C:3:2)O[C@]1([H])C([H])([H])OP(=O)(O[H])OP(=O)(O[H])[O:22][H:51].[H]OC(=O)C(=O)C([H])([H])[C:29](=[O:28])[O:30]>>[O:22]([C:29](=[O:28])[O:30])[H:51],EVODEX-P34950
EVODEX-N14624,[H]O[P:20]([O:19])(=[O:21])[O:23].[H]OC(=O)[C:31]([C:32])([H:58])[H:59]>>[H][C:31]([C:32])([H:58])[H:59].[H]OP(=O)(O[H])O[P:20]([O:19])(=[O:21])[O:23],"EVODEX-P34951,EVODEX-P34984"
EVODEX-N14625,[H]O[C@@]1([H])[C@@]([H])(O[H])[C@]([H])(N2:C([H]):N:C3:C(N([H])[H]):N:C([H]):N:C:3:2)O[C@]1([H])C([H])([H])OP(=O)(O[H])OP(=O)(O[H])[O:22][H:51].[O:28]=[C:29]([O:30])[C:31]>>[H][C:31].[O:22]([C:29](=[O:28])[O:30])[H:51],"EVODEX-P34953,EVODEX-P34982"
EVODEX-N14626,[H]OC(=O)[C:31]([C:32])([H:58])[H:59].[H][O:39][P:38]>>[H][C:31]([C:32])([H:58])[H:59].[H]O[C@@]1([H])[C@@]([H])(O[H])[C@]([H])(N2:C([H]):N:C3:C(N([H])[H]):N:C([H]):N:C:3:2)O[C@]1([H])C([H])([H])OP(=O)(O[H])OP(=O)(O[H])[O:39][P:38],"EVODEX-P34954,EVODEX-P34979"
EVODEX-N14627,[P:20][O:22][H:51].[H]OC(=O)C(=O)C([H])([H])[C:29](=[O:28])[O:30]>>[H]OP(=O)(O[H])O[P:20].[O:22]([C:29](=[O:28])[O:30])[H:51],EVODEX-P34955
EVODEX-N14628,[H]OC(=O)C(=O)C([H])([H])[C:29](=[O:28])[O:30].[H][O:39][P:38]>>[H]O[C@@]1([H])[C@@]([H])(O[H])[C@]([H])(N2:C([H]):N:C3:C(N([H])[H]):N:C([H]):N:C:3:2)O[C@]1([H])C([H])([H])OP(=O)(O[H])OP(=O)(O[H])[O:39][P:38].[H]O[C:29](=[O:28])[O:30],EVODEX-P34956
EVODEX-N14629,[H]OC(=O)C(=O)C([H])([H])[C:29](=[O:28])[O:30]>>[H]O[C:29](=[O:28])[O:30],EVODEX-P34957
EVODEX-N14630,[O:70][P:71](=[O:72])([O:73])[O:74].[C:84][O:85][H:141]>>[H]O[C@]1([H])[C@]([H])(OP(=O)(O[H])O[H])[C@@]([H])(C([H])([H])OP(=O)(O[H])OP(=O)(O[H])OC([H])([H])C(C([H])([H])[H])(C([H])([H])[H])[C@@]([H])(O[H])C(=O)N([H])C([H])([H])C([H])([H])C(=O)N([H])C([H])([H])C([H])([H])SC(=O)C([H])([H])[C:84])O[C@@]1([H])N1:C([H]):N:C2:C(N([H])[H]):N:C([H]):N:C:2:1.[O:70][P:71](=[O:72])([O:73])[O:85][H:141].[H][O:74],EVODEX-P34966
EVODEX-N14631,[H]OP(=O)(O[H])O[P:71]([O:70])(=[O:72])[O:73].[C:84][O:85][H:141]>>[H]O[C@]1([H])[C@]([H])(OP(=O)(O[H])O[H])[C@@]([H])(C([H])([H])OP(=O)(O[H])OP(=O)(O[H])OC([H])([H])C(C([H])([H])[H])(C([H])([H])[H])[C@@]([H])(O[H])C(=O)N([H])C([H])([H])C([H])([H])C(=O)N([H])C([H])([H])C([H])([H])SC(=O)C([H])([H])[C:84])O[C@@]1([H])N1:C([H]):N:C2:C(N([H])[H]):N:C([H]):N:C:2:1.[O:70][P:71](=[O:72])([O:73])[O:85][H:141],EVODEX-P34968
EVODEX-N14632,[H]O[C@@]1([H])[C@@]([H])(O[H])[C@]([H])(N2:C([H]):N:C3:C(N([H])[H]):N:C([H]):N:C:3:2)O[C@]1([H])C([H])([H])OP(=O)(O[H])OP(=O)(O[H])[O:74][P:75].[H]O[C:84](=[O:83])[O:86]>>[H]O[C@]1([H])[C@]([H])(OP(=O)(O[H])O[H])[C@@]([H])(C([H])([H])OP(=O)(O[H])OP(=O)(O[H])OC([H])([H])C(C([H])([H])[H])(C([H])([H])[H])[C@@]([H])(O[H])C(=O)N([H])C([H])([H])C([H])([H])C(=O)N([H])C([H])([H])C([H])([H])SC(=O)C([H])([H])[C:84](=[O:83])[O:86])O[C@@]1([H])N1:C([H]):N:C2:C(N([H])[H]):N:C([H]):N:C:2:1.[H][O:74][P:75],EVODEX-P34969
EVODEX-N14633,[H]O[C:84](=[O:83])[O:86]>>[H]O[C@]1([H])[C@]([H])(OP(=O)(O[H])O[H])[C@@]([H])(C([H])([H])OP(=O)(O[H])OP(=O)(O[H])OC([H])([H])C(C([H])([H])[H])(C([H])([H])[H])[C@@]([H])(O[H])C(=O)N([H])C([H])([H])C([H])([H])C(=O)N([H])C([H])([H])C([H])([H])SC(=O)C([H])([H])[C:84](=[O:83])[O:86])O[C@@]1([H])N1:C([H]):N:C2:C(N([H])[H]):N:C([H]):N:C:2:1,EVODEX-P34970
EVODEX-N14634,>>[H]O[C@]1([H])[C@]([H])(OP(=O)(O[H])O[H])[C@@]([H])(C([H])([H])OP(=O)(O[H])OP(=O)(O[H])OC([H])([H])C(C([H])([H])[H])(C([H])([H])[H])[C@@]([H])(O[H])C(=O)N([H])C([H])([H])C([H])([H])C(=O)N([H])C([H])([H])C([H])([H])SC(=O)C([H])[H])O[C@@]1([H])N1:C([H]):N:C2:C(N([H])[H]):N:C([H]):N:C:2:1.[H]OP(=O)OP(=O)(O[H])OC([H])([H])[C@@]1([H])O[C@@]([H])(N2:C([H]):N:C3:C(N([H])[H]):N:C([H]):N:C:3:2)[C@]([H])(O[H])[C@]1([H])O[H],EVODEX-P34971
EVODEX-N14635,[H]O[C@]1([H])[C@]([H])(OP(=O)(O[H])O[H])[C@@]([H])(C([H])([H])OP(=O)(O[H])OP(=O)(O[H])OC([H])([H])C(C([H])([H])[H])(C([H])([H])[H])[C@@]([H])(O[H])C(=O)N([H])C([H])([H])C([H])([H])C(=O)N([H])C([H])([H])C([H])([H])SC(=O)C([H])([H])[C:52](=[O:53])[O:54])O[C@@]1([H])N1:C([H]):N:C2:C(N([H])[H]):N:C([H]):N:C:2:1>>[H]O[C:52](=[O:53])[O:54],EVODEX-P34974
EVODEX-N14636,[H]O[C@]1([H])[C@]([H])(OP(=O)(O[H])O[H])[C@@]([H])(C([H])([H])OP(=O)(O[H])OP(=O)(O[H])OC([H])([H])C(C([H])([H])[H])(C([H])([H])[H])[C@@]([H])(O[H])C(=O)N([H])C([H])([H])C([H])([H])C(=O)N([H])C([H])([H])C([H])([H])SC(=O)C([H])([H])[C:52](=[O:53])[O:54])O[C@@]1([H])N1:C([H]):N:C2:C(N([H])[H]):N:C([H]):N:C:2:1.[O:73][P:74](=[O:75])([O:76][H:134])[O:77].[H][O:84][P:83]>>[C:52](=[O:53])([O:54])[O:76][H:134].[O:73][P:74](=[O:75])([O:77])[O:84][P:83],EVODEX-P34975
EVODEX-N14637,[H]O[C@]1([H])[C@]([H])(OP(=O)(O[H])O[H])[C@@]([H])(C([H])([H])OP(=O)(O[H])OP(=O)(O[H])OC([H])([H])C(C([H])([H])[H])(C([H])([H])[H])[C@@]([H])(O[H])C(=O)N([H])C([H])([H])C([H])([H])C(=O)N([H])C([H])([H])C([H])([H])SC(=O)C([H])([H])[C:52](=[O:53])[O:54])O[C@@]1([H])N1:C([H]):N:C2:C(N([H])[H]):N:C([H]):N:C:2:1.[H][O:84][P:83]>>[H]O[C:52](=[O:53])[O:54].[H]O[C@@]1([H])[C@@]([H])(O[H])[C@]([H])(N2:C([H]):N:C3:C(N([H])[H]):N:C([H]):N:C:3:2)O[C@]1([H])C([H])([H])OP(=O)(O[H])OP(=O)(O[H])[O:84][P:83],EVODEX-P34978
EVODEX-N14638,[H]O[C@]1([H])[C@]([H])(OP(=O)(O[H])O[H])[C@@]([H])(C([H])([H])OP(=O)(O[H])OP(=O)(O[H])OC([H])([H])C(C([H])([H])[H])(C([H])([H])[H])[C@@]([H])(O[H])C(=O)N([H])C([H])([H])C([H])([H])C(=O)N([H])C([H])([H])C([H])([H])SC(=O)C([H])([H])[C:52](=[O:53])[O:54])O[C@@]1([H])N1:C([H]):N:C2:C(N([H])[H]):N:C([H]):N:C:2:1.[H]O[C@@]1([H])[C@@]([H])(O[H])[C@]([H])(N2:C([H]):N:C3:C(N([H])[H]):N:C([H]):N:C:3:2)O[C@]1([H])C([H])([H])OP(=O)(O[H])OP(=O)(O[H])[O:76][H:134]>>[C:52](=[O:53])([O:54])[O:76][H:134],EVODEX-P34980
EVODEX-N14639,[H]O[C@]1([H])[C@]([H])(OP(=O)(O[H])O[H])[C@@]([H])(C([H])([H])OP(=O)(O[H])OP(=O)(O[H])OC([H])([H])C(C([H])([H])[H])(C([H])([H])[H])[C@@]([H])(O[H])C(=O)N([H])C([H])([H])C([H])([H])C(=O)N([H])C([H])([H])C([H])([H])SC(=O)C([H])([H])[C:52](=[O:53])[O:54])O[C@@]1([H])N1:C([H]):N:C2:C(N([H])[H]):N:C([H]):N:C:2:1.[P:74][O:76][H:134]>>[C:52](=[O:53])([O:54])[O:76][H:134].[H]OP(=O)(O[H])O[P:74],EVODEX-P34983
EVODEX-N14640,[O:71][P:72](=[O:73])([O:74])[O:75].[C:85][O:86][H:144]>>[H]O[C@]1([H])[C@]([H])(OP(=O)(O[H])O[H])[C@@]([H])(C([H])([H])OP(=O)(O[H])OP(=O)(O[H])OC([H])([H])C(C([H])([H])[H])(C([H])([H])[H])[C@@]([H])(O[H])C(=O)N([H])C([H])([H])C([H])([H])C(=O)N([H])C([H])([H])C([H])([H])SC(=O)[C@@]([H])(C([H])([H])[H])[C:85])O[C@@]1([H])N1:C([H]):N:C2:C(N([H])[H]):N:C([H]):N:C:2:1.[O:71][P:72](=[O:73])([O:74])[O:86][H:144].[H][O:75],EVODEX-P34992
EVODEX-N14641,[H]OP(=O)(O[H])O[P:72]([O:71])(=[O:73])[O:74].[C:85][O:86][H:144]>>[H]O[C@]1([H])[C@]([H])(OP(=O)(O[H])O[H])[C@@]([H])(C([H])([H])OP(=O)(O[H])OP(=O)(O[H])OC([H])([H])C(C([H])([H])[H])(C([H])([H])[H])[C@@]([H])(O[H])C(=O)N([H])C([H])([H])C([H])([H])C(=O)N([H])C([H])([H])C([H])([H])SC(=O)[C@@]([H])(C([H])([H])[H])[C:85])O[C@@]1([H])N1:C([H]):N:C2:C(N([H])[H]):N:C([H]):N:C:2:1.[O:71][P:72](=[O:73])([O:74])[O:86][H:144],EVODEX-P34994
EVODEX-N14642,[H]O[C@@]1([H])[C@@]([H])(O[H])[C@]([H])(N2:C([H]):N:C3:C(N([H])[H]):N:C([H]):N:C:3:2)O[C@]1([H])C([H])([H])OP(=O)(O[H])OP(=O)(O[H])[O:75][P:76].[H]O[C:85](=[O:84])[O:87]>>[H]O[C@]1([H])[C@]([H])(OP(=O)(O[H])O[H])[C@@]([H])(C([H])([H])OP(=O)(O[H])OP(=O)(O[H])OC([H])([H])C(C([H])([H])[H])(C([H])([H])[H])[C@@]([H])(O[H])C(=O)N([H])C([H])([H])C([H])([H])C(=O)N([H])C([H])([H])C([H])([H])SC(=O)[C@@]([H])(C([H])([H])[H])[C:85](=[O:84])[O:87])O[C@@]1([H])N1:C([H]):N:C2:C(N([H])[H]):N:C([H]):N:C:2:1.[H][O:75][P:76],EVODEX-P34995
EVODEX-N14643,[H]O[C:85](=[O:84])[O:87]>>[H]O[C@]1([H])[C@]([H])(OP(=O)(O[H])O[H])[C@@]([H])(C([H])([H])OP(=O)(O[H])OP(=O)(O[H])OC([H])([H])C(C([H])([H])[H])(C([H])([H])[H])[C@@]([H])(O[H])C(=O)N([H])C([H])([H])C([H])([H])C(=O)N([H])C([H])([H])C([H])([H])SC(=O)[C@@]([H])(C([H])([H])[H])[C:85](=[O:84])[O:87])O[C@@]1([H])N1:C([H]):N:C2:C(N([H])[H]):N:C([H]):N:C:2:1,EVODEX-P34996
EVODEX-N14644,>>[H]O[C@]1([H])[C@]([H])(OP(=O)(O[H])O[H])[C@@]([H])(C([H])([H])OP(=O)(O[H])OP(=O)(O[H])OC([H])([H])C(C([H])([H])[H])(C([H])([H])[H])[C@@]([H])(O[H])C(=O)N([H])C([H])([H])C([H])([H])C(=O)N([H])C([H])([H])C([H])([H])SC(=O)C([H])C([H])([H])[H])O[C@@]1([H])N1:C([H]):N:C2:C(N([H])[H]):N:C([H]):N:C:2:1.[H]OP(=O)OP(=O)(O[H])OC([H])([H])[C@@]1([H])O[C@@]([H])(N2:C([H]):N:C3:C(N([H])[H]):N:C([H]):N:C:3:2)[C@]([H])(O[H])[C@]1([H])O[H],EVODEX-P34997
EVODEX-N14645,[O:53]=[C:54]=[O:55]>>[H]O[C@]1([H])[C@]([H])(OP(=O)(O[H])O[H])[C@@]([H])(C([H])([H])OP(=O)(O[H])OP(=O)(O[H])OC([H])([H])C(C([H])([H])[H])(C([H])([H])[H])[C@@]([H])(O[H])C(=O)N([H])C([H])([H])C([H])([H])C(=O)N([H])C([H])([H])C([H])([H])SC(=O)[C@@]([H])(C([H])([H])[H])[C:54]([O:53][H])=[O:55])O[C@@]1([H])N1:C([H]):N:C2:C(N([H])[H]):N:C([H]):N:C:2:1,EVODEX-P34999
EVODEX-N14646,[O:73][P:74](=[O:75])([O:76])[O:77].[C:87][O:89][H:149]>>[H]O[C@]1([H])[C@]([H])(OP(=O)(O[H])O[H])[C@@]([H])(C([H])([H])OP(=O)(O[H])OP(=O)(O[H])OC([H])([H])C(C([H])([H])[H])(C([H])([H])[H])[C@@]([H])(O[H])C(=O)N([H])C([H])([H])C([H])([H])C(=O)N([H])C([H])([H])C([H])([H])SC(=O)C([H])=C(C([H])([H])[H])C([H])([H])[C:87])O[C@@]1([H])N1:C([H]):N:C2:C(N([H])[H]):N:C([H]):N:C:2:1.[O:73][P:74](=[O:75])([O:76])[O:89][H:149].[H][O:77],EVODEX-P35008
EVODEX-N14647,[H]OP(=O)(O[H])O[P:74]([O:73])(=[O:75])[O:76].[C:87][O:89][H:149]>>[H]O[C@]1([H])[C@]([H])(OP(=O)(O[H])O[H])[C@@]([H])(C([H])([H])OP(=O)(O[H])OP(=O)(O[H])OC([H])([H])C(C([H])([H])[H])(C([H])([H])[H])[C@@]([H])(O[H])C(=O)N([H])C([H])([H])C([H])([H])C(=O)N([H])C([H])([H])C([H])([H])SC(=O)C([H])=C(C([H])([H])[H])C([H])([H])[C:87])O[C@@]1([H])N1:C([H]):N:C2:C(N([H])[H]):N:C([H]):N:C:2:1.[O:73][P:74](=[O:75])([O:76])[O:89][H:149],EVODEX-P35010
EVODEX-N14648,[H]O[C@@]1([H])[C@@]([H])(O[H])[C@]([H])(N2:C([H]):N:C3:C(N([H])[H]):N:C([H]):N:C:3:2)O[C@]1([H])C([H])([H])OP(=O)(O[H])OP(=O)(O[H])[O:77][P:78].[H]O[C:87](=[O:86])[O:88]>>[H]O[C@]1([H])[C@]([H])(OP(=O)(O[H])O[H])[C@@]([H])(C([H])([H])OP(=O)(O[H])OP(=O)(O[H])OC([H])([H])C(C([H])([H])[H])(C([H])([H])[H])[C@@]([H])(O[H])C(=O)N([H])C([H])([H])C([H])([H])C(=O)N([H])C([H])([H])C([H])([H])SC(=O)C([H])=C(C([H])([H])[H])C([H])([H])[C:87](=[O:86])[O:88])O[C@@]1([H])N1:C([H]):N:C2:C(N([H])[H]):N:C([H]):N:C:2:1.[H][O:77][P:78],EVODEX-P35011
EVODEX-N14649,[H]O[C:87](=[O:86])[O:88]>>[H]O[C@]1([H])[C@]([H])(OP(=O)(O[H])O[H])[C@@]([H])(C([H])([H])OP(=O)(O[H])OP(=O)(O[H])OC([H])([H])C(C([H])([H])[H])(C([H])([H])[H])[C@@]([H])(O[H])C(=O)N([H])C([H])([H])C([H])([H])C(=O)N([H])C([H])([H])C([H])([H])SC(=O)C([H])=C(C([H])([H])[H])C([H])([H])[C:87](=[O:86])[O:88])O[C@@]1([H])N1:C([H]):N:C2:C(N([H])[H]):N:C([H]):N:C:2:1,EVODEX-P35012
EVODEX-N14650,>>[H]O[C@]1([H])[C@]([H])(OP(=O)(O[H])O[H])[C@@]([H])(C([H])([H])OP(=O)(O[H])OP(=O)(O[H])OC([H])([H])C(C([H])([H])[H])(C([H])([H])[H])[C@@]([H])(O[H])C(=O)N([H])C([H])([H])C([H])([H])C(=O)N([H])C([H])([H])C([H])([H])SC(=O)C([H])=C(C([H])[H])C([H])([H])[H])O[C@@]1([H])N1:C([H]):N:C2:C(N([H])[H]):N:C([H]):N:C:2:1.[H]OP(=O)OP(=O)(O[H])OC([H])([H])[C@@]1([H])O[C@@]([H])(N2:C([H]):N:C3:C(N([H])[H]):N:C([H]):N:C:3:2)[C@]([H])(O[H])[C@]1([H])O[H],EVODEX-P35013
EVODEX-N14651,[H][C:8]([C:7])([H:106])[H:107].[H]OP(=O)(O[H])[O:82][P:79].[H]O[C:92](=[O:91])[O:93]>>[C:7][C:8]([C:92](=[O:91])[O:93])([H:106])[H:107].[H][O:82][P:79],EVODEX-P35015
EVODEX-N14652,[H][C:8]([C:7])([H:106])[H:107].[H]O[C@@]1([H])[C@@]([H])(O[H])[C@]([H])(N2:C([H]):N:C3:C(N([H])[H]):N:C([H]):N:C:3:2)O[C@]1([H])C([H])([H])OP(=O)(O[H])OP(=O)(O[H])O[P:83](=[O:84])([O:85])[O:86].[O:91]=[C:92]([O:93])[O:94][H:162]>>[C:7][C:8]([C:92](=[O:91])[O:93])([H:106])[H:107].[P:83](=[O:84])([O:85])([O:86])[O:94][H:162],EVODEX-P35018
EVODEX-N14653,[H][C:8]([C:7])([H:106])[H:107].[O:91]=[C:92]([O:93])[O:94]>>[C:7][C:8]([C:92](=[O:91])[O:93])([H:106])[H:107].[H]OP(=O)(O[H])[O:94],"EVODEX-P35019,EVODEX-P35030"
EVODEX-N14654,>>[H]O[C@]1([H])[C@]([H])(OP(=O)(O[H])O[H])[C@@]([H])(C([H])([H])OP(=O)(O[H])OP(=O)(O[H])OC([H])([H])C(C([H])([H])[H])(C([H])([H])[H])[C@@]([H])(O[H])C(=O)N([H])C([H])([H])C([H])([H])C(=O)N([H])C([H])([H])C([H])([H])SC(=O)/C([H])=C(\C([H])[H])C([H])([H])C([H])([H])C([H])=C(C([H])([H])[H])C([H])([H])[H])O[C@@]1([H])N1:C([H]):N:C2:C(N([H])[H]):N:C([H]):N:C:2:1.[H]OP(=O)O[H],EVODEX-P35021
EVODEX-N14655,[H][C:8]([C:7])([H:106])[H:107].[H]OP(=O)(O[H])[O:82][P:79]>>[H]OC(=O)[C:8]([C:7])([H:106])[H:107].[H][O:82][P:79],EVODEX-P35022
EVODEX-N14656,[O:82][P:83](=[O:84])([O:85])[O:86].[C:92][O:94][H:162]>>[H]O[C@]1([H])[C@]([H])(OP(=O)(O[H])O[H])[C@@]([H])(C([H])([H])OP(=O)(O[H])OP(=O)(O[H])OC([H])([H])C(C([H])([H])[H])(C([H])([H])[H])[C@@]([H])(O[H])C(=O)N([H])C([H])([H])C([H])([H])C(=O)N([H])C([H])([H])C([H])([H])SC(=O)/C([H])=C(/C([H])([H])C([H])([H])C([H])=C(C([H])([H])[H])C([H])([H])[H])C([H])([H])[C:92])O[C@@]1([H])N1:C([H]):N:C2:C(N([H])[H]):N:C([H]):N:C:2:1.[H][O:82].[P:83](=[O:84])([O:85])([O:86])[O:94][H:162],EVODEX-P35023
EVODEX-N14657,[H]O[C@@]1([H])[C@@]([H])(O[H])[C@]([H])(N2:C([H]):N:C3:C(N([H])[H]):N:C([H]):N:C:3:2)O[C@]1([H])C([H])([H])OP(=O)(O[H])OP(=O)(O[H])O[P:83](=[O:84])([O:85])[O:86].[H]OC(=O)[O:94][H:162]>>[P:83](=[O:84])([O:85])([O:86])[O:94][H:162],EVODEX-P35024
EVODEX-N14658,[H][C:8]([C:7])([H:106])[H:107].[H]O[C@@]1([H])[C@@]([H])(O[H])[C@]([H])(N2:C([H]):N:C3:C(N([H])[H]):N:C([H]):N:C:3:2)O[C@]1([H])C([H])([H])OP(=O)(O[H])OP(=O)(O[H])O[P:83](=[O:84])([O:85])[O:86]>>[H]OC(=O)[C:8]([C:7])([H:106])[H:107].[H]O[P:83](=[O:84])([O:85])[O:86],EVODEX-P35025
EVODEX-N14659,[H]OP(=O)(O[H])[O:82][P:79].[H]O[C:92](=[O:91])[O:93]>>[H]O[C@]1([H])[C@]([H])(OP(=O)(O[H])O[H])[C@@]([H])(C([H])([H])OP(=O)(O[H])OP(=O)(O[H])OC([H])([H])C(C([H])([H])[H])(C([H])([H])[H])[C@@]([H])(O[H])C(=O)N([H])C([H])([H])C([H])([H])C(=O)N([H])C([H])([H])C([H])([H])SC(=O)/C([H])=C(/C([H])([H])C([H])([H])C([H])=C(C([H])([H])[H])C([H])([H])[H])C([H])([H])[C:92](=[O:91])[O:93])O[C@@]1([H])N1:C([H]):N:C2:C(N([H])[H]):N:C([H]):N:C:2:1.[H][O:82][P:79],EVODEX-P35026
EVODEX-N14660,[H]O[C@@]1([H])[C@@]([H])(O[H])[C@]([H])(N2:C([H]):N:C3:C(N([H])[H]):N:C([H]):N:C:3:2)O[C@]1([H])C([H])([H])OP(=O)(O[H])OP(=O)(O[H])O[P:83](=[O:84])([O:85])[O:86].[C:92][O:94][H:162]>>[H]O[C@]1([H])[C@]([H])(OP(=O)(O[H])O[H])[C@@]([H])(C([H])([H])OP(=O)(O[H])OP(=O)(O[H])OC([H])([H])C(C([H])([H])[H])(C([H])([H])[H])[C@@]([H])(O[H])C(=O)N([H])C([H])([H])C([H])([H])C(=O)N([H])C([H])([H])C([H])([H])SC(=O)/C([H])=C(/C([H])([H])C([H])([H])C([H])=C(C([H])([H])[H])C([H])([H])[H])C([H])([H])[C:92])O[C@@]1([H])N1:C([H]):N:C2:C(N([H])[H]):N:C([H]):N:C:2:1.[P:83](=[O:84])([O:85])([O:86])[O:94][H:162],EVODEX-P35027
EVODEX-N14661,[H]O[C:92](=[O:91])[O:93]>>[H]O[C@]1([H])[C@]([H])(OP(=O)(O[H])O[H])[C@@]([H])(C([H])([H])OP(=O)(O[H])OP(=O)(O[H])OC([H])([H])C(C([H])([H])[H])(C([H])([H])[H])[C@@]([H])(O[H])C(=O)N([H])C([H])([H])C([H])([H])C(=O)N([H])C([H])([H])C([H])([H])SC(=O)/C([H])=C(/C([H])([H])C([H])([H])C([H])=C(C([H])([H])[H])C([H])([H])[H])C([H])([H])[C:92](=[O:91])[O:93])O[C@@]1([H])N1:C([H]):N:C2:C(N([H])[H]):N:C([H]):N:C:2:1,EVODEX-P35028
EVODEX-N14662,[H]OC(=O)[O:94][H:162]>>[H]OP(=O)(O[H])[O:94][H:162],EVODEX-P35029
EVODEX-N14663,>>[H]O[C@]1([H])[C@]([H])(OP(=O)(O[H])O[H])[C@@]([H])(C([H])([H])OP(=O)(O[H])OP(=O)(O[H])OC([H])([H])C(C([H])([H])[H])(C([H])([H])[H])[C@@]([H])(O[H])C(=O)N([H])C([H])([H])C([H])([H])C(=O)N([H])C([H])([H])C([H])([H])SC(=O)C([H])=C(C([H])[H])C([H])([H])[H])O[C@@]1([H])N1:C([H]):N:C2:C(N([H])[H]):N:C([H]):N:C:2:1.[H]OP(=O)O[H],EVODEX-P35031
EVODEX-N14664,[O:19][P:20](=[O:21])([O:22])[O:23].[C:43][O:44][H:68]>>[O:19][P:20](=[O:21])([O:22])[O:44][H:68].[H]OC(=O)C(=O)C([H])(C([H])([H])C(=O)O[H])[C:43].[H][O:23],EVODEX-P35035
EVODEX-N14665,[H]O[C:43](=[O:42])[O:45]>>[H]OC(=O)C(=O)C([H])(C([H])([H])C(=O)O[H])[C:43](=[O:42])[O:45],EVODEX-P35037
EVODEX-N14666,[H]OP(=O)(O[H])O[P:20]([O:19])(=[O:21])[O:22].[C:43][O:44][H:68]>>[O:19][P:20](=[O:21])([O:22])[O:44][H:68].[H]OC(=O)C(=O)C([H])(C([H])([H])C(=O)O[H])[C:43],EVODEX-P35038
EVODEX-N14667,[H]O[C@@]1([H])[C@@]([H])(O[H])[C@]([H])(N2:C([H]):N:C3:C(N([H])[H]):N:C([H]):N:C:3:2)O[C@]1([H])C([H])([H])OP(=O)(O[H])OP(=O)(O[H])[O:23][P:24].[H]O[C:43](=[O:42])[O:45]>>[H]OC(=O)C(=O)C([H])(C([H])([H])C(=O)O[H])[C:43](=[O:42])[O:45].[H][O:23][P:24],EVODEX-P35039
EVODEX-N14668,>>[H]OP(=O)OP(=O)(O[H])OC([H])([H])[C@@]1([H])O[C@@]([H])(N2:C([H]):N:C3:C(N([H])[H]):N:C([H]):N:C:3:2)[C@]([H])(O[H])[C@]1([H])O[H].[H]OC(=O)C(=O)C([H])C([H])([H])C(=O)O[H],EVODEX-P35045
EVODEX-N14669,[H]OP(=O)(O[H])OP(=O)(O[H])O[C:14]([C:13])([H:65])[H:66]>>[H]O[C@@]1([H])[C@@]([H])(O[H])[C@]([H])(N2:C([H]):N:C3:C(N([H])[H]):N:C([H]):N:C:3:2)O[C@]1([H])C([H])([H])OP(=O)(O[H])OP(=O)(O[H])OP(=O)(O[H])O[C:14]([C:13])([H:65])[H:66],"EVODEX-P35049,EVODEX-P35055"
EVODEX-N14670,[H][O:51][P:49]>>[H]O[C@@]1([H])[C@@]([H])(O[H])[C@]([H])(N2:C([H]):C([H]):C(N([H])[H]):N:C:2=O)O[C@]1([H])C([H])([H])[O:51][P:49],EVODEX-P35054
EVODEX-N14671,[H]OP(=O)(O[H])OP(=O)(O[H])O[P:48]([O:47])(=[O:49])[O:50]>>[H]N=C1:N([H]):C(=O):C2:N:C([H]):N([C@]3([H])O[C@]([H])(C([H])([H])OP(=O)(O[H])OP(=O)(O[H])OP(=O)(O[H])O[P:48]([O:47])(=[O:49])[O:50])[C@@]([H])(O[H])[C@@]3([H])O[H]):C:2:N:1[H],EVODEX-P35060
